data/hydroclimate-scenarios/BCSD_hadcm_B1/monthly_summaries/soilm1_monthly_day1_mar.2070-2099.asc
ncols	311
nrows	91
xllcenter	102.75
yllcenter	31.75
cellsize	0.5
NODATA_value	-9999
[rows 0 to 31 of 91, columns 213 to 283 of 311]
-9999 -9999 -9999 -9999 -9999 -9999 -9999 -9999 -9999 -9999 -9999 -9999 -9999 -9999 -9999 -9999 -9999 -9999 -9999 -9999 -9999 -9999 -9999 -9999 -9999 -9999 -9999 -9999 -9999 -9999 -9999 -9999 -9999 -9999 -9999 -9999 -9999 -9999 -9999 -9999 -9999 -9999 -9999 -9999 -9999 -9999 -9999 -9999 -9999 -9999 -9999 -9999 -9999 -9999 -9999 -9999 -9999 -9999 -9999 -9999 -9999 -9999 -9999 -9999 -9999 -9999 -9999 -9999 -9999 -9999 -9999
-9999 -9999 -9999 -9999 -9999 -9999 -9999 -9999 -9999 -9999 -9999 -9999 -9999 -9999 -9999 -9999 -9999 -9999 -9999 -9999 -9999 -9999 -9999 -9999 -9999 -9999 -9999 -9999 -9999 -9999 -9999 -9999 -9999 -9999 -9999 -9999 -9999 -9999 -9999 -9999 -9999 -9999 -9999 -9999 -9999 -9999 -9999 -9999 -9999 -9999 -9999 -9999 -9999 -9999 -9999 -9999 -9999 -9999 -9999 -9999 -9999 -9999 -9999 -9999 -9999 -9999 -9999 -9999 -9999 -9999 -9999
-9999 -9999 -9999 -9999 -9999 -9999 -9999 -9999 -9999 -9999 -9999 -9999 -9999 -9999 -9999 -9999 -9999 -9999 -9999 -9999 -9999 -9999 -9999 -9999 -9999 -9999 -9999 -9999 -9999 -9999 -9999 -9999 -9999 -9999 -9999 -9999 -9999 -9999 -9999 -9999 -9999 -9999 -9999 -9999 -9999 -9999 -9999 -9999 -9999 -9999 -9999 -9999 -9999 -9999 -9999 -9999 -9999 -9999 -9999 -9999 -9999 -9999 -9999 -9999 -9999 -9999 -9999 -9999 -9999 -9999 -9999
-9999 -9999 -9999 -9999 -9999 -9999 -9999 -9999 -9999 -9999 -9999 -9999 -9999 -9999 -9999 -9999 -9999 -9999 -9999 -9999 -9999 -9999 -9999 -9999 -9999 -9999 -9999 -9999 -9999 -9999 -9999 -9999 -9999 -9999 -9999 -9999 -9999 -9999 -9999 -9999 -9999 -9999 -9999 -9999 -9999 -9999 -9999 -9999 -9999 -9999 -9999 -9999 -9999 -9999 -9999 -9999 -9999 -9999 -9999 -9999 -9999 -9999 -9999 -9999 -9999 -9999 -9999 -9999 -9999 -9999 -9999
-9999 -9999 -9999 -9999 -9999 -9999 -9999 -9999 -9999 -9999 -9999 -9999 -9999 -9999 -9999 -9999 -9999 -9999 -9999 -9999 -9999 -9999 -9999 -9999 -9999 -9999 -9999 -9999 -9999 -9999 -9999 -9999 -9999 -9999 -9999 -9999 -9999 -9999 -9999 -9999 -9999 -9999 -9999 -9999 -9999 -9999 -9999 -9999 -9999 -9999 -9999 -9999 -9999 -9999 -9999 -9999 -9999 -9999 -9999 -9999 -9999 -9999 -9999 -9999 -9999 -9999 -9999 -9999 -9999 -9999 -9999
-9999 -9999 -9999 -9999 -9999 -9999 -9999 -9999 -9999 -9999 -9999 -9999 -9999 -9999 -9999 -9999 -9999 -9999 -9999 -9999 -9999 -9999 -9999 -9999 -9999 -9999 -9999 -9999 -9999 -9999 -9999 -9999 -9999 -9999 -9999 -9999 -9999 -9999 -9999 -9999 -9999 -9999 -9999 -9999 -9999 -9999 -9999 -9999 -9999 -9999 -9999 -9999 -9999 -9999 -9999 -9999 -9999 -9999 -9999 -9999 -9999 -9999 -9999 -9999 -9999 -9999 -9999 -9999 -9999 -9999 -9999
-9999 -9999 -9999 -9999 -9999 -9999 -9999 -9999 -9999 -9999 -9999 -9999 -9999 -9999 -9999 -9999 -9999 -9999 -9999 -9999 -9999 -9999 -9999 -9999 -9999 -9999 -9999 -9999 -9999 -9999 -9999 -9999 -9999 -9999 -9999 -9999 -9999 -9999 -9999 -9999 -9999 -9999 -9999 -9999 -9999 -9999 -9999 -9999 -9999 -9999 -9999 -9999 -9999 -9999 -9999 -9999 -9999 -9999 -9999 -9999 -9999 -9999 -9999 -9999 -9999 -9999 -9999 -9999 -9999 -9999 -9999
-9999 -9999 -9999 -9999 -9999 -9999 -9999 -9999 -9999 -9999 -9999 -9999 -9999 -9999 -9999 -9999 -9999 -9999 -9999 -9999 -9999 -9999 -9999 -9999 -9999 -9999 -9999 -9999 -9999 -9999 -9999 -9999 -9999 -9999 -9999 -9999 -9999 -9999 -9999 -9999 -9999 -9999 -9999 -9999 -9999 -9999 -9999 -9999 -9999 -9999 -9999 -9999 -9999 -9999 -9999 -9999 -9999 -9999 -9999 -9999 -9999 -9999 -9999 -9999 -9999 -9999 -9999 -9999 -9999 -9999 -9999
-9999 -9999 -9999 -9999 -9999 -9999 -9999 -9999 -9999 -9999 -9999 -9999 -9999 -9999 -9999 -9999 -9999 -9999 -9999 -9999 -9999 -9999 -9999 -9999 -9999 -9999 -9999 -9999 -9999 -9999 -9999 -9999 -9999 -9999 -9999 -9999 -9999 -9999 -9999 -9999 -9999 -9999 -9999 -9999 -9999 -9999 -9999 -9999 -9999 -9999 -9999 -9999 -9999 -9999 -9999 -9999 -9999 -9999 -9999 -9999 -9999 -9999 -9999 -9999 -9999 -9999 -9999 -9999 -9999 -9999 -9999
-9999 -9999 -9999 -9999 -9999 -9999 -9999 -9999 -9999 -9999 -9999 -9999 -9999 -9999 -9999 -9999 -9999 -9999 -9999 -9999 -9999 -9999 -9999 -9999 -9999 -9999 -9999 -9999 -9999 -9999 -9999 -9999 -9999 -9999 -9999 -9999 -9999 -9999 -9999 -9999 -9999 -9999 -9999 -9999 -9999 -9999 -9999 -9999 -9999 -9999 -9999 -9999 -9999 -9999 -9999 -9999 -9999 -9999 -9999 -9999 -9999 -9999 -9999 -9999 -9999 -9999 -9999 -9999 -9999 -9999 -9999
-9999 -9999 -9999 -9999 -9999 -9999 -9999 -9999 -9999 -9999 -9999 -9999 -9999 -9999 -9999 -9999 -9999 -9999 -9999 -9999 -9999 -9999 -9999 -9999 -9999 -9999 -9999 -9999 -9999 -9999 -9999 -9999 -9999 -9999 -9999 -9999 -9999 -9999 -9999 -9999 -9999 -9999 -9999 -9999 -9999 -9999 -9999 -9999 -9999 -9999 -9999 -9999 -9999 -9999 -9999 -9999 -9999 -9999 -9999 -9999 -9999 -9999 -9999 -9999 -9999 -9999 -9999 -9999 -9999 -9999 -9999
-9999 -9999 -9999 -9999 -9999 -9999 -9999 -9999 -9999 -9999 -9999 -9999 -9999 -9999 -9999 -9999 -9999 -9999 -9999 -9999 -9999 -9999 -9999 -9999 -9999 -9999 -9999 -9999 -9999 -9999 -9999 -9999 -9999 -9999 -9999 -9999 -9999 -9999 -9999 -9999 -9999 -9999 -9999 -9999 -9999 -9999 -9999 -9999 -9999 -9999 -9999 -9999 -9999 -9999 -9999 -9999 -9999 -9999 -9999 -9999 -9999 -9999 -9999 -9999 -9999 -9999 -9999 -9999 -9999 -9999 -9999
-9999 -9999 -9999 -9999 -9999 -9999 -9999 -9999 -9999 -9999 -9999 -9999 -9999 -9999 -9999 -9999 -9999 -9999 -9999 -9999 -9999 -9999 -9999 -9999 -9999 -9999 -9999 -9999 -9999 -9999 -9999 -9999 -9999 -9999 -9999 -9999 -9999 -9999 -9999 -9999 -9999 -9999 -9999 -9999 -9999 -9999 -9999 -9999 -9999 -9999 -9999 -9999 -9999 -9999 -9999 -9999 -9999 -9999 -9999 -9999 -9999 -9999 -9999 -9999 -9999 -9999 -9999 -9999 -9999 -9999 -9999
63.92340 63.92770 63.23990 63.11370 63.45600 63.04320 -9999 -9999 -9999 -9999 -9999 -9999 -9999 -9999 -9999 -9999 -9999 -9999 -9999 -9999 -9999 -9999 -9999 -9999 -9999 -9999 -9999 -9999 -9999 -9999 -9999 -9999 -9999 -9999 -9999 -9999 -9999 -9999 -9999 -9999 -9999 -9999 -9999 -9999 -9999 -9999 -9999 59.23170 -9999 -9999 -9999 -9999 -9999 -9999 -9999 -9999 -9999 -9999 -9999 -9999 -9999 -9999 -9999 -9999 -9999 -9999 -9999 -9999 -9999 -9999 -9999
62.60320 64.04360 65.10160 65.11640 64.62650 64.53920 58.18320 58.20170 60.08150 60.20250 55.33240 57.17200 56.82850 57.35410 56.12140 55.46450 54.20370 52.56730 65.94500 -9999 -9999 -9999 -9999 -9999 -9999 -9999 -9999 -9999 -9999 -9999 -9999 -9999 -9999 -9999 -9999 -9999 -9999 -9999 -9999 -9999 -9999 -9999 55.94380 51.32290 51.31090 49.99690 52.41910 54.34710 58.15730 -9999 -9999 -9999 61.18350 -9999 -9999 -9999 61.72620 61.86140 61.09790 -9999 -9999 -9999 -9999 -9999 -9999 -9999 -9999 -9999 -9999 -9999 -9999
61.51630 61.80510 56.28660 56.91910 56.05020 56.39080 51.11250 45.24470 51.06980 52.00120 52.00720 56.74180 56.46340 58.67210 59.66080 59.36310 57.73890 56.99380 52.06460 50.31330 50.52890 55.05300 59.42090 61.43870 59.52280 -9999 -9999 -9999 -9999 -9999 68.79670 68.21700 68.27720 64.12020 61.45020 60.62810 56.53840 56.38090 56.26380 56.52790 56.08060 56.64120 48.64370 49.49490 50.05400 51.59900 53.29190 54.77540 59.84540 60.51780 60.55160 60.87680 61.41110 61.62070 61.50780 61.49560 61.75870 61.55440 60.83410 60.90980 61.56820 61.68090 61.58770 61.79930 -9999 -9999 -9999 -9999 -9999 -9999 -9999
60.07530 61.97860 63.03470 64.03500 62.95310 63.36130 59.37720 60.94400 63.55300 64.87070 65.71840 65.77410 65.65180 67.23810 65.73050 66.45480 64.11880 63.42940 60.95310 60.92090 61.15680 59.28360 51.35010 63.46380 61.84540 62.80150 65.14020 60.60470 60.97420 60.50450 58.90730 69.31710 69.30670 69.47960 59.73600 58.54980 59.32940 58.50860 58.88220 59.09220 57.21760 57.50150 57.33690 56.90240 57.11400 57.63990 57.96370 58.64770 60.57990 61.17920 61.25940 61.39070 61.15820 61.20560 61.90040 61.93430 61.87810 62.11310 61.38850 61.33070 62.01110 61.99730 61.58440 61.23970 61.50420 61.56090 61.99220 61.89890 61.81810 61.82360 61.43980
66.47740 66.13610 66.95570 64.03940 65.34050 65.83840 67.43000 67.24590 67.66570 65.66070 61.88510 61.17280 63.63260 61.92760 59.38200 57.66390 60.83890 64.02390 69.18580 69.29520 69.18630 68.97660 70.47560 59.11880 51.60880 50.58260 56.73870 56.74140 57.50260 56.43280 51.40310 64.65580 70.12080 68.27260 60.44360 60.02860 60.46860 60.00720 59.93720 59.82340 58.90590 59.39140 59.54500 59.74150 59.03820 58.95990 58.48080 59.23710 61.04090 61.54110 61.40880 61.72020 61.32160 61.44680 62.01870 62.06700 62.16700 62.21620 61.61780 61.55360 62.18860 62.17390 61.37420 61.28600 61.68310 61.75630 61.97500 61.94710 61.89580 61.91110 61.82100
71.70480 71.16390 70.57910 70.71980 70.98610 70.05600 70.33940 63.34500 65.95700 67.72820 67.19560 67.57620 64.94490 71.87450 67.93270 74.97310 74.30030 72.96350 75.11070 76.74480 77.69330 77.93110 70.93920 53.33920 51.92790 51.31460 58.19180 49.22840 57.90480 51.60670 51.64500 54.16370 60.71630 64.94540 64.77730 64.74110 64.49160 68.31200 68.19080 68.01070 64.12930 64.42870 67.90460 67.93470 67.94770 68.24180 67.74540 63.31610 64.59120 63.70510 61.72140 61.90980 61.47090 61.54330 61.28210 61.29800 61.20570 61.37220 62.02020 62.01910 61.66050 65.73400 68.51160 69.49140 69.84620 69.31510 62.85020 61.66140 61.29600 61.37050 61.96360
77.65870 78.38490 78.00120 77.77090 76.58180 75.11840 74.41560 72.82100 71.96050 71.77700 71.68890 71.65900 71.40530 71.41320 71.91680 74.88930 76.86400 77.67430 78.71250 78.66700 77.98970 76.75200 70.70880 61.29030 50.13550 51.20460 52.42790 54.31060 57.76270 50.37490 56.74580 54.37200 55.86090 69.08040 73.36860 74.50480 74.56570 74.59140 74.44780 74.46200 74.51700 74.53080 74.33320 74.30660 74.35810 74.46050 74.36850 74.36200 74.58360 74.60960 74.28540 71.79480 69.56630 69.13060 64.98840 64.78950 65.47280 65.68840 68.96250 69.53130 71.32390 74.53490 74.58220 74.58960 74.60170 74.62360 73.92100 72.83790 70.98130 76.30110 77.22840
78.31150 78.26200 77.70400 73.52930 72.43900 72.49280 72.52840 72.45660 71.81790 71.58000 71.68370 71.65110 71.72370 73.32660 76.57260 76.77560 76.79740 77.93840 78.63250 77.84340 76.56650 73.52950 66.38200 64.34580 51.47400 50.31320 52.66970 52.75400 52.00660 50.12630 52.19940 58.55330 53.35160 52.59850 52.95240 58.54700 63.59590 67.95600 70.19270 71.31620 73.80440 73.99530 74.39200 74.43260 74.49600 74.58440 74.44590 74.43060 74.70110 74.71120 74.51460 74.52940 74.50880 74.56880 74.32000 74.41660 74.41910 74.43710 74.54680 74.55840 69.78610 74.69500 74.70290 74.71860 74.71680 74.70230 77.62940 77.35750 77.55770 77.58790 77.72400
75.93730 74.75260 75.06030 75.72320 75.73170 76.11960 76.75800 76.76540 76.37180 75.77780 75.44450 73.81780 72.21670 71.89900 73.68900 76.60550 76.91240 77.57630 78.82460 78.57790 75.76820 70.59140 56.68210 59.64640 62.18290 60.70350 56.10720 54.01250 51.86550 51.17920 48.10510 50.78660 51.31640 52.44600 53.11080 53.10830 53.20470 53.08370 53.31960 53.37870 54.76080 66.20050 76.26520 76.30670 74.48880 72.80600 70.93250 70.31650 75.56490 73.99440 73.59900 74.52360 74.58550 74.64930 74.43810 74.50960 74.53980 74.50890 74.49760 74.57280 74.15860 74.72340 74.71590 74.69480 74.73510 75.85170 77.61890 77.45550 77.60580 77.63400 77.75280
73.40100 73.45420 73.47600 73.03600 72.97120 74.50330 75.32730 75.98690 76.91440 77.93020 78.17270 77.92310 77.74330 74.04370 73.95660 76.25200 77.74800 76.22780 75.08660 73.63950 65.40370 59.55660 56.50440 57.97110 57.99090 63.02650 62.64800 63.86310 65.45640 62.34270 55.35850 54.26480 53.58610 55.00800 62.17750 64.51900 64.98580 64.92910 63.22190 62.13170 58.56660 59.54490 65.84390 73.87910 74.49280 75.43660 76.31310 75.51740 74.63160 74.45160 72.57180 71.22060 75.50420 73.61810 74.59000 74.57120 74.59770 74.70780 74.68360 74.84430 74.77950 74.65870 74.76750 74.72630 74.61120 75.73740 77.38590 77.40830 77.30100 77.31650 77.43700
73.66960 72.81220 72.91270 72.64080 72.75320 73.48260 73.38010 73.49640 73.16530 74.38150 78.16180 79.64110 69.11540 66.88460 67.54410 68.29180 66.09400 78.03000 77.28510 74.85100 70.45220 57.93900 57.71990 57.60920 56.56580 56.49480 55.98030 56.45630 57.92680 59.91120 63.47290 66.33610 64.24150 62.59260 58.81000 58.62730 57.80600 60.03200 64.72030 65.31000 64.48360 65.64130 68.45930 69.15830 69.46030 69.64500 70.76360 72.08340 73.53950 74.54100 76.14030 76.55150 75.31820 71.34470 75.39200 74.45420 74.53980 73.09410 74.77610 74.62990 74.53510 74.61990 74.66790 74.63520 74.50180 74.46810 77.64970 77.36180 77.21860 77.20270 77.38540
78.10250 77.21060 75.86950 74.85900 72.50740 73.10890 72.99120 72.42850 74.52620 75.64880 77.49220 79.57620 77.57780 77.36480 75.20500 76.63840 71.61940 74.97310 76.03330 78.36920 76.11520 67.79010 66.44440 66.21500 50.46660 50.71030 50.70300 52.09850 53.68500 53.79510 53.00920 52.69280 53.33690 52.72720 52.62790 54.14350 54.74230 56.65200 57.30130 59.89850 59.20030 61.20990 65.08350 65.21510 65.06150 65.57980 66.94160 68.81230 70.57830 71.34150 71.36160 73.84820 76.39370 75.87980 69.68140 74.32890 74.41160 74.54410 74.70930 74.72970 74.54590 74.43680 74.33500 74.16200 74.47330 74.58950 74.55010 77.85670 77.61880 77.46140 77.48640
78.61010 75.89480 70.88290 66.86930 72.39330 68.29330 67.13680 65.53260 65.79860 68.69890 68.04950 66.42880 66.09650 67.33440 73.94090 77.48490 77.11500 76.26470 77.75760 76.49750 75.60790 75.56720 70.24100 69.61800 67.56230 66.74280 65.62070 50.33280 52.03540 52.73070 54.82930 53.62110 52.64700 54.22880 52.91280 53.94720 55.40540 58.31220 58.84790 59.47840 61.13400 57.26540 65.32770 66.46760 67.70060 67.76640 68.72340 69.24920 70.18390 71.07410 71.05370 71.38850 72.61670 75.92200 74.82500 70.02410 73.59150 74.39100 74.55420 74.65150 74.44620 74.46050 74.38680 74.29980 74.30360 74.39520 74.84850 74.70500 75.97360 77.66810 77.68830
67.32500 65.71270 66.86900 71.09520 69.48040 78.72790 78.49060 77.57270 72.27360 77.63320 78.14930 74.35240 72.63590 68.48440 73.55440 79.90600 74.94560 69.03190 73.49120 74.88870 74.27050 73.46260 72.14340 72.76530 72.66940 73.12240 71.51960 70.82080 70.68760 72.90180 68.13160 60.96980 58.03390 59.33270 63.50730 63.72740 59.91320 62.81000 62.30340 63.93760 65.45740 67.39530 66.91950 67.45740 67.34470 68.43780 69.88920 69.28680 69.11690 70.37060 70.44380 71.15370 71.08080 72.35520 76.42900 70.76050 74.77120 74.54950 74.43390 74.50210 74.32680 74.35660 74.53950 74.44730 74.58120 74.67880 74.87570 74.86500 74.94290 75.47400 77.65200
64.78130 63.91460 65.64740 78.31940 76.46450 76.09940 78.99220 79.04400 78.57030 78.45300 78.39050 76.41390 77.39410 78.68440 78.02570 74.10060 75.61790 76.09670 74.70920 74.05100 76.40380 75.73120 74.36920 74.14600 72.56360 66.48390 63.72940 64.27320 65.18140 66.09730 63.60410 60.75450 60.37280 63.40700 58.31480 58.82220 62.12230 63.71880 64.24230 64.11480 63.76220 62.84250 66.04020 69.66780 70.21690 69.80280 69.80040 70.13980 70.16680 70.53830 70.22140 70.53170 70.77430 70.95890 75.11470 70.30340 70.20040 74.51760 74.52660 74.45480 74.28610 73.92820 74.34010 74.57770 74.59800 74.63040 74.81890 74.92380 74.99790 74.30010 77.04720
64.82110 66.81240 65.49500 67.46730 65.11430 64.74440 65.72380 70.50480 77.32130 78.83250 78.95470 78.97620 69.90680 67.46410 64.96030 64.73510 64.74820 63.74670 67.52660 68.72580 70.35660 72.89050 70.50640 67.95640 58.02590 52.01250 59.31880 61.01810 61.19940 63.83660 65.01460 63.51520 59.55910 55.82620 56.83730 61.12850 65.76060 64.86080 64.49650 65.13540 65.21320 65.15000 64.17130 69.46720 70.28800 70.75510 70.01970 68.77290 70.20330 67.49460 67.66320 68.86210 70.60560 71.45320 76.05800 71.93680 72.88550 74.71760 74.64360 73.71050 74.95200 75.32280 75.16050 75.21430 73.65150 74.11850 74.16880 75.66830 76.44770 74.81060 74.97970
68.27000 68.56310 65.98160 64.97050 64.42730 64.55700 64.06200 63.80320 65.62680 73.93930 78.64380 78.77650 75.26100 70.99370 69.01500 64.25120 64.35090 64.52550 64.36440 64.39370 64.65090 66.45400 70.20770 68.63140 65.45150 56.49260 50.23130 49.58370 58.64800 64.54510 63.64890 57.20870 56.72060 53.16610 54.58330 54.84120 63.94160 65.96840 69.54850 67.64580 64.98430 65.16180 65.39860 67.06610 71.34500 70.64090 71.21020 70.40940 69.76730 68.77640 67.90130 68.30110 70.40080 71.38740 72.89840 71.76690 74.36670 74.90180 74.15620 74.39760 74.38670 74.35540 74.09710 73.44940 73.24890 73.44450 74.54880 75.11290 75.06950 75.07160 75.08530
66.13960 66.00560 67.14350 67.05740 65.47630 64.32190 64.24730 64.21730 63.98010 64.42920 64.49340 64.77500 67.53220 68.97310 70.92050 71.77320 69.61550 64.41250 63.96720 64.21940 64.34530 64.48180 64.66060 65.59310 65.83080 61.00940 62.52860 66.36830 63.57330 65.32790 63.34670 61.92250 61.98550 56.91630 54.93860 54.41110 60.45430 64.84860 64.88670 65.61430 67.06040 64.57800 64.79590 65.17640 67.55400 68.74320 68.84030 68.98550 69.06240 69.91580 69.96460 70.20670 70.31140 70.89510 71.02570 71.60050 74.38810 76.51350 75.66930 75.77330 75.84870 74.50660 74.33890 74.04360 74.00770 74.07110 74.01260 74.05210 74.26760 74.79830 75.38610
70.01030 -9999 67.16710 67.75510 67.74180 67.11540 -9999 66.14060 64.88970 62.50790 61.75740 59.26890 60.17290 64.68920 64.57840 64.67150 64.79430 64.38160 64.30070 64.00220 63.97480 63.75910 64.23410 64.55480 64.40430 64.34470 66.31800 67.47800 70.95310 68.72200 67.35280 67.99490 63.93950 59.21550 55.79780 63.91980 65.22360 65.79730 64.86870 65.12260 66.47250 69.49280 71.79220 68.49550 66.15750 66.08620 65.63810 65.65810 65.92790 65.97580 65.97580 65.76980 65.90560 70.73680 71.18740 73.93690 77.26750 77.57980 77.63730 77.67500 77.58440 77.51040 77.63240 77.61780 77.68040 77.35600 77.33890 76.61460 75.81350 75.45870 75.30350
