data/hydroclimate-scenarios/BCSD_hadcm_B1/monthly_summaries/soilm3_monthly_day1_jul.2070-2099.asc
ncols	311
nrows	91
xllcenter	102.75
yllcenter	31.75
cellsize	0.5
NODATA_value	-9999
[rows 32 to 63 of 91, columns 0 to 70 of 311]
-9999 -9999 -9999 -9999 -9999 -9999 -9999 -9999 -9999 -9999 -9999 23.42400 23.42990 23.43070 23.43740 23.41230 23.41940 23.42280 20.53290 20.83230 22.93490 23.41960 23.41250 23.41130 22.93060 22.73010 22.53430 21.24980 20.24280 18.60570 18.50630 18.50640 18.50410 18.50360 19.40350 20.70180 22.10190 23.00170 24.20380 24.20660 24.21160 24.21130 24.21040 24.21760 24.21880 24.21930 24.22680 24.22630 24.22930 24.21170 24.21100 24.22450 24.22100 24.23030 24.02120 24.01920 23.92020 23.82000 24.22370 24.21070 24.20830 24.21140 23.83280 22.35640 21.85510 23.65040 23.56500 23.50980 23.87590 23.19120 23.27550
-9999 -9999 -9999 -9999 -9999 -9999 -9999 -9999 -9999 -9999 -9999 23.42800 23.43270 23.43160 23.44420 23.41350 23.41570 23.41290 23.41310 23.41570 23.41760 23.41320 23.12910 22.93150 22.74030 22.81350 22.81940 22.81240 22.80490 21.92930 20.23810 19.80490 21.80260 23.60130 24.20370 24.20630 24.01640 24.20310 24.12360 23.46150 24.22140 24.27160 24.22790 24.22640 24.23290 24.25620 24.26430 24.23440 24.23580 24.21750 24.21390 24.22680 24.22360 24.23420 24.21170 24.20880 24.21100 24.21680 24.21110 24.20820 24.20870 22.76290 22.75900 24.21860 22.85230 23.65880 23.86870 22.82450 22.91670 23.08230 23.17050
-9999 -9999 -9999 -9999 -9999 -9999 -9999 -9999 -9999 -9999 -9999 -9999 23.10430 23.00460 23.00540 23.00610 23.40710 23.40690 23.40740 23.40520 23.02310 22.80930 22.81600 22.93110 22.93680 22.94000 22.89090 22.98880 22.92450 22.90720 22.72730 23.31610 24.01480 24.01490 23.81570 23.71850 23.12480 24.20590 24.23200 23.15990 23.37640 23.39530 23.90550 24.25470 24.27180 24.28990 24.26800 24.22030 24.22020 24.21600 24.21000 24.20950 24.20950 24.20800 24.21030 24.23370 24.23640 23.84840 22.84340 22.93580 22.83360 22.92990 22.93520 23.19210 23.40560 22.62770 23.52220 22.92390 23.36640 23.73900 23.15050
-9999 -9999 -9999 -9999 -9999 -9999 -9999 -9999 -9999 -9999 -9999 -9999 22.90260 23.00370 23.20350 23.30380 23.20310 23.02060 22.81990 22.80490 22.90680 22.94910 22.96230 23.00390 23.07010 22.99900 22.94890 23.02780 22.93570 22.81870 22.81090 23.83290 23.61700 22.91740 22.81930 22.80260 22.80560 23.60410 23.80460 22.91890 22.76990 22.75650 23.26840 24.28370 24.15680 23.86950 23.94780 23.61710 23.51340 23.51950 23.41850 23.50700 23.80520 24.20740 24.20710 23.94550 21.77400 23.04770 23.80810 23.02690 22.73300 23.02080 23.91920 24.29190 23.52710 23.00300 22.86430 22.92420 23.14270 23.24250 23.47540
-9999 -9999 -9999 -9999 -9999 -9999 -9999 -9999 -9999 -9999 -9999 -9999 23.30220 23.10130 23.01450 22.71730 22.71860 22.80300 22.70440 22.90870 22.91980 22.94390 22.94320 23.02060 23.00540 23.04240 22.97380 22.82570 22.82680 22.71800 22.61330 22.72170 22.80240 22.90300 22.90120 22.90330 22.80410 22.90600 22.90520 22.91140 22.95160 22.98280 23.16990 23.60130 23.10890 22.97990 23.09300 23.00430 22.96540 22.93500 22.91930 22.91150 22.90520 23.10520 23.00230 22.80860 22.71150 22.91110 22.81150 22.74160 22.81470 22.93440 22.93240 23.36150 23.51460 23.14050 22.89740 22.92370 23.28890 23.29630 23.36440
-9999 -9999 -9999 22.92030 22.91600 22.91460 22.91390 22.91400 22.91720 -9999 23.31280 23.11890 22.81680 22.80100 22.80110 22.90150 22.80220 22.60190 22.70730 22.91500 22.91350 22.91830 22.82860 22.75060 22.85290 22.94880 22.92890 22.94410 22.74660 22.71620 22.54240 22.60450 22.71100 22.74800 22.81200 22.35240 22.83980 22.93000 22.91750 22.91400 22.92590 23.00920 23.01230 22.97770 23.08730 23.20850 23.35260 22.88500 22.96120 22.97540 22.87570 22.76690 22.75880 22.88510 22.73140 22.83700 22.95560 22.73510 22.65510 22.72400 22.74950 22.73440 22.73370 23.03660 23.01320 22.92540 23.01070 23.16420 23.37330 23.51380 23.75980
-9999 -9999 -9999 22.52580 22.92190 22.92140 22.92800 22.80890 22.80970 23.03700 22.82930 22.71540 22.70130 22.70270 22.80500 22.80830 22.60880 22.50590 22.50650 22.50920 22.50930 22.52980 22.51340 22.51280 22.53430 22.74260 22.65680 22.54000 22.56990 22.64900 22.32320 22.56230 22.54000 22.68210 22.89120 22.74810 22.85170 22.99620 22.92400 23.02900 23.05240 22.98660 22.99340 23.04000 23.00470 23.24890 23.36280 22.97800 22.96480 22.94150 22.93100 23.03050 23.04570 23.05800 22.85460 23.01140 22.95480 22.94650 22.87800 23.10360 23.04920 23.14570 23.19660 23.10490 23.35760 23.07980 23.16080 23.13550 23.36660 23.60000 24.63090
-9999 -9999 -9999 22.51040 22.90920 22.81400 22.74960 22.72850 22.72380 22.72260 22.72450 22.71490 22.50330 22.51370 22.52930 22.51020 22.51440 22.51070 22.50650 22.50880 22.51360 22.52940 22.29790 22.66320 22.62270 22.68000 22.77630 22.65470 22.57790 22.72130 23.01130 22.85080 22.62790 22.72830 22.82250 22.68400 22.67020 22.83610 22.82950 22.82480 22.92400 22.90960 23.03160 23.02570 22.98800 23.06720 23.10710 22.90640 22.88010 23.18840 23.28060 23.00510 23.00620 22.99810 22.95330 22.96060 22.94530 22.93330 22.96540 23.24870 23.04610 22.97750 23.03530 23.30000 23.36540 23.36280 23.41690 23.22480 24.41430 25.62770 27.16090
-9999 -9999 -9999 22.60720 22.90340 22.71090 22.73790 22.72610 22.72620 22.72570 22.72240 22.60050 22.50920 22.51670 22.51480 22.61060 21.12570 18.26450 18.94100 19.81950 22.75470 22.74370 21.92280 19.61640 19.92620 22.77470 22.75140 22.66730 22.91130 23.20280 23.15300 22.55010 22.64360 23.04530 23.01620 22.77050 22.55660 22.50580 22.71660 22.82620 22.84150 23.05420 23.41780 23.09880 22.99270 23.04500 23.14390 22.96610 23.05450 23.01900 23.11120 22.99830 22.97750 22.93290 22.96130 22.88150 22.76670 22.78530 22.83040 23.07940 23.23180 22.94710 22.89990 23.02440 23.23800 23.12960 23.56480 23.73810 25.89930 28.57480 27.75880
-9999 -9999 -9999 22.40340 22.80170 22.80740 22.73100 22.72230 22.72780 22.72350 22.71860 22.61970 22.50960 22.52830 18.28660 18.25670 19.69680 21.08570 22.53890 22.60370 22.72360 19.86480 18.71000 22.63810 22.63170 22.52250 22.50410 22.51290 22.62990 22.71810 22.75020 22.61310 22.65640 22.70850 22.53860 22.76480 22.65090 22.31020 22.30620 22.52230 22.97710 22.88660 22.82060 22.71540 22.74590 22.67340 22.58220 22.75920 22.69020 22.61670 22.52730 22.52700 22.64880 22.62690 22.53710 22.71410 22.57490 22.55760 22.50150 22.93810 22.87030 22.77770 22.77560 23.72370 24.13120 23.23060 23.77620 25.30850 26.71730 27.22840 24.63940
-9999 -9999 -9999 -9999 22.61390 22.71620 22.71500 22.71510 22.71570 22.71410 22.71130 22.60030 22.52620 22.50730 -9999 -9999 -9999 -9999 -9999 20.20340 18.32290 18.28460 18.34960 22.30310 21.17580 21.82380 21.90180 22.01160 22.52620 22.50910 22.52160 22.55060 22.56480 22.44690 22.81690 22.80820 23.01290 22.41030 22.30970 22.70680 22.80620 23.01820 22.46600 22.37610 22.56310 22.74340 23.34940 23.07120 22.59150 19.75300 22.74490 22.64770 22.62170 22.41270 22.42860 22.55150 22.62470 22.56550 22.75240 22.65960 22.72750 22.91550 20.65250 23.00680 23.11730 21.91720 23.46230 23.07560 22.55270 -9999 -9999
-9999 -9999 22.30040 22.61430 22.71240 22.71410 22.71460 22.71760 22.71310 22.71270 22.71140 22.50020 22.52410 -9999 -9999 -9999 -9999 -9999 20.29880 18.26290 19.25610 22.50460 22.50450 22.51490 19.62890 18.22490 18.90070 22.50020 22.50060 22.40050 22.50490 22.50850 22.80760 22.70770 22.40670 23.00200 23.00450 22.70240 22.40480 22.40180 22.30580 22.30450 22.31130 22.30780 22.30340 22.30610 22.31210 22.32020 22.01110 18.20440 18.20600 18.20900 18.24080 18.21270 20.44700 22.61720 22.35320 22.55860 22.59830 22.51250 22.57320 22.61480 20.24970 18.92000 19.15750 19.43560 19.03060 -9999 -9999 -9999 -9999
-9999 -9999 22.61510 22.71250 22.71150 22.71250 22.81230 22.71460 22.71310 22.71200 22.50010 22.50030 22.50250 -9999 -9999 -9999 -9999 22.50450 22.55340 22.50390 22.90370 22.60090 21.50090 18.20110 19.20020 22.50000 22.50010 22.40010 22.30010 22.40010 22.40050 22.30110 22.40050 22.40030 22.80070 22.50070 22.50040 22.40040 22.40180 22.30500 22.30190 22.31120 22.32310 22.30730 22.52070 22.62240 22.61370 22.62780 22.50380 22.50370 19.71620 18.21320 18.21100 18.20700 18.20700 21.00110 22.40340 20.45400 19.64040 19.23700 18.34600 18.57910 18.54280 19.93960 21.30240 -9999 -9999 -9999 -9999 -9999 22.69410
-9999 -9999 22.40910 22.81500 22.71360 22.71360 23.01090 23.01010 22.71200 22.61360 22.50070 22.50350 22.50010 -9999 -9999 -9999 -9999 22.52750 22.51020 22.70290 21.70210 20.10020 19.60000 22.50000 22.50000 22.50000 22.40010 22.30000 22.30000 22.40010 22.40040 22.50010 22.40040 22.40050 22.40020 22.40080 22.30060 22.30070 22.30170 22.40030 22.40060 22.40080 22.40130 22.30410 22.20350 21.52710 21.63030 22.36370 22.74690 22.77700 21.81510 21.60630 20.50390 21.20420 20.70620 20.40070 21.60120 21.30960 22.31300 22.33160 18.22090 20.82860 22.33840 22.88940 23.49670 21.52150 18.75410 19.07300 18.61800 -9999 -9999
-9999 -9999 -9999 23.21050 22.71450 21.70770 21.90900 22.51080 22.60010 23.60030 25.40040 22.50070 -9999 -9999 -9999 -9999 22.50790 22.51660 22.50080 22.50040 22.60010 22.50000 22.80000 22.60000 22.50000 22.40000 22.40000 22.50140 22.40070 22.40300 22.40170 22.40010 22.40000 22.70040 23.00250 23.10270 22.70010 22.60010 22.40000 22.40000 22.40000 22.40000 22.41330 22.13690 21.63200 21.54580 20.50290 19.90040 20.50120 22.10410 21.30390 18.20750 18.20690 18.22630 18.24380 18.23620 18.24270 21.64880 22.34810 22.35430 22.37830 22.36200 22.59720 24.30780 26.56940 23.47090 18.78090 18.64700 18.53970 18.89000 -9999
-9999 -9999 -9999 -9999 22.40870 20.90530 22.31030 22.50010 22.50060 22.50090 22.50010 -9999 -9999 -9999 -9999 22.50170 22.60430 22.60100 22.20340 22.80060 22.90020 23.10020 23.30020 22.70010 22.30000 22.70010 23.20080 22.70360 23.20850 22.80300 22.80440 23.00010 23.10020 23.10040 23.00140 22.60000 22.40000 22.30000 22.40000 22.40000 22.40000 22.40000 22.40000 22.40000 22.30000 22.91320 23.30460 21.51610 20.92020 20.30210 22.80040 18.20260 18.20370 19.21450 18.51640 18.20830 18.21840 18.22800 18.25510 22.34310 22.45420 22.77410 22.94670 23.37270 24.24000 23.22370 18.48790 18.45280 18.52540 18.50870 18.58600
-9999 -9999 -9999 -9999 -9999 -9999 22.50010 22.51010 22.70030 22.70000 23.10000 -9999 -9999 -9999 -9999 -9999 22.90090 23.00060 22.60020 23.20250 23.20080 22.90010 22.60010 22.50020 23.00070 23.20040 21.30000 19.41370 19.41340 20.04430 22.40020 23.20080 22.90010 23.10090 23.00060 23.20040 22.60000 22.30010 22.40000 22.40000 22.40010 22.40030 22.40080 22.40010 22.41130 22.71510 23.31360 22.90870 21.51220 18.23590 18.41880 18.23410 22.23480 22.71070 21.12630 23.32280 18.21160 18.23140 18.34140 21.58170 22.73320 23.24250 23.36920 23.88920 24.47930 23.43840 19.11970 18.33710 18.35040 20.78340 22.32000
-9999 -9999 -9999 -9999 -9999 -9999 -9999 -9999 -9999 -9999 -9999 -9999 -9999 -9999 -9999 -9999 -9999 -9999 -9999 23.20120 22.50020 21.30000 22.80020 22.90030 21.90010 21.80000 20.81640 20.81250 21.41360 22.90000 23.30000 22.80000 22.50000 22.60000 23.00020 22.90010 22.40000 22.40000 22.40000 22.40010 22.30050 22.30040 22.40040 22.40020 22.30020 22.90010 23.00000 22.91500 22.01240 22.90270 23.20120 20.81840 18.64550 18.22830 18.20120 18.20200 22.51780 21.55330 22.72370 22.72660 19.90640 19.03930 24.67760 24.37210 24.92100 20.32940 18.31860 18.28520 18.27710 18.47760 22.18560
-9999 -9999 -9999 -9999 -9999 -9999 -9999 -9999 -9999 -9999 -9999 -9999 -9999 -9999 -9999 -9999 -9999 -9999 22.90280 21.60020 21.70010 23.20020 23.20020 23.20020 22.10000 21.40000 21.10410 21.50460 23.10000 23.20020 23.20010 23.20010 23.20040 23.20010 22.80000 22.30440 22.30000 22.40000 22.30000 22.40000 22.30010 22.30020 22.30050 22.40100 22.80120 23.05910 23.00020 23.10010 22.83070 22.23630 22.33930 22.45310 22.52960 22.85530 18.44000 18.24440 21.52510 22.05810 19.38740 21.60060 18.27440 18.23580 20.99130 21.73450 19.03440 19.84190 21.67430 18.21660 18.25880 18.24240 20.40420
-9999 -9999 -9999 -9999 -9999 -9999 -9999 -9999 -9999 -9999 -9999 -9999 -9999 -9999 -9999 -9999 -9999 23.10450 22.10190 23.10060 23.20060 23.10010 22.60000 22.10000 22.20000 22.50000 21.10490 21.20380 22.10560 22.00580 22.30630 21.60460 21.70000 21.91090 21.50220 21.90370 22.30630 22.40000 22.40000 22.30000 22.90010 22.91570 23.10050 23.03000 23.10010 23.10010 22.93410 22.94170 23.31310 22.25270 21.25830 18.53730 22.40760 23.20720 22.71710 23.10280 22.64300 22.60850 22.66710 22.72180 20.56230 18.55460 21.21480 20.39120 23.24490 22.78380 21.69900 22.05700 20.54350 20.38550 23.30780
-9999 -9999 -9999 -9999 -9999 -9999 -9999 -9999 -9999 -9999 -9999 -9999 -9999 -9999 -9999 -9999 -9999 22.50120 23.10210 23.20190 22.80020 21.60660 22.20680 22.50000 23.30000 24.60000 23.70000 23.90000 22.40000 22.20590 20.70240 20.60250 21.10420 21.90240 21.10160 20.80170 21.40290 22.30000 22.30010 22.30010 23.20000 23.20000 23.11530 23.10010 23.02290 22.91640 23.01610 23.10030 23.30050 23.21400 19.95620 18.31170 18.30330 18.99780 21.71200 23.20300 23.18500 22.78840 22.20290 21.27400 22.95580 23.23780 23.33970 23.41660 23.97610 23.31050 22.82750 21.39530 21.33460 23.22400 23.24510
-9999 -9999 -9999 -9999 -9999 -9999 -9999 -9999 -9999 -9999 -9999 -9999 -9999 -9999 -9999 -9999 22.50180 22.50050 23.10800 22.50020 21.50390 23.10000 23.90000 24.30000 24.60000 24.30000 24.30000 24.70000 24.10000 23.00000 22.80000 23.20000 23.30840 20.90160 20.50110 20.60140 21.80340 22.30450 22.30000 22.40000 23.30000 23.20000 22.91370 23.01700 23.10000 22.91130 23.01590 23.10050 23.10060 23.61170 21.07080 19.14730 18.71450 19.43200 21.64010 23.20330 23.20470 22.86880 18.23340 22.71530 23.04790 23.21400 23.69390 24.49070 23.49880 19.05050 18.61120 18.44050 21.17820 23.14850 23.31680
-9999 -9999 -9999 -9999 -9999 -9999 -9999 -9999 -9999 -9999 -9999 -9999 -9999 23.21950 23.12080 22.70060 22.70080 22.60200 22.11700 21.90350 23.40000 24.40000 24.40000 23.90000 24.40000 24.70000 24.70000 24.70000 24.70000 24.70000 23.00430 22.51550 23.90000 23.30000 21.50350 20.40130 21.60360 22.00530 22.30000 23.20000 23.10000 23.01870 23.01670 23.10000 22.61690 22.20840 22.71320 22.21260 22.21280 22.93200 23.05920 23.28230 23.37020 23.36050 22.53000 18.38680 21.14350 22.48600 20.21190 20.96740 22.97270 21.90190 23.79120 20.03150 19.96600 21.86220 19.92730 20.98790 18.46370 23.29190 23.64290
-9999 -9999 -9999 -9999 -9999 -9999 -9999 -9999 -9999 -9999 -9999 -9999 23.10780 23.11130 22.31590 22.40710 22.91010 23.30000 23.80000 23.60000 22.90000 21.80000 21.90000 22.80000 24.00000 23.60000 23.70000 24.20000 22.30070 23.00260 21.40020 22.90140 23.10250 23.80600 22.50550 20.50150 22.20000 22.30000 22.70000 23.10000 23.10000 23.10000 22.91560 22.51310 21.90320 22.20420 22.90790 22.20880 21.90930 21.61040 23.31690 23.20870 23.64800 23.31370 23.37970 23.00230 22.90180 18.54400 20.23240 19.38900 22.03590 20.01670 18.74510 19.65350 19.98490 24.09810 24.31100 18.46200 19.87300 23.51060 25.06200
-9999 -9999 -9999 -9999 -9999 -9999 -9999 -9999 -9999 -9999 -9999 22.64830 23.30080 22.52680 23.40000 23.80000 23.50000 22.30000 21.50000 21.60000 21.30000 21.40000 21.30000 21.10000 21.10000 21.10000 20.90330 23.00440 22.80170 22.60540 21.50050 23.00000 24.20000 23.80000 22.70000 21.80330 22.30000 22.40000 22.80000 23.10000 23.10000 22.71420 22.20710 21.90270 21.70170 21.80370 21.70410 21.80650 21.91230 22.11730 22.41690 23.11530 23.12060 23.08200 23.13010 23.15180 22.99970 23.04250 18.26680 18.38720 18.89180 21.68580 20.36060 21.40990 23.75840 22.18340 22.66960 18.41690 23.33440 24.65850 27.16610
-9999 -9999 -9999 -9999 -9999 -9999 -9999 -9999 -9999 -9999 23.60310 22.50050 23.70000 23.30030 22.90000 21.90000 21.40000 21.10000 21.10000 21.10000 21.10000 21.10000 21.10000 21.10000 21.10000 21.10000 21.10000 21.40510 20.70150 21.10000 21.10000 23.70000 23.40000 20.30510 20.20110 21.60370 22.30000 22.40000 23.00000 23.10000 22.71170 21.80390 21.50090 21.20040 20.50060 21.30360 21.80410 21.50370 21.91150 21.91640 22.12380 22.91480 23.06390 23.01140 23.11230 23.12160 21.70530 19.34340 18.92330 22.74060 22.72440 21.86790 21.15490 22.62130 23.55070 22.28110 24.15380 23.38650 23.84920 26.39790 28.05890
-9999 -9999 -9999 -9999 -9999 -9999 -9999 -9999 -9999 22.00000 21.20000 21.10000 22.20000 21.40000 21.70000 21.10000 21.10000 21.10000 21.10000 21.10000 21.30000 21.10000 21.80000 21.80000 21.30000 21.10000 21.10000 21.70000 21.10000 21.70000 21.90000 21.50000 24.50000 24.70000 20.60220 22.10790 22.30000 22.80000 23.00000 22.41830 20.30220 21.10060 21.10140 20.57090 19.50040 20.02650 21.30140 21.91500 21.51750 21.72620 21.82700 22.69140 23.13390 23.22150 23.26520 22.66620 22.57840 22.72160 22.74190 22.86610 22.57380 21.94220 21.34460 23.32520 23.63770 23.78670 23.97800 24.76400 27.27480 29.90530 30.54270
-9999 -9999 -9999 -9999 -9999 -9999 -9999 -9999 -9999 -9999 22.40000 21.40000 21.40000 21.10000 21.10000 21.10000 21.10000 21.10000 21.10000 21.50000 22.00000 21.30000 21.70000 -9999 -9999 -9999 -9999 -9999 -9999 23.90000 25.40000 24.50000 24.00000 24.30000 22.70000 22.20590 22.20880 23.00000 23.10000 22.92150 20.80370 21.40400 22.15990 20.03020 19.56190 19.82910 20.43430 21.71490 22.02710 22.02930 22.44640 23.10910 23.11850 23.09390 22.81820 22.67050 22.58070 22.60400 22.48690 22.91930 22.47610 21.78570 23.42870 18.84840 23.18750 23.90490 24.51080 25.89150 30.79870 31.37730 32.30590
-9999 -9999 -9999 -9999 -9999 -9999 -9999 -9999 -9999 -9999 -9999 -9999 21.70000 21.10000 21.10000 21.10000 21.10000 21.10000 21.40000 -9999 -9999 -9999 -9999 -9999 -9999 -9999 -9999 -9999 -9999 -9999 -9999 -9999 -9999 24.80000 22.90370 21.90380 20.60200 21.70360 23.40000 25.10000 21.90980 20.70280 21.80710 21.00320 19.90380 19.66750 19.94190 20.80610 21.61010 21.51460 21.61880 22.71080 22.71530 23.03720 22.60610 22.55730 22.68530 22.88490 23.00960 22.87220 21.91510 21.14250 22.44080 23.48300 23.69940 23.99370 25.11270 27.05700 29.28920 29.16120 30.08900
-9999 -9999 -9999 -9999 -9999 -9999 -9999 -9999 -9999 -9999 -9999 -9999 -9999 -9999 -9999 -9999 -9999 -9999 -9999 -9999 -9999 -9999 -9999 -9999 -9999 -9999 -9999 -9999 -9999 -9999 -9999 -9999 -9999 -9999 22.30390 20.50170 20.70160 20.30130 22.90000 21.40560 22.10560 21.40160 20.96770 21.92170 20.13430 20.44550 21.20780 21.60480 22.11660 21.92130 22.23760 22.92120 22.28830 22.75530 23.02420 22.91600 22.85950 22.80500 22.90760 22.74920 20.93710 23.06390 23.28030 23.50660 23.53350 23.89420 25.47910 27.74740 29.51400 29.16040 28.69830
-9999 -9999 -9999 -9999 -9999 -9999 -9999 -9999 -9999 -9999 -9999 -9999 -9999 -9999 -9999 -9999 -9999 -9999 -9999 -9999 -9999 -9999 -9999 -9999 -9999 -9999 -9999 -9999 -9999 -9999 -9999 -9999 -9999 -9999 21.90910 20.30380 20.40440 23.02090 25.10000 19.80160 20.00090 20.07330 19.86210 20.00250 22.31370 21.30470 21.20660 21.60750 21.81740 21.92830 22.15400 21.73670 22.90160 22.93990 23.16860 23.06480 22.77740 22.86080 22.96500 23.02530 20.53630 18.96310 21.04530 23.46570 23.71420 25.21800 25.97520 27.91690 30.39010 29.09310 -9999
-9999 -9999 -9999 -9999 -9999 -9999 -9999 -9999 -9999 -9999 -9999 -9999 -9999 -9999 -9999 -9999 -9999 -9999 -9999 -9999 -9999 -9999 -9999 -9999 -9999 -9999 -9999 -9999 -9999 -9999 -9999 -9999 -9999 -9999 -9999 -9999 -9999 -9999 21.10510 19.80170 19.40070 19.30130 19.83060 19.93550 20.70160 21.80710 22.31600 21.70880 21.81560 22.12630 21.71650 22.25540 22.24180 22.90880 22.94690 22.84620 23.10260 23.10540 23.26840 20.66250 18.67810 22.93970 23.56440 23.60290 24.98500 25.80250 26.93930 27.19960 26.52140 -9999 -9999
