data/hydroclimate-scenarios/BCSD_hadcm_B1/monthly_summaries/soilm2_monthly_day1_jun.2070-2099.asc
ncols	311
nrows	91
xllcenter	102.75
yllcenter	31.75
cellsize	0.5
NODATA_value	-9999
[rows 0 to 30 of 91, columns 70 to 139 of 311]
-9999 -9999 -9999 -9999 -9999 -9999 -9999 -9999 -9999 -9999 -9999 -9999 -9999 -9999 -9999 -9999 -9999 -9999 -9999 -9999 -9999 -9999 -9999 -9999 -9999 -9999 -9999 -9999 -9999 -9999 -9999 -9999 -9999 -9999 -9999 -9999 -9999 -9999 -9999 -9999 -9999 -9999 -9999 -9999 -9999 -9999 -9999 -9999 -9999 -9999 -9999 -9999 -9999 -9999 -9999 -9999 -9999 -9999 -9999 -9999 -9999 -9999 -9999 -9999 -9999 -9999 -9999 -9999 -9999 -9999
-9999 -9999 -9999 -9999 -9999 -9999 -9999 -9999 -9999 -9999 -9999 -9999 -9999 -9999 -9999 -9999 -9999 -9999 -9999 -9999 -9999 -9999 -9999 -9999 -9999 -9999 -9999 -9999 -9999 -9999 -9999 -9999 -9999 -9999 -9999 -9999 -9999 -9999 -9999 -9999 -9999 -9999 -9999 -9999 -9999 -9999 -9999 -9999 -9999 -9999 -9999 -9999 -9999 -9999 -9999 -9999 -9999 -9999 -9999 -9999 -9999 -9999 -9999 -9999 -9999 -9999 -9999 -9999 -9999 -9999
-9999 -9999 -9999 -9999 -9999 -9999 -9999 -9999 -9999 -9999 -9999 -9999 -9999 -9999 -9999 -9999 -9999 -9999 -9999 -9999 -9999 -9999 -9999 -9999 -9999 -9999 -9999 -9999 -9999 -9999 -9999 -9999 -9999 -9999 -9999 -9999 -9999 -9999 -9999 -9999 -9999 -9999 -9999 -9999 -9999 -9999 -9999 -9999 -9999 -9999 -9999 -9999 -9999 -9999 -9999 -9999 -9999 -9999 -9999 -9999 -9999 -9999 -9999 -9999 -9999 -9999 -9999 -9999 -9999 -9999
-9999 -9999 -9999 -9999 -9999 -9999 -9999 -9999 -9999 -9999 -9999 -9999 -9999 -9999 -9999 -9999 -9999 -9999 -9999 -9999 -9999 -9999 -9999 -9999 -9999 -9999 -9999 -9999 -9999 -9999 -9999 -9999 -9999 -9999 -9999 -9999 -9999 -9999 -9999 -9999 -9999 -9999 -9999 -9999 -9999 -9999 -9999 -9999 -9999 -9999 -9999 -9999 -9999 -9999 -9999 -9999 -9999 -9999 -9999 -9999 -9999 -9999 -9999 -9999 -9999 -9999 -9999 -9999 -9999 -9999
-9999 -9999 -9999 -9999 -9999 -9999 -9999 -9999 -9999 -9999 -9999 -9999 -9999 -9999 -9999 -9999 -9999 -9999 -9999 -9999 -9999 -9999 -9999 -9999 -9999 -9999 -9999 -9999 -9999 -9999 -9999 -9999 -9999 -9999 -9999 -9999 -9999 -9999 -9999 -9999 -9999 -9999 -9999 -9999 -9999 -9999 -9999 -9999 -9999 -9999 -9999 -9999 -9999 -9999 -9999 -9999 -9999 -9999 -9999 -9999 -9999 -9999 -9999 -9999 -9999 -9999 -9999 -9999 -9999 -9999
-9999 -9999 -9999 -9999 -9999 -9999 -9999 -9999 -9999 -9999 -9999 -9999 -9999 -9999 -9999 -9999 -9999 -9999 -9999 -9999 -9999 -9999 -9999 -9999 -9999 -9999 -9999 -9999 -9999 -9999 -9999 -9999 -9999 -9999 -9999 -9999 -9999 -9999 -9999 -9999 -9999 -9999 -9999 -9999 -9999 -9999 -9999 -9999 -9999 -9999 -9999 -9999 -9999 -9999 -9999 -9999 -9999 -9999 -9999 -9999 -9999 -9999 -9999 -9999 -9999 -9999 -9999 -9999 -9999 -9999
-9999 -9999 -9999 -9999 -9999 -9999 -9999 -9999 -9999 -9999 -9999 -9999 -9999 -9999 -9999 -9999 -9999 -9999 -9999 -9999 -9999 -9999 -9999 -9999 -9999 -9999 -9999 -9999 -9999 -9999 -9999 -9999 -9999 -9999 -9999 -9999 -9999 -9999 -9999 -9999 -9999 -9999 -9999 -9999 -9999 -9999 -9999 -9999 -9999 -9999 -9999 -9999 -9999 -9999 -9999 -9999 -9999 -9999 -9999 -9999 -9999 -9999 -9999 -9999 -9999 -9999 -9999 -9999 -9999 -9999
-9999 -9999 -9999 -9999 -9999 -9999 -9999 -9999 -9999 -9999 -9999 -9999 -9999 -9999 -9999 -9999 -9999 -9999 -9999 -9999 -9999 -9999 -9999 -9999 -9999 -9999 -9999 -9999 -9999 -9999 -9999 -9999 -9999 -9999 -9999 -9999 -9999 -9999 -9999 -9999 -9999 -9999 -9999 -9999 -9999 -9999 -9999 -9999 -9999 -9999 -9999 -9999 -9999 -9999 -9999 -9999 -9999 -9999 -9999 -9999 -9999 -9999 -9999 -9999 -9999 -9999 -9999 -9999 -9999 -9999
-9999 -9999 -9999 -9999 -9999 -9999 -9999 115.16300 -9999 -9999 -9999 -9999 -9999 -9999 -9999 -9999 -9999 -9999 -9999 -9999 -9999 -9999 -9999 -9999 -9999 -9999 -9999 -9999 -9999 -9999 -9999 -9999 -9999 -9999 -9999 -9999 -9999 -9999 -9999 -9999 -9999 -9999 -9999 -9999 -9999 -9999 -9999 -9999 -9999 -9999 -9999 -9999 -9999 -9999 -9999 -9999 -9999 -9999 -9999 -9999 -9999 -9999 -9999 -9999 -9999 -9999 -9999 -9999 -9999 -9999
-9999 -9999 -9999 107.24800 108.89100 115.00500 118.05800 117.90400 120.39800 114.60800 114.91400 111.88300 109.17500 109.26300 107.36700 104.49300 106.76900 106.19100 105.05500 104.12100 103.01200 110.57100 107.14600 -9999 -9999 -9999 -9999 -9999 -9999 -9999 -9999 -9999 -9999 -9999 -9999 -9999 -9999 -9999 -9999 -9999 -9999 -9999 -9999 -9999 -9999 -9999 -9999 -9999 -9999 -9999 -9999 -9999 -9999 -9999 -9999 -9999 -9999 -9999 -9999 -9999 -9999 -9999 -9999 -9999 -9999 -9999 -9999 -9999 -9999 -9999
-9999 -9999 -9999 -9999 -9999 125.98500 130.44800 135.15401 135.62199 137.50400 136.75500 136.87500 134.75500 133.81200 132.77800 126.64600 125.10400 113.31500 111.89200 118.01400 116.73100 118.48100 116.08600 -9999 -9999 -9999 -9999 -9999 -9999 -9999 -9999 -9999 -9999 -9999 -9999 -9999 -9999 -9999 -9999 -9999 -9999 -9999 -9999 -9999 -9999 -9999 -9999 -9999 -9999 -9999 -9999 -9999 -9999 -9999 -9999 -9999 -9999 -9999 -9999 -9999 -9999 -9999 -9999 -9999 -9999 -9999 -9999 -9999 -9999 -9999
113.19500 111.90400 111.83600 117.58000 119.56300 125.07100 127.31900 126.59400 133.93300 137.76300 139.26300 140.69099 140.84300 143.61700 142.52499 134.01700 131.27699 120.07800 117.36200 122.76100 122.89800 135.28300 142.69901 134.69901 135.11700 130.03400 129.81200 129.14101 128.43401 -9999 -9999 -9999 -9999 -9999 -9999 -9999 -9999 -9999 -9999 -9999 -9999 -9999 -9999 -9999 -9999 -9999 -9999 -9999 -9999 -9999 -9999 -9999 -9999 -9999 -9999 -9999 -9999 -9999 -9999 -9999 -9999 -9999 -9999 -9999 -9999 -9999 -9999 -9999 -9999 -9999
118.52600 114.88800 115.14900 119.92900 118.94100 121.25300 126.91200 128.60899 128.47301 129.34300 131.54201 142.39500 143.95900 146.22900 146.96899 153.66701 152.58501 134.90700 126.48800 148.51601 148.94200 141.58299 137.10600 135.25101 138.04500 136.63300 136.50101 130.37100 130.65800 138.00500 136.72900 139.61900 138.75500 135.08600 134.92599 136.69600 134.57100 128.87199 127.76600 126.86900 125.63000 118.64300 117.46300 116.39400 -9999 -9999 -9999 -9999 -9999 -9999 -9999 -9999 -9999 -9999 -9999 -9999 -9999 -9999 -9999 -9999 -9999 -9999 -9999 -9999 -9999 -9999 -9999 -9999 -9999 -9999
95.69570 94.18340 95.82650 96.95290 112.15100 123.34000 127.98500 125.16800 125.85300 128.16200 126.08100 129.77200 132.71800 132.34399 135.71100 142.86900 145.33400 131.51900 129.66901 134.67999 141.94600 143.12000 138.74500 131.41000 119.28900 125.49700 133.67000 129.92400 129.63800 137.52699 141.67000 144.65300 144.19901 132.58701 131.15300 137.04700 134.84100 133.76401 130.85001 129.69800 128.61501 125.20500 123.08400 121.17400 142.49800 -9999 -9999 -9999 -9999 -9999 -9999 -9999 -9999 -9999 -9999 -9999 -9999 -9999 -9999 -9999 -9999 -9999 -9999 -9999 -9999 -9999 -9999 -9999 -9999 -9999
126.50800 130.22701 125.15900 118.26200 128.74001 128.08000 130.07001 132.45300 132.67999 134.45700 135.05499 142.00600 142.33600 144.38901 144.40900 146.19600 148.02901 145.59801 143.35300 144.42300 152.55901 140.26801 139.97701 138.79900 138.33000 143.69299 140.78799 143.41499 142.47000 145.36700 142.81900 141.35500 139.71800 142.53799 142.10201 139.92999 139.51700 130.87199 129.88100 132.00500 133.84700 138.00101 137.16600 138.80701 138.18500 -9999 -9999 -9999 -9999 -9999 -9999 -9999 -9999 -9999 -9999 -9999 -9999 -9999 -9999 -9999 119.96400 112.13500 -9999 -9999 -9999 -9999 122.93300 121.71400 122.07600 110.50600
128.02100 122.51500 124.79500 127.97900 126.24700 126.62700 126.93200 130.05499 130.09599 136.54601 135.72600 138.85300 142.47099 144.11501 146.40601 149.96201 150.07500 145.09300 149.24500 151.40700 144.00400 142.07401 140.59000 141.25800 137.24800 139.96800 142.24100 143.87500 145.60201 144.49001 145.33200 142.73100 140.97900 140.34399 138.59399 139.64101 136.79401 130.76700 130.06400 129.16499 140.74001 148.24699 149.21300 148.63600 147.38200 149.52600 148.59900 147.73900 133.04401 128.13200 125.84500 115.93500 115.45200 121.77000 122.36100 114.05000 98.02010 104.79600 106.21000 119.55400 120.61400 109.45000 -9999 -9999 -9999 -9999 -9999 129.25500 126.65600 116.44400
133.08000 132.90401 108.28200 127.16300 131.46800 114.17200 124.25000 126.64900 130.69800 131.66299 131.74200 135.07300 138.53101 142.68401 144.85899 140.24400 146.84300 148.02299 144.89200 143.01199 144.70300 142.21400 141.88200 139.00400 138.40100 138.84300 140.61700 143.07001 144.01199 141.35800 139.35001 141.00301 139.22400 134.36200 136.31000 137.46800 133.87700 134.51900 131.74800 145.42500 147.85500 132.42799 146.07600 131.60800 133.29100 132.95700 131.42000 121.99900 125.87900 128.47800 128.29201 136.06000 126.40500 131.93900 131.69701 126.88000 128.01801 122.38600 119.98900 114.20100 109.31600 108.19600 108.27800 113.55800 125.84500 141.04800 147.63300 144.41100 146.34500 134.34300
123.57000 128.67300 126.31200 119.94000 134.03700 133.29700 131.80701 130.41400 129.75800 124.53200 127.58000 129.99899 136.37700 139.75999 147.29900 140.24600 141.79300 145.21001 146.01900 142.71600 133.92400 142.17000 142.94099 140.90800 142.35899 142.26100 144.38000 144.04601 144.80000 141.10400 141.20500 140.99699 140.91299 138.76801 139.14000 139.29800 136.81700 151.17999 135.46400 133.38300 131.96201 133.71700 138.10899 139.63901 132.33200 127.35700 131.60001 132.27499 135.47099 129.42500 130.42000 130.33900 130.29800 129.75900 135.70700 132.21201 132.86200 129.00999 132.24800 133.61501 128.12900 114.49000 106.72200 106.57300 109.70900 130.65800 135.07001 143.65900 144.92400 137.55800
127.52900 135.93900 134.19701 120.42000 100.64500 124.22800 122.35200 120.59800 127.26200 127.91100 126.46300 126.18800 128.67700 130.98100 134.07300 137.45200 139.14301 142.46001 143.75999 143.75700 140.54900 143.47701 144.81599 147.38699 146.34500 147.83400 146.71500 145.40500 145.56200 139.95100 139.40401 141.99500 151.13800 137.23700 136.21500 141.39400 140.45900 135.00700 134.66701 137.56400 139.11099 136.54700 136.17101 139.32401 139.16400 140.77800 139.58400 139.74600 137.27100 139.00400 138.28200 139.53400 142.45399 138.03999 137.10699 119.93200 120.72300 122.42400 129.38400 131.66100 140.74800 134.87801 127.14200 123.71900 124.01600 117.86200 118.85900 117.77700 120.08300 124.79700
117.28900 134.53400 137.49300 131.38100 119.71100 111.17700 121.00400 119.40600 127.85400 132.46600 127.16600 143.70500 133.08600 121.55900 124.08900 128.78999 132.81100 138.48199 140.13699 143.16200 144.56300 144.21600 144.13800 145.42200 145.21700 146.44299 145.36600 143.52100 142.00600 139.99500 145.68500 140.98100 138.01900 130.96600 132.85001 139.46899 141.63600 134.92900 134.74100 137.25500 139.28500 145.14600 145.09900 142.20900 141.29300 152.08000 147.18700 141.19299 140.13499 136.54201 137.96400 139.95100 141.00600 140.87100 139.82201 138.75400 137.73801 135.68401 132.03300 134.71100 138.38200 137.82001 132.38200 130.34399 134.54100 126.65800 123.56000 121.12500 120.55000 126.48100
123.70700 126.45200 125.43100 121.57600 123.64900 121.72900 114.62600 109.26700 103.16200 121.72500 123.63300 134.70900 143.09300 137.75999 129.75900 128.17500 129.85699 135.15601 132.58701 138.67400 137.34500 138.06799 139.20000 139.23100 138.81900 139.54100 141.69901 142.28300 141.63800 140.71600 141.84399 142.54601 145.88901 138.12601 132.03999 133.22200 136.75400 128.47200 130.28400 132.69701 129.78101 145.34500 146.84801 146.98000 145.20300 142.64700 139.03799 140.14799 136.88699 134.16100 136.55600 142.77400 146.23700 138.10001 144.15401 146.66901 149.68600 137.97900 135.75301 129.83800 127.59700 130.64900 132.44800 121.59600 135.68201 140.72200 134.51199 122.03600 121.11400 130.72400
143.60201 145.93300 140.64900 138.24100 129.05701 131.22200 131.33600 122.53000 125.28100 127.94400 126.67700 120.00900 118.65500 125.66700 126.70900 138.83701 135.13100 143.38901 142.92500 132.45399 128.71001 134.29500 137.52699 137.84801 138.06000 140.44000 141.99100 141.59300 139.02100 148.38200 148.15800 147.71400 151.91000 137.34300 148.18800 139.00101 139.63100 135.93100 137.23000 123.59900 131.37900 134.25999 138.89600 148.73300 133.20100 141.03600 140.52901 142.82001 146.46201 140.99899 137.36900 134.59100 140.85201 136.65199 127.08500 138.36501 137.06400 127.52400 139.05499 135.41299 145.86200 141.02600 142.49800 136.78300 143.28900 144.04401 132.53500 132.31100 135.22200 145.89301
129.12100 134.06500 148.07700 152.18300 152.15401 148.01601 133.72800 129.28799 123.88000 129.85001 126.86600 129.50500 135.45700 128.95300 117.00200 131.99800 121.84100 126.30200 136.43800 144.90700 134.85201 133.08501 137.22701 134.14000 143.57201 141.31599 141.85800 141.69600 144.15700 146.13400 147.87399 150.64500 150.25600 148.97501 138.80901 145.77901 146.86200 144.18300 133.79300 134.01500 133.04601 135.56200 145.49200 147.33400 133.32100 146.94299 146.96600 144.87199 151.07300 137.70500 130.98700 129.19600 131.04601 126.66400 120.92700 114.28200 112.30200 135.78101 132.67999 141.06200 152.64000 147.85400 151.00200 140.50200 130.83400 140.82600 150.30000 153.25400 155.83299 152.30600
131.44501 138.75800 134.70900 131.97900 146.53300 147.26300 147.19701 149.54401 144.89000 141.22701 134.59300 131.17000 137.38200 138.90100 136.80299 146.71001 137.06300 133.46899 121.67000 135.08099 145.93300 140.29500 146.20599 141.50400 134.75101 136.87900 134.84801 139.03799 141.59200 144.72800 143.65401 142.10600 142.25999 143.08701 141.02400 141.15700 145.75999 147.97701 141.75700 139.74600 140.31300 135.94200 138.75900 142.47000 128.17300 126.80000 139.43300 151.64799 155.84000 149.00500 137.72900 129.31599 127.13300 134.75999 125.24000 125.02000 129.42799 134.83900 141.73801 140.66000 146.10400 160.09100 154.67300 148.87300 143.86501 154.69299 150.19200 150.38499 152.04401 149.05901
130.51300 139.00000 135.15601 132.57500 127.35500 133.61400 138.18900 144.80000 144.52400 141.49800 140.66100 135.90500 135.59399 124.56200 131.56100 146.32201 148.01900 141.14999 138.25700 129.49699 137.96700 142.97701 144.30800 142.48801 144.05600 132.67400 127.54700 136.13300 145.53300 149.12300 149.03500 150.92599 149.76900 139.79700 140.77901 144.31400 138.10600 132.25301 134.20200 143.63300 147.85300 135.84200 133.90300 146.94099 129.32600 132.44701 141.85899 155.11700 159.01900 151.95000 134.61800 125.36800 135.43401 147.45300 131.74300 137.19701 137.76900 139.79800 141.16200 140.05800 152.70100 143.44099 141.54500 151.09599 156.95500 157.37601 154.56000 155.13400 153.12000 154.20900
134.38200 149.46001 146.73300 135.63901 135.64700 137.69099 133.09500 143.03400 140.31000 137.05800 130.59599 131.21800 136.02100 133.43600 131.00000 144.38100 150.64400 147.39500 141.30099 140.65900 140.24400 145.69299 138.10699 137.41299 135.37300 135.15800 152.94600 135.47501 131.95599 148.91100 151.00301 150.68600 150.17999 144.56000 146.80901 141.40500 149.07600 150.14200 139.81100 134.85400 158.10400 127.21200 135.02000 136.89600 134.71600 144.71600 138.49699 133.80901 137.43500 133.78500 133.23100 139.52100 146.91499 146.87399 141.79601 146.06900 151.71201 152.09500 147.75101 155.08501 156.61700 156.34000 157.42200 163.86400 166.33200 167.68700 164.30200 168.30000 168.87601 150.97200
137.71201 142.43900 151.34200 141.64400 136.19200 138.25700 145.89500 141.66400 144.55299 135.01700 135.06100 131.51100 128.56599 136.36400 137.22900 148.88800 149.38200 151.66800 137.25400 142.14101 139.81900 145.37700 136.54401 147.07800 134.62700 140.24899 151.79100 139.27400 137.16200 145.44000 149.55701 146.05800 133.04700 146.78200 152.31900 140.22701 136.67900 156.10001 155.83600 133.06500 136.75999 143.46001 142.25800 130.20799 131.65100 129.95700 130.50800 142.78900 134.80200 137.78300 159.99699 134.53700 149.74001 159.72400 156.96800 152.45500 149.97301 149.72400 160.07300 169.83299 168.49001 164.65500 161.84300 165.63800 166.57600 169.75200 144.42300 168.50301 145.46600 143.28700
143.69901 143.22800 138.80800 140.32899 141.02499 142.21201 136.20300 129.63901 132.84100 137.80099 136.62000 127.94100 135.26199 146.85201 141.99300 145.60001 143.80200 140.90601 152.75900 143.28500 141.86000 153.74100 142.61301 141.03000 135.72099 131.85899 142.55901 149.63200 141.95500 143.76300 146.66600 148.65900 143.32600 151.52299 153.84599 145.92200 137.19200 157.03101 145.15401 144.22301 137.25000 139.24600 138.26801 133.65199 142.82899 143.43401 149.02800 156.72600 158.77100 162.18300 161.86800 163.17900 159.42200 165.92799 164.24600 163.06500 168.79100 173.99600 172.31400 173.32500 170.08600 169.57001 169.06500 163.77600 152.99300 156.08299 149.47400 149.60800 150.86200 149.65199
139.60600 145.17300 137.51700 142.28101 140.52600 140.81900 143.68201 135.08400 131.79100 129.98300 146.09900 127.80700 133.35400 138.10899 141.95500 140.03700 143.94901 140.18201 132.39500 139.60300 154.65100 146.61700 142.51100 140.89900 134.99500 138.88300 135.00600 150.34500 141.91800 129.91800 144.04700 141.74500 153.65100 153.75600 152.26199 148.94901 136.95399 144.59100 150.84700 144.20599 149.41800 142.83400 141.32500 147.32800 152.48801 154.74100 153.13300 141.92999 130.45000 135.38300 147.73199 157.96201 163.20200 142.27699 165.96700 179.92500 183.76300 177.55000 178.01700 177.61800 175.87700 168.85300 156.06500 144.49400 139.88000 134.16499 138.02600 133.71400 137.78300 145.50000
138.61000 138.46600 136.90601 139.92400 144.90601 148.35400 147.21300 147.86099 135.30000 137.60699 139.79500 136.33400 134.63699 137.85600 134.53600 142.04900 157.20200 154.05400 141.59599 144.32899 153.84500 133.39000 143.82600 149.89900 150.50700 137.73199 129.77299 150.20900 147.13499 135.36000 145.67300 146.69701 135.81200 155.27299 154.30099 142.27200 145.17999 151.93100 164.74699 161.99001 161.57300 165.65401 157.91100 163.34000 160.84700 148.71201 143.35699 128.44400 131.66701 150.65700 150.99200 -9999 -9999 144.25301 162.85500 182.91701 187.00999 179.10500 181.44400 159.46700 157.21201 151.85001 147.08501 141.25000 135.88901 132.74500 127.18600 122.97000 121.11000 139.78000
141.04500 149.13100 144.80299 144.13901 153.09900 142.77400 158.41100 156.93600 151.60201 144.93100 155.86600 151.35600 148.00101 142.97501 137.93201 147.40601 156.10001 140.16000 137.57600 133.60800 141.40500 136.53000 144.92101 139.42300 151.38200 140.80800 142.56000 151.02499 143.14400 130.72301 147.24800 149.71100 132.94600 141.69000 148.70399 149.66200 160.75999 157.33501 162.51801 159.23300 -9999 -9999 -9999 -9999 148.50900 -9999 134.94299 148.31300 154.29100 160.29300 139.92200 -9999 -9999 159.77699 181.41200 183.82001 175.78799 151.50999 154.87801 161.08600 158.81400 157.13800 153.23399 145.01801 140.55800 144.92799 126.42200 123.15400 127.12800 140.86099
