data/hydroclimate-scenarios/BCSD_hadcm_B1/monthly_summaries/soilm1_monthly_day1_aug.2070-2099.asc
ncols	311
nrows	91
xllcenter	102.75
yllcenter	31.75
cellsize	0.5
NODATA_value	-9999
[rows 32 to 63 of 91, columns 0 to 70 of 311]
-9999 -9999 -9999 -9999 -9999 -9999 -9999 -9999 -9999 -9999 -9999 59.94020 59.86640 74.70020 62.77460 67.32730 63.80210 74.72260 67.07660 69.31580 80.36350 80.40700 80.54320 78.12850 69.30810 69.92400 71.87900 79.38590 80.90950 81.64580 82.71100 82.52580 85.17510 87.91940 88.56130 84.17360 83.52970 82.28780 75.61050 74.30560 71.29210 71.03170 74.89760 70.42800 69.22430 70.98450 68.02350 68.61380 67.77460 67.53630 66.57690 63.20860 62.56610 72.20470 72.43420 70.33310 71.55010 71.63790 68.61940 68.32420 69.52830 68.91250 64.07370 78.71700 79.06660 64.34110 69.39740 69.55850 70.47870 72.17520 72.09600
-9999 -9999 -9999 -9999 -9999 -9999 -9999 -9999 -9999 -9999 -9999 62.75030 63.98470 62.75360 61.09230 64.42400 64.29040 77.50290 77.14180 80.96860 81.87290 81.10750 72.00320 70.59640 72.43510 75.24740 73.86740 76.76440 73.58120 65.87220 72.89880 81.41960 83.41830 79.25870 77.03360 65.73390 72.48980 75.86420 72.07730 72.43100 71.50040 75.54770 75.41390 72.76760 75.29310 72.13200 69.92190 70.10970 68.70680 65.16600 64.48140 59.10210 58.20280 63.08580 62.38650 68.84580 68.51870 67.75940 70.97010 72.80380 71.07620 78.03650 75.20810 67.41640 82.19680 70.23770 71.06410 68.03300 68.15280 70.85460 69.86890
-9999 -9999 -9999 -9999 -9999 -9999 -9999 -9999 -9999 -9999 -9999 -9999 63.45170 62.62890 60.84770 61.66310 63.89300 76.61520 75.96000 77.90190 67.94050 68.90510 69.67500 73.43220 71.74560 71.02990 71.37800 66.82630 63.21070 68.53790 69.75820 72.26890 73.28110 78.54260 77.44830 75.75750 76.64100 78.47440 70.34930 69.81200 69.88640 68.05610 67.91930 67.33220 67.67770 69.61510 66.95390 68.64440 66.22750 64.95340 61.43510 61.66450 61.51510 62.55220 60.30460 58.65890 57.78720 57.26360 75.15530 79.09130 78.11630 59.52360 59.72160 65.79470 66.09030 78.39880 68.47270 72.33620 74.15240 71.22110 68.87400
-9999 -9999 -9999 -9999 -9999 -9999 -9999 -9999 -9999 -9999 -9999 -9999 64.69920 62.58600 65.89120 65.69460 65.67710 64.42070 65.42750 69.62150 71.70710 73.44750 71.84780 67.53330 64.71230 63.22280 62.43260 63.85550 61.41840 67.52010 72.76030 73.56950 74.91230 73.02440 78.37220 77.74600 72.00480 76.69920 78.27560 75.21300 72.63190 75.42660 72.45560 74.48480 76.84660 74.29540 76.09900 74.02750 68.47380 69.99700 66.02180 62.74210 61.46620 62.08920 60.34810 58.19980 74.37360 55.31880 61.63080 67.47690 64.36510 66.81640 68.80630 73.39910 71.66820 66.54140 69.02610 69.96460 72.11700 68.77880 69.40900
-9999 -9999 -9999 -9999 -9999 -9999 -9999 -9999 -9999 -9999 -9999 -9999 71.19870 66.85650 65.85450 63.19820 63.83290 67.45020 67.92140 74.38780 75.29030 77.00680 74.73550 65.22670 65.81630 63.30610 66.22440 68.48250 72.99440 67.79490 65.54090 66.51550 75.54080 78.47530 76.53600 72.04710 73.91360 78.66990 76.31390 80.18970 82.10720 79.15780 76.21060 81.39800 82.39640 80.31660 79.57980 75.74460 75.88950 69.99480 66.76050 64.97080 60.35210 63.34930 62.86430 63.05080 61.53790 64.63310 67.05210 71.19000 70.63580 71.41210 70.05590 68.43620 68.38040 68.55380 70.16350 67.39020 68.75990 69.06320 69.76630
-9999 -9999 -9999 65.96950 71.14340 67.95460 64.34440 64.39190 64.81710 -9999 73.90060 73.02420 70.37700 66.45320 67.32190 65.99520 67.57510 68.12030 71.11730 74.47080 78.43690 76.48150 72.78170 71.41660 69.29870 69.92480 70.86750 71.46040 68.86770 61.15870 66.92170 69.14310 63.45130 67.02670 69.39890 57.24900 66.36460 73.95420 80.88840 81.04750 81.50700 81.23600 81.90180 81.84760 79.19630 77.15770 79.55560 69.43520 69.63850 70.79510 68.79970 65.69480 64.99750 70.25350 68.59420 67.72600 67.13960 63.30030 66.18230 67.71350 69.06750 71.46250 70.52900 73.74880 70.04090 69.18830 71.19920 69.44730 71.12310 71.27100 72.25110
-9999 -9999 -9999 67.34130 67.75850 71.48090 68.60090 72.08920 68.95000 66.42700 72.42350 68.51820 73.01050 63.51790 67.86340 67.97590 68.30770 72.34170 73.86620 75.02200 73.87680 76.81610 77.76910 79.65740 76.22370 77.31440 76.38890 69.92940 68.80490 64.59220 52.92370 62.17220 64.71160 66.67780 63.14140 66.36670 66.41780 69.26970 71.01250 78.90000 78.40950 76.44950 82.39650 83.80090 79.85250 73.42550 73.72250 70.44870 71.60800 68.38750 68.44960 66.45290 66.93650 72.39020 68.30900 65.90970 62.01060 66.53510 69.16370 69.37670 69.92590 70.46970 70.75790 70.58330 71.99680 66.32820 67.17560 70.06710 73.16950 75.11390 76.57940
-9999 -9999 -9999 64.74490 71.88280 70.29430 73.64020 72.94040 71.99100 72.81630 73.46980 72.20890 71.49560 64.17150 61.41010 59.20820 70.82120 66.10970 66.43610 67.86200 69.82130 72.72760 63.31550 67.97420 70.71020 74.60150 77.35190 74.87820 67.81690 67.20410 70.51690 67.79200 65.36960 66.24890 66.73320 67.11700 69.79340 69.21240 67.59620 71.74050 75.42490 77.10430 81.47370 85.27300 82.95580 74.15310 75.07190 71.31180 70.56440 74.22650 73.89780 67.27510 66.88930 71.96010 69.66160 65.44980 63.51550 69.49490 70.39340 71.90330 70.49450 69.37410 72.52270 71.50710 71.98880 69.97120 69.93730 71.91150 72.35390 76.99230 78.81710
-9999 -9999 -9999 70.93530 69.84060 75.94710 69.77090 74.95500 69.45070 69.07370 71.67140 69.17250 61.27620 64.67380 64.11730 58.72540 62.28990 80.47250 82.38280 69.79030 64.84700 57.88190 68.65240 84.43590 78.19720 75.47530 72.47640 69.62190 72.23740 70.53680 71.19960 70.54960 71.09940 71.48380 73.42280 77.75680 74.87130 71.19570 74.08150 71.94020 71.94920 79.57270 82.19170 83.12040 81.60270 84.21630 83.89250 76.55590 76.91640 74.21210 75.44540 77.60920 76.29080 74.13710 73.72460 69.52280 66.89190 69.66360 70.48000 69.25850 64.29600 73.78850 73.57230 70.12530 70.92580 71.85560 72.93520 77.36350 78.55960 79.22680 81.03510
-9999 -9999 -9999 66.94490 70.78020 76.23400 74.72680 74.82760 73.33900 73.67830 71.65490 67.39500 61.82070 64.29680 83.55010 77.83270 64.06400 66.53240 68.14500 68.84620 67.80370 68.10060 81.49160 75.60510 72.90050 73.92970 77.56260 73.13060 72.71350 72.50400 70.43890 73.12680 73.70240 69.63530 69.19880 70.92840 72.43470 71.89460 73.30710 73.57370 73.18030 80.79640 83.59780 81.19180 82.88960 83.09840 82.17460 76.39560 74.90780 75.69850 74.59260 75.55590 74.62780 75.54490 72.78570 71.91630 68.21300 68.93030 71.88850 74.40670 72.81890 75.20630 75.45230 69.00690 68.56410 68.73910 70.91810 76.93120 79.70830 79.33900 80.88390
-9999 -9999 -9999 -9999 73.62500 76.04460 76.67240 80.68050 75.26060 71.03450 73.42870 75.64350 65.10760 63.66550 -9999 -9999 -9999 -9999 -9999 71.28140 81.33360 83.44190 84.11340 73.30560 71.25640 72.92400 75.67240 76.44460 78.87080 75.95050 74.10400 70.40510 70.36210 72.50750 72.35300 66.58230 67.55700 66.82470 70.90000 69.62380 67.90240 70.71560 76.77180 83.89070 82.91520 80.56980 77.44350 81.36670 84.15770 89.28160 81.95930 79.60590 77.63350 76.71940 74.74070 74.21400 73.79690 72.48260 69.17360 72.53930 74.94040 76.21750 77.95780 79.09420 79.71720 76.08180 75.09080 72.79610 71.90500 -9999 -9999
-9999 -9999 82.20530 74.07080 77.42180 76.77950 76.66270 81.10100 76.21420 74.12770 75.04180 75.17150 68.83200 -9999 -9999 -9999 -9999 -9999 85.37060 83.59490 82.56200 71.98930 72.44530 73.69050 83.85780 97.68900 86.99120 81.33820 81.35320 79.51650 73.46250 73.04330 72.83230 78.34730 79.96760 72.51950 70.93100 68.51900 70.45110 69.02020 70.61890 75.26370 77.50340 81.17640 81.05040 80.80150 80.86890 82.44160 82.75780 94.89070 94.84230 93.85330 100.49100 89.65940 85.65890 75.80640 74.34120 72.54210 70.81840 72.96240 73.61330 75.53140 78.75870 81.02920 80.39600 75.35880 73.87350 -9999 -9999 -9999 -9999
-9999 -9999 82.87650 80.89880 77.95830 78.07520 76.81910 80.26080 74.25410 76.69050 79.75440 78.76120 70.44170 -9999 -9999 -9999 -9999 74.68440 72.89960 68.18940 68.27600 69.81320 74.58050 88.45020 89.11060 77.76790 75.86100 77.76430 80.78040 78.73070 73.38280 75.55070 75.85870 79.46830 78.53190 77.10690 76.44660 70.19700 72.15940 72.73720 77.71250 80.38790 79.58340 80.65950 77.66460 77.41770 78.69530 78.01420 78.47130 78.84600 83.40250 88.64750 89.66840 89.51190 87.65850 72.86500 72.81190 75.55080 76.13730 81.62390 79.29100 82.35500 82.06810 79.45090 77.63100 -9999 -9999 -9999 -9999 -9999 69.89990
-9999 -9999 80.30370 81.34180 81.71350 81.59910 75.17880 71.27680 74.69120 77.17070 76.37160 69.24960 61.87810 -9999 -9999 -9999 -9999 76.45730 72.51640 69.39000 69.87350 77.15850 88.40990 81.80230 84.07870 81.51330 76.73290 79.26870 81.01860 73.84340 75.46100 76.77410 76.48570 77.68190 79.28420 79.35680 81.23030 79.00990 77.20650 74.14320 78.60610 80.01420 79.75730 84.63290 82.69040 80.52700 79.76540 79.22660 77.52320 75.74960 77.17790 77.40650 79.23140 74.40060 78.52010 73.56100 72.18000 78.32930 78.65730 82.41060 80.75440 82.66500 81.45680 74.84630 74.80860 75.50940 73.55140 74.72790 78.14040 -9999 -9999
-9999 -9999 -9999 78.24290 80.48320 79.27340 74.77340 73.04600 81.82060 76.90560 65.25710 61.10940 -9999 -9999 -9999 -9999 73.84580 72.05350 73.28570 71.56800 77.21900 76.64770 75.32480 80.71790 81.11540 80.06530 81.07630 76.36540 78.90190 79.77440 77.05860 78.86380 76.91070 73.71460 70.48020 69.89920 72.26260 77.70440 77.46760 78.21960 82.53220 80.68410 88.84060 86.58830 84.95950 90.96820 90.06340 87.85140 84.95310 79.49160 85.46550 95.66430 89.84600 92.61450 102.64400 102.30400 89.52290 86.91640 86.03420 86.83830 84.46050 79.08360 80.63370 78.75440 75.26820 75.96320 76.98420 78.34050 76.19580 80.18400 -9999
-9999 -9999 -9999 -9999 76.50580 75.31880 71.98490 82.43480 82.76680 70.88760 71.03400 -9999 -9999 -9999 -9999 80.65270 70.50250 67.93980 69.95350 67.26750 67.92840 66.69790 67.31910 74.48360 76.95640 76.13280 72.46370 72.19860 71.53830 72.55640 71.48260 70.77880 69.58660 69.38440 73.56400 81.60060 83.31440 83.42050 81.54870 80.44590 80.07550 81.41820 82.46880 82.92540 84.48790 84.18340 84.35410 92.42030 86.55130 87.67810 83.50270 94.17920 93.38500 90.28380 90.86380 88.52400 98.71670 95.39190 92.77900 85.42730 86.66350 81.64660 79.17160 75.03470 75.25860 76.50570 74.69960 75.40100 76.00430 74.15890 74.62860
-9999 -9999 -9999 -9999 -9999 -9999 84.45120 84.10270 60.51180 76.85640 68.56160 -9999 -9999 -9999 -9999 -9999 66.58560 64.76920 64.46700 65.28410 65.02080 60.52130 66.31860 72.41530 67.91790 67.87670 74.28720 87.48180 88.28050 74.04030 70.06150 70.04180 73.33840 74.71280 74.96510 71.94370 81.24470 83.97620 82.24480 84.73100 83.70280 85.07440 86.07670 81.61650 83.62570 83.35240 81.12040 85.59890 88.56520 99.62960 92.75700 94.50200 81.55060 82.69200 80.89380 78.15650 87.24370 91.54510 84.17340 79.50750 79.02020 78.93840 81.03470 75.17110 72.46470 75.32300 77.52670 72.64670 71.18010 71.56950 74.09430
-9999 -9999 -9999 -9999 -9999 -9999 -9999 -9999 -9999 -9999 -9999 -9999 -9999 -9999 -9999 -9999 -9999 -9999 -9999 63.14040 65.14610 61.06070 64.35900 64.97200 69.60130 71.13560 67.40370 61.47580 60.63620 63.99690 69.25830 73.60160 81.34950 81.02520 76.81940 75.65060 82.44940 87.41360 86.12500 88.13080 88.62470 88.00890 87.83710 85.97660 85.40660 82.23610 79.77530 85.47370 86.50770 84.81140 84.99040 83.03310 89.09470 89.15120 84.55900 79.25700 72.96900 74.71620 72.83200 78.06150 85.51460 85.96810 76.92910 73.97110 73.20980 77.18530 75.90460 72.22530 71.12930 77.04670 76.77610
-9999 -9999 -9999 -9999 -9999 -9999 -9999 -9999 -9999 -9999 -9999 -9999 -9999 -9999 -9999 -9999 -9999 -9999 67.34200 64.55150 62.53490 60.10700 63.28440 66.22530 68.80280 66.05290 63.99400 66.39880 64.50270 67.22030 69.03100 71.38340 72.82760 75.68830 82.64190 83.36510 85.04120 85.82020 85.58680 88.49840 88.67550 89.24520 88.62990 89.15010 87.34930 84.83040 84.30280 79.61130 77.66220 88.05000 89.36990 95.03750 95.25630 92.68210 89.11000 83.49200 77.80190 77.10340 82.53040 77.85170 84.73410 87.67460 80.45610 78.06570 83.85460 75.44360 70.42990 74.91200 73.53370 74.04940 81.11410
-9999 -9999 -9999 -9999 -9999 -9999 -9999 -9999 -9999 -9999 -9999 -9999 -9999 -9999 -9999 -9999 -9999 70.45000 70.10740 62.55380 63.88740 62.45040 61.16950 66.46050 64.63250 61.45430 75.85010 61.01120 66.78790 71.09540 72.40810 72.25170 77.11510 76.18950 90.18190 89.75100 86.82260 86.21150 86.97790 88.52460 85.34190 85.72580 87.71000 86.43950 85.50430 79.41510 84.56370 81.86910 75.24830 85.08560 87.32290 92.18590 85.95800 86.95860 88.26720 85.45000 75.56590 76.68490 76.10470 76.79580 80.43620 86.78910 82.28170 83.14700 74.91150 70.84500 71.95220 70.79710 72.30730 75.15960 78.65320
-9999 -9999 -9999 -9999 -9999 -9999 -9999 -9999 -9999 -9999 -9999 -9999 -9999 -9999 -9999 -9999 -9999 69.77280 66.51180 65.84530 67.06460 72.28230 65.46120 64.55310 61.13730 56.70850 57.35860 52.59470 55.31620 60.05860 76.17910 80.91920 80.89880 80.47830 87.51700 90.72420 92.40190 82.84110 82.48450 87.93350 87.12770 85.29880 84.64660 80.21280 79.53880 80.25790 74.09350 77.76990 74.46330 77.52740 87.17840 93.46880 93.89910 94.07740 94.37050 86.49960 80.40090 79.67180 76.31240 82.60990 79.99350 77.43680 76.20310 71.26520 71.89030 68.43610 68.81530 71.46060 73.68480 75.55360 70.52600
-9999 -9999 -9999 -9999 -9999 -9999 -9999 -9999 -9999 -9999 -9999 -9999 -9999 -9999 -9999 -9999 81.48800 78.34820 67.51560 67.92550 60.20150 63.21960 60.22570 59.94000 56.24320 54.64100 54.46170 50.35390 51.05750 56.04610 57.38610 61.61690 60.54760 78.29460 81.78960 83.43130 77.07670 81.54780 81.64200 83.64250 81.21710 85.12750 89.12870 76.85310 75.78310 71.09500 72.75140 78.34740 75.16710 71.92040 84.26430 91.06130 91.94030 93.22870 93.31970 83.20320 86.86720 82.31280 86.55390 81.64730 79.66470 78.49600 80.20710 78.91840 79.32110 91.13770 91.70610 89.88010 83.07270 72.35890 72.85710
-9999 -9999 -9999 -9999 -9999 -9999 -9999 -9999 -9999 -9999 -9999 -9999 -9999 73.35520 70.33360 74.69930 71.45060 76.23870 74.28720 61.97850 60.18660 59.45120 55.88350 52.68340 51.97680 50.77710 50.29590 52.53130 52.20680 52.38130 72.22390 69.57040 52.98520 54.55840 74.86910 84.32120 85.13740 78.42170 83.12560 82.94660 83.01240 84.70680 81.07140 75.45160 83.87370 85.67990 84.59910 87.63300 89.61460 84.59670 83.47690 85.99700 81.96460 76.86320 85.44960 86.40340 83.13030 80.43770 78.97850 84.02750 85.20130 91.84860 84.81920 95.44290 96.64000 83.38810 86.37410 85.12380 75.95460 77.04350 76.42610
-9999 -9999 -9999 -9999 -9999 -9999 -9999 -9999 -9999 -9999 -9999 -9999 67.54400 71.28700 75.72440 72.50040 71.23970 66.40690 62.72460 57.02530 55.67240 57.94430 56.29850 52.89530 51.53930 50.23910 49.87240 50.81310 70.73880 70.62960 72.77250 69.10860 69.76470 51.95070 72.38770 81.64690 72.42960 77.37100 81.46270 81.77570 78.75480 81.04870 85.50610 85.23520 89.64730 83.29220 80.71520 87.49240 92.43840 94.96770 78.96090 81.83110 79.39260 79.37670 75.61420 77.42300 89.65310 89.89980 87.51190 93.22140 87.97420 90.73320 90.10120 86.15250 88.88210 83.09600 82.05000 75.92020 80.18610 80.33050 70.17500
-9999 -9999 -9999 -9999 -9999 -9999 -9999 -9999 -9999 -9999 -9999 73.75130 67.99600 68.22300 63.82120 58.18930 54.81870 56.59800 57.17700 55.20230 54.21110 50.53880 49.94940 50.67240 50.47680 50.17470 69.42200 51.70420 71.41830 70.42920 71.70060 50.67000 51.75980 52.30510 56.15130 75.52170 70.93120 74.53130 73.21720 74.67220 73.21470 83.64380 84.38360 85.95090 88.60770 86.32810 88.74520 88.06760 88.24770 91.84960 91.43340 87.69140 85.14450 85.03180 82.33960 76.76780 85.93420 84.88430 82.56910 83.36180 87.31390 87.49340 83.42590 78.85240 89.30410 80.07210 79.07330 79.04090 80.06950 75.54210 68.74080
-9999 -9999 -9999 -9999 -9999 -9999 -9999 -9999 -9999 -9999 61.47790 62.02530 57.83540 59.40120 55.47900 53.61540 52.08350 52.21210 52.44400 51.87830 50.82780 48.81530 48.42790 49.49320 49.12180 49.16980 49.21060 70.85310 71.24100 49.59040 50.50210 50.20380 40.84570 71.47380 75.85320 65.54660 72.12830 72.47720 77.08750 74.18240 82.54130 83.60320 83.68460 87.68060 89.03020 85.19690 86.26020 88.40010 87.59110 92.12880 94.32370 91.15370 91.50050 88.29500 85.94720 80.19840 87.36730 88.77850 84.43260 88.78670 87.71450 86.06650 80.80690 85.00790 86.34070 84.18790 82.14600 79.17680 79.60360 74.55920 72.72730
-9999 -9999 -9999 -9999 -9999 -9999 -9999 -9999 -9999 52.78360 53.18990 54.94430 54.80430 56.92060 54.31750 52.71400 52.26210 52.72990 51.47920 51.08310 50.62610 51.69280 51.01820 52.33680 52.06770 51.29950 50.62340 49.22470 49.68140 50.89080 51.21210 51.00420 52.32790 55.17680 77.26380 69.99270 77.36390 75.75450 73.93350 70.20930 80.24580 80.07310 79.65010 88.95090 85.02740 96.30890 84.83270 85.67990 89.32210 92.53490 96.61340 92.78110 86.86490 89.57080 86.67930 90.34710 90.03170 90.42190 89.63290 89.46950 85.17100 86.21640 79.79720 91.86340 83.87410 79.91670 85.33670 87.05290 79.14490 77.13830 75.90550
-9999 -9999 -9999 -9999 -9999 -9999 -9999 -9999 -9999 -9999 49.63890 51.13990 51.38260 51.72850 49.79580 50.52870 50.19490 50.88560 50.40420 50.10960 49.85050 51.12090 50.64190 -9999 -9999 -9999 -9999 -9999 -9999 50.90250 54.11650 50.84670 53.62700 56.81080 62.52120 71.92030 78.18900 74.06860 70.28570 65.07960 78.15620 78.42650 73.25290 95.88550 89.52170 95.26140 95.78910 84.22470 86.92820 90.77830 89.72580 87.20860 88.21980 87.33960 93.28050 87.00140 84.91340 88.05000 90.38810 87.59950 86.04830 78.91410 80.67710 86.45050 87.02820 83.57720 86.80980 84.62440 82.36330 84.02260 78.48240
-9999 -9999 -9999 -9999 -9999 -9999 -9999 -9999 -9999 -9999 -9999 -9999 46.54310 47.44810 47.60730 48.63560 48.61270 49.69740 49.79850 -9999 -9999 -9999 -9999 -9999 -9999 -9999 -9999 -9999 -9999 -9999 -9999 -9999 -9999 55.47750 61.27900 68.86040 82.13770 67.30580 63.11290 61.62380 77.26160 81.43640 79.17280 80.41780 80.91340 90.32240 98.12570 89.32540 91.31240 91.08180 92.41100 87.50960 88.82990 86.40290 87.94450 81.64600 81.88170 77.01240 73.85490 83.95890 82.64990 76.68800 82.75570 83.10000 85.01410 87.47190 88.10740 77.13670 79.38580 83.24980 90.23320
-9999 -9999 -9999 -9999 -9999 -9999 -9999 -9999 -9999 -9999 -9999 -9999 -9999 -9999 -9999 -9999 -9999 -9999 -9999 -9999 -9999 -9999 -9999 -9999 -9999 -9999 -9999 -9999 -9999 -9999 -9999 -9999 -9999 -9999 77.12050 76.77640 76.69980 76.99100 59.89580 79.35520 79.56110 81.63140 82.56980 77.77030 97.41800 96.46090 95.94010 89.96930 89.54450 88.96590 88.35800 86.41830 90.53250 83.45100 81.54280 77.77370 72.86470 87.47780 76.80870 76.20190 74.63610 86.18750 76.46830 82.12870 87.46950 90.42280 90.73160 80.18870 81.73900 87.84250 91.63530
-9999 -9999 -9999 -9999 -9999 -9999 -9999 -9999 -9999 -9999 -9999 -9999 -9999 -9999 -9999 -9999 -9999 -9999 -9999 -9999 -9999 -9999 -9999 -9999 -9999 -9999 -9999 -9999 -9999 -9999 -9999 -9999 -9999 -9999 58.54630 77.19200 78.02730 63.08710 59.61850 85.15370 86.98080 92.11200 92.70360 85.76960 83.57360 90.19200 89.64880 89.83880 90.46440 90.33240 87.84230 90.29910 77.89430 77.54270 74.46420 72.41640 79.20850 73.53760 72.71650 80.52210 80.05590 86.42870 75.45970 74.86880 81.39770 76.74760 86.22630 82.14450 85.33860 88.31820 -9999
-9999 -9999 -9999 -9999 -9999 -9999 -9999 -9999 -9999 -9999 -9999 -9999 -9999 -9999 -9999 -9999 -9999 -9999 -9999 -9999 -9999 -9999 -9999 -9999 -9999 -9999 -9999 -9999 -9999 -9999 -9999 -9999 -9999 -9999 -9999 -9999 -9999 -9999 77.57870 85.54980 87.68030 83.30610 80.56830 84.11730 90.29740 89.87640 88.69590 90.58070 91.60860 90.80060 91.28500 87.12180 86.74620 75.83050 80.24680 70.42940 68.23940 71.69750 71.86920 68.05840 68.08170 73.14070 78.53710 82.41550 86.06830 76.68230 81.32550 90.44620 79.07000 -9999 -9999
