data/hydroclimate-scenarios/BCSD_hadcm_B1/monthly_summaries/swe_monthly_day1_jan.2030-2059.asc
ncols	311
nrows	91
xllcenter	102.75
yllcenter	31.75
cellsize	0.5
NODATA_value	-9999
[rows 0 to 31 of 91, columns 213 to 283 of 311]
-9999 -9999 -9999 -9999 -9999 -9999 -9999 -9999 -9999 -9999 -9999 -9999 -9999 -9999 -9999 -9999 -9999 -9999 -9999 -9999 -9999 -9999 -9999 -9999 -9999 -9999 -9999 -9999 -9999 -9999 -9999 -9999 -9999 -9999 -9999 -9999 -9999 -9999 -9999 -9999 -9999 -9999 -9999 -9999 -9999 -9999 -9999 -9999 -9999 -9999 -9999 -9999 -9999 -9999 -9999 -9999 -9999 -9999 -9999 -9999 -9999 -9999 -9999 -9999 -9999 -9999 -9999 -9999 -9999 -9999 -9999
-9999 -9999 -9999 -9999 -9999 -9999 -9999 -9999 -9999 -9999 -9999 -9999 -9999 -9999 -9999 -9999 -9999 -9999 -9999 -9999 -9999 -9999 -9999 -9999 -9999 -9999 -9999 -9999 -9999 -9999 -9999 -9999 -9999 -9999 -9999 -9999 -9999 -9999 -9999 -9999 -9999 -9999 -9999 -9999 -9999 -9999 -9999 -9999 -9999 -9999 -9999 -9999 -9999 -9999 -9999 -9999 -9999 -9999 -9999 -9999 -9999 -9999 -9999 -9999 -9999 -9999 -9999 -9999 -9999 -9999 -9999
-9999 -9999 -9999 -9999 -9999 -9999 -9999 -9999 -9999 -9999 -9999 -9999 -9999 -9999 -9999 -9999 -9999 -9999 -9999 -9999 -9999 -9999 -9999 -9999 -9999 -9999 -9999 -9999 -9999 -9999 -9999 -9999 -9999 -9999 -9999 -9999 -9999 -9999 -9999 -9999 -9999 -9999 -9999 -9999 -9999 -9999 -9999 -9999 -9999 -9999 -9999 -9999 -9999 -9999 -9999 -9999 -9999 -9999 -9999 -9999 -9999 -9999 -9999 -9999 -9999 -9999 -9999 -9999 -9999 -9999 -9999
-9999 -9999 -9999 -9999 -9999 -9999 -9999 -9999 -9999 -9999 -9999 -9999 -9999 -9999 -9999 -9999 -9999 -9999 -9999 -9999 -9999 -9999 -9999 -9999 -9999 -9999 -9999 -9999 -9999 -9999 -9999 -9999 -9999 -9999 -9999 -9999 -9999 -9999 -9999 -9999 -9999 -9999 -9999 -9999 -9999 -9999 -9999 -9999 -9999 -9999 -9999 -9999 -9999 -9999 -9999 -9999 -9999 -9999 -9999 -9999 -9999 -9999 -9999 -9999 -9999 -9999 -9999 -9999 -9999 -9999 -9999
-9999 -9999 -9999 -9999 -9999 -9999 -9999 -9999 -9999 -9999 -9999 -9999 -9999 -9999 -9999 -9999 -9999 -9999 -9999 -9999 -9999 -9999 -9999 -9999 -9999 -9999 -9999 -9999 -9999 -9999 -9999 -9999 -9999 -9999 -9999 -9999 -9999 -9999 -9999 -9999 -9999 -9999 -9999 -9999 -9999 -9999 -9999 -9999 -9999 -9999 -9999 -9999 -9999 -9999 -9999 -9999 -9999 -9999 -9999 -9999 -9999 -9999 -9999 -9999 -9999 -9999 -9999 -9999 -9999 -9999 -9999
-9999 -9999 -9999 -9999 -9999 -9999 -9999 -9999 -9999 -9999 -9999 -9999 -9999 -9999 -9999 -9999 -9999 -9999 -9999 -9999 -9999 -9999 -9999 -9999 -9999 -9999 -9999 -9999 -9999 -9999 -9999 -9999 -9999 -9999 -9999 -9999 -9999 -9999 -9999 -9999 -9999 -9999 -9999 -9999 -9999 -9999 -9999 -9999 -9999 -9999 -9999 -9999 -9999 -9999 -9999 -9999 -9999 -9999 -9999 -9999 -9999 -9999 -9999 -9999 -9999 -9999 -9999 -9999 -9999 -9999 -9999
-9999 -9999 -9999 -9999 -9999 -9999 -9999 -9999 -9999 -9999 -9999 -9999 -9999 -9999 -9999 -9999 -9999 -9999 -9999 -9999 -9999 -9999 -9999 -9999 -9999 -9999 -9999 -9999 -9999 -9999 -9999 -9999 -9999 -9999 -9999 -9999 -9999 -9999 -9999 -9999 -9999 -9999 -9999 -9999 -9999 -9999 -9999 -9999 -9999 -9999 -9999 -9999 -9999 -9999 -9999 -9999 -9999 -9999 -9999 -9999 -9999 -9999 -9999 -9999 -9999 -9999 -9999 -9999 -9999 -9999 -9999
-9999 -9999 -9999 -9999 -9999 -9999 -9999 -9999 -9999 -9999 -9999 -9999 -9999 -9999 -9999 -9999 -9999 -9999 -9999 -9999 -9999 -9999 -9999 -9999 -9999 -9999 -9999 -9999 -9999 -9999 -9999 -9999 -9999 -9999 -9999 -9999 -9999 -9999 -9999 -9999 -9999 -9999 -9999 -9999 -9999 -9999 -9999 -9999 -9999 -9999 -9999 -9999 -9999 -9999 -9999 -9999 -9999 -9999 -9999 -9999 -9999 -9999 -9999 -9999 -9999 -9999 -9999 -9999 -9999 -9999 -9999
-9999 -9999 -9999 -9999 -9999 -9999 -9999 -9999 -9999 -9999 -9999 -9999 -9999 -9999 -9999 -9999 -9999 -9999 -9999 -9999 -9999 -9999 -9999 -9999 -9999 -9999 -9999 -9999 -9999 -9999 -9999 -9999 -9999 -9999 -9999 -9999 -9999 -9999 -9999 -9999 -9999 -9999 -9999 -9999 -9999 -9999 -9999 -9999 -9999 -9999 -9999 -9999 -9999 -9999 -9999 -9999 -9999 -9999 -9999 -9999 -9999 -9999 -9999 -9999 -9999 -9999 -9999 -9999 -9999 -9999 -9999
-9999 -9999 -9999 -9999 -9999 -9999 -9999 -9999 -9999 -9999 -9999 -9999 -9999 -9999 -9999 -9999 -9999 -9999 -9999 -9999 -9999 -9999 -9999 -9999 -9999 -9999 -9999 -9999 -9999 -9999 -9999 -9999 -9999 -9999 -9999 -9999 -9999 -9999 -9999 -9999 -9999 -9999 -9999 -9999 -9999 -9999 -9999 -9999 -9999 -9999 -9999 -9999 -9999 -9999 -9999 -9999 -9999 -9999 -9999 -9999 -9999 -9999 -9999 -9999 -9999 -9999 -9999 -9999 -9999 -9999 -9999
-9999 -9999 -9999 -9999 -9999 -9999 -9999 -9999 -9999 -9999 -9999 -9999 -9999 -9999 -9999 -9999 -9999 -9999 -9999 -9999 -9999 -9999 -9999 -9999 -9999 -9999 -9999 -9999 -9999 -9999 -9999 -9999 -9999 -9999 -9999 -9999 -9999 -9999 -9999 -9999 -9999 -9999 -9999 -9999 -9999 -9999 -9999 -9999 -9999 -9999 -9999 -9999 -9999 -9999 -9999 -9999 -9999 -9999 -9999 -9999 -9999 -9999 -9999 -9999 -9999 -9999 -9999 -9999 -9999 -9999 -9999
-9999 -9999 -9999 -9999 -9999 -9999 -9999 -9999 -9999 -9999 -9999 -9999 -9999 -9999 -9999 -9999 -9999 -9999 -9999 -9999 -9999 -9999 -9999 -9999 -9999 -9999 -9999 -9999 -9999 -9999 -9999 -9999 -9999 -9999 -9999 -9999 -9999 -9999 -9999 -9999 -9999 -9999 -9999 -9999 -9999 -9999 -9999 -9999 -9999 -9999 -9999 -9999 -9999 -9999 -9999 -9999 -9999 -9999 -9999 -9999 -9999 -9999 -9999 -9999 -9999 -9999 -9999 -9999 -9999 -9999 -9999
-9999 -9999 -9999 -9999 -9999 -9999 -9999 -9999 -9999 -9999 -9999 -9999 -9999 -9999 -9999 -9999 -9999 -9999 -9999 -9999 -9999 -9999 -9999 -9999 -9999 -9999 -9999 -9999 -9999 -9999 -9999 -9999 -9999 -9999 -9999 -9999 -9999 -9999 -9999 -9999 -9999 -9999 -9999 -9999 -9999 -9999 -9999 -9999 -9999 -9999 -9999 -9999 -9999 -9999 -9999 -9999 -9999 -9999 -9999 -9999 -9999 -9999 -9999 -9999 -9999 -9999 -9999 -9999 -9999 -9999 -9999
58.90810 59.99780 58.81990 57.34310 55.21770 52.65650 -9999 -9999 -9999 -9999 -9999 -9999 -9999 -9999 -9999 -9999 -9999 -9999 -9999 -9999 -9999 -9999 -9999 -9999 -9999 -9999 -9999 -9999 -9999 -9999 -9999 -9999 -9999 -9999 -9999 -9999 -9999 -9999 -9999 -9999 -9999 -9999 -9999 -9999 -9999 -9999 -9999 41.39380 -9999 -9999 -9999 -9999 -9999 -9999 -9999 -9999 -9999 -9999 -9999 -9999 -9999 -9999 -9999 -9999 -9999 -9999 -9999 -9999 -9999 -9999 -9999
66.41160 65.70220 61.62570 60.19010 59.89250 59.33690 48.08460 42.46600 27.23130 27.09860 17.62960 21.02500 20.46860 55.88580 54.02290 52.25890 48.73390 39.94640 252.67400 -9999 -9999 -9999 -9999 -9999 -9999 -9999 -9999 -9999 -9999 -9999 -9999 -9999 -9999 -9999 -9999 -9999 -9999 -9999 -9999 -9999 -9999 -9999 8.55330 23.02440 14.01090 1.44261 1.92550 13.73880 53.33960 -9999 -9999 -9999 47.87140 -9999 -9999 -9999 52.21970 65.27650 62.59180 -9999 -9999 -9999 -9999 -9999 -9999 -9999 -9999 -9999 -9999 -9999 -9999
67.29170 64.59660 61.39580 61.65270 60.86100 61.75360 18.35620 0.00000 0.00000 0.00000 0.00000 0.00000 0.00000 0.54709 1.61970 0.43638 0.00000 0.00000 0.00000 0.00000 0.80363 4.30589 37.66870 73.17780 46.81530 -9999 -9999 -9999 -9999 -9999 56.76430 56.36820 62.05790 65.66300 64.59810 60.03590 55.16820 55.98510 57.13610 57.69610 53.75640 53.80190 1.21293 3.05012 0.40844 1.43887 1.12985 2.96592 60.14830 60.52000 62.17240 57.69970 56.84630 65.49980 65.15940 62.36610 69.23850 65.48790 39.00220 44.74420 56.99390 60.70150 67.40870 66.54020 -9999 -9999 -9999 -9999 -9999 -9999 -9999
69.94710 70.82420 69.09210 26.75590 28.08310 27.69680 0.00000 0.00000 0.00000 0.00000 0.00000 0.00000 0.00000 0.00000 0.00000 0.00000 0.00000 0.00000 0.00000 0.84697 3.10974 3.33216 51.85370 10.95930 31.60740 44.10660 59.52220 73.78690 77.75440 73.25900 68.48870 66.64390 66.98580 75.73630 79.87600 73.39640 65.47940 67.37020 72.65630 68.70210 67.82970 67.54270 62.26360 63.52900 64.51270 63.05450 57.44350 57.95610 61.03180 59.99040 61.13230 59.80630 65.11020 68.89250 72.60760 84.54030 85.64600 85.86980 94.51430 94.85940 87.82560 98.27350 88.84270 76.86290 71.40690 65.39380 64.33670 63.85240 59.59830 61.30590 62.59200
49.07950 18.80370 66.45480 0.00000 0.00000 0.00000 0.00000 0.00000 0.00000 0.00000 0.00000 0.00000 0.00000 0.00000 0.00000 0.00000 0.00000 3.11825 17.36610 23.83100 21.59300 41.31250 124.24100 128.28999 48.51720 51.60380 45.91530 59.42240 73.11310 82.72910 91.78790 72.22630 73.10490 83.33530 100.29400 102.22800 100.73700 96.21200 93.83510 89.06380 79.95000 82.30090 73.22240 68.91540 71.01060 69.02740 61.65850 64.25850 68.11530 66.12910 63.85620 68.13020 72.11640 78.32640 84.01400 91.34420 97.49680 91.97980 92.92280 96.39720 101.16200 111.88300 88.64720 89.85460 81.63100 81.41020 76.60010 82.26190 89.76310 93.48830 98.30340
57.92180 61.56420 33.12750 37.71900 35.51300 23.79820 23.43770 17.10210 17.27190 18.94850 18.22380 17.61870 12.00410 11.23710 0.00689 15.62190 27.83970 11.66500 14.92850 13.66050 51.66770 98.58400 131.50999 142.63499 68.01050 62.89860 69.79690 37.42530 34.93360 53.80280 120.20700 103.13500 97.23250 94.55000 99.87710 103.55400 104.13100 93.51050 88.35980 82.58220 77.33980 71.60760 73.37340 76.27560 78.10700 78.04220 76.68810 76.94590 80.41330 79.42550 79.73160 74.16340 75.07000 78.83620 85.66710 84.97610 82.81780 90.88430 102.17300 105.68600 106.88300 107.77800 84.71760 91.96530 94.95440 103.64600 106.77500 103.86100 97.37850 99.52340 99.43000
87.04210 102.26000 74.61500 56.66720 50.70740 46.81390 39.04500 20.06910 51.56150 48.45630 45.04360 43.86050 44.87030 43.95540 50.27500 48.26550 43.41450 51.64000 174.14700 149.80400 94.94130 107.39500 77.71410 104.22900 47.69780 59.78220 83.15010 90.77720 103.63300 77.48430 146.54100 147.50999 125.83800 116.53500 104.64000 95.44820 88.48400 84.41950 86.34710 87.96730 81.75070 73.83520 83.18510 92.31260 91.16530 89.58850 89.68120 88.44220 87.93120 81.66390 81.62750 86.79660 85.00790 84.75410 88.78540 92.31270 100.74700 99.91610 102.49300 101.15100 96.77070 96.47130 96.10600 102.66200 106.65200 112.15800 116.59800 129.85300 130.64200 133.02299 127.76000
90.15400 141.78000 147.22400 115.49400 86.68470 69.66840 60.20770 56.92700 42.10310 39.55480 37.82460 38.61160 41.91350 44.33140 54.04820 61.78640 66.19780 67.59620 112.40600 66.02810 13.69960 13.86910 42.26800 29.93230 31.94100 57.09630 74.58900 88.51170 98.19450 100.09900 104.28500 131.51199 132.06500 122.01600 106.98300 93.41710 91.21500 94.83320 89.68850 86.63580 86.29160 76.09320 87.78670 84.59810 83.65940 82.80890 81.58090 86.92330 91.23160 90.22180 92.09900 91.61700 95.28910 97.98740 97.45320 98.51960 108.75000 99.52260 103.32700 99.03880 93.28400 91.29400 89.08160 93.97760 102.72600 109.86400 116.81400 124.66400 125.61600 127.55300 128.55901
127.25200 120.89400 96.49180 56.13500 46.67870 48.97960 47.75030 50.25690 43.78770 43.29150 42.78710 45.16100 50.87180 57.20090 62.84730 63.52510 66.50460 65.68420 161.60400 121.50000 6.43325 0.16111 0.00000 5.05804 28.24100 66.97960 93.92790 100.09100 91.11090 100.43800 90.96270 127.51900 141.11700 130.17700 114.28100 106.04600 101.99600 97.12020 92.55330 90.34590 88.75670 79.38990 86.59060 83.13410 79.22370 83.82830 88.62490 87.84350 94.86270 95.18850 101.09400 102.24600 99.09660 98.46230 94.19190 93.20110 96.17280 102.05200 102.36500 104.84500 94.04980 93.55190 90.08720 93.72170 95.97020 90.12410 94.28100 101.63600 112.47500 127.95900 134.53799
133.09000 85.08760 69.99160 70.05590 64.65530 78.04360 118.83100 105.14600 83.14790 95.04930 55.29630 40.40830 62.13840 61.02120 76.09960 76.17170 77.30350 66.56840 88.41340 104.74600 7.29809 0.73313 0.00000 5.10537 7.96472 42.33970 57.32740 64.25370 88.79300 107.50800 105.47800 107.93700 110.31500 112.80600 107.20700 112.86000 115.20300 109.60200 122.10400 118.82900 123.79700 117.06800 105.83100 97.24310 91.12790 106.60400 116.24200 126.41800 130.49899 125.64700 120.08200 119.58700 108.23500 100.35800 97.75070 105.92800 99.07570 105.61000 93.27040 82.93540 85.81320 87.50700 89.94040 93.51050 90.06430 91.76260 95.67140 101.28100 115.86200 124.43800 127.62400
75.70520 77.02080 87.37290 68.01320 50.75660 70.99040 105.02800 107.15100 84.00280 39.88920 39.63100 39.58810 4.93018 32.14400 27.66030 25.67840 73.14630 76.84310 98.97630 114.39500 17.97770 0.45300 4.35802 7.65682 10.20620 15.66110 27.67370 32.34670 44.93780 68.69780 91.98780 109.13900 108.22300 89.54250 87.82990 69.91020 53.37070 69.90050 106.31900 104.53000 102.97900 125.02800 168.67500 172.24300 181.31200 176.17500 168.64200 146.75000 154.26700 144.34100 131.13100 110.63700 119.76100 110.81800 104.61300 109.36400 108.12300 99.99090 90.16740 93.09540 96.99910 85.81060 89.06400 90.16400 85.59930 90.78430 91.14020 96.80440 107.80200 115.02400 110.94400
62.66340 62.44530 61.52470 57.16000 54.50730 57.17240 57.03950 62.26050 79.64350 77.37450 34.21460 28.41420 3.95435 2.67746 0.63474 2.13001 0.00000 0.45160 1.27908 138.84300 183.49500 0.28604 0.00000 0.00000 0.00000 2.33979 0.00000 8.45178 13.10800 18.42250 11.88370 12.12090 18.87010 16.27360 11.62620 16.13750 16.91890 16.08930 35.20000 55.91060 62.25880 76.26640 128.43100 124.80200 153.98599 185.05099 207.13100 196.02800 178.84399 147.45500 126.75800 102.30800 104.97200 120.19200 117.67100 110.19600 101.94400 100.26000 89.33960 93.00310 97.20730 103.65000 109.28600 105.69800 92.11220 85.61280 86.84080 96.70980 97.73040 101.93600 96.90240
54.17830 56.86330 59.03940 57.78850 64.77310 63.82160 70.48380 61.15160 53.66610 53.06740 62.30230 75.69550 54.98660 33.91310 6.40998 2.49984 0.80222 0.57700 9.47639 29.70320 26.63890 69.57430 1.66462 32.00220 12.50130 2.01664 2.05716 6.29677 11.03010 37.37190 37.18760 47.06290 24.78210 29.49650 13.99740 18.05320 35.32400 31.48090 53.66420 74.00010 77.55380 97.01260 167.35699 193.75800 200.01300 205.93100 229.57100 241.73000 245.19000 204.99500 173.92300 141.66499 115.62300 141.88800 149.57899 123.01200 114.91800 110.31800 101.65000 101.29900 98.68940 107.27900 107.92400 100.47000 101.71100 102.93600 94.70920 91.06570 98.76590 97.49910 95.07370
96.68430 104.86900 111.98700 107.76900 97.84560 140.45500 155.61000 169.14999 86.45150 136.30400 152.83501 165.78900 107.58000 62.55150 56.24320 58.70940 49.99060 49.77640 41.78930 14.74810 44.80110 26.80680 39.16820 57.21670 54.56760 65.13750 76.02250 68.75250 73.73210 101.11200 114.96000 76.42450 62.65480 62.19440 62.20140 73.19830 42.28050 58.44010 73.14660 100.38400 129.34200 167.23300 185.96001 228.22501 239.34200 271.28699 283.01401 274.26801 253.58600 228.27499 195.29100 177.28200 140.35400 119.57500 121.70400 130.94701 112.41300 109.89500 108.84100 103.76400 100.26500 100.55600 107.56000 109.87400 104.85000 103.16200 96.48440 92.12070 91.65680 95.77840 98.67960
-9999 279.54599 239.64900 162.93800 154.31500 147.80099 165.30299 213.86600 170.23700 197.45799 168.71001 120.91400 184.09801 155.19000 151.72501 76.22440 44.15730 41.94930 187.75200 163.91400 124.61200 112.45100 85.03560 113.95200 56.06570 65.43750 68.18810 90.95330 78.66570 90.76230 81.03980 46.54090 33.07310 46.73730 27.44330 36.29680 55.06960 74.84740 82.23060 106.13900 154.28900 195.44299 217.53700 269.37799 297.63501 312.02100 310.93301 308.98099 278.44000 251.14600 236.38200 201.71001 170.88600 146.61501 116.89800 128.51801 120.10100 114.09900 106.93500 114.51200 107.09300 105.82500 105.72800 99.49880 103.34000 105.44400 104.99700 102.39400 91.84930 92.52150 90.65580
503.77802 289.30499 242.47301 205.32001 147.43201 135.25600 143.17000 90.09240 88.81420 98.25750 109.13500 112.63900 80.45620 95.36300 100.76100 110.15600 78.97930 39.43940 205.21300 231.53900 236.32500 220.65601 138.77800 80.99310 14.83220 5.10875 54.53260 68.52620 60.19620 75.50570 78.38550 51.70930 37.30450 16.83660 18.17110 36.58430 64.84960 71.88650 95.34010 136.45300 152.67599 204.57700 237.46899 286.47601 337.28101 351.57800 354.17999 325.30301 275.67099 256.21600 223.39200 194.01601 193.52699 153.78900 140.19800 106.97400 119.06400 116.27200 97.86260 96.01100 97.15060 96.82000 99.03610 99.59790 103.28800 107.26500 115.13600 113.10400 106.73400 93.99300 89.64100
183.02000 137.68800 209.81000 282.25699 304.95999 219.46400 140.47400 97.79940 70.56600 74.28290 72.47760 69.55490 143.80099 265.20300 284.60001 237.72900 185.75101 105.54100 149.54900 164.22900 181.56900 356.00601 322.52802 153.95900 79.83860 40.77080 39.44300 30.55090 47.46330 58.87970 52.97260 32.81050 35.05210 14.16510 24.69880 36.32480 82.75560 92.09580 124.90800 156.93600 194.06799 231.22099 273.28900 308.69501 375.99301 406.77802 370.11301 355.23300 321.99399 292.04099 237.46500 220.18201 221.60600 176.99699 146.50600 105.06200 108.95500 115.81700 96.96320 103.65400 121.28500 141.34900 143.80099 143.04601 141.29700 117.18400 99.63720 102.42500 105.36400 104.34300 98.26230
148.13901 105.84900 106.03300 173.33400 190.47000 145.52901 301.05099 457.80200 380.10300 210.24001 156.95200 92.73570 127.78600 214.36800 -9999 -9999 630.65399 391.67401 316.06699 336.88101 316.12201 463.16000 398.29001 205.12500 85.26010 59.91970 85.05590 103.87600 70.12500 63.04360 42.20470 27.88700 30.88450 26.70490 34.95860 51.80910 69.14750 98.15530 119.72200 156.12199 168.76700 210.28799 223.29900 290.05499 356.80301 384.91599 378.88101 300.14301 244.18800 233.18401 196.34599 195.30200 204.81799 153.76500 109.40800 117.19300 106.67500 105.85200 81.16990 82.74220 86.60150 95.62200 96.89960 100.25600 98.87820 97.96640 96.88170 101.57300 101.46900 109.62500 100.71800
91.66200 -9999 79.25320 184.72099 480.28101 -9999 -9999 -9999 -9999 908.80902 777.30902 442.91800 405.78699 333.42700 305.72198 272.37000 161.24300 292.90500 -9999 -9999 -9999 -9999 797.48798 476.06299 300.38699 243.85899 192.34200 151.26401 163.31599 127.52600 95.91060 59.79210 35.14780 39.58780 56.12550 75.36730 105.40900 109.20600 137.39900 168.14700 212.39101 219.14600 231.85500 221.15900 298.52600 291.01700 317.45401 273.48401 231.72000 200.41901 200.85300 173.64799 165.34300 151.07899 103.32700 102.76800 84.36790 83.17900 84.66270 88.05200 87.11380 82.48840 80.78040 83.98890 86.43770 90.37210 97.71800 94.41440 94.25310 97.94530 92.33050
