data/hydroclimate-scenarios/BCSD_hadcm_B1/monthly_summaries/swe_monthly_day1_dec.2030-2059.asc
ncols	311
nrows	91
xllcenter	102.75
yllcenter	31.75
cellsize	0.5
NODATA_value	-9999
[rows 0 to 31 of 91, columns 0 to 71 of 311]
-9999 -9999 -9999 -9999 -9999 -9999 -9999 -9999 -9999 -9999 -9999 -9999 -9999 -9999 -9999 -9999 -9999 -9999 -9999 -9999 -9999 -9999 -9999 -9999 -9999 -9999 -9999 -9999 -9999 -9999 -9999 -9999 -9999 -9999 -9999 -9999 -9999 -9999 -9999 -9999 -9999 -9999 -9999 -9999 -9999 -9999 -9999 -9999 -9999 -9999 -9999 -9999 -9999 -9999 -9999 -9999 -9999 -9999 -9999 -9999 -9999 -9999 -9999 -9999 -9999 -9999 -9999 -9999 -9999 -9999 -9999 -9999
-9999 -9999 -9999 -9999 -9999 -9999 -9999 -9999 -9999 -9999 -9999 -9999 -9999 -9999 -9999 -9999 -9999 -9999 -9999 -9999 -9999 -9999 -9999 -9999 -9999 -9999 -9999 -9999 -9999 -9999 -9999 -9999 -9999 -9999 -9999 -9999 -9999 -9999 -9999 -9999 -9999 -9999 -9999 -9999 -9999 -9999 -9999 -9999 -9999 -9999 -9999 -9999 -9999 -9999 -9999 -9999 -9999 -9999 -9999 -9999 -9999 -9999 -9999 -9999 -9999 -9999 -9999 -9999 -9999 -9999 -9999 -9999
-9999 -9999 -9999 -9999 -9999 -9999 -9999 -9999 -9999 -9999 -9999 -9999 -9999 -9999 -9999 -9999 -9999 -9999 -9999 -9999 -9999 -9999 -9999 -9999 -9999 -9999 -9999 -9999 -9999 -9999 -9999 -9999 -9999 -9999 -9999 -9999 -9999 -9999 -9999 -9999 -9999 -9999 -9999 -9999 -9999 -9999 -9999 -9999 -9999 -9999 -9999 -9999 -9999 -9999 -9999 -9999 -9999 -9999 -9999 -9999 -9999 -9999 -9999 -9999 -9999 -9999 -9999 -9999 -9999 -9999 -9999 -9999
-9999 -9999 -9999 -9999 -9999 -9999 -9999 -9999 -9999 -9999 -9999 -9999 -9999 -9999 -9999 -9999 -9999 -9999 -9999 -9999 -9999 -9999 -9999 -9999 -9999 -9999 -9999 -9999 -9999 -9999 -9999 -9999 -9999 -9999 -9999 -9999 -9999 -9999 -9999 -9999 -9999 -9999 -9999 -9999 -9999 -9999 -9999 -9999 -9999 -9999 -9999 -9999 -9999 -9999 -9999 -9999 -9999 -9999 -9999 -9999 -9999 -9999 -9999 -9999 -9999 -9999 -9999 -9999 -9999 -9999 -9999 -9999
-9999 -9999 -9999 -9999 -9999 -9999 -9999 -9999 -9999 -9999 -9999 -9999 -9999 -9999 -9999 -9999 -9999 -9999 -9999 -9999 -9999 -9999 -9999 -9999 -9999 -9999 -9999 -9999 -9999 -9999 -9999 -9999 -9999 -9999 -9999 -9999 -9999 -9999 -9999 -9999 -9999 -9999 -9999 -9999 -9999 -9999 -9999 -9999 -9999 -9999 -9999 -9999 -9999 -9999 -9999 -9999 -9999 -9999 -9999 -9999 -9999 -9999 -9999 -9999 -9999 -9999 -9999 -9999 -9999 -9999 -9999 -9999
-9999 -9999 -9999 -9999 -9999 -9999 -9999 -9999 -9999 -9999 -9999 -9999 -9999 -9999 -9999 -9999 -9999 -9999 -9999 -9999 -9999 -9999 -9999 -9999 -9999 -9999 -9999 -9999 -9999 -9999 -9999 -9999 -9999 -9999 -9999 -9999 -9999 -9999 -9999 -9999 -9999 -9999 -9999 -9999 -9999 -9999 -9999 -9999 -9999 -9999 -9999 -9999 -9999 -9999 -9999 -9999 -9999 -9999 -9999 -9999 -9999 -9999 -9999 -9999 -9999 -9999 -9999 -9999 -9999 -9999 -9999 -9999
-9999 -9999 -9999 -9999 -9999 -9999 -9999 -9999 -9999 -9999 -9999 -9999 -9999 -9999 -9999 -9999 -9999 -9999 -9999 -9999 -9999 -9999 -9999 -9999 -9999 -9999 -9999 -9999 -9999 -9999 -9999 -9999 -9999 -9999 -9999 -9999 -9999 -9999 -9999 -9999 -9999 -9999 -9999 -9999 -9999 -9999 -9999 -9999 -9999 -9999 -9999 -9999 -9999 -9999 -9999 -9999 -9999 -9999 -9999 -9999 -9999 -9999 -9999 -9999 -9999 -9999 -9999 -9999 -9999 -9999 -9999 -9999
-9999 -9999 -9999 -9999 -9999 -9999 -9999 -9999 -9999 -9999 -9999 -9999 -9999 -9999 -9999 -9999 -9999 -9999 -9999 -9999 -9999 -9999 -9999 -9999 -9999 -9999 -9999 -9999 -9999 -9999 -9999 -9999 -9999 -9999 -9999 -9999 -9999 -9999 -9999 -9999 -9999 -9999 86.77740 87.50000 87.27140 85.91500 83.47490 85.78240 81.02360 76.97930 72.28120 67.65730 -9999 -9999 -9999 -9999 -9999 -9999 -9999 -9999 -9999 -9999 -9999 -9999 -9999 -9999 -9999 -9999 -9999 -9999 -9999 -9999
-9999 -9999 -9999 -9999 -9999 -9999 -9999 -9999 -9999 -9999 -9999 -9999 -9999 -9999 -9999 -9999 -9999 -9999 -9999 -9999 -9999 -9999 -9999 -9999 -9999 -9999 -9999 -9999 -9999 -9999 -9999 -9999 -9999 -9999 -9999 -9999 -9999 -9999 87.43600 92.88610 91.01410 93.49630 93.98560 92.97130 92.24660 89.22690 86.43930 87.81650 86.86580 83.30270 77.09440 69.12480 63.05300 38.75580 -9999 -9999 -9999 -9999 -9999 -9999 -9999 -9999 -9999 -9999 -9999 -9999 -9999 -9999 -9999 -9999 -9999 -9999
-9999 -9999 -9999 -9999 -9999 -9999 -9999 -9999 -9999 -9999 -9999 -9999 -9999 -9999 -9999 -9999 -9999 -9999 -9999 -9999 -9999 -9999 -9999 -9999 -9999 -9999 -9999 -9999 -9999 -9999 -9999 -9999 -9999 -9999 -9999 -9999 -9999 -9999 -9999 -9999 85.86810 92.72360 94.83840 95.80470 95.66390 95.43240 93.20790 93.44770 92.49890 89.15400 83.31670 71.71530 65.78610 37.70050 -9999 -9999 -9999 -9999 -9999 -9999 -9999 -9999 -9999 -9999 -9999 -9999 -9999 -9999 -9999 -9999 -9999 -9999
-9999 -9999 -9999 -9999 -9999 -9999 -9999 -9999 -9999 -9999 -9999 -9999 -9999 -9999 -9999 -9999 -9999 -9999 -9999 -9999 -9999 -9999 -9999 -9999 -9999 -9999 -9999 -9999 -9999 -9999 -9999 -9999 -9999 -9999 -9999 -9999 -9999 -9999 -9999 -9999 -9999 -9999 -9999 -9999 109.67400 106.28900 108.73700 107.58100 107.51400 98.00620 93.30440 79.11020 68.79670 41.61020 -9999 -9999 -9999 -9999 -9999 -9999 44.97640 -9999 -9999 -9999 -9999 -9999 -9999 -9999 -9999 -9999 -9999 -9999
-9999 -9999 -9999 -9999 -9999 -9999 -9999 -9999 -9999 -9999 -9999 -9999 -9999 -9999 -9999 -9999 -9999 -9999 -9999 -9999 -9999 -9999 -9999 -9999 -9999 -9999 -9999 -9999 -9999 -9999 -9999 -9999 -9999 -9999 -9999 -9999 -9999 -9999 -9999 -9999 -9999 108.54400 109.08400 111.67800 112.84100 109.27200 110.70600 111.68700 109.18600 105.07700 98.88490 83.34020 72.57840 63.55840 -9999 -9999 -9999 -9999 -9999 45.59550 43.30040 43.70530 42.23100 38.93490 39.31160 39.73480 39.34400 37.19400 36.90670 37.05160 37.19950 35.47640
-9999 -9999 -9999 -9999 -9999 -9999 -9999 -9999 -9999 -9999 -9999 -9999 -9999 -9999 -9999 -9999 -9999 -9999 -9999 -9999 -9999 -9999 -9999 -9999 -9999 -9999 -9999 -9999 -9999 -9999 -9999 -9999 -9999 -9999 -9999 -9999 -9999 -9999 -9999 -9999 -9999 106.90400 112.00700 113.32400 111.86300 109.42600 110.63800 109.17300 108.65700 104.85000 98.16530 91.75080 82.11310 71.56840 65.60430 59.96510 52.12920 -9999 46.81460 50.44100 46.55230 46.76300 44.83510 41.87350 41.61850 41.94680 40.32690 40.51470 40.37090 39.83840 40.97200 39.95520
-9999 -9999 -9999 -9999 -9999 -9999 -9999 -9999 -9999 -9999 -9999 -9999 -9999 -9999 -9999 -9999 -9999 -9999 -9999 -9999 -9999 -9999 -9999 -9999 -9999 -9999 -9999 -9999 -9999 -9999 -9999 -9999 -9999 -9999 -9999 87.01370 90.46930 95.67250 97.89000 101.31300 104.21600 108.22300 110.02400 112.42400 115.24800 113.98300 112.77100 111.64100 111.22700 107.51100 102.09700 96.27510 90.92560 80.32030 71.73910 65.72780 55.49260 49.22340 46.07290 49.00830 45.05460 46.10650 43.83810 40.90580 40.56360 40.87320 39.97480 39.97810 39.82110 39.96340 40.08320 38.95460
-9999 -9999 -9999 -9999 -9999 -9999 -9999 -9999 -9999 -9999 -9999 -9999 -9999 -9999 -9999 -9999 -9999 -9999 -9999 -9999 -9999 -9999 -9999 -9999 -9999 -9999 -9999 -9999 -9999 -9999 -9999 -9999 -9999 -9999 81.78490 86.86820 92.33410 95.06020 98.75490 98.01770 103.89200 105.11300 107.53300 110.55000 108.80900 110.65100 110.03900 111.14400 111.65600 105.62900 103.00000 96.50940 92.69530 84.66670 77.95500 67.31600 56.76830 52.84350 50.28210 49.89950 46.31110 46.35970 45.87400 45.44530 44.72330 43.59540 42.69870 40.71780 41.43340 38.12170 39.96830 41.07290
-9999 -9999 -9999 -9999 -9999 -9999 -9999 -9999 -9999 -9999 -9999 -9999 -9999 -9999 -9999 -9999 -9999 -9999 -9999 -9999 -9999 -9999 -9999 -9999 -9999 -9999 -9999 -9999 -9999 -9999 -9999 -9999 -9999 80.81690 83.66140 86.96810 90.06960 92.81230 96.06000 96.74450 100.41900 103.64200 105.73600 107.56800 109.67700 109.69000 109.95200 109.12900 108.50600 103.79600 99.21030 94.97440 83.78440 80.22770 71.34140 59.95730 56.26140 51.54450 48.40420 48.07920 44.91870 43.56610 42.89640 43.62720 43.46120 41.90820 41.77230 39.33430 39.90300 37.41170 36.65140 37.60960
-9999 -9999 -9999 -9999 -9999 -9999 -9999 -9999 -9999 -9999 -9999 -9999 -9999 -9999 -9999 -9999 -9999 -9999 -9999 -9999 -9999 -9999 -9999 -9999 -9999 -9999 -9999 -9999 -9999 -9999 -9999 75.79000 78.29330 78.64940 80.26130 81.44220 85.20790 87.19890 92.11160 93.62960 95.95720 103.26200 104.72300 105.14000 105.19600 103.16100 102.05700 97.61010 98.64520 94.53780 90.32330 87.63540 77.73020 76.43000 68.59890 61.03690 54.90240 49.64420 47.03890 44.87700 44.01210 41.84420 41.66780 41.19420 41.71190 40.24860 40.83810 39.38850 39.76620 38.51240 38.44850 37.25990
-9999 -9999 -9999 -9999 -9999 -9999 -9999 -9999 -9999 -9999 -9999 -9999 -9999 -9999 -9999 -9999 -9999 -9999 -9999 -9999 -9999 -9999 -9999 -9999 -9999 -9999 -9999 -9999 -9999 66.29930 68.41400 75.63570 77.10650 77.10360 78.79330 79.19190 82.05870 85.44860 88.56410 88.87650 93.40450 98.11600 101.86700 101.10600 101.37000 97.33920 95.34910 96.16810 96.51850 92.29560 88.06510 81.68050 75.19530 71.96960 64.64230 60.19030 52.90010 47.23390 44.56040 43.90210 41.77520 39.51870 39.39790 39.50820 39.00990 39.12750 39.20060 39.16790 39.32850 39.02570 38.80530 36.15660
-9999 -9999 -9999 -9999 -9999 -9999 -9999 -9999 -9999 -9999 -9999 -9999 -9999 -9999 -9999 -9999 -9999 -9999 -9999 -9999 -9999 -9999 -9999 -9999 62.97960 63.62090 62.46860 63.75650 65.79400 66.02990 68.72040 69.21140 69.64680 70.71610 73.59580 76.74500 78.42900 79.88370 82.38100 85.12740 86.04810 91.04330 93.96020 92.53490 91.96510 92.96070 90.78980 91.65170 92.29600 86.43710 83.92950 81.48030 76.20770 66.61670 59.56070 52.93850 49.21400 50.63420 46.76900 40.86570 38.37820 35.81920 34.78740 34.46580 34.71610 34.80510 34.35770 35.97380 37.81440 35.17850 35.06110 38.81620
-9999 -9999 -9999 -9999 -9999 -9999 69.07280 68.70050 66.72480 67.17770 67.60310 -9999 -9999 -9999 -9999 -9999 -9999 -9999 -9999 -9999 -9999 67.12420 65.96990 62.72940 62.04600 63.24310 62.80960 64.56080 63.89140 65.37670 65.85630 66.50460 68.79920 69.67920 71.62290 75.08090 77.03920 78.28500 79.91770 83.25000 83.58900 84.47140 86.57330 87.24450 88.06240 86.73020 87.91680 87.79970 88.72920 83.53460 81.54600 76.77080 72.62470 64.53640 58.53810 51.60330 49.09780 49.02880 44.92380 39.59040 37.98180 36.92800 34.22350 35.04770 35.70500 34.82800 35.41520 35.83950 37.12220 36.01260 36.13860 40.11910
-9999 -9999 -9999 -9999 -9999 70.63890 70.45650 69.41220 69.64990 67.18760 69.52640 71.26850 70.18460 68.11650 -9999 -9999 -9999 65.84800 66.79050 65.45990 66.31250 66.54430 63.91170 62.87520 62.51400 59.26200 60.03470 61.37510 62.76690 62.05590 61.72410 62.62800 64.83600 63.70520 67.87710 71.10210 70.68930 74.99230 78.74450 81.97540 82.63500 81.48750 79.97950 79.85910 83.37790 80.74180 82.81140 85.37400 85.74950 82.00010 80.10570 74.02230 69.51970 61.80430 57.93780 51.28710 48.22300 44.01640 41.98110 38.20340 36.05750 36.15970 36.09080 35.83500 34.88410 34.70840 35.42180 35.91060 35.77390 40.00370 39.59590 38.61190
-9999 68.31470 68.25110 70.84480 72.72900 70.78500 71.71900 70.25320 71.05870 69.36720 69.02880 73.83230 73.17310 70.59840 68.93630 67.61230 66.37220 66.99470 67.03800 66.95250 65.34330 64.45570 63.16320 60.16520 58.93650 57.92750 57.05340 58.88100 59.72890 60.10280 60.40000 60.03530 62.26640 61.64560 62.91190 66.08410 69.04640 71.78510 75.88840 79.38390 78.72720 77.74770 76.32520 77.34720 77.31830 74.19110 78.21680 79.83910 78.67130 78.83310 73.85800 70.67720 65.45590 61.49450 56.83690 51.56520 46.80240 44.62690 41.78900 39.46890 37.35790 37.24590 37.09400 36.33230 35.66260 35.01060 35.24370 37.22570 35.92360 39.25800 41.55250 40.55310
-9999 72.53760 70.26840 71.27480 69.97650 70.75010 72.60430 71.74980 71.26750 71.68080 72.33740 70.54210 71.56880 69.01370 67.84170 67.19360 64.76230 68.01400 66.50850 64.30180 65.14700 65.27440 63.62070 60.69230 60.13160 60.58240 60.25800 61.38300 60.37020 60.24080 61.10900 59.59140 60.13700 59.02570 60.99770 63.34150 65.02310 66.50040 71.29240 75.23560 74.55380 70.48610 70.54880 72.20470 71.52750 69.51010 69.13310 70.45110 72.47420 73.56010 70.29680 69.94880 65.50630 64.25450 59.04610 51.40280 45.10960 44.93330 43.71330 41.99000 41.85540 39.60150 39.96050 40.79860 40.68550 39.80460 41.08280 39.92220 41.18400 39.92500 40.68300 43.16170
-9999 -9999 -9999 75.93000 74.54550 74.78750 73.37640 71.03870 71.26940 69.07250 70.32670 68.21400 69.60870 67.98320 68.38750 67.23140 64.49490 65.33940 66.97760 67.98970 64.49460 66.07740 63.57150 63.27770 59.79190 60.39030 57.63950 59.22020 58.70980 58.08160 57.32570 57.16690 57.41850 57.21070 58.24390 60.34330 60.96060 63.25130 64.97420 66.88940 70.56800 68.48370 65.44020 66.73490 66.78830 66.20780 65.43110 66.70590 67.97160 68.58870 67.91390 66.97530 64.60350 62.80210 58.17120 53.15630 46.05960 46.12570 46.00630 43.89250 42.49630 41.60340 41.38910 42.33720 40.36730 42.30110 42.10390 41.32730 43.41160 42.33870 43.25760 45.05500
-9999 -9999 -9999 -9999 -9999 -9999 73.48100 72.78090 72.66200 70.37450 69.81900 67.28050 67.65590 67.97920 67.92140 65.28730 66.35330 66.27890 66.68220 68.86550 65.70690 64.45520 63.01130 64.00910 63.21950 62.37460 59.44390 56.82280 56.08910 56.28720 56.32540 56.89960 56.14640 56.71840 58.07850 59.33990 60.08900 61.55570 62.00600 61.73860 64.32190 64.36000 65.33270 66.06370 64.95200 62.91390 63.87670 65.40710 66.16420 67.15670 66.96000 68.07690 64.44090 58.67080 57.24930 53.46160 48.57120 51.73750 51.71780 47.74780 47.73500 44.24760 42.34370 41.81500 42.08190 40.55940 40.63930 42.54360 44.20220 44.18680 46.75100 46.72850
-9999 -9999 -9999 -9999 -9999 -9999 72.39940 73.83880 74.75640 72.77000 70.58120 68.22230 67.05660 67.12300 67.28190 67.64240 68.88870 70.40410 69.20840 70.79520 70.64080 68.98690 66.01380 68.48150 66.69420 64.36290 60.16810 55.97540 55.84900 56.83100 57.22450 57.46640 57.35230 57.91750 57.35560 58.03720 59.84690 60.71310 63.26020 60.30180 57.69020 60.38560 62.30630 62.18690 64.40810 62.69780 62.52060 62.05590 64.17230 66.45580 65.97820 64.58580 58.43960 55.26770 53.12100 49.72120 47.19950 52.25550 50.64010 49.04280 47.98030 47.94780 46.71830 44.11100 46.11190 42.62070 43.55080 44.06860 44.61450 47.35370 49.36600 50.66070
-9999 -9999 -9999 -9999 -9999 -9999 -9999 -9999 -9999 -9999 71.99610 72.55640 70.67410 67.70670 71.59570 71.37450 72.37250 75.79190 75.65080 76.86980 77.80540 77.63610 72.94580 71.48520 70.12130 67.00560 65.74540 62.94440 58.06450 57.83120 58.38610 59.10700 58.52850 58.39260 59.80010 55.85610 55.55450 55.47390 55.46490 58.74800 60.39020 58.81080 59.27220 58.57330 61.11110 63.84270 62.05310 62.81070 65.37150 65.30070 63.10120 55.47480 51.96380 46.45640 46.54360 44.17210 45.90830 45.63580 44.68720 46.35730 47.40950 49.96660 49.90710 45.31180 44.72890 44.16000 43.21260 44.24080 46.01530 50.67800 54.94830 59.35980
-9999 -9999 -9999 -9999 -9999 -9999 -9999 -9999 -9999 -9999 69.24640 70.17400 70.83780 70.28660 71.25350 73.33320 75.95680 79.79220 82.03540 83.77070 82.27000 79.60010 77.35580 75.73090 72.99940 69.36860 66.47760 62.01570 60.06100 57.44760 57.04670 58.18840 57.98770 59.02610 59.39800 55.96390 56.82330 56.40550 57.14750 59.87330 60.22090 61.58150 61.26290 59.67010 60.74800 59.59750 58.70140 58.56750 57.78700 59.73350 54.88920 52.32180 48.54190 46.85150 46.64130 45.25860 45.43270 45.22320 43.87550 47.10790 47.08460 49.47350 49.90390 48.27070 48.11790 47.55330 47.25730 46.50170 45.72040 53.45830 56.30450 60.50490
-9999 -9999 -9999 -9999 -9999 -9999 -9999 -9999 -9999 -9999 -9999 -9999 68.74730 74.68300 78.12470 83.41440 82.55480 80.62610 85.65920 82.42830 81.80420 81.57180 76.97920 76.71230 72.26600 65.32190 63.34430 62.92470 57.43870 55.40710 55.25690 57.71640 57.70220 59.31570 60.37760 57.71810 56.87690 59.11960 59.78360 58.37780 57.93370 62.17520 62.20390 55.93320 57.63120 59.34640 58.72700 57.28940 55.51740 54.68300 54.11250 51.56160 50.06400 47.64220 48.77690 46.30320 46.86600 44.02180 45.71900 48.83320 48.80480 49.34620 50.72480 49.25550 48.90020 47.14500 48.62850 51.08990 50.01500 53.07370 55.54760 61.05240
-9999 -9999 -9999 -9999 -9999 -9999 -9999 -9999 -9999 -9999 -9999 -9999 68.75190 72.30050 77.17840 78.94590 82.36970 82.37080 86.42070 86.64760 82.95020 82.67130 79.17710 76.23590 73.65290 66.28970 63.08080 58.92620 55.57810 54.39940 52.01890 54.19690 55.92340 57.95970 58.69320 56.84450 57.37470 58.20060 58.50560 58.28770 56.24510 58.34300 59.80200 55.13910 54.69730 56.04330 56.16230 56.34400 56.45870 50.94640 52.41350 51.55720 49.81390 48.02450 47.72950 47.85470 47.55520 45.26750 46.90070 51.38260 53.89290 52.78190 51.13000 50.19790 50.08790 50.73990 50.46700 52.11100 53.88600 54.73330 56.86390 61.33570
-9999 -9999 -9999 -9999 -9999 -9999 -9999 -9999 -9999 -9999 -9999 66.68610 73.38220 71.43190 74.36560 77.96130 85.60200 85.91460 88.31450 89.44900 80.57880 84.04120 78.10650 79.06260 75.17500 72.52000 66.18180 59.06170 54.22730 55.01370 51.56940 51.20800 50.05150 52.42770 53.05450 52.07660 54.70660 55.37420 56.74740 58.55930 58.00200 59.86990 59.12470 59.03430 58.01090 55.86200 55.72510 54.64460 52.40050 52.18670 52.40390 51.16900 51.96160 51.55260 51.59740 48.51820 47.51870 49.26620 49.21020 52.68900 52.44680 51.67130 53.57980 53.60770 52.95290 53.59460 55.23020 54.13640 59.10840 60.40890 63.27270 64.54650
-9999 -9999 -9999 -9999 -9999 -9999 -9999 -9999 -9999 -9999 -9999 62.54480 65.44810 68.70990 69.85660 73.94280 78.91320 81.96470 82.62090 82.50610 79.64870 80.78810 76.04900 74.03530 71.25170 67.10740 61.17290 58.33510 55.51820 55.85910 52.03100 51.07920 50.58870 50.45120 51.63260 50.49480 52.38270 55.81650 57.84650 57.85870 58.48600 59.27570 63.66080 62.31160 59.53640 58.67590 57.20010 57.71440 55.40940 55.12960 54.22940 53.00940 53.32260 53.33500 50.67680 49.85890 50.46410 50.05670 50.40430 53.15290 54.40760 54.14470 54.27780 57.48540 57.72410 56.71340 57.24450 56.04590 59.82800 61.87380 60.89780 63.01300
