data/hydroclimate-scenarios/BCSD_hadcm_B1/monthly_summaries/swe_monthly_day1_nov.2030-2059.asc
ncols	311
nrows	91
xllcenter	102.75
yllcenter	31.75
cellsize	0.5
NODATA_value	-9999
[rows 0 to 31 of 91, columns 0 to 72 of 311]
-9999 -9999 -9999 -9999 -9999 -9999 -9999 -9999 -9999 -9999 -9999 -9999 -9999 -9999 -9999 -9999 -9999 -9999 -9999 -9999 -9999 -9999 -9999 -9999 -9999 -9999 -9999 -9999 -9999 -9999 -9999 -9999 -9999 -9999 -9999 -9999 -9999 -9999 -9999 -9999 -9999 -9999 -9999 -9999 -9999 -9999 -9999 -9999 -9999 -9999 -9999 -9999 -9999 -9999 -9999 -9999 -9999 -9999 -9999 -9999 -9999 -9999 -9999 -9999 -9999 -9999 -9999 -9999 -9999 -9999 -9999 -9999 -9999
-9999 -9999 -9999 -9999 -9999 -9999 -9999 -9999 -9999 -9999 -9999 -9999 -9999 -9999 -9999 -9999 -9999 -9999 -9999 -9999 -9999 -9999 -9999 -9999 -9999 -9999 -9999 -9999 -9999 -9999 -9999 -9999 -9999 -9999 -9999 -9999 -9999 -9999 -9999 -9999 -9999 -9999 -9999 -9999 -9999 -9999 -9999 -9999 -9999 -9999 -9999 -9999 -9999 -9999 -9999 -9999 -9999 -9999 -9999 -9999 -9999 -9999 -9999 -9999 -9999 -9999 -9999 -9999 -9999 -9999 -9999 -9999 -9999
-9999 -9999 -9999 -9999 -9999 -9999 -9999 -9999 -9999 -9999 -9999 -9999 -9999 -9999 -9999 -9999 -9999 -9999 -9999 -9999 -9999 -9999 -9999 -9999 -9999 -9999 -9999 -9999 -9999 -9999 -9999 -9999 -9999 -9999 -9999 -9999 -9999 -9999 -9999 -9999 -9999 -9999 -9999 -9999 -9999 -9999 -9999 -9999 -9999 -9999 -9999 -9999 -9999 -9999 -9999 -9999 -9999 -9999 -9999 -9999 -9999 -9999 -9999 -9999 -9999 -9999 -9999 -9999 -9999 -9999 -9999 -9999 -9999
-9999 -9999 -9999 -9999 -9999 -9999 -9999 -9999 -9999 -9999 -9999 -9999 -9999 -9999 -9999 -9999 -9999 -9999 -9999 -9999 -9999 -9999 -9999 -9999 -9999 -9999 -9999 -9999 -9999 -9999 -9999 -9999 -9999 -9999 -9999 -9999 -9999 -9999 -9999 -9999 -9999 -9999 -9999 -9999 -9999 -9999 -9999 -9999 -9999 -9999 -9999 -9999 -9999 -9999 -9999 -9999 -9999 -9999 -9999 -9999 -9999 -9999 -9999 -9999 -9999 -9999 -9999 -9999 -9999 -9999 -9999 -9999 -9999
-9999 -9999 -9999 -9999 -9999 -9999 -9999 -9999 -9999 -9999 -9999 -9999 -9999 -9999 -9999 -9999 -9999 -9999 -9999 -9999 -9999 -9999 -9999 -9999 -9999 -9999 -9999 -9999 -9999 -9999 -9999 -9999 -9999 -9999 -9999 -9999 -9999 -9999 -9999 -9999 -9999 -9999 -9999 -9999 -9999 -9999 -9999 -9999 -9999 -9999 -9999 -9999 -9999 -9999 -9999 -9999 -9999 -9999 -9999 -9999 -9999 -9999 -9999 -9999 -9999 -9999 -9999 -9999 -9999 -9999 -9999 -9999 -9999
-9999 -9999 -9999 -9999 -9999 -9999 -9999 -9999 -9999 -9999 -9999 -9999 -9999 -9999 -9999 -9999 -9999 -9999 -9999 -9999 -9999 -9999 -9999 -9999 -9999 -9999 -9999 -9999 -9999 -9999 -9999 -9999 -9999 -9999 -9999 -9999 -9999 -9999 -9999 -9999 -9999 -9999 -9999 -9999 -9999 -9999 -9999 -9999 -9999 -9999 -9999 -9999 -9999 -9999 -9999 -9999 -9999 -9999 -9999 -9999 -9999 -9999 -9999 -9999 -9999 -9999 -9999 -9999 -9999 -9999 -9999 -9999 -9999
-9999 -9999 -9999 -9999 -9999 -9999 -9999 -9999 -9999 -9999 -9999 -9999 -9999 -9999 -9999 -9999 -9999 -9999 -9999 -9999 -9999 -9999 -9999 -9999 -9999 -9999 -9999 -9999 -9999 -9999 -9999 -9999 -9999 -9999 -9999 -9999 -9999 -9999 -9999 -9999 -9999 -9999 -9999 -9999 -9999 -9999 -9999 -9999 -9999 -9999 -9999 -9999 -9999 -9999 -9999 -9999 -9999 -9999 -9999 -9999 -9999 -9999 -9999 -9999 -9999 -9999 -9999 -9999 -9999 -9999 -9999 -9999 -9999
-9999 -9999 -9999 -9999 -9999 -9999 -9999 -9999 -9999 -9999 -9999 -9999 -9999 -9999 -9999 -9999 -9999 -9999 -9999 -9999 -9999 -9999 -9999 -9999 -9999 -9999 -9999 -9999 -9999 -9999 -9999 -9999 -9999 -9999 -9999 -9999 -9999 -9999 -9999 -9999 -9999 -9999 58.04290 59.09220 58.92950 58.01580 55.33050 57.68650 54.34670 52.74900 50.07600 43.72250 -9999 -9999 -9999 -9999 -9999 -9999 -9999 -9999 -9999 -9999 -9999 -9999 -9999 -9999 -9999 -9999 -9999 -9999 -9999 -9999 -9999
-9999 -9999 -9999 -9999 -9999 -9999 -9999 -9999 -9999 -9999 -9999 -9999 -9999 -9999 -9999 -9999 -9999 -9999 -9999 -9999 -9999 -9999 -9999 -9999 -9999 -9999 -9999 -9999 -9999 -9999 -9999 -9999 -9999 -9999 -9999 -9999 -9999 -9999 58.35910 63.11780 61.31970 63.54900 63.74540 63.01740 62.07700 59.03500 57.04280 58.58660 57.04800 56.59930 52.25590 45.35330 41.43780 25.18520 -9999 -9999 -9999 -9999 -9999 -9999 -9999 -9999 -9999 -9999 -9999 -9999 -9999 -9999 -9999 -9999 -9999 -9999 -9999
-9999 -9999 -9999 -9999 -9999 -9999 -9999 -9999 -9999 -9999 -9999 -9999 -9999 -9999 -9999 -9999 -9999 -9999 -9999 -9999 -9999 -9999 -9999 -9999 -9999 -9999 -9999 -9999 -9999 -9999 -9999 -9999 -9999 -9999 -9999 -9999 -9999 -9999 -9999 -9999 57.98970 61.73250 63.68460 65.00660 64.29360 64.22150 61.40430 61.49240 59.80170 59.26470 55.60180 45.01500 40.97280 23.55510 -9999 -9999 -9999 -9999 -9999 -9999 -9999 -9999 -9999 -9999 -9999 -9999 -9999 -9999 -9999 -9999 -9999 -9999 -9999
-9999 -9999 -9999 -9999 -9999 -9999 -9999 -9999 -9999 -9999 -9999 -9999 -9999 -9999 -9999 -9999 -9999 -9999 -9999 -9999 -9999 -9999 -9999 -9999 -9999 -9999 -9999 -9999 -9999 -9999 -9999 -9999 -9999 -9999 -9999 -9999 -9999 -9999 -9999 -9999 -9999 -9999 -9999 -9999 75.06510 72.62350 74.18650 72.57060 71.61470 63.58610 60.17410 50.84530 42.35960 25.44120 -9999 -9999 -9999 -9999 -9999 -9999 27.60300 -9999 -9999 -9999 -9999 -9999 -9999 -9999 -9999 -9999 -9999 -9999 -9999
-9999 -9999 -9999 -9999 -9999 -9999 -9999 -9999 -9999 -9999 -9999 -9999 -9999 -9999 -9999 -9999 -9999 -9999 -9999 -9999 -9999 -9999 -9999 -9999 -9999 -9999 -9999 -9999 -9999 -9999 -9999 -9999 -9999 -9999 -9999 -9999 -9999 -9999 -9999 -9999 -9999 76.08810 76.66330 77.92420 79.12720 74.25540 75.69120 76.22800 73.66360 68.81190 65.60140 54.21100 44.56140 36.58760 -9999 -9999 -9999 -9999 -9999 28.19080 26.16140 25.78920 24.28810 23.02320 23.09530 23.71980 23.60680 21.00790 21.01380 20.65300 20.64860 21.38140 21.77360
-9999 -9999 -9999 -9999 -9999 -9999 -9999 -9999 -9999 -9999 -9999 -9999 -9999 -9999 -9999 -9999 -9999 -9999 -9999 -9999 -9999 -9999 -9999 -9999 -9999 -9999 -9999 -9999 -9999 -9999 -9999 -9999 -9999 -9999 -9999 -9999 -9999 -9999 -9999 -9999 -9999 74.40740 78.96580 78.62480 76.96670 75.08340 74.50650 73.84990 73.71500 70.57230 65.59000 63.79750 57.25830 47.37240 40.82640 37.76380 32.04800 -9999 27.34850 30.03790 28.11380 29.16140 27.15400 26.56780 26.17580 25.47420 23.56330 23.78340 23.68210 22.72850 23.51660 23.52960 23.56930
-9999 -9999 -9999 -9999 -9999 -9999 -9999 -9999 -9999 -9999 -9999 -9999 -9999 -9999 -9999 -9999 -9999 -9999 -9999 -9999 -9999 -9999 -9999 -9999 -9999 -9999 -9999 -9999 -9999 -9999 -9999 -9999 -9999 -9999 -9999 58.10360 61.11510 63.12300 65.17030 69.23970 71.92700 73.02870 75.20750 77.52050 78.26300 76.75800 75.68250 75.00800 74.85930 71.61720 67.89250 65.32770 63.90700 53.89160 47.40890 43.75210 35.34090 30.08500 26.93610 29.03740 26.96140 28.44320 26.46520 25.82930 25.39340 24.82770 23.57060 23.49160 23.28080 22.88420 23.06870 22.85430 23.39340
-9999 -9999 -9999 -9999 -9999 -9999 -9999 -9999 -9999 -9999 -9999 -9999 -9999 -9999 -9999 -9999 -9999 -9999 -9999 -9999 -9999 -9999 -9999 -9999 -9999 -9999 -9999 -9999 -9999 -9999 -9999 -9999 -9999 -9999 52.55610 57.07240 60.50420 62.62380 65.49360 64.84980 68.19600 69.96040 72.12860 72.61390 70.82900 72.01500 71.71040 73.83690 74.19750 70.61190 69.72840 65.49040 63.81700 59.60930 55.04610 44.13910 35.24170 33.44840 30.49220 30.70600 29.00180 29.12400 28.63310 30.13570 29.35190 28.21520 27.19400 24.92810 27.59070 24.53140 26.13590 26.80660 26.64670
-9999 -9999 -9999 -9999 -9999 -9999 -9999 -9999 -9999 -9999 -9999 -9999 -9999 -9999 -9999 -9999 -9999 -9999 -9999 -9999 -9999 -9999 -9999 -9999 -9999 -9999 -9999 -9999 -9999 -9999 -9999 -9999 -9999 49.94380 52.11870 55.24690 58.01940 60.49840 63.29540 62.24740 64.72170 68.15800 68.56470 69.67970 71.29330 71.12510 71.37030 71.38670 72.43940 70.48800 67.87120 67.50970 58.53280 57.03070 48.47350 38.73010 35.64980 31.11730 29.43560 29.46880 28.16570 27.08000 26.38070 27.09590 26.76770 27.16290 26.80820 24.39090 24.69660 22.78100 23.93730 24.31980 24.79330
-9999 -9999 -9999 -9999 -9999 -9999 -9999 -9999 -9999 -9999 -9999 -9999 -9999 -9999 -9999 -9999 -9999 -9999 -9999 -9999 -9999 -9999 -9999 -9999 -9999 -9999 -9999 -9999 -9999 -9999 -9999 45.78700 47.69740 47.97360 49.27480 50.01180 52.68070 54.99260 57.62320 58.90890 61.15910 67.71600 67.24510 67.49240 67.92510 65.89230 64.90420 63.75970 65.58670 62.91510 62.71030 62.17340 56.23350 54.08650 46.43530 39.64510 33.71600 29.59870 28.56280 26.92150 25.94940 25.72070 25.51780 25.31600 25.63710 26.82750 27.27800 25.66640 26.15940 24.59670 26.00580 25.26050 23.69450
-9999 -9999 -9999 -9999 -9999 -9999 -9999 -9999 -9999 -9999 -9999 -9999 -9999 -9999 -9999 -9999 -9999 -9999 -9999 -9999 -9999 -9999 -9999 -9999 -9999 -9999 -9999 -9999 -9999 40.30450 41.77410 45.70990 47.00740 46.50380 48.06630 48.01490 50.35660 51.51870 54.35840 54.97670 59.08390 63.65440 65.34740 64.55410 65.37650 63.31790 61.61730 63.15940 65.61460 63.05470 60.85750 58.55460 54.06400 50.79360 45.33830 39.74460 32.56120 29.11400 26.55670 26.24000 24.21740 24.20690 23.91850 24.33830 23.91190 24.97500 26.41100 25.81170 25.97940 25.30220 25.02090 24.36770 29.26790
-9999 -9999 -9999 -9999 -9999 -9999 -9999 -9999 -9999 -9999 -9999 -9999 -9999 -9999 -9999 -9999 -9999 -9999 -9999 -9999 -9999 -9999 -9999 -9999 38.15610 39.02400 37.89540 38.72230 40.11250 40.33200 41.52580 42.12360 41.99370 41.58380 44.12830 44.84220 46.51620 47.10550 49.01010 51.01850 51.78590 57.06720 59.93530 58.25360 57.66600 59.06720 57.26480 61.26700 64.20120 60.12870 57.94370 59.03800 55.61360 44.66610 38.09980 33.53250 29.53160 30.77160 28.64240 23.25340 20.88150 18.59560 17.72770 19.10610 19.49460 19.80390 19.29560 20.51540 22.67390 21.80140 23.27120 27.12190 29.86300
-9999 -9999 -9999 -9999 -9999 -9999 38.11250 38.45810 36.78050 38.22080 38.68180 -9999 -9999 -9999 -9999 -9999 -9999 -9999 -9999 -9999 -9999 41.28490 41.52200 38.16680 37.53520 39.00520 38.45140 39.69170 38.74350 39.37130 38.88730 39.57950 41.28750 40.92130 42.01040 43.19440 45.31650 45.39510 47.19750 49.30600 49.92340 51.28910 53.12510 53.59960 54.36620 53.31590 54.12910 57.47000 60.20590 56.73820 56.97840 53.95850 51.87360 42.46560 36.66080 31.81450 29.43060 30.45600 26.93800 22.16840 20.79810 19.68320 18.88560 20.07170 20.68740 20.01580 20.57850 20.70140 22.14760 21.14580 23.13040 27.26270 29.10490
-9999 -9999 -9999 -9999 -9999 39.42190 39.60490 38.05760 36.83090 37.90370 38.74890 42.58660 42.29880 40.78210 -9999 -9999 -9999 40.13840 41.22550 40.48580 41.22970 39.83450 38.58250 38.54450 38.10160 35.59390 36.47720 36.54640 37.39850 36.47230 35.60740 34.96700 36.51140 33.94880 37.51930 41.23100 40.44820 43.74910 47.30390 48.06540 48.05700 47.95440 46.80350 46.54770 49.92140 47.84020 51.40150 58.26040 60.07700 56.60180 56.45640 51.30540 48.33450 40.28210 36.40290 31.91340 29.18470 26.97160 23.62180 21.42310 19.47980 19.75970 19.87560 20.02350 20.49100 20.54050 21.25200 22.01720 21.92420 26.08030 27.18820 26.36300 27.74440
-9999 35.46110 34.79850 36.48070 38.30260 37.93420 39.42300 36.81200 38.31820 38.46630 38.74490 42.89690 43.12460 41.09930 39.92430 38.76160 38.15010 40.63110 40.40030 39.93490 39.85610 37.79530 36.32910 35.78570 34.67450 34.47920 33.36250 34.01510 34.64730 33.68410 33.55540 33.27460 34.79730 32.86690 33.01620 37.06100 39.31140 41.00990 44.81780 45.01840 44.63480 44.29460 42.82410 43.84890 43.88150 42.90340 46.88930 52.46470 53.06470 53.02400 50.71020 47.85390 44.86580 41.97940 37.62260 34.13630 29.48370 26.61570 25.22540 22.85350 20.89980 21.26980 21.51980 21.12990 22.19750 21.52010 21.94070 24.24320 23.32190 28.05500 30.14090 30.49070 30.43790
-9999 37.09530 34.55360 35.53420 34.81530 35.71390 38.24180 38.30030 38.48360 38.63060 38.64100 38.29940 40.02150 38.92560 38.42070 37.77480 36.13240 38.87690 38.57950 35.89520 36.94360 38.96870 37.07090 33.31960 33.18330 33.40330 33.34040 35.10710 34.05350 33.74430 34.09850 31.67390 31.65610 31.01560 32.58850 33.77030 35.31470 35.71260 38.69790 43.13250 42.30490 37.43990 37.45250 39.02970 38.28180 38.86190 38.52590 43.46710 45.26930 48.28800 46.49900 47.08470 44.93660 44.58090 41.74250 34.66880 28.63010 28.60390 27.63710 25.91210 26.00740 24.88490 25.25760 25.89840 26.38880 27.15240 28.52330 27.26160 28.91050 27.31510 28.26350 32.40480 34.21910
-9999 -9999 -9999 38.74560 37.20610 36.28550 36.71970 36.76530 37.47390 35.15680 36.87100 33.98150 35.83580 35.96160 36.73300 35.74060 34.79470 35.17700 36.58040 36.97540 35.23260 37.01620 34.86910 33.35070 31.92630 32.35540 30.24930 32.80280 31.77690 30.88390 29.91560 28.76360 28.71520 29.18860 30.00400 31.40550 31.92960 32.06870 33.65920 36.06100 39.35350 36.49660 33.36270 34.64540 34.17400 35.45570 34.23590 39.30520 40.49340 42.26670 43.18170 43.67490 43.38460 43.03480 39.05440 36.57770 29.62110 29.92210 30.20100 28.36070 27.19730 27.23040 27.35480 28.09550 26.74110 28.77030 28.73710 29.33460 31.76710 30.62960 31.67090 33.71760 34.63710
-9999 -9999 -9999 -9999 -9999 -9999 36.02320 36.90540 37.41310 34.79630 34.69810 31.85180 32.92300 34.16720 35.99480 33.55160 33.86850 33.50930 33.57000 35.84280 34.19520 32.35830 31.36520 32.87360 32.30360 31.74670 29.58630 28.12070 27.49340 28.35820 29.39360 29.47880 28.88850 28.63330 29.64460 30.26040 31.02080 31.02590 31.43030 31.80400 34.16640 33.60680 34.33800 33.57920 31.80260 31.57270 31.96600 36.72690 36.94040 39.21860 40.97980 43.93390 42.87700 36.94400 37.80190 36.72130 32.44130 36.02190 36.36390 32.35260 32.72450 30.35750 29.46580 28.90050 29.11830 28.13660 28.26230 30.17110 32.21970 33.48230 36.07800 36.00000 35.44960
-9999 -9999 -9999 -9999 -9999 -9999 34.39530 36.36890 37.43340 34.84840 34.77430 32.49520 31.81670 32.81740 33.23420 33.13740 33.79470 34.31750 34.63700 35.97710 36.12980 33.92900 32.85880 34.76500 32.79610 30.67930 27.75180 26.33260 26.07250 27.94390 28.04120 27.68400 27.44200 28.09100 28.47300 27.56520 29.59970 29.81600 32.11040 31.18510 28.18780 30.25910 31.38920 30.10840 31.06060 28.90580 29.32860 30.01520 33.05800 34.67430 36.50120 37.64320 34.99890 33.52180 32.27130 29.91540 29.67750 35.17970 33.88890 32.46880 33.34510 32.88150 32.21740 29.95510 32.23440 28.97340 30.25120 30.84670 32.82110 35.49660 37.96270 39.24820 39.84180
-9999 -9999 -9999 -9999 -9999 -9999 -9999 -9999 -9999 -9999 35.07460 35.79710 34.31260 31.27880 35.03830 35.83980 35.96000 38.93420 37.97900 38.13340 39.09040 37.72990 34.09150 35.53480 34.47150 33.54420 32.31300 28.49610 26.52700 27.61310 27.84680 27.82400 27.48440 26.77170 27.87100 24.08960 24.48890 25.09690 25.36790 28.11390 29.25100 29.10000 28.85560 27.13990 28.95630 30.92900 29.76580 30.35000 31.53100 31.89110 30.53110 27.44040 26.35420 23.09110 23.79430 24.02680 25.98710 25.31150 24.64330 27.56390 28.79890 31.74460 32.02560 29.90870 29.74880 29.34320 28.85480 30.44760 33.63260 38.53110 43.15570 48.47200 49.00670
-9999 -9999 -9999 -9999 -9999 -9999 -9999 -9999 -9999 -9999 30.85860 31.95610 34.53100 33.75970 33.53890 34.68840 35.93270 39.00970 40.96430 40.93860 39.89800 36.38330 36.25460 36.00870 35.31300 32.75540 30.00390 27.13120 25.29920 25.82730 25.77410 26.46270 25.99580 26.50160 26.74170 23.72970 25.32780 25.26400 26.06910 28.46560 28.79050 29.75940 30.69260 28.46600 28.97170 27.79670 27.93270 28.08480 26.87130 28.69030 26.33870 24.95050 24.07060 22.47300 22.68410 23.92010 24.60990 23.97490 23.42480 27.00450 27.32280 29.87350 29.48530 28.87300 29.41780 30.45120 30.55890 31.64800 31.47770 40.55460 43.76540 48.77220 50.54650
-9999 -9999 -9999 -9999 -9999 -9999 -9999 -9999 -9999 -9999 -9999 -9999 32.65890 37.02300 38.84280 41.05120 38.56890 35.83390 40.46350 36.86370 37.11260 35.70110 33.41490 35.57290 33.13280 27.53630 27.22170 26.41910 23.73240 23.07930 22.82430 25.13430 24.80210 25.75600 26.91320 24.92390 24.48860 26.76480 27.75500 26.75740 26.23820 28.74230 28.96980 24.64990 25.63910 27.43090 26.31610 27.46960 26.03290 25.15780 25.45880 25.25890 24.52980 23.93040 25.82740 23.58470 24.51380 22.50190 24.24850 28.34820 28.62250 29.05160 31.06020 28.69220 28.58800 28.45090 30.15260 33.71740 34.16340 37.74660 41.74750 48.46340 47.74050
-9999 -9999 -9999 -9999 -9999 -9999 -9999 -9999 -9999 -9999 -9999 -9999 31.70830 33.48020 36.44970 35.67470 36.92020 36.38270 40.28810 39.73790 37.11510 35.68970 34.44510 33.95500 33.29950 28.68750 25.93150 23.49460 22.29390 22.50950 20.20860 22.01320 23.72320 24.96520 25.48980 24.35850 24.90390 26.19320 26.73300 25.99150 24.65200 26.35980 26.50550 22.54090 23.49910 24.72720 24.92760 25.74540 26.39660 24.04400 25.01790 24.44140 25.68720 24.62860 24.83880 24.51430 24.41960 22.83190 24.37880 29.90450 32.48170 31.21350 29.64310 28.74790 28.97070 30.15540 30.28150 33.28160 36.52010 38.93510 42.06990 46.70880 46.89360
-9999 -9999 -9999 -9999 -9999 -9999 -9999 -9999 -9999 -9999 -9999 30.34890 35.86770 34.23080 34.00970 37.19060 41.80080 41.93490 43.31440 44.67650 35.78000 37.91230 34.75250 35.10530 33.77120 33.45880 29.09260 25.22780 22.18430 22.39110 20.85030 20.19680 19.18760 21.71680 22.15900 21.44890 24.02060 23.42480 25.09220 26.54440 26.19330 28.25140 27.88780 28.14070 27.58560 26.14550 26.45660 25.74690 24.59360 24.49280 25.18620 25.53100 26.61540 26.14320 26.29860 24.85170 24.13720 27.32460 27.32480 28.52870 28.35420 27.68850 29.70250 29.76170 29.55490 31.08370 33.27110 33.96390 39.43820 43.18330 47.89380 49.45840 48.57640
-9999 -9999 -9999 -9999 -9999 -9999 -9999 -9999 -9999 -9999 -9999 27.34150 28.56690 30.77420 30.95400 33.66900 36.16700 38.98050 39.25290 38.95630 36.36890 35.89380 32.86000 30.47510 28.95380 27.53900 25.52900 24.64360 21.89900 23.11570 21.44630 20.68110 20.33450 20.54200 21.21030 20.69660 21.11900 22.82010 24.89840 24.75230 25.45010 26.47320 30.67060 31.31230 29.06690 28.73820 27.62530 28.33560 26.88140 26.84640 26.26960 26.27270 26.35240 25.99680 25.20380 24.76470 25.59710 26.74450 26.83200 29.06030 29.77830 28.44100 28.30720 31.30990 32.03230 32.03730 34.88140 34.42270 40.35520 43.82930 43.61390 46.01300 48.23140
