data/hydroclimate-scenarios/BCSD_hadcm_B1/monthly_summaries/swe_monthly_day1_jun.2030-2059.asc
ncols	311
nrows	91
xllcenter	102.75
yllcenter	31.75
cellsize	0.5
NODATA_value	-9999
[rows 0 to 31 of 91, columns 73 to 145 of 311]
-9999 -9999 -9999 -9999 -9999 -9999 -9999 -9999 -9999 -9999 -9999 -9999 -9999 -9999 -9999 -9999 -9999 -9999 -9999 -9999 -9999 -9999 -9999 -9999 -9999 -9999 -9999 -9999 -9999 -9999 -9999 -9999 -9999 -9999 -9999 -9999 -9999 -9999 -9999 -9999 -9999 -9999 -9999 -9999 -9999 -9999 -9999 -9999 -9999 -9999 -9999 -9999 -9999 -9999 -9999 -9999 -9999 -9999 -9999 -9999 -9999 -9999 -9999 -9999 -9999 -9999 -9999 -9999 -9999 -9999 -9999 -9999 -9999
-9999 -9999 -9999 -9999 -9999 -9999 -9999 -9999 -9999 -9999 -9999 -9999 -9999 -9999 -9999 -9999 -9999 -9999 -9999 -9999 -9999 -9999 -9999 -9999 -9999 -9999 -9999 -9999 -9999 -9999 -9999 -9999 -9999 -9999 -9999 -9999 -9999 -9999 -9999 -9999 -9999 -9999 -9999 -9999 -9999 -9999 -9999 -9999 -9999 -9999 -9999 -9999 -9999 -9999 -9999 -9999 -9999 -9999 -9999 -9999 -9999 -9999 -9999 -9999 -9999 -9999 -9999 -9999 -9999 -9999 -9999 -9999 -9999
-9999 -9999 -9999 -9999 -9999 -9999 -9999 -9999 -9999 -9999 -9999 -9999 -9999 -9999 -9999 -9999 -9999 -9999 -9999 -9999 -9999 -9999 -9999 -9999 -9999 -9999 -9999 -9999 -9999 -9999 -9999 -9999 -9999 -9999 -9999 -9999 -9999 -9999 -9999 -9999 -9999 -9999 -9999 -9999 -9999 -9999 -9999 -9999 -9999 -9999 -9999 -9999 -9999 -9999 -9999 -9999 -9999 -9999 -9999 -9999 -9999 -9999 -9999 -9999 -9999 -9999 -9999 -9999 -9999 -9999 -9999 -9999 -9999
-9999 -9999 -9999 -9999 -9999 -9999 -9999 -9999 -9999 -9999 -9999 -9999 -9999 -9999 -9999 -9999 -9999 -9999 -9999 -9999 -9999 -9999 -9999 -9999 -9999 -9999 -9999 -9999 -9999 -9999 -9999 -9999 -9999 -9999 -9999 -9999 -9999 -9999 -9999 -9999 -9999 -9999 -9999 -9999 -9999 -9999 -9999 -9999 -9999 -9999 -9999 -9999 -9999 -9999 -9999 -9999 -9999 -9999 -9999 -9999 -9999 -9999 -9999 -9999 -9999 -9999 -9999 -9999 -9999 -9999 -9999 -9999 -9999
-9999 -9999 -9999 -9999 -9999 -9999 -9999 -9999 -9999 -9999 -9999 -9999 -9999 -9999 -9999 -9999 -9999 -9999 -9999 -9999 -9999 -9999 -9999 -9999 -9999 -9999 -9999 -9999 -9999 -9999 -9999 -9999 -9999 -9999 -9999 -9999 -9999 -9999 -9999 -9999 -9999 -9999 -9999 -9999 -9999 -9999 -9999 -9999 -9999 -9999 -9999 -9999 -9999 -9999 -9999 -9999 -9999 -9999 -9999 -9999 -9999 -9999 -9999 -9999 -9999 -9999 -9999 -9999 -9999 -9999 -9999 -9999 -9999
-9999 -9999 -9999 -9999 -9999 -9999 -9999 -9999 -9999 -9999 -9999 -9999 -9999 -9999 -9999 -9999 -9999 -9999 -9999 -9999 -9999 -9999 -9999 -9999 -9999 -9999 -9999 -9999 -9999 -9999 -9999 -9999 -9999 -9999 -9999 -9999 -9999 -9999 -9999 -9999 -9999 -9999 -9999 -9999 -9999 -9999 -9999 -9999 -9999 -9999 -9999 -9999 -9999 -9999 -9999 -9999 -9999 -9999 -9999 -9999 -9999 -9999 -9999 -9999 -9999 -9999 -9999 -9999 -9999 -9999 -9999 -9999 -9999
-9999 -9999 -9999 -9999 -9999 -9999 -9999 -9999 -9999 -9999 -9999 -9999 -9999 -9999 -9999 -9999 -9999 -9999 -9999 -9999 -9999 -9999 -9999 -9999 -9999 -9999 -9999 -9999 -9999 -9999 -9999 -9999 -9999 -9999 -9999 -9999 -9999 -9999 -9999 -9999 -9999 -9999 -9999 -9999 -9999 -9999 -9999 -9999 -9999 -9999 -9999 -9999 -9999 -9999 -9999 -9999 -9999 -9999 -9999 -9999 -9999 -9999 -9999 -9999 -9999 -9999 -9999 -9999 -9999 -9999 -9999 -9999 -9999
-9999 -9999 -9999 -9999 -9999 -9999 -9999 -9999 -9999 -9999 -9999 -9999 -9999 -9999 -9999 -9999 -9999 -9999 -9999 -9999 -9999 -9999 -9999 -9999 -9999 -9999 -9999 -9999 -9999 -9999 -9999 -9999 -9999 -9999 -9999 -9999 -9999 -9999 -9999 -9999 -9999 -9999 -9999 -9999 -9999 -9999 -9999 -9999 -9999 -9999 -9999 -9999 -9999 -9999 -9999 -9999 -9999 -9999 -9999 -9999 -9999 -9999 -9999 -9999 -9999 -9999 -9999 -9999 -9999 -9999 -9999 -9999 -9999
-9999 -9999 -9999 -9999 6.13430 -9999 -9999 -9999 -9999 -9999 -9999 -9999 -9999 -9999 -9999 -9999 -9999 -9999 -9999 -9999 -9999 -9999 -9999 -9999 -9999 -9999 -9999 -9999 -9999 -9999 -9999 -9999 -9999 -9999 -9999 -9999 -9999 -9999 -9999 -9999 -9999 -9999 -9999 -9999 -9999 -9999 -9999 -9999 -9999 -9999 -9999 -9999 -9999 -9999 -9999 -9999 -9999 -9999 -9999 -9999 -9999 -9999 -9999 -9999 -9999 -9999 -9999 -9999 -9999 -9999 -9999 -9999 -9999
41.52220 0.48453 1.05830 4.31829 3.05411 8.56949 15.34750 24.57010 48.18840 57.53910 72.64420 79.28570 91.03860 93.55920 105.33500 104.76900 95.29150 96.05090 77.93790 74.76870 -9999 -9999 -9999 -9999 -9999 -9999 -9999 -9999 -9999 -9999 -9999 -9999 -9999 -9999 -9999 -9999 -9999 -9999 -9999 -9999 -9999 -9999 -9999 -9999 -9999 -9999 -9999 -9999 -9999 -9999 -9999 -9999 -9999 -9999 -9999 -9999 -9999 -9999 -9999 -9999 -9999 -9999 -9999 -9999 -9999 -9999 -9999 -9999 -9999 -9999 -9999 -9999 -9999
-9999 -9999 2.03357 2.59472 0.00015 1.78718 14.52410 20.79220 30.96180 43.16630 62.35800 68.42670 84.84310 94.92050 88.60500 94.55390 93.54580 98.93800 100.77900 97.25240 -9999 -9999 -9999 -9999 -9999 -9999 -9999 -9999 -9999 -9999 -9999 -9999 -9999 -9999 -9999 -9999 -9999 -9999 -9999 -9999 -9999 -9999 -9999 -9999 -9999 -9999 -9999 -9999 -9999 -9999 -9999 -9999 -9999 -9999 -9999 -9999 -9999 -9999 -9999 -9999 -9999 -9999 -9999 -9999 -9999 -9999 -9999 -9999 -9999 -9999 -9999 -9999 -9999
1.28678 1.37711 0.80384 1.72169 0.00000 0.15823 5.47962 9.35465 18.97590 26.97920 38.46840 49.59530 74.54580 80.58590 75.68310 90.38810 90.57580 94.62160 92.91410 92.66020 62.18220 57.21720 56.17460 52.15420 42.96280 39.42850 -9999 -9999 -9999 -9999 -9999 -9999 -9999 -9999 -9999 -9999 -9999 -9999 -9999 -9999 -9999 -9999 -9999 -9999 -9999 -9999 -9999 -9999 -9999 -9999 -9999 -9999 -9999 -9999 -9999 -9999 -9999 -9999 -9999 -9999 -9999 -9999 -9999 -9999 -9999 -9999 -9999 -9999 -9999 -9999 -9999 -9999 -9999
1.32253 1.50106 1.28047 2.21967 0.02871 0.35279 1.98549 5.47266 7.27335 11.53790 32.44490 44.34030 45.45580 62.36540 58.01800 67.09970 71.72800 83.36290 74.79670 73.15870 67.67050 54.82910 52.72850 45.16670 48.86370 43.29690 35.70160 31.38460 24.36220 23.46930 25.46330 24.31190 11.26980 9.91683 14.21800 15.62330 3.99265 3.09689 5.42424 5.73360 5.33080 -9999 -9999 -9999 -9999 -9999 -9999 -9999 -9999 -9999 -9999 -9999 -9999 -9999 -9999 -9999 -9999 -9999 -9999 -9999 -9999 -9999 -9999 -9999 -9999 -9999 -9999 -9999 -9999 -9999 -9999 -9999 -9999
1.28279 1.55958 1.49065 1.21363 0.02744 0.02556 0.01658 1.45745 4.06904 6.15869 17.92730 26.87720 31.26550 42.79030 43.24520 53.63220 47.41680 62.30100 63.18620 68.07800 57.53860 50.48720 48.70660 42.75360 38.08930 37.75380 35.48480 36.07630 24.74470 22.08090 19.68750 16.69710 8.88717 9.22351 15.38410 13.61240 1.10469 1.13226 5.40084 5.19491 4.84792 4.97639 -9999 -9999 -9999 -9999 -9999 -9999 -9999 -9999 -9999 -9999 -9999 -9999 -9999 -9999 -9999 -9999 -9999 -9999 -9999 -9999 -9999 -9999 -9999 -9999 -9999 -9999 -9999 -9999 -9999 -9999 -9999
0.04251 0.48431 0.29718 0.18343 0.30483 0.30934 2.50096 2.21778 9.77515 8.86009 12.84400 16.18150 15.76630 21.82260 39.92790 51.18330 54.90150 63.39960 60.10500 61.35030 56.48370 51.57250 43.26960 49.11470 32.80180 27.51120 16.82850 16.70560 16.31910 12.33400 12.37130 12.91850 6.30244 5.07782 6.33407 4.61304 10.46160 9.30341 4.11844 4.18234 4.90516 4.60540 -9999 -9999 -9999 -9999 -9999 -9999 -9999 -9999 -9999 -9999 -9999 -9999 -9999 -9999 -9999 18.77440 27.11210 -9999 -9999 -9999 -9999 58.44890 83.31840 97.62140 82.89970 71.77160 69.20690 80.68070 83.75560 98.39740 103.41900
0.03138 0.03940 0.03986 0.02441 0.03578 0.04398 1.04732 1.94919 2.27774 3.36234 4.91584 14.11850 18.19890 14.44440 35.85250 29.14810 50.93100 50.88650 38.73180 41.53430 42.78560 43.90860 43.32480 28.56250 26.91220 22.64280 12.28950 7.62843 9.71330 7.44723 8.48934 7.33326 5.03767 11.24010 7.91961 3.72939 8.90556 10.29830 5.62888 3.16800 4.52670 4.47349 0.18032 1.49362 8.29432 3.29802 15.29590 21.98130 20.34440 26.70390 36.90160 38.17630 39.27720 41.30340 22.02520 21.05360 21.42340 25.00390 27.65130 -9999 -9999 -9999 -9999 -9999 73.36690 84.95050 84.92430 95.49030 104.87000 104.54500 125.67100 130.72400 132.78300
0.01008 0.62957 0.81494 0.01615 0.00000 0.00000 0.02411 0.00678 0.20193 1.53484 1.78680 4.22873 17.26920 19.67440 25.09880 41.28050 41.23600 26.09030 33.50250 37.43930 38.75190 39.31590 45.48220 42.37580 32.96910 32.13960 24.27530 34.43140 28.62910 25.98450 34.88970 25.47030 28.26200 35.83160 25.73560 32.03760 18.73180 23.12300 26.62330 27.45210 29.98220 24.71330 16.05580 16.26170 32.83650 26.41090 24.53620 32.92370 22.05060 31.78830 33.71180 46.88940 68.09020 49.45650 51.99120 54.97310 55.74940 47.19630 75.01170 82.52820 64.21630 53.91160 53.75380 59.50840 63.48000 68.73400 53.94400 74.09410 116.50700 123.00900 150.14400 168.03900 185.40800
0.00465 2.33598 4.38678 1.07972 0.01273 0.55451 0.00697 0.00611 0.04526 0.68809 0.40423 5.94958 12.13120 24.92800 20.03050 20.28600 37.88960 42.18780 35.35770 21.26320 23.35920 20.95620 36.27940 26.20560 27.87010 23.69870 33.84530 39.92590 41.93290 43.05000 39.28280 26.50730 24.59520 29.15000 24.30420 23.07350 18.94510 29.11890 25.82850 19.72530 18.18350 35.51120 34.67490 24.09160 22.33050 15.52830 24.44340 21.52930 29.49920 19.54110 33.51700 29.58900 46.25930 66.95960 60.54050 57.28540 64.84160 71.63520 88.55160 114.49900 95.11890 75.23930 57.31660 57.55650 56.77170 56.10540 41.75120 79.44330 136.69099 144.85800 176.37300 188.19701 208.71300
10.54660 0.00813 0.94865 0.15897 0.09638 0.82861 0.14713 0.10839 0.06556 0.07040 0.14914 5.10143 4.94675 10.24330 11.02760 11.90110 17.87360 42.41690 24.57610 16.97210 13.42120 12.87660 12.22780 14.36480 14.39350 20.10350 23.29490 21.81690 23.85500 24.05780 31.14630 30.93670 27.36560 25.29750 16.99660 9.83946 14.27900 17.86310 8.90596 8.18323 10.89090 21.43190 33.43750 24.17100 23.14360 17.97460 12.17080 15.81980 17.66060 20.84970 34.86000 35.16900 43.50170 42.00350 36.59010 64.73180 81.39410 92.68270 93.68150 107.09200 127.15500 116.69400 118.62500 109.76800 105.10400 105.09300 114.91200 133.96600 147.48599 160.04201 169.66800 195.55800 214.03799
12.99100 12.78220 3.16733 0.06445 0.06159 1.90420 0.55823 0.31085 3.02094 3.24160 1.29542 0.43353 0.99870 1.33894 1.92661 6.10755 13.87870 16.33100 21.11970 12.06420 10.52870 7.67606 7.82870 7.01371 12.16930 7.20542 24.83610 19.06680 18.86460 25.88060 29.86090 22.87860 9.03040 11.39420 5.83522 5.66515 5.22897 6.92197 5.50060 4.94934 5.13530 6.92785 14.73070 18.85170 19.46430 33.81400 21.59440 24.47100 34.54700 30.40650 34.86810 34.51710 49.71010 65.01960 67.47200 96.36340 85.72820 75.84040 78.01420 83.64210 97.00940 127.87700 146.90500 139.51100 157.36301 138.37801 128.64600 136.83501 143.13901 114.58100 136.89101 182.55800 218.78999
18.62410 28.55270 43.04250 6.75935 0.48597 0.13454 0.22542 0.29635 0.74784 6.82330 22.84520 41.30980 18.39200 8.60106 1.04878 0.98418 2.43191 3.78707 10.43110 10.88100 12.05850 5.23050 2.35007 4.92626 5.50647 2.17133 10.25820 12.91700 13.70240 10.37050 14.98190 13.99690 5.40089 7.32058 5.56814 8.72589 3.87440 2.77692 8.94525 11.30150 8.37272 8.74616 14.12660 19.01700 27.95980 25.78180 15.70230 24.83110 19.05940 18.74080 28.14680 29.82670 44.14520 60.44470 87.40410 108.83400 98.45000 130.20000 132.98700 128.49600 119.57300 121.33100 117.24300 120.66900 141.41000 155.29601 140.06900 143.05901 133.18600 119.33900 129.36800 172.27600 214.67599
37.31150 38.49080 41.72570 31.43810 21.65060 14.33940 3.43952 1.47358 0.08065 1.58752 7.82561 18.34860 26.97620 29.01380 28.48360 23.30250 6.00121 6.90792 5.71692 9.79489 8.40090 6.80180 7.06481 5.04032 0.00247 0.00245 10.66400 10.11990 5.38286 17.41250 25.41270 24.64280 11.26550 11.60110 7.53115 8.80888 4.39542 4.58732 10.07910 13.37310 6.26231 10.43150 11.40200 15.00570 18.74950 16.75590 16.65310 23.42920 38.65390 39.27350 59.39490 70.04570 89.01680 96.05290 129.28300 108.19800 112.95000 141.35300 129.96700 137.53300 137.41701 109.62500 119.20400 123.89600 155.55600 142.66400 125.70200 126.85700 102.49900 95.83740 127.67000 200.37100 208.82300
16.08700 11.23050 14.00070 20.96600 15.74490 7.98017 6.45289 4.46528 2.80546 8.34698 3.10958 1.58608 1.50100 3.62979 13.95270 35.81370 42.34970 37.43000 20.11350 16.39300 12.93390 12.87320 3.35294 2.09705 0.00000 1.49654 12.22270 10.21810 9.41537 9.52513 10.22180 5.33087 5.29759 0.04501 2.97091 5.49237 11.14480 8.70660 7.85439 6.77480 8.78880 11.83270 14.63010 23.58050 38.70900 29.78790 48.84010 80.37430 100.49100 98.53980 118.06200 150.26401 154.59000 178.35400 133.50600 155.43201 137.73500 125.11000 126.71800 121.57900 116.60800 116.07200 121.63100 101.47300 73.20640 65.23080 112.52700 146.89200 115.30000 101.14800 146.20599 198.67300 171.98100
3.06396 2.70798 7.14853 15.57770 10.56130 15.78040 9.15234 7.68161 3.19509 14.82810 8.59894 3.53417 26.53310 23.29290 50.89820 3.29793 22.87970 51.51140 54.10310 47.06450 38.72780 2.12087 0.00000 0.86692 1.88368 6.17554 10.04810 7.73804 8.99192 8.80881 2.60554 1.63763 0.00000 0.00000 3.11987 3.84042 8.17196 7.90917 20.90960 17.30710 10.14140 16.95760 8.97333 9.78863 20.70820 28.01360 61.12310 83.24560 109.13400 106.42900 110.36000 128.90401 175.24600 188.58600 160.59100 169.90800 142.49001 138.62399 100.07300 114.47000 114.55600 139.93500 79.67730 119.01400 116.52400 81.19120 81.89590 123.80200 96.34120 102.47400 115.78700 121.35600 148.91600
2.67086 1.68192 5.54047 5.22553 5.90844 9.42990 2.57167 4.10053 10.64500 5.38079 4.96663 2.86448 16.64490 26.57390 23.79530 39.74400 25.79090 13.30050 27.89230 37.79660 29.62020 22.52480 1.68513 1.56809 2.12356 1.74983 8.21179 4.46171 10.62640 9.45966 4.91807 3.74919 5.38948 4.80888 5.24977 4.81506 7.24876 10.60280 36.33390 39.28760 32.73070 29.37340 10.91070 10.55580 18.84960 31.09830 67.85670 103.09300 131.86301 113.50000 120.10300 164.13699 149.47301 150.34801 144.23900 134.96400 185.41299 164.38100 143.06700 126.16500 122.53800 94.61880 62.35030 116.34700 75.47920 69.32800 106.07600 98.37530 100.57700 130.97600 155.70799 155.32600 171.58600
10.38850 9.88717 7.47808 5.10068 4.71829 6.21835 3.17355 1.95989 3.51027 14.16110 9.54831 2.53547 1.19048 10.54520 15.22560 18.71340 53.21020 42.67360 28.92760 11.53880 7.70750 11.53640 9.85778 6.38553 0.00000 0.00000 5.20942 9.36029 4.60076 5.98594 0.38922 0.00000 2.49913 6.54089 7.25061 20.81620 12.66580 22.27180 75.65100 51.39660 42.81550 66.01730 46.77920 27.30020 25.30420 37.28100 52.39040 75.31180 112.83700 85.15780 81.70900 80.85400 68.40040 93.28390 101.78500 134.39900 134.68201 165.53600 117.91400 127.54900 112.38200 103.05400 74.12820 69.37990 55.29970 60.86730 82.41950 116.19000 142.99699 127.35200 143.20799 205.32899 212.41800
36.03950 37.25910 15.44550 10.12270 5.83699 3.86163 0.89728 0.06743 0.08318 1.36323 7.04132 1.91934 1.05177 1.06548 10.99040 25.36000 37.16880 40.76480 26.22270 25.53470 18.80130 12.91820 14.48780 12.72520 9.57500 2.02035 0.01049 1.95911 2.01187 0.38824 0.57862 7.89901 10.44550 5.12247 14.49130 30.38920 19.60580 15.62160 34.21450 46.51440 51.39480 36.46450 42.01210 38.22020 36.66780 47.21690 54.95830 76.23210 85.87180 104.72900 102.99600 120.97500 141.58900 149.99300 137.66000 93.67780 94.71320 80.41730 67.35780 88.10670 96.14830 84.43200 97.95340 89.39260 87.56360 91.86480 147.79601 178.55099 207.73399 205.10400 190.15300 229.09100 211.06599
39.37160 26.15820 37.32620 13.19450 9.71143 2.76795 0.96197 0.26794 0.05441 0.34052 0.72666 10.92240 7.81435 7.08672 15.62570 9.71832 18.87110 15.49340 43.22180 23.93780 12.87780 11.54050 10.78740 14.27920 29.23190 9.92303 0.27726 1.39571 12.42740 9.74306 3.61497 11.19640 14.59190 7.07583 18.25090 27.09420 29.60320 29.96240 39.26730 47.27920 43.78230 51.42130 41.29290 49.21830 28.08940 45.99160 70.30400 77.49900 86.25560 104.38900 100.39600 86.44160 125.80500 107.24100 110.28900 87.49950 79.11760 81.67900 77.13070 92.13450 94.92730 101.12900 177.72501 165.54201 168.19200 162.43300 173.07201 142.67799 184.98199 211.26300 215.53999 260.77802 321.72800
48.94840 37.54060 30.26350 46.63070 27.34660 17.88270 11.14520 7.16032 0.55263 4.04415 1.13830 3.97300 26.44160 13.04240 9.77076 8.26519 13.61850 12.91150 14.81410 30.49440 29.06780 17.35370 12.45590 6.21762 10.57500 6.42260 0.01501 3.59042 10.66930 13.65340 18.54480 17.24510 21.31070 23.97250 21.55130 39.24270 71.30370 100.93200 76.54890 76.16980 77.50590 45.84380 45.98320 34.47120 9.56087 5.95875 7.61412 7.27566 13.98720 19.90020 31.59300 53.09070 107.77100 123.49700 114.18900 82.06810 83.21810 76.53790 111.35900 118.35400 174.34599 239.46800 271.38400 252.83099 256.42801 267.53000 249.12500 235.11400 252.89700 263.46701 290.62299 300.98199 293.35001
45.46090 42.41040 51.75760 40.62950 74.63120 44.06790 31.09200 43.39830 27.48400 14.43940 13.92520 32.78450 25.55030 14.61170 23.59850 16.19650 9.16921 11.58550 21.55630 35.20660 59.75270 25.53200 14.83810 9.45803 22.60840 11.12850 0.75544 10.89870 12.72380 7.99228 26.68330 25.23690 33.42340 27.93090 36.77860 39.69860 75.24030 86.95130 72.45730 38.29170 50.79310 25.54090 11.35660 8.26929 5.22656 6.96776 29.02550 19.35200 -9999 -9999 25.02320 34.15200 32.66410 76.40820 94.19960 83.13400 82.80910 113.43600 152.13600 240.78500 296.77600 317.87601 302.67300 328.64301 323.42300 351.30499 310.82999 270.75800 298.40601 248.48500 300.61899 274.37399 228.44400
26.55700 39.65170 58.20580 50.57980 54.24330 49.39890 62.38980 49.47730 52.15210 62.89790 58.07160 63.39620 34.85030 21.83420 30.16240 18.92400 6.32815 16.27430 31.29290 26.96730 35.88260 45.82870 73.36500 41.39180 32.91280 12.58250 7.72563 16.57990 20.39580 10.50220 22.76470 33.44560 61.68090 67.70530 99.79710 49.40870 24.97140 -9999 -9999 -9999 -9999 3.48897 -9999 30.41070 54.60780 33.83170 35.59670 3.02419 -9999 -9999 51.57840 55.14710 60.03280 67.42910 45.45000 77.97730 128.74500 187.20300 179.79201 220.69000 253.30299 271.48499 266.81601 365.32501 362.29001 362.04300 299.28400 280.00299 272.40399 195.38100 -9999 -9999 -9999
30.07570 44.95500 50.57570 28.36940 70.69940 53.59420 30.82940 40.11990 33.92080 43.58470 47.78310 61.83950 45.98280 13.35580 23.30660 37.39120 34.71780 26.62920 57.78090 32.10990 45.08370 41.18630 57.85010 41.79010 31.23660 32.95690 19.52230 19.49660 28.82760 34.51670 52.16690 46.49000 98.64760 63.78590 51.15680 -9999 -9999 -9999 -9999 -9999 -9999 -9999 17.02910 24.34850 21.59890 -9999 -9999 -9999 -9999 -9999 17.31690 32.41420 122.13300 99.50670 140.06700 117.42500 120.63000 196.67101 114.91700 138.78101 197.16400 248.21001 220.55099 212.73599 283.43399 370.87201 315.67099 201.56500 -9999 -9999 -9999 -9999 -9999
