data/hydroclimate-scenarios/BCSD_hadcm_B1/monthly_summaries/swe_monthly_day1_oct.2070-2099.asc
ncols	311
nrows	91
xllcenter	102.75
yllcenter	31.75
cellsize	0.5
NODATA_value	-9999
[rows 0 to 32 of 91, columns 73 to 145 of 311]
-9999 -9999 -9999 -9999 -9999 -9999 -9999 -9999 -9999 -9999 -9999 -9999 -9999 -9999 -9999 -9999 -9999 -9999 -9999 -9999 -9999 -9999 -9999 -9999 -9999 -9999 -9999 -9999 -9999 -9999 -9999 -9999 -9999 -9999 -9999 -9999 -9999 -9999 -9999 -9999 -9999 -9999 -9999 -9999 -9999 -9999 -9999 -9999 -9999 -9999 -9999 -9999 -9999 -9999 -9999 -9999 -9999 -9999 -9999 -9999 -9999 -9999 -9999 -9999 -9999 -9999 -9999 -9999 -9999 -9999 -9999 -9999 -9999
-9999 -9999 -9999 -9999 -9999 -9999 -9999 -9999 -9999 -9999 -9999 -9999 -9999 -9999 -9999 -9999 -9999 -9999 -9999 -9999 -9999 -9999 -9999 -9999 -9999 -9999 -9999 -9999 -9999 -9999 -9999 -9999 -9999 -9999 -9999 -9999 -9999 -9999 -9999 -9999 -9999 -9999 -9999 -9999 -9999 -9999 -9999 -9999 -9999 -9999 -9999 -9999 -9999 -9999 -9999 -9999 -9999 -9999 -9999 -9999 -9999 -9999 -9999 -9999 -9999 -9999 -9999 -9999 -9999 -9999 -9999 -9999 -9999
-9999 -9999 -9999 -9999 -9999 -9999 -9999 -9999 -9999 -9999 -9999 -9999 -9999 -9999 -9999 -9999 -9999 -9999 -9999 -9999 -9999 -9999 -9999 -9999 -9999 -9999 -9999 -9999 -9999 -9999 -9999 -9999 -9999 -9999 -9999 -9999 -9999 -9999 -9999 -9999 -9999 -9999 -9999 -9999 -9999 -9999 -9999 -9999 -9999 -9999 -9999 -9999 -9999 -9999 -9999 -9999 -9999 -9999 -9999 -9999 -9999 -9999 -9999 -9999 -9999 -9999 -9999 -9999 -9999 -9999 -9999 -9999 -9999
-9999 -9999 -9999 -9999 -9999 -9999 -9999 -9999 -9999 -9999 -9999 -9999 -9999 -9999 -9999 -9999 -9999 -9999 -9999 -9999 -9999 -9999 -9999 -9999 -9999 -9999 -9999 -9999 -9999 -9999 -9999 -9999 -9999 -9999 -9999 -9999 -9999 -9999 -9999 -9999 -9999 -9999 -9999 -9999 -9999 -9999 -9999 -9999 -9999 -9999 -9999 -9999 -9999 -9999 -9999 -9999 -9999 -9999 -9999 -9999 -9999 -9999 -9999 -9999 -9999 -9999 -9999 -9999 -9999 -9999 -9999 -9999 -9999
-9999 -9999 -9999 -9999 -9999 -9999 -9999 -9999 -9999 -9999 -9999 -9999 -9999 -9999 -9999 -9999 -9999 -9999 -9999 -9999 -9999 -9999 -9999 -9999 -9999 -9999 -9999 -9999 -9999 -9999 -9999 -9999 -9999 -9999 -9999 -9999 -9999 -9999 -9999 -9999 -9999 -9999 -9999 -9999 -9999 -9999 -9999 -9999 -9999 -9999 -9999 -9999 -9999 -9999 -9999 -9999 -9999 -9999 -9999 -9999 -9999 -9999 -9999 -9999 -9999 -9999 -9999 -9999 -9999 -9999 -9999 -9999 -9999
-9999 -9999 -9999 -9999 -9999 -9999 -9999 -9999 -9999 -9999 -9999 -9999 -9999 -9999 -9999 -9999 -9999 -9999 -9999 -9999 -9999 -9999 -9999 -9999 -9999 -9999 -9999 -9999 -9999 -9999 -9999 -9999 -9999 -9999 -9999 -9999 -9999 -9999 -9999 -9999 -9999 -9999 -9999 -9999 -9999 -9999 -9999 -9999 -9999 -9999 -9999 -9999 -9999 -9999 -9999 -9999 -9999 -9999 -9999 -9999 -9999 -9999 -9999 -9999 -9999 -9999 -9999 -9999 -9999 -9999 -9999 -9999 -9999
-9999 -9999 -9999 -9999 -9999 -9999 -9999 -9999 -9999 -9999 -9999 -9999 -9999 -9999 -9999 -9999 -9999 -9999 -9999 -9999 -9999 -9999 -9999 -9999 -9999 -9999 -9999 -9999 -9999 -9999 -9999 -9999 -9999 -9999 -9999 -9999 -9999 -9999 -9999 -9999 -9999 -9999 -9999 -9999 -9999 -9999 -9999 -9999 -9999 -9999 -9999 -9999 -9999 -9999 -9999 -9999 -9999 -9999 -9999 -9999 -9999 -9999 -9999 -9999 -9999 -9999 -9999 -9999 -9999 -9999 -9999 -9999 -9999
-9999 -9999 -9999 -9999 -9999 -9999 -9999 -9999 -9999 -9999 -9999 -9999 -9999 -9999 -9999 -9999 -9999 -9999 -9999 -9999 -9999 -9999 -9999 -9999 -9999 -9999 -9999 -9999 -9999 -9999 -9999 -9999 -9999 -9999 -9999 -9999 -9999 -9999 -9999 -9999 -9999 -9999 -9999 -9999 -9999 -9999 -9999 -9999 -9999 -9999 -9999 -9999 -9999 -9999 -9999 -9999 -9999 -9999 -9999 -9999 -9999 -9999 -9999 -9999 -9999 -9999 -9999 -9999 -9999 -9999 -9999 -9999 -9999
-9999 -9999 -9999 -9999 2.56432 -9999 -9999 -9999 -9999 -9999 -9999 -9999 -9999 -9999 -9999 -9999 -9999 -9999 -9999 -9999 -9999 -9999 -9999 -9999 -9999 -9999 -9999 -9999 -9999 -9999 -9999 -9999 -9999 -9999 -9999 -9999 -9999 -9999 -9999 -9999 -9999 -9999 -9999 -9999 -9999 -9999 -9999 -9999 -9999 -9999 -9999 -9999 -9999 -9999 -9999 -9999 -9999 -9999 -9999 -9999 -9999 -9999 -9999 -9999 -9999 -9999 -9999 -9999 -9999 -9999 -9999 -9999 -9999
3.06034 2.47216 1.98119 2.18984 2.14955 2.28695 4.93692 4.98319 3.82984 3.82344 2.81657 2.90435 2.02456 2.07057 2.37408 2.21319 3.48574 3.44777 1.76135 1.58851 -9999 -9999 -9999 -9999 -9999 -9999 -9999 -9999 -9999 -9999 -9999 -9999 -9999 -9999 -9999 -9999 -9999 -9999 -9999 -9999 -9999 -9999 -9999 -9999 -9999 -9999 -9999 -9999 -9999 -9999 -9999 -9999 -9999 -9999 -9999 -9999 -9999 -9999 -9999 -9999 -9999 -9999 -9999 -9999 -9999 -9999 -9999 -9999 -9999 -9999 -9999 -9999 -9999
-9999 -9999 6.63997 7.10082 7.11968 7.15524 7.32114 7.30747 6.70798 6.69995 4.81320 5.15328 3.98709 3.65181 5.25910 5.52220 6.22466 6.24121 5.58269 5.12099 -9999 -9999 -9999 -9999 -9999 -9999 -9999 -9999 -9999 -9999 -9999 -9999 -9999 -9999 -9999 -9999 -9999 -9999 -9999 -9999 -9999 -9999 -9999 -9999 -9999 -9999 -9999 -9999 -9999 -9999 -9999 -9999 -9999 -9999 -9999 -9999 -9999 -9999 -9999 -9999 -9999 -9999 -9999 -9999 -9999 -9999 -9999 -9999 -9999 -9999 -9999 -9999 -9999
2.25479 2.26688 5.27262 5.62243 6.30095 6.41829 6.67460 7.04804 5.79741 5.78031 4.06607 4.50350 3.28211 3.52423 5.31100 5.44257 5.75671 5.74742 4.87773 4.48364 4.83059 4.64548 4.78981 4.77107 2.35938 2.15100 -9999 -9999 -9999 -9999 -9999 -9999 -9999 -9999 -9999 -9999 -9999 -9999 -9999 -9999 -9999 -9999 -9999 -9999 -9999 -9999 -9999 -9999 -9999 -9999 -9999 -9999 -9999 -9999 -9999 -9999 -9999 -9999 -9999 -9999 -9999 -9999 -9999 -9999 -9999 -9999 -9999 -9999 -9999 -9999 -9999 -9999 -9999
2.73213 3.29377 4.94122 5.21253 8.17432 9.07093 7.91003 8.08414 5.73295 6.22627 6.36234 6.77932 5.59490 5.93246 5.58525 5.60492 5.51891 5.66507 4.81063 4.84621 3.04911 2.63178 2.76507 2.49943 2.33041 2.25068 2.60176 2.61073 3.80169 3.78950 1.99415 1.96168 1.92176 1.91699 2.57206 2.51564 1.84059 1.80429 2.31935 2.29866 2.66640 -9999 -9999 -9999 -9999 -9999 -9999 -9999 -9999 -9999 -9999 -9999 -9999 -9999 -9999 -9999 -9999 -9999 -9999 -9999 -9999 -9999 -9999 -9999 -9999 -9999 -9999 -9999 -9999 -9999 -9999 -9999 -9999
3.01758 3.35216 5.05193 5.03535 8.09724 7.87828 6.59283 6.92483 5.10495 5.14986 5.82130 6.50415 5.45285 5.50059 4.75003 5.05515 5.19441 5.55205 4.78422 5.61510 3.62930 3.15011 2.84975 2.64042 2.21887 2.20334 2.78018 2.90226 3.49278 3.78105 1.74939 1.51223 1.57648 1.52849 2.45772 2.29891 1.66310 1.64547 2.22565 2.34260 2.56806 2.60610 -9999 -9999 -9999 -9999 -9999 -9999 -9999 -9999 -9999 -9999 -9999 -9999 -9999 -9999 -9999 -9999 -9999 -9999 -9999 -9999 -9999 -9999 -9999 -9999 -9999 -9999 -9999 -9999 -9999 -9999 -9999
4.43217 5.59502 4.52276 4.17431 4.60567 4.17294 8.88458 8.27178 8.50181 7.93988 6.57135 6.67396 4.37025 4.58779 3.34013 3.57740 3.11720 3.42343 3.23300 3.30359 3.58057 3.42693 1.80023 2.13494 3.60797 3.09361 1.90987 2.15366 2.70250 2.49673 2.46238 2.50163 3.08252 3.01228 3.04968 2.98687 3.10155 3.16541 1.63417 1.52224 1.21491 1.20878 -9999 -9999 -9999 -9999 -9999 -9999 -9999 -9999 -9999 -9999 -9999 -9999 -9999 -9999 -9999 3.64326 3.41518 -9999 -9999 -9999 -9999 5.23409 4.32851 5.63288 5.64722 4.38592 2.91459 2.80809 2.89620 3.21719 3.73789
4.05634 4.72921 3.55836 2.37658 2.64508 3.61353 7.94082 8.30088 6.86339 6.84587 5.43611 6.08366 4.37929 4.19911 2.96440 3.09197 2.01424 2.12730 2.58055 2.94516 3.17690 2.32405 0.88164 1.08256 3.16674 3.22539 1.89642 1.81932 2.34182 2.16924 2.29225 2.21045 2.69689 2.21715 2.77539 2.96173 2.89928 2.79249 1.27867 1.27123 1.06526 1.13921 1.62684 1.61798 1.97504 2.19511 1.97996 2.40780 2.07010 2.38480 4.69670 4.08588 6.80305 6.77958 4.76163 4.62891 3.63557 3.69630 3.32124 -9999 -9999 -9999 -9999 -9999 3.38304 3.78756 4.82566 5.10729 3.69257 3.36147 4.02589 3.79040 4.25140
4.72441 5.55870 5.97789 4.79388 4.27317 4.17290 3.37512 2.54178 3.51477 3.73332 3.60201 3.89668 1.90664 2.20545 2.34755 2.21806 2.85570 3.63772 2.25727 2.29944 0.86650 0.84279 0.60841 0.64989 1.14804 1.18683 2.01964 1.73047 2.84647 2.68607 2.65144 3.19225 2.32996 1.77083 0.46281 0.43345 1.73063 1.60722 1.20615 1.21861 1.04557 1.16966 2.67055 2.63245 2.26544 2.50236 1.42676 1.60851 1.70369 1.28413 3.10644 4.47490 7.38989 5.22957 3.78095 3.84126 4.25142 3.31404 3.10454 3.41214 4.21856 3.74573 4.05115 4.24632 2.37103 2.61874 3.16456 3.38005 3.23008 2.84651 3.61692 5.76685 9.49964
3.50088 5.29020 7.28033 6.00166 4.78370 4.99088 1.67555 1.45451 2.92657 3.21683 3.27315 3.51537 1.82937 1.56832 1.94762 2.07331 2.10640 2.90531 2.13615 2.01659 0.98449 0.96397 0.51168 0.63245 1.10698 1.12613 1.58488 1.23456 1.81212 1.82557 1.84533 2.32574 2.15867 1.66505 0.41126 0.42622 1.47663 1.12078 0.98033 1.44041 1.19185 0.79831 1.57249 1.91689 2.27984 2.49754 0.88853 1.03478 1.31458 1.23158 2.66341 3.01061 5.16376 6.38543 3.97962 3.68285 4.61886 4.52854 3.91728 4.98127 5.46710 4.15750 4.43891 4.02745 2.33747 2.32380 2.66360 3.38965 3.52190 3.80131 4.79816 6.24601 11.86610
5.54839 2.44567 2.99050 2.47489 2.29848 3.48827 3.07547 1.87266 2.42358 2.37588 0.89754 0.85344 1.51913 1.46752 2.14072 2.23397 2.18993 3.09117 5.02885 4.35760 2.72847 2.15824 1.31784 1.27381 1.22006 1.08895 2.24409 2.20046 3.97311 3.98095 2.04906 1.55968 0.94109 0.92719 2.24438 2.94272 2.86822 2.89607 4.35766 4.11002 3.84616 3.68795 1.29040 0.93487 1.11795 1.08149 1.55644 1.74238 3.41809 3.47671 1.88995 1.91636 3.20782 3.16403 2.37703 3.24250 3.24334 3.65233 2.74573 3.39584 4.40015 3.18518 2.34465 2.01515 1.77158 1.73795 1.87298 2.24717 2.70237 2.68332 2.57480 3.36109 5.39735
6.26631 6.53304 3.30678 2.51200 2.11625 3.29530 4.44896 2.38020 5.69450 5.28792 1.90527 1.27725 1.79162 1.76990 2.30672 2.16943 1.92728 2.46361 4.08218 3.48224 1.90531 1.82346 1.15773 1.02771 1.01889 1.17071 1.62142 1.91003 3.50911 3.33002 2.15964 2.16166 1.36666 1.48669 3.26963 3.33400 3.70984 3.95255 5.20760 4.50529 3.32754 3.31775 1.51048 1.41648 1.61597 1.12761 1.29437 1.57127 3.04981 3.19334 1.89793 1.82567 3.29787 3.65540 3.25848 4.46739 3.19907 2.76730 2.03975 2.01397 2.50619 3.03159 4.30883 2.65239 3.16232 2.32736 2.00416 1.83034 1.93498 1.26509 1.54493 2.45671 4.38889
6.89980 7.94936 11.77870 7.29131 3.12917 2.50186 2.46717 1.64710 1.75941 4.37650 5.85802 8.15377 3.96213 2.35811 2.53132 2.13741 1.13759 1.17127 0.91353 0.95040 0.81343 1.01851 0.72792 0.70877 0.50891 0.59022 2.03324 2.19798 2.81231 3.33028 3.42887 3.38479 3.22428 3.52016 2.26229 2.74196 2.69566 2.49560 1.94249 1.95783 1.18612 1.12745 1.06437 0.74462 0.89436 0.89849 1.04351 0.86835 2.41056 2.70962 1.49672 1.57629 1.59067 1.61847 1.58444 2.05278 1.61082 2.84464 4.32124 3.72737 4.54516 4.02668 2.07299 2.13043 2.27807 2.59511 1.56122 1.27418 1.27309 1.05930 0.86764 1.52730 2.94425
9.34867 9.82921 11.81380 10.86040 7.29156 5.94529 4.97589 2.75377 0.40586 1.21571 1.41817 3.37540 4.98249 5.05478 5.58051 4.13264 2.67523 1.89878 1.40739 1.02131 0.75841 0.86447 0.55844 0.68028 0.64354 0.67288 2.29172 2.69422 2.73392 4.45702 4.10158 4.00574 3.79627 3.78999 2.48013 2.71506 2.87375 2.89613 2.08557 1.96023 1.23679 1.27831 1.04177 1.15161 1.41432 1.27331 1.27531 1.13413 2.84585 2.84064 1.89068 1.99302 2.13973 2.11489 2.23048 1.70098 1.55586 2.36351 3.44932 3.42821 4.23750 3.02257 1.76318 1.85711 2.08350 1.69038 1.02539 0.80632 1.02542 0.95717 0.95749 2.16492 2.41074
9.49723 8.67677 9.46047 9.94058 7.83743 6.32302 6.18922 3.82818 2.35366 2.23123 2.21209 1.81908 2.52617 2.66951 3.05178 4.66168 4.48653 3.99979 2.15480 1.87325 0.25198 0.16460 0.53700 0.55584 0.62393 0.99219 1.68504 1.56965 2.28402 2.61600 3.29328 2.78552 1.97067 1.43649 0.44940 0.61271 1.73572 1.33421 2.05801 1.55929 1.34529 1.45343 2.29589 2.61343 2.73387 2.27472 3.64914 4.55114 3.79115 3.40104 3.21631 4.15855 3.13924 3.98794 2.59513 3.33896 2.38862 2.07971 2.11217 1.77162 2.29700 2.35296 2.69016 1.96356 0.64280 0.57103 0.22333 0.17390 0.34335 0.38680 2.06749 2.96285 2.32438
5.93637 5.52537 8.34717 9.80459 7.83097 7.68157 7.49357 4.56646 1.81939 4.98434 4.36771 3.21282 6.13203 5.27955 7.17418 1.63881 3.36447 6.61204 4.36920 3.55894 1.38231 0.17585 0.50523 0.43634 0.31274 0.56363 1.14019 1.03638 2.11441 2.23390 2.33855 2.27658 1.03291 1.22318 0.43649 0.43272 1.09000 1.42340 3.94928 2.70300 1.58899 2.03637 1.52794 1.38091 1.69308 2.31058 4.00822 4.33212 3.76471 3.33871 2.54936 2.53687 3.13289 3.55535 3.02893 3.20945 1.85894 1.58485 1.55727 1.43366 2.29113 2.61954 1.22672 0.85359 0.38563 0.39018 0.17295 0.14549 0.42997 0.40991 1.54897 1.50970 1.73331
9.22356 7.94802 4.97013 5.24569 4.25359 4.82782 3.46797 3.50417 3.30547 3.85707 2.39272 1.77643 6.42196 6.56635 6.19779 5.80399 2.36060 1.56832 2.31277 2.57267 1.83485 1.80468 0.74199 0.56524 1.00727 1.11723 1.92019 2.09602 1.24876 1.19308 2.64414 2.94305 2.05169 2.02464 0.73357 0.84207 0.66514 1.21664 1.88214 1.97940 2.30468 1.88025 1.49621 1.18227 1.85409 2.65084 3.67466 5.23293 5.16326 3.89101 0.89527 1.33806 1.53632 1.40266 0.67911 0.59667 1.73872 0.89450 1.16472 1.07760 1.15550 0.96396 0.89888 0.71181 0.30223 0.43770 0.46476 0.39917 0.33620 0.29363 0.84010 0.97165 0.82156
10.39030 10.07580 5.09150 3.03484 2.43410 1.94837 2.13167 1.73011 3.31990 4.50865 2.22768 1.44521 4.16173 5.24388 3.96976 4.45111 3.58892 3.11102 2.28905 1.22558 1.64436 1.72092 1.69183 1.25084 1.34071 1.36570 2.20270 2.63484 1.13805 1.17390 2.33566 2.60431 1.69622 2.38846 0.83043 1.55721 0.65672 2.04741 3.71151 2.08375 1.84748 3.22641 3.60289 1.89006 2.19051 2.67649 2.59975 3.21680 4.03045 2.54078 0.73827 0.67005 1.03971 1.10505 0.44373 0.55340 0.66921 0.93184 1.02119 1.05093 1.14297 1.04234 0.95612 0.81513 0.27478 0.30452 0.43767 0.52359 0.50295 0.39456 0.94704 1.20622 1.04897
7.69100 7.44215 11.88840 10.45070 5.75479 4.62629 2.04433 2.52742 2.42278 2.77245 10.86990 9.29113 4.31048 3.72254 7.69797 8.64840 7.42773 7.32612 2.66009 2.61438 2.56024 2.05782 2.70781 2.01598 2.63953 1.84798 1.36867 1.48716 1.31084 1.74318 1.16399 2.26554 4.41495 3.20513 3.04598 4.72804 2.89457 2.58249 3.54444 4.25264 2.89401 2.04284 2.18571 1.55966 2.26534 2.44940 1.20087 1.46837 1.69242 1.76682 1.99857 2.06310 1.86650 1.65421 0.82569 0.56947 1.05991 0.95447 1.33328 1.52279 0.88539 0.86925 0.93003 0.88274 0.49872 0.51153 2.00385 2.43927 1.79919 1.36855 0.93864 0.84723 0.97227
7.90695 7.58538 14.94830 9.92787 6.07807 3.97556 2.39431 1.98303 1.59542 1.90984 7.30201 10.09250 6.00471 5.52226 8.48352 7.19324 5.61081 5.34954 3.25590 2.62609 2.30108 2.05570 2.43253 2.80685 4.69680 2.88799 1.43710 1.09175 1.50643 1.31844 1.21728 2.07999 4.63006 3.33373 2.92033 3.69304 4.02094 3.92110 3.18758 3.57678 1.85589 1.96134 1.52038 1.61447 1.21548 1.59010 1.20934 1.22179 1.13142 1.22260 1.30304 0.90967 1.07160 0.74459 0.50538 0.43766 0.95713 0.93198 1.39822 1.48371 0.86448 0.92748 1.54139 1.27248 0.88781 0.77490 2.07724 1.81787 1.09279 1.07133 0.97255 1.13861 2.28788
7.47008 7.37086 9.38863 8.90256 7.08632 4.59401 3.25162 2.96970 3.40366 3.75164 2.49339 3.02359 5.50037 4.59369 4.70673 4.11420 5.39931 5.21391 3.57510 4.56037 3.52255 3.11280 3.12908 2.19599 3.02043 2.83862 1.82023 1.67999 1.13843 1.23527 2.08043 2.34027 2.66581 3.15465 1.83788 3.13277 3.38430 4.73224 3.21566 3.03452 2.13811 1.46027 0.66294 0.39154 0.09423 0.04919 0.76418 0.72807 0.46392 0.48321 0.31581 0.44762 0.36800 0.35211 0.16869 0.14283 0.77639 0.81264 1.96167 2.11161 2.18750 3.03523 1.03815 0.95111 1.44441 1.40297 0.45939 0.36873 1.43221 1.36319 1.81162 1.70783 1.77073
6.54192 6.02950 9.56873 9.51959 7.32294 5.13036 4.24740 4.74167 6.65257 5.42667 3.85956 5.29538 5.38057 4.23380 5.73784 5.06741 4.48874 4.49767 3.69014 4.61445 4.45536 3.38811 2.81250 2.48441 3.65365 3.00235 2.40759 2.59983 1.70028 1.55692 2.18484 2.44672 2.90027 2.55324 2.13538 2.07184 2.83680 3.19455 3.08163 2.18172 1.42536 0.96780 0.08155 0.07779 0.02791 0.02622 0.85008 0.77860 -9999 -9999 0.27023 0.17461 0.20757 0.29268 0.12628 0.12416 0.78124 0.94110 2.19065 2.81969 3.30815 3.16824 1.13024 1.00262 1.93266 2.13605 0.86730 0.48543 1.58266 1.09325 1.75216 1.19256 1.16100
5.96599 6.51888 6.17402 5.58903 4.53971 3.96302 3.90584 4.42834 3.51318 4.33044 4.87402 4.58007 3.49372 2.54434 3.92831 3.16199 2.63309 3.03796 4.12562 3.60328 5.06546 5.59413 3.65060 2.51597 3.14525 2.30146 2.71015 2.49956 1.79114 0.89388 2.18661 2.75984 3.56422 3.57516 2.79066 1.27897 0.26280 -9999 -9999 -9999 -9999 0.19199 -9999 0.07135 0.82442 0.56392 0.61409 0.21741 -9999 -9999 0.60922 0.51944 0.00165 0.00142 0.14810 0.16741 0.49010 0.67540 1.95033 2.05944 1.58284 1.78446 1.49063 3.24216 2.08089 1.51953 0.69104 0.39043 0.77203 0.57742 -9999 -9999 -9999
5.49034 6.11550 5.23286 3.88685 4.17879 3.32664 2.20405 2.37018 1.90414 2.06905 3.57022 3.68085 2.86369 1.34909 2.72705 3.18813 3.29954 2.99789 4.98522 3.62165 5.75824 5.49818 2.75347 2.01356 2.67702 2.61594 2.72184 2.32941 1.43377 1.58057 2.97444 2.76037 4.25771 3.07200 1.14157 -9999 -9999 -9999 -9999 -9999 -9999 -9999 0.04376 0.03098 0.41918 -9999 -9999 -9999 -9999 -9999 0.10067 0.26207 0.07385 0.00265 0.38890 0.35642 0.44518 0.63688 1.80836 1.94441 1.54861 1.72110 1.00363 0.91310 0.78335 0.92584 0.56091 0.27223 -9999 -9999 -9999 -9999 -9999
3.57371 3.00097 2.81100 2.21693 1.56958 2.43828 1.37094 1.00637 1.80013 1.77968 0.97904 0.71332 0.77251 0.62077 2.90278 3.27023 2.20230 2.52348 2.52454 2.72655 2.94776 4.46473 2.11603 1.52630 2.79386 2.38768 4.66742 4.37745 3.58577 4.30673 1.21071 0.99582 2.37664 1.16655 -9999 -9999 -9999 -9999 -9999 -9999 -9999 -9999 -9999 0.19204 -9999 -9999 -9999 -9999 0.17454 0.19685 0.00497 0.11608 0.03736 0.00460 0.14325 0.15505 0.24365 0.22670 0.79017 0.86042 1.25005 1.81808 0.43574 0.61329 0.46113 -9999 -9999 -9999 -9999 -9999 -9999 -9999 -9999
