data/hydroclimate-scenarios/BCSD_hadcm_B1/monthly_summaries/swe_monthly_day1_mar.2030-2059.asc
ncols	311
nrows	91
xllcenter	102.75
yllcenter	31.75
cellsize	0.5
NODATA_value	-9999
[rows 0 to 30 of 91, columns 71 to 141 of 311]
-9999 -9999 -9999 -9999 -9999 -9999 -9999 -9999 -9999 -9999 -9999 -9999 -9999 -9999 -9999 -9999 -9999 -9999 -9999 -9999 -9999 -9999 -9999 -9999 -9999 -9999 -9999 -9999 -9999 -9999 -9999 -9999 -9999 -9999 -9999 -9999 -9999 -9999 -9999 -9999 -9999 -9999 -9999 -9999 -9999 -9999 -9999 -9999 -9999 -9999 -9999 -9999 -9999 -9999 -9999 -9999 -9999 -9999 -9999 -9999 -9999 -9999 -9999 -9999 -9999 -9999 -9999 -9999 -9999 -9999 -9999
-9999 -9999 -9999 -9999 -9999 -9999 -9999 -9999 -9999 -9999 -9999 -9999 -9999 -9999 -9999 -9999 -9999 -9999 -9999 -9999 -9999 -9999 -9999 -9999 -9999 -9999 -9999 -9999 -9999 -9999 -9999 -9999 -9999 -9999 -9999 -9999 -9999 -9999 -9999 -9999 -9999 -9999 -9999 -9999 -9999 -9999 -9999 -9999 -9999 -9999 -9999 -9999 -9999 -9999 -9999 -9999 -9999 -9999 -9999 -9999 -9999 -9999 -9999 -9999 -9999 -9999 -9999 -9999 -9999 -9999 -9999
-9999 -9999 -9999 -9999 -9999 -9999 -9999 -9999 -9999 -9999 -9999 -9999 -9999 -9999 -9999 -9999 -9999 -9999 -9999 -9999 -9999 -9999 -9999 -9999 -9999 -9999 -9999 -9999 -9999 -9999 -9999 -9999 -9999 -9999 -9999 -9999 -9999 -9999 -9999 -9999 -9999 -9999 -9999 -9999 -9999 -9999 -9999 -9999 -9999 -9999 -9999 -9999 -9999 -9999 -9999 -9999 -9999 -9999 -9999 -9999 -9999 -9999 -9999 -9999 -9999 -9999 -9999 -9999 -9999 -9999 -9999
-9999 -9999 -9999 -9999 -9999 -9999 -9999 -9999 -9999 -9999 -9999 -9999 -9999 -9999 -9999 -9999 -9999 -9999 -9999 -9999 -9999 -9999 -9999 -9999 -9999 -9999 -9999 -9999 -9999 -9999 -9999 -9999 -9999 -9999 -9999 -9999 -9999 -9999 -9999 -9999 -9999 -9999 -9999 -9999 -9999 -9999 -9999 -9999 -9999 -9999 -9999 -9999 -9999 -9999 -9999 -9999 -9999 -9999 -9999 -9999 -9999 -9999 -9999 -9999 -9999 -9999 -9999 -9999 -9999 -9999 -9999
-9999 -9999 -9999 -9999 -9999 -9999 -9999 -9999 -9999 -9999 -9999 -9999 -9999 -9999 -9999 -9999 -9999 -9999 -9999 -9999 -9999 -9999 -9999 -9999 -9999 -9999 -9999 -9999 -9999 -9999 -9999 -9999 -9999 -9999 -9999 -9999 -9999 -9999 -9999 -9999 -9999 -9999 -9999 -9999 -9999 -9999 -9999 -9999 -9999 -9999 -9999 -9999 -9999 -9999 -9999 -9999 -9999 -9999 -9999 -9999 -9999 -9999 -9999 -9999 -9999 -9999 -9999 -9999 -9999 -9999 -9999
-9999 -9999 -9999 -9999 -9999 -9999 -9999 -9999 -9999 -9999 -9999 -9999 -9999 -9999 -9999 -9999 -9999 -9999 -9999 -9999 -9999 -9999 -9999 -9999 -9999 -9999 -9999 -9999 -9999 -9999 -9999 -9999 -9999 -9999 -9999 -9999 -9999 -9999 -9999 -9999 -9999 -9999 -9999 -9999 -9999 -9999 -9999 -9999 -9999 -9999 -9999 -9999 -9999 -9999 -9999 -9999 -9999 -9999 -9999 -9999 -9999 -9999 -9999 -9999 -9999 -9999 -9999 -9999 -9999 -9999 -9999
-9999 -9999 -9999 -9999 -9999 -9999 -9999 -9999 -9999 -9999 -9999 -9999 -9999 -9999 -9999 -9999 -9999 -9999 -9999 -9999 -9999 -9999 -9999 -9999 -9999 -9999 -9999 -9999 -9999 -9999 -9999 -9999 -9999 -9999 -9999 -9999 -9999 -9999 -9999 -9999 -9999 -9999 -9999 -9999 -9999 -9999 -9999 -9999 -9999 -9999 -9999 -9999 -9999 -9999 -9999 -9999 -9999 -9999 -9999 -9999 -9999 -9999 -9999 -9999 -9999 -9999 -9999 -9999 -9999 -9999 -9999
-9999 -9999 -9999 -9999 -9999 -9999 -9999 -9999 -9999 -9999 -9999 -9999 -9999 -9999 -9999 -9999 -9999 -9999 -9999 -9999 -9999 -9999 -9999 -9999 -9999 -9999 -9999 -9999 -9999 -9999 -9999 -9999 -9999 -9999 -9999 -9999 -9999 -9999 -9999 -9999 -9999 -9999 -9999 -9999 -9999 -9999 -9999 -9999 -9999 -9999 -9999 -9999 -9999 -9999 -9999 -9999 -9999 -9999 -9999 -9999 -9999 -9999 -9999 -9999 -9999 -9999 -9999 -9999 -9999 -9999 -9999
-9999 -9999 -9999 -9999 -9999 -9999 74.58920 -9999 -9999 -9999 -9999 -9999 -9999 -9999 -9999 -9999 -9999 -9999 -9999 -9999 -9999 -9999 -9999 -9999 -9999 -9999 -9999 -9999 -9999 -9999 -9999 -9999 -9999 -9999 -9999 -9999 -9999 -9999 -9999 -9999 -9999 -9999 -9999 -9999 -9999 -9999 -9999 -9999 -9999 -9999 -9999 -9999 -9999 -9999 -9999 -9999 -9999 -9999 -9999 -9999 -9999 -9999 -9999 -9999 -9999 -9999 -9999 -9999 -9999 -9999 -9999
-9999 -9999 80.10270 65.64690 67.97550 71.66920 72.68220 81.71760 85.66350 95.86470 99.31920 103.45100 107.50300 111.56500 113.42600 113.25400 118.94800 119.56500 120.17300 120.40600 118.73600 118.08000 -9999 -9999 -9999 -9999 -9999 -9999 -9999 -9999 -9999 -9999 -9999 -9999 -9999 -9999 -9999 -9999 -9999 -9999 -9999 -9999 -9999 -9999 -9999 -9999 -9999 -9999 -9999 -9999 -9999 -9999 -9999 -9999 -9999 -9999 -9999 -9999 -9999 -9999 -9999 -9999 -9999 -9999 -9999 -9999 -9999 -9999 -9999 -9999 -9999
-9999 -9999 -9999 -9999 75.24500 80.88940 84.68960 87.11690 99.46670 103.22800 106.76400 114.24500 114.65400 118.85000 121.92800 126.02500 129.28400 129.07700 133.00000 134.50600 134.79300 132.86301 -9999 -9999 -9999 -9999 -9999 -9999 -9999 -9999 -9999 -9999 -9999 -9999 -9999 -9999 -9999 -9999 -9999 -9999 -9999 -9999 -9999 -9999 -9999 -9999 -9999 -9999 -9999 -9999 -9999 -9999 -9999 -9999 -9999 -9999 -9999 -9999 -9999 -9999 -9999 -9999 -9999 -9999 -9999 -9999 -9999 -9999 -9999 -9999 -9999
72.47280 71.12340 72.23380 74.72700 78.30250 80.84650 86.28200 90.51620 98.46960 102.89400 109.45700 114.16800 114.10700 119.78700 123.49400 124.53400 130.95799 137.67200 137.85201 139.33099 139.47900 139.77400 131.63800 132.10001 126.42900 125.98700 121.22300 120.78300 -9999 -9999 -9999 -9999 -9999 -9999 -9999 -9999 -9999 -9999 -9999 -9999 -9999 -9999 -9999 -9999 -9999 -9999 -9999 -9999 -9999 -9999 -9999 -9999 -9999 -9999 -9999 -9999 -9999 -9999 -9999 -9999 -9999 -9999 -9999 -9999 -9999 -9999 -9999 -9999 -9999 -9999 -9999
77.40430 75.91460 76.01280 76.66230 81.45990 87.00440 89.84120 96.63610 97.70930 104.89900 110.12200 112.90400 123.36500 129.94400 130.22600 140.48500 136.65401 137.86700 146.39301 147.89000 146.45300 142.68100 138.41800 137.59100 135.68900 131.57001 129.71201 123.99400 122.03900 119.14000 115.98100 115.65000 114.78600 112.76200 105.66600 105.08100 98.70540 98.09820 94.24870 91.23400 89.33690 89.78460 90.01330 -9999 -9999 -9999 -9999 -9999 -9999 -9999 -9999 -9999 -9999 -9999 -9999 -9999 -9999 -9999 -9999 -9999 -9999 -9999 -9999 -9999 -9999 -9999 -9999 -9999 -9999 -9999 -9999
75.83900 73.99840 73.50070 74.77850 79.64580 84.01720 86.59250 92.80000 96.50440 103.31000 110.92400 116.52000 124.86100 131.86301 133.95200 139.42101 138.91400 143.98900 146.39301 149.33400 149.06599 141.74800 138.11700 136.57800 134.48599 133.46300 131.58099 131.13100 127.58600 126.04300 124.01300 122.66800 114.99500 109.74400 110.32700 107.37200 105.23800 102.31600 96.66470 93.82690 94.79460 93.78520 94.22390 93.33810 -9999 -9999 -9999 -9999 -9999 -9999 -9999 -9999 -9999 -9999 -9999 -9999 -9999 -9999 -9999 -9999 -9999 -9999 -9999 -9999 -9999 -9999 -9999 -9999 -9999 -9999 -9999
69.45300 68.50970 65.58310 64.71640 72.87370 74.21600 80.76210 84.24530 91.40670 99.94230 108.73200 114.03500 127.07500 131.96600 138.49100 144.05099 142.12601 143.39500 144.32500 146.66701 141.92799 142.00900 141.35699 141.17200 135.65100 131.63000 134.03101 133.10400 131.47701 125.82900 125.01400 120.49300 118.30200 116.66700 116.50500 114.02400 109.05800 103.27800 103.34600 101.11100 99.52110 98.52520 97.09070 97.09300 -9999 -9999 -9999 -9999 -9999 -9999 -9999 -9999 -9999 -9999 -9999 -9999 -9999 -9999 -9999 107.57200 108.52100 -9999 -9999 -9999 -9999 113.63800 112.99000 114.89700 113.60900 121.19500 122.23100
64.35660 64.60120 64.90730 62.72480 70.73030 76.39360 76.52780 80.68800 88.95680 92.98330 106.49700 114.96700 122.78200 132.09000 136.88901 139.42400 139.48300 140.24200 140.29500 142.98000 139.64000 141.54500 139.81900 139.01500 135.96700 136.05099 139.16400 139.03900 138.46500 134.00700 130.90100 128.26199 125.37900 121.05400 122.18200 120.47000 113.02700 108.83500 108.55000 107.68100 104.57700 101.67300 100.50300 100.35000 102.88000 102.13300 101.36900 102.53400 96.58500 98.75460 99.69500 99.34940 100.67500 105.75200 104.76100 104.89700 110.44400 113.18300 113.23500 116.31800 116.27700 -9999 -9999 -9999 -9999 -9999 126.80800 124.12600 123.78700 128.36000 133.19901
59.63880 63.75060 64.30400 62.02610 67.67700 73.57510 78.26540 84.52980 86.16260 93.51410 101.86800 110.16400 120.67100 130.30400 133.72501 138.08099 140.56100 138.80099 139.27400 140.49899 138.34500 140.84399 136.60500 135.42200 136.23801 137.81799 137.63400 139.62801 138.66000 134.93800 134.89600 130.65100 128.73300 129.79500 127.49100 120.04100 115.83500 114.66500 114.65700 113.52300 110.64400 110.61800 108.45300 108.55500 110.41700 107.85900 106.49800 106.73300 104.46300 105.43600 110.95400 111.96100 111.58600 108.99700 109.02700 113.04000 111.79500 111.51100 114.41700 119.58500 123.26200 125.37500 131.46600 134.35300 136.05299 140.29300 137.41400 141.07201 139.75500 141.65300 146.31400
57.90190 53.75770 65.99610 60.00590 63.67210 66.83470 75.05390 77.09420 87.46150 93.90930 98.94880 109.64700 117.05400 128.27901 131.75301 136.00301 134.65401 137.01199 134.86200 134.73000 134.02699 137.41000 135.84500 137.73500 136.90100 137.49300 137.83900 140.90800 139.89101 138.53200 138.39799 136.79800 133.81400 134.85800 128.48300 123.33500 122.40200 120.25100 118.72300 117.64200 115.88900 116.44000 116.50100 112.64200 112.72300 112.88600 112.70500 114.90200 114.33600 115.92900 117.01200 121.93200 117.34400 124.20300 121.33000 118.05200 116.81200 121.71000 124.27800 124.89800 123.97200 130.72800 135.48801 144.98300 143.90900 149.71700 145.32100 141.74001 141.59200 149.09200 152.22400
55.90480 57.32020 58.98380 69.27670 64.82710 71.99270 76.00420 72.29620 82.49200 87.91280 96.34400 105.34600 110.20700 118.65200 121.44200 127.36200 132.49300 132.77200 131.02600 125.84200 129.63000 135.02600 132.82899 140.53600 142.31000 141.06599 142.67000 146.62500 149.60100 149.24001 149.23700 149.48100 145.72400 139.66000 132.46800 129.15500 124.60800 125.50400 121.17100 117.63700 118.82300 118.57000 120.25700 115.83900 116.18200 116.70900 118.77500 120.28600 124.36700 123.36500 121.90100 125.36200 128.16299 130.56000 130.94400 134.11301 134.12601 133.11400 132.46500 131.88699 130.64600 131.88300 132.16400 147.33900 154.68600 155.89500 153.58200 156.14600 155.64101 156.19200 159.84300
61.19780 57.01930 54.76750 54.35260 62.08240 70.93630 70.08150 68.01410 72.67970 80.28070 80.33610 86.40570 92.96900 106.02000 115.11200 123.92700 127.14500 130.69099 129.17400 129.36301 129.58299 132.50600 135.90100 140.54700 145.16600 142.02299 142.45500 142.98300 146.35001 148.59300 151.61800 149.34100 141.63300 140.96800 137.90900 128.72900 127.34300 123.32200 122.42300 119.31100 117.81700 121.55500 121.77500 120.88800 118.20000 118.05200 116.75200 119.79000 125.68900 123.52800 125.94300 132.35600 134.13400 138.21600 136.81400 138.43800 137.06000 136.90500 138.32600 141.90300 140.56799 145.30299 147.83800 155.32600 151.12000 168.28101 163.41701 166.84599 167.09000 165.82700 173.21899
58.14710 57.09850 55.78950 57.73800 55.56080 63.82280 66.90850 69.82800 74.89090 75.09940 76.18850 74.79340 76.59040 79.64410 94.12580 105.36800 114.34700 123.84300 126.70400 133.36301 130.39301 133.34599 138.63300 140.71600 143.61301 147.07100 151.55600 153.68401 153.27200 152.87801 152.75900 152.58000 147.83600 142.83800 140.93201 135.26300 128.26700 125.67300 124.60400 123.63600 123.93700 123.14300 126.64200 125.31000 120.45300 119.48900 118.57000 124.12400 126.90500 132.06100 132.03200 140.22200 142.25700 143.70300 143.55701 147.40300 144.36099 145.85300 148.07300 149.06700 153.24300 156.76401 162.17500 172.89799 170.15601 172.47900 170.72900 177.07899 175.03300 179.76601 185.33800
54.33120 55.77590 56.63210 56.22230 58.00760 57.15250 55.51330 59.21470 67.40290 76.20490 78.01410 79.97200 80.74650 85.70230 83.60570 87.66140 92.92730 100.41800 111.56300 121.02400 126.95000 132.32600 137.23900 143.30800 151.47701 154.17000 164.12000 164.84801 162.31100 157.49200 159.26300 150.42799 141.55000 140.27000 138.69200 136.93800 131.74300 129.04300 128.98100 127.77800 127.56500 127.64900 130.97701 127.38600 126.04700 123.48500 125.77400 127.85900 132.62399 132.30600 135.04601 141.01700 143.95500 147.05901 152.07300 156.03500 153.05600 159.13100 163.28000 163.81100 168.88000 174.27299 182.51300 189.84500 188.76801 186.51199 180.58400 179.28000 182.40401 191.24800 195.00900
59.73900 58.92170 58.29600 61.79590 54.53200 54.34150 56.48200 60.44990 61.57260 67.80980 70.15470 75.68510 79.00910 86.03240 91.62260 96.50630 94.17530 95.29900 95.93390 103.93100 113.22400 122.17000 134.21201 144.01601 155.39301 165.39799 167.87500 167.08501 164.53500 161.88901 157.52000 152.10600 143.73199 143.37500 137.98199 139.51801 137.24400 131.04700 128.47701 129.43201 132.50600 132.34000 133.69800 130.51601 124.98300 122.42500 127.33700 127.87400 133.62801 137.88300 138.63400 142.66701 146.22900 147.37000 154.28700 160.31500 167.66200 169.16200 180.67999 185.81400 192.68201 204.42599 205.67200 209.35001 199.51500 204.14999 201.32899 199.61301 199.81700 202.69299 211.23599
61.80830 62.56710 61.92750 65.14830 58.49740 58.46890 56.84860 58.67160 61.73760 64.55450 73.80390 67.52360 74.16180 80.17520 79.46980 78.97160 83.12540 105.56400 97.53060 91.86380 100.69800 112.75000 122.33400 146.23100 157.54401 165.51199 172.28500 171.69501 166.61900 165.22701 161.13000 158.41400 153.31500 148.00999 149.38000 144.45000 136.95700 136.12900 131.48399 129.78101 131.18600 134.99001 134.62900 131.50700 132.98700 131.28400 132.90500 135.66701 138.65500 145.09500 145.93500 152.37199 154.85600 163.35500 169.60300 175.34599 181.90500 183.88699 199.20700 203.03700 213.78200 222.54100 221.92000 222.75200 224.45799 220.83299 216.38300 211.40300 210.22000 215.57201 220.97701
63.36290 62.61680 64.13280 64.54880 61.88830 64.85200 62.78960 63.29660 61.37810 62.81480 62.87480 67.97360 73.58090 76.73840 81.49930 86.31300 77.99940 86.81670 98.61820 104.14700 106.70000 113.23200 125.01500 132.05200 147.90700 161.49100 165.98801 170.97501 170.08200 169.71899 162.86501 161.25600 162.12000 151.16299 148.56400 143.58099 139.76700 136.56700 132.66100 130.14500 130.51900 130.20700 127.42500 128.50301 133.75400 133.92400 135.30000 137.08900 147.22701 151.59200 152.77400 158.63200 166.35600 168.75500 176.00301 185.60400 189.37100 198.94099 207.06799 217.01300 222.39700 229.78799 235.10400 238.82899 238.19299 235.54201 226.32800 219.47301 216.06500 217.33501 228.28200
67.41110 66.55800 66.46780 66.13850 64.74870 66.13460 65.60960 65.93190 64.60530 65.16060 62.79020 65.31880 70.90950 79.75230 84.89820 88.66770 86.80900 88.56970 93.00250 97.56140 105.84200 119.39700 128.16400 134.60500 139.53200 149.96600 162.77100 164.45399 167.58000 165.64999 163.47701 158.88600 162.09000 155.80200 148.09100 140.18900 135.51100 130.79300 131.21400 127.09500 129.35001 128.87399 129.68100 128.75301 130.85001 134.02901 134.87000 142.05400 151.18900 155.68600 158.65199 166.94099 172.53799 174.64799 180.95300 191.25000 198.56000 206.80600 217.48801 224.63100 231.86301 240.59700 244.42000 246.49699 243.65800 241.27600 234.59100 228.03101 222.38699 233.39400 242.67599
76.37930 75.04760 72.09530 72.25090 68.43420 68.28740 67.56570 66.39300 68.09730 65.84440 66.67920 69.93590 69.69670 75.52580 84.71950 92.04160 95.88860 97.72640 94.92450 101.29100 108.01100 115.28000 124.63900 134.73100 142.65401 149.98000 154.73399 164.97900 171.85500 167.86600 168.75700 160.56900 158.70300 150.30901 141.60400 139.16800 134.23300 129.32899 128.81799 130.94501 128.51401 127.74500 130.22400 131.12199 132.19099 135.22200 138.65401 147.36700 151.56700 159.13499 168.73199 175.94299 179.04601 187.19701 194.95599 207.53700 216.13699 226.00800 237.26700 244.30600 250.48801 255.68201 261.09900 262.40900 260.12399 256.51700 248.75600 243.07201 244.08200 244.42799 256.85001
79.82030 80.04680 73.96500 69.61380 69.62230 72.14320 70.93010 72.63650 71.45030 72.90700 73.04670 75.94740 78.28690 80.60650 86.74280 89.69960 98.86920 102.54700 108.72500 112.52800 108.58900 120.45100 129.73100 139.95900 146.07800 148.32300 150.07800 160.15401 171.10500 173.98700 164.74600 162.87100 161.91701 151.07500 142.41400 140.77901 134.83501 133.49200 130.88499 134.71201 134.07100 134.54201 135.07300 138.44299 140.24001 142.18201 147.56799 156.88699 163.89101 172.90601 187.40601 194.64900 203.22701 215.39301 231.57300 243.93800 249.44800 254.39700 258.19199 262.37100 268.86499 269.96799 276.24200 274.05099 266.45001 267.89600 263.45801 265.60199 263.53101 265.22101 278.55200
81.17620 80.16950 80.17800 74.34600 69.86290 69.89570 70.09370 74.76380 73.54310 74.01440 75.80660 77.55110 82.55060 85.18480 88.29850 93.25060 104.90100 110.22800 114.94500 120.33000 125.23700 126.84500 132.70700 145.62100 151.94400 156.61800 156.21300 164.16000 183.07500 178.24300 171.74600 167.21201 160.79201 152.91499 147.96700 140.68300 138.77901 136.37300 135.19099 139.84700 142.05400 143.99899 148.36200 147.33701 149.40300 156.24400 162.64000 170.20300 176.44299 186.99001 199.44501 211.73399 233.99800 247.46201 268.03000 286.07800 294.05600 292.36899 288.19901 284.94400 286.20300 285.92200 287.62000 283.03799 276.48199 276.02200 275.89700 291.95401 291.12000 293.06400 303.64401
85.79630 84.35900 84.78890 84.41770 79.60800 76.98080 75.39960 76.14140 78.48330 78.51310 79.63020 80.88460 85.21440 89.51310 94.79980 100.38700 107.51900 111.17100 118.00800 128.53000 130.29800 136.76401 141.38600 150.95799 156.60699 158.94501 155.49600 161.43800 171.38300 171.66299 178.89799 175.39799 168.96300 162.71800 160.21300 151.96800 147.43300 152.06599 148.87300 150.60201 153.74800 154.63100 159.08099 160.64700 157.95300 163.86400 171.11400 182.83501 190.05400 201.63901 -9999 -9999 244.98500 261.51001 272.71799 292.76001 299.06201 302.23999 298.16299 300.51999 303.63699 310.16901 311.94699 302.54001 302.97501 297.59500 291.13101 303.88599 319.40701 323.28000 338.65100
89.28570 88.16540 86.79180 86.39390 88.86800 86.50070 82.50130 86.04410 83.45920 79.89110 79.18850 87.17530 91.51350 95.01600 98.95260 103.49500 103.62000 114.55700 124.35200 127.40400 140.66499 148.77100 155.39999 159.12199 153.98599 158.56200 160.54601 162.67101 166.05200 177.09900 181.82401 187.03200 177.85400 175.25900 173.21700 164.30000 161.61200 162.00900 165.19200 -9999 -9999 -9999 -9999 168.80000 -9999 176.54700 188.13200 198.51700 211.30299 218.25800 -9999 -9999 261.59799 274.17001 277.23401 283.60101 280.48001 292.61700 295.46201 303.80301 313.44199 319.99301 316.91101 316.73300 319.69699 311.91901 307.29099 320.27499 334.31400 341.17801 355.79001
