data/hydroclimate-scenarios/BCSD_hadcm_B1/monthly_summaries/swe_monthly_day1_mar.2070-2099.asc
ncols	311
nrows	91
xllcenter	102.75
yllcenter	31.75
cellsize	0.5
NODATA_value	-9999
[rows 0 to 30 of 91, columns 0 to 70 of 311]
-9999 -9999 -9999 -9999 -9999 -9999 -9999 -9999 -9999 -9999 -9999 -9999 -9999 -9999 -9999 -9999 -9999 -9999 -9999 -9999 -9999 -9999 -9999 -9999 -9999 -9999 -9999 -9999 -9999 -9999 -9999 -9999 -9999 -9999 -9999 -9999 -9999 -9999 -9999 -9999 -9999 -9999 -9999 -9999 -9999 -9999 -9999 -9999 -9999 -9999 -9999 -9999 -9999 -9999 -9999 -9999 -9999 -9999 -9999 -9999 -9999 -9999 -9999 -9999 -9999 -9999 -9999 -9999 -9999 -9999 -9999
-9999 -9999 -9999 -9999 -9999 -9999 -9999 -9999 -9999 -9999 -9999 -9999 -9999 -9999 -9999 -9999 -9999 -9999 -9999 -9999 -9999 -9999 -9999 -9999 -9999 -9999 -9999 -9999 -9999 -9999 -9999 -9999 -9999 -9999 -9999 -9999 -9999 -9999 -9999 -9999 -9999 -9999 -9999 -9999 -9999 -9999 -9999 -9999 -9999 -9999 -9999 -9999 -9999 -9999 -9999 -9999 -9999 -9999 -9999 -9999 -9999 -9999 -9999 -9999 -9999 -9999 -9999 -9999 -9999 -9999 -9999
-9999 -9999 -9999 -9999 -9999 -9999 -9999 -9999 -9999 -9999 -9999 -9999 -9999 -9999 -9999 -9999 -9999 -9999 -9999 -9999 -9999 -9999 -9999 -9999 -9999 -9999 -9999 -9999 -9999 -9999 -9999 -9999 -9999 -9999 -9999 -9999 -9999 -9999 -9999 -9999 -9999 -9999 -9999 -9999 -9999 -9999 -9999 -9999 -9999 -9999 -9999 -9999 -9999 -9999 -9999 -9999 -9999 -9999 -9999 -9999 -9999 -9999 -9999 -9999 -9999 -9999 -9999 -9999 -9999 -9999 -9999
-9999 -9999 -9999 -9999 -9999 -9999 -9999 -9999 -9999 -9999 -9999 -9999 -9999 -9999 -9999 -9999 -9999 -9999 -9999 -9999 -9999 -9999 -9999 -9999 -9999 -9999 -9999 -9999 -9999 -9999 -9999 -9999 -9999 -9999 -9999 -9999 -9999 -9999 -9999 -9999 -9999 -9999 -9999 -9999 -9999 -9999 -9999 -9999 -9999 -9999 -9999 -9999 -9999 -9999 -9999 -9999 -9999 -9999 -9999 -9999 -9999 -9999 -9999 -9999 -9999 -9999 -9999 -9999 -9999 -9999 -9999
-9999 -9999 -9999 -9999 -9999 -9999 -9999 -9999 -9999 -9999 -9999 -9999 -9999 -9999 -9999 -9999 -9999 -9999 -9999 -9999 -9999 -9999 -9999 -9999 -9999 -9999 -9999 -9999 -9999 -9999 -9999 -9999 -9999 -9999 -9999 -9999 -9999 -9999 -9999 -9999 -9999 -9999 -9999 -9999 -9999 -9999 -9999 -9999 -9999 -9999 -9999 -9999 -9999 -9999 -9999 -9999 -9999 -9999 -9999 -9999 -9999 -9999 -9999 -9999 -9999 -9999 -9999 -9999 -9999 -9999 -9999
-9999 -9999 -9999 -9999 -9999 -9999 -9999 -9999 -9999 -9999 -9999 -9999 -9999 -9999 -9999 -9999 -9999 -9999 -9999 -9999 -9999 -9999 -9999 -9999 -9999 -9999 -9999 -9999 -9999 -9999 -9999 -9999 -9999 -9999 -9999 -9999 -9999 -9999 -9999 -9999 -9999 -9999 -9999 -9999 -9999 -9999 -9999 -9999 -9999 -9999 -9999 -9999 -9999 -9999 -9999 -9999 -9999 -9999 -9999 -9999 -9999 -9999 -9999 -9999 -9999 -9999 -9999 -9999 -9999 -9999 -9999
-9999 -9999 -9999 -9999 -9999 -9999 -9999 -9999 -9999 -9999 -9999 -9999 -9999 -9999 -9999 -9999 -9999 -9999 -9999 -9999 -9999 -9999 -9999 -9999 -9999 -9999 -9999 -9999 -9999 -9999 -9999 -9999 -9999 -9999 -9999 -9999 -9999 -9999 -9999 -9999 -9999 -9999 -9999 -9999 -9999 -9999 -9999 -9999 -9999 -9999 -9999 -9999 -9999 -9999 -9999 -9999 -9999 -9999 -9999 -9999 -9999 -9999 -9999 -9999 -9999 -9999 -9999 -9999 -9999 -9999 -9999
-9999 -9999 -9999 -9999 -9999 -9999 -9999 -9999 -9999 -9999 -9999 -9999 -9999 -9999 -9999 -9999 -9999 -9999 -9999 -9999 -9999 -9999 -9999 -9999 -9999 -9999 -9999 -9999 -9999 -9999 -9999 -9999 -9999 -9999 -9999 -9999 -9999 -9999 -9999 -9999 -9999 -9999 166.39900 166.45700 166.75301 168.13600 166.69299 165.13100 160.77299 165.00301 161.10500 159.31700 -9999 -9999 -9999 -9999 -9999 -9999 -9999 -9999 -9999 -9999 -9999 -9999 -9999 -9999 -9999 -9999 -9999 -9999 -9999
-9999 -9999 -9999 -9999 -9999 -9999 -9999 -9999 -9999 -9999 -9999 -9999 -9999 -9999 -9999 -9999 -9999 -9999 -9999 -9999 -9999 -9999 -9999 -9999 -9999 -9999 -9999 -9999 -9999 -9999 -9999 -9999 -9999 -9999 -9999 -9999 -9999 -9999 155.67500 164.10001 161.95500 170.86200 171.75400 173.92799 175.94299 175.20500 177.47400 177.88800 177.89400 174.38100 166.05400 160.78400 151.47000 89.37770 -9999 -9999 -9999 -9999 -9999 -9999 -9999 -9999 -9999 -9999 -9999 -9999 -9999 -9999 -9999 -9999 -9999
-9999 -9999 -9999 -9999 -9999 -9999 -9999 -9999 -9999 -9999 -9999 -9999 -9999 -9999 -9999 -9999 -9999 -9999 -9999 -9999 -9999 -9999 -9999 -9999 -9999 -9999 -9999 -9999 -9999 -9999 -9999 -9999 -9999 -9999 -9999 -9999 -9999 -9999 -9999 -9999 156.28900 170.42500 172.31700 174.09399 179.67000 179.46600 184.10100 186.03300 186.66400 186.69501 181.70399 170.46500 164.19000 96.74250 -9999 -9999 -9999 -9999 -9999 -9999 -9999 -9999 -9999 -9999 -9999 -9999 -9999 -9999 -9999 -9999 -9999
-9999 -9999 -9999 -9999 -9999 -9999 -9999 -9999 -9999 -9999 -9999 -9999 -9999 -9999 -9999 -9999 -9999 -9999 -9999 -9999 -9999 -9999 -9999 -9999 -9999 -9999 -9999 -9999 -9999 -9999 -9999 -9999 -9999 -9999 -9999 -9999 -9999 -9999 -9999 -9999 -9999 -9999 -9999 -9999 189.33000 193.42900 196.50301 202.56300 204.03799 203.38200 202.71600 185.38000 180.51801 110.03600 -9999 -9999 -9999 -9999 -9999 -9999 106.17800 -9999 -9999 -9999 -9999 -9999 -9999 -9999 -9999 -9999 -9999
-9999 -9999 -9999 -9999 -9999 -9999 -9999 -9999 -9999 -9999 -9999 -9999 -9999 -9999 -9999 -9999 -9999 -9999 -9999 -9999 -9999 -9999 -9999 -9999 -9999 -9999 -9999 -9999 -9999 -9999 -9999 -9999 -9999 -9999 -9999 -9999 -9999 -9999 -9999 -9999 -9999 182.01300 185.13400 186.03999 190.30901 194.13699 195.97600 200.26300 202.94800 203.88000 197.11200 184.36700 174.04500 162.17999 -9999 -9999 -9999 -9999 -9999 106.79900 102.11300 101.23200 96.44130 90.80100 89.84220 87.86760 84.53420 83.32640 78.30600 78.16240 78.26930
-9999 -9999 -9999 -9999 -9999 -9999 -9999 -9999 -9999 -9999 -9999 -9999 -9999 -9999 -9999 -9999 -9999 -9999 -9999 -9999 -9999 -9999 -9999 -9999 -9999 -9999 -9999 -9999 -9999 -9999 -9999 -9999 -9999 -9999 -9999 -9999 -9999 -9999 -9999 -9999 -9999 179.39700 187.83701 191.04900 193.12700 194.55600 194.78900 193.33900 194.85100 194.29300 183.88699 167.16400 155.96300 142.87700 138.21001 126.31600 118.66100 -9999 107.65300 111.49100 105.08500 100.41900 96.69180 89.16610 88.57090 86.17910 84.97840 83.91120 81.69560 80.38310 79.52220
-9999 -9999 -9999 -9999 -9999 -9999 -9999 -9999 -9999 -9999 -9999 -9999 -9999 -9999 -9999 -9999 -9999 -9999 -9999 -9999 -9999 -9999 -9999 -9999 -9999 -9999 -9999 -9999 -9999 -9999 -9999 -9999 -9999 -9999 -9999 154.16800 157.42799 165.39400 170.40300 175.67400 177.78200 185.93800 191.16000 192.92900 198.33701 201.69400 199.50101 200.93800 199.57800 196.09801 186.44400 168.32600 156.47600 144.51900 133.62399 123.86200 115.70400 106.66700 102.27100 105.90600 101.73200 96.39740 94.38470 82.70240 82.28180 84.88080 82.04910 80.78840 80.76710 78.43360 78.11220
-9999 -9999 -9999 -9999 -9999 -9999 -9999 -9999 -9999 -9999 -9999 -9999 -9999 -9999 -9999 -9999 -9999 -9999 -9999 -9999 -9999 -9999 -9999 -9999 -9999 -9999 -9999 -9999 -9999 -9999 -9999 -9999 -9999 -9999 149.85300 159.32899 165.42599 163.77200 169.80099 177.11000 185.63100 186.61000 195.07201 197.49400 195.30499 203.07401 202.05299 203.76900 203.14400 189.39400 183.61400 168.30701 157.50600 141.99100 134.34700 127.64600 113.60200 106.27000 105.14500 102.32400 95.43600 90.64630 90.45570 81.84160 86.27600 84.09400 81.87820 77.95210 74.17440 73.35840 71.57570
-9999 -9999 -9999 -9999 -9999 -9999 -9999 -9999 -9999 -9999 -9999 -9999 -9999 -9999 -9999 -9999 -9999 -9999 -9999 -9999 -9999 -9999 -9999 -9999 -9999 -9999 -9999 -9999 -9999 -9999 -9999 -9999 -9999 145.88000 153.59100 159.13200 162.83501 163.53999 167.25800 177.74600 184.84300 187.76500 192.91299 198.17101 198.86000 197.90601 199.41299 200.08099 190.09000 181.92101 170.10001 151.12801 130.92799 127.49200 119.64100 114.01900 105.60800 102.73800 99.22570 95.20090 88.09580 85.35880 84.52780 84.64570 83.56890 78.87190 77.28790 73.07500 72.38040 71.66350 66.55740
-9999 -9999 -9999 -9999 -9999 -9999 -9999 -9999 -9999 -9999 -9999 -9999 -9999 -9999 -9999 -9999 -9999 -9999 -9999 -9999 -9999 -9999 -9999 -9999 -9999 -9999 -9999 -9999 -9999 -9999 -9999 141.59100 145.35800 145.68700 150.66701 153.95399 159.78200 161.27800 170.48199 175.84000 178.96700 188.64101 193.94800 193.83200 195.21600 195.33200 193.48801 182.08800 175.06400 164.59200 153.34700 140.99200 118.06100 123.02500 118.52800 108.86800 104.34900 94.88050 86.82470 85.07040 84.41920 80.92440 80.81300 79.96020 77.80630 74.52030 75.98290 73.75390 74.81110 66.54000 65.37170
-9999 -9999 -9999 -9999 -9999 -9999 -9999 -9999 -9999 -9999 -9999 -9999 -9999 -9999 -9999 -9999 -9999 -9999 -9999 -9999 -9999 -9999 -9999 -9999 -9999 -9999 -9999 -9999 -9999 129.90401 133.33900 142.10699 144.46201 145.45799 147.92799 153.30200 157.75200 163.88901 168.05299 171.16701 178.92599 184.87500 189.97099 188.73399 186.81000 181.57201 177.81200 173.99100 163.77000 155.03101 144.49001 132.59599 113.58200 117.10200 104.70500 101.44400 98.38830 87.68140 84.99210 85.57160 80.16380 76.24340 73.36670 72.40110 71.73200 71.69460 69.19610 68.39690 67.23780 67.06320 67.20080
-9999 -9999 -9999 -9999 -9999 -9999 -9999 -9999 -9999 -9999 -9999 -9999 -9999 -9999 -9999 -9999 -9999 -9999 -9999 -9999 -9999 -9999 -9999 -9999 121.44900 122.28600 121.86500 124.77200 127.03200 130.18600 133.71800 132.70399 134.30099 136.48900 140.11700 147.30701 150.28400 155.23199 159.77000 165.22701 167.54700 174.26100 181.02400 177.57700 175.74001 176.39999 171.22600 160.34500 153.70300 145.05499 140.51801 128.95500 120.35700 115.86200 106.10500 94.82340 90.20530 89.03580 82.67720 78.17930 75.94910 75.24400 71.24600 69.73020 68.14090 69.14020 69.55350 69.70040 71.91980 65.37590 58.25550
-9999 -9999 -9999 -9999 -9999 -9999 140.20900 138.59700 140.23900 141.22099 142.74200 -9999 -9999 -9999 -9999 -9999 -9999 -9999 -9999 -9999 -9999 122.73100 117.66600 116.28400 115.01200 116.71800 116.04900 124.45700 123.74700 128.98100 130.72701 130.21600 132.65700 134.50101 137.57899 144.96600 148.73599 152.91400 157.90100 162.77800 164.77000 165.57600 169.79800 172.02499 171.54100 170.28700 169.38499 155.52200 148.96100 141.32300 132.27699 125.48600 116.12600 111.92900 106.79800 94.12570 89.23760 86.26080 80.73330 77.69720 75.39390 74.05400 69.11120 67.21630 66.91970 70.95950 71.96720 69.84760 72.11810 71.22790 66.98400
-9999 -9999 -9999 -9999 -9999 141.22800 137.50000 138.01601 141.44400 139.70100 143.76900 138.91600 137.01500 138.54401 -9999 -9999 -9999 124.99900 123.70600 122.81300 121.60100 121.00900 112.11700 112.21400 112.11300 110.71600 115.38200 117.25500 120.33200 121.07200 122.79400 125.18100 129.49699 130.73500 135.48700 139.13000 140.22900 147.84801 153.45799 159.55000 161.94400 162.55701 161.62000 162.18201 164.94000 160.22400 156.29900 151.05901 141.89101 135.85699 130.19200 121.10100 115.08700 105.41600 100.95500 92.48070 86.41780 82.20420 83.26320 73.42450 71.12930 71.61060 70.59930 69.74770 67.09250 61.88620 66.88170 67.18540 66.75790 70.43160 68.62360
-9999 135.84200 136.78999 139.40300 141.42999 139.54300 140.66100 140.12100 141.76300 141.76900 141.88600 141.72800 140.73700 140.37300 137.16800 135.42400 133.41100 124.69900 123.91300 124.41800 121.60600 116.66600 113.53400 110.56000 109.18700 109.62700 108.63700 111.86300 113.98200 117.81300 117.69500 118.81400 122.54200 124.72100 128.11301 132.79100 138.05901 141.62801 147.66299 155.50500 155.18300 156.04300 155.11700 157.66600 156.06900 150.77600 150.86200 147.12399 137.93100 135.60300 120.59600 114.59900 107.77100 97.51470 92.11240 85.73440 82.99180 81.97430 78.03680 75.19900 73.04980 72.79300 69.04390 69.44390 65.38820 64.13310 67.10630 65.34380 67.11860 65.92940 63.94400
-9999 143.02200 141.09801 140.30299 138.58600 137.81700 140.12199 137.03799 136.43401 137.61301 141.56400 143.30200 142.72900 142.83099 138.44400 135.24600 127.37700 127.69700 124.09800 120.64800 121.92000 119.94100 116.04400 114.07000 111.42500 115.47500 115.32900 115.07100 114.21500 115.40200 116.79800 115.42900 114.90000 120.39500 121.44800 126.36900 130.07300 132.20000 141.01601 144.63699 148.56700 146.59801 147.45000 145.36301 144.63699 142.78999 141.73801 137.44701 134.25999 129.62801 121.28800 111.49900 100.79800 96.71150 87.34570 83.95640 77.75840 78.68810 77.24700 74.40010 74.85790 70.05500 70.27680 70.23010 69.79640 66.36190 66.38480 65.52250 66.90020 68.76380 69.96450
-9999 -9999 -9999 144.41299 142.80901 142.24699 141.58600 136.94200 137.11400 137.20700 138.46899 138.99200 138.81799 139.58099 138.55499 133.46600 130.53500 126.69700 128.10300 126.20300 121.59800 122.32200 119.47500 118.78200 114.54200 114.36100 111.98800 113.78400 113.88700 113.77800 113.89800 112.99000 113.10600 116.10700 117.84200 119.61500 122.60600 128.59000 129.59300 135.27200 138.10201 140.57100 138.85600 136.62100 136.91800 137.08299 134.75900 132.57600 129.17799 129.15601 120.37500 110.02800 99.82100 94.59800 89.11460 79.55640 77.02710 76.92360 76.17800 72.35960 74.31480 72.74310 72.82440 68.39980 67.70080 69.66000 72.06140 67.46160 70.13410 67.51780 68.57180
-9999 -9999 -9999 -9999 -9999 -9999 142.08000 140.84500 140.63300 137.01199 136.16299 136.95900 137.13400 135.19701 135.60500 132.50200 132.26900 131.54700 131.24001 134.02200 130.15401 125.72900 123.61900 121.23900 119.64200 120.25200 116.46800 114.84200 113.68400 114.64500 113.82200 112.05500 112.14500 116.41100 117.60100 120.97600 120.89200 122.67000 123.40600 125.84300 130.30400 129.94400 133.50800 133.98599 133.36000 133.24500 133.82600 132.46600 134.01300 129.65700 120.86900 110.18200 101.31100 94.61390 86.42900 81.03580 78.23440 78.91860 74.93720 76.06800 74.47210 72.41800 69.48180 63.53350 69.94190 65.64920 70.31280 71.37240 69.07760 71.68820 75.19880
-9999 -9999 -9999 -9999 -9999 -9999 146.08800 145.19200 146.26401 139.59200 138.54500 137.99400 136.95500 134.64200 134.85201 135.66600 135.60300 137.48900 136.74001 137.09599 138.72800 137.51401 133.59500 128.53000 125.97800 126.26100 120.50500 115.91400 115.40700 116.66100 117.81100 116.87400 117.16100 117.92000 118.34400 120.24600 122.42100 119.89800 123.58300 121.52700 121.15600 123.42300 129.33701 126.88800 130.13000 131.65800 132.25000 131.70900 134.48100 133.52000 129.32001 116.83300 105.95400 94.48230 89.67250 88.28550 83.01440 83.75380 82.46030 80.04140 71.51600 73.61140 72.49560 71.94350 69.03260 70.40270 72.24680 73.81020 74.14320 78.57160 78.72490
-9999 -9999 -9999 -9999 -9999 -9999 -9999 -9999 -9999 -9999 139.59200 141.32401 139.47800 137.19901 140.93300 142.17900 143.21600 143.21300 144.96700 147.13901 149.26500 146.50900 141.30701 140.03200 136.69701 133.73599 131.33200 126.88500 117.90800 119.45300 119.45700 120.94100 120.95900 120.73500 122.19300 121.62100 121.10300 118.17700 117.89300 118.11300 119.26300 119.50500 120.70700 121.92100 125.15800 129.39900 128.77400 134.05499 134.80000 129.31900 126.34400 112.80000 104.55900 96.03830 92.87410 90.11160 92.93250 89.52610 89.13890 85.76500 87.28420 84.93850 84.85080 78.16650 77.68980 76.79910 76.67040 78.22990 79.23150 82.55110 83.85500
-9999 -9999 -9999 -9999 -9999 -9999 -9999 -9999 -9999 -9999 138.08200 139.96800 137.16499 139.13800 142.19501 146.38100 151.47600 155.51700 159.22800 161.79500 158.94701 155.13400 147.98900 150.21001 144.24899 140.63600 136.28101 128.85800 127.27700 120.75300 119.50300 122.54100 122.91600 124.27200 124.11800 124.11700 122.37700 121.85100 122.43300 121.56300 124.01700 125.54100 123.90700 121.46900 123.45500 122.18200 121.20200 123.66000 121.80000 116.32600 109.98700 106.50500 99.10100 95.55360 95.08770 93.91340 91.21770 92.89120 90.64610 93.10610 92.38080 93.80750 90.40980 90.67440 90.26180 88.88530 86.91600 84.79790 84.80470 86.96140 88.56050
-9999 -9999 -9999 -9999 -9999 -9999 -9999 -9999 -9999 -9999 -9999 -9999 135.98801 142.34300 150.36600 160.16701 164.56100 167.26700 170.87801 168.65401 166.19299 164.97400 159.46201 154.70000 147.44701 143.84399 137.50700 129.17300 122.77200 121.23400 121.71000 120.16900 123.02300 122.29700 126.15300 126.76800 125.86400 122.86700 123.36200 119.75800 118.34800 123.69400 123.16400 118.47100 119.04600 121.88300 121.16200 117.25100 113.39900 109.09100 106.86200 103.90400 103.21500 96.75640 95.71690 92.88300 94.67010 88.99710 91.21040 95.59790 93.98930 96.04950 96.56440 92.08100 92.03190 87.47740 88.47140 90.88080 91.42360 94.94500 93.23280
-9999 -9999 -9999 -9999 -9999 -9999 -9999 -9999 -9999 -9999 -9999 -9999 136.73900 140.63300 152.72099 159.81000 169.28700 173.15300 176.48100 177.66499 172.01700 168.87700 163.88400 158.31300 151.87700 147.30600 138.17101 129.15199 123.32900 119.08100 117.68100 120.75200 121.33500 122.61900 124.22400 125.12300 125.94500 126.40500 125.10900 123.00600 120.53900 121.10600 122.70400 120.40300 119.45200 119.32300 118.03300 116.19800 113.83100 105.63300 104.73600 104.19900 102.26600 97.11990 96.08070 96.28170 95.19380 93.93690 93.84840 100.34900 100.68400 102.35500 100.08400 99.06560 98.25880 95.96680 95.86840 96.47450 96.58020 98.62570 97.22720
-9999 -9999 -9999 -9999 -9999 -9999 -9999 -9999 -9999 -9999 -9999 129.65100 138.11301 140.18900 149.28300 154.53000 166.14700 167.81000 175.14999 181.06000 174.34900 176.66499 169.52400 165.97200 157.46001 152.23700 142.70700 128.34500 123.75700 121.32700 116.85900 118.28700 118.25600 119.48000 121.52500 122.33600 124.70300 122.69600 125.36100 127.31900 125.59400 126.90300 124.38200 119.39400 117.58100 118.31800 117.71000 117.45500 113.59700 112.78700 113.01300 107.44900 107.62000 106.73300 107.43200 99.88600 97.79470 101.97900 101.00100 105.78100 103.82900 103.63400 105.96600 108.79700 106.85900 103.92700 105.82300 103.45700 108.09000 106.60100 104.14800
