data/hydroclimate-scenarios/BCSD_hadcm_B1/monthly_summaries/swe_monthly_day1_may.2070-2099.asc
ncols	311
nrows	91
xllcenter	102.75
yllcenter	31.75
cellsize	0.5
NODATA_value	-9999
[rows 0 to 31 of 91, columns 216 to 287 of 311]
-9999 -9999 -9999 -9999 -9999 -9999 -9999 -9999 -9999 -9999 -9999 -9999 -9999 -9999 -9999 -9999 -9999 -9999 -9999 -9999 -9999 -9999 -9999 -9999 -9999 -9999 -9999 -9999 -9999 -9999 -9999 -9999 -9999 -9999 -9999 -9999 -9999 -9999 -9999 -9999 -9999 -9999 -9999 -9999 -9999 -9999 -9999 -9999 -9999 -9999 -9999 -9999 -9999 -9999 -9999 -9999 -9999 -9999 -9999 -9999 -9999 -9999 -9999 -9999 -9999 -9999 -9999 -9999 -9999 -9999 -9999 -9999
-9999 -9999 -9999 -9999 -9999 -9999 -9999 -9999 -9999 -9999 -9999 -9999 -9999 -9999 -9999 -9999 -9999 -9999 -9999 -9999 -9999 -9999 -9999 -9999 -9999 -9999 -9999 -9999 -9999 -9999 -9999 -9999 -9999 -9999 -9999 -9999 -9999 -9999 -9999 -9999 -9999 -9999 -9999 -9999 -9999 -9999 -9999 -9999 -9999 -9999 -9999 -9999 -9999 -9999 -9999 -9999 -9999 -9999 -9999 -9999 -9999 -9999 -9999 -9999 -9999 -9999 -9999 -9999 -9999 -9999 -9999 -9999
-9999 -9999 -9999 -9999 -9999 -9999 -9999 -9999 -9999 -9999 -9999 -9999 -9999 -9999 -9999 -9999 -9999 -9999 -9999 -9999 -9999 -9999 -9999 -9999 -9999 -9999 -9999 -9999 -9999 -9999 -9999 -9999 -9999 -9999 -9999 -9999 -9999 -9999 -9999 -9999 -9999 -9999 -9999 -9999 -9999 -9999 -9999 -9999 -9999 -9999 -9999 -9999 -9999 -9999 -9999 -9999 -9999 -9999 -9999 -9999 -9999 -9999 -9999 -9999 -9999 -9999 -9999 -9999 -9999 -9999 -9999 -9999
-9999 -9999 -9999 -9999 -9999 -9999 -9999 -9999 -9999 -9999 -9999 -9999 -9999 -9999 -9999 -9999 -9999 -9999 -9999 -9999 -9999 -9999 -9999 -9999 -9999 -9999 -9999 -9999 -9999 -9999 -9999 -9999 -9999 -9999 -9999 -9999 -9999 -9999 -9999 -9999 -9999 -9999 -9999 -9999 -9999 -9999 -9999 -9999 -9999 -9999 -9999 -9999 -9999 -9999 -9999 -9999 -9999 -9999 -9999 -9999 -9999 -9999 -9999 -9999 -9999 -9999 -9999 -9999 -9999 -9999 -9999 -9999
-9999 -9999 -9999 -9999 -9999 -9999 -9999 -9999 -9999 -9999 -9999 -9999 -9999 -9999 -9999 -9999 -9999 -9999 -9999 -9999 -9999 -9999 -9999 -9999 -9999 -9999 -9999 -9999 -9999 -9999 -9999 -9999 -9999 -9999 -9999 -9999 -9999 -9999 -9999 -9999 -9999 -9999 -9999 -9999 -9999 -9999 -9999 -9999 -9999 -9999 -9999 -9999 -9999 -9999 -9999 -9999 -9999 -9999 -9999 -9999 -9999 -9999 -9999 -9999 -9999 -9999 -9999 -9999 -9999 -9999 -9999 -9999
-9999 -9999 -9999 -9999 -9999 -9999 -9999 -9999 -9999 -9999 -9999 -9999 -9999 -9999 -9999 -9999 -9999 -9999 -9999 -9999 -9999 -9999 -9999 -9999 -9999 -9999 -9999 -9999 -9999 -9999 -9999 -9999 -9999 -9999 -9999 -9999 -9999 -9999 -9999 -9999 -9999 -9999 -9999 -9999 -9999 -9999 -9999 -9999 -9999 -9999 -9999 -9999 -9999 -9999 -9999 -9999 -9999 -9999 -9999 -9999 -9999 -9999 -9999 -9999 -9999 -9999 -9999 -9999 -9999 -9999 -9999 -9999
-9999 -9999 -9999 -9999 -9999 -9999 -9999 -9999 -9999 -9999 -9999 -9999 -9999 -9999 -9999 -9999 -9999 -9999 -9999 -9999 -9999 -9999 -9999 -9999 -9999 -9999 -9999 -9999 -9999 -9999 -9999 -9999 -9999 -9999 -9999 -9999 -9999 -9999 -9999 -9999 -9999 -9999 -9999 -9999 -9999 -9999 -9999 -9999 -9999 -9999 -9999 -9999 -9999 -9999 -9999 -9999 -9999 -9999 -9999 -9999 -9999 -9999 -9999 -9999 -9999 -9999 -9999 -9999 -9999 -9999 -9999 -9999
-9999 -9999 -9999 -9999 -9999 -9999 -9999 -9999 -9999 -9999 -9999 -9999 -9999 -9999 -9999 -9999 -9999 -9999 -9999 -9999 -9999 -9999 -9999 -9999 -9999 -9999 -9999 -9999 -9999 -9999 -9999 -9999 -9999 -9999 -9999 -9999 -9999 -9999 -9999 -9999 -9999 -9999 -9999 -9999 -9999 -9999 -9999 -9999 -9999 -9999 -9999 -9999 -9999 -9999 -9999 -9999 -9999 -9999 -9999 -9999 -9999 -9999 -9999 -9999 -9999 -9999 -9999 -9999 -9999 -9999 -9999 -9999
-9999 -9999 -9999 -9999 -9999 -9999 -9999 -9999 -9999 -9999 -9999 -9999 -9999 -9999 -9999 -9999 -9999 -9999 -9999 -9999 -9999 -9999 -9999 -9999 -9999 -9999 -9999 -9999 -9999 -9999 -9999 -9999 -9999 -9999 -9999 -9999 -9999 -9999 -9999 -9999 -9999 -9999 -9999 -9999 -9999 -9999 -9999 -9999 -9999 -9999 -9999 -9999 -9999 -9999 -9999 -9999 -9999 -9999 -9999 -9999 -9999 -9999 -9999 -9999 -9999 -9999 -9999 -9999 -9999 -9999 -9999 -9999
-9999 -9999 -9999 -9999 -9999 -9999 -9999 -9999 -9999 -9999 -9999 -9999 -9999 -9999 -9999 -9999 -9999 -9999 -9999 -9999 -9999 -9999 -9999 -9999 -9999 -9999 -9999 -9999 -9999 -9999 -9999 -9999 -9999 -9999 -9999 -9999 -9999 -9999 -9999 -9999 -9999 -9999 -9999 -9999 -9999 -9999 -9999 -9999 -9999 -9999 -9999 -9999 -9999 -9999 -9999 -9999 -9999 -9999 -9999 -9999 -9999 -9999 -9999 -9999 -9999 -9999 -9999 -9999 -9999 -9999 -9999 -9999
-9999 -9999 -9999 -9999 -9999 -9999 -9999 -9999 -9999 -9999 -9999 -9999 -9999 -9999 -9999 -9999 -9999 -9999 -9999 -9999 -9999 -9999 -9999 -9999 -9999 -9999 -9999 -9999 -9999 -9999 -9999 -9999 -9999 -9999 -9999 -9999 -9999 -9999 -9999 -9999 -9999 -9999 -9999 -9999 -9999 -9999 -9999 -9999 -9999 -9999 -9999 -9999 -9999 -9999 -9999 -9999 -9999 -9999 -9999 -9999 -9999 -9999 -9999 -9999 -9999 -9999 -9999 -9999 -9999 -9999 -9999 -9999
-9999 -9999 -9999 -9999 -9999 -9999 -9999 -9999 -9999 -9999 -9999 -9999 -9999 -9999 -9999 -9999 -9999 -9999 -9999 -9999 -9999 -9999 -9999 -9999 -9999 -9999 -9999 -9999 -9999 -9999 -9999 -9999 -9999 -9999 -9999 -9999 -9999 -9999 -9999 -9999 -9999 -9999 -9999 -9999 -9999 -9999 -9999 -9999 -9999 -9999 -9999 -9999 -9999 -9999 -9999 -9999 -9999 -9999 -9999 -9999 -9999 -9999 -9999 -9999 -9999 -9999 -9999 -9999 -9999 -9999 -9999 -9999
-9999 -9999 -9999 -9999 -9999 -9999 -9999 -9999 -9999 -9999 -9999 -9999 -9999 -9999 -9999 -9999 -9999 -9999 -9999 -9999 -9999 -9999 -9999 -9999 -9999 -9999 -9999 -9999 -9999 -9999 -9999 -9999 -9999 -9999 -9999 -9999 -9999 -9999 -9999 -9999 -9999 -9999 -9999 -9999 -9999 -9999 -9999 -9999 -9999 -9999 -9999 -9999 -9999 -9999 -9999 -9999 -9999 -9999 -9999 -9999 -9999 -9999 -9999 -9999 -9999 -9999 -9999 -9999 -9999 -9999 -9999 -9999
116.11100 92.73060 89.00520 -9999 -9999 -9999 -9999 -9999 -9999 -9999 -9999 -9999 -9999 -9999 -9999 -9999 -9999 -9999 -9999 -9999 -9999 -9999 -9999 -9999 -9999 -9999 -9999 -9999 -9999 -9999 -9999 -9999 -9999 -9999 -9999 -9999 -9999 -9999 -9999 -9999 -9999 -9999 -9999 -9999 69.90870 -9999 -9999 -9999 -9999 -9999 -9999 -9999 -9999 -9999 -9999 -9999 -9999 -9999 -9999 -9999 -9999 -9999 -9999 -9999 -9999 -9999 -9999 -9999 -9999 -9999 -9999 -9999
123.35400 123.82700 123.45000 101.17500 95.04710 78.95000 84.58690 25.20880 26.26200 30.86250 154.44501 147.21600 141.88400 131.78300 107.78600 562.09399 -9999 -9999 -9999 -9999 -9999 -9999 -9999 -9999 -9999 -9999 -9999 -9999 -9999 -9999 -9999 -9999 -9999 -9999 -9999 -9999 -9999 -9999 -9999 13.62510 32.95780 25.45430 9.55841 15.31340 38.64750 99.07450 -9999 -9999 -9999 84.90410 -9999 -9999 -9999 84.14840 114.18900 115.58700 -9999 -9999 -9999 -9999 -9999 -9999 -9999 -9999 -9999 -9999 -9999 -9999 -9999 -9999 -9999 -9999
128.17300 126.01400 126.91700 4.02524 0.99044 0.33773 0.83745 0.57629 2.26409 2.92311 3.72617 0.00011 0.74565 0.25748 0.06136 0.02037 0.00000 0.00000 2.66660 69.46340 143.95300 84.86200 -9999 -9999 -9999 -9999 -9999 106.83900 106.48500 115.36100 125.95100 129.28300 118.53100 103.82700 102.98800 101.71000 93.80190 81.88280 82.78240 12.59780 18.53930 16.63490 17.58520 27.31140 38.78340 120.85600 124.39800 127.61500 117.42300 110.38000 125.68600 121.85500 113.21300 132.75800 136.38699 107.98500 111.37000 118.73700 116.08200 127.32100 115.59400 -9999 -9999 -9999 -9999 -9999 -9999 -9999 -9999 -9999 -9999 -9999
92.69970 99.49800 37.22640 0.84071 2.28035 1.73731 1.69069 0.07754 3.63491 1.07413 1.81233 0.91976 0.44427 0.06677 0.00000 0.00000 0.00000 0.14297 1.29277 110.31600 35.31730 67.45620 90.82750 108.57200 136.57401 148.86800 137.40500 129.54401 125.41200 127.62800 152.70000 169.18800 148.78999 125.64200 130.85600 130.33501 118.62600 126.83200 128.30499 124.53700 128.70900 137.86800 132.38800 130.33800 130.36600 124.71400 120.06500 126.33100 119.26700 132.68100 138.53600 146.71300 172.46001 177.12300 174.99899 191.63100 195.62399 173.39101 193.88400 181.78500 175.42999 151.86200 130.90401 119.69300 118.16900 108.17700 112.60400 122.02600 122.10000 -9999 -9999 -9999
25.33540 32.29350 8.12018 1.05709 0.26470 0.03747 0.00233 0.11168 0.07600 0.01116 0.00258 0.00000 0.00000 0.00000 0.00000 0.41541 36.75190 46.43470 97.05430 235.06400 262.02899 99.68550 113.19700 100.97800 142.71899 170.86900 189.92900 199.21300 138.71001 142.09599 161.85699 194.04900 204.94501 192.58600 190.85400 174.06700 162.97099 155.83501 163.24001 147.83299 136.72000 140.47701 134.87300 127.49700 132.77499 136.43600 132.46899 131.05200 135.99400 148.46600 161.82700 168.77100 186.16600 199.75301 184.96100 189.34900 200.62900 208.10699 229.17500 193.10500 194.35500 167.23300 158.20200 147.47301 164.62601 178.86200 189.49800 198.31500 168.95100 -9999 106.24600 -9999
83.26240 28.81140 11.66850 23.72700 7.99362 7.28742 4.88260 0.81709 0.63264 1.99684 0.57593 0.15731 0.15442 23.17480 3.51013 1.27441 0.19682 95.08550 171.58800 255.49200 271.26801 136.26700 125.11800 155.63100 116.34900 112.71400 157.96300 276.32901 217.65100 207.10201 199.60500 211.13800 221.41100 222.50301 202.33400 184.51100 175.82201 159.10600 156.27400 149.12399 157.40800 155.19800 156.93401 171.29201 172.77901 172.44701 166.45700 172.01500 162.31900 159.45900 162.69901 180.43500 178.49200 171.06100 190.82401 200.72200 208.41901 208.92900 215.53900 194.31000 197.43800 194.36099 211.65800 220.83200 214.24100 199.04300 205.77800 206.93500 223.20200 223.76500 -9999 -9999
111.66900 94.15830 81.29590 57.33120 22.47320 44.78090 38.29390 46.58630 32.96530 45.59740 41.63080 48.44610 45.74620 27.61320 34.92260 239.74500 248.65300 152.79100 204.94000 164.34300 217.31799 101.67700 121.89300 163.82201 178.34801 211.62900 202.51801 322.71701 306.32300 257.55899 231.10201 211.31599 193.28500 181.58200 170.33701 176.53400 187.78400 163.00999 148.72800 180.60800 198.42900 178.00500 180.02299 191.96800 186.33701 179.42500 159.78900 176.56400 195.59100 172.03700 165.85600 182.14301 186.70300 193.82201 204.00700 196.59399 190.67999 185.89900 180.41200 191.42400 205.96600 217.23900 226.38400 236.36900 262.21701 274.27200 278.92999 270.35199 311.68100 308.23499 267.94601 -9999
163.12900 93.78430 65.55790 55.19160 39.58730 16.41400 15.96570 33.90830 39.00820 36.52560 38.50210 33.97190 36.98320 32.42970 34.03830 126.20700 84.98290 8.01180 18.48790 75.32550 66.25600 73.69760 121.54300 151.89500 176.46600 194.81300 228.45100 241.44901 275.66599 276.78699 246.05299 195.39000 170.50600 169.05099 178.65700 172.92101 172.66901 179.11700 156.83099 175.60699 173.28101 170.53000 170.02400 185.90199 194.70500 193.93300 193.53799 211.31599 193.86501 193.18600 192.61301 195.76700 198.42101 219.49600 194.55600 173.87900 157.93201 148.34000 147.49699 162.37801 176.95300 189.23599 204.92700 227.24100 260.71899 266.65500 277.12799 274.63901 274.08499 286.09299 286.34201 284.53900
57.80570 46.04710 45.28500 42.46490 40.72250 36.04710 41.01980 45.67610 44.31690 48.59970 57.87690 47.71030 24.56260 19.11440 17.37570 149.75700 146.57899 1.45449 0.12767 0.00393 14.62930 47.73240 118.46300 170.79300 202.18600 172.11099 202.96700 219.07899 266.29800 285.81799 252.27200 209.39700 182.73199 164.64600 144.88600 155.27800 158.65900 165.56799 149.36400 150.03400 152.15500 136.43201 151.19200 184.96700 190.77901 195.12000 194.49400 203.16600 192.61200 165.60001 166.12700 175.07600 165.27200 163.49600 178.55499 163.28600 153.78600 134.01100 139.92200 148.42700 159.88499 156.96201 141.27299 179.98500 213.62100 233.56799 259.67200 280.67999 264.24500 228.15401 222.65601 237.29601
83.30070 72.37420 60.46800 86.71050 89.97980 88.72370 84.74210 0.41200 28.19680 67.49020 90.82910 62.07200 38.49680 36.49920 27.83920 38.44590 76.10550 5.81751 0.48829 0.00090 8.05335 11.09770 49.84370 76.71400 100.24700 144.66600 176.08099 201.59599 196.38200 197.50200 201.98199 199.09100 193.36600 200.88300 201.50101 231.11501 215.22400 221.14101 199.73100 172.18201 165.43401 159.80000 197.34500 231.37700 274.40399 285.41901 277.26001 248.39500 232.35300 207.88000 196.99200 178.36800 194.22501 178.84700 175.72800 139.16701 145.03400 163.33099 125.17900 153.99400 159.56900 153.98000 165.50999 193.94600 204.17700 226.37199 241.77200 263.81699 266.60501 248.43300 229.80000 231.64600
45.98500 35.41470 39.27870 46.63190 36.80850 65.37240 1.43099 0.27550 0.23148 0.01285 0.00668 0.00577 0.00000 40.11390 36.79120 36.04960 81.19720 20.06550 0.34888 1.94513 7.18179 12.25800 15.03580 24.44670 35.32070 70.75240 109.46300 152.31400 161.88000 174.36800 161.80600 198.57401 168.61099 165.12399 207.27600 274.06799 243.80800 282.76501 311.28400 362.00699 371.01901 380.85101 373.23599 335.11600 290.83099 333.16501 305.17899 243.74100 184.67599 203.38000 179.79500 157.68300 174.80800 142.74100 110.95000 136.58299 185.62700 179.60699 140.72701 146.65601 175.47099 165.22400 177.91100 184.04300 191.78999 193.63699 202.03500 213.30200 237.04500 246.30499 244.71500 211.89101
34.76470 24.62230 19.57140 22.42840 27.90880 51.26050 51.05630 40.45870 0.02929 0.06748 0.08545 0.19670 0.10352 0.08596 0.00015 0.07326 126.59300 161.67101 4.17807 1.07418 2.58648 0.31549 0.79387 0.01032 6.02705 18.12690 28.69640 34.30720 51.80140 56.63560 78.98820 68.53380 97.11860 119.50400 119.76500 181.48599 222.89400 301.04901 332.94299 428.00299 436.29501 508.61200 594.16101 613.02698 499.32001 365.88901 272.42599 229.81700 165.10100 157.09200 185.84500 168.18201 143.61900 150.25999 160.15700 128.63499 140.91800 169.07201 197.65401 212.47099 195.28300 174.28101 154.60400 161.02699 169.94000 172.13000 169.52901 183.10699 192.76100 198.28200 219.46800 233.48300
23.11620 26.67570 27.44400 37.47260 24.34190 19.59350 14.38760 49.03890 69.81060 35.67890 30.33130 0.05643 0.00019 0.00011 0.00221 2.11645 11.41370 19.74860 68.03020 0.96798 16.97730 4.66634 1.02502 1.26202 2.54900 11.12850 45.82230 51.21310 68.23510 42.03230 61.71390 52.78730 82.54420 116.32600 135.00400 196.09500 258.80099 297.81000 369.98099 477.76199 547.22998 559.71399 590.84198 644.06403 607.77197 536.31799 412.60300 335.39801 251.26700 163.05299 250.27499 261.08099 185.65601 166.06599 164.62900 132.98199 148.24899 155.62399 197.71800 182.10201 152.85001 167.00700 178.37199 170.90800 152.90700 162.47501 161.46001 171.80000 181.28700 165.91200 181.62500 210.33299
104.93900 74.55640 156.34200 240.64301 261.10199 188.60400 175.15401 183.44501 239.51801 39.66630 6.35684 3.66302 2.99242 4.01419 5.43299 7.06545 3.08793 27.62190 23.20790 21.66770 46.93610 46.89200 60.10410 80.32420 87.79510 112.37100 143.04401 117.15400 65.71670 58.58920 76.90940 88.12040 107.54400 98.53800 139.75101 189.00999 255.86501 361.20001 430.81299 484.92401 597.11603 655.55200 690.32599 695.84802 723.26599 615.37903 474.52301 373.84601 341.78900 216.29401 175.96100 181.92700 220.12900 177.49800 167.21600 166.50301 164.79601 146.12199 178.30901 206.56000 219.50000 182.84500 160.39500 153.61900 147.58600 138.02800 136.68900 122.16100 137.77100 168.16000 162.00700 172.52901
225.06000 182.17200 162.46700 176.30600 278.18600 361.71399 434.58301 315.08801 374.31201 203.44501 125.55400 98.92970 21.30090 5.09912 4.71897 91.15810 136.05800 120.45700 138.84399 85.03460 103.37400 45.07540 47.36420 62.62520 90.58870 91.40370 98.76380 77.73110 42.27580 30.04860 37.55750 23.48760 57.48100 108.26200 162.35100 209.22000 262.06299 362.95200 482.67099 558.37402 624.42297 718.04602 766.24902 797.46198 791.77399 652.74402 525.02197 459.25000 379.23099 315.55301 249.70200 151.14700 197.68700 162.93600 157.44501 153.10500 168.18100 142.78500 163.85800 172.63300 148.64500 128.23399 130.69501 130.65401 145.72501 137.78999 116.67800 97.39620 101.39700 131.80400 163.96100 167.25700
228.05299 131.01100 127.06100 152.72501 63.57090 61.20220 69.08830 93.04690 98.33230 43.09850 57.07300 27.97930 38.14810 20.20550 3.83715 59.54010 118.46500 224.43800 295.50900 179.98399 84.65640 9.87713 2.01301 41.94230 50.62470 36.68840 44.63300 45.21260 23.48740 17.28810 6.35553 11.75860 43.51540 113.17700 163.05701 235.75900 322.74799 391.82199 495.03299 574.72101 667.13202 800.41400 836.73102 892.12500 874.21997 723.17902 729.04498 576.06702 468.59000 373.05600 262.20999 198.93100 116.09100 151.71100 149.82201 113.57500 109.17300 99.92190 96.90620 111.09800 116.29700 131.45300 142.96300 113.61200 131.37801 124.94800 94.02280 86.50160 81.39560 97.32940 127.63900 139.73300
392.43701 480.18201 289.96500 144.26300 81.86910 40.57780 29.81140 21.16030 16.01420 81.03950 304.94299 337.73599 233.09599 160.25200 36.86730 86.70510 138.06500 150.25200 418.41299 383.29401 149.22600 42.80680 14.94890 16.36320 12.90440 23.67700 23.63700 17.67560 5.26442 6.32625 0.44824 2.09434 33.53280 101.17000 161.64600 235.30800 317.50101 435.55801 525.60901 615.15002 775.31897 846.68298 957.20001 855.78302 855.91602 846.41199 799.90302 623.53101 531.09601 435.20401 351.48099 225.28300 94.57460 105.30000 134.59500 93.77780 127.02300 174.92101 246.36099 261.76401 255.86900 254.49500 203.41901 124.54500 115.24600 135.45500 111.27600 83.45140 72.87280 122.09200 113.15000 130.26199
131.54300 199.59100 124.19400 298.26901 579.54602 517.43402 167.81100 86.89830 31.58930 54.57290 143.70500 -9999 -9999 744.00702 460.69000 405.09299 447.12799 451.53500 727.59802 568.73499 217.61900 80.45510 55.19180 46.97260 48.19480 28.62280 27.09770 4.81932 0.80315 0.00000 0.07440 1.33685 14.45950 91.82290 154.19400 220.46800 282.14401 342.70401 452.09399 465.51199 618.64801 744.07098 785.51202 844.31598 674.82202 534.85999 447.98499 359.60199 356.01401 343.87500 251.73801 206.40500 139.49300 95.59330 122.87500 75.43070 82.93140 82.54070 105.93800 112.70600 111.53400 102.03600 101.19700 114.74000 129.09900 136.43300 140.14301 131.33501 88.06090 77.29370 49.80640 44.38120
138.78900 640.36603 -9999 -9999 -9999 -9999 1390.62000 1248.08997 486.31299 372.65799 243.48801 177.25700 152.75400 47.02860 263.14001 -9999 -9999 -9999 -9999 1388.68994 765.76202 419.81900 297.39099 175.54201 125.14500 113.61600 88.65480 49.39620 9.83586 1.62461 3.52802 9.23794 45.57620 119.92300 181.19501 263.95700 319.63599 372.66800 458.96899 451.64001 403.26599 618.25000 602.79102 685.81598 569.52399 443.26901 409.99301 365.57300 303.70401 263.76801 215.85500 166.86800 93.64730 50.40920 52.31360 69.80460 82.42130 72.36090 62.73040 62.33360 59.77810 66.06320 74.47650 93.82650 91.77180 82.74920 88.61520 70.51390 31.04740 33.02170 27.05890 59.70890
