data/hydroclimate-scenarios/BCSD_hadcm_B1/monthly_summaries/swe_monthly_day1_feb.2030-2059.asc
ncols	311
nrows	91
xllcenter	102.75
yllcenter	31.75
cellsize	0.5
NODATA_value	-9999
[rows 0 to 30 of 91, columns 213 to 283 of 311]
-9999 -9999 -9999 -9999 -9999 -9999 -9999 -9999 -9999 -9999 -9999 -9999 -9999 -9999 -9999 -9999 -9999 -9999 -9999 -9999 -9999 -9999 -9999 -9999 -9999 -9999 -9999 -9999 -9999 -9999 -9999 -9999 -9999 -9999 -9999 -9999 -9999 -9999 -9999 -9999 -9999 -9999 -9999 -9999 -9999 -9999 -9999 -9999 -9999 -9999 -9999 -9999 -9999 -9999 -9999 -9999 -9999 -9999 -9999 -9999 -9999 -9999 -9999 -9999 -9999 -9999 -9999 -9999 -9999 -9999 -9999
-9999 -9999 -9999 -9999 -9999 -9999 -9999 -9999 -9999 -9999 -9999 -9999 -9999 -9999 -9999 -9999 -9999 -9999 -9999 -9999 -9999 -9999 -9999 -9999 -9999 -9999 -9999 -9999 -9999 -9999 -9999 -9999 -9999 -9999 -9999 -9999 -9999 -9999 -9999 -9999 -9999 -9999 -9999 -9999 -9999 -9999 -9999 -9999 -9999 -9999 -9999 -9999 -9999 -9999 -9999 -9999 -9999 -9999 -9999 -9999 -9999 -9999 -9999 -9999 -9999 -9999 -9999 -9999 -9999 -9999 -9999
-9999 -9999 -9999 -9999 -9999 -9999 -9999 -9999 -9999 -9999 -9999 -9999 -9999 -9999 -9999 -9999 -9999 -9999 -9999 -9999 -9999 -9999 -9999 -9999 -9999 -9999 -9999 -9999 -9999 -9999 -9999 -9999 -9999 -9999 -9999 -9999 -9999 -9999 -9999 -9999 -9999 -9999 -9999 -9999 -9999 -9999 -9999 -9999 -9999 -9999 -9999 -9999 -9999 -9999 -9999 -9999 -9999 -9999 -9999 -9999 -9999 -9999 -9999 -9999 -9999 -9999 -9999 -9999 -9999 -9999 -9999
-9999 -9999 -9999 -9999 -9999 -9999 -9999 -9999 -9999 -9999 -9999 -9999 -9999 -9999 -9999 -9999 -9999 -9999 -9999 -9999 -9999 -9999 -9999 -9999 -9999 -9999 -9999 -9999 -9999 -9999 -9999 -9999 -9999 -9999 -9999 -9999 -9999 -9999 -9999 -9999 -9999 -9999 -9999 -9999 -9999 -9999 -9999 -9999 -9999 -9999 -9999 -9999 -9999 -9999 -9999 -9999 -9999 -9999 -9999 -9999 -9999 -9999 -9999 -9999 -9999 -9999 -9999 -9999 -9999 -9999 -9999
-9999 -9999 -9999 -9999 -9999 -9999 -9999 -9999 -9999 -9999 -9999 -9999 -9999 -9999 -9999 -9999 -9999 -9999 -9999 -9999 -9999 -9999 -9999 -9999 -9999 -9999 -9999 -9999 -9999 -9999 -9999 -9999 -9999 -9999 -9999 -9999 -9999 -9999 -9999 -9999 -9999 -9999 -9999 -9999 -9999 -9999 -9999 -9999 -9999 -9999 -9999 -9999 -9999 -9999 -9999 -9999 -9999 -9999 -9999 -9999 -9999 -9999 -9999 -9999 -9999 -9999 -9999 -9999 -9999 -9999 -9999
-9999 -9999 -9999 -9999 -9999 -9999 -9999 -9999 -9999 -9999 -9999 -9999 -9999 -9999 -9999 -9999 -9999 -9999 -9999 -9999 -9999 -9999 -9999 -9999 -9999 -9999 -9999 -9999 -9999 -9999 -9999 -9999 -9999 -9999 -9999 -9999 -9999 -9999 -9999 -9999 -9999 -9999 -9999 -9999 -9999 -9999 -9999 -9999 -9999 -9999 -9999 -9999 -9999 -9999 -9999 -9999 -9999 -9999 -9999 -9999 -9999 -9999 -9999 -9999 -9999 -9999 -9999 -9999 -9999 -9999 -9999
-9999 -9999 -9999 -9999 -9999 -9999 -9999 -9999 -9999 -9999 -9999 -9999 -9999 -9999 -9999 -9999 -9999 -9999 -9999 -9999 -9999 -9999 -9999 -9999 -9999 -9999 -9999 -9999 -9999 -9999 -9999 -9999 -9999 -9999 -9999 -9999 -9999 -9999 -9999 -9999 -9999 -9999 -9999 -9999 -9999 -9999 -9999 -9999 -9999 -9999 -9999 -9999 -9999 -9999 -9999 -9999 -9999 -9999 -9999 -9999 -9999 -9999 -9999 -9999 -9999 -9999 -9999 -9999 -9999 -9999 -9999
-9999 -9999 -9999 -9999 -9999 -9999 -9999 -9999 -9999 -9999 -9999 -9999 -9999 -9999 -9999 -9999 -9999 -9999 -9999 -9999 -9999 -9999 -9999 -9999 -9999 -9999 -9999 -9999 -9999 -9999 -9999 -9999 -9999 -9999 -9999 -9999 -9999 -9999 -9999 -9999 -9999 -9999 -9999 -9999 -9999 -9999 -9999 -9999 -9999 -9999 -9999 -9999 -9999 -9999 -9999 -9999 -9999 -9999 -9999 -9999 -9999 -9999 -9999 -9999 -9999 -9999 -9999 -9999 -9999 -9999 -9999
-9999 -9999 -9999 -9999 -9999 -9999 -9999 -9999 -9999 -9999 -9999 -9999 -9999 -9999 -9999 -9999 -9999 -9999 -9999 -9999 -9999 -9999 -9999 -9999 -9999 -9999 -9999 -9999 -9999 -9999 -9999 -9999 -9999 -9999 -9999 -9999 -9999 -9999 -9999 -9999 -9999 -9999 -9999 -9999 -9999 -9999 -9999 -9999 -9999 -9999 -9999 -9999 -9999 -9999 -9999 -9999 -9999 -9999 -9999 -9999 -9999 -9999 -9999 -9999 -9999 -9999 -9999 -9999 -9999 -9999 -9999
-9999 -9999 -9999 -9999 -9999 -9999 -9999 -9999 -9999 -9999 -9999 -9999 -9999 -9999 -9999 -9999 -9999 -9999 -9999 -9999 -9999 -9999 -9999 -9999 -9999 -9999 -9999 -9999 -9999 -9999 -9999 -9999 -9999 -9999 -9999 -9999 -9999 -9999 -9999 -9999 -9999 -9999 -9999 -9999 -9999 -9999 -9999 -9999 -9999 -9999 -9999 -9999 -9999 -9999 -9999 -9999 -9999 -9999 -9999 -9999 -9999 -9999 -9999 -9999 -9999 -9999 -9999 -9999 -9999 -9999 -9999
-9999 -9999 -9999 -9999 -9999 -9999 -9999 -9999 -9999 -9999 -9999 -9999 -9999 -9999 -9999 -9999 -9999 -9999 -9999 -9999 -9999 -9999 -9999 -9999 -9999 -9999 -9999 -9999 -9999 -9999 -9999 -9999 -9999 -9999 -9999 -9999 -9999 -9999 -9999 -9999 -9999 -9999 -9999 -9999 -9999 -9999 -9999 -9999 -9999 -9999 -9999 -9999 -9999 -9999 -9999 -9999 -9999 -9999 -9999 -9999 -9999 -9999 -9999 -9999 -9999 -9999 -9999 -9999 -9999 -9999 -9999
-9999 -9999 -9999 -9999 -9999 -9999 -9999 -9999 -9999 -9999 -9999 -9999 -9999 -9999 -9999 -9999 -9999 -9999 -9999 -9999 -9999 -9999 -9999 -9999 -9999 -9999 -9999 -9999 -9999 -9999 -9999 -9999 -9999 -9999 -9999 -9999 -9999 -9999 -9999 -9999 -9999 -9999 -9999 -9999 -9999 -9999 -9999 -9999 -9999 -9999 -9999 -9999 -9999 -9999 -9999 -9999 -9999 -9999 -9999 -9999 -9999 -9999 -9999 -9999 -9999 -9999 -9999 -9999 -9999 -9999 -9999
-9999 -9999 -9999 -9999 -9999 -9999 -9999 -9999 -9999 -9999 -9999 -9999 -9999 -9999 -9999 -9999 -9999 -9999 -9999 -9999 -9999 -9999 -9999 -9999 -9999 -9999 -9999 -9999 -9999 -9999 -9999 -9999 -9999 -9999 -9999 -9999 -9999 -9999 -9999 -9999 -9999 -9999 -9999 -9999 -9999 -9999 -9999 -9999 -9999 -9999 -9999 -9999 -9999 -9999 -9999 -9999 -9999 -9999 -9999 -9999 -9999 -9999 -9999 -9999 -9999 -9999 -9999 -9999 -9999 -9999 -9999
77.77730 79.40250 78.38130 77.04510 74.66340 71.87780 -9999 -9999 -9999 -9999 -9999 -9999 -9999 -9999 -9999 -9999 -9999 -9999 -9999 -9999 -9999 -9999 -9999 -9999 -9999 -9999 -9999 -9999 -9999 -9999 -9999 -9999 -9999 -9999 -9999 -9999 -9999 -9999 -9999 -9999 -9999 -9999 -9999 -9999 -9999 -9999 -9999 52.81450 -9999 -9999 -9999 -9999 -9999 -9999 -9999 -9999 -9999 -9999 -9999 -9999 -9999 -9999 -9999 -9999 -9999 -9999 -9999 -9999 -9999 -9999 -9999
87.56400 86.37400 82.88340 81.46340 80.72590 80.47500 68.46570 62.80170 49.15420 50.57590 43.19420 43.89780 47.93900 82.23910 79.38450 76.57870 71.08340 58.04490 353.25101 -9999 -9999 -9999 -9999 -9999 -9999 -9999 -9999 -9999 -9999 -9999 -9999 -9999 -9999 -9999 -9999 -9999 -9999 -9999 -9999 -9999 -9999 -9999 9.86355 28.17430 17.80330 2.21288 2.06011 18.10550 67.57230 -9999 -9999 -9999 63.19220 -9999 -9999 -9999 65.84770 82.68240 77.57940 -9999 -9999 -9999 -9999 -9999 -9999 -9999 -9999 -9999 -9999 -9999 -9999
90.32160 86.28930 83.90650 84.34450 82.58970 83.89940 18.05740 0.00000 0.00000 0.00000 0.00000 0.00000 0.00000 0.55850 1.66336 0.45905 0.00000 0.00000 0.00000 0.00000 0.83732 4.37099 37.01500 81.77180 58.61750 -9999 -9999 -9999 -9999 -9999 74.36530 74.16550 81.19330 86.15180 87.42400 80.49510 73.73710 74.66230 73.50000 71.57080 67.08140 67.39420 2.56162 4.98345 1.83041 3.48040 1.37134 5.42039 80.23480 81.87130 84.61600 79.64290 77.07060 88.04480 87.94530 83.61680 90.65170 81.74020 47.73890 53.17900 68.26820 73.53760 79.13270 78.89700 -9999 -9999 -9999 -9999 -9999 -9999 -9999
94.35270 95.25800 93.46720 53.16330 52.91590 28.59260 0.00000 0.00000 0.00000 0.00000 0.00000 0.00000 0.00000 0.00000 0.00000 0.00000 0.00000 0.00000 0.00000 0.85681 3.06944 3.40389 51.44900 10.74220 34.41150 49.72170 67.03890 84.09090 92.77480 90.23220 88.06260 87.22240 88.47330 100.64400 106.68700 96.39920 85.27490 88.01240 92.88900 86.61320 85.60590 85.98490 80.27930 82.34970 85.36580 85.40930 79.51460 80.37900 81.98940 80.96500 83.99750 81.96600 88.72630 93.00720 97.52870 112.20600 112.10300 109.17300 120.40500 120.09100 109.26400 121.19400 109.16100 92.50150 87.22960 77.65000 77.95790 77.10730 69.67690 73.09270 76.52970
50.96090 21.06140 68.08020 1.51908 1.55279 0.00000 0.00000 0.00000 0.00000 0.00000 0.00000 0.00000 0.00000 0.00000 0.00000 0.00000 0.00000 3.20799 17.52320 23.65180 21.61080 45.64550 150.36900 152.84599 54.53010 58.85550 48.49770 66.78880 84.98310 100.20800 117.26100 95.77600 97.62260 109.70900 131.21700 135.19299 131.18800 127.04600 120.17200 115.22900 102.55100 105.48400 96.78500 90.91170 92.48620 90.52230 82.45610 85.95080 92.67110 90.35640 89.91960 92.17840 97.05980 105.05600 112.01700 121.46700 127.99200 118.97500 119.91500 124.50100 129.18900 141.16100 110.09000 110.18800 100.71700 98.30200 94.83070 104.00700 109.03900 115.42900 122.73400
88.77940 95.33540 65.56010 40.58880 36.22280 24.29730 24.27410 17.18060 17.42570 19.03200 18.41140 17.86810 12.33290 11.50790 0.00000 15.91410 40.65900 11.88310 15.66120 14.27990 66.05490 116.49100 162.86400 178.41499 82.06240 72.35100 83.59500 42.17810 38.60640 61.69580 150.35001 132.14600 126.54000 123.15600 132.86900 139.31599 139.37000 124.76400 116.55100 110.15800 101.25700 93.80860 97.09130 100.77400 102.60900 104.50600 105.44000 106.76900 109.94800 109.17900 109.67600 101.27600 101.58200 106.04700 113.87000 112.18000 108.43600 121.08900 134.64000 138.60201 135.67500 137.14000 108.53500 117.59900 119.54900 128.55901 133.46899 129.40100 123.01400 124.40200 125.71400
121.49400 143.71201 117.21800 88.94720 75.73560 70.03850 60.08520 42.36310 71.48720 67.10080 62.02010 59.56070 60.01410 57.62660 64.13540 62.08860 56.59400 65.18850 212.76199 191.61900 118.74600 134.47600 96.92620 123.44000 54.67470 71.40430 101.53700 110.97900 125.66300 92.51810 186.09200 185.33400 160.56500 150.81900 137.22400 126.64500 117.53800 114.11700 115.70300 118.70100 107.79400 98.03840 110.51800 121.73500 118.45000 116.47400 120.92000 119.96400 120.20500 111.96000 112.63600 121.35800 114.35400 113.31500 117.23500 121.78700 129.86000 131.75600 136.20700 133.66400 127.66900 123.30600 123.57700 130.50999 135.26100 143.46400 145.69600 160.45700 166.57300 171.14200 162.12801
116.45100 174.42700 183.03400 145.32700 110.17100 90.71070 82.07260 78.34490 63.90300 60.68520 58.75780 59.09240 61.26520 62.85360 70.36370 77.88470 83.41240 84.97630 140.34100 80.76810 13.86840 14.27050 42.63990 30.13790 38.11740 70.90290 93.10300 112.19600 123.16000 127.47600 131.18900 166.53700 168.87700 157.68800 138.13901 121.81500 121.75100 127.92300 120.02900 115.89000 115.26500 101.83000 115.57700 112.89300 112.17000 110.81700 112.09200 117.66800 122.70800 120.65400 126.59500 124.41400 125.64100 129.01500 128.13499 129.31000 141.86301 127.78700 133.40601 124.84000 118.27700 114.47300 113.47500 119.10800 129.20000 137.11301 145.08701 154.24200 157.74100 162.41100 162.94099
153.19800 144.42999 117.08600 78.38720 68.59980 69.67540 68.55830 71.66890 65.95080 64.68110 63.83160 65.90290 70.62160 76.59140 81.47510 81.05480 84.58410 83.51990 197.74800 154.84300 6.49166 0.40359 0.00506 4.77156 33.84150 83.54780 118.73100 128.70399 116.11900 127.19800 114.32800 160.77800 180.11200 167.05499 148.90601 137.98199 135.94600 128.79401 122.28000 120.42900 118.35400 106.27600 113.82700 111.10200 106.19900 111.87100 120.75200 120.90700 127.63100 127.66000 135.83501 134.74600 128.48900 127.10600 121.86600 119.84400 121.33600 128.86900 128.53999 131.22200 117.46700 116.77900 112.91500 116.45000 121.31500 112.22400 119.97600 129.43401 142.13901 158.96500 170.11301
158.95200 105.62300 87.40600 87.78580 84.67360 102.15300 149.29300 144.68900 121.32600 126.48100 55.95440 60.46810 80.24430 78.79740 97.01650 97.17830 98.89540 85.89160 103.70600 131.46201 6.84349 0.79712 0.24696 5.18268 8.13536 51.50520 70.22830 80.41340 111.18100 134.20700 133.73000 137.63400 139.84100 143.96500 138.18300 147.87700 155.56100 147.76401 166.07500 160.20200 164.75900 155.56599 143.38000 131.66200 124.71900 145.68500 154.90601 171.11400 178.50301 170.73100 160.17101 156.40500 140.40199 131.23000 124.88000 134.24400 127.32400 132.63000 117.38800 104.05600 107.59700 108.17100 114.15900 117.81200 113.17700 116.80900 119.98600 127.78300 144.26300 154.42900 161.89200
102.81300 104.81400 115.24300 92.02830 71.94520 94.66930 133.08701 135.85600 123.35100 40.87750 39.91310 39.86760 5.11058 32.07750 27.47620 25.26620 94.63300 96.80410 117.19600 143.47701 17.27580 0.52113 4.33041 7.66228 10.64560 17.16700 34.01490 41.03000 57.72920 88.05800 117.33700 139.20500 138.10500 117.12200 119.38200 95.76920 81.73040 108.62300 152.87100 146.79300 148.16200 176.23599 232.33299 236.27901 249.86700 242.62801 225.22301 196.81900 208.49001 195.96700 171.38800 144.39301 155.72701 143.22400 133.56799 139.01700 136.36600 124.75400 114.89700 118.65400 123.41100 108.47300 113.18300 116.27800 109.79100 115.51800 115.17600 123.29000 135.08099 142.88000 139.18100
87.52760 87.36530 87.46420 82.21520 77.93840 80.39040 80.71550 86.21640 110.31500 109.23400 34.62060 27.91980 3.99653 2.63528 0.64904 2.19267 0.00000 0.46617 1.53557 173.64799 224.97400 0.59752 0.47296 0.40796 0.13419 2.06293 0.21649 11.70190 16.56940 26.31420 15.93300 16.44950 27.22810 25.00510 16.89100 26.61010 38.83910 36.28630 61.60810 92.23650 107.51600 130.39900 194.36200 192.73000 234.54401 280.23801 299.10999 272.83600 239.59700 198.01100 168.37601 136.42101 138.61400 157.47099 151.00400 140.88499 132.45200 127.92900 113.23000 117.32600 123.44800 130.89999 139.45799 134.03101 118.59200 110.84200 111.71100 123.00800 124.12500 128.34700 123.31500
76.31250 79.11100 81.59530 80.10450 89.20570 88.45660 98.00540 86.45720 80.29730 79.74100 83.34590 98.51850 55.00200 33.40600 7.15581 3.10141 1.31707 0.60057 8.69494 29.57450 38.89560 92.81280 1.46863 39.25060 14.28500 1.66676 1.81123 6.04093 19.59500 54.95830 54.13440 66.74690 36.55500 45.16340 22.44720 31.55280 62.93630 60.11420 88.95500 118.23600 131.01900 158.91400 247.53300 281.96600 289.82101 299.91000 328.01501 338.36499 333.27499 276.11200 234.55800 191.04900 153.38499 185.51700 194.25999 156.90900 147.35400 141.95399 129.00500 128.47501 127.23100 137.02299 138.69299 130.01401 131.64301 132.24100 123.22200 117.35700 126.47800 124.62700 122.99300
134.17101 142.98000 148.38300 143.15401 130.75700 183.67400 219.89000 172.78799 88.80470 138.66901 190.48300 208.50700 139.39500 83.91670 73.14810 73.50150 66.01720 65.29130 57.41450 15.37220 66.96900 40.29480 54.87150 79.25570 71.35110 88.20290 117.39500 114.94100 118.98000 154.50301 163.88300 105.32900 89.87520 88.94620 88.92990 100.14700 66.75440 94.09100 112.51600 148.58000 193.57800 239.79500 268.24200 326.43799 346.72800 384.26599 396.90900 390.14600 353.56400 314.58099 268.41599 244.03999 188.84100 158.99200 163.44400 173.53999 149.21500 144.74600 139.46400 132.53799 132.27299 132.38300 140.18300 142.90700 137.58400 135.11200 129.02400 122.12800 119.89200 124.64200 127.16000
-9999 409.27899 305.62799 213.62700 208.57300 199.74100 217.87601 277.14999 244.00500 280.12500 235.05800 123.16700 186.37900 212.09900 190.64900 96.97910 59.18720 55.82660 241.80299 214.22400 166.61400 157.12199 121.31800 165.59000 77.98220 96.34940 108.57100 147.30800 128.73801 148.46700 129.47000 74.17020 52.60490 67.51570 41.94180 55.53580 82.11540 111.97600 121.23600 157.73399 220.01700 279.34799 314.54999 375.60001 414.85699 433.07901 438.22800 432.78799 389.62399 345.52100 328.60001 280.91800 229.82899 195.68401 154.83000 171.60100 158.53999 149.94501 138.05299 147.07100 140.53200 139.06100 138.96700 130.85600 136.65199 139.64999 138.97501 136.24100 122.26400 121.53600 116.38200
705.98901 410.62601 323.15201 265.86200 200.81300 187.52901 181.47301 118.70800 116.16600 126.45800 143.15100 147.59900 107.74100 125.04200 128.46400 139.04601 104.48500 52.73270 261.62100 301.01501 315.75201 308.27301 197.22501 122.70300 25.85100 11.74770 85.04420 106.48700 93.46290 115.73100 120.34100 75.99450 57.35630 29.64400 28.11810 58.84030 94.32530 106.97900 143.29100 200.89900 220.23100 290.38800 334.46100 394.77802 462.10901 477.49301 497.11499 461.73199 391.34100 366.12100 320.90500 276.03601 265.40900 208.21300 190.55701 144.74800 159.01300 154.07700 131.88400 128.93500 130.52299 130.06700 132.71500 134.73000 136.79100 142.74400 150.98300 149.48900 140.81300 122.44200 118.38400
269.16000 197.18300 299.06799 371.26300 394.50900 271.02600 166.60500 119.15000 89.93790 93.27230 92.92100 91.03010 186.30299 331.64499 345.40100 290.25500 232.67599 134.45599 195.52600 217.33000 248.98500 493.83401 440.86899 219.93800 110.92800 62.71440 67.15680 55.38780 78.57950 93.81050 82.16010 50.70870 51.42550 23.68520 37.83160 55.74840 119.60800 137.80499 182.96100 225.31799 277.47299 324.51199 385.69800 433.06900 511.28000 553.60101 511.21600 493.38101 452.11301 415.07999 339.32800 315.12799 304.58301 239.98199 199.75101 143.15401 146.87601 155.28000 131.86400 140.03300 163.13699 190.23100 197.12399 195.28300 191.56599 158.25900 136.45799 139.04401 141.58099 137.69000 128.87300
209.86700 146.81200 156.36800 245.86800 257.33499 187.16200 380.04599 565.97498 491.92300 265.12701 195.47701 117.63500 162.01700 272.21500 -9999 -9999 743.05701 484.83600 395.32599 428.90799 403.17401 596.60101 527.55298 277.45599 126.82800 95.57870 125.52300 149.72301 106.67400 96.77830 63.48270 42.16520 43.76720 37.54550 53.44040 80.88970 107.25800 143.19800 171.94099 222.76500 245.81400 302.10501 314.71399 402.82501 488.23801 520.60498 516.27502 413.04800 346.39999 327.82999 271.92300 271.14899 283.69400 210.95300 150.56799 160.65100 144.80701 143.79601 113.78100 115.52300 118.24900 131.15401 135.40300 139.71700 138.39600 138.53700 135.64400 139.21001 137.89101 147.63200 137.13400
