data/hydroclimate-scenarios/BCSD_hadcm_B1/monthly_summaries/swe_monthly_day1_apr.2030-2059.asc
ncols	311
nrows	91
xllcenter	102.75
yllcenter	31.75
cellsize	0.5
NODATA_value	-9999
[rows 32 to 63 of 91, columns 0 to 70 of 311]
-9999 -9999 -9999 -9999 -9999 -9999 -9999 -9999 -9999 -9999 -9999 143.92000 148.32001 150.61800 156.45100 158.45500 174.09900 171.96899 180.47501 190.99200 191.00400 182.56500 175.75600 164.15100 156.47400 155.88200 146.32800 137.86800 126.50700 122.46300 116.56100 117.05400 114.53100 116.31800 118.42900 117.96300 125.08000 128.36800 128.81100 134.22600 135.62100 139.61301 141.20300 140.97200 138.25999 134.02499 135.39000 137.78400 135.38600 132.63200 126.75600 124.26200 122.62500 119.75500 115.40800 114.56400 111.56800 113.12000 111.25300 111.90200 111.58700 108.48900 108.35700 110.37200 109.19900 107.88000 108.33400 102.54000 106.65600 107.65900 107.56300
-9999 -9999 -9999 -9999 -9999 -9999 -9999 -9999 -9999 -9999 -9999 154.99100 155.98000 154.08299 158.50600 161.55099 165.93401 173.09000 184.52400 187.34801 188.22200 185.46100 174.69501 165.42999 157.50600 153.78400 147.24800 129.69800 120.99800 117.74900 113.15000 110.69500 109.44600 107.20200 112.42200 115.89500 121.41900 126.64600 128.68500 136.79401 141.56200 143.31700 146.86000 148.46300 152.33501 149.40100 150.21500 148.27200 144.92000 141.74100 137.88499 132.38499 129.16800 125.92200 124.01600 121.71300 120.75500 120.25800 117.99300 115.18400 114.84600 114.17100 114.14700 113.62900 114.75200 115.14000 112.30500 110.06300 111.28800 112.74200 112.98600
-9999 -9999 -9999 -9999 -9999 -9999 -9999 -9999 -9999 -9999 -9999 -9999 149.77699 149.68100 153.08099 160.63800 169.20799 172.78900 179.99600 190.56700 190.14600 181.08600 177.91299 167.59500 157.64500 151.29500 139.59399 131.11301 119.16200 114.34300 109.01100 106.05800 105.26100 104.95800 105.94300 107.84900 118.04400 123.46200 128.72099 135.66800 145.17101 152.56200 157.96400 156.80299 159.73599 159.06400 158.95100 155.02901 149.98801 146.93600 140.09801 138.40700 134.45100 131.33800 127.03100 126.78800 124.88200 121.97200 117.81800 117.31600 115.85700 117.37400 117.28500 114.79000 116.60700 115.96000 114.65900 110.49600 117.30100 117.00300 116.01800
-9999 -9999 -9999 -9999 -9999 -9999 -9999 -9999 -9999 -9999 -9999 -9999 138.44600 142.55000 153.40100 153.40199 160.27100 166.20799 173.40300 184.27100 186.33600 186.77200 175.58400 163.50800 151.16400 141.01100 126.27200 117.20900 109.43900 104.18100 102.19700 97.44810 92.84500 94.32180 97.32750 102.12900 109.45400 118.91100 123.60200 129.60001 145.31000 153.65500 157.99699 160.51500 166.70799 168.38000 166.71001 165.00000 156.78000 148.36800 142.38100 136.00000 132.30499 129.79700 128.39900 126.62300 123.88600 122.60000 118.32300 116.79600 118.48300 118.88400 120.63000 117.56400 113.83600 112.62100 115.99400 116.52400 119.91900 122.34200 126.94700
-9999 -9999 -9999 -9999 -9999 -9999 -9999 -9999 -9999 -9999 -9999 -9999 139.88800 137.66299 134.32201 143.92700 154.16600 160.32800 172.29900 180.52400 189.76300 179.64900 170.02499 153.29500 134.21700 125.03000 112.06700 103.62500 98.74170 95.36130 88.37920 84.13800 86.02320 88.50270 90.54580 97.99590 99.26870 109.48300 115.96600 128.20500 136.36800 148.88400 156.11099 161.85800 170.14900 183.08099 179.95200 170.70300 159.42900 150.92599 143.90401 137.95399 132.71899 130.40199 125.20900 123.11600 121.04900 119.79500 118.19400 121.50400 123.51100 124.77500 124.50200 114.75400 115.91100 116.37700 118.01100 118.15800 125.90400 131.70300 136.02699
-9999 -9999 -9999 137.24400 133.42999 132.51601 134.73100 135.53200 134.53300 -9999 134.53600 137.48300 135.06200 129.26900 130.51700 129.31900 135.64500 139.94600 149.47900 157.66100 163.33099 156.86900 140.77299 131.79201 121.36100 110.92500 100.81100 97.97340 90.31360 85.49260 82.19850 74.06830 77.32260 80.07610 84.18790 90.22640 94.62950 101.76400 109.21300 120.17600 130.25101 138.82401 145.32100 154.96700 168.71500 183.30299 184.45500 174.04800 162.00500 151.91000 142.11501 137.69800 131.62300 131.54700 127.71600 126.44600 125.04900 122.05200 123.30700 124.43000 124.63400 128.18300 127.91000 123.33600 123.57800 125.48900 130.27100 130.23000 133.79800 141.96001 149.66901
-9999 -9999 -9999 132.06100 127.63400 124.26900 128.64600 128.20000 132.74699 135.60800 135.99500 132.41000 131.02901 127.21000 124.55500 125.21100 125.72600 118.41400 117.67700 121.94800 122.73800 122.77700 117.62400 112.28900 106.71600 101.12600 94.22030 87.52880 82.50620 79.48880 74.02590 67.12800 70.61100 73.03770 77.74570 82.73620 84.29910 93.34750 100.75400 111.57800 121.24100 130.45599 138.33900 149.77499 167.33900 174.76100 176.81799 166.99899 158.41000 151.88699 144.98500 135.04100 134.92599 127.50100 124.16400 121.23700 121.36300 121.84900 124.79900 125.05200 124.70700 127.81100 130.13800 127.84100 132.97400 127.06900 129.71500 131.88499 141.96500 153.40401 164.94299
-9999 -9999 -9999 109.86400 105.31300 111.98500 123.21100 122.86300 116.35200 120.34600 123.42200 121.09500 125.54900 125.48900 128.11600 119.53400 118.79100 112.32000 106.39600 106.94300 107.31500 104.92100 99.58680 99.90250 94.33110 86.12830 83.41130 76.56340 72.18820 68.52840 64.50750 61.39520 58.87680 63.82430 67.84900 72.21820 75.75400 80.22550 90.30100 99.71920 109.83400 120.35200 132.66901 144.15601 156.57899 168.56200 169.12801 159.01801 150.93800 145.11400 139.64301 132.92101 124.56600 123.13700 116.40100 116.62800 118.49800 120.23400 123.96500 124.26000 126.50800 126.09000 131.64799 133.78700 138.39799 137.24001 141.62000 150.12801 165.86700 175.94299 189.98700
-9999 -9999 -9999 103.33500 97.14200 117.30500 133.12199 127.70200 120.72800 118.01600 115.04500 111.44600 122.55800 120.63600 124.90300 117.63400 112.53300 109.66000 103.26300 96.53110 95.11230 91.26550 86.82300 85.27130 78.86110 73.09070 69.49630 60.39790 58.26430 57.52390 53.55310 40.74750 49.36410 53.33770 59.34990 61.89460 64.11500 66.87610 73.12770 81.95130 94.39790 108.63500 119.87600 134.96800 146.08299 151.94000 150.83400 148.67500 145.70799 140.99400 131.34900 126.24900 119.23100 111.13700 111.22100 110.05400 111.36500 115.03800 119.68800 120.66400 125.97400 128.45399 137.29500 145.71800 151.69099 155.10300 163.67300 172.85100 187.27000 196.15700 200.49500
-9999 -9999 -9999 86.58720 86.38180 103.52800 101.62400 105.14400 109.84800 106.65900 102.61300 107.66200 113.97900 118.34100 118.05000 113.88700 108.84700 98.75900 87.94360 77.90750 76.02930 75.11730 70.61740 65.49340 60.59680 54.98780 48.09130 42.53390 44.41380 44.88160 42.06500 40.26450 41.27110 41.68970 45.44710 52.03710 55.65830 55.97600 63.12140 70.93430 79.45740 90.68330 102.11300 109.97300 114.54800 118.74700 124.34500 127.26800 124.38000 123.35000 118.92300 111.19400 107.81000 106.62000 106.26800 106.15100 102.87200 107.92100 114.80000 119.63400 125.87800 131.48199 136.80901 160.04601 171.51601 171.42700 180.20100 195.44099 206.14400 200.45500 195.45599
-9999 -9999 -9999 -9999 89.62920 102.17900 100.17500 105.00300 107.87200 107.25700 100.74700 105.05600 117.10600 109.21100 -9999 -9999 -9999 -9999 -9999 71.79810 62.42900 48.24380 48.09540 48.68630 43.44730 35.15240 27.71730 30.53990 27.97450 24.97640 28.34120 29.44790 31.95390 31.77280 33.09390 37.02300 40.20890 45.54070 48.37860 53.71920 58.45140 71.00950 76.52040 85.01350 91.28790 92.51330 100.84400 103.71500 102.67700 98.41940 98.45210 96.92710 93.94810 97.69180 99.42000 101.97900 104.85600 107.92800 113.37700 119.84200 126.13200 133.78700 151.32600 165.66600 180.27000 186.29500 193.05901 191.19099 192.90800 -9999 -9999
-9999 -9999 83.19140 87.27960 85.25500 87.83910 93.40950 99.28010 94.14960 98.39360 92.35520 101.15500 112.30700 -9999 -9999 -9999 -9999 -9999 75.24770 56.08980 45.31360 22.67080 21.93350 26.76790 24.95820 20.86400 15.55870 15.12950 13.05900 15.06070 14.45280 16.49820 19.60090 20.35210 23.01480 21.96040 28.23740 35.63360 36.80840 39.80630 48.41360 52.38850 57.68680 63.96090 63.80640 67.96140 78.00940 79.75350 75.15860 73.71990 72.94270 70.00450 77.10210 79.32620 85.90480 82.07290 91.61600 103.63000 109.98100 110.95900 118.70200 133.06500 149.84100 161.45300 173.86200 182.85699 185.73700 -9999 -9999 -9999 -9999
-9999 -9999 88.52840 87.98980 77.30320 72.02020 75.65460 86.39940 85.50390 85.46860 97.17750 105.60300 107.92700 -9999 -9999 -9999 -9999 63.38320 56.49740 38.00360 24.76210 10.08650 8.47989 10.18890 7.46324 5.37007 5.46529 8.21332 6.33920 7.21769 9.93504 10.32230 10.72560 12.97870 19.20000 17.44770 20.57590 20.40020 27.76290 37.31110 35.90190 36.49410 43.46010 39.61780 44.20350 48.61020 51.29230 61.73380 43.96890 50.05620 47.81410 44.05870 48.12840 57.28770 60.16160 51.36330 64.75500 94.97620 106.48500 103.67500 108.78100 120.97200 123.05800 141.27400 149.71300 -9999 -9999 -9999 -9999 -9999 222.96600
-9999 -9999 81.45090 87.56680 79.79510 71.65290 69.58260 72.56110 79.55410 87.60070 98.90070 109.86800 46.65920 -9999 -9999 -9999 -9999 57.09270 42.98930 25.56040 13.25140 2.95234 1.38154 1.80061 1.74314 2.50742 4.13566 4.69395 3.49822 5.31133 7.58102 6.37268 7.16838 11.98380 14.17760 10.67530 13.92430 17.27560 20.29630 18.36620 20.85380 19.54500 18.39040 25.90590 28.43200 39.99330 43.63440 47.65030 39.21940 40.91460 34.72180 35.67660 39.04910 47.64470 52.81280 35.15140 41.42560 76.11280 83.63120 86.24900 79.17020 74.82640 85.67120 121.14300 146.82700 160.22400 153.44299 164.67799 174.21500 -9999 -9999
-9999 -9999 -9999 80.86250 72.48610 61.33290 55.19670 58.73390 78.68100 93.77300 91.48500 51.07960 -9999 -9999 -9999 -9999 66.87570 51.43150 27.88680 12.88430 3.52679 1.03222 1.12141 0.76923 0.84420 1.30600 1.98023 2.45211 3.11686 4.39644 4.06243 5.05494 5.13191 6.61284 6.93259 9.77818 8.96650 6.65285 7.66339 5.30449 5.82656 6.52072 6.80494 9.44260 10.63360 18.45920 17.47380 21.30650 18.22260 15.78980 27.61520 31.91590 31.29270 44.54480 55.41480 63.11900 65.55320 84.75600 90.80550 83.03680 82.94740 93.53840 117.58200 140.88100 156.78799 132.33900 113.39200 134.93700 134.38300 124.73500 -9999
-9999 -9999 -9999 -9999 66.02100 55.96680 50.15550 70.16560 83.42800 72.19590 31.57870 -9999 -9999 -9999 -9999 84.37050 67.02900 36.96300 13.99890 6.73164 2.21567 0.53138 0.51973 0.56188 0.81635 0.60403 0.92666 1.69867 2.26526 3.24191 3.54436 3.25660 2.63066 3.42078 5.14120 6.52103 7.51035 6.79721 6.55613 3.96777 4.96855 5.76937 4.41652 5.45160 5.07744 9.44896 12.21020 12.72050 8.82048 7.73172 10.43090 12.91420 19.90700 31.31630 28.86280 36.86670 40.75030 68.46650 75.60930 65.19280 87.40820 106.46200 113.99000 114.21800 128.34801 115.21400 90.80260 86.74180 108.29900 114.06000 122.69500
-9999 -9999 -9999 -9999 -9999 -9999 66.25820 68.50690 28.92010 26.36640 54.80110 -9999 -9999 -9999 -9999 -9999 50.36620 18.68490 9.19993 3.28264 1.76116 0.78887 0.83967 1.17145 1.05472 0.63581 0.38657 1.73059 1.83383 2.78398 3.48789 1.48967 1.43807 3.66375 4.13575 2.01428 3.12198 4.12758 2.64776 3.44360 3.39477 4.28044 6.31387 2.73200 1.56995 2.27131 2.96052 6.40051 6.54185 6.84106 5.54407 16.12790 19.13320 18.97910 22.90040 26.85210 32.34350 53.43110 61.27260 68.45920 89.69080 87.84050 99.19960 111.84400 124.89600 113.02600 81.39800 57.54140 71.75760 91.67860 111.68900
-9999 -9999 -9999 -9999 -9999 -9999 -9999 -9999 -9999 -9999 -9999 -9999 -9999 -9999 -9999 -9999 -9999 -9999 -9999 2.73815 1.67285 1.40783 1.01851 0.69199 0.79149 0.55067 1.11498 1.41785 2.51184 3.98437 3.91846 1.59237 1.83416 2.77721 3.25382 1.66485 1.28645 1.22598 1.15283 2.50469 2.61186 2.00517 1.79287 0.81778 0.81992 1.93624 1.70864 1.99337 4.44922 4.03145 5.90792 12.48480 14.73020 11.09690 13.91970 17.04080 23.05890 38.69470 47.58100 55.97250 81.75150 72.49480 85.99400 103.28900 108.59900 77.01130 48.10430 37.43160 46.87880 87.61360 109.75500
-9999 -9999 -9999 -9999 -9999 -9999 -9999 -9999 -9999 -9999 -9999 -9999 -9999 -9999 -9999 -9999 -9999 -9999 3.27544 1.34583 0.53075 0.74645 0.83345 0.95207 0.90912 0.66183 0.39489 1.01639 0.91082 1.12506 2.57105 2.44699 2.66001 0.46108 0.69015 0.81294 1.14981 1.48493 1.92497 4.43473 5.11913 1.27518 1.31171 1.50022 1.29171 1.18062 0.87998 1.95548 1.68438 2.97823 4.29403 5.78214 5.76666 4.04678 5.95720 9.24618 15.72980 35.87580 45.80820 41.36760 42.44370 42.24060 60.93820 72.09780 82.37340 55.42840 48.98790 41.36840 55.86480 75.14020 104.00400
-9999 -9999 -9999 -9999 -9999 -9999 -9999 -9999 -9999 -9999 -9999 -9999 -9999 -9999 -9999 -9999 -9999 5.35664 3.14167 1.02599 0.44375 0.80126 0.68796 0.70809 0.68225 0.41169 0.36906 0.88946 0.73858 0.98147 1.17704 2.14026 3.00112 0.46210 0.60606 0.73913 1.25382 1.88923 1.26593 4.29302 4.74227 1.07271 1.11956 0.66946 0.62916 0.69299 0.86520 1.08636 0.97845 1.62110 2.08058 3.47039 4.87543 3.21888 3.97095 7.08781 14.55290 27.96380 33.10800 23.98500 13.72230 29.56060 74.39270 76.75490 49.37610 43.74260 47.18770 50.56600 55.48920 72.07680 107.34800
-9999 -9999 -9999 -9999 -9999 -9999 -9999 -9999 -9999 -9999 -9999 -9999 -9999 -9999 -9999 -9999 -9999 2.94164 1.71784 1.16898 0.73258 0.88417 0.55042 0.52439 0.33912 0.03003 0.01874 0.30324 0.51475 0.76856 1.15868 0.95673 0.77451 2.18632 0.77125 1.85233 2.22588 1.30514 1.98090 3.04809 2.50466 1.07136 0.46280 0.27948 0.31111 0.02309 0.09900 1.57537 1.55342 1.80148 1.85135 9.12142 10.85170 6.95948 6.46773 7.84671 20.70690 27.24230 24.46740 14.09840 20.21630 43.20570 52.82960 64.28390 89.42970 68.40620 49.63240 79.03660 58.52530 62.61520 79.31760
-9999 -9999 -9999 -9999 -9999 -9999 -9999 -9999 -9999 -9999 -9999 -9999 -9999 -9999 -9999 -9999 3.59456 2.51612 1.00580 0.64025 0.21055 0.43655 0.54830 0.38859 0.16691 0.01680 0.00593 0.18748 0.27131 0.84749 0.79027 0.55625 0.71468 0.66257 1.24562 1.42632 1.49172 1.01425 1.20100 1.79151 1.29256 0.66567 0.72846 0.19797 0.12973 0.05730 0.11070 1.43854 1.65560 1.36449 2.08373 6.81163 9.45209 3.69541 5.42405 5.67604 11.15050 14.96210 18.56850 17.34270 15.76670 33.53630 49.14750 81.27350 73.52410 63.94880 63.39580 64.25210 45.72230 56.96080 84.06430
-9999 -9999 -9999 -9999 -9999 -9999 -9999 -9999 -9999 -9999 -9999 -9999 -9999 4.90041 3.73509 1.98161 1.44840 1.50912 0.55008 0.32028 0.22553 0.32335 0.16485 0.32104 0.36058 0.00228 0.07350 0.16129 0.17834 0.29280 0.35657 0.78844 1.10594 0.99494 1.06982 1.10844 0.81313 0.73615 0.78395 0.26445 0.18613 0.13580 0.08296 0.43374 0.47448 0.12326 0.23223 0.37080 0.28740 3.11624 3.99428 1.18209 2.65895 4.23808 5.04591 5.38726 7.11108 9.54492 9.11455 11.13620 15.85180 19.50960 31.54560 48.22600 43.50520 38.04770 49.20120 50.63980 57.07560 58.20800 100.77300
-9999 -9999 -9999 -9999 -9999 -9999 -9999 -9999 -9999 -9999 -9999 -9999 1.32623 0.84653 0.91043 0.45250 0.30027 0.28130 0.24733 0.01162 0.33649 0.11868 0.08424 0.23741 0.25595 0.00243 0.00251 0.15167 0.17473 0.18213 0.19383 0.43398 0.65182 0.62757 0.65606 0.46709 0.52697 0.47844 0.61183 0.07743 0.14087 0.07376 0.04722 0.02490 0.24588 0.24309 0.14249 0.31576 0.28129 1.82042 2.76745 0.48744 0.63350 2.21445 3.80744 5.22425 3.76868 7.05397 11.41130 14.90840 14.13330 15.00180 18.49230 39.16280 43.60770 45.69780 53.71610 50.96080 53.98440 85.76210 123.56700
-9999 -9999 -9999 -9999 -9999 -9999 -9999 -9999 -9999 -9999 -9999 2.23855 1.16515 2.10096 1.27617 0.16004 0.14325 0.02834 0.01120 0.23110 0.25477 0.00000 0.00000 0.00000 0.00000 0.09910 0.15926 0.19153 0.17612 0.00000 0.00000 0.23227 0.24247 0.56862 0.72594 0.34219 0.39764 0.81388 0.56401 0.18113 0.07876 0.00000 0.00000 0.00000 0.00000 0.00000 0.00000 0.24550 0.75105 0.30914 0.20766 1.49505 1.47435 1.02311 1.46144 3.21032 2.85852 3.96571 5.02946 0.20874 0.53700 2.56456 6.12498 22.65250 33.34840 40.07620 42.69410 32.12810 53.26560 102.98000 146.18700
-9999 -9999 -9999 -9999 -9999 -9999 -9999 -9999 -9999 -9999 0.81196 1.49583 0.47630 1.39464 0.86503 0.07789 0.10159 0.00000 0.00082 0.26097 0.10300 0.00000 0.00000 0.00000 0.00000 0.09981 0.10688 0.22717 0.21620 0.00000 0.00000 0.16588 0.19759 0.43060 0.85642 0.41325 0.33208 0.97451 0.54339 0.08482 0.03421 0.00000 0.00000 0.00000 0.00000 0.00000 0.00000 0.00000 0.00000 0.31243 0.18262 1.04795 0.79079 0.57808 0.77174 1.74477 2.58412 3.19900 3.58157 0.00000 0.11268 1.78406 4.09459 18.93960 25.05500 33.02100 33.51510 31.53660 75.17640 123.14600 154.90601
-9999 -9999 -9999 -9999 -9999 -9999 -9999 -9999 -9999 0.24029 0.27101 0.36377 0.38627 1.08099 0.96331 0.86162 0.86090 0.28234 0.20110 0.08879 0.10665 0.08523 0.08684 0.00000 0.00000 0.09357 0.03550 0.30552 0.27125 0.28332 0.15788 0.20045 0.24909 0.40474 0.49011 0.73845 0.92055 0.47316 0.14963 0.00414 0.00018 0.00000 0.00000 0.00000 0.00000 0.00000 0.00000 0.27315 0.45475 0.00000 0.00272 0.39270 0.71006 3.03166 3.47566 0.05575 0.00111 0.70431 0.66258 1.83968 2.38950 3.82398 4.97835 7.36194 9.59695 11.12860 13.13770 39.99220 95.68350 136.54201 150.23399
-9999 -9999 -9999 -9999 -9999 -9999 -9999 -9999 -9999 -9999 0.22630 0.03162 0.11291 0.47913 0.17575 0.65713 0.70502 0.26495 0.22138 0.11768 0.12788 0.07330 0.00089 -9999 -9999 -9999 -9999 -9999 -9999 0.30541 0.20958 0.00382 0.21064 0.36058 0.47143 0.60049 0.93610 0.17919 0.02587 0.00168 0.00000 0.00000 0.00000 0.00000 0.00000 0.00000 0.00000 0.21074 0.22511 0.00000 0.00000 0.21928 0.58400 2.75230 3.66973 0.00100 0.00134 0.43187 0.48557 1.19020 1.72408 3.37040 3.92385 4.98235 18.16450 9.02255 28.49170 66.85630 138.48700 157.68201 178.91600
-9999 -9999 -9999 -9999 -9999 -9999 -9999 -9999 -9999 -9999 -9999 -9999 0.01882 0.02468 0.02597 0.02773 0.05096 0.00065 0.00094 -9999 -9999 -9999 -9999 -9999 -9999 -9999 -9999 -9999 -9999 -9999 -9999 -9999 -9999 0.00036 0.17130 0.14109 0.10405 0.28179 0.10564 0.00821 0.02903 0.00000 0.00000 0.00000 0.00000 0.00132 0.00151 0.00000 0.00000 0.00000 0.00000 0.03062 0.05548 0.07496 0.08329 0.67721 0.73858 0.11636 0.24101 0.02852 0.03156 2.84904 4.15113 2.40159 6.29167 22.05800 53.39750 86.34220 122.97100 136.86600 167.28400
-9999 -9999 -9999 -9999 -9999 -9999 -9999 -9999 -9999 -9999 -9999 -9999 -9999 -9999 -9999 -9999 -9999 -9999 -9999 -9999 -9999 -9999 -9999 -9999 -9999 -9999 -9999 -9999 -9999 -9999 -9999 -9999 -9999 -9999 0.00148 0.12832 0.00000 0.16756 0.04539 0.00607 0.01705 0.00000 0.00000 0.00000 0.00000 0.00186 0.00202 0.00000 0.00000 0.00000 0.00000 0.01936 0.07233 0.08293 0.11459 0.65969 0.64375 0.12302 0.23923 0.03227 0.03284 3.79418 5.07183 0.33085 3.33849 19.68270 57.65980 110.26200 136.96899 147.09000 142.66499
-9999 -9999 -9999 -9999 -9999 -9999 -9999 -9999 -9999 -9999 -9999 -9999 -9999 -9999 -9999 -9999 -9999 -9999 -9999 -9999 -9999 -9999 -9999 -9999 -9999 -9999 -9999 -9999 -9999 -9999 -9999 -9999 -9999 -9999 0.12979 0.45254 0.42837 0.20420 0.02611 0.00000 0.00000 0.00000 0.00000 0.00000 0.00000 0.00000 0.00000 0.00000 0.00000 0.00308 0.00597 0.30115 0.27581 1.18699 1.17527 0.19088 0.13719 0.06153 0.12841 0.31691 0.33606 0.02151 0.05599 3.33814 14.37910 49.25930 69.60360 113.34900 151.95000 148.86301 -9999
-9999 -9999 -9999 -9999 -9999 -9999 -9999 -9999 -9999 -9999 -9999 -9999 -9999 -9999 -9999 -9999 -9999 -9999 -9999 -9999 -9999 -9999 -9999 -9999 -9999 -9999 -9999 -9999 -9999 -9999 -9999 -9999 -9999 -9999 -9999 -9999 -9999 -9999 0.01997 0.00000 0.00000 0.00000 0.00000 0.00000 0.00000 0.00000 0.00000 0.00000 0.00000 0.00368 0.00325 0.25431 0.17748 0.73954 0.98891 0.17321 0.15904 0.05397 0.05915 0.20021 0.28114 0.01766 1.68483 13.89310 54.24110 59.96290 79.34130 106.41300 78.78190 -9999 -9999
