data/hydroclimate-scenarios/BCSD_hadcm_B1/monthly_summaries/swe_monthly_day1_apr.2070-2099.asc
ncols	311
nrows	91
xllcenter	102.75
yllcenter	31.75
cellsize	0.5
NODATA_value	-9999
[rows 0 to 31 of 91, columns 0 to 70 of 311]
-9999 -9999 -9999 -9999 -9999 -9999 -9999 -9999 -9999 -9999 -9999 -9999 -9999 -9999 -9999 -9999 -9999 -9999 -9999 -9999 -9999 -9999 -9999 -9999 -9999 -9999 -9999 -9999 -9999 -9999 -9999 -9999 -9999 -9999 -9999 -9999 -9999 -9999 -9999 -9999 -9999 -9999 -9999 -9999 -9999 -9999 -9999 -9999 -9999 -9999 -9999 -9999 -9999 -9999 -9999 -9999 -9999 -9999 -9999 -9999 -9999 -9999 -9999 -9999 -9999 -9999 -9999 -9999 -9999 -9999 -9999
-9999 -9999 -9999 -9999 -9999 -9999 -9999 -9999 -9999 -9999 -9999 -9999 -9999 -9999 -9999 -9999 -9999 -9999 -9999 -9999 -9999 -9999 -9999 -9999 -9999 -9999 -9999 -9999 -9999 -9999 -9999 -9999 -9999 -9999 -9999 -9999 -9999 -9999 -9999 -9999 -9999 -9999 -9999 -9999 -9999 -9999 -9999 -9999 -9999 -9999 -9999 -9999 -9999 -9999 -9999 -9999 -9999 -9999 -9999 -9999 -9999 -9999 -9999 -9999 -9999 -9999 -9999 -9999 -9999 -9999 -9999
-9999 -9999 -9999 -9999 -9999 -9999 -9999 -9999 -9999 -9999 -9999 -9999 -9999 -9999 -9999 -9999 -9999 -9999 -9999 -9999 -9999 -9999 -9999 -9999 -9999 -9999 -9999 -9999 -9999 -9999 -9999 -9999 -9999 -9999 -9999 -9999 -9999 -9999 -9999 -9999 -9999 -9999 -9999 -9999 -9999 -9999 -9999 -9999 -9999 -9999 -9999 -9999 -9999 -9999 -9999 -9999 -9999 -9999 -9999 -9999 -9999 -9999 -9999 -9999 -9999 -9999 -9999 -9999 -9999 -9999 -9999
-9999 -9999 -9999 -9999 -9999 -9999 -9999 -9999 -9999 -9999 -9999 -9999 -9999 -9999 -9999 -9999 -9999 -9999 -9999 -9999 -9999 -9999 -9999 -9999 -9999 -9999 -9999 -9999 -9999 -9999 -9999 -9999 -9999 -9999 -9999 -9999 -9999 -9999 -9999 -9999 -9999 -9999 -9999 -9999 -9999 -9999 -9999 -9999 -9999 -9999 -9999 -9999 -9999 -9999 -9999 -9999 -9999 -9999 -9999 -9999 -9999 -9999 -9999 -9999 -9999 -9999 -9999 -9999 -9999 -9999 -9999
-9999 -9999 -9999 -9999 -9999 -9999 -9999 -9999 -9999 -9999 -9999 -9999 -9999 -9999 -9999 -9999 -9999 -9999 -9999 -9999 -9999 -9999 -9999 -9999 -9999 -9999 -9999 -9999 -9999 -9999 -9999 -9999 -9999 -9999 -9999 -9999 -9999 -9999 -9999 -9999 -9999 -9999 -9999 -9999 -9999 -9999 -9999 -9999 -9999 -9999 -9999 -9999 -9999 -9999 -9999 -9999 -9999 -9999 -9999 -9999 -9999 -9999 -9999 -9999 -9999 -9999 -9999 -9999 -9999 -9999 -9999
-9999 -9999 -9999 -9999 -9999 -9999 -9999 -9999 -9999 -9999 -9999 -9999 -9999 -9999 -9999 -9999 -9999 -9999 -9999 -9999 -9999 -9999 -9999 -9999 -9999 -9999 -9999 -9999 -9999 -9999 -9999 -9999 -9999 -9999 -9999 -9999 -9999 -9999 -9999 -9999 -9999 -9999 -9999 -9999 -9999 -9999 -9999 -9999 -9999 -9999 -9999 -9999 -9999 -9999 -9999 -9999 -9999 -9999 -9999 -9999 -9999 -9999 -9999 -9999 -9999 -9999 -9999 -9999 -9999 -9999 -9999
-9999 -9999 -9999 -9999 -9999 -9999 -9999 -9999 -9999 -9999 -9999 -9999 -9999 -9999 -9999 -9999 -9999 -9999 -9999 -9999 -9999 -9999 -9999 -9999 -9999 -9999 -9999 -9999 -9999 -9999 -9999 -9999 -9999 -9999 -9999 -9999 -9999 -9999 -9999 -9999 -9999 -9999 -9999 -9999 -9999 -9999 -9999 -9999 -9999 -9999 -9999 -9999 -9999 -9999 -9999 -9999 -9999 -9999 -9999 -9999 -9999 -9999 -9999 -9999 -9999 -9999 -9999 -9999 -9999 -9999 -9999
-9999 -9999 -9999 -9999 -9999 -9999 -9999 -9999 -9999 -9999 -9999 -9999 -9999 -9999 -9999 -9999 -9999 -9999 -9999 -9999 -9999 -9999 -9999 -9999 -9999 -9999 -9999 -9999 -9999 -9999 -9999 -9999 -9999 -9999 -9999 -9999 -9999 -9999 -9999 -9999 -9999 -9999 185.74600 186.01199 188.29201 188.92101 185.66800 184.55600 179.43100 183.94800 178.75101 176.41000 -9999 -9999 -9999 -9999 -9999 -9999 -9999 -9999 -9999 -9999 -9999 -9999 -9999 -9999 -9999 -9999 -9999 -9999 -9999
-9999 -9999 -9999 -9999 -9999 -9999 -9999 -9999 -9999 -9999 -9999 -9999 -9999 -9999 -9999 -9999 -9999 -9999 -9999 -9999 -9999 -9999 -9999 -9999 -9999 -9999 -9999 -9999 -9999 -9999 -9999 -9999 -9999 -9999 -9999 -9999 -9999 -9999 174.78400 185.39900 183.11200 192.34900 193.46100 195.38100 197.26500 196.47701 198.52100 198.86400 199.08701 193.84500 185.54401 178.20599 167.08600 97.27600 -9999 -9999 -9999 -9999 -9999 -9999 -9999 -9999 -9999 -9999 -9999 -9999 -9999 -9999 -9999 -9999 -9999
-9999 -9999 -9999 -9999 -9999 -9999 -9999 -9999 -9999 -9999 -9999 -9999 -9999 -9999 -9999 -9999 -9999 -9999 -9999 -9999 -9999 -9999 -9999 -9999 -9999 -9999 -9999 -9999 -9999 -9999 -9999 -9999 -9999 -9999 -9999 -9999 -9999 -9999 -9999 -9999 176.26199 190.98599 192.90100 194.38901 201.90500 201.92000 206.35400 208.45000 207.58800 208.00101 201.38901 187.83600 179.86700 104.59300 -9999 -9999 -9999 -9999 -9999 -9999 -9999 -9999 -9999 -9999 -9999 -9999 -9999 -9999 -9999 -9999 -9999
-9999 -9999 -9999 -9999 -9999 -9999 -9999 -9999 -9999 -9999 -9999 -9999 -9999 -9999 -9999 -9999 -9999 -9999 -9999 -9999 -9999 -9999 -9999 -9999 -9999 -9999 -9999 -9999 -9999 -9999 -9999 -9999 -9999 -9999 -9999 -9999 -9999 -9999 -9999 -9999 -9999 -9999 -9999 -9999 211.58701 216.64000 219.49800 225.78101 227.66701 227.38000 225.58099 205.82001 199.60400 118.79400 -9999 -9999 -9999 -9999 -9999 -9999 118.10200 -9999 -9999 -9999 -9999 -9999 -9999 -9999 -9999 -9999 -9999
-9999 -9999 -9999 -9999 -9999 -9999 -9999 -9999 -9999 -9999 -9999 -9999 -9999 -9999 -9999 -9999 -9999 -9999 -9999 -9999 -9999 -9999 -9999 -9999 -9999 -9999 -9999 -9999 -9999 -9999 -9999 -9999 -9999 -9999 -9999 -9999 -9999 -9999 -9999 -9999 -9999 203.42799 206.85400 207.56500 212.10600 216.19400 219.73500 224.34700 227.11400 228.11000 220.54401 205.49001 192.15401 178.44299 -9999 -9999 -9999 -9999 -9999 118.21300 113.51700 111.24300 106.70000 99.98070 99.23060 95.32890 92.44290 91.28880 86.13580 86.33160 86.66100
-9999 -9999 -9999 -9999 -9999 -9999 -9999 -9999 -9999 -9999 -9999 -9999 -9999 -9999 -9999 -9999 -9999 -9999 -9999 -9999 -9999 -9999 -9999 -9999 -9999 -9999 -9999 -9999 -9999 -9999 -9999 -9999 -9999 -9999 -9999 -9999 -9999 -9999 -9999 -9999 -9999 202.24100 211.33299 212.78101 214.84700 216.38800 218.00500 215.75900 216.95399 218.25500 206.44099 186.81000 174.54500 160.42500 154.19701 141.35699 131.73700 -9999 118.59400 122.49100 115.97200 109.81900 106.33500 99.34920 98.83210 94.60980 93.38930 91.75790 89.87200 88.75840 88.08090
-9999 -9999 -9999 -9999 -9999 -9999 -9999 -9999 -9999 -9999 -9999 -9999 -9999 -9999 -9999 -9999 -9999 -9999 -9999 -9999 -9999 -9999 -9999 -9999 -9999 -9999 -9999 -9999 -9999 -9999 -9999 -9999 -9999 -9999 -9999 169.51100 174.17000 182.58501 188.16200 194.67700 196.90100 206.68300 213.48700 213.65300 219.27299 222.89999 222.24001 222.79401 221.67599 218.73399 209.59700 189.54500 176.35600 161.76199 151.03700 140.09801 130.23700 118.90400 112.82700 116.44500 112.36800 105.86700 103.51800 92.64920 92.35520 93.03410 90.48910 88.27660 88.69500 86.60370 86.51830
-9999 -9999 -9999 -9999 -9999 -9999 -9999 -9999 -9999 -9999 -9999 -9999 -9999 -9999 -9999 -9999 -9999 -9999 -9999 -9999 -9999 -9999 -9999 -9999 -9999 -9999 -9999 -9999 -9999 -9999 -9999 -9999 -9999 -9999 165.18800 174.47000 181.99500 180.69800 187.34500 194.64600 203.60899 204.60600 213.26700 217.97600 215.87300 222.28700 221.31000 225.13300 224.81500 210.94800 204.16200 190.07201 178.21899 160.79401 152.11900 144.18100 127.34900 118.51400 115.81300 112.40400 104.03300 99.75170 99.73860 91.66510 94.46920 91.63320 89.50240 85.82930 82.39920 81.28590 79.87000
-9999 -9999 -9999 -9999 -9999 -9999 -9999 -9999 -9999 -9999 -9999 -9999 -9999 -9999 -9999 -9999 -9999 -9999 -9999 -9999 -9999 -9999 -9999 -9999 -9999 -9999 -9999 -9999 -9999 -9999 -9999 -9999 -9999 160.42000 168.18100 173.28999 177.05800 179.74100 183.35001 194.00900 201.84599 204.46201 210.03500 215.77699 217.85500 215.87900 217.55000 218.89600 210.91499 202.55400 189.58400 171.44701 149.92599 144.48000 135.03799 128.18201 118.61900 113.91000 108.86600 104.62800 97.54370 93.31910 92.68480 91.54580 90.51120 85.53130 84.23720 80.51070 80.08230 79.10880 74.03520
-9999 -9999 -9999 -9999 -9999 -9999 -9999 -9999 -9999 -9999 -9999 -9999 -9999 -9999 -9999 -9999 -9999 -9999 -9999 -9999 -9999 -9999 -9999 -9999 -9999 -9999 -9999 -9999 -9999 -9999 -9999 155.59500 159.56000 160.36700 165.46400 167.83600 173.94299 175.76100 186.14799 192.73199 195.99800 205.23000 210.72501 209.63000 211.00999 212.43300 210.88699 199.53000 192.64600 182.39799 171.22501 158.47301 135.59399 139.92500 133.62000 122.45000 114.87800 104.92000 97.08830 93.80760 92.06770 89.21190 89.09900 85.88000 84.00330 80.84420 82.72860 80.66720 81.80990 73.80750 73.05970
-9999 -9999 -9999 -9999 -9999 -9999 -9999 -9999 -9999 -9999 -9999 -9999 -9999 -9999 -9999 -9999 -9999 -9999 -9999 -9999 -9999 -9999 -9999 -9999 -9999 -9999 -9999 -9999 -9999 141.29800 144.67999 154.93900 158.61600 159.67900 162.52600 166.95799 171.51300 177.92101 182.14000 186.40700 195.36900 200.80499 205.94501 204.00301 202.07401 197.01900 193.13499 189.89301 181.15700 172.33099 160.67700 149.41299 130.48100 131.11200 118.74200 114.01100 108.28200 97.19630 93.13320 92.38690 86.96100 83.82660 79.81750 78.00790 77.35650 77.64820 75.33080 75.05720 74.14010 74.09430 74.45220
-9999 -9999 -9999 -9999 -9999 -9999 -9999 -9999 -9999 -9999 -9999 -9999 -9999 -9999 -9999 -9999 -9999 -9999 -9999 -9999 -9999 -9999 -9999 -9999 133.42900 133.83600 133.22400 136.42599 138.58701 140.95799 144.74600 143.36600 145.17599 147.46400 152.39500 160.85500 163.97099 170.29700 174.96001 177.30200 179.63699 188.96800 195.76700 193.61900 191.64600 191.81400 186.84100 176.09100 169.62000 161.51100 156.98199 144.61000 134.71100 128.95500 117.80500 105.64700 99.46910 96.85330 90.73380 85.10130 83.02110 80.27000 76.60080 75.80480 74.50040 75.73310 76.53290 75.29730 78.98870 72.29180 67.44530
-9999 -9999 -9999 -9999 -9999 -9999 153.18201 152.12300 153.98700 155.30800 156.80901 -9999 -9999 -9999 -9999 -9999 -9999 -9999 -9999 -9999 -9999 135.06900 129.81500 128.22701 126.72900 128.11301 127.24600 136.12300 135.33600 139.86000 141.76300 141.04401 143.36000 145.38499 148.78300 158.35201 162.37700 167.70300 172.88200 174.62900 176.55200 179.19099 183.44200 186.61600 186.41000 185.58701 183.39000 169.76500 164.80200 157.62801 147.17599 139.70300 130.18100 123.52600 116.95600 103.27000 98.28310 93.88090 87.18920 84.43180 82.12760 78.85490 74.21360 73.39360 73.52300 77.83810 77.10680 76.76130 79.19660 76.58850 74.14200
-9999 -9999 -9999 -9999 -9999 153.19800 149.57800 150.90900 154.28300 152.84200 156.76199 151.81500 149.84801 151.20900 -9999 -9999 -9999 137.62700 136.28000 135.56200 133.19901 132.49001 123.43900 122.69300 123.52600 121.11800 125.60300 127.48800 131.75000 131.16600 133.24200 136.09599 140.44000 142.61501 147.21201 151.90700 153.28799 160.87199 167.74600 174.09100 176.45100 177.33501 176.54201 177.48399 180.32700 174.84100 171.09599 167.00800 158.15401 150.41800 144.57401 134.35400 127.87300 117.48200 111.69100 101.65800 94.17430 90.68210 90.66040 79.96320 76.51790 77.29110 76.37120 76.23450 73.70450 68.91040 74.02620 74.30930 73.80360 77.75440 76.06350
-9999 147.85699 149.44200 152.44701 154.75000 151.63200 152.51199 152.61400 154.75500 154.96800 154.92300 154.54300 154.72900 153.05299 149.76401 147.61700 145.33000 137.29601 136.59500 135.78500 133.27100 128.03700 123.80600 121.14500 119.83600 120.26600 119.33400 122.57700 124.56800 127.28500 127.17400 128.62100 132.23900 135.34900 140.13000 145.92400 151.11501 154.70399 160.62700 168.73399 169.73500 170.84801 170.19501 172.71899 171.43401 165.83900 165.79401 163.20100 154.04100 148.81000 133.75200 127.59500 119.45300 109.48000 102.92800 94.83590 90.63020 89.17740 85.43240 81.76290 78.42540 78.36010 74.98140 75.82180 72.34800 71.24270 74.23010 72.33850 74.05020 73.14790 73.14960
-9999 154.52499 152.88600 153.01500 151.46400 150.00000 151.78400 148.74001 148.13600 149.37399 154.13000 157.06100 157.41100 155.92000 151.51401 148.48700 140.76500 141.97501 138.37601 132.38400 133.64101 131.76199 127.98200 124.97600 122.11000 125.85300 125.65700 125.71600 124.97400 126.55800 127.83200 126.51200 126.30600 131.96700 132.97301 137.82401 142.55499 144.99001 154.00301 158.45200 162.70300 160.33800 161.49899 158.40300 157.80000 156.41200 155.50301 150.15601 147.02499 142.72600 133.16800 122.45100 111.75700 108.20500 97.38890 92.91450 85.36820 86.45480 85.17390 82.54930 82.91220 78.48040 78.95890 77.71910 77.39800 73.25490 73.39060 72.02070 73.45430 75.35160 76.80900
-9999 -9999 -9999 156.84100 155.57401 154.63800 153.91200 149.08299 149.43900 149.82800 151.22099 152.60600 152.60800 152.77400 151.54900 146.72200 144.27600 141.36301 142.67700 139.55099 133.97900 134.67101 131.97900 130.12300 125.99800 125.33800 122.87900 124.81300 125.18900 125.48200 125.65300 124.74400 124.73900 127.95000 129.75999 131.12300 134.09801 140.63499 141.64900 149.49300 151.78999 153.79900 152.72400 149.46001 150.16600 150.61400 148.85899 145.37300 140.78900 141.22400 132.59300 121.28200 110.97800 104.85500 97.93900 88.38960 84.72510 84.96830 84.53010 80.91470 82.59550 81.51490 81.80340 77.51850 76.83030 76.34690 78.90970 73.88520 76.87650 75.53050 76.62630
-9999 -9999 -9999 -9999 -9999 -9999 154.21400 154.02499 153.79800 149.70300 149.02800 150.28900 150.27499 148.90401 149.12900 146.20900 145.95200 145.75400 145.52699 146.66200 143.24800 138.18500 136.25900 133.21400 131.65199 131.32201 127.39200 126.35000 123.90100 125.13000 124.29400 122.05100 123.57600 128.33501 129.36099 132.58400 132.56799 134.64301 135.27600 138.73599 142.90401 142.45100 146.97400 145.54100 145.44099 145.83200 146.83701 144.45900 146.14301 141.74400 132.96800 122.00200 113.09300 103.80600 95.50430 90.82980 86.72080 88.42600 84.39980 85.89660 84.44480 83.14980 78.39560 71.46560 78.06950 74.10080 77.04610 79.37360 77.29640 80.30870 84.07470
-9999 -9999 -9999 -9999 -9999 -9999 158.58000 157.94299 158.83900 152.22099 151.15500 151.19600 150.34500 148.29800 148.80200 149.57899 149.69000 152.09100 151.73599 151.55499 152.10600 150.17000 146.35300 142.36200 138.46500 137.45200 131.30901 126.14000 125.58700 127.20000 128.21899 127.10600 127.43100 128.68201 129.31599 130.74699 132.60001 130.00700 134.86400 134.04500 133.74100 135.85500 141.92000 138.47000 142.11400 144.30299 145.51700 143.96500 145.84300 144.95200 140.55099 127.60500 116.52000 103.76700 98.77480 96.68960 90.11580 92.92600 90.31470 89.87150 81.52630 84.15860 83.29670 81.21790 76.97080 78.46510 80.28140 81.51970 82.00200 86.69250 87.18900
-9999 -9999 -9999 -9999 -9999 -9999 -9999 -9999 -9999 -9999 151.94000 153.83400 152.08200 150.19701 153.93500 155.37601 156.60699 156.42700 158.63699 161.39799 162.12300 159.53999 154.66701 152.99400 148.37100 146.39600 143.76100 137.58800 128.25800 129.61400 129.71600 130.77200 130.90601 131.48700 132.87100 132.39999 131.76199 127.98600 127.36700 129.94901 130.90500 130.87000 132.12500 133.90700 137.33600 141.32401 141.23599 146.25700 147.76100 142.36501 137.66299 123.81700 113.48400 104.48700 99.91490 97.50930 100.37700 96.55610 96.63170 91.12380 92.58060 91.16650 90.95880 84.58650 84.09350 83.30070 82.39300 84.00170 86.42160 89.76650 91.26750
-9999 -9999 -9999 -9999 -9999 -9999 -9999 -9999 -9999 -9999 149.78500 151.76300 149.00500 151.50400 155.02000 159.72400 164.96100 169.13901 173.28900 176.75301 173.92900 168.69000 161.54100 163.35100 155.89200 152.98700 146.92200 139.44501 137.77100 130.72900 129.74200 132.25400 132.78700 135.00999 135.01300 135.17500 133.26700 131.79700 132.11000 133.51100 136.12000 137.01801 135.31700 133.04500 135.45599 133.97800 133.33701 135.56900 133.88499 128.41400 120.61400 116.66400 107.93100 104.38200 102.14000 101.20900 98.62610 100.45100 96.61970 98.68240 97.85760 98.96260 95.59690 95.98020 95.02240 93.56720 92.17800 90.50150 90.68960 93.86230 95.43810
-9999 -9999 -9999 -9999 -9999 -9999 -9999 -9999 -9999 -9999 -9999 -9999 147.02400 154.15800 162.74001 173.81700 179.03600 182.08200 185.85400 184.13901 181.56700 179.48300 173.98100 168.60100 159.60500 155.00101 147.07401 138.41600 131.93700 129.25800 128.72800 129.98500 133.05600 133.13100 137.28799 137.69200 136.49001 132.79800 133.92799 131.37100 129.60300 135.65199 135.10699 129.59300 130.46800 133.47800 132.99600 129.84599 124.61400 121.08500 118.63500 113.68200 113.19500 105.49600 103.46700 99.80140 101.50400 95.65630 97.82820 101.49300 99.65920 101.23900 101.28200 98.03380 98.21550 92.41650 93.44000 96.37510 97.15010 101.46500 100.06600
-9999 -9999 -9999 -9999 -9999 -9999 -9999 -9999 -9999 -9999 -9999 -9999 147.74300 152.37801 164.78700 173.54401 183.38499 187.40500 191.66200 192.97701 187.06500 184.75400 178.30200 171.87601 163.99100 158.43100 147.39000 138.13000 132.36800 125.75400 124.33900 129.20000 130.02100 133.15300 134.91600 135.70700 136.55200 137.78400 136.17900 134.84200 132.02600 132.91499 134.48500 131.56900 130.80701 131.01601 129.70300 128.35400 126.18200 117.21000 116.64200 115.13000 111.39600 105.35100 103.73200 104.42200 102.25500 100.45900 100.32100 105.59000 105.33800 106.78000 105.36100 105.29100 104.39500 102.16300 102.24700 103.69400 104.19600 106.02900 105.83500
-9999 -9999 -9999 -9999 -9999 -9999 -9999 -9999 -9999 -9999 -9999 141.76300 150.83900 151.24600 160.77800 168.34801 180.30701 182.69800 190.80600 197.52200 189.73900 192.88800 183.65401 179.64200 171.06500 163.30200 153.98399 137.66000 132.88200 129.41299 124.71900 126.00500 126.03800 129.05600 131.29800 132.45599 135.29900 134.91299 137.50500 140.60300 138.77100 139.53799 136.61501 131.85201 129.81400 130.96001 130.17900 129.90900 125.93900 125.03900 123.99800 118.46500 118.68600 116.13100 114.57400 107.05700 105.49500 109.68300 108.30600 113.59500 111.71700 111.30500 112.41100 115.58000 113.60300 110.67700 112.87400 110.79700 116.98300 116.91500 116.78800
-9999 -9999 -9999 -9999 -9999 -9999 -9999 -9999 -9999 -9999 -9999 137.57500 142.53300 150.18600 155.75700 164.90700 174.34000 180.94200 188.02800 193.15900 188.91299 188.98500 182.57500 177.21300 169.77100 162.69000 148.83200 138.38400 136.08099 131.33800 125.34800 124.57500 125.37900 126.93700 127.94900 130.92000 136.59500 139.17599 139.05000 141.96201 143.79500 141.86501 147.28700 142.91600 135.53101 137.19200 135.27800 136.31599 133.53000 131.89400 129.77200 127.98700 127.35800 123.69100 119.69900 113.91700 115.59800 114.70700 115.50700 118.77900 120.55000 120.31700 121.09200 124.58100 125.60900 122.92100 123.41100 117.17100 120.51900 121.38500 121.31100
