data/hydroclimate-scenarios/BCSD_hadcm_B1/monthly_summaries/swe_monthly_day1_feb.2070-2099.asc
ncols	311
nrows	91
xllcenter	102.75
yllcenter	31.75
cellsize	0.5
NODATA_value	-9999
[rows 0 to 30 of 91, columns 71 to 141 of 311]
-9999 -9999 -9999 -9999 -9999 -9999 -9999 -9999 -9999 -9999 -9999 -9999 -9999 -9999 -9999 -9999 -9999 -9999 -9999 -9999 -9999 -9999 -9999 -9999 -9999 -9999 -9999 -9999 -9999 -9999 -9999 -9999 -9999 -9999 -9999 -9999 -9999 -9999 -9999 -9999 -9999 -9999 -9999 -9999 -9999 -9999 -9999 -9999 -9999 -9999 -9999 -9999 -9999 -9999 -9999 -9999 -9999 -9999 -9999 -9999 -9999 -9999 -9999 -9999 -9999 -9999 -9999 -9999 -9999 -9999 -9999
-9999 -9999 -9999 -9999 -9999 -9999 -9999 -9999 -9999 -9999 -9999 -9999 -9999 -9999 -9999 -9999 -9999 -9999 -9999 -9999 -9999 -9999 -9999 -9999 -9999 -9999 -9999 -9999 -9999 -9999 -9999 -9999 -9999 -9999 -9999 -9999 -9999 -9999 -9999 -9999 -9999 -9999 -9999 -9999 -9999 -9999 -9999 -9999 -9999 -9999 -9999 -9999 -9999 -9999 -9999 -9999 -9999 -9999 -9999 -9999 -9999 -9999 -9999 -9999 -9999 -9999 -9999 -9999 -9999 -9999 -9999
-9999 -9999 -9999 -9999 -9999 -9999 -9999 -9999 -9999 -9999 -9999 -9999 -9999 -9999 -9999 -9999 -9999 -9999 -9999 -9999 -9999 -9999 -9999 -9999 -9999 -9999 -9999 -9999 -9999 -9999 -9999 -9999 -9999 -9999 -9999 -9999 -9999 -9999 -9999 -9999 -9999 -9999 -9999 -9999 -9999 -9999 -9999 -9999 -9999 -9999 -9999 -9999 -9999 -9999 -9999 -9999 -9999 -9999 -9999 -9999 -9999 -9999 -9999 -9999 -9999 -9999 -9999 -9999 -9999 -9999 -9999
-9999 -9999 -9999 -9999 -9999 -9999 -9999 -9999 -9999 -9999 -9999 -9999 -9999 -9999 -9999 -9999 -9999 -9999 -9999 -9999 -9999 -9999 -9999 -9999 -9999 -9999 -9999 -9999 -9999 -9999 -9999 -9999 -9999 -9999 -9999 -9999 -9999 -9999 -9999 -9999 -9999 -9999 -9999 -9999 -9999 -9999 -9999 -9999 -9999 -9999 -9999 -9999 -9999 -9999 -9999 -9999 -9999 -9999 -9999 -9999 -9999 -9999 -9999 -9999 -9999 -9999 -9999 -9999 -9999 -9999 -9999
-9999 -9999 -9999 -9999 -9999 -9999 -9999 -9999 -9999 -9999 -9999 -9999 -9999 -9999 -9999 -9999 -9999 -9999 -9999 -9999 -9999 -9999 -9999 -9999 -9999 -9999 -9999 -9999 -9999 -9999 -9999 -9999 -9999 -9999 -9999 -9999 -9999 -9999 -9999 -9999 -9999 -9999 -9999 -9999 -9999 -9999 -9999 -9999 -9999 -9999 -9999 -9999 -9999 -9999 -9999 -9999 -9999 -9999 -9999 -9999 -9999 -9999 -9999 -9999 -9999 -9999 -9999 -9999 -9999 -9999 -9999
-9999 -9999 -9999 -9999 -9999 -9999 -9999 -9999 -9999 -9999 -9999 -9999 -9999 -9999 -9999 -9999 -9999 -9999 -9999 -9999 -9999 -9999 -9999 -9999 -9999 -9999 -9999 -9999 -9999 -9999 -9999 -9999 -9999 -9999 -9999 -9999 -9999 -9999 -9999 -9999 -9999 -9999 -9999 -9999 -9999 -9999 -9999 -9999 -9999 -9999 -9999 -9999 -9999 -9999 -9999 -9999 -9999 -9999 -9999 -9999 -9999 -9999 -9999 -9999 -9999 -9999 -9999 -9999 -9999 -9999 -9999
-9999 -9999 -9999 -9999 -9999 -9999 -9999 -9999 -9999 -9999 -9999 -9999 -9999 -9999 -9999 -9999 -9999 -9999 -9999 -9999 -9999 -9999 -9999 -9999 -9999 -9999 -9999 -9999 -9999 -9999 -9999 -9999 -9999 -9999 -9999 -9999 -9999 -9999 -9999 -9999 -9999 -9999 -9999 -9999 -9999 -9999 -9999 -9999 -9999 -9999 -9999 -9999 -9999 -9999 -9999 -9999 -9999 -9999 -9999 -9999 -9999 -9999 -9999 -9999 -9999 -9999 -9999 -9999 -9999 -9999 -9999
-9999 -9999 -9999 -9999 -9999 -9999 -9999 -9999 -9999 -9999 -9999 -9999 -9999 -9999 -9999 -9999 -9999 -9999 -9999 -9999 -9999 -9999 -9999 -9999 -9999 -9999 -9999 -9999 -9999 -9999 -9999 -9999 -9999 -9999 -9999 -9999 -9999 -9999 -9999 -9999 -9999 -9999 -9999 -9999 -9999 -9999 -9999 -9999 -9999 -9999 -9999 -9999 -9999 -9999 -9999 -9999 -9999 -9999 -9999 -9999 -9999 -9999 -9999 -9999 -9999 -9999 -9999 -9999 -9999 -9999 -9999
-9999 -9999 -9999 -9999 -9999 -9999 62.81150 -9999 -9999 -9999 -9999 -9999 -9999 -9999 -9999 -9999 -9999 -9999 -9999 -9999 -9999 -9999 -9999 -9999 -9999 -9999 -9999 -9999 -9999 -9999 -9999 -9999 -9999 -9999 -9999 -9999 -9999 -9999 -9999 -9999 -9999 -9999 -9999 -9999 -9999 -9999 -9999 -9999 -9999 -9999 -9999 -9999 -9999 -9999 -9999 -9999 -9999 -9999 -9999 -9999 -9999 -9999 -9999 -9999 -9999 -9999 -9999 -9999 -9999 -9999 -9999
-9999 -9999 71.47000 56.62550 58.97830 60.16740 61.74440 71.41000 76.30690 84.70580 87.68520 92.26780 95.69810 100.05500 101.47400 101.84200 104.50000 106.28000 108.34100 109.19800 107.09700 106.70900 -9999 -9999 -9999 -9999 -9999 -9999 -9999 -9999 -9999 -9999 -9999 -9999 -9999 -9999 -9999 -9999 -9999 -9999 -9999 -9999 -9999 -9999 -9999 -9999 -9999 -9999 -9999 -9999 -9999 -9999 -9999 -9999 -9999 -9999 -9999 -9999 -9999 -9999 -9999 -9999 -9999 -9999 -9999 -9999 -9999 -9999 -9999 -9999 -9999
-9999 -9999 -9999 -9999 66.47500 72.09240 76.53250 79.22040 88.92760 92.91570 95.74810 101.27000 104.02300 108.75200 110.39300 114.85700 117.82900 118.63300 121.16500 123.25000 122.82600 120.95900 -9999 -9999 -9999 -9999 -9999 -9999 -9999 -9999 -9999 -9999 -9999 -9999 -9999 -9999 -9999 -9999 -9999 -9999 -9999 -9999 -9999 -9999 -9999 -9999 -9999 -9999 -9999 -9999 -9999 -9999 -9999 -9999 -9999 -9999 -9999 -9999 -9999 -9999 -9999 -9999 -9999 -9999 -9999 -9999 -9999 -9999 -9999 -9999 -9999
63.84850 62.39660 64.05270 66.51840 70.52360 73.09710 79.02140 83.90150 89.44900 93.59260 99.70340 102.72900 105.46000 111.81800 113.58900 115.73700 119.99800 127.46500 127.84500 129.24600 128.97099 129.46300 122.06400 122.59700 118.42100 118.03700 111.61100 110.85000 -9999 -9999 -9999 -9999 -9999 -9999 -9999 -9999 -9999 -9999 -9999 -9999 -9999 -9999 -9999 -9999 -9999 -9999 -9999 -9999 -9999 -9999 -9999 -9999 -9999 -9999 -9999 -9999 -9999 -9999 -9999 -9999 -9999 -9999 -9999 -9999 -9999 -9999 -9999 -9999 -9999 -9999 -9999
69.98470 68.20290 68.97620 69.97960 73.25240 78.53460 85.03420 90.86040 91.89250 99.58840 102.59600 105.87300 114.76300 120.27300 119.76100 129.43201 127.37500 128.95599 134.98000 136.53300 134.82001 131.15300 128.29100 127.84800 126.44000 122.28800 119.97700 115.11500 112.21400 109.32400 108.01700 107.33300 104.11300 101.54200 94.39310 93.68300 87.87360 87.15190 83.22480 79.69770 78.54790 78.87200 78.42450 -9999 -9999 -9999 -9999 -9999 -9999 -9999 -9999 -9999 -9999 -9999 -9999 -9999 -9999 -9999 -9999 -9999 -9999 -9999 -9999 -9999 -9999 -9999 -9999 -9999 -9999 -9999 -9999
69.02730 67.35690 68.01720 69.00290 71.94670 76.65200 82.89740 87.42740 91.16730 98.38740 104.50800 110.12900 116.54700 124.02700 125.55700 129.95399 130.65900 135.09801 136.68300 139.80299 138.61800 130.37700 129.64999 127.21600 125.56700 124.44200 122.06100 121.60900 117.12100 115.10400 114.57100 113.29200 104.41900 98.97070 98.37170 94.94530 93.74570 92.23720 85.15110 82.19220 83.18040 83.76740 83.80730 82.41900 -9999 -9999 -9999 -9999 -9999 -9999 -9999 -9999 -9999 -9999 -9999 -9999 -9999 -9999 -9999 -9999 -9999 -9999 -9999 -9999 -9999 -9999 -9999 -9999 -9999 -9999 -9999
62.20600 60.89060 60.86500 59.01920 66.64270 66.90010 74.25480 78.39180 87.35090 96.39130 102.08100 108.19700 118.44600 123.92600 127.83500 134.37700 134.08400 134.10600 133.59700 135.70399 132.73700 132.74400 132.93600 132.41499 128.93500 123.92000 125.84400 124.01800 123.79800 117.63900 115.28400 110.26200 109.15500 107.34600 105.36400 104.00500 100.81700 94.50950 92.52200 92.12090 89.75110 88.50300 86.20460 86.35630 -9999 -9999 -9999 -9999 -9999 -9999 -9999 -9999 -9999 -9999 -9999 -9999 -9999 -9999 -9999 96.80190 99.55360 -9999 -9999 -9999 -9999 101.86800 100.81200 102.34700 102.42500 109.31800 110.61000
58.38250 58.18850 61.08540 58.38600 64.43490 71.81410 72.79430 76.51360 85.62940 89.97340 100.92300 110.35600 115.07500 125.13700 127.39600 131.21201 130.81300 132.11400 130.39301 133.12500 131.11600 131.05800 130.45900 130.84000 128.43100 128.01601 130.21400 129.75500 128.69000 122.99200 119.06200 116.24300 114.28700 111.14300 110.56800 108.48900 103.18100 100.06100 98.02410 97.49300 93.43400 92.42920 90.90900 91.05940 93.64750 93.03320 93.69380 94.49330 88.55850 90.03770 90.26160 89.15820 90.47470 95.92680 97.33510 97.29320 100.20300 103.67300 101.70400 104.00600 105.80500 -9999 -9999 -9999 -9999 -9999 111.64300 111.36400 111.57700 114.30300 118.63900
53.96040 59.11710 61.84460 57.88490 64.81820 70.52930 74.51750 79.75080 83.04820 88.76280 98.16340 105.38400 116.43000 124.85200 126.85900 130.22501 133.39799 131.28200 132.06000 131.11900 129.14101 131.81500 126.36900 125.30800 126.62000 127.59000 127.25100 126.80700 125.99500 121.83000 120.97200 117.77700 116.67900 116.84800 114.23300 106.20300 102.62100 101.41300 100.27100 99.13880 98.27330 98.59440 96.99750 97.86400 100.58400 99.84760 99.86300 99.71820 94.91010 95.19060 100.83500 101.74000 101.38100 97.25060 100.54700 102.36200 98.14340 97.85910 98.36590 103.97800 109.70400 111.35900 113.97800 117.95400 118.91000 121.83400 121.97400 125.79500 126.68300 127.33000 128.80200
53.12100 46.32970 64.65400 56.45350 59.13920 64.64660 70.30910 73.09810 85.04010 89.92060 96.29370 105.95300 114.11500 124.43200 126.33300 129.30200 127.99500 130.95100 128.79800 127.49600 124.94600 128.52499 125.88400 128.41701 126.85800 126.55800 126.82200 128.68500 127.38100 124.64500 123.34800 121.14100 118.49500 119.30300 114.42500 108.65100 107.48900 105.35200 104.19500 103.30900 102.23600 102.75100 105.13000 101.66700 101.90500 102.49800 104.78800 106.87800 104.17100 105.20500 105.43500 110.70100 105.61100 112.54300 108.71700 107.90500 103.28700 106.37200 107.15000 107.40500 108.41100 114.80700 120.17900 126.57100 125.96300 129.50700 128.96201 126.99300 128.81200 134.31300 135.89999
50.96810 51.65640 55.08250 66.97860 64.23800 70.69630 75.26660 71.99880 79.75670 85.66170 92.32560 100.55300 106.27300 113.21000 115.21500 120.47800 127.97500 127.94900 124.02300 116.98100 122.28400 126.03400 125.75900 132.79500 130.90100 128.89400 130.18401 131.48700 134.95300 133.28400 134.36200 133.24100 128.02499 123.59800 115.34600 112.02900 109.85100 111.42200 106.75000 105.22000 106.92800 106.61000 107.38400 104.62400 104.04600 104.82800 106.71700 107.54500 113.04300 110.62100 111.29800 111.96300 114.63300 116.57800 115.70600 118.31500 116.52600 114.52500 112.90300 114.74700 112.77800 112.79300 113.48000 125.99900 132.36301 135.02000 133.55400 135.97701 136.31599 137.04100 138.77400
56.79990 53.06980 52.57800 52.07980 61.21550 70.11330 69.71780 68.16990 72.00080 78.25740 77.50160 83.95830 89.07500 102.16200 109.33100 118.62100 122.28400 126.51800 122.88400 121.70800 122.04800 123.57500 129.13600 132.60500 134.05499 129.04201 129.23000 128.37900 132.16800 132.94701 136.79601 133.25700 124.59000 123.85600 120.74500 113.19200 112.52300 110.23300 109.98500 106.75900 106.70000 111.01300 109.67000 109.18400 105.31700 105.22100 106.48100 107.97300 114.60700 112.05200 114.38100 120.79100 120.32400 125.38600 121.30700 121.64800 119.14100 117.78500 119.31900 122.61300 121.55700 126.19200 127.59000 133.99500 129.82800 144.42700 140.04201 142.86800 145.02699 143.86800 147.73801
57.17960 56.56440 52.41830 54.23280 55.08910 64.10510 66.13660 69.56880 73.19430 72.67800 72.57870 70.40660 70.16040 73.52350 89.32690 100.01600 108.83200 117.66100 119.70000 125.36300 121.63400 124.58500 128.58701 131.28000 131.40800 133.81700 136.27299 135.67999 136.79900 135.72200 135.97400 135.05299 132.70100 127.11400 125.21700 121.04300 111.97500 111.66500 111.35100 110.48100 110.46000 109.96500 113.69100 112.59100 108.96100 108.30400 107.58600 113.24100 113.98300 119.22600 121.28600 127.95500 127.36600 128.44099 128.15800 129.15800 125.80900 126.44700 124.98300 126.27900 132.91701 135.62601 139.72600 148.66600 143.59399 145.48300 147.76900 152.45000 147.76100 149.33099 152.68700
53.35700 55.09230 52.81710 52.52810 58.48120 58.03940 57.41410 60.16760 66.09670 73.77010 75.92100 77.50310 75.96280 78.89350 78.54460 80.73580 86.11250 92.38230 102.86500 111.90700 117.08000 122.31500 126.48700 132.58701 139.30000 140.87199 147.42101 146.89900 146.02699 140.14799 142.72301 133.05000 126.99700 125.54000 123.42700 121.67700 116.43100 113.80200 114.08100 113.22000 114.43300 115.24500 118.28500 115.11600 114.02900 111.89700 114.32300 116.49700 121.07200 120.84400 125.31800 130.27901 131.01601 134.09700 137.47099 138.32201 134.48599 137.63699 137.27299 137.27800 144.92700 149.19099 157.15700 160.06599 156.94400 155.09700 155.19400 153.49100 153.00900 156.69600 157.65401
58.36040 56.29640 55.09630 60.29870 56.92980 56.50790 57.70600 60.70260 61.06540 66.39710 68.17010 72.16790 75.73980 82.14570 86.06270 89.34200 91.22030 90.91060 89.69860 96.45820 104.79400 112.40100 123.43000 133.39000 143.22301 151.14200 151.11301 149.03799 148.93800 146.13499 141.85600 135.68201 127.08900 126.98400 120.25900 122.05300 119.74100 114.96100 113.84600 114.75100 119.67300 119.21700 119.26500 118.53800 113.92200 113.59100 115.88300 116.72700 121.95000 125.84600 126.32100 131.10201 136.10400 136.69299 139.41299 144.13499 149.48000 149.63200 156.68100 159.83600 166.41000 171.92599 172.92799 175.33000 170.08000 172.94200 168.05901 165.54900 164.19600 165.37399 170.71500
62.08820 62.84990 60.96390 65.00460 62.77790 62.84800 59.20870 59.68970 61.71930 63.31540 71.51300 64.57170 70.86230 77.44520 73.44490 72.73600 79.62980 101.50700 92.06760 87.24890 91.49660 102.74700 110.09200 133.96001 145.45000 151.64101 154.53000 153.21100 150.01199 148.28200 144.05701 141.28799 135.58800 132.18600 131.36800 126.19600 120.55800 119.10300 117.41700 115.78500 119.27100 123.37000 121.00300 119.63700 121.78400 120.50400 121.54500 124.31000 125.81800 132.71500 135.37300 141.87000 144.56500 152.55499 155.48399 158.13499 162.50999 163.06599 171.66000 172.53200 178.33800 184.23900 184.79900 186.04700 188.93500 182.86200 177.18800 172.69200 170.28799 173.65601 178.15601
64.52060 63.96900 66.90320 67.51250 64.84220 66.91590 64.51880 65.00190 61.55730 61.17590 63.00480 68.08470 71.75860 75.09680 77.18910 80.31220 78.16750 83.29780 91.53330 96.15760 97.17870 102.09800 113.92500 120.31500 135.04100 147.85100 150.49500 152.62700 151.83200 151.34000 143.98399 142.04800 143.93300 134.78900 130.23599 127.12300 122.55200 120.79100 117.79300 117.17200 116.23800 116.54900 115.31900 117.72600 122.26200 122.15700 125.79800 128.81200 135.08501 140.86000 143.80400 147.45000 155.42599 156.70900 162.07100 168.29601 170.65300 176.82500 179.11501 186.28200 190.67999 195.47701 200.46201 201.12700 201.69000 196.82401 189.26100 183.32201 181.69800 182.71001 185.09300
69.33880 68.31650 69.38680 69.25460 68.71040 68.32320 68.44350 67.22850 65.58340 65.93280 63.53730 65.57590 68.85500 77.70300 80.59780 83.83360 84.82920 86.20010 87.05540 90.29970 96.70360 109.17000 120.29200 124.86500 126.65300 136.30400 147.90601 146.97900 148.89301 146.71600 143.96600 140.74899 143.95200 139.16400 130.63300 124.15000 119.23000 115.25500 117.60700 114.52000 113.97400 115.50500 116.69800 116.17200 120.16800 123.39100 125.70700 132.19501 136.18900 142.38600 145.51700 151.55499 160.67101 161.03300 163.14200 170.96300 176.81300 183.43900 185.70000 191.66800 197.35600 203.95399 207.17200 208.11099 207.86700 203.13000 196.49100 190.63300 188.57001 196.67500 199.64101
76.82750 75.70070 71.62240 72.12430 75.59490 73.39090 69.81330 69.31750 69.18470 65.94500 67.72620 69.47790 75.68610 79.86730 85.60240 91.86730 95.24130 95.94540 91.32900 97.70300 101.37400 107.15600 112.52900 122.62300 129.88100 136.38499 139.71201 146.88499 151.11600 146.50900 147.11900 139.97200 138.55499 129.89900 126.06800 122.66000 120.11500 118.12300 115.16300 117.23700 117.00600 116.32800 117.49800 119.18200 121.42700 123.96100 129.01601 137.08299 137.15601 145.42900 151.65800 157.66100 165.91200 171.53101 176.42200 184.30499 186.01401 188.94099 199.01401 202.53000 210.15300 216.69600 216.45000 219.05400 219.28000 214.95700 212.32700 206.85201 205.90100 206.04500 218.05701
83.62170 82.60830 75.38390 74.00010 77.80340 77.44050 73.82540 75.22570 73.36340 73.34310 74.55870 76.90040 83.30660 86.50990 88.83310 91.32260 99.44640 102.12700 105.19500 108.49100 101.73000 112.84300 118.93400 127.66000 133.75000 134.53999 135.50000 142.94099 150.91600 152.04401 143.14999 141.71201 140.06700 131.54100 126.94500 124.65300 120.51000 120.41800 117.94800 121.61800 121.60300 121.86800 121.84200 125.18200 128.02499 130.03900 133.61099 143.28101 146.71600 154.12000 163.92400 169.91000 183.49800 191.82100 202.30200 208.17500 206.36501 207.52299 213.62000 215.78400 226.50999 225.77800 228.50301 228.43401 231.01199 229.18900 228.90900 228.72301 222.69000 219.31700 232.35600
85.61480 84.99030 82.85030 79.20430 76.20410 73.42010 72.79780 76.01160 75.02790 76.10620 80.05880 81.67830 85.37220 87.58160 89.87570 95.70150 103.16800 106.21700 108.42800 111.66400 120.31000 121.19900 123.56000 135.24899 139.75200 142.83600 140.94000 148.45399 162.96600 157.22200 149.49300 144.67700 142.75999 135.95300 128.66100 122.84300 123.19100 123.24700 121.63900 126.52900 129.44701 131.34200 132.70500 129.87900 131.53799 136.07800 140.54201 145.86700 149.13600 156.98300 168.60400 178.86501 199.03101 210.03799 224.08501 235.03600 237.48900 233.29201 237.75999 236.09700 233.81400 235.83200 242.34399 244.97000 239.80200 238.51401 242.84399 255.45000 249.72200 247.58701 247.62100
91.63410 90.40890 88.69550 88.98530 86.66940 84.51210 74.96000 77.07550 80.18250 79.24380 85.11300 85.42410 90.43350 95.46440 99.38090 104.04200 107.79200 108.24800 112.36100 121.25100 126.34200 130.69901 131.56900 140.87300 146.07401 146.70399 141.04201 145.99899 152.02699 152.42101 156.64000 153.56100 150.43600 145.33900 140.15199 132.66600 132.01199 136.45399 134.14799 135.84801 139.30499 136.48700 139.67000 136.46500 131.20200 136.42300 146.04900 156.01500 162.18800 168.56000 -9999 -9999 204.37801 215.58900 221.00800 233.07600 239.42400 241.40401 244.05299 248.52600 247.46800 257.81299 268.41101 261.02100 263.56201 258.05099 257.44000 269.32800 277.14301 272.35501 278.55701
94.87880 93.42220 94.54580 93.89280 94.68520 92.94220 86.30340 89.92330 87.98740 88.38330 85.44940 93.01750 98.05020 99.98160 103.27500 107.12200 105.69800 114.02200 121.71500 122.81400 135.15601 142.81000 146.98599 150.42700 144.03999 147.07899 147.37300 147.87300 148.39600 156.56900 158.88200 162.42900 161.57300 158.55000 156.15700 148.36000 146.56500 144.85300 144.71300 -9999 -9999 -9999 -9999 142.75500 -9999 155.27499 170.58701 176.68401 184.03200 184.65401 -9999 -9999 227.80499 235.61501 239.28700 242.13300 233.88100 243.55600 244.92101 255.16299 262.03500 269.09900 274.66901 276.35599 272.82700 274.03299 270.53900 281.13400 284.67499 284.54199 290.99301
