data/hydroclimate-scenarios/BCSD_hadcm_B1/monthly_summaries/swe_monthly_day1_may.2030-2059.asc
ncols	311
nrows	91
xllcenter	102.75
yllcenter	31.75
cellsize	0.5
NODATA_value	-9999
[rows 0 to 31 of 91, columns 0 to 71 of 311]
-9999 -9999 -9999 -9999 -9999 -9999 -9999 -9999 -9999 -9999 -9999 -9999 -9999 -9999 -9999 -9999 -9999 -9999 -9999 -9999 -9999 -9999 -9999 -9999 -9999 -9999 -9999 -9999 -9999 -9999 -9999 -9999 -9999 -9999 -9999 -9999 -9999 -9999 -9999 -9999 -9999 -9999 -9999 -9999 -9999 -9999 -9999 -9999 -9999 -9999 -9999 -9999 -9999 -9999 -9999 -9999 -9999 -9999 -9999 -9999 -9999 -9999 -9999 -9999 -9999 -9999 -9999 -9999 -9999 -9999 -9999 -9999
-9999 -9999 -9999 -9999 -9999 -9999 -9999 -9999 -9999 -9999 -9999 -9999 -9999 -9999 -9999 -9999 -9999 -9999 -9999 -9999 -9999 -9999 -9999 -9999 -9999 -9999 -9999 -9999 -9999 -9999 -9999 -9999 -9999 -9999 -9999 -9999 -9999 -9999 -9999 -9999 -9999 -9999 -9999 -9999 -9999 -9999 -9999 -9999 -9999 -9999 -9999 -9999 -9999 -9999 -9999 -9999 -9999 -9999 -9999 -9999 -9999 -9999 -9999 -9999 -9999 -9999 -9999 -9999 -9999 -9999 -9999 -9999
-9999 -9999 -9999 -9999 -9999 -9999 -9999 -9999 -9999 -9999 -9999 -9999 -9999 -9999 -9999 -9999 -9999 -9999 -9999 -9999 -9999 -9999 -9999 -9999 -9999 -9999 -9999 -9999 -9999 -9999 -9999 -9999 -9999 -9999 -9999 -9999 -9999 -9999 -9999 -9999 -9999 -9999 -9999 -9999 -9999 -9999 -9999 -9999 -9999 -9999 -9999 -9999 -9999 -9999 -9999 -9999 -9999 -9999 -9999 -9999 -9999 -9999 -9999 -9999 -9999 -9999 -9999 -9999 -9999 -9999 -9999 -9999
-9999 -9999 -9999 -9999 -9999 -9999 -9999 -9999 -9999 -9999 -9999 -9999 -9999 -9999 -9999 -9999 -9999 -9999 -9999 -9999 -9999 -9999 -9999 -9999 -9999 -9999 -9999 -9999 -9999 -9999 -9999 -9999 -9999 -9999 -9999 -9999 -9999 -9999 -9999 -9999 -9999 -9999 -9999 -9999 -9999 -9999 -9999 -9999 -9999 -9999 -9999 -9999 -9999 -9999 -9999 -9999 -9999 -9999 -9999 -9999 -9999 -9999 -9999 -9999 -9999 -9999 -9999 -9999 -9999 -9999 -9999 -9999
-9999 -9999 -9999 -9999 -9999 -9999 -9999 -9999 -9999 -9999 -9999 -9999 -9999 -9999 -9999 -9999 -9999 -9999 -9999 -9999 -9999 -9999 -9999 -9999 -9999 -9999 -9999 -9999 -9999 -9999 -9999 -9999 -9999 -9999 -9999 -9999 -9999 -9999 -9999 -9999 -9999 -9999 -9999 -9999 -9999 -9999 -9999 -9999 -9999 -9999 -9999 -9999 -9999 -9999 -9999 -9999 -9999 -9999 -9999 -9999 -9999 -9999 -9999 -9999 -9999 -9999 -9999 -9999 -9999 -9999 -9999 -9999
-9999 -9999 -9999 -9999 -9999 -9999 -9999 -9999 -9999 -9999 -9999 -9999 -9999 -9999 -9999 -9999 -9999 -9999 -9999 -9999 -9999 -9999 -9999 -9999 -9999 -9999 -9999 -9999 -9999 -9999 -9999 -9999 -9999 -9999 -9999 -9999 -9999 -9999 -9999 -9999 -9999 -9999 -9999 -9999 -9999 -9999 -9999 -9999 -9999 -9999 -9999 -9999 -9999 -9999 -9999 -9999 -9999 -9999 -9999 -9999 -9999 -9999 -9999 -9999 -9999 -9999 -9999 -9999 -9999 -9999 -9999 -9999
-9999 -9999 -9999 -9999 -9999 -9999 -9999 -9999 -9999 -9999 -9999 -9999 -9999 -9999 -9999 -9999 -9999 -9999 -9999 -9999 -9999 -9999 -9999 -9999 -9999 -9999 -9999 -9999 -9999 -9999 -9999 -9999 -9999 -9999 -9999 -9999 -9999 -9999 -9999 -9999 -9999 -9999 -9999 -9999 -9999 -9999 -9999 -9999 -9999 -9999 -9999 -9999 -9999 -9999 -9999 -9999 -9999 -9999 -9999 -9999 -9999 -9999 -9999 -9999 -9999 -9999 -9999 -9999 -9999 -9999 -9999 -9999
-9999 -9999 -9999 -9999 -9999 -9999 -9999 -9999 -9999 -9999 -9999 -9999 -9999 -9999 -9999 -9999 -9999 -9999 -9999 -9999 -9999 -9999 -9999 -9999 -9999 -9999 -9999 -9999 -9999 -9999 -9999 -9999 -9999 -9999 -9999 -9999 -9999 -9999 -9999 -9999 -9999 -9999 185.27901 187.22800 189.82201 189.79601 185.62500 187.77299 181.50999 183.25999 175.94299 169.42400 -9999 -9999 -9999 -9999 -9999 -9999 -9999 -9999 -9999 -9999 -9999 -9999 -9999 -9999 -9999 -9999 -9999 -9999 -9999 -9999
-9999 -9999 -9999 -9999 -9999 -9999 -9999 -9999 -9999 -9999 -9999 -9999 -9999 -9999 -9999 -9999 -9999 -9999 -9999 -9999 -9999 -9999 -9999 -9999 -9999 -9999 -9999 -9999 -9999 -9999 -9999 -9999 -9999 -9999 -9999 -9999 -9999 -9999 181.93600 192.90100 190.67400 196.05299 197.16701 197.88600 199.11800 196.97600 197.65300 199.69501 198.38000 193.02699 184.66200 174.43100 161.73900 91.46590 -9999 -9999 -9999 -9999 -9999 -9999 -9999 -9999 -9999 -9999 -9999 -9999 -9999 -9999 -9999 -9999 -9999 -9999
-9999 -9999 -9999 -9999 -9999 -9999 -9999 -9999 -9999 -9999 -9999 -9999 -9999 -9999 -9999 -9999 -9999 -9999 -9999 -9999 -9999 -9999 -9999 -9999 -9999 -9999 -9999 -9999 -9999 -9999 -9999 -9999 -9999 -9999 -9999 -9999 -9999 -9999 -9999 -9999 181.11400 192.89400 196.17799 198.09599 203.53500 206.06500 206.73700 207.43300 206.18500 207.08600 200.44299 181.36600 173.37900 95.89120 -9999 -9999 -9999 -9999 -9999 -9999 -9999 -9999 -9999 -9999 -9999 -9999 -9999 -9999 -9999 -9999 -9999 -9999
-9999 -9999 -9999 -9999 -9999 -9999 -9999 -9999 -9999 -9999 -9999 -9999 -9999 -9999 -9999 -9999 -9999 -9999 -9999 -9999 -9999 -9999 -9999 -9999 -9999 -9999 -9999 -9999 -9999 -9999 -9999 -9999 -9999 -9999 -9999 -9999 -9999 -9999 -9999 -9999 -9999 -9999 -9999 -9999 218.71700 219.08299 224.17000 228.75700 229.18900 225.23199 223.22600 205.70399 193.54900 114.97100 -9999 -9999 -9999 -9999 -9999 -9999 112.59800 -9999 -9999 -9999 -9999 -9999 -9999 -9999 -9999 -9999 -9999 -9999
-9999 -9999 -9999 -9999 -9999 -9999 -9999 -9999 -9999 -9999 -9999 -9999 -9999 -9999 -9999 -9999 -9999 -9999 -9999 -9999 -9999 -9999 -9999 -9999 -9999 -9999 -9999 -9999 -9999 -9999 -9999 -9999 -9999 -9999 -9999 -9999 -9999 -9999 -9999 -9999 -9999 209.95399 213.20100 215.11099 219.70399 216.25400 222.47099 226.60001 228.49500 226.42999 220.08000 205.92300 187.53300 175.07800 -9999 -9999 -9999 -9999 -9999 111.35100 106.43000 101.38300 96.88310 91.44800 89.77040 84.61670 82.70270 80.61840 75.82260 73.94640 74.87420 70.19720
-9999 -9999 -9999 -9999 -9999 -9999 -9999 -9999 -9999 -9999 -9999 -9999 -9999 -9999 -9999 -9999 -9999 -9999 -9999 -9999 -9999 -9999 -9999 -9999 -9999 -9999 -9999 -9999 -9999 -9999 -9999 -9999 -9999 -9999 -9999 -9999 -9999 -9999 -9999 -9999 -9999 204.49800 214.05600 216.87300 216.93800 215.84200 217.53000 218.46400 219.19501 219.29500 207.06500 197.25000 184.38100 165.92000 156.79800 144.99800 129.91400 -9999 114.64600 115.25800 107.12800 99.65790 95.92320 92.25460 91.26600 80.00180 77.29050 79.51340 77.52990 74.25690 72.97460 71.54350
-9999 -9999 -9999 -9999 -9999 -9999 -9999 -9999 -9999 -9999 -9999 -9999 -9999 -9999 -9999 -9999 -9999 -9999 -9999 -9999 -9999 -9999 -9999 -9999 -9999 -9999 -9999 -9999 -9999 -9999 -9999 -9999 -9999 -9999 -9999 166.39999 171.50600 180.42300 186.20500 193.27800 196.36000 203.09900 210.31100 212.67799 217.87199 219.01300 219.01199 220.73000 221.35400 217.82899 210.74500 199.37399 189.63300 171.33000 161.31900 149.63400 134.15401 117.25500 106.53100 107.58100 101.82200 94.94950 90.83090 88.44160 86.12210 76.36130 74.42730 75.48430 73.91230 68.94440 70.49480 67.98980
-9999 -9999 -9999 -9999 -9999 -9999 -9999 -9999 -9999 -9999 -9999 -9999 -9999 -9999 -9999 -9999 -9999 -9999 -9999 -9999 -9999 -9999 -9999 -9999 -9999 -9999 -9999 -9999 -9999 -9999 -9999 -9999 -9999 -9999 156.72400 168.25500 175.16400 176.20399 182.84599 186.23599 194.73399 194.12900 202.15300 212.33000 210.82500 217.34100 216.46700 220.56200 222.63600 214.33600 208.65500 199.82100 189.72800 176.32201 166.98399 148.14301 126.62500 110.84500 99.07790 96.27610 89.87280 87.15510 89.23810 93.67560 89.90940 82.30020 80.62370 71.39690 73.86910 67.75600 70.19880 76.74820
-9999 -9999 -9999 -9999 -9999 -9999 -9999 -9999 -9999 -9999 -9999 -9999 -9999 -9999 -9999 -9999 -9999 -9999 -9999 -9999 -9999 -9999 -9999 -9999 -9999 -9999 -9999 -9999 -9999 -9999 -9999 -9999 -9999 150.85300 157.56300 164.81200 169.61200 173.03900 176.75400 181.07300 189.18900 190.94600 195.74899 206.24699 208.76100 209.21500 212.07001 212.28799 211.95799 206.41000 196.07100 184.63000 165.29601 160.17900 147.11400 129.47600 119.13400 102.00400 90.85950 88.81320 84.65220 74.88640 71.69740 79.67410 79.97650 74.66130 76.03380 65.43670 67.15990 63.13700 61.14100 66.60970
-9999 -9999 -9999 -9999 -9999 -9999 -9999 -9999 -9999 -9999 -9999 -9999 -9999 -9999 -9999 -9999 -9999 -9999 -9999 -9999 -9999 -9999 -9999 -9999 -9999 -9999 -9999 -9999 -9999 -9999 -9999 141.97501 146.63499 148.87700 153.55600 153.48000 158.75301 165.37601 173.66400 179.06300 183.33400 190.55600 197.41200 199.17599 200.42799 203.17200 202.51601 194.21800 193.44501 188.80800 181.81799 171.11600 154.62700 151.11000 140.57100 122.93900 107.68500 93.23420 89.94890 79.85920 75.63310 62.74250 64.02640 66.42620 65.81840 71.26140 73.81850 56.59000 58.38660 63.17520 67.72310 66.91990
-9999 -9999 -9999 -9999 -9999 -9999 -9999 -9999 -9999 -9999 -9999 -9999 -9999 -9999 -9999 -9999 -9999 -9999 -9999 -9999 -9999 -9999 -9999 -9999 -9999 -9999 -9999 -9999 -9999 128.88800 129.54201 142.47200 146.80000 145.81599 147.68100 150.13800 154.01300 165.25900 167.93300 170.57500 177.25000 182.56900 186.81400 189.74600 190.04900 187.75700 184.93201 186.00900 187.75101 181.84399 173.07500 159.27100 147.72400 139.81300 127.21300 115.82500 99.24120 86.38040 76.98060 70.89160 66.12010 55.58740 51.91270 61.47320 59.30600 64.35140 66.68240 58.46880 59.16830 60.66390 57.92620 65.47910
-9999 -9999 -9999 -9999 -9999 -9999 -9999 -9999 -9999 -9999 -9999 -9999 -9999 -9999 -9999 -9999 -9999 -9999 -9999 -9999 -9999 -9999 -9999 -9999 131.49600 131.36099 128.99600 130.74001 132.25400 134.05099 137.86700 141.64500 143.18201 142.39000 146.93401 149.27699 152.65199 157.90401 162.21500 164.05200 165.52800 170.66299 174.86600 172.41100 172.71001 175.00700 171.49100 175.20599 174.44099 166.06100 160.83800 157.12601 147.62000 132.97900 118.30800 101.99400 87.61980 77.30690 70.90220 57.31400 51.25040 45.23360 42.57900 45.08420 44.63470 52.97590 53.90680 59.38430 65.76570 63.87770 69.01760 71.61370
-9999 -9999 -9999 -9999 -9999 -9999 147.57001 149.61900 151.63901 150.61200 151.60201 -9999 -9999 -9999 -9999 -9999 -9999 -9999 -9999 -9999 -9999 136.33000 134.19501 128.11099 126.90300 127.07300 126.28300 130.96201 131.08400 133.34801 134.10100 139.51401 141.61800 139.90300 143.91200 146.02600 151.31500 154.19501 159.06400 156.04401 157.10300 162.08400 163.81300 164.06900 164.90700 164.70700 164.16600 166.79201 168.62500 160.75900 153.08501 148.27800 141.73199 127.05400 114.13400 92.75040 84.34460 70.30680 57.20160 49.36960 47.44140 38.62770 41.01740 48.05320 52.64240 50.18490 45.27010 59.62420 63.79530 62.40680 64.04720 70.90870
-9999 -9999 -9999 -9999 -9999 149.56300 146.72900 151.18600 152.45300 151.35100 153.64200 156.72501 154.64400 153.21600 -9999 -9999 -9999 146.72701 145.93500 142.81599 140.46800 139.13000 131.16901 124.27400 126.28500 122.34400 126.02200 126.83700 129.95200 127.22200 131.42700 133.34599 138.03400 135.89200 139.66299 141.68100 145.40401 150.60600 154.11099 150.67599 152.89700 155.92200 156.84100 154.08000 153.78999 154.48599 155.73700 163.46500 160.07300 154.91200 151.14700 143.71100 136.10100 117.23100 105.95800 92.23780 81.12030 72.18500 60.11000 53.98540 47.06350 47.67990 47.41610 48.80540 53.84590 54.78020 56.87720 68.57560 65.19720 72.59680 71.02690 70.11420
-9999 143.91200 147.34500 147.26801 149.59399 148.27000 150.44600 151.64999 153.66901 152.51500 152.34000 160.51601 160.69600 155.64301 152.75999 150.55800 147.77499 146.31900 146.75200 142.09000 140.16600 132.49001 128.16800 120.19000 117.49100 121.24000 121.37700 123.94300 124.79200 124.29700 123.14000 124.24700 125.25600 126.47500 132.00101 137.37199 141.01199 142.29601 143.25400 141.47501 143.67300 146.52400 152.32100 146.30901 151.05000 147.97200 147.52200 154.22400 150.80099 148.19901 138.00301 137.13300 128.06100 116.64200 106.66400 91.63300 78.73730 63.04620 60.27140 55.40140 47.44720 44.56240 49.15470 53.49760 58.24540 54.08310 54.15960 67.93470 65.94270 71.45600 76.18680 75.52660
-9999 154.91800 151.50400 155.55000 153.39400 151.46899 150.71001 146.99500 145.92799 149.25700 154.91701 157.49400 158.85600 157.45000 152.98900 150.62500 145.43100 148.61301 144.75500 134.35500 136.43500 131.49200 128.52499 125.22600 120.72000 119.62400 119.52300 122.79000 123.30800 124.81200 122.70400 115.82300 119.13000 120.29400 121.33200 127.51800 133.49300 130.80000 134.20300 126.95800 132.22900 138.89000 145.35201 140.84200 138.60300 131.81700 134.10800 138.78300 141.08200 142.17101 133.33000 132.06500 121.96500 121.32200 109.29100 93.44610 69.37440 62.19150 55.49750 74.71050 70.54120 53.02250 57.31960 56.58820 60.84370 65.24590 69.31150 67.25550 68.44610 66.10570 67.89740 77.10150
-9999 -9999 -9999 160.06400 159.88600 157.06599 155.54300 149.64101 149.08800 150.40800 152.50301 152.86099 152.73801 151.98900 151.38000 148.81799 148.24500 146.89600 148.61200 143.78600 138.78600 134.73500 133.06000 130.58900 125.23100 119.90100 115.73700 119.07800 118.40800 119.34700 120.86500 116.06200 116.05500 114.90800 116.89500 122.61200 124.30500 131.67400 129.06000 124.92000 111.39300 120.18900 132.60800 130.72600 129.62000 121.19000 133.19800 131.42400 129.29800 136.66701 131.08800 127.27700 121.21900 116.76400 106.67700 92.05880 68.16770 62.51020 64.54500 75.77470 69.54310 60.86680 63.26680 64.49120 59.63550 64.59020 63.93920 68.79440 75.09890 70.52020 74.42910 78.43980
-9999 -9999 -9999 -9999 -9999 -9999 155.23300 157.04401 156.68300 153.39200 152.74800 151.13400 150.35400 149.97701 149.16701 148.09801 148.01199 145.79800 143.17101 141.53200 141.48000 136.87199 133.88901 133.12199 129.22501 128.50999 121.87400 117.37100 113.63800 114.01500 114.58100 108.77900 110.84100 108.27800 109.80600 116.10700 117.71100 123.84700 124.09600 119.97300 117.54100 116.81000 122.34000 124.67700 128.52699 125.07000 127.40200 125.80800 126.82800 131.02299 131.05600 133.11000 125.02800 108.89000 105.00200 86.77900 72.86620 84.57670 84.06800 80.35470 81.31680 76.43330 70.95960 60.35270 61.84350 56.86470 47.34240 61.12780 63.71970 71.74940 79.27680 78.22470
-9999 -9999 -9999 -9999 -9999 -9999 158.47800 160.00200 157.41499 157.89600 155.32800 151.67000 150.88800 148.85300 149.91800 152.17300 152.18900 151.81500 151.53300 149.12700 149.75000 146.19600 144.29601 143.25900 138.06900 130.40601 119.25200 114.83300 112.07300 112.72600 113.48900 108.24400 108.03500 104.61600 107.51900 108.65900 104.07700 100.09000 101.80300 99.32830 112.39600 113.42600 118.57000 118.47400 120.00700 119.51900 124.38300 118.96700 118.75900 123.72400 123.77600 120.70300 113.45900 103.48700 95.15860 65.99320 61.20800 81.69090 75.75960 77.99490 82.75500 80.11520 78.89720 68.68800 64.80980 51.06350 52.05170 60.53310 61.42490 72.00650 81.41960 84.40870
-9999 -9999 -9999 -9999 -9999 -9999 -9999 -9999 -9999 -9999 151.62000 158.92300 157.14900 151.02299 154.92599 157.48599 159.54201 160.89900 160.57600 154.05901 153.57300 144.87300 143.47400 149.11400 144.92599 141.16800 135.32899 125.61200 114.66100 112.38300 109.69200 105.83500 105.26700 96.21110 97.05520 95.98190 97.10460 92.67710 88.58590 91.40630 98.98250 101.34400 106.22000 100.63900 95.64460 97.87240 106.00600 117.63900 121.24600 116.85400 110.91600 94.68430 81.80120 61.04930 52.85130 54.41100 53.08490 49.55010 64.51760 54.26920 56.80400 60.02720 61.54140 53.81920 57.12620 42.64120 47.72340 48.15810 50.64410 60.16060 70.60570 99.73020
-9999 -9999 -9999 -9999 -9999 -9999 -9999 -9999 -9999 -9999 141.77800 147.26601 152.72200 148.52200 155.18600 162.35500 168.49100 173.83501 176.71800 173.06900 170.58099 160.90800 153.97501 159.45100 151.54201 138.87700 127.18800 121.49400 114.57500 105.08400 104.74600 99.80650 100.96300 92.97330 93.03810 95.61830 89.93280 87.90660 86.23820 91.82520 94.56080 105.05800 96.86370 84.20190 90.08870 94.92100 94.79860 109.12500 105.99400 99.75310 82.47120 80.94000 63.24460 55.74540 36.33010 48.71020 45.57680 53.57130 44.63390 50.20150 49.60920 51.32290 50.16370 44.61920 39.08650 32.00080 36.53870 39.57490 47.14670 60.98080 67.09590 93.05240
-9999 -9999 -9999 -9999 -9999 -9999 -9999 -9999 -9999 -9999 -9999 -9999 137.23801 143.93600 155.92300 167.21800 173.72701 171.30701 181.80299 178.44901 172.68900 164.78600 159.54401 159.41000 144.00200 128.60500 120.68900 114.97800 106.18700 98.39850 94.75560 93.93820 97.38170 99.81460 103.41100 96.52660 92.06340 95.28800 88.25220 103.38500 104.05900 111.05200 111.59000 93.44600 88.35900 87.45700 93.64650 96.03550 91.69530 86.94590 78.37110 69.86360 67.46930 55.32510 24.58110 30.57290 29.95810 45.45380 50.08790 51.96300 47.23340 41.11830 39.54330 39.84010 47.20080 47.82900 47.72510 36.91080 43.46740 60.07760 75.14030 103.89000
-9999 -9999 -9999 -9999 -9999 -9999 -9999 -9999 -9999 -9999 -9999 -9999 126.72300 134.11501 148.85100 166.51500 170.34599 176.71500 188.41901 181.53200 177.79900 171.96899 163.29300 155.48000 148.65800 131.35100 116.91800 106.52400 97.05060 86.70700 83.07100 90.31080 88.98380 92.55630 97.84190 88.64500 88.95490 104.06000 96.78880 106.24800 101.68200 97.23110 102.34000 85.80570 85.18040 87.66400 85.28090 92.02700 86.12920 80.57720 78.83200 65.89580 49.11760 44.20190 25.34430 29.68410 33.59680 48.95250 46.98510 42.28360 34.16670 29.63200 50.20350 42.97410 47.49710 55.25960 56.09580 46.80000 60.96190 78.63550 79.85280 98.35110
-9999 -9999 -9999 -9999 -9999 -9999 -9999 -9999 -9999 -9999 -9999 127.94100 131.87900 128.71100 139.36800 164.85300 171.46600 179.37500 189.64799 186.43300 175.81200 188.57700 171.27699 164.90800 153.89799 129.29900 128.31700 108.93400 92.85210 76.93640 69.79450 73.14180 71.80000 77.07470 79.10450 69.81510 85.40020 97.60800 107.11700 114.77300 114.52400 115.68500 113.96000 110.64700 98.28880 88.81090 82.79300 76.82640 80.04920 80.75960 78.23590 72.40710 66.20570 45.55210 21.87970 31.79850 39.18450 41.48170 38.86140 49.27110 54.84420 62.25810 62.96850 60.39840 59.09330 55.14670 63.69420 64.55260 74.17700 94.22910 108.62700 118.59800
-9999 -9999 -9999 -9999 -9999 -9999 -9999 -9999 -9999 -9999 -9999 118.69500 123.56100 128.03900 134.41000 157.10201 165.78600 174.00200 182.85201 183.41400 180.78999 179.46800 171.91000 157.61700 146.52100 126.58300 120.42300 103.95900 92.25070 82.79350 76.09870 69.30940 68.03950 64.96670 72.95300 70.48080 74.83520 96.45500 110.21600 108.13200 112.45500 115.60700 109.15000 108.59400 101.15700 91.39130 87.24530 65.36990 72.19560 59.18420 68.99910 66.74790 65.59330 56.14110 58.10520 55.90710 61.56120 52.02600 53.90250 57.61550 57.22550 69.82030 70.04270 52.34620 57.05730 49.60230 65.45750 61.80990 71.73730 101.01900 103.28300 109.59700
