data/hydroclimate-scenarios/BCSD_hadcm_B1/monthly_summaries/swe_monthly_day1_dec.2070-2099.asc
ncols	311
nrows	91
xllcenter	102.75
yllcenter	31.75
cellsize	0.5
NODATA_value	-9999
[rows 0 to 31 of 91, columns 216 to 287 of 311]
-9999 -9999 -9999 -9999 -9999 -9999 -9999 -9999 -9999 -9999 -9999 -9999 -9999 -9999 -9999 -9999 -9999 -9999 -9999 -9999 -9999 -9999 -9999 -9999 -9999 -9999 -9999 -9999 -9999 -9999 -9999 -9999 -9999 -9999 -9999 -9999 -9999 -9999 -9999 -9999 -9999 -9999 -9999 -9999 -9999 -9999 -9999 -9999 -9999 -9999 -9999 -9999 -9999 -9999 -9999 -9999 -9999 -9999 -9999 -9999 -9999 -9999 -9999 -9999 -9999 -9999 -9999 -9999 -9999 -9999 -9999 -9999
-9999 -9999 -9999 -9999 -9999 -9999 -9999 -9999 -9999 -9999 -9999 -9999 -9999 -9999 -9999 -9999 -9999 -9999 -9999 -9999 -9999 -9999 -9999 -9999 -9999 -9999 -9999 -9999 -9999 -9999 -9999 -9999 -9999 -9999 -9999 -9999 -9999 -9999 -9999 -9999 -9999 -9999 -9999 -9999 -9999 -9999 -9999 -9999 -9999 -9999 -9999 -9999 -9999 -9999 -9999 -9999 -9999 -9999 -9999 -9999 -9999 -9999 -9999 -9999 -9999 -9999 -9999 -9999 -9999 -9999 -9999 -9999
-9999 -9999 -9999 -9999 -9999 -9999 -9999 -9999 -9999 -9999 -9999 -9999 -9999 -9999 -9999 -9999 -9999 -9999 -9999 -9999 -9999 -9999 -9999 -9999 -9999 -9999 -9999 -9999 -9999 -9999 -9999 -9999 -9999 -9999 -9999 -9999 -9999 -9999 -9999 -9999 -9999 -9999 -9999 -9999 -9999 -9999 -9999 -9999 -9999 -9999 -9999 -9999 -9999 -9999 -9999 -9999 -9999 -9999 -9999 -9999 -9999 -9999 -9999 -9999 -9999 -9999 -9999 -9999 -9999 -9999 -9999 -9999
-9999 -9999 -9999 -9999 -9999 -9999 -9999 -9999 -9999 -9999 -9999 -9999 -9999 -9999 -9999 -9999 -9999 -9999 -9999 -9999 -9999 -9999 -9999 -9999 -9999 -9999 -9999 -9999 -9999 -9999 -9999 -9999 -9999 -9999 -9999 -9999 -9999 -9999 -9999 -9999 -9999 -9999 -9999 -9999 -9999 -9999 -9999 -9999 -9999 -9999 -9999 -9999 -9999 -9999 -9999 -9999 -9999 -9999 -9999 -9999 -9999 -9999 -9999 -9999 -9999 -9999 -9999 -9999 -9999 -9999 -9999 -9999
-9999 -9999 -9999 -9999 -9999 -9999 -9999 -9999 -9999 -9999 -9999 -9999 -9999 -9999 -9999 -9999 -9999 -9999 -9999 -9999 -9999 -9999 -9999 -9999 -9999 -9999 -9999 -9999 -9999 -9999 -9999 -9999 -9999 -9999 -9999 -9999 -9999 -9999 -9999 -9999 -9999 -9999 -9999 -9999 -9999 -9999 -9999 -9999 -9999 -9999 -9999 -9999 -9999 -9999 -9999 -9999 -9999 -9999 -9999 -9999 -9999 -9999 -9999 -9999 -9999 -9999 -9999 -9999 -9999 -9999 -9999 -9999
-9999 -9999 -9999 -9999 -9999 -9999 -9999 -9999 -9999 -9999 -9999 -9999 -9999 -9999 -9999 -9999 -9999 -9999 -9999 -9999 -9999 -9999 -9999 -9999 -9999 -9999 -9999 -9999 -9999 -9999 -9999 -9999 -9999 -9999 -9999 -9999 -9999 -9999 -9999 -9999 -9999 -9999 -9999 -9999 -9999 -9999 -9999 -9999 -9999 -9999 -9999 -9999 -9999 -9999 -9999 -9999 -9999 -9999 -9999 -9999 -9999 -9999 -9999 -9999 -9999 -9999 -9999 -9999 -9999 -9999 -9999 -9999
-9999 -9999 -9999 -9999 -9999 -9999 -9999 -9999 -9999 -9999 -9999 -9999 -9999 -9999 -9999 -9999 -9999 -9999 -9999 -9999 -9999 -9999 -9999 -9999 -9999 -9999 -9999 -9999 -9999 -9999 -9999 -9999 -9999 -9999 -9999 -9999 -9999 -9999 -9999 -9999 -9999 -9999 -9999 -9999 -9999 -9999 -9999 -9999 -9999 -9999 -9999 -9999 -9999 -9999 -9999 -9999 -9999 -9999 -9999 -9999 -9999 -9999 -9999 -9999 -9999 -9999 -9999 -9999 -9999 -9999 -9999 -9999
-9999 -9999 -9999 -9999 -9999 -9999 -9999 -9999 -9999 -9999 -9999 -9999 -9999 -9999 -9999 -9999 -9999 -9999 -9999 -9999 -9999 -9999 -9999 -9999 -9999 -9999 -9999 -9999 -9999 -9999 -9999 -9999 -9999 -9999 -9999 -9999 -9999 -9999 -9999 -9999 -9999 -9999 -9999 -9999 -9999 -9999 -9999 -9999 -9999 -9999 -9999 -9999 -9999 -9999 -9999 -9999 -9999 -9999 -9999 -9999 -9999 -9999 -9999 -9999 -9999 -9999 -9999 -9999 -9999 -9999 -9999 -9999
-9999 -9999 -9999 -9999 -9999 -9999 -9999 -9999 -9999 -9999 -9999 -9999 -9999 -9999 -9999 -9999 -9999 -9999 -9999 -9999 -9999 -9999 -9999 -9999 -9999 -9999 -9999 -9999 -9999 -9999 -9999 -9999 -9999 -9999 -9999 -9999 -9999 -9999 -9999 -9999 -9999 -9999 -9999 -9999 -9999 -9999 -9999 -9999 -9999 -9999 -9999 -9999 -9999 -9999 -9999 -9999 -9999 -9999 -9999 -9999 -9999 -9999 -9999 -9999 -9999 -9999 -9999 -9999 -9999 -9999 -9999 -9999
-9999 -9999 -9999 -9999 -9999 -9999 -9999 -9999 -9999 -9999 -9999 -9999 -9999 -9999 -9999 -9999 -9999 -9999 -9999 -9999 -9999 -9999 -9999 -9999 -9999 -9999 -9999 -9999 -9999 -9999 -9999 -9999 -9999 -9999 -9999 -9999 -9999 -9999 -9999 -9999 -9999 -9999 -9999 -9999 -9999 -9999 -9999 -9999 -9999 -9999 -9999 -9999 -9999 -9999 -9999 -9999 -9999 -9999 -9999 -9999 -9999 -9999 -9999 -9999 -9999 -9999 -9999 -9999 -9999 -9999 -9999 -9999
-9999 -9999 -9999 -9999 -9999 -9999 -9999 -9999 -9999 -9999 -9999 -9999 -9999 -9999 -9999 -9999 -9999 -9999 -9999 -9999 -9999 -9999 -9999 -9999 -9999 -9999 -9999 -9999 -9999 -9999 -9999 -9999 -9999 -9999 -9999 -9999 -9999 -9999 -9999 -9999 -9999 -9999 -9999 -9999 -9999 -9999 -9999 -9999 -9999 -9999 -9999 -9999 -9999 -9999 -9999 -9999 -9999 -9999 -9999 -9999 -9999 -9999 -9999 -9999 -9999 -9999 -9999 -9999 -9999 -9999 -9999 -9999
-9999 -9999 -9999 -9999 -9999 -9999 -9999 -9999 -9999 -9999 -9999 -9999 -9999 -9999 -9999 -9999 -9999 -9999 -9999 -9999 -9999 -9999 -9999 -9999 -9999 -9999 -9999 -9999 -9999 -9999 -9999 -9999 -9999 -9999 -9999 -9999 -9999 -9999 -9999 -9999 -9999 -9999 -9999 -9999 -9999 -9999 -9999 -9999 -9999 -9999 -9999 -9999 -9999 -9999 -9999 -9999 -9999 -9999 -9999 -9999 -9999 -9999 -9999 -9999 -9999 -9999 -9999 -9999 -9999 -9999 -9999 -9999
-9999 -9999 -9999 -9999 -9999 -9999 -9999 -9999 -9999 -9999 -9999 -9999 -9999 -9999 -9999 -9999 -9999 -9999 -9999 -9999 -9999 -9999 -9999 -9999 -9999 -9999 -9999 -9999 -9999 -9999 -9999 -9999 -9999 -9999 -9999 -9999 -9999 -9999 -9999 -9999 -9999 -9999 -9999 -9999 -9999 -9999 -9999 -9999 -9999 -9999 -9999 -9999 -9999 -9999 -9999 -9999 -9999 -9999 -9999 -9999 -9999 -9999 -9999 -9999 -9999 -9999 -9999 -9999 -9999 -9999 -9999 -9999
41.03010 41.14450 39.12170 -9999 -9999 -9999 -9999 -9999 -9999 -9999 -9999 -9999 -9999 -9999 -9999 -9999 -9999 -9999 -9999 -9999 -9999 -9999 -9999 -9999 -9999 -9999 -9999 -9999 -9999 -9999 -9999 -9999 -9999 -9999 -9999 -9999 -9999 -9999 -9999 -9999 -9999 -9999 -9999 -9999 33.21080 -9999 -9999 -9999 -9999 -9999 -9999 -9999 -9999 -9999 -9999 -9999 -9999 -9999 -9999 -9999 -9999 -9999 -9999 -9999 -9999 -9999 -9999 -9999 -9999 -9999 -9999 -9999
44.95440 44.91370 44.41730 37.93540 37.27480 38.69610 39.98380 16.97770 19.96010 18.72230 47.76370 47.41770 46.55820 44.19590 38.43820 271.76801 -9999 -9999 -9999 -9999 -9999 -9999 -9999 -9999 -9999 -9999 -9999 -9999 -9999 -9999 -9999 -9999 -9999 -9999 -9999 -9999 -9999 -9999 -9999 9.26812 19.62260 12.18120 1.61450 1.34595 12.50210 40.05330 -9999 -9999 -9999 29.70820 -9999 -9999 -9999 36.33090 48.92120 51.83460 -9999 -9999 -9999 -9999 -9999 -9999 -9999 -9999 -9999 -9999 -9999 -9999 -9999 -9999 -9999 -9999
47.69130 47.00990 47.57350 22.58580 0.00000 0.00000 0.00000 0.00000 0.00000 0.00000 0.00000 0.00000 0.00000 0.00000 0.00000 0.00000 0.00000 0.81684 3.17238 45.20700 88.53910 47.71530 -9999 -9999 -9999 -9999 -9999 52.26970 51.19240 52.38620 53.91480 51.98770 46.60380 41.18040 41.84820 42.89100 43.29390 40.23690 42.22400 1.93744 2.68022 0.93289 1.68926 1.28153 2.38643 45.18500 43.40820 43.32160 38.52860 35.94360 38.46060 39.59780 38.66760 48.19020 51.22370 40.62040 47.16800 52.23650 54.68840 59.09210 56.17720 -9999 -9999 -9999 -9999 -9999 -9999 -9999 -9999 -9999 -9999 -9999
29.97950 30.26540 32.09880 0.00000 0.00000 0.00000 0.00000 0.00000 0.00000 0.00000 0.00000 0.00000 0.00000 0.00000 0.00000 0.00000 0.56102 1.77391 2.30128 70.63730 10.70630 38.08300 51.95100 59.67670 72.63310 73.63250 67.42770 60.53680 57.72610 54.82870 60.93780 62.18620 56.05850 47.24690 49.21220 47.71780 45.32600 49.40630 47.72280 48.57040 49.13000 48.83590 48.16350 42.83860 42.64540 42.18140 42.25230 42.82360 40.62130 41.81590 44.64430 46.93940 56.23180 63.42680 67.40940 76.05490 77.24860 68.15050 78.23850 76.27740 71.69850 62.67030 55.83670 50.16000 50.92190 46.64970 46.73260 49.61670 51.14870 -9999 -9999 -9999
0.00000 0.00000 0.00000 0.00000 0.00000 0.00000 0.00000 0.00000 0.00000 0.00000 0.00000 0.00000 0.00000 0.00000 1.25643 20.93620 30.30690 25.86870 54.42060 125.02100 132.50700 54.67520 56.55270 52.54230 64.84980 73.82600 77.77910 83.48860 61.27110 59.50280 63.59950 69.97420 70.93680 68.94860 65.61880 60.77510 56.54160 54.71310 56.00880 53.19420 50.65800 52.67420 50.21380 44.03440 45.58320 46.81580 45.11710 45.49650 47.95640 49.56470 53.07480 55.75510 61.25440 72.05570 70.45910 73.10500 75.93340 76.85030 87.43090 76.14910 76.52170 67.48220 65.70320 60.49270 65.91610 70.09450 74.06600 77.45690 64.80880 -9999 45.85480 -9999
40.98250 39.88200 30.55130 31.34460 25.54300 24.49380 23.14330 24.77170 23.78600 16.71380 15.11170 0.00005 18.56230 38.11950 16.40390 18.78010 16.88500 64.99740 104.12700 134.07500 147.55701 69.36750 65.48990 68.82440 43.28310 38.82960 51.35840 103.79900 82.52880 74.06020 70.39860 78.71560 80.18270 76.78000 66.81510 61.29980 58.25930 52.09990 48.40860 51.34360 54.00180 53.28680 53.01170 55.14940 56.98580 57.10760 54.82320 57.39300 53.78840 54.82220 57.80520 64.91090 65.57510 67.65390 72.82150 79.96430 82.55860 83.44830 84.09480 72.40560 74.34990 76.11210 82.58700 86.58000 84.77070 82.51300 83.13970 78.14150 81.25560 87.28040 -9999 -9999
36.49770 33.34050 30.04320 25.99780 26.49490 45.65930 42.33790 35.83630 34.66920 35.44420 34.93320 37.79830 39.38460 38.85000 41.69810 154.78500 147.11301 89.37280 100.96600 82.96030 111.61300 50.66550 59.97510 74.72770 81.10200 90.55770 68.19970 122.80600 116.99300 95.27220 88.75750 82.55630 73.13900 64.84030 59.91530 61.98390 62.96590 54.38710 48.40090 57.26670 64.18100 62.66310 61.25980 63.99950 63.23830 60.40170 55.19500 58.23700 62.86430 61.61550 61.13690 66.99030 70.99860 79.64480 78.70470 78.76530 77.86820 74.34780 74.18960 75.17610 79.21200 81.15400 84.56290 93.94800 102.72300 105.15600 109.03500 96.08020 114.30200 117.00400 104.06300 -9999
93.14050 67.08330 51.88170 49.78220 47.22560 36.43500 34.28220 30.78190 31.89390 32.47590 33.01160 39.86200 43.03250 48.17180 49.86880 98.21430 61.91280 17.10850 17.60950 43.42340 31.09330 34.02010 55.95250 67.70230 79.00620 85.33150 85.46480 86.86070 101.71300 104.07700 94.71140 83.78580 72.06830 69.90280 70.97440 65.22880 62.76830 57.50890 50.23260 60.11840 58.88130 58.27210 56.74310 59.89920 63.79760 62.80470 61.72070 63.27330 64.18670 70.06680 72.00160 74.65400 74.80100 86.63050 78.61980 78.43790 69.72560 65.91530 64.86460 71.15130 74.03330 77.63910 81.60970 91.91600 100.90000 101.82200 101.77400 99.28370 101.46900 105.12900 111.34000 112.86200
42.87760 34.48830 35.86040 36.52420 37.07330 35.11320 35.58680 33.27670 35.50210 38.45930 43.77190 46.89980 45.19320 47.88670 46.99890 112.71800 90.28090 7.61158 0.30230 0.00000 5.81525 28.63890 61.76210 82.98300 85.79790 74.79550 82.51220 72.11200 100.69600 112.96500 102.17400 88.87320 80.84920 77.90260 74.60180 68.92630 66.20140 57.50240 53.25800 58.41170 56.22460 54.00870 57.99360 62.83390 62.77540 62.84360 63.14310 68.81060 69.01780 70.70240 69.00080 69.04090 69.06350 71.93350 76.79350 77.95730 78.48840 71.11640 68.57730 67.12630 72.18900 70.85610 65.08260 71.41020 78.72400 86.73600 102.41600 105.27300 101.30600 89.99190 89.20580 97.28560
53.09900 47.37120 55.34980 86.95710 60.12740 44.38920 71.26660 28.98490 30.75460 47.26800 47.28870 60.67440 60.76360 58.09370 52.23290 66.61460 73.85350 8.33788 0.88257 0.37699 6.64334 9.21468 34.18580 47.84230 52.06430 69.05760 84.08990 80.13170 79.54760 84.26520 87.05380 78.77900 82.08650 86.09940 80.68640 87.11660 82.58300 86.67050 80.83390 72.35780 66.52520 61.05670 73.47690 76.33500 84.49280 88.75960 85.69730 79.18750 79.27400 72.56050 68.81930 66.58330 71.78760 72.32490 79.14960 70.64990 59.96410 62.30790 65.28870 65.38790 67.80710 72.79020 74.01800 71.69370 75.16400 92.12230 100.10300 106.97200 109.29700 101.38200 96.23780 96.47300
45.55920 32.14830 43.50450 72.61130 75.53840 42.67310 44.95940 38.76060 38.79690 2.65961 32.60080 29.03090 26.86810 55.42910 52.35650 68.79830 74.03390 20.48150 0.68440 5.27256 9.69475 8.12203 11.26330 20.00210 21.96970 31.18320 49.48130 67.75050 78.30700 80.25130 66.95280 62.24670 48.93370 34.75200 47.74060 75.48500 76.20200 72.54070 93.15590 125.71800 128.39400 131.00200 126.60700 111.69100 92.70480 101.84700 96.64110 79.06220 66.67000 79.72680 74.25820 70.30220 75.98680 80.57820 75.95330 64.66710 69.19780 74.55670 61.98820 62.63280 65.56430 68.24980 71.58870 66.79840 69.86020 82.05020 89.10300 90.54630 99.30110 104.05300 106.61600 91.89930
37.58060 34.97670 35.71310 33.28780 36.94990 50.23940 44.65740 34.45640 27.82470 4.04470 2.89760 0.32920 1.86911 0.00000 0.61784 0.58600 76.22670 110.78600 0.58758 0.00000 0.00000 0.00000 2.85853 0.00000 9.37663 14.18770 15.21980 13.19560 13.46430 16.35200 17.66290 12.50710 17.26950 18.34060 17.53890 27.94000 38.50040 47.02060 57.19050 101.17300 98.89680 118.24200 139.39301 152.28500 143.49800 122.96300 99.00820 84.36150 68.41720 70.37300 83.81070 83.39200 79.18140 75.14800 72.18390 64.77750 68.64420 73.43690 80.61080 83.43330 79.38100 72.99500 68.52160 63.65450 70.88100 70.54040 76.82710 78.44680 85.72010 91.56720 101.87900 106.58800
37.75110 41.82300 40.96660 44.35530 39.38350 35.82820 35.92740 41.51980 50.45870 31.35430 36.87580 6.43450 3.24758 2.00377 1.13637 11.06450 18.40180 19.61380 34.69580 2.87343 15.52500 9.71908 2.73977 2.85310 7.53292 11.62430 25.03740 25.07030 27.35670 19.03580 19.07290 15.14510 15.14420 24.68160 24.83890 37.78820 52.14310 51.81580 73.78230 133.33400 155.22900 159.29900 162.54500 180.78000 187.41800 188.47600 154.95100 128.44099 101.14700 79.44680 102.02400 111.36800 91.06160 86.90780 84.92180 76.06490 73.63390 77.70230 83.49170 83.16460 76.54480 83.59010 82.85810 67.63890 65.16980 66.38700 65.68490 72.39780 74.65490 81.52860 91.21140 102.55800
70.68860 58.71650 88.60530 72.26530 92.15150 84.21010 64.73240 103.01600 96.92860 68.50810 37.59370 32.73450 36.14160 36.91080 38.35950 33.07540 18.46140 22.54120 13.89270 17.14910 28.71190 32.86960 38.85500 52.11340 47.02000 50.20410 72.00830 75.86010 48.72720 40.41160 40.32890 38.90740 48.37650 30.75300 42.11470 50.38200 73.39780 100.68200 132.81400 144.87100 182.02800 197.40601 224.96600 229.89700 225.10500 211.43900 190.74500 155.11000 135.47400 106.92500 91.91950 94.48810 105.70400 89.72710 88.54690 87.42330 81.82580 82.03750 82.22180 82.31460 83.94350 79.30400 76.04420 68.19850 63.53730 57.09250 59.50980 68.62960 72.96230 79.25810 85.87000 90.92070
109.19400 95.95830 90.54480 105.44800 138.49001 73.73510 84.71910 82.81550 67.72830 91.23540 97.82140 93.83740 45.32130 30.78490 30.06260 132.12300 113.06300 75.34240 65.34160 37.95900 54.45380 27.52220 36.06640 43.42660 62.33860 52.30790 58.75820 49.25950 26.09800 20.06020 28.64980 17.28700 21.76070 36.59700 53.00960 59.75680 79.53630 116.86800 156.64900 175.11200 222.02200 249.72400 266.77499 260.16800 256.86700 237.07800 213.65601 194.15100 163.48599 140.30901 117.34700 90.69650 104.57400 100.17200 95.14130 84.26050 90.80180 88.37520 85.94960 78.70190 73.88750 78.29270 77.52010 73.51710 69.82830 56.11100 57.47430 62.79820 68.59020 77.36090 82.77010 85.35570
127.23000 89.33000 83.24250 100.57200 55.05560 51.73380 56.57420 61.07370 64.44180 47.38410 58.36860 59.02440 68.39740 51.69900 25.47580 141.58800 152.23100 155.53200 134.34000 82.28500 46.75340 10.48380 7.23887 33.98540 45.76980 36.27890 45.18970 43.71700 27.90320 21.20920 11.43380 12.60270 23.69920 41.10120 48.62440 64.45870 95.74220 115.81100 160.28700 194.52100 241.84900 287.41599 304.92801 305.29999 277.43201 236.36700 218.84300 193.77800 166.55600 160.81500 121.59900 109.35000 80.15220 92.12930 90.69340 76.93040 74.73400 74.41990 74.17450 74.62820 72.96000 73.32620 74.31500 77.38880 73.30800 69.03800 62.06650 60.87520 65.41330 74.84230 73.55780 79.84540
171.59100 195.98700 149.19299 97.50740 66.11020 41.42390 39.32140 36.60770 38.93660 92.47010 173.77499 190.20700 160.48199 132.36800 75.42320 112.06500 116.07900 120.22300 223.28700 205.45500 101.57600 50.86490 27.49880 28.12310 20.06440 26.78440 33.70160 29.98200 18.44890 18.24260 8.23088 15.95600 23.07070 49.96200 60.41750 82.61300 105.01600 134.73801 171.66000 213.90500 261.21799 320.94101 345.80801 314.92001 302.00400 275.11600 245.91200 206.32100 188.32500 182.53799 141.32899 113.59300 76.62810 78.17220 84.75010 74.00700 80.06240 93.12130 111.27100 111.78300 105.24400 101.18900 78.28190 64.20850 66.01050 67.77990 68.91540 69.45050 68.98460 74.21810 78.19990 73.99680
100.75400 118.97400 94.81470 171.09300 267.21799 236.12300 129.58200 94.00000 56.53530 82.65690 136.45300 -9999 -9999 365.91299 282.78799 229.91000 238.24800 219.74200 309.05499 258.75900 138.70399 56.05730 40.62580 53.04550 64.52580 42.87840 35.28830 22.15080 14.60640 14.33280 13.64040 20.75410 31.71080 38.55110 58.37370 71.02020 95.43370 109.64600 144.41299 149.46700 215.73300 291.10599 319.94601 315.87000 249.41499 208.11900 194.83600 162.32300 164.03101 169.18800 122.20200 83.45410 82.94890 71.22550 74.64160 57.37040 58.87690 58.22580 63.44200 64.05600 65.15790 57.51770 55.34730 58.69510 61.85840 63.75720 71.38550 68.21780 67.89420 56.99320 61.66160 51.82880
112.36200 272.22601 -9999 -9999 -9999 -9999 553.10303 475.61499 267.69299 249.37000 211.39500 200.83099 177.16800 109.78700 221.45000 -9999 -9999 -9999 -9999 633.95203 323.95200 201.19299 159.25101 129.46300 99.09060 101.99800 75.12650 50.12870 28.48890 16.40970 19.29920 31.07800 40.53190 56.49920 61.41200 85.69140 106.22300 132.30901 144.25800 148.80000 140.63800 226.01500 223.18800 254.55600 217.20000 190.85699 162.93100 160.70399 140.87500 130.10500 118.78300 75.84940 70.47560 56.61130 57.15970 59.02800 62.51710 58.02890 52.85340 51.24160 51.72040 50.19210 51.41700 57.85220 56.35220 59.66170 64.54960 58.15870 59.97150 56.84620 52.19300 36.64370
