data/hydroclimate-scenarios/BCSD_hadcm_B1/monthly_summaries/swe_monthly_day1_jan.2070-2099.asc
ncols	311
nrows	91
xllcenter	102.75
yllcenter	31.75
cellsize	0.5
NODATA_value	-9999
[rows 0 to 31 of 91, columns 213 to 283 of 311]
-9999 -9999 -9999 -9999 -9999 -9999 -9999 -9999 -9999 -9999 -9999 -9999 -9999 -9999 -9999 -9999 -9999 -9999 -9999 -9999 -9999 -9999 -9999 -9999 -9999 -9999 -9999 -9999 -9999 -9999 -9999 -9999 -9999 -9999 -9999 -9999 -9999 -9999 -9999 -9999 -9999 -9999 -9999 -9999 -9999 -9999 -9999 -9999 -9999 -9999 -9999 -9999 -9999 -9999 -9999 -9999 -9999 -9999 -9999 -9999 -9999 -9999 -9999 -9999 -9999 -9999 -9999 -9999 -9999 -9999 -9999
-9999 -9999 -9999 -9999 -9999 -9999 -9999 -9999 -9999 -9999 -9999 -9999 -9999 -9999 -9999 -9999 -9999 -9999 -9999 -9999 -9999 -9999 -9999 -9999 -9999 -9999 -9999 -9999 -9999 -9999 -9999 -9999 -9999 -9999 -9999 -9999 -9999 -9999 -9999 -9999 -9999 -9999 -9999 -9999 -9999 -9999 -9999 -9999 -9999 -9999 -9999 -9999 -9999 -9999 -9999 -9999 -9999 -9999 -9999 -9999 -9999 -9999 -9999 -9999 -9999 -9999 -9999 -9999 -9999 -9999 -9999
-9999 -9999 -9999 -9999 -9999 -9999 -9999 -9999 -9999 -9999 -9999 -9999 -9999 -9999 -9999 -9999 -9999 -9999 -9999 -9999 -9999 -9999 -9999 -9999 -9999 -9999 -9999 -9999 -9999 -9999 -9999 -9999 -9999 -9999 -9999 -9999 -9999 -9999 -9999 -9999 -9999 -9999 -9999 -9999 -9999 -9999 -9999 -9999 -9999 -9999 -9999 -9999 -9999 -9999 -9999 -9999 -9999 -9999 -9999 -9999 -9999 -9999 -9999 -9999 -9999 -9999 -9999 -9999 -9999 -9999 -9999
-9999 -9999 -9999 -9999 -9999 -9999 -9999 -9999 -9999 -9999 -9999 -9999 -9999 -9999 -9999 -9999 -9999 -9999 -9999 -9999 -9999 -9999 -9999 -9999 -9999 -9999 -9999 -9999 -9999 -9999 -9999 -9999 -9999 -9999 -9999 -9999 -9999 -9999 -9999 -9999 -9999 -9999 -9999 -9999 -9999 -9999 -9999 -9999 -9999 -9999 -9999 -9999 -9999 -9999 -9999 -9999 -9999 -9999 -9999 -9999 -9999 -9999 -9999 -9999 -9999 -9999 -9999 -9999 -9999 -9999 -9999
-9999 -9999 -9999 -9999 -9999 -9999 -9999 -9999 -9999 -9999 -9999 -9999 -9999 -9999 -9999 -9999 -9999 -9999 -9999 -9999 -9999 -9999 -9999 -9999 -9999 -9999 -9999 -9999 -9999 -9999 -9999 -9999 -9999 -9999 -9999 -9999 -9999 -9999 -9999 -9999 -9999 -9999 -9999 -9999 -9999 -9999 -9999 -9999 -9999 -9999 -9999 -9999 -9999 -9999 -9999 -9999 -9999 -9999 -9999 -9999 -9999 -9999 -9999 -9999 -9999 -9999 -9999 -9999 -9999 -9999 -9999
-9999 -9999 -9999 -9999 -9999 -9999 -9999 -9999 -9999 -9999 -9999 -9999 -9999 -9999 -9999 -9999 -9999 -9999 -9999 -9999 -9999 -9999 -9999 -9999 -9999 -9999 -9999 -9999 -9999 -9999 -9999 -9999 -9999 -9999 -9999 -9999 -9999 -9999 -9999 -9999 -9999 -9999 -9999 -9999 -9999 -9999 -9999 -9999 -9999 -9999 -9999 -9999 -9999 -9999 -9999 -9999 -9999 -9999 -9999 -9999 -9999 -9999 -9999 -9999 -9999 -9999 -9999 -9999 -9999 -9999 -9999
-9999 -9999 -9999 -9999 -9999 -9999 -9999 -9999 -9999 -9999 -9999 -9999 -9999 -9999 -9999 -9999 -9999 -9999 -9999 -9999 -9999 -9999 -9999 -9999 -9999 -9999 -9999 -9999 -9999 -9999 -9999 -9999 -9999 -9999 -9999 -9999 -9999 -9999 -9999 -9999 -9999 -9999 -9999 -9999 -9999 -9999 -9999 -9999 -9999 -9999 -9999 -9999 -9999 -9999 -9999 -9999 -9999 -9999 -9999 -9999 -9999 -9999 -9999 -9999 -9999 -9999 -9999 -9999 -9999 -9999 -9999
-9999 -9999 -9999 -9999 -9999 -9999 -9999 -9999 -9999 -9999 -9999 -9999 -9999 -9999 -9999 -9999 -9999 -9999 -9999 -9999 -9999 -9999 -9999 -9999 -9999 -9999 -9999 -9999 -9999 -9999 -9999 -9999 -9999 -9999 -9999 -9999 -9999 -9999 -9999 -9999 -9999 -9999 -9999 -9999 -9999 -9999 -9999 -9999 -9999 -9999 -9999 -9999 -9999 -9999 -9999 -9999 -9999 -9999 -9999 -9999 -9999 -9999 -9999 -9999 -9999 -9999 -9999 -9999 -9999 -9999 -9999
-9999 -9999 -9999 -9999 -9999 -9999 -9999 -9999 -9999 -9999 -9999 -9999 -9999 -9999 -9999 -9999 -9999 -9999 -9999 -9999 -9999 -9999 -9999 -9999 -9999 -9999 -9999 -9999 -9999 -9999 -9999 -9999 -9999 -9999 -9999 -9999 -9999 -9999 -9999 -9999 -9999 -9999 -9999 -9999 -9999 -9999 -9999 -9999 -9999 -9999 -9999 -9999 -9999 -9999 -9999 -9999 -9999 -9999 -9999 -9999 -9999 -9999 -9999 -9999 -9999 -9999 -9999 -9999 -9999 -9999 -9999
-9999 -9999 -9999 -9999 -9999 -9999 -9999 -9999 -9999 -9999 -9999 -9999 -9999 -9999 -9999 -9999 -9999 -9999 -9999 -9999 -9999 -9999 -9999 -9999 -9999 -9999 -9999 -9999 -9999 -9999 -9999 -9999 -9999 -9999 -9999 -9999 -9999 -9999 -9999 -9999 -9999 -9999 -9999 -9999 -9999 -9999 -9999 -9999 -9999 -9999 -9999 -9999 -9999 -9999 -9999 -9999 -9999 -9999 -9999 -9999 -9999 -9999 -9999 -9999 -9999 -9999 -9999 -9999 -9999 -9999 -9999
-9999 -9999 -9999 -9999 -9999 -9999 -9999 -9999 -9999 -9999 -9999 -9999 -9999 -9999 -9999 -9999 -9999 -9999 -9999 -9999 -9999 -9999 -9999 -9999 -9999 -9999 -9999 -9999 -9999 -9999 -9999 -9999 -9999 -9999 -9999 -9999 -9999 -9999 -9999 -9999 -9999 -9999 -9999 -9999 -9999 -9999 -9999 -9999 -9999 -9999 -9999 -9999 -9999 -9999 -9999 -9999 -9999 -9999 -9999 -9999 -9999 -9999 -9999 -9999 -9999 -9999 -9999 -9999 -9999 -9999 -9999
-9999 -9999 -9999 -9999 -9999 -9999 -9999 -9999 -9999 -9999 -9999 -9999 -9999 -9999 -9999 -9999 -9999 -9999 -9999 -9999 -9999 -9999 -9999 -9999 -9999 -9999 -9999 -9999 -9999 -9999 -9999 -9999 -9999 -9999 -9999 -9999 -9999 -9999 -9999 -9999 -9999 -9999 -9999 -9999 -9999 -9999 -9999 -9999 -9999 -9999 -9999 -9999 -9999 -9999 -9999 -9999 -9999 -9999 -9999 -9999 -9999 -9999 -9999 -9999 -9999 -9999 -9999 -9999 -9999 -9999 -9999
-9999 -9999 -9999 -9999 -9999 -9999 -9999 -9999 -9999 -9999 -9999 -9999 -9999 -9999 -9999 -9999 -9999 -9999 -9999 -9999 -9999 -9999 -9999 -9999 -9999 -9999 -9999 -9999 -9999 -9999 -9999 -9999 -9999 -9999 -9999 -9999 -9999 -9999 -9999 -9999 -9999 -9999 -9999 -9999 -9999 -9999 -9999 -9999 -9999 -9999 -9999 -9999 -9999 -9999 -9999 -9999 -9999 -9999 -9999 -9999 -9999 -9999 -9999 -9999 -9999 -9999 -9999 -9999 -9999 -9999 -9999
66.64440 67.61690 66.39190 65.31780 67.38720 64.83190 -9999 -9999 -9999 -9999 -9999 -9999 -9999 -9999 -9999 -9999 -9999 -9999 -9999 -9999 -9999 -9999 -9999 -9999 -9999 -9999 -9999 -9999 -9999 -9999 -9999 -9999 -9999 -9999 -9999 -9999 -9999 -9999 -9999 -9999 -9999 -9999 -9999 -9999 -9999 -9999 -9999 47.91650 -9999 -9999 -9999 -9999 -9999 -9999 -9999 -9999 -9999 -9999 -9999 -9999 -9999 -9999 -9999 -9999 -9999 -9999 -9999 -9999 -9999 -9999 -9999
78.63830 77.07360 74.25020 72.86240 72.97470 72.62220 62.48130 56.77670 40.46740 41.91750 19.09170 22.02030 20.90820 81.72340 79.65060 77.93120 73.06950 61.48110 354.87500 -9999 -9999 -9999 -9999 -9999 -9999 -9999 -9999 -9999 -9999 -9999 -9999 -9999 -9999 -9999 -9999 -9999 -9999 -9999 -9999 -9999 -9999 -9999 11.49520 28.11990 17.22020 1.89807 1.43707 14.76680 57.81620 -9999 -9999 -9999 49.58100 -9999 -9999 -9999 53.79470 67.91040 67.62380 -9999 -9999 -9999 -9999 -9999 -9999 -9999 -9999 -9999 -9999 -9999 -9999
82.02030 78.56640 76.07610 76.43620 75.50410 76.84710 23.29420 0.00000 0.00000 0.00000 0.00000 0.00000 0.00000 0.00000 0.00000 0.00000 0.00000 0.00000 0.00000 0.00000 0.92912 3.36285 45.83310 98.39160 63.47920 -9999 -9999 -9999 -9999 -9999 70.66490 69.45280 72.63490 76.38650 77.76250 71.89500 63.46950 64.30130 64.45090 65.16980 61.84900 61.88410 2.10938 4.35124 1.01189 2.08254 1.38732 2.67920 65.74750 64.83000 68.80140 63.43430 58.89660 67.64710 65.22010 62.50080 71.68510 69.07180 45.02130 51.50730 62.81820 67.81910 75.87570 73.32530 -9999 -9999 -9999 -9999 -9999 -9999 -9999
85.04430 85.90280 84.64290 31.78400 32.93670 32.76170 0.00000 0.00000 0.00000 0.00000 0.00000 0.00000 0.00000 0.00000 0.00000 0.00000 0.00000 0.00000 0.00000 0.66759 1.94998 2.48432 71.47650 11.15450 42.24760 59.11390 75.49380 91.73950 97.06530 90.26130 83.79580 80.45680 77.96970 88.26740 96.34650 88.31820 75.47630 77.58090 80.98480 75.88680 76.08920 75.22830 73.81030 75.00120 74.80670 72.86060 63.63480 63.64780 64.09170 61.81020 64.93150 62.22330 66.22650 69.98390 72.56590 85.53900 92.97620 93.57570 104.56900 105.91300 94.00910 106.06700 99.03340 89.24620 80.38490 73.00000 69.27510 69.26070 64.57750 66.56950 68.24860
53.68940 14.90580 71.09250 0.00000 0.00000 0.00000 0.00000 0.00000 0.00000 0.00000 0.00000 0.00000 0.00000 0.00000 0.00000 0.00000 0.00000 1.45720 21.78100 31.16710 26.57170 55.36110 168.96500 174.89500 66.35620 69.32720 60.36870 74.49140 92.07690 102.63600 113.36500 87.29030 85.52850 97.55010 119.83300 121.85600 116.37500 110.45400 104.31600 98.18120 88.08450 90.12490 84.94200 79.47760 80.48150 78.01520 67.48870 70.04280 71.08910 67.87310 68.02110 71.64880 74.75260 80.67470 85.08830 92.81210 106.21300 100.40200 102.78100 107.10600 109.43900 121.98500 100.48100 103.22000 91.49670 91.19180 84.49000 91.25410 100.80400 105.21200 108.58900
70.45990 73.01770 37.78890 41.93970 40.91110 31.55970 32.44110 26.67180 25.73440 24.22740 25.81090 24.90340 17.76940 15.90000 0.00318 19.46090 39.61380 16.94250 19.60140 17.92860 66.39440 127.96500 176.09801 191.73100 90.40370 81.70470 89.95060 48.21290 43.61300 66.28230 148.38600 124.38200 113.04500 109.45900 119.17800 122.88300 123.59500 110.65100 101.17100 94.05710 85.13280 78.71260 82.54680 85.41060 85.87660 85.28900 85.54450 85.63270 86.46510 84.32660 87.36830 80.67610 81.72250 85.54960 95.28170 94.99500 92.98320 102.29100 111.51300 115.94400 117.71400 119.08900 96.59340 103.83000 107.01400 117.35700 124.24600 120.54200 113.37200 116.16400 110.60200
106.77100 125.02200 88.27620 68.53450 62.73020 57.72850 49.34920 27.80040 65.64680 62.08450 56.73330 55.20260 56.19840 56.00080 62.10930 60.01840 56.83630 67.42610 223.07401 192.71300 119.43400 136.11000 102.09000 139.22000 64.35150 77.78630 106.03900 113.19400 126.73100 95.09750 178.98100 175.89900 144.80000 134.22900 123.56800 111.44500 104.19600 98.62490 98.69330 100.59000 89.26400 80.42950 93.14210 103.65600 100.25800 97.99380 100.40600 98.95910 94.65040 86.75600 90.17410 95.86530 92.39170 91.85130 99.64540 103.98700 113.29000 112.60500 112.40900 110.95300 106.58200 106.34300 106.94700 114.91300 120.45900 126.79800 135.04201 150.56000 152.49200 154.82899 142.52699
111.38000 173.83501 170.38600 135.47400 99.97340 79.22950 73.89840 70.03500 52.67680 49.63830 47.34890 48.41850 49.88460 52.61630 63.97260 73.44410 78.54870 80.71150 138.25500 82.66020 17.59920 18.27950 53.37010 39.22630 43.33370 74.58390 94.59300 109.91500 117.90300 119.02300 123.49100 154.23500 156.30400 143.82401 126.25300 109.55300 107.12800 110.96300 103.22400 99.52470 96.58260 84.86570 98.19330 95.12790 93.94980 92.20940 93.53470 99.63150 99.29200 97.69680 101.27600 99.51830 106.81800 109.42600 109.26900 110.41500 125.13300 114.93800 113.33300 108.78600 101.18200 99.68210 102.24700 107.94600 113.01500 121.30200 134.90700 147.05901 147.72301 149.36000 145.78300
155.41701 148.36099 113.01000 65.58740 53.58040 56.28350 57.14360 60.07080 53.72120 52.94780 52.06460 54.75820 59.66130 67.44450 72.90620 73.28500 75.30790 74.63320 187.39301 142.82001 7.97303 0.32081 0.00000 6.13140 37.05670 84.99290 116.74000 121.75900 106.91800 116.88500 105.82100 147.26199 164.73500 151.95399 133.33701 123.04900 119.18000 113.19000 105.93200 103.03200 97.64870 88.42080 96.58920 92.81130 88.89430 94.61380 100.69400 100.32600 103.44600 102.91100 111.32000 111.54300 110.35800 108.05200 104.65800 103.83200 108.28700 116.22200 112.49700 115.88000 103.17500 102.78200 102.88200 107.63700 105.01600 98.13090 108.14100 118.64300 131.00101 149.64900 153.68401
154.90900 99.42970 83.49800 83.29780 76.23980 92.76130 141.27800 120.04600 97.91420 113.45900 60.83470 46.83240 72.90350 71.75680 88.53550 88.53530 86.14740 74.82980 98.52280 116.38300 8.65626 1.00652 0.45266 7.03861 9.62160 51.86810 68.02940 74.87810 100.23500 120.09100 118.14200 119.54500 125.94400 128.78101 119.93100 126.03000 130.24600 123.37900 133.50500 129.37000 136.47301 129.69099 119.63400 110.61800 103.77000 122.30300 130.57300 142.06599 148.90500 142.34700 129.26601 127.71700 116.56500 107.26400 103.25700 113.51200 109.34700 116.69200 103.83800 91.66660 98.79160 99.71660 100.81500 105.30100 108.97700 110.96900 109.95100 115.53000 135.21100 145.01401 156.70200
88.23950 89.70540 103.23700 79.81790 60.32510 84.95650 123.46400 125.30800 96.67890 45.83140 38.89620 39.33280 2.36925 32.74590 29.71550 27.50310 81.44400 83.92310 105.33900 121.03200 20.88010 0.77490 5.53833 10.02730 11.45840 17.51930 30.46820 35.18650 48.36270 73.73070 100.74400 118.10700 120.75200 100.19400 97.70950 78.07820 59.11610 77.93040 117.26400 115.23100 115.23100 140.97200 193.59599 199.10001 210.01401 205.38600 191.64700 166.59599 177.58299 165.66400 142.54300 118.86000 130.31200 119.79700 111.13900 117.75200 120.32300 111.18300 99.98630 105.87100 110.99600 98.85310 101.42500 103.73200 104.28600 110.42800 104.08600 109.95600 125.28400 133.30701 134.77499
73.62130 72.93320 71.93180 66.55040 64.43370 67.38430 65.25810 70.98640 92.49350 88.71100 34.19740 27.46760 3.36912 2.29097 0.32792 1.61118 0.00000 0.58762 0.67038 147.52499 199.00500 0.63662 0.00000 0.00000 0.00000 2.85857 0.00000 9.58780 14.43260 19.52660 13.38460 13.71570 20.68810 18.04340 12.72770 17.71650 18.98030 18.14410 39.64640 62.29650 70.17810 86.20710 151.28000 147.45700 180.05299 217.51199 240.39301 228.53101 205.84300 170.01801 143.99300 115.22800 114.53300 130.52100 128.71800 120.70100 113.41400 111.48400 98.84740 103.08900 112.22100 120.53200 124.61000 120.77900 112.22200 104.56800 101.95900 112.89500 113.61200 119.75800 117.21600
63.69610 66.88410 68.54970 66.64240 73.05130 71.90610 78.79580 67.61680 59.34590 57.99050 65.46620 78.84320 56.22210 36.22520 6.28817 3.25813 1.99321 1.19183 10.81620 31.83340 30.83420 75.47650 2.47457 33.72560 13.66210 2.50192 2.63075 7.48677 11.82930 38.62990 39.35370 49.46410 26.95320 31.89390 15.42620 19.75370 39.44760 35.49380 60.29460 83.25510 87.93570 110.51300 194.24001 226.08600 232.48500 239.97200 264.50699 278.89499 280.15701 234.34200 195.78999 158.56200 125.66700 155.97400 167.55000 136.77200 129.87399 125.17400 114.99100 114.07700 114.39600 124.78900 123.17300 114.53900 123.88400 124.65100 110.04900 106.01700 113.20200 111.05200 111.95300
114.61600 125.29000 126.30400 119.84400 106.02600 148.94701 152.34500 168.56900 85.41930 136.36900 156.09399 168.46700 107.39400 62.59640 56.32510 58.48910 54.34630 54.65000 46.53390 17.95350 48.67600 29.02270 40.39520 59.25560 56.62540 67.27350 84.83820 75.78460 80.55260 111.94500 122.84400 81.22610 69.73340 69.46680 66.48110 78.94720 47.64500 65.63830 81.19330 112.36300 148.69099 192.36099 214.54900 263.89801 277.95999 315.39999 326.84201 317.29999 293.62100 263.43799 224.81100 202.22600 162.48599 139.24200 141.14999 154.02100 134.70200 131.56799 127.93700 121.35300 122.86500 123.70000 126.61400 128.62399 122.83400 120.45300 111.21400 105.67700 100.05000 104.42000 112.82100
-9999 305.99899 245.69800 172.09599 161.69701 154.84900 172.41800 218.81599 169.94800 194.00000 171.44600 129.23199 187.55299 155.25500 147.45500 75.11670 46.87840 44.84960 204.11600 178.52699 137.47000 123.82400 85.82230 116.52700 56.10600 65.34890 75.10210 100.99100 86.41670 98.66800 83.91150 47.86380 36.09910 51.62460 29.67960 39.28610 61.88850 83.35180 91.67780 119.01900 176.14500 223.78000 250.66701 310.66000 344.85699 361.59299 356.51599 354.67899 321.78400 289.57300 272.36200 232.83099 199.43201 171.56300 137.08800 151.95799 144.77901 137.42599 125.98900 135.00500 131.69099 130.23700 122.61100 116.00200 121.03800 122.84400 121.07000 117.09800 100.07400 100.93000 104.02600
549.83801 318.63800 249.49600 207.34300 150.07500 138.38901 146.69000 90.34970 87.90370 95.42220 104.66700 108.35700 75.52550 91.24490 96.77900 107.76100 81.69940 39.89470 214.55701 244.06599 262.94901 245.01500 153.23599 90.14700 17.24850 7.04454 60.26220 76.84760 65.22360 80.13920 83.15810 55.14920 39.90900 18.68130 20.14260 40.39310 72.95220 81.58550 109.23900 154.76401 173.75000 233.11600 276.41299 333.26099 390.50800 407.60101 405.23300 372.45200 316.44400 294.64401 265.15601 230.52600 230.51801 181.47099 165.57800 125.46300 138.67599 135.18100 117.17100 114.55000 112.95600 112.20700 117.01200 117.36200 120.57200 124.83000 131.85899 129.04201 120.10400 105.98400 103.55700
195.56400 143.90199 209.04601 278.60699 306.28601 219.34700 137.23700 94.84140 67.26410 68.95450 66.20160 63.00940 133.79900 246.06799 266.06500 225.80800 184.48100 109.44400 159.68100 174.83400 198.57800 391.36401 353.60901 170.82899 84.94430 45.67950 44.60530 34.30430 50.57590 59.89600 56.09930 35.86920 37.76270 15.64680 27.15320 40.19980 90.30080 101.56800 138.72600 173.49001 214.52499 258.79999 312.19000 357.20599 432.84500 467.72900 420.67300 405.46701 367.43900 334.73901 280.63101 262.85300 262.79800 210.09599 173.71100 122.44900 125.17900 133.29201 115.73500 123.41100 140.23500 166.07401 169.04300 167.14400 164.77200 134.84300 115.65400 117.39800 118.72600 116.91000 112.47200
145.31200 104.77900 104.61700 168.52000 187.63499 142.80000 289.91501 439.49701 372.76001 208.78500 153.90601 91.31730 126.03000 206.32500 -9999 -9999 489.89801 389.16000 326.85101 352.90399 341.63300 501.44501 422.77100 220.31100 91.26030 66.22010 91.23120 108.93600 75.14980 65.81020 43.71070 28.79170 29.23760 26.67870 38.42610 57.09450 74.97040 103.46000 127.41900 166.58200 180.55600 227.27901 233.86301 312.87900 405.35699 437.50299 436.61200 346.92700 292.20300 280.10300 232.07001 232.18700 241.71001 180.58701 128.75200 135.17500 120.05500 120.75900 93.81970 95.37330 95.29720 104.63400 107.65900 111.22900 106.36900 105.33400 107.80900 112.80900 113.70900 121.92900 114.00500
86.98810 -9999 76.77860 174.36700 454.01300 -9999 -9999 -9999 -9999 847.61200 746.96899 433.08301 401.33200 332.24301 309.49600 279.30301 173.69099 308.86200 -9999 -9999 -9999 -9999 866.95599 508.51801 313.99701 255.61301 206.77699 161.44600 168.00500 130.07800 93.73590 57.95890 33.42590 38.56480 61.50690 79.35950 108.02500 113.77200 147.97301 180.48300 225.76199 235.32899 240.78900 229.24699 333.23599 324.06299 363.89700 315.04999 276.47198 241.75301 236.27699 205.41499 191.52000 176.22800 119.32000 117.73700 97.63150 95.94330 97.64690 100.65700 95.09600 89.71680 89.30060 93.24880 93.87150 98.31850 107.81800 103.53200 104.17900 108.21900 102.04300
