data/hydroclimate-scenarios/BCSD_hadcm_B1/monthly_summaries/swe_monthly_day1_nov.2070-2099.asc
ncols	311
nrows	91
xllcenter	102.75
yllcenter	31.75
cellsize	0.5
NODATA_value	-9999
[rows 0 to 31 of 91, columns 73 to 145 of 311]
-9999 -9999 -9999 -9999 -9999 -9999 -9999 -9999 -9999 -9999 -9999 -9999 -9999 -9999 -9999 -9999 -9999 -9999 -9999 -9999 -9999 -9999 -9999 -9999 -9999 -9999 -9999 -9999 -9999 -9999 -9999 -9999 -9999 -9999 -9999 -9999 -9999 -9999 -9999 -9999 -9999 -9999 -9999 -9999 -9999 -9999 -9999 -9999 -9999 -9999 -9999 -9999 -9999 -9999 -9999 -9999 -9999 -9999 -9999 -9999 -9999 -9999 -9999 -9999 -9999 -9999 -9999 -9999 -9999 -9999 -9999 -9999 -9999
-9999 -9999 -9999 -9999 -9999 -9999 -9999 -9999 -9999 -9999 -9999 -9999 -9999 -9999 -9999 -9999 -9999 -9999 -9999 -9999 -9999 -9999 -9999 -9999 -9999 -9999 -9999 -9999 -9999 -9999 -9999 -9999 -9999 -9999 -9999 -9999 -9999 -9999 -9999 -9999 -9999 -9999 -9999 -9999 -9999 -9999 -9999 -9999 -9999 -9999 -9999 -9999 -9999 -9999 -9999 -9999 -9999 -9999 -9999 -9999 -9999 -9999 -9999 -9999 -9999 -9999 -9999 -9999 -9999 -9999 -9999 -9999 -9999
-9999 -9999 -9999 -9999 -9999 -9999 -9999 -9999 -9999 -9999 -9999 -9999 -9999 -9999 -9999 -9999 -9999 -9999 -9999 -9999 -9999 -9999 -9999 -9999 -9999 -9999 -9999 -9999 -9999 -9999 -9999 -9999 -9999 -9999 -9999 -9999 -9999 -9999 -9999 -9999 -9999 -9999 -9999 -9999 -9999 -9999 -9999 -9999 -9999 -9999 -9999 -9999 -9999 -9999 -9999 -9999 -9999 -9999 -9999 -9999 -9999 -9999 -9999 -9999 -9999 -9999 -9999 -9999 -9999 -9999 -9999 -9999 -9999
-9999 -9999 -9999 -9999 -9999 -9999 -9999 -9999 -9999 -9999 -9999 -9999 -9999 -9999 -9999 -9999 -9999 -9999 -9999 -9999 -9999 -9999 -9999 -9999 -9999 -9999 -9999 -9999 -9999 -9999 -9999 -9999 -9999 -9999 -9999 -9999 -9999 -9999 -9999 -9999 -9999 -9999 -9999 -9999 -9999 -9999 -9999 -9999 -9999 -9999 -9999 -9999 -9999 -9999 -9999 -9999 -9999 -9999 -9999 -9999 -9999 -9999 -9999 -9999 -9999 -9999 -9999 -9999 -9999 -9999 -9999 -9999 -9999
-9999 -9999 -9999 -9999 -9999 -9999 -9999 -9999 -9999 -9999 -9999 -9999 -9999 -9999 -9999 -9999 -9999 -9999 -9999 -9999 -9999 -9999 -9999 -9999 -9999 -9999 -9999 -9999 -9999 -9999 -9999 -9999 -9999 -9999 -9999 -9999 -9999 -9999 -9999 -9999 -9999 -9999 -9999 -9999 -9999 -9999 -9999 -9999 -9999 -9999 -9999 -9999 -9999 -9999 -9999 -9999 -9999 -9999 -9999 -9999 -9999 -9999 -9999 -9999 -9999 -9999 -9999 -9999 -9999 -9999 -9999 -9999 -9999
-9999 -9999 -9999 -9999 -9999 -9999 -9999 -9999 -9999 -9999 -9999 -9999 -9999 -9999 -9999 -9999 -9999 -9999 -9999 -9999 -9999 -9999 -9999 -9999 -9999 -9999 -9999 -9999 -9999 -9999 -9999 -9999 -9999 -9999 -9999 -9999 -9999 -9999 -9999 -9999 -9999 -9999 -9999 -9999 -9999 -9999 -9999 -9999 -9999 -9999 -9999 -9999 -9999 -9999 -9999 -9999 -9999 -9999 -9999 -9999 -9999 -9999 -9999 -9999 -9999 -9999 -9999 -9999 -9999 -9999 -9999 -9999 -9999
-9999 -9999 -9999 -9999 -9999 -9999 -9999 -9999 -9999 -9999 -9999 -9999 -9999 -9999 -9999 -9999 -9999 -9999 -9999 -9999 -9999 -9999 -9999 -9999 -9999 -9999 -9999 -9999 -9999 -9999 -9999 -9999 -9999 -9999 -9999 -9999 -9999 -9999 -9999 -9999 -9999 -9999 -9999 -9999 -9999 -9999 -9999 -9999 -9999 -9999 -9999 -9999 -9999 -9999 -9999 -9999 -9999 -9999 -9999 -9999 -9999 -9999 -9999 -9999 -9999 -9999 -9999 -9999 -9999 -9999 -9999 -9999 -9999
-9999 -9999 -9999 -9999 -9999 -9999 -9999 -9999 -9999 -9999 -9999 -9999 -9999 -9999 -9999 -9999 -9999 -9999 -9999 -9999 -9999 -9999 -9999 -9999 -9999 -9999 -9999 -9999 -9999 -9999 -9999 -9999 -9999 -9999 -9999 -9999 -9999 -9999 -9999 -9999 -9999 -9999 -9999 -9999 -9999 -9999 -9999 -9999 -9999 -9999 -9999 -9999 -9999 -9999 -9999 -9999 -9999 -9999 -9999 -9999 -9999 -9999 -9999 -9999 -9999 -9999 -9999 -9999 -9999 -9999 -9999 -9999 -9999
-9999 -9999 -9999 -9999 20.66260 -9999 -9999 -9999 -9999 -9999 -9999 -9999 -9999 -9999 -9999 -9999 -9999 -9999 -9999 -9999 -9999 -9999 -9999 -9999 -9999 -9999 -9999 -9999 -9999 -9999 -9999 -9999 -9999 -9999 -9999 -9999 -9999 -9999 -9999 -9999 -9999 -9999 -9999 -9999 -9999 -9999 -9999 -9999 -9999 -9999 -9999 -9999 -9999 -9999 -9999 -9999 -9999 -9999 -9999 -9999 -9999 -9999 -9999 -9999 -9999 -9999 -9999 -9999 -9999 -9999 -9999 -9999 -9999
21.31510 18.00500 19.59110 20.17860 19.87790 22.06860 24.83420 27.12300 28.24540 28.48250 28.03200 27.96300 28.27850 28.83580 29.32260 30.55250 32.64410 32.74550 30.34390 28.90640 -9999 -9999 -9999 -9999 -9999 -9999 -9999 -9999 -9999 -9999 -9999 -9999 -9999 -9999 -9999 -9999 -9999 -9999 -9999 -9999 -9999 -9999 -9999 -9999 -9999 -9999 -9999 -9999 -9999 -9999 -9999 -9999 -9999 -9999 -9999 -9999 -9999 -9999 -9999 -9999 -9999 -9999 -9999 -9999 -9999 -9999 -9999 -9999 -9999 -9999 -9999 -9999 -9999
-9999 -9999 25.85380 26.35240 28.51980 28.42940 30.93390 31.36540 32.35190 32.11880 32.31920 34.53540 32.58840 32.36650 34.83730 34.97900 37.33370 37.66990 37.84810 36.17050 -9999 -9999 -9999 -9999 -9999 -9999 -9999 -9999 -9999 -9999 -9999 -9999 -9999 -9999 -9999 -9999 -9999 -9999 -9999 -9999 -9999 -9999 -9999 -9999 -9999 -9999 -9999 -9999 -9999 -9999 -9999 -9999 -9999 -9999 -9999 -9999 -9999 -9999 -9999 -9999 -9999 -9999 -9999 -9999 -9999 -9999 -9999 -9999 -9999 -9999 -9999 -9999 -9999
21.89020 22.03080 25.06100 25.17630 27.99680 28.10880 30.55000 31.48830 31.71560 31.88950 31.62840 33.72900 32.05920 33.90820 35.07000 36.99410 37.76350 39.39740 37.85240 37.64960 36.54100 36.71550 34.25750 34.24130 30.34070 30.10100 -9999 -9999 -9999 -9999 -9999 -9999 -9999 -9999 -9999 -9999 -9999 -9999 -9999 -9999 -9999 -9999 -9999 -9999 -9999 -9999 -9999 -9999 -9999 -9999 -9999 -9999 -9999 -9999 -9999 -9999 -9999 -9999 -9999 -9999 -9999 -9999 -9999 -9999 -9999 -9999 -9999 -9999 -9999 -9999 -9999 -9999 -9999
24.79860 25.60240 25.28910 27.19230 30.57510 31.52380 32.19260 32.70590 31.50460 32.35080 34.10220 36.23710 36.44410 38.44760 36.23790 37.60840 39.87510 41.92720 40.80340 39.45770 37.39640 35.55390 35.26260 33.36070 31.26440 29.94330 29.62950 30.14260 30.27490 30.14110 28.67940 26.78090 28.39620 28.13950 24.71150 24.53730 23.79530 22.15810 22.77290 22.63900 22.34850 -9999 -9999 -9999 -9999 -9999 -9999 -9999 -9999 -9999 -9999 -9999 -9999 -9999 -9999 -9999 -9999 -9999 -9999 -9999 -9999 -9999 -9999 -9999 -9999 -9999 -9999 -9999 -9999 -9999 -9999 -9999 -9999
24.97730 25.57040 25.15690 26.71670 30.37360 29.93450 31.17510 31.87330 31.22050 31.53340 34.26560 36.77500 36.61590 38.33320 37.27620 37.37190 39.71160 40.78020 41.13700 40.56190 38.56640 36.70440 35.88950 35.44410 31.49680 31.69500 31.47080 30.58470 31.19970 31.18360 26.87820 26.31570 28.18570 26.09480 25.70570 25.11300 23.26180 22.96480 23.51930 23.63620 23.38040 23.42720 -9999 -9999 -9999 -9999 -9999 -9999 -9999 -9999 -9999 -9999 -9999 -9999 -9999 -9999 -9999 -9999 -9999 -9999 -9999 -9999 -9999 -9999 -9999 -9999 -9999 -9999 -9999 -9999 -9999 -9999 -9999
24.74930 24.45250 26.92910 26.64250 26.82050 28.34970 31.16450 32.46900 33.38190 34.45230 35.81480 35.72880 36.14300 37.44840 34.97130 36.34260 36.63660 39.23970 37.06520 37.66340 37.90120 35.98030 34.87540 33.78570 32.86920 31.80850 32.97320 32.84470 32.12770 29.92440 29.71730 29.56710 29.23700 29.14320 28.98010 26.82740 26.87190 26.65120 25.10580 23.05110 22.91300 22.51230 -9999 -9999 -9999 -9999 -9999 -9999 -9999 -9999 -9999 -9999 -9999 -9999 -9999 -9999 -9999 18.82450 19.45080 -9999 -9999 -9999 -9999 22.87440 22.80980 24.36270 24.47420 24.30300 24.29070 25.84440 25.39570 27.45590 27.07640
23.83620 24.68800 25.44730 26.13500 25.41720 26.54950 29.23130 30.07580 30.83900 32.63270 32.71930 35.03560 35.97440 35.13910 33.70000 33.69060 34.67030 34.65880 35.35800 36.06420 34.59470 32.76320 31.32860 32.25980 33.28050 33.67830 34.14310 32.21640 31.13460 30.68990 30.42010 28.43140 29.77630 28.82360 27.71290 27.72380 27.12640 27.01740 23.66560 23.53310 23.49730 23.25170 22.76590 22.49930 23.67890 24.45950 22.63540 23.51110 23.35690 22.04100 24.06570 23.79290 24.44920 24.64030 20.98750 20.79540 19.36790 20.50940 21.12410 -9999 -9999 -9999 -9999 -9999 22.92820 23.79640 25.47520 27.27720 27.13300 28.65410 29.36990 30.67450 29.61270
25.21270 26.11910 26.98190 26.16590 27.90270 28.36190 25.74900 26.27980 26.70290 28.80110 30.49990 32.55470 31.74170 31.64190 32.39110 31.54520 32.29840 33.92320 33.29940 33.81960 29.34280 29.42100 29.21180 29.31380 29.76780 29.81810 30.73490 29.20130 31.13100 30.39270 29.64900 29.89290 28.47430 25.87690 23.58510 23.29060 25.43240 24.62230 24.48150 24.36090 22.38340 22.59520 23.68170 23.62720 23.91300 23.36320 23.60890 24.28320 25.14140 24.41000 24.21290 24.62860 27.44410 24.68320 21.96100 21.88980 22.17820 20.76190 23.04490 23.32210 25.03130 25.65850 25.45490 27.06580 24.86430 26.87670 27.50130 28.10730 29.44850 28.85510 30.76210 33.05650 37.76810
24.95260 25.55400 27.94700 26.89810 26.59170 26.77020 23.30110 24.85690 25.51670 26.88320 29.50910 31.45970 30.55110 29.29020 29.70470 31.19400 30.40710 31.54600 31.35160 31.63230 29.39580 29.09290 27.43150 28.01760 27.77110 29.24440 29.44820 27.87850 29.53970 28.93340 26.81490 28.06580 26.53600 25.33380 24.14250 22.62770 24.89480 24.11280 24.08010 25.86670 23.99800 20.42190 20.29320 21.47550 23.79100 24.70640 22.68250 23.67720 23.43390 25.24320 24.85310 25.86430 25.71870 27.05450 23.19620 22.92740 23.79920 23.93610 23.74060 24.88210 26.28900 27.48950 28.21560 27.42780 25.80510 24.81860 25.72940 27.31260 29.42350 29.57240 34.30310 35.06500 39.81810
24.91120 23.77380 24.71130 24.12530 23.68970 23.91430 24.74390 23.91760 23.54950 25.41870 26.15420 25.73490 26.42460 25.65650 28.16780 28.20200 27.23990 27.94180 31.54040 30.82780 30.29400 31.44390 29.82210 28.44240 27.62280 28.27430 31.40740 30.99740 33.43400 34.22950 30.12880 28.97940 25.55390 24.93620 24.27770 25.96410 26.37030 24.99090 26.23870 25.67990 26.06910 24.26860 24.43680 23.60960 22.36610 22.47580 23.13840 24.71070 25.81780 26.53480 25.82420 26.35810 25.33630 25.78560 23.27010 23.99470 23.85060 24.23620 22.83650 23.46520 25.48280 27.01930 26.43410 27.05570 25.65680 24.72180 26.63690 27.18580 28.20640 29.51020 29.77000 31.02370 32.75830
27.41820 26.46100 25.19030 25.83200 23.14050 22.98600 24.53460 23.76660 25.99730 25.66770 24.28950 25.04440 26.05830 27.38180 27.68100 28.15860 26.54400 26.99290 28.87010 29.39580 28.98980 30.26580 28.94360 27.04520 27.36770 27.94140 26.67800 28.39350 32.94230 31.40250 29.91000 30.14060 28.25200 27.02750 27.60070 25.75590 27.40330 27.77880 27.87400 26.67340 24.83010 24.79350 25.01600 24.62590 22.88100 20.92640 21.80880 22.73890 25.41100 26.28330 25.69270 24.95400 24.82200 25.67870 24.38110 24.93640 23.90880 23.18300 21.68140 21.79830 24.41630 26.98350 27.67080 28.87620 28.42530 26.73080 28.55260 28.09540 27.32330 23.99840 26.76360 28.87520 30.89400
28.12400 29.70090 32.11800 29.56060 25.63410 25.10250 25.61620 22.67840 22.81100 24.17660 25.26430 27.72130 26.86210 26.62870 26.16580 25.81980 24.14940 25.30370 24.49550 24.55770 25.06180 27.21960 27.16520 26.62260 27.86560 28.39150 29.07740 29.11830 31.51620 32.36760 32.85300 32.37470 28.67060 27.97190 26.60020 27.47830 26.49410 25.80460 25.85020 24.46870 25.41720 24.85930 23.61660 22.22970 21.52720 21.46490 21.07630 21.05960 22.18380 23.45980 21.07470 21.94550 23.18320 23.32760 22.01470 23.29150 21.99820 24.39180 26.21860 26.97020 27.91200 28.18150 24.24660 23.91240 26.19690 28.39940 26.20370 24.99790 25.00860 22.24540 23.51120 27.55540 30.88680
33.10460 32.26700 34.43380 33.71450 29.05260 27.84960 26.99250 24.34880 21.17350 22.38370 22.64260 24.67700 26.50480 26.34910 25.71220 25.61770 24.16290 24.04650 24.10900 24.06500 24.25670 26.16110 26.11760 27.94600 29.05800 29.17900 30.41360 31.19480 32.24890 33.04260 31.59070 31.33770 28.99780 28.27200 27.24930 27.29690 26.50320 26.19750 25.78300 25.42180 26.26470 25.67450 24.99380 25.53180 25.02290 24.66460 23.59480 22.85790 24.81410 25.56270 24.06920 24.41960 24.77750 24.58520 23.83580 23.76950 22.98710 25.08000 26.86500 28.33190 29.47250 28.14170 24.34430 24.60860 27.50640 26.36650 24.57150 24.18700 21.62270 21.23270 23.22170 31.23430 29.08230
35.95000 35.63420 35.40460 34.40480 32.23770 30.82710 29.21780 26.42110 24.41650 23.98500 23.38600 24.45330 23.91390 24.11140 24.79380 26.87790 25.98790 25.38400 25.11000 25.91280 24.35780 25.82380 28.62560 29.00240 28.62320 28.73810 30.11380 29.37670 30.31320 30.83830 29.24730 29.30180 26.77650 26.00050 24.99620 25.02190 27.71210 26.08090 26.17730 24.41220 25.69660 25.17510 26.69870 26.79240 26.15920 25.06570 23.62290 25.32960 25.36380 24.06300 25.10930 25.73290 22.90180 25.37490 23.63730 25.42600 26.31410 25.41000 28.08630 28.72550 28.44170 28.03910 29.15220 28.22720 25.32190 24.30090 24.37840 22.68230 21.60740 22.46370 27.65370 30.97300 24.47660
36.30390 36.38560 38.56270 38.49510 34.69650 33.14150 32.92890 27.24350 25.71890 27.27350 26.47600 25.20730 26.46130 24.86890 27.88290 26.19810 24.91860 26.61980 25.76200 26.21320 24.68520 25.48130 28.00310 29.25070 28.18660 28.47840 28.26210 28.33660 30.11330 30.02120 29.12730 28.20500 26.01990 25.97900 26.07040 25.35300 26.49670 27.03000 29.64790 28.47470 27.63250 26.72890 25.18450 24.45490 24.76670 26.34580 24.66170 25.26710 25.58490 24.86840 24.62840 25.08810 23.35260 24.28160 25.62590 26.69710 26.23720 25.68110 26.79430 26.56300 28.65790 30.55530 26.91450 24.48040 23.09130 22.25820 21.51580 22.06690 23.70430 22.19160 22.73210 21.71690 23.01600
41.00200 38.40270 36.89550 37.30800 34.81860 33.43060 29.13390 26.97020 26.57120 27.69020 26.42170 25.72030 28.14820 28.23840 28.11260 28.09890 25.05400 23.71770 24.46260 25.31770 25.54440 26.16750 26.97160 27.42850 26.37610 28.15500 27.92920 28.29790 28.46660 27.63440 29.48190 28.42820 28.90600 27.87400 25.42030 26.65880 25.66920 26.60040 28.52010 28.69490 29.04360 26.70940 24.54050 22.93300 25.23570 26.35620 27.60580 29.92280 29.57390 26.90200 23.27240 23.73330 22.82210 23.55860 26.15940 25.98770 29.80440 29.69580 28.86780 28.59230 30.12960 29.52300 23.99910 22.93870 24.01220 24.98670 31.86920 29.85820 25.87720 23.34370 20.17650 21.19560 24.20580
44.37330 43.87950 40.00490 36.57100 34.77460 31.84430 29.29790 26.56880 27.10820 28.49800 26.63970 27.79440 28.31740 29.71330 27.49330 28.16530 27.68170 26.70100 25.26520 26.47670 29.27880 28.34160 29.12960 29.16110 29.21810 29.22870 30.08340 30.71140 29.64560 28.97860 29.83380 30.02450 28.77820 28.78430 27.00420 28.38640 26.35860 29.39560 31.75160 30.21290 29.51530 30.31250 30.37450 26.20410 26.99430 26.98520 26.22610 27.50130 28.58950 25.51530 21.54040 20.87060 18.97230 20.03470 24.24220 26.79090 28.81060 30.86080 27.76650 29.11540 30.06690 30.72560 24.69520 23.57840 23.82030 23.84670 30.55100 33.76390 29.80210 26.87550 20.44730 25.96380 28.57570
46.93680 45.81380 47.79110 43.66090 36.47410 34.57740 31.69680 28.49570 28.32920 29.11560 35.56170 35.87070 32.87530 32.44490 35.10200 36.73740 33.34300 33.84220 30.77460 31.47560 31.66180 31.71020 31.94380 30.79950 32.55240 32.58390 30.54820 30.98830 29.05760 30.35730 27.70180 29.13870 31.26260 27.87230 29.85260 32.68130 30.95940 30.83840 34.12800 34.95980 32.49670 30.11280 29.69430 28.38960 29.25960 29.48080 25.96570 27.51720 28.09960 28.71510 28.21690 28.60610 26.80530 26.30680 28.27020 25.42730 23.22960 22.57630 22.29530 25.56470 25.02400 26.17250 27.15580 26.71960 29.54300 29.57320 33.64370 35.15390 36.88460 34.22450 29.78490 28.39730 26.13800
49.37930 48.09720 51.89580 45.23390 39.45220 36.10970 34.70800 31.60560 29.51460 30.51310 35.64250 39.31850 35.82280 35.47290 38.75090 37.91690 36.17530 35.96780 34.83430 35.50460 35.46950 36.73940 35.03660 34.47980 36.83920 35.07220 33.62370 31.17260 32.18040 29.57790 29.40990 29.79600 32.81470 29.55140 30.78910 33.49840 34.33750 34.63640 35.47590 35.59930 31.69550 31.61360 30.19860 30.40180 26.52690 28.27440 26.95520 27.65180 28.50610 29.13080 28.20880 26.14840 25.53080 22.54650 24.72850 23.95330 21.49110 21.83520 22.50670 25.04020 24.83180 27.33380 35.31540 32.70870 35.67830 36.43950 34.96760 30.22660 32.46890 30.72230 31.56780 33.85640 39.97700
52.61820 50.04350 47.76790 44.71940 42.69030 39.21880 36.77530 35.92270 34.51110 35.55440 35.75750 36.77200 39.53990 39.12890 38.61420 38.12690 39.47880 39.55720 41.58890 43.23730 42.98850 43.80290 41.14930 38.19880 36.18940 35.65830 37.30370 35.54850 29.82420 29.68270 32.80220 32.67050 34.11810 33.66180 32.69840 35.34880 37.43090 40.21290 38.02060 37.54920 37.99880 31.56920 28.03680 25.66050 20.63000 18.20280 17.99720 16.88980 20.15300 20.46950 21.46090 23.61220 21.27660 21.88250 20.35330 18.22640 20.97320 21.75180 20.37170 22.25140 28.91450 37.29900 42.20780 40.34980 43.25380 44.15640 34.79620 32.34100 30.74640 29.15420 41.39820 39.51630 34.80580
53.28660 51.86660 51.72510 49.16730 44.60970 41.61380 41.48970 40.31130 42.31100 41.37280 40.75800 43.09070 42.79270 41.63760 43.06520 42.23010 39.84580 43.15090 45.19700 47.46080 48.44210 48.53940 43.80210 41.44510 40.75700 37.67810 40.43810 40.12370 35.90440 33.18470 35.63670 35.49230 38.71370 35.84930 35.75760 36.28320 39.95040 41.86730 40.41360 31.63540 34.75650 27.94790 15.93690 15.35490 18.14690 19.08720 21.90260 18.75770 -9999 -9999 20.27190 19.72320 14.09380 17.69570 18.35440 18.16510 21.34900 25.45530 22.63060 32.50740 41.05680 41.55460 44.82380 45.25470 49.21860 50.02390 39.96620 34.41860 33.38010 25.24320 41.09080 35.76040 28.68190
53.42680 54.14640 51.68450 49.84510 47.11610 45.67420 45.52890 45.67120 42.08900 44.29000 45.05410 44.93030 43.10700 43.55140 42.37700 42.93540 43.71600 45.71390 48.64840 48.47160 53.40540 54.40640 50.66620 48.19550 45.14670 41.16870 40.47730 40.23030 42.14920 36.40010 41.44870 43.66320 43.22450 41.85420 42.50960 36.70060 29.52500 -9999 -9999 -9999 -9999 19.36990 -9999 27.87310 38.02980 30.46360 29.04520 17.69590 -9999 -9999 22.75010 21.65350 21.54300 21.44340 16.40410 20.24770 27.16170 32.95540 36.47750 41.53660 49.90350 52.94790 44.85300 54.45770 53.45460 51.25600 45.44120 42.86610 36.10360 26.83660 -9999 -9999 -9999
54.09370 54.56690 52.21780 47.38190 50.11570 48.18270 47.32950 47.13330 45.48520 46.26400 47.33440 48.01380 46.26610 43.24280 44.71440 46.97900 49.05390 48.74060 53.11320 51.45300 58.10670 57.13900 54.27640 51.39050 46.21910 44.52470 42.14800 41.84330 43.56700 45.46040 49.71940 49.30630 49.93110 44.09650 39.50580 -9999 -9999 -9999 -9999 -9999 -9999 -9999 28.17000 29.78200 28.84720 -9999 -9999 -9999 -9999 -9999 16.42480 18.36210 29.12290 25.20430 26.45250 25.51790 26.07100 33.87810 28.47040 32.63720 43.79680 50.66420 40.73750 39.02330 46.07830 50.38020 46.78280 33.75320 -9999 -9999 -9999 -9999 -9999
