data/hydroclimate-scenarios/BCSD_hadcm_B1/monthly_summaries/swe_monthly_day1_jun.2070-2099.asc
ncols	311
nrows	91
xllcenter	102.75
yllcenter	31.75
cellsize	0.5
NODATA_value	-9999
[rows 0 to 31 of 91, columns 73 to 145 of 311]
-9999 -9999 -9999 -9999 -9999 -9999 -9999 -9999 -9999 -9999 -9999 -9999 -9999 -9999 -9999 -9999 -9999 -9999 -9999 -9999 -9999 -9999 -9999 -9999 -9999 -9999 -9999 -9999 -9999 -9999 -9999 -9999 -9999 -9999 -9999 -9999 -9999 -9999 -9999 -9999 -9999 -9999 -9999 -9999 -9999 -9999 -9999 -9999 -9999 -9999 -9999 -9999 -9999 -9999 -9999 -9999 -9999 -9999 -9999 -9999 -9999 -9999 -9999 -9999 -9999 -9999 -9999 -9999 -9999 -9999 -9999 -9999 -9999
-9999 -9999 -9999 -9999 -9999 -9999 -9999 -9999 -9999 -9999 -9999 -9999 -9999 -9999 -9999 -9999 -9999 -9999 -9999 -9999 -9999 -9999 -9999 -9999 -9999 -9999 -9999 -9999 -9999 -9999 -9999 -9999 -9999 -9999 -9999 -9999 -9999 -9999 -9999 -9999 -9999 -9999 -9999 -9999 -9999 -9999 -9999 -9999 -9999 -9999 -9999 -9999 -9999 -9999 -9999 -9999 -9999 -9999 -9999 -9999 -9999 -9999 -9999 -9999 -9999 -9999 -9999 -9999 -9999 -9999 -9999 -9999 -9999
-9999 -9999 -9999 -9999 -9999 -9999 -9999 -9999 -9999 -9999 -9999 -9999 -9999 -9999 -9999 -9999 -9999 -9999 -9999 -9999 -9999 -9999 -9999 -9999 -9999 -9999 -9999 -9999 -9999 -9999 -9999 -9999 -9999 -9999 -9999 -9999 -9999 -9999 -9999 -9999 -9999 -9999 -9999 -9999 -9999 -9999 -9999 -9999 -9999 -9999 -9999 -9999 -9999 -9999 -9999 -9999 -9999 -9999 -9999 -9999 -9999 -9999 -9999 -9999 -9999 -9999 -9999 -9999 -9999 -9999 -9999 -9999 -9999
-9999 -9999 -9999 -9999 -9999 -9999 -9999 -9999 -9999 -9999 -9999 -9999 -9999 -9999 -9999 -9999 -9999 -9999 -9999 -9999 -9999 -9999 -9999 -9999 -9999 -9999 -9999 -9999 -9999 -9999 -9999 -9999 -9999 -9999 -9999 -9999 -9999 -9999 -9999 -9999 -9999 -9999 -9999 -9999 -9999 -9999 -9999 -9999 -9999 -9999 -9999 -9999 -9999 -9999 -9999 -9999 -9999 -9999 -9999 -9999 -9999 -9999 -9999 -9999 -9999 -9999 -9999 -9999 -9999 -9999 -9999 -9999 -9999
-9999 -9999 -9999 -9999 -9999 -9999 -9999 -9999 -9999 -9999 -9999 -9999 -9999 -9999 -9999 -9999 -9999 -9999 -9999 -9999 -9999 -9999 -9999 -9999 -9999 -9999 -9999 -9999 -9999 -9999 -9999 -9999 -9999 -9999 -9999 -9999 -9999 -9999 -9999 -9999 -9999 -9999 -9999 -9999 -9999 -9999 -9999 -9999 -9999 -9999 -9999 -9999 -9999 -9999 -9999 -9999 -9999 -9999 -9999 -9999 -9999 -9999 -9999 -9999 -9999 -9999 -9999 -9999 -9999 -9999 -9999 -9999 -9999
-9999 -9999 -9999 -9999 -9999 -9999 -9999 -9999 -9999 -9999 -9999 -9999 -9999 -9999 -9999 -9999 -9999 -9999 -9999 -9999 -9999 -9999 -9999 -9999 -9999 -9999 -9999 -9999 -9999 -9999 -9999 -9999 -9999 -9999 -9999 -9999 -9999 -9999 -9999 -9999 -9999 -9999 -9999 -9999 -9999 -9999 -9999 -9999 -9999 -9999 -9999 -9999 -9999 -9999 -9999 -9999 -9999 -9999 -9999 -9999 -9999 -9999 -9999 -9999 -9999 -9999 -9999 -9999 -9999 -9999 -9999 -9999 -9999
-9999 -9999 -9999 -9999 -9999 -9999 -9999 -9999 -9999 -9999 -9999 -9999 -9999 -9999 -9999 -9999 -9999 -9999 -9999 -9999 -9999 -9999 -9999 -9999 -9999 -9999 -9999 -9999 -9999 -9999 -9999 -9999 -9999 -9999 -9999 -9999 -9999 -9999 -9999 -9999 -9999 -9999 -9999 -9999 -9999 -9999 -9999 -9999 -9999 -9999 -9999 -9999 -9999 -9999 -9999 -9999 -9999 -9999 -9999 -9999 -9999 -9999 -9999 -9999 -9999 -9999 -9999 -9999 -9999 -9999 -9999 -9999 -9999
-9999 -9999 -9999 -9999 -9999 -9999 -9999 -9999 -9999 -9999 -9999 -9999 -9999 -9999 -9999 -9999 -9999 -9999 -9999 -9999 -9999 -9999 -9999 -9999 -9999 -9999 -9999 -9999 -9999 -9999 -9999 -9999 -9999 -9999 -9999 -9999 -9999 -9999 -9999 -9999 -9999 -9999 -9999 -9999 -9999 -9999 -9999 -9999 -9999 -9999 -9999 -9999 -9999 -9999 -9999 -9999 -9999 -9999 -9999 -9999 -9999 -9999 -9999 -9999 -9999 -9999 -9999 -9999 -9999 -9999 -9999 -9999 -9999
-9999 -9999 -9999 -9999 10.03050 -9999 -9999 -9999 -9999 -9999 -9999 -9999 -9999 -9999 -9999 -9999 -9999 -9999 -9999 -9999 -9999 -9999 -9999 -9999 -9999 -9999 -9999 -9999 -9999 -9999 -9999 -9999 -9999 -9999 -9999 -9999 -9999 -9999 -9999 -9999 -9999 -9999 -9999 -9999 -9999 -9999 -9999 -9999 -9999 -9999 -9999 -9999 -9999 -9999 -9999 -9999 -9999 -9999 -9999 -9999 -9999 -9999 -9999 -9999 -9999 -9999 -9999 -9999 -9999 -9999 -9999 -9999 -9999
43.54010 0.47192 1.83076 3.67842 5.74742 13.38180 30.82350 44.84750 58.01260 72.40800 78.09260 86.69300 97.39460 101.23900 107.78500 107.85200 107.26400 108.96500 84.44200 81.95440 -9999 -9999 -9999 -9999 -9999 -9999 -9999 -9999 -9999 -9999 -9999 -9999 -9999 -9999 -9999 -9999 -9999 -9999 -9999 -9999 -9999 -9999 -9999 -9999 -9999 -9999 -9999 -9999 -9999 -9999 -9999 -9999 -9999 -9999 -9999 -9999 -9999 -9999 -9999 -9999 -9999 -9999 -9999 -9999 -9999 -9999 -9999 -9999 -9999 -9999 -9999 -9999 -9999
-9999 -9999 0.06349 0.10778 1.96814 4.61397 13.76310 22.71520 30.13840 45.33950 47.02130 53.27300 73.71880 83.21190 116.41400 122.73800 108.50000 115.37000 102.56800 99.59760 -9999 -9999 -9999 -9999 -9999 -9999 -9999 -9999 -9999 -9999 -9999 -9999 -9999 -9999 -9999 -9999 -9999 -9999 -9999 -9999 -9999 -9999 -9999 -9999 -9999 -9999 -9999 -9999 -9999 -9999 -9999 -9999 -9999 -9999 -9999 -9999 -9999 -9999 -9999 -9999 -9999 -9999 -9999 -9999 -9999 -9999 -9999 -9999 -9999 -9999 -9999 -9999 -9999
0.00000 0.00000 0.00000 0.00000 0.00000 0.82994 5.83947 9.79123 20.37700 27.48590 22.56330 32.19710 60.55650 68.53750 102.33700 118.20400 100.83700 105.51200 91.23240 91.03420 68.60190 64.49180 60.11450 54.48470 49.15070 41.93480 -9999 -9999 -9999 -9999 -9999 -9999 -9999 -9999 -9999 -9999 -9999 -9999 -9999 -9999 -9999 -9999 -9999 -9999 -9999 -9999 -9999 -9999 -9999 -9999 -9999 -9999 -9999 -9999 -9999 -9999 -9999 -9999 -9999 -9999 -9999 -9999 -9999 -9999 -9999 -9999 -9999 -9999 -9999 -9999 -9999 -9999 -9999
0.00000 0.00000 0.00000 0.00000 0.00000 1.14145 1.97137 4.52790 5.54300 8.25518 17.30530 29.68270 24.96350 41.38100 71.60670 80.10900 71.17900 79.26290 86.68170 85.36370 74.68380 65.73470 63.75840 54.44090 63.57530 56.00010 35.90900 30.67070 15.07940 14.72550 20.71270 19.46660 10.08770 9.50841 7.73887 8.12097 7.14685 6.23103 7.32113 8.23178 9.60593 -9999 -9999 -9999 -9999 -9999 -9999 -9999 -9999 -9999 -9999 -9999 -9999 -9999 -9999 -9999 -9999 -9999 -9999 -9999 -9999 -9999 -9999 -9999 -9999 -9999 -9999 -9999 -9999 -9999 -9999 -9999 -9999
0.00000 0.00000 0.00000 0.00000 0.00000 0.00000 0.88185 1.89073 2.99018 4.96325 10.09460 16.83990 15.17840 22.73370 54.47520 64.62230 57.74720 66.86590 76.13700 79.95810 67.80390 62.28230 56.82630 46.27240 50.42200 47.72190 33.94260 33.42870 15.46020 14.84100 16.40740 14.16430 8.06970 8.33930 7.88450 7.23793 4.77982 4.49887 6.00068 6.21486 8.48092 8.50152 -9999 -9999 -9999 -9999 -9999 -9999 -9999 -9999 -9999 -9999 -9999 -9999 -9999 -9999 -9999 -9999 -9999 -9999 -9999 -9999 -9999 -9999 -9999 -9999 -9999 -9999 -9999 -9999 -9999 -9999 -9999
0.37031 1.94434 1.41462 1.68883 3.07573 3.25141 7.35157 6.88388 8.94476 9.77882 17.12680 21.60720 22.02320 28.26080 35.99590 52.87550 47.92370 52.57710 71.15550 71.26390 67.55390 63.74920 48.54420 55.51380 42.26850 34.44550 28.59280 27.13740 17.48730 15.57070 8.42920 8.90905 6.55815 5.77709 15.56960 12.62970 9.83198 9.47361 1.53636 1.30903 1.99303 1.86989 -9999 -9999 -9999 -9999 -9999 -9999 -9999 -9999 -9999 -9999 -9999 -9999 -9999 -9999 -9999 21.87440 31.32940 -9999 -9999 -9999 -9999 47.71220 76.10660 93.82120 92.82680 82.67240 92.18400 106.50300 99.71210 114.83900 117.44700
0.18290 1.05386 0.44082 0.71477 1.65608 2.76652 5.18984 6.59432 3.74242 4.98580 11.50450 22.04710 24.93650 21.98490 39.14300 25.37210 46.66080 45.71300 55.24880 56.97800 57.91320 56.65960 47.59210 33.31610 35.73430 30.53250 25.20070 20.83670 15.20420 13.61760 8.38936 7.81953 5.59589 10.53920 16.42990 12.17260 9.98063 11.73530 3.14712 0.64739 1.14291 1.12006 0.00000 1.56665 10.46570 5.98483 18.12900 24.69700 25.92460 31.03660 36.32810 37.54450 47.64930 49.23830 18.20200 17.84570 25.91240 29.28480 28.22490 -9999 -9999 -9999 -9999 -9999 56.96490 70.06470 93.89390 106.41500 125.54600 127.50100 135.48000 142.28700 142.79700
0.00000 3.63665 0.89891 0.46092 1.70190 2.52195 2.91302 2.94636 1.25735 2.51661 5.07542 10.92840 31.66650 36.52630 26.23280 39.83730 42.24550 25.34630 42.16280 44.44550 54.86450 54.45880 51.46730 47.78400 31.80990 30.01240 33.30900 41.22270 33.20050 31.19270 38.57310 29.84070 31.23770 37.92350 26.37360 31.64400 23.56200 25.86470 20.26050 20.81370 20.73400 15.84360 17.08330 17.40420 33.49240 26.55760 25.11860 34.07480 18.79260 29.53570 26.39580 37.72520 57.38940 37.70690 48.71710 52.54600 47.83500 40.07600 50.24610 58.33200 52.40630 44.01100 23.79890 25.35190 37.49540 42.04610 59.86410 78.48330 123.12100 129.97400 151.24600 172.92101 193.53400
0.00000 5.32396 5.63002 1.92883 2.13080 3.72783 1.34480 1.94264 0.24152 1.90130 2.06369 11.16580 23.54670 40.17030 21.79580 20.32320 42.77280 46.06630 45.07020 30.53300 40.48820 38.10770 43.32620 30.95360 28.15010 22.04170 42.29050 46.68000 45.26530 46.09320 41.87280 30.14850 28.39410 32.25420 25.42030 23.46120 21.46040 29.43010 19.65440 11.04390 9.03400 23.69340 30.81180 20.81020 19.02400 12.70260 23.16050 21.50370 25.89300 17.52070 26.02730 20.18230 30.65040 50.08430 54.05130 52.96700 54.49210 62.83540 67.30530 101.27100 85.70130 62.33320 26.69130 24.44880 27.98620 27.14940 45.59640 80.00120 138.87700 146.61000 173.78900 188.90800 217.09801
9.86245 0.03641 1.39588 0.31852 0.80663 4.21514 0.01363 0.00064 0.24871 0.20608 5.05633 11.16720 12.14020 19.20520 19.07470 18.96340 25.16420 47.08110 33.54520 21.42600 18.44390 17.16630 19.75430 23.16510 19.32050 27.87670 37.52520 35.20400 30.38480 29.46690 31.26540 31.63900 27.82600 25.07550 25.88640 20.51660 21.25850 25.04440 16.51200 13.08570 16.66440 25.15910 25.65370 15.73740 11.31600 6.96675 7.89304 10.20910 15.10830 16.78580 24.30850 25.35850 29.82490 29.61850 26.77950 46.69740 52.33520 64.01720 68.35940 85.30010 95.70520 77.85400 92.47730 82.29840 91.45030 89.85440 79.00780 98.62720 118.63800 130.65401 153.47400 181.53700 208.97900
12.32700 12.60910 4.89315 0.12755 0.91448 4.28199 0.54002 0.41633 2.20074 3.65951 12.19890 8.40014 5.07521 5.93420 5.80626 11.74280 19.09300 19.81390 26.58560 13.76560 14.92400 10.57240 13.34040 11.34570 16.69450 8.70267 36.96190 29.87970 22.23810 30.41700 30.62660 22.80310 8.96440 11.04430 17.34410 17.25680 12.10060 14.44870 15.79830 12.26800 5.29652 8.08232 5.52100 7.78272 8.58009 20.04780 14.32360 17.26310 27.74630 24.41910 24.30790 24.84470 34.72620 43.93730 45.44940 67.71100 52.27430 45.60830 49.50360 54.43910 53.44440 79.38030 118.27700 104.91700 140.49300 119.24400 88.77620 96.42510 108.11400 83.53130 105.51500 157.02699 202.10300
13.74650 24.50410 37.54750 5.51731 0.82864 0.23883 0.19080 0.67139 0.97638 5.69617 38.85770 61.59900 29.73050 17.29420 1.25877 1.60969 5.35516 6.43336 15.05630 15.01340 15.60170 9.48754 4.37343 6.76949 8.98104 4.80958 14.52580 16.48950 13.42300 9.06926 10.28990 9.82206 3.94522 4.48192 15.90680 22.86100 21.10780 18.31200 17.41950 18.97940 15.97950 16.69050 9.87790 13.01840 18.45170 17.31570 8.34003 14.51450 11.76210 15.73500 29.02730 29.48260 28.43590 37.62170 49.67780 68.79310 62.33060 94.28530 94.16530 88.45380 82.56850 78.97900 83.48700 84.87500 109.14600 122.44400 85.34840 85.13290 91.33110 74.31680 79.68110 118.90600 195.19299
33.07100 36.98770 38.48600 30.65800 26.21080 18.27400 5.34935 2.54976 0.76767 2.35480 14.08770 29.47700 39.60320 43.05720 27.99510 20.79450 8.26951 8.09761 9.50676 13.59800 11.30720 10.50720 8.27367 6.66965 2.18367 2.16564 13.32940 10.99280 5.72347 10.79360 16.20740 15.92610 7.60429 6.85446 19.60360 21.95400 23.23430 23.58490 18.26100 20.19980 11.84480 21.43450 8.88799 12.81130 15.42610 14.05550 9.67116 15.30450 36.59960 34.81950 55.66590 63.96600 61.11630 70.59620 87.36700 64.65500 73.43110 100.44600 86.85620 93.49710 93.98530 68.57350 78.83960 83.70950 120.15300 105.12800 67.62920 66.25620 64.66400 61.78320 76.59850 145.82100 182.70300
9.09651 7.46452 20.31800 29.35830 21.33990 11.64920 12.90450 6.74439 2.09262 8.07307 5.44765 4.23104 4.30057 6.40876 11.26210 27.95340 29.13050 23.56080 12.03350 9.44599 11.23140 11.30690 3.91337 2.86558 1.15164 4.50025 10.75290 8.83281 10.86590 11.55790 7.44800 6.37988 7.05257 3.35087 3.21485 4.06996 11.33010 9.26041 16.15360 14.31370 14.19210 18.06630 12.90590 23.72280 35.58570 24.78110 50.74240 82.86090 96.68470 95.07630 120.09900 161.37700 137.66400 166.92000 99.20570 128.47099 91.55750 75.74130 106.17300 98.51680 102.51300 100.60100 95.77410 74.37900 39.39530 36.38890 71.19010 109.75200 64.75640 44.50930 122.30500 179.14000 131.30299
1.84503 2.57115 14.87870 25.51100 18.36590 22.88520 20.30360 12.56820 2.90125 12.41680 16.82480 9.33523 31.05160 29.10850 42.70660 3.37670 15.05840 55.62820 42.23010 31.29880 25.89060 3.27217 0.00097 0.72437 1.78706 5.71474 5.32725 5.16405 10.66290 10.71150 3.74539 3.23671 1.03754 1.89109 3.39236 3.33720 8.26329 7.89899 34.28170 24.03910 16.30700 21.24520 4.93365 6.07922 18.45830 25.02340 61.76670 89.02740 109.02800 105.44600 109.09400 130.93600 163.88000 177.55400 134.08701 143.80499 92.06790 84.45120 74.62840 87.41680 99.16540 122.03600 59.39210 91.46470 83.10620 49.88180 48.09340 85.52760 45.89740 48.04670 90.15880 91.19760 112.95700
4.87908 4.62871 6.38041 6.75945 8.71749 13.52990 7.71181 8.90363 12.70400 6.00595 5.60763 4.72549 16.50060 24.54780 29.61570 35.64130 13.25020 2.57807 13.64970 18.44980 12.57170 7.97378 3.02031 1.45788 2.15095 1.70743 10.64080 7.95433 12.50450 11.94410 4.32122 3.95434 2.27861 2.20159 3.16517 4.05997 6.48795 9.80781 46.31820 48.44990 36.95860 33.25090 7.39587 4.38177 16.32330 26.16380 59.52600 102.76700 124.35900 103.44700 100.05900 157.39301 137.71800 132.86000 135.90700 120.77400 149.90199 118.81900 147.64500 128.80600 104.47800 73.63770 42.43590 83.32550 51.66170 40.56930 69.48080 65.19250 55.63150 82.98300 103.52100 95.88910 134.39101
7.05757 7.00432 6.70241 5.03035 6.23400 7.17492 5.30912 4.03021 3.62580 13.34160 10.09240 3.95270 3.20448 11.42040 11.28560 15.16250 30.51950 22.71530 14.26660 4.47557 0.57078 1.94104 8.06898 5.55679 0.00000 0.00000 8.09489 9.95527 6.38267 7.21229 0.39790 0.40589 1.26748 3.45432 4.47615 13.48430 8.09125 17.10540 87.18050 59.97370 44.84900 72.36150 51.40480 26.04510 18.94860 28.37540 39.02790 63.64450 98.52500 65.10490 55.18640 59.36730 42.84250 64.93780 86.98520 115.83300 84.19890 115.35600 124.54900 132.51700 94.82820 84.73860 52.88790 48.41400 35.97460 36.84390 53.08910 79.16450 85.64830 73.84310 89.92570 150.13000 179.49699
7.17903 7.46384 13.18940 7.66803 5.37655 3.92748 4.44111 4.22381 1.89871 3.43330 17.75220 10.75880 0.54873 0.58938 6.85172 13.80380 20.88950 25.05970 14.72030 12.85540 10.95350 8.85075 9.57524 8.49035 11.58390 3.52714 1.79080 5.83009 3.15440 3.85298 2.96409 11.80940 14.72160 6.97693 5.12267 18.66640 15.43890 10.98390 35.67510 44.64820 55.50500 43.07550 37.75030 33.46450 19.41340 27.69410 27.43210 43.71050 60.77160 71.49930 72.19070 91.03950 115.41500 123.47800 108.79100 67.54790 72.97150 57.90010 59.91680 77.87490 67.53790 62.17540 67.01830 60.30870 55.96360 58.60880 102.59000 130.66200 151.30200 140.19099 121.45800 163.44600 116.21000
9.89033 10.27790 31.80320 7.79376 5.98825 2.81430 4.99046 3.43111 0.14944 1.10848 4.89875 20.49470 2.71084 2.69026 8.44053 3.65882 6.56879 4.40062 30.68010 11.51470 8.48045 8.21579 7.26371 8.70030 25.24640 11.57340 2.34771 2.21207 14.40490 10.64900 6.90859 12.19220 18.50910 8.61440 6.03852 11.37890 26.46210 26.08800 35.66070 42.48740 46.58580 51.83010 32.99390 38.29010 9.94765 21.87590 37.10830 42.19620 58.26650 74.94600 65.71110 54.28260 89.77970 72.72390 76.09190 59.89720 58.57250 64.60950 67.49500 78.41520 69.55970 74.74260 132.38800 119.72100 120.53300 117.68400 125.37300 90.63840 125.00100 147.09200 145.58000 188.30400 255.09399
19.35510 17.69660 36.42760 29.54970 33.66780 7.82619 8.77526 6.77247 3.98675 9.76483 3.07562 8.03343 20.04870 12.39740 0.75275 0.41264 3.90666 3.18473 11.80450 19.51070 21.27180 14.40770 14.53990 8.32818 14.15840 10.52630 0.00000 2.96868 7.51920 10.34900 10.06150 8.19047 16.49340 21.23070 15.97710 39.92610 72.68110 99.04810 61.00110 60.40280 67.49620 34.72270 27.22210 17.40860 2.82225 0.04274 3.46065 3.34994 7.09596 8.67979 23.87500 45.07710 63.12550 75.60660 82.08290 54.87280 62.50220 59.76170 69.84970 76.43340 129.23500 188.81400 248.60300 226.87000 239.19701 246.52699 210.24500 187.55299 204.82401 210.78900 242.16400 244.40199 229.78200
18.11140 13.80840 41.99660 50.68770 44.85330 21.32160 22.85290 35.21200 36.47620 26.32030 12.96440 28.20910 18.20320 11.93220 8.11530 2.63820 1.22111 2.20718 15.20290 21.97770 40.22360 27.95820 14.36120 10.89920 24.07610 14.23050 3.57010 14.24520 11.86040 7.04030 16.31810 14.87090 31.72680 23.56230 35.18670 36.90600 75.54720 84.86200 54.92740 24.46150 34.56170 9.76032 7.27240 4.63635 0.32858 0.27374 9.29145 5.93238 -9999 -9999 16.83850 23.41110 13.45150 43.92020 66.08210 58.92830 61.29630 91.44030 103.12900 179.10699 241.58299 263.48300 301.39600 320.61600 329.18600 361.12500 287.06699 229.05901 252.30400 190.44701 248.41701 212.15500 166.70599
14.81670 24.48830 24.82440 19.58210 29.36570 25.38890 38.60470 55.21700 35.36780 45.41610 24.23930 27.22640 13.11030 9.86721 24.75660 18.60430 8.43984 14.65120 21.31240 18.99890 32.73610 50.09220 60.04710 32.23200 26.66180 10.44680 9.84571 16.95930 17.54720 8.55389 6.67030 9.19926 35.87540 44.57120 94.76240 40.25700 17.21880 -9999 -9999 -9999 -9999 3.43952 -9999 10.63200 28.01770 12.81790 16.32470 0.00000 -9999 -9999 27.59820 30.24480 31.58650 34.40640 36.18020 57.95390 80.76930 129.49100 153.64799 195.92799 242.81100 273.39700 264.39401 382.83499 364.62900 359.19400 275.32300 246.90500 237.84100 162.47000 -9999 -9999 -9999
13.37230 26.52820 17.87690 5.61786 37.88820 25.57430 10.02790 18.14470 16.82900 25.68150 21.59000 31.95670 20.35600 7.58595 20.33430 27.73970 29.28700 21.05240 38.01720 17.85530 38.33950 43.75920 39.04750 25.99420 23.32480 26.51700 18.30680 18.60270 24.14120 29.37320 22.49430 16.16580 77.06010 39.33720 40.71370 -9999 -9999 -9999 -9999 -9999 -9999 -9999 2.08234 5.11948 5.66864 -9999 -9999 -9999 -9999 -9999 8.00516 15.69230 82.28380 56.97260 105.99300 90.34740 78.42520 141.18201 99.66630 123.66600 178.08701 232.40300 210.84599 202.37601 261.89099 359.11801 281.30099 166.11000 -9999 -9999 -9999 -9999 -9999
