data/hydroclimate-scenarios/BCSD_hadcm_B1/monthly_summaries/swe_monthly_day1_oct.2030-2059.asc
ncols	311
nrows	91
xllcenter	102.75
yllcenter	31.75
cellsize	0.5
NODATA_value	-9999
[rows 0 to 32 of 91, columns 219 to 291 of 311]
-9999 -9999 -9999 -9999 -9999 -9999 -9999 -9999 -9999 -9999 -9999 -9999 -9999 -9999 -9999 -9999 -9999 -9999 -9999 -9999 -9999 -9999 -9999 -9999 -9999 -9999 -9999 -9999 -9999 -9999 -9999 -9999 -9999 -9999 -9999 -9999 -9999 -9999 -9999 -9999 -9999 -9999 -9999 -9999 -9999 -9999 -9999 -9999 -9999 -9999 -9999 -9999 -9999 -9999 -9999 -9999 -9999 -9999 -9999 -9999 -9999 -9999 -9999 -9999 -9999 -9999 -9999 -9999 -9999 -9999 -9999 -9999 -9999
-9999 -9999 -9999 -9999 -9999 -9999 -9999 -9999 -9999 -9999 -9999 -9999 -9999 -9999 -9999 -9999 -9999 -9999 -9999 -9999 -9999 -9999 -9999 -9999 -9999 -9999 -9999 -9999 -9999 -9999 -9999 -9999 -9999 -9999 -9999 -9999 -9999 -9999 -9999 -9999 -9999 -9999 -9999 -9999 -9999 -9999 -9999 -9999 -9999 -9999 -9999 -9999 -9999 -9999 -9999 -9999 -9999 -9999 -9999 -9999 -9999 -9999 -9999 -9999 -9999 -9999 -9999 -9999 -9999 -9999 -9999 -9999 -9999
-9999 -9999 -9999 -9999 -9999 -9999 -9999 -9999 -9999 -9999 -9999 -9999 -9999 -9999 -9999 -9999 -9999 -9999 -9999 -9999 -9999 -9999 -9999 -9999 -9999 -9999 -9999 -9999 -9999 -9999 -9999 -9999 -9999 -9999 -9999 -9999 -9999 -9999 -9999 -9999 -9999 -9999 -9999 -9999 -9999 -9999 -9999 -9999 -9999 -9999 -9999 -9999 -9999 -9999 -9999 -9999 -9999 -9999 -9999 -9999 -9999 -9999 -9999 -9999 -9999 -9999 -9999 -9999 -9999 -9999 -9999 -9999 -9999
-9999 -9999 -9999 -9999 -9999 -9999 -9999 -9999 -9999 -9999 -9999 -9999 -9999 -9999 -9999 -9999 -9999 -9999 -9999 -9999 -9999 -9999 -9999 -9999 -9999 -9999 -9999 -9999 -9999 -9999 -9999 -9999 -9999 -9999 -9999 -9999 -9999 -9999 -9999 -9999 -9999 -9999 -9999 -9999 -9999 -9999 -9999 -9999 -9999 -9999 -9999 -9999 -9999 -9999 -9999 -9999 -9999 -9999 -9999 -9999 -9999 -9999 -9999 -9999 -9999 -9999 -9999 -9999 -9999 -9999 -9999 -9999 -9999
-9999 -9999 -9999 -9999 -9999 -9999 -9999 -9999 -9999 -9999 -9999 -9999 -9999 -9999 -9999 -9999 -9999 -9999 -9999 -9999 -9999 -9999 -9999 -9999 -9999 -9999 -9999 -9999 -9999 -9999 -9999 -9999 -9999 -9999 -9999 -9999 -9999 -9999 -9999 -9999 -9999 -9999 -9999 -9999 -9999 -9999 -9999 -9999 -9999 -9999 -9999 -9999 -9999 -9999 -9999 -9999 -9999 -9999 -9999 -9999 -9999 -9999 -9999 -9999 -9999 -9999 -9999 -9999 -9999 -9999 -9999 -9999 -9999
-9999 -9999 -9999 -9999 -9999 -9999 -9999 -9999 -9999 -9999 -9999 -9999 -9999 -9999 -9999 -9999 -9999 -9999 -9999 -9999 -9999 -9999 -9999 -9999 -9999 -9999 -9999 -9999 -9999 -9999 -9999 -9999 -9999 -9999 -9999 -9999 -9999 -9999 -9999 -9999 -9999 -9999 -9999 -9999 -9999 -9999 -9999 -9999 -9999 -9999 -9999 -9999 -9999 -9999 -9999 -9999 -9999 -9999 -9999 -9999 -9999 -9999 -9999 -9999 -9999 -9999 -9999 -9999 -9999 -9999 -9999 -9999 -9999
-9999 -9999 -9999 -9999 -9999 -9999 -9999 -9999 -9999 -9999 -9999 -9999 -9999 -9999 -9999 -9999 -9999 -9999 -9999 -9999 -9999 -9999 -9999 -9999 -9999 -9999 -9999 -9999 -9999 -9999 -9999 -9999 -9999 -9999 -9999 -9999 -9999 -9999 -9999 -9999 -9999 -9999 -9999 -9999 -9999 -9999 -9999 -9999 -9999 -9999 -9999 -9999 -9999 -9999 -9999 -9999 -9999 -9999 -9999 -9999 -9999 -9999 -9999 -9999 -9999 -9999 -9999 -9999 -9999 -9999 -9999 -9999 -9999
-9999 -9999 -9999 -9999 -9999 -9999 -9999 -9999 -9999 -9999 -9999 -9999 -9999 -9999 -9999 -9999 -9999 -9999 -9999 -9999 -9999 -9999 -9999 -9999 -9999 -9999 -9999 -9999 -9999 -9999 -9999 -9999 -9999 -9999 -9999 -9999 -9999 -9999 -9999 -9999 -9999 -9999 -9999 -9999 -9999 -9999 -9999 -9999 -9999 -9999 -9999 -9999 -9999 -9999 -9999 -9999 -9999 -9999 -9999 -9999 -9999 -9999 -9999 -9999 -9999 -9999 -9999 -9999 -9999 -9999 -9999 -9999 -9999
-9999 -9999 -9999 -9999 -9999 -9999 -9999 -9999 -9999 -9999 -9999 -9999 -9999 -9999 -9999 -9999 -9999 -9999 -9999 -9999 -9999 -9999 -9999 -9999 -9999 -9999 -9999 -9999 -9999 -9999 -9999 -9999 -9999 -9999 -9999 -9999 -9999 -9999 -9999 -9999 -9999 -9999 -9999 -9999 -9999 -9999 -9999 -9999 -9999 -9999 -9999 -9999 -9999 -9999 -9999 -9999 -9999 -9999 -9999 -9999 -9999 -9999 -9999 -9999 -9999 -9999 -9999 -9999 -9999 -9999 -9999 -9999 -9999
-9999 -9999 -9999 -9999 -9999 -9999 -9999 -9999 -9999 -9999 -9999 -9999 -9999 -9999 -9999 -9999 -9999 -9999 -9999 -9999 -9999 -9999 -9999 -9999 -9999 -9999 -9999 -9999 -9999 -9999 -9999 -9999 -9999 -9999 -9999 -9999 -9999 -9999 -9999 -9999 -9999 -9999 -9999 -9999 -9999 -9999 -9999 -9999 -9999 -9999 -9999 -9999 -9999 -9999 -9999 -9999 -9999 -9999 -9999 -9999 -9999 -9999 -9999 -9999 -9999 -9999 -9999 -9999 -9999 -9999 -9999 -9999 -9999
-9999 -9999 -9999 -9999 -9999 -9999 -9999 -9999 -9999 -9999 -9999 -9999 -9999 -9999 -9999 -9999 -9999 -9999 -9999 -9999 -9999 -9999 -9999 -9999 -9999 -9999 -9999 -9999 -9999 -9999 -9999 -9999 -9999 -9999 -9999 -9999 -9999 -9999 -9999 -9999 -9999 -9999 -9999 -9999 -9999 -9999 -9999 -9999 -9999 -9999 -9999 -9999 -9999 -9999 -9999 -9999 -9999 -9999 -9999 -9999 -9999 -9999 -9999 -9999 -9999 -9999 -9999 -9999 -9999 -9999 -9999 -9999 -9999
-9999 -9999 -9999 -9999 -9999 -9999 -9999 -9999 -9999 -9999 -9999 -9999 -9999 -9999 -9999 -9999 -9999 -9999 -9999 -9999 -9999 -9999 -9999 -9999 -9999 -9999 -9999 -9999 -9999 -9999 -9999 -9999 -9999 -9999 -9999 -9999 -9999 -9999 -9999 -9999 -9999 -9999 -9999 -9999 -9999 -9999 -9999 -9999 -9999 -9999 -9999 -9999 -9999 -9999 -9999 -9999 -9999 -9999 -9999 -9999 -9999 -9999 -9999 -9999 -9999 -9999 -9999 -9999 -9999 -9999 -9999 -9999 -9999
-9999 -9999 -9999 -9999 -9999 -9999 -9999 -9999 -9999 -9999 -9999 -9999 -9999 -9999 -9999 -9999 -9999 -9999 -9999 -9999 -9999 -9999 -9999 -9999 -9999 -9999 -9999 -9999 -9999 -9999 -9999 -9999 -9999 -9999 -9999 -9999 -9999 -9999 -9999 -9999 -9999 -9999 -9999 -9999 -9999 -9999 -9999 -9999 -9999 -9999 -9999 -9999 -9999 -9999 -9999 -9999 -9999 -9999 -9999 -9999 -9999 -9999 -9999 -9999 -9999 -9999 -9999 -9999 -9999 -9999 -9999 -9999 -9999
-9999 -9999 -9999 -9999 -9999 -9999 -9999 -9999 -9999 -9999 -9999 -9999 -9999 -9999 -9999 -9999 -9999 -9999 -9999 -9999 -9999 -9999 -9999 -9999 -9999 -9999 -9999 -9999 -9999 -9999 -9999 -9999 -9999 -9999 -9999 -9999 -9999 -9999 -9999 -9999 -9999 1.20354 -9999 -9999 -9999 -9999 -9999 -9999 -9999 -9999 -9999 -9999 -9999 -9999 -9999 -9999 -9999 -9999 -9999 -9999 -9999 -9999 -9999 -9999 -9999 -9999 -9999 -9999 -9999 -9999 -9999 -9999 -9999
2.83894 2.97911 3.19909 3.68941 4.51474 6.37476 6.03854 5.68672 6.12418 6.26030 6.15088 4.94915 38.88920 -9999 -9999 -9999 -9999 -9999 -9999 -9999 -9999 -9999 -9999 -9999 -9999 -9999 -9999 -9999 -9999 -9999 -9999 -9999 -9999 -9999 -9999 -9999 0.89927 1.40614 0.92293 0.79559 1.59487 1.97548 1.32732 -9999 -9999 -9999 1.85932 -9999 -9999 -9999 4.83476 5.69168 5.47215 -9999 -9999 -9999 -9999 -9999 -9999 -9999 -9999 -9999 -9999 -9999 -9999 -9999 -9999 -9999 -9999 -9999 -9999 -9999 -9999
3.72577 0.00000 0.00000 0.00000 0.00000 0.00000 0.00000 0.47995 1.41303 0.32444 0.00000 0.00000 0.00000 0.00000 0.44454 3.84136 9.95831 9.49406 3.24123 -9999 -9999 -9999 -9999 -9999 2.41718 2.11704 3.53539 3.53652 3.10591 2.91677 0.85697 0.76347 1.43411 1.46730 1.32878 1.43940 0.77402 0.95324 0.34674 0.76912 1.16076 1.61119 1.68705 1.95235 1.38661 1.27089 2.01822 1.94336 2.80582 3.67965 5.33354 5.99394 6.43421 6.53465 5.57274 5.02571 4.18070 3.12001 -9999 -9999 -9999 -9999 -9999 -9999 -9999 -9999 -9999 -9999 -9999 -9999 -9999 -9999 -9999
0.00000 0.00000 0.00000 0.00000 0.00000 0.00000 0.00000 0.00000 0.00000 0.00000 0.00000 0.00000 0.00000 0.62067 2.96272 3.23337 6.29015 6.09630 3.55508 3.59236 5.13208 5.47619 4.59405 3.91860 4.50116 4.08257 5.02324 5.30848 4.45113 4.08389 1.88319 1.72081 2.91408 2.73981 1.43373 1.33217 1.26728 1.23061 2.36875 2.48397 1.22821 1.43102 1.64931 1.89608 2.41477 2.33680 2.68489 2.61691 2.93869 3.06313 4.55646 4.90937 3.89694 3.65264 3.70316 3.91648 5.26651 5.71011 4.33292 3.69357 3.27955 3.11114 3.26451 3.01568 3.99690 3.66915 -9999 -9999 -9999 -9999 -9999 -9999 -9999
0.00000 0.00000 0.00000 0.00000 0.00000 0.00000 0.00000 0.00000 0.00000 0.00000 0.01836 2.31424 6.19156 6.93347 7.77011 6.93011 4.93227 5.12321 2.89409 2.87116 3.02031 4.42262 4.02596 3.88699 5.67504 4.04792 4.22577 4.63295 4.68717 4.76651 2.65410 2.28887 2.81108 2.50627 1.39300 1.28407 0.78519 0.64944 2.24870 2.20047 1.45158 1.59543 1.55889 1.76972 1.97043 2.17978 2.18710 2.47666 2.69000 2.82942 4.52833 4.53584 3.01111 2.99834 2.91550 2.99497 4.82582 5.05883 2.43838 2.41613 3.07709 2.94397 3.62270 3.42640 4.38352 3.62542 -9999 2.69313 -9999 -9999 -9999 -9999 -9999
7.65563 0.00000 1.98354 7.01306 4.57367 4.17176 0.52653 1.02249 0.00000 3.25785 2.15961 0.84165 2.63818 2.59450 4.30343 4.58781 7.50910 7.66745 3.14946 3.72341 3.10338 2.14929 3.20032 3.23515 6.42698 4.69772 3.49713 3.53303 2.62799 2.81437 1.15213 0.98877 1.55203 1.51629 1.92591 1.49150 1.67782 1.77971 1.60750 1.71878 2.36307 2.49058 2.14992 2.36466 1.73067 1.84406 1.43163 1.52349 2.57204 2.65376 2.55497 2.93220 2.14346 2.15406 2.61683 2.66792 4.59298 4.70799 2.66911 2.77490 2.20237 2.22255 3.78970 3.73008 2.22080 2.07072 1.26171 -9999 -9999 -9999 -9999 -9999 -9999
5.27451 5.67159 3.02301 2.17813 0.91125 0.85704 0.84075 0.73564 2.54905 2.57483 1.92726 1.91555 5.04721 5.16519 2.44402 3.45588 5.05651 5.52704 2.10325 2.65681 2.31900 2.45668 5.99028 3.64394 7.06616 6.28265 4.07807 4.52549 2.60116 2.22908 0.74500 0.68397 1.23516 1.25607 1.60004 1.37691 1.53746 1.76138 1.53835 1.40802 1.61202 1.84369 1.88699 2.07370 1.27098 1.47639 1.21077 1.34440 2.16991 2.38114 2.39318 2.56077 1.95713 1.98966 2.50325 2.50537 4.24977 4.24689 2.35736 2.33931 1.68961 1.60716 3.10423 3.39634 1.62517 1.92723 1.50292 1.30751 -9999 -9999 -9999 -9999 -9999
2.95466 2.70810 0.78250 0.75020 0.43503 0.51521 1.22468 1.16192 2.23982 2.33612 3.72421 3.68964 3.27801 3.00813 1.46019 1.26853 3.18327 1.65024 0.93248 1.44176 4.66367 5.41229 5.00877 4.61388 2.73246 2.65371 1.54491 1.62109 1.43638 1.25157 0.83216 0.83422 1.40274 1.23084 2.09172 1.92090 0.78037 0.80449 0.76173 0.67677 1.70133 2.06256 1.24923 1.43410 1.68067 2.19803 1.75116 1.73587 1.34850 1.13914 1.59963 1.50625 1.30150 0.95033 1.11064 1.09437 1.36478 1.47168 2.26756 2.28274 1.08227 1.26116 2.53920 2.55425 3.79614 3.85748 2.80020 3.05292 3.74633 3.71063 3.15983 3.39591 -9999
1.71003 1.87828 0.73663 0.72737 0.49332 0.57100 0.97292 1.13922 1.89996 1.89712 3.22182 3.18936 3.97299 3.57545 0.91270 0.18550 0.00038 0.44588 0.90915 1.52829 4.95631 4.85696 4.14235 4.06673 2.00467 2.88880 1.93523 1.54928 0.79290 0.80787 0.93526 0.98007 1.41440 1.28575 2.12703 2.05964 0.76337 0.63140 0.60813 0.71905 1.79721 1.90317 1.01199 1.11638 1.97883 1.98545 1.66450 1.48626 0.93673 0.91440 1.03606 1.21361 0.87424 0.69699 0.76913 0.78302 1.38498 1.44921 2.24802 2.03598 0.59494 0.75923 1.75976 2.12355 3.18492 3.21082 1.96722 2.02757 2.87699 3.02041 2.53712 2.98704 2.77257
2.34199 2.93174 2.49754 3.36506 2.38559 1.84613 0.82649 0.58712 2.20689 2.28328 1.56113 1.18609 3.03238 3.64186 1.51048 0.82311 0.02959 0.31988 0.77941 1.52284 1.04418 1.08902 1.85740 2.12927 1.18140 1.19156 0.55773 0.73420 1.18207 1.20907 1.78761 1.67283 1.97884 1.96968 2.14743 1.70399 1.60396 1.41077 2.10347 2.51222 1.64782 2.12562 1.91218 1.79226 1.00632 1.14201 0.69641 0.58913 1.48065 1.54843 1.34549 1.57963 0.85737 0.58456 0.62842 1.04458 0.31781 0.31666 0.65311 0.66139 0.95835 1.02328 2.14703 2.39890 5.37373 5.52821 5.07414 5.20445 2.12906 2.42060 1.69335 1.77437 3.73496
1.73292 2.12491 2.38328 3.45381 4.73610 5.00492 4.79870 3.54116 4.77746 2.98924 1.52151 1.52179 3.61611 3.64802 1.80880 0.66188 0.27037 0.28482 0.53843 0.68463 0.40447 0.51969 0.61945 1.10182 1.19285 1.46010 0.81651 0.70901 0.87062 0.65791 0.63606 1.06813 1.71328 1.96365 2.17300 2.64526 3.53876 3.54399 4.35986 4.23118 2.60775 1.93760 1.59012 1.72504 0.53223 0.38852 0.73243 0.79198 1.61900 1.79720 1.66263 1.61455 0.60513 0.57860 1.05057 0.68431 0.25475 0.27663 0.59606 0.50588 0.80063 0.82747 1.66659 1.91763 4.14703 4.73331 4.82952 5.06598 1.96268 2.25034 1.50050 1.60438 2.89923
0.21631 0.27207 1.17221 1.72279 2.63787 4.08122 4.27619 3.11269 0.57984 2.08230 0.00000 0.55022 1.24115 3.14296 1.54769 0.34559 0.00000 0.00000 0.01480 0.06629 0.00000 0.16615 0.16543 0.16817 0.13605 0.21579 0.29925 0.22064 0.02879 0.12431 0.24007 0.26222 0.82542 1.50380 1.38643 1.76605 0.66336 0.65904 2.69999 3.35550 3.57098 4.06910 2.13353 1.21899 0.58618 0.43275 0.28623 0.63698 1.55138 1.56873 1.05338 0.81272 0.29464 0.29978 0.61432 0.84555 1.12414 1.19104 0.87699 0.74769 0.38370 0.54561 1.09631 1.32558 1.84637 2.35220 2.60521 3.02442 2.22636 2.35199 2.29665 2.48953 1.85803
0.65829 0.47580 0.52972 0.56769 1.13939 1.50299 2.27904 4.26578 7.01671 2.56761 0.96223 0.60140 0.74169 0.71323 0.63178 0.50011 0.04212 0.10186 0.11193 0.02611 0.00210 0.03728 0.15176 0.31403 0.45308 0.48582 0.44533 0.44197 0.23886 0.22345 0.62748 0.61945 1.30998 1.73264 1.58195 1.54605 0.91700 1.19142 4.18058 4.30066 4.42540 4.47501 3.96812 2.79533 1.27150 0.83378 0.27695 0.51782 1.94746 1.27532 1.05660 1.04883 0.37901 0.29595 0.56143 0.58703 0.91324 0.94709 1.03122 0.95727 0.34394 0.36184 0.97280 0.97095 1.14510 1.27284 2.24254 2.57947 1.99209 2.12511 2.30555 2.42974 1.83905
26.57570 25.49730 22.02150 16.55770 6.49391 11.57080 3.36920 2.24876 1.98065 1.76545 0.92711 1.01101 0.14270 0.21919 0.04115 0.00982 0.80614 0.74710 0.55034 0.53614 0.88087 0.61141 0.56330 0.85985 0.49250 0.52903 1.16264 1.02133 0.31301 0.42795 1.58415 2.00020 1.69613 2.49167 2.39060 3.21666 3.28649 3.98240 3.49458 3.92984 4.39089 4.39482 4.48446 4.37306 1.16392 0.57689 0.62020 0.38086 0.23460 0.34019 0.61519 0.55548 0.93717 0.73348 0.82504 0.71222 0.55898 0.60939 2.09706 1.96484 0.71551 0.66725 0.50046 0.54482 0.36483 0.41832 0.60006 0.82137 1.23596 1.40449 0.96559 1.13994 2.76269
8.79468 15.12680 16.96260 21.42200 12.45910 13.91840 14.98130 10.19040 7.51775 2.21437 0.62895 0.59177 2.60769 2.33406 3.40636 2.65003 1.20231 1.37444 0.48360 0.49919 0.54360 0.96431 0.40048 0.51310 0.37985 0.26449 0.65314 0.67053 0.45437 0.48817 1.71408 2.24062 1.64545 2.51900 2.81587 3.43848 3.82971 4.96733 4.40982 4.79994 5.96601 5.48243 4.79992 4.77079 1.80175 1.28653 1.03801 0.56010 0.16281 0.27390 0.70060 0.61021 0.75158 0.78097 0.86428 0.73411 0.46638 0.44988 2.08744 2.00508 0.66747 0.56698 0.29982 0.39605 0.26034 0.36385 0.62444 0.58716 1.10831 1.31668 0.61985 0.82848 2.53421
6.82172 3.16789 0.82021 0.97954 2.01132 2.10918 0.76027 1.13878 2.12832 3.36443 2.29498 0.69578 0.55976 0.49048 1.68611 1.34501 0.80601 0.25851 0.03407 0.00756 0.08958 0.23388 0.46209 0.74645 0.17026 0.15121 0.31282 0.22580 0.05654 0.05763 0.40073 0.53360 1.75528 2.57367 1.34862 2.26302 4.60817 5.83648 5.92323 6.34514 6.37978 6.05652 4.64228 4.23666 3.03677 2.82374 2.59794 1.05988 1.00483 0.66588 0.68671 0.63102 0.74408 0.76673 0.74887 0.76272 0.09480 0.06328 0.52355 0.48085 0.59551 0.53509 0.35770 0.29099 0.25834 0.33664 0.22198 0.15538 0.33567 0.37704 0.04756 0.09362 0.87283
8.57496 3.92436 0.48444 0.44568 0.74115 0.58823 1.87114 29.75630 36.54680 23.26470 22.72740 5.75672 3.21804 2.55395 1.30722 2.17665 2.70462 0.96582 0.37076 0.15631 0.10295 0.01655 0.09967 0.58177 0.10534 0.05077 0.24996 0.25178 0.05532 0.11588 0.49537 0.65943 2.25119 2.58473 1.14339 1.85549 3.85094 6.28967 5.97374 7.04145 6.76203 5.70399 4.91107 4.22834 3.05556 2.46337 3.32911 1.39211 1.06012 0.58942 0.45534 0.49852 0.62751 0.63663 0.70768 1.04650 0.21975 0.17400 0.74416 0.24959 0.23680 0.32384 0.19538 0.25149 0.34374 0.33121 0.15119 0.19208 0.19742 0.19017 0.00337 0.00434 0.24696
12.71220 16.71360 3.93181 1.08979 0.72513 0.21487 1.62117 12.54880 -9999 -9999 218.33900 44.23490 20.63420 13.65500 4.54234 4.03945 1.05486 0.62373 0.35567 0.16995 0.06012 0.08871 0.16322 0.11775 0.01075 0.00669 0.12480 0.27342 0.01412 0.01648 0.20250 0.49613 1.04814 1.41210 0.81228 1.48756 1.73691 2.97561 3.52707 3.87282 6.13465 4.88479 3.53420 2.77880 1.41753 1.49892 1.85657 1.26969 0.55616 0.42717 0.85432 0.85851 0.19748 0.18270 0.02838 0.05207 0.51985 0.49969 0.10531 0.09786 0.00891 0.00902 0.01372 0.01437 0.00617 0.02918 0.15110 0.22835 0.16270 0.14808 0.17272 0.17601 0.03583
-9999 -9999 -9999 45.68530 18.03750 2.98217 5.44704 4.89629 3.46698 2.33567 0.42949 10.27640 -9999 -9999 -9999 -9999 179.87700 2.02102 1.37569 0.63942 0.31769 0.18133 0.88483 0.64000 0.32588 0.11957 0.17610 0.32618 0.00008 0.39691 0.40430 0.52801 1.98546 2.54173 1.13155 1.32727 1.75442 1.44333 2.68082 2.62398 4.40027 3.17325 2.54641 1.70601 0.84460 0.82832 1.49666 1.23175 0.44895 0.27892 0.67438 0.68706 0.13917 0.14440 0.05765 0.04909 0.34981 0.27221 0.07461 0.06778 0.00760 0.02203 0.00607 0.00556 0.00182 0.00000 0.21808 0.21263 0.03623 0.03880 0.09333 0.12184 0.05659
-9999 -9999 -9999 1.05042 18.38300 69.07940 3.57282 12.82580 -9999 -9999 15.91460 43.87110 -9999 -9999 -9999 -9999 -9999 -9999 16.98110 4.75215 1.56997 0.59927 0.64146 0.96923 1.96387 0.69966 0.10271 0.04595 0.50234 0.87255 0.05564 0.10424 0.01555 0.21030 1.03190 0.65192 0.91790 0.74281 0.82821 0.85577 0.28445 0.25488 0.72848 0.48480 1.01293 0.97086 0.85362 0.47822 0.10198 0.04888 0.65616 0.71166 0.84629 0.71942 0.00403 0.00051 0.08500 0.04060 0.00006 0.00010 0.00007 0.00017 0.00015 0.00006 0.00000 0.00000 0.15327 0.14109 0.00347 0.00421 0.09132 0.09406 0.21873
