data/hydroclimate-scenarios/BCSD_hadcm_B1/monthly_summaries/tavg_monthly_avg_may.2030-2059.asc
ncols	311
nrows	91
xllcenter	102.75
yllcenter	31.75
cellsize	0.5
NODATA_value	-9999
[rows 0 to 31 of 91, columns 73 to 145 of 311]
-9999 -9999 -9999 -9999 -9999 -9999 -9999 -9999 -9999 -9999 -9999 -9999 -9999 -9999 -9999 -9999 -9999 -9999 -9999 -9999 -9999 -9999 -9999 -9999 -9999 -9999 -9999 -9999 -9999 -9999 -9999 -9999 -9999 -9999 -9999 -9999 -9999 -9999 -9999 -9999 -9999 -9999 -9999 -9999 -9999 -9999 -9999 -9999 -9999 -9999 -9999 -9999 -9999 -9999 -9999 -9999 -9999 -9999 -9999 -9999 -9999 -9999 -9999 -9999 -9999 -9999 -9999 -9999 -9999 -9999 -9999 -9999 -9999
-9999 -9999 -9999 -9999 -9999 -9999 -9999 -9999 -9999 -9999 -9999 -9999 -9999 -9999 -9999 -9999 -9999 -9999 -9999 -9999 -9999 -9999 -9999 -9999 -9999 -9999 -9999 -9999 -9999 -9999 -9999 -9999 -9999 -9999 -9999 -9999 -9999 -9999 -9999 -9999 -9999 -9999 -9999 -9999 -9999 -9999 -9999 -9999 -9999 -9999 -9999 -9999 -9999 -9999 -9999 -9999 -9999 -9999 -9999 -9999 -9999 -9999 -9999 -9999 -9999 -9999 -9999 -9999 -9999 -9999 -9999 -9999 -9999
-9999 -9999 -9999 -9999 -9999 -9999 -9999 -9999 -9999 -9999 -9999 -9999 -9999 -9999 -9999 -9999 -9999 -9999 -9999 -9999 -9999 -9999 -9999 -9999 -9999 -9999 -9999 -9999 -9999 -9999 -9999 -9999 -9999 -9999 -9999 -9999 -9999 -9999 -9999 -9999 -9999 -9999 -9999 -9999 -9999 -9999 -9999 -9999 -9999 -9999 -9999 -9999 -9999 -9999 -9999 -9999 -9999 -9999 -9999 -9999 -9999 -9999 -9999 -9999 -9999 -9999 -9999 -9999 -9999 -9999 -9999 -9999 -9999
-9999 -9999 -9999 -9999 -9999 -9999 -9999 -9999 -9999 -9999 -9999 -9999 -9999 -9999 -9999 -9999 -9999 -9999 -9999 -9999 -9999 -9999 -9999 -9999 -9999 -9999 -9999 -9999 -9999 -9999 -9999 -9999 -9999 -9999 -9999 -9999 -9999 -9999 -9999 -9999 -9999 -9999 -9999 -9999 -9999 -9999 -9999 -9999 -9999 -9999 -9999 -9999 -9999 -9999 -9999 -9999 -9999 -9999 -9999 -9999 -9999 -9999 -9999 -9999 -9999 -9999 -9999 -9999 -9999 -9999 -9999 -9999 -9999
-9999 -9999 -9999 -9999 -9999 -9999 -9999 -9999 -9999 -9999 -9999 -9999 -9999 -9999 -9999 -9999 -9999 -9999 -9999 -9999 -9999 -9999 -9999 -9999 -9999 -9999 -9999 -9999 -9999 -9999 -9999 -9999 -9999 -9999 -9999 -9999 -9999 -9999 -9999 -9999 -9999 -9999 -9999 -9999 -9999 -9999 -9999 -9999 -9999 -9999 -9999 -9999 -9999 -9999 -9999 -9999 -9999 -9999 -9999 -9999 -9999 -9999 -9999 -9999 -9999 -9999 -9999 -9999 -9999 -9999 -9999 -9999 -9999
-9999 -9999 -9999 -9999 -9999 -9999 -9999 -9999 -9999 -9999 -9999 -9999 -9999 -9999 -9999 -9999 -9999 -9999 -9999 -9999 -9999 -9999 -9999 -9999 -9999 -9999 -9999 -9999 -9999 -9999 -9999 -9999 -9999 -9999 -9999 -9999 -9999 -9999 -9999 -9999 -9999 -9999 -9999 -9999 -9999 -9999 -9999 -9999 -9999 -9999 -9999 -9999 -9999 -9999 -9999 -9999 -9999 -9999 -9999 -9999 -9999 -9999 -9999 -9999 -9999 -9999 -9999 -9999 -9999 -9999 -9999 -9999 -9999
-9999 -9999 -9999 -9999 -9999 -9999 -9999 -9999 -9999 -9999 -9999 -9999 -9999 -9999 -9999 -9999 -9999 -9999 -9999 -9999 -9999 -9999 -9999 -9999 -9999 -9999 -9999 -9999 -9999 -9999 -9999 -9999 -9999 -9999 -9999 -9999 -9999 -9999 -9999 -9999 -9999 -9999 -9999 -9999 -9999 -9999 -9999 -9999 -9999 -9999 -9999 -9999 -9999 -9999 -9999 -9999 -9999 -9999 -9999 -9999 -9999 -9999 -9999 -9999 -9999 -9999 -9999 -9999 -9999 -9999 -9999 -9999 -9999
-9999 -9999 -9999 -9999 -9999 -9999 -9999 -9999 -9999 -9999 -9999 -9999 -9999 -9999 -9999 -9999 -9999 -9999 -9999 -9999 -9999 -9999 -9999 -9999 -9999 -9999 -9999 -9999 -9999 -9999 -9999 -9999 -9999 -9999 -9999 -9999 -9999 -9999 -9999 -9999 -9999 -9999 -9999 -9999 -9999 -9999 -9999 -9999 -9999 -9999 -9999 -9999 -9999 -9999 -9999 -9999 -9999 -9999 -9999 -9999 -9999 -9999 -9999 -9999 -9999 -9999 -9999 -9999 -9999 -9999 -9999 -9999 -9999
-9999 -9999 -9999 -9999 -3.57652 -9999 -9999 -9999 -9999 -9999 -9999 -9999 -9999 -9999 -9999 -9999 -9999 -9999 -9999 -9999 -9999 -9999 -9999 -9999 -9999 -9999 -9999 -9999 -9999 -9999 -9999 -9999 -9999 -9999 -9999 -9999 -9999 -9999 -9999 -9999 -9999 -9999 -9999 -9999 -9999 -9999 -9999 -9999 -9999 -9999 -9999 -9999 -9999 -9999 -9999 -9999 -9999 -9999 -9999 -9999 -9999 -9999 -9999 -9999 -9999 -9999 -9999 -9999 -9999 -9999 -9999 -9999 -9999
-4.74384 -2.03325 -2.43574 -2.92908 -3.01345 -3.21719 -3.41192 -3.62059 -3.84084 -4.07680 -4.12807 -4.27390 -4.51366 -4.76115 -5.10519 -5.13477 -5.24072 -5.35242 -5.44401 -5.44322 -9999 -9999 -9999 -9999 -9999 -9999 -9999 -9999 -9999 -9999 -9999 -9999 -9999 -9999 -9999 -9999 -9999 -9999 -9999 -9999 -9999 -9999 -9999 -9999 -9999 -9999 -9999 -9999 -9999 -9999 -9999 -9999 -9999 -9999 -9999 -9999 -9999 -9999 -9999 -9999 -9999 -9999 -9999 -9999 -9999 -9999 -9999 -9999 -9999 -9999 -9999 -9999 -9999
-9999 -9999 -1.81106 -2.00466 -2.00349 -2.39242 -2.49796 -2.70889 -3.02065 -3.25613 -3.58486 -3.64106 -3.79142 -4.04193 -4.47753 -4.81001 -4.82892 -5.03814 -5.04032 -5.04433 -9999 -9999 -9999 -9999 -9999 -9999 -9999 -9999 -9999 -9999 -9999 -9999 -9999 -9999 -9999 -9999 -9999 -9999 -9999 -9999 -9999 -9999 -9999 -9999 -9999 -9999 -9999 -9999 -9999 -9999 -9999 -9999 -9999 -9999 -9999 -9999 -9999 -9999 -9999 -9999 -9999 -9999 -9999 -9999 -9999 -9999 -9999 -9999 -9999 -9999 -9999 -9999 -9999
-0.62463 -0.61248 -0.99722 -1.19071 -1.38585 -1.58879 -1.78078 -1.98666 -2.31154 -2.54706 -2.77858 -2.92555 -3.16498 -3.41261 -3.87180 -4.19794 -4.31447 -4.43751 -4.41783 -4.42468 -4.22143 -4.11628 -3.90081 -3.65119 -3.49151 -3.32446 -9999 -9999 -9999 -9999 -9999 -9999 -9999 -9999 -9999 -9999 -9999 -9999 -9999 -9999 -9999 -9999 -9999 -9999 -9999 -9999 -9999 -9999 -9999 -9999 -9999 -9999 -9999 -9999 -9999 -9999 -9999 -9999 -9999 -9999 -9999 -9999 -9999 -9999 -9999 -9999 -9999 -9999 -9999 -9999 -9999 -9999 -9999
0.07323 -0.21111 -0.30926 -0.39386 -0.57304 -0.77391 -1.05525 -1.26263 -1.48325 -1.72518 -1.88226 -2.21555 -2.36099 -2.70356 -3.14984 -3.48108 -3.61380 -3.81798 -3.81890 -3.92505 -3.91023 -3.51995 -3.31339 -3.07022 -2.94262 -2.89077 -2.64771 -2.59256 -2.43247 -2.36125 -2.31695 -2.37043 -2.52058 -2.56880 -2.61775 -2.76799 -2.82984 -2.92345 -3.08757 -3.24528 -3.40536 -9999 -9999 -9999 -9999 -9999 -9999 -9999 -9999 -9999 -9999 -9999 -9999 -9999 -9999 -9999 -9999 -9999 -9999 -9999 -9999 -9999 -9999 -9999 -9999 -9999 -9999 -9999 -9999 -9999 -9999 -9999 -9999
0.38902 0.08516 -0.09904 -0.09039 0.03222 -0.04858 -0.23619 -0.53134 -0.76259 -0.81422 -1.06560 -1.30990 -1.54559 -1.88709 -2.33462 -2.66774 -2.68758 -2.99696 -3.30312 -3.70126 -3.51554 -3.32614 -3.02076 -2.61776 -2.30877 -2.30327 -2.39210 -2.48792 -2.07922 -1.96713 -2.01293 -2.05845 -2.11892 -2.16118 -2.20522 -2.26670 -2.32525 -2.52357 -2.69421 -2.94211 -3.10011 -3.27049 -9999 -9999 -9999 -9999 -9999 -9999 -9999 -9999 -9999 -9999 -9999 -9999 -9999 -9999 -9999 -9999 -9999 -9999 -9999 -9999 -9999 -9999 -9999 -9999 -9999 -9999 -9999 -9999 -9999 -9999 -9999
-0.81516 -2.09702 -1.17351 -1.06019 -1.24378 -1.02010 -1.21080 -0.70457 -1.21486 -1.05901 -0.99376 -1.03808 -1.05795 -1.31518 -1.76164 -1.99212 -2.22080 -2.42541 -2.82365 -2.84615 -2.83905 -2.65647 -2.47283 -2.97494 -2.30019 -1.81750 -1.83114 -2.13209 -1.84322 -1.74416 -1.68466 -1.84630 -1.78271 -1.73559 -1.89416 -1.83793 -1.98122 -2.08558 -2.33869 -2.58384 -2.72755 -2.88680 -9999 -9999 -9999 -9999 -9999 -9999 -9999 -9999 -9999 -9999 -9999 -9999 -9999 -9999 -9999 -4.27276 -4.47047 -9999 -9999 -9999 -9999 -5.33740 -6.39113 -7.14958 -6.69654 -5.47472 -5.15669 -5.14874 -5.35454 -5.63536 -5.45909
-0.69608 -1.57372 -0.54620 0.07750 -0.10303 -0.66619 -0.83924 -1.02989 -0.33881 -0.35557 -0.47865 -0.91323 -1.03618 -0.86282 -1.20730 -1.23684 -1.56543 -1.58782 -1.98473 -2.19894 -2.21247 -1.61576 -1.53991 -1.44357 -1.36063 -1.27139 -1.17819 -1.18115 -1.09186 -1.09141 -1.12503 -1.16896 -1.11662 -1.15156 -1.30630 -1.34328 -1.48130 -1.57862 -1.80729 -1.92070 -2.16048 -2.28366 -2.30013 -2.52556 -2.75201 -3.05153 -4.37186 -4.88736 -4.49970 -5.02007 -5.14767 -4.95917 -5.17678 -5.37987 -4.17988 -3.97313 -3.88039 -3.98282 -3.95366 -9999 -9999 -9999 -9999 -9999 -4.64189 -5.29860 -5.75817 -6.04518 -6.03800 -5.74018 -6.34417 -5.95532 -5.89133
-0.76063 -2.13464 -1.01348 -0.07611 -0.04275 0.00379 0.52719 0.84604 0.85676 0.63936 0.53879 0.20949 0.09769 -0.01907 -0.35051 -0.58469 -0.81774 -1.05210 -0.95732 -1.07153 -0.98254 -0.89454 -0.91114 -0.81404 -0.72581 -0.72646 -0.62851 -0.63189 -0.43231 -0.43770 -0.46276 -0.50326 -0.53713 -0.67398 -0.71124 -0.95271 -0.99048 -1.16764 -1.26474 -1.46735 -1.67527 -1.67403 -1.87431 -2.07621 -2.28303 -2.37672 -3.59128 -4.19863 -3.69639 -3.51685 -4.21673 -5.53675 -6.43811 -5.15246 -5.74614 -5.95177 -5.56368 -4.86396 -4.74825 -5.02319 -4.09255 -3.47912 -3.55220 -3.62521 -3.68740 -3.75083 -4.40794 -5.00548 -6.02416 -5.83840 -6.35712 -7.07304 -6.91688
0.25596 -2.00075 -2.36975 -1.32148 -0.58600 -0.72741 1.50415 1.62932 1.43549 1.23682 1.04542 0.84955 0.82786 0.52216 0.31109 0.07295 -0.16904 -0.89678 -0.92825 -0.54910 -0.44904 -0.36134 -0.28086 -0.18101 -0.17833 -0.08365 -0.08658 0.11905 0.02672 0.12767 0.09969 0.06907 -0.15416 -0.19226 -0.32706 -0.36045 -0.49131 -0.64225 -0.73018 -1.10787 -1.09020 -1.25708 -1.33578 -1.41651 -1.60561 -1.70235 -1.91007 -2.30613 -2.80316 -2.59623 -3.38099 -3.48291 -4.39807 -5.61693 -5.82211 -5.53496 -5.55352 -5.84398 -5.33429 -6.30524 -5.19921 -3.78781 -3.36551 -2.96383 -3.03452 -3.08534 -3.87203 -4.87596 -6.40778 -6.43269 -6.76118 -7.09499 -7.41810
-2.02408 1.13214 -0.02014 0.91985 1.28056 -0.16959 0.78002 1.41226 1.53592 1.63892 1.55982 1.36565 1.36201 1.16704 0.96803 0.72924 0.29596 -1.45177 -1.27537 -0.80260 -0.62040 -0.04082 0.15753 0.26026 0.45117 0.55528 0.67081 0.67101 0.58057 0.69407 0.66655 0.54976 0.42442 0.39645 0.25960 -0.05411 -0.28667 -0.72287 -0.78319 -0.64117 -1.88687 -2.24993 -2.00030 -1.45823 -1.22910 -0.91954 -1.01575 -1.80871 -2.59630 -2.78133 -3.08020 -3.26183 -3.46536 -3.27240 -3.29912 -4.61978 -4.94721 -5.53758 -6.01240 -6.59624 -6.99846 -5.49269 -4.79853 -4.19219 -4.27336 -4.06769 -4.46040 -5.05877 -5.39346 -5.44260 -5.77231 -6.31380 -6.45824
-2.91082 -2.76119 -0.82522 1.22141 1.26876 -0.07363 -0.22452 1.00600 -1.45705 -1.16040 -0.43845 0.87801 1.28725 1.39932 1.41182 1.26915 0.73115 -0.01108 -0.63287 -0.27620 0.01514 0.40415 0.89354 0.89945 1.00141 1.11502 1.11988 1.23831 1.03630 0.95412 0.53829 0.72642 0.80865 0.18366 0.06383 -0.15314 -0.37042 -1.00566 -1.14647 -0.79418 -0.73135 -1.07125 -2.01790 -2.16537 -1.82198 -1.40721 -0.91356 -1.90364 -2.59729 -2.58651 -2.76831 -2.46030 -3.36750 -4.07256 -4.59165 -5.71620 -4.82786 -4.22128 -4.40748 -4.40977 -4.70334 -5.50025 -6.19375 -4.78739 -5.68740 -4.78590 -4.47539 -4.69547 -4.70949 -3.66361 -3.90452 -5.25126 -5.49210
-2.83849 -3.79470 -4.16847 -1.03422 0.20499 0.84451 0.77214 1.21055 -0.25189 -2.74568 -4.22971 -5.21908 -2.61269 -0.79177 0.40950 1.17721 1.36025 1.32634 1.19483 1.16266 1.04319 1.23717 1.33348 1.44475 1.35991 1.47046 1.48851 1.20102 1.11480 0.83243 0.50836 0.39923 0.89174 0.18085 -0.13453 -0.94215 -0.45725 -0.38356 -0.91470 -1.26671 -0.80264 -0.94385 -1.68756 -1.32842 -1.59032 -1.58199 -1.18310 -1.08179 -1.09077 -1.58783 -2.07948 -2.38412 -2.58555 -2.88761 -4.10234 -4.91335 -4.31077 -5.82171 -5.52224 -5.01291 -4.70472 -4.08989 -3.79385 -3.79081 -4.27377 -4.46710 -4.16164 -4.04358 -3.41244 -2.82450 -2.95869 -3.90486 -4.83851
-4.34034 -4.51421 -3.99182 -3.56762 -3.65014 -2.72356 -1.20524 0.23330 1.55447 0.32858 -1.01604 -2.29926 -3.88476 -3.97282 -3.66725 -2.79030 -1.11954 -0.44402 0.73398 0.90889 1.29182 1.38306 1.68085 1.70337 1.81219 1.73024 1.24997 0.76462 1.48502 -0.28832 -0.70129 -0.70234 -0.30410 -0.41679 -0.51928 -0.82579 -0.53038 -0.65437 -0.89325 -1.02932 -0.37325 -1.31476 -1.55438 -2.09888 -2.23988 -2.23497 -1.94640 -1.85465 -2.94772 -3.15818 -3.84529 -4.13951 -3.95485 -3.96343 -5.27812 -4.18230 -4.18096 -5.37905 -4.48708 -4.51077 -4.26201 -2.99635 -3.18881 -3.37099 -4.35781 -3.94192 -3.42667 -3.14314 -2.37671 -2.00405 -2.51388 -4.34760 -4.08642
-4.05384 -3.54217 -4.23404 -4.61589 -4.00804 -2.89752 -2.98890 -1.36561 -0.93433 -1.21870 -1.19907 -0.48963 -0.86990 -1.25684 -2.03900 -3.46245 -3.87618 -3.19983 -2.31411 -1.53752 0.04067 1.12510 1.93049 2.15143 2.17068 1.58216 0.61547 0.74809 0.66271 0.38353 -0.71645 -0.21403 -1.01512 0.49138 0.28826 -0.21253 -1.31241 -0.92515 -0.17204 0.00507 -0.51435 -1.04591 -2.57431 -3.11176 -3.26293 -2.86595 -3.06594 -4.07410 -4.58089 -4.29190 -4.90210 -6.00487 -5.21199 -5.92796 -4.43766 -5.25325 -3.95290 -3.24568 -3.33543 -2.75581 -2.85217 -2.74918 -3.64365 -2.83865 -2.14133 -1.92317 -2.20047 -2.21441 -1.64291 -1.56836 -2.98698 -4.01878 -2.82958
-1.76838 -1.67342 -3.16710 -4.16419 -3.96608 -4.06355 -3.66551 -2.15355 -0.32272 -3.79789 -3.38739 -2.26860 -4.34899 -5.63389 -5.12046 -0.03896 -2.65024 -5.46893 -4.77056 -3.68858 -2.41443 1.37884 2.07773 2.50079 2.52938 2.06029 1.28121 1.30683 0.74739 0.67614 0.49006 0.48913 1.49283 1.01664 0.21093 0.22441 -0.57024 -0.87526 -1.90504 -1.02944 -1.05941 -1.56888 -0.49716 -0.71984 -1.65693 -2.56839 -3.39018 -3.90636 -4.51711 -4.03792 -4.15891 -4.26976 -5.18170 -5.49885 -4.81616 -5.02729 -3.32141 -3.01028 -1.91297 -1.71250 -2.39034 -2.98832 -1.48004 -1.06613 -1.06535 -0.96494 -1.14496 -1.46977 -1.49571 -1.33066 -1.93643 -1.68198 -1.79415
-1.42405 -1.22393 -1.84304 -1.95937 -1.97963 -2.48847 -2.20737 -2.38856 -2.05549 -2.43949 -2.41996 -1.80518 -3.58430 -3.96652 -5.54867 -4.36033 -2.67524 -1.78589 -2.48979 -2.59368 -1.80684 -0.88889 1.09701 2.53280 2.66759 2.59822 2.13740 2.27945 1.50978 1.54711 1.94771 1.35383 1.05658 1.06245 0.85923 0.46987 0.07329 -0.64579 -1.97160 -2.09462 -2.41755 -2.23186 -0.46021 -0.37067 -1.39052 -2.21594 -2.91957 -4.03205 -4.45132 -3.56477 -3.27732 -4.69350 -3.91718 -3.62666 -3.43450 -2.84649 -4.03484 -2.93219 -2.32358 -1.61507 -1.48861 -0.58445 -0.27442 -0.46971 -0.56308 -0.95578 -2.04855 -1.46737 -1.20400 -1.04815 -1.28420 -1.21815 -1.73919
-2.10248 -2.24197 -1.97202 -1.10603 -1.03870 -0.77422 -0.80113 -0.59648 -1.86352 -3.34293 -2.62155 -1.50299 -1.57667 -2.76799 -3.14041 -3.45331 -4.95339 -4.04114 -2.83459 -1.02100 -0.10581 -0.19516 -0.40267 0.60447 2.25296 2.38192 2.03758 1.58008 1.91970 1.67437 2.65731 2.03746 1.33678 0.31891 0.21129 -1.19992 -0.41413 -1.92485 -3.56036 -2.49097 -2.41924 -3.63174 -2.95597 -1.78408 -1.90904 -2.19441 -2.08098 -2.88624 -3.49490 -2.20100 -1.71369 -1.80450 -1.42582 -1.72690 -2.03248 -2.53751 -2.01903 -2.59730 -1.48265 -1.46725 -1.04063 -0.72097 -0.41884 -0.11697 -0.11766 -0.62177 -1.22223 -1.94408 -1.77327 -1.22122 -1.05879 -2.09300 -2.33615
-3.47583 -3.63242 -2.68753 -2.24146 -1.49706 -1.03965 -0.30001 -1.29287 -1.35558 -2.04062 -4.01437 -2.89666 -1.36968 -1.15197 -2.50160 -3.38606 -4.27489 -4.04634 -3.02882 -2.42889 -1.81837 -0.60311 0.00712 0.99351 1.02794 1.98098 2.72333 2.08326 2.92714 2.08165 2.46007 0.53594 -0.08972 0.98147 -0.34134 -1.86896 -1.59364 -1.32024 -2.65802 -3.17819 -3.50921 -2.72633 -2.86466 -2.58154 -2.32332 -2.59306 -2.17087 -2.74990 -2.74095 -2.94099 -2.53654 -2.83562 -2.83619 -2.63456 -2.41877 -1.21976 -0.59669 -0.07476 0.15434 -0.21734 -0.30247 -0.19580 -0.31303 -0.12220 -0.32644 -0.53529 -1.93676 -2.66395 -2.59818 -2.03138 -1.57142 -1.41598 -0.95866
-3.53946 -3.81365 -3.78974 -1.97070 -1.84465 -0.51784 -0.78419 -0.11033 0.82846 -0.14694 -1.39459 -3.05396 -2.42349 -2.26807 -2.63139 -1.90149 -2.28806 -1.78130 -3.86112 -2.04138 -0.92853 -0.10037 0.51097 0.21471 -0.48331 1.16594 2.52951 3.07814 1.54663 2.00660 1.96191 0.42664 -0.71254 0.44148 -0.49271 -1.23149 -2.37340 -2.30214 -2.44319 -2.87155 -2.61371 -2.83864 -2.36853 -2.70360 -1.33073 -1.90181 -2.27053 -2.23440 -2.01070 -2.37328 -1.85600 -1.14543 -1.43192 -0.83466 -1.01315 -0.49957 0.23395 0.45840 0.29696 0.01175 -0.21567 -0.43539 -1.95852 -1.66827 -1.87279 -1.69049 -2.09845 -1.42402 -1.56169 -1.60468 -1.54863 -2.07858 -2.89988
-2.90835 -4.00631 -4.09556 -5.09202 -4.18679 -2.17703 -2.06008 -1.57932 -0.51924 -1.47501 -1.03652 -1.78549 -3.54287 -2.50832 -1.35794 -1.03453 -1.51575 -1.28458 -0.97097 -2.05229 -1.62006 -0.19904 1.11628 2.22239 1.54323 2.26720 4.03248 3.18500 3.04957 2.52558 1.46395 0.71269 -0.33460 -0.78383 -0.44875 -1.59911 -2.84844 -3.60813 -2.23681 -2.16765 -2.50410 -1.34107 -0.77899 -0.31946 0.54969 1.09301 0.93334 1.07530 1.11596 1.04819 0.90403 0.34963 -0.24304 -0.23399 0.08393 0.71784 0.76020 0.68146 0.27877 0.17620 -0.84360 -2.36985 -3.18215 -2.80330 -2.92703 -2.64812 -1.96624 -1.59292 -1.72108 -1.55861 -2.19131 -1.99766 -1.32885
-2.33854 -2.34027 -3.82317 -4.11860 -6.09314 -4.56922 -3.03016 -3.85724 -3.89555 -3.15867 -2.31949 -3.48172 -3.02930 -2.09699 -2.26107 -1.72735 -0.81591 -0.69492 -0.95880 -1.74416 -2.91253 -0.48328 1.12097 1.62799 0.43543 1.42075 1.66299 0.82513 2.08132 2.34435 0.87712 0.30719 -0.76425 -0.62501 -1.10192 -1.06746 -2.32937 -2.57486 -1.61290 -0.03571 -0.77114 0.10402 1.57834 1.53719 1.11217 1.06085 0.11010 0.77040 -9999 -9999 1.32932 1.28684 1.40977 0.72281 0.54922 0.85438 0.74341 0.13746 -0.27080 -1.66502 -2.89041 -4.11283 -3.64743 -4.35413 -4.68371 -4.90479 -2.70886 -1.72508 -1.82788 -0.82923 -1.74892 -1.05131 -0.17154
-1.73571 -2.48415 -2.84619 -2.58881 -4.35237 -2.71062 -3.47234 -4.25432 -4.52440 -3.48274 -3.75509 -3.82412 -2.79835 -2.15946 -2.93576 -1.90795 -0.88831 -1.75805 -1.12923 -0.39834 -0.37894 -0.54949 -2.05054 -0.57374 -0.59222 0.47575 0.46948 0.80027 0.33620 1.75699 0.77484 -0.29824 -0.77631 -1.25804 -1.73877 0.08092 1.40546 -9999 -9999 -9999 -9999 2.39998 -9999 0.37103 -1.24257 -0.08512 0.17500 1.83727 -9999 -9999 0.74001 0.99526 1.12590 1.02157 1.28939 0.75825 0.12614 -0.59836 -1.00433 -1.62536 -2.34025 -2.96727 -2.18564 -5.10071 -5.30794 -4.61133 -1.92062 -1.31238 -0.79409 0.33591 -9999 -9999 -9999
-1.28560 -2.32199 -2.05245 -0.88992 -3.21543 -2.36045 -0.87661 -1.37588 -1.42680 -1.72065 -2.68071 -2.96383 -2.44352 -0.62566 -1.80324 -2.18154 -2.35822 -1.83625 -2.19155 -0.67756 -0.84515 -0.42468 -0.93318 -0.27477 -0.52052 -0.77453 -0.32790 0.17081 -0.01752 -0.11233 -0.60103 -0.49661 -1.60081 -0.38151 0.32095 -9999 -9999 -9999 -9999 -9999 -9999 -9999 1.19967 0.70306 0.70513 -9999 -9999 -9999 -9999 -9999 1.74296 1.31055 -0.26701 0.18267 -0.58039 -0.13619 0.21852 -0.71526 0.04814 -0.18563 -0.90528 -1.70998 -1.02425 -0.91472 -1.92571 -3.72112 -1.62630 0.19461 -9999 -9999 -9999 -9999 -9999
