data/hydroclimate-scenarios/BCSD_hadcm_B1/monthly_summaries/tavg_monthly_avg_jun.2070-2099.asc
ncols	311
nrows	91
xllcenter	102.75
yllcenter	31.75
cellsize	0.5
NODATA_value	-9999
[rows 32 to 63 of 91, columns 0 to 71 of 311]
-9999 -9999 -9999 -9999 -9999 -9999 -9999 -9999 -9999 -9999 -9999 15.34270 15.15200 15.33790 15.20950 14.69460 14.68080 14.63890 14.62650 14.80410 14.66670 15.02800 15.68510 15.54060 15.79670 15.86010 15.60540 15.77620 15.81470 16.06950 15.63940 15.70920 15.97200 15.92330 15.48200 16.28230 16.32380 16.44440 16.07900 15.82690 15.76200 15.88570 16.02840 15.70970 15.48910 15.49970 15.57070 15.16320 15.15010 15.54500 15.62410 15.61840 15.60150 15.60020 15.82090 16.11560 16.13030 16.24210 16.36410 16.20020 16.12070 16.23650 16.25450 16.37220 16.40060 16.27810 15.14420 13.79860 12.14090 10.59900 11.03740 8.78822
-9999 -9999 -9999 -9999 -9999 -9999 -9999 -9999 -9999 -9999 -9999 15.47490 15.18340 15.27900 15.05430 15.03950 14.91620 15.09390 15.27410 15.35500 15.32390 15.58170 15.95430 15.81150 15.36910 14.93890 14.79690 15.17320 15.80520 16.64310 16.00070 15.95200 15.90440 16.05820 16.11570 16.51160 16.47020 16.40550 16.16940 15.10600 15.85880 15.11040 15.76000 15.75990 15.32950 15.11730 15.00930 15.06870 15.05540 15.23780 15.29300 15.75190 15.72060 16.00240 16.27870 16.36510 16.24510 16.03010 16.16160 16.17110 16.10080 16.02100 16.63170 16.65150 16.25970 15.35300 14.74080 13.62400 12.51150 11.09660 11.48940 9.38636
-9999 -9999 -9999 -9999 -9999 -9999 -9999 -9999 -9999 -9999 -9999 -9999 15.70910 15.69970 15.59110 15.58190 15.66770 15.85580 16.14580 16.32750 16.19990 15.96550 15.32260 14.78920 14.45690 12.91740 13.38410 13.36250 14.69090 15.34660 15.69110 16.44510 16.30820 16.35930 16.22470 16.12560 15.97120 16.12180 15.97730 15.32840 15.37760 15.43280 15.48130 16.17650 15.85850 15.54260 15.82940 16.01330 15.98920 16.06130 16.31900 16.17150 16.02280 16.19770 15.97360 16.05910 16.22670 16.40370 16.21730 16.43110 16.54400 16.55820 15.98410 15.65980 15.36800 14.86320 14.54990 13.25680 10.83730 9.82075 11.51060 10.70670
-9999 -9999 -9999 -9999 -9999 -9999 -9999 -9999 -9999 -9999 -9999 -9999 15.81300 15.92570 15.83390 16.03290 16.43260 16.53140 16.52710 16.31020 16.30250 14.35440 13.81980 13.29060 12.24160 13.10940 13.77750 12.65260 13.99520 14.16010 14.31740 14.69840 16.25800 16.62410 16.48570 16.47330 16.11110 16.46000 16.51740 15.94980 15.79320 15.43820 15.58890 16.08000 16.39470 16.38420 16.78160 16.47180 16.44860 15.83530 15.70590 16.16820 16.23050 16.21440 16.59230 16.57870 16.75420 16.93950 16.84520 16.76500 16.57450 15.17940 14.88200 14.35280 14.51540 14.89090 13.75200 12.90750 11.56530 10.91910 10.18310 10.64760
-9999 -9999 -9999 -9999 -9999 -9999 -9999 -9999 -9999 -9999 -9999 -9999 15.93690 16.55200 16.46410 16.47220 16.48750 16.39440 16.00650 15.51400 15.19460 14.04990 13.81330 12.97840 13.03180 12.59670 13.36490 14.43940 14.00760 14.87470 15.34580 16.43260 16.01140 15.79160 16.74740 17.03510 16.86940 16.69940 16.93710 16.56630 15.50900 14.74860 15.57330 16.00090 16.31020 16.01760 16.03020 15.22120 15.41570 16.40510 16.39140 16.55480 16.82810 16.71800 17.01140 17.00980 16.90450 16.78500 16.48840 15.99570 15.89370 14.78220 14.87410 15.13090 14.29660 13.62830 12.95470 12.58100 10.88980 10.91860 10.83890 10.45370
-9999 -9999 -9999 15.89920 15.82050 15.71150 16.00470 16.09240 15.77790 -9999 15.96560 16.15470 16.55400 16.77650 16.78880 16.51970 16.33540 16.36160 15.38210 14.89290 14.98540 14.63070 14.20610 13.95790 13.62240 13.79220 14.44810 13.43720 13.60320 12.39020 14.27610 15.76330 15.16930 13.54270 15.30280 15.79590 15.51180 15.42910 15.84360 16.37670 16.30990 15.33840 15.87600 16.20280 15.73340 14.95090 13.95670 15.36690 15.47530 15.58180 15.26740 15.24390 14.92550 13.83630 14.63930 13.33130 12.72250 15.72670 14.51450 15.51650 15.90230 14.98000 14.66610 14.11870 14.07740 13.58450 12.44310 11.62630 11.41590 10.70940 9.98597 9.27684
-9999 -9999 -9999 16.39770 16.39800 16.20170 15.89250 15.99840 16.19060 16.18240 16.67240 16.96160 16.37050 16.39900 15.73170 15.06270 14.70160 14.73540 14.55250 14.67560 14.97330 14.13700 14.99730 15.35200 14.41370 14.68130 14.15250 13.81270 13.00440 12.00580 13.59790 13.60350 13.81390 13.08450 13.75150 13.94570 14.15640 13.16800 15.16920 13.98290 14.00180 15.21800 15.94970 15.19590 14.63720 13.48100 13.59520 15.71720 14.52720 14.15320 13.85790 13.84130 13.32700 13.23280 14.84520 13.75240 14.86220 14.86400 13.76090 14.22430 14.51690 14.09400 13.64900 13.60510 13.05850 13.74670 12.86960 12.89770 11.84050 10.79170 9.43900 9.19857
-9999 -9999 -9999 16.68830 16.50030 16.00090 15.90400 16.18890 16.59430 16.98550 16.78520 16.58100 15.77190 14.81810 13.45950 14.29950 13.73930 13.87100 14.69420 14.91790 14.51350 13.68190 14.24760 13.69730 12.67150 13.73750 13.70100 13.47570 13.67290 11.47680 9.97889 11.19380 12.98990 13.16590 12.74100 13.13310 13.94280 14.13840 14.54510 13.94440 13.84710 14.56760 15.38390 15.53980 16.19830 15.02520 14.85850 14.69090 14.51320 13.43190 12.74550 14.52260 14.02330 14.13250 14.74430 14.45970 14.97250 15.27820 14.26170 14.03930 14.81440 14.69230 14.84380 13.50420 13.45070 13.20770 12.46890 11.42990 9.29722 8.68468 7.57400 8.56442
-9999 -9999 -9999 16.71550 17.40720 16.31990 16.81190 16.30680 16.20190 16.09570 16.60680 16.69900 14.69930 13.93550 13.48180 13.62310 12.94910 12.68000 13.10700 13.93660 12.73030 11.59880 10.46350 11.63450 12.30290 13.26960 13.83060 13.59190 11.30480 9.70586 10.80830 14.01440 12.49450 10.56900 10.66150 11.84660 13.64840 15.05100 14.25530 14.76470 14.47520 13.27940 12.69640 14.03920 16.48060 14.81970 14.05520 15.28720 13.60640 14.23160 12.84330 13.92240 13.72810 12.83380 13.83910 14.15260 14.55540 13.85610 13.34320 13.42400 12.10450 13.77440 13.94330 13.59710 13.06620 12.97910 12.05950 10.73610 8.30213 7.48507 8.78404 9.88321
-9999 -9999 -9999 16.91870 17.64230 16.03380 16.13720 16.12740 15.52400 15.91040 16.91700 15.62740 14.01180 12.94920 11.79260 12.33150 11.76650 12.49460 14.01760 14.94100 13.44760 12.31340 11.27750 13.35150 13.92600 14.49400 15.45950 14.32950 12.33400 10.83770 10.73410 11.62610 11.01670 11.69660 12.27170 12.66310 12.76750 14.17480 14.78410 14.78460 13.88860 13.18850 12.79450 13.14390 14.57290 14.70420 14.74580 14.68680 14.31520 14.02410 13.72650 15.01640 14.11900 12.42110 14.43380 12.93870 14.54290 14.52960 13.72500 12.11320 12.60620 12.97220 13.03350 11.70350 11.37740 12.53970 11.42870 9.42987 8.11448 9.10736 10.39350 -9999
-9999 -9999 -9999 -9999 16.05690 15.55310 15.95200 14.94810 14.82790 15.33360 16.63710 15.74780 11.94580 14.08380 -9999 -9999 -9999 -9999 -9999 10.96970 10.95800 11.81650 10.99420 9.96751 11.24260 12.52030 14.98090 14.05730 13.06530 13.46050 12.65510 12.25130 11.93550 13.11750 14.60570 15.09220 14.40420 15.30220 15.10860 15.11280 15.32470 14.92170 14.22430 13.45410 14.17210 14.80780 14.63640 13.56460 14.49550 15.31050 14.51660 14.09930 14.90220 13.30920 12.92210 12.12670 11.81980 12.01330 12.10900 12.80710 12.09240 11.47150 11.54530 11.91400 11.88210 11.01500 11.11770 11.82010 11.82260 -9999 -9999 -9999
-9999 -9999 16.74070 16.16850 15.88250 16.17950 15.85980 14.36210 15.45390 15.56260 16.66080 15.36950 12.15760 -9999 -9999 -9999 -9999 -9999 9.05066 10.97540 11.07990 12.83320 13.00930 11.68680 12.05690 12.73840 15.21790 15.29130 14.88120 14.88310 14.16300 13.65750 13.95980 13.84530 14.44000 15.64130 15.04450 15.25740 15.14890 15.15820 14.66760 14.86280 14.35870 14.68170 15.39460 15.50630 15.42970 15.65870 16.48000 17.51060 17.11190 16.59450 15.99140 16.50490 15.00480 15.69950 14.39700 12.78850 12.59650 14.49360 14.19050 13.66480 13.53080 13.01970 13.39550 13.39490 13.50370 -9999 -9999 -9999 -9999 -9999
-9999 -9999 16.65930 16.38500 16.59040 16.40570 16.37830 14.88570 15.38330 16.07950 15.39010 14.98980 15.09520 -9999 -9999 -9999 -9999 13.30640 10.33390 12.64570 12.54450 13.10420 12.99480 13.56710 14.74310 16.02470 15.71740 15.17700 15.25650 15.64810 14.84710 13.73530 14.51960 15.11080 14.90990 15.21340 15.53250 15.65300 14.55590 13.76430 14.37520 13.76720 13.57280 14.29000 14.30060 15.30690 16.31970 15.92430 18.14320 17.67980 17.97600 18.07600 18.17070 17.87900 17.48740 18.88060 17.77880 14.77180 14.08260 15.29660 15.59270 13.87780 14.65830 15.85760 16.43830 -9999 -9999 -9999 -9999 -9999 12.20490 -9999
-9999 -9999 17.18850 16.00250 16.22200 16.01720 16.20960 15.81340 15.51530 15.60740 14.62210 14.53070 16.93300 -9999 -9999 -9999 -9999 11.28600 11.78780 12.69350 12.76660 13.94890 14.93430 15.51870 15.32200 15.91700 14.88540 15.55720 15.31780 15.39000 14.58590 14.56460 14.25820 14.24220 15.03750 14.84620 14.66220 14.78660 14.11360 14.93200 14.74860 15.05210 14.95480 14.18320 14.98070 14.69200 15.29790 15.50410 16.80780 17.22390 18.82730 18.12840 18.13300 17.74730 17.55080 19.55930 19.37250 16.96780 16.99680 17.11040 18.51310 18.21130 18.00750 16.61100 14.90880 13.95450 15.63910 13.72240 14.29920 -9999 -9999 -9999
-9999 -9999 -9999 16.51940 16.04100 16.15050 16.54810 16.95420 16.16390 15.36500 16.46350 16.67570 -9999 -9999 -9999 -9999 12.68190 12.08000 13.37160 13.75330 14.22940 15.40910 15.10290 15.40480 15.28350 15.27850 15.24830 14.92530 15.18830 13.44910 13.62520 14.59620 15.27680 15.27730 15.35290 15.87280 16.28910 16.50960 16.53980 16.67070 16.19480 16.12560 15.44120 15.75230 17.04720 16.65400 17.56030 18.37530 18.07380 18.38020 17.67880 18.09680 18.60650 17.61970 16.73150 17.14550 17.25340 15.97690 16.19940 17.63210 17.64000 17.45630 15.26770 11.49270 9.19847 13.58550 15.33990 14.87530 15.23580 13.98400 -9999 -9999
-9999 -9999 -9999 -9999 16.96580 16.67600 16.77970 16.38030 15.59540 17.50400 18.09990 -9999 -9999 -9999 -9999 13.88280 12.97200 13.96040 14.84260 14.62240 15.29330 15.94140 15.66900 14.78270 14.85680 15.83990 16.02370 15.90110 15.27420 15.03350 14.39760 16.15450 16.41650 16.19500 15.27650 15.98740 16.31980 16.74390 16.48070 16.71440 16.03680 15.97210 16.08680 16.70160 17.60700 17.60670 17.90420 18.51960 18.82000 19.03170 19.23590 19.27310 18.79420 18.51910 18.71900 19.23360 19.54640 17.07180 16.91850 17.94530 16.47250 14.80110 14.23920 14.26600 12.59320 13.91320 16.03190 16.44590 15.16300 15.08560 14.70690 14.03450
-9999 -9999 -9999 -9999 -9999 -9999 16.99920 17.30870 18.30730 18.51490 18.12370 -9999 -9999 -9999 -9999 -9999 14.85780 15.14280 15.62420 15.18150 15.15230 18.13990 15.44950 14.93440 15.31360 16.60440 17.08260 16.57560 16.75260 16.40720 15.76580 16.41700 17.06130 15.72660 15.99740 16.91050 16.34150 15.68480 16.61350 15.74090 15.58430 14.61880 14.83410 16.05720 16.46790 17.75200 18.44920 18.75330 18.86560 19.07000 19.48920 19.23270 19.58290 19.50420 19.32770 19.55000 19.17720 18.28640 17.73920 17.17850 15.81980 14.66320 14.00450 12.94940 11.48770 13.24650 15.83350 17.71390 16.69380 15.58590 14.67140 14.36410
-9999 -9999 -9999 -9999 -9999 -9999 -9999 -9999 -9999 -9999 -9999 -9999 -9999 -9999 -9999 -9999 -9999 -9999 -9999 15.56630 15.65160 17.55430 16.43770 16.24460 16.33260 16.82540 16.71390 18.01190 17.99330 16.84820 16.48990 17.31530 16.25230 16.31520 16.18610 16.49190 16.82470 16.05610 16.08150 15.01060 14.54790 14.89270 15.43370 16.13900 16.64560 17.72590 18.72970 19.03160 19.22410 19.24000 19.56420 19.92800 19.88380 20.42040 20.14880 19.77490 19.39130 19.11520 17.95940 17.21170 14.95530 15.10210 14.24170 12.69270 11.93920 15.41610 17.34200 18.56250 17.78450 15.21160 14.34850 14.37460
-9999 -9999 -9999 -9999 -9999 -9999 -9999 -9999 -9999 -9999 -9999 -9999 -9999 -9999 -9999 -9999 -9999 -9999 16.03980 15.84180 16.64260 17.45510 17.56780 17.56450 17.88280 17.78410 18.28760 18.10550 17.67430 17.11040 17.14730 16.57280 16.08420 16.24400 16.42570 16.92040 16.55030 16.67730 15.59280 14.91980 14.45960 15.18970 15.44530 15.74110 16.23870 16.73510 18.12780 19.21300 19.91160 19.71900 19.94620 20.11440 20.37870 20.21540 19.85230 20.38070 19.99870 17.82200 16.38460 17.11230 17.26650 17.21320 15.85110 14.70230 13.64750 16.21860 17.55720 18.40720 17.94340 16.99490 15.83270 13.15850
-9999 -9999 -9999 -9999 -9999 -9999 -9999 -9999 -9999 -9999 -9999 -9999 -9999 -9999 -9999 -9999 -9999 16.26620 16.27160 17.18290 17.20140 17.42450 17.66410 18.08770 18.51470 18.34180 18.65180 18.18610 16.93690 16.66340 16.59620 16.91510 16.52660 17.36900 17.34100 16.33630 15.46230 15.69420 15.91500 15.03080 14.95460 15.70380 15.63340 16.44600 16.94560 17.62880 18.31870 18.70170 20.00210 19.89360 20.54170 20.80310 20.56730 20.02510 20.05530 20.17770 19.51390 17.74240 16.89000 17.63920 19.17830 17.71720 14.15620 13.49890 16.45240 17.24610 17.08770 18.25060 17.89820 17.24880 15.11270 14.85680
-9999 -9999 -9999 -9999 -9999 -9999 -9999 -9999 -9999 -9999 -9999 -9999 -9999 -9999 -9999 -9999 -9999 16.19750 16.61370 15.83590 16.56880 17.10060 17.74600 18.59710 20.14280 19.18690 19.22460 18.85980 18.49680 17.52210 17.44730 17.65690 17.86840 18.50130 17.36390 16.46370 15.89160 15.81270 14.62850 14.84970 15.16600 16.10920 16.54640 17.35790 17.65430 19.62310 20.01440 18.39730 19.08040 20.38270 20.83350 20.79450 20.55500 20.51550 20.45870 19.88840 18.21650 18.05990 18.60520 18.84660 18.08890 16.62230 16.16580 15.62360 13.66500 15.06630 17.01510 15.99280 17.46250 17.42030 16.87090 14.33500
-9999 -9999 -9999 -9999 -9999 -9999 -9999 -9999 -9999 -9999 -9999 -9999 -9999 -9999 -9999 -9999 14.80160 14.93460 14.96140 15.38920 17.05050 18.38640 18.25110 19.50840 21.36560 19.72570 20.08760 20.83530 19.95890 18.47930 18.19070 18.60970 18.50620 19.23320 18.48190 17.58820 16.51180 15.83470 14.86710 15.87180 16.37930 16.72740 16.96550 18.17210 18.87840 20.04080 20.41850 18.39490 19.07240 20.47930 20.81860 20.78250 20.44160 20.61110 20.46990 20.20390 19.73790 19.16340 19.11320 18.26340 18.50810 17.75100 16.39290 14.04200 15.38940 16.08930 16.65350 17.23440 18.41620 17.77740 16.55340 14.32980
-9999 -9999 -9999 -9999 -9999 -9999 -9999 -9999 -9999 -9999 -9999 -9999 -9999 15.31910 14.45820 14.58640 14.30600 13.33730 14.48720 16.71560 17.56050 17.11770 18.37780 18.84070 18.90560 20.75370 20.81700 20.75980 20.57700 20.41500 20.03650 19.75930 19.36360 19.27930 18.62880 17.64340 17.38690 17.22050 16.34870 16.47490 16.89630 17.95040 18.59580 19.98790 20.17210 20.23860 20.19720 20.15870 19.91160 19.88230 19.81780 19.98480 20.14180 21.00290 21.07070 20.41750 20.24450 20.27130 20.11290 19.66060 19.20880 19.16130 18.61300 18.45430 19.19840 20.09250 19.86220 19.14160 18.42180 17.59660 15.77640 13.54390
-9999 -9999 -9999 -9999 -9999 -9999 -9999 -9999 -9999 -9999 -9999 -9999 15.96880 15.30760 14.82690 14.85390 14.97630 14.90730 15.06140 18.19680 17.52800 18.37240 18.92870 19.17300 19.33350 21.18970 20.96800 21.15010 20.70670 20.72900 20.55760 20.29050 19.93740 19.75730 19.51660 18.53490 17.89650 17.67640 17.02220 17.55510 17.60980 18.66680 19.44970 20.50890 20.77430 20.80740 20.64030 20.46550 20.09420 19.72390 19.91930 20.08170 20.04880 20.80870 21.17140 21.21570 20.83210 19.76260 18.99580 19.05030 19.08560 19.84390 19.70120 19.13870 19.79170 20.56900 19.94240 19.11820 18.28930 16.26760 13.92910 13.58370
-9999 -9999 -9999 -9999 -9999 -9999 -9999 -9999 -9999 -9999 -9999 13.67670 14.37570 14.28050 15.30850 16.54130 16.86860 17.09710 17.22680 17.47300 18.00040 19.45180 19.57810 19.62140 19.56620 19.60620 19.55940 20.73150 21.41240 21.45440 20.89290 20.53270 20.27360 19.92510 19.68860 18.31190 17.22490 17.10410 17.57160 18.15590 19.12620 19.68580 20.77660 21.31500 21.33570 21.38550 21.18070 20.87760 20.58310 20.17780 20.03670 18.58180 19.33990 19.49080 19.75100 20.31950 21.01590 20.13440 20.97640 21.23180 20.88960 21.63880 21.67660 21.42700 21.17740 20.96380 19.93480 19.19950 17.06430 14.93250 12.39480 10.92940
-9999 -9999 -9999 -9999 -9999 -9999 -9999 -9999 -9999 -9999 14.39740 14.17390 15.64720 15.06370 16.58720 17.61310 17.85060 17.89290 17.83390 17.96520 18.58880 20.00750 20.12850 20.06810 20.09550 19.96150 19.85220 21.52300 21.61380 21.39710 21.25030 20.99790 20.63280 20.18930 19.46580 18.01030 17.34200 17.44680 18.34540 19.04990 20.24320 21.13350 22.42410 22.10210 22.01920 22.03200 21.71860 21.39110 21.16010 20.73280 20.26840 18.59980 19.31770 19.27240 19.73520 20.29600 19.92790 20.24150 21.48020 21.53370 21.46660 21.81560 21.56900 21.51140 21.15910 20.65880 19.82000 18.57880 16.12470 13.30410 11.34000 11.57910
-9999 -9999 -9999 -9999 -9999 -9999 -9999 -9999 -9999 16.73100 16.90710 16.86920 16.73850 16.95990 17.59060 17.91640 18.14380 18.59430 19.23730 19.56850 19.89070 19.89290 19.80530 20.28610 20.40960 20.80180 21.16060 21.02030 20.92460 21.12230 21.59640 20.35640 19.89930 18.55050 17.43380 16.79800 16.44860 18.08540 18.82350 20.74180 21.86120 22.97570 23.88750 23.76030 23.52310 23.28870 23.16810 21.89710 21.44770 21.18030 20.59140 19.30990 18.73510 16.96150 16.91640 20.97620 21.42350 21.92740 21.98270 22.03000 21.67870 21.81710 21.56510 21.20610 20.85530 19.84800 18.79800 16.75540 14.80180 13.14500 12.49700 11.91810
-9999 -9999 -9999 -9999 -9999 -9999 -9999 -9999 -9999 -9999 17.54440 17.53930 17.52810 18.14400 19.36730 18.80020 18.72220 19.13040 19.36390 19.51170 19.44310 20.05060 20.15690 -9999 -9999 -9999 -9999 -9999 -9999 21.24050 21.24880 20.51580 19.96740 18.52210 17.22240 17.11120 17.16060 18.78940 19.80450 21.63710 22.65580 23.67000 24.29580 24.16020 24.00920 23.47770 23.12640 22.37250 21.79730 21.64420 21.04700 20.15850 18.97520 17.20890 17.04400 21.39600 22.05930 22.18910 22.12650 22.06350 21.99420 21.62770 21.27050 20.79480 18.63820 18.92000 17.07330 15.42170 11.77360 11.73440 10.78270 11.71830
-9999 -9999 -9999 -9999 -9999 -9999 -9999 -9999 -9999 -9999 -9999 -9999 18.04630 18.77990 19.10150 21.32540 21.12640 21.24870 21.16830 -9999 -9999 -9999 -9999 -9999 -9999 -9999 -9999 -9999 -9999 -9999 -9999 -9999 -9999 19.34220 17.46230 18.13400 18.35480 19.94730 21.42970 22.52600 23.20740 24.01510 24.30690 24.29890 24.07660 23.86800 23.64420 23.19190 22.94720 22.50440 21.84060 19.34050 18.86830 19.00820 19.24350 21.68410 21.64540 21.87940 22.10770 22.22110 21.94380 21.25480 20.56570 20.08620 19.31680 18.40230 16.25610 14.71510 13.17340 13.31670 12.48350 12.63430
-9999 -9999 -9999 -9999 -9999 -9999 -9999 -9999 -9999 -9999 -9999 -9999 -9999 -9999 -9999 -9999 -9999 -9999 -9999 -9999 -9999 -9999 -9999 -9999 -9999 -9999 -9999 -9999 -9999 -9999 -9999 -9999 -9999 -9999 18.70820 18.47010 20.24610 20.80480 22.05400 23.00930 23.58060 23.83170 24.11510 24.42700 24.24320 24.05600 23.64200 23.44910 23.02950 22.61280 22.05220 19.95490 19.37250 19.41160 19.45250 22.19590 21.84640 20.88570 21.19200 21.68980 21.58800 20.99120 21.08280 20.29560 19.49650 17.77170 15.43200 13.90360 11.97010 12.52930 13.37890 -9999
-9999 -9999 -9999 -9999 -9999 -9999 -9999 -9999 -9999 -9999 -9999 -9999 -9999 -9999 -9999 -9999 -9999 -9999 -9999 -9999 -9999 -9999 -9999 -9999 -9999 -9999 -9999 -9999 -9999 -9999 -9999 -9999 -9999 -9999 19.85570 19.89430 19.73420 21.46660 23.18130 24.61850 24.65840 24.67040 24.71420 24.35640 24.20010 23.85570 23.67570 23.40630 23.12570 22.02170 21.46550 21.17300 21.38890 18.91260 19.05470 21.31760 21.95940 21.89950 21.57660 21.75240 21.82760 21.60900 20.89700 19.49200 18.38910 16.05280 15.11140 13.49350 11.67000 12.72230 -9999 -9999
-9999 -9999 -9999 -9999 -9999 -9999 -9999 -9999 -9999 -9999 -9999 -9999 -9999 -9999 -9999 -9999 -9999 -9999 -9999 -9999 -9999 -9999 -9999 -9999 -9999 -9999 -9999 -9999 -9999 -9999 -9999 -9999 -9999 -9999 -9999 -9999 -9999 -9999 24.12050 24.91760 24.91970 24.71370 24.71740 24.48310 24.15990 24.03860 23.81220 23.56030 23.21970 22.14090 21.77090 21.59380 21.71210 19.34740 19.07320 21.41880 21.47300 21.82750 21.48530 21.83350 21.47770 21.14050 19.50890 18.39500 15.96710 15.33630 14.09830 13.68300 14.24180 -9999 -9999 -9999
