data/hydroclimate-scenarios/BCSD_hadcm_B1/monthly_summaries/tavg_monthly_avg_aug.2070-2099.asc
ncols	311
nrows	91
xllcenter	102.75
yllcenter	31.75
cellsize	0.5
NODATA_value	-9999
[rows 0 to 31 of 91, columns 71 to 141 of 311]
-9999 -9999 -9999 -9999 -9999 -9999 -9999 -9999 -9999 -9999 -9999 -9999 -9999 -9999 -9999 -9999 -9999 -9999 -9999 -9999 -9999 -9999 -9999 -9999 -9999 -9999 -9999 -9999 -9999 -9999 -9999 -9999 -9999 -9999 -9999 -9999 -9999 -9999 -9999 -9999 -9999 -9999 -9999 -9999 -9999 -9999 -9999 -9999 -9999 -9999 -9999 -9999 -9999 -9999 -9999 -9999 -9999 -9999 -9999 -9999 -9999 -9999 -9999 -9999 -9999 -9999 -9999 -9999 -9999 -9999 -9999
-9999 -9999 -9999 -9999 -9999 -9999 -9999 -9999 -9999 -9999 -9999 -9999 -9999 -9999 -9999 -9999 -9999 -9999 -9999 -9999 -9999 -9999 -9999 -9999 -9999 -9999 -9999 -9999 -9999 -9999 -9999 -9999 -9999 -9999 -9999 -9999 -9999 -9999 -9999 -9999 -9999 -9999 -9999 -9999 -9999 -9999 -9999 -9999 -9999 -9999 -9999 -9999 -9999 -9999 -9999 -9999 -9999 -9999 -9999 -9999 -9999 -9999 -9999 -9999 -9999 -9999 -9999 -9999 -9999 -9999 -9999
-9999 -9999 -9999 -9999 -9999 -9999 -9999 -9999 -9999 -9999 -9999 -9999 -9999 -9999 -9999 -9999 -9999 -9999 -9999 -9999 -9999 -9999 -9999 -9999 -9999 -9999 -9999 -9999 -9999 -9999 -9999 -9999 -9999 -9999 -9999 -9999 -9999 -9999 -9999 -9999 -9999 -9999 -9999 -9999 -9999 -9999 -9999 -9999 -9999 -9999 -9999 -9999 -9999 -9999 -9999 -9999 -9999 -9999 -9999 -9999 -9999 -9999 -9999 -9999 -9999 -9999 -9999 -9999 -9999 -9999 -9999
-9999 -9999 -9999 -9999 -9999 -9999 -9999 -9999 -9999 -9999 -9999 -9999 -9999 -9999 -9999 -9999 -9999 -9999 -9999 -9999 -9999 -9999 -9999 -9999 -9999 -9999 -9999 -9999 -9999 -9999 -9999 -9999 -9999 -9999 -9999 -9999 -9999 -9999 -9999 -9999 -9999 -9999 -9999 -9999 -9999 -9999 -9999 -9999 -9999 -9999 -9999 -9999 -9999 -9999 -9999 -9999 -9999 -9999 -9999 -9999 -9999 -9999 -9999 -9999 -9999 -9999 -9999 -9999 -9999 -9999 -9999
-9999 -9999 -9999 -9999 -9999 -9999 -9999 -9999 -9999 -9999 -9999 -9999 -9999 -9999 -9999 -9999 -9999 -9999 -9999 -9999 -9999 -9999 -9999 -9999 -9999 -9999 -9999 -9999 -9999 -9999 -9999 -9999 -9999 -9999 -9999 -9999 -9999 -9999 -9999 -9999 -9999 -9999 -9999 -9999 -9999 -9999 -9999 -9999 -9999 -9999 -9999 -9999 -9999 -9999 -9999 -9999 -9999 -9999 -9999 -9999 -9999 -9999 -9999 -9999 -9999 -9999 -9999 -9999 -9999 -9999 -9999
-9999 -9999 -9999 -9999 -9999 -9999 -9999 -9999 -9999 -9999 -9999 -9999 -9999 -9999 -9999 -9999 -9999 -9999 -9999 -9999 -9999 -9999 -9999 -9999 -9999 -9999 -9999 -9999 -9999 -9999 -9999 -9999 -9999 -9999 -9999 -9999 -9999 -9999 -9999 -9999 -9999 -9999 -9999 -9999 -9999 -9999 -9999 -9999 -9999 -9999 -9999 -9999 -9999 -9999 -9999 -9999 -9999 -9999 -9999 -9999 -9999 -9999 -9999 -9999 -9999 -9999 -9999 -9999 -9999 -9999 -9999
-9999 -9999 -9999 -9999 -9999 -9999 -9999 -9999 -9999 -9999 -9999 -9999 -9999 -9999 -9999 -9999 -9999 -9999 -9999 -9999 -9999 -9999 -9999 -9999 -9999 -9999 -9999 -9999 -9999 -9999 -9999 -9999 -9999 -9999 -9999 -9999 -9999 -9999 -9999 -9999 -9999 -9999 -9999 -9999 -9999 -9999 -9999 -9999 -9999 -9999 -9999 -9999 -9999 -9999 -9999 -9999 -9999 -9999 -9999 -9999 -9999 -9999 -9999 -9999 -9999 -9999 -9999 -9999 -9999 -9999 -9999
-9999 -9999 -9999 -9999 -9999 -9999 -9999 -9999 -9999 -9999 -9999 -9999 -9999 -9999 -9999 -9999 -9999 -9999 -9999 -9999 -9999 -9999 -9999 -9999 -9999 -9999 -9999 -9999 -9999 -9999 -9999 -9999 -9999 -9999 -9999 -9999 -9999 -9999 -9999 -9999 -9999 -9999 -9999 -9999 -9999 -9999 -9999 -9999 -9999 -9999 -9999 -9999 -9999 -9999 -9999 -9999 -9999 -9999 -9999 -9999 -9999 -9999 -9999 -9999 -9999 -9999 -9999 -9999 -9999 -9999 -9999
-9999 -9999 -9999 -9999 -9999 -9999 10.60260 -9999 -9999 -9999 -9999 -9999 -9999 -9999 -9999 -9999 -9999 -9999 -9999 -9999 -9999 -9999 -9999 -9999 -9999 -9999 -9999 -9999 -9999 -9999 -9999 -9999 -9999 -9999 -9999 -9999 -9999 -9999 -9999 -9999 -9999 -9999 -9999 -9999 -9999 -9999 -9999 -9999 -9999 -9999 -9999 -9999 -9999 -9999 -9999 -9999 -9999 -9999 -9999 -9999 -9999 -9999 -9999 -9999 -9999 -9999 -9999 -9999 -9999 -9999 -9999
-9999 -9999 7.69021 11.28910 10.90110 10.71860 10.81910 10.63970 10.54660 10.44530 10.33380 10.28160 10.36680 10.23480 10.10780 9.97550 9.92897 9.81796 9.80499 9.69400 9.58860 9.57790 -9999 -9999 -9999 -9999 -9999 -9999 -9999 -9999 -9999 -9999 -9999 -9999 -9999 -9999 -9999 -9999 -9999 -9999 -9999 -9999 -9999 -9999 -9999 -9999 -9999 -9999 -9999 -9999 -9999 -9999 -9999 -9999 -9999 -9999 -9999 -9999 -9999 -9999 -9999 -9999 -9999 -9999 -9999 -9999 -9999 -9999 -9999 -9999 -9999
-9999 -9999 -9999 -9999 11.16070 11.05770 11.08590 10.88710 10.88860 10.78000 10.65070 10.50910 10.47380 10.43500 10.30030 10.17020 10.11950 9.91074 9.79537 9.69329 9.59057 9.56065 -9999 -9999 -9999 -9999 -9999 -9999 -9999 -9999 -9999 -9999 -9999 -9999 -9999 -9999 -9999 -9999 -9999 -9999 -9999 -9999 -9999 -9999 -9999 -9999 -9999 -9999 -9999 -9999 -9999 -9999 -9999 -9999 -9999 -9999 -9999 -9999 -9999 -9999 -9999 -9999 -9999 -9999 -9999 -9999 -9999 -9999 -9999 -9999 -9999
12.11230 11.88900 11.79610 11.81060 11.51820 11.42110 11.52230 11.33790 11.22910 11.20060 10.98150 10.93590 10.79580 10.65830 10.51710 10.37580 10.23070 10.11340 9.99356 9.89154 9.87718 9.86691 9.95913 9.95138 9.85227 10.04620 10.02980 10.12500 -9999 -9999 -9999 -9999 -9999 -9999 -9999 -9999 -9999 -9999 -9999 -9999 -9999 -9999 -9999 -9999 -9999 -9999 -9999 -9999 -9999 -9999 -9999 -9999 -9999 -9999 -9999 -9999 -9999 -9999 -9999 -9999 -9999 -9999 -9999 -9999 -9999 -9999 -9999 -9999 -9999 -9999 -9999
12.29300 12.16110 12.05900 11.86000 11.86880 11.75590 11.75110 11.74470 11.63960 11.51970 11.38190 11.25200 11.10450 10.95840 10.81440 10.67640 10.52760 10.40310 10.28690 10.07510 10.06860 9.95452 9.75615 10.03340 10.13680 10.13560 10.12610 10.21590 10.30960 10.29270 10.29340 10.39170 10.35760 10.33930 10.23410 10.22070 10.10070 9.99500 9.95924 9.94269 9.92047 9.88480 9.84528 -9999 -9999 -9999 -9999 -9999 -9999 -9999 -9999 -9999 -9999 -9999 -9999 -9999 -9999 -9999 -9999 -9999 -9999 -9999 -9999 -9999 -9999 -9999 -9999 -9999 -9999 -9999 -9999
12.35470 11.92990 12.00290 11.69360 11.58880 11.69410 11.97320 11.96660 11.85760 11.65370 11.69840 11.56690 11.40880 11.26390 11.11680 10.95830 10.82160 10.68970 10.57700 10.36460 10.05180 9.54333 9.64740 9.82456 9.92829 10.22430 10.51040 10.50560 10.29510 10.09130 10.58860 10.59270 10.57160 10.54890 10.53550 10.42360 10.40750 10.29030 10.37130 10.24740 10.11870 10.08290 10.05410 10.12260 -9999 -9999 -9999 -9999 -9999 -9999 -9999 -9999 -9999 -9999 -9999 -9999 -9999 -9999 -9999 -9999 -9999 -9999 -9999 -9999 -9999 -9999 -9999 -9999 -9999 -9999 -9999
10.23880 10.00210 10.48720 9.26411 10.24350 10.53880 10.42360 10.62020 10.70330 11.18950 10.85200 11.00960 11.25160 11.31150 11.35130 11.09790 11.05300 10.93090 10.81390 10.50270 10.08490 10.07640 9.86434 9.95506 10.25150 9.65451 10.24740 10.64610 10.75180 10.24440 10.53890 10.64520 10.72520 10.60620 10.68300 10.67430 10.55780 10.53980 10.42850 10.39210 10.27850 10.23580 10.20310 10.27940 -9999 -9999 -9999 -9999 -9999 -9999 -9999 -9999 -9999 -9999 -9999 -9999 -9999 -9999 -9999 10.37740 10.29230 -9999 -9999 -9999 -9999 9.32569 8.23823 7.47866 7.90091 9.12548 9.23853
10.72130 10.39740 10.58320 9.75072 10.92440 11.61790 11.50360 10.78940 10.68600 10.56710 11.62170 11.77580 11.62780 11.38190 11.23020 11.48730 11.33110 11.40830 11.18730 11.16100 10.84910 10.54690 10.43830 10.92920 10.93030 11.03250 11.04240 11.03580 11.23600 11.14300 11.25310 11.15380 11.14240 11.11340 11.09350 11.08420 10.95880 10.93750 10.92320 10.69790 10.66960 10.63750 10.61540 10.48490 10.64950 10.62190 10.69590 10.46240 9.21864 8.78168 9.24101 8.89007 8.84408 9.29537 9.21733 9.01062 10.31110 10.40120 10.40160 10.40400 10.51590 -9999 -9999 -9999 -9999 -9999 9.62779 8.95201 8.47113 8.09338 8.10439
9.42799 10.79480 10.37920 9.26036 10.23320 11.30770 11.58790 11.66500 12.26170 12.63380 12.70560 12.56140 12.51870 12.37470 12.31880 12.17630 11.92870 11.79890 11.66590 11.53810 11.53350 11.51840 11.41100 11.39930 11.40590 11.51150 11.52480 11.52820 11.53510 11.64840 11.66070 11.67130 11.55110 11.52740 11.50620 11.48260 11.36340 11.34770 11.31920 11.20010 11.07880 11.04180 10.92520 10.89140 10.86260 10.73590 10.80740 10.65040 9.59807 9.15519 9.70130 10.14630 9.59305 8.43658 7.56568 8.85487 8.24241 8.13644 8.43540 9.22960 9.44321 9.16819 9.98268 10.58880 10.69790 10.50670 10.42390 10.33170 9.45232 8.85260 7.96620
9.32448 6.62101 11.58770 9.26463 9.02169 10.09210 10.87760 10.75790 13.12870 13.31250 13.18050 13.04150 12.90960 12.74420 12.70840 12.55800 12.41930 12.29080 12.15270 11.42800 11.30190 11.69280 11.78100 11.86690 11.86780 11.88350 11.90440 11.92390 12.04280 12.04970 11.96760 12.08970 11.96520 11.93820 11.91170 11.89190 11.77110 11.74640 11.62590 11.60560 11.58240 11.24460 11.33120 11.20560 11.17390 11.14990 11.10420 11.04580 10.98680 10.72160 10.26640 10.70690 10.03500 10.08910 9.29201 8.08696 7.77500 8.15805 8.25485 7.95846 8.38955 7.50181 8.60790 10.10870 10.60950 10.70630 10.61190 10.51030 9.81410 8.82519 7.33229
8.61461 7.41553 9.28236 12.55130 11.31860 12.28340 12.65910 11.34030 12.22050 13.00210 13.16870 13.32740 13.37230 13.24140 13.19120 13.04820 12.90060 12.66870 12.23790 10.61590 10.77340 11.25830 11.34900 11.93510 12.14410 12.15780 12.28570 12.30480 12.32620 12.35320 12.47380 12.49680 12.47010 12.35850 12.32050 12.19670 12.17350 11.85070 11.72650 11.40140 11.38580 11.55650 10.42880 10.11570 10.38750 10.95160 11.31360 11.63680 11.57080 10.90350 10.32960 10.25370 9.99208 9.92022 9.83304 10.11850 9.80460 8.69092 8.27615 7.89341 7.42001 6.92985 6.62469 8.12719 8.71568 9.10719 9.11160 9.19945 8.79699 8.39376 8.19584
9.85153 8.46429 8.43421 8.49514 10.55940 12.72570 12.69480 11.46560 11.24650 12.51650 10.10210 10.56180 11.31270 12.44790 13.03780 13.08940 13.25070 13.02850 12.60430 11.77030 11.13680 11.71660 11.90420 12.29840 12.61540 12.62940 12.75500 12.87220 12.79630 12.82360 12.84430 12.76670 12.24410 12.52910 12.50620 11.98120 11.85500 11.73200 11.51490 10.98530 10.86790 11.33480 11.41330 11.19290 10.25450 10.11170 10.57900 10.99520 11.61250 10.62900 10.14510 10.17170 10.08720 10.50680 9.60913 8.80358 8.49850 7.38848 8.38701 9.09531 8.82658 9.03711 8.83152 8.03235 7.12617 8.51402 7.60221 8.39897 8.69060 8.69010 8.77990
10.14750 9.25311 8.41681 7.57974 7.15248 10.30430 11.68260 12.25190 12.23150 12.81020 11.28860 8.96252 7.43544 6.59304 9.15330 10.91900 11.97030 12.95420 13.13670 13.21570 13.08960 13.07200 12.96290 13.06780 13.17310 13.09510 13.10350 13.12890 13.14290 12.85970 12.78370 12.50970 12.08460 12.16230 12.55520 12.02870 11.51890 10.90190 11.37310 11.54990 11.02050 10.78410 11.16060 11.32840 10.57850 10.93560 10.80070 10.90920 11.41140 11.51810 11.50320 11.22760 10.73990 10.54530 10.34630 10.05330 8.95904 8.15464 8.77968 7.59556 8.01844 8.49085 8.83767 9.33767 9.72378 9.62767 9.22182 8.92002 9.31934 9.50564 10.10480
8.03302 8.33545 7.01103 6.96704 7.52125 7.80825 7.87274 8.74933 10.22970 11.79670 13.08600 11.95050 10.72360 9.39539 7.86383 7.73108 7.99842 8.88489 10.56570 11.36250 12.54520 12.83240 13.11610 13.32470 13.43520 13.65010 13.46400 13.38060 12.80050 12.41070 13.02120 11.34740 10.92750 10.91580 11.28820 11.18430 11.16500 10.94790 11.33620 11.10500 10.97600 10.84210 11.60880 10.85730 10.70950 10.26810 10.12130 10.22180 10.62390 10.72380 9.82247 9.72440 9.02093 8.82810 9.12483 9.23568 7.93818 8.93911 9.05744 7.98758 8.91320 8.94063 9.23868 10.52890 10.33060 10.13320 9.13091 9.63675 10.12600 10.41570 11.21690
9.42214 8.21575 7.38514 7.86104 7.20805 6.88669 7.45499 8.51723 8.50257 10.08960 10.56480 10.25060 10.51280 11.19360 10.86520 10.63000 9.70031 8.51159 7.90281 8.59448 9.59906 10.38050 11.97700 13.07500 13.79340 13.90740 14.02140 13.11910 12.35060 12.26250 12.17050 11.97820 10.86670 11.34070 10.64090 12.12910 12.01470 11.49420 10.48790 10.86620 11.52240 11.89820 11.45870 10.91150 9.47740 9.12672 9.09126 9.48314 9.46231 8.45710 8.04496 8.41947 7.90233 6.99495 7.78068 7.09752 8.71523 7.92348 9.15895 9.99383 10.02150 10.65250 10.54790 10.84740 9.94683 10.74590 11.43220 11.64390 11.34290 11.33160 12.03110
9.90765 9.70138 9.65799 9.92903 8.39041 7.37254 7.53766 7.60440 7.78845 9.45773 11.16230 7.84505 8.32290 9.40256 7.37529 6.15301 6.72326 11.82180 9.13356 6.54468 7.14559 8.14095 9.54637 13.24130 14.06090 14.26780 14.27100 13.57980 12.78800 12.80010 12.21160 12.11660 12.00820 12.00670 13.09110 12.68360 11.87740 11.86010 11.16170 10.83720 9.88856 10.85080 10.91030 10.36940 11.53060 11.38680 10.53870 9.71277 8.99376 8.56636 8.04506 8.62555 8.58805 8.46103 7.75756 7.47197 8.28748 8.20597 9.85162 10.28760 11.42220 11.76110 11.16280 10.67420 12.06160 12.46540 12.47790 12.66840 12.47830 12.06410 12.04280
10.00630 10.08840 10.15750 10.41510 9.78560 9.65315 9.62226 9.10194 9.36785 9.15307 9.55081 9.24156 9.22477 9.80178 8.17845 7.75897 6.33767 7.54743 9.15611 10.26150 9.37840 9.28895 10.19770 11.01240 12.91670 14.21660 14.32480 14.21970 13.63540 13.64150 12.84670 12.95840 13.34550 12.84110 12.63490 12.62300 12.52040 12.21470 11.80410 11.07590 9.82549 9.78259 9.54856 9.81967 11.59340 11.73660 10.81200 10.08250 9.44894 8.31909 7.99836 8.85376 9.32045 7.99344 8.78020 9.21084 9.51915 10.13930 9.27861 10.42180 11.06210 11.89810 12.00960 13.01130 13.31110 13.20610 13.00080 12.50920 11.51610 11.99790 12.26710
9.92492 9.78308 9.25185 9.42155 9.58847 10.45050 10.52780 10.79070 10.75550 10.95530 9.64632 8.34120 9.13337 10.20710 10.18550 9.07539 8.64715 8.35608 6.97896 7.99233 9.19838 10.81230 11.72680 11.53810 11.35410 12.25070 13.85400 13.76450 13.35880 12.76320 13.07540 12.87190 13.95730 13.45210 12.74170 11.74360 11.84320 10.52440 11.30720 9.79485 8.34897 9.41851 9.59945 8.35785 9.23441 10.50590 10.37560 10.16020 10.24290 9.61169 8.87804 10.25110 10.71870 10.86880 11.27390 11.07650 10.89700 10.53480 11.06460 10.59720 11.83380 12.06650 12.26380 12.67310 13.06180 13.45300 13.24770 13.03520 12.33410 11.52470 11.69530
9.53903 8.67665 7.94882 7.92522 8.98435 9.35047 10.12480 10.48790 11.35850 10.25580 10.14740 9.53899 7.63444 8.90734 10.48380 10.77410 9.46330 8.58276 7.60189 7.81761 8.83711 9.45213 10.07010 11.08560 11.59080 12.48560 12.28840 13.18470 13.68270 12.98610 13.88800 13.07990 13.67660 11.77380 11.17140 12.35660 11.35470 9.84235 10.22340 10.60940 9.27765 8.74223 8.72010 9.39171 9.47788 9.75723 10.03250 9.81595 10.30940 9.57891 9.65331 9.62633 10.00080 9.97210 9.97256 10.37110 10.68430 11.80720 12.53870 13.16470 13.30030 13.02550 12.92610 13.12730 13.20250 13.40180 13.28490 12.97190 11.55840 10.74560 10.91900
11.14550 10.18560 7.95035 7.81667 7.88640 9.64474 9.92695 11.18780 10.94570 11.44750 12.24460 11.52220 10.42320 8.82322 9.50530 9.60078 9.18278 9.90380 9.62534 10.03900 8.06312 9.77648 10.79900 11.51610 12.02410 11.62380 10.71840 12.21180 13.31110 13.90510 12.41030 12.90980 13.09760 11.49070 10.68020 11.86480 11.16050 10.44930 9.42988 9.62003 9.58994 9.17706 9.66212 9.43648 9.92680 9.71840 11.19090 10.68190 10.26690 10.35060 10.53020 10.31280 10.88870 11.55950 11.35430 12.05420 12.06270 12.58720 13.31680 13.63410 13.46230 13.29610 13.08250 12.87020 11.45300 11.92630 11.62130 11.79170 11.47630 12.15020 11.92430
10.36230 10.37800 8.63631 7.61928 7.58736 6.64988 7.63446 9.68849 9.85013 10.24220 11.24370 10.33060 10.83840 10.02920 8.41994 9.31838 10.59580 11.01980 10.44580 10.66350 10.88450 9.81486 10.13360 11.45430 12.65590 13.65420 12.75280 13.24170 14.72730 13.92350 13.82060 13.41240 12.39920 11.69000 10.99120 10.66960 11.16160 10.06170 9.04297 8.32932 9.81933 9.99567 9.69454 10.99310 11.66760 12.16340 13.15850 13.74010 13.53070 13.71510 13.79330 13.78920 13.67520 13.15600 12.65770 12.64430 13.05110 13.76490 13.68440 13.70860 13.44470 13.46840 12.43670 11.02110 10.29290 10.66330 10.54020 10.92030 11.58100 11.95790 11.84570
12.31180 11.13370 9.30442 9.46319 8.03394 7.79759 5.96869 7.42752 8.99622 8.28230 8.08602 8.78304 9.65979 8.65774 8.84116 9.93748 9.82555 10.15170 11.16620 11.28750 10.91250 10.12880 8.86051 11.17540 12.78080 13.17280 11.77530 12.57980 12.67190 11.76710 13.05420 13.35150 12.02360 11.40120 10.58100 10.85630 10.54130 10.61240 9.58905 9.38098 10.46080 12.05240 11.46920 12.46240 14.06220 14.16000 13.85620 13.66230 12.85310 13.55520 -9999 -9999 14.13660 14.02730 14.24080 13.42100 13.41520 13.82390 13.63830 13.15150 12.96980 11.65980 10.42840 9.39659 9.86837 9.12765 8.80100 8.57299 10.83040 11.70660 11.68930
10.09200 10.84230 10.20390 9.37407 9.23239 9.48719 7.75958 9.50933 8.77309 8.05878 7.64645 8.74144 8.42575 8.30934 9.39039 9.87915 9.17261 10.28170 11.10210 10.20850 10.72020 11.43580 11.44670 11.06240 9.57976 10.98650 10.89800 12.01020 11.71120 12.11640 11.61860 13.01430 12.16590 11.02300 10.67420 10.41900 10.06710 11.91350 13.36840 -9999 -9999 -9999 -9999 14.87630 -9999 12.90320 11.30420 12.52050 12.93720 14.54920 -9999 -9999 13.60110 13.72130 14.01360 13.98210 14.27430 13.86350 13.25670 12.54890 12.11650 11.59460 10.94870 10.50830 11.36250 8.42211 8.18273 8.93237 11.48150 12.05820 12.56570
11.66510 11.35330 10.81000 9.87276 10.12530 11.48930 9.14870 9.99800 11.45470 11.02950 11.02120 10.70690 9.68090 9.26144 9.83700 11.52360 10.30930 9.91250 9.82562 10.13390 9.73677 11.13560 10.95290 11.25150 10.66870 11.38840 11.11130 10.93970 11.24570 11.86210 11.47870 11.39510 11.01460 11.13650 10.06650 11.28590 12.19890 -9999 -9999 -9999 -9999 -9999 -9999 -9999 13.81050 13.43220 13.44590 -9999 -9999 -9999 -9999 -9999 14.76930 14.30080 12.80970 13.27660 12.53610 13.10000 13.47650 12.52100 13.47380 13.21140 12.46600 11.71180 12.35480 12.50380 11.46020 9.79290 11.74090 13.61190 -9999
