data/hydroclimate-scenarios/BCSD_hadcm_B1/monthly_summaries/tavg_monthly_avg_feb.2030-2059.asc
ncols	311
nrows	91
xllcenter	102.75
yllcenter	31.75
cellsize	0.5
NODATA_value	-9999
[rows 0 to 30 of 91, columns 70 to 139 of 311]
-9999 -9999 -9999 -9999 -9999 -9999 -9999 -9999 -9999 -9999 -9999 -9999 -9999 -9999 -9999 -9999 -9999 -9999 -9999 -9999 -9999 -9999 -9999 -9999 -9999 -9999 -9999 -9999 -9999 -9999 -9999 -9999 -9999 -9999 -9999 -9999 -9999 -9999 -9999 -9999 -9999 -9999 -9999 -9999 -9999 -9999 -9999 -9999 -9999 -9999 -9999 -9999 -9999 -9999 -9999 -9999 -9999 -9999 -9999 -9999 -9999 -9999 -9999 -9999 -9999 -9999 -9999 -9999 -9999 -9999
-9999 -9999 -9999 -9999 -9999 -9999 -9999 -9999 -9999 -9999 -9999 -9999 -9999 -9999 -9999 -9999 -9999 -9999 -9999 -9999 -9999 -9999 -9999 -9999 -9999 -9999 -9999 -9999 -9999 -9999 -9999 -9999 -9999 -9999 -9999 -9999 -9999 -9999 -9999 -9999 -9999 -9999 -9999 -9999 -9999 -9999 -9999 -9999 -9999 -9999 -9999 -9999 -9999 -9999 -9999 -9999 -9999 -9999 -9999 -9999 -9999 -9999 -9999 -9999 -9999 -9999 -9999 -9999 -9999 -9999
-9999 -9999 -9999 -9999 -9999 -9999 -9999 -9999 -9999 -9999 -9999 -9999 -9999 -9999 -9999 -9999 -9999 -9999 -9999 -9999 -9999 -9999 -9999 -9999 -9999 -9999 -9999 -9999 -9999 -9999 -9999 -9999 -9999 -9999 -9999 -9999 -9999 -9999 -9999 -9999 -9999 -9999 -9999 -9999 -9999 -9999 -9999 -9999 -9999 -9999 -9999 -9999 -9999 -9999 -9999 -9999 -9999 -9999 -9999 -9999 -9999 -9999 -9999 -9999 -9999 -9999 -9999 -9999 -9999 -9999
-9999 -9999 -9999 -9999 -9999 -9999 -9999 -9999 -9999 -9999 -9999 -9999 -9999 -9999 -9999 -9999 -9999 -9999 -9999 -9999 -9999 -9999 -9999 -9999 -9999 -9999 -9999 -9999 -9999 -9999 -9999 -9999 -9999 -9999 -9999 -9999 -9999 -9999 -9999 -9999 -9999 -9999 -9999 -9999 -9999 -9999 -9999 -9999 -9999 -9999 -9999 -9999 -9999 -9999 -9999 -9999 -9999 -9999 -9999 -9999 -9999 -9999 -9999 -9999 -9999 -9999 -9999 -9999 -9999 -9999
-9999 -9999 -9999 -9999 -9999 -9999 -9999 -9999 -9999 -9999 -9999 -9999 -9999 -9999 -9999 -9999 -9999 -9999 -9999 -9999 -9999 -9999 -9999 -9999 -9999 -9999 -9999 -9999 -9999 -9999 -9999 -9999 -9999 -9999 -9999 -9999 -9999 -9999 -9999 -9999 -9999 -9999 -9999 -9999 -9999 -9999 -9999 -9999 -9999 -9999 -9999 -9999 -9999 -9999 -9999 -9999 -9999 -9999 -9999 -9999 -9999 -9999 -9999 -9999 -9999 -9999 -9999 -9999 -9999 -9999
-9999 -9999 -9999 -9999 -9999 -9999 -9999 -9999 -9999 -9999 -9999 -9999 -9999 -9999 -9999 -9999 -9999 -9999 -9999 -9999 -9999 -9999 -9999 -9999 -9999 -9999 -9999 -9999 -9999 -9999 -9999 -9999 -9999 -9999 -9999 -9999 -9999 -9999 -9999 -9999 -9999 -9999 -9999 -9999 -9999 -9999 -9999 -9999 -9999 -9999 -9999 -9999 -9999 -9999 -9999 -9999 -9999 -9999 -9999 -9999 -9999 -9999 -9999 -9999 -9999 -9999 -9999 -9999 -9999 -9999
-9999 -9999 -9999 -9999 -9999 -9999 -9999 -9999 -9999 -9999 -9999 -9999 -9999 -9999 -9999 -9999 -9999 -9999 -9999 -9999 -9999 -9999 -9999 -9999 -9999 -9999 -9999 -9999 -9999 -9999 -9999 -9999 -9999 -9999 -9999 -9999 -9999 -9999 -9999 -9999 -9999 -9999 -9999 -9999 -9999 -9999 -9999 -9999 -9999 -9999 -9999 -9999 -9999 -9999 -9999 -9999 -9999 -9999 -9999 -9999 -9999 -9999 -9999 -9999 -9999 -9999 -9999 -9999 -9999 -9999
-9999 -9999 -9999 -9999 -9999 -9999 -9999 -9999 -9999 -9999 -9999 -9999 -9999 -9999 -9999 -9999 -9999 -9999 -9999 -9999 -9999 -9999 -9999 -9999 -9999 -9999 -9999 -9999 -9999 -9999 -9999 -9999 -9999 -9999 -9999 -9999 -9999 -9999 -9999 -9999 -9999 -9999 -9999 -9999 -9999 -9999 -9999 -9999 -9999 -9999 -9999 -9999 -9999 -9999 -9999 -9999 -9999 -9999 -9999 -9999 -9999 -9999 -9999 -9999 -9999 -9999 -9999 -9999 -9999 -9999
-9999 -9999 -9999 -9999 -9999 -9999 -9999 -37.60120 -9999 -9999 -9999 -9999 -9999 -9999 -9999 -9999 -9999 -9999 -9999 -9999 -9999 -9999 -9999 -9999 -9999 -9999 -9999 -9999 -9999 -9999 -9999 -9999 -9999 -9999 -9999 -9999 -9999 -9999 -9999 -9999 -9999 -9999 -9999 -9999 -9999 -9999 -9999 -9999 -9999 -9999 -9999 -9999 -9999 -9999 -9999 -9999 -9999 -9999 -9999 -9999 -9999 -9999 -9999 -9999 -9999 -9999 -9999 -9999 -9999 -9999
-9999 -9999 -9999 -30.16170 -38.28620 -38.13370 -38.07280 -37.51720 -37.15630 -36.68790 -36.35810 -35.95620 -35.48050 -34.89290 -34.40230 -33.82160 -33.32510 -32.94510 -32.53620 -32.12230 -31.80340 -31.60250 -31.39200 -9999 -9999 -9999 -9999 -9999 -9999 -9999 -9999 -9999 -9999 -9999 -9999 -9999 -9999 -9999 -9999 -9999 -9999 -9999 -9999 -9999 -9999 -9999 -9999 -9999 -9999 -9999 -9999 -9999 -9999 -9999 -9999 -9999 -9999 -9999 -9999 -9999 -9999 -9999 -9999 -9999 -9999 -9999 -9999 -9999 -9999 -9999
-9999 -9999 -9999 -9999 -9999 -38.16720 -37.81990 -37.46740 -37.11090 -36.66720 -36.23630 -35.83260 -35.32130 -34.83830 -34.24620 -33.64830 -33.16390 -32.66880 -32.25510 -31.83710 -31.41910 -31.20950 -31.09380 -9999 -9999 -9999 -9999 -9999 -9999 -9999 -9999 -9999 -9999 -9999 -9999 -9999 -9999 -9999 -9999 -9999 -9999 -9999 -9999 -9999 -9999 -9999 -9999 -9999 -9999 -9999 -9999 -9999 -9999 -9999 -9999 -9999 -9999 -9999 -9999 -9999 -9999 -9999 -9999 -9999 -9999 -9999 -9999 -9999 -9999 -9999
-38.84320 -38.72340 -38.60090 -38.37000 -38.02510 -37.90120 -37.75980 -37.41430 -36.97340 -36.63450 -36.20940 -35.69800 -35.29300 -34.79140 -34.09650 -33.58370 -32.98950 -32.58550 -31.96850 -31.35560 -30.92540 -30.61460 -30.69720 -30.77460 -30.86210 -30.96000 -31.00020 -31.13200 -31.28350 -9999 -9999 -9999 -9999 -9999 -9999 -9999 -9999 -9999 -9999 -9999 -9999 -9999 -9999 -9999 -9999 -9999 -9999 -9999 -9999 -9999 -9999 -9999 -9999 -9999 -9999 -9999 -9999 -9999 -9999 -9999 -9999 -9999 -9999 -9999 -9999 -9999 -9999 -9999 -9999 -9999
-39.14220 -38.90700 -38.58860 -38.37640 -38.25330 -37.92580 -37.59530 -37.37230 -36.94940 -36.50850 -36.08240 -35.66700 -35.05030 -34.55190 -34.03930 -33.43360 -32.91710 -32.31250 -31.68100 -30.96130 -30.23450 -30.22260 -30.59390 -30.87550 -30.75360 -30.75570 -30.98750 -31.01950 -31.27170 -31.21370 -31.35040 -31.41140 -31.26610 -31.26710 -31.15250 -31.25060 -31.13890 -31.01730 -30.82150 -30.71120 -30.73570 -30.60280 -30.35640 -30.31510 -9999 -9999 -9999 -9999 -9999 -9999 -9999 -9999 -9999 -9999 -9999 -9999 -9999 -9999 -9999 -9999 -9999 -9999 -9999 -9999 -9999 -9999 -9999 -9999 -9999 -9999
-39.42410 -39.00180 -39.08620 -38.78340 -38.67540 -38.55460 -37.93490 -37.42130 -37.01200 -36.69110 -36.25730 -35.63850 -35.01640 -34.50740 -33.98230 -33.37630 -32.85900 -32.24200 -31.60490 -30.88140 -30.35050 -30.42760 -31.20290 -31.27810 -31.15940 -31.24640 -30.97550 -30.90660 -31.02710 -31.26450 -31.60000 -31.22290 -31.16640 -31.16130 -30.95430 -30.93840 -30.73250 -30.62700 -30.41570 -30.31320 -30.13030 -30.10290 -30.05530 -29.90740 -29.66060 -9999 -9999 -9999 -9999 -9999 -9999 -9999 -9999 -9999 -9999 -9999 -9999 -9999 -9999 -9999 -9999 -9999 -9999 -9999 -9999 -9999 -9999 -9999 -9999 -9999
-41.61780 -41.48340 -41.46660 -40.56910 -41.57690 -40.16160 -39.65450 -39.23440 -38.51620 -38.20980 -37.08250 -36.84850 -36.02850 -35.02120 -34.29270 -33.67740 -33.05800 -32.44120 -31.70070 -31.07370 -30.84030 -31.01670 -31.08780 -31.25660 -31.33330 -31.12980 -31.84370 -31.37090 -30.98520 -31.10380 -31.52270 -31.25180 -31.15870 -31.05470 -30.95820 -30.74040 -30.64470 -30.33480 -30.22400 -30.01960 -29.84920 -29.81460 -29.77270 -29.62980 -29.37950 -9999 -9999 -9999 -9999 -9999 -9999 -9999 -9999 -9999 -9999 -9999 -9999 -9999 -9999 -9999 -25.92010 -25.90800 -9999 -9999 -9999 -9999 -26.07480 -27.02680 -27.55220 -26.69320
-41.50800 -41.28390 -41.16700 -40.76390 -41.36070 -39.85990 -38.74250 -38.52060 -38.70250 -38.38000 -37.95250 -36.42660 -35.69630 -35.08240 -34.77260 -34.14010 -33.12630 -32.59650 -31.67300 -31.33740 -30.82190 -30.89210 -31.15470 -31.22000 -30.69850 -30.69010 -30.70700 -30.80480 -30.83470 -30.84330 -30.86700 -30.86770 -30.79130 -30.68960 -30.58370 -30.48560 -30.27860 -30.06650 -29.95900 -29.76220 -29.49260 -29.36080 -29.21780 -29.07310 -29.03530 -28.57040 -28.52160 -28.36920 -28.23400 -29.28070 -29.42560 -28.77330 -28.84020 -28.68940 -27.94150 -27.85940 -27.93470 -26.51270 -26.18760 -25.97640 -25.94780 -25.73890 -9999 -9999 -9999 -9999 -9999 -25.65210 -26.20840 -26.36290
-42.70460 -42.88560 -41.16650 -41.35490 -42.15070 -40.84880 -39.32530 -38.80120 -38.26840 -37.24440 -36.21790 -35.59550 -35.17070 -34.54000 -34.13440 -33.50720 -32.99110 -32.47050 -31.84860 -31.42080 -31.09780 -30.86100 -30.73630 -30.60910 -30.57430 -30.55960 -30.56240 -30.68170 -30.68730 -30.69090 -30.69920 -30.61480 -30.53170 -30.42200 -30.32530 -30.11670 -29.90940 -29.70960 -29.50890 -29.30640 -29.13530 -28.91060 -28.77810 -28.53140 -28.38280 -28.22420 -28.07070 -28.00880 -27.79110 -28.66700 -28.95670 -28.13320 -27.40900 -27.78800 -28.67390 -29.49860 -27.98380 -28.44230 -28.52990 -27.99470 -27.18520 -26.85780 -26.95130 -25.94330 -25.22630 -25.11510 -25.09510 -25.18400 -25.05860 -25.43270
-41.40560 -43.18540 -45.86510 -40.36410 -42.44570 -42.53810 -41.11630 -39.88100 -39.65710 -36.61970 -35.89170 -35.55330 -35.03420 -34.61850 -34.10170 -33.57230 -32.95370 -32.34510 -31.82160 -31.48940 -31.77020 -31.53710 -30.91380 -30.68420 -30.55650 -30.54010 -30.54100 -30.44000 -30.54500 -30.54180 -30.34580 -30.44480 -30.35680 -30.05380 -30.04750 -29.85520 -29.65580 -29.35270 -29.15420 -28.95730 -28.69790 -28.56320 -28.52230 -28.26620 -27.92750 -27.67380 -27.52530 -27.35790 -27.06850 -26.97180 -27.07910 -27.27960 -26.68360 -27.09040 -26.89330 -27.63770 -28.71980 -28.88830 -28.46640 -28.23150 -28.41490 -27.80640 -28.68640 -27.49560 -26.00130 -25.41310 -25.00590 -24.91550 -24.90730 -25.31160
-43.69070 -44.19380 -45.28060 -43.05650 -39.34470 -40.32020 -39.00230 -38.26240 -39.32200 -37.88700 -36.64990 -36.02890 -35.10230 -34.57500 -34.06090 -33.54600 -33.02560 -32.40860 -31.98390 -31.75770 -33.13280 -32.53140 -31.89410 -31.67350 -30.93870 -30.62840 -30.61690 -30.30680 -30.31260 -30.30330 -30.30680 -30.20610 -30.08880 -29.79850 -29.69510 -29.39590 -29.30810 -29.01130 -29.01800 -28.92070 -28.95000 -28.62090 -28.17200 -29.12540 -29.17350 -28.52430 -27.56230 -27.00700 -26.34500 -26.06650 -26.51160 -27.04720 -26.97530 -27.11020 -26.93410 -26.88190 -26.65910 -26.52560 -27.80010 -28.07500 -28.55020 -28.83990 -29.32220 -29.75340 -28.17220 -27.40490 -26.82910 -26.64760 -26.45510 -26.47570
-40.54910 -42.94980 -44.23490 -44.01980 -43.80560 -41.39790 -38.88390 -38.54820 -39.52300 -39.38510 -37.56300 -39.74750 -38.74080 -37.43500 -35.32700 -34.12660 -33.42020 -32.53290 -32.01510 -31.89550 -32.47990 -32.85620 -31.93960 -31.61270 -31.07940 -30.66390 -30.43720 -30.51770 -30.29070 -30.26870 -30.15380 -30.01860 -30.09480 -30.18890 -29.68240 -29.28130 -29.48270 -29.38560 -29.17490 -29.08100 -29.20800 -29.05420 -28.30090 -27.84470 -27.88790 -28.41020 -28.23410 -27.46370 -26.78900 -25.83240 -26.57330 -26.81190 -26.63900 -26.47630 -25.90170 -26.65420 -27.30430 -27.65280 -28.62550 -27.58260 -26.85150 -27.03230 -26.90950 -27.13860 -27.95850 -28.69090 -27.21800 -28.04020 -26.85620 -26.47760
-40.97460 -42.58400 -43.36650 -44.07370 -44.76330 -45.06140 -41.66920 -39.86240 -38.93170 -38.71810 -37.71120 -38.93080 -40.95110 -41.97590 -42.30070 -38.83050 -36.26130 -34.30450 -32.68190 -31.98040 -31.56520 -31.35450 -31.14120 -31.12770 -30.80570 -30.76720 -30.61210 -30.55390 -30.49700 -30.33590 -30.58020 -30.42220 -30.46720 -30.44320 -30.22130 -29.31140 -29.59210 -29.68060 -29.86740 -28.85860 -28.46420 -28.58430 -28.40040 -27.72110 -27.33230 -27.62560 -26.92510 -26.83340 -26.33420 -25.55080 -24.96860 -24.67730 -24.79560 -25.00010 -25.00590 -25.02540 -25.17180 -26.30830 -27.04580 -26.37440 -27.73120 -27.27930 -26.73450 -26.44930 -25.86750 -25.38130 -25.39050 -25.79390 -25.89590 -25.20510
-43.31010 -44.60220 -44.29600 -45.41860 -45.52310 -44.82990 -44.34750 -44.15430 -42.95540 -41.14440 -39.06550 -37.41000 -38.26850 -39.12010 -39.78350 -40.74110 -40.11600 -39.28050 -37.67430 -35.26990 -33.95320 -32.44870 -31.85120 -31.43790 -31.23420 -30.86880 -30.68750 -30.68880 -30.69530 -31.20840 -31.51750 -30.51710 -31.92900 -31.99660 -31.46360 -30.74120 -30.31370 -29.88520 -29.66030 -28.83640 -28.62640 -28.40850 -28.00480 -26.89810 -27.37740 -27.05240 -27.22900 -27.01000 -26.49750 -25.79390 -25.18150 -25.87850 -25.76920 -26.16110 -26.15060 -25.64380 -25.45960 -26.68030 -25.49250 -25.28610 -26.47230 -25.60900 -25.35840 -25.16940 -23.96810 -24.16130 -24.26550 -25.15330 -24.34140 -23.53310
-41.61580 -43.02690 -44.32690 -44.94860 -44.38260 -45.00160 -45.32240 -44.54730 -43.47960 -43.17260 -41.31640 -40.60050 -40.37920 -39.77870 -38.25480 -37.95010 -37.56280 -37.75690 -38.54190 -38.54580 -37.35760 -36.05130 -35.05160 -33.15580 -31.94060 -31.07680 -30.94890 -30.71560 -31.40320 -32.27020 -31.93700 -31.71120 -31.48480 -32.13850 -31.10580 -31.36750 -29.32410 -28.98800 -28.94670 -29.51970 -28.57830 -27.55450 -26.61640 -26.67820 -26.74260 -27.79110 -27.85030 -27.50860 -26.56630 -26.23930 -26.91350 -26.97160 -26.25090 -26.41010 -27.27080 -26.05460 -26.75790 -24.95250 -25.73900 -24.21380 -23.48380 -23.43170 -22.76020 -23.04320 -22.95200 -23.74110 -22.91760 -21.89840 -21.47830 -21.44430
-42.24000 -42.24600 -42.45290 -42.39440 -42.13370 -43.76550 -44.79780 -44.53830 -44.57810 -44.10720 -42.46020 -40.16900 -43.38590 -42.30110 -40.43540 -41.86260 -42.39200 -41.21550 -35.02070 -37.43510 -39.73500 -38.84180 -37.55790 -35.96040 -32.07680 -31.19050 -30.92310 -30.85940 -31.38930 -32.12740 -31.77020 -31.90590 -31.64220 -31.29400 -30.53900 -28.89810 -28.74850 -29.00380 -28.45220 -28.60950 -28.45510 -28.89650 -27.42110 -26.85790 -26.90660 -25.15360 -24.88010 -25.31300 -25.75540 -26.09920 -26.14510 -26.18090 -25.22730 -24.87670 -24.71660 -25.17720 -25.35300 -24.43430 -24.50210 -22.63380 -22.18010 -21.10740 -20.76900 -21.53610 -22.22760 -20.88860 -20.36630 -20.03120 -19.49630 -19.37220
-42.00940 -41.81520 -41.52670 -41.46200 -41.19860 -41.92330 -42.06580 -42.30700 -42.84120 -42.57030 -42.82170 -42.33820 -42.15870 -41.37870 -39.90580 -40.82940 -40.56270 -41.28560 -39.28890 -37.00230 -35.50680 -36.13060 -36.12840 -35.04760 -34.24500 -32.28160 -30.92120 -30.76390 -30.99590 -31.34710 -30.97330 -31.52210 -30.76320 -29.83100 -29.59280 -29.25670 -28.52700 -28.09250 -27.85040 -27.70570 -27.95090 -28.66880 -28.19960 -27.82290 -27.15930 -24.70970 -24.15440 -24.68230 -24.92830 -25.07740 -25.82200 -25.66580 -24.42190 -23.57410 -24.72830 -23.58340 -23.06550 -22.54570 -21.91590 -22.95870 -21.70420 -21.14750 -20.39420 -20.21900 -19.49880 -19.47870 -19.55540 -19.22170 -19.40180 -20.07760
-41.43660 -41.24540 -41.34530 -41.76830 -41.68060 -41.39690 -40.50950 -40.72440 -40.74110 -40.85440 -40.90160 -41.97080 -42.56190 -41.05070 -38.95190 -37.95020 -38.34080 -38.04560 -37.55310 -38.45700 -36.95940 -35.46310 -33.46880 -32.48440 -32.78250 -33.13580 -32.34110 -30.91740 -31.10910 -31.59040 -31.97960 -31.06490 -30.64700 -28.84510 -28.74460 -28.64910 -29.15110 -28.54500 -29.34250 -27.92080 -28.98220 -29.91800 -28.24840 -27.58590 -28.43240 -27.07610 -25.34750 -24.89370 -24.78510 -24.17580 -24.45040 -24.63380 -22.81180 -21.99290 -21.47100 -20.97450 -20.88190 -21.09700 -21.59690 -20.96970 -21.64590 -20.42730 -20.40460 -20.14740 -19.89980 -19.79470 -19.49180 -19.18560 -19.28670 -19.57450
-39.45050 -41.06390 -41.77810 -42.36730 -42.36530 -41.36750 -40.95180 -40.35330 -40.34540 -39.72810 -41.16250 -41.21020 -41.03690 -41.54230 -39.40920 -36.77650 -35.64300 -36.10550 -36.30490 -36.71000 -35.91100 -34.60980 -33.91600 -33.22070 -32.12530 -31.80100 -31.25380 -31.88520 -31.41300 -31.03140 -31.46530 -29.99170 -30.01990 -28.74900 -29.98930 -29.92360 -27.95080 -28.69280 -29.61880 -28.73610 -27.82140 -28.66320 -28.60890 -28.34790 -27.11140 -26.57720 -25.83670 -25.00790 -24.83130 -23.96030 -24.18900 -23.79390 -23.40130 -22.71910 -22.52930 -22.17040 -21.71750 -21.27050 -20.07950 -19.49490 -18.99340 -18.79730 -19.20470 -19.47950 -19.43750 -19.56260 -19.47510 -19.38680 -19.50330 -20.62280
-37.87200 -38.58890 -39.40580 -41.46690 -41.55350 -41.42370 -39.69950 -39.56550 -38.53930 -39.21950 -39.31930 -38.64520 -38.08490 -37.91820 -38.34800 -36.69360 -35.42660 -35.05260 -33.45610 -33.25840 -32.26000 -34.15640 -32.16920 -31.06040 -30.46580 -30.16110 -31.05560 -32.34030 -31.51460 -31.08920 -30.36120 -30.92720 -29.60180 -28.76970 -29.52960 -29.89540 -27.95400 -28.22900 -28.48460 -29.15040 -28.46820 -27.90250 -27.76240 -27.00220 -26.67660 -25.74650 -25.53170 -23.61140 -23.76970 -23.73910 -23.29000 -22.74460 -22.49980 -21.64610 -20.58290 -20.55760 -19.64160 -19.71900 -19.15930 -18.40230 -18.34710 -18.57840 -19.00480 -19.16780 -19.60970 -21.34460 -20.89380 -21.12720 -20.88070 -20.99670
-37.00070 -38.41530 -38.13430 -39.78290 -40.63340 -40.48320 -41.43780 -40.49160 -38.55070 -38.70040 -38.37860 -37.38170 -37.38910 -35.78540 -35.48830 -36.19130 -34.19930 -32.09750 -30.90410 -30.89830 -30.20610 -29.59660 -30.60220 -30.20420 -28.80080 -27.92950 -27.25720 -28.79120 -29.22270 -28.61140 -29.25500 -28.45990 -28.16550 -28.45140 -28.56230 -28.86290 -28.65770 -27.57060 -28.26600 -28.96740 -29.19870 -27.16190 -26.52090 -26.47700 -24.65500 -23.63430 -22.62280 -21.21500 -20.20730 -20.00100 -19.49280 -18.97290 -18.67350 -18.46720 -18.74650 -19.04320 -18.96960 -18.47240 -17.73890 -17.81730 -17.97810 -18.50970 -18.65700 -19.92240 -21.57110 -22.44580 -22.10610 -22.17830 -21.92350 -21.09760
-35.57250 -35.50910 -36.43810 -38.10770 -37.69100 -38.96660 -39.14770 -40.92750 -39.40770 -37.88370 -38.47900 -38.56290 -37.15360 -35.44080 -35.63280 -34.33000 -32.51870 -31.90120 -30.59860 -28.99520 -28.39320 -28.48400 -29.08230 -30.29060 -27.87370 -26.40180 -26.46030 -28.42680 -28.27700 -28.61770 -29.53760 -28.05290 -27.18820 -27.92620 -27.97590 -28.34030 -27.58700 -27.35370 -26.80040 -27.55770 -27.28040 -25.66670 -23.66170 -23.94920 -22.45480 -20.46610 -19.98880 -19.89290 -19.67650 -20.16200 -19.14840 -9999 -9999 -17.29020 -17.15690 -16.55050 -17.23950 -17.00300 -16.64210 -16.83880 -17.65150 -17.94480 -19.43290 -20.89080 -22.15720 -21.82170 -22.58470 -22.93880 -23.10230 -20.65420
-36.78820 -36.97000 -35.63700 -36.17320 -36.82910 -36.87020 -36.32140 -38.15960 -36.21290 -36.95820 -37.48880 -37.58460 -35.87930 -35.55720 -34.94670 -33.04100 -31.65240 -31.95140 -30.04080 -28.43600 -29.02190 -28.00700 -26.90390 -26.69420 -27.08290 -28.81320 -27.56130 -28.12990 -27.48050 -28.20390 -28.02780 -28.34720 -26.76320 -27.07130 -27.59200 -27.41730 -27.03670 -26.96580 -24.38830 -22.21180 -9999 -9999 -9999 -9999 -19.08550 -9999 -20.61200 -21.88110 -20.20970 -19.32710 -17.15460 -9999 -9999 -16.82830 -16.25250 -15.54990 -15.25670 -14.48190 -14.88880 -15.40090 -16.21650 -16.78840 -17.36890 -18.20710 -18.84650 -18.08150 -21.11320 -21.34050 -20.56810 -17.78480
