data/hydroclimate-scenarios/BCSD_hadcm_B1/monthly_summaries/tavg_monthly_avg_nov.2070-2099.asc
ncols	311
nrows	91
xllcenter	102.75
yllcenter	31.75
cellsize	0.5
NODATA_value	-9999
[rows 0 to 30 of 91, columns 71 to 141 of 311]
-9999 -9999 -9999 -9999 -9999 -9999 -9999 -9999 -9999 -9999 -9999 -9999 -9999 -9999 -9999 -9999 -9999 -9999 -9999 -9999 -9999 -9999 -9999 -9999 -9999 -9999 -9999 -9999 -9999 -9999 -9999 -9999 -9999 -9999 -9999 -9999 -9999 -9999 -9999 -9999 -9999 -9999 -9999 -9999 -9999 -9999 -9999 -9999 -9999 -9999 -9999 -9999 -9999 -9999 -9999 -9999 -9999 -9999 -9999 -9999 -9999 -9999 -9999 -9999 -9999 -9999 -9999 -9999 -9999 -9999 -9999
-9999 -9999 -9999 -9999 -9999 -9999 -9999 -9999 -9999 -9999 -9999 -9999 -9999 -9999 -9999 -9999 -9999 -9999 -9999 -9999 -9999 -9999 -9999 -9999 -9999 -9999 -9999 -9999 -9999 -9999 -9999 -9999 -9999 -9999 -9999 -9999 -9999 -9999 -9999 -9999 -9999 -9999 -9999 -9999 -9999 -9999 -9999 -9999 -9999 -9999 -9999 -9999 -9999 -9999 -9999 -9999 -9999 -9999 -9999 -9999 -9999 -9999 -9999 -9999 -9999 -9999 -9999 -9999 -9999 -9999 -9999
-9999 -9999 -9999 -9999 -9999 -9999 -9999 -9999 -9999 -9999 -9999 -9999 -9999 -9999 -9999 -9999 -9999 -9999 -9999 -9999 -9999 -9999 -9999 -9999 -9999 -9999 -9999 -9999 -9999 -9999 -9999 -9999 -9999 -9999 -9999 -9999 -9999 -9999 -9999 -9999 -9999 -9999 -9999 -9999 -9999 -9999 -9999 -9999 -9999 -9999 -9999 -9999 -9999 -9999 -9999 -9999 -9999 -9999 -9999 -9999 -9999 -9999 -9999 -9999 -9999 -9999 -9999 -9999 -9999 -9999 -9999
-9999 -9999 -9999 -9999 -9999 -9999 -9999 -9999 -9999 -9999 -9999 -9999 -9999 -9999 -9999 -9999 -9999 -9999 -9999 -9999 -9999 -9999 -9999 -9999 -9999 -9999 -9999 -9999 -9999 -9999 -9999 -9999 -9999 -9999 -9999 -9999 -9999 -9999 -9999 -9999 -9999 -9999 -9999 -9999 -9999 -9999 -9999 -9999 -9999 -9999 -9999 -9999 -9999 -9999 -9999 -9999 -9999 -9999 -9999 -9999 -9999 -9999 -9999 -9999 -9999 -9999 -9999 -9999 -9999 -9999 -9999
-9999 -9999 -9999 -9999 -9999 -9999 -9999 -9999 -9999 -9999 -9999 -9999 -9999 -9999 -9999 -9999 -9999 -9999 -9999 -9999 -9999 -9999 -9999 -9999 -9999 -9999 -9999 -9999 -9999 -9999 -9999 -9999 -9999 -9999 -9999 -9999 -9999 -9999 -9999 -9999 -9999 -9999 -9999 -9999 -9999 -9999 -9999 -9999 -9999 -9999 -9999 -9999 -9999 -9999 -9999 -9999 -9999 -9999 -9999 -9999 -9999 -9999 -9999 -9999 -9999 -9999 -9999 -9999 -9999 -9999 -9999
-9999 -9999 -9999 -9999 -9999 -9999 -9999 -9999 -9999 -9999 -9999 -9999 -9999 -9999 -9999 -9999 -9999 -9999 -9999 -9999 -9999 -9999 -9999 -9999 -9999 -9999 -9999 -9999 -9999 -9999 -9999 -9999 -9999 -9999 -9999 -9999 -9999 -9999 -9999 -9999 -9999 -9999 -9999 -9999 -9999 -9999 -9999 -9999 -9999 -9999 -9999 -9999 -9999 -9999 -9999 -9999 -9999 -9999 -9999 -9999 -9999 -9999 -9999 -9999 -9999 -9999 -9999 -9999 -9999 -9999 -9999
-9999 -9999 -9999 -9999 -9999 -9999 -9999 -9999 -9999 -9999 -9999 -9999 -9999 -9999 -9999 -9999 -9999 -9999 -9999 -9999 -9999 -9999 -9999 -9999 -9999 -9999 -9999 -9999 -9999 -9999 -9999 -9999 -9999 -9999 -9999 -9999 -9999 -9999 -9999 -9999 -9999 -9999 -9999 -9999 -9999 -9999 -9999 -9999 -9999 -9999 -9999 -9999 -9999 -9999 -9999 -9999 -9999 -9999 -9999 -9999 -9999 -9999 -9999 -9999 -9999 -9999 -9999 -9999 -9999 -9999 -9999
-9999 -9999 -9999 -9999 -9999 -9999 -9999 -9999 -9999 -9999 -9999 -9999 -9999 -9999 -9999 -9999 -9999 -9999 -9999 -9999 -9999 -9999 -9999 -9999 -9999 -9999 -9999 -9999 -9999 -9999 -9999 -9999 -9999 -9999 -9999 -9999 -9999 -9999 -9999 -9999 -9999 -9999 -9999 -9999 -9999 -9999 -9999 -9999 -9999 -9999 -9999 -9999 -9999 -9999 -9999 -9999 -9999 -9999 -9999 -9999 -9999 -9999 -9999 -9999 -9999 -9999 -9999 -9999 -9999 -9999 -9999
-9999 -9999 -9999 -9999 -9999 -9999 -24.24140 -9999 -9999 -9999 -9999 -9999 -9999 -9999 -9999 -9999 -9999 -9999 -9999 -9999 -9999 -9999 -9999 -9999 -9999 -9999 -9999 -9999 -9999 -9999 -9999 -9999 -9999 -9999 -9999 -9999 -9999 -9999 -9999 -9999 -9999 -9999 -9999 -9999 -9999 -9999 -9999 -9999 -9999 -9999 -9999 -9999 -9999 -9999 -9999 -9999 -9999 -9999 -9999 -9999 -9999 -9999 -9999 -9999 -9999 -9999 -9999 -9999 -9999 -9999 -9999
-9999 -9999 -16.14220 -25.20080 -25.07490 -25.04290 -24.50380 -24.07460 -23.64080 -22.97610 -22.38920 -21.99240 -21.12010 -20.43690 -19.96340 -19.28460 -18.72250 -18.00410 -17.48100 -16.94370 -16.71100 -16.47850 -9999 -9999 -9999 -9999 -9999 -9999 -9999 -9999 -9999 -9999 -9999 -9999 -9999 -9999 -9999 -9999 -9999 -9999 -9999 -9999 -9999 -9999 -9999 -9999 -9999 -9999 -9999 -9999 -9999 -9999 -9999 -9999 -9999 -9999 -9999 -9999 -9999 -9999 -9999 -9999 -9999 -9999 -9999 -9999 -9999 -9999 -9999 -9999 -9999
-9999 -9999 -9999 -9999 -25.66150 -25.44370 -25.03430 -24.61290 -24.20840 -23.75940 -23.18700 -22.63820 -22.10600 -21.36020 -20.70420 -19.97130 -19.32940 -18.73930 -18.15310 -17.65350 -17.46230 -17.34880 -9999 -9999 -9999 -9999 -9999 -9999 -9999 -9999 -9999 -9999 -9999 -9999 -9999 -9999 -9999 -9999 -9999 -9999 -9999 -9999 -9999 -9999 -9999 -9999 -9999 -9999 -9999 -9999 -9999 -9999 -9999 -9999 -9999 -9999 -9999 -9999 -9999 -9999 -9999 -9999 -9999 -9999 -9999 -9999 -9999 -9999 -9999 -9999 -9999
-26.93610 -26.72070 -26.72220 -26.32460 -26.24260 -25.94270 -25.64070 -25.24150 -24.85420 -24.33230 -23.72780 -23.30430 -22.79690 -22.18460 -21.57120 -20.86700 -20.17010 -19.40510 -18.64560 -18.17540 -17.89450 -18.02200 -18.14170 -18.34090 -18.54270 -18.86050 -19.42000 -19.73620 -9999 -9999 -9999 -9999 -9999 -9999 -9999 -9999 -9999 -9999 -9999 -9999 -9999 -9999 -9999 -9999 -9999 -9999 -9999 -9999 -9999 -9999 -9999 -9999 -9999 -9999 -9999 -9999 -9999 -9999 -9999 -9999 -9999 -9999 -9999 -9999 -9999 -9999 -9999 -9999 -9999 -9999 -9999
-27.60980 -27.54910 -27.26440 -27.00310 -26.81740 -26.54570 -26.15950 -25.88300 -25.41460 -25.02460 -24.54040 -23.96390 -23.47480 -22.89680 -22.30880 -21.64680 -20.87610 -20.16200 -19.41940 -18.59070 -18.54120 -18.99980 -19.45040 -19.50870 -19.67040 -20.03960 -20.33480 -20.83110 -21.05700 -21.41110 -21.68220 -22.10150 -21.94650 -21.78470 -21.83360 -21.68380 -21.53990 -21.37950 -21.13050 -20.98560 -20.75560 -20.52690 -20.29730 -9999 -9999 -9999 -9999 -9999 -9999 -9999 -9999 -9999 -9999 -9999 -9999 -9999 -9999 -9999 -9999 -9999 -9999 -9999 -9999 -9999 -9999 -9999 -9999 -9999 -9999 -9999 -9999
-28.21310 -28.37520 -28.02960 -28.16360 -27.89890 -27.53930 -26.98450 -26.52340 -26.26300 -25.80530 -25.36140 -24.82040 -24.27030 -23.74080 -23.19420 -22.55350 -21.89600 -21.20380 -20.50260 -19.98830 -20.08080 -20.96700 -21.15640 -21.25330 -21.27450 -21.22400 -21.28520 -21.44490 -21.70480 -22.15960 -21.91960 -21.98610 -21.83220 -21.77730 -21.62730 -21.37920 -21.21980 -21.06810 -20.81860 -20.58060 -20.45640 -20.21600 -19.99310 -19.76430 -9999 -9999 -9999 -9999 -9999 -9999 -9999 -9999 -9999 -9999 -9999 -9999 -9999 -9999 -9999 -9999 -9999 -9999 -9999 -9999 -9999 -9999 -9999 -9999 -9999 -9999 -9999
-30.80460 -30.80550 -30.13950 -31.18220 -29.82780 -29.26890 -29.11000 -28.45090 -28.10170 -27.05170 -26.91390 -26.08830 -25.16220 -24.53910 -23.71650 -23.18140 -22.55440 -21.88220 -21.37940 -21.07750 -21.29020 -21.50260 -21.70130 -21.90280 -21.79980 -22.57610 -22.15040 -21.82610 -22.00160 -22.37780 -22.15000 -22.02840 -21.66830 -21.71580 -21.56480 -21.20900 -21.07410 -20.81410 -20.56920 -20.42590 -20.20580 -19.97710 -19.74830 -19.31740 -9999 -9999 -9999 -9999 -9999 -9999 -9999 -9999 -9999 -9999 -9999 -9999 -9999 -9999 -9999 -14.81110 -14.44540 -9999 -9999 -9999 -9999 -13.82590 -14.52190 -14.92360 -14.12070 -12.50410 -11.87960
-30.64050 -30.63780 -30.25780 -30.88450 -29.41470 -28.33870 -28.26540 -28.59530 -28.22660 -27.86220 -26.42350 -25.68970 -25.16190 -24.82180 -24.18850 -23.17150 -22.73550 -22.05030 -21.57400 -21.18330 -21.20100 -21.49780 -21.70620 -21.31440 -21.31580 -21.48990 -21.56410 -21.64530 -21.72970 -21.70870 -21.78960 -21.67410 -21.60770 -21.46230 -21.10550 -21.04540 -20.77890 -20.42940 -20.17310 -19.94210 -19.72870 -19.50490 -19.30100 -18.98300 -18.76160 -18.44320 -18.23060 -18.13010 -19.12500 -19.31910 -18.71710 -18.80630 -18.52430 -17.82980 -17.71250 -17.57660 -16.15170 -15.81490 -15.48150 -15.26360 -14.85340 -9999 -9999 -9999 -9999 -9999 -13.83380 -14.15180 -14.17260 -14.05880 -13.71120
-32.16170 -30.55130 -30.66490 -31.68740 -30.40240 -28.92030 -28.54530 -28.05600 -26.97190 -26.10270 -25.64900 -25.20150 -24.66280 -24.12660 -23.67530 -23.13880 -22.56590 -22.12600 -21.74460 -21.47430 -21.19200 -21.10230 -21.12830 -21.23680 -21.23090 -21.40370 -21.48470 -21.47620 -21.56750 -21.64490 -21.52920 -21.51230 -21.34980 -21.18990 -20.92850 -20.66310 -20.40030 -20.14250 -19.87520 -19.45190 -19.24960 -19.03270 -18.71360 -18.51300 -18.28930 -18.08140 -17.85080 -17.79600 -18.53660 -18.89000 -18.13950 -17.38770 -17.73730 -18.78690 -19.51320 -17.93420 -18.43960 -18.35520 -17.76710 -16.89120 -16.34080 -16.39800 -15.43710 -14.55750 -14.19050 -14.01970 -13.95110 -13.57870 -13.80340 -14.07660 -14.40590
-32.39490 -34.98430 -29.77900 -31.88890 -31.97950 -30.58600 -29.47750 -29.28560 -26.39770 -25.91450 -25.46280 -25.11140 -24.66250 -24.11490 -23.66830 -23.11660 -22.57190 -22.20080 -21.83500 -22.16350 -21.98980 -21.41110 -21.32770 -21.35720 -21.35850 -21.42170 -21.40360 -21.38630 -21.37510 -21.45120 -21.44420 -21.33810 -21.07150 -20.91200 -20.64980 -20.39070 -20.01640 -19.75180 -19.40110 -19.06890 -18.85700 -18.75290 -18.25470 -17.94620 -17.75760 -17.44470 -17.20720 -17.11060 -17.08510 -17.28070 -17.47780 -16.96980 -17.37210 -17.27710 -17.94160 -18.90300 -19.04190 -18.59920 -18.34940 -18.52510 -17.83800 -18.64940 -17.39270 -15.83140 -14.98060 -14.52750 -14.27770 -14.02480 -14.16740 -14.83770 -15.72740
-33.27210 -34.36570 -32.25160 -28.74860 -29.73780 -28.52230 -27.81210 -28.89390 -27.59670 -26.39980 -25.84350 -24.98160 -24.52440 -24.06940 -23.61130 -23.04460 -22.58270 -22.22620 -22.05870 -23.52010 -23.04520 -22.37410 -22.21210 -21.65210 -21.44690 -21.43400 -21.40900 -21.38770 -21.36990 -21.35540 -21.22980 -21.11230 -20.85230 -20.49680 -20.22770 -19.95510 -19.60590 -19.34250 -19.28090 -19.23950 -18.83570 -18.34360 -19.04510 -19.04030 -18.35330 -17.43490 -16.72280 -16.26120 -16.19360 -16.74580 -17.27560 -17.31790 -17.45520 -17.41170 -17.42770 -17.12540 -17.12210 -18.22720 -18.53430 -18.86560 -19.21900 -19.75360 -20.01860 -18.28480 -17.43110 -16.79610 -16.45860 -16.00900 -15.87940 -15.73840 -15.60160
-32.20790 -33.49370 -33.28530 -33.06620 -30.95240 -28.55740 -28.34630 -29.22160 -29.11140 -27.42010 -29.52400 -28.52800 -27.27700 -25.30590 -24.23450 -23.44730 -22.66480 -22.22740 -22.25410 -22.80780 -23.15170 -22.48300 -22.12230 -21.76040 -21.48130 -21.46310 -21.46290 -21.44260 -21.44110 -21.33270 -21.22420 -21.22140 -21.35000 -20.68650 -20.31720 -20.37050 -20.12810 -19.76340 -19.50700 -19.67560 -19.37390 -18.58040 -18.06510 -17.96600 -18.45520 -18.14150 -17.30510 -16.76000 -16.00370 -16.84150 -17.19100 -17.04280 -17.09580 -16.63700 -17.47550 -18.10560 -18.44040 -19.45850 -18.40560 -17.78090 -18.06720 -18.13930 -18.20760 -18.68100 -19.44220 -17.82350 -18.29620 -17.07420 -16.33290 -15.99080 -15.34460
-32.05340 -32.83150 -33.53890 -34.32970 -34.63510 -31.33360 -29.83790 -29.03490 -28.83220 -27.92320 -28.91390 -30.91830 -31.81550 -32.11540 -28.71730 -26.21030 -24.41110 -22.84670 -22.17970 -21.83290 -21.66610 -21.40290 -21.53710 -21.37270 -21.39790 -21.40590 -21.51630 -21.62060 -21.63790 -21.94400 -21.75640 -21.87120 -21.81800 -21.58010 -20.53540 -20.68820 -20.65120 -20.91320 -19.88310 -19.35290 -19.32500 -19.20890 -18.28620 -17.86190 -18.13500 -17.29590 -17.14970 -16.76380 -16.07460 -15.59070 -15.50230 -15.71860 -16.02710 -16.13470 -16.17590 -16.52270 -17.67480 -18.41620 -17.79670 -19.16660 -18.96320 -18.54770 -18.13550 -17.51520 -17.09990 -16.78600 -16.96480 -16.84940 -16.02620 -15.39590 -14.22370
-34.30190 -33.96860 -35.07630 -35.28850 -34.70030 -34.31660 -34.12340 -33.03390 -31.44230 -29.52040 -27.69860 -28.46820 -29.25230 -29.82820 -30.60050 -29.96270 -29.04160 -27.56930 -25.20950 -24.04720 -22.58780 -22.12300 -21.74730 -21.57700 -21.50610 -21.54140 -21.66820 -21.89330 -22.53110 -22.95380 -22.07930 -23.50600 -23.48210 -23.06000 -22.13960 -21.72240 -21.30540 -21.07730 -20.16970 -19.82820 -19.58240 -19.14620 -18.01300 -18.35380 -18.00940 -18.04890 -17.80790 -17.29220 -16.67210 -16.24740 -17.03970 -17.02050 -17.49600 -17.48350 -17.21130 -17.17260 -18.43820 -17.29800 -17.40070 -18.60730 -17.99660 -17.87530 -17.75400 -16.55500 -16.53880 -16.63660 -17.23430 -16.42370 -15.52860 -14.67750 -13.31700
-32.94310 -34.20490 -34.93550 -34.44180 -35.16900 -35.48500 -34.80870 -33.82650 -33.64570 -31.82190 -30.96130 -30.72380 -29.97740 -28.42770 -27.98060 -27.41990 -27.46270 -28.29880 -28.22780 -27.16060 -25.88860 -24.92430 -23.25410 -22.18010 -21.51540 -21.56820 -21.71660 -22.55640 -23.60300 -23.55080 -23.41290 -23.36150 -23.96330 -22.95760 -23.15970 -21.16170 -20.65910 -20.55940 -21.05670 -20.12430 -18.95930 -18.00680 -18.05570 -18.18640 -19.12420 -19.06420 -18.69280 -17.94050 -17.59100 -18.23620 -18.48220 -17.74010 -18.08350 -18.93840 -18.04410 -18.62230 -17.20040 -18.06760 -16.89780 -16.41860 -16.53160 -16.23850 -16.53360 -16.22750 -17.01020 -16.09950 -15.09780 -14.50700 -14.29960 -13.76960 -12.59240
-32.68530 -32.75050 -32.87140 -32.60730 -34.12810 -35.15940 -35.09210 -35.21850 -34.83780 -33.20880 -31.04040 -33.77270 -32.59920 -30.62830 -31.65490 -31.97200 -30.69120 -24.82460 -27.04630 -29.28020 -28.50320 -27.31430 -25.85420 -22.19150 -21.53210 -21.49390 -21.76950 -22.72920 -23.59770 -23.46150 -23.82950 -23.58910 -23.21560 -22.64240 -20.96240 -20.68900 -20.90130 -20.32500 -20.54950 -20.32040 -20.64340 -19.18970 -18.61140 -18.62640 -16.84160 -16.67130 -17.08860 -17.49880 -17.91850 -17.93030 -18.04450 -17.25890 -16.97120 -16.89440 -17.49850 -17.77680 -17.05710 -17.36840 -16.00200 -15.73120 -14.98020 -15.10530 -15.80300 -16.50540 -15.00540 -14.41290 -14.01930 -13.41470 -13.00820 -12.95750 -12.47470
-32.36190 -32.10470 -32.14200 -31.98510 -32.61500 -32.95560 -33.19160 -33.82770 -33.87320 -33.95550 -33.28070 -32.92550 -32.06150 -30.39210 -31.13630 -30.65450 -31.08000 -29.30680 -27.11720 -25.63520 -26.25410 -26.27250 -25.39680 -24.61910 -22.85320 -21.91180 -22.06010 -22.41220 -23.16270 -23.01440 -23.56970 -22.91590 -21.84660 -21.77070 -21.30240 -20.62850 -20.15810 -19.87970 -19.72440 -19.90720 -20.53050 -19.96590 -19.69300 -18.89480 -16.61700 -15.92870 -16.42190 -16.83930 -17.03820 -17.75620 -17.66220 -16.57350 -15.79440 -16.89750 -15.99400 -15.68200 -15.45450 -15.06880 -16.29790 -15.33580 -15.06450 -14.59580 -14.72610 -14.02230 -13.92490 -13.83520 -13.43530 -13.43410 -13.81850 -12.77980 -11.97920
-32.04800 -32.07540 -32.63690 -32.58210 -32.53060 -31.86880 -32.11810 -32.26610 -32.60760 -32.61680 -33.58900 -34.06930 -32.44500 -30.32580 -29.18340 -29.25700 -28.92770 -28.42960 -29.33650 -27.95870 -26.56350 -24.87120 -23.87780 -24.19840 -24.59990 -24.10210 -22.80280 -23.20670 -23.91310 -24.32230 -23.53270 -22.92940 -21.25060 -20.96260 -20.77960 -21.09670 -20.41250 -21.14150 -19.77580 -20.75750 -21.58600 -19.93070 -19.36430 -19.98110 -18.49940 -16.72520 -16.34080 -16.26010 -15.88300 -16.11830 -16.45050 -14.88010 -14.12140 -13.66040 -13.16270 -13.42770 -13.79570 -14.38550 -13.90470 -14.71290 -13.93300 -14.04860 -14.06860 -13.87550 -13.57720 -13.15750 -12.74880 -12.54430 -12.72040 -12.96420 -12.27470
-31.85860 -32.55800 -33.30570 -33.46490 -32.72780 -32.58380 -32.15120 -32.20290 -31.95370 -33.38660 -33.40020 -33.11350 -33.62370 -31.43760 -28.74550 -27.56900 -28.07280 -28.27220 -28.56280 -27.97360 -26.76380 -26.06320 -25.37080 -24.58240 -24.25230 -23.68990 -24.44250 -24.11440 -23.76680 -24.31830 -22.77980 -22.53940 -21.04480 -22.14260 -21.84940 -19.96600 -20.48640 -21.30350 -20.32230 -19.39900 -20.24920 -20.09150 -19.73440 -18.45380 -17.88310 -17.11990 -16.24060 -16.09370 -15.22850 -15.67690 -15.33500 -15.08970 -14.46200 -14.42040 -14.23010 -13.87750 -13.61840 -12.60950 -12.10410 -11.70540 -11.89430 -12.39020 -12.79810 -12.72510 -12.70900 -12.38840 -12.26600 -12.04100 -13.01030 -13.14970 -12.56360
-29.64410 -30.31760 -32.58840 -32.85450 -33.01520 -31.48220 -31.66050 -30.92090 -31.79490 -31.94700 -31.59860 -30.95350 -30.71580 -31.06640 -29.41390 -28.26360 -27.91580 -26.50610 -26.29790 -25.38180 -27.17760 -25.26470 -24.25580 -23.75540 -23.39740 -24.29980 -25.49530 -24.70790 -24.31870 -23.52910 -23.83920 -22.24980 -21.14450 -21.64440 -21.75130 -19.85740 -20.06620 -20.06660 -20.47380 -19.74740 -19.20840 -19.05950 -18.10560 -17.85290 -16.87610 -16.61540 -14.74230 -14.93070 -14.90600 -14.47700 -14.03690 -13.80390 -13.20150 -12.28540 -12.39220 -11.62490 -11.65300 -11.22910 -10.70350 -10.78000 -11.06010 -11.55440 -12.00040 -12.25610 -13.63660 -13.00600 -13.06420 -12.62960 -12.49250 -11.33610 -11.05660
-29.63590 -29.28640 -30.96030 -32.14630 -32.30640 -33.38800 -32.76640 -31.24330 -31.53010 -31.50670 -30.70920 -30.80250 -29.19570 -28.98550 -29.67510 -27.97530 -26.06840 -24.93890 -24.91440 -24.29340 -23.68220 -24.56420 -24.24600 -22.92910 -22.14900 -21.49010 -22.84230 -22.99670 -22.46300 -22.73090 -21.59510 -20.97910 -20.85750 -20.65960 -20.74030 -20.33880 -19.12970 -19.62100 -20.12310 -20.09240 -18.16170 -17.52270 -17.28040 -15.52500 -14.46630 -13.61700 -12.24890 -11.36190 -11.16290 -10.56640 -10.26060 -9.95885 -9.94791 -10.25020 -10.54610 -10.47130 -10.19140 -9.45681 -9.61281 -9.89103 -10.38800 -10.67720 -11.93590 -13.39260 -13.97350 -13.42840 -13.28660 -12.75780 -11.69280 -10.83940 -10.68130
-26.87250 -27.66560 -29.52070 -29.39400 -30.74420 -31.21300 -33.07550 -31.95020 -30.61960 -31.40480 -31.50420 -30.30910 -28.80270 -29.00970 -27.89750 -26.29410 -25.79450 -24.67160 -23.14280 -22.43190 -22.51220 -23.09440 -24.26970 -21.95120 -20.55290 -20.49440 -22.32400 -22.05100 -22.20460 -22.75950 -21.03110 -19.79600 -20.20970 -20.02240 -20.15570 -19.27160 -18.89300 -18.22020 -18.84370 -18.53420 -16.99550 -14.87610 -15.13560 -13.59350 -11.63890 -11.18060 -11.03270 -10.91510 -11.49080 -10.48150 -9999 -9999 -8.80262 -8.67897 -8.27169 -8.99634 -8.95018 -8.76136 -9.18624 -10.10640 -10.43650 -12.00360 -13.26780 -14.52450 -13.80540 -14.35850 -14.51990 -14.37260 -11.92640 -10.65040 -10.43550
-28.44710 -27.03340 -27.66770 -28.40500 -28.53310 -28.17140 -30.09150 -28.32730 -29.15710 -29.71180 -29.88920 -28.26960 -28.12880 -27.61070 -25.97170 -24.63750 -24.90940 -23.09260 -21.68100 -22.06620 -21.25030 -20.22450 -20.10760 -20.49950 -22.01940 -20.76600 -21.01430 -20.36180 -20.82400 -20.50690 -20.59570 -18.58190 -18.77060 -19.36470 -19.15700 -18.84030 -18.74140 -16.43050 -14.53320 -9999 -9999 -9999 -9999 -11.12900 -9999 -12.33990 -13.48080 -11.80030 -11.00790 -9.12762 -9999 -9999 -8.95626 -8.35562 -7.84627 -7.84382 -7.51279 -8.21298 -9.10089 -10.31120 -10.83520 -11.67310 -12.43830 -13.01450 -12.08320 -14.75890 -14.81820 -13.87040 -11.01560 -10.12310 -9.27434
