data/hydroclimate-scenarios/BCSD_hadcm_B1/monthly_summaries/tavg_monthly_avg_may.2070-2099.asc
ncols	311
nrows	91
xllcenter	102.75
yllcenter	31.75
cellsize	0.5
NODATA_value	-9999
[rows 0 to 31 of 91, columns 219 to 291 of 311]
-9999 -9999 -9999 -9999 -9999 -9999 -9999 -9999 -9999 -9999 -9999 -9999 -9999 -9999 -9999 -9999 -9999 -9999 -9999 -9999 -9999 -9999 -9999 -9999 -9999 -9999 -9999 -9999 -9999 -9999 -9999 -9999 -9999 -9999 -9999 -9999 -9999 -9999 -9999 -9999 -9999 -9999 -9999 -9999 -9999 -9999 -9999 -9999 -9999 -9999 -9999 -9999 -9999 -9999 -9999 -9999 -9999 -9999 -9999 -9999 -9999 -9999 -9999 -9999 -9999 -9999 -9999 -9999 -9999 -9999 -9999 -9999 -9999
-9999 -9999 -9999 -9999 -9999 -9999 -9999 -9999 -9999 -9999 -9999 -9999 -9999 -9999 -9999 -9999 -9999 -9999 -9999 -9999 -9999 -9999 -9999 -9999 -9999 -9999 -9999 -9999 -9999 -9999 -9999 -9999 -9999 -9999 -9999 -9999 -9999 -9999 -9999 -9999 -9999 -9999 -9999 -9999 -9999 -9999 -9999 -9999 -9999 -9999 -9999 -9999 -9999 -9999 -9999 -9999 -9999 -9999 -9999 -9999 -9999 -9999 -9999 -9999 -9999 -9999 -9999 -9999 -9999 -9999 -9999 -9999 -9999
-9999 -9999 -9999 -9999 -9999 -9999 -9999 -9999 -9999 -9999 -9999 -9999 -9999 -9999 -9999 -9999 -9999 -9999 -9999 -9999 -9999 -9999 -9999 -9999 -9999 -9999 -9999 -9999 -9999 -9999 -9999 -9999 -9999 -9999 -9999 -9999 -9999 -9999 -9999 -9999 -9999 -9999 -9999 -9999 -9999 -9999 -9999 -9999 -9999 -9999 -9999 -9999 -9999 -9999 -9999 -9999 -9999 -9999 -9999 -9999 -9999 -9999 -9999 -9999 -9999 -9999 -9999 -9999 -9999 -9999 -9999 -9999 -9999
-9999 -9999 -9999 -9999 -9999 -9999 -9999 -9999 -9999 -9999 -9999 -9999 -9999 -9999 -9999 -9999 -9999 -9999 -9999 -9999 -9999 -9999 -9999 -9999 -9999 -9999 -9999 -9999 -9999 -9999 -9999 -9999 -9999 -9999 -9999 -9999 -9999 -9999 -9999 -9999 -9999 -9999 -9999 -9999 -9999 -9999 -9999 -9999 -9999 -9999 -9999 -9999 -9999 -9999 -9999 -9999 -9999 -9999 -9999 -9999 -9999 -9999 -9999 -9999 -9999 -9999 -9999 -9999 -9999 -9999 -9999 -9999 -9999
-9999 -9999 -9999 -9999 -9999 -9999 -9999 -9999 -9999 -9999 -9999 -9999 -9999 -9999 -9999 -9999 -9999 -9999 -9999 -9999 -9999 -9999 -9999 -9999 -9999 -9999 -9999 -9999 -9999 -9999 -9999 -9999 -9999 -9999 -9999 -9999 -9999 -9999 -9999 -9999 -9999 -9999 -9999 -9999 -9999 -9999 -9999 -9999 -9999 -9999 -9999 -9999 -9999 -9999 -9999 -9999 -9999 -9999 -9999 -9999 -9999 -9999 -9999 -9999 -9999 -9999 -9999 -9999 -9999 -9999 -9999 -9999 -9999
-9999 -9999 -9999 -9999 -9999 -9999 -9999 -9999 -9999 -9999 -9999 -9999 -9999 -9999 -9999 -9999 -9999 -9999 -9999 -9999 -9999 -9999 -9999 -9999 -9999 -9999 -9999 -9999 -9999 -9999 -9999 -9999 -9999 -9999 -9999 -9999 -9999 -9999 -9999 -9999 -9999 -9999 -9999 -9999 -9999 -9999 -9999 -9999 -9999 -9999 -9999 -9999 -9999 -9999 -9999 -9999 -9999 -9999 -9999 -9999 -9999 -9999 -9999 -9999 -9999 -9999 -9999 -9999 -9999 -9999 -9999 -9999 -9999
-9999 -9999 -9999 -9999 -9999 -9999 -9999 -9999 -9999 -9999 -9999 -9999 -9999 -9999 -9999 -9999 -9999 -9999 -9999 -9999 -9999 -9999 -9999 -9999 -9999 -9999 -9999 -9999 -9999 -9999 -9999 -9999 -9999 -9999 -9999 -9999 -9999 -9999 -9999 -9999 -9999 -9999 -9999 -9999 -9999 -9999 -9999 -9999 -9999 -9999 -9999 -9999 -9999 -9999 -9999 -9999 -9999 -9999 -9999 -9999 -9999 -9999 -9999 -9999 -9999 -9999 -9999 -9999 -9999 -9999 -9999 -9999 -9999
-9999 -9999 -9999 -9999 -9999 -9999 -9999 -9999 -9999 -9999 -9999 -9999 -9999 -9999 -9999 -9999 -9999 -9999 -9999 -9999 -9999 -9999 -9999 -9999 -9999 -9999 -9999 -9999 -9999 -9999 -9999 -9999 -9999 -9999 -9999 -9999 -9999 -9999 -9999 -9999 -9999 -9999 -9999 -9999 -9999 -9999 -9999 -9999 -9999 -9999 -9999 -9999 -9999 -9999 -9999 -9999 -9999 -9999 -9999 -9999 -9999 -9999 -9999 -9999 -9999 -9999 -9999 -9999 -9999 -9999 -9999 -9999 -9999
-9999 -9999 -9999 -9999 -9999 -9999 -9999 -9999 -9999 -9999 -9999 -9999 -9999 -9999 -9999 -9999 -9999 -9999 -9999 -9999 -9999 -9999 -9999 -9999 -9999 -9999 -9999 -9999 -9999 -9999 -9999 -9999 -9999 -9999 -9999 -9999 -9999 -9999 -9999 -9999 -9999 -9999 -9999 -9999 -9999 -9999 -9999 -9999 -9999 -9999 -9999 -9999 -9999 -9999 -9999 -9999 -9999 -9999 -9999 -9999 -9999 -9999 -9999 -9999 -9999 -9999 -9999 -9999 -9999 -9999 -9999 -9999 -9999
-9999 -9999 -9999 -9999 -9999 -9999 -9999 -9999 -9999 -9999 -9999 -9999 -9999 -9999 -9999 -9999 -9999 -9999 -9999 -9999 -9999 -9999 -9999 -9999 -9999 -9999 -9999 -9999 -9999 -9999 -9999 -9999 -9999 -9999 -9999 -9999 -9999 -9999 -9999 -9999 -9999 -9999 -9999 -9999 -9999 -9999 -9999 -9999 -9999 -9999 -9999 -9999 -9999 -9999 -9999 -9999 -9999 -9999 -9999 -9999 -9999 -9999 -9999 -9999 -9999 -9999 -9999 -9999 -9999 -9999 -9999 -9999 -9999
-9999 -9999 -9999 -9999 -9999 -9999 -9999 -9999 -9999 -9999 -9999 -9999 -9999 -9999 -9999 -9999 -9999 -9999 -9999 -9999 -9999 -9999 -9999 -9999 -9999 -9999 -9999 -9999 -9999 -9999 -9999 -9999 -9999 -9999 -9999 -9999 -9999 -9999 -9999 -9999 -9999 -9999 -9999 -9999 -9999 -9999 -9999 -9999 -9999 -9999 -9999 -9999 -9999 -9999 -9999 -9999 -9999 -9999 -9999 -9999 -9999 -9999 -9999 -9999 -9999 -9999 -9999 -9999 -9999 -9999 -9999 -9999 -9999
-9999 -9999 -9999 -9999 -9999 -9999 -9999 -9999 -9999 -9999 -9999 -9999 -9999 -9999 -9999 -9999 -9999 -9999 -9999 -9999 -9999 -9999 -9999 -9999 -9999 -9999 -9999 -9999 -9999 -9999 -9999 -9999 -9999 -9999 -9999 -9999 -9999 -9999 -9999 -9999 -9999 -9999 -9999 -9999 -9999 -9999 -9999 -9999 -9999 -9999 -9999 -9999 -9999 -9999 -9999 -9999 -9999 -9999 -9999 -9999 -9999 -9999 -9999 -9999 -9999 -9999 -9999 -9999 -9999 -9999 -9999 -9999 -9999
-9999 -9999 -9999 -9999 -9999 -9999 -9999 -9999 -9999 -9999 -9999 -9999 -9999 -9999 -9999 -9999 -9999 -9999 -9999 -9999 -9999 -9999 -9999 -9999 -9999 -9999 -9999 -9999 -9999 -9999 -9999 -9999 -9999 -9999 -9999 -9999 -9999 -9999 -9999 -9999 -9999 -9999 -9999 -9999 -9999 -9999 -9999 -9999 -9999 -9999 -9999 -9999 -9999 -9999 -9999 -9999 -9999 -9999 -9999 -9999 -9999 -9999 -9999 -9999 -9999 -9999 -9999 -9999 -9999 -9999 -9999 -9999 -9999
-9999 -9999 -9999 -9999 -9999 -9999 -9999 -9999 -9999 -9999 -9999 -9999 -9999 -9999 -9999 -9999 -9999 -9999 -9999 -9999 -9999 -9999 -9999 -9999 -9999 -9999 -9999 -9999 -9999 -9999 -9999 -9999 -9999 -9999 -9999 -9999 -9999 -9999 -9999 -9999 -9999 -4.53203 -9999 -9999 -9999 -9999 -9999 -9999 -9999 -9999 -9999 -9999 -9999 -9999 -9999 -9999 -9999 -9999 -9999 -9999 -9999 -9999 -9999 -9999 -9999 -9999 -9999 -9999 -9999 -9999 -9999 -9999 -9999
-3.07264 -3.04944 -2.74536 -2.81072 -2.66966 -2.82817 -2.82534 -3.65468 -4.06683 -4.09828 -4.07316 -4.24971 1.94180 -9999 -9999 -9999 -9999 -9999 -9999 -9999 -9999 -9999 -9999 -9999 -9999 -9999 -9999 -9999 -9999 -9999 -9999 -9999 -9999 -9999 -9999 -9999 -5.88311 -4.90408 -5.63544 -6.84564 -7.18315 -6.25561 -3.35628 -9999 -9999 -9999 -3.22982 -9999 -9999 -9999 -2.46279 -2.65399 -2.84363 -9999 -9999 -9999 -9999 -9999 -9999 -9999 -9999 -9999 -9999 -9999 -9999 -9999 -9999 -9999 -9999 -9999 -9999 -9999 -9999
0.21327 0.32124 0.05856 -0.42518 -0.47870 -1.81547 -1.56678 -2.39673 -3.31222 -1.77294 -1.13577 -0.94806 -1.28755 -2.14586 -2.81288 -4.07248 -3.57650 -2.75064 -2.97203 -9999 -9999 -9999 -9999 -9999 -1.94750 -2.01151 -2.07577 -2.05707 -2.03481 -2.31225 -2.38869 -2.16612 -1.93965 -1.72339 -1.72377 -1.74437 -5.75180 -5.57081 -6.28539 -5.90473 -6.81658 -6.38269 -2.65621 -2.63061 -2.39732 -2.45577 -2.41257 -2.16587 -1.92983 -2.10982 -2.49184 -3.37877 -4.55639 -4.43816 -3.62318 -3.10595 -3.37933 -2.84484 -9999 -9999 -9999 -9999 -9999 -9999 -9999 -9999 -9999 -9999 -9999 -9999 -9999 -9999 -9999
0.42923 -0.77534 -0.96419 -0.84603 -1.26887 -1.39310 -1.11430 -1.84465 -1.11006 -0.13620 1.18115 2.08250 0.56781 0.38879 -1.12206 -2.66524 -2.07626 -3.14665 -3.62656 -3.11158 -1.99074 -1.66985 -1.06341 -0.93628 -0.72111 -0.62155 -0.89134 -0.77561 -0.85421 -0.85122 -0.82500 -1.11640 -1.10883 -1.00906 -0.91690 -1.02188 -1.22644 -1.43404 -1.44329 -1.25799 -1.96161 -1.86792 -1.76612 -1.57533 -1.68627 -1.79301 -1.69479 -1.69064 -1.48337 -1.45034 -1.33658 -1.40929 -1.47366 -1.54787 -1.71800 -1.88058 -2.74762 -3.69189 -3.63925 -3.46511 -2.98988 -3.19215 -3.16146 -2.69646 -2.68262 -2.77601 -9999 -9999 -9999 -9999 -9999 -9999 -9999
0.39664 1.23214 1.38573 2.05124 3.08492 3.56267 2.86253 3.67752 4.42847 5.00579 4.59859 5.60538 5.08236 3.73843 1.87938 0.46440 0.78574 0.31688 -1.79401 -1.98993 -2.47004 -2.57298 -2.17598 -1.85386 -0.93446 0.48169 0.80366 1.11330 1.21733 1.01257 0.72417 0.41644 0.29772 0.30029 0.19447 0.29055 0.29421 0.50179 0.61010 0.50828 -0.29520 -0.41869 -0.16869 -0.12669 -0.17908 -0.22733 -0.27383 -0.21557 -0.24600 -0.20243 -0.27239 -0.33792 -0.49625 -0.53951 -0.70470 -0.97104 -2.31848 -2.65737 -2.20565 -2.24364 -2.27651 -2.49506 -2.42416 -2.50554 -2.48624 -2.08462 -9999 -1.87859 -9999 -9999 -9999 -9999 -9999
3.93978 4.09536 4.82121 5.91792 5.50389 5.73765 6.30283 6.77773 6.60846 6.78218 7.36109 8.27385 6.40980 4.72447 3.81756 2.29329 2.52643 2.19309 0.53874 -0.27305 -0.27029 -1.96599 -2.26648 -2.26089 0.03450 2.14255 2.54424 2.54972 2.75973 2.66012 2.06105 1.73584 2.00989 1.70012 1.79971 1.60327 2.01644 2.02659 2.04870 1.94826 1.36516 1.32172 1.32174 1.32915 1.31570 1.03751 0.85428 0.86742 0.90989 0.94895 0.80546 0.66334 0.50228 0.45107 0.29539 -0.05015 -1.29474 -1.13960 -1.08620 -1.33617 -1.38356 -1.41820 -1.56516 -1.41734 -1.39905 -1.08062 -1.08257 -9999 -9999 -9999 -9999 -9999 -9999
6.54738 7.09670 8.77511 9.31455 9.00637 8.80519 8.41581 8.37305 8.26945 8.12271 8.63377 8.72662 8.94955 7.31977 5.37304 3.80555 2.66670 2.20769 0.50283 0.89806 1.89397 1.98388 1.56848 -0.44040 1.76549 2.98096 4.17842 4.07549 4.19038 3.89598 3.71043 3.68867 3.25829 3.03474 3.13821 3.24349 2.86033 2.97542 3.37610 3.49164 3.00551 2.73649 2.61686 2.58655 2.46173 2.23685 2.13111 1.92693 1.92569 1.87734 1.73378 1.48371 1.44182 1.39335 1.23818 0.88874 0.53854 0.29701 -0.05732 -0.10136 -0.15241 -0.30793 -0.56415 -0.60333 -0.67519 -0.74908 -0.84588 -0.83139 -9999 -9999 -9999 -9999 -9999
10.39440 11.15490 11.65550 11.47800 10.63380 10.00830 9.56159 7.91152 7.27895 7.52277 8.20789 8.96269 9.11374 7.20722 5.07786 3.18390 3.00314 2.16379 1.22120 2.12106 2.81006 3.10454 2.69434 1.57830 1.57862 4.09022 4.88585 5.10051 5.12070 4.84356 4.87410 4.75894 4.54044 4.42371 4.40465 4.49659 4.60157 4.50811 4.60218 4.80682 4.41034 4.12886 3.98943 3.64571 3.20411 3.17475 3.06221 2.93490 2.62941 2.88068 2.74049 2.57543 2.81982 2.85287 2.60893 2.35615 2.10922 1.85925 1.52153 1.07550 0.73126 -0.21207 -0.35343 -0.47405 -0.63875 -0.80339 -1.00836 -1.39093 -1.68180 -1.87081 -1.96878 -2.18568 -9999
10.71260 10.79470 10.69490 10.41820 10.31710 10.41430 10.01990 8.75804 8.57991 8.97118 9.88633 10.12390 10.15430 8.22426 5.07580 2.94287 1.79549 2.19072 2.04396 3.34707 3.93870 3.89540 3.51681 3.00484 1.90438 3.60799 4.61513 5.72630 5.95254 5.80097 5.84890 5.74626 5.61783 5.61358 5.60685 5.68150 5.76384 6.15492 6.33608 6.02475 5.72110 5.33280 5.36601 5.01690 4.55809 4.42522 4.57848 4.36154 4.04061 4.39251 4.22980 3.87879 3.61098 3.64730 3.68223 3.23003 2.98301 2.54780 2.20536 2.27159 1.73368 0.70281 0.47547 0.44375 0.29667 0.01066 -0.17411 -0.46949 -0.54354 -0.91356 -1.09365 -1.41030 -1.63754
9.81408 9.02005 8.79790 9.11952 9.79583 10.58150 10.43430 9.33183 9.98682 10.55120 10.69330 10.81710 9.56031 8.29543 5.44921 3.53234 2.68951 2.91080 1.95981 3.56189 3.55920 3.65093 4.33405 4.73058 4.61546 5.42342 5.53964 4.95932 4.89515 5.25484 4.70836 4.21445 4.90559 5.01013 4.88903 5.85423 6.42705 6.81420 6.88362 6.84829 6.63229 5.83511 5.85754 5.38815 5.21838 5.07832 5.13093 4.97924 4.75932 4.49761 4.33755 4.27793 4.49934 4.43421 4.07405 3.91637 3.66835 3.43002 3.10335 2.86666 1.64030 1.61233 1.39774 1.36760 1.10845 0.83018 0.74761 0.57256 0.19695 -0.06875 -0.23407 -0.72438 -1.04817
10.32470 10.25270 8.62115 7.54503 7.54201 7.73367 7.51161 8.18071 9.44044 11.27160 11.44510 11.38390 9.43529 8.17101 6.04746 3.92129 3.88698 4.05072 2.96943 3.06992 3.28014 3.27075 3.26111 3.65899 4.24039 5.13912 4.66321 3.88243 3.05373 2.42456 1.68122 1.89385 2.70466 2.90604 1.88017 2.24165 3.89852 4.26574 5.22896 5.39489 7.05338 7.53748 7.34093 6.55399 6.67802 6.72722 6.16630 5.82080 5.96910 5.32157 5.44023 5.67307 5.29699 4.22351 4.05366 4.49049 4.03849 3.41994 3.19171 3.05740 2.53634 2.41798 2.30015 2.25796 2.00400 1.84090 1.58259 1.41319 1.15246 0.87947 0.71542 0.42977 -0.17409
10.83130 10.60200 9.83135 9.07886 8.53560 8.16889 7.11457 6.71966 6.72504 7.50147 7.26468 8.80446 7.86205 8.05301 7.41479 4.51485 3.78153 3.16323 2.78473 2.88515 2.19248 2.88824 2.79408 2.68742 1.86199 1.76272 1.97768 1.51306 0.89281 0.86224 0.73725 0.06444 0.57272 1.09200 0.15151 0.21250 1.18388 1.05937 1.20805 1.37623 2.14042 3.72763 6.22772 7.52047 7.23781 7.37223 7.50420 6.44469 6.27286 6.41978 6.23679 5.86513 6.19040 5.90895 5.13827 4.26270 3.81810 3.48283 4.13757 4.50896 4.38284 4.06277 3.81597 3.67555 3.01460 2.77159 2.60489 2.24968 1.97593 1.70819 1.44132 1.25017 1.06021
9.29785 9.79698 10.02300 10.18550 9.96655 9.37846 8.86157 7.89797 6.62908 7.46209 7.98485 7.66722 7.98327 7.32215 6.46131 6.60257 5.20227 5.76588 4.18387 3.68928 3.28617 3.28024 3.39204 4.19523 4.06710 4.37066 3.38230 3.43714 2.31020 2.08024 2.44826 1.49159 1.71133 1.61185 1.00381 0.58655 1.96230 1.74152 2.02929 1.90153 2.49698 3.77575 5.26514 6.57239 7.08022 7.69447 8.31147 6.84158 5.87017 6.70912 6.93742 6.54887 6.75973 6.57946 5.89247 5.31564 5.04498 4.89714 4.74200 4.41024 5.07837 5.11085 4.75175 4.68744 3.93311 3.67709 3.41210 3.14053 2.77665 2.49662 2.22670 2.03561 1.83161
2.84287 2.57616 3.32811 5.45832 7.19697 5.89965 7.96297 8.96556 9.44828 9.41761 9.13451 8.36185 8.67479 7.29822 6.61844 6.09197 6.38025 6.65360 6.40989 6.70284 6.98771 6.39462 6.29711 7.08247 7.48140 6.27740 5.98589 5.75832 6.03678 5.91413 3.78489 3.52780 3.04918 2.66582 2.65215 2.75588 2.24981 2.24213 1.95155 3.13753 3.42738 2.92947 3.92705 5.53350 6.22584 7.13901 7.94075 8.25136 8.17122 7.20161 7.31948 7.32999 7.13980 6.93495 6.95473 6.35390 6.08494 5.52133 5.47173 5.91000 5.74280 5.66918 5.58434 5.81241 5.25730 4.78139 4.51974 4.24822 3.86384 3.39076 2.81459 2.52659 2.38598
5.12655 4.45084 3.36267 3.02073 4.10856 1.17501 2.32845 3.57105 5.28330 7.81602 8.81780 8.61300 8.91960 7.75731 6.69479 6.52308 6.64714 7.49635 6.55790 7.07430 7.07088 7.54939 7.42849 7.59709 6.99338 6.39479 6.01409 6.68354 4.96385 4.64727 4.81965 4.66204 3.58378 3.19440 3.50758 2.92699 2.53375 3.24445 2.95382 2.55577 1.97872 2.48840 4.27802 5.37608 5.57571 6.08213 6.88173 7.67893 8.97585 7.99459 7.80480 7.79658 7.99759 7.69491 7.58946 7.20197 7.30826 7.13275 6.97258 6.78938 6.60324 6.41997 6.43344 6.73480 6.36593 5.80453 5.62147 5.06108 4.66835 4.38424 3.89322 3.46406 3.21326
4.84026 5.91513 5.77275 5.69961 6.13931 6.13222 6.56570 6.21098 6.89952 6.32901 8.13485 10.56750 9.42597 8.84514 7.99217 6.70399 6.23511 6.80927 5.49635 5.23441 6.93175 7.54471 7.52559 8.09529 8.67050 7.95031 7.25018 5.92170 5.09037 5.36604 5.34294 4.50251 4.31514 4.83417 3.75707 3.68528 2.81357 3.22765 2.85602 2.59857 2.14361 1.54882 2.54028 2.33336 3.60979 4.10538 6.70528 8.10840 8.90305 9.79371 8.87984 8.67665 9.05427 8.94987 8.73866 8.53548 8.23960 7.95943 7.77164 7.45331 7.15721 6.95762 6.95706 7.45201 7.38407 7.10055 6.93236 6.35550 5.75755 5.28139 4.83136 4.58949 4.41089
3.64029 4.85768 6.03990 6.56790 7.47001 8.21314 6.87040 1.73857 1.99210 2.83979 3.52684 5.38237 5.49145 5.49343 7.14914 7.64282 7.98986 7.17712 6.62048 6.38567 6.08132 5.60708 6.72293 7.93515 8.23425 7.63555 7.43460 5.75131 5.40524 4.85791 6.13007 5.29060 5.40191 5.71603 5.35052 4.56850 4.39033 2.42107 3.54636 2.69564 3.14339 3.23978 2.43626 2.53835 3.21750 4.11746 6.00894 7.21076 8.48670 10.36980 9.85480 9.71736 9.99910 9.67428 8.56130 7.24407 6.84976 6.74979 6.84454 7.53092 7.93376 7.93687 7.82241 7.82399 7.64851 7.56531 7.08250 6.80646 6.81435 6.46479 6.11134 5.94923 6.04570
5.60004 5.24296 5.36049 6.03167 6.67632 7.56292 7.61508 6.05817 0.10707 -1.76007 -0.20157 1.84236 2.20611 3.13646 3.51684 4.38526 5.80181 5.53303 4.77099 4.61645 5.81442 6.82365 5.88039 6.71708 7.05178 7.48528 8.19607 6.93435 6.12132 5.33697 5.07411 5.41221 5.90826 6.22880 5.22811 4.52005 5.52365 4.12908 4.13591 4.44715 3.76580 3.65802 4.54508 5.94461 5.54081 5.44648 5.25032 6.44288 6.64887 8.72032 9.98949 9.45220 10.50580 10.56180 10.34310 9.92451 9.10743 8.91965 9.02980 9.02494 8.82799 8.73453 8.44014 8.24708 8.06782 7.98858 7.88949 7.69718 7.54126 7.19762 7.13890 7.02382 6.92353
-9999 2.81675 3.92331 3.31437 2.14621 4.60481 5.84944 6.70127 7.39193 7.81053 8.94806 4.86802 -0.93777 -3.13266 -3.41055 -4.03530 2.22297 4.22108 4.61603 4.37765 4.80691 4.96988 5.53507 5.81632 6.64873 8.00782 7.17959 6.95512 6.00997 5.91308 6.15099 4.97314 4.41038 4.60107 5.06825 3.96325 5.43846 6.51382 4.29933 4.59095 4.29053 4.59054 5.59721 6.07185 6.69897 6.29990 5.40208 6.40987 7.32643 9.38853 10.44000 10.39050 10.62850 10.57330 10.45070 10.39030 10.17950 9.99367 9.90800 9.60324 9.62240 9.53188 9.23834 8.76534 8.96335 8.76861 8.67379 8.29111 8.24608 7.82072 7.93419 7.89627 7.68663
