data/hydroclimate-scenarios/BCSD_hadcm_B1/monthly_summaries/tavg_monthly_avg_apr.2030-2059.asc
ncols	311
nrows	91
xllcenter	102.75
yllcenter	31.75
cellsize	0.5
NODATA_value	-9999
[rows 0 to 31 of 91, columns 216 to 287 of 311]
-9999 -9999 -9999 -9999 -9999 -9999 -9999 -9999 -9999 -9999 -9999 -9999 -9999 -9999 -9999 -9999 -9999 -9999 -9999 -9999 -9999 -9999 -9999 -9999 -9999 -9999 -9999 -9999 -9999 -9999 -9999 -9999 -9999 -9999 -9999 -9999 -9999 -9999 -9999 -9999 -9999 -9999 -9999 -9999 -9999 -9999 -9999 -9999 -9999 -9999 -9999 -9999 -9999 -9999 -9999 -9999 -9999 -9999 -9999 -9999 -9999 -9999 -9999 -9999 -9999 -9999 -9999 -9999 -9999 -9999 -9999 -9999
-9999 -9999 -9999 -9999 -9999 -9999 -9999 -9999 -9999 -9999 -9999 -9999 -9999 -9999 -9999 -9999 -9999 -9999 -9999 -9999 -9999 -9999 -9999 -9999 -9999 -9999 -9999 -9999 -9999 -9999 -9999 -9999 -9999 -9999 -9999 -9999 -9999 -9999 -9999 -9999 -9999 -9999 -9999 -9999 -9999 -9999 -9999 -9999 -9999 -9999 -9999 -9999 -9999 -9999 -9999 -9999 -9999 -9999 -9999 -9999 -9999 -9999 -9999 -9999 -9999 -9999 -9999 -9999 -9999 -9999 -9999 -9999
-9999 -9999 -9999 -9999 -9999 -9999 -9999 -9999 -9999 -9999 -9999 -9999 -9999 -9999 -9999 -9999 -9999 -9999 -9999 -9999 -9999 -9999 -9999 -9999 -9999 -9999 -9999 -9999 -9999 -9999 -9999 -9999 -9999 -9999 -9999 -9999 -9999 -9999 -9999 -9999 -9999 -9999 -9999 -9999 -9999 -9999 -9999 -9999 -9999 -9999 -9999 -9999 -9999 -9999 -9999 -9999 -9999 -9999 -9999 -9999 -9999 -9999 -9999 -9999 -9999 -9999 -9999 -9999 -9999 -9999 -9999 -9999
-9999 -9999 -9999 -9999 -9999 -9999 -9999 -9999 -9999 -9999 -9999 -9999 -9999 -9999 -9999 -9999 -9999 -9999 -9999 -9999 -9999 -9999 -9999 -9999 -9999 -9999 -9999 -9999 -9999 -9999 -9999 -9999 -9999 -9999 -9999 -9999 -9999 -9999 -9999 -9999 -9999 -9999 -9999 -9999 -9999 -9999 -9999 -9999 -9999 -9999 -9999 -9999 -9999 -9999 -9999 -9999 -9999 -9999 -9999 -9999 -9999 -9999 -9999 -9999 -9999 -9999 -9999 -9999 -9999 -9999 -9999 -9999
-9999 -9999 -9999 -9999 -9999 -9999 -9999 -9999 -9999 -9999 -9999 -9999 -9999 -9999 -9999 -9999 -9999 -9999 -9999 -9999 -9999 -9999 -9999 -9999 -9999 -9999 -9999 -9999 -9999 -9999 -9999 -9999 -9999 -9999 -9999 -9999 -9999 -9999 -9999 -9999 -9999 -9999 -9999 -9999 -9999 -9999 -9999 -9999 -9999 -9999 -9999 -9999 -9999 -9999 -9999 -9999 -9999 -9999 -9999 -9999 -9999 -9999 -9999 -9999 -9999 -9999 -9999 -9999 -9999 -9999 -9999 -9999
-9999 -9999 -9999 -9999 -9999 -9999 -9999 -9999 -9999 -9999 -9999 -9999 -9999 -9999 -9999 -9999 -9999 -9999 -9999 -9999 -9999 -9999 -9999 -9999 -9999 -9999 -9999 -9999 -9999 -9999 -9999 -9999 -9999 -9999 -9999 -9999 -9999 -9999 -9999 -9999 -9999 -9999 -9999 -9999 -9999 -9999 -9999 -9999 -9999 -9999 -9999 -9999 -9999 -9999 -9999 -9999 -9999 -9999 -9999 -9999 -9999 -9999 -9999 -9999 -9999 -9999 -9999 -9999 -9999 -9999 -9999 -9999
-9999 -9999 -9999 -9999 -9999 -9999 -9999 -9999 -9999 -9999 -9999 -9999 -9999 -9999 -9999 -9999 -9999 -9999 -9999 -9999 -9999 -9999 -9999 -9999 -9999 -9999 -9999 -9999 -9999 -9999 -9999 -9999 -9999 -9999 -9999 -9999 -9999 -9999 -9999 -9999 -9999 -9999 -9999 -9999 -9999 -9999 -9999 -9999 -9999 -9999 -9999 -9999 -9999 -9999 -9999 -9999 -9999 -9999 -9999 -9999 -9999 -9999 -9999 -9999 -9999 -9999 -9999 -9999 -9999 -9999 -9999 -9999
-9999 -9999 -9999 -9999 -9999 -9999 -9999 -9999 -9999 -9999 -9999 -9999 -9999 -9999 -9999 -9999 -9999 -9999 -9999 -9999 -9999 -9999 -9999 -9999 -9999 -9999 -9999 -9999 -9999 -9999 -9999 -9999 -9999 -9999 -9999 -9999 -9999 -9999 -9999 -9999 -9999 -9999 -9999 -9999 -9999 -9999 -9999 -9999 -9999 -9999 -9999 -9999 -9999 -9999 -9999 -9999 -9999 -9999 -9999 -9999 -9999 -9999 -9999 -9999 -9999 -9999 -9999 -9999 -9999 -9999 -9999 -9999
-9999 -9999 -9999 -9999 -9999 -9999 -9999 -9999 -9999 -9999 -9999 -9999 -9999 -9999 -9999 -9999 -9999 -9999 -9999 -9999 -9999 -9999 -9999 -9999 -9999 -9999 -9999 -9999 -9999 -9999 -9999 -9999 -9999 -9999 -9999 -9999 -9999 -9999 -9999 -9999 -9999 -9999 -9999 -9999 -9999 -9999 -9999 -9999 -9999 -9999 -9999 -9999 -9999 -9999 -9999 -9999 -9999 -9999 -9999 -9999 -9999 -9999 -9999 -9999 -9999 -9999 -9999 -9999 -9999 -9999 -9999 -9999
-9999 -9999 -9999 -9999 -9999 -9999 -9999 -9999 -9999 -9999 -9999 -9999 -9999 -9999 -9999 -9999 -9999 -9999 -9999 -9999 -9999 -9999 -9999 -9999 -9999 -9999 -9999 -9999 -9999 -9999 -9999 -9999 -9999 -9999 -9999 -9999 -9999 -9999 -9999 -9999 -9999 -9999 -9999 -9999 -9999 -9999 -9999 -9999 -9999 -9999 -9999 -9999 -9999 -9999 -9999 -9999 -9999 -9999 -9999 -9999 -9999 -9999 -9999 -9999 -9999 -9999 -9999 -9999 -9999 -9999 -9999 -9999
-9999 -9999 -9999 -9999 -9999 -9999 -9999 -9999 -9999 -9999 -9999 -9999 -9999 -9999 -9999 -9999 -9999 -9999 -9999 -9999 -9999 -9999 -9999 -9999 -9999 -9999 -9999 -9999 -9999 -9999 -9999 -9999 -9999 -9999 -9999 -9999 -9999 -9999 -9999 -9999 -9999 -9999 -9999 -9999 -9999 -9999 -9999 -9999 -9999 -9999 -9999 -9999 -9999 -9999 -9999 -9999 -9999 -9999 -9999 -9999 -9999 -9999 -9999 -9999 -9999 -9999 -9999 -9999 -9999 -9999 -9999 -9999
-9999 -9999 -9999 -9999 -9999 -9999 -9999 -9999 -9999 -9999 -9999 -9999 -9999 -9999 -9999 -9999 -9999 -9999 -9999 -9999 -9999 -9999 -9999 -9999 -9999 -9999 -9999 -9999 -9999 -9999 -9999 -9999 -9999 -9999 -9999 -9999 -9999 -9999 -9999 -9999 -9999 -9999 -9999 -9999 -9999 -9999 -9999 -9999 -9999 -9999 -9999 -9999 -9999 -9999 -9999 -9999 -9999 -9999 -9999 -9999 -9999 -9999 -9999 -9999 -9999 -9999 -9999 -9999 -9999 -9999 -9999 -9999
-9999 -9999 -9999 -9999 -9999 -9999 -9999 -9999 -9999 -9999 -9999 -9999 -9999 -9999 -9999 -9999 -9999 -9999 -9999 -9999 -9999 -9999 -9999 -9999 -9999 -9999 -9999 -9999 -9999 -9999 -9999 -9999 -9999 -9999 -9999 -9999 -9999 -9999 -9999 -9999 -9999 -9999 -9999 -9999 -9999 -9999 -9999 -9999 -9999 -9999 -9999 -9999 -9999 -9999 -9999 -9999 -9999 -9999 -9999 -9999 -9999 -9999 -9999 -9999 -9999 -9999 -9999 -9999 -9999 -9999 -9999 -9999
-16.95720 -16.12540 -15.78590 -9999 -9999 -9999 -9999 -9999 -9999 -9999 -9999 -9999 -9999 -9999 -9999 -9999 -9999 -9999 -9999 -9999 -9999 -9999 -9999 -9999 -9999 -9999 -9999 -9999 -9999 -9999 -9999 -9999 -9999 -9999 -9999 -9999 -9999 -9999 -9999 -9999 -9999 -9999 -9999 -9999 -14.83180 -9999 -9999 -9999 -9999 -9999 -9999 -9999 -9999 -9999 -9999 -9999 -9999 -9999 -9999 -9999 -9999 -9999 -9999 -9999 -9999 -9999 -9999 -9999 -9999 -9999 -9999 -9999
-16.21960 -15.93580 -15.57090 -15.40340 -15.15270 -14.82570 -14.87850 -14.89480 -14.99430 -14.86860 -15.25610 -15.30560 -15.17710 -15.01840 -15.03940 -9.08296 -9999 -9999 -9999 -9999 -9999 -9999 -9999 -9999 -9999 -9999 -9999 -9999 -9999 -9999 -9999 -9999 -9999 -9999 -9999 -9999 -9999 -9999 -9999 -16.23260 -15.19980 -16.05160 -17.31730 -17.67330 -16.81240 -13.93960 -9999 -9999 -9999 -13.83390 -9999 -9999 -9999 -13.30920 -13.50110 -13.59720 -9999 -9999 -9999 -9999 -9999 -9999 -9999 -9999 -9999 -9999 -9999 -9999 -9999 -9999 -9999 -9999
-14.79530 -14.36350 -13.79650 -13.24210 -13.21930 -13.49000 -13.81240 -13.83740 -14.96550 -14.56300 -15.20810 -15.76180 -14.29090 -13.36290 -12.62500 -12.49870 -13.35480 -13.77740 -15.39020 -14.90130 -14.03480 -14.20100 -9999 -9999 -9999 -9999 -9999 -13.43830 -13.60060 -13.54740 -13.56550 -13.68040 -13.68990 -13.60450 -13.20470 -12.90200 -12.60610 -12.53110 -12.47440 -16.52290 -16.27430 -17.13000 -16.76900 -17.80950 -17.44990 -13.62860 -13.70320 -13.45700 -13.52320 -13.38560 -13.05900 -12.91920 -13.21200 -13.60680 -14.39140 -15.57670 -15.44910 -14.63710 -14.11960 -14.41860 -14.01580 -9999 -9999 -9999 -9999 -9999 -9999 -9999 -9999 -9999 -9999 -9999
-13.45780 -13.35740 -13.35710 -13.86730 -14.47630 -14.54580 -14.44680 -14.90770 -15.04200 -14.18120 -14.95310 -14.40470 -13.12610 -11.35730 -9.98088 -10.90700 -11.16560 -12.51000 -14.18200 -13.40910 -14.60970 -15.13390 -14.59220 -13.64180 -13.10660 -12.65880 -12.43110 -12.39640 -12.36260 -12.71250 -12.94100 -12.97600 -12.81840 -12.84680 -12.76540 -12.57630 -12.31830 -12.35420 -12.38290 -12.52130 -12.62210 -12.67850 -12.54150 -13.36110 -13.34190 -13.14230 -13.14250 -13.13810 -13.13770 -13.14470 -12.94870 -12.84800 -12.71630 -12.78970 -12.77160 -12.74080 -12.80550 -12.97700 -13.25000 -14.13750 -15.22980 -15.21270 -15.20680 -14.79770 -15.17910 -15.37560 -15.47020 -15.51160 -15.35930 -9999 -9999 -9999
-14.01180 -13.58920 -13.87640 -12.32960 -10.94870 -10.88790 -11.10320 -9.93957 -9.55415 -9.64376 -8.20550 -7.19827 -6.67471 -6.74905 -6.30013 -6.76816 -8.06272 -9.67376 -10.97130 -10.61600 -11.20140 -13.33930 -13.68050 -14.03660 -14.31010 -14.06900 -13.92440 -12.78140 -11.34590 -11.29760 -11.43500 -11.48480 -11.73700 -11.58280 -11.63160 -11.59480 -11.45610 -11.48000 -11.50370 -11.34690 -11.18280 -11.11020 -11.22350 -12.12870 -12.11710 -12.05670 -12.09370 -12.11130 -12.05600 -12.09430 -12.13880 -11.97040 -11.92260 -11.89140 -12.04150 -12.09300 -12.06190 -12.21750 -12.48220 -13.85930 -14.33670 -14.01620 -14.29410 -14.27540 -14.75400 -14.91610 -15.19320 -15.24400 -14.79070 -9999 -14.67790 -9999
-11.43500 -12.00920 -10.63220 -9.35105 -8.86115 -7.80427 -7.15739 -7.37327 -6.58675 -5.03677 -4.39380 -4.36923 -4.31303 -4.18522 -3.88072 -5.48905 -7.06080 -7.82022 -9.22300 -9.15846 -9.27926 -11.14090 -11.88210 -12.14890 -13.80760 -14.18030 -14.33650 -12.19800 -10.05770 -10.11090 -10.07800 -10.03380 -10.20340 -10.37330 -10.56540 -10.24390 -10.42280 -10.24610 -10.45750 -10.06050 -10.17930 -10.18020 -10.18690 -10.80570 -10.78610 -10.86290 -11.03370 -10.89970 -11.16790 -11.35060 -11.32150 -11.08970 -11.02580 -10.97340 -11.11910 -11.16880 -11.40810 -11.36100 -11.71080 -12.96280 -12.98780 -13.10000 -13.47080 -13.63430 -13.87250 -14.16050 -14.41510 -14.18300 -14.02910 -13.86580 -9999 -9999
-8.45642 -8.43541 -7.82293 -6.54680 -5.75935 -3.88949 -3.34487 -3.63458 -3.90836 -4.01247 -3.98001 -3.58573 -3.49684 -2.95178 -2.78364 -2.65139 -4.31963 -6.44757 -7.81679 -8.88483 -9.30479 -10.90130 -10.67510 -9.65774 -9.73162 -10.22650 -12.49700 -10.37180 -9.43908 -8.71253 -8.68297 -8.64922 -8.71270 -8.77748 -8.77338 -8.96664 -9.16109 -9.07196 -8.98043 -9.37480 -9.27527 -9.07321 -9.16535 -9.46178 -9.75402 -9.84149 -9.73173 -9.71777 -10.00370 -9.99537 -10.08090 -9.96312 -10.19130 -10.13400 -10.27740 -10.32100 -10.47960 -10.70620 -10.84870 -11.20500 -11.56600 -12.13270 -12.28100 -12.46600 -12.72510 -13.17560 -13.42260 -13.48020 -13.64530 -13.59090 -13.63770 -9999
-5.57958 -3.95818 -3.33407 -2.63326 -1.30383 -0.86043 -1.24019 -2.81474 -3.70123 -3.71214 -3.57243 -3.42055 -3.01227 -2.62397 -2.21353 -2.01382 -3.88537 -6.21857 -8.10073 -8.32022 -8.94262 -10.09580 -9.10027 -8.59492 -8.29302 -8.99828 -10.28880 -10.48230 -8.27582 -7.64201 -7.41417 -7.47074 -7.42005 -7.57375 -7.65945 -7.56506 -7.75583 -7.86359 -7.76154 -7.85631 -7.95322 -7.94180 -7.83882 -8.23428 -8.51649 -8.49817 -8.78610 -9.15713 -9.05036 -9.12938 -8.99653 -9.17251 -8.91524 -9.16135 -9.21322 -8.95863 -8.81890 -8.86853 -9.21665 -9.66721 -10.04390 -10.61250 -10.88270 -11.43820 -12.77450 -13.03220 -13.29910 -13.46830 -13.62610 -13.79740 -14.14040 -14.17910
-3.36852 -3.24868 -3.19964 -2.72141 -2.33312 -2.52113 -3.04547 -3.19466 -3.14820 -3.50669 -3.85970 -2.88266 -1.25491 -0.75181 -0.56244 -0.58778 -2.41521 -5.67075 -7.90366 -9.17669 -8.85847 -8.91880 -7.61898 -7.24085 -7.36087 -7.78521 -8.38958 -9.79741 -8.40303 -7.38371 -6.53933 -6.29631 -6.24081 -6.38321 -6.36189 -6.35650 -6.43109 -6.53781 -6.63512 -6.52880 -6.42557 -6.31652 -6.70488 -6.99871 -7.17524 -7.25202 -7.43658 -7.81003 -7.79203 -7.46460 -7.52266 -7.58732 -7.14914 -7.30351 -7.65157 -8.11304 -7.86554 -7.73371 -8.18253 -8.55195 -9.11901 -9.58931 -9.65164 -10.49790 -11.73810 -12.11680 -12.30090 -12.56010 -12.73730 -12.89910 -13.04630 -13.18050
-3.59514 -2.25915 -0.27045 0.60255 -0.02359 -0.90407 -0.93683 -0.27587 0.19616 -0.79251 -3.89996 -2.16113 -0.51845 0.52918 0.44651 -0.69701 -2.05394 -4.95983 -7.05194 -8.01329 -7.76823 -8.92449 -7.25296 -7.28749 -7.32624 -6.74806 -6.47560 -6.70636 -6.02930 -6.20512 -6.77103 -6.91496 -6.76059 -7.18646 -7.66425 -7.04240 -6.91446 -7.00905 -6.19783 -5.68933 -5.58273 -5.48707 -5.57362 -5.97393 -6.84148 -6.82369 -7.08890 -7.05981 -7.03734 -6.69322 -6.74335 -6.81559 -6.99327 -7.13982 -6.89991 -6.76150 -6.83564 -7.39286 -7.45211 -7.92602 -8.30100 -8.76042 -9.11360 -10.55170 -10.83500 -11.01260 -11.30100 -11.57960 -11.74490 -11.99920 -12.05060 -12.28190
-1.08377 -0.20020 1.24717 2.26638 2.74907 0.07735 -1.98315 -1.94054 -1.24819 -0.69152 -1.10121 -0.90094 -0.02654 -0.13694 0.10654 -0.45276 -1.95843 -4.15344 -6.39625 -6.44744 -6.21332 -7.54835 -7.48803 -7.24513 -7.28068 -7.41948 -7.27339 -6.81840 -5.95813 -6.65195 -7.40060 -8.53994 -9.06328 -9.88758 -9.85618 -9.01738 -8.88838 -9.96413 -9.46265 -7.94129 -7.73848 -6.92985 -6.82184 -5.41895 -4.99591 -5.17296 -5.84417 -5.60843 -5.06233 -5.41569 -5.57937 -5.43364 -5.81935 -5.58587 -5.44245 -5.82292 -6.98779 -7.17213 -6.83607 -7.50621 -8.26324 -8.52074 -8.86533 -9.54494 -9.83896 -10.02170 -10.31460 -10.58420 -10.84750 -11.01120 -11.15220 -11.38140
-1.11227 -0.38944 0.28580 0.11876 -0.01528 -0.03804 -0.75895 -0.93786 -1.06465 -1.00202 -0.99948 -0.99971 -1.00651 -1.56072 -0.09234 -1.66744 -1.64553 -2.46072 -5.59426 -6.30160 -6.80605 -7.44867 -7.28942 -8.03759 -7.38525 -7.53575 -7.68693 -8.62576 -8.87608 -8.87645 -9.53283 -10.17090 -10.30480 -10.53980 -11.28550 -10.86490 -10.53070 -11.31850 -11.21400 -10.40310 -10.69360 -10.58270 -10.37490 -9.56188 -8.15429 -5.82321 -4.50384 -4.57185 -4.13252 -4.09951 -5.04546 -5.00353 -4.78066 -5.04593 -5.20230 -4.97020 -5.34350 -5.91421 -6.88803 -7.63925 -8.09728 -7.77171 -7.44646 -7.73984 -8.22128 -8.62435 -8.91806 -9.58874 -9.84678 -10.01380 -10.15290 -10.38770
-0.74749 -1.05852 -1.03514 -0.93954 -0.66753 -0.39783 0.04316 -0.03794 -0.30013 -0.27322 -0.54165 -1.26452 -0.15132 -0.18321 -1.25581 -1.33060 -2.22402 -3.38062 -2.96538 -4.33802 -3.79184 -5.61228 -6.14218 -6.49560 -6.52540 -6.28538 -5.71845 -5.66487 -5.61230 -6.91258 -6.87037 -8.32594 -8.66923 -8.31543 -9.27942 -9.16884 -9.45277 -10.14820 -10.54220 -9.24627 -9.44512 -9.33541 -9.53001 -9.02539 -7.81968 -6.29680 -5.22877 -4.52044 -3.81152 -3.08798 -4.42472 -5.29916 -4.37897 -4.33094 -4.57942 -4.34899 -4.60945 -5.24877 -6.09437 -6.25829 -6.53037 -6.90885 -7.41199 -6.90472 -7.01587 -7.41385 -7.82490 -8.58434 -8.84185 -9.11149 -9.16430 -9.39015
-3.17567 -2.71759 -4.39373 -5.40990 -5.64238 -5.03428 -3.34251 -1.92208 -2.95123 -1.09884 0.50965 1.45673 1.89999 1.34508 -0.17172 -0.19329 -1.98280 -2.71394 -3.06385 -2.64682 -2.39170 -2.96900 -2.72192 -2.36059 -2.79826 -2.93724 -2.06605 -1.70499 -3.04118 -3.44845 -4.02375 -3.78932 -4.14389 -6.50115 -6.76934 -7.47701 -7.99039 -8.08947 -8.08563 -8.58688 -8.68923 -8.98841 -7.99452 -7.70265 -8.36662 -7.40333 -5.85470 -5.07743 -4.06277 -3.35559 -2.94808 -2.89688 -3.97279 -3.71091 -3.66771 -4.00245 -4.04944 -4.17325 -4.90884 -5.35773 -5.96754 -6.15984 -5.88263 -6.19149 -6.39896 -6.51025 -6.62425 -7.18447 -7.65039 -7.90613 -7.97071 -8.09201
-5.07440 -4.63647 -4.14392 -3.54211 -4.07191 -4.98914 -5.17813 -4.11470 -6.27348 -5.23999 -3.97766 -2.47629 -0.71230 0.07415 0.11084 0.57697 -0.83418 -2.09290 -1.98284 -2.03633 -1.12657 -2.43538 -1.84288 -1.78812 -1.22749 -1.36213 -1.10522 -1.83922 -2.46471 -3.07620 -2.65853 -4.54051 -5.10857 -4.97260 -5.15417 -6.37990 -6.99042 -6.90393 -7.51131 -7.92197 -7.23180 -7.55461 -7.95113 -8.63787 -8.19470 -6.53193 -5.42715 -5.21949 -4.92064 -4.09357 -3.10996 -1.89306 -2.95510 -3.11047 -3.02644 -3.05269 -3.37761 -3.51353 -3.93127 -4.00698 -4.20688 -4.62447 -4.94497 -5.26790 -5.49051 -5.60564 -5.72665 -5.98585 -6.25957 -6.60721 -6.87025 -7.00629
-2.58508 -2.82363 -3.69558 -4.00406 -2.68216 -2.61245 -2.61207 -2.18805 -2.15617 -1.69326 -1.66301 -1.00315 -1.06097 0.70424 2.39352 2.00334 1.08211 -0.16868 -1.38377 -1.90654 -1.38668 -3.30408 -3.48121 -1.42034 -0.85483 -0.87919 -0.31219 0.25222 -0.48030 -1.38910 -2.88590 -3.97247 -3.85705 -3.95290 -4.84773 -5.27232 -5.02305 -6.12885 -6.44186 -7.07845 -6.88763 -7.19882 -7.49628 -8.05130 -8.80974 -7.87019 -8.06135 -6.96610 -6.56480 -3.86501 -2.46375 -1.75906 -0.92356 -1.86529 -2.08715 -1.70068 -2.01422 -2.24879 -2.47146 -2.72779 -3.06314 -3.59696 -3.91580 -4.24626 -4.66738 -4.79836 -4.63821 -4.68943 -4.75093 -5.10151 -5.27192 -5.80986
-2.91236 -4.92549 -5.18039 -5.17701 -4.78221 -2.80825 -1.86593 -0.53262 0.31050 -0.43733 -4.43551 -4.53086 -3.66574 -2.73958 -0.94573 -1.16796 -1.45818 -0.00880 0.19244 0.38422 -0.64299 -1.17892 -1.66487 -1.89939 -2.40006 -1.43283 -0.04727 0.13669 -0.56914 -0.68151 -2.61762 -3.01673 -3.82251 -2.71531 -3.61207 -3.74916 -3.70378 -4.22917 -4.95207 -5.16924 -7.18365 -6.06157 -6.84072 -6.60334 -6.67037 -7.45660 -7.55466 -6.96512 -5.87460 -4.17391 -2.98680 -1.76988 0.05679 -0.40150 -0.83111 -0.74987 -1.26535 -2.40138 -3.63086 -4.11469 -4.23711 -4.27539 -3.80058 -3.35049 -3.56681 -3.79691 -3.92186 -4.17895 -4.04235 -4.60862 -4.76994 -4.52608
0.24880 -1.73310 -2.66216 -2.78445 -3.62835 -3.08988 -1.83735 -0.91263 0.18324 0.78984 0.23083 -3.82826 -5.67106 -4.63029 -2.45652 -3.58662 -2.97135 -3.00109 -2.51938 -1.41164 -2.09331 -2.88252 -3.04877 -1.94205 -0.62029 -1.72762 -0.86257 -0.70341 -0.39707 0.38276 -1.21235 -2.17356 -3.10613 -3.50375 -3.32345 -2.90148 -2.85424 -3.89183 -4.53648 -3.66115 -5.03754 -5.02155 -4.61123 -5.48347 -5.58175 -4.92018 -3.73120 -4.16938 -4.07109 -4.35847 -3.26586 -3.14112 -1.11951 -0.20684 -0.74667 0.00058 -0.13942 -0.35872 -0.81630 -1.61672 -1.93356 -1.95716 -2.01354 -2.33637 -2.65370 -2.97029 -3.29962 -3.36742 -3.43951 -3.60004 -3.57473 -3.77528
-0.60092 -0.85596 -1.63998 -9999 -2.93564 -1.34239 -1.74877 -1.78681 -0.37993 0.38803 0.62179 0.90067 1.13216 1.43147 -0.89716 -6.00096 -8.41384 -9.14297 -10.53630 -4.51913 -2.88607 -2.73633 -2.83864 -2.23908 -2.18418 -1.72974 -1.36681 -0.88054 0.44720 -0.62314 -0.90667 -1.89684 -1.94456 -2.06133 -3.28401 -4.19112 -3.96721 -3.61806 -4.73236 -3.35652 -2.42381 -4.51457 -4.28973 -4.58251 -4.20473 -3.35447 -3.10739 -2.62193 -2.93185 -3.72809 -2.91402 -2.11931 -0.11102 0.79994 0.62052 0.46373 0.21946 0.06135 -0.01944 -0.22819 -0.43725 -0.76870 -1.09040 -1.42077 -1.64089 -2.14550 -2.55960 -2.33462 -2.42669 -2.59011 -2.74831 -2.82005
