data/hydroclimate-scenarios/BCSD_hadcm_B1/monthly_summaries/tavg_monthly_avg_sep.2030-2059.asc
ncols	311
nrows	91
xllcenter	102.75
yllcenter	31.75
cellsize	0.5
NODATA_value	-9999
[rows 0 to 31 of 91, columns 216 to 287 of 311]
-9999 -9999 -9999 -9999 -9999 -9999 -9999 -9999 -9999 -9999 -9999 -9999 -9999 -9999 -9999 -9999 -9999 -9999 -9999 -9999 -9999 -9999 -9999 -9999 -9999 -9999 -9999 -9999 -9999 -9999 -9999 -9999 -9999 -9999 -9999 -9999 -9999 -9999 -9999 -9999 -9999 -9999 -9999 -9999 -9999 -9999 -9999 -9999 -9999 -9999 -9999 -9999 -9999 -9999 -9999 -9999 -9999 -9999 -9999 -9999 -9999 -9999 -9999 -9999 -9999 -9999 -9999 -9999 -9999 -9999 -9999 -9999
-9999 -9999 -9999 -9999 -9999 -9999 -9999 -9999 -9999 -9999 -9999 -9999 -9999 -9999 -9999 -9999 -9999 -9999 -9999 -9999 -9999 -9999 -9999 -9999 -9999 -9999 -9999 -9999 -9999 -9999 -9999 -9999 -9999 -9999 -9999 -9999 -9999 -9999 -9999 -9999 -9999 -9999 -9999 -9999 -9999 -9999 -9999 -9999 -9999 -9999 -9999 -9999 -9999 -9999 -9999 -9999 -9999 -9999 -9999 -9999 -9999 -9999 -9999 -9999 -9999 -9999 -9999 -9999 -9999 -9999 -9999 -9999
-9999 -9999 -9999 -9999 -9999 -9999 -9999 -9999 -9999 -9999 -9999 -9999 -9999 -9999 -9999 -9999 -9999 -9999 -9999 -9999 -9999 -9999 -9999 -9999 -9999 -9999 -9999 -9999 -9999 -9999 -9999 -9999 -9999 -9999 -9999 -9999 -9999 -9999 -9999 -9999 -9999 -9999 -9999 -9999 -9999 -9999 -9999 -9999 -9999 -9999 -9999 -9999 -9999 -9999 -9999 -9999 -9999 -9999 -9999 -9999 -9999 -9999 -9999 -9999 -9999 -9999 -9999 -9999 -9999 -9999 -9999 -9999
-9999 -9999 -9999 -9999 -9999 -9999 -9999 -9999 -9999 -9999 -9999 -9999 -9999 -9999 -9999 -9999 -9999 -9999 -9999 -9999 -9999 -9999 -9999 -9999 -9999 -9999 -9999 -9999 -9999 -9999 -9999 -9999 -9999 -9999 -9999 -9999 -9999 -9999 -9999 -9999 -9999 -9999 -9999 -9999 -9999 -9999 -9999 -9999 -9999 -9999 -9999 -9999 -9999 -9999 -9999 -9999 -9999 -9999 -9999 -9999 -9999 -9999 -9999 -9999 -9999 -9999 -9999 -9999 -9999 -9999 -9999 -9999
-9999 -9999 -9999 -9999 -9999 -9999 -9999 -9999 -9999 -9999 -9999 -9999 -9999 -9999 -9999 -9999 -9999 -9999 -9999 -9999 -9999 -9999 -9999 -9999 -9999 -9999 -9999 -9999 -9999 -9999 -9999 -9999 -9999 -9999 -9999 -9999 -9999 -9999 -9999 -9999 -9999 -9999 -9999 -9999 -9999 -9999 -9999 -9999 -9999 -9999 -9999 -9999 -9999 -9999 -9999 -9999 -9999 -9999 -9999 -9999 -9999 -9999 -9999 -9999 -9999 -9999 -9999 -9999 -9999 -9999 -9999 -9999
-9999 -9999 -9999 -9999 -9999 -9999 -9999 -9999 -9999 -9999 -9999 -9999 -9999 -9999 -9999 -9999 -9999 -9999 -9999 -9999 -9999 -9999 -9999 -9999 -9999 -9999 -9999 -9999 -9999 -9999 -9999 -9999 -9999 -9999 -9999 -9999 -9999 -9999 -9999 -9999 -9999 -9999 -9999 -9999 -9999 -9999 -9999 -9999 -9999 -9999 -9999 -9999 -9999 -9999 -9999 -9999 -9999 -9999 -9999 -9999 -9999 -9999 -9999 -9999 -9999 -9999 -9999 -9999 -9999 -9999 -9999 -9999
-9999 -9999 -9999 -9999 -9999 -9999 -9999 -9999 -9999 -9999 -9999 -9999 -9999 -9999 -9999 -9999 -9999 -9999 -9999 -9999 -9999 -9999 -9999 -9999 -9999 -9999 -9999 -9999 -9999 -9999 -9999 -9999 -9999 -9999 -9999 -9999 -9999 -9999 -9999 -9999 -9999 -9999 -9999 -9999 -9999 -9999 -9999 -9999 -9999 -9999 -9999 -9999 -9999 -9999 -9999 -9999 -9999 -9999 -9999 -9999 -9999 -9999 -9999 -9999 -9999 -9999 -9999 -9999 -9999 -9999 -9999 -9999
-9999 -9999 -9999 -9999 -9999 -9999 -9999 -9999 -9999 -9999 -9999 -9999 -9999 -9999 -9999 -9999 -9999 -9999 -9999 -9999 -9999 -9999 -9999 -9999 -9999 -9999 -9999 -9999 -9999 -9999 -9999 -9999 -9999 -9999 -9999 -9999 -9999 -9999 -9999 -9999 -9999 -9999 -9999 -9999 -9999 -9999 -9999 -9999 -9999 -9999 -9999 -9999 -9999 -9999 -9999 -9999 -9999 -9999 -9999 -9999 -9999 -9999 -9999 -9999 -9999 -9999 -9999 -9999 -9999 -9999 -9999 -9999
-9999 -9999 -9999 -9999 -9999 -9999 -9999 -9999 -9999 -9999 -9999 -9999 -9999 -9999 -9999 -9999 -9999 -9999 -9999 -9999 -9999 -9999 -9999 -9999 -9999 -9999 -9999 -9999 -9999 -9999 -9999 -9999 -9999 -9999 -9999 -9999 -9999 -9999 -9999 -9999 -9999 -9999 -9999 -9999 -9999 -9999 -9999 -9999 -9999 -9999 -9999 -9999 -9999 -9999 -9999 -9999 -9999 -9999 -9999 -9999 -9999 -9999 -9999 -9999 -9999 -9999 -9999 -9999 -9999 -9999 -9999 -9999
-9999 -9999 -9999 -9999 -9999 -9999 -9999 -9999 -9999 -9999 -9999 -9999 -9999 -9999 -9999 -9999 -9999 -9999 -9999 -9999 -9999 -9999 -9999 -9999 -9999 -9999 -9999 -9999 -9999 -9999 -9999 -9999 -9999 -9999 -9999 -9999 -9999 -9999 -9999 -9999 -9999 -9999 -9999 -9999 -9999 -9999 -9999 -9999 -9999 -9999 -9999 -9999 -9999 -9999 -9999 -9999 -9999 -9999 -9999 -9999 -9999 -9999 -9999 -9999 -9999 -9999 -9999 -9999 -9999 -9999 -9999 -9999
-9999 -9999 -9999 -9999 -9999 -9999 -9999 -9999 -9999 -9999 -9999 -9999 -9999 -9999 -9999 -9999 -9999 -9999 -9999 -9999 -9999 -9999 -9999 -9999 -9999 -9999 -9999 -9999 -9999 -9999 -9999 -9999 -9999 -9999 -9999 -9999 -9999 -9999 -9999 -9999 -9999 -9999 -9999 -9999 -9999 -9999 -9999 -9999 -9999 -9999 -9999 -9999 -9999 -9999 -9999 -9999 -9999 -9999 -9999 -9999 -9999 -9999 -9999 -9999 -9999 -9999 -9999 -9999 -9999 -9999 -9999 -9999
-9999 -9999 -9999 -9999 -9999 -9999 -9999 -9999 -9999 -9999 -9999 -9999 -9999 -9999 -9999 -9999 -9999 -9999 -9999 -9999 -9999 -9999 -9999 -9999 -9999 -9999 -9999 -9999 -9999 -9999 -9999 -9999 -9999 -9999 -9999 -9999 -9999 -9999 -9999 -9999 -9999 -9999 -9999 -9999 -9999 -9999 -9999 -9999 -9999 -9999 -9999 -9999 -9999 -9999 -9999 -9999 -9999 -9999 -9999 -9999 -9999 -9999 -9999 -9999 -9999 -9999 -9999 -9999 -9999 -9999 -9999 -9999
-9999 -9999 -9999 -9999 -9999 -9999 -9999 -9999 -9999 -9999 -9999 -9999 -9999 -9999 -9999 -9999 -9999 -9999 -9999 -9999 -9999 -9999 -9999 -9999 -9999 -9999 -9999 -9999 -9999 -9999 -9999 -9999 -9999 -9999 -9999 -9999 -9999 -9999 -9999 -9999 -9999 -9999 -9999 -9999 -9999 -9999 -9999 -9999 -9999 -9999 -9999 -9999 -9999 -9999 -9999 -9999 -9999 -9999 -9999 -9999 -9999 -9999 -9999 -9999 -9999 -9999 -9999 -9999 -9999 -9999 -9999 -9999
1.39690 1.98008 2.27775 -9999 -9999 -9999 -9999 -9999 -9999 -9999 -9999 -9999 -9999 -9999 -9999 -9999 -9999 -9999 -9999 -9999 -9999 -9999 -9999 -9999 -9999 -9999 -9999 -9999 -9999 -9999 -9999 -9999 -9999 -9999 -9999 -9999 -9999 -9999 -9999 -9999 -9999 -9999 -9999 -9999 2.77357 -9999 -9999 -9999 -9999 -9999 -9999 -9999 -9999 -9999 -9999 -9999 -9999 -9999 -9999 -9999 -9999 -9999 -9999 -9999 -9999 -9999 -9999 -9999 -9999 -9999 -9999 -9999
1.74106 1.92720 2.08016 2.18057 2.26848 2.35902 2.45954 2.27903 1.96903 2.04564 1.91966 1.77561 1.77441 1.80167 1.89805 4.17676 -9999 -9999 -9999 -9999 -9999 -9999 -9999 -9999 -9999 -9999 -9999 -9999 -9999 -9999 -9999 -9999 -9999 -9999 -9999 -9999 -9999 -9999 -9999 1.59226 2.39021 1.77575 0.67465 0.26775 0.92431 3.04775 -9999 -9999 -9999 2.87436 -9999 -9999 -9999 2.35431 2.07576 1.88534 -9999 -9999 -9999 -9999 -9999 -9999 -9999 -9999 -9999 -9999 -9999 -9999 -9999 -9999 -9999 -9999
1.65568 1.83792 1.95653 2.08509 1.82287 1.52033 1.41485 1.15927 -0.41280 -0.25763 -1.05770 -1.57567 -0.22126 0.26107 0.38356 0.11724 0.07503 0.39424 0.11689 0.93729 2.02009 2.96535 -9999 -9999 -9999 -9999 -9999 4.55975 4.75762 4.69728 4.80095 4.72023 4.72011 4.59255 4.56024 4.60073 4.45377 4.43803 4.31444 0.91855 1.12427 0.49239 0.78610 -0.12462 0.13905 3.17995 2.82785 3.06957 3.01889 2.96392 2.92019 2.76005 2.45475 1.97107 1.26889 0.18112 0.38174 1.19574 1.69427 1.70032 2.29898 -9999 -9999 -9999 -9999 -9999 -9999 -9999 -9999 -9999 -9999 -9999
0.47264 0.83034 0.86305 0.39974 -0.51198 -0.59651 -0.25721 -0.47303 -0.54587 -0.50653 -1.22286 -0.39900 -0.34428 0.44381 0.91749 0.59642 1.23428 1.02000 0.49119 1.49536 0.80380 1.54340 1.99691 2.85462 3.30860 3.97918 4.43695 4.80167 5.18379 4.74839 4.54837 4.46543 4.56118 4.56329 4.43687 4.29726 4.26793 4.20281 4.23622 4.02089 3.80807 3.80478 3.89645 3.28653 3.17364 3.12384 2.97752 3.03639 2.99055 2.85472 2.81284 2.66487 2.57389 2.67575 2.58390 2.49379 2.49638 2.50292 2.39767 1.89251 1.19645 1.38583 1.69101 2.28157 2.37212 2.55677 2.73482 2.62510 2.70150 -9999 -9999 -9999
-1.78612 -1.61678 -2.06800 -1.06967 -0.83894 -0.51668 0.19750 0.73349 0.70747 0.33485 0.77834 1.39584 1.91438 1.70151 2.51366 3.17152 3.00368 2.57813 2.26212 3.00767 2.79725 2.14481 1.99367 1.65177 1.60673 1.86645 2.31668 3.47462 5.12925 5.26382 5.06025 4.76814 4.57729 4.58751 4.49310 4.59477 4.59178 4.38453 4.46820 4.36171 4.56130 4.54671 4.54074 3.83093 3.70828 3.77468 3.63328 3.51106 3.46704 3.43392 3.30718 3.17311 3.07964 3.08931 2.99773 3.00075 3.01051 2.91453 2.90525 1.89823 1.69630 2.18826 2.28426 2.47511 2.56890 2.45249 2.54083 2.62234 3.00167 -9999 3.16868 -9999
0.29100 -0.07143 0.99992 1.78770 1.18977 1.38895 2.09308 1.33049 1.39475 1.95152 2.42809 2.22964 2.43567 3.34831 4.14146 3.30495 2.78771 3.11498 2.94142 3.48224 3.49107 3.24663 2.59453 2.45203 1.10668 0.95587 0.90270 2.84334 4.88468 5.00388 5.02762 5.02894 5.04870 4.75751 4.67876 5.00572 4.82638 4.83803 4.62477 4.91544 4.90623 4.89436 4.78174 4.36674 4.24453 4.21570 4.08463 3.96984 3.74301 3.72774 3.61218 3.67927 3.59058 3.59694 3.40473 3.52543 3.42946 3.42787 3.22001 2.30627 2.59151 2.69290 2.58137 2.66550 2.75100 2.74794 2.92692 3.11416 3.39799 3.47674 -9999 -9999
2.15615 2.11215 2.45545 3.40954 3.38473 4.33408 4.58145 4.62502 4.39406 3.83065 3.74682 3.60499 3.67719 4.28282 4.71581 5.05827 4.72900 3.84635 3.60466 2.93566 2.95432 2.51016 2.75348 3.59794 3.73318 3.27995 1.52893 3.36601 4.21259 4.93027 5.26183 5.37806 5.48827 5.42298 5.53038 5.34178 5.15018 5.27327 5.38113 4.98946 5.08434 5.36999 5.34694 4.93691 4.81350 4.68434 4.57198 4.54969 4.23465 4.22327 4.10521 4.09737 3.99713 4.00527 3.80144 3.81755 3.82305 3.81720 3.71062 3.51188 3.48811 3.08502 3.17660 3.36045 3.45085 3.34065 3.32279 3.40814 3.39050 3.37526 3.36252 -9999
4.09994 5.04592 5.77099 5.96680 6.04615 6.65982 6.79095 6.49023 6.31479 5.97595 5.26930 5.06803 5.02714 4.95927 5.16164 5.13257 4.36575 3.46483 2.81396 3.01411 2.48426 2.55648 3.38056 3.91225 4.15789 3.68273 2.72323 2.65106 4.58213 5.21293 5.43123 5.74986 5.78161 5.89310 5.81421 5.91758 5.83648 5.92999 6.02652 6.03824 5.85914 5.95555 5.95758 5.73351 5.51030 5.48260 5.06449 4.64925 4.73004 4.60893 4.50151 4.38666 4.59187 4.48706 4.30908 4.70328 4.90794 4.89438 4.79064 4.58312 4.47249 4.26547 4.16335 3.96345 3.15954 3.06007 3.05030 2.94388 2.91670 2.81906 2.60868 2.59890
6.12044 6.50426 6.69854 6.81788 6.82102 6.78826 6.74345 6.73459 6.81771 6.67123 6.04272 5.91988 6.15284 6.62250 6.62729 6.15801 5.46892 3.37900 2.45784 1.81026 2.13758 2.99945 4.01798 4.54355 4.46092 4.08550 3.60962 2.54660 3.96489 4.68283 5.60646 6.13025 6.15617 6.17972 6.29525 6.40411 6.51062 6.52008 6.50704 6.72216 6.81902 6.92174 6.63977 6.32958 6.20888 5.97845 5.75528 5.44017 5.42625 5.51087 5.48961 5.27640 5.58496 5.48244 5.18678 4.99193 5.38438 5.56674 5.36633 5.26255 4.86998 4.76732 4.97869 4.57524 3.59138 3.58266 3.47624 3.37472 3.47561 3.37047 3.25461 3.15229
5.43067 5.84540 6.22727 6.01351 5.31056 5.17555 5.45171 5.83905 6.37076 6.58450 6.39602 6.36732 6.44480 6.31623 6.67334 5.79990 5.41121 3.70181 2.76500 2.33421 2.56250 2.54074 3.84961 3.75529 3.77349 4.29357 4.60399 4.42946 5.13807 5.25131 4.87208 4.80072 5.23695 4.87396 4.58328 5.29051 5.60776 5.51173 6.30529 6.90434 7.10213 7.10107 7.00045 6.90481 6.11402 6.08528 5.66313 5.73857 5.52616 5.70356 5.57950 5.57078 5.37128 5.17389 5.37388 5.68100 5.86912 5.66228 5.74669 5.45008 5.37151 5.28866 5.19980 4.11706 4.11669 4.01626 4.00431 3.90704 3.91325 3.82237 3.72208 3.72148
6.67003 7.48749 7.19332 6.61598 6.19708 5.22367 4.58038 4.35733 3.99745 3.58722 4.14353 4.35046 5.45062 6.08420 6.37875 6.05224 5.52793 4.36082 3.06068 3.16406 3.48630 3.08642 3.08574 3.18348 3.19031 3.09837 3.29423 3.80483 4.52084 4.22865 3.75709 2.98023 2.72690 2.25701 2.47557 3.28226 3.49044 2.68987 2.99193 4.39766 4.69528 5.39976 5.60233 6.90964 7.19575 7.07364 6.45845 6.63659 6.81990 6.19447 6.10134 6.07898 5.77629 5.98464 6.38470 6.07846 5.08330 5.15775 5.75284 5.45565 5.08201 5.09798 5.02263 4.61997 4.51727 4.41586 4.43960 4.44350 4.35643 4.27318 4.28571 4.29664
7.41603 7.53864 7.72574 7.89659 7.52620 6.96284 6.37877 5.34669 4.52882 3.43247 2.99310 2.36050 2.98436 3.04880 4.73252 4.96835 5.76736 5.71964 3.47224 2.86096 2.47221 2.68719 2.67952 2.07403 2.37833 2.27618 2.17468 1.58627 1.68681 1.80285 1.50783 1.16187 1.29907 1.23302 0.85212 1.25755 1.66671 1.07285 1.08019 1.88170 1.78494 1.88700 2.00361 2.70170 3.90165 6.06626 7.05774 6.85656 7.14557 7.13835 6.33745 6.03070 6.22260 6.03864 5.93269 6.22405 6.31649 5.90276 5.28789 4.90513 4.82407 5.44509 5.94699 5.84618 5.53979 5.45468 5.16641 4.89330 4.80615 4.72274 4.72498 4.73635
7.17289 6.86437 6.86887 6.92031 7.36503 7.41663 7.18679 6.79221 6.18981 5.55703 4.76755 3.77073 4.74649 5.35177 5.44815 5.36908 5.20076 4.90566 5.28799 3.92387 4.29038 3.62836 3.02832 2.63219 2.62767 2.64035 3.23481 3.24453 3.54510 2.65624 2.97987 2.12336 2.15438 2.49303 1.80925 2.11564 2.01900 1.53103 1.22788 2.24808 2.24598 2.36117 2.27417 2.58507 3.78317 4.97727 6.07484 6.58486 7.09948 7.48951 6.30466 5.40843 6.20347 6.31001 6.20909 6.59232 6.49334 6.17467 5.77643 5.86591 5.89173 5.79885 5.59749 6.08401 6.19257 5.90633 5.72007 5.23041 5.24011 5.16378 5.16507 5.18038
4.74755 5.07049 3.30801 2.14531 1.83652 2.67739 4.61169 5.97075 4.91307 6.26880 6.66662 6.68385 6.73081 6.68901 6.23117 6.10218 5.19966 5.05777 4.73290 4.85336 5.10678 5.29300 5.29328 5.58320 4.98786 4.69330 5.28388 5.68891 5.00191 4.81443 4.93931 5.28048 5.10123 3.53811 3.46324 3.06681 2.77309 2.67866 2.79396 2.40337 2.43083 2.13814 2.95975 3.26899 2.87442 3.76828 4.97673 5.69872 6.42135 7.05725 7.27137 7.07918 6.19019 6.38655 6.78161 6.68060 6.76320 6.95055 6.53694 6.43546 6.25822 6.24974 6.74323 6.63213 6.54701 6.54855 6.45170 5.96705 5.97604 5.99685 5.91031 5.91619
3.67252 3.34539 4.11266 4.82887 4.47474 3.69204 3.58284 4.48306 2.53377 3.18802 3.95753 4.79306 6.04604 6.69599 6.48257 6.75138 6.05328 5.32855 5.23642 5.06462 5.70302 5.30948 5.58860 5.56647 5.85614 5.67311 5.85091 5.25425 5.04753 4.86540 5.59116 4.23359 4.06094 4.28717 4.31883 3.61434 3.01568 3.34390 2.95919 2.57695 2.99883 2.81319 2.53581 1.95966 2.36139 3.76678 4.69712 5.02922 5.36507 6.19195 6.72036 7.64618 6.85368 6.76107 7.04712 7.24208 7.22245 7.09939 6.90560 7.20207 7.29933 7.29901 7.19630 7.19328 7.09361 7.18776 7.09581 7.01166 6.81559 6.73116 6.65127 6.55199
4.81923 5.01818 4.83301 4.89127 5.65904 5.59113 5.52154 5.63688 5.70829 6.19163 6.04859 6.07775 4.98303 6.40263 8.10382 7.30275 7.12340 6.46937 5.29173 4.92435 5.17030 4.39445 4.11145 5.58456 5.96129 5.86237 6.34713 6.83592 6.53687 6.12426 4.96116 4.49342 4.72470 4.85130 4.17647 4.08455 4.47773 3.69998 3.52236 2.84514 2.87216 2.68604 2.41801 2.04036 1.54963 2.38260 2.22171 3.36120 3.79939 5.84518 6.99084 7.72012 8.42505 7.72040 7.70806 8.11237 7.98189 7.87410 7.86614 7.86408 7.95562 7.94409 7.85314 7.84860 7.53914 7.64383 8.04643 8.05342 8.05950 7.87572 7.68076 7.28675
4.27455 2.53197 2.74037 3.78046 5.36431 5.74297 5.89222 6.37386 7.28491 6.01772 1.06584 1.12945 1.98850 2.62598 4.27737 4.33849 4.40901 5.88440 6.29702 6.43342 5.62559 5.32358 4.98392 5.01432 4.53939 5.52363 6.59527 6.78091 6.45617 6.54288 5.05521 4.98495 4.52042 5.54893 4.97584 5.07469 5.36793 4.98310 4.31841 3.94031 2.37276 3.18854 2.41434 2.73163 2.86487 2.40670 2.55385 3.19884 4.13981 5.58734 6.44584 7.66091 9.25547 8.75564 8.56714 8.75701 8.35644 7.74697 6.84415 6.72229 6.82276 7.11407 7.92129 8.51037 8.60825 8.40365 8.50756 8.51176 8.52350 8.13356 8.04436 8.25108
6.62876 4.97739 4.34636 4.27711 4.00750 4.70585 5.56441 6.13998 6.89991 7.01333 5.45946 0.54404 -1.04371 0.10640 1.34398 1.80342 2.56093 3.08531 3.99316 5.01599 4.61821 4.08772 4.09048 5.10511 5.91672 5.19115 5.84467 6.20021 6.55340 7.23419 6.06377 5.55020 4.95164 4.76884 5.08426 5.57629 5.77170 4.91562 4.33705 5.06245 3.87032 3.78105 3.89881 3.32950 3.56545 4.19912 5.44046 5.28193 5.24470 5.28219 6.30965 6.56555 8.38466 9.19398 8.60977 9.32795 9.22176 9.23353 9.04090 8.52902 8.62805 8.92327 9.18957 9.18667 9.28628 9.07430 9.08428 9.09307 9.10531 8.62490 8.73126 8.67421
4.48147 4.48770 3.62860 -9999 2.53326 4.01451 3.40006 2.55251 4.31542 5.49414 6.02386 6.17122 6.71285 7.74543 4.15658 -0.25847 -1.93153 -2.12860 -2.50251 2.50803 4.14934 4.50264 4.44187 4.92793 4.96779 5.49870 5.65844 6.29873 7.33673 6.57039 6.34616 5.49221 5.57525 5.69307 4.80624 4.33879 4.42960 4.83868 4.06899 5.27656 5.99842 4.10449 4.23015 3.94901 4.49415 5.33383 5.75289 6.29796 6.14491 5.47809 6.42591 7.26804 9.00652 9.83649 9.66447 9.59142 9.41877 9.43846 9.54292 9.42908 9.52786 9.70294 9.69487 9.76289 9.86183 9.75392 9.54168 9.26463 9.18366 9.00423 9.02515 8.98349
