data/hydroclimate-scenarios/BCSD_hadcm_B1/monthly_summaries/tavg_monthly_avg_jul.2030-2059.asc
ncols	311
nrows	91
xllcenter	102.75
yllcenter	31.75
cellsize	0.5
NODATA_value	-9999
[rows 0 to 31 of 91, columns 72 to 143 of 311]
-9999 -9999 -9999 -9999 -9999 -9999 -9999 -9999 -9999 -9999 -9999 -9999 -9999 -9999 -9999 -9999 -9999 -9999 -9999 -9999 -9999 -9999 -9999 -9999 -9999 -9999 -9999 -9999 -9999 -9999 -9999 -9999 -9999 -9999 -9999 -9999 -9999 -9999 -9999 -9999 -9999 -9999 -9999 -9999 -9999 -9999 -9999 -9999 -9999 -9999 -9999 -9999 -9999 -9999 -9999 -9999 -9999 -9999 -9999 -9999 -9999 -9999 -9999 -9999 -9999 -9999 -9999 -9999 -9999 -9999 -9999 -9999
-9999 -9999 -9999 -9999 -9999 -9999 -9999 -9999 -9999 -9999 -9999 -9999 -9999 -9999 -9999 -9999 -9999 -9999 -9999 -9999 -9999 -9999 -9999 -9999 -9999 -9999 -9999 -9999 -9999 -9999 -9999 -9999 -9999 -9999 -9999 -9999 -9999 -9999 -9999 -9999 -9999 -9999 -9999 -9999 -9999 -9999 -9999 -9999 -9999 -9999 -9999 -9999 -9999 -9999 -9999 -9999 -9999 -9999 -9999 -9999 -9999 -9999 -9999 -9999 -9999 -9999 -9999 -9999 -9999 -9999 -9999 -9999
-9999 -9999 -9999 -9999 -9999 -9999 -9999 -9999 -9999 -9999 -9999 -9999 -9999 -9999 -9999 -9999 -9999 -9999 -9999 -9999 -9999 -9999 -9999 -9999 -9999 -9999 -9999 -9999 -9999 -9999 -9999 -9999 -9999 -9999 -9999 -9999 -9999 -9999 -9999 -9999 -9999 -9999 -9999 -9999 -9999 -9999 -9999 -9999 -9999 -9999 -9999 -9999 -9999 -9999 -9999 -9999 -9999 -9999 -9999 -9999 -9999 -9999 -9999 -9999 -9999 -9999 -9999 -9999 -9999 -9999 -9999 -9999
-9999 -9999 -9999 -9999 -9999 -9999 -9999 -9999 -9999 -9999 -9999 -9999 -9999 -9999 -9999 -9999 -9999 -9999 -9999 -9999 -9999 -9999 -9999 -9999 -9999 -9999 -9999 -9999 -9999 -9999 -9999 -9999 -9999 -9999 -9999 -9999 -9999 -9999 -9999 -9999 -9999 -9999 -9999 -9999 -9999 -9999 -9999 -9999 -9999 -9999 -9999 -9999 -9999 -9999 -9999 -9999 -9999 -9999 -9999 -9999 -9999 -9999 -9999 -9999 -9999 -9999 -9999 -9999 -9999 -9999 -9999 -9999
-9999 -9999 -9999 -9999 -9999 -9999 -9999 -9999 -9999 -9999 -9999 -9999 -9999 -9999 -9999 -9999 -9999 -9999 -9999 -9999 -9999 -9999 -9999 -9999 -9999 -9999 -9999 -9999 -9999 -9999 -9999 -9999 -9999 -9999 -9999 -9999 -9999 -9999 -9999 -9999 -9999 -9999 -9999 -9999 -9999 -9999 -9999 -9999 -9999 -9999 -9999 -9999 -9999 -9999 -9999 -9999 -9999 -9999 -9999 -9999 -9999 -9999 -9999 -9999 -9999 -9999 -9999 -9999 -9999 -9999 -9999 -9999
-9999 -9999 -9999 -9999 -9999 -9999 -9999 -9999 -9999 -9999 -9999 -9999 -9999 -9999 -9999 -9999 -9999 -9999 -9999 -9999 -9999 -9999 -9999 -9999 -9999 -9999 -9999 -9999 -9999 -9999 -9999 -9999 -9999 -9999 -9999 -9999 -9999 -9999 -9999 -9999 -9999 -9999 -9999 -9999 -9999 -9999 -9999 -9999 -9999 -9999 -9999 -9999 -9999 -9999 -9999 -9999 -9999 -9999 -9999 -9999 -9999 -9999 -9999 -9999 -9999 -9999 -9999 -9999 -9999 -9999 -9999 -9999
-9999 -9999 -9999 -9999 -9999 -9999 -9999 -9999 -9999 -9999 -9999 -9999 -9999 -9999 -9999 -9999 -9999 -9999 -9999 -9999 -9999 -9999 -9999 -9999 -9999 -9999 -9999 -9999 -9999 -9999 -9999 -9999 -9999 -9999 -9999 -9999 -9999 -9999 -9999 -9999 -9999 -9999 -9999 -9999 -9999 -9999 -9999 -9999 -9999 -9999 -9999 -9999 -9999 -9999 -9999 -9999 -9999 -9999 -9999 -9999 -9999 -9999 -9999 -9999 -9999 -9999 -9999 -9999 -9999 -9999 -9999 -9999
-9999 -9999 -9999 -9999 -9999 -9999 -9999 -9999 -9999 -9999 -9999 -9999 -9999 -9999 -9999 -9999 -9999 -9999 -9999 -9999 -9999 -9999 -9999 -9999 -9999 -9999 -9999 -9999 -9999 -9999 -9999 -9999 -9999 -9999 -9999 -9999 -9999 -9999 -9999 -9999 -9999 -9999 -9999 -9999 -9999 -9999 -9999 -9999 -9999 -9999 -9999 -9999 -9999 -9999 -9999 -9999 -9999 -9999 -9999 -9999 -9999 -9999 -9999 -9999 -9999 -9999 -9999 -9999 -9999 -9999 -9999 -9999
-9999 -9999 -9999 -9999 -9999 12.03980 -9999 -9999 -9999 -9999 -9999 -9999 -9999 -9999 -9999 -9999 -9999 -9999 -9999 -9999 -9999 -9999 -9999 -9999 -9999 -9999 -9999 -9999 -9999 -9999 -9999 -9999 -9999 -9999 -9999 -9999 -9999 -9999 -9999 -9999 -9999 -9999 -9999 -9999 -9999 -9999 -9999 -9999 -9999 -9999 -9999 -9999 -9999 -9999 -9999 -9999 -9999 -9999 -9999 -9999 -9999 -9999 -9999 -9999 -9999 -9999 -9999 -9999 -9999 -9999 -9999 -9999
-9999 7.05179 13.08920 12.75570 12.31160 12.37310 12.12840 11.99200 11.85900 11.54000 11.53900 11.53240 11.32880 11.22410 11.02700 10.93560 10.73310 10.62040 10.49620 10.46320 10.43950 -9999 -9999 -9999 -9999 -9999 -9999 -9999 -9999 -9999 -9999 -9999 -9999 -9999 -9999 -9999 -9999 -9999 -9999 -9999 -9999 -9999 -9999 -9999 -9999 -9999 -9999 -9999 -9999 -9999 -9999 -9999 -9999 -9999 -9999 -9999 -9999 -9999 -9999 -9999 -9999 -9999 -9999 -9999 -9999 -9999 -9999 -9999 -9999 -9999 -9999 -9999
-9999 -9999 -9999 13.19880 13.05450 12.81840 12.68150 12.55920 12.31830 12.19260 11.96700 11.86730 11.75970 11.54300 11.44530 11.24340 11.03810 10.82360 10.69230 10.56730 10.52790 -9999 -9999 -9999 -9999 -9999 -9999 -9999 -9999 -9999 -9999 -9999 -9999 -9999 -9999 -9999 -9999 -9999 -9999 -9999 -9999 -9999 -9999 -9999 -9999 -9999 -9999 -9999 -9999 -9999 -9999 -9999 -9999 -9999 -9999 -9999 -9999 -9999 -9999 -9999 -9999 -9999 -9999 -9999 -9999 -9999 -9999 -9999 -9999 -9999 -9999 -9999
14.20260 14.07090 14.04420 13.70840 13.48910 13.36230 13.22080 13.09380 12.85860 12.72920 12.51240 12.29460 12.16920 11.94330 11.74160 11.53020 11.32370 11.09680 10.87050 10.74680 10.81990 10.88570 10.86710 10.96530 11.20420 11.23020 11.47620 -9999 -9999 -9999 -9999 -9999 -9999 -9999 -9999 -9999 -9999 -9999 -9999 -9999 -9999 -9999 -9999 -9999 -9999 -9999 -9999 -9999 -9999 -9999 -9999 -9999 -9999 -9999 -9999 -9999 -9999 -9999 -9999 -9999 -9999 -9999 -9999 -9999 -9999 -9999 -9999 -9999 -9999 -9999 -9999 -9999
14.62320 14.49310 14.26510 14.15590 14.03160 13.90310 13.76720 13.55820 13.41440 13.17910 13.04380 12.81740 12.58790 12.36830 12.25050 12.02410 11.71580 11.49450 11.26370 11.14660 11.01450 10.89580 11.17390 11.35590 11.48410 11.59480 11.63200 11.85600 11.88860 11.94150 11.97980 11.95910 11.94600 11.82690 11.70420 11.68700 11.66570 11.55130 11.55290 11.56910 11.67270 11.69950 -9999 -9999 -9999 -9999 -9999 -9999 -9999 -9999 -9999 -9999 -9999 -9999 -9999 -9999 -9999 -9999 -9999 -9999 -9999 -9999 -9999 -9999 -9999 -9999 -9999 -9999 -9999 -9999 -9999 -9999
14.43790 14.51330 14.20330 13.98660 14.17320 14.14890 14.22510 14.00190 13.87770 13.73210 13.58810 13.35960 13.12060 12.88820 12.66570 12.42800 12.21240 11.98860 11.67160 11.33940 10.82370 10.99580 11.17250 11.34980 11.75690 12.05270 12.05930 11.85840 11.67680 12.17930 12.18590 12.17650 12.15550 12.03730 12.01760 11.99190 11.88660 11.86570 11.76840 11.77440 11.69530 11.70470 11.82850 -9999 -9999 -9999 -9999 -9999 -9999 -9999 -9999 -9999 -9999 -9999 -9999 -9999 -9999 -9999 -9999 -9999 -9999 -9999 -9999 -9999 -9999 -9999 -9999 -9999 -9999 -9999 -9999 -9999
12.62470 13.02070 11.81550 12.69950 12.88020 12.78070 12.95170 12.85150 13.32250 12.86580 13.03580 13.30150 13.16100 13.22430 13.00860 12.76260 12.45140 12.33700 11.90860 11.48920 11.47440 11.43900 11.51520 11.81380 11.19250 11.89640 12.29320 12.28200 11.88190 12.18600 12.27180 12.46710 12.34860 12.23240 12.21130 12.20610 12.07910 12.06930 11.97270 11.97900 11.89840 11.81700 11.92220 -9999 -9999 -9999 -9999 -9999 -9999 -9999 -9999 -9999 -9999 -9999 -9999 -9999 -9999 -9999 11.13400 11.03350 -9999 -9999 -9999 -9999 9.55728 8.34218 7.44139 7.83412 8.92326 9.12778 8.92653 8.66448
12.82430 12.91210 12.10720 13.20140 13.99510 13.67670 13.06910 12.95690 12.74390 13.60020 13.66700 13.53720 13.21380 13.08330 13.26840 12.94440 13.02630 12.70600 12.59400 12.28570 11.97600 11.97080 12.45060 12.53220 12.62860 12.72810 12.83880 12.94320 12.94160 12.93390 12.94210 12.82490 12.72050 12.70350 12.70270 12.58290 12.58430 12.46040 12.36820 12.37960 12.28710 12.29650 12.21470 12.30650 12.41150 12.42330 12.09750 10.75060 10.11630 10.47680 10.06260 9.93380 10.32050 10.08290 9.97889 11.14980 11.24240 11.31840 11.21500 11.31130 -9999 -9999 -9999 -9999 -9999 10.03900 9.22299 8.63148 8.23505 8.23215 8.33978 7.66810
12.99720 12.59890 11.39510 12.39430 13.49160 13.58040 13.67030 14.17150 14.53930 14.61830 14.39240 14.27300 14.15190 13.93690 13.73250 13.61070 13.40150 13.18020 12.96460 13.06190 12.95880 13.05230 13.04510 13.05090 13.16190 13.17210 13.17130 13.38830 13.39120 13.40050 13.39810 13.30020 13.28850 13.29180 13.18070 13.07710 13.07100 12.97130 12.96470 12.76890 12.77470 12.67290 12.58010 12.57480 12.47070 12.36610 12.23160 11.10930 10.47770 11.05090 11.31310 10.69300 9.48976 8.57438 9.85751 9.24196 9.12066 9.40180 10.18710 10.40030 10.09230 10.98760 11.56900 11.36770 11.15220 10.92840 10.72290 9.92171 9.24156 8.24308 8.34931 7.64921
8.57674 13.57930 11.28340 10.98130 11.98910 12.78410 12.67760 15.07070 15.15710 15.03020 14.81860 14.71210 14.50280 14.28910 14.08520 13.96870 13.86550 13.55240 12.95110 12.83960 13.24420 13.33830 13.44770 13.54860 13.57150 13.68750 13.70350 13.82150 13.83870 13.64650 13.76110 13.66390 13.66030 13.65820 13.56040 13.56070 13.36450 13.47210 13.26460 13.16150 12.95440 12.94790 12.94780 12.94340 12.83710 12.70620 12.68530 12.47030 12.03970 11.51900 11.79140 11.16930 11.15170 10.34320 9.14356 8.82256 9.19780 9.28271 9.07374 9.58084 8.67553 9.67311 11.05840 11.55400 11.54880 11.53380 11.32990 10.51970 9.42303 7.84835 7.75511 7.26727
9.25845 11.16350 14.36870 13.18330 14.18260 14.58140 13.18460 14.07600 14.66730 14.84430 15.03980 15.03420 14.83550 14.74620 14.54350 14.43670 14.13650 13.83040 12.02020 12.32290 12.73150 12.93130 13.54490 13.85260 13.97600 14.10060 14.12870 14.24870 14.16650 14.29920 14.23080 14.23160 14.04160 14.13910 14.04010 13.95220 13.74990 13.45790 13.16980 13.13940 13.24190 12.12440 11.71310 12.00010 12.57480 12.94110 13.23000 13.11480 12.40570 11.69460 11.57720 11.16310 11.04410 10.91810 11.19510 11.08610 9.86908 9.55453 9.15417 8.65267 8.15851 7.75702 9.25201 9.74424 10.24020 10.13180 10.23170 9.72647 9.22884 8.84030 8.77380 8.28373
10.18550 10.19030 10.28740 12.21480 14.41560 14.42200 13.22700 13.02200 14.20350 11.80180 12.20180 12.89680 14.10540 14.62190 14.60740 14.72000 14.51330 14.11750 13.22330 12.71460 13.21730 13.43430 13.93680 14.26350 14.48480 14.60950 14.63520 14.66120 14.68660 14.71760 14.54410 14.15070 14.36880 14.28950 13.88520 13.60650 13.50540 13.31250 12.81510 12.59770 13.07930 13.17240 12.85810 11.82290 11.69330 12.14910 12.43920 13.04090 12.11770 11.51470 11.49890 11.38550 11.77220 10.84410 10.02020 9.67536 8.65309 9.73867 10.34600 10.15160 10.26100 10.04790 9.24602 8.24851 9.63409 8.63424 9.42798 9.73074 9.52731 9.53574 10.53970 10.07380
10.95940 10.17690 9.28102 8.88992 12.10230 13.41390 14.01740 14.00530 14.50560 13.08110 10.58850 9.10178 8.10102 10.70790 12.60450 13.51240 14.60350 14.71560 14.71090 14.62680 14.63360 14.53690 14.74920 14.76630 14.89490 14.91400 15.05130 15.06230 14.69170 14.71370 14.44640 14.06080 13.97970 14.48200 13.79420 13.50380 12.71770 13.22610 13.32410 12.80730 12.58770 12.97660 12.94440 12.10810 12.47260 12.24270 12.32900 12.71170 12.90170 12.97960 12.57020 12.04280 11.83250 11.59290 11.35660 10.12180 9.38651 10.07800 8.66472 9.16596 9.66235 10.06110 10.56370 10.84950 10.73620 10.12820 9.81760 10.11490 10.31320 10.81280 11.30920 11.12590
9.92955 8.73596 8.56775 9.07270 9.48945 9.59912 10.60710 11.99160 13.69120 14.87250 13.68140 12.29180 10.99460 9.39769 9.29290 9.60001 10.40130 12.11710 12.91060 14.02560 14.43640 14.74550 14.95180 15.17380 15.19690 15.31990 15.35550 14.76740 14.29320 14.91670 13.23350 12.85540 12.86520 13.28090 13.18470 13.10290 12.71250 13.22420 13.02560 12.71590 12.69150 13.27530 12.33400 12.20280 11.66780 11.52910 11.60390 11.89040 12.06740 11.14940 10.93160 10.20480 9.98854 10.25310 10.31070 9.05986 10.13190 10.21670 9.12274 9.99886 10.18000 10.35620 11.64380 11.34010 11.23310 10.13060 10.51150 10.89660 11.09360 11.88500 12.09300 11.49240
9.72458 8.93200 9.55446 8.87488 8.58380 9.30531 10.30720 10.40300 12.00040 12.39740 12.08780 12.20980 12.81230 12.50950 12.20570 11.41660 9.91966 9.43797 10.04380 11.05500 11.86540 13.57610 14.68400 15.40620 15.62610 15.75180 15.07230 14.20330 14.21400 14.14590 13.86900 12.76580 13.29170 12.50140 13.99930 13.91450 13.42660 12.32550 12.63110 13.32160 13.59360 13.08360 12.44850 11.01010 10.57910 10.53590 10.81870 10.69780 9.66599 9.23698 9.62121 9.09712 8.05599 8.93174 8.17929 9.83220 8.88624 10.37850 11.16610 11.36490 12.03820 11.77690 11.89930 11.06500 11.83700 12.52270 12.61740 12.19260 12.08950 12.58080 12.47590 10.87560
11.28970 11.21040 11.52840 9.94227 9.07162 9.28145 9.29695 9.69393 11.29770 13.13060 9.59610 10.00590 11.09680 8.99838 7.80593 8.21334 13.41820 10.73810 7.94367 8.56702 9.57721 11.09040 14.78960 15.71450 16.03620 16.06220 15.48690 14.80010 14.72140 14.24040 14.06440 13.97400 13.88270 14.89520 14.40140 13.60090 13.71260 12.82350 12.42650 11.49520 12.37800 12.45190 11.92180 13.09860 12.86400 11.93340 11.10460 10.27080 9.75067 9.21635 9.79404 9.75927 9.63201 8.78410 8.53861 9.27667 9.34254 11.03460 11.50820 12.61160 12.99500 12.36830 11.93620 13.39790 13.77160 13.64060 13.72100 13.39290 12.77190 12.56940 12.77210 11.95850
11.63970 11.56310 11.98520 11.39760 11.31050 11.23970 10.86000 11.17970 10.98380 11.26340 10.98370 10.98550 11.58010 9.88325 9.28045 7.79228 9.00183 10.60970 11.62560 10.73400 10.65000 11.56250 12.47090 14.48380 15.91240 16.12570 16.05260 15.57130 15.69370 14.81830 14.93610 15.24140 14.64410 14.35300 14.35080 14.17190 13.76440 13.35780 12.53920 11.32590 11.19830 10.97570 11.14700 13.00690 13.09090 12.06770 11.32770 10.59700 9.47039 9.13447 9.89959 10.37450 9.04706 9.79586 10.15510 10.51360 11.17100 10.15890 11.35320 12.13510 12.92070 13.20870 14.27730 14.64970 14.52150 14.28820 13.55750 12.34820 12.73040 12.91580 12.99600 12.69160
10.96640 10.69470 10.72820 11.15480 11.97510 12.20850 12.42940 12.55200 12.75920 11.46200 10.06090 10.75070 11.84890 11.75980 10.55600 10.04780 9.77066 8.26991 9.28800 10.49160 11.99590 13.10810 12.81140 12.82720 13.75100 15.57510 15.60100 15.31450 14.63940 15.05890 14.77630 15.78040 15.17010 14.46860 13.37870 13.35890 11.95240 12.73180 11.10870 9.58915 10.65890 10.72330 9.50219 10.27120 11.53980 11.40470 11.09710 11.17860 10.44400 9.81387 11.07910 11.54200 11.72550 11.98320 11.84080 11.69730 11.17950 11.87390 11.37240 12.66870 12.85040 13.24710 13.73410 14.31790 14.60080 14.28980 13.95810 13.04830 12.22890 12.31230 12.70740 12.88770
9.77889 9.11931 9.04499 10.17900 10.72470 11.65060 12.08200 13.02300 12.02950 12.02140 11.22410 9.31579 10.31400 11.79930 12.01780 10.61400 9.71685 8.72310 8.92798 9.93563 10.53980 11.23810 12.34190 12.96000 14.09330 13.90940 15.02270 15.65210 14.88020 15.78810 14.90950 15.39990 13.38980 12.77850 13.85210 12.54040 11.11920 11.39570 11.67030 10.25250 9.71850 9.57884 10.24350 10.30980 10.57790 10.83570 10.72320 10.91950 10.30360 10.37150 10.15180 10.51910 10.39150 10.45200 10.81790 11.08500 12.27030 12.98240 13.68270 14.06890 13.77520 13.67750 13.87690 14.05900 14.35080 14.14240 13.81920 12.21490 11.50070 11.39480 11.88700 12.37590
11.09790 8.94430 8.79004 8.92600 10.85700 11.21030 12.54340 12.49610 13.20560 14.09340 13.08990 11.88740 10.08120 10.58950 10.78360 10.18390 10.98300 10.58400 10.97910 8.99050 10.67690 11.77810 12.46720 13.19700 12.92670 12.15730 13.97550 15.19250 15.81020 14.12700 14.75160 14.53930 13.00510 11.98090 13.25410 12.33120 11.60540 10.37110 10.54420 10.51290 10.07060 10.43630 10.20780 10.66930 10.33230 11.69130 11.17790 10.76040 10.74820 10.93200 10.72170 11.18870 11.86570 11.64160 12.30550 12.27560 12.77790 13.58620 13.89420 13.90320 13.69850 13.68550 13.57780 12.07880 12.58510 12.27520 12.36640 11.87930 12.57470 12.25870 12.15290 12.34100
11.13470 9.37218 8.42604 8.47530 7.60995 8.66270 10.81160 11.16710 11.58960 12.67870 11.57470 12.05840 11.06230 9.34785 10.25940 11.46030 11.75200 11.14910 11.34550 11.63400 10.53040 10.82560 12.21950 13.52570 14.75910 14.09310 14.82260 16.63860 15.77110 15.57580 14.89400 13.85490 13.12280 12.19240 11.75030 12.21140 11.08440 9.85213 9.12385 10.48620 10.64620 10.21210 11.56230 12.11790 12.57140 13.53560 14.01940 13.80740 13.88540 13.87630 13.86730 13.76140 13.14700 12.61970 12.59340 12.97210 13.69460 13.78910 13.80680 13.50310 13.68790 12.60190 11.29870 10.51640 11.11530 10.92810 11.30680 11.94110 12.33890 12.12800 12.21940 11.51220
11.67510 9.82644 10.07940 8.60815 8.45204 6.70218 8.24853 9.90697 9.22963 9.11081 9.71388 10.40580 9.30531 9.59939 10.50050 10.30150 10.69090 11.67810 11.77670 11.36930 10.56210 9.36205 11.74550 13.36430 13.88970 12.72410 13.76270 14.08940 13.19770 14.40770 14.60750 13.17320 12.54050 11.61290 11.88010 11.34590 11.50810 10.34880 10.03960 11.09910 12.74970 12.00290 12.95570 14.51510 14.47130 14.12550 13.81400 12.89630 13.47710 -9999 -9999 13.93640 13.72710 14.02260 13.21930 13.20120 13.61760 13.41640 12.91670 12.91210 11.62060 10.53610 9.44422 10.05870 9.36743 9.09192 8.89540 11.21270 12.00870 11.89250 12.88470 11.76920
11.27920 10.50680 9.64888 9.46508 9.79401 8.03071 9.87675 9.10443 8.42343 8.12661 9.12460 8.71419 8.51319 9.60715 10.21290 9.32413 10.41060 11.21070 10.29960 10.80010 11.58950 11.48640 11.27680 9.79575 11.42580 11.57460 12.68850 12.61630 13.01850 12.53180 13.93900 13.00430 11.78830 11.45900 11.31980 10.80130 12.75560 14.22900 -9999 -9999 -9999 -9999 15.40180 -9999 13.10150 11.44330 12.53980 12.81940 14.51070 -9999 -9999 13.17190 13.15690 13.46060 13.45520 13.75490 13.36150 12.87360 12.18590 11.98090 11.49430 10.90220 10.61120 11.53070 8.64318 8.44888 9.16347 11.87500 12.46520 12.96200 14.03140 -9999
11.47050 10.79190 9.80705 10.02860 11.33390 9.06446 9.96912 11.40540 10.92320 10.82240 10.52560 9.52139 9.12019 9.72050 11.32320 10.23370 9.82730 9.52692 9.91404 9.51165 10.91200 10.71640 11.11230 10.62270 11.35710 11.18740 11.21370 11.73650 12.25150 12.05040 11.95360 11.53640 11.62130 10.60320 11.96940 12.74250 -9999 -9999 -9999 -9999 -9999 -9999 -9999 13.98690 13.53400 13.46680 -9999 -9999 -9999 -9999 -9999 14.09400 13.48800 11.88860 12.39780 11.80560 12.40870 12.92430 12.13300 13.14200 13.14500 12.46600 11.77150 12.58570 12.79780 11.81050 10.12400 12.24690 14.04170 -9999 -9999 -9999
