data/hydroclimate-scenarios/BCSD_hadcm_B1/monthly_summaries/tavg_monthly_avg_jan.2030-2059.asc
ncols	311
nrows	91
xllcenter	102.75
yllcenter	31.75
cellsize	0.5
NODATA_value	-9999
[rows 0 to 30 of 91, columns 210 to 279 of 311]
-9999 -9999 -9999 -9999 -9999 -9999 -9999 -9999 -9999 -9999 -9999 -9999 -9999 -9999 -9999 -9999 -9999 -9999 -9999 -9999 -9999 -9999 -9999 -9999 -9999 -9999 -9999 -9999 -9999 -9999 -9999 -9999 -9999 -9999 -9999 -9999 -9999 -9999 -9999 -9999 -9999 -9999 -9999 -9999 -9999 -9999 -9999 -9999 -9999 -9999 -9999 -9999 -9999 -9999 -9999 -9999 -9999 -9999 -9999 -9999 -9999 -9999 -9999 -9999 -9999 -9999 -9999 -9999 -9999 -9999
-9999 -9999 -9999 -9999 -9999 -9999 -9999 -9999 -9999 -9999 -9999 -9999 -9999 -9999 -9999 -9999 -9999 -9999 -9999 -9999 -9999 -9999 -9999 -9999 -9999 -9999 -9999 -9999 -9999 -9999 -9999 -9999 -9999 -9999 -9999 -9999 -9999 -9999 -9999 -9999 -9999 -9999 -9999 -9999 -9999 -9999 -9999 -9999 -9999 -9999 -9999 -9999 -9999 -9999 -9999 -9999 -9999 -9999 -9999 -9999 -9999 -9999 -9999 -9999 -9999 -9999 -9999 -9999 -9999 -9999
-9999 -9999 -9999 -9999 -9999 -9999 -9999 -9999 -9999 -9999 -9999 -9999 -9999 -9999 -9999 -9999 -9999 -9999 -9999 -9999 -9999 -9999 -9999 -9999 -9999 -9999 -9999 -9999 -9999 -9999 -9999 -9999 -9999 -9999 -9999 -9999 -9999 -9999 -9999 -9999 -9999 -9999 -9999 -9999 -9999 -9999 -9999 -9999 -9999 -9999 -9999 -9999 -9999 -9999 -9999 -9999 -9999 -9999 -9999 -9999 -9999 -9999 -9999 -9999 -9999 -9999 -9999 -9999 -9999 -9999
-9999 -9999 -9999 -9999 -9999 -9999 -9999 -9999 -9999 -9999 -9999 -9999 -9999 -9999 -9999 -9999 -9999 -9999 -9999 -9999 -9999 -9999 -9999 -9999 -9999 -9999 -9999 -9999 -9999 -9999 -9999 -9999 -9999 -9999 -9999 -9999 -9999 -9999 -9999 -9999 -9999 -9999 -9999 -9999 -9999 -9999 -9999 -9999 -9999 -9999 -9999 -9999 -9999 -9999 -9999 -9999 -9999 -9999 -9999 -9999 -9999 -9999 -9999 -9999 -9999 -9999 -9999 -9999 -9999 -9999
-9999 -9999 -9999 -9999 -9999 -9999 -9999 -9999 -9999 -9999 -9999 -9999 -9999 -9999 -9999 -9999 -9999 -9999 -9999 -9999 -9999 -9999 -9999 -9999 -9999 -9999 -9999 -9999 -9999 -9999 -9999 -9999 -9999 -9999 -9999 -9999 -9999 -9999 -9999 -9999 -9999 -9999 -9999 -9999 -9999 -9999 -9999 -9999 -9999 -9999 -9999 -9999 -9999 -9999 -9999 -9999 -9999 -9999 -9999 -9999 -9999 -9999 -9999 -9999 -9999 -9999 -9999 -9999 -9999 -9999
-9999 -9999 -9999 -9999 -9999 -9999 -9999 -9999 -9999 -9999 -9999 -9999 -9999 -9999 -9999 -9999 -9999 -9999 -9999 -9999 -9999 -9999 -9999 -9999 -9999 -9999 -9999 -9999 -9999 -9999 -9999 -9999 -9999 -9999 -9999 -9999 -9999 -9999 -9999 -9999 -9999 -9999 -9999 -9999 -9999 -9999 -9999 -9999 -9999 -9999 -9999 -9999 -9999 -9999 -9999 -9999 -9999 -9999 -9999 -9999 -9999 -9999 -9999 -9999 -9999 -9999 -9999 -9999 -9999 -9999
-9999 -9999 -9999 -9999 -9999 -9999 -9999 -9999 -9999 -9999 -9999 -9999 -9999 -9999 -9999 -9999 -9999 -9999 -9999 -9999 -9999 -9999 -9999 -9999 -9999 -9999 -9999 -9999 -9999 -9999 -9999 -9999 -9999 -9999 -9999 -9999 -9999 -9999 -9999 -9999 -9999 -9999 -9999 -9999 -9999 -9999 -9999 -9999 -9999 -9999 -9999 -9999 -9999 -9999 -9999 -9999 -9999 -9999 -9999 -9999 -9999 -9999 -9999 -9999 -9999 -9999 -9999 -9999 -9999 -9999
-9999 -9999 -9999 -9999 -9999 -9999 -9999 -9999 -9999 -9999 -9999 -9999 -9999 -9999 -9999 -9999 -9999 -9999 -9999 -9999 -9999 -9999 -9999 -9999 -9999 -9999 -9999 -9999 -9999 -9999 -9999 -9999 -9999 -9999 -9999 -9999 -9999 -9999 -9999 -9999 -9999 -9999 -9999 -9999 -9999 -9999 -9999 -9999 -9999 -9999 -9999 -9999 -9999 -9999 -9999 -9999 -9999 -9999 -9999 -9999 -9999 -9999 -9999 -9999 -9999 -9999 -9999 -9999 -9999 -9999
-9999 -9999 -9999 -9999 -9999 -9999 -9999 -9999 -9999 -9999 -9999 -9999 -9999 -9999 -9999 -9999 -9999 -9999 -9999 -9999 -9999 -9999 -9999 -9999 -9999 -9999 -9999 -9999 -9999 -9999 -9999 -9999 -9999 -9999 -9999 -9999 -9999 -9999 -9999 -9999 -9999 -9999 -9999 -9999 -9999 -9999 -9999 -9999 -9999 -9999 -9999 -9999 -9999 -9999 -9999 -9999 -9999 -9999 -9999 -9999 -9999 -9999 -9999 -9999 -9999 -9999 -9999 -9999 -9999 -9999
-9999 -9999 -9999 -9999 -9999 -9999 -9999 -9999 -9999 -9999 -9999 -9999 -9999 -9999 -9999 -9999 -9999 -9999 -9999 -9999 -9999 -9999 -9999 -9999 -9999 -9999 -9999 -9999 -9999 -9999 -9999 -9999 -9999 -9999 -9999 -9999 -9999 -9999 -9999 -9999 -9999 -9999 -9999 -9999 -9999 -9999 -9999 -9999 -9999 -9999 -9999 -9999 -9999 -9999 -9999 -9999 -9999 -9999 -9999 -9999 -9999 -9999 -9999 -9999 -9999 -9999 -9999 -9999 -9999 -9999
-9999 -9999 -9999 -9999 -9999 -9999 -9999 -9999 -9999 -9999 -9999 -9999 -9999 -9999 -9999 -9999 -9999 -9999 -9999 -9999 -9999 -9999 -9999 -9999 -9999 -9999 -9999 -9999 -9999 -9999 -9999 -9999 -9999 -9999 -9999 -9999 -9999 -9999 -9999 -9999 -9999 -9999 -9999 -9999 -9999 -9999 -9999 -9999 -9999 -9999 -9999 -9999 -9999 -9999 -9999 -9999 -9999 -9999 -9999 -9999 -9999 -9999 -9999 -9999 -9999 -9999 -9999 -9999 -9999 -9999
-9999 -9999 -9999 -9999 -9999 -9999 -9999 -9999 -9999 -9999 -9999 -9999 -9999 -9999 -9999 -9999 -9999 -9999 -9999 -9999 -9999 -9999 -9999 -9999 -9999 -9999 -9999 -9999 -9999 -9999 -9999 -9999 -9999 -9999 -9999 -9999 -9999 -9999 -9999 -9999 -9999 -9999 -9999 -9999 -9999 -9999 -9999 -9999 -9999 -9999 -9999 -9999 -9999 -9999 -9999 -9999 -9999 -9999 -9999 -9999 -9999 -9999 -9999 -9999 -9999 -9999 -9999 -9999 -9999 -9999
-9999 -9999 -9999 -9999 -9999 -9999 -9999 -9999 -9999 -9999 -9999 -9999 -9999 -9999 -9999 -9999 -9999 -9999 -9999 -9999 -9999 -9999 -9999 -9999 -9999 -9999 -9999 -9999 -9999 -9999 -9999 -9999 -9999 -9999 -9999 -9999 -9999 -9999 -9999 -9999 -9999 -9999 -9999 -9999 -9999 -9999 -9999 -9999 -9999 -9999 -9999 -9999 -9999 -9999 -9999 -9999 -9999 -9999 -9999 -9999 -9999 -9999 -9999 -9999 -9999 -9999 -9999 -9999 -9999 -9999
-26.35470 -26.11140 -26.08890 -26.10110 -26.01060 -26.07450 -26.08290 -25.96900 -25.91360 -9999 -9999 -9999 -9999 -9999 -9999 -9999 -9999 -9999 -9999 -9999 -9999 -9999 -9999 -9999 -9999 -9999 -9999 -9999 -9999 -9999 -9999 -9999 -9999 -9999 -9999 -9999 -9999 -9999 -9999 -9999 -9999 -9999 -9999 -9999 -9999 -9999 -9999 -9999 -9999 -9999 -26.76160 -9999 -9999 -9999 -9999 -9999 -9999 -9999 -9999 -9999 -9999 -9999 -9999 -9999 -9999 -9999 -9999 -9999 -9999 -9999
-27.54210 -27.57610 -27.68630 -27.19890 -26.71240 -26.46090 -26.17960 -25.98700 -25.72430 -25.56620 -25.31930 -24.93040 -24.50460 -23.51590 -23.06190 -22.82030 -23.17210 -23.39360 -23.32570 -23.10480 -23.00030 -21.00330 -9999 -9999 -9999 -9999 -9999 -9999 -9999 -9999 -9999 -9999 -9999 -9999 -9999 -9999 -9999 -9999 -9999 -9999 -9999 -9999 -9999 -9999 -9999 -27.45390 -26.89480 -27.18910 -27.77850 -28.08690 -27.62270 -26.66290 -9999 -9999 -9999 -25.77080 -9999 -9999 -9999 -25.12100 -24.99770 -24.65710 -9999 -9999 -9999 -9999 -9999 -9999 -9999 -9999
-26.78700 -27.03310 -27.03270 -26.80980 -26.58660 -25.61320 -25.12880 -24.97790 -24.71520 -23.86920 -23.17630 -22.84890 -22.97560 -22.70220 -22.88730 -22.84060 -23.15580 -23.48060 -22.71890 -22.38130 -22.38200 -23.54450 -23.96950 -23.85760 -24.00800 -23.66210 -23.56520 -23.96770 -9999 -9999 -9999 -9999 -9999 -25.76710 -26.03810 -26.02150 -25.79500 -25.85590 -25.55280 -25.66300 -25.86210 -26.07160 -26.36930 -26.25530 -26.39820 -28.00340 -27.81430 -28.10790 -27.90700 -28.31830 -28.34550 -26.73500 -26.61800 -26.50050 -26.38890 -26.06620 -25.84570 -25.70750 -25.79160 -25.57800 -25.75190 -26.00600 -25.58380 -25.15960 -25.03260 -25.53570 -25.73420 -9999 -9999 -9999
-25.09800 -24.98080 -24.35230 -23.65380 -22.89290 -22.27750 -21.96040 -22.62960 -22.29910 -22.02220 -22.73450 -22.72290 -22.84900 -23.18510 -23.42890 -23.56520 -23.55370 -23.07690 -22.52590 -22.26290 -21.97890 -23.40080 -23.40140 -23.91230 -24.21910 -23.87360 -24.54220 -24.90010 -25.21390 -25.12870 -25.43590 -25.53440 -25.80390 -25.77830 -26.06170 -26.24600 -26.33360 -26.41190 -26.09070 -26.09260 -26.40070 -26.51880 -26.69590 -26.59270 -26.70620 -26.71760 -26.81760 -26.88950 -26.85880 -27.10050 -27.05680 -26.97570 -26.99820 -26.91470 -26.74290 -26.45260 -26.35090 -26.16640 -26.14460 -25.92080 -25.70750 -25.48810 -25.36510 -25.33240 -25.50960 -25.99550 -26.67710 -26.77060 -26.87030 -26.99060
-22.78940 -22.74190 -22.80830 -23.04630 -22.99560 -22.79390 -22.77440 -22.81060 -23.42210 -23.10950 -23.68470 -23.51410 -24.36280 -25.23990 -25.43210 -23.06910 -21.69600 -21.28070 -21.49700 -21.17250 -21.71160 -22.48070 -22.80790 -23.29450 -23.45170 -23.02490 -23.59770 -24.65060 -25.37400 -26.09520 -26.51520 -26.93260 -27.09300 -26.78870 -26.35690 -26.51240 -26.58100 -26.64700 -26.63200 -26.52740 -26.50500 -26.55720 -26.67090 -26.85200 -27.01900 -27.10140 -27.07690 -27.05400 -27.23230 -27.29900 -27.19520 -27.15220 -27.10380 -27.05150 -26.80130 -26.64860 -26.58850 -26.60010 -26.39060 -26.27020 -26.06220 -25.93440 -25.81480 -25.90210 -25.99240 -26.66940 -26.94180 -26.90020 -26.96890 -27.32290
-24.54820 -24.97350 -25.17220 -24.66150 -23.82760 -23.73170 -23.52070 -23.54170 -23.69380 -23.96900 -23.77400 -23.85770 -25.20100 -24.50310 -22.93970 -20.71470 -21.19370 -20.39250 -20.63870 -21.93070 -22.57180 -22.78170 -23.15250 -22.98690 -23.19560 -23.05150 -23.26270 -24.41670 -25.24170 -25.87070 -27.08670 -27.52170 -27.82200 -27.39760 -26.88220 -27.05110 -26.92070 -26.77540 -26.54850 -26.78280 -26.77670 -26.69210 -26.90250 -27.07470 -27.25880 -27.23230 -27.42280 -27.50710 -27.47160 -27.47040 -27.42150 -27.21980 -27.12050 -27.11230 -27.18320 -26.96330 -26.91580 -26.86560 -26.74410 -26.51400 -26.48520 -26.38350 -26.25040 -26.25090 -26.43420 -26.90000 -27.02840 -27.07440 -27.38490 -27.45810
-25.03000 -24.85890 -25.08160 -25.55200 -25.64740 -24.56630 -24.14660 -23.27360 -23.06580 -23.46550 -23.48710 -24.33470 -25.08110 -25.10140 -25.17270 -25.13550 -26.28920 -25.74230 -24.96560 -24.49970 -23.86850 -21.88390 -22.30180 -22.97830 -23.09240 -23.71070 -24.39930 -25.35460 -25.54910 -25.68760 -26.08720 -26.71360 -27.90760 -27.47460 -27.44940 -27.40960 -27.17250 -27.04040 -26.71040 -26.87550 -26.85160 -26.94610 -27.02260 -27.07480 -27.37180 -27.64090 -27.83000 -27.71440 -27.77110 -27.54020 -27.43170 -27.36620 -27.16090 -27.08820 -27.08550 -26.94730 -27.02690 -27.07050 -26.93940 -26.71330 -26.59030 -26.60550 -26.69460 -26.68680 -26.85660 -27.02980 -27.15090 -27.28600 -27.48980 -27.53530
-24.91860 -23.36230 -23.15320 -23.97160 -24.54100 -23.83190 -22.03560 -21.00600 -21.28610 -23.35900 -25.28600 -26.88660 -27.23570 -27.45350 -27.55120 -27.88960 -29.55410 -29.93890 -28.40120 -25.17770 -24.07100 -21.81150 -22.40390 -23.26530 -24.33480 -24.72120 -25.44610 -26.10610 -26.08490 -26.16500 -26.44890 -27.03230 -27.82210 -28.25980 -27.59150 -27.43820 -27.20260 -27.14050 -27.01930 -26.88690 -26.95160 -27.01910 -27.19840 -27.23920 -27.37050 -27.53200 -28.08480 -28.14690 -27.99840 -27.75230 -27.43410 -27.19000 -27.09220 -27.17940 -27.07400 -26.93710 -26.98880 -27.05280 -26.82590 -26.81040 -26.79910 -26.66120 -26.57320 -26.76140 -26.75150 -26.81090 -26.97150 -27.22070 -27.35560 -27.52220
-22.98100 -22.37260 -22.88380 -24.29940 -24.81080 -24.92380 -24.66960 -24.29780 -24.69700 -25.68230 -26.25320 -26.50740 -25.67760 -24.97290 -24.75150 -25.05570 -26.46780 -26.01710 -24.18990 -22.00490 -22.14450 -21.24500 -22.04500 -23.51610 -25.02540 -26.08270 -26.23180 -26.47020 -26.48490 -26.63190 -26.89230 -27.54170 -27.89530 -28.52010 -28.12880 -27.85440 -27.30170 -27.03400 -27.11390 -27.08780 -26.92280 -27.09090 -26.94600 -27.27620 -27.40310 -27.63440 -27.74800 -28.16910 -27.91100 -27.45940 -27.20630 -26.89030 -26.90380 -26.97750 -26.85650 -26.71430 -26.74860 -26.80170 -26.66260 -26.75390 -26.75710 -26.64980 -26.63650 -26.43320 -26.63880 -26.70090 -26.96920 -27.32690 -27.21070 -27.59590
-21.52430 -21.92910 -22.63010 -23.44340 -25.13290 -25.62910 -25.90830 -23.89120 -20.98850 -19.56440 -19.17930 -19.61860 -19.57980 -19.12760 -19.61760 -22.15050 -25.55940 -22.80930 -21.02880 -19.04310 -19.64230 -21.24190 -22.02440 -23.63610 -25.46500 -26.40900 -26.71620 -27.36500 -27.13440 -27.61600 -27.94340 -27.85720 -27.88150 -27.89830 -27.78370 -27.68920 -27.81600 -27.76110 -27.52820 -27.78200 -27.82700 -27.55930 -27.52470 -27.53500 -27.44980 -27.24920 -27.36270 -27.54430 -27.44770 -27.05400 -26.99540 -26.75740 -26.71910 -26.68860 -26.75310 -26.59490 -26.82300 -26.77650 -26.92910 -27.02210 -27.02440 -26.72170 -26.61160 -26.70000 -26.69340 -27.07620 -27.15960 -27.36060 -27.46130 -28.06700
-21.06190 -20.97090 -21.94440 -21.09350 -20.16880 -19.91000 -21.36490 -20.31650 -18.47400 -17.51020 -17.13810 -18.03070 -18.70730 -18.13060 -17.94740 -17.93450 -19.50450 -19.13850 -18.86210 -19.46950 -19.90530 -21.39520 -22.58330 -24.05000 -25.80870 -26.43270 -26.80090 -27.63620 -28.18380 -28.42510 -28.67990 -28.77350 -28.67660 -28.57220 -28.03310 -28.09730 -28.32800 -28.65000 -28.70960 -28.85470 -28.61210 -28.46240 -28.19360 -28.30370 -28.27460 -27.86890 -27.65120 -27.53400 -27.42970 -26.50890 -26.21440 -25.96330 -26.11250 -26.09440 -26.22610 -26.45880 -26.59670 -26.63520 -26.97910 -26.98030 -26.56330 -26.57110 -27.06850 -27.16250 -27.06160 -27.25800 -27.47140 -27.58970 -27.71740 -28.16490
-19.14170 -20.28840 -20.83700 -21.56490 -21.86230 -21.13600 -20.76710 -20.01840 -19.76440 -20.66900 -21.20130 -19.46140 -20.02150 -18.39080 -17.54200 -16.78740 -16.58060 -16.43780 -17.67190 -19.13670 -19.33630 -22.18680 -22.75310 -23.67220 -25.80420 -26.65030 -27.47700 -28.10080 -28.54610 -29.18410 -29.13090 -29.28730 -29.26390 -29.25220 -29.11680 -28.90100 -28.81780 -29.17900 -29.03460 -29.06280 -29.11360 -28.83570 -28.59170 -28.48590 -28.45850 -28.05350 -28.03580 -27.81120 -27.59410 -27.16690 -26.87210 -26.10480 -25.64440 -25.79560 -25.90880 -26.05220 -26.56650 -26.69920 -26.84900 -26.93910 -26.93270 -26.75390 -26.75800 -26.96180 -27.26990 -27.59320 -27.63140 -27.37200 -27.41170 -27.65180
-18.28950 -18.02660 -19.08850 -19.80110 -19.31820 -18.72520 -18.60440 -18.23340 -18.01760 -17.72030 -17.32940 -18.02280 -19.90300 -20.12020 -19.58750 -18.41320 -17.59170 -17.16010 -18.12800 -20.67250 -23.02850 -22.63320 -23.28410 -24.14320 -24.40950 -25.62140 -26.11330 -27.36540 -28.02220 -28.58680 -28.84590 -28.80610 -28.56790 -28.26320 -28.03870 -28.03470 -27.77710 -28.23920 -28.18300 -28.15830 -28.22390 -27.96050 -27.89200 -27.89350 -27.78890 -27.38330 -27.26420 -26.85640 -26.74130 -26.52320 -26.23740 -25.87690 -25.61800 -25.62110 -25.62760 -25.75400 -26.48120 -26.88840 -27.04460 -27.04830 -26.97700 -26.78240 -26.80250 -27.02470 -27.06450 -27.21230 -27.25340 -27.28650 -27.61650 -27.74090
-18.81900 -18.83660 -18.21480 -16.71550 -15.32810 -15.35810 -15.89690 -15.79930 -16.75620 -17.67790 -18.48700 -18.74550 -18.90590 -19.17120 -19.68250 -22.42440 -23.01410 -20.64380 -18.39070 -20.11970 -22.13630 -22.48630 -23.47950 -23.94350 -24.16040 -24.70060 -25.25420 -26.24350 -26.69780 -27.07680 -27.74810 -27.51910 -26.98710 -26.66340 -26.57800 -26.47430 -26.64040 -26.31120 -26.39630 -27.04270 -27.04170 -27.06870 -27.10480 -26.79300 -26.59190 -26.61110 -26.39420 -26.19350 -25.80730 -25.58460 -25.81310 -25.65490 -25.33610 -25.44840 -25.45250 -25.75630 -25.87090 -26.47940 -26.85680 -27.04450 -26.88830 -26.92000 -26.95710 -26.72020 -26.96930 -27.02080 -27.07080 -27.19120 -27.20220 -27.42930
-16.71690 -15.57780 -16.20950 -16.77010 -15.82180 -16.35270 -17.81010 -16.38540 -17.16860 -17.75250 -18.36640 -18.50310 -18.23000 -18.29470 -18.99340 -19.91970 -21.30890 -21.57110 -23.58320 -23.98650 -23.01100 -22.05880 -22.65850 -23.34720 -23.29040 -23.99550 -24.40750 -25.65990 -26.42820 -27.02410 -27.23550 -26.93040 -26.31650 -26.10920 -25.98660 -25.73420 -25.61370 -26.00090 -26.10220 -26.03450 -26.04600 -26.17850 -26.21130 -25.90100 -25.81550 -25.73920 -25.24480 -25.05620 -24.86930 -25.16660 -25.20090 -24.84970 -24.85850 -25.07570 -25.27680 -25.58090 -25.68090 -25.97270 -26.66060 -26.67800 -26.73650 -26.60170 -26.56360 -26.73130 -26.79100 -26.64590 -26.57090 -26.68120 -26.73030 -27.07060
-15.76530 -16.31500 -17.34780 -15.73780 -12.83360 -15.03450 -17.62040 -16.94120 -17.79720 -18.94730 -19.87620 -19.60130 -19.90590 -20.40270 -20.35630 -20.18150 -19.21940 -18.89130 -18.86610 -20.14150 -23.39210 -20.24730 -20.76930 -21.33660 -22.46520 -23.37030 -24.02780 -25.37300 -26.25470 -26.54460 -26.53260 -26.21810 -25.41550 -24.52090 -24.31950 -24.34430 -24.88260 -25.30040 -25.08820 -25.14500 -25.34430 -25.37090 -25.02150 -25.22700 -24.94750 -24.97570 -24.48950 -24.20510 -23.93200 -24.24800 -24.68140 -24.58810 -24.79510 -24.89420 -24.99970 -24.90530 -25.09430 -25.50090 -25.48350 -25.93740 -26.21410 -25.99380 -26.26230 -26.13480 -26.10070 -26.15980 -26.07220 -26.21220 -26.44470 -26.59200
-12.80780 -11.43940 -11.82420 -11.15200 -11.60600 -14.63890 -16.17600 -17.73270 -17.72090 -19.03220 -20.86600 -21.66630 -21.13720 -20.78410 -20.92490 -18.76100 -19.92520 -20.64730 -19.87390 -20.36530 -19.57520 -20.95610 -21.06390 -20.39010 -20.88310 -21.47210 -23.12170 -24.18120 -25.05850 -25.53490 -25.91110 -25.30840 -24.33500 -23.74160 -23.72220 -23.56210 -24.14580 -24.33960 -24.58420 -24.20540 -24.43280 -24.26440 -24.10210 -24.10820 -23.99310 -23.91090 -24.00630 -23.30860 -23.21780 -23.21840 -23.45580 -23.99590 -24.11050 -24.19720 -24.12250 -24.22290 -24.42660 -24.67350 -24.58390 -25.11490 -25.28580 -25.46970 -25.75000 -25.82500 -26.19800 -26.23250 -26.17320 -26.11330 -25.95190 -25.88520
-13.01250 -9.68398 -11.41920 -12.33920 -13.97350 -11.41660 -10.82490 -13.19390 -15.09880 -16.19410 -18.54200 -19.22540 -18.62730 -18.96780 -20.04140 -18.94950 -18.27070 -19.95740 -21.05260 -20.62620 -19.94220 -21.26970 -20.81880 -20.75940 -20.93020 -21.41060 -22.63790 -23.80970 -24.42850 -24.48400 -24.20550 -24.19630 -23.60090 -23.02160 -22.54860 -22.22270 -22.79180 -23.08220 -23.29790 -23.48890 -23.41300 -23.04290 -22.65510 -22.82200 -22.62890 -22.30750 -22.25540 -21.70990 -21.15160 -21.52750 -21.75270 -21.79160 -21.53590 -21.76940 -22.06490 -22.54880 -22.76060 -23.25490 -23.25290 -23.63060 -24.24830 -24.26250 -24.58360 -24.49710 -24.41000 -24.70390 -24.59180 -24.58530 -24.71830 -25.06560
