data/hydroclimate-scenarios/BCSD_hadcm_B1/monthly_summaries/tavg_monthly_avg_apr.2070-2099.asc
ncols	311
nrows	91
xllcenter	102.75
yllcenter	31.75
cellsize	0.5
NODATA_value	-9999
[rows 0 to 31 of 91, columns 73 to 145 of 311]
-9999 -9999 -9999 -9999 -9999 -9999 -9999 -9999 -9999 -9999 -9999 -9999 -9999 -9999 -9999 -9999 -9999 -9999 -9999 -9999 -9999 -9999 -9999 -9999 -9999 -9999 -9999 -9999 -9999 -9999 -9999 -9999 -9999 -9999 -9999 -9999 -9999 -9999 -9999 -9999 -9999 -9999 -9999 -9999 -9999 -9999 -9999 -9999 -9999 -9999 -9999 -9999 -9999 -9999 -9999 -9999 -9999 -9999 -9999 -9999 -9999 -9999 -9999 -9999 -9999 -9999 -9999 -9999 -9999 -9999 -9999 -9999 -9999
-9999 -9999 -9999 -9999 -9999 -9999 -9999 -9999 -9999 -9999 -9999 -9999 -9999 -9999 -9999 -9999 -9999 -9999 -9999 -9999 -9999 -9999 -9999 -9999 -9999 -9999 -9999 -9999 -9999 -9999 -9999 -9999 -9999 -9999 -9999 -9999 -9999 -9999 -9999 -9999 -9999 -9999 -9999 -9999 -9999 -9999 -9999 -9999 -9999 -9999 -9999 -9999 -9999 -9999 -9999 -9999 -9999 -9999 -9999 -9999 -9999 -9999 -9999 -9999 -9999 -9999 -9999 -9999 -9999 -9999 -9999 -9999 -9999
-9999 -9999 -9999 -9999 -9999 -9999 -9999 -9999 -9999 -9999 -9999 -9999 -9999 -9999 -9999 -9999 -9999 -9999 -9999 -9999 -9999 -9999 -9999 -9999 -9999 -9999 -9999 -9999 -9999 -9999 -9999 -9999 -9999 -9999 -9999 -9999 -9999 -9999 -9999 -9999 -9999 -9999 -9999 -9999 -9999 -9999 -9999 -9999 -9999 -9999 -9999 -9999 -9999 -9999 -9999 -9999 -9999 -9999 -9999 -9999 -9999 -9999 -9999 -9999 -9999 -9999 -9999 -9999 -9999 -9999 -9999 -9999 -9999
-9999 -9999 -9999 -9999 -9999 -9999 -9999 -9999 -9999 -9999 -9999 -9999 -9999 -9999 -9999 -9999 -9999 -9999 -9999 -9999 -9999 -9999 -9999 -9999 -9999 -9999 -9999 -9999 -9999 -9999 -9999 -9999 -9999 -9999 -9999 -9999 -9999 -9999 -9999 -9999 -9999 -9999 -9999 -9999 -9999 -9999 -9999 -9999 -9999 -9999 -9999 -9999 -9999 -9999 -9999 -9999 -9999 -9999 -9999 -9999 -9999 -9999 -9999 -9999 -9999 -9999 -9999 -9999 -9999 -9999 -9999 -9999 -9999
-9999 -9999 -9999 -9999 -9999 -9999 -9999 -9999 -9999 -9999 -9999 -9999 -9999 -9999 -9999 -9999 -9999 -9999 -9999 -9999 -9999 -9999 -9999 -9999 -9999 -9999 -9999 -9999 -9999 -9999 -9999 -9999 -9999 -9999 -9999 -9999 -9999 -9999 -9999 -9999 -9999 -9999 -9999 -9999 -9999 -9999 -9999 -9999 -9999 -9999 -9999 -9999 -9999 -9999 -9999 -9999 -9999 -9999 -9999 -9999 -9999 -9999 -9999 -9999 -9999 -9999 -9999 -9999 -9999 -9999 -9999 -9999 -9999
-9999 -9999 -9999 -9999 -9999 -9999 -9999 -9999 -9999 -9999 -9999 -9999 -9999 -9999 -9999 -9999 -9999 -9999 -9999 -9999 -9999 -9999 -9999 -9999 -9999 -9999 -9999 -9999 -9999 -9999 -9999 -9999 -9999 -9999 -9999 -9999 -9999 -9999 -9999 -9999 -9999 -9999 -9999 -9999 -9999 -9999 -9999 -9999 -9999 -9999 -9999 -9999 -9999 -9999 -9999 -9999 -9999 -9999 -9999 -9999 -9999 -9999 -9999 -9999 -9999 -9999 -9999 -9999 -9999 -9999 -9999 -9999 -9999
-9999 -9999 -9999 -9999 -9999 -9999 -9999 -9999 -9999 -9999 -9999 -9999 -9999 -9999 -9999 -9999 -9999 -9999 -9999 -9999 -9999 -9999 -9999 -9999 -9999 -9999 -9999 -9999 -9999 -9999 -9999 -9999 -9999 -9999 -9999 -9999 -9999 -9999 -9999 -9999 -9999 -9999 -9999 -9999 -9999 -9999 -9999 -9999 -9999 -9999 -9999 -9999 -9999 -9999 -9999 -9999 -9999 -9999 -9999 -9999 -9999 -9999 -9999 -9999 -9999 -9999 -9999 -9999 -9999 -9999 -9999 -9999 -9999
-9999 -9999 -9999 -9999 -9999 -9999 -9999 -9999 -9999 -9999 -9999 -9999 -9999 -9999 -9999 -9999 -9999 -9999 -9999 -9999 -9999 -9999 -9999 -9999 -9999 -9999 -9999 -9999 -9999 -9999 -9999 -9999 -9999 -9999 -9999 -9999 -9999 -9999 -9999 -9999 -9999 -9999 -9999 -9999 -9999 -9999 -9999 -9999 -9999 -9999 -9999 -9999 -9999 -9999 -9999 -9999 -9999 -9999 -9999 -9999 -9999 -9999 -9999 -9999 -9999 -9999 -9999 -9999 -9999 -9999 -9999 -9999 -9999
-9999 -9999 -9999 -9999 -16.68610 -9999 -9999 -9999 -9999 -9999 -9999 -9999 -9999 -9999 -9999 -9999 -9999 -9999 -9999 -9999 -9999 -9999 -9999 -9999 -9999 -9999 -9999 -9999 -9999 -9999 -9999 -9999 -9999 -9999 -9999 -9999 -9999 -9999 -9999 -9999 -9999 -9999 -9999 -9999 -9999 -9999 -9999 -9999 -9999 -9999 -9999 -9999 -9999 -9999 -9999 -9999 -9999 -9999 -9999 -9999 -9999 -9999 -9999 -9999 -9999 -9999 -9999 -9999 -9999 -9999 -9999 -9999 -9999
-15.56060 -15.70210 -15.95610 -16.30330 -16.16550 -16.22040 -16.29110 -16.35780 -16.47050 -16.59360 -16.60370 -16.73610 -16.86450 -16.99010 -17.12310 -17.14310 -17.26230 -17.27660 -17.46930 -17.46500 -9999 -9999 -9999 -9999 -9999 -9999 -9999 -9999 -9999 -9999 -9999 -9999 -9999 -9999 -9999 -9999 -9999 -9999 -9999 -9999 -9999 -9999 -9999 -9999 -9999 -9999 -9999 -9999 -9999 -9999 -9999 -9999 -9999 -9999 -9999 -9999 -9999 -9999 -9999 -9999 -9999 -9999 -9999 -9999 -9999 -9999 -9999 -9999 -9999 -9999 -9999 -9999 -9999
-9999 -9999 -15.19710 -15.36290 -15.41360 -15.46840 -15.52930 -15.61080 -15.72870 -15.85490 -15.97010 -16.09430 -16.12850 -16.26420 -16.39970 -16.62670 -16.75060 -16.86620 -16.95800 -16.97610 -9999 -9999 -9999 -9999 -9999 -9999 -9999 -9999 -9999 -9999 -9999 -9999 -9999 -9999 -9999 -9999 -9999 -9999 -9999 -9999 -9999 -9999 -9999 -9999 -9999 -9999 -9999 -9999 -9999 -9999 -9999 -9999 -9999 -9999 -9999 -9999 -9999 -9999 -9999 -9999 -9999 -9999 -9999 -9999 -9999 -9999 -9999 -9999 -9999 -9999 -9999 -9999 -9999
-14.24220 -14.20380 -14.44970 -14.59580 -14.66760 -14.71850 -14.77660 -14.86420 -14.98130 -15.10930 -15.22840 -15.36080 -15.48570 -15.73280 -15.87160 -16.00800 -16.14130 -16.24030 -16.26230 -16.36210 -16.26480 -16.36240 -16.24350 -16.08890 -16.03390 -15.87500 -9999 -9999 -9999 -9999 -9999 -9999 -9999 -9999 -9999 -9999 -9999 -9999 -9999 -9999 -9999 -9999 -9999 -9999 -9999 -9999 -9999 -9999 -9999 -9999 -9999 -9999 -9999 -9999 -9999 -9999 -9999 -9999 -9999 -9999 -9999 -9999 -9999 -9999 -9999 -9999 -9999 -9999 -9999 -9999 -9999 -9999 -9999
-13.58700 -13.73300 -13.69020 -13.84790 -13.89750 -13.95600 -14.01730 -14.00650 -14.23380 -14.36850 -14.49300 -14.63330 -14.76910 -14.90240 -15.05170 -15.28560 -15.43030 -15.54150 -15.65090 -15.85090 -15.95810 -15.77040 -15.65550 -15.50340 -15.47540 -15.31720 -15.26960 -15.13640 -15.07150 -15.01050 -15.01410 -14.99690 -15.18250 -15.37910 -15.37860 -15.35600 -15.35620 -15.39650 -15.44830 -15.42910 -15.60360 -9999 -9999 -9999 -9999 -9999 -9999 -9999 -9999 -9999 -9999 -9999 -9999 -9999 -9999 -9999 -9999 -9999 -9999 -9999 -9999 -9999 -9999 -9999 -9999 -9999 -9999 -9999 -9999 -9999 -9999 -9999 -9999
-13.22370 -13.47620 -13.53380 -13.39000 -13.34660 -13.20520 -13.35970 -13.45770 -13.58580 -13.62100 -13.76010 -13.90040 -14.04660 -14.19150 -14.33030 -14.46520 -14.60830 -14.82650 -15.23250 -15.84200 -15.76030 -15.67610 -15.46240 -15.03960 -14.81900 -14.79850 -14.87370 -15.06140 -14.63930 -14.60720 -14.59830 -14.68540 -14.58940 -14.66770 -14.76410 -14.86190 -14.85180 -14.89070 -14.94540 -15.02480 -15.19920 -15.17300 -9999 -9999 -9999 -9999 -9999 -9999 -9999 -9999 -9999 -9999 -9999 -9999 -9999 -9999 -9999 -9999 -9999 -9999 -9999 -9999 -9999 -9999 -9999 -9999 -9999 -9999 -9999 -9999 -9999 -9999 -9999
-14.44420 -15.69430 -14.66910 -14.41610 -14.58340 -14.24460 -14.39880 -13.69510 -14.22080 -13.95060 -13.69510 -13.73640 -13.66850 -13.70770 -13.93890 -13.97030 -14.11630 -14.43240 -14.74590 -15.04190 -15.17610 -15.08330 -14.88840 -15.48430 -14.88090 -14.45600 -14.43670 -14.74090 -14.42960 -14.41740 -14.31360 -14.30630 -14.38440 -14.48420 -14.47710 -14.47000 -14.45350 -14.48870 -14.64600 -14.71960 -14.76140 -14.71860 -9999 -9999 -9999 -9999 -9999 -9999 -9999 -9999 -9999 -9999 -9999 -9999 -9999 -9999 -9999 -15.07680 -15.29890 -9999 -9999 -9999 -9999 -16.42620 -17.48690 -18.32530 -17.86320 -16.46220 -15.94550 -15.81580 -15.98090 -16.06020 -15.82100
-14.38290 -15.23350 -13.99870 -13.26890 -13.53190 -14.08920 -14.14720 -14.33310 -13.34960 -13.27060 -13.39490 -13.61480 -13.63420 -13.25410 -13.45910 -13.40350 -13.74790 -13.68050 -14.08470 -14.29950 -14.50350 -14.00730 -13.90240 -14.00560 -13.89810 -13.89740 -13.88980 -13.77920 -13.77590 -13.77620 -13.76750 -13.75670 -13.73220 -13.82060 -13.90800 -13.99400 -13.96750 -13.99530 -14.03720 -14.08380 -14.22620 -14.27440 -14.10720 -14.25490 -14.31410 -14.46360 -15.63460 -16.28850 -15.85230 -16.22630 -16.30850 -15.90110 -16.10560 -16.34980 -14.99550 -15.03940 -14.99450 -15.14440 -15.07670 -9999 -9999 -9999 -9999 -9999 -16.02070 -16.67630 -17.11320 -17.32150 -17.20730 -16.69150 -17.17210 -16.55780 -16.45320
-14.51400 -15.76260 -14.74150 -13.60270 -13.47460 -13.34040 -12.79950 -12.27470 -12.26740 -12.37450 -12.39150 -12.49230 -12.69160 -12.79350 -12.79460 -12.92550 -13.08030 -13.11250 -13.22140 -13.31990 -13.22640 -13.23130 -13.32600 -13.32090 -13.32330 -13.42280 -13.42590 -13.31880 -13.32310 -13.32160 -13.30790 -13.29180 -13.26580 -13.25400 -13.33800 -13.32780 -13.30270 -13.49320 -13.51770 -13.54970 -13.57020 -13.69580 -13.73630 -13.76410 -13.90760 -13.98220 -15.15720 -15.63640 -15.11700 -14.60220 -15.19960 -16.68780 -17.61780 -16.37230 -16.92240 -17.28620 -16.86170 -16.29800 -16.13590 -16.46130 -15.58120 -14.99840 -14.92590 -15.03930 -15.28130 -15.20120 -15.96060 -16.37100 -17.26810 -16.86580 -17.26230 -17.95690 -17.67260
-13.35030 -15.71140 -16.17870 -15.04570 -14.22510 -14.38390 -11.84760 -11.72140 -11.80200 -11.88120 -11.97850 -11.97290 -12.05670 -12.14980 -12.22830 -12.45750 -12.49310 -13.23390 -13.35890 -12.75720 -12.75760 -12.75560 -12.74820 -12.75260 -12.75020 -12.76110 -12.76020 -12.76470 -12.87240 -12.77630 -12.75430 -12.73610 -12.81670 -12.89310 -12.86130 -12.84250 -12.81860 -12.82580 -12.82290 -13.12760 -13.04420 -12.94900 -13.05190 -13.16260 -13.19060 -13.18970 -13.30430 -13.69380 -14.19540 -13.90210 -14.70060 -14.79100 -15.73430 -16.89570 -17.35670 -17.12560 -17.10160 -17.45170 -16.99850 -18.03890 -16.95850 -15.56870 -15.08390 -14.81470 -14.83500 -14.85030 -15.37660 -16.43370 -17.73960 -17.64540 -17.85260 -18.16010 -18.27240
-15.80810 -12.47790 -13.73630 -12.70500 -12.37390 -13.74240 -12.80950 -12.07760 -11.82410 -11.49820 -11.47220 -11.53880 -11.61750 -11.57950 -11.65880 -11.79060 -12.11380 -13.84370 -13.68200 -13.28420 -13.17110 -12.55990 -12.35900 -12.26540 -12.18730 -12.28790 -12.29780 -12.20770 -12.21790 -12.22320 -12.20680 -12.27560 -12.25340 -12.21230 -12.29440 -12.56110 -12.53660 -12.91010 -12.80160 -12.60280 -13.70170 -13.98850 -13.68450 -12.89690 -12.49920 -12.31420 -12.34270 -13.15150 -13.87310 -14.19250 -14.51730 -14.73110 -14.96190 -14.71000 -14.99610 -16.36810 -16.85320 -17.41450 -17.96130 -18.61100 -19.02730 -17.55010 -16.95390 -16.36260 -16.28120 -16.19520 -16.42730 -16.75310 -17.00530 -16.82350 -17.04180 -17.46250 -17.48350
-16.69650 -16.57470 -14.54550 -12.31930 -12.38620 -13.57070 -13.84530 -12.51300 -14.96350 -14.43190 -13.70560 -12.27400 -11.73600 -11.51670 -11.28700 -11.30640 -11.72460 -12.75500 -13.27740 -12.80110 -12.57850 -12.15880 -11.84970 -11.76460 -11.77250 -11.77660 -11.77560 -11.67980 -11.69540 -11.89980 -12.28740 -11.94980 -11.82750 -12.29560 -12.35140 -12.62960 -12.59000 -13.17860 -13.15710 -12.73430 -12.52520 -12.81180 -13.51360 -13.59650 -13.09740 -12.72980 -12.14680 -13.18380 -13.80210 -13.93080 -14.15570 -13.88260 -14.91140 -15.67980 -16.12920 -17.29760 -16.46930 -15.91610 -16.37490 -16.43240 -16.64340 -17.56600 -18.36240 -16.96500 -17.77760 -16.89040 -16.51420 -16.43590 -16.27060 -15.01790 -15.14030 -16.26980 -16.39250
-16.36090 -17.34970 -17.83240 -14.71210 -13.29450 -12.68250 -12.77170 -12.23860 -13.70490 -16.07640 -17.56600 -18.53900 -15.61760 -13.70420 -12.49630 -11.41110 -11.22260 -11.13710 -11.25500 -11.26880 -11.46020 -11.22610 -11.31360 -11.30920 -11.30380 -11.30200 -11.30570 -11.59690 -11.59970 -11.88700 -12.16490 -12.24790 -11.61840 -12.19340 -12.56320 -13.32470 -12.50490 -12.37590 -12.86260 -12.94450 -12.41640 -12.50700 -13.01060 -12.60250 -12.69650 -12.62020 -12.23560 -11.96480 -12.07410 -12.68540 -13.11600 -13.44150 -13.67410 -14.01430 -15.35390 -16.19210 -15.83500 -17.37780 -17.04000 -16.68490 -16.49150 -16.00130 -15.59130 -15.70440 -16.09950 -16.32140 -15.82680 -15.45370 -14.67110 -13.89180 -13.83960 -14.66300 -15.48300
-17.71510 -18.00670 -17.50470 -17.19930 -17.09190 -16.29240 -14.78740 -13.07870 -11.73970 -13.04030 -14.32650 -15.51090 -17.01650 -17.02080 -16.71610 -15.62360 -13.81960 -13.02800 -11.73170 -11.53520 -11.23250 -11.10780 -10.87300 -10.86020 -10.84830 -11.03500 -11.62660 -12.01920 -11.29400 -12.98280 -13.37340 -13.24830 -12.72790 -12.69850 -12.66950 -12.84270 -12.41570 -12.59400 -12.56740 -12.60050 -11.92070 -12.71250 -12.72450 -13.10370 -13.19330 -13.10840 -12.70760 -12.72280 -13.62320 -13.93980 -14.73520 -14.95840 -14.77120 -14.71230 -16.13800 -15.27340 -15.29380 -16.61520 -15.98610 -15.93100 -15.82930 -14.63700 -14.93500 -15.02830 -16.02820 -15.32900 -14.75370 -14.36200 -13.28130 -12.79940 -13.11350 -14.86670 -14.28710
-17.27340 -16.87790 -17.47820 -17.98100 -17.37960 -16.38660 -16.39410 -14.79840 -14.39310 -14.58570 -14.48760 -13.69350 -13.90470 -14.11420 -14.84490 -16.13890 -16.62530 -15.82060 -14.82190 -14.01120 -12.31160 -11.28180 -10.54830 -10.42450 -10.49040 -11.16900 -12.14740 -12.02450 -12.09840 -12.28020 -13.26280 -12.63630 -13.31630 -11.69660 -11.66770 -12.05850 -13.03050 -12.67630 -11.86330 -11.33230 -11.69800 -12.17860 -13.64360 -13.93320 -13.92250 -13.52330 -13.63680 -14.62910 -15.34080 -14.84320 -15.44450 -16.54640 -15.76740 -16.49240 -15.02050 -16.04920 -14.76580 -14.18080 -14.40250 -13.93960 -14.23950 -14.14530 -14.94750 -14.15950 -13.36180 -13.07000 -13.26570 -13.07130 -12.28660 -12.20750 -13.51810 -14.33510 -12.58700
-14.73200 -14.54000 -16.25440 -17.37680 -17.18640 -17.30070 -17.02640 -15.53320 -13.63380 -17.14720 -16.65730 -15.36460 -17.41000 -18.52370 -17.95700 -12.54530 -15.22720 -17.91650 -17.19750 -16.18370 -14.75700 -11.05150 -10.20540 -9.97909 -10.04810 -10.70070 -11.37210 -11.33760 -11.89300 -11.96230 -11.93490 -11.81310 -10.58690 -10.96970 -11.62890 -11.51330 -12.17460 -12.45230 -13.22180 -12.19100 -12.06490 -12.54140 -11.20390 -11.27480 -12.15790 -12.95570 -13.76670 -14.35640 -14.96050 -14.35720 -14.35150 -14.54640 -15.46150 -15.68700 -15.01500 -15.32440 -13.74150 -13.44390 -12.55780 -12.57090 -13.36470 -13.96050 -12.65600 -12.15860 -12.06490 -11.76930 -11.77460 -11.98400 -11.90190 -11.51200 -12.02180 -11.63780 -11.54620
-13.95770 -13.77640 -14.59740 -14.81900 -14.94180 -15.55750 -15.38250 -15.70230 -15.40320 -15.71260 -15.53340 -14.75210 -16.37890 -16.70960 -18.14640 -16.72700 -15.00990 -13.89710 -14.78230 -14.85940 -13.83850 -13.21510 -11.18200 -9.85266 -9.71116 -9.96461 -10.43090 -10.29040 -11.14070 -10.81960 -10.39430 -10.77930 -10.86610 -10.74490 -10.81800 -10.99900 -11.27600 -11.96680 -13.12710 -13.10250 -13.27270 -12.95700 -11.01920 -10.80240 -11.76140 -12.46410 -13.17620 -14.17470 -14.68300 -13.88310 -13.48710 -14.88250 -13.99970 -13.71060 -13.52290 -13.03280 -14.23170 -13.24290 -12.75060 -12.35460 -12.22530 -11.43350 -11.32600 -11.42520 -11.42890 -11.73700 -12.63120 -11.94520 -11.46230 -11.07650 -11.09340 -10.99790 -11.30750
-14.54280 -14.58270 -14.40830 -13.72800 -13.65230 -13.57310 -13.69530 -13.59690 -14.99340 -16.29260 -15.41570 -14.12210 -13.94620 -14.96730 -15.29270 -15.48160 -16.88160 -15.85460 -14.54120 -12.91410 -11.99160 -12.26320 -12.45410 -11.64960 -10.01800 -10.09410 -10.45670 -11.12670 -10.69870 -10.78330 -9.56346 -9.95530 -10.45270 -11.44280 -11.33310 -12.53310 -11.62230 -13.11220 -14.47920 -13.37210 -13.14680 -14.33430 -13.30610 -11.99030 -11.97230 -12.27040 -12.28110 -12.99870 -13.71010 -12.42190 -11.93150 -11.84030 -11.55640 -11.76690 -12.07100 -12.78410 -12.27560 -13.08650 -11.96540 -11.97590 -11.85290 -11.52940 -11.34610 -11.03940 -11.04690 -11.24660 -11.75750 -12.36840 -12.07620 -11.38370 -10.88570 -11.69610 -11.81660
-15.50070 -15.74660 -14.78650 -14.51730 -13.76110 -13.58040 -12.90980 -14.20380 -14.29770 -14.78790 -16.50370 -15.10180 -13.40680 -13.01310 -14.11560 -14.99850 -15.89180 -15.56500 -14.45620 -13.94230 -13.32560 -12.30680 -11.82060 -11.05600 -11.44940 -10.52910 -9.90338 -10.68620 -9.67916 -10.35490 -9.55813 -11.45100 -11.86190 -10.55780 -11.67300 -13.07090 -12.56990 -12.16860 -13.44340 -13.93440 -13.92370 -13.11030 -13.00120 -12.68450 -12.28180 -12.49590 -12.20860 -12.91430 -12.83110 -12.94780 -12.67420 -12.89400 -12.90670 -12.71530 -12.32570 -11.31760 -10.81510 -10.31320 -10.30180 -10.80530 -10.98500 -10.87500 -11.08050 -10.88790 -10.99890 -11.20080 -12.50720 -13.01720 -12.81630 -12.01720 -11.31510 -11.01690 -10.32570
-15.07650 -15.40990 -15.45320 -13.79070 -13.63000 -12.47240 -12.90990 -12.60860 -11.88550 -12.37260 -13.35740 -14.84310 -14.02970 -13.61460 -13.91610 -13.01480 -13.30850 -12.79710 -14.89570 -13.08830 -12.17770 -11.46700 -10.98420 -11.52240 -12.65530 -11.14970 -10.13660 -9.53657 -10.93560 -10.23160 -10.03530 -11.35600 -12.16280 -10.87820 -11.59100 -12.20460 -13.21270 -13.10120 -12.90280 -13.30480 -12.79200 -12.89270 -12.39180 -12.68750 -11.18380 -11.70170 -12.23420 -12.15750 -12.07690 -12.19270 -11.72020 -11.05040 -11.37240 -10.68470 -10.88230 -10.46430 -9.85576 -9.74699 -9.94363 -10.42990 -10.62380 -11.02690 -12.64260 -12.15380 -12.47070 -12.28020 -12.48640 -11.58810 -11.68960 -11.47970 -11.17650 -11.57250 -12.27490
-14.03360 -15.17620 -15.31400 -16.35330 -15.49780 -13.63910 -13.58690 -13.29000 -12.35780 -13.11480 -12.38910 -13.07230 -14.55080 -13.31780 -12.00800 -11.40360 -11.91330 -11.71620 -11.32320 -12.51690 -12.31860 -11.02060 -9.84424 -8.99959 -10.04780 -9.77574 -8.28522 -9.08136 -9.09267 -9.41235 -10.23000 -10.84940 -11.56870 -11.88950 -11.21620 -12.34720 -13.35300 -14.06180 -12.45990 -12.25820 -12.66550 -11.27210 -10.57740 -10.08620 -9.08482 -8.41637 -8.75405 -8.59084 -8.62342 -8.65317 -8.79017 -9.40894 -10.03090 -10.13110 -9.82499 -9.11567 -9.29622 -9.38804 -9.88549 -9.98147 -11.18510 -12.79600 -13.61320 -13.22670 -13.34720 -12.95120 -12.26500 -11.56700 -11.65210 -11.33920 -11.84490 -11.54440 -10.63920
-13.08650 -13.02830 -14.56850 -14.81010 -16.85750 -15.50430 -13.94360 -14.84750 -15.00460 -14.17580 -13.14270 -14.02500 -13.59220 -12.37290 -12.46110 -11.86270 -10.77650 -10.57810 -10.98200 -11.78300 -13.08950 -10.78430 -9.22316 -8.98047 -10.52920 -9.98352 -9.79075 -10.69760 -9.53092 -9.14346 -10.35040 -10.86530 -11.58640 -11.19160 -11.51070 -11.31770 -12.42780 -12.53300 -11.32840 -9.73764 -10.44640 -9.35595 -7.75489 -7.68121 -7.98534 -8.21275 -9.14013 -8.58445 -9999 -9999 -8.09424 -8.31297 -8.11694 -8.89299 -8.96590 -8.73315 -8.81370 -9.58501 -9.77001 -11.26510 -12.67170 -13.98900 -13.50980 -14.22580 -14.53910 -14.65530 -12.37200 -11.39050 -11.40720 -10.31530 -11.13240 -10.24160 -9.22799
-11.93690 -12.88020 -13.12230 -12.85400 -14.80430 -13.04600 -13.98070 -14.69550 -15.07100 -13.84410 -14.12880 -14.11700 -12.89660 -12.09120 -12.86580 -11.67780 -10.68140 -11.48070 -10.88710 -10.10160 -10.09510 -10.49590 -12.21160 -10.85110 -10.99250 -10.14080 -10.49090 -10.10020 -10.61200 -9.11739 -9.89212 -10.88580 -11.17050 -11.25500 -11.55580 -9.43518 -7.92163 -9999 -9999 -9999 -9999 -6.34411 -9999 -8.56226 -10.16870 -8.98676 -8.61681 -7.04785 -9999 -9999 -8.22579 -8.15037 -7.83969 -7.96630 -7.51587 -8.06594 -8.70451 -9.54011 -10.01190 -10.56170 -11.28070 -11.91290 -11.12850 -14.04560 -14.28300 -13.60560 -10.84350 -10.18190 -9.71608 -8.45084 -9999 -9999 -9999
-11.18510 -12.23040 -11.86510 -10.60750 -13.04840 -12.19050 -10.73420 -11.25230 -11.22690 -11.51550 -12.52400 -12.80530 -12.10190 -10.19190 -11.28650 -11.68440 -11.78730 -11.18390 -11.59470 -10.09270 -10.29210 -9.90067 -10.60970 -9.93529 -10.37370 -10.71070 -10.46760 -10.08160 -10.40050 -10.40380 -10.74650 -10.42250 -11.37340 -9.84598 -8.80550 -9999 -9999 -9999 -9999 -9999 -9999 -9999 -7.03795 -7.44384 -7.54124 -9999 -9999 -9999 -9999 -9999 -6.56279 -7.18058 -8.75008 -8.15754 -8.76359 -8.14990 -7.69170 -8.82149 -7.85146 -8.07614 -8.90890 -9.83661 -9.17507 -9.00835 -10.14990 -11.88420 -9.70924 -7.76207 -9999 -9999 -9999 -9999 -9999
