data/hydroclimate-scenarios/BCSD_hadcm_B1/monthly_summaries/tavg_monthly_avg_nov.2030-2059.asc
ncols	311
nrows	91
xllcenter	102.75
yllcenter	31.75
cellsize	0.5
NODATA_value	-9999
[rows 0 to 30 of 91, columns 213 to 283 of 311]
-9999 -9999 -9999 -9999 -9999 -9999 -9999 -9999 -9999 -9999 -9999 -9999 -9999 -9999 -9999 -9999 -9999 -9999 -9999 -9999 -9999 -9999 -9999 -9999 -9999 -9999 -9999 -9999 -9999 -9999 -9999 -9999 -9999 -9999 -9999 -9999 -9999 -9999 -9999 -9999 -9999 -9999 -9999 -9999 -9999 -9999 -9999 -9999 -9999 -9999 -9999 -9999 -9999 -9999 -9999 -9999 -9999 -9999 -9999 -9999 -9999 -9999 -9999 -9999 -9999 -9999 -9999 -9999 -9999 -9999 -9999
-9999 -9999 -9999 -9999 -9999 -9999 -9999 -9999 -9999 -9999 -9999 -9999 -9999 -9999 -9999 -9999 -9999 -9999 -9999 -9999 -9999 -9999 -9999 -9999 -9999 -9999 -9999 -9999 -9999 -9999 -9999 -9999 -9999 -9999 -9999 -9999 -9999 -9999 -9999 -9999 -9999 -9999 -9999 -9999 -9999 -9999 -9999 -9999 -9999 -9999 -9999 -9999 -9999 -9999 -9999 -9999 -9999 -9999 -9999 -9999 -9999 -9999 -9999 -9999 -9999 -9999 -9999 -9999 -9999 -9999 -9999
-9999 -9999 -9999 -9999 -9999 -9999 -9999 -9999 -9999 -9999 -9999 -9999 -9999 -9999 -9999 -9999 -9999 -9999 -9999 -9999 -9999 -9999 -9999 -9999 -9999 -9999 -9999 -9999 -9999 -9999 -9999 -9999 -9999 -9999 -9999 -9999 -9999 -9999 -9999 -9999 -9999 -9999 -9999 -9999 -9999 -9999 -9999 -9999 -9999 -9999 -9999 -9999 -9999 -9999 -9999 -9999 -9999 -9999 -9999 -9999 -9999 -9999 -9999 -9999 -9999 -9999 -9999 -9999 -9999 -9999 -9999
-9999 -9999 -9999 -9999 -9999 -9999 -9999 -9999 -9999 -9999 -9999 -9999 -9999 -9999 -9999 -9999 -9999 -9999 -9999 -9999 -9999 -9999 -9999 -9999 -9999 -9999 -9999 -9999 -9999 -9999 -9999 -9999 -9999 -9999 -9999 -9999 -9999 -9999 -9999 -9999 -9999 -9999 -9999 -9999 -9999 -9999 -9999 -9999 -9999 -9999 -9999 -9999 -9999 -9999 -9999 -9999 -9999 -9999 -9999 -9999 -9999 -9999 -9999 -9999 -9999 -9999 -9999 -9999 -9999 -9999 -9999
-9999 -9999 -9999 -9999 -9999 -9999 -9999 -9999 -9999 -9999 -9999 -9999 -9999 -9999 -9999 -9999 -9999 -9999 -9999 -9999 -9999 -9999 -9999 -9999 -9999 -9999 -9999 -9999 -9999 -9999 -9999 -9999 -9999 -9999 -9999 -9999 -9999 -9999 -9999 -9999 -9999 -9999 -9999 -9999 -9999 -9999 -9999 -9999 -9999 -9999 -9999 -9999 -9999 -9999 -9999 -9999 -9999 -9999 -9999 -9999 -9999 -9999 -9999 -9999 -9999 -9999 -9999 -9999 -9999 -9999 -9999
-9999 -9999 -9999 -9999 -9999 -9999 -9999 -9999 -9999 -9999 -9999 -9999 -9999 -9999 -9999 -9999 -9999 -9999 -9999 -9999 -9999 -9999 -9999 -9999 -9999 -9999 -9999 -9999 -9999 -9999 -9999 -9999 -9999 -9999 -9999 -9999 -9999 -9999 -9999 -9999 -9999 -9999 -9999 -9999 -9999 -9999 -9999 -9999 -9999 -9999 -9999 -9999 -9999 -9999 -9999 -9999 -9999 -9999 -9999 -9999 -9999 -9999 -9999 -9999 -9999 -9999 -9999 -9999 -9999 -9999 -9999
-9999 -9999 -9999 -9999 -9999 -9999 -9999 -9999 -9999 -9999 -9999 -9999 -9999 -9999 -9999 -9999 -9999 -9999 -9999 -9999 -9999 -9999 -9999 -9999 -9999 -9999 -9999 -9999 -9999 -9999 -9999 -9999 -9999 -9999 -9999 -9999 -9999 -9999 -9999 -9999 -9999 -9999 -9999 -9999 -9999 -9999 -9999 -9999 -9999 -9999 -9999 -9999 -9999 -9999 -9999 -9999 -9999 -9999 -9999 -9999 -9999 -9999 -9999 -9999 -9999 -9999 -9999 -9999 -9999 -9999 -9999
-9999 -9999 -9999 -9999 -9999 -9999 -9999 -9999 -9999 -9999 -9999 -9999 -9999 -9999 -9999 -9999 -9999 -9999 -9999 -9999 -9999 -9999 -9999 -9999 -9999 -9999 -9999 -9999 -9999 -9999 -9999 -9999 -9999 -9999 -9999 -9999 -9999 -9999 -9999 -9999 -9999 -9999 -9999 -9999 -9999 -9999 -9999 -9999 -9999 -9999 -9999 -9999 -9999 -9999 -9999 -9999 -9999 -9999 -9999 -9999 -9999 -9999 -9999 -9999 -9999 -9999 -9999 -9999 -9999 -9999 -9999
-9999 -9999 -9999 -9999 -9999 -9999 -9999 -9999 -9999 -9999 -9999 -9999 -9999 -9999 -9999 -9999 -9999 -9999 -9999 -9999 -9999 -9999 -9999 -9999 -9999 -9999 -9999 -9999 -9999 -9999 -9999 -9999 -9999 -9999 -9999 -9999 -9999 -9999 -9999 -9999 -9999 -9999 -9999 -9999 -9999 -9999 -9999 -9999 -9999 -9999 -9999 -9999 -9999 -9999 -9999 -9999 -9999 -9999 -9999 -9999 -9999 -9999 -9999 -9999 -9999 -9999 -9999 -9999 -9999 -9999 -9999
-9999 -9999 -9999 -9999 -9999 -9999 -9999 -9999 -9999 -9999 -9999 -9999 -9999 -9999 -9999 -9999 -9999 -9999 -9999 -9999 -9999 -9999 -9999 -9999 -9999 -9999 -9999 -9999 -9999 -9999 -9999 -9999 -9999 -9999 -9999 -9999 -9999 -9999 -9999 -9999 -9999 -9999 -9999 -9999 -9999 -9999 -9999 -9999 -9999 -9999 -9999 -9999 -9999 -9999 -9999 -9999 -9999 -9999 -9999 -9999 -9999 -9999 -9999 -9999 -9999 -9999 -9999 -9999 -9999 -9999 -9999
-9999 -9999 -9999 -9999 -9999 -9999 -9999 -9999 -9999 -9999 -9999 -9999 -9999 -9999 -9999 -9999 -9999 -9999 -9999 -9999 -9999 -9999 -9999 -9999 -9999 -9999 -9999 -9999 -9999 -9999 -9999 -9999 -9999 -9999 -9999 -9999 -9999 -9999 -9999 -9999 -9999 -9999 -9999 -9999 -9999 -9999 -9999 -9999 -9999 -9999 -9999 -9999 -9999 -9999 -9999 -9999 -9999 -9999 -9999 -9999 -9999 -9999 -9999 -9999 -9999 -9999 -9999 -9999 -9999 -9999 -9999
-9999 -9999 -9999 -9999 -9999 -9999 -9999 -9999 -9999 -9999 -9999 -9999 -9999 -9999 -9999 -9999 -9999 -9999 -9999 -9999 -9999 -9999 -9999 -9999 -9999 -9999 -9999 -9999 -9999 -9999 -9999 -9999 -9999 -9999 -9999 -9999 -9999 -9999 -9999 -9999 -9999 -9999 -9999 -9999 -9999 -9999 -9999 -9999 -9999 -9999 -9999 -9999 -9999 -9999 -9999 -9999 -9999 -9999 -9999 -9999 -9999 -9999 -9999 -9999 -9999 -9999 -9999 -9999 -9999 -9999 -9999
-9999 -9999 -9999 -9999 -9999 -9999 -9999 -9999 -9999 -9999 -9999 -9999 -9999 -9999 -9999 -9999 -9999 -9999 -9999 -9999 -9999 -9999 -9999 -9999 -9999 -9999 -9999 -9999 -9999 -9999 -9999 -9999 -9999 -9999 -9999 -9999 -9999 -9999 -9999 -9999 -9999 -9999 -9999 -9999 -9999 -9999 -9999 -9999 -9999 -9999 -9999 -9999 -9999 -9999 -9999 -9999 -9999 -9999 -9999 -9999 -9999 -9999 -9999 -9999 -9999 -9999 -9999 -9999 -9999 -9999 -9999
-19.28540 -19.33380 -19.53390 -19.75260 -20.18800 -20.46710 -9999 -9999 -9999 -9999 -9999 -9999 -9999 -9999 -9999 -9999 -9999 -9999 -9999 -9999 -9999 -9999 -9999 -9999 -9999 -9999 -9999 -9999 -9999 -9999 -9999 -9999 -9999 -9999 -9999 -9999 -9999 -9999 -9999 -9999 -9999 -9999 -9999 -9999 -9999 -9999 -9999 -17.48740 -9999 -9999 -9999 -9999 -9999 -9999 -9999 -9999 -9999 -9999 -9999 -9999 -9999 -9999 -9999 -9999 -9999 -9999 -9999 -9999 -9999 -9999 -9999
-20.13360 -19.94950 -19.89760 -19.85850 -19.91090 -19.87330 -19.85490 -19.69790 -19.41500 -19.12130 -18.51160 -17.93790 -17.40060 -16.88110 -16.67890 -16.48580 -16.27390 -16.21910 -14.23020 -9999 -9999 -9999 -9999 -9999 -9999 -9999 -9999 -9999 -9999 -9999 -9999 -9999 -9999 -9999 -9999 -9999 -9999 -9999 -9999 -9999 -9999 -9999 -19.63780 -18.64650 -18.96710 -20.08630 -20.29820 -19.46830 -16.99850 -9999 -9999 -9999 -15.19780 -9999 -9999 -9999 -14.72350 -14.66580 -14.69330 -9999 -9999 -9999 -9999 -9999 -9999 -9999 -9999 -9999 -9999 -9999 -9999
-20.18370 -19.98380 -19.28550 -18.97040 -18.83990 -18.65380 -18.52180 -18.67450 -18.97130 -19.43980 -19.39190 -20.08500 -19.79250 -20.34780 -20.41610 -19.42610 -18.83540 -18.42730 -18.89990 -19.28160 -19.06340 -19.19090 -18.62310 -17.99940 -17.78300 -9999 -9999 -9999 -9999 -9999 -19.63120 -19.65070 -19.64630 -19.28440 -18.73800 -18.18080 -17.85720 -17.90130 -17.86290 -17.81420 -17.75020 -17.65750 -20.69500 -20.39020 -20.90790 -20.42750 -21.16040 -20.64970 -17.42220 -17.24130 -16.63470 -16.19500 -15.85080 -15.59910 -15.20940 -15.34600 -15.48900 -16.01460 -16.94780 -16.67810 -15.70620 -15.23040 -15.42360 -15.26010 -9999 -9999 -9999 -9999 -9999 -9999 -9999
-18.24440 -17.74110 -17.15870 -17.37460 -17.71540 -17.98660 -18.70160 -19.62310 -19.80500 -20.06070 -20.59130 -21.11730 -20.94050 -21.62030 -20.50500 -20.16790 -19.12360 -18.52980 -18.95240 -18.39830 -19.05440 -19.71210 -18.71060 -19.77060 -19.67810 -19.59100 -19.30630 -19.41640 -19.30490 -19.62960 -19.79320 -19.96950 -20.13070 -19.76080 -19.38530 -18.80560 -18.48000 -18.41200 -18.35470 -18.20780 -18.17120 -18.24120 -18.26430 -18.19150 -18.16340 -17.93320 -18.29360 -18.10290 -17.71310 -17.63050 -17.22840 -16.92950 -16.62020 -16.32890 -16.06690 -15.79470 -15.63190 -15.45120 -15.29370 -15.20040 -15.13190 -15.07240 -15.65290 -16.67400 -16.60470 -16.52740 -16.15880 -16.19560 -16.10810 -16.12160 -16.14900
-20.01010 -19.68990 -19.03900 -18.93980 -19.04010 -19.58330 -19.41770 -19.88940 -19.96050 -20.50950 -20.87050 -20.82260 -19.25050 -17.68850 -16.74920 -16.63220 -16.79070 -16.73650 -17.30110 -17.54290 -18.15920 -18.46670 -17.75170 -18.34650 -19.51650 -20.19290 -20.95200 -21.37190 -21.60320 -21.67710 -21.05300 -20.12430 -20.09090 -19.54540 -19.24190 -18.94980 -18.71260 -18.72070 -18.43620 -18.41380 -18.46550 -18.34010 -18.21390 -17.98670 -17.84390 -17.82170 -18.38800 -18.22680 -17.77310 -17.53960 -17.17710 -17.02320 -16.76040 -16.52350 -16.11840 -16.04100 -15.78240 -15.70280 -15.44660 -15.34580 -15.15940 -15.19910 -16.23150 -16.64670 -16.35360 -16.27650 -16.28320 -16.19900 -16.37060 -16.25480 -16.24880
-19.41270 -18.97660 -18.88240 -19.44460 -19.78010 -19.43540 -19.10620 -19.04760 -18.66850 -19.16520 -18.94750 -17.54250 -15.14410 -15.15460 -14.73320 -14.89640 -15.93310 -16.61240 -17.75930 -18.38040 -18.11850 -18.10670 -17.87360 -18.01440 -18.98910 -19.92450 -20.50220 -21.98720 -22.47390 -22.79080 -21.32790 -19.75540 -19.50070 -19.22420 -18.94550 -18.65970 -18.70610 -18.45240 -18.09640 -18.34220 -18.20240 -18.37000 -18.15070 -18.12440 -18.20160 -18.07070 -18.23770 -17.94420 -17.93740 -17.54130 -17.25140 -17.32920 -17.11710 -16.74220 -16.36740 -16.19000 -16.10520 -15.92640 -15.64950 -15.46890 -15.37870 -15.48200 -16.39780 -16.17980 -16.14740 -16.23190 -16.20810 -16.08630 -16.04840 -16.00860 -15.71860
-18.63980 -18.61160 -18.27310 -18.65870 -18.27170 -17.80290 -17.44390 -17.36100 -17.20800 -17.54950 -17.55150 -17.62760 -17.62550 -18.29460 -17.86400 -17.64740 -17.69230 -17.46130 -16.26700 -16.83620 -17.82160 -17.93270 -18.90820 -19.24310 -20.12680 -20.09450 -19.56790 -19.73060 -20.38770 -22.16290 -20.67670 -19.79740 -18.90410 -18.69910 -18.52740 -18.16090 -18.03240 -17.96640 -18.10490 -18.13580 -18.09680 -18.14730 -18.52030 -18.68750 -18.46600 -18.24030 -18.41340 -18.22630 -17.95850 -17.77980 -17.39990 -17.50900 -17.12830 -16.88160 -16.63250 -16.53520 -16.34840 -16.16100 -15.88790 -15.60840 -15.71900 -15.66730 -15.76870 -15.83470 -15.79290 -15.86440 -15.73800 -15.69890 -15.75560 -15.73270 -15.55560
-17.49390 -18.07840 -17.88550 -16.41060 -15.28600 -15.13770 -16.11060 -16.95190 -17.42770 -17.75960 -19.10610 -19.83910 -19.90840 -20.02880 -19.92950 -18.90740 -18.13180 -17.38070 -16.09530 -16.97480 -18.11790 -19.14600 -19.12710 -20.00390 -20.40090 -19.77430 -19.44630 -19.52180 -20.00020 -21.18010 -21.30010 -19.41970 -18.83290 -18.45300 -18.27870 -17.95460 -18.04240 -17.87940 -17.72120 -18.00030 -18.11260 -18.05350 -18.30940 -18.66880 -18.81490 -18.58780 -18.35900 -18.37340 -17.92450 -18.03840 -18.05410 -17.65620 -17.50300 -17.13680 -17.08580 -16.78010 -16.48450 -16.20070 -15.59920 -15.32530 -15.19520 -15.05010 -15.25750 -15.21460 -15.40090 -15.49000 -15.56760 -16.23170 -16.41000 -16.44080 -16.44400
-17.47680 -17.94080 -17.62180 -17.12240 -16.79360 -16.96310 -17.48880 -17.96910 -18.48050 -18.97910 -19.19760 -19.30960 -19.73490 -19.83320 -18.33740 -16.62990 -15.44750 -15.68300 -15.29140 -16.04610 -18.17000 -19.55360 -20.53730 -20.50190 -20.14270 -19.42130 -19.11460 -19.41270 -19.90410 -20.39660 -21.50130 -20.14350 -19.37950 -18.41020 -18.04090 -17.76020 -17.84450 -17.58680 -17.52670 -17.67080 -17.71740 -17.96160 -18.20650 -18.44300 -18.69330 -18.64080 -18.40080 -18.41610 -17.97290 -17.90050 -18.01440 -17.73020 -17.14670 -17.01560 -16.84990 -16.31320 -16.02140 -15.93460 -16.02550 -15.32000 -14.98320 -14.92460 -14.82620 -15.20630 -15.21010 -14.98470 -15.35870 -16.12230 -16.05380 -16.18420 -16.20860
-16.55230 -17.42510 -17.67980 -17.79990 -16.31330 -14.50210 -13.57900 -13.76470 -14.57500 -14.80410 -14.82290 -15.00370 -16.23020 -19.01280 -16.98360 -15.30460 -13.77300 -14.14230 -15.19020 -15.77750 -17.71840 -19.31540 -20.14980 -20.37550 -20.79700 -19.79210 -19.98630 -20.19570 -19.80140 -19.60310 -19.82850 -19.18350 -18.91970 -19.35890 -19.02180 -18.66240 -19.04070 -19.19130 -18.74140 -18.58280 -18.81500 -18.36370 -18.10180 -18.14350 -18.39240 -18.41780 -18.16060 -18.75750 -18.51550 -18.46160 -18.16480 -17.89730 -17.43560 -17.35800 -17.20460 -17.06820 -16.85860 -16.15270 -15.65320 -15.40760 -15.26870 -14.99090 -15.29100 -15.36680 -15.36450 -15.24570 -16.12120 -16.05210 -15.99640 -15.94860 -15.99330
-15.18670 -14.34060 -13.96670 -15.03230 -14.21850 -12.60110 -11.79800 -11.57490 -12.92610 -13.77280 -13.91740 -14.15320 -13.91030 -14.77210 -14.87070 -14.85980 -15.30450 -15.05270 -14.73400 -15.56330 -17.04290 -19.06450 -19.41620 -19.51100 -20.25200 -20.55240 -20.57070 -20.87280 -21.08870 -20.91610 -20.34550 -19.72090 -19.98280 -20.31110 -20.71650 -21.05830 -21.46420 -21.19020 -20.64210 -20.38900 -21.23080 -21.15540 -20.10180 -19.94110 -19.38010 -19.41140 -18.13340 -17.73630 -17.86840 -18.21260 -17.73270 -17.27020 -17.49320 -17.40970 -17.14740 -17.19320 -16.37930 -15.86370 -15.79490 -16.66560 -16.31890 -15.53000 -15.82670 -15.93080 -15.82030 -15.70800 -15.92960 -15.98560 -15.94160 -15.83820 -15.80130
-15.60690 -15.92190 -15.97830 -15.60690 -14.48590 -13.78160 -13.99920 -14.61790 -13.74330 -14.23370 -14.07470 -14.11990 -13.74350 -13.68700 -13.61750 -14.21050 -14.88120 -14.58690 -15.76650 -15.36930 -15.83020 -18.82440 -19.75120 -20.40850 -20.56400 -20.68190 -21.58420 -21.39600 -21.71060 -21.64460 -22.16250 -22.13090 -21.98920 -21.93780 -22.39330 -22.03990 -22.13090 -22.37840 -22.24030 -21.79240 -22.43770 -22.37620 -21.70570 -21.95360 -21.79060 -21.72400 -21.07380 -20.14510 -18.57740 -17.49510 -17.59800 -17.12470 -16.94130 -17.54730 -17.56760 -17.02310 -17.09060 -16.88290 -16.32990 -16.05560 -16.00050 -16.41290 -16.49410 -16.47920 -15.58390 -14.88720 -14.95800 -15.02580 -15.11070 -15.21320 -15.48680
-15.09800 -15.47320 -15.07320 -14.86570 -14.08220 -13.74760 -13.34710 -12.91350 -13.16400 -13.65990 -14.03610 -14.51130 -14.28690 -14.05380 -14.28490 -14.42510 -14.96950 -15.36650 -15.84840 -16.21870 -16.85500 -16.95890 -18.34770 -18.18970 -19.26140 -20.15680 -20.76100 -20.96760 -20.96990 -20.66590 -20.38590 -20.02500 -20.57880 -20.28680 -20.84940 -20.81440 -20.40920 -21.06680 -20.93610 -20.90400 -21.51450 -21.78440 -20.83320 -20.98200 -20.83640 -20.97960 -20.72560 -19.79390 -19.00200 -18.09370 -17.78710 -17.18870 -16.68510 -17.68670 -18.29500 -17.62430 -17.11460 -16.88690 -16.41530 -16.16600 -16.08310 -16.08420 -15.96510 -15.76690 -15.47520 -15.43870 -14.80730 -14.60520 -14.60110 -14.69650 -15.06970
-13.33200 -12.40120 -12.17060 -12.53920 -12.46130 -12.93850 -13.57140 -13.82360 -13.54040 -12.96650 -13.08420 -13.52630 -14.31360 -14.77700 -14.68210 -14.59010 -15.02240 -15.43280 -15.62520 -16.69160 -16.87170 -16.89590 -17.06940 -17.18810 -17.51520 -17.66860 -17.83770 -18.52990 -18.62450 -18.11480 -17.70390 -18.31590 -18.07180 -17.93130 -17.58820 -17.46440 -18.98060 -19.12950 -19.52250 -19.87960 -19.85070 -19.80190 -20.15740 -20.11040 -20.36220 -19.52230 -19.66570 -19.92460 -19.60520 -18.59600 -18.27890 -17.46080 -17.15000 -16.92100 -17.01740 -17.65620 -17.22410 -16.88000 -16.61340 -16.23500 -15.77940 -15.75880 -15.55530 -15.55780 -15.20380 -14.57780 -14.46500 -14.37010 -14.18040 -14.08000 -14.54280
-13.95070 -13.19680 -12.67700 -13.12070 -13.78730 -13.43100 -13.01100 -12.90210 -12.82750 -12.53700 -12.76660 -13.54170 -13.64300 -14.23650 -15.23140 -16.50270 -16.92170 -16.57260 -14.95420 -15.72220 -16.44730 -16.18640 -16.28700 -16.08570 -17.10900 -16.98440 -17.43340 -17.35720 -17.36020 -16.99560 -17.33800 -17.51870 -17.29880 -16.77610 -17.86050 -17.82440 -17.56220 -17.81760 -18.50460 -18.98960 -18.85440 -19.22480 -19.36710 -19.02710 -19.09210 -19.33590 -19.98420 -19.84220 -19.02190 -18.38620 -18.46120 -18.13160 -17.79490 -17.36710 -16.63820 -17.37460 -17.23320 -16.77160 -16.19650 -15.93370 -15.76030 -15.64850 -14.93300 -14.55690 -14.33690 -14.14650 -14.04400 -13.94740 -13.65100 -13.55730 -13.72640
-12.15870 -9.20634 -10.14860 -11.84330 -11.91290 -13.03660 -13.67450 -13.76530 -13.51580 -13.74100 -14.25440 -14.30510 -13.92830 -13.42140 -13.83100 -13.85820 -14.27310 -16.22880 -13.38010 -13.85850 -14.57210 -15.28440 -15.96570 -15.99280 -17.41160 -17.99510 -16.82650 -16.54100 -16.37220 -15.79500 -15.19400 -15.20970 -15.48820 -16.41820 -16.90800 -16.49590 -16.51850 -17.28770 -17.49490 -17.19460 -17.95320 -18.01420 -18.67070 -18.42830 -18.39620 -18.66180 -19.21250 -20.06770 -19.52860 -19.98950 -19.34140 -19.10040 -17.75520 -17.01330 -16.46900 -15.91160 -16.30050 -16.15450 -15.58120 -15.31950 -15.13320 -14.82500 -14.42520 -14.00670 -13.90450 -13.71010 -13.52720 -13.43380 -13.24270 -12.94310 -12.81130
-7.54739 -7.38892 -8.89208 -10.84490 -13.42870 -14.13460 -14.09820 -14.37730 -14.63770 -14.48460 -14.53790 -14.58440 -13.28080 -14.18330 -15.69650 -15.14340 -15.12440 -14.07290 -15.16990 -15.23180 -13.78300 -13.40180 -13.66470 -14.98850 -15.76130 -16.24140 -16.53690 -16.90990 -15.82370 -14.50100 -14.09880 -14.35260 -14.12980 -15.33080 -15.51690 -15.95860 -15.00170 -15.77790 -16.06090 -15.85480 -16.22190 -16.78970 -17.05350 -18.31700 -17.47330 -17.94660 -17.90780 -18.36910 -19.12090 -19.21290 -19.13290 -18.59310 -17.73780 -17.29770 -16.55670 -15.13040 -15.54100 -15.58650 -15.22210 -15.25700 -15.56930 -15.95090 -15.69280 -15.20930 -14.71750 -13.71840 -12.93020 -12.64450 -12.64600 -12.45860 -12.31670
-8.51280 -9.06888 -7.20197 -7.62056 -9.98347 -11.94890 -12.48940 -13.56020 -13.78260 -12.92390 -12.97170 -13.06300 -12.50800 -12.12070 -14.01400 -14.76710 -14.59880 -14.28930 -15.92680 -15.27790 -14.98150 -14.55580 -14.17570 -15.22080 -16.28830 -16.23450 -15.57160 -14.53970 -15.05650 -14.06280 -13.59930 -13.24530 -12.32470 -13.30540 -13.79730 -14.68800 -14.94230 -14.82090 -14.69770 -14.54750 -15.49360 -16.04720 -15.41300 -16.46130 -16.10080 -15.92020 -16.69020 -16.97750 -16.86300 -16.16720 -16.67170 -17.04900 -17.53010 -16.99060 -17.14590 -15.88060 -15.27100 -15.53620 -14.70820 -14.45830 -14.16300 -13.77930 -13.96620 -13.47350 -13.00290 -12.46710 -12.27130 -12.07390 -12.18040 -12.19130 -11.95990
