data/hydroclimate-scenarios/BCSD_hadcm_B1/monthly_summaries/tavg_monthly_avg_sep.2070-2099.asc
ncols	311
nrows	91
xllcenter	102.75
yllcenter	31.75
cellsize	0.5
NODATA_value	-9999
[rows 0 to 31 of 91, columns 72 to 143 of 311]
-9999 -9999 -9999 -9999 -9999 -9999 -9999 -9999 -9999 -9999 -9999 -9999 -9999 -9999 -9999 -9999 -9999 -9999 -9999 -9999 -9999 -9999 -9999 -9999 -9999 -9999 -9999 -9999 -9999 -9999 -9999 -9999 -9999 -9999 -9999 -9999 -9999 -9999 -9999 -9999 -9999 -9999 -9999 -9999 -9999 -9999 -9999 -9999 -9999 -9999 -9999 -9999 -9999 -9999 -9999 -9999 -9999 -9999 -9999 -9999 -9999 -9999 -9999 -9999 -9999 -9999 -9999 -9999 -9999 -9999 -9999 -9999
-9999 -9999 -9999 -9999 -9999 -9999 -9999 -9999 -9999 -9999 -9999 -9999 -9999 -9999 -9999 -9999 -9999 -9999 -9999 -9999 -9999 -9999 -9999 -9999 -9999 -9999 -9999 -9999 -9999 -9999 -9999 -9999 -9999 -9999 -9999 -9999 -9999 -9999 -9999 -9999 -9999 -9999 -9999 -9999 -9999 -9999 -9999 -9999 -9999 -9999 -9999 -9999 -9999 -9999 -9999 -9999 -9999 -9999 -9999 -9999 -9999 -9999 -9999 -9999 -9999 -9999 -9999 -9999 -9999 -9999 -9999 -9999
-9999 -9999 -9999 -9999 -9999 -9999 -9999 -9999 -9999 -9999 -9999 -9999 -9999 -9999 -9999 -9999 -9999 -9999 -9999 -9999 -9999 -9999 -9999 -9999 -9999 -9999 -9999 -9999 -9999 -9999 -9999 -9999 -9999 -9999 -9999 -9999 -9999 -9999 -9999 -9999 -9999 -9999 -9999 -9999 -9999 -9999 -9999 -9999 -9999 -9999 -9999 -9999 -9999 -9999 -9999 -9999 -9999 -9999 -9999 -9999 -9999 -9999 -9999 -9999 -9999 -9999 -9999 -9999 -9999 -9999 -9999 -9999
-9999 -9999 -9999 -9999 -9999 -9999 -9999 -9999 -9999 -9999 -9999 -9999 -9999 -9999 -9999 -9999 -9999 -9999 -9999 -9999 -9999 -9999 -9999 -9999 -9999 -9999 -9999 -9999 -9999 -9999 -9999 -9999 -9999 -9999 -9999 -9999 -9999 -9999 -9999 -9999 -9999 -9999 -9999 -9999 -9999 -9999 -9999 -9999 -9999 -9999 -9999 -9999 -9999 -9999 -9999 -9999 -9999 -9999 -9999 -9999 -9999 -9999 -9999 -9999 -9999 -9999 -9999 -9999 -9999 -9999 -9999 -9999
-9999 -9999 -9999 -9999 -9999 -9999 -9999 -9999 -9999 -9999 -9999 -9999 -9999 -9999 -9999 -9999 -9999 -9999 -9999 -9999 -9999 -9999 -9999 -9999 -9999 -9999 -9999 -9999 -9999 -9999 -9999 -9999 -9999 -9999 -9999 -9999 -9999 -9999 -9999 -9999 -9999 -9999 -9999 -9999 -9999 -9999 -9999 -9999 -9999 -9999 -9999 -9999 -9999 -9999 -9999 -9999 -9999 -9999 -9999 -9999 -9999 -9999 -9999 -9999 -9999 -9999 -9999 -9999 -9999 -9999 -9999 -9999
-9999 -9999 -9999 -9999 -9999 -9999 -9999 -9999 -9999 -9999 -9999 -9999 -9999 -9999 -9999 -9999 -9999 -9999 -9999 -9999 -9999 -9999 -9999 -9999 -9999 -9999 -9999 -9999 -9999 -9999 -9999 -9999 -9999 -9999 -9999 -9999 -9999 -9999 -9999 -9999 -9999 -9999 -9999 -9999 -9999 -9999 -9999 -9999 -9999 -9999 -9999 -9999 -9999 -9999 -9999 -9999 -9999 -9999 -9999 -9999 -9999 -9999 -9999 -9999 -9999 -9999 -9999 -9999 -9999 -9999 -9999 -9999
-9999 -9999 -9999 -9999 -9999 -9999 -9999 -9999 -9999 -9999 -9999 -9999 -9999 -9999 -9999 -9999 -9999 -9999 -9999 -9999 -9999 -9999 -9999 -9999 -9999 -9999 -9999 -9999 -9999 -9999 -9999 -9999 -9999 -9999 -9999 -9999 -9999 -9999 -9999 -9999 -9999 -9999 -9999 -9999 -9999 -9999 -9999 -9999 -9999 -9999 -9999 -9999 -9999 -9999 -9999 -9999 -9999 -9999 -9999 -9999 -9999 -9999 -9999 -9999 -9999 -9999 -9999 -9999 -9999 -9999 -9999 -9999
-9999 -9999 -9999 -9999 -9999 -9999 -9999 -9999 -9999 -9999 -9999 -9999 -9999 -9999 -9999 -9999 -9999 -9999 -9999 -9999 -9999 -9999 -9999 -9999 -9999 -9999 -9999 -9999 -9999 -9999 -9999 -9999 -9999 -9999 -9999 -9999 -9999 -9999 -9999 -9999 -9999 -9999 -9999 -9999 -9999 -9999 -9999 -9999 -9999 -9999 -9999 -9999 -9999 -9999 -9999 -9999 -9999 -9999 -9999 -9999 -9999 -9999 -9999 -9999 -9999 -9999 -9999 -9999 -9999 -9999 -9999 -9999
-9999 -9999 -9999 -9999 -9999 2.36983 -9999 -9999 -9999 -9999 -9999 -9999 -9999 -9999 -9999 -9999 -9999 -9999 -9999 -9999 -9999 -9999 -9999 -9999 -9999 -9999 -9999 -9999 -9999 -9999 -9999 -9999 -9999 -9999 -9999 -9999 -9999 -9999 -9999 -9999 -9999 -9999 -9999 -9999 -9999 -9999 -9999 -9999 -9999 -9999 -9999 -9999 -9999 -9999 -9999 -9999 -9999 -9999 -9999 -9999 -9999 -9999 -9999 -9999 -9999 -9999 -9999 -9999 -9999 -9999 -9999 -9999
-9999 2.41746 2.92304 2.73412 2.44246 2.56875 2.59415 2.61048 2.61860 2.51687 2.49508 2.57179 2.55264 2.52127 2.51290 2.40502 2.40785 2.42225 2.43073 2.44064 2.45444 -9999 -9999 -9999 -9999 -9999 -9999 -9999 -9999 -9999 -9999 -9999 -9999 -9999 -9999 -9999 -9999 -9999 -9999 -9999 -9999 -9999 -9999 -9999 -9999 -9999 -9999 -9999 -9999 -9999 -9999 -9999 -9999 -9999 -9999 -9999 -9999 -9999 -9999 -9999 -9999 -9999 -9999 -9999 -9999 -9999 -9999 -9999 -9999 -9999 -9999 -9999
-9999 -9999 -9999 2.86759 2.78094 2.89190 2.89530 2.90038 2.90783 2.81383 2.79764 2.80264 2.67847 2.65765 2.73532 2.71808 2.61867 2.51985 2.52752 2.44322 2.45044 -9999 -9999 -9999 -9999 -9999 -9999 -9999 -9999 -9999 -9999 -9999 -9999 -9999 -9999 -9999 -9999 -9999 -9999 -9999 -9999 -9999 -9999 -9999 -9999 -9999 -9999 -9999 -9999 -9999 -9999 -9999 -9999 -9999 -9999 -9999 -9999 -9999 -9999 -9999 -9999 -9999 -9999 -9999 -9999 -9999 -9999 -9999 -9999 -9999 -9999 -9999
3.49802 3.39395 3.39050 3.19827 3.09882 3.10665 3.10771 3.10440 3.10937 3.01174 3.00848 3.09318 2.99330 2.97458 2.96313 2.84120 2.82831 2.83547 2.83980 2.74657 2.74269 2.74662 2.75630 2.76003 2.86641 2.86513 2.96272 -9999 -9999 -9999 -9999 -9999 -9999 -9999 -9999 -9999 -9999 -9999 -9999 -9999 -9999 -9999 -9999 -9999 -9999 -9999 -9999 -9999 -9999 -9999 -9999 -9999 -9999 -9999 -9999 -9999 -9999 -9999 -9999 -9999 -9999 -9999 -9999 -9999 -9999 -9999 -9999 -9999 -9999 -9999 -9999 -9999
3.74427 3.64315 3.44280 3.53291 3.43922 3.52814 3.42517 3.40965 3.41495 3.40881 3.30923 3.40132 3.29078 3.29626 3.27862 3.16206 3.14281 3.13710 3.03391 3.04760 2.84845 2.74933 2.84899 2.95581 3.05345 3.05783 2.97004 3.07851 3.07941 3.10663 3.11314 3.11303 3.12751 3.03181 2.94356 2.95224 2.96301 2.85764 2.85489 2.83840 3.01664 2.99661 -9999 -9999 -9999 -9999 -9999 -9999 -9999 -9999 -9999 -9999 -9999 -9999 -9999 -9999 -9999 -9999 -9999 -9999 -9999 -9999 -9999 -9999 -9999 -9999 -9999 -9999 -9999 -9999 -9999 -9999
3.50299 3.58902 3.37391 3.27357 3.45998 3.64276 3.72939 3.71590 3.61993 3.71452 3.70466 3.71623 3.59909 3.59121 3.57849 3.57136 3.45606 3.44361 3.34267 3.04370 2.43846 2.53602 2.63171 2.83764 3.14995 3.25427 3.25775 3.06792 2.88773 3.30243 3.31290 3.31842 3.32663 3.23609 3.23601 3.25501 3.25043 3.25377 3.25418 3.13387 3.12382 3.19765 3.29194 -9999 -9999 -9999 -9999 -9999 -9999 -9999 -9999 -9999 -9999 -9999 -9999 -9999 -9999 -9999 -9999 -9999 -9999 -9999 -9999 -9999 -9999 -9999 -9999 -9999 -9999 -9999 -9999 -9999
1.69337 2.17213 1.04933 2.04970 2.33174 2.31020 2.59966 2.58345 3.18021 2.87273 3.15865 3.54251 3.62933 3.71949 3.70701 3.69851 3.68396 3.58945 3.37845 3.08333 2.97899 2.87693 2.86833 3.06033 2.57231 3.06555 3.48594 3.40587 3.01171 3.22875 3.33736 3.45774 3.36118 3.46832 3.46737 3.47159 3.38644 3.38823 3.28723 3.26324 3.23912 3.22838 3.41305 -9999 -9999 -9999 -9999 -9999 -9999 -9999 -9999 -9999 -9999 -9999 -9999 -9999 -9999 -9999 3.78172 3.80416 -9999 -9999 -9999 -9999 2.83146 1.80909 0.99229 1.47194 2.56181 2.86183 3.05322 2.84930
2.09560 2.27792 1.55862 2.65091 3.43681 3.32048 2.70811 2.69100 2.67605 3.65453 3.83807 3.82529 3.61215 3.59099 3.97265 3.85809 4.05195 3.96931 3.97013 3.66062 3.34484 3.23583 3.73110 3.82180 3.82813 3.83400 3.84298 3.75867 3.77641 3.78523 3.79534 3.80714 3.80719 3.81794 3.81636 3.82486 3.73116 3.62921 3.62818 3.60835 3.60706 3.58213 3.56874 3.86840 3.84769 3.83107 3.68496 2.43634 2.07918 2.42834 2.16044 2.09775 2.53500 2.36925 2.38622 3.62077 3.73316 3.86572 3.79004 3.91246 -9999 -9999 -9999 -9999 -9999 3.11247 2.49080 2.07472 1.87740 1.97078 2.26930 1.76822
2.49618 2.19350 1.16366 2.15620 3.13838 3.32935 3.51511 4.10070 4.57918 4.66803 4.64443 4.61071 4.59297 4.56803 4.43662 4.41135 4.32441 4.34137 4.25851 4.35181 4.23672 4.32125 4.20670 4.18727 4.18158 4.19172 4.20457 4.11863 4.12859 4.13881 4.15823 4.15799 4.15642 4.17133 4.17334 4.07286 4.07522 4.07721 3.97657 3.96083 3.95734 3.93879 3.93114 4.02160 4.01820 4.00930 3.93747 2.86589 2.40398 2.94356 3.37624 2.81194 1.73185 0.86095 2.18753 1.60731 1.51992 1.93998 2.66520 2.89205 2.71869 3.47290 4.05214 4.04339 3.92576 3.70574 3.69032 2.98661 2.58639 1.78937 2.08567 1.59384
-1.48284 3.30420 1.17833 0.86148 1.94391 2.72804 2.62689 5.00109 5.19305 5.15331 5.13328 4.99731 4.96543 4.92951 4.89140 4.78414 4.79815 4.72186 4.13506 4.15155 4.53108 4.61781 4.60835 4.58396 4.57970 4.56161 4.57247 4.47280 4.47307 4.49642 4.50046 4.50368 4.50968 4.51949 4.42909 4.42575 4.32020 4.41146 4.42980 4.41669 4.11159 4.19567 4.29206 4.28398 4.38128 4.36955 4.39585 4.21767 3.93695 3.44496 3.88224 3.30926 3.22448 2.45436 1.38144 1.28135 1.60625 1.62354 1.44881 1.97261 1.19699 2.19301 3.47204 3.83638 4.12380 4.00721 3.99697 3.39835 2.59520 1.29540 1.30753 1.01791
-0.67002 1.19580 4.28721 3.07031 4.14234 4.53194 3.22437 4.10670 4.89285 5.16275 5.42295 5.39202 5.35023 5.31179 5.27533 5.17081 5.17949 4.90759 3.31834 3.53696 4.02998 4.10974 4.69200 4.77935 4.86403 4.95870 4.96209 4.86258 4.85241 4.85716 4.85194 4.85281 4.85813 4.75735 4.76155 4.76707 4.56796 4.45744 4.16663 4.25029 4.35986 3.45943 3.15059 3.45382 4.15094 4.54165 4.84223 4.85434 4.26866 3.58064 3.48136 3.19586 3.10823 3.02460 3.26368 3.17047 2.08876 1.81123 1.42332 1.06045 0.58196 0.18364 1.57010 2.15909 2.65441 2.71481 2.80521 2.49482 2.20345 1.90469 2.01832 1.83416
0.39660 0.36678 0.35373 2.43157 4.41014 4.39485 3.28049 3.06884 4.35157 2.21781 2.57619 3.34658 4.70458 5.15794 5.34661 5.53774 5.55189 5.27832 4.48965 3.91157 4.51848 4.70424 4.98376 5.27794 5.36443 5.36265 5.24845 5.24737 5.24782 5.24600 5.13433 4.72698 4.92158 5.01478 4.61775 4.50773 4.49335 4.29856 3.79829 3.69339 4.20134 4.39270 4.08958 3.39822 3.29838 3.89326 4.29732 4.88816 3.98666 3.50374 3.50214 3.40026 3.80998 3.01162 2.25673 1.96151 0.98285 2.00225 2.41819 2.34255 2.45780 2.26133 1.45689 0.64528 2.04226 1.23053 1.99271 2.39832 2.39319 2.49658 3.71007 3.42696
1.22898 0.29407 -0.52519 -0.74244 2.12604 3.39385 3.98585 3.96715 4.65257 3.33602 1.10149 -0.33083 -1.06028 1.51283 3.31190 4.51508 5.52954 5.75111 5.86246 5.78486 5.80160 5.69024 5.77906 5.75837 5.76232 5.64827 5.64847 5.64485 5.34776 5.24374 4.93379 4.72296 4.60723 5.17708 4.57787 4.25716 3.64041 4.23530 4.42530 3.91591 3.83190 4.32593 4.34253 3.73375 4.12240 4.02410 4.22685 4.71747 4.90998 5.01790 4.61701 4.23643 4.02766 3.83704 3.65934 2.45686 1.78081 2.28951 1.00000 1.42047 1.93763 2.23281 2.72948 3.12282 3.01327 2.61392 2.40780 2.80023 3.06826 3.76769 4.46750 4.48737
0.15940 -0.96424 -1.18395 -0.62714 -0.24865 -0.18032 0.79534 2.17085 3.65516 5.03407 3.81460 2.78915 1.57754 0.36960 0.17984 0.68861 1.70875 3.32295 4.13114 5.25786 5.67142 5.88755 5.97419 6.15222 6.15042 6.14037 5.94372 5.34060 4.93412 5.52788 3.93106 3.51475 3.59382 3.97179 3.94584 4.02167 3.80519 4.18358 4.07038 3.95331 4.04379 4.56276 4.04535 3.86266 3.56181 3.55992 3.66119 3.95107 4.26046 3.36315 3.26576 2.58722 2.47649 2.68750 2.79686 1.50543 2.49643 2.59007 1.47906 2.28099 2.40264 2.59560 3.79416 3.58248 3.48698 2.49092 3.08440 3.57830 3.87596 4.86997 5.03825 4.63934
0.18763 -0.64303 -0.17501 -0.79761 -1.14268 -0.46584 0.50710 0.57219 2.16026 2.66487 2.43717 2.61270 3.32312 3.02818 3.03453 2.46279 1.18114 0.80227 1.51151 2.43146 3.24436 4.76306 5.87028 6.44692 6.54212 6.54011 5.73660 4.83644 4.82912 4.83149 4.52408 3.60262 4.08054 3.44805 4.91743 4.89330 4.47126 3.44171 3.91910 4.51388 5.05856 4.60170 4.11036 2.91566 2.61515 2.61773 3.11748 3.01080 2.11689 1.72473 2.22629 1.73835 0.84189 1.64211 0.94047 2.42914 1.61743 2.88942 3.45025 3.42920 4.03739 3.84305 4.04118 3.25045 4.05391 4.76476 4.96356 4.75557 4.86109 5.54655 5.53363 4.19255
1.62842 1.59537 1.85048 0.31567 -0.61676 -0.34919 -0.39075 -0.12170 1.46736 3.26914 0.05228 0.54589 1.75663 0.08513 -1.09152 -0.36210 4.55087 2.07739 -0.30188 0.20957 1.12493 2.54252 6.05450 6.64933 6.93624 6.83392 6.23548 5.32460 5.42130 4.91169 4.80093 4.67835 4.74245 5.70366 5.37240 4.74620 4.71578 4.17043 3.86384 3.06523 4.06425 4.26751 3.66610 4.96371 4.87342 4.07640 3.37181 2.67773 2.38178 1.97661 2.48853 2.59097 2.50198 1.79057 1.48326 2.16651 2.04038 3.59506 3.94953 4.82131 4.98870 4.28907 3.80665 5.20566 5.61095 5.71976 5.92501 5.84253 5.63130 5.61494 5.90747 5.28166
2.25093 2.11663 2.48626 1.85906 1.71600 1.59298 1.15360 1.41079 1.20428 1.60404 1.29626 1.49853 2.33273 0.84501 0.57793 -0.59604 0.62314 2.14503 3.16572 2.37749 2.28922 3.20987 3.92462 5.72914 6.80557 6.89201 6.68644 6.06937 6.25771 5.35285 5.54319 6.01445 5.46734 5.34108 5.40517 5.26510 5.12947 4.81370 4.09993 3.11317 3.10245 3.00607 3.29886 5.09326 5.20031 4.40324 3.80252 3.21134 2.31161 2.11211 2.92333 3.32982 2.13345 2.92198 3.20523 3.49027 4.06155 2.92409 3.97716 4.52527 5.09122 5.27493 6.06678 6.37659 6.28604 6.19712 5.81254 4.91856 5.50798 5.89332 6.19291 6.07700
2.01663 1.58054 1.62682 1.80859 2.68267 2.75306 2.92660 2.90601 3.09217 1.78802 0.58230 1.50169 2.81453 2.93023 2.04524 1.77865 1.49735 0.30806 1.23919 2.35031 3.86069 4.77750 4.50910 4.28798 4.96375 6.44354 6.32742 5.80513 5.20228 5.57325 5.46701 6.53007 6.09006 5.55594 4.61746 4.69421 3.67332 4.47068 3.03993 1.74762 2.82894 3.02124 2.01466 2.90645 4.09504 4.09842 3.80400 4.10804 3.42096 2.82815 4.22379 4.84496 4.95416 5.24534 5.03994 4.91617 4.39416 4.85198 4.21640 5.27208 5.33966 5.51318 5.87796 6.18899 6.48768 6.49611 6.19630 5.68631 4.99978 5.29170 5.89171 6.29254
1.18102 0.54363 0.40559 1.38505 1.75322 2.41811 2.81076 3.57963 2.47106 2.46071 1.85809 0.47970 1.60179 3.31100 3.62308 2.54183 1.76704 0.98580 1.20188 2.12131 2.63282 3.24479 4.16948 4.54261 5.30838 4.98089 5.75537 6.14069 5.52001 6.39444 5.68108 6.34397 4.60779 4.18435 5.35356 4.22762 3.10852 3.48981 3.77833 2.66517 2.26177 2.24899 2.95087 3.12179 3.50641 3.80645 3.61180 4.02372 3.53118 3.73476 3.54348 4.06627 3.95944 3.96929 4.26806 4.66011 5.73344 6.20062 6.75605 6.91995 6.49437 6.25498 6.40590 6.42256 6.60891 6.51003 6.31369 5.00540 4.40688 4.60900 5.21898 5.92479
2.61805 0.70286 0.58326 0.55996 2.23966 2.51594 3.59869 3.37512 3.75716 4.44660 3.95827 3.17173 1.78114 2.59287 2.80407 2.41741 3.33745 3.05637 3.47046 1.49404 3.20759 4.02546 4.64177 5.12273 4.57929 3.73126 4.99468 5.96895 6.45765 5.12973 5.60316 5.87349 4.55386 3.72426 5.00837 4.26760 3.65173 2.83676 3.00821 3.10654 2.78337 3.27159 3.14788 3.54261 3.42276 4.79703 4.32187 4.12196 4.13842 4.35913 4.25470 4.86522 5.58498 5.38717 6.08579 5.98920 6.45916 7.12139 7.19470 7.16712 6.72996 6.47111 6.27045 4.76343 5.35996 4.95460 5.25046 5.04267 5.83857 5.66531 5.77129 5.97918
3.08035 1.56278 0.55387 0.64234 -0.26638 0.71832 2.50161 2.68839 2.97132 3.86194 3.15957 3.76811 3.16301 1.77891 2.78013 3.98632 4.50246 4.02413 4.24106 4.46806 3.28848 3.70032 4.91495 5.99611 6.83361 5.89004 6.14713 7.41364 6.68418 6.64999 6.25220 5.51430 4.90043 4.26496 3.85193 4.41740 3.59142 2.58280 1.95724 3.33602 3.61134 3.29339 4.57440 5.24956 5.73562 6.71831 7.32217 7.23827 7.44876 7.65790 7.67628 7.58286 7.09873 6.71241 6.71535 7.01405 7.67996 7.55698 7.51726 7.28022 7.04736 6.04163 4.52639 3.80966 4.21127 4.18721 4.57193 5.27224 5.76407 5.69440 5.91313 5.52062
3.94655 2.33651 2.53704 1.22188 1.12199 -0.68495 0.82655 2.22850 1.62547 1.49616 2.17616 2.95764 2.04779 2.45457 3.54839 3.46146 3.97608 4.80272 5.01078 4.72500 3.94340 2.75860 4.97930 6.35959 6.60625 5.15054 5.79855 5.86524 4.94818 6.13797 6.43745 5.28926 4.85977 4.13051 4.49230 4.16584 4.32530 3.29817 3.16390 4.25338 5.82704 5.30750 6.29942 7.86898 7.95419 7.63183 7.54535 6.75740 7.46852 -9999 -9999 8.11183 8.12069 8.32863 7.62541 7.61313 7.87839 7.74229 6.99096 6.75308 5.44759 4.33799 3.22291 3.61037 3.09551 2.77683 2.66665 4.75127 5.54513 5.67475 6.69411 5.90914
3.92777 3.32804 2.63607 2.54450 2.95145 1.25810 2.96478 2.37695 1.76520 1.34076 2.41472 2.08496 2.05864 3.12451 3.82127 3.02120 4.02817 4.94870 4.26827 4.78500 5.49762 5.41238 5.12880 3.61643 4.87650 4.63346 5.48534 5.26638 5.46320 5.05945 6.45738 5.70129 4.75611 4.39462 4.34638 3.98874 5.84203 7.28174 -9999 -9999 -9999 -9999 8.80176 -9999 6.88962 5.47377 6.58466 6.99539 8.61279 -9999 -9999 7.83214 7.94530 8.24994 8.12736 8.47487 8.01654 7.36099 6.50745 6.20263 5.58740 4.97671 4.45495 5.23934 2.53215 2.40926 2.99167 5.46063 6.26723 6.79500 7.91522 -9999
4.54470 4.15107 3.36595 3.67990 5.09413 2.89911 3.80038 5.30775 4.91273 4.88126 4.64317 3.61803 3.28760 3.95013 5.51042 4.58159 4.09805 4.01502 4.43065 4.13847 5.45013 5.26786 5.48931 4.96997 5.44385 5.11202 4.88506 5.17403 5.57350 5.37724 5.28538 4.90830 5.03786 4.16399 5.39196 6.31990 -9999 -9999 -9999 -9999 -9999 -9999 -9999 8.02156 7.61944 7.61007 -9999 -9999 -9999 -9999 -9999 8.96107 8.46326 7.14001 7.59754 6.93507 7.37204 7.69612 6.67300 7.53975 7.31025 6.60863 5.78146 6.45940 6.54430 5.62164 4.00121 6.07889 7.78329 -9999 -9999 -9999
