data/hydroclimate-scenarios/BCSD_hadcm_B1/monthly_summaries/tavg_monthly_avg_jan.2070-2099.asc
ncols	311
nrows	91
xllcenter	102.75
yllcenter	31.75
cellsize	0.5
NODATA_value	-9999
[rows 0 to 30 of 91, columns 210 to 279 of 311]
-9999 -9999 -9999 -9999 -9999 -9999 -9999 -9999 -9999 -9999 -9999 -9999 -9999 -9999 -9999 -9999 -9999 -9999 -9999 -9999 -9999 -9999 -9999 -9999 -9999 -9999 -9999 -9999 -9999 -9999 -9999 -9999 -9999 -9999 -9999 -9999 -9999 -9999 -9999 -9999 -9999 -9999 -9999 -9999 -9999 -9999 -9999 -9999 -9999 -9999 -9999 -9999 -9999 -9999 -9999 -9999 -9999 -9999 -9999 -9999 -9999 -9999 -9999 -9999 -9999 -9999 -9999 -9999 -9999 -9999
-9999 -9999 -9999 -9999 -9999 -9999 -9999 -9999 -9999 -9999 -9999 -9999 -9999 -9999 -9999 -9999 -9999 -9999 -9999 -9999 -9999 -9999 -9999 -9999 -9999 -9999 -9999 -9999 -9999 -9999 -9999 -9999 -9999 -9999 -9999 -9999 -9999 -9999 -9999 -9999 -9999 -9999 -9999 -9999 -9999 -9999 -9999 -9999 -9999 -9999 -9999 -9999 -9999 -9999 -9999 -9999 -9999 -9999 -9999 -9999 -9999 -9999 -9999 -9999 -9999 -9999 -9999 -9999 -9999 -9999
-9999 -9999 -9999 -9999 -9999 -9999 -9999 -9999 -9999 -9999 -9999 -9999 -9999 -9999 -9999 -9999 -9999 -9999 -9999 -9999 -9999 -9999 -9999 -9999 -9999 -9999 -9999 -9999 -9999 -9999 -9999 -9999 -9999 -9999 -9999 -9999 -9999 -9999 -9999 -9999 -9999 -9999 -9999 -9999 -9999 -9999 -9999 -9999 -9999 -9999 -9999 -9999 -9999 -9999 -9999 -9999 -9999 -9999 -9999 -9999 -9999 -9999 -9999 -9999 -9999 -9999 -9999 -9999 -9999 -9999
-9999 -9999 -9999 -9999 -9999 -9999 -9999 -9999 -9999 -9999 -9999 -9999 -9999 -9999 -9999 -9999 -9999 -9999 -9999 -9999 -9999 -9999 -9999 -9999 -9999 -9999 -9999 -9999 -9999 -9999 -9999 -9999 -9999 -9999 -9999 -9999 -9999 -9999 -9999 -9999 -9999 -9999 -9999 -9999 -9999 -9999 -9999 -9999 -9999 -9999 -9999 -9999 -9999 -9999 -9999 -9999 -9999 -9999 -9999 -9999 -9999 -9999 -9999 -9999 -9999 -9999 -9999 -9999 -9999 -9999
-9999 -9999 -9999 -9999 -9999 -9999 -9999 -9999 -9999 -9999 -9999 -9999 -9999 -9999 -9999 -9999 -9999 -9999 -9999 -9999 -9999 -9999 -9999 -9999 -9999 -9999 -9999 -9999 -9999 -9999 -9999 -9999 -9999 -9999 -9999 -9999 -9999 -9999 -9999 -9999 -9999 -9999 -9999 -9999 -9999 -9999 -9999 -9999 -9999 -9999 -9999 -9999 -9999 -9999 -9999 -9999 -9999 -9999 -9999 -9999 -9999 -9999 -9999 -9999 -9999 -9999 -9999 -9999 -9999 -9999
-9999 -9999 -9999 -9999 -9999 -9999 -9999 -9999 -9999 -9999 -9999 -9999 -9999 -9999 -9999 -9999 -9999 -9999 -9999 -9999 -9999 -9999 -9999 -9999 -9999 -9999 -9999 -9999 -9999 -9999 -9999 -9999 -9999 -9999 -9999 -9999 -9999 -9999 -9999 -9999 -9999 -9999 -9999 -9999 -9999 -9999 -9999 -9999 -9999 -9999 -9999 -9999 -9999 -9999 -9999 -9999 -9999 -9999 -9999 -9999 -9999 -9999 -9999 -9999 -9999 -9999 -9999 -9999 -9999 -9999
-9999 -9999 -9999 -9999 -9999 -9999 -9999 -9999 -9999 -9999 -9999 -9999 -9999 -9999 -9999 -9999 -9999 -9999 -9999 -9999 -9999 -9999 -9999 -9999 -9999 -9999 -9999 -9999 -9999 -9999 -9999 -9999 -9999 -9999 -9999 -9999 -9999 -9999 -9999 -9999 -9999 -9999 -9999 -9999 -9999 -9999 -9999 -9999 -9999 -9999 -9999 -9999 -9999 -9999 -9999 -9999 -9999 -9999 -9999 -9999 -9999 -9999 -9999 -9999 -9999 -9999 -9999 -9999 -9999 -9999
-9999 -9999 -9999 -9999 -9999 -9999 -9999 -9999 -9999 -9999 -9999 -9999 -9999 -9999 -9999 -9999 -9999 -9999 -9999 -9999 -9999 -9999 -9999 -9999 -9999 -9999 -9999 -9999 -9999 -9999 -9999 -9999 -9999 -9999 -9999 -9999 -9999 -9999 -9999 -9999 -9999 -9999 -9999 -9999 -9999 -9999 -9999 -9999 -9999 -9999 -9999 -9999 -9999 -9999 -9999 -9999 -9999 -9999 -9999 -9999 -9999 -9999 -9999 -9999 -9999 -9999 -9999 -9999 -9999 -9999
-9999 -9999 -9999 -9999 -9999 -9999 -9999 -9999 -9999 -9999 -9999 -9999 -9999 -9999 -9999 -9999 -9999 -9999 -9999 -9999 -9999 -9999 -9999 -9999 -9999 -9999 -9999 -9999 -9999 -9999 -9999 -9999 -9999 -9999 -9999 -9999 -9999 -9999 -9999 -9999 -9999 -9999 -9999 -9999 -9999 -9999 -9999 -9999 -9999 -9999 -9999 -9999 -9999 -9999 -9999 -9999 -9999 -9999 -9999 -9999 -9999 -9999 -9999 -9999 -9999 -9999 -9999 -9999 -9999 -9999
-9999 -9999 -9999 -9999 -9999 -9999 -9999 -9999 -9999 -9999 -9999 -9999 -9999 -9999 -9999 -9999 -9999 -9999 -9999 -9999 -9999 -9999 -9999 -9999 -9999 -9999 -9999 -9999 -9999 -9999 -9999 -9999 -9999 -9999 -9999 -9999 -9999 -9999 -9999 -9999 -9999 -9999 -9999 -9999 -9999 -9999 -9999 -9999 -9999 -9999 -9999 -9999 -9999 -9999 -9999 -9999 -9999 -9999 -9999 -9999 -9999 -9999 -9999 -9999 -9999 -9999 -9999 -9999 -9999 -9999
-9999 -9999 -9999 -9999 -9999 -9999 -9999 -9999 -9999 -9999 -9999 -9999 -9999 -9999 -9999 -9999 -9999 -9999 -9999 -9999 -9999 -9999 -9999 -9999 -9999 -9999 -9999 -9999 -9999 -9999 -9999 -9999 -9999 -9999 -9999 -9999 -9999 -9999 -9999 -9999 -9999 -9999 -9999 -9999 -9999 -9999 -9999 -9999 -9999 -9999 -9999 -9999 -9999 -9999 -9999 -9999 -9999 -9999 -9999 -9999 -9999 -9999 -9999 -9999 -9999 -9999 -9999 -9999 -9999 -9999
-9999 -9999 -9999 -9999 -9999 -9999 -9999 -9999 -9999 -9999 -9999 -9999 -9999 -9999 -9999 -9999 -9999 -9999 -9999 -9999 -9999 -9999 -9999 -9999 -9999 -9999 -9999 -9999 -9999 -9999 -9999 -9999 -9999 -9999 -9999 -9999 -9999 -9999 -9999 -9999 -9999 -9999 -9999 -9999 -9999 -9999 -9999 -9999 -9999 -9999 -9999 -9999 -9999 -9999 -9999 -9999 -9999 -9999 -9999 -9999 -9999 -9999 -9999 -9999 -9999 -9999 -9999 -9999 -9999 -9999
-9999 -9999 -9999 -9999 -9999 -9999 -9999 -9999 -9999 -9999 -9999 -9999 -9999 -9999 -9999 -9999 -9999 -9999 -9999 -9999 -9999 -9999 -9999 -9999 -9999 -9999 -9999 -9999 -9999 -9999 -9999 -9999 -9999 -9999 -9999 -9999 -9999 -9999 -9999 -9999 -9999 -9999 -9999 -9999 -9999 -9999 -9999 -9999 -9999 -9999 -9999 -9999 -9999 -9999 -9999 -9999 -9999 -9999 -9999 -9999 -9999 -9999 -9999 -9999 -9999 -9999 -9999 -9999 -9999 -9999
-23.44700 -23.20730 -23.18130 -23.19040 -23.09690 -23.03750 -22.82300 -22.48490 -22.20340 -9999 -9999 -9999 -9999 -9999 -9999 -9999 -9999 -9999 -9999 -9999 -9999 -9999 -9999 -9999 -9999 -9999 -9999 -9999 -9999 -9999 -9999 -9999 -9999 -9999 -9999 -9999 -9999 -9999 -9999 -9999 -9999 -9999 -9999 -9999 -9999 -9999 -9999 -9999 -9999 -9999 -25.05060 -9999 -9999 -9999 -9999 -9999 -9999 -9999 -9999 -9999 -9999 -9999 -9999 -9999 -9999 -9999 -9999 -9999 -9999 -9999
-24.71010 -24.74530 -24.86230 -24.36950 -23.88380 -23.52070 -23.04380 -22.65310 -22.19620 -21.85950 -21.41610 -20.83940 -20.21810 -19.51580 -19.34980 -19.41020 -20.05100 -20.59160 -20.81250 -20.87810 -20.90890 -18.86300 -9999 -9999 -9999 -9999 -9999 -9999 -9999 -9999 -9999 -9999 -9999 -9999 -9999 -9999 -9999 -9999 -9999 -9999 -9999 -9999 -9999 -9999 -9999 -25.59290 -25.06800 -25.39520 -26.01950 -26.36930 -25.96770 -25.10340 -9999 -9999 -9999 -24.56910 -9999 -9999 -9999 -24.07550 -23.94390 -23.60650 -9999 -9999 -9999 -9999 -9999 -9999 -9999 -9999
-24.12620 -24.38930 -24.40220 -24.18600 -23.98110 -22.92280 -22.29930 -22.00890 -21.60750 -20.64350 -19.80530 -19.34590 -19.33750 -19.29690 -19.71530 -19.90440 -20.45150 -21.00760 -20.47480 -20.36550 -20.46990 -21.60540 -22.01260 -21.87430 -22.00700 -21.64930 -21.52910 -21.91820 -9999 -9999 -9999 -9999 -9999 -23.71730 -23.98790 -23.98590 -23.78040 -23.87190 -23.59360 -23.72280 -23.94150 -24.16300 -24.48230 -24.40300 -24.58810 -26.23210 -26.08720 -26.41930 -26.26290 -26.71920 -26.79790 -25.25300 -25.20660 -25.15080 -25.10670 -24.85590 -24.70180 -24.63990 -24.71520 -24.49820 -24.66470 -24.90780 -24.47600 -24.04170 -23.90890 -24.40600 -24.60800 -9999 -9999 -9999
-22.57440 -22.48540 -21.88450 -21.22170 -20.48970 -19.85450 -19.45770 -20.04380 -19.63280 -19.27150 -19.89610 -19.80140 -19.84670 -20.34800 -20.76570 -21.08390 -21.24110 -20.96170 -20.58240 -20.49920 -20.28670 -21.67780 -21.64540 -22.12320 -22.40190 -22.02380 -22.66050 -22.98940 -23.29380 -23.19910 -23.50090 -23.58520 -23.84940 -23.81830 -24.09070 -24.28380 -24.39160 -24.48720 -24.18860 -24.21520 -24.53900 -24.68650 -24.88320 -24.83020 -24.99400 -25.04820 -25.19690 -25.31450 -25.33380 -25.62210 -25.62420 -25.58280 -25.64920 -25.60610 -25.47650 -25.23180 -25.17650 -25.04210 -25.01530 -24.78940 -24.57010 -24.34170 -24.21370 -24.17020 -24.34190 -24.82710 -25.51750 -25.61430 -25.72950 -25.85630
-20.41220 -20.40750 -20.51710 -20.79550 -20.78440 -20.58970 -20.54410 -20.55490 -21.14430 -20.81470 -21.36570 -21.17800 -22.00270 -22.99660 -23.30090 -21.05540 -19.79340 -19.49570 -19.82660 -19.62340 -20.19490 -20.93570 -21.22150 -21.67460 -21.78940 -21.31650 -21.85400 -22.85600 -23.56560 -24.26240 -24.67030 -25.06190 -25.20680 -24.87600 -24.43400 -24.59190 -24.67920 -24.78730 -24.78760 -24.71270 -24.70810 -24.78210 -24.91230 -25.14680 -25.37110 -25.50000 -25.53180 -25.55870 -25.79470 -25.91230 -25.84940 -25.82710 -25.79740 -25.76970 -25.54220 -25.41760 -25.37690 -25.42270 -25.20990 -25.08700 -24.87450 -24.73400 -24.60800 -24.68160 -24.77000 -25.43680 -25.73020 -25.70390 -25.79150 -26.17000
-22.27930 -22.77340 -23.02910 -22.58080 -21.80250 -21.74950 -21.57390 -21.62350 -21.80510 -22.10930 -21.94640 -22.06430 -23.44360 -22.81520 -21.30130 -19.14150 -19.67570 -18.92940 -19.22890 -20.58590 -21.22770 -21.41240 -21.73250 -21.52100 -21.67980 -21.47310 -21.63230 -22.73700 -23.54310 -24.16140 -25.35880 -25.77460 -26.05620 -25.60550 -25.07210 -25.23270 -25.11960 -24.99380 -24.77880 -25.03310 -25.04000 -24.96740 -25.19420 -25.43670 -25.68210 -25.73180 -25.98850 -26.13170 -26.15920 -26.20090 -26.18450 -25.96630 -25.86460 -25.85060 -25.91840 -25.70200 -25.65200 -25.61390 -25.48960 -25.27390 -25.24140 -25.15170 -25.01980 -25.01500 -25.19450 -25.65540 -25.81080 -25.87050 -26.20920 -26.30100
-22.89310 -22.78550 -23.05750 -23.59410 -23.75980 -22.74320 -22.38220 -21.58090 -21.42800 -21.87850 -21.95660 -22.86710 -23.66930 -23.70440 -23.81210 -23.80170 -24.96230 -24.47000 -23.72090 -23.25580 -22.63620 -20.59810 -20.96260 -21.57570 -21.63400 -22.20560 -22.82070 -23.71880 -23.91470 -24.03930 -24.42820 -25.04410 -26.23010 -25.77830 -25.73820 -25.70520 -25.47950 -25.35040 -25.05200 -25.23890 -25.21660 -25.35050 -25.44170 -25.55090 -25.89730 -26.20140 -26.45260 -26.37000 -26.48530 -26.29980 -26.21660 -26.13120 -25.92210 -25.81520 -25.80620 -25.70010 -25.74120 -25.82470 -25.68390 -25.47890 -25.35760 -25.37550 -25.44230 -25.42330 -25.62100 -25.76800 -25.92220 -26.08860 -26.31340 -26.39210
-22.87650 -21.36290 -21.20350 -22.07470 -22.69300 -22.04960 -20.30970 -19.34150 -19.67810 -21.80240 -23.78600 -25.44260 -25.84280 -26.08180 -26.20630 -26.56960 -28.25920 -28.67610 -27.16590 -23.97870 -22.85440 -20.54670 -21.07620 -21.87920 -22.88640 -23.19940 -23.86420 -24.45640 -24.44740 -24.54580 -24.83580 -25.42880 -26.23470 -26.67190 -26.01400 -25.87250 -25.65410 -25.60930 -25.50700 -25.39120 -25.47380 -25.56340 -25.75450 -25.82840 -26.00140 -26.18940 -26.77560 -26.86970 -26.75270 -26.53330 -26.23100 -25.98000 -25.88120 -25.96650 -25.85760 -25.72170 -25.77390 -25.83980 -25.61330 -25.60960 -25.59680 -25.46980 -25.38530 -25.57190 -25.56400 -25.63010 -25.81060 -26.07540 -26.23600 -26.41580
-21.02420 -20.44720 -21.00490 -22.46170 -23.01110 -23.18500 -22.98340 -22.66570 -23.11830 -24.15620 -24.77940 -25.08310 -24.30450 -23.62630 -23.42720 -23.75390 -25.19670 -24.77960 -22.97380 -20.81760 -20.94570 -19.98840 -20.71450 -22.12590 -23.57060 -24.55010 -24.63060 -24.80220 -24.85160 -25.03430 -25.32760 -26.00630 -26.39480 -27.04280 -26.68150 -26.43510 -25.90080 -25.65700 -25.76100 -25.75680 -25.60880 -25.80030 -25.67800 -26.01230 -26.15170 -26.39040 -26.51230 -26.94050 -26.68930 -26.24010 -25.99800 -25.67910 -25.69830 -25.78270 -25.66220 -25.53090 -25.57220 -25.63440 -25.49960 -25.59820 -25.60800 -25.51210 -25.50230 -25.30480 -25.51160 -25.57890 -25.86220 -26.22900 -26.12960 -26.52090
-19.66830 -20.08680 -20.82230 -21.65860 -23.37960 -23.91850 -24.24440 -22.27970 -19.42870 -18.05910 -17.72080 -18.21540 -18.22270 -17.79240 -18.30650 -20.86520 -24.29990 -21.58350 -19.82770 -17.87050 -18.44830 -19.98000 -20.69170 -22.22970 -23.98610 -24.85020 -25.08750 -25.66230 -25.48650 -26.02670 -26.40860 -26.37930 -26.45690 -26.52240 -26.46140 -26.40660 -26.55500 -26.52400 -26.31740 -26.59330 -26.65890 -26.41480 -26.40200 -26.39470 -26.29730 -26.07920 -26.17760 -26.34540 -26.23590 -25.82560 -25.76660 -25.54520 -25.51820 -25.50470 -25.58200 -25.44050 -25.68090 -25.65170 -25.80830 -25.91200 -25.92120 -25.63180 -25.52550 -25.62560 -25.62180 -26.00800 -26.10060 -26.30420 -26.41410 -27.01960
-19.28380 -19.20270 -20.19810 -19.36630 -18.46580 -18.24070 -19.74320 -18.74360 -16.94620 -16.03400 -15.70790 -16.64660 -17.36680 -16.80970 -16.65370 -16.66240 -18.25910 -17.92890 -17.67590 -18.31460 -18.72490 -20.14510 -21.26020 -22.64440 -24.32960 -24.86780 -25.15800 -25.91740 -26.53970 -26.86290 -27.19380 -27.36350 -27.34320 -27.30940 -26.84280 -26.95900 -27.21560 -27.56380 -27.64940 -27.82110 -27.60470 -27.47840 -27.23580 -27.30590 -27.24060 -26.79390 -26.53730 -26.38120 -26.24010 -25.28260 -24.97880 -24.75150 -24.92040 -24.92800 -25.08040 -25.33510 -25.49560 -25.55700 -25.90590 -25.92210 -25.51190 -25.53470 -26.03760 -26.14020 -26.05020 -26.24480 -26.45890 -26.57640 -26.70590 -27.14730
-17.52260 -18.66360 -19.22300 -19.95280 -20.26430 -19.56460 -19.23120 -18.52760 -18.31390 -19.25940 -19.83260 -18.13340 -18.73040 -17.12900 -16.30910 -15.58570 -15.41360 -15.30910 -16.56960 -18.07560 -18.25450 -21.03380 -21.53220 -22.37770 -24.43610 -25.20330 -25.95860 -26.50820 -27.02380 -27.73610 -27.74910 -27.97730 -28.02030 -28.06750 -28.00420 -27.83350 -27.78240 -28.18080 -28.06540 -28.12800 -28.21440 -27.96590 -27.75560 -27.60370 -27.53100 -27.07840 -27.01770 -26.74960 -26.48980 -26.02760 -25.72330 -24.98050 -24.54080 -24.71450 -24.84830 -25.01490 -25.55030 -25.70910 -25.86100 -25.95450 -25.95110 -25.77760 -25.78250 -25.99120 -26.29890 -26.61910 -26.65170 -26.37860 -26.41520 -26.63630
-16.88920 -16.60410 -17.66710 -18.36620 -17.87880 -17.30170 -17.21050 -16.87040 -16.68830 -16.42570 -16.06350 -16.78870 -18.70380 -18.95970 -18.47010 -17.34510 -16.56420 -16.18490 -17.19700 -19.78790 -22.13790 -21.68730 -22.28220 -23.08170 -23.29030 -24.43790 -24.87270 -26.06670 -26.75550 -27.35600 -27.64690 -27.63870 -27.42930 -27.14920 -26.95520 -26.98560 -26.76970 -27.27710 -27.26260 -27.28100 -27.39220 -27.17010 -27.14350 -27.11080 -26.97150 -26.52580 -26.37630 -25.93770 -25.78730 -25.54500 -25.25310 -24.91040 -24.66760 -24.68490 -24.70900 -24.85390 -25.59320 -26.02230 -26.16560 -26.16220 -26.07740 -25.87630 -25.88380 -26.09260 -26.12240 -26.25250 -26.27730 -26.29460 -26.60680 -26.70620
-17.62600 -17.61540 -16.97450 -15.45820 -14.05340 -14.09240 -14.65590 -14.57800 -15.55980 -16.49400 -17.32710 -17.60670 -17.78720 -18.11400 -18.68070 -21.48060 -22.12590 -19.81300 -17.61760 -19.40000 -21.42610 -21.74230 -22.68970 -23.10940 -23.28870 -23.77700 -24.28900 -25.23640 -25.68390 -26.06260 -26.72620 -26.49090 -25.95190 -25.61360 -25.52160 -25.43830 -25.65350 -25.38110 -25.52110 -26.22150 -26.27520 -26.36400 -26.44990 -26.11590 -25.89610 -25.88300 -25.64360 -25.42800 -25.01550 -24.79080 -25.01440 -24.86630 -24.56020 -24.67140 -24.68200 -24.99820 -25.12140 -25.74780 -26.10090 -26.26570 -26.08410 -26.08290 -26.09540 -25.82980 -26.05280 -26.08100 -26.10390 -26.20050 -26.18690 -26.38620
-15.74180 -14.56100 -15.15950 -15.68600 -14.70690 -15.23280 -16.70660 -15.29700 -16.09290 -16.68410 -17.31210 -17.46040 -17.20280 -17.33960 -18.10530 -19.10180 -20.56140 -20.88940 -22.97220 -23.44870 -22.48900 -21.51650 -22.09030 -22.74820 -22.66480 -23.33680 -23.71970 -24.94310 -25.66920 -26.22640 -26.39510 -26.04440 -25.38610 -25.12730 -24.96150 -24.71470 -24.65810 -25.11030 -25.27380 -25.27340 -25.34940 -25.54980 -25.64780 -25.32580 -25.22640 -25.13240 -24.62820 -24.43040 -24.23390 -24.53850 -24.56710 -24.22440 -24.23850 -24.44550 -24.65120 -24.96050 -25.06150 -25.36800 -26.01640 -25.99510 -26.01570 -25.83690 -25.75650 -25.88550 -25.90530 -25.72270 -25.61650 -25.69180 -25.70590 -26.00950
-15.00100 -15.49710 -16.48260 -14.82690 -11.87470 -14.06710 -16.66050 -15.98730 -16.84760 -17.99450 -18.93040 -18.65670 -18.97040 -19.55370 -19.58850 -19.49590 -18.61570 -18.36570 -18.41970 -19.77600 -23.06160 -19.90400 -20.41270 -20.96940 -22.08290 -22.97080 -23.61630 -24.94880 -25.74970 -25.96500 -25.87280 -25.47500 -24.59000 -23.60470 -23.32160 -23.34050 -23.95180 -24.44570 -24.30730 -24.44540 -24.71730 -24.82790 -24.55200 -24.75700 -24.47860 -24.49730 -24.00880 -23.72760 -23.45150 -23.77890 -24.21440 -24.12030 -24.32600 -24.42150 -24.52250 -24.42810 -24.61440 -25.02270 -24.95240 -25.35240 -25.57700 -25.29730 -25.51140 -25.32990 -25.24150 -25.25300 -25.12350 -25.22240 -25.41210 -25.51700
-12.13510 -10.70750 -11.03990 -10.31890 -10.72130 -13.74470 -15.29450 -16.86250 -16.86390 -18.17770 -20.02080 -20.83430 -20.31690 -20.04850 -20.27040 -18.18870 -19.43250 -20.23210 -19.54130 -20.11070 -19.35560 -20.72660 -20.82200 -20.13560 -20.61590 -21.18670 -22.82610 -23.87350 -24.65980 -25.05450 -25.33980 -24.64490 -23.58170 -22.88690 -22.77700 -22.60450 -23.26290 -23.53440 -23.85410 -23.55620 -23.85590 -23.77220 -23.68430 -23.70840 -23.61110 -23.54100 -23.65270 -22.97620 -22.90340 -22.93840 -23.17310 -23.69720 -23.79630 -23.85670 -23.76400 -23.84500 -24.02990 -24.26360 -24.11240 -24.58470 -24.69510 -24.81310 -25.03430 -25.04790 -25.35810 -25.34220 -25.23610 -25.12860 -24.92460 -24.81220
-12.30180 -8.91905 -10.60900 -11.48340 -13.07150 -10.51740 -9.95796 -12.36200 -14.29940 -15.42160 -17.80280 -18.52200 -17.95520 -18.37180 -19.51370 -18.49160 -17.87820 -19.62570 -20.78680 -20.41950 -19.75980 -21.05620 -20.58010 -20.49360 -20.63910 -21.09820 -22.29720 -23.44990 -23.99760 -23.98600 -23.63940 -23.55140 -22.88560 -22.22200 -21.67580 -21.34670 -21.98190 -22.34750 -22.63030 -22.89610 -22.88490 -22.58510 -22.26380 -22.47870 -22.32820 -22.04570 -22.03960 -21.53460 -21.02150 -21.43600 -21.66230 -21.66080 -21.35650 -21.56040 -21.81010 -22.24970 -22.41520 -22.85630 -22.79310 -23.10540 -23.66180 -23.61430 -23.87530 -23.72770 -23.57800 -23.82170 -23.66770 -23.61980 -23.71030 -24.02100
