data/hydroclimate-scenarios/BCSD_hadcm_B1/monthly_summaries/tavg_monthly_avg_mar.2030-2059.asc
ncols	311
nrows	91
xllcenter	102.75
yllcenter	31.75
cellsize	0.5
NODATA_value	-9999
[rows 0 to 30 of 91, columns 213 to 283 of 311]
-9999 -9999 -9999 -9999 -9999 -9999 -9999 -9999 -9999 -9999 -9999 -9999 -9999 -9999 -9999 -9999 -9999 -9999 -9999 -9999 -9999 -9999 -9999 -9999 -9999 -9999 -9999 -9999 -9999 -9999 -9999 -9999 -9999 -9999 -9999 -9999 -9999 -9999 -9999 -9999 -9999 -9999 -9999 -9999 -9999 -9999 -9999 -9999 -9999 -9999 -9999 -9999 -9999 -9999 -9999 -9999 -9999 -9999 -9999 -9999 -9999 -9999 -9999 -9999 -9999 -9999 -9999 -9999 -9999 -9999 -9999
-9999 -9999 -9999 -9999 -9999 -9999 -9999 -9999 -9999 -9999 -9999 -9999 -9999 -9999 -9999 -9999 -9999 -9999 -9999 -9999 -9999 -9999 -9999 -9999 -9999 -9999 -9999 -9999 -9999 -9999 -9999 -9999 -9999 -9999 -9999 -9999 -9999 -9999 -9999 -9999 -9999 -9999 -9999 -9999 -9999 -9999 -9999 -9999 -9999 -9999 -9999 -9999 -9999 -9999 -9999 -9999 -9999 -9999 -9999 -9999 -9999 -9999 -9999 -9999 -9999 -9999 -9999 -9999 -9999 -9999 -9999
-9999 -9999 -9999 -9999 -9999 -9999 -9999 -9999 -9999 -9999 -9999 -9999 -9999 -9999 -9999 -9999 -9999 -9999 -9999 -9999 -9999 -9999 -9999 -9999 -9999 -9999 -9999 -9999 -9999 -9999 -9999 -9999 -9999 -9999 -9999 -9999 -9999 -9999 -9999 -9999 -9999 -9999 -9999 -9999 -9999 -9999 -9999 -9999 -9999 -9999 -9999 -9999 -9999 -9999 -9999 -9999 -9999 -9999 -9999 -9999 -9999 -9999 -9999 -9999 -9999 -9999 -9999 -9999 -9999 -9999 -9999
-9999 -9999 -9999 -9999 -9999 -9999 -9999 -9999 -9999 -9999 -9999 -9999 -9999 -9999 -9999 -9999 -9999 -9999 -9999 -9999 -9999 -9999 -9999 -9999 -9999 -9999 -9999 -9999 -9999 -9999 -9999 -9999 -9999 -9999 -9999 -9999 -9999 -9999 -9999 -9999 -9999 -9999 -9999 -9999 -9999 -9999 -9999 -9999 -9999 -9999 -9999 -9999 -9999 -9999 -9999 -9999 -9999 -9999 -9999 -9999 -9999 -9999 -9999 -9999 -9999 -9999 -9999 -9999 -9999 -9999 -9999
-9999 -9999 -9999 -9999 -9999 -9999 -9999 -9999 -9999 -9999 -9999 -9999 -9999 -9999 -9999 -9999 -9999 -9999 -9999 -9999 -9999 -9999 -9999 -9999 -9999 -9999 -9999 -9999 -9999 -9999 -9999 -9999 -9999 -9999 -9999 -9999 -9999 -9999 -9999 -9999 -9999 -9999 -9999 -9999 -9999 -9999 -9999 -9999 -9999 -9999 -9999 -9999 -9999 -9999 -9999 -9999 -9999 -9999 -9999 -9999 -9999 -9999 -9999 -9999 -9999 -9999 -9999 -9999 -9999 -9999 -9999
-9999 -9999 -9999 -9999 -9999 -9999 -9999 -9999 -9999 -9999 -9999 -9999 -9999 -9999 -9999 -9999 -9999 -9999 -9999 -9999 -9999 -9999 -9999 -9999 -9999 -9999 -9999 -9999 -9999 -9999 -9999 -9999 -9999 -9999 -9999 -9999 -9999 -9999 -9999 -9999 -9999 -9999 -9999 -9999 -9999 -9999 -9999 -9999 -9999 -9999 -9999 -9999 -9999 -9999 -9999 -9999 -9999 -9999 -9999 -9999 -9999 -9999 -9999 -9999 -9999 -9999 -9999 -9999 -9999 -9999 -9999
-9999 -9999 -9999 -9999 -9999 -9999 -9999 -9999 -9999 -9999 -9999 -9999 -9999 -9999 -9999 -9999 -9999 -9999 -9999 -9999 -9999 -9999 -9999 -9999 -9999 -9999 -9999 -9999 -9999 -9999 -9999 -9999 -9999 -9999 -9999 -9999 -9999 -9999 -9999 -9999 -9999 -9999 -9999 -9999 -9999 -9999 -9999 -9999 -9999 -9999 -9999 -9999 -9999 -9999 -9999 -9999 -9999 -9999 -9999 -9999 -9999 -9999 -9999 -9999 -9999 -9999 -9999 -9999 -9999 -9999 -9999
-9999 -9999 -9999 -9999 -9999 -9999 -9999 -9999 -9999 -9999 -9999 -9999 -9999 -9999 -9999 -9999 -9999 -9999 -9999 -9999 -9999 -9999 -9999 -9999 -9999 -9999 -9999 -9999 -9999 -9999 -9999 -9999 -9999 -9999 -9999 -9999 -9999 -9999 -9999 -9999 -9999 -9999 -9999 -9999 -9999 -9999 -9999 -9999 -9999 -9999 -9999 -9999 -9999 -9999 -9999 -9999 -9999 -9999 -9999 -9999 -9999 -9999 -9999 -9999 -9999 -9999 -9999 -9999 -9999 -9999 -9999
-9999 -9999 -9999 -9999 -9999 -9999 -9999 -9999 -9999 -9999 -9999 -9999 -9999 -9999 -9999 -9999 -9999 -9999 -9999 -9999 -9999 -9999 -9999 -9999 -9999 -9999 -9999 -9999 -9999 -9999 -9999 -9999 -9999 -9999 -9999 -9999 -9999 -9999 -9999 -9999 -9999 -9999 -9999 -9999 -9999 -9999 -9999 -9999 -9999 -9999 -9999 -9999 -9999 -9999 -9999 -9999 -9999 -9999 -9999 -9999 -9999 -9999 -9999 -9999 -9999 -9999 -9999 -9999 -9999 -9999 -9999
-9999 -9999 -9999 -9999 -9999 -9999 -9999 -9999 -9999 -9999 -9999 -9999 -9999 -9999 -9999 -9999 -9999 -9999 -9999 -9999 -9999 -9999 -9999 -9999 -9999 -9999 -9999 -9999 -9999 -9999 -9999 -9999 -9999 -9999 -9999 -9999 -9999 -9999 -9999 -9999 -9999 -9999 -9999 -9999 -9999 -9999 -9999 -9999 -9999 -9999 -9999 -9999 -9999 -9999 -9999 -9999 -9999 -9999 -9999 -9999 -9999 -9999 -9999 -9999 -9999 -9999 -9999 -9999 -9999 -9999 -9999
-9999 -9999 -9999 -9999 -9999 -9999 -9999 -9999 -9999 -9999 -9999 -9999 -9999 -9999 -9999 -9999 -9999 -9999 -9999 -9999 -9999 -9999 -9999 -9999 -9999 -9999 -9999 -9999 -9999 -9999 -9999 -9999 -9999 -9999 -9999 -9999 -9999 -9999 -9999 -9999 -9999 -9999 -9999 -9999 -9999 -9999 -9999 -9999 -9999 -9999 -9999 -9999 -9999 -9999 -9999 -9999 -9999 -9999 -9999 -9999 -9999 -9999 -9999 -9999 -9999 -9999 -9999 -9999 -9999 -9999 -9999
-9999 -9999 -9999 -9999 -9999 -9999 -9999 -9999 -9999 -9999 -9999 -9999 -9999 -9999 -9999 -9999 -9999 -9999 -9999 -9999 -9999 -9999 -9999 -9999 -9999 -9999 -9999 -9999 -9999 -9999 -9999 -9999 -9999 -9999 -9999 -9999 -9999 -9999 -9999 -9999 -9999 -9999 -9999 -9999 -9999 -9999 -9999 -9999 -9999 -9999 -9999 -9999 -9999 -9999 -9999 -9999 -9999 -9999 -9999 -9999 -9999 -9999 -9999 -9999 -9999 -9999 -9999 -9999 -9999 -9999 -9999
-9999 -9999 -9999 -9999 -9999 -9999 -9999 -9999 -9999 -9999 -9999 -9999 -9999 -9999 -9999 -9999 -9999 -9999 -9999 -9999 -9999 -9999 -9999 -9999 -9999 -9999 -9999 -9999 -9999 -9999 -9999 -9999 -9999 -9999 -9999 -9999 -9999 -9999 -9999 -9999 -9999 -9999 -9999 -9999 -9999 -9999 -9999 -9999 -9999 -9999 -9999 -9999 -9999 -9999 -9999 -9999 -9999 -9999 -9999 -9999 -9999 -9999 -9999 -9999 -9999 -9999 -9999 -9999 -9999 -9999 -9999
-23.90870 -23.83260 -23.84230 -23.83830 -23.19540 -22.91960 -9999 -9999 -9999 -9999 -9999 -9999 -9999 -9999 -9999 -9999 -9999 -9999 -9999 -9999 -9999 -9999 -9999 -9999 -9999 -9999 -9999 -9999 -9999 -9999 -9999 -9999 -9999 -9999 -9999 -9999 -9999 -9999 -9999 -9999 -9999 -9999 -9999 -9999 -9999 -9999 -9999 -24.58540 -9999 -9999 -9999 -9999 -9999 -9999 -9999 -9999 -9999 -9999 -9999 -9999 -9999 -9999 -9999 -9999 -9999 -9999 -9999 -9999 -9999 -9999 -9999
-24.89360 -24.38460 -24.11080 -23.76430 -23.42360 -23.04660 -22.80020 -22.50930 -22.15420 -22.03410 -21.69980 -21.74480 -21.77800 -22.50520 -22.81660 -22.82560 -22.70060 -22.69760 -17.03230 -9999 -9999 -9999 -9999 -9999 -9999 -9999 -9999 -9999 -9999 -9999 -9999 -9999 -9999 -9999 -9999 -9999 -9999 -9999 -9999 -9999 -9999 -9999 -26.23340 -25.16050 -25.78390 -27.00320 -27.21610 -26.43650 -24.05850 -9999 -9999 -9999 -23.40290 -9999 -9999 -9999 -22.85740 -22.80980 -22.86720 -9999 -9999 -9999 -9999 -9999 -9999 -9999 -9999 -9999 -9999 -9999 -9999
-24.76940 -24.48630 -23.56280 -23.05860 -22.63760 -22.05840 -21.07250 -20.47470 -20.28210 -20.29830 -20.23560 -20.73140 -20.58970 -21.26400 -21.75590 -20.73830 -20.16820 -19.92100 -20.53820 -21.32720 -21.70890 -22.91210 -22.57900 -21.97300 -22.28920 -9999 -9999 -9999 -9999 -9999 -23.04070 -23.23800 -23.48660 -23.57740 -23.58600 -23.78230 -23.67340 -23.57200 -23.45740 -23.45290 -23.35950 -23.37220 -26.70140 -26.41450 -27.05040 -26.57370 -27.38890 -27.12210 -24.03530 -24.12680 -23.77690 -23.72520 -23.56380 -23.21860 -22.95280 -23.11210 -23.45550 -23.99410 -24.83740 -24.68990 -23.93420 -23.67150 -23.90630 -23.64470 -9999 -9999 -9999 -9999 -9999 -9999 -9999
-22.50920 -21.95450 -21.51850 -21.27630 -21.23150 -20.86250 -20.53250 -20.74910 -20.63520 -20.49510 -20.84360 -21.37710 -21.36800 -22.16630 -20.91940 -20.28950 -18.98350 -18.14790 -19.31500 -19.42590 -20.72460 -22.12190 -21.62990 -22.67550 -23.03240 -22.89730 -22.37570 -22.22690 -22.00450 -22.07780 -22.14610 -22.32820 -22.67210 -23.08740 -23.29940 -23.20240 -23.11730 -23.30950 -23.33820 -23.25630 -23.28690 -23.30870 -23.44770 -23.47700 -23.49700 -23.41800 -24.13960 -24.09020 -23.88290 -23.96980 -23.85110 -23.75520 -23.62750 -23.31460 -23.18090 -23.02600 -22.95900 -22.88200 -22.71200 -22.73940 -22.86650 -23.20330 -24.02550 -24.96130 -24.91370 -24.96440 -24.81990 -25.10490 -25.39420 -25.69770 -25.65740
-21.11660 -21.07410 -20.95400 -20.77540 -20.52310 -20.67570 -19.95030 -19.51320 -18.97830 -18.85850 -18.37820 -18.16360 -17.86590 -16.97340 -16.01010 -15.72100 -15.87940 -15.50300 -16.00160 -17.13750 -18.62130 -19.79610 -19.52060 -20.05660 -21.78770 -22.33430 -22.99270 -23.44900 -23.51120 -23.46680 -22.60000 -21.55020 -21.77480 -21.99530 -22.21440 -22.34750 -22.55560 -22.70270 -22.64360 -22.59340 -22.81620 -22.83790 -22.67120 -22.58980 -22.63120 -22.74810 -23.47420 -23.44780 -23.37640 -23.31340 -23.24750 -23.16700 -23.09670 -23.00820 -22.82220 -22.73560 -22.65060 -22.56410 -22.47370 -22.58840 -22.80450 -22.91460 -24.04050 -24.56510 -24.40560 -24.43380 -24.55860 -24.90650 -25.24570 -25.59240 -25.75620
-18.24610 -18.58280 -18.81390 -19.72170 -19.98940 -19.06110 -18.11350 -17.81990 -17.18240 -16.57550 -16.79860 -15.92480 -14.44000 -13.91210 -13.88400 -13.78350 -13.72950 -13.68450 -15.47680 -16.93370 -17.45800 -18.51790 -18.46610 -18.76410 -20.03620 -21.07350 -21.41360 -23.15610 -23.59820 -24.04070 -22.37520 -20.90600 -21.03980 -21.05540 -21.09380 -21.30270 -21.73010 -21.78840 -21.53810 -21.90370 -21.83440 -22.05010 -21.88970 -22.12250 -22.24790 -22.27540 -22.81270 -22.81490 -22.79380 -22.65880 -22.63230 -22.69390 -22.75440 -22.71110 -22.55860 -22.44370 -22.45440 -22.44410 -22.44220 -22.44410 -22.53090 -22.73050 -23.84770 -23.74730 -23.94230 -24.35600 -24.47380 -24.67970 -24.98870 -25.07600 -25.00010
-17.29130 -17.90630 -17.47390 -17.52250 -17.14030 -16.62250 -15.83930 -15.58280 -14.65170 -14.62840 -14.46290 -14.35340 -14.39750 -14.36090 -14.10150 -14.02860 -13.76840 -13.84300 -13.41810 -14.88200 -16.62900 -17.48310 -18.70840 -19.02530 -20.47540 -20.30310 -19.73970 -19.96010 -20.59650 -22.61390 -21.14630 -20.56360 -20.17700 -20.11280 -20.03960 -20.15520 -20.39190 -20.41040 -20.54760 -20.89060 -20.91880 -20.95120 -21.67770 -21.80110 -21.64170 -21.67120 -22.10120 -22.31790 -22.22770 -22.21360 -22.10300 -22.28710 -22.07050 -22.24290 -22.11780 -21.99280 -21.98600 -22.08150 -22.17250 -22.07760 -22.26670 -22.45870 -22.75370 -22.94780 -23.44590 -23.63160 -23.61760 -23.92100 -24.29030 -24.62640 -24.72040
-16.13450 -17.20520 -16.08770 -13.31140 -11.63960 -11.18680 -12.24370 -13.33440 -13.29350 -13.48710 -14.83020 -15.60070 -15.54900 -15.20450 -14.97000 -14.50110 -14.17650 -13.87260 -13.38430 -15.02950 -16.70460 -18.18610 -18.33790 -19.15360 -19.99480 -19.42300 -19.02640 -19.05310 -19.76740 -20.89470 -21.40390 -19.71190 -19.23260 -19.13150 -19.15320 -19.15630 -19.36110 -19.37870 -19.48790 -19.81130 -20.01480 -20.12200 -20.34770 -20.87070 -21.08610 -21.11280 -21.24200 -21.46540 -21.37740 -21.57730 -21.77030 -21.66070 -21.63960 -21.61610 -21.67670 -21.48400 -21.39020 -21.49860 -21.18390 -21.18480 -21.19880 -21.40030 -21.80330 -22.18020 -22.56850 -22.84010 -23.33770 -24.31270 -24.57890 -24.84850 -25.03790
-16.20420 -16.13030 -15.18270 -13.95030 -13.19620 -13.40990 -14.12090 -14.74340 -15.37510 -15.98400 -16.21120 -16.32570 -16.66950 -16.57410 -15.08110 -13.01110 -11.94430 -12.46170 -12.76300 -14.14270 -16.65500 -18.55720 -19.55760 -19.49350 -19.53910 -18.53400 -18.32840 -18.44600 -19.05450 -19.66240 -20.86800 -19.76990 -19.06830 -18.46020 -18.25950 -18.24250 -18.33210 -18.52630 -18.62220 -18.73470 -18.93620 -19.23600 -19.34350 -19.63160 -19.94220 -20.16590 -20.38560 -20.51520 -20.53660 -20.64400 -20.84340 -20.72790 -20.60730 -20.48990 -20.57930 -20.27360 -20.18420 -20.39010 -20.80760 -20.61790 -20.43460 -20.94930 -21.24690 -21.71550 -22.00000 -22.06200 -22.73780 -23.90910 -23.99730 -24.19100 -24.50130
-15.15000 -15.49780 -15.71730 -15.83480 -14.16270 -12.19800 -11.29800 -11.56690 -12.46370 -12.68340 -13.14410 -13.50280 -14.74680 -17.21230 -15.27880 -13.49050 -11.90380 -12.18540 -12.85120 -13.95880 -16.16510 -18.00340 -18.90920 -18.95260 -19.88490 -18.46140 -18.64020 -18.64370 -18.33670 -18.14590 -18.33690 -17.82500 -17.90920 -18.59320 -18.66120 -18.43270 -19.10190 -19.48840 -18.96810 -18.95040 -19.44680 -18.85460 -18.53680 -18.73390 -19.02570 -19.23780 -19.32610 -20.04660 -20.07710 -20.30450 -20.20500 -20.29340 -19.98210 -20.17240 -20.16800 -20.26050 -20.37810 -20.30010 -20.02770 -20.04410 -20.36210 -20.48940 -20.98610 -21.34290 -21.41700 -21.78470 -23.03830 -23.16660 -23.46080 -23.75810 -23.93620
-12.71980 -12.05200 -11.70280 -12.75250 -11.47260 -10.07260 -9.39427 -9.20127 -10.50740 -11.29430 -11.16380 -10.98480 -11.06600 -12.28610 -13.20750 -14.13330 -14.52110 -14.20530 -12.37280 -13.62900 -15.70330 -17.72110 -17.88100 -17.82680 -19.03250 -18.99700 -18.85880 -18.92900 -19.02550 -18.91470 -18.50570 -17.68140 -18.25570 -19.01310 -19.86930 -20.41780 -21.06590 -21.03610 -20.50700 -20.47700 -21.35830 -21.25350 -20.34340 -20.13970 -19.82370 -19.81620 -18.70520 -18.50520 -18.73130 -19.26620 -18.96810 -18.65310 -19.24920 -19.34470 -19.34240 -19.74770 -19.37450 -19.10260 -19.43440 -20.56360 -20.78960 -20.32040 -20.81700 -21.47450 -21.63430 -21.90520 -22.45180 -22.74920 -23.03570 -23.19650 -23.48190
-12.59680 -12.75420 -12.66170 -12.68350 -11.79900 -10.89410 -11.26910 -11.51580 -10.87860 -11.16090 -10.52330 -10.20900 -10.31920 -10.42300 -10.72390 -11.94180 -12.40330 -11.83900 -13.29210 -13.35630 -14.02950 -17.09560 -17.87090 -18.48250 -18.97140 -19.03650 -19.70320 -19.07820 -19.13900 -19.23020 -19.91240 -19.91070 -19.98370 -20.53030 -20.98530 -21.14050 -21.29270 -21.94600 -21.82040 -21.48670 -22.27150 -22.46700 -21.74450 -22.04390 -22.22880 -22.11620 -21.80110 -20.80790 -18.92330 -18.04680 -18.21940 -17.90780 -17.90360 -18.79230 -19.08700 -18.88630 -19.11170 -19.32870 -19.16690 -19.40040 -19.93090 -20.67040 -21.15110 -21.51810 -21.01090 -20.77690 -21.06370 -21.55890 -21.92180 -22.27460 -22.86450
-11.79050 -11.82300 -11.54040 -11.44430 -11.30530 -11.07980 -10.76270 -10.42820 -10.44840 -10.49240 -10.46770 -10.42390 -9.96777 -9.87750 -10.31200 -9.55929 -10.06480 -11.44290 -12.73340 -13.54910 -14.49500 -14.68400 -16.18330 -15.76580 -17.40710 -17.98540 -18.35900 -18.23950 -18.11650 -17.39190 -17.28780 -17.09210 -18.08010 -18.24910 -19.21550 -19.58410 -19.45090 -20.32320 -20.10690 -20.49850 -21.18210 -21.57340 -20.55660 -20.94180 -20.84000 -21.02390 -20.90990 -20.11080 -19.22080 -18.39390 -17.86350 -17.54130 -17.11740 -18.30480 -19.29300 -18.69300 -18.50120 -18.81990 -18.64670 -18.87670 -19.39110 -19.92990 -20.14540 -20.32970 -20.61300 -21.01620 -20.71730 -20.78750 -21.15230 -21.50430 -22.28410
-10.69140 -10.29140 -10.47420 -11.00420 -10.65560 -12.09610 -13.37850 -13.98770 -13.85630 -12.87940 -12.05210 -12.88650 -11.60040 -10.16100 -9.01549 -8.12854 -8.97732 -10.71740 -11.46260 -13.28910 -14.04150 -14.43340 -14.45080 -14.35230 -15.03970 -15.03040 -14.71110 -15.19960 -14.98410 -14.17330 -13.56470 -14.68590 -15.07340 -15.36800 -15.25570 -15.54020 -17.71320 -17.89730 -18.58970 -19.08770 -19.08020 -19.08050 -19.75080 -19.85050 -20.03810 -19.32660 -19.52790 -20.01390 -19.58940 -18.56180 -18.21750 -17.48500 -17.25190 -17.11570 -17.19550 -18.18230 -18.07550 -18.10130 -18.30380 -18.45140 -18.48400 -19.03940 -19.34400 -19.83450 -19.97440 -19.76570 -20.02860 -20.30350 -20.47160 -20.73810 -21.31330
-13.48190 -12.04580 -11.57160 -12.82350 -12.02900 -12.29920 -12.27890 -12.99570 -13.81140 -13.79140 -13.13340 -14.75910 -14.07120 -13.20980 -12.89810 -12.28370 -11.43550 -11.26930 -10.32660 -11.98270 -13.18000 -13.26370 -13.66220 -13.25110 -14.35670 -14.03990 -14.13960 -13.74910 -13.55680 -12.96780 -13.36160 -13.96560 -14.27810 -13.98050 -15.67510 -15.96840 -15.96920 -16.26730 -17.27900 -17.90340 -17.89190 -18.37990 -18.76180 -18.25550 -18.44090 -19.03640 -19.72330 -19.66910 -18.55760 -18.11640 -17.97590 -18.02100 -17.48190 -17.24820 -16.39370 -17.28390 -17.47940 -17.40540 -17.33120 -17.56300 -17.90230 -18.24890 -18.25780 -18.31980 -18.71420 -18.98210 -19.25290 -19.52170 -19.79400 -19.86820 -20.03310
-11.61290 -8.35354 -8.64887 -10.29860 -10.50750 -11.53800 -12.27480 -11.79960 -11.77730 -11.75380 -11.44360 -11.41510 -10.83260 -10.82170 -10.32780 -10.33140 -9.59238 -9.74360 -8.85282 -9.85001 -11.08780 -12.45990 -13.12760 -13.14890 -14.59970 -15.04500 -13.56890 -13.17900 -12.88940 -12.10830 -11.42620 -11.83180 -12.56850 -13.88600 -14.80470 -14.61270 -14.72580 -15.64520 -15.97560 -15.80430 -16.88920 -17.18580 -17.86850 -17.56030 -17.84900 -18.22350 -18.89190 -19.64790 -19.21150 -19.65980 -19.01610 -18.97200 -17.40830 -16.46340 -15.92320 -15.50060 -16.30260 -16.53250 -16.14800 -16.48070 -16.71310 -17.04150 -17.25560 -17.66080 -17.83190 -18.20190 -18.47670 -18.94510 -19.02160 -18.69540 -18.86340
-6.41605 -5.65596 -8.39512 -10.86240 -12.31500 -12.46130 -12.88940 -13.52400 -12.25610 -11.56740 -10.33550 -10.01040 -10.05260 -12.99890 -13.03830 -12.24080 -11.75960 -9.96251 -11.36840 -11.68900 -10.66750 -10.60360 -10.82460 -12.11090 -12.65380 -13.11940 -13.53720 -13.74110 -12.66510 -11.26250 -11.05230 -11.48610 -11.54510 -13.06800 -13.59180 -14.20940 -13.31330 -14.22930 -14.36650 -14.39450 -14.87820 -15.57190 -15.85860 -17.44350 -16.40750 -17.17450 -17.03500 -17.60340 -18.45820 -18.91340 -18.65750 -18.31230 -17.06660 -16.42400 -15.70600 -14.41160 -14.90560 -15.21930 -15.03910 -15.66870 -16.60610 -17.63580 -18.18620 -18.35310 -18.33500 -17.90650 -17.58670 -17.76240 -17.83360 -18.00030 -17.97870
-5.55860 -5.62465 -5.67526 -6.47129 -8.73155 -9.95460 -10.76120 -12.24210 -12.17510 -10.90720 -10.14240 -9.59489 -9.08678 -9.29259 -12.34090 -13.73760 -12.89610 -11.98200 -13.02740 -12.51510 -12.75000 -12.31820 -11.86460 -12.69580 -13.47990 -13.75120 -12.82380 -11.68810 -12.43820 -11.63760 -11.14270 -10.68750 -10.01990 -11.39430 -12.09170 -12.89210 -13.28230 -13.17240 -12.90060 -12.88870 -13.97850 -14.56600 -14.01120 -14.96970 -14.79790 -14.43350 -15.30250 -15.78100 -15.76750 -15.14780 -15.63800 -16.10460 -16.69130 -16.07770 -16.04440 -14.65260 -14.08760 -14.64770 -14.00920 -14.06050 -14.51620 -14.92940 -15.73890 -16.02860 -16.02770 -16.10710 -16.59600 -16.76620 -17.04200 -17.02430 -17.19180
