data/hydroclimate-scenarios/BCSD_hadcm_B1/monthly_summaries/tavg_monthly_avg_mar.2070-2099.asc
ncols	311
nrows	91
xllcenter	102.75
yllcenter	31.75
cellsize	0.5
NODATA_value	-9999
[rows 0 to 31 of 91, columns 71 to 141 of 311]
-9999 -9999 -9999 -9999 -9999 -9999 -9999 -9999 -9999 -9999 -9999 -9999 -9999 -9999 -9999 -9999 -9999 -9999 -9999 -9999 -9999 -9999 -9999 -9999 -9999 -9999 -9999 -9999 -9999 -9999 -9999 -9999 -9999 -9999 -9999 -9999 -9999 -9999 -9999 -9999 -9999 -9999 -9999 -9999 -9999 -9999 -9999 -9999 -9999 -9999 -9999 -9999 -9999 -9999 -9999 -9999 -9999 -9999 -9999 -9999 -9999 -9999 -9999 -9999 -9999 -9999 -9999 -9999 -9999 -9999 -9999
-9999 -9999 -9999 -9999 -9999 -9999 -9999 -9999 -9999 -9999 -9999 -9999 -9999 -9999 -9999 -9999 -9999 -9999 -9999 -9999 -9999 -9999 -9999 -9999 -9999 -9999 -9999 -9999 -9999 -9999 -9999 -9999 -9999 -9999 -9999 -9999 -9999 -9999 -9999 -9999 -9999 -9999 -9999 -9999 -9999 -9999 -9999 -9999 -9999 -9999 -9999 -9999 -9999 -9999 -9999 -9999 -9999 -9999 -9999 -9999 -9999 -9999 -9999 -9999 -9999 -9999 -9999 -9999 -9999 -9999 -9999
-9999 -9999 -9999 -9999 -9999 -9999 -9999 -9999 -9999 -9999 -9999 -9999 -9999 -9999 -9999 -9999 -9999 -9999 -9999 -9999 -9999 -9999 -9999 -9999 -9999 -9999 -9999 -9999 -9999 -9999 -9999 -9999 -9999 -9999 -9999 -9999 -9999 -9999 -9999 -9999 -9999 -9999 -9999 -9999 -9999 -9999 -9999 -9999 -9999 -9999 -9999 -9999 -9999 -9999 -9999 -9999 -9999 -9999 -9999 -9999 -9999 -9999 -9999 -9999 -9999 -9999 -9999 -9999 -9999 -9999 -9999
-9999 -9999 -9999 -9999 -9999 -9999 -9999 -9999 -9999 -9999 -9999 -9999 -9999 -9999 -9999 -9999 -9999 -9999 -9999 -9999 -9999 -9999 -9999 -9999 -9999 -9999 -9999 -9999 -9999 -9999 -9999 -9999 -9999 -9999 -9999 -9999 -9999 -9999 -9999 -9999 -9999 -9999 -9999 -9999 -9999 -9999 -9999 -9999 -9999 -9999 -9999 -9999 -9999 -9999 -9999 -9999 -9999 -9999 -9999 -9999 -9999 -9999 -9999 -9999 -9999 -9999 -9999 -9999 -9999 -9999 -9999
-9999 -9999 -9999 -9999 -9999 -9999 -9999 -9999 -9999 -9999 -9999 -9999 -9999 -9999 -9999 -9999 -9999 -9999 -9999 -9999 -9999 -9999 -9999 -9999 -9999 -9999 -9999 -9999 -9999 -9999 -9999 -9999 -9999 -9999 -9999 -9999 -9999 -9999 -9999 -9999 -9999 -9999 -9999 -9999 -9999 -9999 -9999 -9999 -9999 -9999 -9999 -9999 -9999 -9999 -9999 -9999 -9999 -9999 -9999 -9999 -9999 -9999 -9999 -9999 -9999 -9999 -9999 -9999 -9999 -9999 -9999
-9999 -9999 -9999 -9999 -9999 -9999 -9999 -9999 -9999 -9999 -9999 -9999 -9999 -9999 -9999 -9999 -9999 -9999 -9999 -9999 -9999 -9999 -9999 -9999 -9999 -9999 -9999 -9999 -9999 -9999 -9999 -9999 -9999 -9999 -9999 -9999 -9999 -9999 -9999 -9999 -9999 -9999 -9999 -9999 -9999 -9999 -9999 -9999 -9999 -9999 -9999 -9999 -9999 -9999 -9999 -9999 -9999 -9999 -9999 -9999 -9999 -9999 -9999 -9999 -9999 -9999 -9999 -9999 -9999 -9999 -9999
-9999 -9999 -9999 -9999 -9999 -9999 -9999 -9999 -9999 -9999 -9999 -9999 -9999 -9999 -9999 -9999 -9999 -9999 -9999 -9999 -9999 -9999 -9999 -9999 -9999 -9999 -9999 -9999 -9999 -9999 -9999 -9999 -9999 -9999 -9999 -9999 -9999 -9999 -9999 -9999 -9999 -9999 -9999 -9999 -9999 -9999 -9999 -9999 -9999 -9999 -9999 -9999 -9999 -9999 -9999 -9999 -9999 -9999 -9999 -9999 -9999 -9999 -9999 -9999 -9999 -9999 -9999 -9999 -9999 -9999 -9999
-9999 -9999 -9999 -9999 -9999 -9999 -9999 -9999 -9999 -9999 -9999 -9999 -9999 -9999 -9999 -9999 -9999 -9999 -9999 -9999 -9999 -9999 -9999 -9999 -9999 -9999 -9999 -9999 -9999 -9999 -9999 -9999 -9999 -9999 -9999 -9999 -9999 -9999 -9999 -9999 -9999 -9999 -9999 -9999 -9999 -9999 -9999 -9999 -9999 -9999 -9999 -9999 -9999 -9999 -9999 -9999 -9999 -9999 -9999 -9999 -9999 -9999 -9999 -9999 -9999 -9999 -9999 -9999 -9999 -9999 -9999
-9999 -9999 -9999 -9999 -9999 -9999 -29.04630 -9999 -9999 -9999 -9999 -9999 -9999 -9999 -9999 -9999 -9999 -9999 -9999 -9999 -9999 -9999 -9999 -9999 -9999 -9999 -9999 -9999 -9999 -9999 -9999 -9999 -9999 -9999 -9999 -9999 -9999 -9999 -9999 -9999 -9999 -9999 -9999 -9999 -9999 -9999 -9999 -9999 -9999 -9999 -9999 -9999 -9999 -9999 -9999 -9999 -9999 -9999 -9999 -9999 -9999 -9999 -9999 -9999 -9999 -9999 -9999 -9999 -9999 -9999 -9999
-9999 -9999 -24.87580 -28.79510 -28.83870 -28.96570 -28.60180 -28.53840 -28.37080 -28.32630 -27.91870 -27.88950 -27.47000 -27.25140 -26.93880 -26.72400 -26.59700 -26.43160 -26.24320 -26.02980 -25.92650 -25.91990 -9999 -9999 -9999 -9999 -9999 -9999 -9999 -9999 -9999 -9999 -9999 -9999 -9999 -9999 -9999 -9999 -9999 -9999 -9999 -9999 -9999 -9999 -9999 -9999 -9999 -9999 -9999 -9999 -9999 -9999 -9999 -9999 -9999 -9999 -9999 -9999 -9999 -9999 -9999 -9999 -9999 -9999 -9999 -9999 -9999 -9999 -9999 -9999 -9999
-9999 -9999 -9999 -9999 -28.44630 -28.37420 -28.22250 -27.97040 -27.80140 -27.85710 -27.54760 -27.44110 -27.21800 -26.89380 -26.58850 -26.36580 -26.05590 -25.98390 -25.98360 -25.66520 -25.56740 -25.56780 -9999 -9999 -9999 -9999 -9999 -9999 -9999 -9999 -9999 -9999 -9999 -9999 -9999 -9999 -9999 -9999 -9999 -9999 -9999 -9999 -9999 -9999 -9999 -9999 -9999 -9999 -9999 -9999 -9999 -9999 -9999 -9999 -9999 -9999 -9999 -9999 -9999 -9999 -9999 -9999 -9999 -9999 -9999 -9999 -9999 -9999 -9999 -9999 -9999
-28.03380 -28.13110 -28.04880 -27.89230 -28.04810 -27.89130 -27.63970 -27.49210 -27.41650 -27.38600 -27.17250 -26.96180 -26.76850 -26.55750 -26.23800 -25.93280 -25.71920 -25.55530 -25.24750 -25.02520 -24.92620 -25.00160 -24.99890 -25.08620 -25.15980 -25.02190 -24.95740 -24.90730 -9999 -9999 -9999 -9999 -9999 -9999 -9999 -9999 -9999 -9999 -9999 -9999 -9999 -9999 -9999 -9999 -9999 -9999 -9999 -9999 -9999 -9999 -9999 -9999 -9999 -9999 -9999 -9999 -9999 -9999 -9999 -9999 -9999 -9999 -9999 -9999 -9999 -9999 -9999 -9999 -9999 -9999 -9999
-27.83760 -27.83220 -27.75580 -27.80060 -27.46120 -27.30900 -27.34010 -27.10230 -26.94860 -26.91080 -26.71160 -26.51220 -26.29580 -26.09580 -25.78960 -25.48770 -25.37970 -25.00180 -24.70010 -24.37660 -24.37320 -24.65040 -25.02500 -24.91640 -24.70420 -24.64870 -24.79110 -24.73550 -24.56580 -24.59580 -24.52250 -24.45080 -24.41330 -24.26630 -24.31450 -24.17370 -24.02050 -23.97460 -23.91360 -23.90570 -23.74930 -23.67880 -23.71290 -9999 -9999 -9999 -9999 -9999 -9999 -9999 -9999 -9999 -9999 -9999 -9999 -9999 -9999 -9999 -9999 -9999 -9999 -9999 -9999 -9999 -9999 -9999 -9999 -9999 -9999 -9999 -9999
-27.64920 -27.94670 -27.77540 -27.80800 -27.76530 -27.38900 -27.06370 -26.81710 -26.66090 -26.53610 -26.43300 -26.03850 -25.84260 -25.53900 -25.34940 -25.04920 -24.84270 -24.65900 -24.45730 -24.14050 -24.41450 -25.10310 -24.98350 -25.05910 -24.93370 -24.57680 -24.42430 -24.36780 -24.61220 -24.66570 -24.21340 -24.15040 -23.92060 -23.96380 -23.91350 -23.76340 -23.62930 -23.48450 -23.42090 -23.41740 -23.44220 -23.37840 -23.40400 -23.23730 -9999 -9999 -9999 -9999 -9999 -9999 -9999 -9999 -9999 -9999 -9999 -9999 -9999 -9999 -9999 -9999 -9999 -9999 -9999 -9999 -9999 -9999 -9999 -9999 -9999 -9999 -9999
-30.03570 -30.12190 -29.53860 -30.78480 -29.33750 -28.89610 -28.75200 -28.20100 -28.16420 -27.23680 -27.33070 -26.83260 -26.13230 -25.73970 -25.14310 -24.93100 -24.63770 -24.54130 -24.32650 -24.29410 -24.67000 -24.74470 -24.81430 -24.79140 -24.54700 -25.20620 -24.54500 -24.09620 -24.14920 -24.40930 -24.05440 -23.89080 -23.75500 -23.69650 -23.55230 -23.39770 -23.44370 -23.27730 -23.13090 -23.02100 -23.05110 -22.97890 -22.90450 -22.74550 -9999 -9999 -9999 -9999 -9999 -9999 -9999 -9999 -9999 -9999 -9999 -9999 -9999 -9999 -9999 -21.74570 -21.82320 -9999 -9999 -9999 -9999 -22.63180 -23.76740 -24.48690 -23.91730 -22.34690 -21.88470
-29.59010 -29.76300 -29.50060 -30.23710 -28.68610 -27.74810 -27.80950 -28.27360 -28.12210 -27.99700 -26.68820 -26.27370 -25.87580 -25.86980 -25.55900 -24.74580 -24.63370 -24.13150 -24.00150 -23.76980 -24.13180 -24.29710 -24.36960 -23.83650 -23.78760 -23.72800 -23.67660 -23.62020 -23.46140 -23.40710 -23.36120 -23.30400 -23.14830 -23.07480 -23.01480 -22.96300 -22.79910 -22.63810 -22.46960 -22.34720 -22.27090 -22.29240 -22.10850 -22.03920 -21.77120 -21.71040 -21.63900 -21.93890 -23.34010 -23.83740 -23.32790 -23.72030 -23.60490 -23.10140 -23.29500 -23.39890 -21.99330 -21.69210 -21.58810 -21.68200 -21.48250 -9999 -9999 -9999 -9999 -9999 -22.25480 -22.90900 -23.45360 -23.61150 -23.43730
-31.14110 -29.58740 -29.74410 -30.89410 -29.63340 -28.20490 -27.86650 -27.53400 -26.69110 -25.87080 -25.55970 -25.44180 -25.11810 -24.89910 -24.68380 -24.27680 -24.05450 -23.91520 -23.68030 -23.53760 -23.40280 -23.35690 -23.31450 -23.27310 -23.22070 -23.25340 -23.09350 -23.03430 -22.98860 -22.92360 -22.85650 -22.79950 -22.73340 -22.66170 -22.49040 -22.32400 -22.14810 -21.97110 -21.70230 -21.67680 -21.48210 -21.39930 -21.30630 -21.23720 -21.26940 -21.29060 -21.21800 -21.34360 -22.46930 -23.07730 -22.29010 -21.80090 -22.40680 -23.91820 -24.92760 -23.35360 -23.96180 -24.08030 -23.69830 -22.92210 -22.73730 -22.97760 -22.05810 -21.32750 -21.40580 -21.47350 -21.65710 -21.62200 -22.29710 -22.86400 -23.73240
-31.29250 -34.43910 -28.59330 -31.04500 -31.29290 -29.84420 -28.82280 -28.79580 -25.77100 -25.33770 -25.20730 -24.98810 -24.85820 -24.63750 -24.31690 -24.09250 -23.74310 -23.49240 -23.36320 -23.91200 -23.76020 -23.11790 -22.96530 -22.82020 -22.75790 -22.60790 -22.62610 -22.56540 -22.50010 -22.44140 -22.37800 -22.30350 -22.22020 -22.04180 -21.85210 -21.68330 -21.49940 -21.21780 -21.04060 -20.90100 -20.80960 -20.91130 -20.71550 -20.63200 -20.55410 -20.47780 -20.40670 -20.34550 -20.57570 -20.82150 -21.35160 -20.97850 -21.70410 -21.73280 -22.66820 -23.90650 -24.24430 -23.97540 -23.91040 -24.15270 -23.60470 -24.75880 -23.54670 -22.04860 -21.55290 -21.35610 -21.34370 -21.34520 -22.03850 -23.12650 -24.60830
-32.23130 -33.58760 -31.34290 -27.39860 -28.65250 -27.40300 -26.77110 -28.25110 -26.92910 -25.99550 -25.45870 -24.83680 -24.50450 -24.36890 -24.04750 -23.80830 -23.54000 -23.37760 -23.43150 -24.97720 -24.53260 -23.87470 -23.61580 -22.86710 -22.48150 -22.43050 -22.26450 -22.19380 -22.12570 -22.15250 -21.97970 -21.80930 -21.61950 -21.52000 -21.23260 -20.94580 -20.74880 -20.76030 -20.66250 -20.91970 -20.71800 -20.32610 -21.42480 -21.63390 -21.14740 -20.26790 -19.68850 -19.24430 -19.30870 -20.05600 -20.90820 -21.05820 -21.39270 -21.44380 -21.59550 -21.35630 -21.61330 -23.07560 -23.52550 -24.09400 -24.67030 -25.44560 -25.96580 -24.28300 -23.69570 -23.10840 -23.13370 -22.93920 -23.37040 -23.68270 -23.98660
-30.68920 -32.24280 -32.20420 -31.87700 -29.64440 -27.00270 -26.88430 -28.18120 -28.25340 -26.63530 -29.11730 -28.39260 -27.17480 -25.35390 -24.44020 -23.90330 -23.32790 -23.06930 -23.21530 -23.94550 -24.29450 -23.43240 -23.07560 -22.50990 -22.14200 -21.95620 -21.87340 -21.89920 -21.80390 -21.62030 -21.53230 -21.45520 -21.74210 -21.23190 -20.84320 -21.02110 -20.83470 -20.73010 -20.62270 -21.07190 -21.05980 -20.25910 -19.95250 -20.05840 -20.76300 -20.67120 -20.08620 -19.54790 -18.91770 -19.98280 -20.53880 -20.59840 -20.64470 -20.20390 -21.25740 -22.21750 -22.78630 -24.04880 -23.01440 -22.40000 -22.78120 -22.86410 -23.16880 -24.17710 -25.18540 -23.60060 -24.61830 -23.62800 -23.23650 -23.25710 -22.97790
-29.98190 -31.02050 -31.80050 -32.77530 -33.16490 -29.64400 -27.93330 -27.23240 -27.14010 -26.33910 -27.85740 -30.36900 -31.77110 -32.47460 -29.08740 -26.56170 -24.93080 -23.36540 -22.79560 -22.52640 -22.36690 -22.19820 -22.23600 -21.85870 -21.79000 -21.77800 -21.67340 -21.56720 -21.45100 -21.64960 -21.53490 -21.62480 -21.71100 -21.39150 -20.47280 -20.87310 -20.94810 -21.53080 -20.52150 -20.05860 -20.44620 -20.42240 -19.59900 -19.39970 -19.90000 -19.30320 -19.29660 -19.25720 -18.71880 -18.38360 -18.23990 -18.69590 -19.23140 -19.48680 -19.84430 -20.21170 -21.66930 -22.62900 -22.11270 -23.65870 -23.33280 -22.81690 -22.78660 -22.16290 -21.83250 -21.90750 -22.39240 -22.55690 -22.04430 -21.64400 -20.88480
-32.05540 -31.79930 -33.09740 -33.39560 -32.78850 -32.28420 -32.19020 -31.20130 -29.41400 -27.55120 -25.79850 -27.03560 -28.27950 -29.41590 -30.71830 -30.42990 -29.72820 -28.36230 -25.98310 -24.71110 -23.13550 -22.57280 -22.09780 -21.91530 -21.51390 -21.48880 -21.35640 -21.42260 -21.90050 -22.26420 -21.22390 -22.80350 -22.96180 -22.54390 -21.71740 -21.39760 -21.17690 -21.04400 -20.32240 -20.14400 -20.11500 -19.78800 -18.76790 -19.44530 -19.34210 -19.72300 -19.72130 -19.48420 -19.03650 -18.80090 -19.74810 -19.90550 -20.65200 -21.00980 -20.75360 -20.81290 -22.27540 -21.22430 -21.20380 -22.69810 -21.95210 -21.79000 -21.70340 -20.44010 -20.77090 -20.90830 -21.95870 -21.20740 -20.44760 -20.03770 -18.97480
-30.13480 -31.67970 -32.58890 -31.90140 -32.72340 -33.23350 -32.55080 -31.36730 -31.40180 -29.55580 -28.92770 -28.99810 -28.57070 -27.43130 -27.46230 -27.29210 -27.82070 -29.04760 -29.15890 -28.08940 -26.70070 -25.63710 -23.54760 -22.26570 -21.35040 -21.09820 -21.05530 -21.68500 -22.64620 -22.39280 -22.12660 -22.08120 -22.84790 -21.91060 -22.26700 -20.13870 -19.90550 -20.06500 -20.83890 -20.05660 -18.91190 -18.17830 -18.45120 -18.81600 -20.29780 -20.48010 -20.36120 -19.81230 -19.77480 -20.73620 -21.27600 -20.73750 -21.38600 -22.53810 -21.57900 -22.42640 -20.78030 -21.92290 -20.41530 -19.80420 -20.07650 -19.51390 -19.89000 -19.67850 -20.66510 -19.65130 -18.73740 -18.24590 -18.35050 -18.22610 -17.37680
-29.23000 -29.45990 -29.58370 -29.31890 -31.15550 -32.37240 -32.31230 -32.33680 -32.18450 -30.46050 -28.26100 -31.96800 -31.26600 -29.53130 -31.40000 -32.35700 -31.42410 -24.93810 -27.64670 -30.36910 -29.47220 -28.09290 -26.30320 -22.02220 -21.09070 -20.71270 -20.63770 -21.25970 -21.87940 -21.70620 -22.04480 -21.77190 -21.43860 -21.00360 -19.36010 -19.42100 -19.88160 -19.35320 -19.81120 -19.81310 -20.44920 -19.00900 -18.65110 -19.11760 -17.47730 -17.33850 -18.10870 -18.96260 -19.61890 -20.06830 -20.61570 -19.87110 -19.91270 -20.05220 -20.99840 -21.34040 -20.48700 -20.73280 -19.00040 -18.88590 -17.96570 -17.94250 -18.68800 -19.33240 -17.68290 -17.13940 -16.98760 -16.43590 -16.28090 -16.52260 -16.48880
-28.70310 -28.52100 -28.54550 -28.36690 -29.10390 -29.32860 -29.64840 -30.36430 -30.28270 -30.56320 -30.16380 -30.37640 -29.76680 -28.62690 -30.00370 -30.16340 -31.33780 -29.45710 -27.27750 -25.78670 -26.39650 -26.41420 -25.14080 -24.36430 -21.96840 -20.59250 -20.24410 -20.29530 -20.93000 -20.67340 -21.21670 -20.66660 -19.83510 -19.81530 -19.59620 -19.17880 -18.94920 -18.83250 -18.79860 -19.31640 -20.26380 -20.00330 -19.86280 -19.52360 -17.08570 -16.65670 -17.51130 -18.26020 -18.72480 -19.86650 -20.23070 -19.28640 -18.73940 -20.29320 -19.44010 -19.07950 -18.71940 -18.27330 -19.55410 -18.62480 -18.09630 -17.58360 -17.56410 -16.60130 -16.35080 -16.39800 -16.14880 -16.39150 -17.22830 -16.37090 -15.99900
-28.07060 -28.38920 -28.88530 -28.88060 -28.66810 -27.76590 -27.95180 -27.84080 -28.11320 -28.16660 -29.54070 -30.72040 -29.46450 -27.50040 -26.85160 -27.69900 -27.74850 -27.57570 -28.70980 -27.24980 -25.79360 -23.72530 -22.57060 -22.81590 -23.04050 -22.24190 -20.53400 -20.51830 -21.01420 -21.50910 -20.80270 -20.58830 -18.81470 -18.93070 -19.15270 -19.98220 -19.49090 -20.50120 -19.22350 -20.56350 -21.83070 -20.30060 -19.86580 -20.94790 -19.81810 -18.09560 -17.97920 -18.13250 -17.79210 -18.45650 -19.32180 -17.69040 -17.16070 -17.02500 -16.68370 -16.73320 -17.27580 -17.94210 -17.52380 -18.39580 -17.38260 -17.47010 -17.37590 -17.08260 -16.66710 -16.33300 -16.11290 -16.28910 -16.75820 -17.39670 -16.99010
-27.94890 -28.85390 -29.71320 -29.87470 -28.74530 -28.29500 -27.65320 -27.40450 -26.76350 -28.35520 -28.41600 -28.75610 -29.97600 -28.08820 -25.70980 -24.85090 -25.88430 -26.43820 -27.09090 -26.44580 -25.10330 -24.36140 -23.60860 -22.47440 -21.82620 -21.08660 -21.63140 -20.76000 -20.30370 -20.93740 -19.47580 -19.91050 -18.78570 -20.44490 -20.61210 -18.87770 -19.82780 -21.07610 -20.23430 -19.50850 -20.70360 -20.98970 -20.78190 -19.66530 -19.45970 -18.85600 -18.25640 -18.41850 -17.78470 -18.45400 -18.31660 -18.40030 -17.97560 -18.15370 -18.11950 -17.77090 -17.52070 -16.49580 -15.99180 -15.57580 -15.56650 -16.14680 -16.58500 -16.40910 -16.51030 -16.30540 -16.30710 -16.41470 -17.81460 -18.35000 -18.12000
-25.42370 -26.43950 -28.95050 -29.17380 -29.11150 -27.13480 -26.96510 -25.67590 -26.38120 -26.15990 -25.48340 -25.57910 -25.88310 -26.99870 -25.71610 -24.93540 -24.94210 -23.60640 -23.66830 -22.74900 -24.90920 -22.78170 -21.64900 -20.81820 -20.30320 -21.11540 -22.42650 -21.20420 -20.30470 -19.67750 -20.75520 -19.64370 -19.04740 -20.14530 -20.76070 -19.05620 -19.65020 -20.05150 -20.95180 -20.45960 -20.06310 -20.26980 -19.57970 -19.59240 -18.79370 -18.91040 -17.12690 -17.60750 -17.78360 -17.65710 -17.43230 -17.61190 -16.99200 -16.18190 -16.46360 -15.71700 -15.87770 -15.56340 -14.96120 -14.94880 -15.24360 -15.82170 -16.15160 -16.56230 -18.39000 -17.91840 -18.15310 -17.88100 -18.10610 -17.04980 -17.18030
-25.50610 -25.40860 -27.29140 -28.37750 -28.48310 -29.45880 -28.45210 -26.24180 -26.12870 -25.96480 -24.86450 -25.44700 -24.23410 -24.32870 -25.62920 -23.91420 -22.11140 -21.18830 -21.45870 -20.93810 -20.32940 -21.60790 -21.29460 -19.77490 -18.59300 -17.64920 -19.10570 -19.04940 -17.97520 -18.80380 -18.34100 -18.45240 -19.01130 -19.34980 -19.89210 -20.05360 -19.08700 -20.13780 -21.08020 -21.60430 -19.63650 -19.15370 -19.27770 -17.61150 -16.63700 -15.96140 -14.78530 -13.98220 -14.07250 -13.75560 -13.65870 -13.54190 -13.71430 -14.30700 -15.00030 -14.97120 -14.73300 -14.12230 -14.32710 -14.60460 -15.17420 -15.53850 -16.77570 -18.62290 -19.47090 -19.12900 -19.19850 -18.84340 -18.01310 -17.33930 -17.26070
-22.76690 -23.88310 -25.88030 -25.66810 -27.27600 -27.48460 -29.58720 -27.79900 -26.09730 -26.93840 -27.02030 -25.90450 -24.49260 -25.15620 -24.24230 -22.63260 -22.40690 -21.47870 -20.05970 -19.63050 -19.70700 -20.49340 -21.86100 -19.14020 -17.55430 -17.42320 -19.19050 -18.76000 -18.90550 -19.93670 -18.36220 -17.79160 -18.70500 -19.02820 -19.64640 -19.07220 -18.98130 -18.69870 -19.72720 -19.65300 -18.18930 -16.11990 -16.65500 -15.29470 -13.33950 -13.07660 -13.31240 -13.48010 -14.35030 -13.51750 -9999 -9999 -12.41800 -12.56980 -12.21300 -13.10510 -13.22850 -12.96720 -13.28830 -14.08650 -14.51140 -16.20130 -17.76480 -19.22270 -18.80080 -19.77030 -20.15420 -20.33480 -17.81240 -16.72200 -16.71720
-25.03260 -23.66740 -24.42430 -25.37380 -25.53540 -25.20730 -27.26410 -25.23600 -26.10660 -26.77750 -27.06840 -25.54310 -25.62910 -25.21580 -23.49150 -22.37860 -23.06320 -21.41160 -19.96030 -20.70230 -19.76460 -18.62280 -18.47060 -18.82930 -20.62240 -19.15480 -19.39490 -18.72760 -19.03660 -18.84720 -19.23710 -17.43630 -17.96680 -18.70560 -18.81230 -18.63860 -18.65620 -16.09210 -14.20030 -9999 -9999 -9999 -9999 -11.64810 -9999 -13.63440 -15.36570 -13.78110 -13.29120 -11.20510 -9999 -9999 -11.81840 -11.42760 -11.07130 -10.97050 -10.45620 -11.03860 -11.74750 -12.65620 -13.13850 -13.83040 -14.99220 -15.67470 -14.87720 -18.25130 -18.46870 -17.66730 -14.67870 -14.05420 -13.52680
-22.68810 -22.95240 -23.36950 -24.38350 -24.00020 -22.42710 -25.15140 -24.08450 -22.30180 -22.70640 -22.59330 -22.77200 -23.67110 -23.75010 -22.64390 -20.33210 -21.31480 -21.43830 -21.36730 -20.39860 -20.53110 -18.55520 -18.59170 -18.01590 -18.69420 -17.88480 -18.39320 -18.98140 -18.63360 -18.31850 -18.61590 -18.48300 -18.61860 -17.94400 -18.67260 -16.69330 -15.22200 -9999 -9999 -9999 -9999 -9999 -9999 -9999 -11.74590 -12.00120 -11.95390 -9999 -9999 -9999 -9999 -9999 -9.23424 -9.68168 -11.15880 -10.24840 -10.72400 -10.06500 -9.52744 -10.50930 -9.48685 -9.67612 -10.85090 -11.95950 -11.27110 -11.18540 -12.40130 -14.32990 -12.07470 -9.98706 -9999
