data/hydroclimate-scenarios/BCSD_hadcm_B1/monthly_summaries/tavg_monthly_avg_jun.2030-2059.asc
ncols	311
nrows	91
xllcenter	102.75
yllcenter	31.75
cellsize	0.5
NODATA_value	-9999
[rows 0 to 31 of 91, columns 216 to 287 of 311]
-9999 -9999 -9999 -9999 -9999 -9999 -9999 -9999 -9999 -9999 -9999 -9999 -9999 -9999 -9999 -9999 -9999 -9999 -9999 -9999 -9999 -9999 -9999 -9999 -9999 -9999 -9999 -9999 -9999 -9999 -9999 -9999 -9999 -9999 -9999 -9999 -9999 -9999 -9999 -9999 -9999 -9999 -9999 -9999 -9999 -9999 -9999 -9999 -9999 -9999 -9999 -9999 -9999 -9999 -9999 -9999 -9999 -9999 -9999 -9999 -9999 -9999 -9999 -9999 -9999 -9999 -9999 -9999 -9999 -9999 -9999 -9999
-9999 -9999 -9999 -9999 -9999 -9999 -9999 -9999 -9999 -9999 -9999 -9999 -9999 -9999 -9999 -9999 -9999 -9999 -9999 -9999 -9999 -9999 -9999 -9999 -9999 -9999 -9999 -9999 -9999 -9999 -9999 -9999 -9999 -9999 -9999 -9999 -9999 -9999 -9999 -9999 -9999 -9999 -9999 -9999 -9999 -9999 -9999 -9999 -9999 -9999 -9999 -9999 -9999 -9999 -9999 -9999 -9999 -9999 -9999 -9999 -9999 -9999 -9999 -9999 -9999 -9999 -9999 -9999 -9999 -9999 -9999 -9999
-9999 -9999 -9999 -9999 -9999 -9999 -9999 -9999 -9999 -9999 -9999 -9999 -9999 -9999 -9999 -9999 -9999 -9999 -9999 -9999 -9999 -9999 -9999 -9999 -9999 -9999 -9999 -9999 -9999 -9999 -9999 -9999 -9999 -9999 -9999 -9999 -9999 -9999 -9999 -9999 -9999 -9999 -9999 -9999 -9999 -9999 -9999 -9999 -9999 -9999 -9999 -9999 -9999 -9999 -9999 -9999 -9999 -9999 -9999 -9999 -9999 -9999 -9999 -9999 -9999 -9999 -9999 -9999 -9999 -9999 -9999 -9999
-9999 -9999 -9999 -9999 -9999 -9999 -9999 -9999 -9999 -9999 -9999 -9999 -9999 -9999 -9999 -9999 -9999 -9999 -9999 -9999 -9999 -9999 -9999 -9999 -9999 -9999 -9999 -9999 -9999 -9999 -9999 -9999 -9999 -9999 -9999 -9999 -9999 -9999 -9999 -9999 -9999 -9999 -9999 -9999 -9999 -9999 -9999 -9999 -9999 -9999 -9999 -9999 -9999 -9999 -9999 -9999 -9999 -9999 -9999 -9999 -9999 -9999 -9999 -9999 -9999 -9999 -9999 -9999 -9999 -9999 -9999 -9999
-9999 -9999 -9999 -9999 -9999 -9999 -9999 -9999 -9999 -9999 -9999 -9999 -9999 -9999 -9999 -9999 -9999 -9999 -9999 -9999 -9999 -9999 -9999 -9999 -9999 -9999 -9999 -9999 -9999 -9999 -9999 -9999 -9999 -9999 -9999 -9999 -9999 -9999 -9999 -9999 -9999 -9999 -9999 -9999 -9999 -9999 -9999 -9999 -9999 -9999 -9999 -9999 -9999 -9999 -9999 -9999 -9999 -9999 -9999 -9999 -9999 -9999 -9999 -9999 -9999 -9999 -9999 -9999 -9999 -9999 -9999 -9999
-9999 -9999 -9999 -9999 -9999 -9999 -9999 -9999 -9999 -9999 -9999 -9999 -9999 -9999 -9999 -9999 -9999 -9999 -9999 -9999 -9999 -9999 -9999 -9999 -9999 -9999 -9999 -9999 -9999 -9999 -9999 -9999 -9999 -9999 -9999 -9999 -9999 -9999 -9999 -9999 -9999 -9999 -9999 -9999 -9999 -9999 -9999 -9999 -9999 -9999 -9999 -9999 -9999 -9999 -9999 -9999 -9999 -9999 -9999 -9999 -9999 -9999 -9999 -9999 -9999 -9999 -9999 -9999 -9999 -9999 -9999 -9999
-9999 -9999 -9999 -9999 -9999 -9999 -9999 -9999 -9999 -9999 -9999 -9999 -9999 -9999 -9999 -9999 -9999 -9999 -9999 -9999 -9999 -9999 -9999 -9999 -9999 -9999 -9999 -9999 -9999 -9999 -9999 -9999 -9999 -9999 -9999 -9999 -9999 -9999 -9999 -9999 -9999 -9999 -9999 -9999 -9999 -9999 -9999 -9999 -9999 -9999 -9999 -9999 -9999 -9999 -9999 -9999 -9999 -9999 -9999 -9999 -9999 -9999 -9999 -9999 -9999 -9999 -9999 -9999 -9999 -9999 -9999 -9999
-9999 -9999 -9999 -9999 -9999 -9999 -9999 -9999 -9999 -9999 -9999 -9999 -9999 -9999 -9999 -9999 -9999 -9999 -9999 -9999 -9999 -9999 -9999 -9999 -9999 -9999 -9999 -9999 -9999 -9999 -9999 -9999 -9999 -9999 -9999 -9999 -9999 -9999 -9999 -9999 -9999 -9999 -9999 -9999 -9999 -9999 -9999 -9999 -9999 -9999 -9999 -9999 -9999 -9999 -9999 -9999 -9999 -9999 -9999 -9999 -9999 -9999 -9999 -9999 -9999 -9999 -9999 -9999 -9999 -9999 -9999 -9999
-9999 -9999 -9999 -9999 -9999 -9999 -9999 -9999 -9999 -9999 -9999 -9999 -9999 -9999 -9999 -9999 -9999 -9999 -9999 -9999 -9999 -9999 -9999 -9999 -9999 -9999 -9999 -9999 -9999 -9999 -9999 -9999 -9999 -9999 -9999 -9999 -9999 -9999 -9999 -9999 -9999 -9999 -9999 -9999 -9999 -9999 -9999 -9999 -9999 -9999 -9999 -9999 -9999 -9999 -9999 -9999 -9999 -9999 -9999 -9999 -9999 -9999 -9999 -9999 -9999 -9999 -9999 -9999 -9999 -9999 -9999 -9999
-9999 -9999 -9999 -9999 -9999 -9999 -9999 -9999 -9999 -9999 -9999 -9999 -9999 -9999 -9999 -9999 -9999 -9999 -9999 -9999 -9999 -9999 -9999 -9999 -9999 -9999 -9999 -9999 -9999 -9999 -9999 -9999 -9999 -9999 -9999 -9999 -9999 -9999 -9999 -9999 -9999 -9999 -9999 -9999 -9999 -9999 -9999 -9999 -9999 -9999 -9999 -9999 -9999 -9999 -9999 -9999 -9999 -9999 -9999 -9999 -9999 -9999 -9999 -9999 -9999 -9999 -9999 -9999 -9999 -9999 -9999 -9999
-9999 -9999 -9999 -9999 -9999 -9999 -9999 -9999 -9999 -9999 -9999 -9999 -9999 -9999 -9999 -9999 -9999 -9999 -9999 -9999 -9999 -9999 -9999 -9999 -9999 -9999 -9999 -9999 -9999 -9999 -9999 -9999 -9999 -9999 -9999 -9999 -9999 -9999 -9999 -9999 -9999 -9999 -9999 -9999 -9999 -9999 -9999 -9999 -9999 -9999 -9999 -9999 -9999 -9999 -9999 -9999 -9999 -9999 -9999 -9999 -9999 -9999 -9999 -9999 -9999 -9999 -9999 -9999 -9999 -9999 -9999 -9999
-9999 -9999 -9999 -9999 -9999 -9999 -9999 -9999 -9999 -9999 -9999 -9999 -9999 -9999 -9999 -9999 -9999 -9999 -9999 -9999 -9999 -9999 -9999 -9999 -9999 -9999 -9999 -9999 -9999 -9999 -9999 -9999 -9999 -9999 -9999 -9999 -9999 -9999 -9999 -9999 -9999 -9999 -9999 -9999 -9999 -9999 -9999 -9999 -9999 -9999 -9999 -9999 -9999 -9999 -9999 -9999 -9999 -9999 -9999 -9999 -9999 -9999 -9999 -9999 -9999 -9999 -9999 -9999 -9999 -9999 -9999 -9999
-9999 -9999 -9999 -9999 -9999 -9999 -9999 -9999 -9999 -9999 -9999 -9999 -9999 -9999 -9999 -9999 -9999 -9999 -9999 -9999 -9999 -9999 -9999 -9999 -9999 -9999 -9999 -9999 -9999 -9999 -9999 -9999 -9999 -9999 -9999 -9999 -9999 -9999 -9999 -9999 -9999 -9999 -9999 -9999 -9999 -9999 -9999 -9999 -9999 -9999 -9999 -9999 -9999 -9999 -9999 -9999 -9999 -9999 -9999 -9999 -9999 -9999 -9999 -9999 -9999 -9999 -9999 -9999 -9999 -9999 -9999 -9999
5.03574 4.63367 4.44097 -9999 -9999 -9999 -9999 -9999 -9999 -9999 -9999 -9999 -9999 -9999 -9999 -9999 -9999 -9999 -9999 -9999 -9999 -9999 -9999 -9999 -9999 -9999 -9999 -9999 -9999 -9999 -9999 -9999 -9999 -9999 -9999 -9999 -9999 -9999 -9999 -9999 -9999 -9999 -9999 -9999 4.44200 -9999 -9999 -9999 -9999 -9999 -9999 -9999 -9999 -9999 -9999 -9999 -9999 -9999 -9999 -9999 -9999 -9999 -9999 -9999 -9999 -9999 -9999 -9999 -9999 -9999 -9999 -9999
6.97356 6.66587 6.64693 6.19198 6.13297 6.46186 6.44365 6.29767 5.88191 5.76280 4.72291 4.24557 4.22006 4.22337 4.14283 10.43490 -9999 -9999 -9999 -9999 -9999 -9999 -9999 -9999 -9999 -9999 -9999 -9999 -9999 -9999 -9999 -9999 -9999 -9999 -9999 -9999 -9999 -9999 -9999 3.14588 3.94640 3.24544 1.96113 1.55087 2.47163 5.22817 -9999 -9999 -9999 4.76160 -9999 -9999 -9999 5.63657 5.51513 5.38838 -9999 -9999 -9999 -9999 -9999 -9999 -9999 -9999 -9999 -9999 -9999 -9999 -9999 -9999 -9999 -9999
9.23106 9.16529 9.08481 9.31848 9.22178 8.92979 8.57392 8.46455 6.76323 6.99778 6.04348 5.30068 6.93052 7.52427 7.61623 6.70200 5.88422 5.41512 4.16709 4.71347 5.74702 5.85519 -9999 -9999 -9999 -9999 -9999 8.03086 8.19907 8.16361 8.06260 7.64601 7.03912 6.73877 6.93652 7.12770 7.12915 7.13854 7.04501 2.94882 3.15923 2.36097 2.76348 1.66245 1.98587 5.68709 5.40368 5.62200 5.24430 5.16291 5.38464 5.60411 5.36903 5.25069 4.43060 3.30462 3.46846 4.44204 5.11327 5.02842 5.60923 -9999 -9999 -9999 -9999 -9999 -9999 -9999 -9999 -9999 -9999 -9999
9.28312 9.30989 9.29124 8.70553 7.33317 7.13801 7.38452 7.04727 6.97601 7.06326 6.06311 7.44417 7.45236 8.86228 9.60062 8.22049 8.06144 6.74908 5.22906 6.01326 5.11626 4.88847 5.55100 6.81052 7.47662 8.23100 8.66990 9.02005 9.36600 9.24049 9.11357 8.90563 8.57965 8.07398 7.77023 7.66151 7.75019 7.65434 7.55893 7.35702 7.06405 7.06460 7.07447 6.28197 6.07301 6.14752 6.02358 5.90757 5.68172 5.56692 5.65086 5.71640 5.89624 5.86751 5.83600 5.89951 5.88242 5.84394 5.81044 5.23578 4.40597 4.47450 4.63269 5.08240 4.91491 4.83740 4.83125 4.86666 4.79990 -9999 -9999 -9999
6.65132 6.76584 6.00050 7.43641 8.19737 8.50734 9.77705 11.04130 11.34170 9.93335 10.18000 11.34540 12.01330 11.66800 12.67730 12.28660 10.97250 9.29291 8.09299 8.57888 8.20289 6.26121 6.10603 5.95544 6.11430 6.55560 7.09930 8.51545 10.26070 10.50990 10.68290 10.75010 10.23340 9.51559 8.90348 8.78311 8.65555 8.56867 8.56521 8.68227 8.88554 8.80293 8.70239 7.70506 7.36502 7.41247 7.24638 6.98318 6.82123 6.67589 6.61940 6.64440 6.61335 6.58469 6.54557 6.51188 6.47581 6.44560 6.41247 5.33692 5.02080 5.39604 5.38092 5.45727 5.11306 4.97920 4.83927 4.97277 5.39583 -9999 5.45583 -9999
9.07166 8.39421 9.67646 10.84220 10.76730 11.58410 13.05710 12.46120 12.47110 12.74380 13.05590 12.87950 13.28070 14.44580 14.84800 13.18180 11.40740 10.67830 9.41598 9.73582 9.70132 8.21443 7.46197 7.60303 6.05356 5.98181 6.10903 8.72866 11.15060 11.49270 11.57280 11.62960 11.49230 10.66530 10.13050 10.20970 9.78693 9.89125 9.70269 10.19500 10.20750 10.11540 10.01460 9.22341 8.87250 8.67329 8.47467 8.26491 7.87272 7.56685 7.46438 7.46309 7.43536 7.39507 7.15338 7.20449 7.27589 7.24174 7.01149 5.93616 6.02976 6.24275 5.94193 5.94779 5.94496 5.64447 5.63724 5.76458 5.99908 6.23615 -9999 -9999
11.40910 11.21550 11.68850 12.96170 13.30620 14.70700 15.08020 15.29650 15.53440 15.06550 14.92970 14.82470 14.84080 15.48320 15.30650 15.44860 13.79870 11.73280 10.51850 9.47590 9.34307 7.69692 8.24829 9.49517 9.73922 9.47716 7.21730 9.84149 11.17480 12.32180 12.48850 12.45530 12.31560 11.99260 11.85830 11.42260 10.99090 11.09650 11.30570 10.91250 11.01750 11.42950 11.43760 10.75210 10.29120 9.95338 9.72275 9.48616 8.95995 8.83626 8.49511 8.46952 8.41749 8.27512 8.04372 7.99468 8.04901 7.90338 7.87047 7.49717 7.41639 7.02826 7.04223 7.06048 6.97365 6.70106 6.60182 6.43634 6.36429 6.29200 6.41763 -9999
13.79230 15.22080 16.17730 16.41380 16.63420 17.31110 17.43530 17.19140 16.97370 16.78890 16.13160 15.83980 15.54740 15.43920 15.48210 15.18010 13.27160 11.15080 9.54715 9.54862 8.93342 8.01290 9.08591 10.04200 10.40860 10.16530 9.03187 9.07726 11.72410 12.68710 13.05260 13.12860 12.91490 12.80020 12.76480 12.64680 12.41430 12.31740 12.52940 12.63120 12.64320 12.85940 12.96460 12.47720 11.90430 11.55590 10.90180 10.26170 10.11430 9.85898 9.61234 9.35420 9.50664 9.36728 9.21027 9.55414 9.60487 9.54947 9.39993 9.13542 8.74070 8.46752 8.28974 8.01067 6.92216 6.82945 6.74513 6.57866 6.40507 6.13174 5.86114 5.69389
15.99750 16.60940 16.84790 16.95060 17.00720 17.03520 16.95200 16.91520 17.03290 16.96940 16.45010 16.06680 16.05090 16.23130 16.23740 15.76320 14.02200 10.86960 9.04894 8.15580 8.55174 8.53631 10.00860 10.68240 10.77510 10.54130 10.12290 8.99768 10.85750 12.02510 13.21410 13.59090 13.68120 13.48740 13.57150 13.55490 13.53310 13.53680 13.64540 13.94920 14.35640 14.65530 14.37910 13.79200 13.21680 12.95240 12.27490 11.61860 11.45560 11.38890 11.32530 10.84670 11.29180 11.03200 10.66830 10.30190 10.54520 10.58040 10.11340 9.94965 9.56494 9.28431 9.41149 8.94494 7.85868 7.77435 7.67997 7.51394 7.32628 7.25438 6.87644 6.70022
14.69820 14.72580 14.81770 14.45750 13.81280 13.86680 14.27520 14.59230 15.22520 15.68550 16.22920 15.96750 15.92380 15.41350 15.82230 14.76820 13.62590 10.91350 9.46365 8.72033 8.87451 7.94547 9.72938 9.90782 10.11110 10.90050 11.40200 11.39020 12.27470 12.56920 12.15160 12.14960 12.55290 12.16110 11.55730 12.44730 12.73750 12.64210 13.65270 14.56730 14.88810 15.08000 15.08960 14.70450 13.61770 13.33170 12.63810 12.35880 12.07610 12.09450 11.90710 11.63120 11.35720 11.08810 11.22000 11.35270 11.28380 10.91680 10.84830 10.57430 10.29900 10.12280 10.05220 9.06727 8.77885 8.68615 8.60656 8.52370 8.34558 8.16907 7.79523 7.50922
14.73350 15.28700 14.99270 14.64730 14.51760 13.76610 13.28230 13.00540 12.66950 12.22620 13.20510 14.11750 15.35050 15.78170 15.89240 14.70890 13.39950 11.41500 9.48739 9.62455 9.82259 8.56727 8.76077 9.06510 9.26839 9.38164 9.79565 10.49780 11.60230 11.30710 10.71140 9.91719 9.43264 8.64827 8.94683 9.95164 10.25480 9.35930 9.78048 11.59830 12.21170 13.02280 13.14110 14.84150 15.24350 15.03060 13.82140 13.72300 13.82110 13.01660 12.71930 12.62490 12.14000 12.36300 12.48740 12.10920 10.83220 10.76130 11.27530 10.91230 10.23420 10.25980 10.18360 9.79208 9.71712 9.72844 9.53093 9.55227 9.27454 9.08996 8.81722 8.43995
15.55100 15.35540 15.47710 15.73310 15.36620 14.73480 14.35140 13.85680 13.32270 11.97260 11.35820 10.83120 11.50960 11.40410 13.30150 13.07900 13.42850 12.73120 9.75551 9.11581 8.52937 8.14211 8.35495 7.66214 8.48189 8.38040 8.30770 7.72410 7.74364 7.95746 7.76850 7.25560 7.47846 7.39658 6.81433 7.31020 7.90181 7.13376 7.25085 8.36866 8.19298 8.29921 8.51560 9.42972 11.01950 13.60950 14.68520 14.16950 14.26280 14.25900 13.14490 12.85980 13.05410 12.87870 12.60030 12.71980 12.53720 11.84560 10.96720 10.48770 10.31170 11.03160 11.64650 11.56830 11.27580 11.27810 11.07920 10.59540 10.32300 10.04460 9.65631 9.18070
15.09590 14.20820 14.11090 13.95650 14.30230 14.57180 14.83970 14.73700 14.47780 14.16190 13.19320 11.63750 12.70040 13.37180 13.31260 13.42830 12.69050 11.81390 11.81610 10.41140 10.99510 9.40360 8.91626 8.52932 8.53079 8.74767 9.45603 9.57278 9.98333 9.10136 9.49001 8.40518 8.31285 8.83386 7.94341 8.23678 8.33136 7.75112 7.37702 8.78583 8.70827 8.93639 8.64875 9.25419 10.66080 12.16380 13.37260 13.85450 14.31790 14.81380 13.33920 12.33670 13.23700 13.45120 13.07100 13.27760 12.98540 12.40530 11.80380 11.62620 11.64640 11.56060 11.47370 12.08270 12.28160 12.39080 12.19420 11.71020 11.32120 10.82290 10.43690 10.04390
10.29590 10.94630 8.80445 7.73858 7.57348 8.57962 10.88700 12.59570 11.36360 13.46090 14.53640 14.88190 14.72880 14.49470 13.91830 13.90790 12.49770 11.75630 11.14850 11.46400 11.84170 11.47310 11.67790 12.07780 11.49050 11.40550 12.21850 12.61910 11.74150 11.64320 11.74450 12.14870 11.94690 9.96265 9.96610 9.35456 9.05114 9.17808 9.30128 8.72661 8.74473 8.54893 9.48015 9.80664 9.22152 10.35440 11.95850 12.64270 13.63360 14.32190 14.61030 14.62980 13.51990 13.62930 13.63030 13.44560 13.25450 13.35440 12.64460 12.46080 12.08000 12.09810 12.60320 12.69700 12.89990 13.21160 13.50710 13.10800 12.41280 11.90990 11.41210 11.01950
8.91044 9.37252 10.10130 10.80830 10.26800 9.38617 9.38262 10.40620 8.04841 8.30080 9.19225 10.99160 13.35740 13.93160 13.76410 14.30260 13.06410 11.86680 11.65290 11.55730 12.42030 11.53060 12.04530 12.04020 12.44780 12.36190 12.47100 11.87770 11.49460 11.39630 12.28970 10.68000 10.49410 10.79960 10.80460 9.78634 9.29134 9.70834 9.22906 8.75411 9.38277 9.10052 8.63155 7.86132 8.39919 10.23220 11.42960 11.73330 12.23040 13.12190 13.92810 15.31460 14.10310 13.90220 13.89240 14.10180 13.90190 13.70460 13.39550 13.50000 13.41360 13.31690 13.32730 13.32010 13.61070 14.02260 14.31340 14.10900 13.41200 13.00120 12.39270 11.68050
10.61420 10.46300 10.32520 10.38710 11.57510 11.56970 11.47290 11.55660 11.54990 11.75070 11.57490 12.25420 11.19350 13.14950 15.62840 14.53960 13.87310 12.92100 11.59830 11.19290 11.56180 10.29970 10.12050 12.01200 12.50270 12.30750 12.91970 13.52700 13.13480 12.53320 11.15350 10.54570 11.03790 11.24180 10.33970 10.23460 10.81670 9.73827 9.56904 8.70220 8.91753 8.54402 8.28460 7.72469 7.07323 8.20244 7.91673 9.41545 9.83270 12.43210 14.04120 14.95070 15.79620 14.77150 14.56820 14.95840 14.85000 14.74290 14.53270 14.33110 14.13590 13.93360 13.73280 13.93300 13.93610 14.23590 14.61640 14.61800 14.50160 14.18470 13.26650 12.65060
9.39639 7.80167 8.11899 9.16648 10.70370 11.45110 11.77310 12.40390 13.54310 13.07490 8.80766 7.21120 7.69375 8.41033 10.44490 10.41680 10.24260 11.90760 12.39800 12.77550 12.02980 11.40950 11.04400 10.84900 10.32220 11.42990 12.83880 13.07150 12.57050 12.65260 10.96240 10.66790 10.27170 11.56860 10.87570 11.06200 11.44400 11.07320 10.40080 9.92628 7.85502 8.89736 8.03718 8.47696 8.42599 7.75544 7.86717 8.67545 9.79341 11.50270 12.81840 14.21690 16.14840 15.59900 15.28260 15.57190 15.16610 14.25710 13.12770 12.72600 12.63510 12.82270 13.62640 14.42700 14.53090 14.52440 14.53160 14.60450 14.49010 13.56140 13.34910 13.62540
11.22170 9.94617 9.79538 9.96883 9.74302 10.26420 11.22230 11.70930 12.61640 13.16130 11.29560 4.86557 2.97077 4.70639 6.63611 7.00777 7.83768 7.99820 9.00122 10.49240 10.16420 9.41073 9.19027 10.33390 11.30910 10.42280 11.34920 11.59480 12.19170 13.08180 11.80570 10.97780 10.25280 10.03660 10.53070 11.10430 11.49560 10.52440 10.04020 10.77460 9.30512 9.23900 9.46968 8.70570 8.84368 9.53685 11.15110 10.75330 10.76510 10.56570 11.77430 11.97840 14.01420 15.15440 14.82360 15.68620 15.87900 15.78710 15.27270 14.54710 14.56360 14.67560 14.88840 14.80030 14.69840 14.70320 14.70120 14.48810 14.47040 14.15690 14.03330 13.82660
8.15782 8.21783 7.92321 -9999 6.63878 7.95531 7.67241 6.81090 9.44265 11.08770 11.93310 12.33880 12.45810 13.32870 9.86522 3.80798 1.54842 1.16567 0.42697 6.62294 8.66089 8.96190 8.76874 9.22177 9.34530 10.05840 10.42030 11.12240 12.45200 11.59130 11.45970 10.60410 10.57410 10.78700 9.68302 9.09332 9.45531 10.06160 8.89344 10.60010 11.42160 9.27022 9.40406 9.13805 9.56343 10.67740 11.06640 11.69730 11.38990 10.48560 11.47600 12.26830 14.19670 15.44290 15.49530 15.65990 15.64360 15.65250 15.62540 15.41820 15.33920 15.35020 15.05640 14.97610 15.08790 14.98970 14.69200 14.87620 14.85180 14.63700 14.52540 14.20570
