data/hydroclimate-scenarios/BCSD_hadcm_B1/monthly_summaries/tavg_monthly_avg_oct.2030-2059.asc
ncols	311
nrows	91
xllcenter	102.75
yllcenter	31.75
cellsize	0.5
NODATA_value	-9999
[rows 32 to 63 of 91, columns 0 to 72 of 311]
-9999 -9999 -9999 -9999 -9999 -9999 -9999 -9999 -9999 -9999 -9999 -4.30008 -4.41038 -4.30951 -4.39934 -4.70699 -4.70747 -4.71133 -4.60394 -4.52294 -4.60491 -4.29742 -3.70310 -3.99233 -3.78195 -3.77912 -4.05825 -3.94320 -3.91143 -3.67145 -3.96663 -4.05463 -3.94206 -3.92417 -4.30804 -3.59051 -3.66520 -3.64365 -4.00963 -4.27644 -4.45590 -4.31813 -4.29207 -4.54571 -4.69375 -4.69647 -4.90066 -5.51382 -5.73628 -5.68015 -5.69933 -5.97690 -6.05754 -6.32033 -6.09371 -5.86481 -5.82363 -5.69290 -5.64551 -5.79188 -5.76530 -5.73306 -5.48462 -5.35028 -4.92830 -4.56607 -5.21847 -6.08166 -7.30694 -8.27328 -7.53639 -9.48208 -9.43376
-9999 -9999 -9999 -9999 -9999 -9999 -9999 -9999 -9999 -9999 -9999 -4.07814 -4.38869 -4.28174 -4.47148 -4.36900 -4.27951 -4.16807 -3.96897 -3.85936 -3.85918 -3.67142 -3.37184 -3.57656 -4.18049 -4.57346 -4.76946 -4.56279 -3.92443 -3.17192 -3.74720 -3.82572 -3.91097 -3.70097 -3.66938 -3.25096 -3.32769 -3.50851 -3.68316 -4.86390 -4.22811 -5.00206 -4.47532 -4.43502 -4.88472 -5.06787 -5.39277 -5.53499 -5.76550 -5.82185 -5.88643 -5.65933 -5.71930 -5.47896 -5.23982 -5.09734 -5.24440 -5.30661 -5.34166 -5.28555 -5.22681 -5.17233 -4.51203 -4.26357 -4.21658 -4.56834 -4.73558 -5.28962 -5.94338 -6.80604 -6.16955 -7.82784 -6.69632
-9999 -9999 -9999 -9999 -9999 -9999 -9999 -9999 -9999 -9999 -9999 -9999 -3.77172 -3.75992 -3.74638 -3.63437 -3.53076 -3.32591 -3.01698 -2.90244 -2.89684 -3.19677 -3.80009 -4.39984 -4.80308 -6.40036 -6.01133 -6.21076 -4.87205 -4.33022 -4.00607 -3.28878 -3.36464 -3.34932 -3.52131 -3.61281 -3.69388 -3.57475 -3.84664 -4.51793 -4.59323 -4.76014 -4.73422 -3.99058 -4.24002 -4.63285 -4.57443 -4.60504 -4.73945 -4.83773 -4.72437 -5.08011 -5.26400 -5.02541 -5.29145 -5.15681 -4.90714 -4.67596 -4.90841 -4.54427 -4.37545 -4.31136 -4.43113 -4.48328 -4.23011 -4.16867 -4.02572 -4.86703 -6.62213 -6.97874 -4.94316 -5.49215 -5.15114
-9999 -9999 -9999 -9999 -9999 -9999 -9999 -9999 -9999 -9999 -9999 -9999 -3.55322 -3.43726 -3.41938 -3.30469 -2.78125 -2.66652 -2.74671 -2.73699 -2.88897 -4.69909 -5.10748 -5.71304 -6.69978 -6.10243 -5.59531 -6.68416 -5.35204 -5.32588 -5.30265 -4.88448 -3.47556 -3.15803 -3.24600 -3.24188 -3.53450 -3.31598 -3.30085 -4.07488 -4.14047 -4.69854 -4.45880 -4.11326 -3.66451 -3.75961 -3.58586 -4.02597 -4.21429 -4.99617 -5.19594 -4.78865 -4.87590 -4.85583 -4.54366 -4.53246 -4.31271 -4.10134 -4.03590 -4.06054 -4.19011 -5.12376 -5.14257 -5.18890 -4.53703 -3.67780 -4.10421 -4.24124 -4.86814 -4.90172 -5.33589 -4.46570 -3.90406
-9999 -9999 -9999 -9999 -9999 -9999 -9999 -9999 -9999 -9999 -9999 -9999 -3.34057 -2.71458 -2.68915 -2.56936 -2.54582 -2.72092 -3.10272 -3.65246 -3.83932 -5.01308 -5.20539 -5.98748 -5.98706 -6.38775 -5.77678 -4.87825 -5.33707 -4.61887 -4.20344 -3.29016 -3.78181 -3.98747 -2.97444 -2.76433 -2.85605 -3.24692 -3.12875 -3.49949 -4.56567 -5.33219 -4.49361 -4.14666 -3.79465 -4.17423 -4.40125 -5.18834 -5.07708 -4.27076 -4.36358 -4.28486 -4.18973 -4.39375 -4.09972 -4.10494 -4.01251 -4.12144 -4.23963 -4.47132 -4.50266 -5.23714 -4.75949 -3.99713 -4.24726 -4.17535 -3.99630 -3.70750 -4.61748 -4.03087 -3.64720 -3.56388 -3.37454
-9999 -9999 -9999 -3.23719 -3.34640 -3.52766 -3.19468 -3.08101 -3.26746 -9999 -3.05155 -2.94557 -2.52380 -2.39399 -2.25804 -2.43989 -2.61035 -2.80098 -3.65441 -4.10988 -4.05363 -4.24047 -4.71123 -4.99919 -5.28596 -5.18011 -4.75352 -5.74193 -5.53898 -6.90976 -5.19867 -3.90407 -4.50331 -6.00247 -4.39053 -3.88437 -4.26685 -4.35951 -4.04197 -3.51232 -3.68184 -4.73210 -4.19115 -3.95830 -4.50658 -5.29667 -6.28333 -5.05821 -4.94917 -4.93147 -5.33586 -5.36834 -5.80097 -6.82781 -6.26534 -7.48122 -7.82288 -5.03893 -6.06489 -4.68587 -4.20817 -4.73268 -4.66352 -4.51678 -3.85213 -3.46655 -3.77627 -3.77264 -3.36398 -3.35500 -3.35441 -3.34107 -3.75288
-9999 -9999 -9999 -2.48261 -2.59080 -2.67481 -3.05508 -2.92586 -2.81969 -2.81356 -2.22416 -2.11861 -2.60537 -2.67158 -3.13067 -3.71491 -4.19093 -4.16609 -4.49837 -4.26073 -4.00080 -4.74482 -4.02518 -3.60509 -4.48958 -4.35105 -4.84640 -5.32448 -6.12029 -7.21551 -5.79481 -5.89962 -5.82127 -6.51442 -5.81862 -5.60479 -5.48020 -6.45826 -4.65038 -5.82798 -5.78480 -4.74021 -4.09647 -4.94759 -5.51142 -6.58309 -6.55848 -4.53749 -5.71975 -6.20493 -6.61137 -6.46508 -7.11748 -7.36413 -5.91254 -6.96447 -5.92692 -5.86927 -6.59250 -5.90502 -5.32154 -5.34168 -5.16902 -4.42144 -4.26633 -2.86863 -2.75699 -1.93092 -2.11555 -2.29013 -2.76295 -2.34354 -3.30662
-9999 -9999 -9999 -1.95210 -2.26580 -2.74198 -2.92799 -2.60278 -2.18189 -1.86227 -2.06126 -2.25687 -2.95278 -3.82835 -5.10090 -4.47848 -4.94926 -4.79374 -4.24267 -3.99106 -4.32533 -5.18189 -4.62788 -5.01388 -5.98675 -5.16961 -5.24470 -5.53128 -5.41611 -7.60919 -9.10565 -8.11616 -6.53154 -6.33724 -6.83054 -6.42287 -5.70269 -5.49298 -5.16722 -5.74990 -5.82845 -5.28238 -4.64089 -4.59850 -4.06198 -5.12772 -5.30758 -5.58596 -5.66582 -6.75337 -7.36612 -5.83436 -6.27959 -6.24739 -5.79890 -6.05665 -5.60701 -5.25923 -5.97910 -5.79467 -4.80764 -4.42160 -3.75872 -4.20257 -3.43926 -2.86157 -2.75389 -2.74692 -3.84363 -3.42827 -3.71217 -1.81450 -1.49100
-9999 -9999 -9999 -1.80822 -1.21966 -2.30427 -1.88299 -2.35661 -2.43339 -2.51414 -2.08502 -1.98210 -3.68330 -4.45154 -5.03328 -4.90242 -5.46233 -5.80570 -5.46562 -4.81858 -5.86111 -6.90973 -7.86251 -6.83715 -6.30875 -5.48603 -5.07521 -5.25390 -7.43900 -9.03469 -8.13322 -5.46093 -6.76539 -8.64347 -8.55906 -7.54944 -5.84100 -4.41983 -5.22347 -4.80989 -5.29472 -6.58769 -7.13156 -5.99392 -3.77596 -5.25229 -6.02890 -4.92284 -6.39862 -5.78678 -7.20539 -6.15432 -6.39811 -7.25028 -6.38727 -6.14429 -5.78782 -6.43318 -6.54387 -6.14761 -6.96510 -4.87520 -4.21826 -3.74956 -3.68327 -2.73348 -2.67367 -2.91159 -4.15444 -3.88864 -1.32749 0.94068 -9999
-9999 -9999 -9999 -1.35227 -0.86619 -2.24472 -2.21838 -2.28469 -2.86010 -2.43617 -1.42839 -2.63084 -4.11258 -5.09050 -6.45504 -5.92935 -6.47869 -5.82354 -4.47822 -3.63309 -5.08277 -6.22961 -7.07799 -5.17183 -4.65681 -4.23500 -3.50819 -4.58172 -6.47551 -7.86616 -8.16690 -7.36791 -7.97397 -7.37086 -6.88238 -6.57938 -6.47879 -5.26565 -4.57642 -4.86655 -5.66185 -6.34408 -6.72523 -6.59670 -5.39278 -5.27129 -5.25362 -5.24506 -5.63972 -5.82562 -6.13977 -4.87967 -5.82007 -7.45049 -5.69284 -7.13339 -5.56133 -5.40610 -6.00263 -7.10537 -6.21432 -5.44177 -4.68080 -5.31103 -4.85081 -2.81182 -2.80315 -3.68466 -3.85718 -1.54904 1.17222 -9999 -9999
-9999 -9999 -9999 -9999 -2.06968 -2.67332 -2.34389 -3.11749 -3.19289 -2.67298 -1.47170 -2.36652 -5.84319 -4.12599 -9999 -9999 -9999 -9999 -9999 -7.23038 -7.30035 -6.45812 -7.32749 -8.20480 -7.09575 -5.97897 -3.85762 -4.73902 -5.73191 -5.52311 -6.21573 -6.59870 -6.99272 -5.99296 -4.70855 -4.20545 -4.81861 -4.11587 -4.31820 -4.42843 -4.11696 -4.50260 -5.19380 -6.01289 -5.51266 -4.89723 -5.08655 -6.07574 -5.27527 -4.47296 -5.27870 -5.61491 -4.84074 -6.56995 -6.79559 -7.61933 -7.93861 -7.56966 -7.26960 -6.17310 -6.47333 -6.49782 -5.74196 -4.77311 -4.20936 -4.08630 -2.91043 -1.14462 0.02404 -9999 -9999 -9999 -9999
-9999 -9999 -1.13116 -1.62688 -2.03296 -1.92096 -2.18572 -3.43633 -2.62401 -2.41377 -1.40542 -2.69541 -5.68687 -9999 -9999 -9999 -9999 -9999 -8.78360 -7.05357 -7.00519 -5.37214 -5.25446 -6.53816 -6.22358 -5.72815 -3.60651 -3.60134 -3.98431 -4.07142 -4.75760 -5.24200 -5.14056 -5.23876 -4.73208 -3.62734 -4.14155 -3.96518 -4.15792 -4.15918 -4.65565 -4.45610 -4.84146 -4.58753 -3.98938 -4.01053 -4.20828 -4.01309 -3.11082 -2.20854 -2.62421 -3.04316 -3.65761 -3.27182 -4.69014 -4.00514 -5.21988 -6.73576 -6.43995 -4.33600 -4.25583 -4.16196 -3.79210 -3.73484 -2.66148 -1.76024 -0.54034 -9999 -9999 -9999 -9999 -9999 -9999
-9999 -9999 -0.93554 -1.23148 -1.13354 -1.41786 -1.37881 -2.77247 -2.35916 -1.75098 -2.24462 -2.84707 -2.83855 -9999 -9999 -9999 -9999 -4.65730 -7.39764 -5.45778 -5.52782 -4.98898 -5.07949 -4.67219 -3.67387 -2.65134 -2.91555 -3.33848 -3.23675 -3.02872 -3.80405 -5.09005 -4.18211 -3.69185 -4.00991 -3.78309 -3.48632 -3.36908 -4.37254 -5.26159 -4.55371 -5.24713 -5.16694 -4.60260 -4.73333 -3.95151 -3.06806 -3.48953 -1.40249 -1.80286 -1.51579 -1.41788 -1.42864 -1.74705 -2.14925 -0.86716 -1.76644 -4.47253 -4.87766 -3.48209 -2.79120 -3.92252 -2.64977 -0.88227 0.28122 -9999 -9999 -9999 -9999 -9999 2.17710 -9999 -9999
-9999 -9999 -0.12063 -1.29743 -1.28319 -1.47155 -1.35739 -1.77316 -2.08141 -2.09916 -2.90967 -3.10160 0.49953 -9999 -9999 -9999 -9999 -6.39193 -5.93294 -5.07659 -5.04635 -4.11282 -3.30269 -2.77020 -3.03201 -2.49551 -3.40673 -2.81995 -3.04838 -3.04957 -3.74480 -4.01001 -4.22440 -4.23646 -3.45893 -3.86029 -4.14010 -4.10785 -4.57422 -3.94580 -4.02594 -3.61120 -3.42456 -4.29183 -3.62148 -4.13504 -3.76408 -3.48263 -2.21129 -1.93164 -0.54539 -1.05903 -1.25835 -1.56280 -1.77373 0.01695 -0.08919 -2.19803 -1.89841 -1.50668 0.07558 0.33051 0.50867 -0.23597 -1.16452 -1.26147 1.17252 0.22219 1.86460 -9999 -9999 -9999 2.67712
-9999 -9999 -9999 -0.50704 -1.07366 -1.06013 -0.87035 -0.49202 -1.32495 -2.04020 -1.14637 0.04900 -9999 -9999 -9999 -9999 -4.70083 -5.34123 -4.27294 -3.92209 -3.66756 -2.69773 -2.85277 -2.70851 -2.86799 -2.78381 -2.99434 -3.21522 -3.03004 -4.65347 -4.47370 -3.57381 -2.86397 -2.98194 -2.99880 -2.59747 -2.26593 -2.15288 -2.20302 -1.96981 -2.52524 -2.40570 -2.92003 -2.46289 -1.50294 -2.03433 -1.35788 -0.60026 -0.93004 -0.65519 -1.27957 -0.99235 -0.50180 -1.39109 -2.30417 -2.00301 -1.70233 -2.91207 -2.41476 -0.93180 -0.56968 -0.49933 -2.03520 -5.06799 -6.58202 -1.77779 0.67031 1.02728 2.17727 2.12794 -9999 -9999 2.25111
-9999 -9999 -9999 -9999 0.01700 -0.36522 -0.48025 -1.00234 -1.63413 0.03191 1.21747 -9999 -9999 -9999 -9999 -3.33448 -4.25346 -3.38793 -2.71088 -2.93592 -2.38056 -1.82019 -2.05316 -2.97120 -2.95963 -2.07550 -1.97917 -2.10473 -2.63070 -2.84775 -3.37614 -1.89465 -1.61416 -1.81340 -2.72278 -2.21818 -1.98276 -1.66887 -1.74574 -1.60997 -2.25602 -2.20920 -2.01284 -1.56972 -0.72608 -0.86855 -0.70673 -0.23697 0.12371 0.29179 0.36725 0.46899 -0.13617 -0.33800 -0.04243 0.35634 0.55418 -1.63560 -1.65286 -0.47496 -1.70555 -2.83176 -2.85773 -2.38435 -3.41778 -1.49336 1.08255 2.12827 1.59483 2.26277 2.61828 2.67624 2.62665
-9999 -9999 -9999 -9999 -9999 -9999 -0.09754 -0.01312 1.14584 1.42254 0.48107 -9999 -9999 -9999 -9999 -9999 -2.38823 -2.20810 -1.83440 -2.26534 -2.21167 0.35949 -2.17455 -2.53715 -2.30508 -1.17829 -0.78224 -1.29364 -1.11802 -1.43845 -2.07750 -1.30226 -0.84618 -2.14957 -1.87085 -1.05883 -1.63194 -2.40552 -1.48997 -2.16274 -2.30086 -3.15370 -3.01486 -1.88759 -1.53732 -0.49230 0.05797 0.21727 0.47751 0.64623 0.91283 0.71056 0.90365 0.90458 0.71917 0.91390 0.62957 -0.26944 -0.68430 -1.09702 -2.10926 -2.84195 -3.07623 -3.70945 -4.33846 -2.31237 0.75916 2.94775 2.61039 2.38637 2.25793 2.53387 2.10634
-9999 -9999 -9999 -9999 -9999 -9999 -9999 -9999 -9999 -9999 -9999 -9999 -9999 -9999 -9999 -9999 -9999 -9999 -9999 -1.68708 -1.62911 -0.06798 -1.04307 -1.21446 -1.27963 -1.07663 -1.04563 0.17856 0.07390 -0.95582 -1.18941 -0.45223 -1.40399 -1.49606 -1.50176 -1.19300 -0.86762 -1.65150 -1.72907 -2.59902 -2.96244 -2.61239 -1.97294 -1.42324 -1.26771 -0.21207 0.62828 0.89097 1.05277 1.11621 1.18099 1.50381 1.39138 1.99258 1.70031 1.40688 1.01213 0.82747 -0.18372 -0.80253 -2.63125 -2.26277 -2.78577 -3.80993 -3.93853 -0.31576 2.17145 3.65073 3.53413 2.10921 1.88582 2.46571 2.04397
-9999 -9999 -9999 -9999 -9999 -9999 -9999 -9999 -9999 -9999 -9999 -9999 -9999 -9999 -9999 -9999 -9999 -9999 -1.07246 -1.20350 -0.56172 -0.04694 -0.02193 -0.00345 0.22419 -0.09237 0.26949 0.07829 -0.20600 -0.82745 -0.77395 -1.12678 -1.57551 -1.36322 -1.21918 -0.71274 -0.99177 -0.87180 -1.85258 -2.52726 -2.81402 -2.08310 -1.93023 -1.77827 -1.31322 -0.84113 0.31173 1.26163 1.93805 1.70148 2.09235 1.99438 2.18671 2.11738 1.72484 2.24727 1.96014 -0.11786 -1.43676 -0.56262 -0.19671 -0.12288 -0.95954 -1.68722 -2.02894 0.89769 2.49308 3.76361 3.94151 3.91182 3.39336 1.48339 3.35445
-9999 -9999 -9999 -9999 -9999 -9999 -9999 -9999 -9999 -9999 -9999 -9999 -9999 -9999 -9999 -9999 -9999 -0.62329 -0.68776 0.25968 -0.01571 0.07885 0.10718 0.43676 0.75723 0.47099 0.67043 0.18602 -0.89530 -1.21674 -1.15742 -0.69289 -1.03953 -0.32455 -0.15747 -1.02328 -1.71060 -1.49272 -1.37243 -2.06582 -2.15428 -1.54699 -1.71273 -0.92227 -0.55756 0.00730 0.69892 1.04569 2.21887 2.19476 2.78708 2.99650 2.63813 2.27705 2.28319 2.40218 1.71875 0.14046 -0.48026 0.28356 1.85142 0.71260 -2.21096 -2.54881 0.70437 2.02528 2.41204 3.87911 4.25114 4.32899 2.90968 3.28395 4.07442
-9999 -9999 -9999 -9999 -9999 -9999 -9999 -9999 -9999 -9999 -9999 -9999 -9999 -9999 -9999 -9999 -9999 -0.43904 -0.21057 -1.06740 -0.28129 -0.08689 0.42309 1.04591 2.06522 1.18015 1.19569 0.70354 0.49620 -0.32040 -0.33438 0.03113 0.19540 0.82246 -0.00156 -0.64650 -1.13779 -1.11961 -2.10897 -2.08930 -1.69445 -0.88152 -0.48367 0.03420 0.31019 2.07395 2.55196 1.02944 1.81525 2.98486 3.29826 3.34313 2.98084 2.92778 2.95809 2.55734 0.79445 0.80830 1.38846 1.75599 1.20868 -0.03533 -0.07239 -0.32595 -1.56711 0.15787 2.62841 2.16356 4.16942 4.83918 4.92048 3.11291 2.29727
-9999 -9999 -9999 -9999 -9999 -9999 -9999 -9999 -9999 -9999 -9999 -9999 -9999 -9999 -9999 -9999 -1.68080 -1.54709 -1.42039 -1.21966 0.25425 1.23324 1.03208 1.95445 3.27116 1.68318 1.89862 2.59380 1.68987 0.48073 0.37603 0.85215 0.82118 1.65466 1.14298 0.51490 -0.25056 -0.84779 -1.62408 -0.82411 -0.32411 -0.21523 0.08366 1.07193 1.56881 2.75536 3.13593 1.31094 1.99456 3.29054 3.73546 3.78497 3.43647 3.37732 3.23339 2.95013 2.56676 2.08615 2.14661 1.51211 1.85466 1.40718 0.45548 -1.40508 0.33909 1.47030 2.44936 3.71686 5.29199 5.65410 5.03933 3.63206 3.22697
-9999 -9999 -9999 -9999 -9999 -9999 -9999 -9999 -9999 -9999 -9999 -9999 -9999 -1.02721 -1.82040 -1.69885 -1.97036 -2.85462 -1.84335 0.24853 0.71645 0.19137 1.18196 1.40688 1.12592 2.72764 2.64921 2.52238 2.31439 2.23275 2.02588 1.92858 1.80238 1.83228 1.51936 0.71087 0.64349 0.46724 -0.03215 -0.03416 0.35793 1.16648 1.55571 2.65249 2.75371 2.82650 2.90759 2.99285 3.06724 3.08235 3.24625 3.30470 3.26004 4.00850 4.07744 3.60274 3.51685 3.44088 3.36649 3.12133 2.86506 3.01168 2.75672 2.88351 4.03092 5.33787 5.82242 5.89174 5.86999 5.85610 4.94144 3.52369 3.21090
-9999 -9999 -9999 -9999 -9999 -9999 -9999 -9999 -9999 -9999 -9999 -9999 -0.46507 -1.15765 -1.73565 -1.49908 -1.37623 -1.26261 -1.27108 1.52774 0.80312 1.38948 1.77513 1.78754 1.60522 3.22798 3.03543 3.02137 2.73581 2.91966 2.91374 2.70782 2.50335 2.43084 2.42771 1.73013 1.28122 1.11209 0.59952 0.99157 1.08287 1.76747 2.35050 3.14414 3.32490 3.30373 3.38051 3.34388 3.23661 3.23410 3.38348 3.46218 3.52931 4.30929 4.47008 4.62097 4.31627 3.30321 2.63347 2.77566 2.92468 3.67361 3.90761 3.82805 4.76919 5.98628 6.25776 6.24141 6.32615 5.20836 3.80504 4.28667 3.47435
-9999 -9999 -9999 -9999 -9999 -9999 -9999 -9999 -9999 -9999 -9999 -2.55324 -2.05080 -2.27342 -1.25920 -0.03147 0.30677 0.52542 0.61602 0.80066 1.19623 2.18595 2.36160 2.37055 2.09421 2.00917 2.00245 3.02176 3.63972 3.74086 3.33298 3.11475 3.03918 2.75837 2.75638 1.75263 0.92564 0.84146 1.33215 1.71971 2.38786 2.66894 3.56473 3.92438 3.90597 3.87476 3.82891 3.81596 3.70717 3.60476 3.63363 2.39631 2.97495 3.14378 3.54084 4.07345 4.55525 3.96007 4.70400 5.03856 4.87563 5.92109 5.95627 6.16616 6.41302 6.61804 6.59762 6.87726 5.77921 4.55993 2.96083 2.45583 3.05970
-9999 -9999 -9999 -9999 -9999 -9999 -9999 -9999 -9999 -9999 -1.94817 -2.29395 -0.83837 -1.38959 -0.17302 0.75805 1.09498 1.11044 1.00291 1.20234 1.58445 2.76888 2.86499 2.76261 2.67259 2.57701 2.48584 3.89426 4.02434 3.77147 3.69614 3.53368 3.40235 3.26664 2.86609 1.67359 1.14916 1.36943 2.04937 2.51525 3.27653 3.93103 4.82671 4.49429 4.48618 4.44140 4.41099 4.30029 4.17279 4.05824 3.88738 2.44701 3.00777 3.19524 3.53047 4.09291 3.81807 4.23566 5.56791 5.70022 5.73864 6.16465 6.38630 6.42182 6.64849 6.85284 6.95174 6.73832 5.53350 3.72828 2.72685 3.82955 3.74479
-9999 -9999 -9999 -9999 -9999 -9999 -9999 -9999 -9999 0.14887 0.20259 -0.05679 -0.01119 0.15977 0.57546 0.93070 1.27159 1.60031 2.30969 2.48705 2.78192 2.67518 2.75766 3.14031 3.06036 3.36365 3.67305 3.51555 3.40206 3.57364 4.12493 3.33747 2.91756 1.96978 1.17156 0.87804 0.55910 2.06455 2.53254 3.99033 4.74056 5.60420 6.08327 5.97256 5.87867 5.54733 5.69135 4.75009 4.64616 4.72313 4.34611 3.20260 2.77611 1.18966 1.32276 5.08489 5.68948 6.21898 6.44515 6.57149 6.49366 6.62184 6.74595 6.85233 6.98001 6.88174 6.68652 5.78990 4.89349 4.29664 4.58806 4.89618 5.51474
-9999 -9999 -9999 -9999 -9999 -9999 -9999 -9999 -9999 -9999 0.74931 0.75506 0.76352 1.28005 2.30677 1.74807 1.68790 1.95237 2.29297 2.39453 2.26739 2.85305 3.01979 -9999 -9999 -9999 -9999 -9999 -9999 4.03058 4.13687 3.59795 3.12187 2.16575 1.37934 1.27483 1.26108 2.63177 3.40506 4.84669 5.60602 6.27324 6.57470 6.47187 6.47373 6.05741 5.88595 5.26126 5.14156 5.02962 4.74178 3.98392 2.99556 1.50682 1.51736 5.78795 6.53004 6.70413 6.90732 6.93358 6.94260 6.85443 6.97106 6.97646 5.49240 6.49140 5.80952 5.13129 2.66157 3.48707 3.49410 5.41523 6.84131
-9999 -9999 -9999 -9999 -9999 -9999 -9999 -9999 -9999 -9999 -9999 -9999 1.39532 1.99911 2.09458 4.18954 3.84448 3.99543 3.85026 -9999 -9999 -9999 -9999 -9999 -9999 -9999 -9999 -9999 -9999 -9999 -9999 -9999 -9999 3.08540 1.58274 2.38699 2.53767 3.81647 4.97087 5.82064 6.37626 6.88569 6.98720 7.08323 6.89522 6.66131 6.72262 6.46521 6.34244 6.02872 5.54099 3.27434 2.99317 3.38750 3.69639 6.15121 6.28067 6.66177 7.06147 7.28144 7.27424 6.87800 6.58348 6.69324 6.78363 6.80683 5.64076 5.27696 4.62522 5.66064 5.80666 6.77329 -9999
-9999 -9999 -9999 -9999 -9999 -9999 -9999 -9999 -9999 -9999 -9999 -9999 -9999 -9999 -9999 -9999 -9999 -9999 -9999 -9999 -9999 -9999 -9999 -9999 -9999 -9999 -9999 -9999 -9999 -9999 -9999 -9999 -9999 -9999 2.80361 2.70525 4.23382 4.58937 5.76130 6.50447 6.90759 7.09100 7.11254 7.51393 7.41633 7.08188 6.90594 6.86421 6.55973 6.35509 5.96981 4.00274 3.59782 3.79486 4.01285 6.67630 6.57353 5.90146 6.42013 7.01503 7.11707 6.89943 7.40662 7.39355 7.46950 6.69768 5.66636 5.01635 4.08808 5.45051 7.14500 -9999 -9999
-9999 -9999 -9999 -9999 -9999 -9999 -9999 -9999 -9999 -9999 -9999 -9999 -9999 -9999 -9999 -9999 -9999 -9999 -9999 -9999 -9999 -9999 -9999 -9999 -9999 -9999 -9999 -9999 -9999 -9999 -9999 -9999 -9999 -9999 3.84253 3.92956 3.71759 5.37802 6.82953 8.22834 8.21794 8.21323 8.02849 7.82359 7.74003 7.29617 7.11364 6.97556 6.86522 6.07894 5.68836 5.41134 5.61606 3.43556 3.72752 5.98273 6.83255 7.06802 7.05412 7.55366 7.93984 8.03988 7.71865 7.29776 7.17548 5.90484 5.89965 5.27096 4.36324 6.25468 -9999 -9999 -9999
-9999 -9999 -9999 -9999 -9999 -9999 -9999 -9999 -9999 -9999 -9999 -9999 -9999 -9999 -9999 -9999 -9999 -9999 -9999 -9999 -9999 -9999 -9999 -9999 -9999 -9999 -9999 -9999 -9999 -9999 -9999 -9999 -9999 -9999 -9999 -9999 -9999 -9999 7.95090 8.83668 8.73167 8.63456 8.45862 8.25965 7.91227 7.77999 7.63847 7.39165 7.17852 6.29428 6.10305 6.11042 6.13145 4.04216 4.05690 6.38119 6.81476 7.62059 7.67443 8.36387 8.38838 8.35857 7.34005 6.91353 5.38115 5.81665 5.51932 6.12122 7.73961 -9999 -9999 -9999 -9999
