data/hydroclimate-scenarios/BCSD_hadcm_B1/monthly_summaries/tavg_monthly_avg_dec.2030-2059.asc
ncols	311
nrows	91
xllcenter	102.75
yllcenter	31.75
cellsize	0.5
NODATA_value	-9999
[rows 0 to 30 of 91, columns 70 to 139 of 311]
-9999 -9999 -9999 -9999 -9999 -9999 -9999 -9999 -9999 -9999 -9999 -9999 -9999 -9999 -9999 -9999 -9999 -9999 -9999 -9999 -9999 -9999 -9999 -9999 -9999 -9999 -9999 -9999 -9999 -9999 -9999 -9999 -9999 -9999 -9999 -9999 -9999 -9999 -9999 -9999 -9999 -9999 -9999 -9999 -9999 -9999 -9999 -9999 -9999 -9999 -9999 -9999 -9999 -9999 -9999 -9999 -9999 -9999 -9999 -9999 -9999 -9999 -9999 -9999 -9999 -9999 -9999 -9999 -9999 -9999
-9999 -9999 -9999 -9999 -9999 -9999 -9999 -9999 -9999 -9999 -9999 -9999 -9999 -9999 -9999 -9999 -9999 -9999 -9999 -9999 -9999 -9999 -9999 -9999 -9999 -9999 -9999 -9999 -9999 -9999 -9999 -9999 -9999 -9999 -9999 -9999 -9999 -9999 -9999 -9999 -9999 -9999 -9999 -9999 -9999 -9999 -9999 -9999 -9999 -9999 -9999 -9999 -9999 -9999 -9999 -9999 -9999 -9999 -9999 -9999 -9999 -9999 -9999 -9999 -9999 -9999 -9999 -9999 -9999 -9999
-9999 -9999 -9999 -9999 -9999 -9999 -9999 -9999 -9999 -9999 -9999 -9999 -9999 -9999 -9999 -9999 -9999 -9999 -9999 -9999 -9999 -9999 -9999 -9999 -9999 -9999 -9999 -9999 -9999 -9999 -9999 -9999 -9999 -9999 -9999 -9999 -9999 -9999 -9999 -9999 -9999 -9999 -9999 -9999 -9999 -9999 -9999 -9999 -9999 -9999 -9999 -9999 -9999 -9999 -9999 -9999 -9999 -9999 -9999 -9999 -9999 -9999 -9999 -9999 -9999 -9999 -9999 -9999 -9999 -9999
-9999 -9999 -9999 -9999 -9999 -9999 -9999 -9999 -9999 -9999 -9999 -9999 -9999 -9999 -9999 -9999 -9999 -9999 -9999 -9999 -9999 -9999 -9999 -9999 -9999 -9999 -9999 -9999 -9999 -9999 -9999 -9999 -9999 -9999 -9999 -9999 -9999 -9999 -9999 -9999 -9999 -9999 -9999 -9999 -9999 -9999 -9999 -9999 -9999 -9999 -9999 -9999 -9999 -9999 -9999 -9999 -9999 -9999 -9999 -9999 -9999 -9999 -9999 -9999 -9999 -9999 -9999 -9999 -9999 -9999
-9999 -9999 -9999 -9999 -9999 -9999 -9999 -9999 -9999 -9999 -9999 -9999 -9999 -9999 -9999 -9999 -9999 -9999 -9999 -9999 -9999 -9999 -9999 -9999 -9999 -9999 -9999 -9999 -9999 -9999 -9999 -9999 -9999 -9999 -9999 -9999 -9999 -9999 -9999 -9999 -9999 -9999 -9999 -9999 -9999 -9999 -9999 -9999 -9999 -9999 -9999 -9999 -9999 -9999 -9999 -9999 -9999 -9999 -9999 -9999 -9999 -9999 -9999 -9999 -9999 -9999 -9999 -9999 -9999 -9999
-9999 -9999 -9999 -9999 -9999 -9999 -9999 -9999 -9999 -9999 -9999 -9999 -9999 -9999 -9999 -9999 -9999 -9999 -9999 -9999 -9999 -9999 -9999 -9999 -9999 -9999 -9999 -9999 -9999 -9999 -9999 -9999 -9999 -9999 -9999 -9999 -9999 -9999 -9999 -9999 -9999 -9999 -9999 -9999 -9999 -9999 -9999 -9999 -9999 -9999 -9999 -9999 -9999 -9999 -9999 -9999 -9999 -9999 -9999 -9999 -9999 -9999 -9999 -9999 -9999 -9999 -9999 -9999 -9999 -9999
-9999 -9999 -9999 -9999 -9999 -9999 -9999 -9999 -9999 -9999 -9999 -9999 -9999 -9999 -9999 -9999 -9999 -9999 -9999 -9999 -9999 -9999 -9999 -9999 -9999 -9999 -9999 -9999 -9999 -9999 -9999 -9999 -9999 -9999 -9999 -9999 -9999 -9999 -9999 -9999 -9999 -9999 -9999 -9999 -9999 -9999 -9999 -9999 -9999 -9999 -9999 -9999 -9999 -9999 -9999 -9999 -9999 -9999 -9999 -9999 -9999 -9999 -9999 -9999 -9999 -9999 -9999 -9999 -9999 -9999
-9999 -9999 -9999 -9999 -9999 -9999 -9999 -9999 -9999 -9999 -9999 -9999 -9999 -9999 -9999 -9999 -9999 -9999 -9999 -9999 -9999 -9999 -9999 -9999 -9999 -9999 -9999 -9999 -9999 -9999 -9999 -9999 -9999 -9999 -9999 -9999 -9999 -9999 -9999 -9999 -9999 -9999 -9999 -9999 -9999 -9999 -9999 -9999 -9999 -9999 -9999 -9999 -9999 -9999 -9999 -9999 -9999 -9999 -9999 -9999 -9999 -9999 -9999 -9999 -9999 -9999 -9999 -9999 -9999 -9999
-9999 -9999 -9999 -9999 -9999 -9999 -9999 -34.42650 -9999 -9999 -9999 -9999 -9999 -9999 -9999 -9999 -9999 -9999 -9999 -9999 -9999 -9999 -9999 -9999 -9999 -9999 -9999 -9999 -9999 -9999 -9999 -9999 -9999 -9999 -9999 -9999 -9999 -9999 -9999 -9999 -9999 -9999 -9999 -9999 -9999 -9999 -9999 -9999 -9999 -9999 -9999 -9999 -9999 -9999 -9999 -9999 -9999 -9999 -9999 -9999 -9999 -9999 -9999 -9999 -9999 -9999 -9999 -9999 -9999 -9999
-9999 -9999 -9999 -26.08360 -35.93640 -35.59240 -35.44290 -34.70000 -34.14760 -33.58400 -32.94340 -32.32190 -31.62500 -30.93090 -30.23050 -29.52070 -28.82050 -28.20380 -27.63760 -27.06710 -26.61760 -26.38520 -26.25510 -9999 -9999 -9999 -9999 -9999 -9999 -9999 -9999 -9999 -9999 -9999 -9999 -9999 -9999 -9999 -9999 -9999 -9999 -9999 -9999 -9999 -9999 -9999 -9999 -9999 -9999 -9999 -9999 -9999 -9999 -9999 -9999 -9999 -9999 -9999 -9999 -9999 -9999 -9999 -9999 -9999 -9999 -9999 -9999 -9999 -9999 -9999
-9999 -9999 -9999 -9999 -9999 -36.03900 -35.61820 -35.08170 -34.55690 -34.01370 -33.38870 -32.76700 -32.07230 -31.37090 -30.66790 -29.87170 -29.15960 -28.35470 -27.77380 -27.20930 -26.75570 -26.43950 -26.39310 -9999 -9999 -9999 -9999 -9999 -9999 -9999 -9999 -9999 -9999 -9999 -9999 -9999 -9999 -9999 -9999 -9999 -9999 -9999 -9999 -9999 -9999 -9999 -9999 -9999 -9999 -9999 -9999 -9999 -9999 -9999 -9999 -9999 -9999 -9999 -9999 -9999 -9999 -9999 -9999 -9999 -9999 -9999 -9999 -9999 -9999 -9999
-37.86540 -37.60400 -37.33730 -37.17150 -36.66910 -36.47650 -36.07240 -35.55920 -35.05370 -34.44740 -33.83820 -33.22820 -32.52110 -31.91740 -31.12220 -30.41630 -29.61060 -28.70550 -28.01830 -27.14270 -26.59020 -26.36360 -26.39790 -26.65220 -26.90090 -27.11190 -27.42040 -27.73330 -27.97520 -9999 -9999 -9999 -9999 -9999 -9999 -9999 -9999 -9999 -9999 -9999 -9999 -9999 -9999 -9999 -9999 -9999 -9999 -9999 -9999 -9999 -9999 -9999 -9999 -9999 -9999 -9999 -9999 -9999 -9999 -9999 -9999 -9999 -9999 -9999 -9999 -9999 -9999 -9999 -9999 -9999
-38.31580 -38.05310 -37.79860 -37.54580 -37.28080 -36.89610 -36.42480 -36.03480 -35.45870 -34.96830 -34.38100 -33.67010 -33.15370 -32.37120 -31.66140 -30.75380 -30.05560 -29.14710 -28.15950 -27.37970 -26.32730 -26.38550 -26.81380 -27.25260 -27.38980 -27.59900 -27.88240 -28.17410 -28.47350 -28.48370 -28.80240 -28.93990 -29.18150 -29.13060 -29.05630 -29.10190 -28.94070 -28.77650 -28.62000 -28.25600 -27.88710 -27.20210 -26.41790 -25.74150 -9999 -9999 -9999 -9999 -9999 -9999 -9999 -9999 -9999 -9999 -9999 -9999 -9999 -9999 -9999 -9999 -9999 -9999 -9999 -9999 -9999 -9999 -9999 -9999 -9999 -9999
-39.01680 -38.58660 -38.73820 -38.21190 -38.17330 -37.91420 -37.26920 -36.71270 -36.05680 -35.59690 -35.01030 -34.31510 -33.68540 -32.91240 -32.21120 -31.41370 -30.61700 -29.69930 -28.70380 -27.81920 -27.14970 -27.19450 -27.93370 -28.06410 -28.29230 -28.37860 -28.41580 -28.45540 -28.69620 -28.94170 -29.38640 -29.02950 -29.08080 -29.01640 -29.05920 -28.89790 -28.73910 -28.47990 -28.31990 -27.94780 -27.57460 -26.90110 -26.20920 -25.53300 -24.75630 -9999 -9999 -9999 -9999 -9999 -9999 -9999 -9999 -9999 -9999 -9999 -9999 -9999 -9999 -9999 -9999 -9999 -9999 -9999 -9999 -9999 -9999 -9999 -9999 -9999
-41.18520 -41.04810 -40.91870 -40.29170 -40.86470 -39.63350 -38.99290 -38.64770 -37.89830 -37.34220 -36.17240 -35.87200 -34.85700 -33.86160 -32.96440 -31.96660 -31.07410 -30.26040 -29.36090 -28.60120 -28.12970 -28.26730 -28.30710 -28.53330 -28.75800 -28.73230 -29.53320 -29.14520 -28.95480 -29.06160 -29.56600 -29.38100 -29.29240 -29.13590 -28.97780 -28.91370 -28.65420 -28.51470 -28.25720 -28.00140 -27.53880 -26.79980 -26.04890 -25.50540 -24.65800 -9999 -9999 -9999 -9999 -9999 -9999 -9999 -9999 -9999 -9999 -9999 -9999 -9999 -9999 -9999 -20.75840 -20.73560 -9999 -9999 -9999 -9999 -20.71150 -21.33460 -21.70060 -20.85780
-41.12980 -40.88790 -40.94890 -40.51520 -40.77840 -39.44040 -38.28540 -38.02480 -38.07090 -37.61220 -37.13610 -35.53470 -34.81440 -34.03220 -33.42960 -32.53460 -31.32780 -30.61930 -29.65550 -29.11300 -28.45700 -28.51110 -28.65040 -28.77570 -28.51710 -28.58410 -28.78870 -28.88550 -29.09050 -29.19570 -29.19950 -29.09970 -29.09620 -28.95790 -28.80820 -28.76200 -28.51220 -28.27790 -28.02710 -27.78440 -27.27180 -26.68490 -26.01460 -25.43570 -24.76610 -23.98340 -23.40690 -22.73210 -22.65290 -23.58220 -23.89380 -23.39410 -23.51720 -23.43910 -22.96350 -22.87940 -22.90890 -21.73200 -21.37120 -21.30540 -21.16940 -21.01770 -9999 -9999 -9999 -9999 -9999 -20.50470 -20.83920 -21.01990
-42.28880 -42.43410 -40.88390 -40.93140 -41.78630 -40.53980 -39.08830 -38.42050 -37.95130 -36.88800 -35.79300 -35.09410 -34.48370 -33.69540 -32.99500 -32.20090 -31.49410 -30.69170 -30.05580 -29.52650 -28.98960 -28.63030 -28.58780 -28.62800 -28.66940 -28.74330 -28.93520 -29.03720 -29.11710 -29.22380 -29.11220 -29.11590 -29.00380 -28.87350 -28.74150 -28.60680 -28.37000 -28.13380 -27.80780 -27.56710 -27.09740 -26.48950 -25.88030 -25.37680 -24.76800 -24.16230 -23.65600 -22.94620 -22.88070 -23.71180 -24.05120 -23.26200 -22.89120 -23.21920 -24.04780 -24.76480 -23.46990 -23.77160 -23.89460 -23.51780 -22.66670 -22.50310 -22.52090 -21.52620 -20.92540 -20.72970 -20.63040 -20.43380 -20.22560 -20.57410
-41.33390 -42.85490 -44.99550 -40.24670 -42.08870 -42.04980 -40.77850 -39.60460 -39.23090 -36.45820 -35.66470 -35.15050 -34.54770 -33.85160 -33.15790 -32.46350 -31.66240 -30.98310 -30.36020 -29.83090 -30.00790 -29.77510 -29.03370 -28.97430 -28.92860 -29.00470 -29.09370 -29.18060 -29.26760 -29.25660 -29.14660 -29.13500 -29.01940 -28.89260 -28.67490 -28.44930 -28.22620 -27.91050 -27.67660 -27.35330 -26.83100 -26.27620 -25.94710 -25.31630 -24.67780 -24.13700 -23.59800 -23.05510 -22.89350 -22.94720 -22.90490 -23.14290 -22.76560 -23.21290 -23.05150 -23.75790 -24.63390 -24.62170 -24.22870 -24.04420 -24.26420 -23.69150 -24.39870 -23.30550 -22.01910 -21.33480 -20.84210 -20.75360 -20.46050 -20.76790
-43.39690 -43.70800 -44.63960 -42.67280 -39.40100 -40.23570 -38.97520 -38.29430 -39.10750 -37.72700 -36.62200 -35.82710 -34.82780 -34.01860 -33.32080 -32.62930 -31.83540 -31.18020 -30.66890 -30.44600 -31.63360 -30.90890 -30.27610 -30.03240 -29.49660 -29.37190 -29.44950 -29.34280 -29.42070 -29.40490 -29.38860 -29.26620 -29.04660 -28.83200 -28.62170 -28.31480 -28.10190 -27.79980 -27.57760 -27.36660 -27.17900 -26.59730 -25.92990 -26.36550 -26.00990 -25.14550 -24.07220 -23.39580 -22.86680 -22.72950 -23.09600 -23.55060 -23.59770 -23.53100 -23.49160 -23.58580 -23.13860 -23.10340 -24.09010 -24.39840 -24.69630 -25.10570 -25.40960 -25.62160 -24.24690 -23.45400 -22.78580 -22.59900 -22.22390 -22.14420
-40.84040 -42.86590 -43.99870 -43.73750 -43.37370 -41.40200 -39.05390 -38.76340 -39.47600 -39.30180 -37.50400 -39.30610 -38.21270 -36.71350 -34.72170 -33.42540 -32.45490 -31.50620 -30.99680 -30.86640 -31.13600 -31.41840 -30.58980 -30.24160 -29.90080 -29.56130 -29.52150 -29.50740 -29.57920 -29.55470 -29.42270 -29.18940 -29.16890 -29.26240 -28.64090 -28.22870 -28.31610 -28.10260 -27.69670 -27.48470 -27.51750 -27.09550 -26.17360 -25.35290 -25.13340 -25.41270 -24.88280 -24.15980 -23.52930 -22.67680 -23.24090 -23.70730 -23.55940 -23.40430 -23.05660 -23.65580 -24.22230 -24.38620 -25.24440 -24.34790 -23.63770 -23.73600 -23.63100 -23.95290 -24.47440 -25.01530 -23.74710 -24.25970 -23.08280 -22.52320
-41.24810 -42.59450 -43.35080 -43.90160 -44.54480 -44.60090 -41.64390 -40.08470 -39.31510 -39.05220 -37.96600 -38.77110 -40.38260 -40.99320 -41.00630 -37.73040 -35.18880 -33.35690 -31.71750 -30.96800 -30.43200 -30.17450 -29.82540 -29.87400 -29.71240 -29.65680 -29.72020 -29.78350 -29.74500 -29.69440 -29.85510 -29.71380 -29.68030 -29.54840 -29.23960 -28.22620 -28.40560 -28.20330 -28.48110 -27.46800 -26.70120 -26.59340 -26.29070 -25.29510 -24.69470 -24.79710 -24.07840 -23.77060 -23.21640 -22.55330 -22.20080 -21.95280 -22.09770 -22.33400 -22.46890 -22.47230 -22.53180 -23.49960 -24.16290 -23.56630 -24.75860 -24.37680 -24.08460 -23.81350 -23.24030 -22.86590 -22.70020 -22.82680 -22.65690 -22.10220
-43.38450 -44.46060 -44.22310 -45.18000 -45.34850 -44.68460 -44.35730 -44.02380 -43.06530 -41.50830 -39.53770 -37.75350 -38.28720 -38.69690 -39.02950 -39.58470 -38.84500 -37.82350 -36.25950 -33.99330 -32.73330 -31.26840 -30.70160 -30.23570 -29.94660 -29.78140 -29.82090 -29.87360 -30.02280 -30.46900 -30.70770 -29.85830 -31.00130 -30.87550 -30.35700 -29.53300 -29.00460 -28.48990 -28.16720 -27.24890 -26.79010 -26.40550 -25.91460 -24.73860 -24.85420 -24.55440 -24.47490 -24.07070 -23.60970 -22.93260 -22.58210 -23.21140 -23.04890 -23.46910 -23.58920 -23.19740 -23.17030 -24.14170 -23.13400 -23.03830 -24.07770 -23.38310 -23.39150 -23.19670 -22.12970 -22.25810 -22.18670 -22.92040 -22.15500 -21.29940
-42.13970 -43.23260 -44.41560 -44.98000 -44.45580 -45.11110 -45.38790 -44.75270 -43.63270 -43.44820 -41.81650 -40.84890 -40.38370 -39.51530 -37.95460 -37.32220 -36.71500 -36.69280 -37.21250 -36.93210 -35.74240 -34.45990 -33.27900 -31.69570 -30.60230 -30.02270 -29.94590 -29.98700 -30.71500 -31.45110 -31.27550 -31.00540 -30.74240 -31.10600 -30.08350 -30.15060 -28.12510 -27.59060 -27.38200 -27.73610 -26.78880 -25.62870 -24.64250 -24.46490 -24.50300 -25.23050 -25.16460 -24.58840 -23.90600 -23.60980 -24.22870 -24.35880 -23.67540 -24.20170 -24.80870 -23.91680 -24.50930 -22.90180 -23.79230 -22.63430 -22.03810 -22.10290 -21.61840 -22.03910 -21.75520 -22.57750 -21.69550 -20.72570 -20.16560 -20.00400
-42.77980 -42.79130 -42.88880 -42.87620 -42.66430 -44.03330 -45.01350 -44.89280 -44.97270 -44.55660 -42.99960 -40.83890 -43.27680 -42.01300 -40.09600 -40.88660 -41.07040 -39.76540 -34.16520 -35.95530 -37.75800 -36.75170 -35.54460 -34.13990 -30.63500 -29.94480 -29.96290 -30.08280 -30.69410 -31.41500 -31.23110 -31.24030 -30.85880 -30.21620 -29.68290 -27.84270 -27.51180 -27.57020 -26.82940 -26.80910 -26.55220 -26.69310 -25.32780 -24.67260 -24.62060 -22.98310 -22.64270 -22.87270 -23.19040 -23.67910 -23.69830 -23.80990 -23.01200 -22.83460 -22.82930 -23.33270 -23.53920 -22.74790 -22.86700 -21.51950 -21.25670 -20.41420 -20.55680 -21.16880 -21.89820 -20.71800 -20.13620 -19.67270 -19.09310 -18.82850
-42.70140 -42.52130 -42.23270 -42.19990 -41.98840 -42.56050 -42.73910 -43.01860 -43.69730 -43.57580 -43.62090 -42.87580 -42.42440 -41.49370 -39.79150 -40.18630 -39.69240 -39.99360 -38.08950 -35.89000 -34.29130 -34.70000 -34.48950 -33.48880 -32.76820 -31.18210 -30.20440 -30.30370 -30.61080 -31.11490 -30.82660 -31.13750 -30.24300 -29.21110 -28.87380 -28.23960 -27.49620 -26.85910 -26.42570 -25.97380 -26.12340 -26.56940 -26.00320 -25.56330 -24.82520 -22.56380 -21.83440 -22.39760 -22.68430 -22.77950 -23.38400 -23.27670 -22.28170 -21.68670 -22.67690 -21.77140 -21.38650 -21.08800 -20.51410 -21.66660 -20.70630 -20.44940 -19.89470 -19.92840 -19.54830 -19.46380 -19.37470 -18.99650 -18.92240 -19.35040
-42.21300 -42.11680 -42.22840 -42.47830 -42.34350 -42.20000 -41.65790 -41.82170 -41.88450 -42.24190 -42.19840 -42.95670 -43.12240 -41.53100 -39.33730 -38.14470 -38.06830 -37.48200 -36.90650 -37.43800 -36.04880 -34.45610 -32.75900 -31.77350 -32.07830 -32.42180 -32.06100 -30.96690 -31.37670 -31.78860 -32.09230 -31.20940 -30.61110 -28.67790 -28.26050 -28.02150 -28.09320 -27.25910 -27.71490 -26.26600 -26.91590 -27.56200 -26.00290 -25.23750 -25.79210 -24.33450 -22.68290 -22.33320 -22.23330 -21.72370 -21.81330 -22.09460 -20.48580 -19.87230 -19.45760 -19.03500 -19.03400 -19.31250 -19.63970 -19.16970 -19.89120 -19.11000 -19.14140 -19.16150 -18.98700 -18.79000 -18.50420 -18.11620 -17.92290 -18.04580
-40.62210 -42.01060 -42.60170 -43.05400 -42.99340 -42.13920 -41.89060 -41.52790 -41.56760 -41.40850 -42.66710 -42.53450 -42.04580 -42.16620 -39.98420 -37.32050 -35.93650 -36.14610 -36.09070 -36.22530 -35.46540 -34.09460 -33.42680 -32.75340 -31.89430 -31.74190 -31.50700 -32.22610 -32.05050 -31.95600 -32.27060 -30.69020 -30.29350 -28.77190 -29.55070 -29.11310 -27.18240 -27.44180 -27.89810 -26.85620 -25.90840 -26.44340 -26.28100 -25.61910 -24.45870 -23.80650 -22.94480 -22.19130 -22.06690 -21.15090 -21.34210 -20.92650 -20.59170 -19.97580 -19.85270 -19.52350 -19.28630 -18.85140 -17.86020 -17.17350 -16.88030 -16.88730 -17.29290 -17.80150 -17.63940 -17.71800 -17.51680 -17.31300 -17.11480 -18.02210
-39.23210 -39.81180 -40.49050 -42.23060 -42.24730 -42.07970 -40.70070 -40.73640 -39.96150 -40.68520 -41.03530 -40.73780 -39.66970 -39.09650 -39.10680 -37.33110 -35.96670 -35.48150 -33.83930 -33.51000 -32.46740 -34.03400 -32.18930 -31.23580 -30.70410 -30.56840 -31.63890 -33.00070 -32.61480 -32.43080 -31.73840 -31.75690 -30.06840 -28.94230 -29.21560 -29.08360 -27.16160 -27.01690 -26.88560 -27.15310 -26.29970 -25.73620 -25.27180 -24.39550 -23.92840 -22.96190 -22.61060 -20.94440 -21.00530 -20.76420 -20.24030 -19.62180 -19.39480 -18.75660 -17.72540 -17.67400 -16.94140 -16.78320 -16.28290 -15.55660 -15.65690 -15.74030 -16.24440 -16.55500 -16.73760 -18.11490 -17.70330 -17.78780 -17.27810 -17.17680
-38.34510 -39.50760 -39.27910 -40.58030 -41.39530 -41.31490 -42.02230 -41.32190 -39.83920 -39.93810 -40.00250 -39.02040 -38.84650 -37.17410 -36.60550 -36.93450 -34.97820 -32.90730 -31.70710 -31.59030 -30.87410 -30.16570 -31.04540 -30.72740 -29.61900 -28.89600 -28.66220 -30.23390 -30.77630 -30.58990 -30.81580 -29.73070 -28.92020 -28.59730 -28.27330 -28.04690 -27.52340 -26.29700 -26.57380 -26.95240 -26.79260 -24.92170 -24.05180 -23.77550 -22.10380 -20.93780 -20.06950 -18.69900 -17.65050 -17.29260 -16.63700 -16.11490 -15.86590 -15.53250 -15.59830 -15.84450 -15.59100 -15.12530 -14.39540 -14.47260 -14.54220 -14.92330 -15.00940 -16.18020 -17.44910 -18.11950 -17.79460 -17.66580 -17.13820 -16.10970
-36.99780 -36.75940 -37.51950 -38.93160 -38.43850 -39.45220 -39.56280 -41.06740 -39.87760 -38.59320 -39.14700 -39.06850 -37.79250 -36.21380 -36.05430 -34.78950 -32.93900 -32.26950 -31.07360 -29.46380 -28.85840 -28.85340 -29.33730 -30.33580 -28.33740 -27.12250 -27.30160 -29.17160 -29.35140 -29.78650 -30.28830 -28.70100 -27.50320 -27.71730 -27.42460 -27.34130 -26.45390 -26.04670 -25.35590 -25.87110 -25.32600 -23.73880 -21.74660 -21.73990 -20.26490 -18.36720 -17.78330 -17.59310 -17.12730 -17.37320 -16.31270 -9999 -9999 -14.44440 -14.10630 -13.57760 -14.07290 -13.85430 -13.57130 -13.69680 -14.47130 -14.71860 -16.10370 -17.36520 -18.42730 -17.88670 -18.44900 -18.61240 -18.47330 -16.24200
-37.70100 -37.66520 -36.44470 -36.65090 -37.07420 -36.99700 -36.42380 -37.94730 -36.17460 -36.70070 -37.16830 -37.08330 -35.59330 -35.11790 -34.55120 -32.68270 -31.11810 -31.35630 -29.54340 -28.01920 -28.21790 -27.39390 -26.28900 -26.17770 -26.45680 -28.04560 -27.14000 -27.62920 -27.41910 -27.88700 -27.68460 -27.70840 -25.92010 -26.10060 -26.37680 -26.24090 -25.81350 -25.56970 -23.34360 -21.60980 -9999 -9999 -9999 -9999 -17.70360 -9999 -18.46240 -19.33670 -17.75990 -16.80160 -14.82330 -9999 -9999 -14.32180 -13.77040 -13.08580 -12.98220 -12.49420 -12.89820 -13.70590 -14.71840 -15.19150 -15.96500 -16.71630 -17.17810 -16.33600 -18.79200 -18.95070 -18.11410 -15.47510
