data/hydroclimate-scenarios/BCSD_hadcm_B1/monthly_summaries/tavg_monthly_avg_aug.2030-2059.asc
ncols	311
nrows	91
xllcenter	102.75
yllcenter	31.75
cellsize	0.5
NODATA_value	-9999
[rows 0 to 31 of 91, columns 216 to 287 of 311]
-9999 -9999 -9999 -9999 -9999 -9999 -9999 -9999 -9999 -9999 -9999 -9999 -9999 -9999 -9999 -9999 -9999 -9999 -9999 -9999 -9999 -9999 -9999 -9999 -9999 -9999 -9999 -9999 -9999 -9999 -9999 -9999 -9999 -9999 -9999 -9999 -9999 -9999 -9999 -9999 -9999 -9999 -9999 -9999 -9999 -9999 -9999 -9999 -9999 -9999 -9999 -9999 -9999 -9999 -9999 -9999 -9999 -9999 -9999 -9999 -9999 -9999 -9999 -9999 -9999 -9999 -9999 -9999 -9999 -9999 -9999 -9999
-9999 -9999 -9999 -9999 -9999 -9999 -9999 -9999 -9999 -9999 -9999 -9999 -9999 -9999 -9999 -9999 -9999 -9999 -9999 -9999 -9999 -9999 -9999 -9999 -9999 -9999 -9999 -9999 -9999 -9999 -9999 -9999 -9999 -9999 -9999 -9999 -9999 -9999 -9999 -9999 -9999 -9999 -9999 -9999 -9999 -9999 -9999 -9999 -9999 -9999 -9999 -9999 -9999 -9999 -9999 -9999 -9999 -9999 -9999 -9999 -9999 -9999 -9999 -9999 -9999 -9999 -9999 -9999 -9999 -9999 -9999 -9999
-9999 -9999 -9999 -9999 -9999 -9999 -9999 -9999 -9999 -9999 -9999 -9999 -9999 -9999 -9999 -9999 -9999 -9999 -9999 -9999 -9999 -9999 -9999 -9999 -9999 -9999 -9999 -9999 -9999 -9999 -9999 -9999 -9999 -9999 -9999 -9999 -9999 -9999 -9999 -9999 -9999 -9999 -9999 -9999 -9999 -9999 -9999 -9999 -9999 -9999 -9999 -9999 -9999 -9999 -9999 -9999 -9999 -9999 -9999 -9999 -9999 -9999 -9999 -9999 -9999 -9999 -9999 -9999 -9999 -9999 -9999 -9999
-9999 -9999 -9999 -9999 -9999 -9999 -9999 -9999 -9999 -9999 -9999 -9999 -9999 -9999 -9999 -9999 -9999 -9999 -9999 -9999 -9999 -9999 -9999 -9999 -9999 -9999 -9999 -9999 -9999 -9999 -9999 -9999 -9999 -9999 -9999 -9999 -9999 -9999 -9999 -9999 -9999 -9999 -9999 -9999 -9999 -9999 -9999 -9999 -9999 -9999 -9999 -9999 -9999 -9999 -9999 -9999 -9999 -9999 -9999 -9999 -9999 -9999 -9999 -9999 -9999 -9999 -9999 -9999 -9999 -9999 -9999 -9999
-9999 -9999 -9999 -9999 -9999 -9999 -9999 -9999 -9999 -9999 -9999 -9999 -9999 -9999 -9999 -9999 -9999 -9999 -9999 -9999 -9999 -9999 -9999 -9999 -9999 -9999 -9999 -9999 -9999 -9999 -9999 -9999 -9999 -9999 -9999 -9999 -9999 -9999 -9999 -9999 -9999 -9999 -9999 -9999 -9999 -9999 -9999 -9999 -9999 -9999 -9999 -9999 -9999 -9999 -9999 -9999 -9999 -9999 -9999 -9999 -9999 -9999 -9999 -9999 -9999 -9999 -9999 -9999 -9999 -9999 -9999 -9999
-9999 -9999 -9999 -9999 -9999 -9999 -9999 -9999 -9999 -9999 -9999 -9999 -9999 -9999 -9999 -9999 -9999 -9999 -9999 -9999 -9999 -9999 -9999 -9999 -9999 -9999 -9999 -9999 -9999 -9999 -9999 -9999 -9999 -9999 -9999 -9999 -9999 -9999 -9999 -9999 -9999 -9999 -9999 -9999 -9999 -9999 -9999 -9999 -9999 -9999 -9999 -9999 -9999 -9999 -9999 -9999 -9999 -9999 -9999 -9999 -9999 -9999 -9999 -9999 -9999 -9999 -9999 -9999 -9999 -9999 -9999 -9999
-9999 -9999 -9999 -9999 -9999 -9999 -9999 -9999 -9999 -9999 -9999 -9999 -9999 -9999 -9999 -9999 -9999 -9999 -9999 -9999 -9999 -9999 -9999 -9999 -9999 -9999 -9999 -9999 -9999 -9999 -9999 -9999 -9999 -9999 -9999 -9999 -9999 -9999 -9999 -9999 -9999 -9999 -9999 -9999 -9999 -9999 -9999 -9999 -9999 -9999 -9999 -9999 -9999 -9999 -9999 -9999 -9999 -9999 -9999 -9999 -9999 -9999 -9999 -9999 -9999 -9999 -9999 -9999 -9999 -9999 -9999 -9999
-9999 -9999 -9999 -9999 -9999 -9999 -9999 -9999 -9999 -9999 -9999 -9999 -9999 -9999 -9999 -9999 -9999 -9999 -9999 -9999 -9999 -9999 -9999 -9999 -9999 -9999 -9999 -9999 -9999 -9999 -9999 -9999 -9999 -9999 -9999 -9999 -9999 -9999 -9999 -9999 -9999 -9999 -9999 -9999 -9999 -9999 -9999 -9999 -9999 -9999 -9999 -9999 -9999 -9999 -9999 -9999 -9999 -9999 -9999 -9999 -9999 -9999 -9999 -9999 -9999 -9999 -9999 -9999 -9999 -9999 -9999 -9999
-9999 -9999 -9999 -9999 -9999 -9999 -9999 -9999 -9999 -9999 -9999 -9999 -9999 -9999 -9999 -9999 -9999 -9999 -9999 -9999 -9999 -9999 -9999 -9999 -9999 -9999 -9999 -9999 -9999 -9999 -9999 -9999 -9999 -9999 -9999 -9999 -9999 -9999 -9999 -9999 -9999 -9999 -9999 -9999 -9999 -9999 -9999 -9999 -9999 -9999 -9999 -9999 -9999 -9999 -9999 -9999 -9999 -9999 -9999 -9999 -9999 -9999 -9999 -9999 -9999 -9999 -9999 -9999 -9999 -9999 -9999 -9999
-9999 -9999 -9999 -9999 -9999 -9999 -9999 -9999 -9999 -9999 -9999 -9999 -9999 -9999 -9999 -9999 -9999 -9999 -9999 -9999 -9999 -9999 -9999 -9999 -9999 -9999 -9999 -9999 -9999 -9999 -9999 -9999 -9999 -9999 -9999 -9999 -9999 -9999 -9999 -9999 -9999 -9999 -9999 -9999 -9999 -9999 -9999 -9999 -9999 -9999 -9999 -9999 -9999 -9999 -9999 -9999 -9999 -9999 -9999 -9999 -9999 -9999 -9999 -9999 -9999 -9999 -9999 -9999 -9999 -9999 -9999 -9999
-9999 -9999 -9999 -9999 -9999 -9999 -9999 -9999 -9999 -9999 -9999 -9999 -9999 -9999 -9999 -9999 -9999 -9999 -9999 -9999 -9999 -9999 -9999 -9999 -9999 -9999 -9999 -9999 -9999 -9999 -9999 -9999 -9999 -9999 -9999 -9999 -9999 -9999 -9999 -9999 -9999 -9999 -9999 -9999 -9999 -9999 -9999 -9999 -9999 -9999 -9999 -9999 -9999 -9999 -9999 -9999 -9999 -9999 -9999 -9999 -9999 -9999 -9999 -9999 -9999 -9999 -9999 -9999 -9999 -9999 -9999 -9999
-9999 -9999 -9999 -9999 -9999 -9999 -9999 -9999 -9999 -9999 -9999 -9999 -9999 -9999 -9999 -9999 -9999 -9999 -9999 -9999 -9999 -9999 -9999 -9999 -9999 -9999 -9999 -9999 -9999 -9999 -9999 -9999 -9999 -9999 -9999 -9999 -9999 -9999 -9999 -9999 -9999 -9999 -9999 -9999 -9999 -9999 -9999 -9999 -9999 -9999 -9999 -9999 -9999 -9999 -9999 -9999 -9999 -9999 -9999 -9999 -9999 -9999 -9999 -9999 -9999 -9999 -9999 -9999 -9999 -9999 -9999 -9999
-9999 -9999 -9999 -9999 -9999 -9999 -9999 -9999 -9999 -9999 -9999 -9999 -9999 -9999 -9999 -9999 -9999 -9999 -9999 -9999 -9999 -9999 -9999 -9999 -9999 -9999 -9999 -9999 -9999 -9999 -9999 -9999 -9999 -9999 -9999 -9999 -9999 -9999 -9999 -9999 -9999 -9999 -9999 -9999 -9999 -9999 -9999 -9999 -9999 -9999 -9999 -9999 -9999 -9999 -9999 -9999 -9999 -9999 -9999 -9999 -9999 -9999 -9999 -9999 -9999 -9999 -9999 -9999 -9999 -9999 -9999 -9999
8.43803 8.76788 8.98774 -9999 -9999 -9999 -9999 -9999 -9999 -9999 -9999 -9999 -9999 -9999 -9999 -9999 -9999 -9999 -9999 -9999 -9999 -9999 -9999 -9999 -9999 -9999 -9999 -9999 -9999 -9999 -9999 -9999 -9999 -9999 -9999 -9999 -9999 -9999 -9999 -9999 -9999 -9999 -9999 -9999 8.33877 -9999 -9999 -9999 -9999 -9999 -9999 -9999 -9999 -9999 -9999 -9999 -9999 -9999 -9999 -9999 -9999 -9999 -9999 -9999 -9999 -9999 -9999 -9999 -9999 -9999 -9999 -9999
10.08430 10.12240 10.10630 10.18110 10.23140 10.29500 10.17930 9.30664 8.48928 8.23271 8.05540 8.02095 7.92019 7.77270 7.89841 11.20480 -9999 -9999 -9999 -9999 -9999 -9999 -9999 -9999 -9999 -9999 -9999 -9999 -9999 -9999 -9999 -9999 -9999 -9999 -9999 -9999 -9999 -9999 -9999 7.94301 8.53478 7.73529 6.33694 5.72361 6.23778 8.57091 -9999 -9999 -9999 7.59234 -9999 -9999 -9999 7.40827 7.19604 7.06734 -9999 -9999 -9999 -9999 -9999 -9999 -9999 -9999 -9999 -9999 -9999 -9999 -9999 -9999 -9999 -9999
11.68520 11.87030 11.91180 11.60530 10.76290 10.05600 9.66582 9.36383 7.46552 7.82777 6.85508 6.27765 7.51040 7.50894 7.30368 7.39734 6.98320 7.01197 6.54522 7.42725 8.41869 9.10419 -9999 -9999 -9999 -9999 -9999 11.30370 11.42840 11.57470 11.85970 11.84170 11.92160 11.88940 11.76630 11.73070 11.48370 11.29960 11.02020 7.34190 7.27436 6.49169 6.59810 5.51876 5.65872 8.69070 8.39801 8.37259 8.18950 8.05392 7.99129 7.94190 7.71035 7.18627 6.46799 5.33485 5.60856 6.39288 6.98052 7.06781 7.66915 -9999 -9999 -9999 -9999 -9999 -9999 -9999 -9999 -9999 -9999 -9999
11.00690 11.25000 10.99550 9.68265 8.08458 7.62809 7.75527 7.34297 7.17393 7.25479 6.40095 7.59121 7.70729 8.83798 9.43344 8.17266 8.51908 7.78310 7.00259 8.06068 7.30595 7.74133 8.21560 9.27332 9.95457 10.63020 11.02590 11.49900 11.78800 11.63490 11.83180 11.93260 11.92330 11.90800 11.67680 11.44670 11.31970 11.25950 11.10040 10.73870 10.38340 10.22190 10.16740 9.40590 9.16064 9.19325 8.84418 8.59107 8.35587 8.30851 8.16606 8.11946 8.08518 8.06424 8.04082 8.10593 7.98053 7.95718 7.82084 7.32426 6.61976 6.92093 7.22855 7.84818 7.95767 7.97118 8.08319 8.15596 8.21561 -9999 -9999 -9999
7.52650 7.53872 6.64808 7.77201 8.20429 8.50590 9.47530 10.32430 10.55180 9.41274 9.57216 10.41950 10.87880 10.68450 11.43030 11.28160 10.69400 9.78189 9.12898 9.78744 9.64780 8.50270 8.34707 8.09336 8.23457 8.56903 9.02946 10.28920 11.84670 12.19360 12.30650 12.51350 12.41840 12.30970 11.98930 11.97120 11.84530 11.60850 11.47520 11.43760 11.50220 11.26230 11.12240 10.18710 9.94911 10.00720 9.77251 9.43562 9.30031 9.07009 8.93554 9.00325 8.87625 8.85032 8.81980 8.78168 8.75493 8.71564 8.58834 7.58683 7.38443 8.08067 8.07382 8.26019 8.25563 8.16026 8.26482 8.43965 8.81189 -9999 8.75449 -9999
8.88028 8.38763 9.39587 10.28930 10.09550 10.86030 11.85070 11.27540 11.00060 11.03430 11.70410 11.39000 11.62520 12.30920 12.73380 11.80110 10.81150 10.73190 10.03490 10.50630 10.48760 9.76462 9.08701 8.99100 7.70904 7.61706 7.64654 9.87962 12.02140 12.45290 12.77470 12.78390 12.70090 12.51430 12.30350 12.49950 12.09210 12.16770 11.75440 12.02510 11.91510 11.80010 11.68760 11.07260 10.94980 10.82800 10.59450 10.47260 10.14840 9.72882 9.70696 9.68478 9.55826 9.51855 9.48573 9.45125 9.40755 9.38405 9.26248 8.35410 8.53956 8.71976 8.71161 8.78668 8.87720 8.75658 8.94285 9.24800 9.51552 9.49574 -9999 -9999
11.02350 10.80050 11.13120 12.02540 12.16800 13.03060 13.34890 13.49400 13.61780 13.34400 13.50060 13.18380 13.03390 13.35450 13.35460 13.73110 12.79820 11.53700 10.86390 10.03150 9.94171 9.22268 9.51733 10.61260 10.81720 10.41910 8.53939 10.75370 11.96640 13.08290 13.31460 13.33350 13.25290 13.06380 13.26880 12.96490 12.66010 12.65260 12.74130 12.21710 12.31710 12.50760 12.50110 11.99500 11.67760 11.56220 11.44150 11.21620 10.80660 10.69100 10.48230 10.46530 10.32970 10.30740 10.07520 10.13430 10.18560 10.06460 10.05260 9.82517 9.81215 9.38675 9.46911 9.54602 9.63597 9.60573 9.61308 9.70889 9.70984 9.67656 9.44591 -9999
12.42910 13.43050 14.08580 14.34430 14.50330 15.09910 15.30650 15.46880 15.56070 15.30250 14.58840 14.29460 14.06040 13.82460 13.76780 13.50080 12.38710 11.07220 10.15610 10.18530 9.76202 9.55833 10.36800 11.06140 11.46700 11.16840 10.06840 10.18730 12.50530 13.31290 13.72720 13.85750 13.76850 13.76830 13.66940 13.65830 13.44710 13.43840 13.53490 13.60990 13.39890 13.37930 13.56300 13.05690 12.74290 12.52400 12.21260 11.69790 11.67380 11.36520 11.24750 11.14600 11.21190 11.07550 10.94270 11.30520 11.37780 11.24970 11.13940 11.11740 10.99120 10.77910 10.66550 10.54070 9.72119 9.70477 9.71105 9.61921 9.62465 9.39538 9.06680 8.82771
14.93150 15.22220 15.40490 15.54080 15.66620 15.78870 15.85310 15.90180 15.98080 15.88350 15.32520 14.87260 14.77160 14.72290 14.70790 14.29030 13.28700 11.02540 9.82280 8.97347 9.49785 10.11940 11.20540 11.71260 11.81210 11.52010 11.22130 10.22570 11.93500 12.94020 13.96720 14.28400 14.37550 14.28660 14.27060 14.26620 14.24910 14.13080 14.21380 14.38410 14.57980 14.65680 14.33170 14.11970 13.59850 13.49240 13.17240 12.75150 12.64830 12.74200 12.52330 12.31010 12.58370 12.44910 12.22160 11.88300 12.05200 12.24510 12.03290 11.89960 11.58430 11.46830 11.65240 11.51950 10.70840 10.71800 10.51750 10.52990 10.41070 10.18200 9.96656 9.83692
14.50310 14.55140 14.47020 14.01810 13.30170 13.37490 13.79510 14.11760 14.65180 15.11700 15.58440 15.12400 14.80500 14.18480 14.56270 13.92900 13.19830 11.24000 10.26190 9.74373 10.02510 9.76646 11.16210 11.15580 11.16070 11.96470 12.34690 12.24790 13.16990 13.37600 12.99380 12.99980 13.29790 12.88510 12.46790 13.15990 13.33320 13.32420 14.09040 14.66980 14.96130 15.02770 14.91060 14.58950 13.77090 13.75730 13.34010 13.22790 13.01560 13.11290 12.89230 12.77700 12.55610 12.42630 12.49370 12.75920 12.74040 12.54050 12.61700 12.49480 12.47910 12.45820 12.43990 11.51200 11.52940 11.51710 11.53300 11.30870 11.20060 11.06700 10.75750 10.62630
14.52890 15.21040 14.80790 14.21070 13.85200 13.08850 12.54190 12.27880 12.33340 12.43380 13.09300 13.12940 13.95680 14.57480 14.73750 14.09430 13.47850 11.90790 10.68550 10.60920 11.05490 10.32010 10.40940 10.61130 10.60110 10.59670 10.99110 11.58780 12.50840 12.22480 11.62560 10.91410 10.50740 9.90241 10.07640 10.85530 11.12240 10.20260 10.58940 12.05500 12.43540 13.20520 13.27710 14.65540 15.03640 15.01740 14.19830 14.29810 14.47590 13.76780 13.66730 13.65500 13.22770 13.40260 13.67080 13.34790 12.44290 12.44030 13.11290 12.79500 12.47230 12.44670 12.52780 12.32290 12.33240 12.44090 12.40360 12.19320 11.98130 11.86330 11.54390 11.32510
15.34340 15.30300 15.41420 15.68760 15.41040 14.74460 14.23340 13.42580 12.74730 12.01420 11.58330 10.93270 11.38430 11.15550 12.84650 12.99560 13.59700 13.27210 10.91260 10.35820 9.96472 9.99735 10.08710 9.48142 9.96834 9.95269 9.85461 9.37272 9.38424 9.49422 9.29186 8.77971 8.87306 8.74810 8.22976 8.60302 8.97677 8.35630 8.54153 9.21752 9.00117 9.17334 9.36325 10.02440 11.51420 13.79560 14.87270 14.65970 14.85670 14.93810 13.82980 13.71840 13.88600 13.76250 13.65380 13.83180 13.82270 13.32460 12.60630 12.38090 12.45530 13.13070 13.72650 13.83080 13.73170 13.80620 13.58730 12.97270 12.87180 12.54230 12.23570 12.21060
15.19260 14.57480 14.52200 14.49020 14.95090 15.08860 15.00220 14.74320 14.15490 13.68340 12.87660 11.69040 12.65260 13.15770 13.26170 13.36210 13.00150 12.44760 12.80780 11.40780 12.01230 10.97370 10.46270 10.07470 10.16260 10.26270 10.86810 10.86450 11.17980 10.51060 10.68740 9.76933 9.66734 10.05670 9.12679 9.41086 9.27394 8.76247 8.47103 9.65640 9.43866 9.63985 9.52397 10.00570 11.10180 12.67190 13.75110 14.24010 14.81910 15.20000 13.98360 13.06140 13.83660 14.13200 13.90140 14.31030 14.20780 13.79510 13.27210 13.26100 13.53750 13.52170 13.52330 14.33240 14.60870 14.58120 14.56080 13.94570 13.64450 13.23840 13.02220 12.80570
11.70770 12.05300 9.98422 9.01366 8.87125 9.87529 11.97400 13.43260 12.26900 13.58370 14.18030 14.46590 14.46370 14.35600 13.93880 13.89220 12.81650 12.40400 12.14270 12.47050 12.85660 12.75230 12.85960 13.16550 12.56930 12.36850 12.97220 13.37670 12.58410 12.51430 12.58660 12.87410 12.86950 10.96010 10.93200 10.41170 9.97133 9.97764 10.08620 9.58257 9.58593 9.29713 10.38960 10.69860 10.29200 11.15860 12.54390 13.21030 13.97890 14.56350 15.02980 14.90920 13.99320 14.28320 14.36780 14.37460 14.38080 14.57620 13.96210 13.94890 13.71730 13.91300 14.52330 14.69570 14.97370 15.26510 15.43320 14.91970 14.52330 14.21570 13.81220 13.60320
10.32620 10.60620 11.32170 12.09460 11.71930 10.90210 10.80940 11.74080 9.46622 9.82883 10.54050 11.90860 13.75800 14.25170 14.08040 14.47530 13.59530 12.81210 12.46220 12.58580 13.32190 12.72890 13.13320 13.05170 13.25940 13.16360 13.38310 12.79450 12.49980 12.39670 12.99750 11.67600 11.57170 11.75390 11.72560 10.81000 10.38490 10.68490 10.11190 9.71910 10.32600 10.05210 9.65674 9.17976 9.58592 11.25560 12.21300 12.49120 12.86070 13.62750 14.29610 15.45500 14.53380 14.52420 14.65150 14.94790 14.85580 14.66710 14.63780 14.82540 14.91400 15.01690 15.09720 15.27590 15.44920 15.83380 16.00360 15.80400 15.40400 14.99690 14.59010 14.19410
11.37240 11.67920 11.69580 11.79770 12.87060 12.91710 12.87830 13.02020 13.03810 13.25460 12.77280 13.05900 12.34600 13.83030 15.85190 14.99820 14.51100 13.73900 12.55840 12.24200 12.65150 11.60670 11.22020 12.84280 13.25510 13.16010 13.68500 14.29570 13.91230 13.41020 12.29240 11.66870 12.06400 12.14600 11.42490 11.30820 11.67890 10.79370 10.62740 9.84867 10.06920 9.69553 9.44010 9.07814 8.58299 9.45055 9.31328 10.46110 10.92770 13.17550 14.54610 15.31290 16.18610 15.49510 15.31760 15.71670 15.63030 15.53550 15.52050 15.41020 15.41370 15.38540 15.36970 15.54950 15.62310 15.99930 16.48230 16.47590 16.37660 16.09160 15.38750 14.77960
10.36330 9.20257 9.66791 10.66960 12.03820 12.61850 12.96670 13.55900 14.30380 12.89900 7.87902 8.58304 9.44764 9.98260 11.35080 11.37040 11.39850 12.95480 13.43090 13.69310 12.94880 12.49500 12.17980 11.96040 11.55510 12.46470 13.68860 13.91830 13.54270 13.62900 12.18940 11.87280 11.55540 12.64200 11.92460 12.09860 12.35790 12.09160 11.42310 11.04370 9.17743 10.12440 9.26074 9.61896 9.82099 9.18135 9.35290 10.00100 10.96270 12.51420 13.69400 14.94540 16.63990 16.23890 16.17270 16.38590 15.99050 15.20410 14.18730 13.89290 13.97170 14.24690 15.13400 15.91480 16.18590 16.37780 16.43890 16.45360 16.55950 15.77440 15.57810 15.68340
12.58800 11.35990 11.18540 11.46910 11.21160 11.54470 12.16150 12.65470 13.47400 13.56180 11.76480 7.17305 5.70054 6.77252 7.65911 8.65618 9.36009 9.84944 10.62180 11.86970 11.61930 10.90770 10.90620 11.82720 12.63700 11.75430 12.65740 12.96990 13.37580 14.07410 12.96890 12.21270 11.47540 11.45300 11.74240 12.30390 12.58190 11.82840 11.25060 11.98500 10.70940 10.53790 10.67120 10.10470 10.19220 10.85090 12.10870 11.85640 12.01930 11.87950 12.93870 13.21350 15.29750 16.11310 15.73940 16.56590 16.58790 16.50580 16.21830 15.60870 15.59670 15.88020 16.28240 16.25050 16.43760 16.51560 16.49710 16.61110 16.71700 16.13570 16.04370 15.97180
9.79160 9.69948 9.11198 -9999 8.58513 10.12260 9.97452 9.32499 10.55440 11.59840 12.34030 12.48980 12.76360 13.61310 10.19720 5.94706 4.26537 4.03413 3.37168 8.79527 10.58410 11.05370 10.77640 11.14270 11.10810 11.67270 11.96550 12.56670 13.77970 13.11330 12.85730 11.88750 11.87660 12.03170 11.22610 10.72420 11.01520 11.41940 10.46150 11.98130 12.70480 10.72420 10.85450 10.58230 10.96740 11.93950 12.27420 12.75560 12.62130 11.88390 12.85070 13.71280 15.80950 16.68720 16.54520 16.57820 16.53920 16.45510 16.53830 16.34560 16.33570 16.62540 16.31040 16.29540 16.56630 16.64460 16.62130 16.44990 16.56390 16.48130 16.30370 16.15420
