data/hydroclimate-scenarios/BCSD_hadcm_B1/monthly_summaries/tavg_monthly_avg_jul.2070-2099.asc
ncols	311
nrows	91
xllcenter	102.75
yllcenter	31.75
cellsize	0.5
NODATA_value	-9999
[rows 0 to 31 of 91, columns 0 to 70 of 311]
-9999 -9999 -9999 -9999 -9999 -9999 -9999 -9999 -9999 -9999 -9999 -9999 -9999 -9999 -9999 -9999 -9999 -9999 -9999 -9999 -9999 -9999 -9999 -9999 -9999 -9999 -9999 -9999 -9999 -9999 -9999 -9999 -9999 -9999 -9999 -9999 -9999 -9999 -9999 -9999 -9999 -9999 -9999 -9999 -9999 -9999 -9999 -9999 -9999 -9999 -9999 -9999 -9999 -9999 -9999 -9999 -9999 -9999 -9999 -9999 -9999 -9999 -9999 -9999 -9999 -9999 -9999 -9999 -9999 -9999 -9999
-9999 -9999 -9999 -9999 -9999 -9999 -9999 -9999 -9999 -9999 -9999 -9999 -9999 -9999 -9999 -9999 -9999 -9999 -9999 -9999 -9999 -9999 -9999 -9999 -9999 -9999 -9999 -9999 -9999 -9999 -9999 -9999 -9999 -9999 -9999 -9999 -9999 -9999 -9999 -9999 -9999 -9999 -9999 -9999 -9999 -9999 -9999 -9999 -9999 -9999 -9999 -9999 -9999 -9999 -9999 -9999 -9999 -9999 -9999 -9999 -9999 -9999 -9999 -9999 -9999 -9999 -9999 -9999 -9999 -9999 -9999
-9999 -9999 -9999 -9999 -9999 -9999 -9999 -9999 -9999 -9999 -9999 -9999 -9999 -9999 -9999 -9999 -9999 -9999 -9999 -9999 -9999 -9999 -9999 -9999 -9999 -9999 -9999 -9999 -9999 -9999 -9999 -9999 -9999 -9999 -9999 -9999 -9999 -9999 -9999 -9999 -9999 -9999 -9999 -9999 -9999 -9999 -9999 -9999 -9999 -9999 -9999 -9999 -9999 -9999 -9999 -9999 -9999 -9999 -9999 -9999 -9999 -9999 -9999 -9999 -9999 -9999 -9999 -9999 -9999 -9999 -9999
-9999 -9999 -9999 -9999 -9999 -9999 -9999 -9999 -9999 -9999 -9999 -9999 -9999 -9999 -9999 -9999 -9999 -9999 -9999 -9999 -9999 -9999 -9999 -9999 -9999 -9999 -9999 -9999 -9999 -9999 -9999 -9999 -9999 -9999 -9999 -9999 -9999 -9999 -9999 -9999 -9999 -9999 -9999 -9999 -9999 -9999 -9999 -9999 -9999 -9999 -9999 -9999 -9999 -9999 -9999 -9999 -9999 -9999 -9999 -9999 -9999 -9999 -9999 -9999 -9999 -9999 -9999 -9999 -9999 -9999 -9999
-9999 -9999 -9999 -9999 -9999 -9999 -9999 -9999 -9999 -9999 -9999 -9999 -9999 -9999 -9999 -9999 -9999 -9999 -9999 -9999 -9999 -9999 -9999 -9999 -9999 -9999 -9999 -9999 -9999 -9999 -9999 -9999 -9999 -9999 -9999 -9999 -9999 -9999 -9999 -9999 -9999 -9999 -9999 -9999 -9999 -9999 -9999 -9999 -9999 -9999 -9999 -9999 -9999 -9999 -9999 -9999 -9999 -9999 -9999 -9999 -9999 -9999 -9999 -9999 -9999 -9999 -9999 -9999 -9999 -9999 -9999
-9999 -9999 -9999 -9999 -9999 -9999 -9999 -9999 -9999 -9999 -9999 -9999 -9999 -9999 -9999 -9999 -9999 -9999 -9999 -9999 -9999 -9999 -9999 -9999 -9999 -9999 -9999 -9999 -9999 -9999 -9999 -9999 -9999 -9999 -9999 -9999 -9999 -9999 -9999 -9999 -9999 -9999 -9999 -9999 -9999 -9999 -9999 -9999 -9999 -9999 -9999 -9999 -9999 -9999 -9999 -9999 -9999 -9999 -9999 -9999 -9999 -9999 -9999 -9999 -9999 -9999 -9999 -9999 -9999 -9999 -9999
-9999 -9999 -9999 -9999 -9999 -9999 -9999 -9999 -9999 -9999 -9999 -9999 -9999 -9999 -9999 -9999 -9999 -9999 -9999 -9999 -9999 -9999 -9999 -9999 -9999 -9999 -9999 -9999 -9999 -9999 -9999 -9999 -9999 -9999 -9999 -9999 -9999 -9999 -9999 -9999 -9999 -9999 -9999 -9999 -9999 -9999 -9999 -9999 -9999 -9999 -9999 -9999 -9999 -9999 -9999 -9999 -9999 -9999 -9999 -9999 -9999 -9999 -9999 -9999 -9999 -9999 -9999 -9999 -9999 -9999 -9999
-9999 -9999 -9999 -9999 -9999 -9999 -9999 -9999 -9999 -9999 -9999 -9999 -9999 -9999 -9999 -9999 -9999 -9999 -9999 -9999 -9999 -9999 -9999 -9999 -9999 -9999 -9999 -9999 -9999 -9999 -9999 -9999 -9999 -9999 -9999 -9999 -9999 -9999 -9999 -9999 -9999 -9999 13.87120 13.86710 13.77690 13.87490 13.86640 13.87100 13.86390 13.87080 13.91750 14.15190 -9999 -9999 -9999 -9999 -9999 -9999 -9999 -9999 -9999 -9999 -9999 -9999 -9999 -9999 -9999 -9999 -9999 -9999 -9999
-9999 -9999 -9999 -9999 -9999 -9999 -9999 -9999 -9999 -9999 -9999 -9999 -9999 -9999 -9999 -9999 -9999 -9999 -9999 -9999 -9999 -9999 -9999 -9999 -9999 -9999 -9999 -9999 -9999 -9999 -9999 -9999 -9999 -9999 -9999 -9999 -9999 -9999 13.84680 13.15650 13.45690 13.66050 13.76860 13.87500 13.97740 14.07080 14.07370 14.06760 14.06300 14.06700 14.23410 14.45690 14.46960 11.49200 -9999 -9999 -9999 -9999 -9999 -9999 -9999 -9999 -9999 -9999 -9999 -9999 -9999 -9999 -9999 -9999 -9999
-9999 -9999 -9999 -9999 -9999 -9999 -9999 -9999 -9999 -9999 -9999 -9999 -9999 -9999 -9999 -9999 -9999 -9999 -9999 -9999 -9999 -9999 -9999 -9999 -9999 -9999 -9999 -9999 -9999 -9999 -9999 -9999 -9999 -9999 -9999 -9999 -9999 -9999 -9999 -9999 13.94280 13.94820 13.55930 13.36060 13.65660 13.46390 13.86530 14.26230 14.25730 14.07030 14.21870 14.63200 14.73200 12.03370 -9999 -9999 -9999 -9999 -9999 -9999 -9999 -9999 -9999 -9999 -9999 -9999 -9999 -9999 -9999 -9999 -9999
-9999 -9999 -9999 -9999 -9999 -9999 -9999 -9999 -9999 -9999 -9999 -9999 -9999 -9999 -9999 -9999 -9999 -9999 -9999 -9999 -9999 -9999 -9999 -9999 -9999 -9999 -9999 -9999 -9999 -9999 -9999 -9999 -9999 -9999 -9999 -9999 -9999 -9999 -9999 -9999 -9999 -9999 -9999 -9999 14.14430 14.04500 13.44510 13.56130 13.85860 14.36850 14.39920 13.87840 14.75080 12.52590 -9999 -9999 -9999 -9999 -9999 -9999 15.32420 -9999 -9999 -9999 -9999 -9999 -9999 -9999 -9999 -9999 -9999
-9999 -9999 -9999 -9999 -9999 -9999 -9999 -9999 -9999 -9999 -9999 -9999 -9999 -9999 -9999 -9999 -9999 -9999 -9999 -9999 -9999 -9999 -9999 -9999 -9999 -9999 -9999 -9999 -9999 -9999 -9999 -9999 -9999 -9999 -9999 -9999 -9999 -9999 -9999 -9999 -9999 13.60090 13.71650 13.61970 13.82550 14.42000 14.02020 13.73790 14.23550 14.54760 14.16880 14.01720 14.76040 14.99980 -9999 -9999 -9999 -9999 -9999 15.58790 15.38690 15.49510 15.39650 15.39500 15.27900 15.15800 15.02290 14.88730 14.84670 14.93030 14.79450
-9999 -9999 -9999 -9999 -9999 -9999 -9999 -9999 -9999 -9999 -9999 -9999 -9999 -9999 -9999 -9999 -9999 -9999 -9999 -9999 -9999 -9999 -9999 -9999 -9999 -9999 -9999 -9999 -9999 -9999 -9999 -9999 -9999 -9999 -9999 -9999 -9999 -9999 -9999 -9999 -9999 14.17290 14.20410 14.39700 15.10600 15.10330 15.11090 14.93460 14.94280 15.04870 14.75990 13.66350 13.66890 14.09320 14.70730 14.41810 15.23820 -9999 15.85390 15.66530 15.57320 15.47360 15.28720 14.88150 14.89180 14.99830 15.07740 15.07380 15.06500 14.95880 14.94930
-9999 -9999 -9999 -9999 -9999 -9999 -9999 -9999 -9999 -9999 -9999 -9999 -9999 -9999 -9999 -9999 -9999 -9999 -9999 -9999 -9999 -9999 -9999 -9999 -9999 -9999 -9999 -9999 -9999 -9999 -9999 -9999 -9999 -9999 -9999 15.00130 15.02860 14.55740 14.58110 15.11200 15.23130 15.45130 15.37220 15.37700 15.59900 15.70430 15.80030 15.62440 15.42130 15.03740 14.33530 13.60970 12.59460 13.28470 13.26830 13.04850 14.23120 15.02180 15.63390 15.65110 15.66250 15.37300 15.28540 13.69060 13.99960 15.01190 14.82920 14.84000 15.15940 14.97660 14.88470
-9999 -9999 -9999 -9999 -9999 -9999 -9999 -9999 -9999 -9999 -9999 -9999 -9999 -9999 -9999 -9999 -9999 -9999 -9999 -9999 -9999 -9999 -9999 -9999 -9999 -9999 -9999 -9999 -9999 -9999 -9999 -9999 -9999 -9999 15.52290 14.93940 14.95750 15.08200 15.22570 15.63800 15.87520 16.00100 16.02030 16.13640 16.15020 16.15380 16.25890 15.78670 15.08700 14.00880 13.20260 12.95520 11.93550 11.50460 11.87360 13.03950 14.13320 14.80150 15.91140 15.94120 15.44490 14.66280 14.27750 13.58660 14.89200 15.12230 14.84540 14.47220 13.40550 13.71760 13.04910
-9999 -9999 -9999 -9999 -9999 -9999 -9999 -9999 -9999 -9999 -9999 -9999 -9999 -9999 -9999 -9999 -9999 -9999 -9999 -9999 -9999 -9999 -9999 -9999 -9999 -9999 -9999 -9999 -9999 -9999 -9999 -9999 -9999 15.40840 15.49530 15.41610 15.44830 15.59050 15.61640 16.15300 16.27950 16.21680 16.44910 16.44750 16.46470 16.37170 15.97810 15.69580 13.91320 12.91770 12.02390 11.09100 9.47607 11.06030 12.33720 13.23000 13.50310 15.08100 15.90380 15.52280 14.83660 15.25260 15.46890 15.87220 15.48770 15.10740 14.43560 14.15690 13.88900 13.91750 13.44670
-9999 -9999 -9999 -9999 -9999 -9999 -9999 -9999 -9999 -9999 -9999 -9999 -9999 -9999 -9999 -9999 -9999 -9999 -9999 -9999 -9999 -9999 -9999 -9999 -9999 -9999 -9999 -9999 -9999 -9999 -9999 16.20390 16.10280 15.78690 15.98610 15.90500 16.14680 16.28410 16.42150 16.75690 16.69020 16.83170 16.86750 16.87260 16.58340 16.29480 16.20500 16.22980 14.83440 13.74730 12.55060 11.52510 9.12657 10.70320 11.99520 13.18540 14.67610 15.07440 14.18960 14.70730 15.52300 15.73210 15.64390 16.25250 15.85650 15.08430 14.92390 15.24970 15.08360 13.59900 12.63720
-9999 -9999 -9999 -9999 -9999 -9999 -9999 -9999 -9999 -9999 -9999 -9999 -9999 -9999 -9999 -9999 -9999 -9999 -9999 -9999 -9999 -9999 -9999 -9999 -9999 -9999 -9999 -9999 -9999 16.76770 16.57420 16.17200 16.07060 16.07030 16.26910 16.28770 16.43350 16.67350 16.71730 17.05240 17.19760 17.03770 17.17540 17.19400 16.89840 16.21370 15.92580 15.54560 13.35390 12.67460 11.77420 10.06060 9.16431 11.15510 11.35490 12.66090 14.65990 14.65640 15.17590 16.08650 15.90440 15.72080 15.52760 15.53970 15.94630 15.55940 14.50550 13.83500 13.55990 13.69260 14.13020
-9999 -9999 -9999 -9999 -9999 -9999 -9999 -9999 -9999 -9999 -9999 -9999 -9999 -9999 -9999 -9999 -9999 -9999 -9999 -9999 -9999 -9999 -9999 -9999 16.08500 16.07230 16.48650 16.79810 16.70760 16.47290 16.11800 16.43140 16.44350 16.44880 16.36790 16.78150 16.52630 16.56310 16.71700 17.07080 17.50910 17.55210 17.58430 17.50910 17.21690 16.63740 16.64250 15.05840 13.37470 12.69010 12.69890 10.39780 10.51050 12.20480 13.41330 14.22690 15.11810 15.53220 15.25550 15.86540 16.38470 16.39740 16.60070 16.61330 16.42000 15.63770 16.07190 16.32340 15.74700 14.78480 12.22000
-9999 -9999 -9999 -9999 -9999 -9999 15.65310 15.91050 16.05840 16.11020 16.16770 -9999 -9999 -9999 -9999 -9999 -9999 -9999 -9999 -9999 -9999 16.12960 15.41750 15.50750 15.70030 15.70420 15.95830 16.09970 16.11110 16.32410 16.53590 16.64790 16.36290 16.47360 16.37870 16.61220 16.65260 16.89590 17.04090 17.38610 17.73020 17.86780 17.83070 17.76310 17.38470 16.91220 16.83420 15.64630 13.87000 13.08200 11.99220 11.41320 10.71490 12.23430 14.24150 15.14110 15.26900 15.67410 16.39370 16.80970 16.72440 16.64340 15.95010 15.56230 15.27030 16.78520 17.12890 16.25730 15.99690 16.02980 15.26580
-9999 -9999 -9999 -9999 -9999 15.96850 15.82370 15.16210 15.82700 15.58280 15.73750 14.97950 15.13640 14.92040 -9999 -9999 -9999 15.60050 15.39240 15.58330 15.48030 15.35910 15.24390 15.62510 15.32120 15.81710 15.90330 16.20840 16.40970 16.52270 16.91900 17.02430 17.01450 17.11810 17.12030 17.04050 17.08320 17.13210 17.38320 17.84010 17.99320 18.04520 18.11760 18.16920 17.70540 17.34640 16.17170 14.70750 13.62830 13.05750 12.49040 11.98990 12.30650 13.82160 14.62750 14.84450 15.06460 15.87670 17.20750 16.82130 16.94540 16.25100 15.97240 16.38090 15.19260 13.91190 14.44620 14.57630 15.30360 14.93090 14.77100
-9999 16.68660 16.67570 16.76470 16.15590 16.23080 15.88130 15.64390 15.49570 15.74710 15.40470 15.07490 14.82220 15.00640 15.48930 15.87200 16.55980 15.55650 15.44400 15.93080 16.10740 15.98980 15.86660 16.14360 16.34230 16.02200 16.10210 16.50440 16.39630 16.69210 17.07680 17.26800 17.37040 17.34940 17.34460 17.26140 17.31950 17.37650 17.64030 18.00440 18.06230 18.33410 18.41030 18.46590 18.22530 17.75720 16.80990 15.76050 14.79680 14.03560 13.27390 12.17060 12.48720 12.20440 12.91590 13.83310 14.85970 16.66100 16.38270 16.51300 17.02850 16.16280 15.18330 15.39210 14.31250 14.23850 15.05420 14.09060 15.11230 13.93270 12.47200
-9999 16.46910 16.86390 16.75730 16.73890 16.81110 16.66730 16.52110 16.48300 16.03000 15.99000 15.55300 15.00990 15.28820 15.37090 15.45570 15.62600 15.41820 15.69850 16.08160 15.86450 15.74480 15.81980 16.59730 16.57920 16.75180 16.63980 16.50730 16.70540 16.98190 17.17390 17.56180 17.55020 17.73060 17.70770 17.63390 17.79350 17.85910 18.12130 18.09270 18.35910 18.53350 18.72400 18.78670 18.74790 18.51030 18.16990 16.92820 15.97850 14.92660 14.66850 13.07450 12.98090 11.32250 11.52990 13.74310 14.85870 15.46870 16.09750 15.62980 16.16950 15.48460 15.01830 15.53910 14.75110 14.38530 13.90780 14.41700 14.34590 14.17300 13.88780
-9999 -9999 -9999 16.31580 16.10750 16.68620 16.63680 16.70050 16.45420 16.81550 16.36240 16.63170 16.49080 16.46280 15.94850 16.01870 15.99410 16.56630 16.34070 16.21910 16.09710 16.07770 16.05570 16.42540 16.69670 16.97820 17.16490 17.23900 17.61400 17.61040 17.67330 17.75130 17.73460 18.01550 18.00060 18.01130 17.98280 18.05100 18.12450 18.50230 18.57470 18.74420 18.81930 18.98790 19.05430 18.93200 18.40330 17.59030 17.04500 16.39930 15.25060 14.05340 12.97080 12.09490 12.90030 13.12700 14.63700 15.06970 14.89040 15.03150 16.05820 14.89920 14.62100 14.45490 14.78140 14.89710 15.21170 14.43310 13.75340 13.27390 13.09400
-9999 -9999 -9999 -9999 -9999 -9999 16.77710 17.03670 16.60130 16.96420 17.03560 16.79490 16.86700 17.14590 17.02090 16.99530 16.86500 16.94610 17.30850 17.28680 17.16940 16.83050 17.01140 17.08000 17.24720 17.02480 17.39860 18.08340 18.16890 18.04370 18.03180 18.01330 18.08830 18.16120 18.34670 18.45230 18.42370 18.48910 18.54200 18.51620 18.47700 18.84670 19.01450 19.16200 19.11200 19.17670 19.14020 17.61840 17.47450 16.32290 14.67090 13.09940 12.73610 14.36320 13.50510 13.24560 14.17220 13.41100 12.75770 13.78900 13.23450 13.26940 13.20540 12.93760 13.76380 13.48620 14.89470 14.11380 13.31760 13.22360 12.73390
-9999 -9999 -9999 -9999 -9999 -9999 17.30750 17.06980 17.23570 16.91860 17.19510 17.07240 17.25730 17.63270 17.60940 17.28040 17.35850 17.33690 17.31010 17.19840 17.15480 17.12600 17.09830 17.25010 17.33210 17.98050 18.25410 18.32920 18.53020 18.42470 18.32250 18.42500 18.40660 18.59310 18.47260 18.80260 18.92250 18.95710 19.09300 18.74540 18.76920 18.90230 18.94740 19.07600 19.30820 19.24000 19.27030 19.20900 18.76560 18.20600 17.05900 16.21750 15.58130 15.05310 15.02110 16.28470 15.75240 14.62890 15.07090 14.40550 12.46540 12.80100 12.74810 13.28800 13.02440 14.42770 14.63940 14.63220 14.33650 13.93940 12.54800
-9999 -9999 -9999 -9999 -9999 -9999 -9999 -9999 -9999 -9999 17.96150 17.24910 17.43780 18.32050 18.08940 17.66760 17.54200 17.62050 17.99600 17.87040 17.83640 17.60180 17.77230 17.73570 17.89410 17.64530 17.90850 18.57830 18.57960 18.49640 18.49630 18.59990 18.60920 18.81570 19.01970 19.51510 19.32650 19.52830 19.63570 19.35310 19.25900 19.27250 19.26750 19.18480 19.19310 19.20490 19.20920 19.31630 19.43830 19.46690 19.43370 19.43330 19.13350 19.32090 19.42720 19.52250 19.42190 19.02140 18.58090 18.02420 17.97980 17.02710 16.77590 15.72200 15.36130 16.17580 16.06230 15.75710 14.94750 14.84490 13.64520
-9999 -9999 -9999 -9999 -9999 -9999 -9999 -9999 -9999 -9999 18.92860 18.53760 17.92800 18.70390 18.48400 17.95590 18.03280 18.01550 17.99020 17.95950 18.04460 17.79170 17.75970 17.90820 17.96030 18.42150 18.77660 18.91840 18.94240 18.86390 18.77810 18.89500 19.01290 19.12340 19.04050 19.34540 19.41650 19.41060 19.39800 19.16980 19.14790 19.02690 18.90530 18.79220 18.78520 18.77850 18.86330 18.95550 19.14170 19.13830 19.50620 19.54360 19.77690 19.80550 20.23780 20.37720 20.20820 20.24550 20.29560 19.55180 19.60540 19.55810 19.41440 19.25860 19.21130 19.02370 18.50650 17.98950 17.47390 15.14540 14.33020
-9999 -9999 -9999 -9999 -9999 -9999 -9999 -9999 -9999 -9999 -9999 -9999 18.91190 18.20080 18.17510 18.45830 19.03790 19.50950 18.88900 19.07480 18.93110 18.68990 18.73780 18.78950 19.03870 19.29770 19.24010 19.08950 19.00300 19.22920 19.26140 19.08210 19.20380 19.03380 19.25910 19.25780 19.40600 19.07140 19.12720 18.87880 18.83040 18.78470 18.63310 18.70170 18.68400 18.54970 18.52460 18.69120 18.66630 18.83650 19.09440 19.16230 19.32520 19.59190 20.36090 20.52090 20.58790 20.06300 19.81960 19.77460 19.63740 19.59870 19.45580 19.51460 19.55860 19.27810 19.05100 18.72270 18.09600 16.65770 14.13510
-9999 -9999 -9999 -9999 -9999 -9999 -9999 -9999 -9999 -9999 -9999 -9999 19.42250 18.99270 18.87290 19.04860 19.33340 19.71530 19.09090 19.07460 19.23840 18.69330 18.94250 19.29430 18.95450 19.40220 19.45770 19.40550 19.31830 19.44030 19.46530 19.37960 19.40470 19.33410 19.05650 19.25110 19.11090 18.66920 18.82280 18.88430 19.03150 19.08900 19.14530 19.00760 18.77720 18.73800 18.70150 18.66160 18.82290 18.58520 18.84130 19.27720 19.52990 19.78320 20.34290 20.49580 20.55150 20.10210 19.96860 19.83270 19.80070 19.76470 19.72050 19.57830 19.64260 19.35680 19.03930 18.52140 17.39730 15.49020 14.45980
-9999 -9999 -9999 -9999 -9999 -9999 -9999 -9999 -9999 -9999 -9999 19.44710 19.13290 19.70990 19.88720 18.85970 18.64190 18.92530 18.70140 18.78220 19.85860 18.72090 19.17930 19.04850 18.90710 19.16380 19.13040 19.18170 19.58570 19.69340 19.79810 19.61460 19.70990 19.71420 19.62930 20.12930 19.62950 19.30430 18.99290 18.48200 18.56580 18.45010 18.44350 18.61320 18.77740 19.03900 19.10360 19.26590 19.22400 19.19580 19.41600 19.50270 19.69130 20.09030 20.68690 20.47950 20.29180 19.99110 19.96080 19.92080 19.88070 19.85750 19.72300 19.67860 19.44440 19.28590 18.59750 17.59440 16.11550 14.10890 12.41710
-9999 -9999 -9999 -9999 -9999 -9999 -9999 -9999 -9999 -9999 -9999 19.55210 19.74390 19.72370 19.99280 19.17800 19.05450 19.03470 19.20360 19.18730 19.37120 19.23390 19.31590 19.68250 19.76020 19.71970 19.48650 19.35730 19.64540 19.53250 19.42790 19.52340 19.51830 19.60910 19.49860 19.90230 20.12800 19.44450 18.86330 18.97320 19.09500 18.92050 18.73520 18.59920 18.66860 18.93870 19.10010 19.46240 19.82890 19.99200 20.09510 20.31000 20.33780 20.29020 20.13810 20.08530 19.93370 19.87560 19.84940 19.91550 19.77880 19.75120 19.61140 19.67860 19.54490 19.29980 18.23940 17.47550 15.40130 13.43940 13.07060
