data/hydroclimate-scenarios/BCSD_hadcm_B1/monthly_summaries/tavg_monthly_avg_feb.2070-2099.asc
ncols	311
nrows	91
xllcenter	102.75
yllcenter	31.75
cellsize	0.5
NODATA_value	-9999
[rows 0 to 30 of 91, columns 213 to 283 of 311]
-9999 -9999 -9999 -9999 -9999 -9999 -9999 -9999 -9999 -9999 -9999 -9999 -9999 -9999 -9999 -9999 -9999 -9999 -9999 -9999 -9999 -9999 -9999 -9999 -9999 -9999 -9999 -9999 -9999 -9999 -9999 -9999 -9999 -9999 -9999 -9999 -9999 -9999 -9999 -9999 -9999 -9999 -9999 -9999 -9999 -9999 -9999 -9999 -9999 -9999 -9999 -9999 -9999 -9999 -9999 -9999 -9999 -9999 -9999 -9999 -9999 -9999 -9999 -9999 -9999 -9999 -9999 -9999 -9999 -9999 -9999
-9999 -9999 -9999 -9999 -9999 -9999 -9999 -9999 -9999 -9999 -9999 -9999 -9999 -9999 -9999 -9999 -9999 -9999 -9999 -9999 -9999 -9999 -9999 -9999 -9999 -9999 -9999 -9999 -9999 -9999 -9999 -9999 -9999 -9999 -9999 -9999 -9999 -9999 -9999 -9999 -9999 -9999 -9999 -9999 -9999 -9999 -9999 -9999 -9999 -9999 -9999 -9999 -9999 -9999 -9999 -9999 -9999 -9999 -9999 -9999 -9999 -9999 -9999 -9999 -9999 -9999 -9999 -9999 -9999 -9999 -9999
-9999 -9999 -9999 -9999 -9999 -9999 -9999 -9999 -9999 -9999 -9999 -9999 -9999 -9999 -9999 -9999 -9999 -9999 -9999 -9999 -9999 -9999 -9999 -9999 -9999 -9999 -9999 -9999 -9999 -9999 -9999 -9999 -9999 -9999 -9999 -9999 -9999 -9999 -9999 -9999 -9999 -9999 -9999 -9999 -9999 -9999 -9999 -9999 -9999 -9999 -9999 -9999 -9999 -9999 -9999 -9999 -9999 -9999 -9999 -9999 -9999 -9999 -9999 -9999 -9999 -9999 -9999 -9999 -9999 -9999 -9999
-9999 -9999 -9999 -9999 -9999 -9999 -9999 -9999 -9999 -9999 -9999 -9999 -9999 -9999 -9999 -9999 -9999 -9999 -9999 -9999 -9999 -9999 -9999 -9999 -9999 -9999 -9999 -9999 -9999 -9999 -9999 -9999 -9999 -9999 -9999 -9999 -9999 -9999 -9999 -9999 -9999 -9999 -9999 -9999 -9999 -9999 -9999 -9999 -9999 -9999 -9999 -9999 -9999 -9999 -9999 -9999 -9999 -9999 -9999 -9999 -9999 -9999 -9999 -9999 -9999 -9999 -9999 -9999 -9999 -9999 -9999
-9999 -9999 -9999 -9999 -9999 -9999 -9999 -9999 -9999 -9999 -9999 -9999 -9999 -9999 -9999 -9999 -9999 -9999 -9999 -9999 -9999 -9999 -9999 -9999 -9999 -9999 -9999 -9999 -9999 -9999 -9999 -9999 -9999 -9999 -9999 -9999 -9999 -9999 -9999 -9999 -9999 -9999 -9999 -9999 -9999 -9999 -9999 -9999 -9999 -9999 -9999 -9999 -9999 -9999 -9999 -9999 -9999 -9999 -9999 -9999 -9999 -9999 -9999 -9999 -9999 -9999 -9999 -9999 -9999 -9999 -9999
-9999 -9999 -9999 -9999 -9999 -9999 -9999 -9999 -9999 -9999 -9999 -9999 -9999 -9999 -9999 -9999 -9999 -9999 -9999 -9999 -9999 -9999 -9999 -9999 -9999 -9999 -9999 -9999 -9999 -9999 -9999 -9999 -9999 -9999 -9999 -9999 -9999 -9999 -9999 -9999 -9999 -9999 -9999 -9999 -9999 -9999 -9999 -9999 -9999 -9999 -9999 -9999 -9999 -9999 -9999 -9999 -9999 -9999 -9999 -9999 -9999 -9999 -9999 -9999 -9999 -9999 -9999 -9999 -9999 -9999 -9999
-9999 -9999 -9999 -9999 -9999 -9999 -9999 -9999 -9999 -9999 -9999 -9999 -9999 -9999 -9999 -9999 -9999 -9999 -9999 -9999 -9999 -9999 -9999 -9999 -9999 -9999 -9999 -9999 -9999 -9999 -9999 -9999 -9999 -9999 -9999 -9999 -9999 -9999 -9999 -9999 -9999 -9999 -9999 -9999 -9999 -9999 -9999 -9999 -9999 -9999 -9999 -9999 -9999 -9999 -9999 -9999 -9999 -9999 -9999 -9999 -9999 -9999 -9999 -9999 -9999 -9999 -9999 -9999 -9999 -9999 -9999
-9999 -9999 -9999 -9999 -9999 -9999 -9999 -9999 -9999 -9999 -9999 -9999 -9999 -9999 -9999 -9999 -9999 -9999 -9999 -9999 -9999 -9999 -9999 -9999 -9999 -9999 -9999 -9999 -9999 -9999 -9999 -9999 -9999 -9999 -9999 -9999 -9999 -9999 -9999 -9999 -9999 -9999 -9999 -9999 -9999 -9999 -9999 -9999 -9999 -9999 -9999 -9999 -9999 -9999 -9999 -9999 -9999 -9999 -9999 -9999 -9999 -9999 -9999 -9999 -9999 -9999 -9999 -9999 -9999 -9999 -9999
-9999 -9999 -9999 -9999 -9999 -9999 -9999 -9999 -9999 -9999 -9999 -9999 -9999 -9999 -9999 -9999 -9999 -9999 -9999 -9999 -9999 -9999 -9999 -9999 -9999 -9999 -9999 -9999 -9999 -9999 -9999 -9999 -9999 -9999 -9999 -9999 -9999 -9999 -9999 -9999 -9999 -9999 -9999 -9999 -9999 -9999 -9999 -9999 -9999 -9999 -9999 -9999 -9999 -9999 -9999 -9999 -9999 -9999 -9999 -9999 -9999 -9999 -9999 -9999 -9999 -9999 -9999 -9999 -9999 -9999 -9999
-9999 -9999 -9999 -9999 -9999 -9999 -9999 -9999 -9999 -9999 -9999 -9999 -9999 -9999 -9999 -9999 -9999 -9999 -9999 -9999 -9999 -9999 -9999 -9999 -9999 -9999 -9999 -9999 -9999 -9999 -9999 -9999 -9999 -9999 -9999 -9999 -9999 -9999 -9999 -9999 -9999 -9999 -9999 -9999 -9999 -9999 -9999 -9999 -9999 -9999 -9999 -9999 -9999 -9999 -9999 -9999 -9999 -9999 -9999 -9999 -9999 -9999 -9999 -9999 -9999 -9999 -9999 -9999 -9999 -9999 -9999
-9999 -9999 -9999 -9999 -9999 -9999 -9999 -9999 -9999 -9999 -9999 -9999 -9999 -9999 -9999 -9999 -9999 -9999 -9999 -9999 -9999 -9999 -9999 -9999 -9999 -9999 -9999 -9999 -9999 -9999 -9999 -9999 -9999 -9999 -9999 -9999 -9999 -9999 -9999 -9999 -9999 -9999 -9999 -9999 -9999 -9999 -9999 -9999 -9999 -9999 -9999 -9999 -9999 -9999 -9999 -9999 -9999 -9999 -9999 -9999 -9999 -9999 -9999 -9999 -9999 -9999 -9999 -9999 -9999 -9999 -9999
-9999 -9999 -9999 -9999 -9999 -9999 -9999 -9999 -9999 -9999 -9999 -9999 -9999 -9999 -9999 -9999 -9999 -9999 -9999 -9999 -9999 -9999 -9999 -9999 -9999 -9999 -9999 -9999 -9999 -9999 -9999 -9999 -9999 -9999 -9999 -9999 -9999 -9999 -9999 -9999 -9999 -9999 -9999 -9999 -9999 -9999 -9999 -9999 -9999 -9999 -9999 -9999 -9999 -9999 -9999 -9999 -9999 -9999 -9999 -9999 -9999 -9999 -9999 -9999 -9999 -9999 -9999 -9999 -9999 -9999 -9999
-9999 -9999 -9999 -9999 -9999 -9999 -9999 -9999 -9999 -9999 -9999 -9999 -9999 -9999 -9999 -9999 -9999 -9999 -9999 -9999 -9999 -9999 -9999 -9999 -9999 -9999 -9999 -9999 -9999 -9999 -9999 -9999 -9999 -9999 -9999 -9999 -9999 -9999 -9999 -9999 -9999 -9999 -9999 -9999 -9999 -9999 -9999 -9999 -9999 -9999 -9999 -9999 -9999 -9999 -9999 -9999 -9999 -9999 -9999 -9999 -9999 -9999 -9999 -9999 -9999 -9999 -9999 -9999 -9999 -9999 -9999
-23.25550 -23.18710 -23.21240 -23.14720 -22.53000 -22.25740 -9999 -9999 -9999 -9999 -9999 -9999 -9999 -9999 -9999 -9999 -9999 -9999 -9999 -9999 -9999 -9999 -9999 -9999 -9999 -9999 -9999 -9999 -9999 -9999 -9999 -9999 -9999 -9999 -9999 -9999 -9999 -9999 -9999 -9999 -9999 -9999 -9999 -9999 -9999 -9999 -9999 -25.19810 -9999 -9999 -9999 -9999 -9999 -9999 -9999 -9999 -9999 -9999 -9999 -9999 -9999 -9999 -9999 -9999 -9999 -9999 -9999 -9999 -9999 -9999 -9999
-24.89280 -24.34140 -23.92130 -23.52350 -23.20410 -22.91130 -22.66300 -22.49630 -22.36220 -22.31140 -21.96960 -22.02940 -22.12140 -22.74230 -23.03060 -23.01810 -22.82710 -22.56670 -18.56310 -9999 -9999 -9999 -9999 -9999 -9999 -9999 -9999 -9999 -9999 -9999 -9999 -9999 -9999 -9999 -9999 -9999 -9999 -9999 -9999 -9999 -9999 -9999 -25.73390 -25.11050 -25.51700 -26.32790 -26.78150 -26.34080 -24.96570 -9999 -9999 -9999 -24.48710 -9999 -9999 -9999 -23.61930 -23.67770 -23.54240 -9999 -9999 -9999 -9999 -9999 -9999 -9999 -9999 -9999 -9999 -9999 -9999
-24.97500 -24.71290 -23.86990 -23.39030 -23.09750 -22.69850 -21.86800 -21.28980 -21.09540 -21.11000 -20.98810 -21.26320 -21.19450 -21.73660 -22.09960 -21.26310 -20.75180 -20.44330 -20.84440 -21.43630 -21.59290 -22.15260 -21.60620 -21.32400 -21.68020 -9999 -9999 -9999 -9999 -9999 -22.49340 -22.63220 -22.69390 -22.88300 -23.17050 -22.97220 -23.19000 -23.40520 -23.52820 -23.85930 -23.81230 -23.99750 -26.22420 -25.93910 -26.46970 -26.38820 -26.92510 -26.92950 -24.86770 -24.99510 -24.64820 -24.67280 -24.49820 -24.20430 -24.04800 -24.10970 -24.08870 -24.37170 -24.84610 -24.60690 -24.17240 -24.03450 -24.37660 -24.31630 -9999 -9999 -9999 -9999 -9999 -9999 -9999
-22.78330 -22.21190 -21.77960 -21.49880 -21.69220 -21.32630 -20.95800 -21.16170 -21.03710 -21.14860 -21.60970 -22.23910 -22.15580 -22.88820 -21.66320 -21.26840 -20.12100 -19.41420 -19.99490 -20.05670 -20.84240 -21.52550 -21.13880 -21.72870 -22.39050 -22.42680 -22.16290 -22.00190 -22.09050 -22.12380 -22.05040 -22.00150 -22.46970 -23.04370 -23.21810 -23.28470 -23.29870 -23.60970 -23.72910 -23.76880 -23.88740 -24.02220 -24.04340 -24.17700 -24.47480 -24.38640 -24.97200 -24.86960 -24.84970 -24.80850 -24.78950 -24.74060 -24.58260 -24.33340 -24.18820 -24.06260 -23.94710 -23.71970 -23.59410 -23.48890 -23.56310 -23.74040 -24.48830 -25.13140 -25.48450 -25.63460 -25.61050 -25.66880 -26.16180 -26.56300 -26.85740
-21.58210 -21.46820 -21.28780 -21.09690 -20.97530 -21.08340 -20.83980 -21.18050 -20.98830 -21.50440 -21.90560 -21.83420 -20.19670 -18.54480 -17.39560 -17.18280 -17.23540 -16.94230 -17.73440 -18.49670 -19.38770 -19.94830 -19.73390 -20.15750 -21.67010 -22.21350 -22.84520 -23.03140 -23.28320 -23.22420 -22.85230 -21.97860 -22.13450 -22.79080 -23.15100 -23.31250 -23.29830 -23.41870 -23.21150 -23.44200 -23.55200 -23.67120 -23.87420 -23.87550 -23.99730 -24.09110 -24.59690 -24.63090 -24.60000 -24.51070 -24.51080 -24.49610 -24.28090 -24.05680 -24.04110 -23.92270 -23.81050 -23.58230 -23.56770 -23.54580 -23.63040 -23.81200 -24.67320 -25.02020 -24.98530 -25.33970 -25.58620 -25.85450 -26.31860 -26.68130 -27.09460
-20.72520 -20.15950 -20.29000 -20.83190 -21.07890 -20.70440 -20.46820 -20.35430 -19.80160 -20.22460 -20.01510 -18.42920 -15.67830 -15.64660 -15.02320 -15.04600 -15.92530 -16.50080 -17.34020 -18.10980 -18.43230 -19.24670 -19.15700 -19.43750 -20.54730 -21.47930 -21.94700 -23.22630 -23.60850 -24.11000 -22.95430 -22.26430 -22.52770 -22.57660 -22.84420 -22.79220 -22.78690 -22.87460 -22.90510 -22.92910 -23.04560 -23.47170 -23.39150 -23.51280 -23.81880 -23.91430 -24.30570 -24.47000 -24.29870 -24.12430 -24.15590 -24.15450 -24.06230 -23.88270 -23.78790 -23.68540 -23.66760 -23.64460 -23.52030 -23.50960 -23.58160 -23.95410 -24.73140 -24.77110 -24.91910 -25.18710 -25.53660 -25.79640 -26.23770 -26.59250 -26.93130
-20.24460 -20.27420 -19.75630 -20.04350 -19.55630 -19.10870 -18.57840 -17.94390 -17.44220 -17.69130 -17.64600 -17.86820 -18.21940 -19.34180 -18.87110 -18.30970 -17.80960 -17.37320 -15.94590 -16.73740 -17.90790 -18.68710 -19.45760 -19.75770 -21.22770 -21.20280 -21.06060 -21.33970 -21.91960 -23.42850 -22.75690 -22.79330 -22.73370 -22.48220 -22.35220 -22.29950 -22.35040 -22.21900 -22.30350 -22.68020 -22.88090 -22.90430 -23.52330 -23.75020 -23.93150 -24.02320 -24.21560 -24.09770 -24.02380 -23.95350 -23.87810 -23.89870 -23.81840 -23.80170 -23.64870 -23.62590 -23.50580 -23.48770 -23.56870 -23.54890 -23.73190 -23.71650 -24.18290 -24.43250 -24.88260 -25.03880 -25.29950 -25.64510 -26.01200 -26.42660 -26.78150
-19.79020 -20.66370 -19.99630 -18.58520 -17.48310 -17.23470 -17.11070 -16.65770 -16.23400 -16.67120 -19.12440 -20.73780 -21.10830 -22.64220 -23.13150 -21.63590 -18.76140 -17.48540 -15.66030 -16.70940 -17.95230 -19.47540 -19.87320 -20.44960 -21.39240 -21.06780 -21.12800 -21.29840 -21.86550 -22.83630 -23.27600 -22.50610 -22.23020 -22.17280 -22.10880 -22.05930 -21.90280 -22.05660 -22.21010 -22.27250 -22.43030 -22.79590 -23.18570 -23.68420 -23.95440 -23.84610 -23.92120 -23.97350 -23.80460 -23.71610 -23.81720 -23.70070 -23.60210 -23.50500 -23.39950 -23.36730 -23.45350 -23.43230 -23.10220 -22.98120 -23.17110 -23.35290 -23.51690 -23.87850 -24.34890 -24.60810 -25.17360 -25.75770 -26.11240 -26.50000 -26.96640
-19.30560 -20.39990 -20.07570 -19.06400 -18.45300 -18.32260 -18.15240 -18.28780 -18.94960 -19.15140 -18.12970 -17.10320 -17.36960 -20.38450 -20.24140 -17.87480 -15.87640 -15.94720 -14.85640 -15.87150 -18.14000 -19.82990 -20.97420 -21.19040 -21.44140 -20.93360 -20.88420 -21.44690 -21.82160 -22.37660 -23.37050 -22.80120 -22.32020 -21.84820 -21.57540 -21.61160 -21.60350 -21.57410 -21.71800 -21.96050 -22.00970 -22.36760 -22.81040 -23.14310 -23.77200 -23.85280 -23.71190 -23.75440 -23.38040 -23.28680 -23.55730 -23.31790 -23.00000 -22.96460 -23.04080 -22.80070 -22.69470 -22.87510 -23.13940 -22.82010 -22.79810 -22.97630 -23.35530 -23.73470 -24.00710 -24.19420 -24.59170 -25.57820 -25.99490 -26.30110 -26.58660
-18.55620 -19.61330 -20.10830 -20.25630 -18.12030 -14.88610 -13.25560 -13.02950 -13.45070 -13.19320 -12.39040 -12.35190 -15.40450 -21.19550 -18.80150 -15.55440 -13.14620 -13.55160 -14.61120 -15.75050 -17.94070 -19.92210 -20.77490 -21.05870 -21.99540 -21.48260 -21.76710 -21.81590 -21.65290 -21.71900 -22.00550 -21.51150 -21.81580 -22.12110 -22.02620 -21.87970 -22.06890 -22.39130 -22.02140 -22.25090 -22.49380 -22.43890 -22.35590 -22.66860 -22.98380 -23.09550 -23.11560 -23.45750 -23.24610 -23.41920 -23.19070 -23.04150 -22.98370 -22.83910 -22.79650 -23.04650 -23.02640 -22.90950 -22.57130 -22.66120 -22.83780 -22.91330 -23.29820 -23.58490 -23.68110 -24.08730 -24.98780 -25.24230 -25.78080 -26.01770 -26.32060
-15.10680 -14.34360 -14.40040 -15.48810 -14.59500 -12.47210 -11.30510 -10.93800 -11.88930 -12.39870 -12.69770 -13.03680 -12.43420 -13.90810 -13.30000 -12.50270 -12.88110 -13.54700 -14.57750 -16.10160 -18.00520 -19.89780 -20.52000 -20.79280 -21.84040 -22.11730 -22.18770 -22.47040 -22.50610 -22.35590 -22.00570 -21.70910 -21.91120 -22.49690 -22.91090 -23.02940 -23.41800 -23.31480 -23.03460 -22.94460 -23.58200 -23.59260 -23.19950 -23.30590 -23.21290 -23.21120 -22.62170 -22.49390 -22.52320 -22.57370 -22.42290 -22.35250 -22.37790 -22.40990 -22.33960 -22.68630 -22.46590 -22.05850 -22.42190 -23.09320 -23.17310 -22.85110 -23.23200 -23.75590 -23.86490 -24.18600 -24.69050 -25.13610 -25.49020 -25.65530 -25.95790
-15.95560 -16.38020 -16.54720 -16.43620 -15.14840 -14.19540 -14.92960 -15.39540 -14.08840 -14.26630 -13.87790 -13.43970 -12.45820 -11.79220 -10.93850 -11.57900 -12.50410 -11.91650 -15.50150 -16.11040 -17.19120 -19.68880 -20.69160 -21.44760 -22.18060 -22.46050 -22.83410 -22.81330 -22.79510 -22.73700 -23.09650 -23.06320 -23.07580 -23.16440 -23.48150 -23.51250 -23.47530 -23.76960 -23.78190 -23.50010 -23.99230 -24.09170 -23.68030 -23.88760 -24.07780 -24.06500 -23.95950 -23.52200 -22.35790 -21.86770 -21.96550 -21.79370 -21.71070 -22.33880 -22.46100 -22.40710 -22.58720 -22.47300 -22.43230 -22.50270 -22.68390 -23.16140 -23.46140 -23.77920 -23.50250 -23.63140 -23.78580 -24.43560 -24.69860 -25.15460 -25.45650
-15.30540 -15.79980 -15.32180 -15.13040 -14.41470 -14.16680 -13.88210 -13.67440 -13.91040 -14.25340 -14.44470 -14.42620 -13.52020 -12.74030 -12.15050 -11.63290 -13.28490 -15.37700 -15.72670 -16.85460 -17.98170 -18.26560 -19.62090 -19.73600 -21.10530 -21.69940 -22.28240 -22.27890 -22.17120 -21.46500 -21.42810 -21.21170 -21.60630 -21.61910 -22.13990 -22.36800 -22.15920 -22.64120 -22.56000 -22.66980 -23.05450 -23.24570 -22.82220 -22.80270 -22.78620 -22.97030 -22.85630 -22.50990 -22.13800 -21.84700 -21.74190 -21.46200 -21.38380 -22.11510 -22.65490 -22.38910 -22.36360 -22.54660 -22.29820 -22.37270 -22.54990 -22.85460 -23.15450 -23.17440 -23.39560 -23.64260 -23.78380 -23.93770 -24.38570 -24.64850 -25.13790
-13.27110 -12.11980 -11.86880 -12.34870 -12.34150 -13.04610 -13.90600 -14.43680 -14.31130 -13.74120 -13.63310 -14.21550 -14.68500 -13.99290 -12.57420 -10.94520 -12.16070 -14.60290 -15.43320 -16.94280 -17.85740 -18.19440 -18.38600 -18.83480 -19.64120 -20.05270 -20.13380 -20.44080 -20.25150 -19.26140 -18.66860 -19.42820 -19.44320 -19.66260 -19.49370 -19.73390 -20.81880 -21.00450 -21.44600 -21.64670 -21.52210 -21.58550 -21.86060 -21.83440 -21.99240 -21.55510 -21.64490 -21.97660 -22.00560 -21.61400 -21.53750 -21.45510 -21.36720 -21.40840 -21.74400 -22.47700 -22.24150 -22.32150 -22.29610 -22.28040 -22.16570 -22.57830 -22.75910 -22.97610 -23.02970 -23.15350 -23.30620 -23.64450 -23.77960 -24.12300 -24.41470
-13.61600 -12.31980 -11.90550 -13.13130 -13.56250 -13.50320 -13.31800 -13.42640 -13.69430 -13.65440 -13.27990 -13.93520 -13.93080 -14.11110 -14.73220 -16.06770 -16.29090 -15.91460 -14.92100 -16.13590 -17.29390 -17.26630 -17.74780 -17.88150 -19.17960 -19.50290 -19.87480 -19.77010 -19.16240 -18.55270 -18.36340 -18.77360 -18.78460 -18.52370 -19.36340 -19.68400 -19.50870 -19.78860 -20.31930 -20.62060 -20.49220 -20.75150 -20.78870 -20.43620 -20.49830 -20.85430 -21.30600 -21.23900 -21.07630 -20.99880 -21.22170 -21.45480 -21.38580 -21.51260 -21.35600 -22.06770 -22.02560 -22.00890 -21.80110 -21.89970 -21.89270 -22.17150 -21.97890 -21.94210 -22.24910 -22.47790 -22.71830 -23.04510 -23.16820 -23.39890 -23.67360
-11.70740 -8.93725 -9.62447 -10.99600 -11.53190 -12.75290 -13.56510 -13.79640 -13.65430 -13.81180 -14.15490 -14.04290 -13.35970 -12.83960 -12.86500 -12.75460 -12.91750 -15.22360 -13.57210 -14.29500 -15.26260 -16.36880 -17.27850 -17.66100 -19.23330 -19.84150 -19.17690 -19.09810 -18.33830 -17.54250 -16.64640 -16.94710 -17.17860 -18.08730 -18.52590 -18.56570 -18.58550 -19.16910 -19.28830 -19.10100 -19.64480 -19.78650 -19.91680 -19.56590 -19.50490 -19.74240 -20.26230 -20.99470 -20.94230 -21.38020 -21.31120 -21.55040 -20.99220 -20.82990 -21.06420 -20.97310 -21.33220 -21.34290 -21.23770 -21.23110 -21.31730 -21.30540 -21.38210 -21.58570 -21.80080 -22.00920 -22.23280 -22.34530 -22.66440 -22.46760 -22.56940
-7.65772 -7.50708 -9.93693 -11.33270 -13.24360 -13.76190 -14.13210 -14.44700 -14.59510 -14.42930 -14.21620 -13.98640 -12.50810 -13.68210 -15.20820 -14.58770 -14.28580 -12.63280 -14.82740 -15.26130 -14.50540 -14.68910 -15.25950 -16.61000 -17.55480 -18.08080 -18.63840 -18.73690 -17.67900 -16.56140 -16.05770 -16.11960 -16.16560 -17.18160 -17.61530 -17.92710 -17.42340 -17.96480 -18.09810 -18.00740 -18.24150 -18.56740 -18.59160 -19.12380 -18.33170 -18.65060 -18.76250 -19.28450 -20.15640 -20.59730 -20.65170 -20.81330 -20.65230 -20.51280 -20.39730 -19.98440 -20.42750 -20.53390 -20.53970 -20.63090 -21.12170 -21.57370 -21.92290 -21.72930 -21.73040 -21.53210 -21.35450 -21.55570 -21.67000 -21.87820 -21.96630
-8.66061 -8.78513 -7.42635 -7.22273 -9.55101 -11.47890 -12.16430 -13.48970 -13.71220 -12.80740 -12.64700 -13.08940 -11.66440 -11.75850 -13.92260 -15.05930 -14.74300 -14.84420 -15.55210 -15.31470 -15.19550 -15.48850 -15.54430 -16.61040 -17.58210 -17.86620 -17.41140 -16.41510 -16.86180 -15.99300 -15.33750 -14.99460 -14.50020 -15.51970 -16.04920 -16.65770 -16.77510 -16.70350 -16.59920 -16.51720 -16.90980 -17.19060 -16.75720 -17.12440 -16.66890 -16.24540 -16.94750 -17.51820 -17.81230 -17.82300 -18.31280 -18.80930 -19.43710 -19.55510 -19.96430 -19.62560 -19.30960 -19.86560 -19.44500 -19.58700 -19.58970 -19.85910 -20.18670 -20.10260 -20.23590 -20.36570 -20.66870 -20.77990 -21.09620 -21.09700 -21.19170
