data/hydroclimate-scenarios/BCSD_hadcm_B1/monthly_summaries/tavg_monthly_avg_dec.2070-2099.asc
ncols	311
nrows	91
xllcenter	102.75
yllcenter	31.75
cellsize	0.5
NODATA_value	-9999
[rows 31 to 61 of 91, columns 0 to 70 of 311]
-9999 -9999 -9999 -9999 -9999 -9999 -9999 -9999 -9999 -9999 -9999 -24.38810 -24.40790 -24.51040 -24.28940 -25.07960 -25.27230 -25.24920 -25.34380 -25.41780 -25.32100 -25.64050 -25.65420 -25.48940 -25.71150 -25.83790 -26.06460 -26.24180 -25.90590 -25.98900 -25.96270 -25.82410 -25.76460 -25.49740 -25.53080 -25.11570 -24.96080 -25.69850 -26.42360 -26.35500 -26.49070 -26.92080 -27.27320 -27.62760 -27.98920 -28.19130 -28.29350 -28.27570 -28.36580 -28.75630 -29.30720 -29.91690 -30.64560 -31.40900 -32.16430 -32.72970 -33.29210 -33.55400 -33.79110 -34.12300 -34.45060 -34.59020 -34.72290 -34.54240 -34.14670 -33.50180 -33.50090 -33.28770 -34.17450 -35.17220 -34.66410
-9999 -9999 -9999 -9999 -9999 -9999 -9999 -9999 -9999 -9999 -9999 -24.67080 -24.79680 -24.69120 -24.67770 -24.97090 -24.95080 -24.93170 -24.91990 -24.89960 -25.20460 -25.23840 -24.86870 -25.29760 -25.43340 -25.64300 -26.02140 -26.01220 -25.96090 -25.60680 -25.85890 -25.80730 -25.45200 -25.17580 -25.27820 -24.47570 -24.53370 -24.69890 -25.16830 -25.53130 -25.68880 -25.86090 -26.03320 -26.55200 -26.97470 -27.52990 -27.69400 -28.15810 -28.54130 -28.94430 -29.49210 -30.20870 -30.91500 -31.64910 -31.98640 -32.22830 -32.65980 -32.79890 -32.89950 -33.49710 -33.68210 -33.77860 -33.67730 -33.66150 -32.83090 -31.77290 -31.60140 -31.72610 -32.34830 -32.86690 -31.59500
-9999 -9999 -9999 -9999 -9999 -9999 -9999 -9999 -9999 -9999 -9999 -24.59180 -24.84170 -24.66540 -24.85490 -24.74420 -24.73420 -24.62100 -24.40290 -24.37990 -24.49790 -24.64010 -24.77680 -25.20640 -25.79760 -26.28640 -26.68730 -26.60160 -26.01050 -25.24010 -25.56080 -25.47390 -25.29970 -24.90590 -24.52030 -24.01980 -24.11530 -24.50310 -24.80980 -25.91390 -25.39780 -26.09360 -25.70140 -25.78070 -26.16210 -26.48840 -26.82840 -27.20440 -27.77630 -28.34980 -28.99850 -29.37960 -30.06890 -30.48890 -30.80160 -31.21360 -31.62410 -32.04790 -32.19880 -32.45770 -32.61610 -32.76250 -32.42420 -32.26990 -31.80570 -31.04620 -30.41170 -30.36700 -30.22640 -30.57370 -29.33820
-9999 -9999 -9999 -9999 -9999 -9999 -9999 -9999 -9999 -9999 -9999 -9999 -24.33850 -24.45510 -24.26790 -24.19510 -24.29160 -23.87910 -23.67010 -23.55440 -23.77660 -24.41950 -25.31520 -26.01800 -26.60950 -28.01020 -28.00510 -28.12740 -26.94500 -26.25520 -25.86980 -25.07870 -24.88620 -24.59770 -24.61050 -24.44970 -24.58790 -24.58880 -24.79720 -25.40260 -25.41050 -25.31730 -25.31530 -24.49420 -24.57490 -24.80860 -24.88470 -25.45650 -26.33490 -27.03670 -27.66680 -28.52180 -29.28750 -29.76880 -30.45660 -30.83240 -31.02520 -31.10910 -31.45350 -31.42030 -31.47730 -31.43330 -31.68630 -31.63600 -30.77360 -30.04220 -29.13490 -29.33530 -30.32430 -30.10600 -27.59290
-9999 -9999 -9999 -9999 -9999 -9999 -9999 -9999 -9999 -9999 -9999 -9999 -24.10290 -24.03150 -24.04850 -23.97320 -23.59570 -23.52760 -23.32950 -23.63500 -23.82860 -25.82320 -26.50990 -27.31040 -28.49640 -27.98820 -27.79490 -28.71900 -27.54690 -27.37680 -27.09680 -26.72060 -25.24030 -24.75610 -24.47880 -24.42640 -24.67740 -24.40790 -24.43400 -24.92940 -24.81940 -25.11780 -24.59660 -23.80410 -23.01190 -22.68330 -22.99010 -24.29800 -25.43040 -26.86290 -27.90290 -28.21520 -28.94330 -29.38550 -29.62820 -30.07070 -30.11760 -30.25550 -30.46420 -30.76520 -30.95860 -31.75630 -31.74270 -31.54620 -30.43630 -29.03930 -28.87690 -28.40440 -28.43200 -27.75240 -27.57640
-9999 -9999 -9999 -9999 -9999 -9999 -9999 -9999 -9999 -9999 -9999 -9999 -23.96320 -23.50550 -23.42940 -23.46210 -23.39050 -23.51630 -23.85330 -24.44850 -24.83350 -26.11780 -26.70480 -27.78870 -28.07110 -28.57530 -28.19140 -27.31300 -27.65390 -26.88880 -26.52510 -25.55450 -25.68450 -25.62510 -24.56990 -24.20150 -24.23830 -24.47580 -24.19010 -24.39860 -25.10180 -25.50340 -24.37530 -23.41410 -22.35340 -21.65630 -22.60280 -24.66630 -25.83710 -26.20930 -27.23010 -27.81750 -28.30860 -28.99810 -29.11490 -29.51190 -29.60310 -29.91410 -30.46910 -30.81360 -30.96920 -31.48480 -30.90690 -29.95960 -29.60020 -29.05240 -28.51240 -27.57770 -27.83800 -26.50550 -25.65260
-9999 -9999 -9999 -24.40780 -24.68040 -24.84790 -24.56520 -24.32040 -24.48150 -9999 -24.06020 -23.78240 -23.33110 -23.17360 -23.10210 -23.24930 -23.49060 -23.53860 -24.37120 -24.99520 -25.03060 -25.72380 -26.60760 -27.19050 -27.56730 -27.67700 -27.38410 -28.39720 -28.05200 -29.19580 -27.56140 -26.20240 -26.54630 -27.69020 -26.05190 -25.38070 -25.60500 -25.52650 -25.14550 -24.53220 -24.43320 -25.02430 -24.21920 -23.41920 -23.20270 -23.32950 -24.83420 -24.74020 -25.84720 -27.04940 -28.15690 -28.80420 -29.75020 -31.11460 -30.88250 -32.25220 -32.71370 -30.37360 -31.56360 -30.76560 -30.32740 -30.59650 -30.37390 -29.97190 -28.96160 -28.05830 -27.95160 -27.24440 -26.14290 -25.44160 -25.13460
-9999 -9999 -9999 -23.74100 -23.91160 -24.22060 -24.46660 -24.23400 -24.00770 -23.90580 -23.31460 -22.94340 -23.28750 -23.33840 -23.78870 -24.24650 -24.69700 -24.65160 -24.89290 -25.12980 -25.16480 -26.10260 -25.98010 -26.07370 -26.96780 -26.97870 -27.58270 -28.00090 -28.75710 -29.61840 -28.38910 -28.33180 -27.89400 -28.26650 -27.51780 -27.15810 -26.87440 -27.57330 -25.78230 -26.68020 -26.35120 -25.22520 -24.50110 -24.74620 -25.18740 -26.12590 -26.26190 -25.10430 -27.14240 -28.47160 -29.59520 -30.10160 -31.11250 -31.53060 -30.66190 -31.67540 -30.80640 -30.73790 -31.87410 -31.48370 -31.00640 -30.92540 -30.55690 -29.79110 -29.12390 -27.24600 -26.69450 -25.13220 -24.55950 -24.19540 -24.31670
-9999 -9999 -9999 -23.22760 -23.58650 -24.11100 -24.27430 -23.93380 -23.50570 -23.06910 -22.95670 -22.99670 -23.54400 -24.21230 -25.28000 -24.55510 -25.01840 -24.96260 -24.53590 -24.67310 -25.14370 -26.04980 -25.96490 -26.73530 -27.81890 -27.30860 -27.58910 -28.09160 -27.97180 -29.73970 -31.01990 -29.99860 -28.58220 -28.24460 -28.32520 -27.76280 -27.07740 -26.78350 -26.27730 -26.66650 -26.58030 -25.94790 -25.32220 -25.16740 -24.91630 -25.86170 -26.10790 -26.75020 -27.48870 -29.33360 -30.46220 -29.55230 -30.36970 -30.69740 -30.41990 -30.83700 -30.35980 -29.98240 -31.04750 -31.21500 -30.27300 -29.93910 -29.12420 -29.31840 -28.20560 -27.10570 -26.02210 -25.24010 -25.66220 -24.57240 -24.18960
-9999 -9999 -9999 -23.05260 -22.72080 -23.81890 -23.37950 -23.72190 -23.57430 -23.42970 -22.96470 -22.56430 -23.89160 -24.59290 -24.97120 -24.75950 -25.21890 -25.58780 -25.37880 -24.95490 -26.01730 -26.99270 -28.09610 -27.60010 -27.44160 -27.08500 -26.93340 -27.38580 -29.28100 -30.67250 -29.96870 -27.67380 -28.65810 -30.06120 -29.75030 -28.62360 -27.12750 -25.93880 -26.45200 -25.85960 -26.06600 -27.08170 -27.56260 -26.68400 -25.09860 -26.52500 -27.24470 -26.37440 -28.29160 -28.30550 -30.14030 -29.77490 -30.32300 -31.38920 -30.85190 -30.71680 -30.37710 -30.80110 -31.41880 -31.24510 -32.06470 -30.27220 -29.53120 -28.87060 -28.21520 -26.70150 -25.64940 -24.81040 -25.06150 -23.72440 -19.57120
-9999 -9999 -9999 -22.66260 -22.52700 -23.82540 -23.76130 -23.59780 -24.01700 -23.36620 -22.32210 -23.05600 -24.06160 -24.76600 -25.76380 -25.35500 -25.73530 -25.22840 -24.32960 -23.82210 -25.02300 -25.89130 -26.85210 -25.72610 -25.61330 -25.50510 -25.20420 -26.30330 -28.01160 -29.31070 -29.63150 -28.93730 -29.45380 -28.78000 -28.18220 -27.66310 -27.58290 -26.50220 -25.92530 -25.83940 -26.46570 -26.98510 -27.40150 -27.29770 -26.39820 -26.49890 -26.69630 -27.00200 -27.60190 -28.39760 -29.22840 -28.59350 -29.69700 -31.39200 -30.18760 -31.48860 -30.04920 -29.82700 -30.69620 -31.96070 -31.43380 -30.62050 -30.01530 -30.30460 -29.60540 -26.89690 -25.68600 -25.17840 -24.07730 -20.16390 -15.45100
-9999 -9999 -9999 -9999 -23.33560 -24.02370 -23.84870 -24.37300 -24.19430 -23.43890 -22.15580 -22.67280 -25.22520 -23.64570 -9999 -9999 -9999 -9999 -9999 -26.26150 -26.38070 -25.71560 -26.64540 -27.58090 -26.90430 -26.33950 -24.81580 -25.86200 -26.88420 -26.89080 -27.71260 -28.01350 -28.21390 -27.25850 -25.98960 -25.67510 -26.20710 -25.55060 -25.57630 -25.50910 -25.13660 -25.45750 -25.98620 -26.79400 -26.38780 -26.06610 -26.53770 -27.81700 -27.28690 -27.06410 -28.40400 -29.12220 -28.85210 -30.58520 -31.12100 -31.83390 -31.93480 -31.74760 -31.77110 -31.19630 -31.51730 -31.65960 -31.01560 -29.95970 -29.30440 -28.39410 -25.72000 -22.44670 -19.56130 -9999 -9999
-9999 -9999 -21.47050 -22.48350 -23.34530 -23.63490 -23.64580 -24.45380 -23.46480 -22.97950 -21.88640 -22.49820 -24.61570 -9999 -9999 -9999 -9999 -9999 -27.32630 -25.79200 -25.62000 -24.10980 -24.41090 -25.70850 -25.90300 -25.70100 -24.20550 -24.43090 -25.06010 -25.38530 -26.09840 -26.53360 -26.36650 -26.29650 -25.88490 -24.87710 -25.51710 -25.36600 -25.60700 -25.44170 -25.68440 -25.41490 -25.75580 -25.54560 -24.93110 -25.11220 -25.48380 -25.83530 -25.49620 -25.05270 -25.88220 -26.83200 -27.79830 -27.87600 -29.23590 -28.57430 -29.71770 -30.86230 -31.13840 -29.51310 -29.78830 -29.69890 -29.39810 -29.29680 -28.19690 -26.47960 -23.83810 -9999 -9999 -9999 -9999
-9999 -9999 -20.81460 -21.69980 -22.29020 -22.87550 -22.59130 -23.52350 -22.93460 -22.14430 -22.25360 -22.45810 -22.17220 -9999 -9999 -9999 -9999 -23.59490 -25.74400 -23.98980 -23.80770 -23.21550 -23.80740 -23.89610 -23.38940 -22.88090 -23.43610 -24.15980 -24.40330 -24.33540 -25.07290 -26.10640 -25.32850 -24.89630 -25.03060 -24.89040 -24.88340 -24.99030 -26.03180 -26.67850 -25.91220 -26.06250 -26.02550 -25.30620 -25.57740 -24.95540 -24.42260 -25.30210 -23.96430 -24.60740 -24.86570 -25.43160 -26.03940 -26.49740 -26.85950 -25.82970 -26.69620 -28.86470 -29.66980 -28.76080 -28.46540 -29.68680 -28.52750 -26.94550 -25.86580 -9999 -9999 -9999 -9999 -9999 -14.24940
-9999 -9999 -19.69670 -21.07100 -21.55050 -21.96540 -21.92270 -22.14830 -22.16790 -21.99210 -22.61660 -22.46430 -17.00380 -9999 -9999 -9999 -9999 -24.74570 -24.24310 -23.56060 -23.26670 -22.41570 -22.13790 -22.20720 -22.68790 -22.65570 -23.72640 -23.58980 -24.21550 -24.35380 -25.08710 -25.13190 -25.16400 -25.11370 -24.24880 -24.74540 -25.25430 -25.45100 -26.33530 -25.81880 -25.66360 -24.72280 -24.17440 -24.85470 -24.54850 -25.11950 -25.09930 -25.37480 -24.76370 -24.84530 -24.02510 -25.00690 -25.66600 -26.25810 -26.62770 -24.99760 -24.97100 -26.84620 -27.13730 -27.04870 -25.84950 -25.96550 -25.68360 -26.49930 -27.41280 -26.81910 -23.06600 -22.31990 -19.18140 -9999 -9999
-9999 -9999 -9999 -19.45740 -20.32620 -20.74390 -20.59880 -20.44300 -20.99250 -21.64190 -20.80930 -17.87110 -9999 -9999 -9999 -9999 -23.42070 -23.77890 -22.74210 -22.49400 -22.15410 -21.31400 -21.81860 -21.93820 -22.34310 -22.82620 -23.32700 -23.90750 -24.03020 -25.67090 -25.71070 -24.94360 -24.17870 -23.92760 -23.66790 -23.54330 -23.69520 -24.01180 -24.50930 -24.60650 -24.69890 -23.99550 -23.67290 -23.26330 -22.64530 -23.23430 -23.01310 -22.69690 -23.47820 -23.55910 -24.75450 -24.96580 -25.02210 -26.09310 -26.88490 -26.75920 -26.63500 -27.61860 -27.60730 -26.59390 -26.60740 -26.63210 -28.04970 -30.85030 -32.27770 -27.60820 -24.15720 -22.57820 -19.92850 -17.73800 -9999
-9999 -9999 -9999 -9999 -18.60550 -19.11130 -19.46080 -20.14250 -20.72800 -19.61730 -17.20260 -9999 -9999 -9999 -9999 -22.17170 -22.75450 -21.84020 -21.32410 -21.40540 -21.06570 -20.75240 -21.20570 -22.05530 -22.48380 -22.19410 -22.50730 -23.03200 -23.85890 -24.38940 -25.03050 -23.65870 -23.19420 -23.13890 -23.77320 -23.36130 -23.60920 -23.64190 -24.28320 -24.38000 -24.66700 -24.03270 -23.39210 -22.78990 -22.06260 -22.35880 -22.44460 -22.23200 -22.40160 -22.78970 -23.00060 -23.53850 -24.32680 -24.99400 -25.07430 -24.74550 -24.41090 -26.29240 -26.68360 -26.06920 -27.37670 -28.50100 -28.80410 -28.60920 -29.52070 -27.59920 -24.32710 -22.34840 -21.46370 -19.35370 -17.55440
-9999 -9999 -9999 -9999 -9999 -9999 -18.45640 -18.75610 -17.75350 -17.28000 -18.78390 -9999 -9999 -9999 -9999 -9999 -20.79390 -20.53830 -20.18790 -20.72350 -20.77740 -18.88960 -21.06930 -21.82830 -21.99020 -21.45270 -21.60300 -22.43590 -22.79130 -23.30860 -23.94480 -23.37220 -22.70000 -23.54890 -23.08160 -22.57700 -23.31770 -24.25970 -23.80520 -24.51770 -24.51270 -25.08380 -24.50210 -23.20140 -22.89440 -22.06250 -21.76090 -21.74690 -22.04070 -22.22430 -22.23940 -22.99090 -23.41650 -23.90020 -24.28240 -24.25830 -24.53890 -25.12160 -25.86330 -26.54890 -27.54900 -28.45520 -28.96690 -29.66360 -30.38010 -28.39270 -25.09990 -22.31240 -21.40260 -20.16550 -18.86080
-9999 -9999 -9999 -9999 -9999 -9999 -9999 -9999 -9999 -9999 -9999 -9999 -9999 -9999 -9999 -9999 -9999 -9999 -9999 -20.07650 -20.23050 -19.36000 -20.34830 -20.72440 -21.09910 -21.17020 -21.64780 -21.22280 -21.75940 -23.07240 -23.40230 -22.80110 -23.23510 -23.07480 -23.03510 -22.82170 -22.76760 -23.60410 -23.74000 -24.53120 -24.73690 -24.51030 -23.87970 -22.98910 -22.65740 -21.94280 -21.13770 -21.11870 -21.30990 -21.50520 -21.72530 -22.09270 -22.65800 -22.66830 -23.37020 -23.75450 -24.03110 -24.31240 -25.32860 -26.07420 -27.94610 -27.81110 -28.29470 -29.45000 -29.72010 -26.36480 -23.87630 -21.88260 -20.95450 -20.94930 -19.75420
-9999 -9999 -9999 -9999 -9999 -9999 -9999 -9999 -9999 -9999 -9999 -9999 -9999 -9999 -9999 -9999 -9999 -9999 -19.34960 -19.62780 -19.33210 -19.16260 -19.42430 -19.60850 -19.89100 -20.37500 -20.55250 -21.13710 -22.08880 -22.81570 -22.81490 -23.12850 -23.30760 -23.04690 -22.71320 -22.29940 -22.73300 -22.76090 -23.66380 -24.12920 -24.34450 -23.70610 -23.45800 -23.21580 -22.70020 -22.37610 -21.26550 -20.54410 -20.13120 -20.41450 -20.55110 -21.12840 -21.42220 -22.16140 -22.98410 -22.80880 -23.19590 -24.91140 -26.16580 -25.64970 -25.55570 -25.36920 -26.36720 -27.06310 -27.66780 -24.93410 -22.87360 -21.20840 -20.11800 -19.24040 -18.55330
-9999 -9999 -9999 -9999 -9999 -9999 -9999 -9999 -9999 -9999 -9999 -9999 -9999 -9999 -9999 -9999 -9999 -18.84070 -18.92170 -18.28150 -18.58120 -18.79850 -18.95140 -19.09830 -19.19240 -19.78420 -20.17530 -21.07050 -22.40650 -22.73160 -22.82170 -22.52340 -22.70530 -21.92380 -21.67850 -22.47450 -23.18480 -23.10040 -22.88040 -23.44340 -23.42150 -22.91070 -22.93720 -22.26770 -21.93920 -21.21970 -20.58780 -20.46920 -19.33870 -19.33040 -19.18000 -19.76430 -20.53910 -21.59410 -22.17380 -22.34910 -23.17540 -24.51370 -25.20280 -24.62350 -23.25990 -24.30760 -26.94760 -27.18320 -24.53590 -23.22990 -22.39080 -20.35850 -19.29190 -18.32560 -18.75760
-9999 -9999 -9999 -9999 -9999 -9999 -9999 -9999 -9999 -9999 -9999 -9999 -9999 -9999 -9999 -9999 -9999 -18.71420 -18.28200 -18.85400 -18.52420 -18.45180 -18.40820 -18.45990 -17.64510 -18.91090 -19.41110 -20.30530 -20.91950 -21.71760 -21.84770 -21.62110 -21.29920 -20.59580 -21.34220 -21.92590 -22.34640 -22.43760 -23.19080 -22.83560 -22.49280 -21.86600 -21.62960 -21.12800 -20.88990 -19.25900 -18.82540 -20.08410 -19.06220 -17.94610 -18.01560 -18.88300 -19.75240 -20.53300 -21.23240 -22.03520 -23.53630 -23.60610 -23.24020 -22.89230 -23.37180 -24.34860 -24.52780 -24.62170 -25.60860 -23.94090 -21.41010 -21.28690 -18.85520 -17.40940 -16.66960
-9999 -9999 -9999 -9999 -9999 -9999 -9999 -9999 -9999 -9999 -9999 -9999 -9999 -9999 -9999 -9999 -19.81040 -19.37150 -19.15030 -18.69440 -17.78070 -17.20520 -17.66420 -17.33110 -16.40240 -18.18340 -18.45850 -18.36310 -19.33990 -20.43930 -20.63680 -20.32680 -20.48390 -19.68050 -20.09950 -20.47820 -21.09530 -21.57040 -21.99550 -21.12600 -20.55680 -20.52730 -20.67870 -19.91500 -19.44290 -18.50530 -18.16150 -19.41910 -18.59120 -17.07100 -16.88150 -17.97050 -19.17400 -19.86030 -20.57620 -21.31700 -21.73550 -22.26180 -22.06830 -22.66810 -22.19510 -22.51690 -23.43190 -24.96220 -23.17950 -22.04600 -20.73430 -19.22870 -17.03230 -16.30540 -16.17350
-9999 -9999 -9999 -9999 -9999 -9999 -9999 -9999 -9999 -9999 -9999 -9999 -9999 -19.81410 -20.34300 -20.05590 -20.05170 -20.54380 -19.21010 -17.25840 -17.04840 -17.78640 -17.23010 -17.29210 -17.75860 -16.72320 -17.20990 -17.60030 -17.96290 -18.16940 -18.58190 -18.98820 -19.16580 -19.27990 -19.53310 -19.91160 -19.71120 -19.36520 -19.49710 -19.41120 -19.21850 -18.87060 -18.83220 -18.17790 -18.20030 -18.25650 -18.12370 -17.77850 -17.52620 -17.27930 -17.45130 -18.15630 -18.94270 -18.83340 -19.52330 -20.44540 -20.58270 -20.39760 -20.31780 -20.52120 -20.62450 -20.61410 -20.69860 -20.29400 -19.17560 -17.54850 -16.91120 -16.27160 -15.83630 -15.37690 -15.71560
-9999 -9999 -9999 -9999 -9999 -9999 -9999 -9999 -9999 -9999 -9999 -9999 -19.07100 -19.66620 -20.05380 -19.82000 -19.47190 -19.07810 -18.77570 -16.04640 -16.94810 -16.56300 -16.38440 -16.54010 -16.78860 -15.75160 -16.04130 -16.30510 -16.74930 -16.96400 -17.38150 -17.90810 -18.25270 -18.52610 -18.70580 -18.78930 -18.56820 -17.93550 -17.75650 -17.37320 -17.80560 -17.72330 -17.87090 -17.44230 -17.69270 -17.84140 -17.49210 -17.32200 -17.38830 -17.35810 -17.43400 -17.67330 -18.30410 -18.32250 -18.58680 -18.87990 -18.99810 -19.75450 -20.27590 -20.04880 -20.04470 -19.14990 -18.82690 -18.82120 -17.70540 -16.17640 -15.75480 -15.22420 -14.69230 -15.25870 -15.91030
-9999 -9999 -9999 -9999 -9999 -9999 -9999 -9999 -9999 -9999 -9999 -20.50920 -20.20050 -20.41270 -19.53000 -18.52470 -18.13220 -17.61150 -17.22590 -17.04450 -16.63220 -15.64840 -15.54790 -15.67660 -15.92470 -16.28450 -16.54890 -15.72210 -15.39240 -15.78020 -16.64550 -17.31780 -17.67450 -17.96360 -17.87480 -18.36170 -18.45050 -17.59490 -16.11930 -15.83130 -15.95690 -16.38320 -16.33180 -16.38180 -16.64180 -16.98600 -16.79010 -16.77710 -16.74840 -16.92810 -17.09580 -18.42790 -18.42390 -18.71340 -18.71390 -18.39230 -17.80670 -18.32440 -17.51530 -17.18260 -17.36750 -16.47040 -16.24940 -16.04600 -15.73730 -15.09860 -14.79660 -14.07900 -14.45320 -15.03420 -15.90150
-9999 -9999 -9999 -9999 -9999 -9999 -9999 -9999 -9999 -9999 -19.74740 -20.02560 -19.09350 -19.67840 -18.62710 -17.95660 -17.69300 -17.30350 -17.17790 -16.92130 -16.43550 -15.32670 -15.11390 -15.02410 -15.07250 -15.52200 -15.77860 -14.72610 -14.86240 -15.48080 -16.00260 -16.70090 -17.11140 -17.34100 -17.48960 -18.07370 -17.92320 -16.86070 -15.47340 -15.10290 -14.91980 -14.94010 -14.57500 -15.33320 -15.66250 -15.81780 -15.88680 -16.04050 -16.30670 -16.38050 -16.66380 -18.15760 -17.62850 -17.78920 -17.61570 -17.25840 -17.42870 -16.98170 -15.76830 -15.63930 -15.76960 -15.48690 -15.27900 -15.16930 -14.74960 -14.32900 -13.72830 -13.32070 -13.91310 -15.10880 -15.48940
-9999 -9999 -9999 -9999 -9999 -9999 -9999 -9999 -9999 -17.49750 -17.77020 -18.03480 -18.18920 -18.17920 -17.92080 -17.88600 -17.72440 -17.26250 -16.30340 -15.97910 -15.60970 -15.50680 -15.40920 -14.72210 -14.85910 -14.58790 -14.51140 -14.91670 -15.29450 -15.55940 -15.51820 -16.88110 -17.43760 -18.23520 -18.72290 -18.62820 -18.34620 -16.35720 -15.35570 -13.96460 -13.47960 -13.18580 -13.21300 -13.54760 -13.90230 -14.36440 -14.34270 -15.40150 -15.66700 -15.73860 -16.01960 -16.98400 -17.62050 -19.02530 -19.00520 -15.42730 -14.54500 -13.94450 -14.02730 -14.19450 -14.56050 -14.55230 -14.41440 -14.20620 -13.76550 -13.65740 -13.25720 -13.55890 -13.76710 -13.88140 -12.98380
-9999 -9999 -9999 -9999 -9999 -9999 -9999 -9999 -9999 -9999 -17.09970 -17.26780 -17.43330 -17.12490 -16.62520 -17.27850 -17.43510 -16.98590 -16.55960 -16.22500 -16.25750 -15.66210 -15.25830 -9999 -9999 -9999 -9999 -9999 -9999 -15.17210 -15.37180 -16.16880 -16.76450 -17.67340 -18.49210 -18.29070 -17.47380 -15.63970 -14.40770 -13.06900 -12.52950 -12.12010 -11.99500 -12.49530 -12.90110 -13.49290 -13.78020 -14.47320 -14.94380 -14.92400 -15.30980 -16.06350 -16.95720 -18.34440 -18.23370 -14.32490 -13.29370 -12.97270 -13.04680 -13.20080 -13.47080 -13.83530 -13.80920 -13.64810 -14.59870 -13.19130 -13.39600 -13.40240 -15.20220 -13.80920 -13.40640
-9999 -9999 -9999 -9999 -9999 -9999 -9999 -9999 -9999 -9999 -9999 -9999 -16.64490 -16.34350 -16.54400 -15.08550 -15.54890 -15.32270 -15.29420 -9999 -9999 -9999 -9999 -9999 -9999 -9999 -9999 -9999 -9999 -9999 -9999 -9999 -9999 -16.28600 -17.68550 -16.64960 -15.97810 -14.19480 -12.70600 -11.92830 -11.43480 -10.94900 -10.99330 -11.44060 -11.88620 -12.33380 -12.67170 -13.03130 -13.25650 -13.78400 -14.18630 -16.36730 -16.55700 -16.35610 -15.84330 -13.33200 -13.01430 -12.59330 -12.13300 -12.18350 -12.73560 -13.48120 -13.80410 -13.43090 -12.99050 -12.46620 -12.84550 -12.73190 -12.71430 -11.18910 -10.46800
-9999 -9999 -9999 -9999 -9999 -9999 -9999 -9999 -9999 -9999 -9999 -9999 -9999 -9999 -9999 -9999 -9999 -9999 -9999 -9999 -9999 -9999 -9999 -9999 -9999 -9999 -9999 -9999 -9999 -9999 -9999 -9999 -9999 -9999 -15.98150 -15.81350 -13.78320 -12.94810 -11.61350 -10.77640 -10.45610 -10.31770 -10.19950 -10.27810 -10.87130 -11.46620 -11.86550 -12.07020 -12.48270 -12.95640 -13.58860 -15.57280 -15.85700 -15.54890 -15.12470 -12.30900 -12.21080 -12.59550 -12.12150 -11.76640 -12.26390 -13.17770 -12.89120 -12.43860 -11.78640 -11.83840 -12.29750 -12.25590 -12.60890 -10.75950 -8.52593
