data/hydroclimate-scenarios/BCSD_hadcm_B1/monthly_summaries/vpd_monthly_avg_apr.2070-2099.asc
ncols	311
nrows	91
xllcenter	102.75
yllcenter	31.75
cellsize	0.5
NODATA_value	-9999
[rows 0 to 32 of 91, columns 73 to 145 of 311]
-9999 -9999 -9999 -9999 -9999 -9999 -9999 -9999 -9999 -9999 -9999 -9999 -9999 -9999 -9999 -9999 -9999 -9999 -9999 -9999 -9999 -9999 -9999 -9999 -9999 -9999 -9999 -9999 -9999 -9999 -9999 -9999 -9999 -9999 -9999 -9999 -9999 -9999 -9999 -9999 -9999 -9999 -9999 -9999 -9999 -9999 -9999 -9999 -9999 -9999 -9999 -9999 -9999 -9999 -9999 -9999 -9999 -9999 -9999 -9999 -9999 -9999 -9999 -9999 -9999 -9999 -9999 -9999 -9999 -9999 -9999 -9999 -9999
-9999 -9999 -9999 -9999 -9999 -9999 -9999 -9999 -9999 -9999 -9999 -9999 -9999 -9999 -9999 -9999 -9999 -9999 -9999 -9999 -9999 -9999 -9999 -9999 -9999 -9999 -9999 -9999 -9999 -9999 -9999 -9999 -9999 -9999 -9999 -9999 -9999 -9999 -9999 -9999 -9999 -9999 -9999 -9999 -9999 -9999 -9999 -9999 -9999 -9999 -9999 -9999 -9999 -9999 -9999 -9999 -9999 -9999 -9999 -9999 -9999 -9999 -9999 -9999 -9999 -9999 -9999 -9999 -9999 -9999 -9999 -9999 -9999
-9999 -9999 -9999 -9999 -9999 -9999 -9999 -9999 -9999 -9999 -9999 -9999 -9999 -9999 -9999 -9999 -9999 -9999 -9999 -9999 -9999 -9999 -9999 -9999 -9999 -9999 -9999 -9999 -9999 -9999 -9999 -9999 -9999 -9999 -9999 -9999 -9999 -9999 -9999 -9999 -9999 -9999 -9999 -9999 -9999 -9999 -9999 -9999 -9999 -9999 -9999 -9999 -9999 -9999 -9999 -9999 -9999 -9999 -9999 -9999 -9999 -9999 -9999 -9999 -9999 -9999 -9999 -9999 -9999 -9999 -9999 -9999 -9999
-9999 -9999 -9999 -9999 -9999 -9999 -9999 -9999 -9999 -9999 -9999 -9999 -9999 -9999 -9999 -9999 -9999 -9999 -9999 -9999 -9999 -9999 -9999 -9999 -9999 -9999 -9999 -9999 -9999 -9999 -9999 -9999 -9999 -9999 -9999 -9999 -9999 -9999 -9999 -9999 -9999 -9999 -9999 -9999 -9999 -9999 -9999 -9999 -9999 -9999 -9999 -9999 -9999 -9999 -9999 -9999 -9999 -9999 -9999 -9999 -9999 -9999 -9999 -9999 -9999 -9999 -9999 -9999 -9999 -9999 -9999 -9999 -9999
-9999 -9999 -9999 -9999 -9999 -9999 -9999 -9999 -9999 -9999 -9999 -9999 -9999 -9999 -9999 -9999 -9999 -9999 -9999 -9999 -9999 -9999 -9999 -9999 -9999 -9999 -9999 -9999 -9999 -9999 -9999 -9999 -9999 -9999 -9999 -9999 -9999 -9999 -9999 -9999 -9999 -9999 -9999 -9999 -9999 -9999 -9999 -9999 -9999 -9999 -9999 -9999 -9999 -9999 -9999 -9999 -9999 -9999 -9999 -9999 -9999 -9999 -9999 -9999 -9999 -9999 -9999 -9999 -9999 -9999 -9999 -9999 -9999
-9999 -9999 -9999 -9999 -9999 -9999 -9999 -9999 -9999 -9999 -9999 -9999 -9999 -9999 -9999 -9999 -9999 -9999 -9999 -9999 -9999 -9999 -9999 -9999 -9999 -9999 -9999 -9999 -9999 -9999 -9999 -9999 -9999 -9999 -9999 -9999 -9999 -9999 -9999 -9999 -9999 -9999 -9999 -9999 -9999 -9999 -9999 -9999 -9999 -9999 -9999 -9999 -9999 -9999 -9999 -9999 -9999 -9999 -9999 -9999 -9999 -9999 -9999 -9999 -9999 -9999 -9999 -9999 -9999 -9999 -9999 -9999 -9999
-9999 -9999 -9999 -9999 -9999 -9999 -9999 -9999 -9999 -9999 -9999 -9999 -9999 -9999 -9999 -9999 -9999 -9999 -9999 -9999 -9999 -9999 -9999 -9999 -9999 -9999 -9999 -9999 -9999 -9999 -9999 -9999 -9999 -9999 -9999 -9999 -9999 -9999 -9999 -9999 -9999 -9999 -9999 -9999 -9999 -9999 -9999 -9999 -9999 -9999 -9999 -9999 -9999 -9999 -9999 -9999 -9999 -9999 -9999 -9999 -9999 -9999 -9999 -9999 -9999 -9999 -9999 -9999 -9999 -9999 -9999 -9999 -9999
-9999 -9999 -9999 -9999 -9999 -9999 -9999 -9999 -9999 -9999 -9999 -9999 -9999 -9999 -9999 -9999 -9999 -9999 -9999 -9999 -9999 -9999 -9999 -9999 -9999 -9999 -9999 -9999 -9999 -9999 -9999 -9999 -9999 -9999 -9999 -9999 -9999 -9999 -9999 -9999 -9999 -9999 -9999 -9999 -9999 -9999 -9999 -9999 -9999 -9999 -9999 -9999 -9999 -9999 -9999 -9999 -9999 -9999 -9999 -9999 -9999 -9999 -9999 -9999 -9999 -9999 -9999 -9999 -9999 -9999 -9999 -9999 -9999
-9999 -9999 -9999 -9999 0.10471 -9999 -9999 -9999 -9999 -9999 -9999 -9999 -9999 -9999 -9999 -9999 -9999 -9999 -9999 -9999 -9999 -9999 -9999 -9999 -9999 -9999 -9999 -9999 -9999 -9999 -9999 -9999 -9999 -9999 -9999 -9999 -9999 -9999 -9999 -9999 -9999 -9999 -9999 -9999 -9999 -9999 -9999 -9999 -9999 -9999 -9999 -9999 -9999 -9999 -9999 -9999 -9999 -9999 -9999 -9999 -9999 -9999 -9999 -9999 -9999 -9999 -9999 -9999 -9999 -9999 -9999 -9999 -9999
0.12308 0.12204 0.11666 0.10994 0.11001 0.10757 0.10739 0.10288 0.09987 0.09700 0.09174 0.08954 0.08648 0.08385 0.08151 0.08030 0.07936 0.07798 0.07654 0.07695 -9999 -9999 -9999 -9999 -9999 -9999 -9999 -9999 -9999 -9999 -9999 -9999 -9999 -9999 -9999 -9999 -9999 -9999 -9999 -9999 -9999 -9999 -9999 -9999 -9999 -9999 -9999 -9999 -9999 -9999 -9999 -9999 -9999 -9999 -9999 -9999 -9999 -9999 -9999 -9999 -9999 -9999 -9999 -9999 -9999 -9999 -9999 -9999 -9999 -9999 -9999 -9999 -9999
-9999 -9999 0.13002 0.12642 0.12076 0.11903 0.11517 0.11244 0.10668 0.10225 0.09748 0.09480 0.09335 0.09004 0.08676 0.08348 0.08099 0.07899 0.07903 0.07933 -9999 -9999 -9999 -9999 -9999 -9999 -9999 -9999 -9999 -9999 -9999 -9999 -9999 -9999 -9999 -9999 -9999 -9999 -9999 -9999 -9999 -9999 -9999 -9999 -9999 -9999 -9999 -9999 -9999 -9999 -9999 -9999 -9999 -9999 -9999 -9999 -9999 -9999 -9999 -9999 -9999 -9999 -9999 -9999 -9999 -9999 -9999 -9999 -9999 -9999 -9999 -9999 -9999
0.14620 0.14511 0.14102 0.13648 0.13113 0.12941 0.12552 0.12285 0.11440 0.11101 0.10604 0.10267 0.09894 0.09502 0.09142 0.08854 0.08565 0.08324 0.08411 0.08327 0.08488 0.08542 0.08730 0.08872 0.09030 0.09281 -9999 -9999 -9999 -9999 -9999 -9999 -9999 -9999 -9999 -9999 -9999 -9999 -9999 -9999 -9999 -9999 -9999 -9999 -9999 -9999 -9999 -9999 -9999 -9999 -9999 -9999 -9999 -9999 -9999 -9999 -9999 -9999 -9999 -9999 -9999 -9999 -9999 -9999 -9999 -9999 -9999 -9999 -9999 -9999 -9999 -9999 -9999
0.16084 0.15728 0.15603 0.14964 0.14640 0.14209 0.13935 0.13651 0.12600 0.12126 0.11558 0.11076 0.10565 0.10156 0.09998 0.09532 0.09100 0.08650 0.08808 0.08750 0.08637 0.08876 0.09069 0.09361 0.09424 0.09643 0.09760 0.09999 0.10268 0.10391 0.10523 0.10546 0.10622 0.10572 0.10680 0.10675 0.10706 0.10701 0.10596 0.10525 0.10377 -9999 -9999 -9999 -9999 -9999 -9999 -9999 -9999 -9999 -9999 -9999 -9999 -9999 -9999 -9999 -9999 -9999 -9999 -9999 -9999 -9999 -9999 -9999 -9999 -9999 -9999 -9999 -9999 -9999 -9999 -9999 -9999
0.16886 0.16312 0.15785 0.15868 0.15687 0.15496 0.15040 0.14550 0.13531 0.13167 0.12423 0.12037 0.11429 0.10999 0.10818 0.10359 0.10001 0.09447 0.09176 0.08790 0.08935 0.09132 0.09324 0.09787 0.10153 0.10239 0.10211 0.10095 0.10522 0.10564 0.11125 0.11084 0.11262 0.11191 0.11134 0.11327 0.11302 0.11190 0.11036 0.11086 0.10907 0.10935 -9999 -9999 -9999 -9999 -9999 -9999 -9999 -9999 -9999 -9999 -9999 -9999 -9999 -9999 -9999 -9999 -9999 -9999 -9999 -9999 -9999 -9999 -9999 -9999 -9999 -9999 -9999 -9999 -9999 -9999 -9999
0.15355 0.13501 0.14839 0.14846 0.14322 0.14461 0.13572 0.14395 0.13075 0.13092 0.12902 0.12669 0.12169 0.11893 0.11277 0.10975 0.10789 0.10166 0.09778 0.09580 0.09546 0.09664 0.09914 0.09398 0.09987 0.10372 0.10534 0.10469 0.10852 0.10870 0.11164 0.11188 0.11202 0.11129 0.11034 0.11090 0.11014 0.11112 0.10942 0.10936 0.10982 0.11039 -9999 -9999 -9999 -9999 -9999 -9999 -9999 -9999 -9999 -9999 -9999 -9999 -9999 -9999 -9999 0.09999 0.09721 -9999 -9999 -9999 -9999 0.08605 0.07587 0.06903 0.07104 0.08083 0.08462 0.08226 0.08029 0.07869 0.08018
0.15572 0.14244 0.15830 0.16723 0.16102 0.15006 0.14294 0.13827 0.14417 0.14223 0.13605 0.13043 0.12395 0.12718 0.12074 0.11801 0.11469 0.11416 0.10810 0.10496 0.10226 0.10918 0.11056 0.10997 0.10985 0.11050 0.11153 0.11268 0.11446 0.11666 0.11779 0.11923 0.11858 0.11781 0.11709 0.11720 0.11685 0.11709 0.11591 0.11679 0.11550 0.11528 0.11778 0.11579 0.11409 0.11239 0.10109 0.09466 0.09760 0.09370 0.09210 0.09540 0.09165 0.08918 0.10121 0.10027 0.09921 0.09734 0.09688 -9999 -9999 -9999 -9999 -9999 0.08567 0.08020 0.07583 0.07248 0.07191 0.07485 0.07059 0.07278 0.07337
0.15373 0.13611 0.14826 0.16114 0.16138 0.16008 0.16377 0.16772 0.16384 0.15658 0.15006 0.14530 0.13905 0.13300 0.12867 0.12491 0.12250 0.12052 0.11878 0.11692 0.11813 0.11881 0.11761 0.11803 0.11789 0.11597 0.11484 0.11688 0.11819 0.11941 0.12095 0.12181 0.12091 0.12095 0.11992 0.12042 0.11887 0.11782 0.12020 0.11928 0.12144 0.11962 0.11733 0.11855 0.11585 0.11450 0.10188 0.09679 0.10304 0.10768 0.09945 0.08631 0.07866 0.08785 0.08205 0.07914 0.08184 0.08632 0.08702 0.08401 0.09042 0.09445 0.09592 0.09310 0.09061 0.09161 0.08177 0.07811 0.06959 0.07204 0.06775 0.06221 0.06296
0.17102 0.13876 0.13078 0.14476 0.15349 0.14878 0.18108 0.17932 0.17432 0.16687 0.16036 0.15568 0.15031 0.14416 0.13863 0.13355 0.13261 0.12389 0.12123 0.12677 0.12656 0.12522 0.12438 0.12437 0.12400 0.12501 0.12389 0.12486 0.12446 0.12586 0.12779 0.12804 0.12597 0.12625 0.12561 0.12611 0.12550 0.12559 0.12665 0.12344 0.12628 0.12736 0.12439 0.12252 0.12089 0.12147 0.12078 0.11623 0.11097 0.11365 0.10397 0.10172 0.09217 0.08226 0.07830 0.07887 0.07934 0.07650 0.07922 0.07044 0.07897 0.08848 0.09364 0.09395 0.09378 0.09288 0.08647 0.07694 0.06656 0.06607 0.06375 0.06073 0.05855
0.13808 0.18336 0.16302 0.17613 0.18092 0.15836 0.16857 0.17659 0.17559 0.17536 0.16994 0.16444 0.16144 0.15744 0.15283 0.14711 0.14187 0.12089 0.12156 0.12279 0.12388 0.12978 0.12994 0.13155 0.13204 0.12964 0.12906 0.13031 0.13063 0.13055 0.13136 0.13112 0.13164 0.13218 0.13188 0.12902 0.12991 0.12602 0.12744 0.12971 0.11723 0.11447 0.11620 0.12569 0.12884 0.13070 0.12977 0.11835 0.11201 0.10812 0.10464 0.10253 0.09912 0.10049 0.09485 0.08319 0.07970 0.07564 0.07262 0.06694 0.06339 0.07191 0.07567 0.07974 0.07966 0.07851 0.07769 0.07303 0.06985 0.07016 0.06653 0.06192 0.06117
0.12844 0.12954 0.15400 0.18433 0.18409 0.16429 0.15719 0.17458 0.13540 0.13950 0.14483 0.15987 0.16476 0.16342 0.16102 0.15812 0.15003 0.13556 0.12816 0.13234 0.13348 0.13631 0.13835 0.13962 0.13909 0.13901 0.13844 0.13859 0.13862 0.13590 0.13115 0.13560 0.13726 0.13294 0.13139 0.12810 0.12905 0.12169 0.12330 0.12679 0.12934 0.12540 0.11664 0.11481 0.12120 0.12432 0.13073 0.11797 0.11112 0.10931 0.10568 0.10963 0.09773 0.09027 0.08422 0.07506 0.08170 0.08683 0.08328 0.08247 0.07921 0.07162 0.06625 0.07430 0.06840 0.07334 0.07595 0.07474 0.07460 0.08179 0.07848 0.06935 0.06748
0.13068 0.11992 0.11280 0.14910 0.16799 0.17648 0.17379 0.17924 0.15337 0.12248 0.10387 0.09262 0.11929 0.13917 0.15043 0.16026 0.16180 0.15848 0.15511 0.15338 0.14799 0.15069 0.14654 0.14646 0.14511 0.14336 0.14227 0.13876 0.13961 0.13625 0.13266 0.13146 0.14027 0.13339 0.12810 0.11970 0.12892 0.12972 0.12422 0.12283 0.12734 0.12632 0.12039 0.12599 0.12394 0.12293 0.12609 0.12789 0.12697 0.11737 0.11130 0.10832 0.10501 0.10082 0.08916 0.08151 0.08569 0.07343 0.07547 0.07768 0.07810 0.08110 0.08401 0.08227 0.07940 0.07573 0.07935 0.07985 0.08414 0.08814 0.08593 0.07858 0.07186
0.11584 0.11323 0.11709 0.11986 0.12098 0.12833 0.14528 0.16927 0.18709 0.16208 0.14235 0.12502 0.10800 0.10507 0.10551 0.11319 0.13171 0.13791 0.15100 0.15144 0.15353 0.15280 0.15374 0.15083 0.15073 0.14887 0.13997 0.13520 0.14390 0.12420 0.12005 0.12063 0.12850 0.12754 0.12727 0.12434 0.12776 0.12467 0.12582 0.12422 0.13246 0.12156 0.12102 0.11679 0.11444 0.11529 0.11947 0.11837 0.10767 0.10314 0.09428 0.09256 0.09235 0.09184 0.07999 0.08650 0.08735 0.07678 0.08112 0.08174 0.08090 0.08990 0.08735 0.08628 0.07879 0.08275 0.08583 0.08689 0.09451 0.09705 0.09003 0.07477 0.07776
0.11946 0.12389 0.11739 0.11061 0.11783 0.12741 0.12663 0.14592 0.15006 0.14349 0.14238 0.14960 0.14664 0.14015 0.12582 0.10959 0.10285 0.10888 0.11692 0.12268 0.14074 0.15202 0.16018 0.15834 0.15671 0.14748 0.13329 0.13429 0.13369 0.13290 0.12127 0.12762 0.12114 0.13999 0.13866 0.13367 0.12093 0.12392 0.13338 0.13895 0.13285 0.12636 0.10947 0.10738 0.10455 0.10892 0.10826 0.09684 0.08898 0.09259 0.08665 0.07750 0.08268 0.07612 0.08721 0.07888 0.08816 0.09323 0.09127 0.09452 0.09201 0.09248 0.08742 0.09343 0.09920 0.10083 0.09606 0.09640 0.10064 0.09938 0.08672 0.07908 0.09001
0.15158 0.15434 0.13227 0.11716 0.12099 0.11809 0.12199 0.13840 0.16260 0.11567 0.11962 0.13289 0.10833 0.09768 0.09698 0.15494 0.11961 0.09103 0.09486 0.10191 0.11495 0.15558 0.16746 0.16629 0.16397 0.15389 0.14429 0.14510 0.13775 0.13588 0.13634 0.13860 0.15406 0.14717 0.13825 0.13850 0.12991 0.12614 0.11748 0.12686 0.12684 0.12099 0.13682 0.13583 0.12273 0.11264 0.10383 0.09665 0.09080 0.09474 0.09401 0.09106 0.08254 0.08031 0.08512 0.08218 0.09352 0.09634 0.10484 0.10434 0.09870 0.09322 0.10631 0.10994 0.10976 0.11125 0.10907 0.10525 0.10374 0.10391 0.09754 0.09788 0.09602
0.16234 0.16549 0.15317 0.14840 0.14778 0.13973 0.14221 0.13719 0.14144 0.13474 0.13503 0.14163 0.11843 0.11148 0.09774 0.10684 0.12197 0.13179 0.11886 0.11484 0.12471 0.12957 0.15151 0.16859 0.16934 0.16521 0.15726 0.15866 0.14726 0.15091 0.15519 0.14934 0.15039 0.15047 0.14897 0.14622 0.14010 0.13234 0.11625 0.11584 0.11408 0.11613 0.13824 0.13848 0.12570 0.11619 0.10699 0.09615 0.09119 0.09626 0.09843 0.08538 0.09306 0.09489 0.09500 0.09803 0.08725 0.09606 0.10070 0.10387 0.10632 0.11367 0.11673 0.11568 0.11287 0.10957 0.09933 0.10317 0.10640 0.10529 0.10217 0.10055 0.09569
0.15323 0.15251 0.15474 0.16383 0.16568 0.16636 0.16583 0.16792 0.14802 0.12874 0.13716 0.14860 0.14723 0.12998 0.12364 0.11932 0.10261 0.11046 0.12110 0.13764 0.14556 0.14034 0.13469 0.14278 0.16438 0.16293 0.15585 0.14648 0.15239 0.15073 0.16609 0.15914 0.15302 0.14005 0.14037 0.12594 0.13407 0.11719 0.10171 0.11220 0.11302 0.10025 0.11016 0.12284 0.12125 0.11556 0.11463 0.10602 0.09784 0.10836 0.11146 0.11240 0.11380 0.11078 0.10631 0.09794 0.10243 0.09503 0.10534 0.10534 0.10666 0.11004 0.11477 0.11696 0.11430 0.11176 0.10478 0.09739 0.09741 0.10063 0.10307 0.09272 0.08999
0.13787 0.13417 0.14735 0.14974 0.16375 0.16847 0.17671 0.15947 0.15858 0.14763 0.12184 0.13437 0.15281 0.15333 0.13279 0.11999 0.10874 0.10970 0.11907 0.12226 0.12726 0.13659 0.14027 0.14787 0.14318 0.15499 0.16293 0.15120 0.16360 0.15508 0.16307 0.13822 0.13348 0.14738 0.13343 0.11730 0.12248 0.12630 0.11078 0.10506 0.10336 0.10984 0.11148 0.11257 0.11597 0.11240 0.11135 0.10332 0.10231 0.09991 0.10071 0.09741 0.09676 0.09732 0.09952 0.10777 0.11190 0.11619 0.11688 0.11307 0.11243 0.11360 0.11207 0.11265 0.11169 0.10856 0.09489 0.08938 0.08989 0.09337 0.09659 0.09667 0.09950
0.14114 0.13682 0.13668 0.15841 0.16234 0.18194 0.17519 0.18116 0.19654 0.18167 0.16015 0.13570 0.14055 0.14150 0.13320 0.14114 0.13374 0.13731 0.11184 0.12868 0.13803 0.14319 0.14749 0.14037 0.12747 0.14536 0.15923 0.16703 0.14726 0.15355 0.15389 0.13768 0.12635 0.14213 0.13348 0.12475 0.11373 0.11365 0.11333 0.10931 0.11264 0.10972 0.11472 0.11078 0.12551 0.11739 0.10817 0.10824 0.10540 0.10326 0.10538 0.10962 0.10516 0.11034 0.10853 0.11195 0.11682 0.11728 0.11663 0.11359 0.11297 0.10903 0.09488 0.09878 0.09575 0.09522 0.09229 0.09808 0.09560 0.09505 0.09549 0.08906 0.08346
0.15360 0.13975 0.13559 0.12604 0.13221 0.15862 0.15867 0.16494 0.17803 0.16296 0.17013 0.15542 0.13004 0.14308 0.15478 0.15821 0.14790 0.14604 0.15058 0.13283 0.13111 0.14532 0.15903 0.17025 0.15557 0.16067 0.18175 0.16873 0.16682 0.16050 0.14878 0.14013 0.13066 0.12705 0.13336 0.11889 0.10872 0.10044 0.11591 0.11672 0.10883 0.12244 0.13036 0.13445 0.14358 0.15026 0.14123 0.14128 0.13824 0.13526 0.13163 0.12192 0.11339 0.11109 0.11160 0.11859 0.11837 0.11870 0.11499 0.11430 0.10348 0.09029 0.08419 0.08682 0.08502 0.08661 0.09087 0.09560 0.09321 0.09365 0.08699 0.08738 0.09361
0.16189 0.16324 0.14149 0.13773 0.11706 0.13028 0.14882 0.13574 0.13308 0.14060 0.15271 0.13741 0.13772 0.14931 0.14369 0.14801 0.15978 0.15650 0.15011 0.13558 0.11958 0.14411 0.16444 0.16542 0.14507 0.15259 0.15492 0.14201 0.15492 0.15904 0.14319 0.13533 0.12748 0.13131 0.12568 0.12671 0.11360 0.11159 0.12397 0.14040 0.12835 0.14035 0.16102 0.15939 0.15390 0.14665 0.13292 0.13663 -9999 -9999 0.13456 0.12773 0.12766 0.11900 0.11611 0.11784 0.11950 0.11312 0.11166 0.09852 0.08749 0.07825 0.08194 0.07676 0.07382 0.07203 0.08714 0.09292 0.09111 0.09829 0.09051 0.09596 0.10286
0.17282 0.15608 0.15316 0.15612 0.13463 0.15255 0.14117 0.13227 0.13163 0.14060 0.13352 0.12898 0.14017 0.14722 0.13460 0.14670 0.15533 0.14068 0.14329 0.15198 0.14973 0.14366 0.12208 0.13699 0.13472 0.14693 0.14077 0.14398 0.13592 0.15347 0.14175 0.12991 0.12601 0.12484 0.11938 0.14363 0.16100 -9999 -9999 -9999 -9999 0.17605 -9999 0.14121 0.12270 0.13336 0.13607 0.15326 -9999 -9999 0.13006 0.12703 0.12853 0.12602 0.12946 0.12382 0.11789 0.10991 0.10700 0.10240 0.09570 0.09150 0.09712 0.07471 0.07256 0.07627 0.09695 0.10060 0.10227 0.11305 -9999 -9999 -9999
0.17523 0.15932 0.16391 0.18357 0.14624 0.15821 0.18040 0.17147 0.17302 0.16596 0.14844 0.13950 0.14481 0.16774 0.15079 0.14032 0.13464 0.13984 0.13052 0.14730 0.14037 0.14432 0.13475 0.14208 0.13711 0.13332 0.13368 0.13604 0.13154 0.13093 0.12618 0.12865 0.11936 0.13471 0.14628 -9999 -9999 -9999 -9999 -9999 -9999 -9999 0.15831 0.15158 0.15077 -9999 -9999 -9999 -9999 -9999 0.14328 0.13498 0.11756 0.12100 0.11504 0.12036 0.12364 0.11359 0.12428 0.12135 0.11274 0.10470 0.11058 0.11114 0.10039 0.08612 0.10178 0.11790 -9999 -9999 -9999 -9999 -9999
0.16675 0.17430 0.18402 0.19927 0.19509 0.16592 0.19496 0.20888 0.19334 0.19404 0.17155 0.18880 0.18517 0.18571 0.16735 0.15642 0.15746 0.14997 0.15303 0.14907 0.14648 0.12759 0.12739 0.13151 0.12694 0.12592 0.11489 0.11840 0.12391 0.11546 0.12462 0.13352 0.13677 0.16899 -9999 -9999 -9999 -9999 -9999 -9999 -9999 -9999 -9999 0.16683 -9999 -9999 -9999 -9999 0.15484 0.15006 0.14384 0.13102 0.12233 0.13359 0.13641 0.13332 0.12562 0.12849 0.13104 0.12982 0.12945 0.11579 0.11823 0.11307 0.11479 -9999 -9999 -9999 -9999 -9999 -9999 -9999 -9999
