data/hydroclimate-scenarios/BCSD_hadcm_B1/monthly_summaries/vpd_monthly_avg_may.2030-2059.asc
ncols	311
nrows	91
xllcenter	102.75
yllcenter	31.75
cellsize	0.5
NODATA_value	-9999
[rows 0 to 32 of 91, columns 73 to 145 of 311]
-9999 -9999 -9999 -9999 -9999 -9999 -9999 -9999 -9999 -9999 -9999 -9999 -9999 -9999 -9999 -9999 -9999 -9999 -9999 -9999 -9999 -9999 -9999 -9999 -9999 -9999 -9999 -9999 -9999 -9999 -9999 -9999 -9999 -9999 -9999 -9999 -9999 -9999 -9999 -9999 -9999 -9999 -9999 -9999 -9999 -9999 -9999 -9999 -9999 -9999 -9999 -9999 -9999 -9999 -9999 -9999 -9999 -9999 -9999 -9999 -9999 -9999 -9999 -9999 -9999 -9999 -9999 -9999 -9999 -9999 -9999 -9999 -9999
-9999 -9999 -9999 -9999 -9999 -9999 -9999 -9999 -9999 -9999 -9999 -9999 -9999 -9999 -9999 -9999 -9999 -9999 -9999 -9999 -9999 -9999 -9999 -9999 -9999 -9999 -9999 -9999 -9999 -9999 -9999 -9999 -9999 -9999 -9999 -9999 -9999 -9999 -9999 -9999 -9999 -9999 -9999 -9999 -9999 -9999 -9999 -9999 -9999 -9999 -9999 -9999 -9999 -9999 -9999 -9999 -9999 -9999 -9999 -9999 -9999 -9999 -9999 -9999 -9999 -9999 -9999 -9999 -9999 -9999 -9999 -9999 -9999
-9999 -9999 -9999 -9999 -9999 -9999 -9999 -9999 -9999 -9999 -9999 -9999 -9999 -9999 -9999 -9999 -9999 -9999 -9999 -9999 -9999 -9999 -9999 -9999 -9999 -9999 -9999 -9999 -9999 -9999 -9999 -9999 -9999 -9999 -9999 -9999 -9999 -9999 -9999 -9999 -9999 -9999 -9999 -9999 -9999 -9999 -9999 -9999 -9999 -9999 -9999 -9999 -9999 -9999 -9999 -9999 -9999 -9999 -9999 -9999 -9999 -9999 -9999 -9999 -9999 -9999 -9999 -9999 -9999 -9999 -9999 -9999 -9999
-9999 -9999 -9999 -9999 -9999 -9999 -9999 -9999 -9999 -9999 -9999 -9999 -9999 -9999 -9999 -9999 -9999 -9999 -9999 -9999 -9999 -9999 -9999 -9999 -9999 -9999 -9999 -9999 -9999 -9999 -9999 -9999 -9999 -9999 -9999 -9999 -9999 -9999 -9999 -9999 -9999 -9999 -9999 -9999 -9999 -9999 -9999 -9999 -9999 -9999 -9999 -9999 -9999 -9999 -9999 -9999 -9999 -9999 -9999 -9999 -9999 -9999 -9999 -9999 -9999 -9999 -9999 -9999 -9999 -9999 -9999 -9999 -9999
-9999 -9999 -9999 -9999 -9999 -9999 -9999 -9999 -9999 -9999 -9999 -9999 -9999 -9999 -9999 -9999 -9999 -9999 -9999 -9999 -9999 -9999 -9999 -9999 -9999 -9999 -9999 -9999 -9999 -9999 -9999 -9999 -9999 -9999 -9999 -9999 -9999 -9999 -9999 -9999 -9999 -9999 -9999 -9999 -9999 -9999 -9999 -9999 -9999 -9999 -9999 -9999 -9999 -9999 -9999 -9999 -9999 -9999 -9999 -9999 -9999 -9999 -9999 -9999 -9999 -9999 -9999 -9999 -9999 -9999 -9999 -9999 -9999
-9999 -9999 -9999 -9999 -9999 -9999 -9999 -9999 -9999 -9999 -9999 -9999 -9999 -9999 -9999 -9999 -9999 -9999 -9999 -9999 -9999 -9999 -9999 -9999 -9999 -9999 -9999 -9999 -9999 -9999 -9999 -9999 -9999 -9999 -9999 -9999 -9999 -9999 -9999 -9999 -9999 -9999 -9999 -9999 -9999 -9999 -9999 -9999 -9999 -9999 -9999 -9999 -9999 -9999 -9999 -9999 -9999 -9999 -9999 -9999 -9999 -9999 -9999 -9999 -9999 -9999 -9999 -9999 -9999 -9999 -9999 -9999 -9999
-9999 -9999 -9999 -9999 -9999 -9999 -9999 -9999 -9999 -9999 -9999 -9999 -9999 -9999 -9999 -9999 -9999 -9999 -9999 -9999 -9999 -9999 -9999 -9999 -9999 -9999 -9999 -9999 -9999 -9999 -9999 -9999 -9999 -9999 -9999 -9999 -9999 -9999 -9999 -9999 -9999 -9999 -9999 -9999 -9999 -9999 -9999 -9999 -9999 -9999 -9999 -9999 -9999 -9999 -9999 -9999 -9999 -9999 -9999 -9999 -9999 -9999 -9999 -9999 -9999 -9999 -9999 -9999 -9999 -9999 -9999 -9999 -9999
-9999 -9999 -9999 -9999 -9999 -9999 -9999 -9999 -9999 -9999 -9999 -9999 -9999 -9999 -9999 -9999 -9999 -9999 -9999 -9999 -9999 -9999 -9999 -9999 -9999 -9999 -9999 -9999 -9999 -9999 -9999 -9999 -9999 -9999 -9999 -9999 -9999 -9999 -9999 -9999 -9999 -9999 -9999 -9999 -9999 -9999 -9999 -9999 -9999 -9999 -9999 -9999 -9999 -9999 -9999 -9999 -9999 -9999 -9999 -9999 -9999 -9999 -9999 -9999 -9999 -9999 -9999 -9999 -9999 -9999 -9999 -9999 -9999
-9999 -9999 -9999 -9999 0.32404 -9999 -9999 -9999 -9999 -9999 -9999 -9999 -9999 -9999 -9999 -9999 -9999 -9999 -9999 -9999 -9999 -9999 -9999 -9999 -9999 -9999 -9999 -9999 -9999 -9999 -9999 -9999 -9999 -9999 -9999 -9999 -9999 -9999 -9999 -9999 -9999 -9999 -9999 -9999 -9999 -9999 -9999 -9999 -9999 -9999 -9999 -9999 -9999 -9999 -9999 -9999 -9999 -9999 -9999 -9999 -9999 -9999 -9999 -9999 -9999 -9999 -9999 -9999 -9999 -9999 -9999 -9999 -9999
0.29130 0.38068 0.37295 0.34674 0.33505 0.32302 0.31183 0.29882 0.28756 0.27806 0.27442 0.27143 0.26442 0.25842 0.24408 0.24542 0.24244 0.24118 0.24262 0.24766 -9999 -9999 -9999 -9999 -9999 -9999 -9999 -9999 -9999 -9999 -9999 -9999 -9999 -9999 -9999 -9999 -9999 -9999 -9999 -9999 -9999 -9999 -9999 -9999 -9999 -9999 -9999 -9999 -9999 -9999 -9999 -9999 -9999 -9999 -9999 -9999 -9999 -9999 -9999 -9999 -9999 -9999 -9999 -9999 -9999 -9999 -9999 -9999 -9999 -9999 -9999 -9999 -9999
-9999 -9999 0.38726 0.37957 0.36095 0.34790 0.33850 0.32753 0.31290 0.30139 0.28511 0.28362 0.28360 0.27505 0.25780 0.25077 0.24875 0.24229 0.24611 0.24590 -9999 -9999 -9999 -9999 -9999 -9999 -9999 -9999 -9999 -9999 -9999 -9999 -9999 -9999 -9999 -9999 -9999 -9999 -9999 -9999 -9999 -9999 -9999 -9999 -9999 -9999 -9999 -9999 -9999 -9999 -9999 -9999 -9999 -9999 -9999 -9999 -9999 -9999 -9999 -9999 -9999 -9999 -9999 -9999 -9999 -9999 -9999 -9999 -9999 -9999 -9999 -9999 -9999
0.43922 0.43709 0.41606 0.40713 0.38193 0.37465 0.35969 0.35112 0.33431 0.32408 0.31089 0.30383 0.29552 0.28945 0.27330 0.26392 0.26051 0.25611 0.25781 0.25822 0.26737 0.27972 0.28628 0.29494 0.29924 0.31239 -9999 -9999 -9999 -9999 -9999 -9999 -9999 -9999 -9999 -9999 -9999 -9999 -9999 -9999 -9999 -9999 -9999 -9999 -9999 -9999 -9999 -9999 -9999 -9999 -9999 -9999 -9999 -9999 -9999 -9999 -9999 -9999 -9999 -9999 -9999 -9999 -9999 -9999 -9999 -9999 -9999 -9999 -9999 -9999 -9999 -9999 -9999
0.46518 0.45051 0.44489 0.42789 0.41248 0.40283 0.38866 0.37913 0.36316 0.35100 0.34154 0.32725 0.32072 0.30784 0.29545 0.28680 0.27805 0.26588 0.27022 0.26950 0.26804 0.28506 0.29283 0.30915 0.31135 0.31711 0.32446 0.33588 0.34579 0.35006 0.35074 0.35101 0.35427 0.36067 0.36589 0.36164 0.36107 0.35845 0.35224 0.34702 0.33969 -9999 -9999 -9999 -9999 -9999 -9999 -9999 -9999 -9999 -9999 -9999 -9999 -9999 -9999 -9999 -9999 -9999 -9999 -9999 -9999 -9999 -9999 -9999 -9999 -9999 -9999 -9999 -9999 -9999 -9999 -9999 -9999
0.47661 0.46037 0.44123 0.43853 0.43725 0.43181 0.41840 0.40487 0.38958 0.38067 0.36695 0.35597 0.34525 0.33198 0.31832 0.30709 0.30439 0.28894 0.27636 0.26877 0.27961 0.28769 0.29952 0.31475 0.33101 0.33321 0.32963 0.32970 0.34322 0.34894 0.36627 0.36620 0.36919 0.36924 0.37066 0.37807 0.37649 0.37017 0.36268 0.35864 0.35176 0.34712 -9999 -9999 -9999 -9999 -9999 -9999 -9999 -9999 -9999 -9999 -9999 -9999 -9999 -9999 -9999 -9999 -9999 -9999 -9999 -9999 -9999 -9999 -9999 -9999 -9999 -9999 -9999 -9999 -9999 -9999 -9999
0.41733 0.36568 0.40440 0.40248 0.38483 0.38946 0.37722 0.39381 0.37096 0.37204 0.37191 0.36654 0.35931 0.35021 0.33403 0.32509 0.31908 0.30453 0.29576 0.29643 0.30658 0.31354 0.31475 0.29988 0.32458 0.33707 0.34353 0.34634 0.35699 0.36257 0.36499 0.36094 0.37359 0.37732 0.37561 0.37745 0.37377 0.37531 0.36794 0.36562 0.36082 0.35673 -9999 -9999 -9999 -9999 -9999 -9999 -9999 -9999 -9999 -9999 -9999 -9999 -9999 -9999 -9999 0.31516 0.30585 -9999 -9999 -9999 -9999 0.26947 0.23532 0.21269 0.22659 0.25902 0.26294 0.25423 0.24358 0.23175 0.22732
0.42032 0.38347 0.42533 0.45004 0.43820 0.40955 0.39455 0.38519 0.40689 0.40325 0.39289 0.37182 0.35981 0.36830 0.35404 0.35207 0.34539 0.34382 0.32819 0.32209 0.32023 0.35323 0.34868 0.35152 0.35325 0.35593 0.36397 0.36590 0.37196 0.38438 0.38228 0.38487 0.38960 0.38929 0.39509 0.39491 0.38858 0.38920 0.38001 0.37794 0.37154 0.36790 0.36620 0.36012 0.35358 0.34562 0.30206 0.28743 0.29798 0.28423 0.27973 0.28661 0.27864 0.27487 0.31711 0.32232 0.31868 0.31491 0.31160 -9999 -9999 -9999 -9999 -9999 0.27526 0.25410 0.23971 0.22712 0.22073 0.22615 0.20625 0.20904 0.20710
0.42138 0.36793 0.41250 0.44492 0.44060 0.44330 0.45508 0.46916 0.46987 0.45207 0.43746 0.42191 0.40867 0.39859 0.39129 0.37888 0.37667 0.36652 0.36858 0.36602 0.37457 0.37808 0.37342 0.37615 0.38039 0.37574 0.38127 0.38314 0.39477 0.39655 0.39449 0.39952 0.40165 0.39535 0.40362 0.39567 0.38810 0.39090 0.39080 0.38707 0.37909 0.38042 0.36862 0.36422 0.35874 0.35520 0.31466 0.29438 0.31008 0.32152 0.29755 0.25833 0.23761 0.27255 0.25001 0.24590 0.25504 0.27443 0.27429 0.26791 0.29078 0.30752 0.29729 0.29508 0.28613 0.28504 0.26538 0.24509 0.21558 0.21449 0.19591 0.17814 0.17522
0.45755 0.37546 0.36326 0.40215 0.42507 0.41717 0.50698 0.50470 0.49995 0.47771 0.46950 0.44780 0.44093 0.42079 0.41718 0.41074 0.40460 0.38012 0.37692 0.39134 0.39369 0.39520 0.38922 0.39332 0.39133 0.39570 0.39660 0.40872 0.41371 0.41640 0.41480 0.41378 0.40550 0.41016 0.41166 0.40927 0.40697 0.40258 0.40274 0.38995 0.39060 0.38770 0.38003 0.37790 0.36812 0.36752 0.36677 0.35444 0.33291 0.34567 0.31798 0.30978 0.28212 0.24746 0.24130 0.25007 0.24824 0.24170 0.25044 0.22239 0.24997 0.28437 0.29093 0.29727 0.29606 0.29440 0.27506 0.23818 0.19926 0.19467 0.18154 0.17311 0.16003
0.37429 0.49170 0.44254 0.47927 0.50586 0.43969 0.47887 0.50615 0.51091 0.51089 0.49140 0.47747 0.47499 0.46395 0.45911 0.44266 0.42480 0.36151 0.36636 0.37795 0.38187 0.39709 0.41336 0.41738 0.42111 0.42080 0.41860 0.42024 0.41998 0.42278 0.43425 0.43169 0.42665 0.42908 0.42362 0.41299 0.40460 0.39295 0.39214 0.39760 0.35497 0.34145 0.35563 0.37605 0.37960 0.38773 0.38581 0.35301 0.32982 0.32025 0.31286 0.30835 0.30373 0.30674 0.29876 0.26144 0.25387 0.23893 0.22584 0.20629 0.19589 0.22471 0.24029 0.25349 0.24977 0.25093 0.23731 0.22040 0.20959 0.20492 0.18877 0.17571 0.17048
0.34304 0.34594 0.41269 0.49520 0.50568 0.45016 0.44496 0.49636 0.39013 0.39846 0.41657 0.46825 0.48350 0.48370 0.47730 0.47238 0.44250 0.41349 0.38805 0.39953 0.40549 0.41798 0.44022 0.44357 0.44294 0.44762 0.44271 0.44250 0.43890 0.43348 0.42184 0.42829 0.43988 0.41990 0.41180 0.40127 0.39524 0.37333 0.37222 0.38560 0.38326 0.37482 0.34611 0.34041 0.35129 0.36485 0.38483 0.34767 0.32129 0.31959 0.31183 0.32444 0.29196 0.27254 0.25736 0.22731 0.25314 0.27085 0.26124 0.26064 0.24811 0.22196 0.20503 0.23118 0.20980 0.22809 0.22949 0.22056 0.21751 0.23853 0.22606 0.19400 0.18318
0.34421 0.31699 0.30469 0.40649 0.45368 0.48348 0.48540 0.50379 0.43005 0.34383 0.29992 0.27027 0.33883 0.39894 0.44007 0.46730 0.47231 0.46279 0.45528 0.45496 0.44692 0.44890 0.45365 0.45636 0.44121 0.44195 0.44633 0.43598 0.43313 0.42658 0.42043 0.41756 0.43089 0.40719 0.39544 0.36781 0.39097 0.39259 0.37390 0.35766 0.38084 0.37775 0.35505 0.37278 0.36021 0.35902 0.36797 0.36872 0.36263 0.34164 0.32379 0.31445 0.30930 0.29453 0.26125 0.23993 0.25738 0.21907 0.22662 0.23583 0.24400 0.25160 0.25289 0.25202 0.23696 0.22881 0.23676 0.23572 0.23945 0.25190 0.24185 0.21488 0.19099
0.29987 0.29797 0.31061 0.32215 0.32204 0.34697 0.40230 0.46493 0.51457 0.45666 0.40837 0.35740 0.30336 0.29864 0.30455 0.32562 0.37633 0.39625 0.43662 0.44061 0.45789 0.45236 0.46292 0.44737 0.45047 0.44801 0.43208 0.41986 0.44344 0.38070 0.37487 0.37251 0.38795 0.38384 0.38273 0.36873 0.38164 0.37512 0.36375 0.35938 0.39442 0.35739 0.34837 0.33496 0.32981 0.32775 0.33455 0.33831 0.29617 0.28804 0.26701 0.26016 0.26176 0.25846 0.22203 0.24837 0.24846 0.22002 0.24385 0.24140 0.24089 0.26851 0.25739 0.25334 0.23080 0.23911 0.25198 0.25269 0.26081 0.26426 0.24495 0.20261 0.20059
0.31181 0.32640 0.30727 0.29587 0.31297 0.34258 0.33974 0.39305 0.41722 0.40324 0.40174 0.42515 0.40795 0.39250 0.35748 0.31165 0.29567 0.31137 0.33147 0.34824 0.40158 0.43607 0.46709 0.46019 0.46237 0.44452 0.40875 0.41441 0.41236 0.40682 0.36761 0.38623 0.35813 0.41472 0.40678 0.38549 0.35483 0.36459 0.38875 0.39305 0.37625 0.36344 0.32063 0.30744 0.29387 0.30615 0.29404 0.26073 0.24454 0.24928 0.23298 0.20312 0.21968 0.20070 0.23669 0.21801 0.24795 0.26236 0.25259 0.25816 0.25987 0.26110 0.23849 0.25740 0.27373 0.27833 0.26809 0.26661 0.27730 0.27207 0.23105 0.20528 0.22013
0.37877 0.38127 0.33803 0.30750 0.31387 0.30809 0.32460 0.37266 0.44189 0.32056 0.33045 0.36724 0.29826 0.27079 0.27173 0.43313 0.33630 0.26046 0.26584 0.28906 0.32687 0.44245 0.47273 0.47667 0.47872 0.45536 0.43053 0.43262 0.41380 0.41177 0.40099 0.40942 0.44262 0.42725 0.39799 0.39519 0.37096 0.36069 0.32960 0.35324 0.35515 0.33829 0.38297 0.38215 0.33957 0.31208 0.27714 0.25977 0.24332 0.24913 0.24588 0.23440 0.21239 0.20299 0.22025 0.21402 0.25138 0.25634 0.27099 0.27346 0.26541 0.24657 0.28163 0.28929 0.29257 0.29158 0.28869 0.27520 0.27381 0.26846 0.24562 0.24398 0.23153
0.38523 0.39322 0.37179 0.36772 0.36782 0.35364 0.36620 0.36429 0.37833 0.36374 0.36322 0.38160 0.31868 0.30421 0.27067 0.28769 0.33552 0.36122 0.33323 0.32266 0.34418 0.36516 0.43162 0.48126 0.48092 0.47586 0.45563 0.46324 0.43539 0.43454 0.44651 0.42430 0.41872 0.42107 0.41417 0.40122 0.38592 0.36457 0.32347 0.32024 0.31113 0.31764 0.37213 0.37437 0.34104 0.31259 0.27903 0.24830 0.23739 0.25632 0.25955 0.22333 0.23097 0.23667 0.24405 0.25422 0.22699 0.24781 0.25551 0.26982 0.27472 0.29464 0.31030 0.30346 0.29650 0.28965 0.26377 0.27201 0.27710 0.27057 0.25558 0.24897 0.23253
0.35706 0.35349 0.36128 0.39047 0.39693 0.40780 0.41152 0.42378 0.38327 0.33340 0.35645 0.38859 0.37880 0.33545 0.32333 0.31097 0.27048 0.29266 0.32477 0.37588 0.39933 0.39093 0.37875 0.40452 0.46457 0.46815 0.44870 0.43300 0.44206 0.43812 0.47057 0.45046 0.42325 0.38995 0.38781 0.34065 0.36201 0.31855 0.27685 0.30170 0.30382 0.26986 0.29048 0.32369 0.32039 0.30273 0.29464 0.26977 0.25092 0.27871 0.29025 0.28430 0.28497 0.27350 0.26789 0.25204 0.25950 0.24475 0.26766 0.26496 0.27618 0.28210 0.29459 0.30387 0.29899 0.28933 0.27612 0.25420 0.25121 0.26130 0.25392 0.22761 0.21647
0.31320 0.30700 0.33302 0.34764 0.37540 0.39660 0.42949 0.40247 0.40123 0.37391 0.30324 0.33194 0.38024 0.38263 0.33539 0.30740 0.28420 0.28833 0.31334 0.32415 0.33753 0.36665 0.38410 0.40896 0.40502 0.43716 0.47184 0.44501 0.47338 0.44549 0.45770 0.39265 0.37797 0.41284 0.36350 0.31907 0.32787 0.33556 0.29103 0.27555 0.27180 0.28932 0.28404 0.29086 0.29433 0.28203 0.28561 0.26923 0.26553 0.25672 0.26194 0.25041 0.24601 0.24233 0.24423 0.26592 0.27776 0.28685 0.29362 0.28518 0.28423 0.28780 0.28370 0.28718 0.28597 0.28079 0.24463 0.22774 0.23113 0.23448 0.23943 0.23715 0.23921
0.30926 0.30951 0.29855 0.34865 0.35486 0.40489 0.40393 0.43411 0.48107 0.43161 0.37570 0.32013 0.33530 0.33833 0.32562 0.34474 0.33038 0.34468 0.27936 0.32642 0.36087 0.37622 0.39175 0.37975 0.35482 0.40054 0.45984 0.47809 0.42251 0.43415 0.42621 0.38440 0.35206 0.39272 0.35480 0.33051 0.30191 0.30096 0.28623 0.27636 0.28457 0.27616 0.28537 0.27687 0.30676 0.28759 0.27167 0.26986 0.26512 0.25378 0.25934 0.26972 0.25505 0.26345 0.25843 0.26311 0.27800 0.28362 0.28292 0.28016 0.27621 0.27283 0.24228 0.24810 0.24606 0.24556 0.23225 0.24368 0.24103 0.23402 0.23168 0.21602 0.20179
0.31484 0.29753 0.29960 0.27573 0.29384 0.34193 0.34587 0.36591 0.40651 0.37118 0.38203 0.35479 0.29607 0.32405 0.35513 0.36187 0.34191 0.34627 0.35762 0.31797 0.32202 0.35684 0.39601 0.43306 0.40677 0.43181 0.49378 0.46236 0.45914 0.44162 0.40938 0.38436 0.35581 0.34595 0.34961 0.31113 0.28089 0.25825 0.28359 0.28231 0.27144 0.29722 0.31415 0.32164 0.34064 0.35017 0.34146 0.33842 0.32972 0.32369 0.31126 0.29025 0.26370 0.25909 0.25629 0.26875 0.27627 0.27899 0.27369 0.27258 0.25373 0.22665 0.21006 0.21939 0.21826 0.21656 0.22256 0.22814 0.22353 0.22235 0.21293 0.21160 0.22064
0.32517 0.32280 0.29584 0.29346 0.24341 0.27649 0.30503 0.28406 0.28788 0.30376 0.32629 0.29328 0.30019 0.32302 0.31625 0.32912 0.35719 0.35300 0.34169 0.31234 0.27778 0.33600 0.38852 0.39940 0.36619 0.39533 0.40439 0.37762 0.41112 0.42076 0.37827 0.36025 0.33375 0.33817 0.31862 0.31714 0.28263 0.27157 0.28955 0.32215 0.30275 0.32210 0.36418 0.35640 0.34174 0.33476 0.30768 0.31762 -9999 -9999 0.30961 0.29645 0.28406 0.26625 0.25836 0.26252 0.26401 0.25677 0.25103 0.22786 0.20760 0.19166 0.19806 0.18504 0.18292 0.17514 0.20196 0.21696 0.21148 0.22589 0.21150 0.21887 0.23213
0.33300 0.30821 0.29500 0.30008 0.27297 0.30156 0.28592 0.28086 0.27184 0.28405 0.27677 0.27072 0.29339 0.31138 0.29008 0.31352 0.33720 0.30766 0.31774 0.33505 0.32684 0.31813 0.28241 0.31814 0.32061 0.35580 0.35714 0.35802 0.33983 0.37965 0.35595 0.33117 0.31720 0.30553 0.28781 0.33209 0.36594 -9999 -9999 -9999 -9999 0.37529 -9999 0.32078 0.27793 0.29800 0.30041 0.33595 -9999 -9999 0.29449 0.29380 0.28518 0.27747 0.27384 0.26451 0.25202 0.23944 0.23386 0.22328 0.21159 0.20353 0.21346 0.16878 0.16751 0.17449 0.21753 0.22184 0.22218 0.23807 -9999 -9999 -9999
0.33157 0.30179 0.30081 0.33086 0.27475 0.29607 0.33954 0.32635 0.32191 0.31260 0.29056 0.27918 0.29014 0.33585 0.30440 0.28967 0.28226 0.29415 0.27703 0.31176 0.29819 0.30674 0.29659 0.31298 0.31403 0.30887 0.32074 0.32706 0.31691 0.31101 0.30763 0.30802 0.28403 0.31177 0.32929 -9999 -9999 -9999 -9999 -9999 -9999 -9999 0.33440 0.31920 0.31288 -9999 -9999 -9999 -9999 -9999 0.30574 0.29200 0.25403 0.25860 0.24035 0.24521 0.24685 0.23317 0.24310 0.23845 0.22412 0.21337 0.22388 0.22523 0.20949 0.18026 0.21241 0.23718 -9999 -9999 -9999 -9999 -9999
0.30719 0.31534 0.32102 0.34058 0.33821 0.29674 0.33296 0.35330 0.34072 0.34301 0.30680 0.33664 0.34052 0.34631 0.33058 0.31326 0.31128 0.30100 0.30405 0.30141 0.29979 0.26566 0.26757 0.27511 0.28020 0.28505 0.26570 0.27394 0.28819 0.27292 0.28590 0.29851 0.30167 0.35560 -9999 -9999 -9999 -9999 -9999 -9999 -9999 -9999 -9999 0.33018 -9999 -9999 -9999 -9999 0.30683 0.29558 0.29333 0.27208 0.24732 0.26051 0.26336 0.25045 0.23803 0.24104 0.24075 0.23915 0.23617 0.21876 0.22367 0.21307 0.22247 -9999 -9999 -9999 -9999 -9999 -9999 -9999 -9999
