data/hydroclimate-scenarios/BCSD_hadcm_B1/monthly_summaries/vpd_monthly_avg_mar.2030-2059.asc
ncols	311
nrows	91
xllcenter	102.75
yllcenter	31.75
cellsize	0.5
NODATA_value	-9999
[rows 33 to 65 of 91, columns 0 to 72 of 311]
-9999 -9999 -9999 -9999 -9999 -9999 -9999 -9999 -9999 -9999 -9999 0.12997 0.12507 0.12598 0.12093 0.11811 0.11684 0.11554 0.11504 0.11544 0.11433 0.11559 0.11807 0.11438 0.10959 0.10616 0.10414 0.11003 0.11609 0.12330 0.11615 0.11517 0.11352 0.11553 0.11391 0.11568 0.11209 0.10756 0.10300 0.09020 0.09543 0.08613 0.08809 0.08612 0.08164 0.07993 0.07716 0.07762 0.07732 0.07841 0.07909 0.08424 0.08479 0.08700 0.09204 0.09245 0.09119 0.09124 0.09430 0.09631 0.09694 0.09779 0.10312 0.10743 0.10610 0.10139 0.09741 0.08958 0.08326 0.07376 0.07706 0.06200 0.06779
-9999 -9999 -9999 -9999 -9999 -9999 -9999 -9999 -9999 -9999 -9999 -9999 0.12980 0.13016 0.12795 0.12518 0.12434 0.12403 0.12461 0.12578 0.12378 0.11959 0.11062 0.10513 0.10192 0.08985 0.09374 0.09319 0.10810 0.11365 0.11689 0.12431 0.12217 0.12231 0.11841 0.11592 0.11117 0.11029 0.10470 0.09690 0.09351 0.09163 0.08950 0.09223 0.08752 0.08356 0.08588 0.08573 0.08644 0.08757 0.09133 0.08941 0.08999 0.09095 0.09071 0.09288 0.09488 0.09871 0.10036 0.10508 0.10742 0.10886 0.10653 0.10475 0.10666 0.10459 0.10440 0.09372 0.07574 0.07012 0.08350 0.07657 0.07809
-9999 -9999 -9999 -9999 -9999 -9999 -9999 -9999 -9999 -9999 -9999 -9999 0.13581 0.13522 0.13101 0.12954 0.13119 0.13165 0.13011 0.12803 0.12618 0.10378 0.09752 0.09358 0.08544 0.09356 0.09917 0.09003 0.10280 0.10573 0.10542 0.11081 0.12574 0.12813 0.12602 0.12313 0.11717 0.11676 0.11382 0.10529 0.10060 0.09330 0.09463 0.09550 0.09661 0.09487 0.09575 0.09350 0.09352 0.08886 0.08888 0.09397 0.09304 0.09571 0.10018 0.10162 0.10447 0.10739 0.10897 0.11069 0.11079 0.10173 0.10022 0.09836 0.10458 0.11173 0.10198 0.09728 0.08811 0.08462 0.07965 0.08364 0.08429
-9999 -9999 -9999 -9999 -9999 -9999 -9999 -9999 -9999 -9999 -9999 -9999 0.13638 0.14222 0.13970 0.13818 0.13294 0.13063 0.12715 0.11843 0.11268 0.10081 0.09909 0.09161 0.09259 0.09097 0.09675 0.10892 0.10471 0.11530 0.12103 0.13154 0.12516 0.12060 0.13008 0.13150 0.13016 0.12336 0.12300 0.11587 0.10103 0.09050 0.09620 0.09499 0.09608 0.09187 0.09102 0.08403 0.08808 0.09618 0.09539 0.09890 0.10255 0.10185 0.10649 0.10846 0.10927 0.10990 0.11035 0.10858 0.10989 0.10077 0.10424 0.11144 0.10747 0.10403 0.10101 0.10060 0.08783 0.09001 0.08985 0.08844 0.08793
-9999 -9999 -9999 0.14828 0.14559 0.14365 0.14600 0.14597 0.14091 -9999 0.14010 0.14151 0.14351 0.14600 0.14328 0.13872 0.13424 0.13376 0.12221 0.11573 0.11211 0.10836 0.10363 0.10017 0.09935 0.10294 0.10966 0.10039 0.10513 0.09578 0.11171 0.12751 0.12120 0.10325 0.11950 0.12223 0.11774 0.11462 0.11853 0.11986 0.11526 0.10161 0.10220 0.10102 0.09442 0.08545 0.07765 0.08942 0.09087 0.09158 0.09074 0.09171 0.08973 0.08202 0.09036 0.08107 0.07830 0.10527 0.09548 0.10877 0.11456 0.10598 0.10720 0.10616 0.11026 0.10927 0.10146 0.09758 0.09909 0.09434 0.08973 0.08601 0.08042
-9999 -9999 -9999 0.15773 0.15673 0.15249 0.14563 0.14817 0.14655 0.14578 0.14859 0.15062 0.14229 0.13998 0.13101 0.12492 0.12060 0.12070 0.11784 0.11724 0.11715 0.10843 0.11357 0.11623 0.10799 0.11239 0.10903 0.10723 0.10221 0.09259 0.10776 0.10875 0.10833 0.10170 0.10598 0.10707 0.10956 0.09779 0.11385 0.10114 0.09798 0.10489 0.10778 0.09673 0.08835 0.07747 0.07945 0.09531 0.08612 0.08281 0.08067 0.08380 0.07972 0.08092 0.09395 0.08736 0.09752 0.09979 0.09149 0.09836 0.10493 0.10216 0.10328 0.10616 0.10427 0.11544 0.11117 0.11566 0.10735 0.10151 0.09304 0.09207 0.08121
-9999 -9999 -9999 0.16564 0.16287 0.15168 0.14833 0.15044 0.15488 0.15591 0.15178 0.14577 0.13558 0.12578 0.11071 0.12005 0.11445 0.11462 0.12329 0.12244 0.11741 0.10887 0.11269 0.10604 0.09654 0.10898 0.10833 0.10782 0.11159 0.09276 0.08058 0.09118 0.10662 0.10673 0.10153 0.10593 0.11202 0.11369 0.11529 0.10726 0.10379 0.10616 0.10876 0.10563 0.10609 0.09419 0.09271 0.09178 0.09158 0.08235 0.07817 0.09290 0.08976 0.09276 0.10003 0.09963 0.10567 0.10949 0.10092 0.10245 0.11258 0.11358 0.11911 0.10903 0.11366 0.11491 0.11181 0.10664 0.09038 0.08918 0.08250 0.09438 0.09451
-9999 -9999 -9999 0.16825 0.17596 0.15452 0.15700 0.15100 0.14905 0.14428 0.15139 0.15153 0.12742 0.11864 0.11274 0.11420 0.10939 0.10457 0.11063 0.11785 0.10609 0.09621 0.08641 0.09464 0.10175 0.11112 0.11580 0.11816 0.09655 0.08116 0.09117 0.12299 0.10710 0.08851 0.08833 0.09862 0.11450 0.12974 0.12029 0.12309 0.11724 0.10189 0.09243 0.10024 0.11873 0.10013 0.09263 0.10408 0.09100 0.09640 0.08544 0.09484 0.09410 0.09063 0.09898 0.10385 0.10745 0.10129 0.09846 0.10225 0.09255 0.10986 0.11411 0.11512 0.11190 0.11625 0.10979 0.10395 0.08591 0.08299 0.10082 0.11563 -9999
-9999 -9999 -9999 0.17546 0.18432 0.15514 0.15463 0.15399 0.14356 0.14564 0.15767 0.14121 0.12095 0.11088 0.09893 0.10422 0.09992 0.10787 0.12276 0.13476 0.11750 0.10798 0.09926 0.11704 0.12344 0.12940 0.14092 0.13124 0.10849 0.09420 0.09504 0.10324 0.09719 0.10472 0.10926 0.11230 0.11278 0.12927 0.13470 0.13133 0.11949 0.11012 0.10352 0.10315 0.11328 0.11082 0.11051 0.10993 0.10585 0.10247 0.10050 0.11480 0.10625 0.09168 0.10923 0.09577 0.11555 0.11564 0.10931 0.09587 0.10204 0.10637 0.11021 0.09923 0.10011 0.11519 0.10846 0.09518 0.08892 0.10265 0.12522 -9999 -9999
-9999 -9999 -9999 -9999 0.16223 0.15106 0.15332 0.14154 0.13652 0.14250 0.15539 0.14117 0.10233 0.12316 -9999 -9999 -9999 -9999 -9999 0.10011 0.10149 0.11265 0.10194 0.09149 0.10284 0.11610 0.14439 0.13230 0.12191 0.12529 0.11733 0.11287 0.11034 0.12308 0.14047 0.14447 0.13738 0.14627 0.14470 0.14202 0.14682 0.14096 0.12999 0.12023 0.12298 0.12905 0.12543 0.10826 0.11708 0.12720 0.11685 0.11477 0.12391 0.10616 0.10258 0.09650 0.09423 0.09731 0.09977 0.10701 0.10290 0.09700 0.10087 0.10393 0.10580 0.10237 0.10784 0.11938 0.12697 -9999 -9999 -9999 -9999
-9999 -9999 0.17747 0.16867 0.16325 0.16317 0.15550 0.13477 0.14713 0.14717 0.15722 0.13828 0.10517 -9999 -9999 -9999 -9999 -9999 0.08562 0.10521 0.10842 0.13113 0.13126 0.11385 0.11734 0.12530 0.15321 0.15201 0.14753 0.14695 0.13882 0.13380 0.13684 0.13504 0.14222 0.15979 0.15064 0.15504 0.15348 0.15367 0.14538 0.15227 0.14602 0.14893 0.15579 0.15443 0.14809 0.14433 0.15410 0.16662 0.16350 0.15689 0.14512 0.14881 0.13121 0.14256 0.12772 0.11080 0.11066 0.13238 0.13108 0.12488 0.12333 0.11806 0.12487 0.12951 0.13519 -9999 -9999 -9999 -9999 -9999 -9999
-9999 -9999 0.17987 0.17323 0.17696 0.16985 0.16863 0.14524 0.15101 0.15816 0.14418 0.13391 0.13313 -9999 -9999 -9999 -9999 0.12755 0.10146 0.12574 0.12798 0.13804 0.13393 0.14128 0.15529 0.17121 0.16341 0.15271 0.15569 0.16254 0.15205 0.13508 0.15082 0.15981 0.15698 0.15881 0.16248 0.16800 0.15251 0.14289 0.15503 0.14848 0.14844 0.15827 0.15424 0.16053 0.16911 0.15901 0.19072 0.18078 0.18713 0.18689 0.18393 0.17758 0.17337 0.19279 0.17796 0.13968 0.12976 0.14727 0.15207 0.13112 0.14413 0.15669 0.16736 -9999 -9999 -9999 -9999 -9999 0.14478 -9999 -9999
-9999 -9999 0.19450 0.17265 0.17430 0.17070 0.17087 0.16144 0.15570 0.15332 0.13666 0.13018 0.18548 -9999 -9999 -9999 -9999 0.11110 0.12045 0.13156 0.13495 0.15104 0.16320 0.17212 0.16652 0.17292 0.15553 0.16333 0.15812 0.15859 0.14877 0.14893 0.14985 0.15045 0.16472 0.16037 0.15633 0.15876 0.15160 0.16738 0.16928 0.18008 0.18371 0.17074 0.17508 0.16298 0.16576 0.16222 0.17981 0.18553 0.20920 0.19517 0.19284 0.18552 0.18167 0.21444 0.21085 0.17300 0.17357 0.17764 0.20166 0.19832 0.19567 0.17377 0.15282 0.14247 0.16804 0.14585 0.15929 -9999 -9999 -9999 0.15004
-9999 -9999 -9999 0.18614 0.17769 0.17506 0.18038 0.18444 0.16685 0.15183 0.16324 0.18153 -9999 -9999 -9999 -9999 0.12211 0.12067 0.14131 0.14946 0.15854 0.17894 0.17162 0.17565 0.16971 0.16777 0.16217 0.15403 0.15738 0.13231 0.13615 0.15265 0.16596 0.16788 0.17277 0.18106 0.18717 0.18876 0.19029 0.19776 0.19550 0.20287 0.19890 0.20312 0.21539 0.19846 0.20482 0.21187 0.20716 0.21346 0.19620 0.19978 0.20544 0.18610 0.17407 0.17942 0.18175 0.16242 0.16871 0.19205 0.19439 0.18970 0.15860 0.11448 0.09257 0.14115 0.16659 0.16531 0.17256 0.17030 -9999 -9999 0.13846
-9999 -9999 -9999 -9999 0.19381 0.18798 0.18629 0.17665 0.16345 0.18546 0.21495 -9999 -9999 -9999 -9999 0.13263 0.12790 0.14734 0.16766 0.17129 0.18227 0.19375 0.18676 0.16982 0.16607 0.18209 0.18036 0.17361 0.15934 0.15545 0.14766 0.17497 0.18396 0.18229 0.17145 0.18358 0.18786 0.19663 0.19570 0.20266 0.19645 0.20081 0.20966 0.22146 0.23199 0.22259 0.22117 0.22545 0.22942 0.22981 0.22649 0.22425 0.21178 0.20456 0.21314 0.22117 0.22159 0.18416 0.18421 0.20455 0.18026 0.15854 0.15240 0.15385 0.13336 0.14858 0.17957 0.19128 0.17237 0.17241 0.17038 0.15606 0.14781
-9999 -9999 -9999 -9999 -9999 -9999 0.19203 0.18816 0.21956 0.22255 0.19614 -9999 -9999 -9999 -9999 -9999 0.15381 0.17046 0.18235 0.18002 0.18428 0.24049 0.18782 0.17721 0.17689 0.19617 0.20041 0.18640 0.18357 0.17661 0.16636 0.18039 0.19363 0.17385 0.18085 0.20153 0.19106 0.18118 0.20113 0.19161 0.19320 0.18216 0.18887 0.21095 0.21418 0.23459 0.23847 0.23655 0.23214 0.23195 0.23704 0.22941 0.23029 0.22673 0.22545 0.22837 0.22285 0.20706 0.19901 0.19416 0.17170 0.16025 0.15021 0.13838 0.12109 0.14475 0.17914 0.20927 0.19406 0.17986 0.16509 0.15437 0.13770
-9999 -9999 -9999 -9999 -9999 -9999 -9999 -9999 -9999 -9999 -9999 -9999 -9999 -9999 -9999 -9999 -9999 -9999 -9999 0.19358 0.19753 0.23375 0.21089 0.20101 0.19692 0.19855 0.19257 0.21395 0.20516 0.18004 0.17650 0.19044 0.17883 0.17989 0.18105 0.19249 0.19933 0.19149 0.19451 0.18255 0.17981 0.18711 0.20115 0.21338 0.21678 0.23299 0.24955 0.24623 0.24119 0.23650 0.23866 0.23905 0.23432 0.24940 0.24326 0.23556 0.22858 0.22405 0.20731 0.19486 0.16441 0.16677 0.15515 0.13333 0.12683 0.17392 0.20694 0.22292 0.21442 0.17374 0.15837 0.15319 0.13669
-9999 -9999 -9999 -9999 -9999 -9999 -9999 -9999 -9999 -9999 -9999 -9999 -9999 -9999 -9999 -9999 -9999 -9999 0.20815 0.20745 0.22103 0.23821 0.23410 0.22847 0.22616 0.21723 0.22285 0.21260 0.20094 0.18837 0.18452 0.17843 0.17535 0.18252 0.18545 0.19856 0.19353 0.20103 0.18616 0.17858 0.17801 0.19530 0.19982 0.20292 0.20876 0.21510 0.23697 0.25042 0.25698 0.24731 0.25062 0.24227 0.24396 0.24246 0.23503 0.24686 0.23727 0.20290 0.18069 0.19720 0.19866 0.19954 0.17858 0.16085 0.14804 0.18429 0.20206 0.22008 0.20905 0.19492 0.17548 0.13817 0.15356
-9999 -9999 -9999 -9999 -9999 -9999 -9999 -9999 -9999 -9999 -9999 -9999 -9999 -9999 -9999 -9999 -9999 0.21385 0.22021 0.24045 0.23914 0.23865 0.23729 0.23827 0.23951 0.23316 0.23187 0.21250 0.18638 0.18051 0.17904 0.18554 0.17963 0.19670 0.19773 0.18584 0.17628 0.18453 0.19312 0.18336 0.18729 0.20226 0.20174 0.21466 0.22181 0.23186 0.23892 0.24357 0.26031 0.25216 0.26095 0.25875 0.24682 0.24155 0.24044 0.24567 0.22971 0.20354 0.18843 0.20700 0.23262 0.20677 0.15158 0.14366 0.18521 0.19875 0.19569 0.21234 0.20760 0.19829 0.16598 0.16021 0.16016
-9999 -9999 -9999 -9999 -9999 -9999 -9999 -9999 -9999 -9999 -9999 -9999 -9999 -9999 -9999 -9999 -9999 0.22534 0.23659 0.22251 0.23196 0.23489 0.24191 0.24910 0.27533 0.24813 0.24330 0.22890 0.21644 0.19419 0.19093 0.19519 0.20020 0.21026 0.19761 0.18404 0.18101 0.18495 0.17393 0.18304 0.19296 0.21122 0.21967 0.23218 0.23537 0.27418 0.27603 0.23692 0.24936 0.26530 0.27101 0.25932 0.24923 0.24587 0.24271 0.23828 0.21003 0.20760 0.21720 0.22457 0.21113 0.18586 0.17745 0.16991 0.14529 0.16411 0.19395 0.17381 0.19959 0.20802 0.19391 0.15096 0.13022
-9999 -9999 -9999 -9999 -9999 -9999 -9999 -9999 -9999 -9999 -9999 -9999 -9999 -9999 -9999 -9999 0.20312 0.21119 0.21382 0.21858 0.24673 0.26498 0.25227 0.27243 0.30803 0.25991 0.25853 0.26684 0.24816 0.20942 0.20354 0.21089 0.20863 0.22267 0.21135 0.20230 0.19458 0.18879 0.18143 0.20203 0.21886 0.22731 0.22956 0.25162 0.25890 0.28250 0.28732 0.23855 0.24966 0.27121 0.27415 0.26536 0.25110 0.25165 0.24757 0.24188 0.23477 0.22817 0.22818 0.21514 0.21938 0.20227 0.18038 0.14759 0.16534 0.17621 0.18348 0.19317 0.21435 0.20945 0.19067 0.15656 0.14069
-9999 -9999 -9999 -9999 -9999 -9999 -9999 -9999 -9999 -9999 -9999 -9999 -9999 0.21125 0.19630 0.20473 0.20084 0.18744 0.20904 0.25174 0.26251 0.23995 0.25757 0.25393 0.24817 0.28464 0.27097 0.26339 0.25624 0.24938 0.23869 0.22770 0.22071 0.22050 0.20947 0.20170 0.20522 0.21163 0.20980 0.21550 0.23096 0.25409 0.26740 0.28583 0.28177 0.28279 0.28060 0.27890 0.27714 0.27272 0.26529 0.26499 0.25486 0.26698 0.25426 0.24350 0.24298 0.24907 0.25292 0.23990 0.23125 0.22756 0.21404 0.21111 0.22222 0.23784 0.23167 0.22256 0.21628 0.20586 0.17650 0.14785 0.13462
-9999 -9999 -9999 -9999 -9999 -9999 -9999 -9999 -9999 -9999 -9999 -9999 0.22583 0.21466 0.20654 0.21345 0.21910 0.21917 0.22069 0.28787 0.25946 0.26688 0.26798 0.26271 0.25505 0.29004 0.27960 0.27351 0.26188 0.25739 0.24918 0.23803 0.22939 0.22361 0.21912 0.21621 0.21340 0.22040 0.21962 0.23648 0.24297 0.27034 0.29061 0.30147 0.29236 0.28857 0.28758 0.28801 0.28253 0.28240 0.27522 0.27317 0.27050 0.27125 0.26653 0.25942 0.25693 0.24718 0.23208 0.23001 0.22968 0.23672 0.23361 0.21631 0.22340 0.23277 0.22670 0.22409 0.21480 0.18575 0.15723 0.15321 0.13534
-9999 -9999 -9999 -9999 -9999 -9999 -9999 -9999 -9999 -9999 -9999 0.18936 0.20329 0.20230 0.22088 0.25088 0.25923 0.26487 0.26689 0.26446 0.26799 0.29041 0.28139 0.27124 0.25964 0.25337 0.24474 0.26667 0.27346 0.27431 0.25753 0.24227 0.23669 0.23010 0.22882 0.21203 0.20231 0.21383 0.23397 0.24921 0.27541 0.28936 0.31558 0.32005 0.31266 0.30832 0.30531 0.29991 0.29463 0.29066 0.28991 0.25278 0.26024 0.25942 0.26125 0.26120 0.27152 0.26039 0.27280 0.28680 0.27324 0.27834 0.26280 0.25079 0.24127 0.23433 0.22984 0.22844 0.20128 0.17573 0.14146 0.12296 0.12377
-9999 -9999 -9999 -9999 -9999 -9999 -9999 -9999 -9999 -9999 0.20764 0.20335 0.23442 0.22083 0.25165 0.27493 0.28364 0.27739 0.27063 0.27052 0.27388 0.29588 0.29144 0.28019 0.27308 0.26242 0.25461 0.28459 0.27967 0.27117 0.26107 0.25014 0.24236 0.23826 0.23024 0.21054 0.20582 0.21817 0.24605 0.26836 0.29548 0.32156 0.35000 0.33647 0.33309 0.33020 0.31942 0.31163 0.30699 0.30282 0.29796 0.25997 0.27593 0.27158 0.26916 0.27530 0.26013 0.27043 0.29289 0.30030 0.28884 0.28452 0.27013 0.25806 0.24813 0.23692 0.23478 0.22477 0.19369 0.15846 0.13333 0.13753 0.12807
-9999 -9999 -9999 -9999 -9999 -9999 -9999 -9999 -9999 0.26467 0.26498 0.26057 0.26347 0.26770 0.27726 0.28477 0.29085 0.29269 0.30331 0.30082 0.29695 0.28836 0.27996 0.28835 0.27879 0.27939 0.28294 0.27236 0.26609 0.26129 0.26239 0.23814 0.22802 0.21191 0.19836 0.19591 0.19463 0.23425 0.25621 0.30546 0.33535 0.37283 0.39126 0.38744 0.37983 0.36431 0.36493 0.33039 0.32291 0.32028 0.30834 0.28590 0.27346 0.23260 0.22948 0.30906 0.31407 0.31785 0.32031 0.31575 0.29849 0.29606 0.28439 0.27386 0.26803 0.25141 0.23977 0.20739 0.18085 0.16338 0.15713 0.15053 0.14590
-9999 -9999 -9999 -9999 -9999 -9999 -9999 -9999 -9999 -9999 0.28603 0.28474 0.28231 0.29398 0.31991 0.30949 0.30267 0.30659 0.30427 0.29457 0.28256 0.28912 0.28746 -9999 -9999 -9999 -9999 -9999 -9999 0.27068 0.26674 0.24882 0.23984 0.21936 0.19823 0.20481 0.21144 0.24882 0.27943 0.32795 0.36285 0.39254 0.41281 0.39955 0.39411 0.37712 0.36626 0.34544 0.33316 0.33842 0.32480 0.30880 0.28284 0.24242 0.23657 0.32761 0.33613 0.33387 0.33547 0.32161 0.31333 0.30138 0.28884 0.27620 0.23643 0.25359 0.22246 0.19604 0.14507 0.14869 0.13531 0.14987 0.15072
-9999 -9999 -9999 -9999 -9999 -9999 -9999 -9999 -9999 -9999 -9999 -9999 0.29989 0.31210 0.31463 0.38177 0.37149 0.36473 0.35000 -9999 -9999 -9999 -9999 -9999 -9999 -9999 -9999 -9999 -9999 -9999 -9999 -9999 -9999 0.24365 0.21183 0.23143 0.23883 0.28434 0.32574 0.36055 0.38556 0.40861 0.42187 0.41686 0.40915 0.40328 0.39398 0.38209 0.37868 0.35740 0.34566 0.29118 0.28046 0.28549 0.28841 0.34483 0.33599 0.33948 0.33924 0.33143 0.32314 0.29050 0.27669 0.27537 0.26862 0.25435 0.22217 0.19906 0.17669 0.17778 0.16557 0.16413 -9999
-9999 -9999 -9999 -9999 -9999 -9999 -9999 -9999 -9999 -9999 -9999 -9999 -9999 -9999 -9999 -9999 -9999 -9999 -9999 -9999 -9999 -9999 -9999 -9999 -9999 -9999 -9999 -9999 -9999 -9999 -9999 -9999 -9999 -9999 0.24097 0.24028 0.28950 0.30781 0.35003 0.38392 0.40224 0.41131 0.41946 0.43282 0.42077 0.41067 0.39795 0.39591 0.38215 0.36773 0.35606 0.30444 0.29528 0.29601 0.29732 0.36106 0.35026 0.31818 0.31971 0.31803 0.30720 0.28448 0.28327 0.28155 0.28109 0.25480 0.22227 0.19507 0.16627 0.17429 0.17992 -9999 -9999
-9999 -9999 -9999 -9999 -9999 -9999 -9999 -9999 -9999 -9999 -9999 -9999 -9999 -9999 -9999 -9999 -9999 -9999 -9999 -9999 -9999 -9999 -9999 -9999 -9999 -9999 -9999 -9999 -9999 -9999 -9999 -9999 -9999 -9999 0.27395 0.28021 0.27877 0.33315 0.39290 0.43884 0.44375 0.44898 0.45621 0.43766 0.42948 0.41117 0.40596 0.39898 0.38297 0.36019 0.34723 0.34376 0.34376 0.28891 0.29139 0.34716 0.35784 0.34599 0.33360 0.32092 0.31261 0.29918 0.27964 0.27347 0.27480 0.23699 0.23031 0.20173 0.17128 0.18624 -9999 -9999 -9999
-9999 -9999 -9999 -9999 -9999 -9999 -9999 -9999 -9999 -9999 -9999 -9999 -9999 -9999 -9999 -9999 -9999 -9999 -9999 -9999 -9999 -9999 -9999 -9999 -9999 -9999 -9999 -9999 -9999 -9999 -9999 -9999 -9999 -9999 -9999 -9999 -9999 -9999 0.42656 0.45680 0.45770 0.46255 0.46225 0.44974 0.43690 0.42794 0.41924 0.40300 0.39836 0.36736 0.36340 0.36398 0.36513 0.30557 0.30124 0.35973 0.36170 0.35488 0.33808 0.32742 0.30782 0.30346 0.27127 0.26898 0.23198 0.23202 0.21759 0.21311 0.22399 -9999 -9999 -9999 -9999
-9999 -9999 -9999 -9999 -9999 -9999 -9999 -9999 -9999 -9999 -9999 -9999 -9999 -9999 -9999 -9999 -9999 -9999 -9999 -9999 -9999 -9999 -9999 -9999 -9999 -9999 -9999 -9999 -9999 -9999 -9999 -9999 -9999 -9999 -9999 -9999 -9999 -9999 -9999 0.47728 0.47455 0.47468 0.46605 0.46268 0.45191 0.43405 0.41589 0.41061 0.39796 0.37664 0.38366 0.34359 0.35994 0.34747 0.35683 0.32496 0.32708 0.29490 0.31719 0.28764 0.30024 0.28533 0.27464 0.24708 0.24705 0.22363 0.23633 0.24582 -9999 -9999 -9999 -9999 -9999
-9999 -9999 -9999 -9999 -9999 -9999 -9999 -9999 -9999 -9999 -9999 -9999 -9999 -9999 -9999 -9999 -9999 -9999 -9999 -9999 -9999 -9999 -9999 -9999 -9999 -9999 -9999 -9999 -9999 -9999 -9999 -9999 -9999 -9999 -9999 -9999 -9999 -9999 -9999 -9999 -9999 -9999 -9999 0.46395 0.45186 0.43602 0.41605 0.40471 0.39939 0.38643 0.37376 0.30196 0.35744 0.38905 0.34814 0.32936 0.32523 0.31591 0.34169 0.31500 0.28868 0.27351 0.27773 0.24390 0.23653 0.24538 0.25849 -9999 -9999 -9999 -9999 -9999 -9999
