data/hydroclimate-scenarios/BCSD_hadcm_B1/monthly_summaries/vpd_monthly_avg_jun.2070-2099.asc
ncols	311
nrows	91
xllcenter	102.75
yllcenter	31.75
cellsize	0.5
NODATA_value	-9999
[rows 33 to 65 of 91, columns 0 to 72 of 311]
-9999 -9999 -9999 -9999 -9999 -9999 -9999 -9999 -9999 -9999 -9999 1.14129 1.11699 1.11439 1.09231 1.08164 1.07094 1.07852 1.08700 1.08452 1.07335 1.09458 1.11685 1.11193 1.07513 1.04460 1.02945 1.07232 1.12163 1.19892 1.14413 1.15075 1.14093 1.15413 1.16018 1.19055 1.16867 1.13808 1.10278 0.99732 1.03970 0.97329 1.01325 1.00613 0.97477 0.95413 0.95371 0.96586 0.97018 0.99075 1.00482 1.04833 1.05921 1.08360 1.11485 1.12658 1.12566 1.10485 1.12533 1.14858 1.15105 1.15693 1.20993 1.20753 1.15803 1.06771 1.00797 0.91547 0.83946 0.74679 0.75938 0.64696 0.67367
-9999 -9999 -9999 -9999 -9999 -9999 -9999 -9999 -9999 -9999 -9999 -9999 1.15737 1.15226 1.14083 1.12928 1.12841 1.13750 1.15366 1.16298 1.14657 1.11335 1.06572 1.02172 0.99272 0.89755 0.92908 0.92880 1.02155 1.07846 1.10907 1.16619 1.14764 1.15833 1.14824 1.13280 1.10147 1.09194 1.06074 0.99449 0.97476 0.95611 0.95186 0.99452 0.96708 0.94299 0.96246 0.99152 0.99934 1.01908 1.04619 1.04028 1.04173 1.07294 1.07016 1.07927 1.09869 1.12406 1.11911 1.14257 1.15744 1.17051 1.13067 1.09382 1.06035 1.00890 0.97083 0.87929 0.73979 0.67889 0.75118 0.68091 0.67602
-9999 -9999 -9999 -9999 -9999 -9999 -9999 -9999 -9999 -9999 -9999 -9999 1.17230 1.16780 1.15353 1.15522 1.18313 1.18061 1.17578 1.15463 1.14761 0.99923 0.96039 0.92288 0.86343 0.91202 0.95753 0.87890 0.96922 0.99026 0.99961 1.01755 1.13544 1.16897 1.15885 1.14052 1.09703 1.10869 1.08716 1.02519 0.99504 0.94720 0.94292 0.96161 0.97043 0.95729 0.99007 0.99416 1.00549 0.97603 0.97695 1.02118 1.03719 1.05221 1.09345 1.09691 1.12465 1.15511 1.15343 1.14412 1.13431 1.04330 1.01820 0.97455 0.97481 0.98221 0.90016 0.83626 0.75363 0.70777 0.65926 0.65795 0.63987
-9999 -9999 -9999 -9999 -9999 -9999 -9999 -9999 -9999 -9999 -9999 -9999 1.18185 1.21592 1.20536 1.18712 1.17853 1.17045 1.13259 1.09021 1.06040 0.97483 0.95985 0.90078 0.90140 0.88074 0.92761 0.98573 0.96145 1.02059 1.04989 1.13464 1.10046 1.09078 1.16116 1.16309 1.13695 1.10229 1.10733 1.05481 0.97215 0.89977 0.93332 0.93157 0.93239 0.89874 0.90816 0.88965 0.91594 0.98730 1.00227 1.01310 1.05249 1.05674 1.09780 1.10868 1.10947 1.11538 1.09232 1.05769 1.05614 0.98705 0.98632 0.99274 0.92961 0.87840 0.82836 0.78880 0.69145 0.67991 0.65501 0.61638 0.59374
-9999 -9999 -9999 1.14214 1.15467 1.15972 1.19199 1.20236 1.16946 -9999 1.18766 1.19278 1.23272 1.23788 1.22670 1.19567 1.16757 1.17617 1.09462 1.05141 1.04909 1.01786 0.98827 0.96232 0.94009 0.95073 0.99234 0.93012 0.93522 0.86224 0.96943 1.07905 1.03669 0.92879 1.03851 1.05599 1.02568 1.00876 1.02249 1.04715 1.02212 0.93925 0.95536 0.94316 0.89182 0.83825 0.79402 0.89149 0.91060 0.92343 0.91635 0.92015 0.90937 0.86066 0.92179 0.85850 0.83217 1.01948 0.94523 1.01545 1.03376 0.97251 0.94590 0.89545 0.88417 0.84604 0.77369 0.71846 0.68709 0.64286 0.59141 0.54702 0.50682
-9999 -9999 -9999 1.19915 1.20669 1.20459 1.18335 1.20159 1.21097 1.21516 1.25350 1.27156 1.21176 1.19348 1.13681 1.09567 1.07332 1.06445 1.05009 1.05107 1.06829 0.99333 1.04547 1.06155 0.99428 1.01467 0.97999 0.94725 0.89263 0.84094 0.92678 0.92599 0.93913 0.89306 0.92327 0.93620 0.94930 0.87364 0.98374 0.89304 0.87525 0.93298 0.95565 0.89398 0.84897 0.78198 0.78344 0.89358 0.83365 0.82507 0.82048 0.82839 0.81410 0.81753 0.91576 0.86669 0.94206 0.94955 0.88907 0.90992 0.91785 0.89248 0.85828 0.84398 0.79901 0.81916 0.76540 0.76797 0.68704 0.60691 0.53628 0.51325 0.46608
-9999 -9999 -9999 1.22521 1.22380 1.19609 1.18552 1.21051 1.25147 1.29959 1.27698 1.23476 1.16055 1.07287 0.97865 1.04652 1.00694 1.01412 1.06575 1.08116 1.04511 0.97524 1.00716 0.95960 0.89684 0.95552 0.94937 0.93004 0.93827 0.81529 0.73622 0.79272 0.88718 0.89263 0.86741 0.90149 0.94192 0.94165 0.95064 0.90055 0.88286 0.89783 0.92678 0.90616 0.92681 0.85463 0.84781 0.83110 0.82944 0.78678 0.76507 0.85800 0.84164 0.85399 0.90040 0.89567 0.93254 0.95813 0.90287 0.88795 0.91745 0.90838 0.91021 0.81852 0.79659 0.76894 0.71795 0.66777 0.56017 0.50997 0.45954 0.46334 0.45265
-9999 -9999 -9999 1.24649 1.32848 1.21712 1.26437 1.21635 1.21882 1.20154 1.24331 1.25132 1.08402 1.01416 0.98645 1.01201 0.97187 0.93760 0.97014 1.01858 0.94511 0.86144 0.79542 0.85515 0.89026 0.93849 0.96466 0.94967 0.81248 0.73423 0.78360 0.95829 0.86871 0.77143 0.77247 0.82596 0.92560 1.01148 0.94977 0.97100 0.93682 0.84450 0.79649 0.83519 0.94989 0.84299 0.80918 0.87535 0.79473 0.82510 0.76235 0.81649 0.81469 0.78623 0.84795 0.86840 0.89476 0.86102 0.83359 0.83839 0.77122 0.84291 0.83386 0.79704 0.75846 0.73639 0.67849 0.60163 0.50289 0.45698 0.45662 0.45414 -9999
-9999 -9999 -9999 1.27564 1.36864 1.20799 1.22133 1.21627 1.15779 1.19133 1.28098 1.16375 1.03592 0.95686 0.88526 0.93166 0.90000 0.94132 1.03298 1.10209 0.99037 0.91541 0.84891 0.97010 1.00226 1.02934 1.09971 1.01099 0.87399 0.79700 0.79246 0.83473 0.80021 0.84060 0.87151 0.89075 0.89049 0.96587 0.99333 0.98119 0.91371 0.85638 0.81682 0.82163 0.87723 0.86401 0.86141 0.85383 0.82808 0.81914 0.80711 0.87399 0.83547 0.76728 0.86924 0.79339 0.88392 0.88792 0.84012 0.76571 0.78429 0.79162 0.78369 0.69574 0.66806 0.70095 0.63567 0.54460 0.48682 0.48476 0.48105 -9999 -9999
-9999 -9999 -9999 -9999 1.21092 1.17662 1.20928 1.11616 1.10346 1.13555 1.25736 1.18184 0.90460 1.04174 -9999 -9999 -9999 -9999 -9999 0.84568 0.84947 0.88441 0.83258 0.78730 0.85436 0.92610 1.08989 1.00374 0.93671 0.95935 0.90384 0.88471 0.86489 0.94021 1.04610 1.04933 0.99939 1.05088 1.02335 1.02402 1.02104 0.98313 0.92065 0.85267 0.87665 0.89210 0.86706 0.80371 0.85304 0.89378 0.85324 0.83170 0.87617 0.80617 0.79313 0.76254 0.74970 0.76162 0.76110 0.78371 0.74759 0.71274 0.69906 0.69512 0.67626 0.62619 0.61133 0.62036 0.59859 -9999 -9999 -9999 -9999
-9999 -9999 1.22459 1.19701 1.18844 1.24076 1.21249 1.06504 1.15502 1.16299 1.25852 1.14987 0.91367 -9999 -9999 -9999 -9999 -9999 0.75502 0.85872 0.86749 0.96727 0.97258 0.89394 0.91191 0.95419 1.12480 1.11283 1.06839 1.07308 1.01147 0.98316 1.00020 0.99697 1.03703 1.10578 1.05569 1.06521 1.04577 1.04316 0.99137 1.00026 0.95563 0.94155 0.97235 0.95471 0.93261 0.93553 0.97165 1.03376 1.01270 0.97009 0.93647 0.98067 0.89416 0.93999 0.86479 0.78824 0.78031 0.86001 0.83756 0.79349 0.77157 0.74164 0.73016 0.71174 0.69950 -9999 -9999 -9999 -9999 -9999 -9999
-9999 -9999 1.17975 1.19436 1.24261 1.24035 1.24500 1.10296 1.14136 1.21108 1.14730 1.11212 1.12197 -9999 -9999 -9999 -9999 1.01656 0.83716 0.97151 0.97010 1.02025 1.00695 1.04624 1.13150 1.21524 1.17620 1.12322 1.12252 1.14189 1.07249 0.99324 1.04375 1.09001 1.07910 1.08572 1.10920 1.11345 1.02180 0.96230 0.99395 0.94739 0.91851 0.94101 0.92358 0.96464 1.00344 0.96272 1.09166 1.06723 1.08077 1.07217 1.07571 1.06408 1.03761 1.13960 1.06560 0.88361 0.84549 0.89885 0.90472 0.80560 0.83150 0.85616 0.85919 -9999 -9999 -9999 -9999 -9999 0.61676 -9999 -9999
-9999 -9999 1.20865 1.13028 1.17074 1.17395 1.19667 1.16710 1.14366 1.15870 1.06878 1.05726 1.26477 -9999 -9999 -9999 -9999 0.88126 0.91104 0.97589 0.99869 1.09561 1.17377 1.22610 1.19599 1.21472 1.11919 1.16295 1.13496 1.12896 1.06815 1.05842 1.03088 1.03848 1.09703 1.07059 1.06407 1.06327 1.01340 1.05909 1.03248 1.04773 1.02634 0.94949 0.97693 0.94022 0.95959 0.95246 1.02567 1.04864 1.15522 1.08554 1.07189 1.05256 1.03690 1.18903 1.16905 0.99880 0.99269 0.99560 1.06465 1.03085 0.99602 0.90082 0.80387 0.75293 0.81238 0.71961 0.73861 -9999 -9999 -9999 0.59682
-9999 -9999 -9999 1.14682 1.13431 1.14231 1.19438 1.24903 1.17101 1.09523 1.20207 1.21549 -9999 -9999 -9999 -9999 0.95987 0.91287 1.01470 1.06798 1.11715 1.24128 1.20629 1.20772 1.19307 1.16741 1.15088 1.12094 1.13074 1.00185 1.01365 1.07550 1.11729 1.11145 1.10717 1.15931 1.19215 1.21800 1.20657 1.20553 1.15002 1.13151 1.07245 1.08132 1.14760 1.07221 1.11059 1.15525 1.12217 1.13687 1.07705 1.10178 1.12338 1.05112 0.99080 1.01926 1.02370 0.94063 0.94915 1.01874 1.00744 0.98224 0.86023 0.68219 0.59437 0.75769 0.82722 0.80158 0.81106 0.70609 -9999 -9999 0.67294
-9999 -9999 -9999 -9999 1.17762 1.16459 1.19630 1.16360 1.10008 1.27498 1.33938 -9999 -9999 -9999 -9999 1.03758 0.97532 1.04512 1.13559 1.14405 1.21716 1.29751 1.26858 1.16236 1.15930 1.23156 1.23207 1.21236 1.14634 1.12987 1.07721 1.20179 1.22485 1.20186 1.11520 1.18438 1.20415 1.25277 1.21829 1.21963 1.14856 1.13379 1.12989 1.15736 1.20259 1.15981 1.14909 1.18262 1.18636 1.18730 1.19623 1.18379 1.13897 1.11163 1.12313 1.15608 1.16714 0.99625 0.98499 1.03457 0.94594 0.84656 0.81480 0.81115 0.72871 0.78124 0.88174 0.91590 0.85130 0.84497 0.81598 0.77340 0.73768
-9999 -9999 -9999 -9999 -9999 -9999 1.17167 1.22376 1.33609 1.36818 1.37971 -9999 -9999 -9999 -9999 -9999 1.10140 1.13027 1.18719 1.18948 1.20931 1.52848 1.24931 1.19889 1.22417 1.32612 1.35920 1.27605 1.27911 1.23879 1.17573 1.24216 1.30395 1.17321 1.18907 1.27103 1.21416 1.16362 1.23926 1.15366 1.12831 1.04612 1.03803 1.11064 1.12147 1.19677 1.22480 1.21769 1.20149 1.18306 1.20744 1.18391 1.20344 1.19571 1.17650 1.17538 1.13924 1.07338 1.03367 0.98755 0.90954 0.84386 0.80979 0.75490 0.68998 0.76795 0.89612 1.02087 0.96410 0.90083 0.83699 0.79984 0.74296
-9999 -9999 -9999 -9999 -9999 -9999 -9999 -9999 -9999 -9999 -9999 -9999 -9999 -9999 -9999 -9999 -9999 -9999 -9999 1.21559 1.24302 1.45607 1.34653 1.31511 1.31778 1.34186 1.31721 1.42086 1.40762 1.27643 1.23750 1.32590 1.23124 1.22472 1.21826 1.24397 1.26507 1.20475 1.19816 1.10576 1.06209 1.07521 1.08861 1.12585 1.13238 1.20260 1.25110 1.23603 1.22741 1.18891 1.19445 1.22297 1.21474 1.24924 1.23032 1.18288 1.13864 1.11479 1.04373 0.98859 0.86489 0.86290 0.81366 0.74118 0.70893 0.87611 0.99707 1.09418 1.04443 0.87884 0.81579 0.79669 0.74072
-9999 -9999 -9999 -9999 -9999 -9999 -9999 -9999 -9999 -9999 -9999 -9999 -9999 -9999 -9999 -9999 -9999 -9999 1.23289 1.23974 1.33421 1.42228 1.44303 1.42639 1.44662 1.40647 1.45138 1.44995 1.41592 1.35185 1.35070 1.26882 1.22324 1.24173 1.25010 1.26066 1.21307 1.22262 1.13496 1.08479 1.03817 1.07445 1.07512 1.09445 1.10236 1.10812 1.18891 1.24929 1.27553 1.22980 1.22315 1.22259 1.23453 1.21820 1.19274 1.20994 1.17249 1.02575 0.93471 0.98192 0.98934 0.98151 0.90119 0.83367 0.78690 0.91007 0.99423 1.06407 1.02683 0.94857 0.86375 0.72685 0.78197
-9999 -9999 -9999 -9999 -9999 -9999 -9999 -9999 -9999 -9999 -9999 -9999 -9999 -9999 -9999 -9999 -9999 1.22836 1.24258 1.35832 1.37535 1.40056 1.43314 1.45496 1.49162 1.45957 1.49743 1.46733 1.35824 1.31408 1.29352 1.30053 1.26163 1.34111 1.33159 1.20373 1.12227 1.14497 1.15841 1.09270 1.07135 1.10510 1.08116 1.14371 1.15551 1.17725 1.20107 1.20326 1.26884 1.23142 1.25478 1.25941 1.23167 1.17976 1.17698 1.18384 1.12639 1.00483 0.95366 1.00720 1.08993 0.99405 0.80535 0.77233 0.91301 0.95451 0.94300 1.01758 0.98927 0.93902 0.80231 0.78145 0.78228
-9999 -9999 -9999 -9999 -9999 -9999 -9999 -9999 -9999 -9999 -9999 -9999 -9999 -9999 -9999 -9999 -9999 1.22206 1.27172 1.23231 1.31498 1.34971 1.40805 1.45910 1.62980 1.53573 1.55346 1.54966 1.50035 1.38169 1.36287 1.38408 1.40432 1.42398 1.30490 1.19544 1.16059 1.15401 1.06412 1.07253 1.07950 1.13717 1.15186 1.20436 1.19215 1.34816 1.34740 1.17501 1.19239 1.24276 1.25023 1.25363 1.22739 1.20095 1.18698 1.14135 1.03408 1.02546 1.05117 1.05858 1.00219 0.91975 0.88711 0.85282 0.75575 0.81372 0.90542 0.85845 0.93617 0.91694 0.86571 0.72962 0.64635
-9999 -9999 -9999 -9999 -9999 -9999 -9999 -9999 -9999 -9999 -9999 -9999 -9999 -9999 -9999 -9999 1.09760 1.13279 1.14668 1.20189 1.35561 1.46666 1.45055 1.55033 1.79802 1.59517 1.65338 1.80486 1.68687 1.49112 1.44258 1.47821 1.45367 1.48871 1.39556 1.28756 1.20000 1.14951 1.08096 1.13750 1.16397 1.18393 1.17856 1.25924 1.29761 1.37420 1.37885 1.17577 1.20136 1.24475 1.24941 1.25103 1.21536 1.21359 1.18362 1.14647 1.11671 1.08166 1.07379 1.01545 1.02058 0.96707 0.88851 0.76512 0.81206 0.83470 0.85469 0.89011 0.95169 0.89537 0.81221 0.69355 0.63752
-9999 -9999 -9999 -9999 -9999 -9999 -9999 -9999 -9999 -9999 -9999 -9999 -9999 1.11905 1.06140 1.08583 1.06737 1.01837 1.11911 1.32050 1.37771 1.31163 1.41161 1.45609 1.46849 1.73101 1.75096 1.77305 1.73986 1.72685 1.66941 1.59475 1.53336 1.49823 1.41323 1.30218 1.28065 1.27120 1.19792 1.20162 1.22198 1.29817 1.33071 1.42799 1.40027 1.36381 1.33219 1.32239 1.27124 1.24630 1.21252 1.18907 1.17763 1.22913 1.20657 1.15464 1.14577 1.14647 1.13307 1.09527 1.05526 1.04265 0.99488 0.95021 0.97444 1.01736 0.98638 0.92781 0.87217 0.82879 0.72282 0.62841 0.58391
-9999 -9999 -9999 -9999 -9999 -9999 -9999 -9999 -9999 -9999 -9999 -9999 1.16742 1.12916 1.10234 1.10587 1.12531 1.13838 1.15610 1.46322 1.37954 1.43008 1.47250 1.48865 1.51354 1.78851 1.76995 1.80581 1.74144 1.75001 1.72620 1.65688 1.60588 1.54406 1.49963 1.38346 1.31509 1.29420 1.22560 1.26772 1.25938 1.34779 1.41006 1.47160 1.44354 1.39980 1.35449 1.33056 1.29103 1.25720 1.23310 1.20686 1.17868 1.21972 1.21105 1.21095 1.17708 1.10924 1.05705 1.04751 1.04122 1.07246 1.04171 0.96490 0.98044 1.00817 0.96142 0.88701 0.83261 0.73342 0.62425 0.60513 0.54677
-9999 -9999 -9999 -9999 -9999 -9999 -9999 -9999 -9999 -9999 -9999 0.99407 1.05608 1.05001 1.14099 1.24713 1.29632 1.30161 1.32546 1.35794 1.40600 1.56014 1.55360 1.56387 1.56003 1.57344 1.58296 1.74031 1.82437 1.83947 1.75763 1.69528 1.64254 1.57356 1.51541 1.35458 1.24053 1.23475 1.26545 1.30662 1.38899 1.43443 1.51745 1.55323 1.50313 1.45040 1.40204 1.35885 1.31626 1.27228 1.23562 1.11895 1.14783 1.14176 1.14323 1.16156 1.20150 1.14296 1.19373 1.18276 1.13699 1.16747 1.14574 1.09126 1.04408 0.99966 0.92052 0.86957 0.75250 0.65538 0.54986 0.49448 0.47724
-9999 -9999 -9999 -9999 -9999 -9999 -9999 -9999 -9999 -9999 1.03612 1.03692 1.16043 1.10121 1.23881 1.34189 1.38324 1.37316 1.36621 1.38191 1.46332 1.61829 1.61974 1.63092 1.62111 1.61172 1.60468 1.84353 1.86668 1.82238 1.81655 1.75371 1.70202 1.60662 1.49342 1.31348 1.24475 1.24339 1.31140 1.35703 1.45767 1.54493 1.66835 1.60234 1.55834 1.50222 1.43644 1.38546 1.33817 1.29067 1.23872 1.11150 1.15554 1.14019 1.15763 1.17744 1.13502 1.16163 1.23557 1.20130 1.17792 1.17194 1.13595 1.08939 1.04101 0.96819 0.90313 0.81636 0.68828 0.57151 0.50164 0.48872 0.45497
-9999 -9999 -9999 -9999 -9999 -9999 -9999 -9999 -9999 1.28813 1.30976 1.28310 1.26002 1.25541 1.31782 1.36007 1.39436 1.44921 1.54802 1.57625 1.60771 1.62328 1.61929 1.68074 1.69823 1.74269 1.78196 1.76959 1.74191 1.75321 1.83180 1.66673 1.59891 1.40156 1.27533 1.20958 1.16745 1.29068 1.33967 1.52185 1.61754 1.74550 1.82517 1.75499 1.69842 1.64717 1.59559 1.42188 1.34595 1.30597 1.26529 1.15377 1.11301 0.97791 0.96878 1.24549 1.26835 1.28867 1.26329 1.25616 1.20872 1.18650 1.14798 1.08504 1.04025 0.95451 0.86701 0.72394 0.62776 0.54744 0.50527 0.47322 0.43692
-9999 -9999 -9999 -9999 -9999 -9999 -9999 -9999 -9999 -9999 1.40576 1.39412 1.36728 1.41417 1.55719 1.48467 1.48067 1.52045 1.56201 1.58069 1.56860 1.65861 1.67485 -9999 -9999 -9999 -9999 -9999 -9999 1.77079 1.77751 1.66981 1.59393 1.40566 1.25287 1.23387 1.20992 1.34153 1.42029 1.57708 1.67741 1.79224 1.83542 1.76879 1.74254 1.64329 1.58075 1.45416 1.36605 1.33191 1.28509 1.20740 1.12727 0.99069 0.97107 1.27601 1.31311 1.30240 1.26513 1.24793 1.22672 1.16660 1.13119 1.06349 0.91100 0.89292 0.77549 0.65845 0.52098 0.49673 0.45455 0.44455 0.42019
-9999 -9999 -9999 -9999 -9999 -9999 -9999 -9999 -9999 -9999 -9999 -9999 1.46135 1.53030 1.55560 1.90578 1.85516 1.86696 1.85596 -9999 -9999 -9999 -9999 -9999 -9999 -9999 -9999 -9999 -9999 -9999 -9999 -9999 -9999 1.47946 1.26391 1.30673 1.29816 1.45198 1.59906 1.69102 1.73306 1.78423 1.78381 1.81041 1.76206 1.72168 1.65849 1.53301 1.48100 1.40635 1.33913 1.12129 1.08871 1.09706 1.10959 1.28306 1.26447 1.26642 1.25983 1.24989 1.21456 1.13879 1.08690 1.01118 0.93559 0.85737 0.72557 0.61817 0.54203 0.52227 0.48077 0.45422 -9999
-9999 -9999 -9999 -9999 -9999 -9999 -9999 -9999 -9999 -9999 -9999 -9999 -9999 -9999 -9999 -9999 -9999 -9999 -9999 -9999 -9999 -9999 -9999 -9999 -9999 -9999 -9999 -9999 -9999 -9999 -9999 -9999 -9999 -9999 1.36453 1.32078 1.48049 1.53924 1.64496 1.73513 1.75030 1.72886 1.74093 1.79547 1.76031 1.71385 1.64238 1.55232 1.48855 1.41627 1.35936 1.15142 1.10739 1.10848 1.10274 1.30155 1.26642 1.18224 1.18426 1.20581 1.17416 1.10961 1.09878 1.00520 0.93027 0.81659 0.68758 0.58444 0.50554 0.49641 0.49163 -9999 -9999
-9999 -9999 -9999 -9999 -9999 -9999 -9999 -9999 -9999 -9999 -9999 -9999 -9999 -9999 -9999 -9999 -9999 -9999 -9999 -9999 -9999 -9999 -9999 -9999 -9999 -9999 -9999 -9999 -9999 -9999 -9999 -9999 -9999 -9999 1.49471 1.46286 1.41854 1.57519 1.75415 1.88657 1.84832 1.83202 1.81042 1.74437 1.69805 1.61575 1.58145 1.53977 1.47996 1.34337 1.28707 1.23222 1.23215 1.04787 1.05273 1.21356 1.24494 1.22166 1.18060 1.15334 1.12277 1.08333 1.02780 0.92144 0.83661 0.70180 0.64027 0.56239 0.49308 0.49688 -9999 -9999 -9999
-9999 -9999 -9999 -9999 -9999 -9999 -9999 -9999 -9999 -9999 -9999 -9999 -9999 -9999 -9999 -9999 -9999 -9999 -9999 -9999 -9999 -9999 -9999 -9999 -9999 -9999 -9999 -9999 -9999 -9999 -9999 -9999 -9999 -9999 -9999 -9999 -9999 -9999 1.84057 1.89193 1.86053 1.82412 1.78323 1.74285 1.67241 1.61359 1.56493 1.53146 1.47690 1.34616 1.31416 1.27547 1.26625 1.09002 1.05834 1.21459 1.19651 1.20488 1.17312 1.15408 1.08435 1.03911 0.92990 0.85204 0.72180 0.66667 0.59492 0.56214 0.55801 -9999 -9999 -9999 -9999
-9999 -9999 -9999 -9999 -9999 -9999 -9999 -9999 -9999 -9999 -9999 -9999 -9999 -9999 -9999 -9999 -9999 -9999 -9999 -9999 -9999 -9999 -9999 -9999 -9999 -9999 -9999 -9999 -9999 -9999 -9999 -9999 -9999 -9999 -9999 -9999 -9999 -9999 -9999 1.87836 1.81807 1.77883 1.73710 1.68791 1.64394 1.57902 1.53382 1.46815 1.41932 1.34538 1.34550 1.16679 1.20257 1.17079 1.21678 1.09708 1.09000 1.00353 1.07376 1.03018 1.01287 0.93512 0.86918 0.75925 0.70838 0.62786 0.61678 0.59020 -9999 -9999 -9999 -9999 -9999
-9999 -9999 -9999 -9999 -9999 -9999 -9999 -9999 -9999 -9999 -9999 -9999 -9999 -9999 -9999 -9999 -9999 -9999 -9999 -9999 -9999 -9999 -9999 -9999 -9999 -9999 -9999 -9999 -9999 -9999 -9999 -9999 -9999 -9999 -9999 -9999 -9999 -9999 -9999 -9999 -9999 -9999 -9999 1.63141 1.59055 1.53925 1.47561 1.41943 1.38956 1.31797 1.27187 1.02586 1.15250 1.25252 1.14847 1.07662 1.05218 1.04394 1.09729 1.00871 0.91008 0.85184 0.83936 0.70333 0.66617 0.64885 0.65761 -9999 -9999 -9999 -9999 -9999 -9999
