data/hydroclimate-scenarios/BCSD_hadcm_B1/monthly_summaries/vpd_monthly_avg_sep.2070-2099.asc
ncols	311
nrows	91
xllcenter	102.75
yllcenter	31.75
cellsize	0.5
NODATA_value	-9999
[rows 0 to 32 of 91, columns 73 to 145 of 311]
-9999 -9999 -9999 -9999 -9999 -9999 -9999 -9999 -9999 -9999 -9999 -9999 -9999 -9999 -9999 -9999 -9999 -9999 -9999 -9999 -9999 -9999 -9999 -9999 -9999 -9999 -9999 -9999 -9999 -9999 -9999 -9999 -9999 -9999 -9999 -9999 -9999 -9999 -9999 -9999 -9999 -9999 -9999 -9999 -9999 -9999 -9999 -9999 -9999 -9999 -9999 -9999 -9999 -9999 -9999 -9999 -9999 -9999 -9999 -9999 -9999 -9999 -9999 -9999 -9999 -9999 -9999 -9999 -9999 -9999 -9999 -9999 -9999
-9999 -9999 -9999 -9999 -9999 -9999 -9999 -9999 -9999 -9999 -9999 -9999 -9999 -9999 -9999 -9999 -9999 -9999 -9999 -9999 -9999 -9999 -9999 -9999 -9999 -9999 -9999 -9999 -9999 -9999 -9999 -9999 -9999 -9999 -9999 -9999 -9999 -9999 -9999 -9999 -9999 -9999 -9999 -9999 -9999 -9999 -9999 -9999 -9999 -9999 -9999 -9999 -9999 -9999 -9999 -9999 -9999 -9999 -9999 -9999 -9999 -9999 -9999 -9999 -9999 -9999 -9999 -9999 -9999 -9999 -9999 -9999 -9999
-9999 -9999 -9999 -9999 -9999 -9999 -9999 -9999 -9999 -9999 -9999 -9999 -9999 -9999 -9999 -9999 -9999 -9999 -9999 -9999 -9999 -9999 -9999 -9999 -9999 -9999 -9999 -9999 -9999 -9999 -9999 -9999 -9999 -9999 -9999 -9999 -9999 -9999 -9999 -9999 -9999 -9999 -9999 -9999 -9999 -9999 -9999 -9999 -9999 -9999 -9999 -9999 -9999 -9999 -9999 -9999 -9999 -9999 -9999 -9999 -9999 -9999 -9999 -9999 -9999 -9999 -9999 -9999 -9999 -9999 -9999 -9999 -9999
-9999 -9999 -9999 -9999 -9999 -9999 -9999 -9999 -9999 -9999 -9999 -9999 -9999 -9999 -9999 -9999 -9999 -9999 -9999 -9999 -9999 -9999 -9999 -9999 -9999 -9999 -9999 -9999 -9999 -9999 -9999 -9999 -9999 -9999 -9999 -9999 -9999 -9999 -9999 -9999 -9999 -9999 -9999 -9999 -9999 -9999 -9999 -9999 -9999 -9999 -9999 -9999 -9999 -9999 -9999 -9999 -9999 -9999 -9999 -9999 -9999 -9999 -9999 -9999 -9999 -9999 -9999 -9999 -9999 -9999 -9999 -9999 -9999
-9999 -9999 -9999 -9999 -9999 -9999 -9999 -9999 -9999 -9999 -9999 -9999 -9999 -9999 -9999 -9999 -9999 -9999 -9999 -9999 -9999 -9999 -9999 -9999 -9999 -9999 -9999 -9999 -9999 -9999 -9999 -9999 -9999 -9999 -9999 -9999 -9999 -9999 -9999 -9999 -9999 -9999 -9999 -9999 -9999 -9999 -9999 -9999 -9999 -9999 -9999 -9999 -9999 -9999 -9999 -9999 -9999 -9999 -9999 -9999 -9999 -9999 -9999 -9999 -9999 -9999 -9999 -9999 -9999 -9999 -9999 -9999 -9999
-9999 -9999 -9999 -9999 -9999 -9999 -9999 -9999 -9999 -9999 -9999 -9999 -9999 -9999 -9999 -9999 -9999 -9999 -9999 -9999 -9999 -9999 -9999 -9999 -9999 -9999 -9999 -9999 -9999 -9999 -9999 -9999 -9999 -9999 -9999 -9999 -9999 -9999 -9999 -9999 -9999 -9999 -9999 -9999 -9999 -9999 -9999 -9999 -9999 -9999 -9999 -9999 -9999 -9999 -9999 -9999 -9999 -9999 -9999 -9999 -9999 -9999 -9999 -9999 -9999 -9999 -9999 -9999 -9999 -9999 -9999 -9999 -9999
-9999 -9999 -9999 -9999 -9999 -9999 -9999 -9999 -9999 -9999 -9999 -9999 -9999 -9999 -9999 -9999 -9999 -9999 -9999 -9999 -9999 -9999 -9999 -9999 -9999 -9999 -9999 -9999 -9999 -9999 -9999 -9999 -9999 -9999 -9999 -9999 -9999 -9999 -9999 -9999 -9999 -9999 -9999 -9999 -9999 -9999 -9999 -9999 -9999 -9999 -9999 -9999 -9999 -9999 -9999 -9999 -9999 -9999 -9999 -9999 -9999 -9999 -9999 -9999 -9999 -9999 -9999 -9999 -9999 -9999 -9999 -9999 -9999
-9999 -9999 -9999 -9999 -9999 -9999 -9999 -9999 -9999 -9999 -9999 -9999 -9999 -9999 -9999 -9999 -9999 -9999 -9999 -9999 -9999 -9999 -9999 -9999 -9999 -9999 -9999 -9999 -9999 -9999 -9999 -9999 -9999 -9999 -9999 -9999 -9999 -9999 -9999 -9999 -9999 -9999 -9999 -9999 -9999 -9999 -9999 -9999 -9999 -9999 -9999 -9999 -9999 -9999 -9999 -9999 -9999 -9999 -9999 -9999 -9999 -9999 -9999 -9999 -9999 -9999 -9999 -9999 -9999 -9999 -9999 -9999 -9999
-9999 -9999 -9999 -9999 0.21506 -9999 -9999 -9999 -9999 -9999 -9999 -9999 -9999 -9999 -9999 -9999 -9999 -9999 -9999 -9999 -9999 -9999 -9999 -9999 -9999 -9999 -9999 -9999 -9999 -9999 -9999 -9999 -9999 -9999 -9999 -9999 -9999 -9999 -9999 -9999 -9999 -9999 -9999 -9999 -9999 -9999 -9999 -9999 -9999 -9999 -9999 -9999 -9999 -9999 -9999 -9999 -9999 -9999 -9999 -9999 -9999 -9999 -9999 -9999 -9999 -9999 -9999 -9999 -9999 -9999 -9999 -9999 -9999
0.23466 0.23661 0.22805 0.22339 0.22174 0.21935 0.22363 0.21924 0.21332 0.21160 0.20600 0.20171 0.19915 0.19738 0.19367 0.19297 0.19268 0.18885 0.18765 0.19036 -9999 -9999 -9999 -9999 -9999 -9999 -9999 -9999 -9999 -9999 -9999 -9999 -9999 -9999 -9999 -9999 -9999 -9999 -9999 -9999 -9999 -9999 -9999 -9999 -9999 -9999 -9999 -9999 -9999 -9999 -9999 -9999 -9999 -9999 -9999 -9999 -9999 -9999 -9999 -9999 -9999 -9999 -9999 -9999 -9999 -9999 -9999 -9999 -9999 -9999 -9999 -9999 -9999
-9999 -9999 0.24334 0.23983 0.24102 0.23879 0.23339 0.23090 0.22443 0.22208 0.21742 0.21253 0.20769 0.20711 0.20414 0.19901 0.19732 0.19543 0.19411 0.19463 -9999 -9999 -9999 -9999 -9999 -9999 -9999 -9999 -9999 -9999 -9999 -9999 -9999 -9999 -9999 -9999 -9999 -9999 -9999 -9999 -9999 -9999 -9999 -9999 -9999 -9999 -9999 -9999 -9999 -9999 -9999 -9999 -9999 -9999 -9999 -9999 -9999 -9999 -9999 -9999 -9999 -9999 -9999 -9999 -9999 -9999 -9999 -9999 -9999 -9999 -9999 -9999 -9999
0.25344 0.25554 0.25102 0.24881 0.24499 0.24430 0.24070 0.23754 0.22948 0.22723 0.22351 0.22030 0.21511 0.21182 0.20728 0.20322 0.20295 0.19924 0.19740 0.20063 0.20328 0.20297 0.20456 0.20635 0.21108 0.21349 -9999 -9999 -9999 -9999 -9999 -9999 -9999 -9999 -9999 -9999 -9999 -9999 -9999 -9999 -9999 -9999 -9999 -9999 -9999 -9999 -9999 -9999 -9999 -9999 -9999 -9999 -9999 -9999 -9999 -9999 -9999 -9999 -9999 -9999 -9999 -9999 -9999 -9999 -9999 -9999 -9999 -9999 -9999 -9999 -9999 -9999 -9999
0.26338 0.26003 0.26237 0.25855 0.25884 0.25613 0.25233 0.24727 0.24274 0.23856 0.23610 0.23045 0.22905 0.22252 0.21810 0.21453 0.20723 0.20433 0.20390 0.20588 0.20528 0.20957 0.21201 0.21536 0.21586 0.21640 0.21858 0.21887 0.22402 0.22634 0.22430 0.22375 0.22183 0.22253 0.22423 0.22445 0.22236 0.22168 0.21889 0.22393 0.22271 -9999 -9999 -9999 -9999 -9999 -9999 -9999 -9999 -9999 -9999 -9999 -9999 -9999 -9999 -9999 -9999 -9999 -9999 -9999 -9999 -9999 -9999 -9999 -9999 -9999 -9999 -9999 -9999 -9999 -9999 -9999 -9999
0.26907 0.26490 0.26368 0.26477 0.26476 0.26581 0.26147 0.25489 0.25224 0.24927 0.24526 0.23867 0.23657 0.23102 0.22715 0.22069 0.21763 0.21199 0.20743 0.20596 0.20761 0.20956 0.21352 0.21831 0.22232 0.22278 0.22184 0.22115 0.23082 0.23051 0.23231 0.23212 0.22967 0.22966 0.22999 0.23078 0.22967 0.22762 0.22573 0.22434 0.22449 0.22612 -9999 -9999 -9999 -9999 -9999 -9999 -9999 -9999 -9999 -9999 -9999 -9999 -9999 -9999 -9999 -9999 -9999 -9999 -9999 -9999 -9999 -9999 -9999 -9999 -9999 -9999 -9999 -9999 -9999 -9999 -9999
0.25090 0.23686 0.25177 0.25435 0.24960 0.25174 0.25150 0.25332 0.24910 0.24746 0.24712 0.24441 0.24107 0.23761 0.23264 0.22891 0.22430 0.21724 0.21455 0.21321 0.21432 0.21710 0.22012 0.21670 0.22308 0.22971 0.23245 0.22856 0.23149 0.23332 0.23442 0.23224 0.23499 0.23648 0.23674 0.23519 0.23798 0.23579 0.23199 0.22870 0.22686 0.23034 -9999 -9999 -9999 -9999 -9999 -9999 -9999 -9999 -9999 -9999 -9999 -9999 -9999 -9999 -9999 0.23633 0.23581 -9999 -9999 -9999 -9999 0.20987 0.19651 0.18624 0.18891 0.19777 0.19734 0.19514 0.19203 0.18755 0.18191
0.25739 0.24730 0.26257 0.27216 0.26898 0.25900 0.25316 0.25242 0.26237 0.26058 0.25571 0.24769 0.24470 0.24725 0.24199 0.24170 0.23345 0.23221 0.22893 0.22538 0.22561 0.23255 0.23574 0.23602 0.23915 0.23846 0.23948 0.24192 0.24343 0.24339 0.24257 0.24210 0.24421 0.24396 0.24365 0.24025 0.24167 0.24132 0.23886 0.23878 0.23690 0.23753 0.23926 0.24053 0.23895 0.23859 0.22324 0.21990 0.22585 0.22167 0.21963 0.22490 0.22245 0.22194 0.23794 0.24033 0.24137 0.23817 0.23693 -9999 -9999 -9999 -9999 -9999 0.21403 0.20224 0.19726 0.19292 0.18902 0.18977 0.18297 0.18306 0.18079
0.26120 0.24282 0.25770 0.27292 0.27395 0.27400 0.27906 0.28113 0.28150 0.28041 0.27207 0.26882 0.26554 0.25771 0.25436 0.25153 0.24636 0.24378 0.24397 0.24336 0.24471 0.24386 0.24778 0.24690 0.25087 0.25090 0.25108 0.25099 0.25385 0.25648 0.25576 0.25336 0.25181 0.25164 0.24762 0.24732 0.24992 0.24567 0.24630 0.24425 0.24205 0.24278 0.24488 0.24557 0.24714 0.24476 0.23398 0.22682 0.23320 0.23864 0.23124 0.21846 0.20826 0.22283 0.21422 0.21396 0.21755 0.22592 0.22949 0.22341 0.23149 0.23850 0.23604 0.23302 0.22377 0.21872 0.21046 0.20552 0.19082 0.19053 0.18273 0.17384 0.17191
0.27928 0.24996 0.24722 0.26142 0.26658 0.26556 0.29862 0.30003 0.29777 0.29458 0.28622 0.28286 0.27672 0.27197 0.26756 0.26672 0.25991 0.25121 0.24935 0.25519 0.25429 0.25737 0.25855 0.25851 0.25957 0.26129 0.26103 0.26293 0.26383 0.26368 0.26059 0.26082 0.25954 0.25797 0.25546 0.25360 0.25757 0.25529 0.25583 0.25252 0.24802 0.25087 0.25009 0.25067 0.25164 0.25349 0.25006 0.24903 0.24286 0.24669 0.24032 0.23993 0.22869 0.21605 0.21342 0.21797 0.21920 0.21618 0.21992 0.21172 0.21995 0.23448 0.23645 0.23885 0.23315 0.22875 0.22109 0.20640 0.18996 0.18546 0.18095 0.17536 0.17229
0.25359 0.29792 0.27855 0.29250 0.29625 0.27623 0.28945 0.30309 0.30340 0.30373 0.29570 0.29214 0.28648 0.28382 0.28085 0.27720 0.26947 0.24700 0.25047 0.25750 0.25856 0.26817 0.27174 0.27010 0.27593 0.27608 0.27589 0.27315 0.27530 0.27486 0.27141 0.27110 0.26879 0.26830 0.26847 0.26231 0.26160 0.25766 0.25558 0.25549 0.24166 0.23817 0.24309 0.25132 0.25861 0.26374 0.26030 0.25226 0.24605 0.24500 0.23957 0.23822 0.23690 0.24155 0.23703 0.22439 0.22225 0.21722 0.21482 0.20777 0.20231 0.21643 0.22211 0.22422 0.22302 0.21950 0.21130 0.20479 0.19659 0.19413 0.18914 0.17921 0.17611
0.24720 0.24538 0.27351 0.30284 0.30417 0.28330 0.28041 0.29952 0.26559 0.26852 0.27594 0.29042 0.29443 0.29373 0.29317 0.29127 0.28293 0.26926 0.26315 0.26974 0.27259 0.27688 0.28382 0.28405 0.28817 0.28637 0.28645 0.28801 0.28501 0.28206 0.27627 0.27754 0.27874 0.26844 0.26608 0.26546 0.26412 0.25531 0.25210 0.25613 0.25783 0.25270 0.24309 0.24268 0.25238 0.25543 0.26482 0.25141 0.24513 0.24727 0.24452 0.24973 0.24041 0.22825 0.22379 0.21276 0.22617 0.23016 0.23164 0.23243 0.22742 0.21754 0.20808 0.22148 0.20913 0.21357 0.21521 0.20920 0.20735 0.21379 0.20769 0.18966 0.18590
0.24930 0.23842 0.23670 0.27241 0.28847 0.29867 0.30042 0.31086 0.28643 0.25337 0.23074 0.21996 0.24857 0.26844 0.28416 0.29720 0.29665 0.29709 0.29342 0.29418 0.29298 0.29425 0.29490 0.29650 0.29482 0.29573 0.29609 0.29280 0.28905 0.28475 0.28053 0.27565 0.28401 0.27461 0.26821 0.25715 0.26613 0.26875 0.25538 0.25117 0.25692 0.25557 0.24877 0.25160 0.25107 0.25504 0.26257 0.26478 0.26492 0.26198 0.25700 0.25342 0.24981 0.24929 0.23365 0.22538 0.23087 0.21750 0.22268 0.22977 0.23196 0.24073 0.24097 0.23877 0.22873 0.22167 0.22470 0.22159 0.22222 0.22658 0.22133 0.20559 0.19594
0.23501 0.23108 0.24001 0.24468 0.24538 0.25723 0.27727 0.29950 0.32039 0.29784 0.27782 0.25689 0.24026 0.23563 0.23859 0.24889 0.26717 0.27513 0.28950 0.29710 0.30014 0.30282 0.30482 0.30444 0.30659 0.30325 0.29533 0.28728 0.29933 0.27332 0.26592 0.26525 0.26963 0.26608 0.26576 0.26104 0.26636 0.26336 0.25569 0.25388 0.25976 0.25300 0.24918 0.24724 0.24568 0.24871 0.25257 0.25841 0.24366 0.23941 0.23398 0.23312 0.23570 0.23830 0.22203 0.23545 0.23609 0.22433 0.23499 0.23663 0.24162 0.25633 0.24797 0.24768 0.23144 0.23580 0.23590 0.23665 0.24005 0.23583 0.22641 0.20643 0.20807
0.23840 0.24451 0.23674 0.23188 0.24058 0.25325 0.25498 0.27633 0.28450 0.27873 0.27829 0.28648 0.28021 0.27596 0.26511 0.24603 0.24046 0.24546 0.25706 0.26599 0.28724 0.30385 0.31545 0.31625 0.31454 0.30355 0.29018 0.29309 0.29257 0.28758 0.27217 0.27690 0.26653 0.28509 0.27941 0.27114 0.25393 0.25932 0.26568 0.27182 0.26376 0.25577 0.23961 0.23784 0.23501 0.23979 0.24087 0.22910 0.22343 0.22903 0.22419 0.21676 0.22537 0.21925 0.23575 0.22859 0.24697 0.25279 0.25429 0.26458 0.25986 0.26145 0.24873 0.25749 0.26371 0.26302 0.25746 0.25197 0.25547 0.24922 0.22835 0.21373 0.22281
0.27173 0.27261 0.25179 0.24113 0.24542 0.24768 0.25026 0.27255 0.30133 0.25014 0.25569 0.26905 0.24491 0.23790 0.23318 0.29724 0.26098 0.22922 0.23349 0.24319 0.26029 0.31154 0.32337 0.32989 0.32513 0.31744 0.30346 0.30641 0.29778 0.29643 0.29148 0.29056 0.30281 0.29285 0.28071 0.27740 0.26534 0.25997 0.24602 0.25989 0.26147 0.25157 0.26928 0.26705 0.25462 0.24598 0.23749 0.23304 0.22857 0.23301 0.23713 0.23549 0.22892 0.22489 0.23293 0.23091 0.25392 0.26057 0.27404 0.27850 0.26937 0.26326 0.28070 0.28549 0.28218 0.27876 0.27337 0.26697 0.25861 0.25790 0.24148 0.24093 0.23456
0.27599 0.28346 0.27360 0.27374 0.27442 0.26981 0.27509 0.27258 0.27859 0.27007 0.27382 0.28469 0.26069 0.25277 0.24015 0.24721 0.26391 0.27603 0.26329 0.25906 0.27160 0.28094 0.30937 0.32726 0.33339 0.32830 0.32167 0.32663 0.30864 0.31098 0.31912 0.30521 0.29820 0.29512 0.28972 0.28464 0.27614 0.26339 0.24815 0.24761 0.24590 0.24684 0.27215 0.27358 0.26051 0.25087 0.24356 0.23346 0.23156 0.24210 0.24693 0.23166 0.24124 0.24366 0.24934 0.25931 0.24359 0.26160 0.26792 0.27901 0.28466 0.29924 0.30336 0.29847 0.29117 0.27979 0.26507 0.26863 0.26722 0.26551 0.25537 0.25217 0.24135
0.26992 0.27107 0.27316 0.28779 0.29379 0.29642 0.30126 0.30628 0.28579 0.26484 0.27649 0.29198 0.29076 0.27393 0.26807 0.25952 0.24134 0.25039 0.26463 0.28445 0.29806 0.29266 0.29004 0.30070 0.32971 0.32742 0.32192 0.31003 0.31392 0.31179 0.32777 0.31696 0.30532 0.28325 0.28300 0.26395 0.27201 0.24947 0.23257 0.24517 0.24615 0.23304 0.24429 0.26015 0.25746 0.25299 0.25571 0.24896 0.24119 0.25977 0.26846 0.26701 0.26838 0.26902 0.26750 0.26096 0.26971 0.26174 0.28010 0.28433 0.28796 0.29496 0.30022 0.30377 0.29750 0.28751 0.27771 0.26224 0.26195 0.26225 0.26179 0.24589 0.23716
0.25447 0.25436 0.26963 0.27686 0.28770 0.29882 0.31499 0.30056 0.30231 0.28759 0.26505 0.27560 0.29935 0.29909 0.27837 0.26327 0.24938 0.25145 0.26305 0.26712 0.27547 0.28773 0.29513 0.31026 0.30906 0.32267 0.33009 0.31945 0.33080 0.31367 0.32147 0.29258 0.28023 0.29618 0.27578 0.25862 0.26270 0.26275 0.24547 0.23902 0.23885 0.24637 0.24765 0.25447 0.25564 0.25335 0.25675 0.24872 0.25242 0.24910 0.25499 0.25255 0.25138 0.25603 0.26050 0.27562 0.28613 0.29537 0.29976 0.29772 0.29831 0.30053 0.30427 0.30255 0.30077 0.29258 0.26612 0.25363 0.25218 0.25429 0.26066 0.25909 0.26219
0.25468 0.25667 0.25693 0.28268 0.28850 0.31033 0.31096 0.32074 0.33862 0.32309 0.30528 0.27740 0.28464 0.28438 0.27706 0.28547 0.27776 0.28149 0.25366 0.27424 0.28645 0.29631 0.30419 0.29822 0.28716 0.31175 0.33145 0.34043 0.31125 0.31483 0.31625 0.29054 0.27482 0.29234 0.27750 0.26671 0.25447 0.25442 0.25207 0.24700 0.25322 0.25127 0.25477 0.25052 0.26965 0.26480 0.26042 0.25824 0.25955 0.25751 0.26479 0.27277 0.26902 0.27888 0.27537 0.28490 0.29695 0.29946 0.30317 0.29838 0.30115 0.29710 0.27464 0.28233 0.27308 0.27433 0.26562 0.27288 0.26669 0.26275 0.26187 0.25164 0.24071
0.26619 0.26000 0.25981 0.25447 0.26206 0.29007 0.29691 0.30310 0.31901 0.30549 0.31279 0.29693 0.27280 0.28185 0.29890 0.30284 0.28963 0.29193 0.29393 0.27462 0.27936 0.29847 0.31601 0.33422 0.32190 0.32973 0.35596 0.34047 0.33608 0.32583 0.30768 0.29580 0.28536 0.27512 0.27952 0.26613 0.24902 0.23887 0.25365 0.25822 0.25028 0.26664 0.27893 0.28353 0.29698 0.31063 0.30596 0.31033 0.31267 0.31365 0.30739 0.29576 0.28796 0.28385 0.28762 0.30207 0.30124 0.30470 0.30409 0.30119 0.28692 0.26692 0.25847 0.26582 0.26205 0.26374 0.26868 0.26983 0.26463 0.26323 0.25476 0.25341 0.25950
0.27624 0.27823 0.26230 0.26151 0.24973 0.27432 0.28323 0.27753 0.27525 0.28337 0.29498 0.27598 0.27943 0.29121 0.28879 0.29378 0.29995 0.29829 0.29284 0.28057 0.26310 0.29361 0.32074 0.32564 0.30467 0.31862 0.31937 0.30393 0.32237 0.32825 0.30399 0.29341 0.28345 0.28278 0.27461 0.27438 0.25821 0.25295 0.26667 0.28627 0.27579 0.29327 0.32036 0.31811 0.31259 0.31395 0.29657 0.30884 -9999 -9999 0.31505 0.31327 0.31254 0.29595 0.29383 0.30012 0.30168 0.29223 0.28962 0.27378 0.26132 0.26420 0.26367 0.26563 0.25748 0.25424 0.25923 0.26515 0.26387 0.27126 0.26144 0.26791 0.27581
0.28834 0.28073 0.27900 0.28621 0.27326 0.28834 0.28323 0.27432 0.27979 0.28083 0.27659 0.27279 0.28452 0.29175 0.27438 0.28590 0.29596 0.28376 0.28890 0.29831 0.29559 0.29278 0.26996 0.28810 0.28668 0.30373 0.30046 0.30693 0.29932 0.31958 0.30531 0.28990 0.28152 0.27959 0.26866 0.29267 0.31329 -9999 -9999 -9999 -9999 0.33048 -9999 0.30259 0.27915 0.29664 0.29938 0.32685 -9999 -9999 0.30870 0.30713 0.30941 0.30472 0.30877 0.30280 0.29509 0.28163 0.28189 0.27415 0.26788 0.26487 0.26974 0.25277 0.25137 0.25591 0.26686 0.27576 0.27942 0.29359 -9999 -9999 -9999
0.29847 0.28660 0.28934 0.31169 0.28102 0.29597 0.31889 0.31494 0.31077 0.30698 0.28997 0.28226 0.29184 0.31180 0.29245 0.28164 0.27784 0.28294 0.27494 0.29169 0.28912 0.28995 0.28450 0.29113 0.28651 0.28781 0.29366 0.30133 0.29570 0.29474 0.28997 0.28988 0.27597 0.29043 0.29990 -9999 -9999 -9999 -9999 -9999 -9999 -9999 0.31911 0.30945 0.30865 -9999 -9999 -9999 -9999 -9999 0.32684 0.31205 0.28762 0.29317 0.28223 0.29163 0.29538 0.28325 0.29580 0.29699 0.28763 0.27645 0.28244 0.28581 0.27090 0.26539 0.27390 0.29727 -9999 -9999 -9999 -9999 -9999
0.29648 0.30436 0.31576 0.32958 0.32836 0.30514 0.33211 0.34582 0.33453 0.33480 0.31370 0.33171 0.32943 0.33551 0.31559 0.30334 0.30442 0.29736 0.29769 0.29211 0.28810 0.27415 0.27005 0.27691 0.27542 0.27643 0.27105 0.27635 0.28388 0.27701 0.28641 0.29820 0.30161 0.33726 -9999 -9999 -9999 -9999 -9999 -9999 -9999 -9999 -9999 0.32971 -9999 -9999 -9999 -9999 0.33899 0.32779 0.32264 0.30470 0.29215 0.30230 0.30458 0.29737 0.29570 0.29863 0.30147 0.30415 0.30209 0.28606 0.28905 0.28271 0.28761 -9999 -9999 -9999 -9999 -9999 -9999 -9999 -9999
