data/hydroclimate-scenarios/BCSD_hadcm_B1/monthly_summaries/vpd_monthly_avg_feb.2030-2059.asc
ncols	311
nrows	91
xllcenter	102.75
yllcenter	31.75
cellsize	0.5
NODATA_value	-9999
[rows 33 to 65 of 91, columns 0 to 72 of 311]
-9999 -9999 -9999 -9999 -9999 -9999 -9999 -9999 -9999 -9999 -9999 0.04933 0.04657 0.04613 0.04472 0.04347 0.04261 0.04202 0.04215 0.04151 0.04082 0.04021 0.03997 0.03903 0.03705 0.03591 0.03559 0.03708 0.03861 0.04102 0.03920 0.03835 0.03794 0.03766 0.03630 0.03642 0.03486 0.03374 0.03220 0.02864 0.02882 0.02622 0.02637 0.02510 0.02353 0.02245 0.02170 0.02160 0.02130 0.02117 0.02082 0.02099 0.02080 0.02068 0.02080 0.02080 0.02032 0.01985 0.02014 0.01982 0.01986 0.01963 0.02096 0.02096 0.02143 0.02159 0.02178 0.02040 0.01949 0.01804 0.01927 0.01668 0.01852
-9999 -9999 -9999 -9999 -9999 -9999 -9999 -9999 -9999 -9999 -9999 -9999 0.04795 0.04747 0.04651 0.04601 0.04542 0.04576 0.04598 0.04575 0.04433 0.04153 0.03821 0.03540 0.03393 0.03048 0.03153 0.03160 0.03584 0.03790 0.03873 0.04095 0.04051 0.03976 0.03837 0.03716 0.03605 0.03514 0.03384 0.03099 0.03010 0.02920 0.02803 0.02859 0.02760 0.02609 0.02601 0.02569 0.02538 0.02471 0.02463 0.02379 0.02295 0.02319 0.02204 0.02200 0.02218 0.02251 0.02242 0.02299 0.02300 0.02298 0.02258 0.02228 0.02341 0.02378 0.02428 0.02275 0.01936 0.01856 0.02229 0.02177 0.02249
-9999 -9999 -9999 -9999 -9999 -9999 -9999 -9999 -9999 -9999 -9999 -9999 0.04962 0.04889 0.04785 0.04768 0.04790 0.04824 0.04758 0.04597 0.04442 0.03709 0.03389 0.03159 0.02882 0.03055 0.03247 0.03064 0.03437 0.03549 0.03610 0.03716 0.04132 0.04201 0.04148 0.04023 0.03881 0.03839 0.03775 0.03511 0.03372 0.03159 0.03140 0.03168 0.03234 0.03196 0.03123 0.03008 0.02846 0.02628 0.02543 0.02532 0.02499 0.02498 0.02491 0.02488 0.02503 0.02525 0.02521 0.02529 0.02500 0.02299 0.02317 0.02279 0.02452 0.02662 0.02556 0.02547 0.02372 0.02366 0.02313 0.02509 0.02586
-9999 -9999 -9999 -9999 -9999 -9999 -9999 -9999 -9999 -9999 -9999 -9999 0.05065 0.05207 0.05059 0.04981 0.04860 0.04853 0.04605 0.04305 0.04042 0.03552 0.03325 0.03052 0.03059 0.02960 0.03196 0.03523 0.03492 0.03816 0.03993 0.04336 0.04188 0.04066 0.04371 0.04370 0.04293 0.04060 0.04115 0.03878 0.03510 0.03238 0.03371 0.03408 0.03475 0.03492 0.03317 0.02952 0.02847 0.02907 0.02839 0.02782 0.02799 0.02694 0.02774 0.02742 0.02741 0.02689 0.02653 0.02604 0.02606 0.02427 0.02535 0.02722 0.02727 0.02728 0.02741 0.02777 0.02553 0.02716 0.02796 0.02847 0.02880
-9999 -9999 -9999 0.05983 0.05822 0.05702 0.05720 0.05643 0.05411 -9999 0.05223 0.05253 0.05324 0.05385 0.05283 0.05071 0.04930 0.04881 0.04483 0.04204 0.04044 0.03721 0.03402 0.03238 0.03204 0.03311 0.03558 0.03406 0.03531 0.03289 0.03820 0.04337 0.04144 0.03655 0.04107 0.04270 0.04089 0.04029 0.04039 0.04151 0.04043 0.03588 0.03641 0.03623 0.03499 0.03325 0.02915 0.03148 0.03001 0.02918 0.02768 0.02669 0.02561 0.02312 0.02441 0.02200 0.02097 0.02679 0.02421 0.02727 0.02876 0.02702 0.02813 0.02853 0.03085 0.03103 0.02989 0.02947 0.03052 0.03061 0.03012 0.03010 0.02819
-9999 -9999 -9999 0.06387 0.06198 0.06085 0.05758 0.05561 0.05502 0.05419 0.05488 0.05504 0.05283 0.05213 0.04936 0.04576 0.04400 0.04391 0.04274 0.04188 0.04098 0.03724 0.03675 0.03652 0.03501 0.03671 0.03616 0.03606 0.03519 0.03294 0.03801 0.03856 0.03922 0.03707 0.03907 0.03940 0.03948 0.03594 0.04160 0.03704 0.03600 0.03858 0.03871 0.03528 0.03246 0.02907 0.02875 0.03363 0.02940 0.02733 0.02593 0.02543 0.02401 0.02359 0.02670 0.02403 0.02653 0.02649 0.02436 0.02585 0.02730 0.02799 0.02879 0.03052 0.03131 0.03520 0.03492 0.03757 0.03639 0.03552 0.03408 0.03431 0.03076
-9999 -9999 -9999 0.06730 0.06480 0.06033 0.05821 0.05652 0.05737 0.05748 0.05573 0.05418 0.05085 0.04688 0.04186 0.04402 0.04205 0.04288 0.04427 0.04453 0.04192 0.03843 0.03866 0.03584 0.03376 0.03666 0.03736 0.03750 0.03889 0.03335 0.03005 0.03393 0.03929 0.03988 0.03829 0.03959 0.04122 0.04229 0.04248 0.04012 0.03851 0.03929 0.03978 0.03757 0.03709 0.03317 0.03299 0.03202 0.03114 0.02735 0.02559 0.02869 0.02736 0.02733 0.02854 0.02775 0.02900 0.03030 0.02824 0.02810 0.03101 0.03244 0.03474 0.03305 0.03597 0.03743 0.03751 0.03715 0.03324 0.03402 0.03260 0.03793 0.03791
-9999 -9999 -9999 0.06635 0.06911 0.06078 0.06065 0.05617 0.05456 0.05302 0.05429 0.05401 0.04709 0.04414 0.04183 0.04201 0.04057 0.03924 0.04104 0.04370 0.03975 0.03581 0.03268 0.03446 0.03586 0.03799 0.04059 0.04024 0.03470 0.03090 0.03435 0.04468 0.03997 0.03479 0.03488 0.03838 0.04353 0.04859 0.04463 0.04575 0.04357 0.03843 0.03501 0.03556 0.03931 0.03419 0.03204 0.03574 0.03044 0.03151 0.02717 0.02961 0.02884 0.02663 0.02864 0.02936 0.03028 0.02914 0.02864 0.02987 0.02778 0.03338 0.03518 0.03692 0.03827 0.04054 0.03996 0.03858 0.03360 0.03467 0.04338 0.05029 -9999
-9999 -9999 -9999 0.06821 0.06975 0.05987 0.05870 0.05618 0.05227 0.05308 0.05573 0.05027 0.04415 0.04095 0.03719 0.03874 0.03793 0.04082 0.04616 0.05026 0.04522 0.04184 0.03839 0.04316 0.04447 0.04572 0.04890 0.04567 0.03959 0.03600 0.03572 0.03929 0.03774 0.04077 0.04278 0.04395 0.04403 0.04874 0.05084 0.04948 0.04561 0.04184 0.03911 0.03763 0.03924 0.03864 0.03773 0.03721 0.03514 0.03317 0.03180 0.03524 0.03244 0.02790 0.03262 0.02915 0.03379 0.03430 0.03284 0.02940 0.03124 0.03387 0.03649 0.03415 0.03548 0.04230 0.04108 0.03779 0.03648 0.04413 0.05554 -9999 -9999
-9999 -9999 -9999 -9999 0.06190 0.05703 0.05689 0.05173 0.05039 0.05103 0.05542 0.05001 0.03777 0.04350 -9999 -9999 -9999 -9999 -9999 0.04097 0.04131 0.04486 0.04165 0.03732 0.04033 0.04349 0.05082 0.04696 0.04450 0.04648 0.04378 0.04341 0.04273 0.04741 0.05389 0.05620 0.05311 0.05659 0.05532 0.05431 0.05496 0.05266 0.04876 0.04328 0.04359 0.04381 0.04132 0.03699 0.03844 0.04004 0.03620 0.03513 0.03748 0.03263 0.03149 0.02963 0.02920 0.03012 0.03123 0.03337 0.03265 0.03253 0.03489 0.03790 0.03931 0.03941 0.04241 0.04872 0.05376 -9999 -9999 -9999 -9999
-9999 -9999 0.07161 0.06530 0.06096 0.05928 0.05621 0.04940 0.05202 0.05122 0.05383 0.04790 0.03818 -9999 -9999 -9999 -9999 -9999 0.03588 0.04413 0.04658 0.05508 0.05328 0.04673 0.04611 0.04748 0.05582 0.05518 0.05361 0.05409 0.05127 0.04997 0.05278 0.05342 0.05693 0.06359 0.05973 0.06085 0.05914 0.05956 0.05696 0.05872 0.05580 0.05509 0.05530 0.05323 0.04984 0.04818 0.04990 0.05139 0.04809 0.04627 0.04456 0.04550 0.04046 0.04328 0.03905 0.03459 0.03528 0.04221 0.04227 0.04282 0.04413 0.04359 0.04760 0.05030 0.05345 -9999 -9999 -9999 -9999 -9999 -9999
-9999 -9999 0.07222 0.06769 0.06594 0.06151 0.06025 0.05236 0.05237 0.05364 0.04965 0.04600 0.04571 -9999 -9999 -9999 -9999 0.04749 0.04216 0.05343 0.05775 0.06258 0.05852 0.05724 0.06001 0.06307 0.06027 0.05705 0.05767 0.05991 0.05624 0.05176 0.05867 0.06333 0.06260 0.06448 0.06519 0.06631 0.05924 0.05667 0.06152 0.05892 0.05884 0.06062 0.05687 0.05657 0.05745 0.05285 0.06059 0.05526 0.05522 0.05537 0.05549 0.05345 0.05237 0.05853 0.05414 0.04362 0.04161 0.04710 0.05055 0.04533 0.05086 0.05791 0.06364 -9999 -9999 -9999 -9999 -9999 0.06153 -9999 -9999
-9999 -9999 0.07805 0.06839 0.06596 0.06301 0.06133 0.05697 0.05443 0.05239 0.04686 0.04506 0.07212 -9999 -9999 -9999 -9999 0.04373 0.04854 0.05661 0.06184 0.06827 0.07061 0.06924 0.06565 0.06522 0.05936 0.06136 0.05898 0.05970 0.05763 0.05770 0.05955 0.06251 0.06933 0.06742 0.06523 0.06435 0.06102 0.06553 0.06675 0.07145 0.07383 0.06722 0.06552 0.05889 0.05748 0.05473 0.05786 0.05657 0.06145 0.05809 0.05727 0.05528 0.05478 0.06380 0.06394 0.05325 0.05466 0.05761 0.06664 0.06787 0.06886 0.06349 0.05791 0.05636 0.06608 0.05959 0.06459 -9999 -9999 -9999 0.05783
-9999 -9999 -9999 0.07428 0.06883 0.06688 0.06664 0.06462 0.05832 0.05271 0.05440 0.07012 -9999 -9999 -9999 -9999 0.04576 0.04749 0.05658 0.06359 0.06819 0.07637 0.07276 0.07097 0.06732 0.06470 0.06208 0.05950 0.05892 0.05101 0.05259 0.05918 0.06574 0.07009 0.07474 0.07671 0.07659 0.07645 0.07487 0.07540 0.07560 0.07999 0.08014 0.08054 0.08117 0.07213 0.07194 0.07061 0.06653 0.06444 0.05820 0.05831 0.06058 0.05559 0.05144 0.05317 0.05435 0.04985 0.05282 0.06129 0.06408 0.06530 0.05734 0.04369 0.03714 0.05522 0.06596 0.06460 0.06733 0.06194 -9999 -9999 0.05299
-9999 -9999 -9999 -9999 0.07763 0.07310 0.06987 0.06371 0.05874 0.06286 0.08006 -9999 -9999 -9999 -9999 0.04775 0.04892 0.05710 0.06651 0.07079 0.07639 0.08095 0.07844 0.06951 0.06624 0.06968 0.06757 0.06442 0.05912 0.05794 0.05570 0.06624 0.07142 0.07455 0.07242 0.07625 0.07694 0.07842 0.07630 0.07794 0.07584 0.08022 0.08385 0.08513 0.08648 0.08019 0.07559 0.07512 0.07325 0.06923 0.06729 0.06610 0.06260 0.06050 0.06147 0.06449 0.06626 0.05604 0.05729 0.06496 0.06076 0.05568 0.05458 0.05624 0.05143 0.05772 0.06915 0.07195 0.06460 0.06487 0.06176 0.05727 0.05417
-9999 -9999 -9999 -9999 -9999 -9999 0.07343 0.07055 0.08129 0.08326 0.06664 -9999 -9999 -9999 -9999 -9999 0.05863 0.06626 0.07279 0.07605 0.07849 0.09827 0.07785 0.07256 0.07067 0.07488 0.07403 0.06737 0.06524 0.06267 0.06027 0.06606 0.07300 0.06892 0.07266 0.07959 0.07702 0.07209 0.07879 0.07455 0.07596 0.07184 0.07437 0.08077 0.07914 0.08282 0.08196 0.07742 0.07361 0.07159 0.07008 0.06681 0.06711 0.06637 0.06494 0.06571 0.06515 0.06176 0.06128 0.06143 0.05851 0.05570 0.05430 0.05092 0.04719 0.05530 0.06801 0.07731 0.07017 0.06421 0.05887 0.05605 0.05090
-9999 -9999 -9999 -9999 -9999 -9999 -9999 -9999 -9999 -9999 -9999 -9999 -9999 -9999 -9999 -9999 -9999 -9999 -9999 0.08236 0.08426 0.09653 0.08718 0.08182 0.07839 0.07550 0.07195 0.07533 0.07109 0.06238 0.06110 0.06731 0.06631 0.06913 0.07112 0.07457 0.07793 0.07564 0.07603 0.07235 0.07050 0.07423 0.07853 0.08125 0.07980 0.08250 0.08282 0.08079 0.07743 0.07340 0.07152 0.07081 0.06914 0.07197 0.06886 0.06802 0.06613 0.06641 0.06273 0.06226 0.05433 0.05743 0.05555 0.04989 0.04886 0.06585 0.07636 0.08145 0.07469 0.06119 0.05611 0.05476 0.04960
-9999 -9999 -9999 -9999 -9999 -9999 -9999 -9999 -9999 -9999 -9999 -9999 -9999 -9999 -9999 -9999 -9999 -9999 0.08772 0.08859 0.09422 0.09942 0.09638 0.09230 0.08927 0.08291 0.08145 0.07618 0.06990 0.06438 0.06401 0.06298 0.06304 0.06620 0.06946 0.07526 0.07497 0.07883 0.07414 0.07137 0.07045 0.07651 0.07902 0.07845 0.07800 0.07638 0.08060 0.08195 0.08181 0.07708 0.07592 0.07305 0.07206 0.07136 0.06791 0.07232 0.07016 0.06130 0.05646 0.06220 0.06486 0.06762 0.06198 0.05800 0.05601 0.06933 0.07506 0.07980 0.07634 0.07146 0.06301 0.05035 0.05472
-9999 -9999 -9999 -9999 -9999 -9999 -9999 -9999 -9999 -9999 -9999 -9999 -9999 -9999 -9999 -9999 -9999 0.09074 0.09315 0.10330 0.10292 0.10120 0.09858 0.09763 0.09444 0.08760 0.08474 0.07707 0.06708 0.06321 0.06221 0.06397 0.06411 0.07077 0.07320 0.07006 0.06816 0.07149 0.07636 0.07268 0.07482 0.08089 0.07977 0.08223 0.08430 0.08309 0.08328 0.08121 0.08470 0.07988 0.08024 0.07973 0.07491 0.07089 0.07048 0.07167 0.06801 0.06081 0.05881 0.06529 0.07506 0.06871 0.05326 0.05240 0.06754 0.07329 0.07213 0.07780 0.07576 0.07247 0.06141 0.05908 0.05887
-9999 -9999 -9999 -9999 -9999 -9999 -9999 -9999 -9999 -9999 -9999 -9999 -9999 -9999 -9999 -9999 -9999 0.09566 0.10419 0.09888 0.10402 0.10343 0.10213 0.10194 0.10822 0.09422 0.08924 0.08185 0.07726 0.06883 0.06664 0.06764 0.06958 0.07395 0.07060 0.06842 0.06967 0.07287 0.06969 0.07381 0.07689 0.08542 0.08863 0.08994 0.08885 0.09799 0.09649 0.08172 0.08255 0.08556 0.08414 0.08296 0.07858 0.07496 0.07383 0.07148 0.06237 0.06367 0.06840 0.07154 0.06963 0.06271 0.06182 0.06063 0.05474 0.06146 0.07146 0.06628 0.07495 0.07569 0.07182 0.05814 0.05149
-9999 -9999 -9999 -9999 -9999 -9999 -9999 -9999 -9999 -9999 -9999 -9999 -9999 -9999 -9999 -9999 0.08484 0.09078 0.09596 0.10245 0.11281 0.11843 0.10877 0.11343 0.12133 0.09891 0.09565 0.09586 0.08785 0.07400 0.07093 0.07250 0.07156 0.07646 0.07477 0.07275 0.07197 0.07265 0.07219 0.08015 0.08824 0.09197 0.09360 0.09768 0.09858 0.10128 0.10103 0.08377 0.08642 0.08902 0.08958 0.08756 0.08140 0.07780 0.07452 0.07241 0.07066 0.07096 0.07227 0.06817 0.07146 0.06741 0.06166 0.05368 0.06165 0.06431 0.06769 0.07320 0.08070 0.07951 0.07288 0.06156 0.05617
-9999 -9999 -9999 -9999 -9999 -9999 -9999 -9999 -9999 -9999 -9999 -9999 -9999 0.08034 0.07872 0.08291 0.08373 0.08143 0.09486 0.11783 0.12016 0.10758 0.11058 0.10591 0.09859 0.10844 0.10226 0.09683 0.09164 0.08727 0.08247 0.08048 0.07691 0.07580 0.07408 0.07226 0.07618 0.08101 0.08339 0.08776 0.09516 0.10452 0.10938 0.11594 0.10907 0.10305 0.09993 0.09910 0.09757 0.09519 0.09255 0.08785 0.08375 0.08457 0.07931 0.07422 0.07661 0.07897 0.07917 0.07716 0.07573 0.07586 0.07395 0.07425 0.07972 0.08576 0.08534 0.08266 0.08255 0.07998 0.07218 0.06106 0.05739
-9999 -9999 -9999 -9999 -9999 -9999 -9999 -9999 -9999 -9999 -9999 -9999 0.08405 0.08247 0.08062 0.08502 0.08915 0.09330 0.09694 0.13011 0.11361 0.11521 0.11348 0.10634 0.10143 0.11198 0.10664 0.10129 0.09467 0.09222 0.08707 0.08461 0.07989 0.07744 0.07577 0.07656 0.07948 0.08406 0.08611 0.09515 0.09995 0.10994 0.11925 0.12026 0.11253 0.10314 0.10291 0.10220 0.10010 0.10097 0.09822 0.09509 0.09109 0.09096 0.08417 0.08192 0.08270 0.07875 0.07511 0.07511 0.07577 0.08118 0.08074 0.07653 0.08023 0.08574 0.08406 0.08303 0.08444 0.07548 0.06654 0.06612 0.06047
-9999 -9999 -9999 -9999 -9999 -9999 -9999 -9999 -9999 -9999 -9999 0.07063 0.07531 0.07510 0.08413 0.09475 0.10088 0.10665 0.11043 0.11020 0.11370 0.12125 0.11393 0.10973 0.10346 0.09974 0.09609 0.10243 0.10129 0.09831 0.09115 0.08646 0.08427 0.08110 0.08126 0.07658 0.07660 0.08218 0.09182 0.10220 0.11312 0.11810 0.12919 0.12606 0.11757 0.11062 0.10748 0.10428 0.10350 0.10247 0.10433 0.08999 0.09288 0.08964 0.08804 0.08676 0.09057 0.08657 0.09074 0.09439 0.09243 0.09674 0.09479 0.09140 0.08624 0.08421 0.08494 0.08896 0.08159 0.07400 0.06352 0.05779 0.05860
-9999 -9999 -9999 -9999 -9999 -9999 -9999 -9999 -9999 -9999 0.07805 0.07594 0.08481 0.07955 0.09141 0.10066 0.10442 0.10782 0.10830 0.10822 0.10911 0.11652 0.11521 0.10921 0.10803 0.10458 0.10008 0.10965 0.10438 0.09901 0.09622 0.09226 0.08888 0.08713 0.08498 0.07958 0.08008 0.08692 0.09705 0.10994 0.12162 0.13059 0.13949 0.13055 0.12374 0.11738 0.11168 0.10846 0.10715 0.10632 0.10741 0.09508 0.10112 0.09914 0.09719 0.09911 0.09369 0.09624 0.10423 0.10226 0.09978 0.09978 0.09738 0.09364 0.09021 0.08687 0.08830 0.09040 0.08239 0.07048 0.06348 0.06745 0.06476
-9999 -9999 -9999 -9999 -9999 -9999 -9999 -9999 -9999 0.10037 0.09942 0.09630 0.09282 0.09379 0.09626 0.09963 0.10237 0.10688 0.11169 0.11268 0.11331 0.10877 0.10568 0.10857 0.10892 0.11031 0.11077 0.10531 0.10137 0.10011 0.10212 0.09010 0.08535 0.08041 0.07598 0.07684 0.07893 0.09365 0.10322 0.12418 0.13751 0.14736 0.15290 0.14674 0.14065 0.13216 0.12526 0.11184 0.10709 0.10922 0.11051 0.10624 0.10289 0.08526 0.08387 0.11585 0.11757 0.11893 0.11682 0.11312 0.10735 0.10406 0.10220 0.10092 0.09887 0.09483 0.09279 0.08782 0.08169 0.07615 0.07724 0.07624 0.07664
-9999 -9999 -9999 -9999 -9999 -9999 -9999 -9999 -9999 -9999 0.10875 0.10309 0.10118 0.10200 0.11087 0.10635 0.10465 0.10695 0.10840 0.10618 0.10180 0.10452 0.10414 -9999 -9999 -9999 -9999 -9999 -9999 0.10725 0.10475 0.09716 0.09266 0.08517 0.07845 0.08121 0.08567 0.10231 0.11524 0.13681 0.14774 0.15697 0.16184 0.15514 0.14724 0.13796 0.12945 0.11786 0.11116 0.11324 0.11484 0.11266 0.10553 0.08975 0.08777 0.12456 0.12923 0.12693 0.12395 0.11718 0.11383 0.10785 0.10667 0.10485 0.09230 0.10030 0.09235 0.08800 0.06966 0.07344 0.07239 0.08079 0.08684
-9999 -9999 -9999 -9999 -9999 -9999 -9999 -9999 -9999 -9999 -9999 -9999 0.10555 0.11116 0.11012 0.13260 0.12960 0.12803 0.12392 -9999 -9999 -9999 -9999 -9999 -9999 -9999 -9999 -9999 -9999 -9999 -9999 -9999 -9999 0.09827 0.08603 0.09470 0.09941 0.11747 0.13447 0.15054 0.16001 0.16936 0.16851 0.16601 0.15793 0.15058 0.14149 0.13130 0.12788 0.12355 0.12224 0.10365 0.10425 0.10669 0.10987 0.13176 0.13008 0.12966 0.12906 0.12473 0.11770 0.10913 0.10457 0.10553 0.10643 0.10720 0.09683 0.09143 0.08620 0.09151 0.08980 0.09249 -9999
-9999 -9999 -9999 -9999 -9999 -9999 -9999 -9999 -9999 -9999 -9999 -9999 -9999 -9999 -9999 -9999 -9999 -9999 -9999 -9999 -9999 -9999 -9999 -9999 -9999 -9999 -9999 -9999 -9999 -9999 -9999 -9999 -9999 -9999 0.10096 0.10135 0.12183 0.12942 0.14868 0.16186 0.16890 0.17332 0.17529 0.17374 0.16519 0.15746 0.14801 0.13832 0.13281 0.12886 0.12433 0.10851 0.10726 0.10934 0.11217 0.14165 0.13907 0.12368 0.12378 0.12191 0.11613 0.10964 0.10967 0.11119 0.11422 0.10926 0.10010 0.09442 0.08554 0.09347 0.10199 -9999 -9999
-9999 -9999 -9999 -9999 -9999 -9999 -9999 -9999 -9999 -9999 -9999 -9999 -9999 -9999 -9999 -9999 -9999 -9999 -9999 -9999 -9999 -9999 -9999 -9999 -9999 -9999 -9999 -9999 -9999 -9999 -9999 -9999 -9999 -9999 0.11719 0.11959 0.12106 0.14209 0.16740 0.19139 0.19395 0.19181 0.18921 0.17886 0.17089 0.16063 0.15069 0.14676 0.13804 0.12793 0.12431 0.12216 0.12395 0.10869 0.11337 0.13799 0.14461 0.14106 0.13267 0.12984 0.12509 0.11994 0.11329 0.11282 0.11521 0.10587 0.10741 0.10094 0.09088 0.10188 -9999 -9999 -9999
-9999 -9999 -9999 -9999 -9999 -9999 -9999 -9999 -9999 -9999 -9999 -9999 -9999 -9999 -9999 -9999 -9999 -9999 -9999 -9999 -9999 -9999 -9999 -9999 -9999 -9999 -9999 -9999 -9999 -9999 -9999 -9999 -9999 -9999 -9999 -9999 -9999 -9999 0.18511 0.20326 0.20178 0.19932 0.19743 0.18814 0.17830 0.17034 0.15891 0.15212 0.14764 0.13485 0.13173 0.13353 0.13545 0.11717 0.11902 0.14490 0.14983 0.14884 0.13750 0.13457 0.12803 0.12633 0.11624 0.11400 0.10365 0.10753 0.10620 0.11025 0.12279 -9999 -9999 -9999 -9999
-9999 -9999 -9999 -9999 -9999 -9999 -9999 -9999 -9999 -9999 -9999 -9999 -9999 -9999 -9999 -9999 -9999 -9999 -9999 -9999 -9999 -9999 -9999 -9999 -9999 -9999 -9999 -9999 -9999 -9999 -9999 -9999 -9999 -9999 -9999 -9999 -9999 -9999 -9999 0.21594 0.21418 0.20987 0.20597 0.20121 0.19092 0.17865 0.16825 0.16214 0.15426 0.14611 0.14879 0.13296 0.14082 0.13907 0.14595 0.13745 0.13920 0.12589 0.13406 0.13344 0.12950 0.12586 0.12401 0.11309 0.11550 0.10870 0.12041 0.12993 -9999 -9999 -9999 -9999 -9999
-9999 -9999 -9999 -9999 -9999 -9999 -9999 -9999 -9999 -9999 -9999 -9999 -9999 -9999 -9999 -9999 -9999 -9999 -9999 -9999 -9999 -9999 -9999 -9999 -9999 -9999 -9999 -9999 -9999 -9999 -9999 -9999 -9999 -9999 -9999 -9999 -9999 -9999 -9999 -9999 -9999 -9999 -9999 0.20595 0.19460 0.18333 0.17190 0.16689 0.16077 0.15415 0.15209 0.12229 0.14543 0.16260 0.14916 0.14269 0.14138 0.13706 0.14982 0.13998 0.12906 0.12459 0.13038 0.11674 0.11912 0.12348 0.13671 -9999 -9999 -9999 -9999 -9999 -9999
