data/hydroclimate-scenarios/BCSD_hadcm_B1/monthly_summaries/vpd_monthly_avg_oct.2070-2099.asc
ncols	311
nrows	91
xllcenter	102.75
yllcenter	31.75
cellsize	0.5
NODATA_value	-9999
[rows 0 to 32 of 91, columns 73 to 145 of 311]
-9999 -9999 -9999 -9999 -9999 -9999 -9999 -9999 -9999 -9999 -9999 -9999 -9999 -9999 -9999 -9999 -9999 -9999 -9999 -9999 -9999 -9999 -9999 -9999 -9999 -9999 -9999 -9999 -9999 -9999 -9999 -9999 -9999 -9999 -9999 -9999 -9999 -9999 -9999 -9999 -9999 -9999 -9999 -9999 -9999 -9999 -9999 -9999 -9999 -9999 -9999 -9999 -9999 -9999 -9999 -9999 -9999 -9999 -9999 -9999 -9999 -9999 -9999 -9999 -9999 -9999 -9999 -9999 -9999 -9999 -9999 -9999 -9999
-9999 -9999 -9999 -9999 -9999 -9999 -9999 -9999 -9999 -9999 -9999 -9999 -9999 -9999 -9999 -9999 -9999 -9999 -9999 -9999 -9999 -9999 -9999 -9999 -9999 -9999 -9999 -9999 -9999 -9999 -9999 -9999 -9999 -9999 -9999 -9999 -9999 -9999 -9999 -9999 -9999 -9999 -9999 -9999 -9999 -9999 -9999 -9999 -9999 -9999 -9999 -9999 -9999 -9999 -9999 -9999 -9999 -9999 -9999 -9999 -9999 -9999 -9999 -9999 -9999 -9999 -9999 -9999 -9999 -9999 -9999 -9999 -9999
-9999 -9999 -9999 -9999 -9999 -9999 -9999 -9999 -9999 -9999 -9999 -9999 -9999 -9999 -9999 -9999 -9999 -9999 -9999 -9999 -9999 -9999 -9999 -9999 -9999 -9999 -9999 -9999 -9999 -9999 -9999 -9999 -9999 -9999 -9999 -9999 -9999 -9999 -9999 -9999 -9999 -9999 -9999 -9999 -9999 -9999 -9999 -9999 -9999 -9999 -9999 -9999 -9999 -9999 -9999 -9999 -9999 -9999 -9999 -9999 -9999 -9999 -9999 -9999 -9999 -9999 -9999 -9999 -9999 -9999 -9999 -9999 -9999
-9999 -9999 -9999 -9999 -9999 -9999 -9999 -9999 -9999 -9999 -9999 -9999 -9999 -9999 -9999 -9999 -9999 -9999 -9999 -9999 -9999 -9999 -9999 -9999 -9999 -9999 -9999 -9999 -9999 -9999 -9999 -9999 -9999 -9999 -9999 -9999 -9999 -9999 -9999 -9999 -9999 -9999 -9999 -9999 -9999 -9999 -9999 -9999 -9999 -9999 -9999 -9999 -9999 -9999 -9999 -9999 -9999 -9999 -9999 -9999 -9999 -9999 -9999 -9999 -9999 -9999 -9999 -9999 -9999 -9999 -9999 -9999 -9999
-9999 -9999 -9999 -9999 -9999 -9999 -9999 -9999 -9999 -9999 -9999 -9999 -9999 -9999 -9999 -9999 -9999 -9999 -9999 -9999 -9999 -9999 -9999 -9999 -9999 -9999 -9999 -9999 -9999 -9999 -9999 -9999 -9999 -9999 -9999 -9999 -9999 -9999 -9999 -9999 -9999 -9999 -9999 -9999 -9999 -9999 -9999 -9999 -9999 -9999 -9999 -9999 -9999 -9999 -9999 -9999 -9999 -9999 -9999 -9999 -9999 -9999 -9999 -9999 -9999 -9999 -9999 -9999 -9999 -9999 -9999 -9999 -9999
-9999 -9999 -9999 -9999 -9999 -9999 -9999 -9999 -9999 -9999 -9999 -9999 -9999 -9999 -9999 -9999 -9999 -9999 -9999 -9999 -9999 -9999 -9999 -9999 -9999 -9999 -9999 -9999 -9999 -9999 -9999 -9999 -9999 -9999 -9999 -9999 -9999 -9999 -9999 -9999 -9999 -9999 -9999 -9999 -9999 -9999 -9999 -9999 -9999 -9999 -9999 -9999 -9999 -9999 -9999 -9999 -9999 -9999 -9999 -9999 -9999 -9999 -9999 -9999 -9999 -9999 -9999 -9999 -9999 -9999 -9999 -9999 -9999
-9999 -9999 -9999 -9999 -9999 -9999 -9999 -9999 -9999 -9999 -9999 -9999 -9999 -9999 -9999 -9999 -9999 -9999 -9999 -9999 -9999 -9999 -9999 -9999 -9999 -9999 -9999 -9999 -9999 -9999 -9999 -9999 -9999 -9999 -9999 -9999 -9999 -9999 -9999 -9999 -9999 -9999 -9999 -9999 -9999 -9999 -9999 -9999 -9999 -9999 -9999 -9999 -9999 -9999 -9999 -9999 -9999 -9999 -9999 -9999 -9999 -9999 -9999 -9999 -9999 -9999 -9999 -9999 -9999 -9999 -9999 -9999 -9999
-9999 -9999 -9999 -9999 -9999 -9999 -9999 -9999 -9999 -9999 -9999 -9999 -9999 -9999 -9999 -9999 -9999 -9999 -9999 -9999 -9999 -9999 -9999 -9999 -9999 -9999 -9999 -9999 -9999 -9999 -9999 -9999 -9999 -9999 -9999 -9999 -9999 -9999 -9999 -9999 -9999 -9999 -9999 -9999 -9999 -9999 -9999 -9999 -9999 -9999 -9999 -9999 -9999 -9999 -9999 -9999 -9999 -9999 -9999 -9999 -9999 -9999 -9999 -9999 -9999 -9999 -9999 -9999 -9999 -9999 -9999 -9999 -9999
-9999 -9999 -9999 -9999 0.05657 -9999 -9999 -9999 -9999 -9999 -9999 -9999 -9999 -9999 -9999 -9999 -9999 -9999 -9999 -9999 -9999 -9999 -9999 -9999 -9999 -9999 -9999 -9999 -9999 -9999 -9999 -9999 -9999 -9999 -9999 -9999 -9999 -9999 -9999 -9999 -9999 -9999 -9999 -9999 -9999 -9999 -9999 -9999 -9999 -9999 -9999 -9999 -9999 -9999 -9999 -9999 -9999 -9999 -9999 -9999 -9999 -9999 -9999 -9999 -9999 -9999 -9999 -9999 -9999 -9999 -9999 -9999 -9999
0.09067 0.06284 0.06133 0.05965 0.06063 0.06044 0.06110 0.06148 0.06198 0.06106 0.06228 0.06300 0.06402 0.06355 0.06455 0.06577 0.06593 0.06584 0.06423 0.06516 -9999 -9999 -9999 -9999 -9999 -9999 -9999 -9999 -9999 -9999 -9999 -9999 -9999 -9999 -9999 -9999 -9999 -9999 -9999 -9999 -9999 -9999 -9999 -9999 -9999 -9999 -9999 -9999 -9999 -9999 -9999 -9999 -9999 -9999 -9999 -9999 -9999 -9999 -9999 -9999 -9999 -9999 -9999 -9999 -9999 -9999 -9999 -9999 -9999 -9999 -9999 -9999 -9999
-9999 -9999 0.06678 0.06739 0.06716 0.06776 0.06873 0.06799 0.06829 0.06786 0.06850 0.06943 0.06981 0.07063 0.07082 0.07063 0.07008 0.07079 0.07013 0.06993 -9999 -9999 -9999 -9999 -9999 -9999 -9999 -9999 -9999 -9999 -9999 -9999 -9999 -9999 -9999 -9999 -9999 -9999 -9999 -9999 -9999 -9999 -9999 -9999 -9999 -9999 -9999 -9999 -9999 -9999 -9999 -9999 -9999 -9999 -9999 -9999 -9999 -9999 -9999 -9999 -9999 -9999 -9999 -9999 -9999 -9999 -9999 -9999 -9999 -9999 -9999 -9999 -9999
0.07499 0.07436 0.07415 0.07476 0.07466 0.07457 0.07546 0.07597 0.07561 0.07588 0.07664 0.07660 0.07724 0.07584 0.07681 0.07699 0.07633 0.07761 0.07708 0.07741 0.07849 0.07803 0.07701 0.07926 0.07927 0.08218 -9999 -9999 -9999 -9999 -9999 -9999 -9999 -9999 -9999 -9999 -9999 -9999 -9999 -9999 -9999 -9999 -9999 -9999 -9999 -9999 -9999 -9999 -9999 -9999 -9999 -9999 -9999 -9999 -9999 -9999 -9999 -9999 -9999 -9999 -9999 -9999 -9999 -9999 -9999 -9999 -9999 -9999 -9999 -9999 -9999 -9999 -9999
0.08239 0.08162 0.08239 0.08296 0.08273 0.08334 0.08525 0.08418 0.08432 0.08341 0.08416 0.08423 0.08418 0.08418 0.08405 0.08422 0.08460 0.08407 0.08445 0.08354 0.08336 0.08411 0.08383 0.08492 0.08534 0.08625 0.08779 0.09068 0.09163 0.09318 0.09361 0.09367 0.09273 0.09349 0.09386 0.09533 0.09568 0.09410 0.09212 0.08904 0.08785 -9999 -9999 -9999 -9999 -9999 -9999 -9999 -9999 -9999 -9999 -9999 -9999 -9999 -9999 -9999 -9999 -9999 -9999 -9999 -9999 -9999 -9999 -9999 -9999 -9999 -9999 -9999 -9999 -9999 -9999 -9999 -9999
0.08904 0.08822 0.08711 0.08894 0.09023 0.09234 0.09109 0.09087 0.09053 0.09152 0.09201 0.09184 0.09080 0.09179 0.09150 0.09178 0.09190 0.09177 0.08973 0.08699 0.08774 0.08796 0.08925 0.09178 0.09148 0.09205 0.09094 0.09106 0.09336 0.09566 0.09646 0.09632 0.09707 0.09617 0.09796 0.09859 0.09983 0.09792 0.09511 0.09306 0.08918 0.08843 -9999 -9999 -9999 -9999 -9999 -9999 -9999 -9999 -9999 -9999 -9999 -9999 -9999 -9999 -9999 -9999 -9999 -9999 -9999 -9999 -9999 -9999 -9999 -9999 -9999 -9999 -9999 -9999 -9999 -9999 -9999
0.08340 0.07751 0.08330 0.08450 0.08493 0.08685 0.08876 0.09193 0.08975 0.09194 0.09403 0.09466 0.09457 0.09616 0.09385 0.09399 0.09434 0.09445 0.09412 0.09343 0.09371 0.09394 0.09393 0.09000 0.09262 0.09469 0.09656 0.09462 0.09811 0.09995 0.10079 0.10085 0.10228 0.10231 0.10179 0.10371 0.10409 0.10299 0.10116 0.09771 0.09477 0.09371 -9999 -9999 -9999 -9999 -9999 -9999 -9999 -9999 -9999 -9999 -9999 -9999 -9999 -9999 -9999 0.08710 0.08481 -9999 -9999 -9999 -9999 0.08257 0.07827 0.07400 0.07792 0.08543 0.08760 0.08948 0.08759 0.08596 0.08681
0.08342 0.08074 0.08677 0.09260 0.09078 0.08874 0.08977 0.08953 0.09448 0.09533 0.09597 0.09517 0.09599 0.09724 0.09532 0.09607 0.09679 0.09729 0.09759 0.09724 0.09609 0.09897 0.09755 0.09695 0.09772 0.09770 0.09927 0.09954 0.10039 0.10252 0.10276 0.10373 0.10345 0.10552 0.10575 0.10511 0.10620 0.10465 0.10452 0.10316 0.09979 0.09764 0.09612 0.09504 0.09203 0.09142 0.08538 0.08258 0.08461 0.08247 0.08159 0.08337 0.08262 0.08291 0.09113 0.09032 0.09143 0.09166 0.09226 -9999 -9999 -9999 -9999 -9999 0.08905 0.08650 0.08571 0.08587 0.08758 0.08918 0.08729 0.08926 0.08960
0.08309 0.07646 0.08311 0.08867 0.09006 0.09224 0.09623 0.10141 0.10100 0.10098 0.10202 0.10122 0.10117 0.10036 0.09950 0.09908 0.10068 0.09977 0.10360 0.10275 0.10289 0.10238 0.10012 0.10010 0.09942 0.09954 0.10111 0.10233 0.10401 0.10307 0.10448 0.10563 0.10647 0.10751 0.10971 0.10869 0.10872 0.10872 0.10770 0.10696 0.10510 0.10345 0.10016 0.09979 0.09868 0.09706 0.09156 0.08799 0.09286 0.09478 0.09186 0.08493 0.07980 0.08806 0.08353 0.08314 0.08599 0.09022 0.09037 0.08866 0.09416 0.09838 0.09877 0.09818 0.09908 0.09818 0.09597 0.09430 0.09069 0.09323 0.09063 0.08790 0.08742
0.08965 0.07600 0.07531 0.08112 0.08614 0.08685 0.10284 0.10503 0.10370 0.10371 0.10412 0.10328 0.10314 0.10305 0.10153 0.10226 0.10303 0.09934 0.10158 0.10417 0.10441 0.10515 0.10307 0.10303 0.10379 0.10309 0.10421 0.10410 0.10534 0.10543 0.10674 0.10796 0.10899 0.11003 0.11220 0.11318 0.11282 0.11316 0.11204 0.11020 0.10877 0.10958 0.10737 0.10554 0.10663 0.10607 0.10534 0.10285 0.09906 0.10288 0.09913 0.09926 0.09494 0.08836 0.08702 0.08849 0.08855 0.08736 0.08961 0.08481 0.09071 0.10190 0.10443 0.10497 0.10569 0.10505 0.10568 0.09971 0.09315 0.09466 0.09254 0.09093 0.09028
0.07487 0.09426 0.08745 0.09333 0.09641 0.08895 0.09715 0.10177 0.10282 0.10547 0.10568 0.10559 0.10494 0.10509 0.10720 0.10780 0.10727 0.09841 0.09912 0.10354 0.10267 0.10603 0.10578 0.10646 0.10427 0.10441 0.10469 0.10460 0.10584 0.10677 0.10768 0.10761 0.10915 0.11104 0.11262 0.11296 0.11293 0.11118 0.11010 0.11098 0.10429 0.10270 0.10501 0.11015 0.11292 0.11478 0.11462 0.10975 0.10622 0.10446 0.10392 0.10438 0.10469 0.10480 0.10376 0.09645 0.09500 0.09238 0.08939 0.08669 0.08576 0.09476 0.09904 0.10216 0.10299 0.10226 0.10088 0.10007 0.09827 0.09834 0.09728 0.09625 0.09621
0.07154 0.07211 0.08296 0.09673 0.09697 0.09027 0.09021 0.09925 0.08375 0.08815 0.09190 0.10105 0.10611 0.10703 0.11071 0.11097 0.10849 0.10394 0.10193 0.10596 0.10589 0.10792 0.10845 0.10928 0.10781 0.10833 0.10768 0.10819 0.10864 0.10961 0.10809 0.11039 0.11154 0.10980 0.11103 0.11124 0.11098 0.10896 0.10635 0.11167 0.11113 0.11129 0.10534 0.10538 0.11039 0.11342 0.11615 0.11169 0.10868 0.10864 0.10788 0.11029 0.10580 0.10087 0.09822 0.09312 0.09774 0.10349 0.10115 0.10197 0.10138 0.09765 0.09319 0.10104 0.09529 0.10201 0.10246 0.10206 0.10369 0.11118 0.10924 0.10251 0.10266
0.07231 0.06804 0.06627 0.08254 0.09042 0.09655 0.09640 0.10108 0.09274 0.07811 0.07160 0.06746 0.08370 0.09457 0.10446 0.11192 0.11392 0.11535 0.11470 0.11611 0.11409 0.11479 0.11335 0.11304 0.11077 0.11077 0.11114 0.10985 0.10998 0.10837 0.10761 0.10714 0.11220 0.10999 0.10833 0.10548 0.10991 0.11094 0.10652 0.10527 0.10789 0.11133 0.10783 0.10999 0.11066 0.11313 0.11490 0.11561 0.11624 0.11498 0.11184 0.11155 0.11065 0.10998 0.10106 0.09860 0.10093 0.09441 0.09769 0.09888 0.10224 0.10650 0.10925 0.10718 0.10576 0.10310 0.10529 0.10701 0.10941 0.11326 0.11468 0.10773 0.10481
0.06610 0.06571 0.06853 0.06978 0.07090 0.07586 0.08536 0.09469 0.10521 0.09732 0.08936 0.08294 0.07628 0.07655 0.08075 0.08655 0.09877 0.10438 0.11251 0.11407 0.11621 0.11674 0.11475 0.11456 0.11328 0.11158 0.11000 0.10679 0.11164 0.10180 0.09904 0.10111 0.10445 0.10561 0.10726 0.10617 0.10771 0.10921 0.10661 0.10597 0.10965 0.10644 0.10716 0.10490 0.10564 0.10656 0.10970 0.11183 0.10632 0.10493 0.10054 0.10138 0.10432 0.10496 0.09633 0.10257 0.10417 0.09830 0.10226 0.10381 0.10416 0.11402 0.11158 0.11066 0.10547 0.10785 0.10972 0.11133 0.11529 0.11596 0.11537 0.10481 0.10686
0.06858 0.07101 0.06780 0.06596 0.06861 0.07464 0.07570 0.08516 0.08803 0.08665 0.08773 0.09305 0.09397 0.09347 0.09137 0.08470 0.08446 0.08884 0.09483 0.10009 0.10925 0.11588 0.12031 0.12090 0.11952 0.11384 0.10799 0.10893 0.10882 0.10805 0.10245 0.10724 0.10262 0.11252 0.11229 0.11039 0.10430 0.10798 0.11005 0.11402 0.11046 0.10853 0.09885 0.09915 0.09818 0.10172 0.10079 0.09718 0.09551 0.09685 0.09551 0.09040 0.09593 0.09328 0.10197 0.09779 0.10476 0.11013 0.11045 0.11462 0.11423 0.11565 0.11031 0.11559 0.11961 0.12168 0.12047 0.11873 0.12159 0.11922 0.11275 0.10576 0.11147
0.08244 0.08389 0.07420 0.07065 0.07077 0.06979 0.07457 0.08176 0.09416 0.07319 0.07608 0.08365 0.07517 0.07169 0.07606 0.10744 0.09241 0.07793 0.08051 0.08679 0.09431 0.11889 0.12218 0.12404 0.12334 0.11747 0.11231 0.11347 0.10999 0.10889 0.10983 0.11083 0.11808 0.11567 0.11140 0.11318 0.10893 0.10670 0.10158 0.10744 0.10777 0.10450 0.11187 0.11189 0.10625 0.10205 0.09988 0.09634 0.09633 0.09953 0.10178 0.10017 0.09675 0.09581 0.10056 0.09990 0.10998 0.11316 0.12049 0.12242 0.12101 0.11567 0.12652 0.12718 0.12726 0.12724 0.12745 0.12481 0.12068 0.12088 0.11602 0.11605 0.11454
0.08716 0.08855 0.08514 0.08299 0.08243 0.07972 0.08169 0.07954 0.08336 0.08060 0.08251 0.08771 0.07968 0.07848 0.07371 0.08028 0.09159 0.09882 0.09297 0.09327 0.09806 0.10274 0.11479 0.12283 0.12232 0.12160 0.11745 0.11814 0.11319 0.11726 0.11956 0.11726 0.11677 0.11825 0.11615 0.11532 0.11333 0.10886 0.10193 0.10129 0.10011 0.10213 0.11114 0.11375 0.10919 0.10708 0.10400 0.09775 0.09727 0.10336 0.10756 0.10000 0.10510 0.10677 0.11118 0.11408 0.10715 0.11603 0.11950 0.12418 0.12553 0.13121 0.13348 0.13146 0.13363 0.12713 0.12299 0.12445 0.12484 0.12387 0.12336 0.12102 0.11601
0.08492 0.08395 0.08541 0.09017 0.09000 0.08998 0.08969 0.09035 0.08311 0.07678 0.08141 0.08986 0.09274 0.08612 0.08713 0.08602 0.07988 0.08580 0.09270 0.10375 0.11025 0.10652 0.10609 0.11114 0.12045 0.11879 0.11738 0.11352 0.11639 0.11722 0.12519 0.12273 0.12034 0.11449 0.11435 0.10864 0.11305 0.10430 0.09644 0.10411 0.10427 0.09689 0.10065 0.11012 0.11012 0.11048 0.11095 0.10824 0.10605 0.11530 0.11891 0.11965 0.12274 0.12256 0.12106 0.11923 0.12218 0.12031 0.12664 0.12650 0.12987 0.13215 0.13587 0.13590 0.13535 0.13192 0.12949 0.12215 0.12338 0.12473 0.12594 0.11854 0.11620
0.07956 0.07847 0.08361 0.08520 0.08793 0.09057 0.09428 0.08733 0.08621 0.08344 0.07488 0.08297 0.09471 0.09793 0.09150 0.08687 0.08201 0.08382 0.08992 0.09306 0.09722 0.10311 0.10518 0.11116 0.10788 0.11305 0.11635 0.11242 0.12082 0.11668 0.12261 0.11163 0.11012 0.11898 0.11122 0.10308 0.10609 0.10933 0.10121 0.10044 0.10071 0.10560 0.10609 0.10830 0.11246 0.11197 0.11544 0.11253 0.11386 0.11397 0.11721 0.11543 0.11698 0.12000 0.12007 0.12802 0.13424 0.13725 0.13995 0.13749 0.13489 0.13672 0.13580 0.13756 0.13615 0.13535 0.12548 0.12072 0.12052 0.12218 0.12629 0.12543 0.12668
0.08252 0.08135 0.08084 0.09010 0.09102 0.09653 0.09388 0.09671 0.10057 0.09792 0.09275 0.08394 0.08972 0.09200 0.09179 0.09750 0.09589 0.09872 0.08567 0.09632 0.10380 0.10819 0.10967 0.10635 0.09856 0.10873 0.11460 0.12100 0.11291 0.11844 0.12245 0.11365 0.10984 0.11977 0.11337 0.11062 0.10382 0.10555 0.10729 0.10643 0.10980 0.10977 0.11371 0.11328 0.12241 0.11905 0.12005 0.12071 0.12187 0.11997 0.12363 0.12811 0.12584 0.13295 0.13201 0.13441 0.14002 0.14171 0.14089 0.13860 0.13749 0.13726 0.12746 0.12941 0.12799 0.12941 0.12683 0.13119 0.12826 0.12707 0.12807 0.12405 0.11783
0.08999 0.08440 0.08275 0.07686 0.08017 0.09157 0.09081 0.09244 0.09913 0.09353 0.09764 0.09382 0.08616 0.09269 0.10095 0.10469 0.10182 0.10391 0.10465 0.09652 0.10018 0.10886 0.11559 0.12122 0.11425 0.11775 0.12593 0.12132 0.12446 0.12378 0.12049 0.11652 0.11409 0.11351 0.11672 0.11108 0.10467 0.10145 0.11211 0.11424 0.11378 0.12300 0.13070 0.13259 0.14040 0.14424 0.14515 0.14583 0.14709 0.14663 0.14497 0.14004 0.13631 0.13639 0.13881 0.14292 0.14331 0.14514 0.14273 0.14340 0.13742 0.12768 0.12206 0.12554 0.12315 0.12514 0.13067 0.13344 0.13009 0.13042 0.12711 0.12713 0.12958
0.09838 0.09833 0.08883 0.08617 0.07626 0.08435 0.09170 0.08575 0.08543 0.08830 0.09554 0.09019 0.09359 0.09984 0.10044 0.10401 0.11083 0.11182 0.10872 0.10265 0.09494 0.10931 0.12058 0.12271 0.11361 0.11691 0.11750 0.11312 0.12370 0.12718 0.12116 0.11931 0.11480 0.11898 0.11727 0.11875 0.11133 0.11173 0.12045 0.13105 0.12916 0.13647 0.14737 0.14871 0.14850 0.14576 0.14337 0.14612 -9999 -9999 0.15066 0.14976 0.14893 0.14621 0.14281 0.14702 0.14535 0.14120 0.14075 0.13190 0.12519 0.12090 0.12294 0.12195 0.11779 0.11552 0.12775 0.13179 0.13127 0.13689 0.13100 0.13322 0.13890
0.10845 0.10133 0.10027 0.10093 0.09033 0.10063 0.09619 0.09040 0.08896 0.09506 0.09374 0.09461 0.10180 0.10683 0.10109 0.10870 0.11472 0.10837 0.11216 0.11658 0.11607 0.11305 0.10379 0.11334 0.11323 0.11975 0.11710 0.11977 0.11847 0.13127 0.12531 0.11968 0.11831 0.11919 0.11745 0.13028 0.14224 -9999 -9999 -9999 -9999 0.15544 -9999 0.14386 0.13406 0.14120 0.14469 0.15671 -9999 -9999 0.15047 0.15009 0.15146 0.14986 0.15046 0.14740 0.14479 0.13963 0.13749 0.13373 0.13038 0.12706 0.13261 0.11639 0.11395 0.11892 0.13320 0.13618 0.13854 0.14379 -9999 -9999 -9999
0.11632 0.10936 0.11091 0.12064 0.10427 0.11210 0.12162 0.11761 0.11866 0.11604 0.10933 0.10782 0.11163 0.12552 0.11665 0.11259 0.11122 0.11472 0.11104 0.12118 0.11871 0.12080 0.11680 0.12113 0.12048 0.11953 0.12062 0.12628 0.12462 0.12357 0.12301 0.12428 0.11838 0.12963 0.13491 -9999 -9999 -9999 -9999 -9999 -9999 -9999 0.14913 0.14978 0.14880 -9999 -9999 -9999 -9999 -9999 0.15833 0.15551 0.14592 0.14865 0.14140 0.14476 0.14725 0.14036 0.14729 0.14451 0.13895 0.13609 0.13740 0.13947 0.13334 0.12646 0.13513 0.14747 -9999 -9999 -9999 -9999 -9999
0.11758 0.12353 0.12913 0.13741 0.13693 0.12357 0.13717 0.14493 0.13893 0.13999 0.13109 0.14237 0.14178 0.14302 0.13619 0.13075 0.13257 0.12836 0.13057 0.12762 0.12572 0.11699 0.11783 0.12109 0.12048 0.12228 0.11792 0.12122 0.12635 0.12226 0.12847 0.13196 0.13528 0.15286 -9999 -9999 -9999 -9999 -9999 -9999 -9999 -9999 -9999 0.15474 -9999 -9999 -9999 -9999 0.16145 0.15998 0.15946 0.15372 0.14880 0.15630 0.15318 0.15158 0.14809 0.14771 0.14857 0.14793 0.14517 0.13930 0.14047 0.13909 0.14110 -9999 -9999 -9999 -9999 -9999 -9999 -9999 -9999
