data/hydroclimate-scenarios/BCSD_hadcm_B1/monthly_summaries/vpd_monthly_avg_feb.2070-2099.asc
ncols	311
nrows	91
xllcenter	102.75
yllcenter	31.75
cellsize	0.5
NODATA_value	-9999
[rows 0 to 32 of 91, columns 0 to 72 of 311]
-9999 -9999 -9999 -9999 -9999 -9999 -9999 -9999 -9999 -9999 -9999 -9999 -9999 -9999 -9999 -9999 -9999 -9999 -9999 -9999 -9999 -9999 -9999 -9999 -9999 -9999 -9999 -9999 -9999 -9999 -9999 -9999 -9999 -9999 -9999 -9999 -9999 -9999 -9999 -9999 -9999 -9999 -9999 -9999 -9999 -9999 -9999 -9999 -9999 -9999 -9999 -9999 -9999 -9999 -9999 -9999 -9999 -9999 -9999 -9999 -9999 -9999 -9999 -9999 -9999 -9999 -9999 -9999 -9999 -9999 -9999 -9999 -9999
-9999 -9999 -9999 -9999 -9999 -9999 -9999 -9999 -9999 -9999 -9999 -9999 -9999 -9999 -9999 -9999 -9999 -9999 -9999 -9999 -9999 -9999 -9999 -9999 -9999 -9999 -9999 -9999 -9999 -9999 -9999 -9999 -9999 -9999 -9999 -9999 -9999 -9999 -9999 -9999 -9999 -9999 -9999 -9999 -9999 -9999 -9999 -9999 -9999 -9999 -9999 -9999 -9999 -9999 -9999 -9999 -9999 -9999 -9999 -9999 -9999 -9999 -9999 -9999 -9999 -9999 -9999 -9999 -9999 -9999 -9999 -9999 -9999
-9999 -9999 -9999 -9999 -9999 -9999 -9999 -9999 -9999 -9999 -9999 -9999 -9999 -9999 -9999 -9999 -9999 -9999 -9999 -9999 -9999 -9999 -9999 -9999 -9999 -9999 -9999 -9999 -9999 -9999 -9999 -9999 -9999 -9999 -9999 -9999 -9999 -9999 -9999 -9999 -9999 -9999 -9999 -9999 -9999 -9999 -9999 -9999 -9999 -9999 -9999 -9999 -9999 -9999 -9999 -9999 -9999 -9999 -9999 -9999 -9999 -9999 -9999 -9999 -9999 -9999 -9999 -9999 -9999 -9999 -9999 -9999 -9999
-9999 -9999 -9999 -9999 -9999 -9999 -9999 -9999 -9999 -9999 -9999 -9999 -9999 -9999 -9999 -9999 -9999 -9999 -9999 -9999 -9999 -9999 -9999 -9999 -9999 -9999 -9999 -9999 -9999 -9999 -9999 -9999 -9999 -9999 -9999 -9999 -9999 -9999 -9999 -9999 -9999 -9999 -9999 -9999 -9999 -9999 -9999 -9999 -9999 -9999 -9999 -9999 -9999 -9999 -9999 -9999 -9999 -9999 -9999 -9999 -9999 -9999 -9999 -9999 -9999 -9999 -9999 -9999 -9999 -9999 -9999 -9999 -9999
-9999 -9999 -9999 -9999 -9999 -9999 -9999 -9999 -9999 -9999 -9999 -9999 -9999 -9999 -9999 -9999 -9999 -9999 -9999 -9999 -9999 -9999 -9999 -9999 -9999 -9999 -9999 -9999 -9999 -9999 -9999 -9999 -9999 -9999 -9999 -9999 -9999 -9999 -9999 -9999 -9999 -9999 -9999 -9999 -9999 -9999 -9999 -9999 -9999 -9999 -9999 -9999 -9999 -9999 -9999 -9999 -9999 -9999 -9999 -9999 -9999 -9999 -9999 -9999 -9999 -9999 -9999 -9999 -9999 -9999 -9999 -9999 -9999
-9999 -9999 -9999 -9999 -9999 -9999 -9999 -9999 -9999 -9999 -9999 -9999 -9999 -9999 -9999 -9999 -9999 -9999 -9999 -9999 -9999 -9999 -9999 -9999 -9999 -9999 -9999 -9999 -9999 -9999 -9999 -9999 -9999 -9999 -9999 -9999 -9999 -9999 -9999 -9999 -9999 -9999 -9999 -9999 -9999 -9999 -9999 -9999 -9999 -9999 -9999 -9999 -9999 -9999 -9999 -9999 -9999 -9999 -9999 -9999 -9999 -9999 -9999 -9999 -9999 -9999 -9999 -9999 -9999 -9999 -9999 -9999 -9999
-9999 -9999 -9999 -9999 -9999 -9999 -9999 -9999 -9999 -9999 -9999 -9999 -9999 -9999 -9999 -9999 -9999 -9999 -9999 -9999 -9999 -9999 -9999 -9999 -9999 -9999 -9999 -9999 -9999 -9999 -9999 -9999 -9999 -9999 -9999 -9999 -9999 -9999 -9999 -9999 -9999 -9999 -9999 -9999 -9999 -9999 -9999 -9999 -9999 -9999 -9999 -9999 -9999 -9999 -9999 -9999 -9999 -9999 -9999 -9999 -9999 -9999 -9999 -9999 -9999 -9999 -9999 -9999 -9999 -9999 -9999 -9999 -9999
-9999 -9999 -9999 -9999 -9999 -9999 -9999 -9999 -9999 -9999 -9999 -9999 -9999 -9999 -9999 -9999 -9999 -9999 -9999 -9999 -9999 -9999 -9999 -9999 -9999 -9999 -9999 -9999 -9999 -9999 -9999 -9999 -9999 -9999 -9999 -9999 -9999 -9999 -9999 -9999 -9999 -9999 0.00690 0.00679 0.00654 0.00653 0.00646 0.00634 0.00630 0.00624 0.00615 0.00608 -9999 -9999 -9999 -9999 -9999 -9999 -9999 -9999 -9999 -9999 -9999 -9999 -9999 -9999 -9999 -9999 -9999 -9999 -9999 -9999 -9999
-9999 -9999 -9999 -9999 -9999 -9999 -9999 -9999 -9999 -9999 -9999 -9999 -9999 -9999 -9999 -9999 -9999 -9999 -9999 -9999 -9999 -9999 -9999 -9999 -9999 -9999 -9999 -9999 -9999 -9999 -9999 -9999 -9999 -9999 -9999 -9999 -9999 -9999 0.00776 0.00716 0.00707 0.00709 0.00689 0.00682 0.00683 0.00687 0.00672 0.00655 0.00646 0.00642 0.00637 0.00624 0.00617 0.01154 -9999 -9999 -9999 -9999 -9999 -9999 -9999 -9999 -9999 -9999 -9999 -9999 -9999 -9999 -9999 -9999 -9999 -9999 -9999
-9999 -9999 -9999 -9999 -9999 -9999 -9999 -9999 -9999 -9999 -9999 -9999 -9999 -9999 -9999 -9999 -9999 -9999 -9999 -9999 -9999 -9999 -9999 -9999 -9999 -9999 -9999 -9999 -9999 -9999 -9999 -9999 -9999 -9999 -9999 -9999 -9999 -9999 -9999 -9999 0.00743 0.00726 0.00697 0.00675 0.00667 0.00652 0.00662 0.00677 0.00670 0.00637 0.00630 0.00637 0.00632 0.01126 -9999 -9999 -9999 -9999 -9999 -9999 -9999 -9999 -9999 -9999 -9999 -9999 -9999 -9999 -9999 -9999 -9999 -9999 -9999
-9999 -9999 -9999 -9999 -9999 -9999 -9999 -9999 -9999 -9999 -9999 -9999 -9999 -9999 -9999 -9999 -9999 -9999 -9999 -9999 -9999 -9999 -9999 -9999 -9999 -9999 -9999 -9999 -9999 -9999 -9999 -9999 -9999 -9999 -9999 -9999 -9999 -9999 -9999 -9999 -9999 -9999 -9999 -9999 0.00712 0.00683 0.00645 0.00631 0.00642 0.00650 0.00629 0.00587 0.00629 0.01079 -9999 -9999 -9999 -9999 -9999 -9999 0.00617 -9999 -9999 -9999 -9999 -9999 -9999 -9999 -9999 -9999 -9999 -9999 -9999
-9999 -9999 -9999 -9999 -9999 -9999 -9999 -9999 -9999 -9999 -9999 -9999 -9999 -9999 -9999 -9999 -9999 -9999 -9999 -9999 -9999 -9999 -9999 -9999 -9999 -9999 -9999 -9999 -9999 -9999 -9999 -9999 -9999 -9999 -9999 -9999 -9999 -9999 -9999 -9999 -9999 0.00739 0.00733 0.00705 0.00696 0.00716 0.00674 0.00641 0.00661 0.00657 0.00624 0.00600 0.00631 0.00635 -9999 -9999 -9999 -9999 -9999 0.00643 0.00637 0.00652 0.00660 0.00668 0.00677 0.00691 0.00696 0.00694 0.00707 0.00725 0.00754 0.00762 0.00769
-9999 -9999 -9999 -9999 -9999 -9999 -9999 -9999 -9999 -9999 -9999 -9999 -9999 -9999 -9999 -9999 -9999 -9999 -9999 -9999 -9999 -9999 -9999 -9999 -9999 -9999 -9999 -9999 -9999 -9999 -9999 -9999 -9999 -9999 -9999 -9999 -9999 -9999 -9999 -9999 -9999 0.00767 0.00775 0.00757 0.00778 0.00749 0.00741 0.00707 0.00686 0.00679 0.00644 0.00584 0.00566 0.00587 0.00610 0.00591 0.00625 -9999 0.00665 0.00666 0.00660 0.00666 0.00670 0.00651 0.00660 0.00689 0.00709 0.00729 0.00737 0.00750 0.00758 0.00775 0.00806
-9999 -9999 -9999 -9999 -9999 -9999 -9999 -9999 -9999 -9999 -9999 -9999 -9999 -9999 -9999 -9999 -9999 -9999 -9999 -9999 -9999 -9999 -9999 -9999 -9999 -9999 -9999 -9999 -9999 -9999 -9999 -9999 -9999 -9999 -9999 0.01026 0.01010 0.00933 0.00896 0.00909 0.00887 0.00871 0.00834 0.00823 0.00816 0.00794 0.00785 0.00740 0.00720 0.00671 0.00622 0.00577 0.00526 0.00558 0.00542 0.00526 0.00576 0.00626 0.00673 0.00674 0.00685 0.00669 0.00678 0.00596 0.00624 0.00698 0.00711 0.00734 0.00759 0.00765 0.00773 0.00798 0.00798
-9999 -9999 -9999 -9999 -9999 -9999 -9999 -9999 -9999 -9999 -9999 -9999 -9999 -9999 -9999 -9999 -9999 -9999 -9999 -9999 -9999 -9999 -9999 -9999 -9999 -9999 -9999 -9999 -9999 -9999 -9999 -9999 -9999 -9999 0.01097 0.01035 0.01004 0.00963 0.00966 0.00944 0.00916 0.00895 0.00893 0.00853 0.00826 0.00812 0.00786 0.00733 0.00693 0.00607 0.00558 0.00553 0.00489 0.00469 0.00473 0.00525 0.00586 0.00616 0.00692 0.00710 0.00678 0.00641 0.00627 0.00594 0.00693 0.00723 0.00710 0.00695 0.00646 0.00679 0.00651 0.00658 0.00660
-9999 -9999 -9999 -9999 -9999 -9999 -9999 -9999 -9999 -9999 -9999 -9999 -9999 -9999 -9999 -9999 -9999 -9999 -9999 -9999 -9999 -9999 -9999 -9999 -9999 -9999 -9999 -9999 -9999 -9999 -9999 -9999 -9999 0.01190 0.01140 0.01104 0.01082 0.01050 0.01031 0.01017 0.00977 0.00936 0.00921 0.00898 0.00880 0.00838 0.00800 0.00751 0.00637 0.00573 0.00517 0.00471 0.00401 0.00454 0.00506 0.00543 0.00546 0.00641 0.00685 0.00676 0.00641 0.00674 0.00696 0.00732 0.00720 0.00708 0.00694 0.00684 0.00665 0.00689 0.00676 0.00685 0.00693
-9999 -9999 -9999 -9999 -9999 -9999 -9999 -9999 -9999 -9999 -9999 -9999 -9999 -9999 -9999 -9999 -9999 -9999 -9999 -9999 -9999 -9999 -9999 -9999 -9999 -9999 -9999 -9999 -9999 -9999 -9999 0.01387 0.01334 0.01266 0.01227 0.01171 0.01171 0.01134 0.01088 0.01073 0.01003 0.00980 0.00956 0.00921 0.00888 0.00862 0.00830 0.00798 0.00697 0.00622 0.00550 0.00500 0.00397 0.00451 0.00503 0.00543 0.00620 0.00641 0.00585 0.00628 0.00680 0.00711 0.00703 0.00759 0.00747 0.00701 0.00712 0.00751 0.00752 0.00655 0.00614 0.00607 0.00700
-9999 -9999 -9999 -9999 -9999 -9999 -9999 -9999 -9999 -9999 -9999 -9999 -9999 -9999 -9999 -9999 -9999 -9999 -9999 -9999 -9999 -9999 -9999 -9999 -9999 -9999 -9999 -9999 -9999 0.01597 0.01537 0.01459 0.01402 0.01340 0.01317 0.01278 0.01255 0.01212 0.01151 0.01110 0.01090 0.01046 0.01009 0.00985 0.00929 0.00869 0.00828 0.00764 0.00628 0.00584 0.00530 0.00448 0.00410 0.00476 0.00479 0.00528 0.00623 0.00623 0.00656 0.00730 0.00709 0.00708 0.00710 0.00701 0.00753 0.00751 0.00690 0.00654 0.00654 0.00665 0.00708 0.00605 0.00475
-9999 -9999 -9999 -9999 -9999 -9999 -9999 -9999 -9999 -9999 -9999 -9999 -9999 -9999 -9999 -9999 -9999 -9999 -9999 -9999 -9999 -9999 -9999 -9999 0.01817 0.01773 0.01778 0.01826 0.01756 0.01676 0.01581 0.01574 0.01517 0.01459 0.01394 0.01377 0.01300 0.01259 0.01196 0.01177 0.01174 0.01118 0.01069 0.01040 0.00980 0.00933 0.00897 0.00774 0.00652 0.00605 0.00587 0.00474 0.00465 0.00534 0.00587 0.00610 0.00655 0.00672 0.00658 0.00708 0.00737 0.00734 0.00759 0.00769 0.00784 0.00735 0.00780 0.00824 0.00797 0.00732 0.00593 0.00561 0.00508
-9999 -9999 -9999 -9999 -9999 -9999 0.02471 0.02485 0.02514 0.02498 0.02538 -9999 -9999 -9999 -9999 -9999 -9999 -9999 -9999 -9999 -9999 0.02042 0.01886 0.01882 0.01869 0.01830 0.01816 0.01823 0.01811 0.01758 0.01730 0.01720 0.01599 0.01573 0.01502 0.01455 0.01403 0.01358 0.01292 0.01237 0.01222 0.01170 0.01132 0.01081 0.01039 0.00967 0.00938 0.00833 0.00702 0.00634 0.00564 0.00532 0.00487 0.00549 0.00640 0.00679 0.00678 0.00688 0.00733 0.00779 0.00756 0.00752 0.00714 0.00708 0.00699 0.00829 0.00865 0.00818 0.00813 0.00843 0.00795 0.00642 0.00571
-9999 -9999 -9999 -9999 -9999 0.02570 0.02542 0.02411 0.02495 0.02502 0.02540 0.02370 0.02352 0.02273 -9999 -9999 -9999 0.02177 0.02130 0.02107 0.02118 0.02053 0.02027 0.02030 0.01958 0.01988 0.01951 0.01987 0.01956 0.01936 0.01905 0.01885 0.01840 0.01773 0.01695 0.01595 0.01534 0.01473 0.01417 0.01367 0.01338 0.01242 0.01218 0.01181 0.01115 0.01045 0.00932 0.00803 0.00704 0.00674 0.00611 0.00575 0.00584 0.00642 0.00673 0.00665 0.00676 0.00716 0.00795 0.00779 0.00779 0.00741 0.00724 0.00764 0.00689 0.00635 0.00676 0.00698 0.00760 0.00756 0.00764 0.00660 0.00613
-9999 0.02683 0.02751 0.02778 0.02724 0.02682 0.02671 0.02661 0.02654 0.02659 0.02584 0.02502 0.02453 0.02414 0.02431 0.02467 0.02549 0.02333 0.02267 0.02346 0.02339 0.02272 0.02220 0.02251 0.02263 0.02113 0.02098 0.02117 0.02073 0.02071 0.02089 0.02050 0.02000 0.01933 0.01854 0.01742 0.01651 0.01586 0.01540 0.01485 0.01431 0.01361 0.01309 0.01269 0.01204 0.01139 0.01024 0.00919 0.00820 0.00753 0.00688 0.00606 0.00608 0.00570 0.00608 0.00633 0.00676 0.00794 0.00753 0.00767 0.00805 0.00749 0.00684 0.00703 0.00648 0.00663 0.00729 0.00686 0.00761 0.00698 0.00619 0.00550 0.00568
-9999 0.02716 0.02871 0.02884 0.02914 0.02964 0.02954 0.02961 0.02955 0.02898 0.02838 0.02749 0.02574 0.02581 0.02563 0.02524 0.02468 0.02429 0.02471 0.02504 0.02413 0.02390 0.02397 0.02438 0.02402 0.02358 0.02316 0.02301 0.02258 0.02282 0.02239 0.02236 0.02174 0.02111 0.02013 0.01913 0.01847 0.01751 0.01687 0.01588 0.01541 0.01503 0.01465 0.01365 0.01313 0.01266 0.01189 0.01053 0.00944 0.00861 0.00811 0.00690 0.00664 0.00560 0.00555 0.00647 0.00699 0.00727 0.00765 0.00718 0.00760 0.00725 0.00698 0.00737 0.00701 0.00689 0.00675 0.00720 0.00735 0.00738 0.00725 0.00643 0.00571
-9999 -9999 -9999 0.02900 0.02922 0.03038 0.03131 0.03144 0.03111 0.03199 0.03082 0.03141 0.03076 0.03013 0.02829 0.02816 0.02783 0.02840 0.02757 0.02653 0.02614 0.02560 0.02530 0.02553 0.02562 0.02578 0.02521 0.02528 0.02569 0.02596 0.02499 0.02455 0.02346 0.02323 0.02241 0.02119 0.01988 0.01921 0.01820 0.01748 0.01691 0.01620 0.01579 0.01503 0.01458 0.01398 0.01299 0.01185 0.01092 0.01003 0.00876 0.00773 0.00692 0.00615 0.00646 0.00636 0.00715 0.00727 0.00701 0.00716 0.00777 0.00700 0.00694 0.00690 0.00719 0.00741 0.00780 0.00742 0.00718 0.00699 0.00693 0.00699 0.00686
-9999 -9999 -9999 -9999 -9999 -9999 0.03306 0.03412 0.03320 0.03449 0.03425 0.03409 0.03351 0.03387 0.03299 0.03234 0.03143 0.03080 0.03089 0.03083 0.02984 0.02875 0.02863 0.02880 0.02876 0.02759 0.02768 0.02852 0.02849 0.02812 0.02762 0.02695 0.02598 0.02531 0.02466 0.02386 0.02269 0.02117 0.02027 0.01903 0.01823 0.01781 0.01723 0.01649 0.01584 0.01539 0.01467 0.01244 0.01197 0.01060 0.00894 0.00758 0.00705 0.00789 0.00716 0.00678 0.00718 0.00651 0.00615 0.00668 0.00639 0.00650 0.00637 0.00641 0.00696 0.00694 0.00805 0.00775 0.00737 0.00736 0.00720 0.00732 0.00750
-9999 -9999 -9999 -9999 -9999 -9999 0.03621 0.03621 0.03690 0.03591 0.03654 0.03636 0.03648 0.03682 0.03561 0.03482 0.03427 0.03333 0.03242 0.03206 0.03110 0.03062 0.03000 0.03021 0.02989 0.03081 0.03174 0.03125 0.03150 0.03081 0.02991 0.02923 0.02845 0.02773 0.02628 0.02549 0.02496 0.02381 0.02265 0.02095 0.01997 0.01934 0.01838 0.01790 0.01689 0.01642 0.01596 0.01528 0.01428 0.01338 0.01170 0.01050 0.00948 0.00892 0.00864 0.00937 0.00879 0.00780 0.00811 0.00761 0.00639 0.00658 0.00667 0.00701 0.00708 0.00818 0.00844 0.00864 0.00876 0.00872 0.00770 0.00790 0.00782
-9999 -9999 -9999 -9999 -9999 -9999 -9999 -9999 -9999 -9999 0.04112 0.03861 0.03885 0.04195 0.03982 0.03735 0.03700 0.03571 0.03618 0.03610 0.03500 0.03371 0.03398 0.03374 0.03339 0.03230 0.03279 0.03365 0.03405 0.03299 0.03241 0.03157 0.03044 0.02989 0.02917 0.02854 0.02715 0.02679 0.02625 0.02436 0.02313 0.02161 0.02057 0.01908 0.01837 0.01757 0.01688 0.01690 0.01629 0.01596 0.01552 0.01490 0.01408 0.01379 0.01366 0.01351 0.01296 0.01221 0.01170 0.01115 0.01113 0.01044 0.01032 0.00962 0.00944 0.01047 0.01063 0.01056 0.01022 0.01034 0.00943 0.00812 0.00760
-9999 -9999 -9999 -9999 -9999 -9999 -9999 -9999 -9999 -9999 0.04645 0.04469 0.04226 0.04410 0.04224 0.03996 0.03924 0.03852 0.03770 0.03728 0.03631 0.03567 0.03502 0.03536 0.03499 0.03614 0.03676 0.03654 0.03710 0.03615 0.03516 0.03455 0.03338 0.03288 0.03095 0.03049 0.02921 0.02792 0.02674 0.02554 0.02420 0.02264 0.02207 0.02035 0.01971 0.01837 0.01784 0.01745 0.01717 0.01689 0.01689 0.01618 0.01605 0.01571 0.01558 0.01526 0.01482 0.01453 0.01465 0.01381 0.01370 0.01381 0.01397 0.01425 0.01433 0.01458 0.01443 0.01427 0.01409 0.01164 0.01115 0.01040 0.00967
-9999 -9999 -9999 -9999 -9999 -9999 -9999 -9999 -9999 -9999 -9999 -9999 0.04679 0.04429 0.04360 0.04270 0.04402 0.04446 0.04155 0.04169 0.04064 0.03981 0.03955 0.03935 0.03998 0.03997 0.03952 0.03920 0.03924 0.03960 0.03858 0.03701 0.03584 0.03428 0.03287 0.03203 0.03055 0.02953 0.02827 0.02692 0.02575 0.02391 0.02285 0.02128 0.02068 0.01941 0.01889 0.01848 0.01828 0.01780 0.01751 0.01704 0.01669 0.01649 0.01707 0.01686 0.01637 0.01533 0.01499 0.01476 0.01478 0.01494 0.01525 0.01571 0.01607 0.01627 0.01658 0.01680 0.01639 0.01489 0.01239 0.01080 0.01103
-9999 -9999 -9999 -9999 -9999 -9999 -9999 -9999 -9999 -9999 -9999 -9999 0.05113 0.04888 0.04656 0.04605 0.04622 0.04629 0.04285 0.04247 0.04218 0.03996 0.04067 0.04193 0.04042 0.04127 0.04135 0.04177 0.04150 0.04195 0.04195 0.03994 0.03848 0.03653 0.03441 0.03391 0.03181 0.03017 0.02945 0.02841 0.02754 0.02610 0.02500 0.02352 0.02198 0.02071 0.01996 0.01972 0.01952 0.01917 0.01869 0.01889 0.01826 0.01821 0.01827 0.01806 0.01753 0.01671 0.01643 0.01619 0.01636 0.01626 0.01677 0.01716 0.01778 0.01803 0.01840 0.01838 0.01714 0.01498 0.01438 0.01417 0.01286
-9999 -9999 -9999 -9999 -9999 -9999 -9999 -9999 -9999 -9999 -9999 0.05411 0.05162 0.05224 0.05112 0.04599 0.04342 0.04282 0.04143 0.04057 0.04304 0.03959 0.04138 0.04077 0.04013 0.04074 0.04032 0.04074 0.04269 0.04366 0.04340 0.04178 0.03992 0.03823 0.03644 0.03698 0.03409 0.03226 0.02977 0.02814 0.02737 0.02612 0.02485 0.02358 0.02273 0.02208 0.02169 0.02188 0.02131 0.02090 0.02055 0.01995 0.01968 0.01993 0.02054 0.01972 0.01899 0.01832 0.01804 0.01822 0.01833 0.01849 0.01861 0.01876 0.01917 0.01983 0.01960 0.01838 0.01694 0.01480 0.01297 0.01257 0.01395
-9999 -9999 -9999 -9999 -9999 -9999 -9999 -9999 -9999 -9999 -9999 0.05653 0.05497 0.05276 0.05263 0.04746 0.04565 0.04448 0.04331 0.04302 0.04279 0.04143 0.04175 0.04296 0.04317 0.04252 0.04201 0.04140 0.04321 0.04270 0.04218 0.04152 0.04036 0.03980 0.03738 0.03727 0.03669 0.03374 0.03118 0.03039 0.02930 0.02862 0.02698 0.02485 0.02384 0.02295 0.02276 0.02316 0.02345 0.02361 0.02305 0.02327 0.02247 0.02192 0.02119 0.02094 0.02016 0.02012 0.01985 0.02015 0.02016 0.02020 0.02040 0.02086 0.02136 0.02244 0.02124 0.02089 0.01818 0.01565 0.01566 0.01593 0.01564
-9999 -9999 -9999 -9999 -9999 -9999 -9999 -9999 -9999 -9999 -9999 0.05422 0.05257 0.05203 0.05099 0.04824 0.04645 0.04544 0.04488 0.04420 0.04328 0.04356 0.04471 0.04412 0.04403 0.04362 0.04261 0.04312 0.04315 0.04426 0.04263 0.04239 0.04222 0.04145 0.03866 0.03932 0.03828 0.03705 0.03551 0.03392 0.03242 0.03132 0.03138 0.02815 0.02653 0.02498 0.02499 0.02384 0.02351 0.02349 0.02384 0.02296 0.02254 0.02202 0.02233 0.02254 0.02197 0.02191 0.02259 0.02235 0.02243 0.02240 0.02336 0.02343 0.02500 0.02626 0.02511 0.02355 0.02115 0.01898 0.02003 0.01672 0.01675
