data/hydroclimate-scenarios/BCSD_hadcm_B1/monthly_summaries/vpd_monthly_avg_jul.2070-2099.asc
ncols	311
nrows	91
xllcenter	102.75
yllcenter	31.75
cellsize	0.5
NODATA_value	-9999
[rows 0 to 32 of 91, columns 0 to 72 of 311]
-9999 -9999 -9999 -9999 -9999 -9999 -9999 -9999 -9999 -9999 -9999 -9999 -9999 -9999 -9999 -9999 -9999 -9999 -9999 -9999 -9999 -9999 -9999 -9999 -9999 -9999 -9999 -9999 -9999 -9999 -9999 -9999 -9999 -9999 -9999 -9999 -9999 -9999 -9999 -9999 -9999 -9999 -9999 -9999 -9999 -9999 -9999 -9999 -9999 -9999 -9999 -9999 -9999 -9999 -9999 -9999 -9999 -9999 -9999 -9999 -9999 -9999 -9999 -9999 -9999 -9999 -9999 -9999 -9999 -9999 -9999 -9999 -9999
-9999 -9999 -9999 -9999 -9999 -9999 -9999 -9999 -9999 -9999 -9999 -9999 -9999 -9999 -9999 -9999 -9999 -9999 -9999 -9999 -9999 -9999 -9999 -9999 -9999 -9999 -9999 -9999 -9999 -9999 -9999 -9999 -9999 -9999 -9999 -9999 -9999 -9999 -9999 -9999 -9999 -9999 -9999 -9999 -9999 -9999 -9999 -9999 -9999 -9999 -9999 -9999 -9999 -9999 -9999 -9999 -9999 -9999 -9999 -9999 -9999 -9999 -9999 -9999 -9999 -9999 -9999 -9999 -9999 -9999 -9999 -9999 -9999
-9999 -9999 -9999 -9999 -9999 -9999 -9999 -9999 -9999 -9999 -9999 -9999 -9999 -9999 -9999 -9999 -9999 -9999 -9999 -9999 -9999 -9999 -9999 -9999 -9999 -9999 -9999 -9999 -9999 -9999 -9999 -9999 -9999 -9999 -9999 -9999 -9999 -9999 -9999 -9999 -9999 -9999 -9999 -9999 -9999 -9999 -9999 -9999 -9999 -9999 -9999 -9999 -9999 -9999 -9999 -9999 -9999 -9999 -9999 -9999 -9999 -9999 -9999 -9999 -9999 -9999 -9999 -9999 -9999 -9999 -9999 -9999 -9999
-9999 -9999 -9999 -9999 -9999 -9999 -9999 -9999 -9999 -9999 -9999 -9999 -9999 -9999 -9999 -9999 -9999 -9999 -9999 -9999 -9999 -9999 -9999 -9999 -9999 -9999 -9999 -9999 -9999 -9999 -9999 -9999 -9999 -9999 -9999 -9999 -9999 -9999 -9999 -9999 -9999 -9999 -9999 -9999 -9999 -9999 -9999 -9999 -9999 -9999 -9999 -9999 -9999 -9999 -9999 -9999 -9999 -9999 -9999 -9999 -9999 -9999 -9999 -9999 -9999 -9999 -9999 -9999 -9999 -9999 -9999 -9999 -9999
-9999 -9999 -9999 -9999 -9999 -9999 -9999 -9999 -9999 -9999 -9999 -9999 -9999 -9999 -9999 -9999 -9999 -9999 -9999 -9999 -9999 -9999 -9999 -9999 -9999 -9999 -9999 -9999 -9999 -9999 -9999 -9999 -9999 -9999 -9999 -9999 -9999 -9999 -9999 -9999 -9999 -9999 -9999 -9999 -9999 -9999 -9999 -9999 -9999 -9999 -9999 -9999 -9999 -9999 -9999 -9999 -9999 -9999 -9999 -9999 -9999 -9999 -9999 -9999 -9999 -9999 -9999 -9999 -9999 -9999 -9999 -9999 -9999
-9999 -9999 -9999 -9999 -9999 -9999 -9999 -9999 -9999 -9999 -9999 -9999 -9999 -9999 -9999 -9999 -9999 -9999 -9999 -9999 -9999 -9999 -9999 -9999 -9999 -9999 -9999 -9999 -9999 -9999 -9999 -9999 -9999 -9999 -9999 -9999 -9999 -9999 -9999 -9999 -9999 -9999 -9999 -9999 -9999 -9999 -9999 -9999 -9999 -9999 -9999 -9999 -9999 -9999 -9999 -9999 -9999 -9999 -9999 -9999 -9999 -9999 -9999 -9999 -9999 -9999 -9999 -9999 -9999 -9999 -9999 -9999 -9999
-9999 -9999 -9999 -9999 -9999 -9999 -9999 -9999 -9999 -9999 -9999 -9999 -9999 -9999 -9999 -9999 -9999 -9999 -9999 -9999 -9999 -9999 -9999 -9999 -9999 -9999 -9999 -9999 -9999 -9999 -9999 -9999 -9999 -9999 -9999 -9999 -9999 -9999 -9999 -9999 -9999 -9999 -9999 -9999 -9999 -9999 -9999 -9999 -9999 -9999 -9999 -9999 -9999 -9999 -9999 -9999 -9999 -9999 -9999 -9999 -9999 -9999 -9999 -9999 -9999 -9999 -9999 -9999 -9999 -9999 -9999 -9999 -9999
-9999 -9999 -9999 -9999 -9999 -9999 -9999 -9999 -9999 -9999 -9999 -9999 -9999 -9999 -9999 -9999 -9999 -9999 -9999 -9999 -9999 -9999 -9999 -9999 -9999 -9999 -9999 -9999 -9999 -9999 -9999 -9999 -9999 -9999 -9999 -9999 -9999 -9999 -9999 -9999 -9999 -9999 0.83554 0.83328 0.83473 0.82603 0.82550 0.83137 0.84565 0.86208 0.86670 0.91354 -9999 -9999 -9999 -9999 -9999 -9999 -9999 -9999 -9999 -9999 -9999 -9999 -9999 -9999 -9999 -9999 -9999 -9999 -9999 -9999 -9999
-9999 -9999 -9999 -9999 -9999 -9999 -9999 -9999 -9999 -9999 -9999 -9999 -9999 -9999 -9999 -9999 -9999 -9999 -9999 -9999 -9999 -9999 -9999 -9999 -9999 -9999 -9999 -9999 -9999 -9999 -9999 -9999 -9999 -9999 -9999 -9999 -9999 -9999 0.80921 0.77598 0.79305 0.80978 0.81896 0.83200 0.84724 0.83688 0.85001 0.84066 0.85364 0.86502 0.88600 0.91995 0.93811 0.78131 -9999 -9999 -9999 -9999 -9999 -9999 -9999 -9999 -9999 -9999 -9999 -9999 -9999 -9999 -9999 -9999 -9999 -9999 -9999
-9999 -9999 -9999 -9999 -9999 -9999 -9999 -9999 -9999 -9999 -9999 -9999 -9999 -9999 -9999 -9999 -9999 -9999 -9999 -9999 -9999 -9999 -9999 -9999 -9999 -9999 -9999 -9999 -9999 -9999 -9999 -9999 -9999 -9999 -9999 -9999 -9999 -9999 -9999 -9999 0.82465 0.82646 0.80456 0.79626 0.81788 0.79565 0.82589 0.84778 0.85176 0.85091 0.86645 0.92410 0.94129 0.80814 -9999 -9999 -9999 -9999 -9999 -9999 -9999 -9999 -9999 -9999 -9999 -9999 -9999 -9999 -9999 -9999 -9999 -9999 -9999
-9999 -9999 -9999 -9999 -9999 -9999 -9999 -9999 -9999 -9999 -9999 -9999 -9999 -9999 -9999 -9999 -9999 -9999 -9999 -9999 -9999 -9999 -9999 -9999 -9999 -9999 -9999 -9999 -9999 -9999 -9999 -9999 -9999 -9999 -9999 -9999 -9999 -9999 -9999 -9999 -9999 -9999 -9999 -9999 0.84404 0.83353 0.80379 0.80277 0.82956 0.85843 0.86673 0.84540 0.92493 0.82313 -9999 -9999 -9999 -9999 -9999 -9999 1.04994 -9999 -9999 -9999 -9999 -9999 -9999 -9999 -9999 -9999 -9999 -9999 -9999
-9999 -9999 -9999 -9999 -9999 -9999 -9999 -9999 -9999 -9999 -9999 -9999 -9999 -9999 -9999 -9999 -9999 -9999 -9999 -9999 -9999 -9999 -9999 -9999 -9999 -9999 -9999 -9999 -9999 -9999 -9999 -9999 -9999 -9999 -9999 -9999 -9999 -9999 -9999 -9999 -9999 0.78115 0.79060 0.79398 0.80968 0.84499 0.82244 0.80097 0.83125 0.85418 0.84102 0.84587 0.90748 0.94464 -9999 -9999 -9999 -9999 -9999 1.06134 1.05789 1.07240 1.06524 1.07665 1.06935 1.06197 1.04805 1.05946 1.05732 1.06954 1.05245 1.02250 1.00753
-9999 -9999 -9999 -9999 -9999 -9999 -9999 -9999 -9999 -9999 -9999 -9999 -9999 -9999 -9999 -9999 -9999 -9999 -9999 -9999 -9999 -9999 -9999 -9999 -9999 -9999 -9999 -9999 -9999 -9999 -9999 -9999 -9999 -9999 -9999 -9999 -9999 -9999 -9999 -9999 -9999 0.82017 0.81518 0.82702 0.87676 0.87994 0.88864 0.87191 0.87782 0.87762 0.87586 0.81837 0.82887 0.87278 0.92408 0.92110 0.99502 -9999 1.06587 1.06083 1.07399 1.07490 1.06968 1.03426 1.03699 1.04496 1.05614 1.07492 1.08346 1.05377 1.04908 1.03777 1.03391
-9999 -9999 -9999 -9999 -9999 -9999 -9999 -9999 -9999 -9999 -9999 -9999 -9999 -9999 -9999 -9999 -9999 -9999 -9999 -9999 -9999 -9999 -9999 -9999 -9999 -9999 -9999 -9999 -9999 -9999 -9999 -9999 -9999 -9999 -9999 0.84940 0.84997 0.82994 0.83070 0.87070 0.87959 0.89449 0.88458 0.88234 0.90246 0.90927 0.92442 0.90620 0.90748 0.87335 0.84157 0.81398 0.76555 0.81987 0.82374 0.82293 0.91221 0.98191 1.05079 1.06090 1.08172 1.06597 1.05953 0.93366 0.96266 1.04674 1.03163 1.04910 1.07603 1.04292 1.03350 1.03449 0.99111
-9999 -9999 -9999 -9999 -9999 -9999 -9999 -9999 -9999 -9999 -9999 -9999 -9999 -9999 -9999 -9999 -9999 -9999 -9999 -9999 -9999 -9999 -9999 -9999 -9999 -9999 -9999 -9999 -9999 -9999 -9999 -9999 -9999 -9999 0.89953 0.83977 0.84173 0.85874 0.86597 0.88553 0.89993 0.91898 0.91928 0.94001 0.94103 0.92949 0.94384 0.91546 0.87733 0.82906 0.78873 0.77379 0.73372 0.72750 0.75316 0.82402 0.90131 0.97274 1.07631 1.09496 1.06106 0.98910 0.97178 0.92695 1.03572 1.06760 1.04096 0.99312 0.90757 0.93092 0.87114 0.86273 0.85470
-9999 -9999 -9999 -9999 -9999 -9999 -9999 -9999 -9999 -9999 -9999 -9999 -9999 -9999 -9999 -9999 -9999 -9999 -9999 -9999 -9999 -9999 -9999 -9999 -9999 -9999 -9999 -9999 -9999 -9999 -9999 -9999 -9999 0.89232 0.89558 0.88028 0.87243 0.88874 0.88763 0.92475 0.92786 0.92657 0.93898 0.94794 0.95861 0.94076 0.92289 0.90299 0.80226 0.76837 0.73284 0.68939 0.67150 0.70724 0.77511 0.83436 0.85608 0.98792 1.07258 1.04896 1.00076 1.03777 1.06593 1.12030 1.08144 1.04914 0.99884 0.96369 0.93368 0.93582 0.90274 0.89656 0.87369
-9999 -9999 -9999 -9999 -9999 -9999 -9999 -9999 -9999 -9999 -9999 -9999 -9999 -9999 -9999 -9999 -9999 -9999 -9999 -9999 -9999 -9999 -9999 -9999 -9999 -9999 -9999 -9999 -9999 -9999 -9999 0.93358 0.92386 0.90102 0.91429 0.90824 0.91485 0.93040 0.93475 0.96035 0.94750 0.95581 0.95969 0.97012 0.95351 0.93042 0.93186 0.92730 0.84749 0.79799 0.74633 0.71115 0.65929 0.69381 0.75777 0.83420 0.93809 0.98315 0.93003 0.98630 1.05226 1.08734 1.08336 1.13730 1.09366 1.03756 1.02803 1.04479 1.02708 0.90986 0.84674 0.81517 0.90473
-9999 -9999 -9999 -9999 -9999 -9999 -9999 -9999 -9999 -9999 -9999 -9999 -9999 -9999 -9999 -9999 -9999 -9999 -9999 -9999 -9999 -9999 -9999 -9999 -9999 -9999 -9999 -9999 -9999 0.96701 0.95837 0.92460 0.92229 0.91601 0.93335 0.93340 0.93776 0.95143 0.94950 0.96797 0.97492 0.96160 0.97264 0.98256 0.96629 0.92193 0.91180 0.88255 0.77053 0.74432 0.71194 0.64875 0.65875 0.71332 0.72882 0.80134 0.93089 0.95087 1.00059 1.09420 1.09144 1.08280 1.07115 1.06668 1.09630 1.07916 0.99003 0.93346 0.91191 0.91854 0.94535 0.81897 0.68245
-9999 -9999 -9999 -9999 -9999 -9999 -9999 -9999 -9999 -9999 -9999 -9999 -9999 -9999 -9999 -9999 -9999 -9999 -9999 -9999 -9999 -9999 -9999 -9999 0.90663 0.90828 0.94046 0.97317 0.96873 0.95046 0.92987 0.94785 0.94429 0.95394 0.94638 0.99014 0.96762 0.96693 0.96669 0.98388 1.00692 0.99371 0.99176 0.98002 0.96797 0.93406 0.94195 0.85480 0.77322 0.74846 0.75584 0.65617 0.66589 0.75256 0.81933 0.88251 0.95426 1.00389 0.99852 1.05108 1.11917 1.12688 1.15662 1.15573 1.13444 1.07205 1.09684 1.11086 1.05488 0.98047 0.81568 0.77520 0.72183
-9999 -9999 -9999 -9999 -9999 -9999 0.86504 0.88127 0.89088 0.89432 0.90014 -9999 -9999 -9999 -9999 -9999 -9999 -9999 -9999 -9999 -9999 0.91178 0.86197 0.87316 0.88955 0.88856 0.90949 0.92565 0.92201 0.94161 0.95834 0.96259 0.94734 0.95656 0.94627 0.98941 0.98204 1.00159 0.99820 1.01416 1.03002 1.01386 1.01026 0.99566 0.98158 0.95277 0.95254 0.88698 0.79559 0.76622 0.72393 0.69539 0.67440 0.74848 0.85617 0.93081 0.95589 1.00195 1.07109 1.11205 1.12219 1.12589 1.08079 1.04848 1.02602 1.14844 1.17567 1.09204 1.06417 1.06351 1.00072 0.84607 0.76986
-9999 -9999 -9999 -9999 -9999 0.87967 0.87754 0.84146 0.88381 0.87134 0.88450 0.84400 0.85609 0.84044 -9999 -9999 -9999 0.86818 0.85868 0.86702 0.86125 0.85784 0.85310 0.87882 0.86560 0.90087 0.90451 0.93882 0.94861 0.95221 0.97994 0.98741 0.99335 1.00897 1.00718 1.01499 1.01051 1.00349 1.01135 1.02379 1.02158 1.01447 1.02072 1.02334 0.99330 0.97618 0.90182 0.82777 0.77691 0.75089 0.73242 0.72123 0.74074 0.81093 0.86167 0.89185 0.91201 0.98969 1.10079 1.07590 1.10224 1.05918 1.04332 1.08905 0.99319 0.90849 0.93899 0.94014 0.98515 0.95594 0.94386 0.84388 0.79658
-9999 0.89622 0.89830 0.91746 0.88740 0.89458 0.88048 0.87420 0.86761 0.88669 0.86861 0.85217 0.83951 0.85009 0.87241 0.89955 0.94369 0.87024 0.86741 0.88955 0.90103 0.89725 0.89324 0.91570 0.93218 0.91626 0.92386 0.95809 0.95081 0.96791 1.00592 1.01721 1.03083 1.03361 1.03147 1.04251 1.04055 1.02816 1.03703 1.05232 1.04384 1.05107 1.05397 1.05024 1.03406 1.01019 0.94360 0.88838 0.82963 0.79411 0.76600 0.72530 0.74257 0.72824 0.76493 0.82606 0.88996 1.02482 1.02117 1.03170 1.08584 1.03401 0.97394 0.99273 0.92276 0.92267 0.97441 0.90196 0.96510 0.88378 0.80354 0.73943 0.74415
-9999 0.89349 0.92788 0.93546 0.94120 0.95573 0.95096 0.94828 0.94849 0.91683 0.91701 0.89071 0.86251 0.88201 0.88524 0.87080 0.87455 0.85842 0.87157 0.89998 0.88572 0.88311 0.89082 0.94625 0.94646 0.96153 0.96242 0.95928 0.96946 1.00267 1.02075 1.06582 1.06576 1.07985 1.07156 1.05887 1.06974 1.07933 1.09198 1.07892 1.09597 1.08771 1.09728 1.11113 1.10648 1.09368 1.06075 0.97360 0.91494 0.85048 0.84343 0.76434 0.76591 0.69762 0.70891 0.81141 0.88028 0.92357 0.97258 0.95684 1.00883 0.97085 0.94548 0.99599 0.94432 0.91698 0.88927 0.91005 0.90480 0.88484 0.86981 0.79568 0.73111
-9999 -9999 -9999 0.91079 0.90797 0.95187 0.95519 0.96215 0.95473 0.97737 0.95459 0.96826 0.95761 0.96093 0.92448 0.90892 0.90128 0.93496 0.91374 0.90781 0.89964 0.89812 0.90537 0.93735 0.95776 0.98333 1.00104 1.01074 1.04247 1.05086 1.06560 1.08483 1.08986 1.11427 1.10458 1.09908 1.09178 1.10946 1.10707 1.12689 1.13122 1.12579 1.12397 1.13552 1.14295 1.13010 1.09218 1.02005 0.98472 0.94048 0.87844 0.81190 0.76409 0.72834 0.77008 0.77942 0.86146 0.89428 0.89070 0.91598 0.99190 0.92436 0.90959 0.91576 0.93963 0.93876 0.95795 0.89947 0.85522 0.82781 0.81767 0.80644 0.80110
-9999 -9999 -9999 -9999 -9999 -9999 0.97021 0.98782 0.96869 0.99169 0.99847 0.99093 0.99537 1.00438 0.98846 0.97292 0.96484 0.96208 0.97953 0.96812 0.96287 0.94555 0.96006 0.96946 0.98543 0.98355 1.02714 1.07624 1.08101 1.08973 1.09598 1.09921 1.12144 1.12454 1.14135 1.14964 1.13997 1.13665 1.13186 1.11995 1.10625 1.14665 1.14927 1.16311 1.15287 1.15137 1.14538 1.02423 1.01349 0.93288 0.84235 0.76898 0.75648 0.84444 0.80383 0.78050 0.83438 0.81002 0.78331 0.83394 0.81373 0.81841 0.81770 0.81390 0.86051 0.83599 0.91370 0.86690 0.81904 0.81123 0.79257 0.78388 0.79186
-9999 -9999 -9999 -9999 -9999 -9999 1.01058 1.00323 1.01634 0.99222 1.01151 1.01368 1.02812 1.03713 1.02709 0.99350 0.99781 0.98280 0.97777 0.96150 0.96134 0.96403 0.96183 0.97529 0.99186 1.05091 1.08671 1.09945 1.11884 1.11453 1.11575 1.13668 1.14485 1.16477 1.15656 1.18047 1.19326 1.18694 1.18902 1.14294 1.12981 1.15727 1.15301 1.14958 1.17248 1.16157 1.15522 1.14655 1.10931 1.06063 0.98013 0.93742 0.89980 0.87957 0.88238 0.94692 0.92284 0.86862 0.90422 0.86585 0.76980 0.79271 0.79359 0.82713 0.80932 0.88015 0.88245 0.88031 0.86105 0.83780 0.76758 0.75927 0.74403
-9999 -9999 -9999 -9999 -9999 -9999 -9999 -9999 -9999 -9999 1.08206 1.02341 1.03070 1.08647 1.05987 1.02368 1.00870 1.00328 1.02460 1.01831 1.01114 0.99505 1.01045 1.01851 1.03138 1.02240 1.04805 1.11903 1.13121 1.14137 1.15223 1.13939 1.14072 1.17088 1.18689 1.23684 1.22037 1.24107 1.24875 1.20668 1.19274 1.17935 1.17061 1.15698 1.15933 1.15060 1.14205 1.14691 1.15992 1.15904 1.16102 1.16199 1.14745 1.15641 1.17488 1.20480 1.19519 1.16116 1.13567 1.11582 1.12162 1.04360 1.02902 0.96635 0.94181 0.98134 0.96618 0.93454 0.87933 0.86824 0.80237 0.72062 0.68973
-9999 -9999 -9999 -9999 -9999 -9999 -9999 -9999 -9999 -9999 1.17920 1.12780 1.07444 1.12572 1.09504 1.04528 1.03388 1.02709 1.01886 1.01923 1.01643 1.00116 0.99856 1.02650 1.03904 1.08116 1.12160 1.14470 1.16595 1.17895 1.18028 1.16353 1.17757 1.19729 1.18426 1.21713 1.22241 1.22294 1.20936 1.18466 1.17232 1.14776 1.13981 1.12454 1.12589 1.11123 1.11548 1.11717 1.13261 1.13384 1.17148 1.17819 1.20342 1.20212 1.25341 1.27632 1.26578 1.26822 1.28104 1.23588 1.24508 1.22932 1.22626 1.21707 1.21394 1.17034 1.11437 1.06362 1.01398 0.86962 0.81875 0.76370 0.72573
-9999 -9999 -9999 -9999 -9999 -9999 -9999 -9999 -9999 -9999 -9999 -9999 1.16376 1.08934 1.07319 1.07045 1.09753 1.13355 1.07837 1.09333 1.08537 1.06581 1.07716 1.08172 1.10599 1.14123 1.15039 1.16462 1.17181 1.19582 1.21466 1.19605 1.19734 1.18089 1.19708 1.20218 1.20601 1.19466 1.19530 1.15874 1.14943 1.11540 1.09589 1.10028 1.10162 1.09661 1.08610 1.09702 1.09267 1.10644 1.12437 1.13954 1.16360 1.19037 1.27099 1.29269 1.29655 1.27286 1.25692 1.24845 1.24043 1.23094 1.22762 1.24237 1.24085 1.18602 1.15038 1.10494 1.04397 0.93656 0.79370 0.71806 0.71537
-9999 -9999 -9999 -9999 -9999 -9999 -9999 -9999 -9999 -9999 -9999 -9999 1.20611 1.15428 1.13097 1.11201 1.12232 1.14281 1.07884 1.08965 1.10185 1.06109 1.07628 1.11389 1.09768 1.13252 1.16073 1.18055 1.18346 1.21156 1.21968 1.20224 1.20680 1.19141 1.15960 1.19137 1.16601 1.13523 1.15141 1.14126 1.14974 1.12745 1.12410 1.11141 1.10207 1.09624 1.09539 1.09201 1.10361 1.07773 1.09752 1.13711 1.17766 1.20856 1.27340 1.28573 1.28487 1.27350 1.25957 1.24417 1.25136 1.23340 1.23102 1.23995 1.23797 1.17955 1.13916 1.07277 0.98199 0.85609 0.79564 0.78201 0.72311
-9999 -9999 -9999 -9999 -9999 -9999 -9999 -9999 -9999 -9999 -9999 1.24557 1.19774 1.21684 1.21401 1.10813 1.07697 1.10098 1.07167 1.06221 1.14271 1.05421 1.09171 1.05991 1.06360 1.10039 1.11106 1.14126 1.19003 1.22049 1.24069 1.21360 1.21045 1.22713 1.21498 1.23400 1.19350 1.14641 1.10671 1.07523 1.07692 1.05726 1.05337 1.05190 1.06836 1.10677 1.10776 1.12138 1.11495 1.11097 1.12502 1.13546 1.15863 1.21662 1.28803 1.27312 1.25952 1.25982 1.25935 1.23703 1.23672 1.22932 1.21953 1.22091 1.19834 1.17180 1.10041 1.00484 0.90429 0.78026 0.69900 0.65457 0.68594
-9999 -9999 -9999 -9999 -9999 -9999 -9999 -9999 -9999 -9999 -9999 1.27352 1.26176 1.22274 1.21913 1.12829 1.10614 1.09966 1.09825 1.08351 1.09141 1.07976 1.08648 1.09729 1.11337 1.13084 1.12555 1.13758 1.18005 1.18425 1.18599 1.18590 1.18473 1.20203 1.19152 1.20459 1.20860 1.13731 1.08251 1.09617 1.09535 1.07025 1.06063 1.02988 1.03818 1.08076 1.09327 1.11855 1.14012 1.15093 1.16510 1.17546 1.18865 1.20870 1.21141 1.22026 1.21049 1.23645 1.23868 1.21973 1.21852 1.21093 1.20326 1.21308 1.19336 1.15936 1.06118 0.98642 0.84779 0.73721 0.71321 0.70365 0.67787
-9999 -9999 -9999 -9999 -9999 -9999 -9999 -9999 -9999 -9999 -9999 1.25191 1.22796 1.21156 1.19899 1.14900 1.13017 1.11839 1.10912 1.11067 1.08102 1.09843 1.14207 1.11758 1.13900 1.15586 1.13856 1.15512 1.16068 1.18937 1.15872 1.16851 1.17982 1.19090 1.14649 1.19976 1.18885 1.17779 1.14271 1.12691 1.11078 1.12174 1.12227 1.07795 1.06279 1.07308 1.06414 1.04873 1.04249 1.07664 1.08567 1.07197 1.08649 1.09958 1.13400 1.17598 1.17239 1.20122 1.21713 1.19951 1.20474 1.20518 1.23144 1.24448 1.23693 1.17794 1.08557 0.96268 0.85067 0.75729 0.76582 0.65343 0.63937
