data/hydroclimate-scenarios/BCSD_hadcm_B1/monthly_summaries/vpd_monthly_avg_nov.2030-2059.asc
ncols	311
nrows	91
xllcenter	102.75
yllcenter	31.75
cellsize	0.5
NODATA_value	-9999
[rows 0 to 32 of 91, columns 73 to 145 of 311]
-9999 -9999 -9999 -9999 -9999 -9999 -9999 -9999 -9999 -9999 -9999 -9999 -9999 -9999 -9999 -9999 -9999 -9999 -9999 -9999 -9999 -9999 -9999 -9999 -9999 -9999 -9999 -9999 -9999 -9999 -9999 -9999 -9999 -9999 -9999 -9999 -9999 -9999 -9999 -9999 -9999 -9999 -9999 -9999 -9999 -9999 -9999 -9999 -9999 -9999 -9999 -9999 -9999 -9999 -9999 -9999 -9999 -9999 -9999 -9999 -9999 -9999 -9999 -9999 -9999 -9999 -9999 -9999 -9999 -9999 -9999 -9999 -9999
-9999 -9999 -9999 -9999 -9999 -9999 -9999 -9999 -9999 -9999 -9999 -9999 -9999 -9999 -9999 -9999 -9999 -9999 -9999 -9999 -9999 -9999 -9999 -9999 -9999 -9999 -9999 -9999 -9999 -9999 -9999 -9999 -9999 -9999 -9999 -9999 -9999 -9999 -9999 -9999 -9999 -9999 -9999 -9999 -9999 -9999 -9999 -9999 -9999 -9999 -9999 -9999 -9999 -9999 -9999 -9999 -9999 -9999 -9999 -9999 -9999 -9999 -9999 -9999 -9999 -9999 -9999 -9999 -9999 -9999 -9999 -9999 -9999
-9999 -9999 -9999 -9999 -9999 -9999 -9999 -9999 -9999 -9999 -9999 -9999 -9999 -9999 -9999 -9999 -9999 -9999 -9999 -9999 -9999 -9999 -9999 -9999 -9999 -9999 -9999 -9999 -9999 -9999 -9999 -9999 -9999 -9999 -9999 -9999 -9999 -9999 -9999 -9999 -9999 -9999 -9999 -9999 -9999 -9999 -9999 -9999 -9999 -9999 -9999 -9999 -9999 -9999 -9999 -9999 -9999 -9999 -9999 -9999 -9999 -9999 -9999 -9999 -9999 -9999 -9999 -9999 -9999 -9999 -9999 -9999 -9999
-9999 -9999 -9999 -9999 -9999 -9999 -9999 -9999 -9999 -9999 -9999 -9999 -9999 -9999 -9999 -9999 -9999 -9999 -9999 -9999 -9999 -9999 -9999 -9999 -9999 -9999 -9999 -9999 -9999 -9999 -9999 -9999 -9999 -9999 -9999 -9999 -9999 -9999 -9999 -9999 -9999 -9999 -9999 -9999 -9999 -9999 -9999 -9999 -9999 -9999 -9999 -9999 -9999 -9999 -9999 -9999 -9999 -9999 -9999 -9999 -9999 -9999 -9999 -9999 -9999 -9999 -9999 -9999 -9999 -9999 -9999 -9999 -9999
-9999 -9999 -9999 -9999 -9999 -9999 -9999 -9999 -9999 -9999 -9999 -9999 -9999 -9999 -9999 -9999 -9999 -9999 -9999 -9999 -9999 -9999 -9999 -9999 -9999 -9999 -9999 -9999 -9999 -9999 -9999 -9999 -9999 -9999 -9999 -9999 -9999 -9999 -9999 -9999 -9999 -9999 -9999 -9999 -9999 -9999 -9999 -9999 -9999 -9999 -9999 -9999 -9999 -9999 -9999 -9999 -9999 -9999 -9999 -9999 -9999 -9999 -9999 -9999 -9999 -9999 -9999 -9999 -9999 -9999 -9999 -9999 -9999
-9999 -9999 -9999 -9999 -9999 -9999 -9999 -9999 -9999 -9999 -9999 -9999 -9999 -9999 -9999 -9999 -9999 -9999 -9999 -9999 -9999 -9999 -9999 -9999 -9999 -9999 -9999 -9999 -9999 -9999 -9999 -9999 -9999 -9999 -9999 -9999 -9999 -9999 -9999 -9999 -9999 -9999 -9999 -9999 -9999 -9999 -9999 -9999 -9999 -9999 -9999 -9999 -9999 -9999 -9999 -9999 -9999 -9999 -9999 -9999 -9999 -9999 -9999 -9999 -9999 -9999 -9999 -9999 -9999 -9999 -9999 -9999 -9999
-9999 -9999 -9999 -9999 -9999 -9999 -9999 -9999 -9999 -9999 -9999 -9999 -9999 -9999 -9999 -9999 -9999 -9999 -9999 -9999 -9999 -9999 -9999 -9999 -9999 -9999 -9999 -9999 -9999 -9999 -9999 -9999 -9999 -9999 -9999 -9999 -9999 -9999 -9999 -9999 -9999 -9999 -9999 -9999 -9999 -9999 -9999 -9999 -9999 -9999 -9999 -9999 -9999 -9999 -9999 -9999 -9999 -9999 -9999 -9999 -9999 -9999 -9999 -9999 -9999 -9999 -9999 -9999 -9999 -9999 -9999 -9999 -9999
-9999 -9999 -9999 -9999 -9999 -9999 -9999 -9999 -9999 -9999 -9999 -9999 -9999 -9999 -9999 -9999 -9999 -9999 -9999 -9999 -9999 -9999 -9999 -9999 -9999 -9999 -9999 -9999 -9999 -9999 -9999 -9999 -9999 -9999 -9999 -9999 -9999 -9999 -9999 -9999 -9999 -9999 -9999 -9999 -9999 -9999 -9999 -9999 -9999 -9999 -9999 -9999 -9999 -9999 -9999 -9999 -9999 -9999 -9999 -9999 -9999 -9999 -9999 -9999 -9999 -9999 -9999 -9999 -9999 -9999 -9999 -9999 -9999
-9999 -9999 -9999 -9999 0.01819 -9999 -9999 -9999 -9999 -9999 -9999 -9999 -9999 -9999 -9999 -9999 -9999 -9999 -9999 -9999 -9999 -9999 -9999 -9999 -9999 -9999 -9999 -9999 -9999 -9999 -9999 -9999 -9999 -9999 -9999 -9999 -9999 -9999 -9999 -9999 -9999 -9999 -9999 -9999 -9999 -9999 -9999 -9999 -9999 -9999 -9999 -9999 -9999 -9999 -9999 -9999 -9999 -9999 -9999 -9999 -9999 -9999 -9999 -9999 -9999 -9999 -9999 -9999 -9999 -9999 -9999 -9999 -9999
0.03776 0.01643 0.01684 0.01715 0.01807 0.01887 0.01978 0.02105 0.02240 0.02303 0.02502 0.02671 0.02778 0.02987 0.03104 0.03326 0.03465 0.03653 0.03782 0.03876 -9999 -9999 -9999 -9999 -9999 -9999 -9999 -9999 -9999 -9999 -9999 -9999 -9999 -9999 -9999 -9999 -9999 -9999 -9999 -9999 -9999 -9999 -9999 -9999 -9999 -9999 -9999 -9999 -9999 -9999 -9999 -9999 -9999 -9999 -9999 -9999 -9999 -9999 -9999 -9999 -9999 -9999 -9999 -9999 -9999 -9999 -9999 -9999 -9999 -9999 -9999 -9999 -9999
-9999 -9999 0.01630 0.01672 0.01737 0.01833 0.01924 0.01989 0.02109 0.02227 0.02345 0.02491 0.02642 0.02834 0.03013 0.03188 0.03354 0.03520 0.03600 0.03653 -9999 -9999 -9999 -9999 -9999 -9999 -9999 -9999 -9999 -9999 -9999 -9999 -9999 -9999 -9999 -9999 -9999 -9999 -9999 -9999 -9999 -9999 -9999 -9999 -9999 -9999 -9999 -9999 -9999 -9999 -9999 -9999 -9999 -9999 -9999 -9999 -9999 -9999 -9999 -9999 -9999 -9999 -9999 -9999 -9999 -9999 -9999 -9999 -9999 -9999 -9999 -9999 -9999
0.01446 0.01510 0.01559 0.01628 0.01677 0.01751 0.01837 0.01937 0.02061 0.02155 0.02265 0.02381 0.02520 0.02702 0.02894 0.03074 0.03249 0.03439 0.03590 0.03571 0.03597 0.03591 0.03564 0.03511 0.03352 0.03308 -9999 -9999 -9999 -9999 -9999 -9999 -9999 -9999 -9999 -9999 -9999 -9999 -9999 -9999 -9999 -9999 -9999 -9999 -9999 -9999 -9999 -9999 -9999 -9999 -9999 -9999 -9999 -9999 -9999 -9999 -9999 -9999 -9999 -9999 -9999 -9999 -9999 -9999 -9999 -9999 -9999 -9999 -9999 -9999 -9999 -9999 -9999
0.01394 0.01454 0.01480 0.01528 0.01639 0.01690 0.01818 0.01898 0.01989 0.02115 0.02155 0.02289 0.02374 0.02570 0.02743 0.02904 0.03152 0.03367 0.03463 0.03347 0.03281 0.03322 0.03337 0.03270 0.03183 0.03086 0.03018 0.02966 0.02952 0.02853 0.02888 0.02945 0.02961 0.02987 0.03079 0.03138 0.03280 0.03339 0.03396 0.03417 0.03420 -9999 -9999 -9999 -9999 -9999 -9999 -9999 -9999 -9999 -9999 -9999 -9999 -9999 -9999 -9999 -9999 -9999 -9999 -9999 -9999 -9999 -9999 -9999 -9999 -9999 -9999 -9999 -9999 -9999 -9999 -9999 -9999
0.01340 0.01331 0.01404 0.01445 0.01561 0.01622 0.01726 0.01793 0.01877 0.01992 0.02064 0.02160 0.02284 0.02420 0.02595 0.02771 0.02929 0.03085 0.03104 0.02952 0.02993 0.02985 0.02989 0.03029 0.03004 0.02960 0.02955 0.02836 0.02911 0.02922 0.02948 0.02947 0.03045 0.03098 0.03231 0.03225 0.03408 0.03427 0.03488 0.03548 0.03516 0.03575 -9999 -9999 -9999 -9999 -9999 -9999 -9999 -9999 -9999 -9999 -9999 -9999 -9999 -9999 -9999 -9999 -9999 -9999 -9999 -9999 -9999 -9999 -9999 -9999 -9999 -9999 -9999 -9999 -9999 -9999 -9999
0.01125 0.01045 0.01185 0.01260 0.01316 0.01413 0.01507 0.01640 0.01689 0.01805 0.01924 0.02060 0.02188 0.02295 0.02478 0.02646 0.02763 0.02852 0.02860 0.02888 0.02840 0.02803 0.02848 0.02703 0.02776 0.02851 0.02858 0.02788 0.02864 0.02918 0.03011 0.02982 0.03011 0.03124 0.03184 0.03238 0.03372 0.03397 0.03466 0.03521 0.03556 0.03681 -9999 -9999 -9999 -9999 -9999 -9999 -9999 -9999 -9999 -9999 -9999 -9999 -9999 -9999 -9999 0.05456 0.05626 -9999 -9999 -9999 -9999 0.05812 0.05535 0.05368 0.05630 0.06226 0.06461 0.06548 0.06449 0.06500 0.06593
0.01102 0.01055 0.01224 0.01338 0.01403 0.01370 0.01469 0.01550 0.01729 0.01873 0.01903 0.02009 0.02124 0.02309 0.02437 0.02578 0.02746 0.02828 0.02882 0.02853 0.02836 0.02923 0.02941 0.02915 0.02925 0.02894 0.02926 0.02953 0.02950 0.02972 0.02986 0.03006 0.03121 0.03116 0.03206 0.03283 0.03389 0.03438 0.03555 0.03603 0.03629 0.03713 0.03709 0.03799 0.03793 0.03859 0.03622 0.03629 0.03801 0.03815 0.03987 0.04199 0.04308 0.04410 0.04883 0.05074 0.05212 0.05320 0.05465 -9999 -9999 -9999 -9999 -9999 0.05869 0.05691 0.05637 0.05668 0.05761 0.05954 0.05880 0.06109 0.06214
0.01073 0.00999 0.01124 0.01283 0.01360 0.01437 0.01593 0.01745 0.01807 0.01926 0.01980 0.02106 0.02175 0.02288 0.02451 0.02558 0.02694 0.02774 0.02871 0.02912 0.02942 0.02933 0.02950 0.02926 0.02909 0.02929 0.02974 0.02945 0.02990 0.03016 0.03042 0.03091 0.03098 0.03183 0.03233 0.03285 0.03358 0.03464 0.03530 0.03577 0.03669 0.03714 0.03763 0.03810 0.03836 0.03850 0.03645 0.03568 0.03807 0.04040 0.04054 0.03778 0.03663 0.04155 0.04028 0.04106 0.04290 0.04606 0.04811 0.04813 0.05145 0.05479 0.05641 0.05716 0.05714 0.05873 0.05765 0.05620 0.05442 0.05599 0.05504 0.05341 0.05437
0.01137 0.00972 0.00987 0.01120 0.01263 0.01301 0.01676 0.01751 0.01836 0.01916 0.01944 0.02104 0.02171 0.02285 0.02448 0.02519 0.02646 0.02640 0.02710 0.02836 0.02867 0.02910 0.02890 0.02891 0.02933 0.02926 0.02992 0.02991 0.03005 0.03051 0.03108 0.03125 0.03161 0.03208 0.03300 0.03346 0.03481 0.03523 0.03598 0.03641 0.03759 0.03834 0.03860 0.03941 0.03965 0.04036 0.04004 0.03976 0.03906 0.04099 0.04062 0.04113 0.04059 0.03795 0.03851 0.03981 0.04084 0.04078 0.04290 0.04102 0.04468 0.05012 0.05382 0.05593 0.05637 0.05750 0.05645 0.05378 0.05012 0.05132 0.05097 0.05099 0.05089
0.00963 0.01286 0.01204 0.01341 0.01440 0.01340 0.01504 0.01664 0.01757 0.01882 0.01975 0.02065 0.02166 0.02325 0.02409 0.02504 0.02598 0.02340 0.02440 0.02612 0.02669 0.02823 0.02900 0.02889 0.02941 0.02966 0.02979 0.02971 0.03022 0.03043 0.03124 0.03198 0.03228 0.03306 0.03419 0.03466 0.03466 0.03483 0.03553 0.03645 0.03491 0.03535 0.03733 0.03940 0.04076 0.04248 0.04203 0.04050 0.03938 0.03937 0.03958 0.03996 0.04091 0.04238 0.04351 0.04065 0.04027 0.03975 0.03968 0.03823 0.03796 0.04347 0.04585 0.04798 0.04876 0.05016 0.05043 0.05050 0.05063 0.05198 0.05222 0.05188 0.05248
0.00870 0.00897 0.01084 0.01326 0.01358 0.01300 0.01315 0.01531 0.01306 0.01439 0.01578 0.01881 0.02033 0.02225 0.02376 0.02488 0.02513 0.02454 0.02386 0.02545 0.02645 0.02752 0.02846 0.02872 0.02890 0.02913 0.02955 0.02970 0.03018 0.03009 0.02988 0.03112 0.03228 0.03183 0.03259 0.03339 0.03392 0.03345 0.03423 0.03609 0.03771 0.03776 0.03705 0.03751 0.03923 0.04076 0.04241 0.04030 0.03935 0.04037 0.04048 0.04244 0.04080 0.03910 0.03973 0.03730 0.04103 0.04327 0.04308 0.04324 0.04376 0.04248 0.03999 0.04531 0.04336 0.04735 0.04971 0.05026 0.05213 0.05765 0.05799 0.05397 0.05517
0.00847 0.00795 0.00784 0.01049 0.01191 0.01273 0.01315 0.01433 0.01339 0.01150 0.01089 0.01086 0.01455 0.01774 0.02061 0.02370 0.02483 0.02558 0.02586 0.02718 0.02710 0.02766 0.02853 0.02868 0.02905 0.02874 0.02897 0.02868 0.02879 0.02900 0.02909 0.02976 0.03220 0.03148 0.03182 0.03088 0.03317 0.03416 0.03455 0.03508 0.03752 0.03846 0.03785 0.04054 0.04006 0.04144 0.04313 0.04503 0.04520 0.04438 0.04434 0.04413 0.04492 0.04447 0.04194 0.04039 0.04269 0.03966 0.04074 0.04260 0.04480 0.04743 0.04836 0.04979 0.04863 0.04866 0.05108 0.05290 0.05658 0.06043 0.06208 0.06043 0.05789
0.00732 0.00721 0.00770 0.00800 0.00816 0.00917 0.01047 0.01236 0.01439 0.01377 0.01319 0.01264 0.01208 0.01288 0.01417 0.01632 0.01933 0.02152 0.02419 0.02514 0.02631 0.02691 0.02796 0.02809 0.02843 0.02811 0.02684 0.02629 0.02786 0.02543 0.02570 0.02629 0.02817 0.02902 0.02983 0.03052 0.03215 0.03298 0.03403 0.03526 0.03816 0.03731 0.03848 0.03825 0.03889 0.04034 0.04217 0.04374 0.04103 0.04151 0.04078 0.04094 0.04240 0.04294 0.04002 0.04377 0.04467 0.04137 0.04401 0.04525 0.04638 0.05122 0.05138 0.05105 0.04865 0.05127 0.05310 0.05603 0.06089 0.06448 0.06417 0.05868 0.06184
0.00713 0.00746 0.00704 0.00693 0.00749 0.00819 0.00861 0.01020 0.01127 0.01154 0.01258 0.01435 0.01515 0.01589 0.01616 0.01545 0.01528 0.01689 0.01861 0.02049 0.02373 0.02584 0.02845 0.02826 0.02884 0.02727 0.02561 0.02572 0.02648 0.02662 0.02577 0.02755 0.02681 0.03100 0.03149 0.03191 0.03045 0.03293 0.03592 0.03862 0.03856 0.03809 0.03538 0.03588 0.03674 0.03886 0.04024 0.03834 0.03807 0.04020 0.03942 0.03773 0.04039 0.03944 0.04352 0.04187 0.04587 0.04833 0.04945 0.05115 0.05092 0.05301 0.04967 0.05339 0.05698 0.05884 0.05842 0.05994 0.06373 0.06547 0.06222 0.05998 0.06683
0.00830 0.00858 0.00763 0.00703 0.00721 0.00717 0.00767 0.00886 0.01095 0.00882 0.00981 0.01169 0.01091 0.01099 0.01226 0.01982 0.01640 0.01402 0.01481 0.01685 0.01923 0.02532 0.02761 0.02797 0.02822 0.02665 0.02527 0.02562 0.02521 0.02576 0.02677 0.02808 0.03151 0.03181 0.03129 0.03246 0.03145 0.03232 0.03186 0.03551 0.03722 0.03715 0.04223 0.04295 0.04157 0.04080 0.03954 0.03976 0.03982 0.04226 0.04326 0.04352 0.04252 0.04185 0.04452 0.04412 0.04914 0.05074 0.05493 0.05541 0.05450 0.05247 0.05870 0.06126 0.06218 0.06492 0.06433 0.06458 0.06482 0.06760 0.06715 0.07001 0.07125
0.00885 0.00893 0.00860 0.00843 0.00848 0.00807 0.00823 0.00829 0.00902 0.00953 0.01051 0.01216 0.01158 0.01226 0.01190 0.01381 0.01641 0.01884 0.01819 0.01830 0.01998 0.02162 0.02533 0.02729 0.02771 0.02733 0.02603 0.02663 0.02579 0.02736 0.02992 0.03002 0.03055 0.03227 0.03314 0.03350 0.03353 0.03356 0.03208 0.03375 0.03425 0.03647 0.04293 0.04523 0.04363 0.04241 0.04257 0.04037 0.04133 0.04492 0.04763 0.04417 0.04760 0.04880 0.04984 0.05185 0.04831 0.05200 0.05472 0.05754 0.05891 0.06285 0.06439 0.06446 0.06535 0.06493 0.06146 0.06578 0.06836 0.07072 0.07210 0.07393 0.07215
0.00860 0.00876 0.00884 0.00939 0.00943 0.00924 0.00931 0.00928 0.00890 0.00872 0.01028 0.01234 0.01377 0.01383 0.01427 0.01519 0.01393 0.01569 0.01763 0.02038 0.02239 0.02228 0.02201 0.02294 0.02630 0.02557 0.02462 0.02409 0.02582 0.02721 0.03085 0.03152 0.03185 0.03114 0.03232 0.03046 0.03363 0.03133 0.02968 0.03372 0.03478 0.03360 0.03705 0.04242 0.04367 0.04399 0.04517 0.04524 0.04477 0.04974 0.05312 0.05527 0.05756 0.05674 0.05564 0.05444 0.05648 0.05497 0.05918 0.05990 0.06193 0.06345 0.06551 0.06733 0.06892 0.06958 0.06705 0.06578 0.06702 0.07166 0.07398 0.07195 0.07216
0.00852 0.00841 0.00896 0.00903 0.00955 0.00954 0.00991 0.00891 0.00915 0.00945 0.00943 0.01143 0.01436 0.01596 0.01524 0.01517 0.01479 0.01571 0.01762 0.01885 0.02057 0.02178 0.02262 0.02372 0.02258 0.02319 0.02442 0.02334 0.02640 0.02690 0.03053 0.02809 0.02874 0.03296 0.03140 0.02994 0.03203 0.03401 0.03196 0.03242 0.03321 0.03686 0.03840 0.04066 0.04371 0.04440 0.04730 0.04564 0.04773 0.04843 0.05136 0.05117 0.05292 0.05494 0.05666 0.06094 0.06462 0.06758 0.06743 0.06752 0.06606 0.06826 0.06850 0.07039 0.06999 0.07144 0.06646 0.06506 0.06640 0.06956 0.07430 0.07665 0.07980
0.00931 0.00908 0.00889 0.01020 0.01004 0.01071 0.01017 0.01017 0.01076 0.01139 0.01213 0.01190 0.01365 0.01513 0.01571 0.01748 0.01782 0.01930 0.01734 0.02022 0.02200 0.02307 0.02375 0.02239 0.02062 0.02226 0.02305 0.02486 0.02443 0.02729 0.02991 0.02906 0.02869 0.03324 0.03225 0.03246 0.03123 0.03324 0.03470 0.03514 0.03720 0.03837 0.04102 0.04239 0.04811 0.04762 0.04773 0.04980 0.05197 0.05331 0.05534 0.05939 0.05987 0.06353 0.06500 0.06695 0.07036 0.07164 0.07159 0.07043 0.07005 0.06984 0.06438 0.06800 0.06729 0.06913 0.06907 0.07371 0.07389 0.07496 0.07604 0.07630 0.07323
0.01101 0.00998 0.00977 0.00894 0.00936 0.01071 0.01043 0.01053 0.01158 0.01152 0.01355 0.01403 0.01335 0.01547 0.01796 0.01943 0.01975 0.02090 0.02220 0.02104 0.02205 0.02441 0.02536 0.02701 0.02440 0.02435 0.02572 0.02542 0.02780 0.02893 0.02950 0.02993 0.03000 0.03071 0.03403 0.03278 0.03137 0.03167 0.03654 0.03823 0.03880 0.04431 0.04775 0.05032 0.05575 0.05914 0.06032 0.06379 0.06508 0.06719 0.06767 0.06656 0.06611 0.06679 0.06976 0.07420 0.07518 0.07529 0.07502 0.07427 0.06971 0.06481 0.06256 0.06508 0.06613 0.06790 0.07265 0.07697 0.07635 0.07810 0.07627 0.07859 0.08233
0.01273 0.01272 0.01130 0.01089 0.00933 0.01014 0.01134 0.01068 0.01081 0.01207 0.01393 0.01383 0.01526 0.01760 0.01807 0.01966 0.02223 0.02331 0.02413 0.02312 0.02151 0.02580 0.02805 0.02822 0.02470 0.02541 0.02541 0.02466 0.02813 0.03123 0.03017 0.03097 0.03098 0.03321 0.03432 0.03637 0.03491 0.03584 0.03947 0.04639 0.04508 0.05038 0.05769 0.05991 0.06046 0.06153 0.05944 0.06360 -9999 -9999 0.07165 0.07356 0.07542 0.07247 0.07532 0.07670 0.07687 0.07331 0.07327 0.06816 0.06393 0.05991 0.06270 0.06119 0.06072 0.06156 0.07222 0.07684 0.07728 0.08331 0.07918 0.08487 0.09018
0.01510 0.01414 0.01400 0.01427 0.01218 0.01398 0.01291 0.01242 0.01230 0.01407 0.01436 0.01496 0.01705 0.01906 0.01833 0.02148 0.02374 0.02347 0.02508 0.02698 0.02754 0.02693 0.02376 0.02637 0.02573 0.02734 0.02660 0.02765 0.02761 0.03182 0.03203 0.03119 0.03222 0.03334 0.03387 0.04013 0.04646 -9999 -9999 -9999 -9999 0.05816 -9999 0.05505 0.05042 0.05722 0.06074 0.06880 -9999 -9999 0.07048 0.07324 0.07544 0.07585 0.07840 0.07680 0.07376 0.06929 0.06925 0.06695 0.06515 0.06335 0.06855 0.05796 0.05781 0.06219 0.07336 0.07793 0.08088 0.08740 -9999 -9999 -9999
0.01735 0.01647 0.01691 0.01896 0.01566 0.01678 0.01889 0.01853 0.01901 0.01895 0.01830 0.01847 0.01995 0.02367 0.02280 0.02283 0.02339 0.02496 0.02535 0.02897 0.02932 0.03067 0.02911 0.03049 0.02980 0.02899 0.02963 0.03046 0.03096 0.03184 0.03226 0.03363 0.03266 0.03748 0.04149 -9999 -9999 -9999 -9999 -9999 -9999 -9999 0.05826 0.05796 0.05949 -9999 -9999 -9999 -9999 -9999 0.07776 0.07763 0.07264 0.07481 0.07206 0.07444 0.07584 0.07123 0.07541 0.07507 0.07187 0.06945 0.07320 0.07634 0.07201 0.06627 0.07475 0.08522 -9999 -9999 -9999 -9999 -9999
0.01864 0.01994 0.02132 0.02348 0.02326 0.02065 0.02381 0.02587 0.02487 0.02570 0.02351 0.02690 0.02751 0.02911 0.02792 0.02732 0.02908 0.02925 0.03129 0.03187 0.03282 0.03061 0.03088 0.03230 0.03192 0.03116 0.02979 0.03087 0.03272 0.03153 0.03463 0.03763 0.03969 0.04800 -9999 -9999 -9999 -9999 -9999 -9999 -9999 -9999 -9999 0.06309 -9999 -9999 -9999 -9999 0.07760 0.07784 0.07951 0.07735 0.07510 0.08029 0.08002 0.07883 0.07578 0.07652 0.07718 0.07698 0.07721 0.07219 0.07520 0.07414 0.07732 -9999 -9999 -9999 -9999 -9999 -9999 -9999 -9999
