data/hydroclimate-scenarios/BCSD_hadcm_B1/monthly_summaries/vpd_monthly_avg_oct.2030-2059.asc
ncols	311
nrows	91
xllcenter	102.75
yllcenter	31.75
cellsize	0.5
NODATA_value	-9999
[rows 33 to 65 of 91, columns 0 to 72 of 311]
-9999 -9999 -9999 -9999 -9999 -9999 -9999 -9999 -9999 -9999 -9999 0.15532 0.15284 0.15029 0.14766 0.14701 0.14626 0.14565 0.14480 0.14467 0.14348 0.14399 0.14695 0.14621 0.14250 0.13986 0.14102 0.14467 0.15216 0.16047 0.15448 0.15475 0.15251 0.15241 0.15291 0.15195 0.15143 0.14992 0.14699 0.13755 0.13998 0.13379 0.13616 0.13614 0.13189 0.12996 0.12679 0.12782 0.12714 0.12623 0.12797 0.13157 0.13097 0.13469 0.13832 0.13985 0.13974 0.13802 0.13789 0.13767 0.13837 0.13723 0.14289 0.14187 0.14203 0.14005 0.13826 0.13446 0.12949 0.12297 0.12788 0.11802 0.12610
-9999 -9999 -9999 -9999 -9999 -9999 -9999 -9999 -9999 -9999 -9999 -9999 0.15756 0.15726 0.15532 0.15490 0.15408 0.15409 0.15542 0.15309 0.15178 0.14889 0.14333 0.14006 0.13789 0.12698 0.13252 0.13196 0.14632 0.15294 0.15635 0.16267 0.16169 0.16024 0.15668 0.15411 0.15084 0.15259 0.14967 0.14309 0.14090 0.13685 0.13563 0.14055 0.13658 0.13294 0.13476 0.13584 0.13611 0.13657 0.14003 0.13693 0.13758 0.14007 0.13877 0.14004 0.14267 0.14491 0.14278 0.14498 0.14696 0.14538 0.14416 0.14280 0.14388 0.14375 0.14508 0.13792 0.12489 0.12297 0.14016 0.13505 0.13837
-9999 -9999 -9999 -9999 -9999 -9999 -9999 -9999 -9999 -9999 -9999 -9999 0.16248 0.16061 0.15844 0.16112 0.16330 0.16020 0.15769 0.15542 0.15264 0.13798 0.13586 0.13122 0.12581 0.13247 0.14068 0.13414 0.14525 0.14866 0.15032 0.15331 0.16604 0.16674 0.16698 0.16279 0.15948 0.15961 0.15839 0.14908 0.14670 0.14113 0.14079 0.14040 0.14297 0.14190 0.14382 0.14095 0.14170 0.13690 0.13757 0.14075 0.14119 0.14274 0.14609 0.14618 0.14976 0.15062 0.15146 0.15243 0.14873 0.14073 0.14040 0.13827 0.14381 0.15040 0.14595 0.14459 0.13949 0.14077 0.13626 0.14357 0.14736
-9999 -9999 -9999 -9999 -9999 -9999 -9999 -9999 -9999 -9999 -9999 -9999 0.16396 0.16939 0.16876 0.16864 0.16651 0.16266 0.15786 0.15158 0.14836 0.13739 0.13590 0.13056 0.13235 0.13218 0.14014 0.15028 0.14967 0.15888 0.16519 0.17302 0.16831 0.16521 0.17423 0.17397 0.17126 0.16561 0.16541 0.16037 0.14734 0.13875 0.14314 0.14231 0.14384 0.13868 0.13803 0.13339 0.13680 0.14482 0.14651 0.14645 0.14882 0.14779 0.15230 0.15247 0.15367 0.15139 0.15185 0.14948 0.14948 0.14170 0.14499 0.14997 0.14806 0.14859 0.15029 0.15050 0.14367 0.14687 0.15032 0.14979 0.15142
-9999 -9999 -9999 0.17134 0.17192 0.17014 0.17279 0.17154 0.17059 -9999 0.17043 0.17123 0.17268 0.17458 0.17375 0.17304 0.16878 0.16511 0.15656 0.14991 0.14900 0.14628 0.14109 0.14007 0.14026 0.14437 0.15222 0.14846 0.15259 0.14215 0.16169 0.17407 0.16968 0.15313 0.16784 0.17123 0.16509 0.16276 0.16200 0.16455 0.15964 0.14630 0.14884 0.14818 0.13999 0.13376 0.12551 0.13828 0.14059 0.14213 0.14047 0.14057 0.13766 0.13073 0.13527 0.12585 0.12375 0.14739 0.13831 0.15005 0.15202 0.14610 0.14556 0.14825 0.15321 0.15590 0.15316 0.15273 0.15538 0.15374 0.15338 0.15334 0.15048
-9999 -9999 -9999 0.18045 0.17966 0.17954 0.17375 0.17480 0.17607 0.17399 0.17890 0.17954 0.17377 0.17215 0.16806 0.16281 0.15825 0.15671 0.15375 0.15338 0.15333 0.14724 0.14994 0.15342 0.15015 0.15516 0.15580 0.15574 0.15223 0.14526 0.16112 0.16031 0.16226 0.15385 0.15972 0.16221 0.16014 0.14753 0.16133 0.14785 0.14564 0.15202 0.15205 0.14188 0.13607 0.12581 0.12692 0.14470 0.13519 0.13375 0.13086 0.13221 0.12832 0.12679 0.13922 0.13032 0.13992 0.14127 0.13411 0.14082 0.14397 0.14342 0.14432 0.15110 0.15181 0.16241 0.16429 0.17140 0.16692 0.16482 0.16090 0.16316 0.15610
-9999 -9999 -9999 0.18830 0.18523 0.18010 0.17779 0.17982 0.18187 0.18542 0.18270 0.17970 0.17279 0.16501 0.15333 0.15865 0.15520 0.15532 0.15963 0.16057 0.15679 0.14823 0.15305 0.15062 0.14567 0.15532 0.15783 0.15928 0.16642 0.14617 0.13438 0.14393 0.16096 0.16170 0.15499 0.15767 0.16366 0.16338 0.16298 0.15369 0.15012 0.15246 0.15279 0.14903 0.15075 0.13978 0.13876 0.13998 0.14049 0.13265 0.12893 0.13938 0.13864 0.13779 0.14270 0.14065 0.14555 0.14753 0.14108 0.14366 0.14978 0.15280 0.15871 0.15422 0.15981 0.16478 0.16493 0.16473 0.15462 0.15705 0.15392 0.16698 0.17031
-9999 -9999 -9999 0.19177 0.19973 0.18556 0.18936 0.18385 0.18144 0.18071 0.18557 0.18341 0.16975 0.16243 0.15682 0.15853 0.15293 0.15119 0.15572 0.16146 0.15102 0.14081 0.13303 0.14297 0.14915 0.15913 0.16601 0.16926 0.15075 0.13753 0.14828 0.17784 0.16280 0.14370 0.14366 0.15145 0.16705 0.17966 0.16824 0.16999 0.16124 0.14404 0.13705 0.14335 0.15766 0.14424 0.13856 0.14863 0.13702 0.14283 0.13282 0.14035 0.13918 0.13194 0.13972 0.14166 0.14589 0.14084 0.13929 0.14186 0.13431 0.15080 0.15670 0.16129 0.15969 0.16704 0.16692 0.16641 0.15346 0.15408 0.17263 0.18868 -9999
-9999 -9999 -9999 0.20053 0.20607 0.19086 0.19004 0.18652 0.18089 0.18447 0.19351 0.18013 0.16764 0.15949 0.14711 0.15219 0.14801 0.15510 0.16752 0.17723 0.16385 0.15307 0.14711 0.16562 0.17247 0.17841 0.18813 0.18120 0.16521 0.15304 0.15212 0.16025 0.15484 0.16302 0.16584 0.16692 0.16660 0.17814 0.18273 0.17555 0.16416 0.15384 0.14585 0.14297 0.15090 0.15051 0.15034 0.15023 0.14706 0.14701 0.14475 0.15496 0.14761 0.13316 0.14943 0.13698 0.15032 0.15136 0.14454 0.13606 0.14160 0.14814 0.15405 0.14946 0.15229 0.16835 0.16906 0.15914 0.15766 0.17548 0.19488 -9999 -9999
-9999 -9999 -9999 -9999 0.19656 0.18925 0.19375 0.18252 0.18048 0.18435 0.19756 0.18651 0.15357 0.17028 -9999 -9999 -9999 -9999 -9999 0.15083 0.15100 0.16100 0.15196 0.14429 0.15675 0.16863 0.19348 0.18668 0.17819 0.18248 0.17736 0.17479 0.17093 0.18220 0.19566 0.20055 0.19192 0.19746 0.19297 0.18883 0.18734 0.17957 0.16830 0.15585 0.15754 0.16190 0.15818 0.14812 0.15532 0.16415 0.15614 0.15329 0.16105 0.14470 0.14251 0.13528 0.13087 0.13355 0.13512 0.14390 0.14057 0.14072 0.14651 0.15447 0.15954 0.16035 0.16920 0.18445 0.19343 -9999 -9999 -9999 -9999
-9999 -9999 0.20945 0.20266 0.19843 0.20032 0.19707 0.18093 0.18854 0.18881 0.20016 0.18360 0.15646 -9999 -9999 -9999 -9999 -9999 0.13802 0.15802 0.16030 0.17963 0.18156 0.16665 0.17238 0.17714 0.20320 0.20493 0.20248 0.20297 0.19750 0.19402 0.19559 0.19510 0.20088 0.21361 0.20590 0.20699 0.20108 0.19715 0.18891 0.18614 0.17744 0.17720 0.18055 0.17751 0.17363 0.17382 0.18260 0.19079 0.18708 0.18146 0.17713 0.18045 0.16521 0.17195 0.15804 0.14279 0.14439 0.16207 0.16266 0.16276 0.16570 0.16625 0.17435 0.18243 0.19438 -9999 -9999 -9999 -9999 -9999 -9999
-9999 -9999 0.21516 0.20909 0.21160 0.20828 0.20739 0.18955 0.19341 0.19943 0.19425 0.18573 0.18592 -9999 -9999 -9999 -9999 0.18038 0.15641 0.18125 0.18355 0.19225 0.19115 0.19476 0.20793 0.21981 0.21636 0.21267 0.21687 0.22198 0.21360 0.19963 0.21092 0.21913 0.21580 0.21762 0.22052 0.22112 0.20743 0.19203 0.19674 0.18434 0.18260 0.18462 0.18014 0.18602 0.19303 0.18601 0.20814 0.20240 0.20432 0.20453 0.20465 0.19894 0.19521 0.20560 0.19570 0.16711 0.16089 0.17232 0.17848 0.16600 0.17784 0.19384 0.20473 -9999 -9999 -9999 -9999 -9999 0.21848 -9999 -9999
-9999 -9999 0.22615 0.21036 0.21147 0.20808 0.20820 0.20185 0.19789 0.19618 0.18855 0.18522 0.22427 -9999 -9999 -9999 -9999 0.16704 0.17542 0.19034 0.19450 0.20773 0.21747 0.22361 0.22122 0.22795 0.21624 0.22394 0.22361 0.22541 0.21793 0.21578 0.21447 0.21670 0.22694 0.22064 0.21652 0.21719 0.21023 0.21400 0.21089 0.20995 0.21055 0.19478 0.19799 0.18991 0.19208 0.19289 0.20521 0.20723 0.22259 0.21438 0.20975 0.20550 0.20263 0.22004 0.21659 0.19058 0.19214 0.19295 0.20744 0.20951 0.21032 0.20474 0.19581 0.19352 0.21699 0.20817 0.22373 -9999 -9999 -9999 0.21495
-9999 -9999 -9999 0.22286 0.21567 0.21578 0.21542 0.21851 0.20901 0.20107 0.21026 0.22373 -9999 -9999 -9999 -9999 0.18520 0.18194 0.19889 0.20790 0.21308 0.23001 0.22885 0.22962 0.22763 0.23039 0.22724 0.22515 0.22918 0.20886 0.21228 0.22531 0.23645 0.23746 0.23826 0.24528 0.24937 0.25116 0.24981 0.25148 0.23824 0.23558 0.22486 0.22624 0.23421 0.22259 0.22764 0.23316 0.22665 0.22678 0.21962 0.22051 0.22465 0.21229 0.20139 0.20236 0.20282 0.18717 0.18990 0.20336 0.20309 0.20447 0.18937 0.15964 0.14584 0.18959 0.21378 0.21955 0.23270 0.21824 -9999 -9999 0.22245
-9999 -9999 -9999 -9999 0.23113 0.22616 0.22311 0.21672 0.20830 0.22706 0.24719 -9999 -9999 -9999 -9999 0.20067 0.19349 0.20856 0.22141 0.22365 0.23387 0.24386 0.24335 0.23153 0.23057 0.24294 0.24453 0.24382 0.23697 0.23620 0.22959 0.24951 0.25627 0.25543 0.24462 0.25353 0.25593 0.26283 0.26187 0.26168 0.24968 0.24579 0.24314 0.24431 0.25087 0.24467 0.24207 0.24355 0.24539 0.24533 0.24293 0.24215 0.23338 0.22982 0.23013 0.23203 0.23098 0.20293 0.19913 0.20908 0.19428 0.18264 0.18225 0.18769 0.17725 0.19591 0.22241 0.23597 0.23093 0.23607 0.23638 0.23378 0.23031
-9999 -9999 -9999 -9999 -9999 -9999 0.23199 0.23029 0.25347 0.25554 0.23978 -9999 -9999 -9999 -9999 -9999 0.22133 0.22707 0.23589 0.23385 0.23989 0.27957 0.24373 0.24049 0.24310 0.25834 0.26473 0.25762 0.26040 0.25789 0.24906 0.26125 0.26936 0.25354 0.25950 0.27341 0.26533 0.25352 0.26787 0.25755 0.25385 0.23695 0.23364 0.24619 0.24661 0.25657 0.26005 0.25458 0.25671 0.25449 0.25456 0.24929 0.24863 0.24757 0.24261 0.24375 0.23525 0.22099 0.21503 0.20623 0.19370 0.18654 0.18242 0.17585 0.17024 0.19053 0.22356 0.25248 0.24536 0.24253 0.23820 0.23726 0.22927
-9999 -9999 -9999 -9999 -9999 -9999 -9999 -9999 -9999 -9999 -9999 -9999 -9999 -9999 -9999 -9999 -9999 -9999 -9999 0.24785 0.25074 0.27751 0.26372 0.26097 0.26003 0.26200 0.26392 0.27972 0.27949 0.26424 0.26199 0.27635 0.26251 0.26351 0.26445 0.27310 0.27854 0.26786 0.26690 0.25360 0.24611 0.24870 0.25455 0.25808 0.25582 0.26439 0.27070 0.27044 0.26923 0.26334 0.26213 0.26315 0.25975 0.26637 0.26142 0.25340 0.24324 0.23881 0.22412 0.21408 0.19252 0.19399 0.18738 0.17606 0.17482 0.21214 0.24141 0.26310 0.26156 0.24054 0.23535 0.23748 0.23165
-9999 -9999 -9999 -9999 -9999 -9999 -9999 -9999 -9999 -9999 -9999 -9999 -9999 -9999 -9999 -9999 -9999 -9999 0.25950 0.26100 0.27333 0.28408 0.28298 0.28260 0.28519 0.28079 0.28594 0.28404 0.28231 0.27247 0.27403 0.27020 0.26444 0.26754 0.27377 0.28222 0.28018 0.28383 0.26871 0.25848 0.25196 0.26101 0.25874 0.25759 0.26049 0.26207 0.27196 0.28033 0.28748 0.27842 0.28076 0.27173 0.27289 0.26952 0.26299 0.26890 0.26188 0.23102 0.21302 0.21862 0.22171 0.21924 0.20993 0.20003 0.19766 0.22957 0.24506 0.26290 0.26616 0.26399 0.25373 0.22983 0.24766
-9999 -9999 -9999 -9999 -9999 -9999 -9999 -9999 -9999 -9999 -9999 -9999 -9999 -9999 -9999 -9999 -9999 0.26988 0.27031 0.28802 0.28656 0.28819 0.28698 0.29227 0.29477 0.29283 0.29538 0.28832 0.27280 0.26923 0.26893 0.27775 0.27333 0.28494 0.29027 0.27836 0.26939 0.27605 0.27879 0.26628 0.26295 0.27172 0.26387 0.27366 0.27483 0.27558 0.28033 0.28014 0.29223 0.28663 0.29051 0.28664 0.28241 0.27416 0.27208 0.27220 0.26063 0.23899 0.22838 0.23281 0.24557 0.23117 0.19796 0.19471 0.22677 0.24005 0.24385 0.26299 0.26895 0.26868 0.24883 0.24935 0.25578
-9999 -9999 -9999 -9999 -9999 -9999 -9999 -9999 -9999 -9999 -9999 -9999 -9999 -9999 -9999 -9999 -9999 0.27910 0.28549 0.27405 0.28826 0.28809 0.29536 0.30566 0.31859 0.30658 0.30623 0.29931 0.29526 0.28346 0.28339 0.29010 0.29295 0.30295 0.29318 0.28461 0.27851 0.28115 0.26707 0.26821 0.27333 0.28194 0.28694 0.29118 0.28867 0.31048 0.31301 0.28357 0.28966 0.29888 0.29826 0.29617 0.28941 0.28798 0.28444 0.27746 0.25238 0.25057 0.25346 0.25410 0.24231 0.22635 0.22380 0.21899 0.20458 0.22077 0.24821 0.24251 0.26876 0.27550 0.27173 0.24605 0.23616
-9999 -9999 -9999 -9999 -9999 -9999 -9999 -9999 -9999 -9999 -9999 -9999 -9999 -9999 -9999 -9999 0.26558 0.26900 0.27335 0.27922 0.30288 0.31385 0.30957 0.32536 0.34602 0.31800 0.31956 0.33195 0.31728 0.29684 0.29510 0.30401 0.30332 0.31776 0.30911 0.30183 0.29197 0.28517 0.27508 0.28635 0.29549 0.29631 0.29756 0.30898 0.31046 0.32316 0.32413 0.29024 0.29513 0.30505 0.30809 0.30577 0.29955 0.29609 0.29148 0.28425 0.27818 0.26922 0.26442 0.25363 0.25302 0.24537 0.23110 0.20845 0.22449 0.23481 0.24373 0.25943 0.28001 0.28404 0.27263 0.25343 0.24708
-9999 -9999 -9999 -9999 -9999 -9999 -9999 -9999 -9999 -9999 -9999 -9999 -9999 0.27501 0.26620 0.26969 0.26750 0.25644 0.27427 0.31040 0.31781 0.30190 0.31675 0.31862 0.31207 0.33836 0.33749 0.33753 0.33243 0.32949 0.32693 0.32487 0.32388 0.32454 0.31834 0.30538 0.30643 0.30387 0.29971 0.30017 0.30622 0.31960 0.32436 0.33716 0.32995 0.32079 0.31636 0.31724 0.31481 0.31233 0.31048 0.30638 0.30358 0.31201 0.30854 0.29755 0.29415 0.29153 0.28620 0.27575 0.26931 0.26680 0.25822 0.25623 0.26656 0.28126 0.28625 0.28534 0.28737 0.28358 0.27249 0.25127 0.24612
-9999 -9999 -9999 -9999 -9999 -9999 -9999 -9999 -9999 -9999 -9999 -9999 0.28742 0.27867 0.27300 0.27891 0.28233 0.28705 0.28724 0.33800 0.32089 0.32723 0.32932 0.32665 0.32183 0.35161 0.34861 0.34876 0.34153 0.34606 0.34710 0.34306 0.33858 0.33515 0.33296 0.31982 0.31434 0.31065 0.30240 0.30904 0.31483 0.32849 0.34138 0.34606 0.33751 0.32797 0.32347 0.32005 0.31817 0.31941 0.31751 0.31389 0.31078 0.32180 0.31804 0.31577 0.30851 0.29108 0.27780 0.27212 0.27016 0.27547 0.27423 0.26823 0.27612 0.28768 0.29200 0.29173 0.29247 0.27423 0.25627 0.26014 0.24722
-9999 -9999 -9999 -9999 -9999 -9999 -9999 -9999 -9999 -9999 -9999 0.25860 0.26798 0.26605 0.28412 0.31020 0.31943 0.32353 0.32565 0.32819 0.33116 0.34541 0.34323 0.34096 0.33356 0.33371 0.33216 0.35145 0.36437 0.36936 0.36120 0.35521 0.35129 0.34409 0.33918 0.32300 0.30699 0.30274 0.30906 0.31534 0.33219 0.34062 0.35683 0.35315 0.34437 0.33460 0.32500 0.32263 0.32206 0.32227 0.32013 0.30005 0.30799 0.30814 0.30898 0.31138 0.31564 0.30262 0.30697 0.30555 0.29747 0.30926 0.30226 0.29969 0.29811 0.29686 0.29629 0.30274 0.28523 0.26826 0.24709 0.24044 0.24329
-9999 -9999 -9999 -9999 -9999 -9999 -9999 -9999 -9999 -9999 0.27188 0.26772 0.29179 0.28479 0.31024 0.33239 0.34195 0.34180 0.33832 0.33942 0.34677 0.35995 0.35811 0.35218 0.35082 0.34783 0.34831 0.37812 0.37997 0.37730 0.37750 0.37195 0.36347 0.35734 0.34626 0.32389 0.31414 0.31321 0.32084 0.32650 0.34330 0.35394 0.37131 0.35668 0.34798 0.33745 0.32965 0.32581 0.32451 0.32418 0.32271 0.30269 0.31052 0.31125 0.31362 0.31561 0.30632 0.30715 0.32257 0.31718 0.31298 0.31380 0.31275 0.30739 0.30725 0.30576 0.30362 0.30062 0.28594 0.25974 0.24596 0.25625 0.24966
-9999 -9999 -9999 -9999 -9999 -9999 -9999 -9999 -9999 0.31298 0.31637 0.30829 0.31159 0.31644 0.32893 0.34099 0.35061 0.35660 0.36861 0.37035 0.37174 0.36601 0.36452 0.37024 0.36669 0.37221 0.37883 0.37826 0.37137 0.37492 0.38561 0.37341 0.36182 0.33792 0.32062 0.31187 0.30407 0.32411 0.32957 0.35319 0.36406 0.37889 0.38464 0.37485 0.36569 0.35296 0.34913 0.32886 0.32496 0.32841 0.32757 0.31208 0.31010 0.28502 0.28422 0.33264 0.33884 0.34139 0.33896 0.33439 0.32766 0.32563 0.32316 0.31953 0.31582 0.31239 0.30690 0.29200 0.27982 0.26836 0.26719 0.26613 0.26966
-9999 -9999 -9999 -9999 -9999 -9999 -9999 -9999 -9999 -9999 0.33327 0.33031 0.33045 0.34439 0.37098 0.36609 0.36839 0.37291 0.37579 0.37538 0.37013 0.37896 0.37746 -9999 -9999 -9999 -9999 -9999 -9999 0.38799 0.39167 0.38134 0.36972 0.34616 0.32555 0.32173 0.31795 0.33558 0.34675 0.36923 0.37801 0.38888 0.38874 0.38104 0.37397 0.36067 0.35121 0.33690 0.33297 0.33218 0.33341 0.32773 0.31535 0.29136 0.28773 0.34957 0.35872 0.35395 0.35104 0.34468 0.34017 0.33714 0.33580 0.33025 0.30242 0.31374 0.29912 0.28815 0.25638 0.26073 0.26116 0.27535 0.28510
-9999 -9999 -9999 -9999 -9999 -9999 -9999 -9999 -9999 -9999 -9999 -9999 0.35072 0.36581 0.37199 0.43161 0.42734 0.42978 0.42291 -9999 -9999 -9999 -9999 -9999 -9999 -9999 -9999 -9999 -9999 -9999 -9999 -9999 -9999 0.36624 0.33220 0.34112 0.34019 0.36082 0.37885 0.38918 0.39580 0.40038 0.39741 0.39167 0.38269 0.37050 0.36841 0.35728 0.35829 0.35370 0.35013 0.31919 0.31619 0.32328 0.32404 0.36252 0.36128 0.35892 0.36059 0.35948 0.35481 0.34534 0.33498 0.33068 0.32697 0.32234 0.30095 0.29359 0.28351 0.29361 0.29233 0.29589 -9999
-9999 -9999 -9999 -9999 -9999 -9999 -9999 -9999 -9999 -9999 -9999 -9999 -9999 -9999 -9999 -9999 -9999 -9999 -9999 -9999 -9999 -9999 -9999 -9999 -9999 -9999 -9999 -9999 -9999 -9999 -9999 -9999 -9999 -9999 0.36192 0.35220 0.37570 0.37901 0.39769 0.40391 0.40866 0.40473 0.39955 0.40140 0.39423 0.38271 0.37497 0.37058 0.36664 0.36651 0.36766 0.33590 0.33293 0.33599 0.33616 0.38053 0.37343 0.35591 0.36040 0.36436 0.35882 0.35014 0.35586 0.34872 0.34222 0.32667 0.30730 0.29714 0.28176 0.29499 0.31250 -9999 -9999
-9999 -9999 -9999 -9999 -9999 -9999 -9999 -9999 -9999 -9999 -9999 -9999 -9999 -9999 -9999 -9999 -9999 -9999 -9999 -9999 -9999 -9999 -9999 -9999 -9999 -9999 -9999 -9999 -9999 -9999 -9999 -9999 -9999 -9999 0.38531 0.38370 0.37222 0.40157 0.42716 0.45065 0.44090 0.43398 0.42303 0.41535 0.40817 0.39243 0.38534 0.38241 0.37892 0.37063 0.37150 0.36737 0.37220 0.33595 0.33754 0.37627 0.38829 0.38753 0.37914 0.38103 0.37841 0.37369 0.36406 0.35066 0.34326 0.31973 0.31475 0.30252 0.28642 0.30688 -9999 -9999 -9999
-9999 -9999 -9999 -9999 -9999 -9999 -9999 -9999 -9999 -9999 -9999 -9999 -9999 -9999 -9999 -9999 -9999 -9999 -9999 -9999 -9999 -9999 -9999 -9999 -9999 -9999 -9999 -9999 -9999 -9999 -9999 -9999 -9999 -9999 -9999 -9999 -9999 -9999 0.45902 0.46851 0.45928 0.44847 0.43516 0.42761 0.41484 0.40582 0.40193 0.39681 0.39570 0.38455 0.38746 0.39192 0.39380 0.35296 0.35343 0.39432 0.39630 0.40468 0.39467 0.39851 0.38776 0.38054 0.35962 0.34437 0.31605 0.31714 0.31081 0.31836 0.33910 -9999 -9999 -9999 -9999
-9999 -9999 -9999 -9999 -9999 -9999 -9999 -9999 -9999 -9999 -9999 -9999 -9999 -9999 -9999 -9999 -9999 -9999 -9999 -9999 -9999 -9999 -9999 -9999 -9999 -9999 -9999 -9999 -9999 -9999 -9999 -9999 -9999 -9999 -9999 -9999 -9999 -9999 -9999 0.47825 0.46644 0.45596 0.44508 0.43668 0.42118 0.41606 0.41330 0.40772 0.40497 0.40047 0.40946 0.38036 0.39118 0.38426 0.39779 0.37414 0.37391 0.36612 0.39343 0.39658 0.38929 0.37220 0.36394 0.33233 0.32899 0.31377 0.33583 0.34571 -9999 -9999 -9999 -9999 -9999
-9999 -9999 -9999 -9999 -9999 -9999 -9999 -9999 -9999 -9999 -9999 -9999 -9999 -9999 -9999 -9999 -9999 -9999 -9999 -9999 -9999 -9999 -9999 -9999 -9999 -9999 -9999 -9999 -9999 -9999 -9999 -9999 -9999 -9999 -9999 -9999 -9999 -9999 -9999 -9999 -9999 -9999 -9999 0.44331 0.42923 0.42322 0.42083 0.42034 0.41995 0.41632 0.41081 0.35569 0.39077 0.42254 0.39759 0.38308 0.37972 0.38403 0.41755 0.40002 0.37560 0.36392 0.36241 0.33123 0.32800 0.33690 0.37019 -9999 -9999 -9999 -9999 -9999 -9999
