data/hydroclimate-scenarios/BCSD_hadcm_B1/monthly_summaries/vpd_monthly_avg_mar.2070-2099.asc
ncols	311
nrows	91
xllcenter	102.75
yllcenter	31.75
cellsize	0.5
NODATA_value	-9999
[rows 0 to 32 of 91, columns 219 to 291 of 311]
-9999 -9999 -9999 -9999 -9999 -9999 -9999 -9999 -9999 -9999 -9999 -9999 -9999 -9999 -9999 -9999 -9999 -9999 -9999 -9999 -9999 -9999 -9999 -9999 -9999 -9999 -9999 -9999 -9999 -9999 -9999 -9999 -9999 -9999 -9999 -9999 -9999 -9999 -9999 -9999 -9999 -9999 -9999 -9999 -9999 -9999 -9999 -9999 -9999 -9999 -9999 -9999 -9999 -9999 -9999 -9999 -9999 -9999 -9999 -9999 -9999 -9999 -9999 -9999 -9999 -9999 -9999 -9999 -9999 -9999 -9999 -9999 -9999
-9999 -9999 -9999 -9999 -9999 -9999 -9999 -9999 -9999 -9999 -9999 -9999 -9999 -9999 -9999 -9999 -9999 -9999 -9999 -9999 -9999 -9999 -9999 -9999 -9999 -9999 -9999 -9999 -9999 -9999 -9999 -9999 -9999 -9999 -9999 -9999 -9999 -9999 -9999 -9999 -9999 -9999 -9999 -9999 -9999 -9999 -9999 -9999 -9999 -9999 -9999 -9999 -9999 -9999 -9999 -9999 -9999 -9999 -9999 -9999 -9999 -9999 -9999 -9999 -9999 -9999 -9999 -9999 -9999 -9999 -9999 -9999 -9999
-9999 -9999 -9999 -9999 -9999 -9999 -9999 -9999 -9999 -9999 -9999 -9999 -9999 -9999 -9999 -9999 -9999 -9999 -9999 -9999 -9999 -9999 -9999 -9999 -9999 -9999 -9999 -9999 -9999 -9999 -9999 -9999 -9999 -9999 -9999 -9999 -9999 -9999 -9999 -9999 -9999 -9999 -9999 -9999 -9999 -9999 -9999 -9999 -9999 -9999 -9999 -9999 -9999 -9999 -9999 -9999 -9999 -9999 -9999 -9999 -9999 -9999 -9999 -9999 -9999 -9999 -9999 -9999 -9999 -9999 -9999 -9999 -9999
-9999 -9999 -9999 -9999 -9999 -9999 -9999 -9999 -9999 -9999 -9999 -9999 -9999 -9999 -9999 -9999 -9999 -9999 -9999 -9999 -9999 -9999 -9999 -9999 -9999 -9999 -9999 -9999 -9999 -9999 -9999 -9999 -9999 -9999 -9999 -9999 -9999 -9999 -9999 -9999 -9999 -9999 -9999 -9999 -9999 -9999 -9999 -9999 -9999 -9999 -9999 -9999 -9999 -9999 -9999 -9999 -9999 -9999 -9999 -9999 -9999 -9999 -9999 -9999 -9999 -9999 -9999 -9999 -9999 -9999 -9999 -9999 -9999
-9999 -9999 -9999 -9999 -9999 -9999 -9999 -9999 -9999 -9999 -9999 -9999 -9999 -9999 -9999 -9999 -9999 -9999 -9999 -9999 -9999 -9999 -9999 -9999 -9999 -9999 -9999 -9999 -9999 -9999 -9999 -9999 -9999 -9999 -9999 -9999 -9999 -9999 -9999 -9999 -9999 -9999 -9999 -9999 -9999 -9999 -9999 -9999 -9999 -9999 -9999 -9999 -9999 -9999 -9999 -9999 -9999 -9999 -9999 -9999 -9999 -9999 -9999 -9999 -9999 -9999 -9999 -9999 -9999 -9999 -9999 -9999 -9999
-9999 -9999 -9999 -9999 -9999 -9999 -9999 -9999 -9999 -9999 -9999 -9999 -9999 -9999 -9999 -9999 -9999 -9999 -9999 -9999 -9999 -9999 -9999 -9999 -9999 -9999 -9999 -9999 -9999 -9999 -9999 -9999 -9999 -9999 -9999 -9999 -9999 -9999 -9999 -9999 -9999 -9999 -9999 -9999 -9999 -9999 -9999 -9999 -9999 -9999 -9999 -9999 -9999 -9999 -9999 -9999 -9999 -9999 -9999 -9999 -9999 -9999 -9999 -9999 -9999 -9999 -9999 -9999 -9999 -9999 -9999 -9999 -9999
-9999 -9999 -9999 -9999 -9999 -9999 -9999 -9999 -9999 -9999 -9999 -9999 -9999 -9999 -9999 -9999 -9999 -9999 -9999 -9999 -9999 -9999 -9999 -9999 -9999 -9999 -9999 -9999 -9999 -9999 -9999 -9999 -9999 -9999 -9999 -9999 -9999 -9999 -9999 -9999 -9999 -9999 -9999 -9999 -9999 -9999 -9999 -9999 -9999 -9999 -9999 -9999 -9999 -9999 -9999 -9999 -9999 -9999 -9999 -9999 -9999 -9999 -9999 -9999 -9999 -9999 -9999 -9999 -9999 -9999 -9999 -9999 -9999
-9999 -9999 -9999 -9999 -9999 -9999 -9999 -9999 -9999 -9999 -9999 -9999 -9999 -9999 -9999 -9999 -9999 -9999 -9999 -9999 -9999 -9999 -9999 -9999 -9999 -9999 -9999 -9999 -9999 -9999 -9999 -9999 -9999 -9999 -9999 -9999 -9999 -9999 -9999 -9999 -9999 -9999 -9999 -9999 -9999 -9999 -9999 -9999 -9999 -9999 -9999 -9999 -9999 -9999 -9999 -9999 -9999 -9999 -9999 -9999 -9999 -9999 -9999 -9999 -9999 -9999 -9999 -9999 -9999 -9999 -9999 -9999 -9999
-9999 -9999 -9999 -9999 -9999 -9999 -9999 -9999 -9999 -9999 -9999 -9999 -9999 -9999 -9999 -9999 -9999 -9999 -9999 -9999 -9999 -9999 -9999 -9999 -9999 -9999 -9999 -9999 -9999 -9999 -9999 -9999 -9999 -9999 -9999 -9999 -9999 -9999 -9999 -9999 -9999 -9999 -9999 -9999 -9999 -9999 -9999 -9999 -9999 -9999 -9999 -9999 -9999 -9999 -9999 -9999 -9999 -9999 -9999 -9999 -9999 -9999 -9999 -9999 -9999 -9999 -9999 -9999 -9999 -9999 -9999 -9999 -9999
-9999 -9999 -9999 -9999 -9999 -9999 -9999 -9999 -9999 -9999 -9999 -9999 -9999 -9999 -9999 -9999 -9999 -9999 -9999 -9999 -9999 -9999 -9999 -9999 -9999 -9999 -9999 -9999 -9999 -9999 -9999 -9999 -9999 -9999 -9999 -9999 -9999 -9999 -9999 -9999 -9999 -9999 -9999 -9999 -9999 -9999 -9999 -9999 -9999 -9999 -9999 -9999 -9999 -9999 -9999 -9999 -9999 -9999 -9999 -9999 -9999 -9999 -9999 -9999 -9999 -9999 -9999 -9999 -9999 -9999 -9999 -9999 -9999
-9999 -9999 -9999 -9999 -9999 -9999 -9999 -9999 -9999 -9999 -9999 -9999 -9999 -9999 -9999 -9999 -9999 -9999 -9999 -9999 -9999 -9999 -9999 -9999 -9999 -9999 -9999 -9999 -9999 -9999 -9999 -9999 -9999 -9999 -9999 -9999 -9999 -9999 -9999 -9999 -9999 -9999 -9999 -9999 -9999 -9999 -9999 -9999 -9999 -9999 -9999 -9999 -9999 -9999 -9999 -9999 -9999 -9999 -9999 -9999 -9999 -9999 -9999 -9999 -9999 -9999 -9999 -9999 -9999 -9999 -9999 -9999 -9999
-9999 -9999 -9999 -9999 -9999 -9999 -9999 -9999 -9999 -9999 -9999 -9999 -9999 -9999 -9999 -9999 -9999 -9999 -9999 -9999 -9999 -9999 -9999 -9999 -9999 -9999 -9999 -9999 -9999 -9999 -9999 -9999 -9999 -9999 -9999 -9999 -9999 -9999 -9999 -9999 -9999 -9999 -9999 -9999 -9999 -9999 -9999 -9999 -9999 -9999 -9999 -9999 -9999 -9999 -9999 -9999 -9999 -9999 -9999 -9999 -9999 -9999 -9999 -9999 -9999 -9999 -9999 -9999 -9999 -9999 -9999 -9999 -9999
-9999 -9999 -9999 -9999 -9999 -9999 -9999 -9999 -9999 -9999 -9999 -9999 -9999 -9999 -9999 -9999 -9999 -9999 -9999 -9999 -9999 -9999 -9999 -9999 -9999 -9999 -9999 -9999 -9999 -9999 -9999 -9999 -9999 -9999 -9999 -9999 -9999 -9999 -9999 -9999 -9999 -9999 -9999 -9999 -9999 -9999 -9999 -9999 -9999 -9999 -9999 -9999 -9999 -9999 -9999 -9999 -9999 -9999 -9999 -9999 -9999 -9999 -9999 -9999 -9999 -9999 -9999 -9999 -9999 -9999 -9999 -9999 -9999
-9999 -9999 -9999 -9999 -9999 -9999 -9999 -9999 -9999 -9999 -9999 -9999 -9999 -9999 -9999 -9999 -9999 -9999 -9999 -9999 -9999 -9999 -9999 -9999 -9999 -9999 -9999 -9999 -9999 -9999 -9999 -9999 -9999 -9999 -9999 -9999 -9999 -9999 -9999 -9999 -9999 0.03250 -9999 -9999 -9999 -9999 -9999 -9999 -9999 -9999 -9999 -9999 -9999 -9999 -9999 -9999 -9999 -9999 -9999 -9999 -9999 -9999 -9999 -9999 -9999 -9999 -9999 -9999 -9999 -9999 -9999 -9999 -9999
0.04279 0.04407 0.04661 0.04629 0.04723 0.04749 0.04623 0.03950 0.03817 0.03779 0.03798 0.03812 0.05666 -9999 -9999 -9999 -9999 -9999 -9999 -9999 -9999 -9999 -9999 -9999 -9999 -9999 -9999 -9999 -9999 -9999 -9999 -9999 -9999 -9999 -9999 -9999 0.03075 0.03390 0.03183 0.02851 0.02786 0.02951 0.03344 -9999 -9999 -9999 0.03343 -9999 -9999 -9999 0.03692 0.03611 0.03744 -9999 -9999 -9999 -9999 -9999 -9999 -9999 -9999 -9999 -9999 -9999 -9999 -9999 -9999 -9999 -9999 -9999 -9999 -9999 -9999
0.05733 0.06025 0.06066 0.06062 0.06068 0.05831 0.05813 0.05467 0.05331 0.05745 0.06055 0.06160 0.05710 0.05295 0.04944 0.04330 0.04345 0.04463 0.04464 -9999 -9999 -9999 -9999 -9999 0.04063 0.04013 0.03856 0.03756 0.03646 0.03412 0.03522 0.03584 0.03699 0.03761 0.03812 0.03851 0.03105 0.03155 0.02930 0.03076 0.02833 0.02837 0.03432 0.03309 0.03365 0.03306 0.03372 0.03378 0.03571 0.03545 0.03464 0.03338 0.03261 0.03365 0.03559 0.03695 0.03628 0.03775 -9999 -9999 -9999 -9999 -9999 -9999 -9999 -9999 -9999 -9999 -9999 -9999 -9999 -9999 -9999
0.06213 0.06146 0.06164 0.06188 0.06073 0.05557 0.05498 0.05078 0.05837 0.06230 0.07096 0.07634 0.06839 0.06672 0.05681 0.04895 0.04943 0.04560 0.04396 0.04416 0.04590 0.04505 0.04532 0.04526 0.04487 0.04468 0.04351 0.04124 0.04029 0.04023 0.04006 0.03870 0.03810 0.03897 0.03874 0.03835 0.03857 0.03843 0.03799 0.03849 0.03591 0.03592 0.03636 0.03582 0.03493 0.03509 0.03481 0.03577 0.03589 0.03600 0.03686 0.03741 0.03813 0.03835 0.03837 0.03728 0.03560 0.03315 0.03377 0.03484 0.03537 0.03511 0.03421 0.03252 0.03113 0.02998 -9999 -9999 -9999 -9999 -9999 -9999 -9999
0.06781 0.07028 0.07398 0.07443 0.07768 0.07889 0.08037 0.08861 0.09876 0.10068 0.09876 0.10190 0.09226 0.08623 0.06969 0.06050 0.05548 0.05273 0.05004 0.04717 0.04555 0.04245 0.04165 0.04088 0.04406 0.04987 0.04876 0.04777 0.04796 0.04682 0.04483 0.04251 0.04245 0.04223 0.04197 0.04120 0.04237 0.04327 0.04313 0.04319 0.04033 0.04006 0.03931 0.03923 0.03861 0.03863 0.03831 0.03794 0.03846 0.03884 0.03922 0.04012 0.04062 0.03993 0.03935 0.03915 0.03657 0.03504 0.03596 0.03652 0.03629 0.03502 0.03356 0.03181 0.03007 0.03011 -9999 0.03242 -9999 -9999 -9999 -9999 -9999
0.07823 0.08666 0.09104 0.09642 0.09400 0.10285 0.11973 0.12429 0.12446 0.12751 0.12331 0.12804 0.10156 0.08985 0.07660 0.06728 0.06364 0.06151 0.05919 0.05523 0.05228 0.04527 0.04387 0.04094 0.04564 0.05162 0.05142 0.05275 0.05381 0.05215 0.04922 0.04856 0.04940 0.04689 0.04770 0.04646 0.04759 0.04622 0.04555 0.04527 0.04328 0.04327 0.04268 0.04291 0.04228 0.04168 0.04191 0.04146 0.04254 0.04288 0.04340 0.04253 0.04206 0.04204 0.04173 0.04125 0.03818 0.03847 0.03814 0.03679 0.03658 0.03554 0.03421 0.03352 0.03280 0.03092 0.03114 -9999 -9999 -9999 -9999 -9999 -9999
0.09007 0.09547 0.10174 0.10379 0.10617 0.11613 0.11088 0.11216 0.11328 0.11595 0.12145 0.11903 0.10468 0.09274 0.08262 0.07442 0.06776 0.06526 0.06230 0.06235 0.06303 0.06120 0.05705 0.04799 0.05237 0.05442 0.05649 0.05795 0.05983 0.05971 0.05879 0.05818 0.05619 0.05388 0.05353 0.05348 0.04993 0.04877 0.04988 0.04930 0.04759 0.04679 0.04654 0.04649 0.04578 0.04433 0.04602 0.04504 0.04592 0.04645 0.04599 0.04557 0.04468 0.04529 0.04487 0.04482 0.04359 0.04283 0.04092 0.04030 0.04025 0.03879 0.03681 0.03478 0.03363 0.03205 0.03146 0.03213 -9999 -9999 -9999 -9999 -9999
0.12780 0.11608 0.11884 0.11616 0.10379 0.09632 0.09690 0.10041 0.10364 0.10962 0.11487 0.11682 0.11464 0.10652 0.10126 0.08552 0.07899 0.07379 0.06929 0.06984 0.07115 0.06972 0.06533 0.05823 0.05537 0.06239 0.06478 0.06624 0.06746 0.06809 0.06642 0.06526 0.06391 0.06134 0.05911 0.05920 0.05823 0.05508 0.05430 0.05400 0.05303 0.05135 0.05172 0.05000 0.04857 0.04914 0.04936 0.04924 0.04957 0.05048 0.05005 0.05060 0.05150 0.05274 0.05283 0.05230 0.05002 0.04799 0.04634 0.04448 0.04228 0.03782 0.03660 0.03526 0.03396 0.03312 0.03185 0.03192 0.03141 0.03143 0.03147 0.03112 -9999
0.11453 0.10704 0.10091 0.09585 0.09411 0.09273 0.08926 0.08983 0.10368 0.12610 0.14209 0.13651 0.12114 0.10990 0.10903 0.09180 0.08305 0.07887 0.07714 0.07877 0.07804 0.07705 0.07320 0.06889 0.06106 0.06588 0.06914 0.07287 0.07471 0.07546 0.07491 0.07304 0.07162 0.06976 0.06783 0.06616 0.06553 0.06345 0.06237 0.06056 0.05902 0.05724 0.05702 0.05661 0.05422 0.05492 0.05648 0.05728 0.05701 0.05896 0.06007 0.05851 0.05630 0.05785 0.05924 0.05640 0.05463 0.05261 0.05082 0.05105 0.04669 0.04097 0.04047 0.03864 0.03716 0.03584 0.03558 0.03540 0.03548 0.03439 0.03343 0.03302 0.03173
0.14459 0.13834 0.12865 0.12782 0.14852 0.13145 0.10872 0.08660 0.10435 0.12346 0.14301 0.14379 0.13127 0.11605 0.11623 0.09694 0.08897 0.08537 0.08139 0.08633 0.08404 0.08249 0.08133 0.08113 0.08018 0.08230 0.08150 0.07581 0.07504 0.07529 0.07093 0.06828 0.06940 0.06917 0.06536 0.06786 0.07021 0.06989 0.06756 0.06596 0.06357 0.05841 0.05782 0.05661 0.05758 0.05734 0.06016 0.05923 0.06027 0.06003 0.05981 0.06046 0.06260 0.06320 0.06097 0.06037 0.05738 0.05534 0.05479 0.05224 0.04655 0.04542 0.04417 0.04214 0.04073 0.03951 0.03888 0.03881 0.03856 0.03782 0.03665 0.03486 0.03343
0.17712 0.18011 0.15674 0.17057 0.19008 0.19305 0.18664 0.17385 0.16078 0.14934 0.11884 0.12323 0.14133 0.12274 0.12044 0.10545 0.10157 0.10049 0.09114 0.09234 0.08871 0.08673 0.08314 0.08137 0.08295 0.08761 0.08239 0.07717 0.06983 0.06651 0.06281 0.06089 0.06237 0.06201 0.05612 0.05587 0.06008 0.06017 0.06151 0.06054 0.06647 0.06754 0.06556 0.06319 0.06622 0.06928 0.06630 0.06602 0.06784 0.06502 0.06791 0.07041 0.06799 0.06106 0.05971 0.06321 0.06005 0.05641 0.05541 0.05370 0.05093 0.04917 0.04766 0.04654 0.04438 0.04353 0.04259 0.04202 0.04243 0.04163 0.04049 0.03971 0.03672
0.16026 0.15442 0.15753 0.15240 0.18042 0.20711 0.20294 0.20333 0.20068 0.18183 0.17703 0.18723 0.16117 0.12670 0.12130 0.11447 0.10894 0.10450 0.09945 0.09841 0.09358 0.09496 0.09139 0.08683 0.08182 0.07944 0.07745 0.07217 0.07019 0.06690 0.06389 0.05991 0.05787 0.05836 0.05318 0.05104 0.05406 0.05199 0.05030 0.04996 0.05076 0.05540 0.06631 0.07259 0.07242 0.07625 0.07660 0.07068 0.06983 0.07178 0.07097 0.07053 0.07233 0.07129 0.06635 0.06239 0.05885 0.05735 0.05997 0.06176 0.05884 0.05580 0.05437 0.05186 0.04925 0.04809 0.04756 0.04676 0.04575 0.04502 0.04358 0.04278 0.04175
0.16208 0.16872 0.16921 0.16690 0.16078 0.15843 0.18386 0.19958 0.19620 0.21631 0.21001 0.19615 0.16324 0.14439 0.13426 0.12192 0.12914 0.12357 0.11654 0.11341 0.10989 0.10871 0.10217 0.10136 0.10114 0.09950 0.09334 0.08883 0.08518 0.07792 0.07621 0.06963 0.06829 0.06413 0.05930 0.05631 0.06104 0.05770 0.05800 0.05671 0.05572 0.06020 0.06509 0.07032 0.07444 0.07773 0.08234 0.07354 0.06829 0.07351 0.07616 0.07460 0.07654 0.07514 0.07147 0.06772 0.06579 0.06492 0.06263 0.06030 0.06145 0.06174 0.05934 0.05749 0.05303 0.05225 0.05237 0.05226 0.05054 0.04977 0.04839 0.04652 0.04571
0.11582 0.11167 0.11931 0.12590 0.12525 0.11585 0.13772 0.16888 0.19229 0.20881 0.20192 0.17889 0.16064 0.15254 0.13314 0.13428 0.13461 0.13373 0.13108 0.13063 0.13286 0.12550 0.12453 0.12818 0.13122 0.12223 0.11796 0.11408 0.11312 0.10928 0.08975 0.08589 0.07835 0.07353 0.07122 0.07056 0.06591 0.06382 0.06248 0.06533 0.06436 0.06155 0.06365 0.06965 0.07326 0.07846 0.08118 0.08404 0.08461 0.07745 0.07968 0.08007 0.07923 0.07864 0.07789 0.07397 0.07233 0.06825 0.06766 0.06864 0.06666 0.06502 0.06435 0.06276 0.05881 0.05853 0.05874 0.05833 0.05782 0.05472 0.05127 0.04861 0.04832
0.12534 0.11584 0.11005 0.10878 0.11314 0.10148 0.10902 0.11695 0.12332 0.13985 0.16400 0.17148 0.15993 0.14248 0.13701 0.13631 0.13768 0.14255 0.14096 0.14471 0.14429 0.14588 0.14429 0.14465 0.13724 0.13271 0.13221 0.13461 0.11807 0.10990 0.10657 0.10006 0.08947 0.08267 0.08044 0.07604 0.07239 0.07482 0.07233 0.06794 0.06452 0.06360 0.07032 0.07323 0.07508 0.07564 0.08030 0.08344 0.09253 0.08506 0.08355 0.08532 0.08626 0.08529 0.08339 0.08060 0.08061 0.07988 0.07751 0.07495 0.07275 0.07043 0.06907 0.06843 0.06779 0.06538 0.06508 0.06528 0.06455 0.06237 0.05778 0.05478 0.05267
0.12282 0.13250 0.13709 0.13951 0.14134 0.14044 0.14928 0.14940 0.15441 0.15696 0.17488 0.19267 0.17666 0.16296 0.15126 0.13804 0.13904 0.14746 0.15185 0.15441 0.15748 0.15900 0.15861 0.16031 0.16405 0.16363 0.15750 0.14568 0.13280 0.12428 0.11803 0.10642 0.10024 0.09952 0.08871 0.08468 0.07896 0.08003 0.07579 0.07313 0.06866 0.06446 0.06703 0.06505 0.06902 0.07038 0.08099 0.08976 0.09551 0.10177 0.09472 0.09317 0.09852 0.09621 0.09348 0.09207 0.08992 0.08605 0.08479 0.08151 0.07799 0.07431 0.07331 0.07584 0.07444 0.07357 0.07388 0.07520 0.07156 0.06909 0.06619 0.06380 0.06146
0.11746 0.11535 0.13632 0.14803 0.16563 0.16946 0.15182 0.11769 0.11727 0.12727 0.13644 0.17154 0.14621 0.14234 0.15424 0.15489 0.15958 0.15724 0.16559 0.16827 0.16249 0.15719 0.16248 0.17342 0.17521 0.17650 0.17513 0.16212 0.14587 0.12898 0.13225 0.11848 0.11372 0.11202 0.10458 0.09781 0.09441 0.08127 0.08711 0.07989 0.08153 0.07840 0.07311 0.06990 0.07272 0.07476 0.08385 0.09012 0.09793 0.11341 0.10860 0.10478 0.10896 0.10317 0.09373 0.08560 0.08073 0.07951 0.07985 0.08359 0.08691 0.08393 0.08203 0.08026 0.07958 0.07869 0.07925 0.07835 0.07954 0.07936 0.07704 0.07395 0.07398
0.12653 0.11240 0.11618 0.13818 0.15278 0.16842 0.16843 0.15892 0.12000 0.10719 0.11681 0.12874 0.11987 0.12518 0.12658 0.13357 0.14571 0.14788 0.14821 0.14790 0.16044 0.17026 0.15758 0.16596 0.17322 0.18762 0.20295 0.18131 0.15971 0.14052 0.13137 0.12958 0.12914 0.12696 0.11463 0.10785 0.11218 0.10158 0.10002 0.10131 0.09519 0.09234 0.09340 0.09887 0.09572 0.09198 0.08728 0.09386 0.09729 0.10952 0.11528 0.11099 0.11981 0.11912 0.11573 0.11080 0.10338 0.10052 0.09919 0.09817 0.09590 0.09283 0.08930 0.08692 0.08378 0.08386 0.08979 0.09108 0.09025 0.08967 0.08743 0.08588 0.08321
-9999 0.13200 0.14445 0.13573 0.13120 0.14500 0.14962 0.15173 0.15587 0.16227 0.18005 0.14242 0.10388 0.08847 0.08352 0.07511 0.12030 0.13769 0.14282 0.14462 0.15087 0.15261 0.15182 0.15342 0.15863 0.18186 0.18469 0.17588 0.15909 0.15282 0.14822 0.13216 0.12131 0.11866 0.12017 0.11119 0.12117 0.12729 0.10972 0.11144 0.10672 0.10816 0.11056 0.10943 0.11244 0.10655 0.09795 0.10255 0.10830 0.12311 0.13112 0.12760 0.12704 0.12446 0.12324 0.12427 0.12008 0.11836 0.11518 0.11011 0.10639 0.10585 0.10241 0.09695 0.10199 0.10218 0.10055 0.10028 0.10119 0.09380 0.09475 0.09407 0.09098
-9999 -9999 -9999 0.21011 0.17842 0.15443 0.17683 0.15083 0.13014 0.12721 0.14250 0.13475 0.12689 0.11184 0.08840 0.08108 0.08999 0.10123 0.11282 0.13377 0.14388 0.15340 0.14485 0.14133 0.13920 0.15292 0.16684 0.17544 0.17095 0.16345 0.16409 0.15903 0.15043 0.13984 0.13017 0.13756 0.14353 0.14507 0.13947 0.14243 0.13458 0.13135 0.12580 0.13002 0.12409 0.12293 0.10758 0.11009 0.13069 0.14498 0.12758 0.12039 0.12186 0.12397 0.12127 0.12095 0.12288 0.12103 0.11833 0.11610 0.11609 0.11148 0.11052 0.11038 0.09821 0.09855 0.09763 0.09766 0.10071 0.10128 0.10177 0.10167 0.10028
