data/hydroclimate-scenarios/BCSD_hadcm_B1/monthly_summaries/vpd_monthly_avg_jan.2070-2099.asc
ncols	311
nrows	91
xllcenter	102.75
yllcenter	31.75
cellsize	0.5
NODATA_value	-9999
[rows 0 to 32 of 91, columns 73 to 145 of 311]
-9999 -9999 -9999 -9999 -9999 -9999 -9999 -9999 -9999 -9999 -9999 -9999 -9999 -9999 -9999 -9999 -9999 -9999 -9999 -9999 -9999 -9999 -9999 -9999 -9999 -9999 -9999 -9999 -9999 -9999 -9999 -9999 -9999 -9999 -9999 -9999 -9999 -9999 -9999 -9999 -9999 -9999 -9999 -9999 -9999 -9999 -9999 -9999 -9999 -9999 -9999 -9999 -9999 -9999 -9999 -9999 -9999 -9999 -9999 -9999 -9999 -9999 -9999 -9999 -9999 -9999 -9999 -9999 -9999 -9999 -9999 -9999 -9999
-9999 -9999 -9999 -9999 -9999 -9999 -9999 -9999 -9999 -9999 -9999 -9999 -9999 -9999 -9999 -9999 -9999 -9999 -9999 -9999 -9999 -9999 -9999 -9999 -9999 -9999 -9999 -9999 -9999 -9999 -9999 -9999 -9999 -9999 -9999 -9999 -9999 -9999 -9999 -9999 -9999 -9999 -9999 -9999 -9999 -9999 -9999 -9999 -9999 -9999 -9999 -9999 -9999 -9999 -9999 -9999 -9999 -9999 -9999 -9999 -9999 -9999 -9999 -9999 -9999 -9999 -9999 -9999 -9999 -9999 -9999 -9999 -9999
-9999 -9999 -9999 -9999 -9999 -9999 -9999 -9999 -9999 -9999 -9999 -9999 -9999 -9999 -9999 -9999 -9999 -9999 -9999 -9999 -9999 -9999 -9999 -9999 -9999 -9999 -9999 -9999 -9999 -9999 -9999 -9999 -9999 -9999 -9999 -9999 -9999 -9999 -9999 -9999 -9999 -9999 -9999 -9999 -9999 -9999 -9999 -9999 -9999 -9999 -9999 -9999 -9999 -9999 -9999 -9999 -9999 -9999 -9999 -9999 -9999 -9999 -9999 -9999 -9999 -9999 -9999 -9999 -9999 -9999 -9999 -9999 -9999
-9999 -9999 -9999 -9999 -9999 -9999 -9999 -9999 -9999 -9999 -9999 -9999 -9999 -9999 -9999 -9999 -9999 -9999 -9999 -9999 -9999 -9999 -9999 -9999 -9999 -9999 -9999 -9999 -9999 -9999 -9999 -9999 -9999 -9999 -9999 -9999 -9999 -9999 -9999 -9999 -9999 -9999 -9999 -9999 -9999 -9999 -9999 -9999 -9999 -9999 -9999 -9999 -9999 -9999 -9999 -9999 -9999 -9999 -9999 -9999 -9999 -9999 -9999 -9999 -9999 -9999 -9999 -9999 -9999 -9999 -9999 -9999 -9999
-9999 -9999 -9999 -9999 -9999 -9999 -9999 -9999 -9999 -9999 -9999 -9999 -9999 -9999 -9999 -9999 -9999 -9999 -9999 -9999 -9999 -9999 -9999 -9999 -9999 -9999 -9999 -9999 -9999 -9999 -9999 -9999 -9999 -9999 -9999 -9999 -9999 -9999 -9999 -9999 -9999 -9999 -9999 -9999 -9999 -9999 -9999 -9999 -9999 -9999 -9999 -9999 -9999 -9999 -9999 -9999 -9999 -9999 -9999 -9999 -9999 -9999 -9999 -9999 -9999 -9999 -9999 -9999 -9999 -9999 -9999 -9999 -9999
-9999 -9999 -9999 -9999 -9999 -9999 -9999 -9999 -9999 -9999 -9999 -9999 -9999 -9999 -9999 -9999 -9999 -9999 -9999 -9999 -9999 -9999 -9999 -9999 -9999 -9999 -9999 -9999 -9999 -9999 -9999 -9999 -9999 -9999 -9999 -9999 -9999 -9999 -9999 -9999 -9999 -9999 -9999 -9999 -9999 -9999 -9999 -9999 -9999 -9999 -9999 -9999 -9999 -9999 -9999 -9999 -9999 -9999 -9999 -9999 -9999 -9999 -9999 -9999 -9999 -9999 -9999 -9999 -9999 -9999 -9999 -9999 -9999
-9999 -9999 -9999 -9999 -9999 -9999 -9999 -9999 -9999 -9999 -9999 -9999 -9999 -9999 -9999 -9999 -9999 -9999 -9999 -9999 -9999 -9999 -9999 -9999 -9999 -9999 -9999 -9999 -9999 -9999 -9999 -9999 -9999 -9999 -9999 -9999 -9999 -9999 -9999 -9999 -9999 -9999 -9999 -9999 -9999 -9999 -9999 -9999 -9999 -9999 -9999 -9999 -9999 -9999 -9999 -9999 -9999 -9999 -9999 -9999 -9999 -9999 -9999 -9999 -9999 -9999 -9999 -9999 -9999 -9999 -9999 -9999 -9999
-9999 -9999 -9999 -9999 -9999 -9999 -9999 -9999 -9999 -9999 -9999 -9999 -9999 -9999 -9999 -9999 -9999 -9999 -9999 -9999 -9999 -9999 -9999 -9999 -9999 -9999 -9999 -9999 -9999 -9999 -9999 -9999 -9999 -9999 -9999 -9999 -9999 -9999 -9999 -9999 -9999 -9999 -9999 -9999 -9999 -9999 -9999 -9999 -9999 -9999 -9999 -9999 -9999 -9999 -9999 -9999 -9999 -9999 -9999 -9999 -9999 -9999 -9999 -9999 -9999 -9999 -9999 -9999 -9999 -9999 -9999 -9999 -9999
-9999 -9999 -9999 -9999 0.00580 -9999 -9999 -9999 -9999 -9999 -9999 -9999 -9999 -9999 -9999 -9999 -9999 -9999 -9999 -9999 -9999 -9999 -9999 -9999 -9999 -9999 -9999 -9999 -9999 -9999 -9999 -9999 -9999 -9999 -9999 -9999 -9999 -9999 -9999 -9999 -9999 -9999 -9999 -9999 -9999 -9999 -9999 -9999 -9999 -9999 -9999 -9999 -9999 -9999 -9999 -9999 -9999 -9999 -9999 -9999 -9999 -9999 -9999 -9999 -9999 -9999 -9999 -9999 -9999 -9999 -9999 -9999 -9999
0.01358 0.00513 0.00531 0.00547 0.00586 0.00623 0.00661 0.00708 0.00737 0.00798 0.00872 0.00927 0.00994 0.01057 0.01134 0.01207 0.01289 0.01358 0.01425 0.01452 -9999 -9999 -9999 -9999 -9999 -9999 -9999 -9999 -9999 -9999 -9999 -9999 -9999 -9999 -9999 -9999 -9999 -9999 -9999 -9999 -9999 -9999 -9999 -9999 -9999 -9999 -9999 -9999 -9999 -9999 -9999 -9999 -9999 -9999 -9999 -9999 -9999 -9999 -9999 -9999 -9999 -9999 -9999 -9999 -9999 -9999 -9999 -9999 -9999 -9999 -9999 -9999 -9999
-9999 -9999 0.00522 0.00552 0.00587 0.00614 0.00661 0.00705 0.00760 0.00809 0.00866 0.00943 0.01016 0.01092 0.01160 0.01232 0.01327 0.01365 0.01432 0.01464 -9999 -9999 -9999 -9999 -9999 -9999 -9999 -9999 -9999 -9999 -9999 -9999 -9999 -9999 -9999 -9999 -9999 -9999 -9999 -9999 -9999 -9999 -9999 -9999 -9999 -9999 -9999 -9999 -9999 -9999 -9999 -9999 -9999 -9999 -9999 -9999 -9999 -9999 -9999 -9999 -9999 -9999 -9999 -9999 -9999 -9999 -9999 -9999 -9999 -9999 -9999 -9999 -9999
0.00495 0.00516 0.00530 0.00553 0.00588 0.00615 0.00660 0.00711 0.00758 0.00818 0.00864 0.00940 0.01015 0.01103 0.01182 0.01266 0.01371 0.01456 0.01498 0.01508 0.01518 0.01476 0.01511 0.01501 0.01499 0.01502 -9999 -9999 -9999 -9999 -9999 -9999 -9999 -9999 -9999 -9999 -9999 -9999 -9999 -9999 -9999 -9999 -9999 -9999 -9999 -9999 -9999 -9999 -9999 -9999 -9999 -9999 -9999 -9999 -9999 -9999 -9999 -9999 -9999 -9999 -9999 -9999 -9999 -9999 -9999 -9999 -9999 -9999 -9999 -9999 -9999 -9999 -9999
0.00492 0.00510 0.00529 0.00552 0.00584 0.00611 0.00658 0.00703 0.00763 0.00813 0.00869 0.00938 0.01023 0.01090 0.01184 0.01280 0.01400 0.01540 0.01547 0.01509 0.01472 0.01496 0.01481 0.01474 0.01472 0.01460 0.01457 0.01449 0.01442 0.01446 0.01466 0.01505 0.01528 0.01578 0.01633 0.01686 0.01716 0.01763 0.01877 0.01962 0.02069 -9999 -9999 -9999 -9999 -9999 -9999 -9999 -9999 -9999 -9999 -9999 -9999 -9999 -9999 -9999 -9999 -9999 -9999 -9999 -9999 -9999 -9999 -9999 -9999 -9999 -9999 -9999 -9999 -9999 -9999 -9999 -9999
0.00476 0.00488 0.00506 0.00540 0.00569 0.00607 0.00657 0.00700 0.00750 0.00806 0.00856 0.00920 0.00998 0.01073 0.01184 0.01296 0.01403 0.01480 0.01484 0.01401 0.01420 0.01416 0.01427 0.01464 0.01463 0.01443 0.01440 0.01411 0.01458 0.01468 0.01480 0.01531 0.01556 0.01606 0.01680 0.01736 0.01782 0.01850 0.01944 0.02011 0.02127 0.02262 -9999 -9999 -9999 -9999 -9999 -9999 -9999 -9999 -9999 -9999 -9999 -9999 -9999 -9999 -9999 -9999 -9999 -9999 -9999 -9999 -9999 -9999 -9999 -9999 -9999 -9999 -9999 -9999 -9999 -9999 -9999
0.00408 0.00394 0.00433 0.00472 0.00498 0.00531 0.00572 0.00635 0.00663 0.00739 0.00806 0.00884 0.00980 0.01056 0.01144 0.01240 0.01328 0.01391 0.01385 0.01382 0.01381 0.01378 0.01393 0.01327 0.01397 0.01434 0.01437 0.01383 0.01415 0.01441 0.01487 0.01505 0.01553 0.01601 0.01713 0.01749 0.01812 0.01882 0.01983 0.02067 0.02164 0.02295 -9999 -9999 -9999 -9999 -9999 -9999 -9999 -9999 -9999 -9999 -9999 -9999 -9999 -9999 -9999 0.03615 0.03623 -9999 -9999 -9999 -9999 0.03606 0.03337 0.03208 0.03379 0.03713 0.03936 0.04018 0.04126 0.04108 0.04235
0.00401 0.00390 0.00448 0.00498 0.00515 0.00523 0.00564 0.00590 0.00690 0.00751 0.00796 0.00856 0.00930 0.01042 0.01123 0.01213 0.01290 0.01349 0.01366 0.01367 0.01350 0.01427 0.01429 0.01425 0.01444 0.01425 0.01438 0.01421 0.01442 0.01470 0.01507 0.01536 0.01582 0.01643 0.01723 0.01794 0.01859 0.01921 0.02030 0.02112 0.02201 0.02310 0.02409 0.02500 0.02614 0.02639 0.02525 0.02550 0.02706 0.02665 0.02781 0.02935 0.03006 0.03063 0.03454 0.03543 0.03533 0.03611 0.03659 -9999 -9999 -9999 -9999 -9999 0.03622 0.03539 0.03507 0.03438 0.03613 0.03717 0.03727 0.03841 0.03997
0.00387 0.00364 0.00416 0.00466 0.00507 0.00540 0.00600 0.00658 0.00709 0.00767 0.00823 0.00880 0.00942 0.01036 0.01112 0.01174 0.01236 0.01282 0.01354 0.01380 0.01418 0.01416 0.01415 0.01425 0.01431 0.01425 0.01438 0.01435 0.01445 0.01471 0.01513 0.01562 0.01619 0.01665 0.01772 0.01825 0.01899 0.01947 0.02054 0.02132 0.02266 0.02352 0.02480 0.02620 0.02700 0.02753 0.02693 0.02678 0.02890 0.03029 0.03024 0.02875 0.02809 0.03124 0.03084 0.03114 0.03243 0.03404 0.03534 0.03517 0.03766 0.03927 0.03967 0.03925 0.03940 0.03936 0.03811 0.03684 0.03599 0.03694 0.03682 0.03536 0.03556
0.00416 0.00361 0.00361 0.00411 0.00455 0.00481 0.00617 0.00667 0.00712 0.00761 0.00817 0.00863 0.00947 0.01010 0.01088 0.01151 0.01213 0.01212 0.01249 0.01335 0.01369 0.01392 0.01388 0.01383 0.01419 0.01412 0.01430 0.01439 0.01460 0.01485 0.01547 0.01573 0.01650 0.01711 0.01812 0.01861 0.01934 0.01996 0.02104 0.02181 0.02305 0.02409 0.02556 0.02676 0.02752 0.02859 0.02926 0.02997 0.03049 0.03195 0.03164 0.03232 0.03218 0.02997 0.03012 0.03148 0.03228 0.03183 0.03375 0.03238 0.03461 0.03789 0.03912 0.03993 0.04036 0.04025 0.03906 0.03694 0.03413 0.03484 0.03491 0.03457 0.03346
0.00329 0.00454 0.00424 0.00475 0.00512 0.00483 0.00557 0.00620 0.00675 0.00746 0.00804 0.00849 0.00930 0.00982 0.01065 0.01116 0.01166 0.01068 0.01132 0.01211 0.01260 0.01332 0.01359 0.01379 0.01393 0.01403 0.01406 0.01427 0.01467 0.01495 0.01548 0.01605 0.01662 0.01741 0.01823 0.01857 0.01885 0.01924 0.02053 0.02184 0.02157 0.02213 0.02430 0.02655 0.02912 0.03082 0.03224 0.03217 0.03171 0.03186 0.03250 0.03357 0.03384 0.03539 0.03610 0.03408 0.03388 0.03345 0.03278 0.03205 0.03212 0.03508 0.03664 0.03765 0.03760 0.03868 0.03788 0.03738 0.03688 0.03740 0.03790 0.03650 0.03507
0.00306 0.00321 0.00386 0.00471 0.00498 0.00474 0.00494 0.00577 0.00503 0.00560 0.00634 0.00771 0.00867 0.00930 0.01025 0.01085 0.01110 0.01102 0.01093 0.01180 0.01230 0.01286 0.01331 0.01339 0.01362 0.01383 0.01405 0.01394 0.01457 0.01507 0.01517 0.01625 0.01718 0.01733 0.01784 0.01832 0.01914 0.01935 0.02014 0.02184 0.02351 0.02405 0.02476 0.02583 0.02854 0.03028 0.03292 0.03257 0.03221 0.03306 0.03429 0.03651 0.03472 0.03363 0.03376 0.03214 0.03526 0.03722 0.03771 0.03821 0.03844 0.03579 0.03394 0.03710 0.03540 0.03769 0.03813 0.03859 0.03936 0.04255 0.04335 0.03980 0.03802
0.00301 0.00292 0.00288 0.00386 0.00438 0.00486 0.00504 0.00558 0.00520 0.00458 0.00434 0.00437 0.00587 0.00724 0.00858 0.00972 0.01065 0.01117 0.01148 0.01184 0.01207 0.01243 0.01266 0.01301 0.01314 0.01332 0.01366 0.01349 0.01395 0.01425 0.01477 0.01550 0.01701 0.01740 0.01785 0.01790 0.01959 0.02076 0.02089 0.02155 0.02381 0.02502 0.02609 0.02820 0.03056 0.03170 0.03445 0.03604 0.03754 0.03761 0.03760 0.03810 0.03833 0.03853 0.03675 0.03560 0.03820 0.03569 0.03843 0.03970 0.04052 0.04224 0.04360 0.04299 0.04162 0.04141 0.04151 0.04235 0.04422 0.04585 0.04651 0.04378 0.04083
0.00277 0.00276 0.00293 0.00308 0.00319 0.00359 0.00414 0.00495 0.00580 0.00547 0.00527 0.00513 0.00489 0.00520 0.00568 0.00665 0.00808 0.00902 0.01017 0.01094 0.01150 0.01179 0.01228 0.01239 0.01286 0.01290 0.01256 0.01261 0.01407 0.01306 0.01352 0.01451 0.01582 0.01678 0.01792 0.01867 0.02029 0.02118 0.02187 0.02295 0.02553 0.02524 0.02768 0.02838 0.03044 0.03147 0.03385 0.03624 0.03511 0.03511 0.03510 0.03536 0.03651 0.03767 0.03526 0.03835 0.03972 0.03735 0.04111 0.04190 0.04316 0.04792 0.04631 0.04573 0.04261 0.04427 0.04522 0.04618 0.04899 0.05078 0.04989 0.04543 0.04533
0.00291 0.00305 0.00296 0.00287 0.00311 0.00341 0.00357 0.00414 0.00450 0.00462 0.00492 0.00561 0.00596 0.00618 0.00625 0.00602 0.00619 0.00689 0.00767 0.00842 0.00985 0.01091 0.01192 0.01215 0.01262 0.01215 0.01180 0.01226 0.01282 0.01353 0.01335 0.01476 0.01514 0.01798 0.01915 0.02007 0.02001 0.02160 0.02393 0.02576 0.02672 0.02699 0.02694 0.02729 0.02920 0.03038 0.03180 0.03085 0.03191 0.03392 0.03437 0.03310 0.03656 0.03579 0.04078 0.03905 0.04387 0.04654 0.04765 0.05028 0.05003 0.05044 0.04731 0.05018 0.05124 0.05238 0.04990 0.05104 0.05267 0.05280 0.04989 0.04723 0.05121
0.00361 0.00370 0.00326 0.00307 0.00312 0.00317 0.00335 0.00374 0.00452 0.00365 0.00395 0.00468 0.00427 0.00417 0.00465 0.00766 0.00652 0.00562 0.00608 0.00687 0.00790 0.01066 0.01161 0.01200 0.01228 0.01225 0.01189 0.01243 0.01287 0.01376 0.01455 0.01580 0.01829 0.01912 0.01996 0.02122 0.02183 0.02254 0.02302 0.02545 0.02699 0.02772 0.03199 0.03380 0.03327 0.03286 0.03250 0.03258 0.03337 0.03552 0.03750 0.03801 0.03768 0.03832 0.04125 0.04226 0.04797 0.04969 0.05482 0.05591 0.05312 0.05099 0.05598 0.05796 0.05697 0.05847 0.05656 0.05611 0.05513 0.05716 0.05560 0.05806 0.05729
0.00393 0.00409 0.00389 0.00383 0.00379 0.00362 0.00375 0.00379 0.00397 0.00405 0.00432 0.00498 0.00476 0.00489 0.00476 0.00572 0.00684 0.00785 0.00762 0.00772 0.00854 0.00901 0.01086 0.01209 0.01251 0.01245 0.01251 0.01316 0.01337 0.01473 0.01633 0.01708 0.01796 0.01969 0.02134 0.02230 0.02390 0.02409 0.02422 0.02511 0.02629 0.02795 0.03316 0.03520 0.03423 0.03415 0.03370 0.03243 0.03345 0.03665 0.03993 0.03748 0.04238 0.04416 0.04653 0.04967 0.04701 0.05079 0.05372 0.05667 0.05683 0.06012 0.05988 0.06008 0.05934 0.05850 0.05475 0.05742 0.05769 0.05852 0.05944 0.06025 0.05943
0.00392 0.00399 0.00412 0.00435 0.00437 0.00433 0.00434 0.00443 0.00411 0.00399 0.00448 0.00546 0.00599 0.00584 0.00630 0.00657 0.00631 0.00722 0.00796 0.00945 0.01015 0.00999 0.01013 0.01064 0.01197 0.01178 0.01181 0.01165 0.01288 0.01375 0.01630 0.01685 0.01786 0.01779 0.01962 0.01924 0.02255 0.02168 0.02101 0.02398 0.02558 0.02493 0.02796 0.03191 0.03267 0.03390 0.03548 0.03519 0.03527 0.04091 0.04466 0.04727 0.05053 0.05189 0.05243 0.05177 0.05464 0.05310 0.05792 0.05820 0.05980 0.06006 0.06076 0.06195 0.06154 0.06119 0.05768 0.05630 0.05673 0.05843 0.06132 0.05853 0.05838
0.00380 0.00383 0.00419 0.00430 0.00455 0.00465 0.00492 0.00447 0.00458 0.00476 0.00467 0.00564 0.00705 0.00772 0.00763 0.00770 0.00760 0.00822 0.00917 0.00968 0.01038 0.01119 0.01155 0.01198 0.01147 0.01192 0.01207 0.01205 0.01386 0.01441 0.01666 0.01595 0.01688 0.01979 0.02002 0.01954 0.02187 0.02382 0.02344 0.02366 0.02472 0.02733 0.02849 0.03092 0.03188 0.03325 0.03541 0.03500 0.03736 0.03898 0.04222 0.04414 0.04563 0.04802 0.05041 0.05532 0.05734 0.05999 0.06218 0.06154 0.06109 0.06145 0.06027 0.06138 0.06139 0.06044 0.05631 0.05489 0.05515 0.05802 0.06048 0.06135 0.06413
0.00412 0.00417 0.00423 0.00495 0.00505 0.00551 0.00535 0.00530 0.00562 0.00613 0.00638 0.00630 0.00736 0.00809 0.00866 0.00978 0.01009 0.01095 0.00973 0.01127 0.01209 0.01261 0.01307 0.01198 0.01104 0.01145 0.01168 0.01256 0.01248 0.01421 0.01578 0.01566 0.01606 0.01897 0.01951 0.01988 0.02021 0.02185 0.02364 0.02447 0.02615 0.02722 0.02916 0.03036 0.03391 0.03463 0.03486 0.03723 0.03981 0.04138 0.04536 0.05004 0.05195 0.05487 0.05662 0.05908 0.06285 0.06466 0.06597 0.06561 0.06463 0.06374 0.05722 0.05873 0.05778 0.05933 0.05785 0.06116 0.06054 0.06157 0.06325 0.06181 0.05929
0.00483 0.00463 0.00479 0.00450 0.00491 0.00574 0.00599 0.00616 0.00678 0.00698 0.00797 0.00826 0.00805 0.00940 0.01119 0.01216 0.01243 0.01329 0.01423 0.01336 0.01372 0.01489 0.01569 0.01575 0.01386 0.01334 0.01348 0.01307 0.01457 0.01539 0.01584 0.01645 0.01702 0.01778 0.01972 0.01952 0.01951 0.01976 0.02354 0.02506 0.02557 0.02940 0.03213 0.03456 0.03818 0.04226 0.04358 0.04653 0.04910 0.05158 0.05408 0.05525 0.05572 0.05755 0.05992 0.06363 0.06458 0.06611 0.06580 0.06709 0.06266 0.05710 0.05449 0.05550 0.05550 0.05689 0.05940 0.06198 0.06169 0.06311 0.06229 0.06263 0.06549
0.00559 0.00590 0.00548 0.00546 0.00488 0.00551 0.00654 0.00623 0.00647 0.00726 0.00832 0.00834 0.00932 0.01076 0.01145 0.01247 0.01443 0.01511 0.01550 0.01485 0.01400 0.01636 0.01745 0.01708 0.01477 0.01442 0.01407 0.01351 0.01539 0.01652 0.01687 0.01765 0.01812 0.01998 0.02097 0.02292 0.02251 0.02373 0.02733 0.03203 0.03141 0.03561 0.04102 0.04246 0.04263 0.04469 0.04446 0.04896 -9999 -9999 0.05901 0.06070 0.06496 0.06322 0.06518 0.06683 0.06806 0.06641 0.06710 0.06246 0.05798 0.05356 0.05455 0.05252 0.05231 0.05191 0.05933 0.06334 0.06353 0.06831 0.06599 0.06892 0.07261
0.00666 0.00644 0.00650 0.00683 0.00589 0.00691 0.00669 0.00661 0.00667 0.00763 0.00790 0.00844 0.00976 0.01086 0.01083 0.01262 0.01470 0.01435 0.01597 0.01749 0.01804 0.01763 0.01546 0.01641 0.01551 0.01601 0.01536 0.01581 0.01591 0.01808 0.01910 0.01931 0.02069 0.02225 0.02302 0.02911 0.03465 -9999 -9999 -9999 -9999 0.04677 -9999 0.04424 0.04138 0.04642 0.04915 0.05687 -9999 -9999 0.05979 0.06240 0.06567 0.06725 0.07033 0.06930 0.06740 0.06498 0.06399 0.06209 0.05881 0.05772 0.05987 0.05028 0.05005 0.05331 0.06220 0.06487 0.06797 0.07347 -9999 -9999 -9999
0.00773 0.00746 0.00770 0.00860 0.00717 0.00780 0.00901 0.00895 0.00938 0.00951 0.00936 0.00961 0.01058 0.01273 0.01238 0.01291 0.01370 0.01492 0.01596 0.01824 0.01880 0.01991 0.01890 0.01973 0.01849 0.01776 0.01789 0.01829 0.01873 0.01924 0.02089 0.02316 0.02398 0.02844 0.03276 -9999 -9999 -9999 -9999 -9999 -9999 -9999 0.05328 0.05379 0.05502 -9999 -9999 -9999 -9999 -9999 0.06852 0.06841 0.06422 0.06861 0.06673 0.06955 0.07204 0.06745 0.07141 0.06995 0.06671 0.06409 0.06592 0.06753 0.06365 0.05782 0.06585 0.07489 -9999 -9999 -9999 -9999 -9999
0.00854 0.00908 0.00952 0.01032 0.01011 0.00900 0.01056 0.01166 0.01151 0.01192 0.01123 0.01299 0.01335 0.01447 0.01404 0.01443 0.01612 0.01664 0.01855 0.01956 0.02077 0.01970 0.02009 0.02093 0.02044 0.02014 0.01892 0.01927 0.02081 0.02037 0.02394 0.02798 0.03128 0.04064 -9999 -9999 -9999 -9999 -9999 -9999 -9999 -9999 -9999 0.06443 -9999 -9999 -9999 -9999 0.07141 0.07272 0.07239 0.06987 0.06821 0.07519 0.07921 0.07542 0.07259 0.07305 0.07318 0.07249 0.07228 0.06819 0.07002 0.06853 0.07143 -9999 -9999 -9999 -9999 -9999 -9999 -9999 -9999
