data/hydroclimate-scenarios/BCSD_hadcm_B1/monthly_summaries/vpd_monthly_avg_jan.2030-2059.asc
ncols	311
nrows	91
xllcenter	102.75
yllcenter	31.75
cellsize	0.5
NODATA_value	-9999
[rows 0 to 32 of 91, columns 219 to 291 of 311]
-9999 -9999 -9999 -9999 -9999 -9999 -9999 -9999 -9999 -9999 -9999 -9999 -9999 -9999 -9999 -9999 -9999 -9999 -9999 -9999 -9999 -9999 -9999 -9999 -9999 -9999 -9999 -9999 -9999 -9999 -9999 -9999 -9999 -9999 -9999 -9999 -9999 -9999 -9999 -9999 -9999 -9999 -9999 -9999 -9999 -9999 -9999 -9999 -9999 -9999 -9999 -9999 -9999 -9999 -9999 -9999 -9999 -9999 -9999 -9999 -9999 -9999 -9999 -9999 -9999 -9999 -9999 -9999 -9999 -9999 -9999 -9999 -9999
-9999 -9999 -9999 -9999 -9999 -9999 -9999 -9999 -9999 -9999 -9999 -9999 -9999 -9999 -9999 -9999 -9999 -9999 -9999 -9999 -9999 -9999 -9999 -9999 -9999 -9999 -9999 -9999 -9999 -9999 -9999 -9999 -9999 -9999 -9999 -9999 -9999 -9999 -9999 -9999 -9999 -9999 -9999 -9999 -9999 -9999 -9999 -9999 -9999 -9999 -9999 -9999 -9999 -9999 -9999 -9999 -9999 -9999 -9999 -9999 -9999 -9999 -9999 -9999 -9999 -9999 -9999 -9999 -9999 -9999 -9999 -9999 -9999
-9999 -9999 -9999 -9999 -9999 -9999 -9999 -9999 -9999 -9999 -9999 -9999 -9999 -9999 -9999 -9999 -9999 -9999 -9999 -9999 -9999 -9999 -9999 -9999 -9999 -9999 -9999 -9999 -9999 -9999 -9999 -9999 -9999 -9999 -9999 -9999 -9999 -9999 -9999 -9999 -9999 -9999 -9999 -9999 -9999 -9999 -9999 -9999 -9999 -9999 -9999 -9999 -9999 -9999 -9999 -9999 -9999 -9999 -9999 -9999 -9999 -9999 -9999 -9999 -9999 -9999 -9999 -9999 -9999 -9999 -9999 -9999 -9999
-9999 -9999 -9999 -9999 -9999 -9999 -9999 -9999 -9999 -9999 -9999 -9999 -9999 -9999 -9999 -9999 -9999 -9999 -9999 -9999 -9999 -9999 -9999 -9999 -9999 -9999 -9999 -9999 -9999 -9999 -9999 -9999 -9999 -9999 -9999 -9999 -9999 -9999 -9999 -9999 -9999 -9999 -9999 -9999 -9999 -9999 -9999 -9999 -9999 -9999 -9999 -9999 -9999 -9999 -9999 -9999 -9999 -9999 -9999 -9999 -9999 -9999 -9999 -9999 -9999 -9999 -9999 -9999 -9999 -9999 -9999 -9999 -9999
-9999 -9999 -9999 -9999 -9999 -9999 -9999 -9999 -9999 -9999 -9999 -9999 -9999 -9999 -9999 -9999 -9999 -9999 -9999 -9999 -9999 -9999 -9999 -9999 -9999 -9999 -9999 -9999 -9999 -9999 -9999 -9999 -9999 -9999 -9999 -9999 -9999 -9999 -9999 -9999 -9999 -9999 -9999 -9999 -9999 -9999 -9999 -9999 -9999 -9999 -9999 -9999 -9999 -9999 -9999 -9999 -9999 -9999 -9999 -9999 -9999 -9999 -9999 -9999 -9999 -9999 -9999 -9999 -9999 -9999 -9999 -9999 -9999
-9999 -9999 -9999 -9999 -9999 -9999 -9999 -9999 -9999 -9999 -9999 -9999 -9999 -9999 -9999 -9999 -9999 -9999 -9999 -9999 -9999 -9999 -9999 -9999 -9999 -9999 -9999 -9999 -9999 -9999 -9999 -9999 -9999 -9999 -9999 -9999 -9999 -9999 -9999 -9999 -9999 -9999 -9999 -9999 -9999 -9999 -9999 -9999 -9999 -9999 -9999 -9999 -9999 -9999 -9999 -9999 -9999 -9999 -9999 -9999 -9999 -9999 -9999 -9999 -9999 -9999 -9999 -9999 -9999 -9999 -9999 -9999 -9999
-9999 -9999 -9999 -9999 -9999 -9999 -9999 -9999 -9999 -9999 -9999 -9999 -9999 -9999 -9999 -9999 -9999 -9999 -9999 -9999 -9999 -9999 -9999 -9999 -9999 -9999 -9999 -9999 -9999 -9999 -9999 -9999 -9999 -9999 -9999 -9999 -9999 -9999 -9999 -9999 -9999 -9999 -9999 -9999 -9999 -9999 -9999 -9999 -9999 -9999 -9999 -9999 -9999 -9999 -9999 -9999 -9999 -9999 -9999 -9999 -9999 -9999 -9999 -9999 -9999 -9999 -9999 -9999 -9999 -9999 -9999 -9999 -9999
-9999 -9999 -9999 -9999 -9999 -9999 -9999 -9999 -9999 -9999 -9999 -9999 -9999 -9999 -9999 -9999 -9999 -9999 -9999 -9999 -9999 -9999 -9999 -9999 -9999 -9999 -9999 -9999 -9999 -9999 -9999 -9999 -9999 -9999 -9999 -9999 -9999 -9999 -9999 -9999 -9999 -9999 -9999 -9999 -9999 -9999 -9999 -9999 -9999 -9999 -9999 -9999 -9999 -9999 -9999 -9999 -9999 -9999 -9999 -9999 -9999 -9999 -9999 -9999 -9999 -9999 -9999 -9999 -9999 -9999 -9999 -9999 -9999
-9999 -9999 -9999 -9999 -9999 -9999 -9999 -9999 -9999 -9999 -9999 -9999 -9999 -9999 -9999 -9999 -9999 -9999 -9999 -9999 -9999 -9999 -9999 -9999 -9999 -9999 -9999 -9999 -9999 -9999 -9999 -9999 -9999 -9999 -9999 -9999 -9999 -9999 -9999 -9999 -9999 -9999 -9999 -9999 -9999 -9999 -9999 -9999 -9999 -9999 -9999 -9999 -9999 -9999 -9999 -9999 -9999 -9999 -9999 -9999 -9999 -9999 -9999 -9999 -9999 -9999 -9999 -9999 -9999 -9999 -9999 -9999 -9999
-9999 -9999 -9999 -9999 -9999 -9999 -9999 -9999 -9999 -9999 -9999 -9999 -9999 -9999 -9999 -9999 -9999 -9999 -9999 -9999 -9999 -9999 -9999 -9999 -9999 -9999 -9999 -9999 -9999 -9999 -9999 -9999 -9999 -9999 -9999 -9999 -9999 -9999 -9999 -9999 -9999 -9999 -9999 -9999 -9999 -9999 -9999 -9999 -9999 -9999 -9999 -9999 -9999 -9999 -9999 -9999 -9999 -9999 -9999 -9999 -9999 -9999 -9999 -9999 -9999 -9999 -9999 -9999 -9999 -9999 -9999 -9999 -9999
-9999 -9999 -9999 -9999 -9999 -9999 -9999 -9999 -9999 -9999 -9999 -9999 -9999 -9999 -9999 -9999 -9999 -9999 -9999 -9999 -9999 -9999 -9999 -9999 -9999 -9999 -9999 -9999 -9999 -9999 -9999 -9999 -9999 -9999 -9999 -9999 -9999 -9999 -9999 -9999 -9999 -9999 -9999 -9999 -9999 -9999 -9999 -9999 -9999 -9999 -9999 -9999 -9999 -9999 -9999 -9999 -9999 -9999 -9999 -9999 -9999 -9999 -9999 -9999 -9999 -9999 -9999 -9999 -9999 -9999 -9999 -9999 -9999
-9999 -9999 -9999 -9999 -9999 -9999 -9999 -9999 -9999 -9999 -9999 -9999 -9999 -9999 -9999 -9999 -9999 -9999 -9999 -9999 -9999 -9999 -9999 -9999 -9999 -9999 -9999 -9999 -9999 -9999 -9999 -9999 -9999 -9999 -9999 -9999 -9999 -9999 -9999 -9999 -9999 -9999 -9999 -9999 -9999 -9999 -9999 -9999 -9999 -9999 -9999 -9999 -9999 -9999 -9999 -9999 -9999 -9999 -9999 -9999 -9999 -9999 -9999 -9999 -9999 -9999 -9999 -9999 -9999 -9999 -9999 -9999 -9999
-9999 -9999 -9999 -9999 -9999 -9999 -9999 -9999 -9999 -9999 -9999 -9999 -9999 -9999 -9999 -9999 -9999 -9999 -9999 -9999 -9999 -9999 -9999 -9999 -9999 -9999 -9999 -9999 -9999 -9999 -9999 -9999 -9999 -9999 -9999 -9999 -9999 -9999 -9999 -9999 -9999 -9999 -9999 -9999 -9999 -9999 -9999 -9999 -9999 -9999 -9999 -9999 -9999 -9999 -9999 -9999 -9999 -9999 -9999 -9999 -9999 -9999 -9999 -9999 -9999 -9999 -9999 -9999 -9999 -9999 -9999 -9999 -9999
-9999 -9999 -9999 -9999 -9999 -9999 -9999 -9999 -9999 -9999 -9999 -9999 -9999 -9999 -9999 -9999 -9999 -9999 -9999 -9999 -9999 -9999 -9999 -9999 -9999 -9999 -9999 -9999 -9999 -9999 -9999 -9999 -9999 -9999 -9999 -9999 -9999 -9999 -9999 -9999 -9999 0.01954 -9999 -9999 -9999 -9999 -9999 -9999 -9999 -9999 -9999 -9999 -9999 -9999 -9999 -9999 -9999 -9999 -9999 -9999 -9999 -9999 -9999 -9999 -9999 -9999 -9999 -9999 -9999 -9999 -9999 -9999 -9999
0.02821 0.02912 0.03046 0.03159 0.03450 0.03650 0.03651 0.03421 0.03354 0.03392 0.03465 0.03497 0.04179 -9999 -9999 -9999 -9999 -9999 -9999 -9999 -9999 -9999 -9999 -9999 -9999 -9999 -9999 -9999 -9999 -9999 -9999 -9999 -9999 -9999 -9999 -9999 0.02163 0.02190 0.02116 0.02067 0.01935 0.01988 0.01945 -9999 -9999 -9999 0.01946 -9999 -9999 -9999 0.02161 0.02190 0.02241 -9999 -9999 -9999 -9999 -9999 -9999 -9999 -9999 -9999 -9999 -9999 -9999 -9999 -9999 -9999 -9999 -9999 -9999 -9999 -9999
0.03522 0.03760 0.03930 0.03953 0.03997 0.04124 0.03948 0.03899 0.03896 0.04064 0.04145 0.04229 0.03822 0.03678 0.03670 0.03589 0.03568 0.03342 0.02976 -9999 -9999 -9999 -9999 -9999 0.02501 0.02490 0.02506 0.02523 0.02422 0.02435 0.02331 0.02292 0.02304 0.02246 0.02312 0.02264 0.02160 0.02181 0.02073 0.02105 0.01969 0.01951 0.01997 0.01993 0.01919 0.01938 0.01982 0.01991 0.02012 0.02040 0.02123 0.02123 0.02164 0.02245 0.02273 0.02301 0.02203 0.02152 -9999 -9999 -9999 -9999 -9999 -9999 -9999 -9999 -9999 -9999 -9999 -9999 -9999 -9999 -9999
0.04411 0.04284 0.04210 0.04162 0.04063 0.03910 0.03696 0.03784 0.03877 0.04067 0.04134 0.04253 0.03814 0.03783 0.03645 0.03540 0.03512 0.03261 0.02993 0.02749 0.02606 0.02435 0.02469 0.02485 0.02622 0.02607 0.02643 0.02614 0.02506 0.02508 0.02398 0.02311 0.02292 0.02241 0.02309 0.02266 0.02269 0.02249 0.02189 0.02174 0.02081 0.02086 0.02048 0.01995 0.01975 0.01974 0.01984 0.02015 0.02036 0.02059 0.02077 0.02139 0.02197 0.02245 0.02200 0.02211 0.02181 0.02127 0.02142 0.02159 0.02120 0.02144 0.02124 0.02034 0.01912 0.01841 -9999 -9999 -9999 -9999 -9999 -9999 -9999
0.04106 0.03836 0.03900 0.03622 0.03193 0.03164 0.03807 0.04310 0.04410 0.04315 0.04426 0.04271 0.04122 0.03988 0.03870 0.03732 0.03592 0.03368 0.03050 0.02810 0.02671 0.02564 0.02470 0.02475 0.02589 0.02677 0.02700 0.02679 0.02607 0.02562 0.02455 0.02416 0.02349 0.02305 0.02333 0.02278 0.02256 0.02242 0.02199 0.02127 0.02098 0.02093 0.02024 0.02001 0.01962 0.01997 0.02001 0.02006 0.02013 0.02026 0.02040 0.02127 0.02136 0.02159 0.02152 0.02150 0.02085 0.02067 0.02126 0.02128 0.02071 0.02085 0.02055 0.02002 0.01930 0.01842 -9999 0.01801 -9999 -9999 -9999 -9999 -9999
0.03677 0.03770 0.03670 0.03176 0.03363 0.03867 0.04700 0.04470 0.04624 0.04743 0.04127 0.04035 0.04019 0.03967 0.03833 0.03694 0.03590 0.03435 0.03106 0.02905 0.02793 0.02658 0.02603 0.02542 0.02561 0.02618 0.02666 0.02677 0.02593 0.02602 0.02517 0.02472 0.02476 0.02413 0.02352 0.02293 0.02265 0.02204 0.02178 0.02169 0.02108 0.02113 0.02059 0.02039 0.02004 0.02017 0.02016 0.01993 0.02009 0.02006 0.02036 0.02059 0.02071 0.02109 0.02106 0.02107 0.02085 0.02074 0.02083 0.02055 0.02074 0.02062 0.02049 0.02030 0.01917 0.01850 0.01795 -9999 -9999 -9999 -9999 -9999 -9999
0.03661 0.03720 0.03292 0.03027 0.02993 0.02966 0.02948 0.02629 0.02772 0.03038 0.03259 0.03456 0.04050 0.03966 0.03823 0.03692 0.03565 0.03313 0.03054 0.02975 0.02865 0.02794 0.02661 0.02584 0.02568 0.02580 0.02580 0.02632 0.02571 0.02600 0.02513 0.02479 0.02482 0.02443 0.02412 0.02306 0.02267 0.02203 0.02181 0.02133 0.02118 0.02115 0.02104 0.02088 0.02033 0.02059 0.02060 0.02036 0.01999 0.02003 0.02061 0.02094 0.02050 0.02039 0.02050 0.02041 0.02031 0.02036 0.02061 0.02032 0.02074 0.02045 0.02049 0.01920 0.01929 0.01833 0.01828 0.01811 -9999 -9999 -9999 -9999 -9999
0.03427 0.02859 0.02427 0.02309 0.02278 0.02256 0.02157 0.01872 0.01785 0.02102 0.02912 0.03278 0.04118 0.04045 0.03978 0.03622 0.03432 0.03243 0.03017 0.02865 0.02864 0.02765 0.02670 0.02578 0.02483 0.02504 0.02526 0.02536 0.02546 0.02561 0.02577 0.02534 0.02510 0.02444 0.02392 0.02353 0.02279 0.02152 0.02117 0.02111 0.02096 0.02153 0.02156 0.02136 0.02098 0.02122 0.02103 0.02089 0.02047 0.02076 0.02044 0.02058 0.02061 0.02087 0.02049 0.02047 0.02098 0.02096 0.02083 0.02068 0.02063 0.01992 0.01961 0.01914 0.01866 0.01797 0.01760 0.01736 0.01720 0.01674 0.01626 0.01588 -9999
0.02789 0.02619 0.02534 0.02685 0.02844 0.02884 0.02810 0.02480 0.02548 0.03068 0.03874 0.03919 0.04300 0.04157 0.03949 0.03402 0.03175 0.03247 0.03013 0.02884 0.02788 0.02771 0.02668 0.02604 0.02513 0.02518 0.02529 0.02591 0.02645 0.02583 0.02579 0.02571 0.02542 0.02526 0.02433 0.02370 0.02279 0.02242 0.02137 0.02148 0.02192 0.02222 0.02240 0.02245 0.02188 0.02177 0.02161 0.02169 0.02127 0.02114 0.02083 0.02089 0.02150 0.02117 0.02137 0.02111 0.02101 0.02095 0.02026 0.02053 0.02089 0.01958 0.01990 0.01897 0.01862 0.01827 0.01807 0.01747 0.01687 0.01680 0.01610 0.01586 0.01544
0.04985 0.05186 0.04844 0.04697 0.04974 0.04638 0.03595 0.02656 0.03476 0.04146 0.05114 0.05044 0.04535 0.04252 0.04142 0.03417 0.03223 0.03288 0.03081 0.02961 0.02780 0.02694 0.02622 0.02594 0.02595 0.02542 0.02600 0.02594 0.02633 0.02644 0.02674 0.02639 0.02640 0.02621 0.02599 0.02527 0.02493 0.02450 0.02319 0.02313 0.02319 0.02353 0.02325 0.02327 0.02379 0.02336 0.02349 0.02271 0.02248 0.02213 0.02186 0.02169 0.02214 0.02232 0.02218 0.02187 0.02194 0.02204 0.02168 0.02158 0.02096 0.02037 0.01986 0.01940 0.01888 0.01874 0.01809 0.01796 0.01731 0.01687 0.01666 0.01598 0.01525
0.06022 0.06106 0.05587 0.05476 0.05553 0.05651 0.05353 0.05030 0.05386 0.05669 0.05095 0.05017 0.04566 0.04193 0.04156 0.03446 0.03436 0.03369 0.03107 0.02983 0.02809 0.02735 0.02686 0.02660 0.02591 0.02687 0.02687 0.02656 0.02675 0.02645 0.02717 0.02713 0.02677 0.02695 0.02672 0.02652 0.02608 0.02565 0.02464 0.02466 0.02469 0.02507 0.02532 0.02517 0.02528 0.02464 0.02415 0.02423 0.02355 0.02280 0.02242 0.02292 0.02295 0.02270 0.02234 0.02247 0.02265 0.02226 0.02207 0.02185 0.02073 0.02058 0.02023 0.01978 0.01932 0.01902 0.01857 0.01823 0.01774 0.01711 0.01671 0.01635 0.01576
0.04569 0.04128 0.04716 0.04522 0.05371 0.05968 0.06007 0.06324 0.06640 0.06141 0.05667 0.05608 0.04495 0.04252 0.04017 0.03576 0.03492 0.03307 0.03107 0.03154 0.02748 0.02850 0.02762 0.02746 0.02843 0.02866 0.02970 0.02971 0.02994 0.02958 0.03039 0.03025 0.02936 0.02880 0.02931 0.02873 0.02857 0.02837 0.02736 0.02713 0.02643 0.02632 0.02623 0.02647 0.02658 0.02651 0.02601 0.02496 0.02425 0.02370 0.02325 0.02333 0.02360 0.02350 0.02330 0.02320 0.02249 0.02211 0.02327 0.02204 0.02190 0.02136 0.02087 0.02038 0.01957 0.01914 0.01883 0.01869 0.01817 0.01766 0.01715 0.01695 0.01659
0.05853 0.05821 0.05375 0.04374 0.04112 0.04330 0.05225 0.06142 0.06269 0.05888 0.04821 0.04181 0.04689 0.04457 0.04282 0.04039 0.04079 0.03778 0.03529 0.03387 0.03125 0.03047 0.02992 0.02914 0.03024 0.03015 0.03207 0.03167 0.03253 0.03203 0.03173 0.03163 0.03161 0.03091 0.03065 0.03077 0.02997 0.03000 0.02921 0.02945 0.02799 0.02810 0.02749 0.02741 0.02730 0.02713 0.02649 0.02567 0.02455 0.02384 0.02343 0.02365 0.02396 0.02408 0.02361 0.02386 0.02360 0.02353 0.02351 0.02244 0.02214 0.02187 0.02122 0.02056 0.01985 0.01977 0.01966 0.01916 0.01867 0.01886 0.01816 0.01792 0.01748
0.06316 0.05915 0.05765 0.05125 0.04610 0.04540 0.03651 0.03582 0.04539 0.05705 0.05021 0.04401 0.04479 0.04517 0.04285 0.04353 0.04283 0.04047 0.03687 0.03547 0.03297 0.03174 0.03200 0.03245 0.03338 0.03446 0.03585 0.03485 0.03563 0.03485 0.03502 0.03400 0.03362 0.03283 0.03304 0.03278 0.03246 0.03235 0.03118 0.03104 0.03016 0.02967 0.02915 0.02874 0.02931 0.02881 0.02778 0.02735 0.02561 0.02506 0.02433 0.02460 0.02445 0.02451 0.02485 0.02470 0.02434 0.02367 0.02417 0.02352 0.02309 0.02262 0.02200 0.02171 0.02076 0.02028 0.02012 0.02003 0.01968 0.01959 0.01927 0.01880 0.01819
0.05861 0.05581 0.05635 0.05675 0.05491 0.05684 0.05178 0.04521 0.04496 0.03738 0.03605 0.04120 0.04572 0.04479 0.04490 0.04644 0.04627 0.04459 0.04140 0.03881 0.03542 0.03425 0.03487 0.03582 0.03748 0.03809 0.04045 0.03921 0.04041 0.03907 0.03850 0.03731 0.03693 0.03610 0.03610 0.03572 0.03561 0.03587 0.03427 0.03440 0.03210 0.03201 0.03137 0.03085 0.03113 0.03042 0.02953 0.02890 0.02706 0.02595 0.02539 0.02542 0.02590 0.02568 0.02538 0.02538 0.02552 0.02497 0.02466 0.02478 0.02426 0.02377 0.02343 0.02272 0.02194 0.02185 0.02165 0.02116 0.02086 0.02054 0.02061 0.02014 0.01954
0.05249 0.04705 0.04885 0.04740 0.04592 0.04499 0.04639 0.05296 0.05471 0.05785 0.05287 0.03993 0.05105 0.05067 0.05149 0.04988 0.04900 0.04822 0.04697 0.04487 0.03905 0.03834 0.03872 0.03994 0.04276 0.04386 0.04563 0.04571 0.04401 0.04223 0.04036 0.03996 0.03902 0.03827 0.03765 0.03746 0.03686 0.03740 0.03651 0.03660 0.03495 0.03393 0.03381 0.03295 0.03281 0.03234 0.03144 0.03025 0.02883 0.02853 0.02744 0.02664 0.02710 0.02637 0.02682 0.02704 0.02615 0.02710 0.02616 0.02606 0.02588 0.02580 0.02472 0.02448 0.02354 0.02329 0.02251 0.02246 0.02280 0.02224 0.02187 0.02138 0.02080
0.05274 0.04353 0.04022 0.04220 0.04450 0.04368 0.05486 0.05635 0.05182 0.05467 0.05412 0.06011 0.05287 0.05374 0.05662 0.05589 0.05624 0.05238 0.05076 0.04793 0.04549 0.04395 0.04309 0.04444 0.04665 0.04786 0.04912 0.05016 0.04762 0.04593 0.04383 0.04331 0.04269 0.04168 0.04086 0.04079 0.04011 0.04016 0.03924 0.03899 0.03790 0.03708 0.03625 0.03529 0.03554 0.03516 0.03396 0.03294 0.03143 0.03112 0.02952 0.02931 0.02891 0.02811 0.02803 0.02771 0.02750 0.02788 0.02759 0.02763 0.02751 0.02740 0.02700 0.02645 0.02548 0.02475 0.02485 0.02498 0.02397 0.02366 0.02356 0.02351 0.02305
0.06311 0.05231 0.04939 0.05089 0.04903 0.04393 0.04933 0.05354 0.05153 0.05123 0.05323 0.05503 0.05146 0.05376 0.05523 0.05628 0.05575 0.05321 0.05143 0.04940 0.04703 0.04625 0.04640 0.04597 0.04846 0.05040 0.05021 0.04982 0.04870 0.04710 0.04509 0.04423 0.04410 0.04371 0.04297 0.04314 0.04290 0.04287 0.04350 0.04371 0.04298 0.04236 0.04224 0.04207 0.04099 0.04013 0.03839 0.03746 0.03614 0.03560 0.03410 0.03255 0.03214 0.03110 0.03113 0.03131 0.03077 0.03140 0.03148 0.03094 0.03019 0.03038 0.02986 0.02870 0.02810 0.02705 0.02771 0.02793 0.02756 0.02763 0.02621 0.02595 0.02538
-9999 0.08379 0.07965 0.06403 0.05581 0.05529 0.05562 0.05095 0.05365 0.05458 0.05380 0.05399 0.05561 0.05383 0.05355 0.05360 0.05866 0.05826 0.05717 0.05367 0.05211 0.05024 0.05097 0.04988 0.05088 0.05146 0.05245 0.05154 0.05029 0.04912 0.04816 0.04752 0.04668 0.04578 0.04587 0.04490 0.04520 0.04508 0.04544 0.04612 0.04615 0.04650 0.04697 0.04654 0.04492 0.04416 0.04303 0.04113 0.04001 0.03923 0.03719 0.03563 0.03499 0.03432 0.03435 0.03435 0.03399 0.03400 0.03436 0.03386 0.03240 0.03293 0.03223 0.03188 0.03039 0.03013 0.03020 0.03024 0.03030 0.02857 0.02875 0.02797 0.02746
-9999 -9999 -9999 0.11438 0.09143 0.07360 0.07329 0.05706 0.05169 0.05085 0.05447 0.05811 0.06327 0.06283 0.05913 0.05882 0.06059 0.06127 0.06128 0.05891 0.05782 0.05624 0.05613 0.05523 0.05391 0.05365 0.05348 0.05370 0.05226 0.05123 0.05077 0.04995 0.04932 0.04831 0.04801 0.04786 0.04644 0.04607 0.04544 0.04599 0.04851 0.04967 0.05190 0.05144 0.05060 0.04907 0.04696 0.04486 0.04277 0.04205 0.03958 0.03832 0.03781 0.03778 0.03742 0.03709 0.03701 0.03683 0.03730 0.03621 0.03577 0.03576 0.03520 0.03589 0.03400 0.03279 0.03189 0.03153 0.03121 0.03065 0.03105 0.02996 0.02965
