data/hydroclimate-scenarios/BCSD_hadcm_B1/monthly_summaries/vpd_monthly_avg_apr.2030-2059.asc
ncols	311
nrows	91
xllcenter	102.75
yllcenter	31.75
cellsize	0.5
NODATA_value	-9999
[rows 33 to 65 of 91, columns 0 to 72 of 311]
-9999 -9999 -9999 -9999 -9999 -9999 -9999 -9999 -9999 -9999 -9999 0.29397 0.28703 0.29098 0.28284 0.27869 0.27544 0.27392 0.27356 0.27636 0.27722 0.28310 0.29234 0.28964 0.28411 0.27956 0.27727 0.29134 0.31223 0.33539 0.32517 0.32252 0.32060 0.33059 0.32750 0.33375 0.32594 0.31252 0.30214 0.27011 0.28008 0.25859 0.26779 0.26544 0.25774 0.25282 0.24949 0.25218 0.25492 0.26295 0.26694 0.28333 0.28637 0.29378 0.30799 0.31303 0.30892 0.30668 0.31410 0.31622 0.31547 0.32074 0.33510 0.34006 0.33233 0.31086 0.29700 0.27738 0.25451 0.22668 0.23142 0.19156 0.20225
-9999 -9999 -9999 -9999 -9999 -9999 -9999 -9999 -9999 -9999 -9999 -9999 0.30386 0.30207 0.29948 0.29615 0.29143 0.29441 0.29717 0.29931 0.29590 0.29197 0.28114 0.27077 0.26545 0.23948 0.25356 0.25646 0.28957 0.30877 0.32170 0.34118 0.33798 0.34340 0.33865 0.33187 0.31713 0.31836 0.30369 0.27948 0.27059 0.26531 0.25751 0.26976 0.26347 0.25479 0.26075 0.26694 0.26968 0.27612 0.28526 0.28239 0.28630 0.30154 0.30244 0.30297 0.30927 0.32168 0.32104 0.33138 0.33947 0.33723 0.32884 0.32293 0.32174 0.31063 0.30565 0.27316 0.22154 0.20284 0.23287 0.21752 0.21646
-9999 -9999 -9999 -9999 -9999 -9999 -9999 -9999 -9999 -9999 -9999 -9999 0.31527 0.31379 0.30913 0.30976 0.31582 0.31169 0.30833 0.30285 0.29974 0.26495 0.25504 0.24714 0.23041 0.25104 0.26874 0.24999 0.28348 0.29128 0.29667 0.30390 0.34542 0.35645 0.35123 0.34334 0.32613 0.32791 0.32134 0.29462 0.28222 0.26249 0.26126 0.26656 0.26891 0.26567 0.26995 0.26993 0.27330 0.26485 0.26762 0.28549 0.28982 0.30401 0.31626 0.31909 0.32602 0.33404 0.33952 0.33754 0.33469 0.30803 0.30091 0.29300 0.30239 0.31934 0.29185 0.27088 0.24175 0.22564 0.20875 0.22005 0.21890
-9999 -9999 -9999 -9999 -9999 -9999 -9999 -9999 -9999 -9999 -9999 -9999 0.32358 0.33582 0.33479 0.32863 0.31982 0.31468 0.30291 0.28968 0.27972 0.26144 0.25952 0.24701 0.25630 0.25069 0.27005 0.29614 0.28782 0.31274 0.32983 0.35687 0.34398 0.34083 0.36376 0.36094 0.35477 0.33656 0.33276 0.31349 0.28040 0.25208 0.26187 0.26414 0.26217 0.24545 0.24697 0.24030 0.24959 0.27660 0.28221 0.28994 0.30380 0.30496 0.32195 0.32757 0.33099 0.33078 0.32300 0.31483 0.31390 0.29240 0.29771 0.30921 0.29464 0.28904 0.27555 0.26015 0.22616 0.22696 0.22183 0.21373 0.20997
-9999 -9999 -9999 0.33701 0.33657 0.33580 0.34254 0.33798 0.33097 -9999 0.33177 0.33069 0.34132 0.34915 0.34465 0.33835 0.32773 0.32405 0.29940 0.28565 0.28439 0.27975 0.28010 0.27408 0.27016 0.28251 0.30693 0.28031 0.28741 0.26533 0.30847 0.35168 0.33514 0.29368 0.33002 0.33807 0.32337 0.31378 0.31669 0.31981 0.30579 0.27381 0.27629 0.27140 0.25147 0.22718 0.21119 0.24321 0.25015 0.25853 0.25876 0.26519 0.26221 0.24549 0.26650 0.24655 0.23956 0.30410 0.27659 0.30812 0.31492 0.29487 0.29207 0.28229 0.28803 0.28285 0.26238 0.24219 0.23456 0.22371 0.21043 0.19733 0.18175
-9999 -9999 -9999 0.35937 0.36279 0.35737 0.34568 0.35161 0.34883 0.34400 0.35621 0.35979 0.34483 0.34473 0.32331 0.31048 0.29732 0.29941 0.29176 0.29217 0.29988 0.28207 0.30627 0.32005 0.29904 0.31070 0.30173 0.29836 0.28316 0.26257 0.29672 0.30508 0.30572 0.28625 0.29884 0.29277 0.29855 0.26560 0.30355 0.27155 0.26331 0.27787 0.27935 0.25546 0.23115 0.20842 0.20903 0.25318 0.23316 0.23084 0.22927 0.23901 0.23097 0.23707 0.27442 0.25098 0.27895 0.28380 0.26154 0.27184 0.28464 0.27330 0.27027 0.27374 0.26643 0.28013 0.26255 0.26778 0.24351 0.22097 0.20104 0.19545 0.17378
-9999 -9999 -9999 0.38256 0.37730 0.35922 0.35494 0.35824 0.37439 0.37829 0.36724 0.35979 0.33631 0.31233 0.28223 0.29826 0.28367 0.28584 0.30577 0.30734 0.29845 0.28503 0.29940 0.28802 0.27032 0.30045 0.30005 0.30023 0.30677 0.25852 0.22695 0.25584 0.29443 0.29691 0.28173 0.28705 0.29912 0.30078 0.30098 0.28456 0.27278 0.27450 0.27913 0.26740 0.26634 0.24017 0.23648 0.23663 0.23964 0.22585 0.21841 0.25730 0.25399 0.25837 0.27813 0.27254 0.28689 0.29363 0.27362 0.27375 0.28972 0.28710 0.29600 0.27000 0.27373 0.26691 0.25580 0.23636 0.20112 0.19035 0.17250 0.18845 0.18577
-9999 -9999 -9999 0.38930 0.41195 0.37310 0.37990 0.36688 0.36530 0.36312 0.37160 0.37392 0.32051 0.29940 0.28765 0.28803 0.27644 0.26584 0.27621 0.29780 0.27357 0.25014 0.23179 0.25390 0.27537 0.30080 0.31873 0.32033 0.26621 0.22923 0.25307 0.33331 0.29250 0.24618 0.24662 0.26749 0.30627 0.34204 0.31549 0.32086 0.30486 0.26461 0.24235 0.25266 0.28978 0.25023 0.23608 0.26460 0.23493 0.24880 0.22679 0.25133 0.25249 0.24117 0.26400 0.26991 0.27932 0.26752 0.25671 0.26012 0.23786 0.27224 0.27670 0.26874 0.25746 0.25820 0.24139 0.22277 0.18688 0.17151 0.19200 0.20982 -9999
-9999 -9999 -9999 0.40920 0.43579 0.38273 0.38265 0.37806 0.35890 0.36672 0.39487 0.35696 0.31238 0.28421 0.25671 0.26679 0.25632 0.27268 0.30714 0.33144 0.29647 0.27740 0.25899 0.30388 0.32132 0.34333 0.37777 0.34787 0.29790 0.26597 0.26217 0.28635 0.26989 0.28289 0.29383 0.30257 0.30307 0.33800 0.34736 0.34308 0.31046 0.28790 0.26889 0.26477 0.28708 0.27829 0.27746 0.27670 0.26672 0.26124 0.25678 0.29157 0.27211 0.24023 0.27784 0.25043 0.28840 0.28308 0.26928 0.23633 0.24503 0.25556 0.26582 0.22972 0.22600 0.24756 0.22870 0.20183 0.18543 0.19738 0.21704 -9999 -9999
-9999 -9999 -9999 -9999 0.39525 0.37530 0.38108 0.35727 0.34880 0.36329 0.40121 0.36889 0.27140 0.31414 -9999 -9999 -9999 -9999 -9999 0.25399 0.25779 0.28590 0.26731 0.24425 0.27505 0.30822 0.37896 0.35679 0.33411 0.34552 0.32544 0.31116 0.29967 0.33013 0.37078 0.37798 0.36000 0.38497 0.37950 0.36989 0.37467 0.35294 0.32746 0.30742 0.31132 0.32248 0.31498 0.27651 0.29687 0.31207 0.28883 0.28953 0.30769 0.26891 0.26144 0.24129 0.23568 0.23840 0.24023 0.25087 0.23939 0.23131 0.23311 0.24033 0.23469 0.22416 0.22851 0.23690 0.24057 -9999 -9999 -9999 -9999
-9999 -9999 0.42193 0.39960 0.39601 0.40189 0.39272 0.34551 0.37892 0.38011 0.40452 0.36772 0.28327 -9999 -9999 -9999 -9999 -9999 0.22278 0.26750 0.26945 0.32097 0.32740 0.29403 0.30511 0.32795 0.39502 0.40639 0.39432 0.39393 0.37169 0.35683 0.36338 0.35943 0.37644 0.41335 0.39448 0.40218 0.39439 0.39100 0.37345 0.38129 0.36571 0.37126 0.38359 0.37474 0.35993 0.35240 0.36867 0.39069 0.37859 0.36738 0.34504 0.34850 0.31326 0.32458 0.29191 0.25920 0.25401 0.29173 0.28614 0.27829 0.26983 0.26118 0.26632 0.26375 0.27049 -9999 -9999 -9999 -9999 -9999 -9999
-9999 -9999 0.42263 0.41701 0.43296 0.42153 0.42915 0.37323 0.38930 0.40767 0.38106 0.35975 0.36054 -9999 -9999 -9999 -9999 0.32422 0.26074 0.31408 0.31365 0.33117 0.33290 0.35379 0.39588 0.43666 0.42745 0.41524 0.42324 0.43240 0.40568 0.36958 0.40256 0.41334 0.40442 0.41339 0.42151 0.42614 0.39560 0.36887 0.39699 0.38104 0.37631 0.39256 0.37747 0.39118 0.40696 0.38302 0.43979 0.41717 0.42441 0.42178 0.40998 0.39608 0.38911 0.41385 0.38303 0.30722 0.28537 0.31840 0.32361 0.28184 0.29866 0.31930 0.32470 -9999 -9999 -9999 -9999 -9999 0.24893 -9999 -9999
-9999 -9999 0.43938 0.40802 0.41643 0.41391 0.42295 0.40276 0.39716 0.39426 0.35951 0.35544 0.45155 -9999 -9999 -9999 -9999 0.28710 0.29970 0.32675 0.33162 0.36736 0.40119 0.42930 0.42385 0.44429 0.41273 0.43258 0.42709 0.42487 0.40462 0.40664 0.40104 0.39526 0.42086 0.40731 0.41016 0.40821 0.39334 0.42341 0.42613 0.44161 0.44791 0.41745 0.42216 0.39230 0.39663 0.38808 0.42132 0.42779 0.46410 0.44074 0.42405 0.40983 0.40126 0.45221 0.43540 0.36716 0.36592 0.36966 0.39788 0.38715 0.37841 0.34992 0.30782 0.29051 0.32328 0.27518 0.28816 -9999 -9999 -9999 0.26358
-9999 -9999 -9999 0.42642 0.41745 0.42472 0.44566 0.45125 0.41843 0.39002 0.42230 0.43378 -9999 -9999 -9999 -9999 0.32510 0.31258 0.35422 0.36693 0.38392 0.43129 0.42150 0.43508 0.43031 0.43113 0.42473 0.42578 0.42648 0.37403 0.38525 0.41272 0.43891 0.44168 0.43877 0.45489 0.47469 0.48178 0.47897 0.48547 0.48300 0.49142 0.48130 0.49048 0.51379 0.46938 0.47922 0.49499 0.48206 0.48558 0.45423 0.44169 0.45089 0.42043 0.39018 0.40046 0.39827 0.35829 0.35631 0.39239 0.39085 0.38246 0.32749 0.24669 0.20626 0.28837 0.32520 0.31210 0.32274 0.31110 -9999 -9999 0.26127
-9999 -9999 -9999 -9999 0.44126 0.44118 0.45435 0.41874 0.40095 0.46262 0.50774 -9999 -9999 -9999 -9999 0.35693 0.33345 0.37416 0.41262 0.41014 0.44119 0.46308 0.45909 0.42788 0.42287 0.46433 0.46739 0.46676 0.43735 0.43418 0.41574 0.47401 0.48776 0.47986 0.44487 0.46661 0.47838 0.49658 0.49280 0.49965 0.48434 0.49254 0.50071 0.52306 0.53992 0.51566 0.50670 0.52034 0.52319 0.51807 0.51512 0.49670 0.46621 0.45932 0.46508 0.48103 0.47885 0.39890 0.39008 0.41313 0.37059 0.32947 0.31743 0.31178 0.27711 0.29749 0.34883 0.36144 0.33278 0.33783 0.32725 0.30517 0.28555
-9999 -9999 -9999 -9999 -9999 -9999 0.44838 0.44505 0.50626 0.52644 0.52583 -9999 -9999 -9999 -9999 -9999 0.39597 0.41705 0.44390 0.43941 0.44483 0.56370 0.46955 0.44573 0.45542 0.49962 0.51257 0.49684 0.49763 0.49065 0.46801 0.48911 0.51538 0.46996 0.47155 0.50833 0.48468 0.46598 0.50673 0.48283 0.48040 0.44947 0.45344 0.50270 0.50186 0.53611 0.54620 0.52814 0.51552 0.51813 0.53268 0.51228 0.51221 0.51148 0.50648 0.50851 0.48870 0.45323 0.42906 0.39951 0.35564 0.33224 0.31524 0.28703 0.25485 0.29136 0.34832 0.39876 0.37887 0.35729 0.32880 0.31451 0.28453
-9999 -9999 -9999 -9999 -9999 -9999 -9999 -9999 -9999 -9999 -9999 -9999 -9999 -9999 -9999 -9999 -9999 -9999 -9999 0.45955 0.46987 0.55051 0.51530 0.50002 0.49597 0.50932 0.49763 0.55384 0.55150 0.50436 0.49482 0.51804 0.48673 0.48736 0.48389 0.49581 0.51490 0.49561 0.49740 0.46670 0.45594 0.46252 0.48307 0.51011 0.51343 0.53571 0.56322 0.54485 0.53541 0.52557 0.52428 0.53529 0.53221 0.55539 0.54176 0.53030 0.50707 0.49013 0.44955 0.41474 0.35053 0.35161 0.32606 0.28256 0.26439 0.34131 0.39758 0.43348 0.40907 0.34951 0.32415 0.31389 0.28472
-9999 -9999 -9999 -9999 -9999 -9999 -9999 -9999 -9999 -9999 -9999 -9999 -9999 -9999 -9999 -9999 -9999 -9999 0.48002 0.47874 0.51586 0.55346 0.55641 0.55258 0.55075 0.54805 0.56262 0.55089 0.53816 0.51536 0.51244 0.49661 0.47996 0.48894 0.49696 0.51813 0.50696 0.51902 0.48745 0.46848 0.46137 0.48243 0.49385 0.49592 0.50243 0.50550 0.54750 0.57253 0.58506 0.56213 0.56419 0.55633 0.56321 0.55654 0.54540 0.56616 0.54410 0.46425 0.42073 0.42581 0.42269 0.41801 0.37660 0.34497 0.31778 0.37760 0.40920 0.43178 0.41233 0.39005 0.35384 0.28651 0.30512
-9999 -9999 -9999 -9999 -9999 -9999 -9999 -9999 -9999 -9999 -9999 -9999 -9999 -9999 -9999 -9999 -9999 0.48707 0.49326 0.53266 0.54448 0.55471 0.55937 0.56694 0.57824 0.57084 0.58232 0.55647 0.51092 0.50075 0.49712 0.51170 0.49760 0.53135 0.53262 0.50482 0.47792 0.49093 0.50756 0.48309 0.47685 0.50521 0.49935 0.52577 0.53697 0.55096 0.56675 0.57080 0.60127 0.59043 0.60010 0.59574 0.57587 0.55277 0.55776 0.56926 0.53767 0.47483 0.44390 0.44902 0.48599 0.43757 0.33655 0.32135 0.38786 0.40737 0.40209 0.42010 0.40778 0.39613 0.33513 0.31896 0.31633
-9999 -9999 -9999 -9999 -9999 -9999 -9999 -9999 -9999 -9999 -9999 -9999 -9999 -9999 -9999 -9999 -9999 0.50258 0.52139 0.48812 0.51993 0.53802 0.56484 0.59083 0.64747 0.60893 0.60409 0.58446 0.56764 0.53051 0.52605 0.53750 0.54682 0.56753 0.53428 0.50234 0.49080 0.49968 0.46681 0.47709 0.49192 0.52886 0.54297 0.57176 0.58068 0.66042 0.66034 0.57903 0.59906 0.62860 0.63552 0.61706 0.60135 0.58391 0.57994 0.56460 0.50470 0.48723 0.49581 0.49445 0.46175 0.40564 0.38921 0.37252 0.32211 0.35021 0.39572 0.35743 0.39753 0.40061 0.36945 0.30583 0.26745
-9999 -9999 -9999 -9999 -9999 -9999 -9999 -9999 -9999 -9999 -9999 -9999 -9999 -9999 -9999 -9999 0.46870 0.46841 0.47470 0.48766 0.54983 0.59629 0.57981 0.63307 0.71362 0.62901 0.64151 0.67618 0.63217 0.56408 0.55867 0.57260 0.57000 0.60213 0.57676 0.55254 0.52039 0.50387 0.48168 0.51638 0.54813 0.55819 0.56724 0.61316 0.63468 0.68398 0.69645 0.59564 0.61704 0.65403 0.65550 0.63471 0.61481 0.61817 0.59818 0.58586 0.56548 0.53214 0.52290 0.47661 0.48416 0.44425 0.39744 0.34036 0.36828 0.37186 0.38128 0.39087 0.41524 0.40157 0.36133 0.30826 0.28116
-9999 -9999 -9999 -9999 -9999 -9999 -9999 -9999 -9999 -9999 -9999 -9999 -9999 0.50063 0.46955 0.47855 0.46136 0.42790 0.46769 0.56286 0.58129 0.55930 0.60087 0.60816 0.60462 0.68767 0.66545 0.67536 0.66632 0.65061 0.63968 0.62829 0.61557 0.61807 0.59798 0.55637 0.55260 0.55569 0.53579 0.54081 0.56242 0.61285 0.64244 0.69677 0.69688 0.68678 0.68409 0.68319 0.67627 0.65350 0.64481 0.63144 0.61050 0.64991 0.63280 0.59904 0.58884 0.58140 0.56544 0.53623 0.52148 0.50899 0.47570 0.45240 0.46469 0.48607 0.46743 0.44374 0.42542 0.39760 0.34933 0.29473 0.27192
-9999 -9999 -9999 -9999 -9999 -9999 -9999 -9999 -9999 -9999 -9999 -9999 0.53278 0.51487 0.49640 0.49949 0.49991 0.50026 0.49772 0.62883 0.58448 0.61367 0.62750 0.62750 0.62768 0.71221 0.70466 0.69699 0.67524 0.67100 0.67190 0.66219 0.65023 0.63672 0.63015 0.59682 0.57883 0.57708 0.55685 0.57937 0.59031 0.64439 0.67397 0.71881 0.71163 0.70671 0.70431 0.70176 0.68952 0.66871 0.65481 0.64683 0.63774 0.65493 0.65344 0.62607 0.61054 0.56927 0.53332 0.52071 0.50977 0.52403 0.50612 0.45908 0.46075 0.48029 0.45734 0.43780 0.41035 0.36351 0.30929 0.29211 0.26068
-9999 -9999 -9999 -9999 -9999 -9999 -9999 -9999 -9999 -9999 -9999 0.44985 0.47873 0.46978 0.51590 0.56593 0.58260 0.58498 0.59056 0.59029 0.60596 0.66927 0.66228 0.66314 0.65696 0.64969 0.64493 0.69386 0.70586 0.71144 0.69170 0.66858 0.66466 0.65170 0.64779 0.59089 0.55559 0.55571 0.58583 0.60633 0.65309 0.67260 0.72350 0.74498 0.73748 0.72302 0.72419 0.71685 0.70392 0.69671 0.68248 0.60589 0.62029 0.61914 0.61680 0.62796 0.63566 0.59470 0.60891 0.60963 0.57419 0.58666 0.55118 0.52596 0.49742 0.48176 0.46022 0.44107 0.39238 0.34127 0.27504 0.24419 0.24085
-9999 -9999 -9999 -9999 -9999 -9999 -9999 -9999 -9999 -9999 0.46924 0.46591 0.53048 0.50712 0.56616 0.60981 0.62409 0.61806 0.60537 0.60744 0.62947 0.68441 0.68119 0.68343 0.67193 0.67076 0.66728 0.73436 0.74015 0.71497 0.71533 0.69816 0.68364 0.67193 0.64007 0.58669 0.56511 0.56990 0.61300 0.63760 0.68578 0.73262 0.78298 0.76503 0.76325 0.76013 0.73858 0.73536 0.72006 0.70418 0.69316 0.61205 0.63597 0.62337 0.62977 0.64497 0.61120 0.60319 0.63532 0.62383 0.59573 0.59166 0.55660 0.52948 0.50281 0.47943 0.45790 0.43267 0.37142 0.30714 0.26573 0.26112 0.23664
-9999 -9999 -9999 -9999 -9999 -9999 -9999 -9999 -9999 0.58211 0.58590 0.57085 0.57033 0.58049 0.60374 0.61536 0.63237 0.64929 0.67256 0.68382 0.69222 0.68387 0.68123 0.70600 0.70426 0.72001 0.73644 0.72367 0.71075 0.70517 0.72126 0.67322 0.65897 0.59934 0.56067 0.54729 0.54313 0.60144 0.63358 0.71987 0.77149 0.81724 0.85717 0.84041 0.83869 0.82096 0.81259 0.74465 0.72816 0.72569 0.70069 0.64932 0.61206 0.54461 0.53257 0.70448 0.70406 0.69641 0.68772 0.64712 0.61730 0.60354 0.57944 0.54296 0.52064 0.47535 0.44773 0.39629 0.34253 0.30626 0.28965 0.27290 0.25205
-9999 -9999 -9999 -9999 -9999 -9999 -9999 -9999 -9999 -9999 0.61342 0.61281 0.61189 0.63542 0.69008 0.66356 0.66112 0.67484 0.67761 0.67466 0.66366 0.68964 0.69945 -9999 -9999 -9999 -9999 -9999 -9999 0.72672 0.72978 0.69160 0.67083 0.61285 0.56296 0.56364 0.56731 0.63807 0.68205 0.75541 0.80822 0.84434 0.86971 0.86925 0.86447 0.83915 0.81485 0.76344 0.73988 0.74384 0.71985 0.67272 0.62651 0.55363 0.54070 0.73121 0.74140 0.71932 0.70704 0.66443 0.63377 0.60461 0.58459 0.54175 0.46707 0.46861 0.41762 0.36895 0.28938 0.28267 0.26044 0.26382 0.24821
-9999 -9999 -9999 -9999 -9999 -9999 -9999 -9999 -9999 -9999 -9999 -9999 0.63606 0.66722 0.67640 0.81665 0.79514 0.79220 0.77371 -9999 -9999 -9999 -9999 -9999 -9999 -9999 -9999 -9999 -9999 -9999 -9999 -9999 -9999 0.66964 0.59054 0.61280 0.62722 0.69052 0.76101 0.81653 0.83828 0.87734 0.87940 0.89035 0.88145 0.87446 0.85295 0.82134 0.81151 0.76323 0.73900 0.63653 0.62036 0.61888 0.62261 0.72811 0.70195 0.70929 0.69888 0.67508 0.64894 0.59414 0.55783 0.54052 0.50526 0.47146 0.40622 0.36622 0.32142 0.31580 0.29250 0.27543 -9999
-9999 -9999 -9999 -9999 -9999 -9999 -9999 -9999 -9999 -9999 -9999 -9999 -9999 -9999 -9999 -9999 -9999 -9999 -9999 -9999 -9999 -9999 -9999 -9999 -9999 -9999 -9999 -9999 -9999 -9999 -9999 -9999 -9999 -9999 0.64971 0.63759 0.72497 0.74527 0.81168 0.85653 0.86344 0.87065 0.88017 0.89484 0.89055 0.87709 0.85101 0.83837 0.80660 0.77492 0.75568 0.65340 0.63621 0.63071 0.62244 0.74367 0.72294 0.66875 0.66437 0.65282 0.62482 0.57999 0.57214 0.54347 0.52064 0.46110 0.40246 0.35834 0.30707 0.31304 0.30805 -9999 -9999
-9999 -9999 -9999 -9999 -9999 -9999 -9999 -9999 -9999 -9999 -9999 -9999 -9999 -9999 -9999 -9999 -9999 -9999 -9999 -9999 -9999 -9999 -9999 -9999 -9999 -9999 -9999 -9999 -9999 -9999 -9999 -9999 -9999 -9999 0.71166 0.71299 0.69465 0.77745 0.87987 0.95807 0.93228 0.92853 0.92247 0.89141 0.88722 0.86004 0.85882 0.84334 0.81694 0.76993 0.74657 0.71649 0.71223 0.60924 0.61077 0.71061 0.72203 0.70406 0.67514 0.64498 0.62570 0.60810 0.56582 0.52115 0.49428 0.43051 0.40984 0.35455 0.30539 0.31952 -9999 -9999 -9999
-9999 -9999 -9999 -9999 -9999 -9999 -9999 -9999 -9999 -9999 -9999 -9999 -9999 -9999 -9999 -9999 -9999 -9999 -9999 -9999 -9999 -9999 -9999 -9999 -9999 -9999 -9999 -9999 -9999 -9999 -9999 -9999 -9999 -9999 -9999 -9999 -9999 -9999 0.93391 0.96860 0.95883 0.94666 0.92124 0.90197 0.88506 0.88294 0.85740 0.84292 0.82800 0.77277 0.76510 0.74005 0.74251 0.63525 0.62878 0.72434 0.71979 0.70916 0.67996 0.66364 0.61874 0.60328 0.54316 0.50242 0.43203 0.41888 0.38944 0.36678 0.36902 -9999 -9999 -9999 -9999
-9999 -9999 -9999 -9999 -9999 -9999 -9999 -9999 -9999 -9999 -9999 -9999 -9999 -9999 -9999 -9999 -9999 -9999 -9999 -9999 -9999 -9999 -9999 -9999 -9999 -9999 -9999 -9999 -9999 -9999 -9999 -9999 -9999 -9999 -9999 -9999 -9999 -9999 -9999 1.00338 0.99116 0.95020 0.91910 0.92174 0.91376 0.87490 0.85156 0.83119 0.81262 0.78366 0.79623 0.70783 0.73603 0.70440 0.73123 0.67332 0.66077 0.60103 0.64083 0.58519 0.59189 0.56189 0.53547 0.46780 0.45164 0.40986 0.42050 0.41111 -9999 -9999 -9999 -9999 -9999
-9999 -9999 -9999 -9999 -9999 -9999 -9999 -9999 -9999 -9999 -9999 -9999 -9999 -9999 -9999 -9999 -9999 -9999 -9999 -9999 -9999 -9999 -9999 -9999 -9999 -9999 -9999 -9999 -9999 -9999 -9999 -9999 -9999 -9999 -9999 -9999 -9999 -9999 -9999 -9999 -9999 -9999 -9999 0.92221 0.89954 0.87574 0.84477 0.82573 0.82193 0.79757 0.77700 0.63603 0.72480 0.77809 0.70710 0.67068 0.65407 0.63833 0.67251 0.61408 0.55572 0.53309 0.52708 0.45490 0.43328 0.43611 0.45078 -9999 -9999 -9999 -9999 -9999 -9999
