data/hydroclimate-scenarios/BCSD_hadcm_B1/monthly_summaries/vpd_monthly_avg_sep.2030-2059.asc
ncols	311
nrows	91
xllcenter	102.75
yllcenter	31.75
cellsize	0.5
NODATA_value	-9999
[rows 0 to 32 of 91, columns 0 to 72 of 311]
-9999 -9999 -9999 -9999 -9999 -9999 -9999 -9999 -9999 -9999 -9999 -9999 -9999 -9999 -9999 -9999 -9999 -9999 -9999 -9999 -9999 -9999 -9999 -9999 -9999 -9999 -9999 -9999 -9999 -9999 -9999 -9999 -9999 -9999 -9999 -9999 -9999 -9999 -9999 -9999 -9999 -9999 -9999 -9999 -9999 -9999 -9999 -9999 -9999 -9999 -9999 -9999 -9999 -9999 -9999 -9999 -9999 -9999 -9999 -9999 -9999 -9999 -9999 -9999 -9999 -9999 -9999 -9999 -9999 -9999 -9999 -9999 -9999
-9999 -9999 -9999 -9999 -9999 -9999 -9999 -9999 -9999 -9999 -9999 -9999 -9999 -9999 -9999 -9999 -9999 -9999 -9999 -9999 -9999 -9999 -9999 -9999 -9999 -9999 -9999 -9999 -9999 -9999 -9999 -9999 -9999 -9999 -9999 -9999 -9999 -9999 -9999 -9999 -9999 -9999 -9999 -9999 -9999 -9999 -9999 -9999 -9999 -9999 -9999 -9999 -9999 -9999 -9999 -9999 -9999 -9999 -9999 -9999 -9999 -9999 -9999 -9999 -9999 -9999 -9999 -9999 -9999 -9999 -9999 -9999 -9999
-9999 -9999 -9999 -9999 -9999 -9999 -9999 -9999 -9999 -9999 -9999 -9999 -9999 -9999 -9999 -9999 -9999 -9999 -9999 -9999 -9999 -9999 -9999 -9999 -9999 -9999 -9999 -9999 -9999 -9999 -9999 -9999 -9999 -9999 -9999 -9999 -9999 -9999 -9999 -9999 -9999 -9999 -9999 -9999 -9999 -9999 -9999 -9999 -9999 -9999 -9999 -9999 -9999 -9999 -9999 -9999 -9999 -9999 -9999 -9999 -9999 -9999 -9999 -9999 -9999 -9999 -9999 -9999 -9999 -9999 -9999 -9999 -9999
-9999 -9999 -9999 -9999 -9999 -9999 -9999 -9999 -9999 -9999 -9999 -9999 -9999 -9999 -9999 -9999 -9999 -9999 -9999 -9999 -9999 -9999 -9999 -9999 -9999 -9999 -9999 -9999 -9999 -9999 -9999 -9999 -9999 -9999 -9999 -9999 -9999 -9999 -9999 -9999 -9999 -9999 -9999 -9999 -9999 -9999 -9999 -9999 -9999 -9999 -9999 -9999 -9999 -9999 -9999 -9999 -9999 -9999 -9999 -9999 -9999 -9999 -9999 -9999 -9999 -9999 -9999 -9999 -9999 -9999 -9999 -9999 -9999
-9999 -9999 -9999 -9999 -9999 -9999 -9999 -9999 -9999 -9999 -9999 -9999 -9999 -9999 -9999 -9999 -9999 -9999 -9999 -9999 -9999 -9999 -9999 -9999 -9999 -9999 -9999 -9999 -9999 -9999 -9999 -9999 -9999 -9999 -9999 -9999 -9999 -9999 -9999 -9999 -9999 -9999 -9999 -9999 -9999 -9999 -9999 -9999 -9999 -9999 -9999 -9999 -9999 -9999 -9999 -9999 -9999 -9999 -9999 -9999 -9999 -9999 -9999 -9999 -9999 -9999 -9999 -9999 -9999 -9999 -9999 -9999 -9999
-9999 -9999 -9999 -9999 -9999 -9999 -9999 -9999 -9999 -9999 -9999 -9999 -9999 -9999 -9999 -9999 -9999 -9999 -9999 -9999 -9999 -9999 -9999 -9999 -9999 -9999 -9999 -9999 -9999 -9999 -9999 -9999 -9999 -9999 -9999 -9999 -9999 -9999 -9999 -9999 -9999 -9999 -9999 -9999 -9999 -9999 -9999 -9999 -9999 -9999 -9999 -9999 -9999 -9999 -9999 -9999 -9999 -9999 -9999 -9999 -9999 -9999 -9999 -9999 -9999 -9999 -9999 -9999 -9999 -9999 -9999 -9999 -9999
-9999 -9999 -9999 -9999 -9999 -9999 -9999 -9999 -9999 -9999 -9999 -9999 -9999 -9999 -9999 -9999 -9999 -9999 -9999 -9999 -9999 -9999 -9999 -9999 -9999 -9999 -9999 -9999 -9999 -9999 -9999 -9999 -9999 -9999 -9999 -9999 -9999 -9999 -9999 -9999 -9999 -9999 -9999 -9999 -9999 -9999 -9999 -9999 -9999 -9999 -9999 -9999 -9999 -9999 -9999 -9999 -9999 -9999 -9999 -9999 -9999 -9999 -9999 -9999 -9999 -9999 -9999 -9999 -9999 -9999 -9999 -9999 -9999
-9999 -9999 -9999 -9999 -9999 -9999 -9999 -9999 -9999 -9999 -9999 -9999 -9999 -9999 -9999 -9999 -9999 -9999 -9999 -9999 -9999 -9999 -9999 -9999 -9999 -9999 -9999 -9999 -9999 -9999 -9999 -9999 -9999 -9999 -9999 -9999 -9999 -9999 -9999 -9999 -9999 -9999 0.18388 0.18505 0.18582 0.18675 0.18952 0.19199 0.19331 0.19527 0.19711 0.20052 -9999 -9999 -9999 -9999 -9999 -9999 -9999 -9999 -9999 -9999 -9999 -9999 -9999 -9999 -9999 -9999 -9999 -9999 -9999 -9999 -9999
-9999 -9999 -9999 -9999 -9999 -9999 -9999 -9999 -9999 -9999 -9999 -9999 -9999 -9999 -9999 -9999 -9999 -9999 -9999 -9999 -9999 -9999 -9999 -9999 -9999 -9999 -9999 -9999 -9999 -9999 -9999 -9999 -9999 -9999 -9999 -9999 -9999 -9999 0.18640 0.18227 0.18386 0.18822 0.18649 0.19065 0.19351 0.19520 0.19774 0.19867 0.19885 0.20537 0.20512 0.20682 0.20921 0.21509 -9999 -9999 -9999 -9999 -9999 -9999 -9999 -9999 -9999 -9999 -9999 -9999 -9999 -9999 -9999 -9999 -9999 -9999 -9999
-9999 -9999 -9999 -9999 -9999 -9999 -9999 -9999 -9999 -9999 -9999 -9999 -9999 -9999 -9999 -9999 -9999 -9999 -9999 -9999 -9999 -9999 -9999 -9999 -9999 -9999 -9999 -9999 -9999 -9999 -9999 -9999 -9999 -9999 -9999 -9999 -9999 -9999 -9999 -9999 0.19172 0.19388 0.18902 0.19065 0.19365 0.19232 0.19770 0.20340 0.20513 0.20483 0.20693 0.21233 0.21339 0.22133 -9999 -9999 -9999 -9999 -9999 -9999 -9999 -9999 -9999 -9999 -9999 -9999 -9999 -9999 -9999 -9999 -9999 -9999 -9999
-9999 -9999 -9999 -9999 -9999 -9999 -9999 -9999 -9999 -9999 -9999 -9999 -9999 -9999 -9999 -9999 -9999 -9999 -9999 -9999 -9999 -9999 -9999 -9999 -9999 -9999 -9999 -9999 -9999 -9999 -9999 -9999 -9999 -9999 -9999 -9999 -9999 -9999 -9999 -9999 -9999 -9999 -9999 -9999 0.20259 0.20292 0.19889 0.20002 0.20554 0.20853 0.21080 0.20575 0.21842 0.22590 -9999 -9999 -9999 -9999 -9999 -9999 0.24076 -9999 -9999 -9999 -9999 -9999 -9999 -9999 -9999 -9999 -9999 -9999 -9999
-9999 -9999 -9999 -9999 -9999 -9999 -9999 -9999 -9999 -9999 -9999 -9999 -9999 -9999 -9999 -9999 -9999 -9999 -9999 -9999 -9999 -9999 -9999 -9999 -9999 -9999 -9999 -9999 -9999 -9999 -9999 -9999 -9999 -9999 -9999 -9999 -9999 -9999 -9999 -9999 -9999 0.19600 0.19729 0.20056 0.20320 0.20760 0.20570 0.20175 0.20974 0.21195 0.21112 0.20952 0.21837 0.22295 -9999 -9999 -9999 -9999 -9999 0.24956 0.24926 0.25509 0.25570 0.25832 0.25949 0.25989 0.26091 0.26128 0.25972 0.26008 0.25956 0.25403 0.25235
-9999 -9999 -9999 -9999 -9999 -9999 -9999 -9999 -9999 -9999 -9999 -9999 -9999 -9999 -9999 -9999 -9999 -9999 -9999 -9999 -9999 -9999 -9999 -9999 -9999 -9999 -9999 -9999 -9999 -9999 -9999 -9999 -9999 -9999 -9999 -9999 -9999 -9999 -9999 -9999 -9999 0.20432 0.20367 0.20914 0.21713 0.21724 0.22020 0.21696 0.21715 0.21845 0.21890 0.21093 0.21063 0.21781 0.22596 0.22349 0.23618 -9999 0.25480 0.25999 0.26178 0.26386 0.26542 0.26283 0.26330 0.26408 0.26911 0.26823 0.26866 0.26724 0.26551 0.26382 0.26170
-9999 -9999 -9999 -9999 -9999 -9999 -9999 -9999 -9999 -9999 -9999 -9999 -9999 -9999 -9999 -9999 -9999 -9999 -9999 -9999 -9999 -9999 -9999 -9999 -9999 -9999 -9999 -9999 -9999 -9999 -9999 -9999 -9999 -9999 -9999 0.21699 0.21547 0.21079 0.21017 0.21387 0.21673 0.21851 0.21642 0.22166 0.22385 0.22534 0.22962 0.22619 0.22484 0.21981 0.21787 0.21075 0.20159 0.21077 0.21479 0.21470 0.23131 0.24545 0.25660 0.26679 0.26894 0.27081 0.27197 0.25153 0.25736 0.26836 0.26907 0.27026 0.27417 0.27015 0.27000 0.26725 0.26220
-9999 -9999 -9999 -9999 -9999 -9999 -9999 -9999 -9999 -9999 -9999 -9999 -9999 -9999 -9999 -9999 -9999 -9999 -9999 -9999 -9999 -9999 -9999 -9999 -9999 -9999 -9999 -9999 -9999 -9999 -9999 -9999 -9999 -9999 0.22947 0.22182 0.22079 0.21935 0.22101 0.22296 0.22127 0.22605 0.22534 0.22660 0.22756 0.23040 0.23203 0.22769 0.22109 0.21139 0.20394 0.20615 0.19689 0.19519 0.20219 0.21629 0.23430 0.24771 0.26627 0.27572 0.27179 0.26493 0.26206 0.25118 0.27354 0.27758 0.27270 0.26608 0.24911 0.25521 0.24344 0.24069 0.23848
-9999 -9999 -9999 -9999 -9999 -9999 -9999 -9999 -9999 -9999 -9999 -9999 -9999 -9999 -9999 -9999 -9999 -9999 -9999 -9999 -9999 -9999 -9999 -9999 -9999 -9999 -9999 -9999 -9999 -9999 -9999 -9999 -9999 0.23260 0.23393 0.22982 0.23243 0.22792 0.23075 0.23044 0.23080 0.22859 0.23346 0.23464 0.23414 0.23785 0.23323 0.23068 0.21715 0.20591 0.19830 0.18996 0.18573 0.19318 0.20870 0.22221 0.22836 0.25482 0.27116 0.27319 0.26695 0.27579 0.28390 0.28643 0.28345 0.27751 0.26841 0.26239 0.25832 0.25569 0.24892 0.24958 0.24655
-9999 -9999 -9999 -9999 -9999 -9999 -9999 -9999 -9999 -9999 -9999 -9999 -9999 -9999 -9999 -9999 -9999 -9999 -9999 -9999 -9999 -9999 -9999 -9999 -9999 -9999 -9999 -9999 -9999 -9999 -9999 0.24989 0.24619 0.24178 0.24295 0.24028 0.24309 0.24185 0.23863 0.23926 0.23901 0.23717 0.23993 0.24139 0.23747 0.23431 0.23645 0.23711 0.22368 0.21591 0.20638 0.19790 0.18546 0.19469 0.20741 0.22566 0.24709 0.25553 0.24800 0.26212 0.27612 0.28667 0.28688 0.29727 0.29160 0.27883 0.27517 0.27937 0.27462 0.25148 0.24163 0.23561 0.25206
-9999 -9999 -9999 -9999 -9999 -9999 -9999 -9999 -9999 -9999 -9999 -9999 -9999 -9999 -9999 -9999 -9999 -9999 -9999 -9999 -9999 -9999 -9999 -9999 -9999 -9999 -9999 -9999 -9999 0.26035 0.26024 0.25132 0.25289 0.24805 0.25094 0.24870 0.24923 0.24762 0.24655 0.24810 0.24520 0.24511 0.24866 0.24570 0.24474 0.23699 0.23775 0.23444 0.21439 0.20527 0.19958 0.19114 0.18767 0.19958 0.20502 0.22119 0.24666 0.25008 0.26381 0.28491 0.28726 0.28914 0.28682 0.28973 0.29600 0.28901 0.27151 0.26079 0.25692 0.25492 0.25996 0.23732 0.20577
-9999 -9999 -9999 -9999 -9999 -9999 -9999 -9999 -9999 -9999 -9999 -9999 -9999 -9999 -9999 -9999 -9999 -9999 -9999 -9999 -9999 -9999 -9999 -9999 0.24829 0.24953 0.25469 0.26106 0.26307 0.25862 0.25646 0.25973 0.25959 0.25877 0.25467 0.26016 0.25590 0.25083 0.25249 0.25030 0.25263 0.25093 0.25273 0.25673 0.25549 0.24853 0.24890 0.23133 0.21600 0.21250 0.21190 0.18977 0.19227 0.21237 0.22790 0.23950 0.25387 0.26445 0.26585 0.28276 0.29652 0.29990 0.30487 0.30773 0.30744 0.29194 0.29648 0.29278 0.28578 0.26795 0.23483 0.23089 0.21528
-9999 -9999 -9999 -9999 -9999 -9999 0.25446 0.25923 0.26161 0.26503 0.26296 -9999 -9999 -9999 -9999 -9999 -9999 -9999 -9999 -9999 -9999 0.24734 0.24157 0.24487 0.24536 0.24633 0.25272 0.25818 0.25671 0.26408 0.26603 0.26930 0.26164 0.26304 0.26089 0.26324 0.26082 0.26136 0.26050 0.25687 0.25984 0.25737 0.26209 0.26424 0.26333 0.25602 0.25769 0.24149 0.22649 0.21721 0.20834 0.20403 0.19742 0.21507 0.24058 0.25473 0.25810 0.26809 0.28438 0.29858 0.30118 0.30272 0.29213 0.28871 0.28270 0.30774 0.31051 0.29386 0.28734 0.28733 0.27443 0.24634 0.23163
-9999 -9999 -9999 -9999 -9999 0.26326 0.25993 0.25286 0.26213 0.25868 0.26022 0.24882 0.25162 0.24654 -9999 -9999 -9999 0.25370 0.25016 0.25182 0.24813 0.24878 0.24863 0.25250 0.24717 0.25419 0.25554 0.26658 0.26382 0.26533 0.27077 0.27200 0.27357 0.27631 0.27262 0.27173 0.26934 0.26857 0.27019 0.26954 0.27260 0.26715 0.26955 0.27419 0.27136 0.26697 0.25339 0.23546 0.22637 0.22211 0.21596 0.21406 0.21922 0.23629 0.24860 0.25598 0.25905 0.27366 0.29966 0.29593 0.30180 0.29766 0.29286 0.29966 0.28274 0.26608 0.27197 0.27179 0.28181 0.27250 0.27175 0.25017 0.24333
-9999 0.27233 0.27211 0.27535 0.26853 0.26937 0.26401 0.26337 0.26350 0.26504 0.25975 0.25612 0.25451 0.25426 0.25841 0.26521 0.27163 0.26010 0.25564 0.26054 0.26071 0.26096 0.25887 0.26413 0.26793 0.26492 0.26490 0.27354 0.26933 0.27532 0.28378 0.28423 0.28587 0.28717 0.28685 0.28184 0.27980 0.28151 0.28018 0.28118 0.28290 0.28155 0.28093 0.28530 0.28281 0.27740 0.26542 0.25097 0.24069 0.23685 0.22891 0.21768 0.22464 0.22177 0.23350 0.24466 0.25895 0.28922 0.28685 0.29331 0.30707 0.29455 0.28188 0.28475 0.27192 0.27189 0.28389 0.26922 0.28268 0.26458 0.24496 0.22811 0.22946
-9999 0.27282 0.28096 0.28143 0.28395 0.28554 0.28276 0.28327 0.28096 0.27532 0.27477 0.26868 0.26006 0.26320 0.26254 0.26330 0.26220 0.25877 0.26295 0.26702 0.26329 0.26376 0.26520 0.27671 0.27708 0.28252 0.28376 0.28065 0.28428 0.28977 0.29002 0.29304 0.29511 0.29687 0.29418 0.29793 0.29624 0.29647 0.29746 0.29388 0.29319 0.29705 0.29764 0.29852 0.29943 0.29575 0.28991 0.27463 0.26300 0.25053 0.24931 0.23167 0.23436 0.21739 0.22129 0.24598 0.26034 0.27639 0.28651 0.28357 0.29438 0.28825 0.28131 0.29046 0.27960 0.27584 0.26931 0.27523 0.27260 0.26928 0.26705 0.24718 0.23067
-9999 -9999 -9999 0.27999 0.27880 0.29176 0.29001 0.28756 0.28796 0.29262 0.28522 0.28910 0.28578 0.28344 0.27350 0.27693 0.27588 0.28232 0.27663 0.27476 0.27275 0.27293 0.27426 0.28046 0.28743 0.29075 0.29452 0.29557 0.30483 0.30394 0.30664 0.30519 0.30536 0.30957 0.30769 0.31213 0.30795 0.30825 0.30820 0.30880 0.30669 0.30855 0.31145 0.31084 0.31122 0.30988 0.30360 0.28931 0.28156 0.27321 0.26031 0.24752 0.23557 0.22694 0.23735 0.24146 0.26349 0.27293 0.27059 0.27712 0.29693 0.27908 0.27590 0.27761 0.28350 0.28251 0.28949 0.27609 0.26623 0.26149 0.25755 0.25434 0.25094
-9999 -9999 -9999 -9999 -9999 -9999 0.29856 0.30072 0.29698 0.30089 0.30285 0.29658 0.29600 0.29923 0.29712 0.29477 0.29055 0.28802 0.29315 0.29445 0.29099 0.28579 0.28958 0.29595 0.29797 0.29604 0.30339 0.31764 0.31755 0.31568 0.31721 0.31452 0.31506 0.32180 0.32249 0.32501 0.32102 0.32016 0.31800 0.31352 0.31577 0.32121 0.32168 0.32504 0.32259 0.32521 0.32317 0.29640 0.29445 0.27850 0.25651 0.23993 0.23714 0.25945 0.24913 0.24640 0.25896 0.25560 0.24998 0.26399 0.25971 0.26191 0.26067 0.25843 0.27038 0.26743 0.28396 0.27384 0.26598 0.26379 0.25681 0.25499 0.25927
-9999 -9999 -9999 -9999 -9999 -9999 0.30967 0.30852 0.31182 0.30410 0.30741 0.30752 0.30940 0.31324 0.30974 0.30353 0.30304 0.29822 0.29766 0.29752 0.29673 0.29588 0.29621 0.30222 0.30314 0.31466 0.32645 0.32771 0.33061 0.32867 0.32672 0.33024 0.32784 0.33173 0.33145 0.33497 0.34047 0.33723 0.33483 0.32584 0.32722 0.32859 0.33177 0.33050 0.33601 0.33103 0.33483 0.33174 0.32531 0.31523 0.29521 0.28603 0.27676 0.27182 0.27414 0.29387 0.28478 0.27217 0.28244 0.27384 0.25160 0.25541 0.25752 0.26443 0.26131 0.27900 0.28282 0.28148 0.28008 0.27470 0.25764 0.25769 0.25636
-9999 -9999 -9999 -9999 -9999 -9999 -9999 -9999 -9999 -9999 0.32900 0.31520 0.31515 0.32775 0.32001 0.31176 0.30866 0.30767 0.31301 0.30686 0.30601 0.30495 0.30797 0.31133 0.31631 0.31690 0.32276 0.33737 0.34086 0.33923 0.33998 0.34265 0.34048 0.34375 0.34509 0.35437 0.35319 0.35349 0.35401 0.34456 0.34696 0.34393 0.34704 0.34458 0.34390 0.34305 0.34180 0.34564 0.34832 0.34684 0.34645 0.35028 0.34399 0.34834 0.35191 0.35572 0.35327 0.34373 0.33979 0.33261 0.33366 0.31824 0.31667 0.29908 0.29261 0.30887 0.30498 0.30149 0.29054 0.28967 0.27485 0.25260 0.24587
-9999 -9999 -9999 -9999 -9999 -9999 -9999 -9999 -9999 -9999 0.34975 0.34127 0.32720 0.33851 0.33429 0.32321 0.31753 0.31459 0.31506 0.30858 0.30801 0.30783 0.30866 0.31563 0.32103 0.33148 0.34274 0.35046 0.35439 0.35590 0.35505 0.35716 0.35776 0.35887 0.35430 0.35674 0.35989 0.35457 0.35286 0.35181 0.34901 0.34817 0.35044 0.34268 0.34165 0.34541 0.34306 0.34633 0.35423 0.35315 0.36331 0.35953 0.36840 0.36529 0.37606 0.37340 0.37548 0.37199 0.37492 0.36224 0.36250 0.36248 0.36431 0.35666 0.35623 0.35307 0.34656 0.34312 0.33198 0.29658 0.28644 0.27130 0.26258
-9999 -9999 -9999 -9999 -9999 -9999 -9999 -9999 -9999 -9999 -9999 -9999 0.35199 0.33459 0.32783 0.33236 0.33984 0.34509 0.33281 0.33081 0.32854 0.32427 0.32514 0.33408 0.34135 0.35160 0.35344 0.35661 0.35713 0.36745 0.36869 0.36500 0.36663 0.36311 0.36211 0.36204 0.36436 0.35792 0.35857 0.35213 0.35027 0.35100 0.34341 0.34781 0.34418 0.34990 0.35402 0.35329 0.35518 0.36155 0.36268 0.36082 0.36200 0.36707 0.38555 0.38473 0.38111 0.37016 0.36815 0.36361 0.36511 0.36524 0.36672 0.35890 0.35878 0.35910 0.35508 0.35296 0.34371 0.32156 0.28529 0.26520 0.26733
-9999 -9999 -9999 -9999 -9999 -9999 -9999 -9999 -9999 -9999 -9999 -9999 0.36673 0.35321 0.34441 0.34544 0.34797 0.34953 0.33398 0.33344 0.33350 0.32590 0.33027 0.34385 0.34014 0.35218 0.36089 0.36567 0.36710 0.37407 0.37754 0.37653 0.37349 0.37050 0.36045 0.36165 0.35844 0.34976 0.35470 0.35445 0.35889 0.35685 0.35950 0.35849 0.35530 0.35903 0.35864 0.35926 0.36460 0.36184 0.35980 0.36863 0.37246 0.37577 0.39111 0.39005 0.38842 0.37330 0.37329 0.37027 0.36826 0.36688 0.36663 0.36450 0.36510 0.36102 0.35676 0.34976 0.33490 0.30647 0.29660 0.29259 0.27744
-9999 -9999 -9999 -9999 -9999 -9999 -9999 -9999 -9999 -9999 -9999 0.37784 0.36696 0.37190 0.36696 0.34274 0.33824 0.33703 0.33097 0.32838 0.34346 0.32782 0.33472 0.33735 0.34016 0.34897 0.35011 0.36102 0.37014 0.38083 0.38353 0.37698 0.37568 0.37697 0.36922 0.37955 0.36992 0.36233 0.35411 0.34407 0.34716 0.34285 0.34394 0.34614 0.35289 0.36519 0.36568 0.37035 0.36844 0.36778 0.36830 0.36733 0.36818 0.37834 0.39412 0.39328 0.38410 0.37675 0.37478 0.37472 0.37593 0.37619 0.37340 0.37115 0.36742 0.36635 0.35489 0.33859 0.31894 0.29431 0.27203 0.26258 0.27696
-9999 -9999 -9999 -9999 -9999 -9999 -9999 -9999 -9999 -9999 -9999 0.38480 0.38079 0.37442 0.37480 0.35498 0.34476 0.34002 0.33845 0.33572 0.33827 0.33588 0.34000 0.35175 0.35511 0.35769 0.36070 0.36481 0.37416 0.38077 0.37781 0.37587 0.37413 0.37908 0.37035 0.37934 0.38311 0.36634 0.35189 0.35377 0.35394 0.34860 0.34387 0.34692 0.35173 0.35611 0.36176 0.36905 0.37119 0.37855 0.37752 0.38217 0.38544 0.38029 0.38415 0.38041 0.37922 0.37814 0.37879 0.37522 0.37846 0.37811 0.37766 0.37271 0.37366 0.37065 0.35444 0.34251 0.31112 0.28538 0.28340 0.28738 0.28262
-9999 -9999 -9999 -9999 -9999 -9999 -9999 -9999 -9999 -9999 -9999 0.38227 0.37473 0.37270 0.36588 0.35529 0.35041 0.34787 0.34396 0.34478 0.34182 0.34862 0.36037 0.36060 0.36848 0.37124 0.36767 0.37242 0.37726 0.38604 0.37423 0.37864 0.37962 0.37904 0.36956 0.38504 0.38281 0.37875 0.37465 0.36847 0.36334 0.36223 0.36246 0.35580 0.35564 0.35987 0.35758 0.35104 0.35128 0.35235 0.35746 0.35423 0.35737 0.35948 0.36694 0.37654 0.37929 0.38103 0.38475 0.37859 0.37882 0.37862 0.38680 0.38840 0.39143 0.39096 0.37146 0.34730 0.31919 0.30392 0.30844 0.27921 0.27774
