data/hydroclimate-scenarios/BCSD_hadcm_B1/monthly_summaries/vpd_monthly_avg_dec.2030-2059.asc
ncols	311
nrows	91
xllcenter	102.75
yllcenter	31.75
cellsize	0.5
NODATA_value	-9999
[rows 0 to 32 of 91, columns 219 to 291 of 311]
-9999 -9999 -9999 -9999 -9999 -9999 -9999 -9999 -9999 -9999 -9999 -9999 -9999 -9999 -9999 -9999 -9999 -9999 -9999 -9999 -9999 -9999 -9999 -9999 -9999 -9999 -9999 -9999 -9999 -9999 -9999 -9999 -9999 -9999 -9999 -9999 -9999 -9999 -9999 -9999 -9999 -9999 -9999 -9999 -9999 -9999 -9999 -9999 -9999 -9999 -9999 -9999 -9999 -9999 -9999 -9999 -9999 -9999 -9999 -9999 -9999 -9999 -9999 -9999 -9999 -9999 -9999 -9999 -9999 -9999 -9999 -9999 -9999
-9999 -9999 -9999 -9999 -9999 -9999 -9999 -9999 -9999 -9999 -9999 -9999 -9999 -9999 -9999 -9999 -9999 -9999 -9999 -9999 -9999 -9999 -9999 -9999 -9999 -9999 -9999 -9999 -9999 -9999 -9999 -9999 -9999 -9999 -9999 -9999 -9999 -9999 -9999 -9999 -9999 -9999 -9999 -9999 -9999 -9999 -9999 -9999 -9999 -9999 -9999 -9999 -9999 -9999 -9999 -9999 -9999 -9999 -9999 -9999 -9999 -9999 -9999 -9999 -9999 -9999 -9999 -9999 -9999 -9999 -9999 -9999 -9999
-9999 -9999 -9999 -9999 -9999 -9999 -9999 -9999 -9999 -9999 -9999 -9999 -9999 -9999 -9999 -9999 -9999 -9999 -9999 -9999 -9999 -9999 -9999 -9999 -9999 -9999 -9999 -9999 -9999 -9999 -9999 -9999 -9999 -9999 -9999 -9999 -9999 -9999 -9999 -9999 -9999 -9999 -9999 -9999 -9999 -9999 -9999 -9999 -9999 -9999 -9999 -9999 -9999 -9999 -9999 -9999 -9999 -9999 -9999 -9999 -9999 -9999 -9999 -9999 -9999 -9999 -9999 -9999 -9999 -9999 -9999 -9999 -9999
-9999 -9999 -9999 -9999 -9999 -9999 -9999 -9999 -9999 -9999 -9999 -9999 -9999 -9999 -9999 -9999 -9999 -9999 -9999 -9999 -9999 -9999 -9999 -9999 -9999 -9999 -9999 -9999 -9999 -9999 -9999 -9999 -9999 -9999 -9999 -9999 -9999 -9999 -9999 -9999 -9999 -9999 -9999 -9999 -9999 -9999 -9999 -9999 -9999 -9999 -9999 -9999 -9999 -9999 -9999 -9999 -9999 -9999 -9999 -9999 -9999 -9999 -9999 -9999 -9999 -9999 -9999 -9999 -9999 -9999 -9999 -9999 -9999
-9999 -9999 -9999 -9999 -9999 -9999 -9999 -9999 -9999 -9999 -9999 -9999 -9999 -9999 -9999 -9999 -9999 -9999 -9999 -9999 -9999 -9999 -9999 -9999 -9999 -9999 -9999 -9999 -9999 -9999 -9999 -9999 -9999 -9999 -9999 -9999 -9999 -9999 -9999 -9999 -9999 -9999 -9999 -9999 -9999 -9999 -9999 -9999 -9999 -9999 -9999 -9999 -9999 -9999 -9999 -9999 -9999 -9999 -9999 -9999 -9999 -9999 -9999 -9999 -9999 -9999 -9999 -9999 -9999 -9999 -9999 -9999 -9999
-9999 -9999 -9999 -9999 -9999 -9999 -9999 -9999 -9999 -9999 -9999 -9999 -9999 -9999 -9999 -9999 -9999 -9999 -9999 -9999 -9999 -9999 -9999 -9999 -9999 -9999 -9999 -9999 -9999 -9999 -9999 -9999 -9999 -9999 -9999 -9999 -9999 -9999 -9999 -9999 -9999 -9999 -9999 -9999 -9999 -9999 -9999 -9999 -9999 -9999 -9999 -9999 -9999 -9999 -9999 -9999 -9999 -9999 -9999 -9999 -9999 -9999 -9999 -9999 -9999 -9999 -9999 -9999 -9999 -9999 -9999 -9999 -9999
-9999 -9999 -9999 -9999 -9999 -9999 -9999 -9999 -9999 -9999 -9999 -9999 -9999 -9999 -9999 -9999 -9999 -9999 -9999 -9999 -9999 -9999 -9999 -9999 -9999 -9999 -9999 -9999 -9999 -9999 -9999 -9999 -9999 -9999 -9999 -9999 -9999 -9999 -9999 -9999 -9999 -9999 -9999 -9999 -9999 -9999 -9999 -9999 -9999 -9999 -9999 -9999 -9999 -9999 -9999 -9999 -9999 -9999 -9999 -9999 -9999 -9999 -9999 -9999 -9999 -9999 -9999 -9999 -9999 -9999 -9999 -9999 -9999
-9999 -9999 -9999 -9999 -9999 -9999 -9999 -9999 -9999 -9999 -9999 -9999 -9999 -9999 -9999 -9999 -9999 -9999 -9999 -9999 -9999 -9999 -9999 -9999 -9999 -9999 -9999 -9999 -9999 -9999 -9999 -9999 -9999 -9999 -9999 -9999 -9999 -9999 -9999 -9999 -9999 -9999 -9999 -9999 -9999 -9999 -9999 -9999 -9999 -9999 -9999 -9999 -9999 -9999 -9999 -9999 -9999 -9999 -9999 -9999 -9999 -9999 -9999 -9999 -9999 -9999 -9999 -9999 -9999 -9999 -9999 -9999 -9999
-9999 -9999 -9999 -9999 -9999 -9999 -9999 -9999 -9999 -9999 -9999 -9999 -9999 -9999 -9999 -9999 -9999 -9999 -9999 -9999 -9999 -9999 -9999 -9999 -9999 -9999 -9999 -9999 -9999 -9999 -9999 -9999 -9999 -9999 -9999 -9999 -9999 -9999 -9999 -9999 -9999 -9999 -9999 -9999 -9999 -9999 -9999 -9999 -9999 -9999 -9999 -9999 -9999 -9999 -9999 -9999 -9999 -9999 -9999 -9999 -9999 -9999 -9999 -9999 -9999 -9999 -9999 -9999 -9999 -9999 -9999 -9999 -9999
-9999 -9999 -9999 -9999 -9999 -9999 -9999 -9999 -9999 -9999 -9999 -9999 -9999 -9999 -9999 -9999 -9999 -9999 -9999 -9999 -9999 -9999 -9999 -9999 -9999 -9999 -9999 -9999 -9999 -9999 -9999 -9999 -9999 -9999 -9999 -9999 -9999 -9999 -9999 -9999 -9999 -9999 -9999 -9999 -9999 -9999 -9999 -9999 -9999 -9999 -9999 -9999 -9999 -9999 -9999 -9999 -9999 -9999 -9999 -9999 -9999 -9999 -9999 -9999 -9999 -9999 -9999 -9999 -9999 -9999 -9999 -9999 -9999
-9999 -9999 -9999 -9999 -9999 -9999 -9999 -9999 -9999 -9999 -9999 -9999 -9999 -9999 -9999 -9999 -9999 -9999 -9999 -9999 -9999 -9999 -9999 -9999 -9999 -9999 -9999 -9999 -9999 -9999 -9999 -9999 -9999 -9999 -9999 -9999 -9999 -9999 -9999 -9999 -9999 -9999 -9999 -9999 -9999 -9999 -9999 -9999 -9999 -9999 -9999 -9999 -9999 -9999 -9999 -9999 -9999 -9999 -9999 -9999 -9999 -9999 -9999 -9999 -9999 -9999 -9999 -9999 -9999 -9999 -9999 -9999 -9999
-9999 -9999 -9999 -9999 -9999 -9999 -9999 -9999 -9999 -9999 -9999 -9999 -9999 -9999 -9999 -9999 -9999 -9999 -9999 -9999 -9999 -9999 -9999 -9999 -9999 -9999 -9999 -9999 -9999 -9999 -9999 -9999 -9999 -9999 -9999 -9999 -9999 -9999 -9999 -9999 -9999 -9999 -9999 -9999 -9999 -9999 -9999 -9999 -9999 -9999 -9999 -9999 -9999 -9999 -9999 -9999 -9999 -9999 -9999 -9999 -9999 -9999 -9999 -9999 -9999 -9999 -9999 -9999 -9999 -9999 -9999 -9999 -9999
-9999 -9999 -9999 -9999 -9999 -9999 -9999 -9999 -9999 -9999 -9999 -9999 -9999 -9999 -9999 -9999 -9999 -9999 -9999 -9999 -9999 -9999 -9999 -9999 -9999 -9999 -9999 -9999 -9999 -9999 -9999 -9999 -9999 -9999 -9999 -9999 -9999 -9999 -9999 -9999 -9999 -9999 -9999 -9999 -9999 -9999 -9999 -9999 -9999 -9999 -9999 -9999 -9999 -9999 -9999 -9999 -9999 -9999 -9999 -9999 -9999 -9999 -9999 -9999 -9999 -9999 -9999 -9999 -9999 -9999 -9999 -9999 -9999
-9999 -9999 -9999 -9999 -9999 -9999 -9999 -9999 -9999 -9999 -9999 -9999 -9999 -9999 -9999 -9999 -9999 -9999 -9999 -9999 -9999 -9999 -9999 -9999 -9999 -9999 -9999 -9999 -9999 -9999 -9999 -9999 -9999 -9999 -9999 -9999 -9999 -9999 -9999 -9999 -9999 0.02952 -9999 -9999 -9999 -9999 -9999 -9999 -9999 -9999 -9999 -9999 -9999 -9999 -9999 -9999 -9999 -9999 -9999 -9999 -9999 -9999 -9999 -9999 -9999 -9999 -9999 -9999 -9999 -9999 -9999 -9999 -9999
0.03356 0.03502 0.03566 0.03680 0.03865 0.03897 0.03910 0.03822 0.03684 0.03657 0.03685 0.03765 0.04429 -9999 -9999 -9999 -9999 -9999 -9999 -9999 -9999 -9999 -9999 -9999 -9999 -9999 -9999 -9999 -9999 -9999 -9999 -9999 -9999 -9999 -9999 -9999 0.03208 0.03250 0.03142 0.02961 0.02822 0.02815 0.02756 -9999 -9999 -9999 0.02515 -9999 -9999 -9999 0.02644 0.02746 0.02892 -9999 -9999 -9999 -9999 -9999 -9999 -9999 -9999 -9999 -9999 -9999 -9999 -9999 -9999 -9999 -9999 -9999 -9999 -9999 -9999
0.03440 0.03659 0.03678 0.03777 0.03807 0.03775 0.03691 0.03517 0.03497 0.03615 0.03734 0.03868 0.03889 0.03836 0.03796 0.03680 0.03685 0.03567 0.03363 -9999 -9999 -9999 -9999 -9999 0.03010 0.03059 0.03135 0.03217 0.03340 0.03388 0.03377 0.03356 0.03345 0.03381 0.03347 0.03264 0.03026 0.02948 0.02853 0.02837 0.02689 0.02599 0.02753 0.02665 0.02594 0.02534 0.02549 0.02568 0.02593 0.02643 0.02660 0.02711 0.02739 0.02858 0.02973 0.03046 0.02953 0.03030 -9999 -9999 -9999 -9999 -9999 -9999 -9999 -9999 -9999 -9999 -9999 -9999 -9999 -9999 -9999
0.03621 0.03697 0.03667 0.03681 0.03646 0.03374 0.03239 0.03108 0.03404 0.03405 0.03807 0.03964 0.04011 0.04058 0.03835 0.03599 0.03652 0.03418 0.03160 0.03057 0.02946 0.02889 0.02917 0.02923 0.02998 0.03096 0.03128 0.03202 0.03215 0.03373 0.03289 0.03280 0.03252 0.03234 0.03130 0.03115 0.03093 0.03029 0.02981 0.02925 0.02813 0.02775 0.02712 0.02684 0.02581 0.02640 0.02596 0.02550 0.02663 0.02697 0.02738 0.02823 0.02954 0.03105 0.03094 0.03116 0.03026 0.03011 0.02938 0.02902 0.02969 0.02927 0.02945 0.02876 0.02762 0.02721 -9999 -9999 -9999 -9999 -9999 -9999 -9999
0.03764 0.03873 0.03888 0.03839 0.03784 0.03847 0.04028 0.04376 0.04766 0.04761 0.04721 0.04737 0.04191 0.04152 0.03874 0.03761 0.03736 0.03532 0.03138 0.02977 0.02860 0.02807 0.02788 0.02811 0.02839 0.03049 0.03076 0.03187 0.03215 0.03248 0.03193 0.03168 0.03141 0.03148 0.03010 0.02963 0.03008 0.02903 0.02902 0.02862 0.02741 0.02725 0.02707 0.02673 0.02635 0.02627 0.02682 0.02722 0.02710 0.02762 0.02859 0.02833 0.03008 0.03064 0.03119 0.03128 0.03016 0.03005 0.02960 0.02951 0.02971 0.02962 0.02922 0.02934 0.02790 0.02750 -9999 0.02625 -9999 -9999 -9999 -9999 -9999
0.03773 0.03958 0.04166 0.04060 0.04232 0.04619 0.05267 0.05097 0.05363 0.05235 0.04707 0.04513 0.04166 0.04012 0.03951 0.03824 0.03695 0.03528 0.03170 0.02984 0.02892 0.02722 0.02667 0.02649 0.02809 0.02929 0.02949 0.03016 0.03101 0.03140 0.03089 0.03093 0.03131 0.03057 0.02970 0.02936 0.02849 0.02815 0.02784 0.02811 0.02758 0.02748 0.02714 0.02692 0.02757 0.02712 0.02709 0.02733 0.02788 0.02848 0.02889 0.02919 0.02959 0.02996 0.03076 0.03124 0.03028 0.03127 0.02985 0.02982 0.02947 0.02939 0.02892 0.02859 0.02844 0.02772 0.02759 -9999 -9999 -9999 -9999 -9999 -9999
0.04217 0.04179 0.04064 0.03907 0.03871 0.03780 0.03685 0.03346 0.03445 0.03663 0.03766 0.03952 0.04452 0.04288 0.03976 0.03729 0.03506 0.03381 0.03063 0.03021 0.03025 0.02992 0.02885 0.02744 0.02831 0.02881 0.02902 0.03039 0.03130 0.03161 0.03112 0.03109 0.03088 0.03029 0.02949 0.02899 0.02835 0.02758 0.02806 0.02705 0.02693 0.02670 0.02740 0.02698 0.02747 0.02717 0.02732 0.02766 0.02854 0.02874 0.02898 0.02943 0.02983 0.03004 0.03042 0.03014 0.03100 0.03113 0.02999 0.03026 0.02991 0.02951 0.02943 0.02897 0.02873 0.02800 0.02689 0.02670 -9999 -9999 -9999 -9999 -9999
0.04457 0.03966 0.03615 0.03425 0.02960 0.02691 0.02644 0.02553 0.02522 0.02880 0.03470 0.03921 0.04728 0.04479 0.04214 0.03801 0.03559 0.03413 0.03144 0.03099 0.03100 0.03146 0.03013 0.02929 0.02868 0.03008 0.03104 0.03160 0.03136 0.03216 0.03221 0.03129 0.03178 0.03089 0.03057 0.03005 0.02878 0.02779 0.02654 0.02699 0.02687 0.02683 0.02694 0.02708 0.02710 0.02747 0.02731 0.02784 0.02772 0.02794 0.02859 0.02891 0.02944 0.02998 0.03073 0.03068 0.03070 0.03066 0.02980 0.02948 0.02945 0.02919 0.02835 0.02836 0.02770 0.02655 0.02621 0.02527 0.02422 0.02396 0.02309 0.02232 -9999
0.03377 0.03193 0.02997 0.02799 0.02732 0.02693 0.02658 0.02828 0.03118 0.03785 0.04568 0.04645 0.04878 0.04572 0.04306 0.03782 0.03391 0.03428 0.03256 0.03199 0.03204 0.03076 0.03052 0.03012 0.02946 0.03037 0.03165 0.03182 0.03278 0.03248 0.03211 0.03197 0.03193 0.03152 0.03087 0.02977 0.02890 0.02760 0.02649 0.02647 0.02675 0.02690 0.02674 0.02731 0.02678 0.02717 0.02782 0.02756 0.02799 0.02827 0.02877 0.02845 0.02944 0.03021 0.03051 0.03077 0.03034 0.02963 0.02876 0.02978 0.02989 0.02909 0.02848 0.02795 0.02761 0.02685 0.02634 0.02537 0.02485 0.02400 0.02282 0.02201 0.02148
0.05813 0.06099 0.05780 0.05454 0.05159 0.04569 0.03828 0.03090 0.03875 0.04548 0.05615 0.05542 0.05365 0.05163 0.04837 0.03966 0.03682 0.03679 0.03365 0.03335 0.03226 0.03176 0.03170 0.03232 0.03191 0.03292 0.03302 0.03265 0.03294 0.03252 0.03205 0.03139 0.03176 0.03193 0.03087 0.03080 0.03011 0.02925 0.02846 0.02785 0.02750 0.02760 0.02704 0.02730 0.02704 0.02762 0.02731 0.02760 0.02809 0.02779 0.02853 0.02928 0.02999 0.02998 0.02971 0.03018 0.03016 0.03010 0.03011 0.03001 0.02934 0.02957 0.02916 0.02889 0.02855 0.02762 0.02723 0.02624 0.02566 0.02473 0.02400 0.02229 0.02178
0.07244 0.07452 0.07441 0.07678 0.07544 0.06908 0.06807 0.06117 0.05667 0.04997 0.04606 0.04856 0.05526 0.05260 0.05078 0.04215 0.04003 0.03915 0.03611 0.03490 0.03353 0.03307 0.03287 0.03271 0.03311 0.03348 0.03323 0.03346 0.03244 0.03189 0.03120 0.03093 0.03170 0.03183 0.03032 0.03052 0.03021 0.02967 0.02953 0.02866 0.02929 0.02861 0.02786 0.02783 0.02860 0.02831 0.02809 0.02788 0.02806 0.02831 0.02937 0.03008 0.03008 0.02902 0.02904 0.02993 0.02936 0.02968 0.03001 0.03018 0.03063 0.02961 0.02978 0.02936 0.02910 0.02857 0.02763 0.02726 0.02617 0.02582 0.02474 0.02366 0.02291
0.05075 0.04703 0.05609 0.05794 0.06694 0.07339 0.07564 0.08043 0.08068 0.06776 0.06114 0.05966 0.05419 0.05361 0.05196 0.04437 0.04076 0.03843 0.03603 0.03789 0.03395 0.03583 0.03554 0.03560 0.03478 0.03542 0.03456 0.03473 0.03416 0.03365 0.03397 0.03265 0.03266 0.03247 0.03182 0.03172 0.03211 0.03128 0.03064 0.03058 0.03018 0.03005 0.03015 0.02955 0.02935 0.02955 0.02902 0.02889 0.02856 0.02854 0.02894 0.02922 0.02951 0.02997 0.02948 0.02956 0.02958 0.02972 0.03065 0.03144 0.03170 0.03098 0.03167 0.03073 0.03007 0.02923 0.02860 0.02830 0.02694 0.02601 0.02535 0.02471 0.02445
0.06285 0.05980 0.05632 0.05242 0.05058 0.05447 0.06732 0.07366 0.07039 0.06426 0.05709 0.05138 0.05642 0.05364 0.05314 0.05025 0.04798 0.04553 0.04127 0.03983 0.03853 0.03823 0.03804 0.03836 0.03814 0.03908 0.03929 0.03816 0.03823 0.03762 0.03705 0.03618 0.03556 0.03549 0.03491 0.03468 0.03485 0.03443 0.03439 0.03377 0.03310 0.03290 0.03209 0.03167 0.03100 0.03061 0.03040 0.02886 0.02886 0.02873 0.02918 0.02970 0.03000 0.03042 0.03035 0.03027 0.03047 0.03128 0.03134 0.03157 0.03217 0.03200 0.03204 0.03140 0.03100 0.02993 0.02904 0.02873 0.02788 0.02689 0.02638 0.02574 0.02541
0.06906 0.06542 0.06370 0.06002 0.05340 0.05253 0.04704 0.04843 0.05337 0.05920 0.05507 0.05177 0.05283 0.05175 0.05178 0.05211 0.05102 0.04888 0.04675 0.04413 0.04284 0.04203 0.04117 0.04264 0.04384 0.04335 0.04347 0.04244 0.04225 0.04151 0.04011 0.03927 0.03848 0.03797 0.03750 0.03737 0.03786 0.03772 0.03756 0.03771 0.03758 0.03654 0.03462 0.03411 0.03334 0.03277 0.03186 0.03085 0.03020 0.02944 0.02995 0.03015 0.03125 0.03141 0.03207 0.03222 0.03277 0.03240 0.03308 0.03387 0.03311 0.03293 0.03321 0.03243 0.03214 0.03132 0.03117 0.03031 0.02913 0.02870 0.02800 0.02756 0.02763
0.06493 0.06260 0.06357 0.06341 0.06093 0.06114 0.05982 0.05511 0.05103 0.04345 0.04305 0.04630 0.05433 0.05208 0.05415 0.05404 0.05397 0.05251 0.05015 0.04731 0.04452 0.04433 0.04505 0.04700 0.04767 0.04891 0.04801 0.04765 0.04734 0.04566 0.04435 0.04338 0.04178 0.04136 0.04193 0.04128 0.04159 0.04215 0.04257 0.04191 0.04112 0.03931 0.03845 0.03809 0.03560 0.03477 0.03350 0.03186 0.03160 0.03024 0.03101 0.03153 0.03208 0.03251 0.03289 0.03303 0.03378 0.03469 0.03431 0.03419 0.03485 0.03468 0.03426 0.03411 0.03386 0.03292 0.03214 0.03161 0.03066 0.02985 0.02974 0.02863 0.02877
0.06034 0.05527 0.05667 0.05563 0.05380 0.05226 0.05434 0.06119 0.06257 0.06771 0.06374 0.04844 0.05949 0.06013 0.05878 0.05760 0.05815 0.05689 0.05679 0.05396 0.04951 0.04891 0.04926 0.05163 0.05262 0.05468 0.05485 0.05429 0.05323 0.05094 0.04882 0.04669 0.04669 0.04552 0.04487 0.04457 0.04435 0.04618 0.04658 0.04636 0.04600 0.04371 0.04279 0.04127 0.03914 0.03768 0.03644 0.03500 0.03357 0.03341 0.03306 0.03301 0.03380 0.03429 0.03405 0.03482 0.03491 0.03585 0.03627 0.03641 0.03626 0.03664 0.03643 0.03589 0.03533 0.03432 0.03335 0.03345 0.03304 0.03187 0.03159 0.03110 0.03142
0.05819 0.05187 0.04998 0.05044 0.05035 0.04991 0.06471 0.06696 0.06038 0.06299 0.06314 0.07026 0.05925 0.06034 0.06444 0.06464 0.06751 0.06255 0.06204 0.05939 0.05650 0.05543 0.05519 0.05635 0.05735 0.05973 0.05959 0.06017 0.05772 0.05554 0.05328 0.05068 0.05065 0.04998 0.04918 0.04861 0.04925 0.04881 0.05047 0.05120 0.05069 0.04852 0.04567 0.04478 0.04254 0.04121 0.03925 0.03780 0.03684 0.03678 0.03602 0.03609 0.03602 0.03585 0.03628 0.03577 0.03585 0.03668 0.03669 0.03749 0.03870 0.03877 0.03916 0.03786 0.03786 0.03613 0.03683 0.03649 0.03470 0.03422 0.03428 0.03400 0.03466
0.06741 0.06092 0.05895 0.05858 0.05507 0.04857 0.05849 0.06718 0.06308 0.06292 0.06565 0.06741 0.05928 0.06179 0.06308 0.06494 0.06804 0.06502 0.06326 0.06038 0.05905 0.05851 0.05766 0.05988 0.06169 0.06416 0.06496 0.06402 0.06348 0.06012 0.05784 0.05665 0.05524 0.05435 0.05346 0.05293 0.05287 0.05208 0.05378 0.05523 0.05495 0.05321 0.05223 0.05155 0.04821 0.04673 0.04414 0.04153 0.04010 0.03964 0.03896 0.03750 0.03828 0.03744 0.03879 0.03965 0.03993 0.04102 0.04132 0.04205 0.04107 0.04223 0.04148 0.04073 0.04025 0.03945 0.03928 0.03968 0.03979 0.03854 0.03629 0.03650 0.03632
-9999 0.09097 0.09106 0.07605 0.06743 0.06186 0.06645 0.06421 0.06603 0.06134 0.05652 0.06335 0.06487 0.06168 0.06071 0.05738 0.06956 0.07103 0.06871 0.06541 0.06292 0.06298 0.06213 0.06420 0.06513 0.06663 0.06937 0.06913 0.06678 0.06520 0.06262 0.05990 0.05794 0.05826 0.05695 0.05553 0.05523 0.05433 0.05510 0.05516 0.05710 0.05663 0.05700 0.05593 0.05382 0.05070 0.04742 0.04616 0.04468 0.04368 0.04323 0.04167 0.04128 0.04163 0.04207 0.04352 0.04447 0.04562 0.04543 0.04505 0.04365 0.04521 0.04554 0.04474 0.04317 0.04348 0.04223 0.04261 0.04254 0.03975 0.03943 0.03889 0.03798
-9999 -9999 -9999 0.13351 0.11248 0.09341 0.09046 0.07195 0.06361 0.06146 0.06711 0.07082 0.07632 0.07509 0.06638 0.06570 0.06918 0.06984 0.07143 0.07063 0.06915 0.06887 0.06987 0.07014 0.06986 0.07133 0.07210 0.07183 0.07114 0.06835 0.06789 0.06660 0.06463 0.06281 0.06156 0.05957 0.05793 0.05508 0.05524 0.05561 0.05945 0.06105 0.06123 0.06168 0.05854 0.05650 0.05257 0.04964 0.04846 0.04644 0.04444 0.04285 0.04348 0.04426 0.04509 0.04601 0.04760 0.04866 0.04862 0.04827 0.04819 0.04828 0.04840 0.04968 0.04836 0.04646 0.04438 0.04361 0.04294 0.04213 0.04108 0.04080 0.04028
