data/hydroclimate-scenarios/BCSD_hadcm_B1/monthly_summaries/vpd_monthly_avg_aug.2030-2059.asc
ncols	311
nrows	91
xllcenter	102.75
yllcenter	31.75
cellsize	0.5
NODATA_value	-9999
[rows 33 to 65 of 91, columns 0 to 72 of 311]
-9999 -9999 -9999 -9999 -9999 -9999 -9999 -9999 -9999 -9999 -9999 0.87508 0.85256 0.85738 0.83680 0.82643 0.82495 0.82210 0.82952 0.82146 0.81740 0.82172 0.83849 0.83737 0.81425 0.80291 0.79586 0.81168 0.84750 0.89107 0.85719 0.84659 0.84610 0.85276 0.85492 0.86913 0.86591 0.84948 0.83925 0.78032 0.80760 0.77314 0.78932 0.78490 0.76981 0.75247 0.74011 0.73145 0.73064 0.73872 0.74118 0.75737 0.76180 0.77656 0.79906 0.80745 0.80767 0.80254 0.80776 0.80711 0.80678 0.80302 0.82794 0.83705 0.81368 0.77070 0.73440 0.68217 0.64508 0.58548 0.59389 0.53075 0.54773
-9999 -9999 -9999 -9999 -9999 -9999 -9999 -9999 -9999 -9999 -9999 -9999 0.87607 0.86818 0.86396 0.85575 0.85160 0.86013 0.86983 0.86646 0.86022 0.83409 0.80969 0.78585 0.77080 0.71359 0.73631 0.73423 0.79447 0.82780 0.84205 0.88251 0.87222 0.86261 0.85175 0.84060 0.84241 0.83806 0.81816 0.78646 0.77477 0.76888 0.75975 0.77870 0.76016 0.74260 0.74375 0.75119 0.75008 0.75743 0.77107 0.76248 0.76209 0.78746 0.77799 0.78260 0.79555 0.80368 0.80197 0.81116 0.82126 0.82245 0.80502 0.78591 0.77519 0.74944 0.73055 0.67552 0.59027 0.55207 0.59837 0.56464 0.56145
-9999 -9999 -9999 -9999 -9999 -9999 -9999 -9999 -9999 -9999 -9999 -9999 0.87898 0.87651 0.86535 0.86962 0.88061 0.87730 0.87561 0.86061 0.84915 0.76142 0.74550 0.72538 0.69048 0.72407 0.75765 0.71157 0.76592 0.77573 0.78326 0.79839 0.86644 0.87773 0.87154 0.86230 0.83741 0.83906 0.84447 0.80155 0.78725 0.75500 0.75483 0.74762 0.75930 0.75121 0.75569 0.74954 0.75666 0.73308 0.73701 0.75383 0.75896 0.77950 0.80320 0.80644 0.81392 0.82017 0.82146 0.82438 0.81877 0.77312 0.75526 0.72951 0.73879 0.74978 0.70615 0.67364 0.62012 0.59238 0.55836 0.55910 0.55760
-9999 -9999 -9999 -9999 -9999 -9999 -9999 -9999 -9999 -9999 -9999 -9999 0.87605 0.89696 0.88977 0.89020 0.87701 0.86210 0.83823 0.80618 0.79025 0.74365 0.74040 0.71064 0.71148 0.70352 0.73203 0.77991 0.76072 0.80514 0.82958 0.87819 0.85963 0.83854 0.87713 0.88186 0.86999 0.84379 0.83671 0.81412 0.75250 0.70695 0.73156 0.73626 0.73014 0.70927 0.70484 0.68935 0.70608 0.74219 0.75248 0.75920 0.78084 0.78425 0.80691 0.80786 0.81492 0.81493 0.80915 0.78562 0.78627 0.74612 0.74893 0.76269 0.73642 0.70344 0.67777 0.65668 0.59539 0.59075 0.56819 0.55033 0.53859
-9999 -9999 -9999 0.84784 0.85625 0.85504 0.87106 0.87958 0.86953 -9999 0.87694 0.88130 0.90502 0.91223 0.90797 0.89243 0.86997 0.85874 0.80958 0.78121 0.78773 0.77124 0.74783 0.74115 0.73841 0.74708 0.77693 0.74392 0.75303 0.70943 0.78298 0.84725 0.82108 0.75136 0.80936 0.82537 0.80185 0.78434 0.78542 0.79992 0.77755 0.73168 0.73498 0.73434 0.70368 0.66792 0.63311 0.68912 0.69794 0.70723 0.70206 0.71359 0.70147 0.67371 0.71035 0.66916 0.65319 0.77379 0.72916 0.77423 0.78795 0.74981 0.73757 0.72210 0.72337 0.70293 0.65849 0.62786 0.61421 0.57493 0.54385 0.51959 0.50054
-9999 -9999 -9999 0.87755 0.87845 0.88171 0.86219 0.86949 0.88166 0.88393 0.90534 0.92278 0.90020 0.88851 0.84820 0.81653 0.79417 0.79380 0.77737 0.77195 0.77607 0.73919 0.77248 0.79497 0.76075 0.77277 0.76641 0.75733 0.73494 0.68996 0.75159 0.75380 0.76357 0.73318 0.74973 0.74900 0.74642 0.70005 0.76676 0.70023 0.69355 0.72306 0.73573 0.69381 0.66092 0.62600 0.62462 0.69530 0.65836 0.65029 0.65059 0.66118 0.64666 0.65311 0.70866 0.67758 0.72065 0.72599 0.69103 0.71267 0.72424 0.71147 0.69603 0.70445 0.68925 0.71191 0.68452 0.67706 0.62351 0.57315 0.52874 0.51799 0.48115
-9999 -9999 -9999 0.89031 0.88985 0.86836 0.85706 0.87698 0.90630 0.92293 0.91238 0.90817 0.86658 0.81739 0.75982 0.78727 0.76367 0.76089 0.78346 0.77735 0.76374 0.72443 0.74948 0.73233 0.70411 0.74112 0.74573 0.74452 0.75842 0.68163 0.62302 0.67244 0.73606 0.73449 0.71154 0.72347 0.73759 0.73747 0.73789 0.70581 0.68716 0.70045 0.71183 0.69671 0.71045 0.67025 0.66056 0.65654 0.65744 0.62996 0.61560 0.67506 0.66154 0.67383 0.70275 0.70161 0.72190 0.74052 0.70046 0.70216 0.72815 0.72746 0.73505 0.69229 0.69893 0.68708 0.66466 0.62052 0.55094 0.51634 0.48609 0.49683 0.49230
-9999 -9999 -9999 0.88044 0.92898 0.87108 0.90542 0.87712 0.88270 0.87408 0.89878 0.91123 0.81938 0.78225 0.75518 0.76108 0.72560 0.70771 0.71984 0.74588 0.70174 0.65457 0.62085 0.66314 0.68646 0.72101 0.75379 0.74999 0.67542 0.62271 0.65466 0.76875 0.71302 0.64396 0.64054 0.66495 0.72852 0.77161 0.73623 0.73503 0.70551 0.65418 0.62288 0.64691 0.71182 0.65374 0.63083 0.67466 0.62518 0.64581 0.61332 0.64303 0.65072 0.62839 0.66757 0.68149 0.70100 0.68359 0.66665 0.67100 0.63202 0.68145 0.69117 0.68466 0.66483 0.66106 0.62872 0.58228 0.51775 0.48797 0.50130 0.51339 -9999
-9999 -9999 -9999 0.88424 0.93373 0.85563 0.87104 0.87218 0.84496 0.87513 0.92536 0.86816 0.79266 0.74410 0.68861 0.71091 0.68723 0.71073 0.76006 0.79315 0.72777 0.68089 0.65384 0.72686 0.74367 0.76948 0.81530 0.77741 0.70689 0.65245 0.65026 0.67922 0.65838 0.67657 0.69454 0.70552 0.70085 0.74082 0.75275 0.73774 0.69021 0.65831 0.63216 0.62535 0.66214 0.66031 0.65826 0.65617 0.64680 0.63531 0.63539 0.67616 0.65411 0.61590 0.67952 0.63100 0.69573 0.70195 0.67494 0.62513 0.64035 0.65524 0.66139 0.61957 0.60936 0.64050 0.60770 0.54569 0.51161 0.52329 0.53566 -9999 -9999
-9999 -9999 -9999 -9999 0.84658 0.83235 0.85312 0.81211 0.80527 0.84034 0.90991 0.86489 0.70812 0.79295 -9999 -9999 -9999 -9999 -9999 0.65060 0.64121 0.67180 0.64142 0.61497 0.65999 0.70188 0.79961 0.76506 0.73446 0.75094 0.71711 0.70364 0.69164 0.73783 0.78982 0.79454 0.75920 0.78548 0.76430 0.75750 0.75334 0.72438 0.67732 0.64658 0.65972 0.66477 0.65778 0.62286 0.64971 0.68272 0.65699 0.65036 0.67672 0.63118 0.62800 0.61062 0.60534 0.61196 0.62079 0.64019 0.62411 0.60492 0.61259 0.61849 0.61924 0.59552 0.59329 0.61622 0.61210 -9999 -9999 -9999 -9999
-9999 -9999 0.83204 0.83116 0.82773 0.85350 0.84738 0.77913 0.83098 0.84627 0.90234 0.84408 0.71425 -9999 -9999 -9999 -9999 -9999 0.59092 0.64864 0.65321 0.70859 0.71086 0.67127 0.68307 0.71196 0.81995 0.82180 0.80317 0.80528 0.77713 0.76438 0.76042 0.76220 0.78196 0.82698 0.79002 0.79556 0.77003 0.77273 0.73792 0.72910 0.70086 0.69956 0.70960 0.69637 0.68270 0.68751 0.71015 0.74917 0.73894 0.72623 0.70765 0.73014 0.68950 0.72070 0.67560 0.63306 0.63046 0.69057 0.68287 0.67179 0.66731 0.64873 0.65590 0.65803 0.66201 -9999 -9999 -9999 -9999 -9999 -9999
-9999 -9999 0.80870 0.81666 0.84959 0.85437 0.86855 0.79214 0.82191 0.87052 0.84105 0.82265 0.83100 -9999 -9999 -9999 -9999 0.73724 0.63541 0.70731 0.69918 0.71650 0.72280 0.75077 0.80750 0.85046 0.83254 0.82140 0.83022 0.84707 0.80888 0.76680 0.80105 0.82208 0.80800 0.80924 0.82163 0.82633 0.76303 0.72606 0.74506 0.69781 0.69195 0.70462 0.68317 0.69705 0.72418 0.70315 0.77556 0.75731 0.76840 0.77154 0.77205 0.77136 0.76224 0.82332 0.79343 0.69172 0.67167 0.70703 0.72038 0.66389 0.69858 0.72883 0.74524 -9999 -9999 -9999 -9999 -9999 0.67165 -9999 -9999
-9999 -9999 0.82043 0.79154 0.80840 0.81293 0.83517 0.82308 0.81993 0.83500 0.79500 0.78991 0.92220 -9999 -9999 -9999 -9999 0.66627 0.68260 0.71229 0.70813 0.75229 0.79938 0.83252 0.82744 0.84635 0.81485 0.83897 0.82752 0.83805 0.80818 0.80839 0.79402 0.79644 0.83032 0.80251 0.79155 0.79389 0.75623 0.77801 0.76898 0.77340 0.75109 0.70922 0.72018 0.68883 0.69873 0.69306 0.73963 0.74521 0.79760 0.77305 0.77540 0.76541 0.75526 0.84410 0.83689 0.75264 0.75507 0.75985 0.80239 0.79811 0.79668 0.74734 0.69924 0.68014 0.73885 0.69675 0.73369 -9999 -9999 -9999 0.64227
-9999 -9999 -9999 0.78946 0.78421 0.79188 0.82796 0.85432 0.83255 0.81354 0.86744 0.88005 -9999 -9999 -9999 -9999 0.71589 0.69151 0.73274 0.75761 0.77474 0.82374 0.82232 0.83058 0.82736 0.83310 0.82762 0.82319 0.83294 0.76191 0.77036 0.80985 0.83751 0.83846 0.83638 0.85587 0.86693 0.87075 0.86167 0.86159 0.82418 0.81619 0.78690 0.77099 0.80630 0.77403 0.79003 0.80292 0.78155 0.78655 0.75736 0.76779 0.78263 0.76041 0.73534 0.74369 0.75021 0.70615 0.71677 0.77099 0.76975 0.76516 0.69981 0.59627 0.54599 0.66807 0.74074 0.74223 0.77046 0.69261 -9999 -9999 0.70412
-9999 -9999 -9999 -9999 0.80048 0.80032 0.81883 0.81118 0.80000 0.89612 0.93926 -9999 -9999 -9999 -9999 0.75518 0.72101 0.75425 0.79795 0.79407 0.82681 0.85255 0.84588 0.80732 0.80759 0.86159 0.86747 0.86479 0.83683 0.83046 0.79837 0.87441 0.89786 0.88735 0.84238 0.86230 0.87379 0.88411 0.87025 0.86266 0.82649 0.80705 0.80562 0.81629 0.82969 0.81314 0.80956 0.81256 0.81911 0.81441 0.82206 0.81076 0.79611 0.79214 0.80253 0.81433 0.82537 0.73869 0.73176 0.76867 0.71875 0.67703 0.66461 0.67608 0.63651 0.68161 0.77438 0.81261 0.77779 0.79430 0.78912 0.76359 0.75651
-9999 -9999 -9999 -9999 -9999 -9999 0.81077 0.84009 0.90375 0.92569 0.93148 -9999 -9999 -9999 -9999 -9999 0.78879 0.80494 0.81769 0.81542 0.82315 0.97422 0.84481 0.82572 0.83688 0.89454 0.91943 0.89149 0.90440 0.88420 0.85725 0.90486 0.93259 0.87127 0.87833 0.91175 0.87652 0.83813 0.87397 0.82924 0.81165 0.76327 0.76129 0.79475 0.79842 0.83167 0.84518 0.83723 0.82658 0.82298 0.83037 0.81929 0.82930 0.82605 0.82068 0.81722 0.80614 0.77139 0.75300 0.73297 0.69585 0.66513 0.65161 0.63147 0.59878 0.66350 0.76991 0.87218 0.85817 0.82343 0.79474 0.78745 0.75532
-9999 -9999 -9999 -9999 -9999 -9999 -9999 -9999 -9999 -9999 -9999 -9999 -9999 -9999 -9999 -9999 -9999 -9999 -9999 0.82895 0.84681 0.93709 0.89172 0.88450 0.88788 0.90178 0.89906 0.96468 0.95941 0.89536 0.88322 0.93166 0.88715 0.88767 0.88467 0.88963 0.90011 0.86084 0.85020 0.80211 0.77419 0.77406 0.78859 0.80299 0.80478 0.83289 0.85806 0.85446 0.85436 0.83426 0.83462 0.84380 0.83884 0.86117 0.85659 0.83581 0.81598 0.79438 0.75902 0.73491 0.66754 0.67560 0.65237 0.62047 0.60692 0.73196 0.82672 0.91350 0.90615 0.80505 0.78421 0.78110 0.75637
-9999 -9999 -9999 -9999 -9999 -9999 -9999 -9999 -9999 -9999 -9999 -9999 -9999 -9999 -9999 -9999 -9999 -9999 0.84952 0.84763 0.89047 0.93792 0.94393 0.94071 0.95080 0.93949 0.96664 0.96472 0.94578 0.91956 0.91760 0.89250 0.87033 0.87666 0.87516 0.89881 0.88548 0.88979 0.83911 0.80352 0.77453 0.79607 0.78895 0.78538 0.78898 0.80013 0.83536 0.86496 0.87728 0.86115 0.86818 0.85125 0.86006 0.84980 0.83795 0.85027 0.83683 0.75044 0.71017 0.72967 0.73226 0.73663 0.69619 0.66947 0.65180 0.75555 0.81999 0.87600 0.88234 0.85411 0.81069 0.71823 0.78297
-9999 -9999 -9999 -9999 -9999 -9999 -9999 -9999 -9999 -9999 -9999 -9999 -9999 -9999 -9999 -9999 -9999 0.85829 0.85824 0.90921 0.91838 0.93261 0.94095 0.95495 0.97595 0.97965 1.00207 0.97521 0.91623 0.90284 0.90041 0.90637 0.88808 0.92153 0.92010 0.87395 0.83000 0.84119 0.84839 0.81157 0.79693 0.81217 0.80040 0.81058 0.82056 0.83255 0.85222 0.85081 0.87739 0.87424 0.88557 0.87784 0.86431 0.84166 0.83982 0.84531 0.81233 0.75137 0.73014 0.74182 0.79178 0.74679 0.64500 0.63291 0.72639 0.76734 0.78186 0.84498 0.84712 0.83111 0.76138 0.76203 0.78113
-9999 -9999 -9999 -9999 -9999 -9999 -9999 -9999 -9999 -9999 -9999 -9999 -9999 -9999 -9999 -9999 -9999 0.85737 0.88170 0.84893 0.89247 0.91876 0.94436 0.97566 1.06679 1.02690 1.03864 1.02874 1.00609 0.94960 0.95046 0.94939 0.95932 0.97358 0.91697 0.87403 0.84450 0.84335 0.79601 0.80487 0.80876 0.83426 0.83922 0.85348 0.85214 0.91625 0.91546 0.84806 0.85510 0.89192 0.88772 0.88633 0.86613 0.84695 0.84515 0.82928 0.77293 0.76041 0.77825 0.78086 0.75010 0.70920 0.69815 0.68186 0.63369 0.68183 0.75708 0.73512 0.79984 0.81900 0.79937 0.71344 0.67662
-9999 -9999 -9999 -9999 -9999 -9999 -9999 -9999 -9999 -9999 -9999 -9999 -9999 -9999 -9999 -9999 0.80478 0.81042 0.81653 0.84174 0.91996 0.98327 0.97427 1.03775 1.15873 1.06583 1.09541 1.15128 1.10163 1.00887 0.98962 1.00812 0.99870 1.01378 0.96930 0.91033 0.86402 0.83243 0.80502 0.83424 0.84862 0.85522 0.86189 0.88642 0.89873 0.93933 0.94209 0.84852 0.86317 0.89347 0.89789 0.89283 0.87335 0.86635 0.85362 0.83943 0.82008 0.79894 0.79405 0.75514 0.76834 0.74105 0.69515 0.63230 0.66706 0.69836 0.72582 0.75520 0.79815 0.78932 0.75063 0.69145 0.67153
-9999 -9999 -9999 -9999 -9999 -9999 -9999 -9999 -9999 -9999 -9999 -9999 -9999 0.82897 0.79784 0.80645 0.79432 0.75400 0.80204 0.91437 0.94913 0.91740 0.97146 1.00673 1.01620 1.13976 1.15298 1.16193 1.14113 1.12806 1.09755 1.08519 1.05227 1.02174 0.97618 0.91468 0.89023 0.87179 0.84862 0.84816 0.86810 0.91336 0.93387 0.97596 0.95107 0.94753 0.93358 0.92437 0.91029 0.90408 0.88656 0.88079 0.86176 0.89010 0.87806 0.85091 0.84067 0.83747 0.82733 0.81155 0.79143 0.78597 0.76748 0.75288 0.76663 0.80096 0.80171 0.78979 0.77439 0.75413 0.70674 0.63447 0.61907
-9999 -9999 -9999 -9999 -9999 -9999 -9999 -9999 -9999 -9999 -9999 -9999 0.85251 0.83105 0.81125 0.81954 0.82916 0.82615 0.83389 0.99560 0.95838 0.98114 1.01027 1.02621 1.04221 1.17398 1.17203 1.18599 1.15861 1.15127 1.13845 1.12192 1.09113 1.04458 1.00819 0.94406 0.89930 0.88043 0.85028 0.86929 0.87899 0.92887 0.97342 0.98541 0.96985 0.95365 0.93844 0.92890 0.92124 0.91173 0.89504 0.89471 0.88149 0.89452 0.88548 0.88561 0.86385 0.82531 0.79574 0.79157 0.78146 0.80286 0.78947 0.76518 0.77347 0.79708 0.78205 0.77243 0.75186 0.68502 0.63098 0.62589 0.59461
-9999 -9999 -9999 -9999 -9999 -9999 -9999 -9999 -9999 -9999 -9999 0.74699 0.78222 0.78175 0.83611 0.89380 0.91724 0.93342 0.95350 0.96295 0.99594 1.05583 1.05405 1.07576 1.08298 1.08357 1.08877 1.17938 1.21073 1.20664 1.17278 1.13632 1.11029 1.06132 1.02423 0.93380 0.86900 0.84886 0.85685 0.88104 0.92819 0.94972 1.00472 1.01247 0.98336 0.96581 0.94808 0.93534 0.92900 0.91874 0.90631 0.84721 0.84973 0.85087 0.85431 0.86273 0.87556 0.84343 0.87282 0.86628 0.84903 0.86788 0.86094 0.83690 0.81798 0.80065 0.78107 0.75616 0.70170 0.63958 0.58438 0.54360 0.54897
-9999 -9999 -9999 -9999 -9999 -9999 -9999 -9999 -9999 -9999 0.77528 0.77587 0.84478 0.82255 0.89379 0.95732 0.98768 0.99534 0.99543 0.99689 1.02593 1.10431 1.10316 1.12074 1.12484 1.12640 1.13052 1.24424 1.24418 1.21834 1.19714 1.17336 1.13343 1.08120 1.02600 0.92011 0.87736 0.86300 0.87653 0.90797 0.95603 0.99903 1.04436 1.01446 1.00029 0.97698 0.96315 0.93990 0.92390 0.91199 0.89977 0.83001 0.85784 0.84981 0.85987 0.87528 0.85313 0.85277 0.89719 0.88660 0.86935 0.88024 0.86052 0.83766 0.82637 0.79524 0.77043 0.73582 0.66757 0.59068 0.55047 0.55239 0.53733
-9999 -9999 -9999 -9999 -9999 -9999 -9999 -9999 -9999 0.89636 0.92064 0.89615 0.89939 0.91971 0.95363 0.99317 1.00695 1.03484 1.09920 1.12039 1.13347 1.12369 1.12604 1.15658 1.16927 1.20032 1.22842 1.24323 1.20832 1.20462 1.23346 1.14422 1.10506 1.00483 0.92703 0.87829 0.84432 0.89135 0.90456 0.97106 1.01157 1.06668 1.09414 1.07403 1.05409 1.02369 1.00532 0.93729 0.92028 0.90876 0.89143 0.85244 0.82911 0.77359 0.76075 0.90870 0.91716 0.93366 0.92108 0.91068 0.89500 0.87583 0.86603 0.84629 0.82989 0.79686 0.75481 0.70160 0.64098 0.59349 0.57663 0.56462 0.55231
-9999 -9999 -9999 -9999 -9999 -9999 -9999 -9999 -9999 -9999 0.96682 0.95594 0.96206 1.00193 1.08319 1.06618 1.07606 1.10343 1.12372 1.13990 1.12566 1.15728 1.17568 -9999 -9999 -9999 -9999 -9999 -9999 1.23178 1.22652 1.15503 1.10295 0.99711 0.91879 0.88339 0.86456 0.91200 0.95141 1.00829 1.04607 1.08488 1.10333 1.08404 1.07709 1.03802 1.00760 0.94727 0.91049 0.90830 0.89750 0.87385 0.84319 0.77551 0.77936 0.92161 0.94804 0.94418 0.93273 0.91749 0.90538 0.88399 0.87764 0.85412 0.76969 0.77300 0.71311 0.66526 0.56919 0.55843 0.53437 0.55011 0.54615
-9999 -9999 -9999 -9999 -9999 -9999 -9999 -9999 -9999 -9999 -9999 -9999 1.02543 1.07934 1.09978 1.30613 1.29245 1.30667 1.30276 -9999 -9999 -9999 -9999 -9999 -9999 -9999 -9999 -9999 -9999 -9999 -9999 -9999 -9999 1.04849 0.92993 0.93082 0.91744 0.97514 1.02294 1.05085 1.06825 1.09838 1.10679 1.09186 1.08733 1.06237 1.03136 0.98954 0.97512 0.94724 0.92670 0.84309 0.84184 0.84140 0.85395 0.95373 0.94331 0.94439 0.95267 0.93062 0.92084 0.89962 0.87203 0.84898 0.81219 0.76987 0.69781 0.65469 0.60732 0.60081 0.58169 0.56352 -9999
-9999 -9999 -9999 -9999 -9999 -9999 -9999 -9999 -9999 -9999 -9999 -9999 -9999 -9999 -9999 -9999 -9999 -9999 -9999 -9999 -9999 -9999 -9999 -9999 -9999 -9999 -9999 -9999 -9999 -9999 -9999 -9999 -9999 -9999 0.97614 0.93877 1.00431 1.00666 1.05135 1.07747 1.08753 1.10088 1.09989 1.10546 1.09485 1.05997 1.02921 0.99546 0.97170 0.95177 0.94092 0.86542 0.85544 0.85254 0.86210 0.98034 0.96529 0.91815 0.92853 0.92861 0.92462 0.90071 0.90553 0.87028 0.82369 0.75626 0.68194 0.63661 0.58536 0.58942 0.59621 -9999 -9999
-9999 -9999 -9999 -9999 -9999 -9999 -9999 -9999 -9999 -9999 -9999 -9999 -9999 -9999 -9999 -9999 -9999 -9999 -9999 -9999 -9999 -9999 -9999 -9999 -9999 -9999 -9999 -9999 -9999 -9999 -9999 -9999 -9999 -9999 1.03793 1.01199 0.98423 1.04533 1.11272 1.16737 1.15723 1.14585 1.13547 1.09936 1.07434 1.05469 1.02217 1.00007 0.98379 0.94286 0.92353 0.91490 0.92394 0.83904 0.84941 0.95098 0.96786 0.96889 0.94670 0.95717 0.94855 0.93430 0.90610 0.84062 0.79359 0.70982 0.67538 0.62927 0.57523 0.59829 -9999 -9999 -9999
-9999 -9999 -9999 -9999 -9999 -9999 -9999 -9999 -9999 -9999 -9999 -9999 -9999 -9999 -9999 -9999 -9999 -9999 -9999 -9999 -9999 -9999 -9999 -9999 -9999 -9999 -9999 -9999 -9999 -9999 -9999 -9999 -9999 -9999 -9999 -9999 -9999 -9999 1.15893 1.18646 1.17217 1.15189 1.13262 1.09084 1.06600 1.04354 1.02132 0.99668 0.98801 0.94536 0.94383 0.95002 0.95235 0.86500 0.85917 0.96135 0.96879 0.97928 0.95348 0.96898 0.94299 0.91640 0.84942 0.80332 0.71837 0.69902 0.64954 0.63699 0.65211 -9999 -9999 -9999 -9999
-9999 -9999 -9999 -9999 -9999 -9999 -9999 -9999 -9999 -9999 -9999 -9999 -9999 -9999 -9999 -9999 -9999 -9999 -9999 -9999 -9999 -9999 -9999 -9999 -9999 -9999 -9999 -9999 -9999 -9999 -9999 -9999 -9999 -9999 -9999 -9999 -9999 -9999 -9999 1.20108 1.17888 1.13929 1.11609 1.08123 1.05737 1.02085 1.00848 0.99116 0.97998 0.95470 0.96214 0.88966 0.92540 0.91583 0.94389 0.89533 0.90336 0.86491 0.92627 0.91986 0.91325 0.86795 0.82551 0.73600 0.70828 0.66013 0.66871 0.67829 -9999 -9999 -9999 -9999 -9999
-9999 -9999 -9999 -9999 -9999 -9999 -9999 -9999 -9999 -9999 -9999 -9999 -9999 -9999 -9999 -9999 -9999 -9999 -9999 -9999 -9999 -9999 -9999 -9999 -9999 -9999 -9999 -9999 -9999 -9999 -9999 -9999 -9999 -9999 -9999 -9999 -9999 -9999 -9999 -9999 -9999 -9999 -9999 1.06447 1.03050 0.99720 0.98843 0.98422 0.97633 0.95259 0.94147 0.81158 0.89247 0.96598 0.90196 0.88051 0.87526 0.88514 0.95167 0.91261 0.85064 0.81083 0.80050 0.70987 0.68480 0.68713 0.71272 -9999 -9999 -9999 -9999 -9999 -9999
