data/hydroclimate-scenarios/BCSD_hadcm_B1/monthly_summaries/vpd_monthly_avg_jul.2030-2059.asc
ncols	311
nrows	91
xllcenter	102.75
yllcenter	31.75
cellsize	0.5
NODATA_value	-9999
[rows 0 to 32 of 91, columns 73 to 145 of 311]
-9999 -9999 -9999 -9999 -9999 -9999 -9999 -9999 -9999 -9999 -9999 -9999 -9999 -9999 -9999 -9999 -9999 -9999 -9999 -9999 -9999 -9999 -9999 -9999 -9999 -9999 -9999 -9999 -9999 -9999 -9999 -9999 -9999 -9999 -9999 -9999 -9999 -9999 -9999 -9999 -9999 -9999 -9999 -9999 -9999 -9999 -9999 -9999 -9999 -9999 -9999 -9999 -9999 -9999 -9999 -9999 -9999 -9999 -9999 -9999 -9999 -9999 -9999 -9999 -9999 -9999 -9999 -9999 -9999 -9999 -9999 -9999 -9999
-9999 -9999 -9999 -9999 -9999 -9999 -9999 -9999 -9999 -9999 -9999 -9999 -9999 -9999 -9999 -9999 -9999 -9999 -9999 -9999 -9999 -9999 -9999 -9999 -9999 -9999 -9999 -9999 -9999 -9999 -9999 -9999 -9999 -9999 -9999 -9999 -9999 -9999 -9999 -9999 -9999 -9999 -9999 -9999 -9999 -9999 -9999 -9999 -9999 -9999 -9999 -9999 -9999 -9999 -9999 -9999 -9999 -9999 -9999 -9999 -9999 -9999 -9999 -9999 -9999 -9999 -9999 -9999 -9999 -9999 -9999 -9999 -9999
-9999 -9999 -9999 -9999 -9999 -9999 -9999 -9999 -9999 -9999 -9999 -9999 -9999 -9999 -9999 -9999 -9999 -9999 -9999 -9999 -9999 -9999 -9999 -9999 -9999 -9999 -9999 -9999 -9999 -9999 -9999 -9999 -9999 -9999 -9999 -9999 -9999 -9999 -9999 -9999 -9999 -9999 -9999 -9999 -9999 -9999 -9999 -9999 -9999 -9999 -9999 -9999 -9999 -9999 -9999 -9999 -9999 -9999 -9999 -9999 -9999 -9999 -9999 -9999 -9999 -9999 -9999 -9999 -9999 -9999 -9999 -9999 -9999
-9999 -9999 -9999 -9999 -9999 -9999 -9999 -9999 -9999 -9999 -9999 -9999 -9999 -9999 -9999 -9999 -9999 -9999 -9999 -9999 -9999 -9999 -9999 -9999 -9999 -9999 -9999 -9999 -9999 -9999 -9999 -9999 -9999 -9999 -9999 -9999 -9999 -9999 -9999 -9999 -9999 -9999 -9999 -9999 -9999 -9999 -9999 -9999 -9999 -9999 -9999 -9999 -9999 -9999 -9999 -9999 -9999 -9999 -9999 -9999 -9999 -9999 -9999 -9999 -9999 -9999 -9999 -9999 -9999 -9999 -9999 -9999 -9999
-9999 -9999 -9999 -9999 -9999 -9999 -9999 -9999 -9999 -9999 -9999 -9999 -9999 -9999 -9999 -9999 -9999 -9999 -9999 -9999 -9999 -9999 -9999 -9999 -9999 -9999 -9999 -9999 -9999 -9999 -9999 -9999 -9999 -9999 -9999 -9999 -9999 -9999 -9999 -9999 -9999 -9999 -9999 -9999 -9999 -9999 -9999 -9999 -9999 -9999 -9999 -9999 -9999 -9999 -9999 -9999 -9999 -9999 -9999 -9999 -9999 -9999 -9999 -9999 -9999 -9999 -9999 -9999 -9999 -9999 -9999 -9999 -9999
-9999 -9999 -9999 -9999 -9999 -9999 -9999 -9999 -9999 -9999 -9999 -9999 -9999 -9999 -9999 -9999 -9999 -9999 -9999 -9999 -9999 -9999 -9999 -9999 -9999 -9999 -9999 -9999 -9999 -9999 -9999 -9999 -9999 -9999 -9999 -9999 -9999 -9999 -9999 -9999 -9999 -9999 -9999 -9999 -9999 -9999 -9999 -9999 -9999 -9999 -9999 -9999 -9999 -9999 -9999 -9999 -9999 -9999 -9999 -9999 -9999 -9999 -9999 -9999 -9999 -9999 -9999 -9999 -9999 -9999 -9999 -9999 -9999
-9999 -9999 -9999 -9999 -9999 -9999 -9999 -9999 -9999 -9999 -9999 -9999 -9999 -9999 -9999 -9999 -9999 -9999 -9999 -9999 -9999 -9999 -9999 -9999 -9999 -9999 -9999 -9999 -9999 -9999 -9999 -9999 -9999 -9999 -9999 -9999 -9999 -9999 -9999 -9999 -9999 -9999 -9999 -9999 -9999 -9999 -9999 -9999 -9999 -9999 -9999 -9999 -9999 -9999 -9999 -9999 -9999 -9999 -9999 -9999 -9999 -9999 -9999 -9999 -9999 -9999 -9999 -9999 -9999 -9999 -9999 -9999 -9999
-9999 -9999 -9999 -9999 -9999 -9999 -9999 -9999 -9999 -9999 -9999 -9999 -9999 -9999 -9999 -9999 -9999 -9999 -9999 -9999 -9999 -9999 -9999 -9999 -9999 -9999 -9999 -9999 -9999 -9999 -9999 -9999 -9999 -9999 -9999 -9999 -9999 -9999 -9999 -9999 -9999 -9999 -9999 -9999 -9999 -9999 -9999 -9999 -9999 -9999 -9999 -9999 -9999 -9999 -9999 -9999 -9999 -9999 -9999 -9999 -9999 -9999 -9999 -9999 -9999 -9999 -9999 -9999 -9999 -9999 -9999 -9999 -9999
-9999 -9999 -9999 -9999 0.89230 -9999 -9999 -9999 -9999 -9999 -9999 -9999 -9999 -9999 -9999 -9999 -9999 -9999 -9999 -9999 -9999 -9999 -9999 -9999 -9999 -9999 -9999 -9999 -9999 -9999 -9999 -9999 -9999 -9999 -9999 -9999 -9999 -9999 -9999 -9999 -9999 -9999 -9999 -9999 -9999 -9999 -9999 -9999 -9999 -9999 -9999 -9999 -9999 -9999 -9999 -9999 -9999 -9999 -9999 -9999 -9999 -9999 -9999 -9999 -9999 -9999 -9999 -9999 -9999 -9999 -9999 -9999 -9999
0.62679 0.96060 0.94981 0.90363 0.91473 0.88075 0.84731 0.82318 0.78826 0.78691 0.78797 0.77312 0.77683 0.76325 0.73715 0.73052 0.75037 0.74352 0.74015 0.74371 -9999 -9999 -9999 -9999 -9999 -9999 -9999 -9999 -9999 -9999 -9999 -9999 -9999 -9999 -9999 -9999 -9999 -9999 -9999 -9999 -9999 -9999 -9999 -9999 -9999 -9999 -9999 -9999 -9999 -9999 -9999 -9999 -9999 -9999 -9999 -9999 -9999 -9999 -9999 -9999 -9999 -9999 -9999 -9999 -9999 -9999 -9999 -9999 -9999 -9999 -9999 -9999 -9999
-9999 -9999 0.98338 0.96875 0.92548 0.91075 0.89203 0.86043 0.83876 0.82241 0.80634 0.80320 0.79994 0.78875 0.77704 0.76007 0.75640 0.74870 0.74938 0.75043 -9999 -9999 -9999 -9999 -9999 -9999 -9999 -9999 -9999 -9999 -9999 -9999 -9999 -9999 -9999 -9999 -9999 -9999 -9999 -9999 -9999 -9999 -9999 -9999 -9999 -9999 -9999 -9999 -9999 -9999 -9999 -9999 -9999 -9999 -9999 -9999 -9999 -9999 -9999 -9999 -9999 -9999 -9999 -9999 -9999 -9999 -9999 -9999 -9999 -9999 -9999 -9999 -9999
1.04331 1.04189 1.01126 0.99016 0.95235 0.93647 0.91128 0.88424 0.87115 0.85330 0.82884 0.82489 0.81370 0.80316 0.78219 0.77024 0.75784 0.74577 0.74327 0.75671 0.77197 0.78051 0.78169 0.80864 0.81519 0.85132 -9999 -9999 -9999 -9999 -9999 -9999 -9999 -9999 -9999 -9999 -9999 -9999 -9999 -9999 -9999 -9999 -9999 -9999 -9999 -9999 -9999 -9999 -9999 -9999 -9999 -9999 -9999 -9999 -9999 -9999 -9999 -9999 -9999 -9999 -9999 -9999 -9999 -9999 -9999 -9999 -9999 -9999 -9999 -9999 -9999 -9999 -9999
1.06868 1.03954 1.03449 1.01822 0.98113 0.96891 0.94410 0.92145 0.90337 0.89172 0.86686 0.85390 0.84226 0.83351 0.81622 0.79830 0.77650 0.75711 0.76176 0.75959 0.75832 0.78512 0.80218 0.81607 0.84003 0.84233 0.86381 0.88522 0.90033 0.90591 0.90518 0.90787 0.89117 0.88143 0.87600 0.87317 0.85921 0.85831 0.90378 0.91026 0.91182 -9999 -9999 -9999 -9999 -9999 -9999 -9999 -9999 -9999 -9999 -9999 -9999 -9999 -9999 -9999 -9999 -9999 -9999 -9999 -9999 -9999 -9999 -9999 -9999 -9999 -9999 -9999 -9999 -9999 -9999 -9999 -9999
1.05631 1.01969 1.00237 1.00906 0.99135 0.99982 0.96561 0.94717 0.93946 0.91737 0.89850 0.88334 0.86533 0.85568 0.83301 0.82504 0.80595 0.77959 0.76523 0.73517 0.75960 0.77749 0.79062 0.82979 0.86113 0.87581 0.85799 0.84961 0.90026 0.90914 0.92263 0.92235 0.90393 0.90818 0.88270 0.87623 0.86688 0.86468 0.90379 0.89794 0.90872 0.91010 -9999 -9999 -9999 -9999 -9999 -9999 -9999 -9999 -9999 -9999 -9999 -9999 -9999 -9999 -9999 -9999 -9999 -9999 -9999 -9999 -9999 -9999 -9999 -9999 -9999 -9999 -9999 -9999 -9999 -9999 -9999
0.90984 0.82355 0.89109 0.89778 0.88086 0.88657 0.85203 0.88559 0.85437 0.85966 0.89027 0.87751 0.88314 0.87283 0.86039 0.84208 0.83097 0.79615 0.78219 0.78084 0.79772 0.80579 0.81914 0.78003 0.83900 0.87727 0.90409 0.88414 0.89601 0.91732 0.92996 0.91889 0.90431 0.89823 0.89158 0.88500 0.89427 0.89179 0.90483 0.89308 0.88754 0.89493 -9999 -9999 -9999 -9999 -9999 -9999 -9999 -9999 -9999 -9999 -9999 -9999 -9999 -9999 -9999 0.88762 0.89086 -9999 -9999 -9999 -9999 0.73845 0.66607 0.60759 0.63145 0.70477 0.72054 0.70276 0.67050 0.63257 0.61977
0.89051 0.83118 0.91289 0.97126 0.94491 0.89616 0.85959 0.84472 0.90273 0.90234 0.89815 0.86840 0.86420 0.87875 0.86527 0.87542 0.84692 0.84965 0.82677 0.81668 0.82287 0.87480 0.87273 0.88507 0.90448 0.91157 0.94394 0.95564 0.94730 0.96182 0.94503 0.93790 0.93129 0.92875 0.91295 0.91330 0.91694 0.90961 0.91826 0.90698 0.90425 0.90864 0.91465 0.92946 0.93535 0.92087 0.79267 0.75358 0.77987 0.75846 0.75624 0.78938 0.77847 0.77025 0.85198 0.86458 0.87744 0.87324 0.88340 -9999 -9999 -9999 -9999 -9999 0.76183 0.69829 0.66072 0.63721 0.63485 0.63669 0.58611 0.59352 0.57997
0.85688 0.78307 0.84536 0.91955 0.92238 0.93589 0.95155 0.98484 0.99210 0.96904 0.96198 0.94281 0.91879 0.90835 0.89848 0.88483 0.86442 0.85489 0.86425 0.87051 0.88987 0.89432 0.89770 0.90061 0.91356 0.92298 0.95217 0.95771 0.96352 0.96670 0.94747 0.94297 0.94675 0.93884 0.93565 0.93105 0.92813 0.92810 0.91697 0.91340 0.90751 0.90255 0.91037 0.90004 0.91541 0.90920 0.80537 0.76154 0.80216 0.83703 0.79903 0.71433 0.66919 0.75387 0.68274 0.68107 0.70052 0.75624 0.77577 0.75853 0.82609 0.87443 0.84554 0.82424 0.79289 0.77826 0.72089 0.67650 0.61678 0.60984 0.56549 0.52026 0.51073
0.90893 0.77452 0.76191 0.81909 0.86476 0.86181 1.02513 1.02799 1.02028 0.99807 0.99303 0.96751 0.94176 0.93093 0.92050 0.92101 0.88988 0.85863 0.85107 0.88675 0.90280 0.92470 0.92302 0.93351 0.94542 0.95467 0.98332 0.98984 0.98179 0.99232 0.97359 0.96979 0.96674 0.95903 0.95791 0.94578 0.96178 0.94622 0.93828 0.92028 0.92626 0.92533 0.93332 0.92493 0.91973 0.93166 0.90560 0.87547 0.83794 0.86768 0.81996 0.82578 0.76506 0.69481 0.65655 0.68062 0.68544 0.68082 0.71344 0.66371 0.72315 0.80666 0.83572 0.83192 0.82766 0.80511 0.74960 0.66890 0.58450 0.57021 0.53801 0.50948 0.48348
0.75978 0.95091 0.87080 0.94405 0.97398 0.87392 0.95370 1.00250 1.01975 1.03437 1.01773 0.99698 0.97332 0.95730 0.95235 0.93478 0.90663 0.78731 0.81363 0.84912 0.86108 0.90702 0.93998 0.94816 0.97632 0.98916 0.99865 1.00151 1.01575 1.01337 1.02811 1.01294 1.01420 1.00864 1.00278 0.97725 0.96058 0.93143 0.91538 0.93004 0.84609 0.82034 0.84350 0.89459 0.93234 0.95503 0.93751 0.88609 0.83287 0.81633 0.80950 0.79872 0.77676 0.79488 0.80155 0.72532 0.70464 0.68039 0.65347 0.62645 0.61295 0.68054 0.70112 0.71880 0.71844 0.71594 0.68201 0.64870 0.61351 0.60024 0.57264 0.53791 0.52771
0.70631 0.71248 0.81594 0.96273 0.96137 0.88476 0.87971 0.96973 0.81342 0.83701 0.86555 0.95353 0.97884 0.97380 0.97227 0.96244 0.92399 0.86224 0.83558 0.87371 0.89109 0.92946 0.95692 0.98889 1.02041 1.02526 1.04139 1.04938 1.04781 1.03881 1.01530 1.03673 1.02642 0.98666 0.96772 0.94790 0.93648 0.89129 0.87018 0.90313 0.91397 0.89484 0.82100 0.81545 0.85074 0.87926 0.92002 0.84909 0.81260 0.80352 0.80595 0.83280 0.75870 0.70860 0.70317 0.64516 0.70646 0.74389 0.72991 0.73314 0.73143 0.67484 0.61515 0.68218 0.62833 0.66489 0.67218 0.65231 0.64519 0.69733 0.66553 0.58098 0.56288
0.70605 0.66857 0.66239 0.81152 0.88898 0.93494 0.94672 0.99218 0.89767 0.75178 0.67651 0.62573 0.73236 0.82632 0.89016 0.96435 0.96729 0.97065 0.96171 0.96349 0.94826 0.97565 0.99259 1.00489 1.02988 1.04900 1.04311 1.02367 1.03979 1.02535 1.00381 0.99934 1.03339 0.97296 0.94988 0.88489 0.92701 0.92782 0.88396 0.86071 0.87975 0.88002 0.81342 0.85096 0.83784 0.84734 0.87613 0.89366 0.90024 0.86566 0.83789 0.81832 0.79156 0.77252 0.71814 0.68022 0.71756 0.64564 0.66910 0.69847 0.72107 0.73820 0.75059 0.73638 0.69873 0.67359 0.68519 0.68571 0.70303 0.73711 0.72511 0.65542 0.58612
0.64254 0.64350 0.66823 0.68978 0.69641 0.73918 0.82664 0.93243 1.03365 0.94047 0.84101 0.76438 0.67771 0.66895 0.68099 0.70837 0.79382 0.83641 0.91000 0.93604 0.95878 0.97443 1.00962 1.01095 1.03494 1.05198 1.00360 0.97437 1.04810 0.91911 0.90210 0.90429 0.92462 0.91752 0.91446 0.88178 0.92031 0.89657 0.86883 0.85939 0.88776 0.82575 0.80907 0.77750 0.77954 0.78101 0.79777 0.81288 0.75383 0.73815 0.69974 0.69740 0.69403 0.70243 0.64949 0.71380 0.71173 0.65783 0.70628 0.70958 0.72105 0.79721 0.76510 0.75269 0.69474 0.70519 0.72578 0.73363 0.76673 0.77540 0.73440 0.61953 0.61392
0.64946 0.67725 0.66322 0.65577 0.69131 0.74102 0.73861 0.82994 0.85067 0.83382 0.84055 0.87570 0.84839 0.82424 0.76037 0.68407 0.65921 0.68271 0.73359 0.77133 0.88526 0.96475 1.00760 1.02133 1.03596 0.99806 0.94838 0.96008 0.96658 0.95119 0.87752 0.91130 0.86312 0.96325 0.95993 0.91434 0.84229 0.85787 0.89184 0.90488 0.86940 0.82724 0.73974 0.71983 0.71774 0.73400 0.72810 0.66904 0.64225 0.66319 0.63579 0.58438 0.63138 0.59614 0.66775 0.62300 0.71186 0.75858 0.76881 0.81002 0.79111 0.79469 0.74956 0.79345 0.82496 0.83119 0.78819 0.77968 0.80273 0.79188 0.68130 0.61861 0.68337
0.73495 0.75284 0.69920 0.67236 0.69023 0.69955 0.71606 0.79996 0.90581 0.71517 0.73219 0.78122 0.67808 0.64901 0.61810 0.87416 0.71972 0.61597 0.62422 0.66313 0.73973 0.96452 1.02761 1.05501 1.06231 1.02089 0.98813 0.98995 0.96975 0.96070 0.95443 0.94662 1.02852 0.99029 0.92357 0.92968 0.86318 0.83953 0.76454 0.82115 0.82295 0.78700 0.86367 0.86204 0.79733 0.74687 0.69557 0.67059 0.63905 0.66707 0.65673 0.64947 0.61542 0.60617 0.63463 0.63728 0.73836 0.76269 0.82977 0.86207 0.81738 0.79208 0.88984 0.91215 0.89613 0.90037 0.87153 0.82079 0.79716 0.79678 0.73823 0.74147 0.71384
0.73212 0.75826 0.74662 0.75312 0.76838 0.75854 0.78042 0.78263 0.78921 0.77335 0.77515 0.79529 0.71267 0.67690 0.63181 0.64427 0.71228 0.75966 0.71477 0.70902 0.75769 0.80151 0.92497 1.03478 1.06379 1.06537 1.03126 1.05425 0.99417 1.00674 1.03950 0.98880 0.96429 0.96188 0.93304 0.91057 0.87679 0.81962 0.73824 0.73136 0.71375 0.72605 0.84708 0.86639 0.79938 0.75006 0.70392 0.64933 0.62100 0.65295 0.67953 0.61242 0.64028 0.65422 0.67501 0.71030 0.65802 0.72455 0.78367 0.82905 0.84399 0.92137 0.94411 0.93942 0.90819 0.86026 0.78252 0.79912 0.79760 0.79423 0.76502 0.74167 0.69781
0.68614 0.69730 0.72969 0.77848 0.80627 0.83512 0.85349 0.87779 0.80583 0.72941 0.75600 0.80379 0.79223 0.72441 0.69011 0.67412 0.60912 0.64426 0.69995 0.77131 0.83989 0.82015 0.81582 0.87728 1.00613 1.02262 1.00274 0.96012 0.99985 0.98100 1.05687 1.01178 0.94944 0.86695 0.86071 0.77155 0.81243 0.71591 0.63918 0.68270 0.68740 0.62813 0.67254 0.74432 0.74048 0.71667 0.71661 0.67603 0.63695 0.69113 0.71743 0.72409 0.72717 0.72144 0.71197 0.68165 0.71983 0.69544 0.78665 0.79722 0.81986 0.85577 0.89335 0.91704 0.88761 0.86106 0.80904 0.75188 0.74017 0.76016 0.75714 0.68776 0.64504
0.62788 0.62992 0.67471 0.70635 0.75826 0.79708 0.86891 0.83216 0.83870 0.78911 0.68590 0.71569 0.77612 0.77497 0.70186 0.66078 0.61402 0.61620 0.65426 0.67533 0.71306 0.76351 0.81634 0.88766 0.88489 0.96533 1.01974 0.96835 1.04402 0.97630 1.02334 0.87426 0.82633 0.89384 0.78628 0.71257 0.72723 0.73354 0.66459 0.63753 0.62063 0.64860 0.65514 0.67139 0.68460 0.67701 0.67862 0.64492 0.65390 0.63944 0.64030 0.63565 0.63216 0.64397 0.66061 0.71731 0.75785 0.80153 0.83361 0.82707 0.82481 0.84040 0.83822 0.85819 0.85140 0.82708 0.73361 0.68899 0.68235 0.69541 0.71119 0.70239 0.71647
0.61851 0.63182 0.62001 0.69724 0.72587 0.80472 0.81954 0.88564 0.96416 0.87684 0.78649 0.68873 0.70368 0.70049 0.66490 0.69615 0.67487 0.68648 0.60054 0.66890 0.72155 0.76017 0.81150 0.80429 0.77323 0.88798 0.98198 1.02743 0.91547 0.95515 0.93092 0.83575 0.77172 0.83941 0.76910 0.72519 0.66761 0.66465 0.65537 0.63512 0.64195 0.62714 0.65258 0.63755 0.70483 0.67719 0.65103 0.64509 0.65325 0.63769 0.64951 0.67582 0.65505 0.68787 0.68404 0.71686 0.75779 0.78158 0.80174 0.79512 0.80028 0.79167 0.70855 0.73145 0.71707 0.72694 0.69437 0.72980 0.71137 0.69037 0.69018 0.64702 0.60212
0.61015 0.60514 0.60955 0.58664 0.63200 0.69563 0.73431 0.76759 0.83205 0.76661 0.76954 0.71149 0.63303 0.65609 0.69870 0.71146 0.67771 0.68611 0.69108 0.64536 0.65341 0.71982 0.80278 0.88641 0.85041 0.90833 1.05282 0.99628 0.97791 0.93407 0.85017 0.80301 0.75574 0.71990 0.73742 0.67775 0.62265 0.58674 0.62583 0.63019 0.60698 0.65981 0.69373 0.71884 0.77514 0.80521 0.77784 0.76998 0.77009 0.77010 0.75062 0.70846 0.66866 0.66810 0.68960 0.72207 0.72850 0.74027 0.73691 0.74632 0.70552 0.64779 0.61207 0.64306 0.62830 0.64350 0.67604 0.69677 0.68549 0.67762 0.63402 0.63502 0.64753
0.61119 0.62343 0.58583 0.59894 0.54574 0.60232 0.65670 0.63278 0.63149 0.64963 0.66826 0.61500 0.61712 0.64590 0.63133 0.63938 0.68141 0.67838 0.65769 0.62298 0.58199 0.67393 0.77030 0.80463 0.75194 0.82212 0.85468 0.80904 0.87601 0.89358 0.79559 0.75507 0.71204 0.71464 0.67864 0.67759 0.62887 0.60661 0.63928 0.69725 0.65852 0.70460 0.79808 0.79982 0.78263 0.76487 0.70130 0.72809 -9999 -9999 0.73051 0.71224 0.71817 0.66795 0.66824 0.69620 0.68709 0.66626 0.67946 0.62999 0.59864 0.57816 0.60372 0.57568 0.56993 0.55196 0.62535 0.66066 0.65413 0.69896 0.63048 0.65976 0.67411
0.62004 0.59038 0.58540 0.59740 0.56682 0.61062 0.58457 0.58992 0.58813 0.59207 0.57591 0.56157 0.59411 0.61431 0.57148 0.60438 0.62978 0.59247 0.60492 0.63197 0.63443 0.62761 0.57880 0.64673 0.66464 0.72909 0.74473 0.77050 0.74194 0.82121 0.75675 0.69305 0.68378 0.67084 0.63725 0.71302 0.78669 -9999 -9999 -9999 -9999 0.79834 -9999 0.70655 0.63256 0.67851 0.68587 0.76894 -9999 -9999 0.67254 0.66888 0.66977 0.66587 0.67926 0.66868 0.65341 0.62615 0.62946 0.61876 0.59979 0.60881 0.63467 0.53525 0.52539 0.54607 0.64145 0.66219 0.67885 0.72872 -9999 -9999 -9999
0.61332 0.57792 0.57872 0.62381 0.55376 0.58327 0.62637 0.61410 0.61553 0.60472 0.57071 0.55260 0.57327 0.62283 0.57648 0.56094 0.54610 0.55441 0.53727 0.58199 0.57661 0.59143 0.57694 0.60878 0.61340 0.63295 0.67044 0.70170 0.69309 0.69395 0.66484 0.66244 0.62808 0.67976 0.70604 -9999 -9999 -9999 -9999 -9999 -9999 -9999 0.72565 0.70339 0.70146 -9999 -9999 -9999 -9999 -9999 0.70140 0.66053 0.58917 0.60294 0.57988 0.60870 0.63347 0.61239 0.66842 0.67982 0.65035 0.62493 0.66430 0.67770 0.62293 0.56969 0.64248 0.72107 -9999 -9999 -9999 -9999 -9999
0.57853 0.59028 0.60895 0.63191 0.62499 0.56889 0.61276 0.63241 0.61675 0.61602 0.57074 0.62236 0.61541 0.62807 0.59577 0.57285 0.57574 0.55686 0.56378 0.55642 0.54700 0.51051 0.51542 0.54114 0.55044 0.56563 0.55770 0.58900 0.61720 0.60365 0.63588 0.65870 0.67889 0.78500 -9999 -9999 -9999 -9999 -9999 -9999 -9999 -9999 -9999 0.72594 -9999 -9999 -9999 -9999 0.72783 0.70199 0.66764 0.61620 0.56935 0.60309 0.62268 0.63252 0.62485 0.65902 0.67732 0.68523 0.68557 0.64880 0.66646 0.65891 0.66464 -9999 -9999 -9999 -9999 -9999 -9999 -9999 -9999
