data/hydroclimate-scenarios/BCSD_hadcm_B1/monthly_summaries/vpd_monthly_avg_jun.2030-2059.asc
ncols	311
nrows	91
xllcenter	102.75
yllcenter	31.75
cellsize	0.5
NODATA_value	-9999
[rows 0 to 32 of 91, columns 219 to 291 of 311]
-9999 -9999 -9999 -9999 -9999 -9999 -9999 -9999 -9999 -9999 -9999 -9999 -9999 -9999 -9999 -9999 -9999 -9999 -9999 -9999 -9999 -9999 -9999 -9999 -9999 -9999 -9999 -9999 -9999 -9999 -9999 -9999 -9999 -9999 -9999 -9999 -9999 -9999 -9999 -9999 -9999 -9999 -9999 -9999 -9999 -9999 -9999 -9999 -9999 -9999 -9999 -9999 -9999 -9999 -9999 -9999 -9999 -9999 -9999 -9999 -9999 -9999 -9999 -9999 -9999 -9999 -9999 -9999 -9999 -9999 -9999 -9999 -9999
-9999 -9999 -9999 -9999 -9999 -9999 -9999 -9999 -9999 -9999 -9999 -9999 -9999 -9999 -9999 -9999 -9999 -9999 -9999 -9999 -9999 -9999 -9999 -9999 -9999 -9999 -9999 -9999 -9999 -9999 -9999 -9999 -9999 -9999 -9999 -9999 -9999 -9999 -9999 -9999 -9999 -9999 -9999 -9999 -9999 -9999 -9999 -9999 -9999 -9999 -9999 -9999 -9999 -9999 -9999 -9999 -9999 -9999 -9999 -9999 -9999 -9999 -9999 -9999 -9999 -9999 -9999 -9999 -9999 -9999 -9999 -9999 -9999
-9999 -9999 -9999 -9999 -9999 -9999 -9999 -9999 -9999 -9999 -9999 -9999 -9999 -9999 -9999 -9999 -9999 -9999 -9999 -9999 -9999 -9999 -9999 -9999 -9999 -9999 -9999 -9999 -9999 -9999 -9999 -9999 -9999 -9999 -9999 -9999 -9999 -9999 -9999 -9999 -9999 -9999 -9999 -9999 -9999 -9999 -9999 -9999 -9999 -9999 -9999 -9999 -9999 -9999 -9999 -9999 -9999 -9999 -9999 -9999 -9999 -9999 -9999 -9999 -9999 -9999 -9999 -9999 -9999 -9999 -9999 -9999 -9999
-9999 -9999 -9999 -9999 -9999 -9999 -9999 -9999 -9999 -9999 -9999 -9999 -9999 -9999 -9999 -9999 -9999 -9999 -9999 -9999 -9999 -9999 -9999 -9999 -9999 -9999 -9999 -9999 -9999 -9999 -9999 -9999 -9999 -9999 -9999 -9999 -9999 -9999 -9999 -9999 -9999 -9999 -9999 -9999 -9999 -9999 -9999 -9999 -9999 -9999 -9999 -9999 -9999 -9999 -9999 -9999 -9999 -9999 -9999 -9999 -9999 -9999 -9999 -9999 -9999 -9999 -9999 -9999 -9999 -9999 -9999 -9999 -9999
-9999 -9999 -9999 -9999 -9999 -9999 -9999 -9999 -9999 -9999 -9999 -9999 -9999 -9999 -9999 -9999 -9999 -9999 -9999 -9999 -9999 -9999 -9999 -9999 -9999 -9999 -9999 -9999 -9999 -9999 -9999 -9999 -9999 -9999 -9999 -9999 -9999 -9999 -9999 -9999 -9999 -9999 -9999 -9999 -9999 -9999 -9999 -9999 -9999 -9999 -9999 -9999 -9999 -9999 -9999 -9999 -9999 -9999 -9999 -9999 -9999 -9999 -9999 -9999 -9999 -9999 -9999 -9999 -9999 -9999 -9999 -9999 -9999
-9999 -9999 -9999 -9999 -9999 -9999 -9999 -9999 -9999 -9999 -9999 -9999 -9999 -9999 -9999 -9999 -9999 -9999 -9999 -9999 -9999 -9999 -9999 -9999 -9999 -9999 -9999 -9999 -9999 -9999 -9999 -9999 -9999 -9999 -9999 -9999 -9999 -9999 -9999 -9999 -9999 -9999 -9999 -9999 -9999 -9999 -9999 -9999 -9999 -9999 -9999 -9999 -9999 -9999 -9999 -9999 -9999 -9999 -9999 -9999 -9999 -9999 -9999 -9999 -9999 -9999 -9999 -9999 -9999 -9999 -9999 -9999 -9999
-9999 -9999 -9999 -9999 -9999 -9999 -9999 -9999 -9999 -9999 -9999 -9999 -9999 -9999 -9999 -9999 -9999 -9999 -9999 -9999 -9999 -9999 -9999 -9999 -9999 -9999 -9999 -9999 -9999 -9999 -9999 -9999 -9999 -9999 -9999 -9999 -9999 -9999 -9999 -9999 -9999 -9999 -9999 -9999 -9999 -9999 -9999 -9999 -9999 -9999 -9999 -9999 -9999 -9999 -9999 -9999 -9999 -9999 -9999 -9999 -9999 -9999 -9999 -9999 -9999 -9999 -9999 -9999 -9999 -9999 -9999 -9999 -9999
-9999 -9999 -9999 -9999 -9999 -9999 -9999 -9999 -9999 -9999 -9999 -9999 -9999 -9999 -9999 -9999 -9999 -9999 -9999 -9999 -9999 -9999 -9999 -9999 -9999 -9999 -9999 -9999 -9999 -9999 -9999 -9999 -9999 -9999 -9999 -9999 -9999 -9999 -9999 -9999 -9999 -9999 -9999 -9999 -9999 -9999 -9999 -9999 -9999 -9999 -9999 -9999 -9999 -9999 -9999 -9999 -9999 -9999 -9999 -9999 -9999 -9999 -9999 -9999 -9999 -9999 -9999 -9999 -9999 -9999 -9999 -9999 -9999
-9999 -9999 -9999 -9999 -9999 -9999 -9999 -9999 -9999 -9999 -9999 -9999 -9999 -9999 -9999 -9999 -9999 -9999 -9999 -9999 -9999 -9999 -9999 -9999 -9999 -9999 -9999 -9999 -9999 -9999 -9999 -9999 -9999 -9999 -9999 -9999 -9999 -9999 -9999 -9999 -9999 -9999 -9999 -9999 -9999 -9999 -9999 -9999 -9999 -9999 -9999 -9999 -9999 -9999 -9999 -9999 -9999 -9999 -9999 -9999 -9999 -9999 -9999 -9999 -9999 -9999 -9999 -9999 -9999 -9999 -9999 -9999 -9999
-9999 -9999 -9999 -9999 -9999 -9999 -9999 -9999 -9999 -9999 -9999 -9999 -9999 -9999 -9999 -9999 -9999 -9999 -9999 -9999 -9999 -9999 -9999 -9999 -9999 -9999 -9999 -9999 -9999 -9999 -9999 -9999 -9999 -9999 -9999 -9999 -9999 -9999 -9999 -9999 -9999 -9999 -9999 -9999 -9999 -9999 -9999 -9999 -9999 -9999 -9999 -9999 -9999 -9999 -9999 -9999 -9999 -9999 -9999 -9999 -9999 -9999 -9999 -9999 -9999 -9999 -9999 -9999 -9999 -9999 -9999 -9999 -9999
-9999 -9999 -9999 -9999 -9999 -9999 -9999 -9999 -9999 -9999 -9999 -9999 -9999 -9999 -9999 -9999 -9999 -9999 -9999 -9999 -9999 -9999 -9999 -9999 -9999 -9999 -9999 -9999 -9999 -9999 -9999 -9999 -9999 -9999 -9999 -9999 -9999 -9999 -9999 -9999 -9999 -9999 -9999 -9999 -9999 -9999 -9999 -9999 -9999 -9999 -9999 -9999 -9999 -9999 -9999 -9999 -9999 -9999 -9999 -9999 -9999 -9999 -9999 -9999 -9999 -9999 -9999 -9999 -9999 -9999 -9999 -9999 -9999
-9999 -9999 -9999 -9999 -9999 -9999 -9999 -9999 -9999 -9999 -9999 -9999 -9999 -9999 -9999 -9999 -9999 -9999 -9999 -9999 -9999 -9999 -9999 -9999 -9999 -9999 -9999 -9999 -9999 -9999 -9999 -9999 -9999 -9999 -9999 -9999 -9999 -9999 -9999 -9999 -9999 -9999 -9999 -9999 -9999 -9999 -9999 -9999 -9999 -9999 -9999 -9999 -9999 -9999 -9999 -9999 -9999 -9999 -9999 -9999 -9999 -9999 -9999 -9999 -9999 -9999 -9999 -9999 -9999 -9999 -9999 -9999 -9999
-9999 -9999 -9999 -9999 -9999 -9999 -9999 -9999 -9999 -9999 -9999 -9999 -9999 -9999 -9999 -9999 -9999 -9999 -9999 -9999 -9999 -9999 -9999 -9999 -9999 -9999 -9999 -9999 -9999 -9999 -9999 -9999 -9999 -9999 -9999 -9999 -9999 -9999 -9999 -9999 -9999 -9999 -9999 -9999 -9999 -9999 -9999 -9999 -9999 -9999 -9999 -9999 -9999 -9999 -9999 -9999 -9999 -9999 -9999 -9999 -9999 -9999 -9999 -9999 -9999 -9999 -9999 -9999 -9999 -9999 -9999 -9999 -9999
-9999 -9999 -9999 -9999 -9999 -9999 -9999 -9999 -9999 -9999 -9999 -9999 -9999 -9999 -9999 -9999 -9999 -9999 -9999 -9999 -9999 -9999 -9999 -9999 -9999 -9999 -9999 -9999 -9999 -9999 -9999 -9999 -9999 -9999 -9999 -9999 -9999 -9999 -9999 -9999 -9999 0.58448 -9999 -9999 -9999 -9999 -9999 -9999 -9999 -9999 -9999 -9999 -9999 -9999 -9999 -9999 -9999 -9999 -9999 -9999 -9999 -9999 -9999 -9999 -9999 -9999 -9999 -9999 -9999 -9999 -9999 -9999 -9999
0.70445 0.69748 0.70953 0.70065 0.70732 0.67371 0.65905 0.58826 0.56687 0.56695 0.56677 0.58049 0.68857 -9999 -9999 -9999 -9999 -9999 -9999 -9999 -9999 -9999 -9999 -9999 -9999 -9999 -9999 -9999 -9999 -9999 -9999 -9999 -9999 -9999 -9999 -9999 0.59703 0.62911 0.58900 0.51680 0.47034 0.48829 0.57482 -9999 -9999 -9999 0.49547 -9999 -9999 -9999 0.53602 0.52297 0.50896 -9999 -9999 -9999 -9999 -9999 -9999 -9999 -9999 -9999 -9999 -9999 -9999 -9999 -9999 -9999 -9999 -9999 -9999 -9999 -9999
0.87400 0.84026 0.80835 0.77388 0.75705 0.66687 0.64102 0.57954 0.59140 0.61780 0.65767 0.68413 0.66888 0.65239 0.65364 0.59970 0.59136 0.60347 0.65795 -9999 -9999 -9999 -9999 -9999 0.78999 0.80639 0.81372 0.80388 0.78265 0.76912 0.74988 0.75963 0.75986 0.77062 0.76798 0.75809 0.56860 0.56689 0.52658 0.53145 0.45752 0.44562 0.56932 0.53893 0.52536 0.50749 0.50036 0.49773 0.51171 0.51356 0.49515 0.46238 0.42269 0.43259 0.47416 0.50989 0.48959 0.52094 -9999 -9999 -9999 -9999 -9999 -9999 -9999 -9999 -9999 -9999 -9999 -9999 -9999 -9999 -9999
0.76486 0.66195 0.64688 0.64924 0.69805 0.59590 0.55781 0.50524 0.58418 0.59951 0.69460 0.74173 0.73259 0.73812 0.69158 0.64193 0.60618 0.58965 0.60822 0.63287 0.69461 0.71472 0.74679 0.78202 0.81876 0.84716 0.84585 0.83166 0.81133 0.81091 0.80081 0.77651 0.75670 0.75272 0.74815 0.74766 0.74001 0.71264 0.70006 0.69821 0.62506 0.59513 0.58829 0.57284 0.53568 0.51966 0.50758 0.50274 0.51550 0.50700 0.50225 0.50701 0.51387 0.51529 0.52082 0.51817 0.49724 0.45836 0.47604 0.49113 0.51241 0.50851 0.51607 0.51207 0.49963 0.49676 -9999 -9999 -9999 -9999 -9999 -9999 -9999
0.67448 0.71226 0.71318 0.78209 0.84726 0.85926 0.72506 0.76056 0.88870 0.94332 0.90965 0.98137 0.90196 0.82131 0.77870 0.71857 0.69686 0.66518 0.64888 0.64218 0.64407 0.63560 0.64402 0.66733 0.73966 0.86903 0.88778 0.89706 0.89074 0.85517 0.82356 0.79310 0.77923 0.77283 0.77085 0.75845 0.78661 0.79377 0.77812 0.75657 0.66860 0.64284 0.63060 0.61274 0.57579 0.55934 0.55015 0.53445 0.54351 0.53651 0.52962 0.53522 0.53554 0.53559 0.53562 0.53350 0.49589 0.48987 0.51391 0.52235 0.52438 0.49238 0.49030 0.47563 0.47115 0.48866 -9999 0.54112 -9999 -9999 -9999 -9999 -9999
0.90918 0.88515 0.93490 1.04316 0.96999 0.95485 1.01065 1.07288 1.02973 1.05124 1.11029 1.14250 0.98872 0.91295 0.77070 0.74760 0.73708 0.74754 0.75167 0.72150 0.70416 0.63855 0.63551 0.63246 0.72431 0.88299 0.90230 0.91244 0.92633 0.92208 0.87194 0.85428 0.87046 0.85054 0.85508 0.84012 0.85858 0.84056 0.82681 0.80492 0.73864 0.70948 0.67976 0.66400 0.63636 0.61006 0.60012 0.58740 0.57816 0.57878 0.56949 0.55169 0.57010 0.57408 0.56273 0.55156 0.52535 0.53828 0.54659 0.52841 0.52191 0.51478 0.51409 0.50434 0.48818 0.47952 0.50960 -9999 -9999 -9999 -9999 -9999 -9999
1.00628 1.08638 1.13793 1.18116 1.20086 1.22557 1.20546 1.19872 1.13997 1.12278 1.19020 1.16750 0.99854 0.91003 0.86855 0.79255 0.73700 0.71869 0.73043 0.74885 0.78685 0.80365 0.78289 0.67269 0.76787 0.84536 0.91967 0.94486 0.96570 0.96863 0.95401 0.96236 0.93472 0.90726 0.91676 0.92972 0.86889 0.86002 0.88224 0.87465 0.82225 0.77405 0.73684 0.72316 0.69330 0.65924 0.65646 0.64717 0.63644 0.63382 0.62213 0.60279 0.60317 0.61010 0.59746 0.59990 0.60222 0.59765 0.57088 0.57253 0.56211 0.55699 0.53404 0.52175 0.50523 0.49321 0.50647 0.53187 -9999 -9999 -9999 -9999 -9999
1.21869 1.25653 1.40815 1.42870 1.39973 1.37522 1.34407 1.27405 1.22066 1.12323 1.10033 1.09358 1.03484 0.92814 0.90072 0.81125 0.76601 0.76951 0.74356 0.79106 0.83011 0.83318 0.81372 0.74675 0.74596 0.87216 0.92960 0.96481 0.99246 0.99623 1.00346 1.00057 0.99885 0.98947 0.96999 0.99021 0.97992 0.96829 0.97218 0.96746 0.90279 0.85067 0.81600 0.76893 0.73315 0.72647 0.71806 0.70957 0.69798 0.70563 0.69069 0.69144 0.71171 0.71996 0.68502 0.67976 0.69090 0.65640 0.64593 0.63474 0.60995 0.55509 0.55329 0.54094 0.52858 0.51827 0.51490 0.51118 0.51284 0.51815 0.54041 0.53633 -9999
1.32145 1.29946 1.32616 1.31492 1.31871 1.34641 1.34193 1.29392 1.21810 1.18042 1.16949 1.16886 1.06493 0.95700 0.89347 0.84530 0.80003 0.79098 0.77767 0.82853 0.84689 0.84688 0.84032 0.79943 0.74047 0.82512 0.88435 0.97098 1.01390 1.03330 1.03242 1.04543 1.04327 1.04904 1.04189 1.04735 1.06188 1.08424 1.10756 1.06020 0.97605 0.91876 0.89697 0.84723 0.80609 0.80013 0.81690 0.81685 0.79366 0.82627 0.80636 0.78026 0.75361 0.75343 0.74651 0.72156 0.71564 0.70446 0.70334 0.71543 0.68769 0.62451 0.61626 0.60326 0.58196 0.57672 0.60463 0.58961 0.58085 0.57410 0.57834 0.58536 0.59006
0.87689 0.81908 0.86302 0.91990 1.05336 1.03297 1.07884 1.23607 1.13177 1.10250 1.04378 1.10949 0.97786 0.89485 0.89568 0.87179 0.83996 0.81205 0.76523 0.82357 0.82227 0.83164 0.85163 0.86836 0.87370 0.92881 0.93031 0.90442 0.92319 0.96021 0.92297 0.88818 0.91775 0.94462 0.93326 1.00383 1.07750 1.10312 1.09908 1.06670 1.00798 0.89823 0.86640 0.82116 0.83427 0.81692 0.84002 0.83531 0.81312 0.79691 0.79841 0.79005 0.78961 0.79651 0.76805 0.76836 0.77859 0.76695 0.78540 0.77535 0.72028 0.69682 0.67671 0.66740 0.65012 0.63900 0.64539 0.63537 0.62256 0.62056 0.62204 0.60017 0.60059
0.90741 0.89250 0.86996 0.91476 0.89553 0.86932 0.84856 0.93205 0.98957 1.11046 1.07874 1.11583 0.94241 0.86855 0.85274 0.87650 0.85670 0.83574 0.79781 0.80216 0.80352 0.80239 0.80344 0.81041 0.82418 0.89138 0.86093 0.84937 0.79691 0.78114 0.73641 0.74023 0.75465 0.77385 0.71731 0.72951 0.81114 0.84209 0.87085 0.87214 0.97458 0.99393 0.95418 0.88617 0.91615 0.94717 0.90154 0.88965 0.88748 0.85362 0.86091 0.87845 0.84200 0.78455 0.77466 0.82125 0.80507 0.76150 0.78839 0.79232 0.77343 0.76444 0.76053 0.75139 0.72839 0.70211 0.69440 0.69033 0.67512 0.66644 0.66534 0.65818 0.63585
1.15945 1.09614 0.95725 0.90864 0.88749 0.92678 0.81961 0.78221 0.72423 0.78823 0.82074 0.99531 1.01696 0.88770 0.87899 0.83146 0.84366 0.82391 0.79800 0.82426 0.79946 0.82541 0.78949 0.78601 0.75908 0.74259 0.76490 0.72824 0.74224 0.72611 0.70403 0.67321 0.65421 0.65251 0.58936 0.58041 0.63771 0.62235 0.60497 0.59896 0.62248 0.69555 0.85266 0.94825 0.94935 0.97256 0.97119 0.89044 0.87759 0.90185 0.89528 0.89158 0.90954 0.89885 0.84531 0.79169 0.76698 0.76730 0.83806 0.89081 0.89715 0.88232 0.87131 0.85674 0.82453 0.80197 0.77820 0.74902 0.71996 0.70669 0.68910 0.68079 0.68887
0.94850 0.94182 0.95730 0.96929 0.96707 0.93163 0.87057 0.80708 0.79010 0.91170 0.99618 1.03871 0.98004 0.91164 0.86909 0.85941 0.85676 0.87426 0.85529 0.85818 0.82920 0.83598 0.84186 0.85358 0.84386 0.85106 0.83025 0.83882 0.80868 0.78166 0.78886 0.72114 0.68824 0.67095 0.61873 0.59275 0.65167 0.63123 0.62009 0.59729 0.60160 0.67141 0.73912 0.81915 0.87781 0.93215 0.98531 0.87567 0.80346 0.88685 0.91914 0.89709 0.92654 0.91193 0.88032 0.83344 0.83060 0.84593 0.86062 0.85392 0.91604 0.94935 0.94404 0.93689 0.90340 0.86879 0.83417 0.80666 0.77060 0.75296 0.73162 0.72001 0.72017
0.53841 0.48897 0.51316 0.61717 0.68758 0.62022 0.79141 0.96811 1.03869 1.00019 1.03990 1.02028 0.87868 0.83600 0.84460 0.80670 0.85579 0.88477 0.92135 0.94208 0.98297 0.96142 0.94493 0.97796 1.00393 0.96977 0.98419 0.97153 0.98711 0.96793 0.85489 0.82470 0.75804 0.71375 0.69221 0.67496 0.64348 0.61155 0.58697 0.61215 0.63251 0.58994 0.65668 0.73619 0.76556 0.83266 0.91560 0.95111 0.97193 0.89417 0.91612 0.92916 0.92075 0.92145 0.95065 0.90565 0.87987 0.85135 0.87964 0.92981 0.94911 0.97345 1.01089 1.04559 0.99717 0.94290 0.89766 0.87415 0.84927 0.80630 0.75833 0.73392 0.70968
0.69420 0.62337 0.55084 0.54145 0.58587 0.46092 0.47671 0.52407 0.63298 0.85477 1.01587 0.99895 0.91036 0.84999 0.82837 0.78249 0.81843 0.87246 0.94140 0.99142 0.99522 1.00649 1.01450 1.02741 0.99980 1.00425 1.01083 1.04623 0.94931 0.91180 0.92327 0.88420 0.78653 0.73187 0.72704 0.68993 0.63366 0.63578 0.59884 0.56211 0.53530 0.55011 0.64291 0.69893 0.69399 0.73311 0.81304 0.87807 1.00712 0.92339 0.91764 0.92147 0.95239 0.93783 0.95383 0.94573 0.94934 0.95533 0.96390 0.97923 0.98642 1.01371 1.07428 1.10614 1.08225 1.01765 0.96655 0.93371 0.89783 0.87060 0.80737 0.76939 0.73160
0.60516 0.71216 0.75820 0.77010 0.76657 0.76016 0.76768 0.69419 0.73326 0.66847 0.79884 1.06970 0.92805 0.88442 0.83301 0.72787 0.74517 0.80761 0.88349 0.93081 1.02789 1.06389 1.05367 1.08722 1.13726 1.13955 1.11634 1.04474 0.98645 0.98726 0.95476 0.86898 0.80861 0.79370 0.71845 0.68196 0.62105 0.60474 0.55903 0.53594 0.51545 0.48841 0.54611 0.52307 0.59071 0.61236 0.74635 0.85563 0.93614 1.02625 0.95888 0.94667 1.00027 1.01310 1.01983 1.02098 1.00772 1.01042 1.01504 1.00716 1.01083 1.01456 1.05060 1.09974 1.09978 1.07850 1.03512 0.99622 0.95199 0.92342 0.86719 0.83119 0.82638
0.56323 0.67134 0.79927 0.85636 0.91989 0.97111 0.76541 0.52352 0.46810 0.48841 0.52952 0.63227 0.65307 0.64225 0.70648 0.70267 0.75508 0.80081 0.84752 0.88944 0.94268 0.98505 1.02320 1.09287 1.14199 1.16611 1.16548 1.06522 1.03076 0.97124 0.98326 0.90420 0.83937 0.83136 0.77432 0.71309 0.65905 0.54208 0.56181 0.51306 0.54176 0.53788 0.51121 0.51470 0.55341 0.60596 0.67871 0.75581 0.85553 1.01750 0.99138 0.97152 1.03076 0.99804 0.93648 0.85611 0.83757 0.85327 0.89266 0.98315 1.06022 1.06864 1.06264 1.05958 1.05820 1.05722 0.95686 0.94077 1.02440 0.99985 0.96692 0.92416 0.93607
0.53165 0.50545 0.54082 0.66692 0.76559 0.90188 0.83759 0.65863 0.37536 0.31618 0.36615 0.42679 0.45945 0.48894 0.50565 0.52539 0.61809 0.66221 0.70682 0.74746 0.88010 0.93642 0.92242 0.98537 1.01603 1.09047 1.17771 1.10661 1.03261 0.94761 0.87729 0.86674 0.86160 0.84630 0.75264 0.69173 0.71632 0.61786 0.59225 0.58549 0.55056 0.56751 0.61395 0.67696 0.66241 0.65572 0.63291 0.70107 0.72390 0.83808 0.93239 0.92261 1.01305 1.04389 1.06669 1.03339 1.00373 1.02022 1.04115 1.08192 1.09303 1.07528 1.05558 1.03058 1.03592 1.03744 1.00380 0.99370 0.97488 0.96473 1.02350 1.00132 0.95569
-9999 0.30863 0.36017 0.38929 0.39377 0.54418 0.59211 0.64883 0.66636 0.68247 0.78617 0.55572 0.31914 0.27472 0.26815 0.26626 0.42111 0.53248 0.60273 0.66080 0.74944 0.80696 0.84273 0.85474 0.89934 1.00559 1.03005 1.03431 0.97797 0.95660 0.91062 0.81334 0.74348 0.72948 0.71873 0.65322 0.70751 0.73152 0.60842 0.61159 0.58496 0.61326 0.66823 0.67981 0.70756 0.69059 0.63708 0.68357 0.73217 0.83458 0.94710 0.96956 0.98475 1.00137 1.02855 1.06020 1.07072 1.08698 1.10009 1.09969 1.10674 1.10574 1.06695 1.01912 1.04159 1.04438 1.03489 1.02962 0.99858 1.04583 1.04301 1.00105 0.97371
-9999 -9999 -9999 0.44460 0.37220 0.34687 0.45311 0.43395 0.35393 0.35809 0.43224 0.37666 0.32512 0.28595 0.23578 0.22833 0.26333 0.32059 0.38575 0.51045 0.64352 0.74178 0.74622 0.72064 0.70977 0.80143 0.88252 0.97586 0.95230 0.93072 0.91973 0.89358 0.85121 0.79877 0.71843 0.74953 0.78553 0.79624 0.74906 0.76200 0.72223 0.71476 0.68794 0.73083 0.71444 0.72277 0.64497 0.68148 0.81542 0.93304 0.85980 0.83112 0.87056 0.91276 0.93532 0.94228 0.97956 1.01269 1.02198 1.02526 1.05923 1.04397 1.02759 1.00586 0.93890 0.97265 0.99252 1.02506 1.02740 1.02010 1.02101 1.00800 0.98661
