data/hydroclimate-scenarios/BCSD_hadcm_B1/monthly_summaries/vpd_monthly_avg_may.2070-2099.asc
ncols	311
nrows	91
xllcenter	102.75
yllcenter	31.75
cellsize	0.5
NODATA_value	-9999
[rows 0 to 32 of 91, columns 73 to 145 of 311]
-9999 -9999 -9999 -9999 -9999 -9999 -9999 -9999 -9999 -9999 -9999 -9999 -9999 -9999 -9999 -9999 -9999 -9999 -9999 -9999 -9999 -9999 -9999 -9999 -9999 -9999 -9999 -9999 -9999 -9999 -9999 -9999 -9999 -9999 -9999 -9999 -9999 -9999 -9999 -9999 -9999 -9999 -9999 -9999 -9999 -9999 -9999 -9999 -9999 -9999 -9999 -9999 -9999 -9999 -9999 -9999 -9999 -9999 -9999 -9999 -9999 -9999 -9999 -9999 -9999 -9999 -9999 -9999 -9999 -9999 -9999 -9999 -9999
-9999 -9999 -9999 -9999 -9999 -9999 -9999 -9999 -9999 -9999 -9999 -9999 -9999 -9999 -9999 -9999 -9999 -9999 -9999 -9999 -9999 -9999 -9999 -9999 -9999 -9999 -9999 -9999 -9999 -9999 -9999 -9999 -9999 -9999 -9999 -9999 -9999 -9999 -9999 -9999 -9999 -9999 -9999 -9999 -9999 -9999 -9999 -9999 -9999 -9999 -9999 -9999 -9999 -9999 -9999 -9999 -9999 -9999 -9999 -9999 -9999 -9999 -9999 -9999 -9999 -9999 -9999 -9999 -9999 -9999 -9999 -9999 -9999
-9999 -9999 -9999 -9999 -9999 -9999 -9999 -9999 -9999 -9999 -9999 -9999 -9999 -9999 -9999 -9999 -9999 -9999 -9999 -9999 -9999 -9999 -9999 -9999 -9999 -9999 -9999 -9999 -9999 -9999 -9999 -9999 -9999 -9999 -9999 -9999 -9999 -9999 -9999 -9999 -9999 -9999 -9999 -9999 -9999 -9999 -9999 -9999 -9999 -9999 -9999 -9999 -9999 -9999 -9999 -9999 -9999 -9999 -9999 -9999 -9999 -9999 -9999 -9999 -9999 -9999 -9999 -9999 -9999 -9999 -9999 -9999 -9999
-9999 -9999 -9999 -9999 -9999 -9999 -9999 -9999 -9999 -9999 -9999 -9999 -9999 -9999 -9999 -9999 -9999 -9999 -9999 -9999 -9999 -9999 -9999 -9999 -9999 -9999 -9999 -9999 -9999 -9999 -9999 -9999 -9999 -9999 -9999 -9999 -9999 -9999 -9999 -9999 -9999 -9999 -9999 -9999 -9999 -9999 -9999 -9999 -9999 -9999 -9999 -9999 -9999 -9999 -9999 -9999 -9999 -9999 -9999 -9999 -9999 -9999 -9999 -9999 -9999 -9999 -9999 -9999 -9999 -9999 -9999 -9999 -9999
-9999 -9999 -9999 -9999 -9999 -9999 -9999 -9999 -9999 -9999 -9999 -9999 -9999 -9999 -9999 -9999 -9999 -9999 -9999 -9999 -9999 -9999 -9999 -9999 -9999 -9999 -9999 -9999 -9999 -9999 -9999 -9999 -9999 -9999 -9999 -9999 -9999 -9999 -9999 -9999 -9999 -9999 -9999 -9999 -9999 -9999 -9999 -9999 -9999 -9999 -9999 -9999 -9999 -9999 -9999 -9999 -9999 -9999 -9999 -9999 -9999 -9999 -9999 -9999 -9999 -9999 -9999 -9999 -9999 -9999 -9999 -9999 -9999
-9999 -9999 -9999 -9999 -9999 -9999 -9999 -9999 -9999 -9999 -9999 -9999 -9999 -9999 -9999 -9999 -9999 -9999 -9999 -9999 -9999 -9999 -9999 -9999 -9999 -9999 -9999 -9999 -9999 -9999 -9999 -9999 -9999 -9999 -9999 -9999 -9999 -9999 -9999 -9999 -9999 -9999 -9999 -9999 -9999 -9999 -9999 -9999 -9999 -9999 -9999 -9999 -9999 -9999 -9999 -9999 -9999 -9999 -9999 -9999 -9999 -9999 -9999 -9999 -9999 -9999 -9999 -9999 -9999 -9999 -9999 -9999 -9999
-9999 -9999 -9999 -9999 -9999 -9999 -9999 -9999 -9999 -9999 -9999 -9999 -9999 -9999 -9999 -9999 -9999 -9999 -9999 -9999 -9999 -9999 -9999 -9999 -9999 -9999 -9999 -9999 -9999 -9999 -9999 -9999 -9999 -9999 -9999 -9999 -9999 -9999 -9999 -9999 -9999 -9999 -9999 -9999 -9999 -9999 -9999 -9999 -9999 -9999 -9999 -9999 -9999 -9999 -9999 -9999 -9999 -9999 -9999 -9999 -9999 -9999 -9999 -9999 -9999 -9999 -9999 -9999 -9999 -9999 -9999 -9999 -9999
-9999 -9999 -9999 -9999 -9999 -9999 -9999 -9999 -9999 -9999 -9999 -9999 -9999 -9999 -9999 -9999 -9999 -9999 -9999 -9999 -9999 -9999 -9999 -9999 -9999 -9999 -9999 -9999 -9999 -9999 -9999 -9999 -9999 -9999 -9999 -9999 -9999 -9999 -9999 -9999 -9999 -9999 -9999 -9999 -9999 -9999 -9999 -9999 -9999 -9999 -9999 -9999 -9999 -9999 -9999 -9999 -9999 -9999 -9999 -9999 -9999 -9999 -9999 -9999 -9999 -9999 -9999 -9999 -9999 -9999 -9999 -9999 -9999
-9999 -9999 -9999 -9999 0.32560 -9999 -9999 -9999 -9999 -9999 -9999 -9999 -9999 -9999 -9999 -9999 -9999 -9999 -9999 -9999 -9999 -9999 -9999 -9999 -9999 -9999 -9999 -9999 -9999 -9999 -9999 -9999 -9999 -9999 -9999 -9999 -9999 -9999 -9999 -9999 -9999 -9999 -9999 -9999 -9999 -9999 -9999 -9999 -9999 -9999 -9999 -9999 -9999 -9999 -9999 -9999 -9999 -9999 -9999 -9999 -9999 -9999 -9999 -9999 -9999 -9999 -9999 -9999 -9999 -9999 -9999 -9999 -9999
0.29623 0.38544 0.37477 0.34721 0.33878 0.32544 0.31386 0.30020 0.28803 0.27806 0.27503 0.27146 0.26291 0.25654 0.24215 0.24313 0.23865 0.23726 0.23715 0.24183 -9999 -9999 -9999 -9999 -9999 -9999 -9999 -9999 -9999 -9999 -9999 -9999 -9999 -9999 -9999 -9999 -9999 -9999 -9999 -9999 -9999 -9999 -9999 -9999 -9999 -9999 -9999 -9999 -9999 -9999 -9999 -9999 -9999 -9999 -9999 -9999 -9999 -9999 -9999 -9999 -9999 -9999 -9999 -9999 -9999 -9999 -9999 -9999 -9999 -9999 -9999 -9999 -9999
-9999 -9999 0.39547 0.38697 0.36764 0.35388 0.34426 0.33221 0.31994 0.30778 0.29456 0.29242 0.28407 0.27474 0.25711 0.25006 0.24679 0.24032 0.24512 0.24475 -9999 -9999 -9999 -9999 -9999 -9999 -9999 -9999 -9999 -9999 -9999 -9999 -9999 -9999 -9999 -9999 -9999 -9999 -9999 -9999 -9999 -9999 -9999 -9999 -9999 -9999 -9999 -9999 -9999 -9999 -9999 -9999 -9999 -9999 -9999 -9999 -9999 -9999 -9999 -9999 -9999 -9999 -9999 -9999 -9999 -9999 -9999 -9999 -9999 -9999 -9999 -9999 -9999
0.45272 0.44968 0.42962 0.42003 0.39373 0.38591 0.37020 0.36079 0.34576 0.33454 0.32464 0.31647 0.29923 0.29235 0.27514 0.26544 0.26099 0.25646 0.25889 0.25912 0.26746 0.27984 0.28879 0.29814 0.30335 0.31762 -9999 -9999 -9999 -9999 -9999 -9999 -9999 -9999 -9999 -9999 -9999 -9999 -9999 -9999 -9999 -9999 -9999 -9999 -9999 -9999 -9999 -9999 -9999 -9999 -9999 -9999 -9999 -9999 -9999 -9999 -9999 -9999 -9999 -9999 -9999 -9999 -9999 -9999 -9999 -9999 -9999 -9999 -9999 -9999 -9999 -9999 -9999
0.48740 0.47210 0.46420 0.44538 0.42847 0.41833 0.40526 0.39465 0.37968 0.36567 0.35619 0.34045 0.32754 0.31347 0.29667 0.28784 0.27825 0.26597 0.27280 0.27155 0.27420 0.29085 0.29787 0.31530 0.31382 0.32020 0.32995 0.34254 0.35208 0.35789 0.35929 0.35944 0.36173 0.36855 0.37080 0.36636 0.36785 0.36477 0.36150 0.35558 0.35028 -9999 -9999 -9999 -9999 -9999 -9999 -9999 -9999 -9999 -9999 -9999 -9999 -9999 -9999 -9999 -9999 -9999 -9999 -9999 -9999 -9999 -9999 -9999 -9999 -9999 -9999 -9999 -9999 -9999 -9999 -9999 -9999
0.50485 0.48800 0.46469 0.46167 0.45938 0.45382 0.44178 0.42675 0.41230 0.40114 0.38711 0.37404 0.35619 0.34111 0.32203 0.31054 0.30624 0.29099 0.28105 0.27287 0.28792 0.29555 0.30668 0.32261 0.33487 0.33800 0.33640 0.33713 0.34998 0.35679 0.37509 0.37493 0.37673 0.37674 0.37486 0.38254 0.38279 0.37616 0.37190 0.36730 0.36257 0.35707 -9999 -9999 -9999 -9999 -9999 -9999 -9999 -9999 -9999 -9999 -9999 -9999 -9999 -9999 -9999 -9999 -9999 -9999 -9999 -9999 -9999 -9999 -9999 -9999 -9999 -9999 -9999 -9999 -9999 -9999 -9999
0.44672 0.39236 0.43131 0.42959 0.40855 0.41365 0.40175 0.41789 0.39166 0.39089 0.38798 0.38047 0.36696 0.35619 0.34290 0.33340 0.32671 0.31123 0.30016 0.30078 0.31035 0.31719 0.32148 0.30687 0.33074 0.34395 0.35056 0.35491 0.36574 0.37236 0.37124 0.36712 0.37992 0.38368 0.38087 0.38256 0.37928 0.38085 0.37810 0.37548 0.37186 0.36754 -9999 -9999 -9999 -9999 -9999 -9999 -9999 -9999 -9999 -9999 -9999 -9999 -9999 -9999 -9999 0.32229 0.31349 -9999 -9999 -9999 -9999 0.27529 0.23821 0.21486 0.22766 0.25975 0.26693 0.25903 0.24826 0.23589 0.23373
0.44998 0.41086 0.45331 0.47969 0.46377 0.43406 0.41919 0.40845 0.42787 0.42191 0.40772 0.38425 0.36596 0.37259 0.36098 0.35891 0.35135 0.34930 0.33069 0.32445 0.32175 0.35510 0.35463 0.35822 0.35882 0.36241 0.37102 0.37368 0.38021 0.39457 0.38886 0.39171 0.39647 0.39613 0.40125 0.40076 0.39546 0.39620 0.39253 0.39042 0.38543 0.38206 0.37806 0.37212 0.36456 0.35683 0.31468 0.29986 0.31057 0.29695 0.29370 0.30168 0.29531 0.29092 0.32905 0.33325 0.33151 0.32643 0.32329 -9999 -9999 -9999 -9999 -9999 0.28164 0.26081 0.24419 0.23136 0.22804 0.23364 0.21275 0.21649 0.21642
0.45134 0.39452 0.43883 0.47271 0.47056 0.47316 0.48640 0.49877 0.49542 0.47419 0.45149 0.43358 0.41617 0.40347 0.39384 0.38077 0.37707 0.36620 0.37004 0.36702 0.37556 0.37858 0.37418 0.37799 0.38473 0.38115 0.38640 0.38941 0.39586 0.39900 0.39859 0.40384 0.41036 0.40443 0.41407 0.40633 0.40035 0.40320 0.40336 0.40026 0.39389 0.39611 0.38430 0.37979 0.37844 0.37620 0.33452 0.31463 0.33209 0.34532 0.32145 0.27963 0.25698 0.29381 0.27083 0.26494 0.27321 0.29150 0.28985 0.28182 0.30265 0.32011 0.30913 0.30662 0.29633 0.29502 0.27380 0.25282 0.22474 0.22349 0.20556 0.18705 0.18500
0.48922 0.40238 0.38627 0.42702 0.45339 0.44484 0.53848 0.53436 0.52509 0.49897 0.48201 0.45733 0.44752 0.42410 0.41783 0.41095 0.40319 0.37850 0.37637 0.38953 0.39290 0.39317 0.38771 0.39337 0.39388 0.39970 0.40081 0.41487 0.41408 0.41820 0.41811 0.41769 0.41505 0.41992 0.42384 0.42210 0.42061 0.41696 0.41756 0.40562 0.40866 0.40698 0.40024 0.39938 0.39381 0.39516 0.39466 0.38320 0.36306 0.37790 0.35070 0.34383 0.31281 0.27332 0.26726 0.27457 0.27101 0.26187 0.26979 0.23910 0.26304 0.29894 0.30603 0.31257 0.31102 0.30864 0.28808 0.24915 0.21071 0.20617 0.19344 0.18462 0.17169
0.40074 0.52273 0.47125 0.50907 0.53099 0.46202 0.50333 0.52996 0.53007 0.52738 0.50617 0.48784 0.48565 0.47168 0.46138 0.44362 0.42636 0.36325 0.36723 0.37732 0.38306 0.39803 0.41191 0.41775 0.42154 0.42292 0.42730 0.43066 0.42539 0.42993 0.44341 0.44189 0.43827 0.44180 0.43230 0.42236 0.41739 0.40655 0.40814 0.41541 0.37560 0.36362 0.38019 0.40371 0.41494 0.42664 0.41908 0.38609 0.36375 0.35620 0.35227 0.34942 0.34632 0.34676 0.33565 0.29214 0.27866 0.26057 0.24667 0.22387 0.20959 0.24045 0.25432 0.26781 0.26296 0.26433 0.25615 0.23799 0.22545 0.22070 0.20392 0.19028 0.18328
0.36798 0.37038 0.43990 0.52466 0.52919 0.47096 0.46583 0.51727 0.40382 0.41050 0.42897 0.47912 0.49374 0.49134 0.47950 0.47405 0.44414 0.41476 0.38863 0.39964 0.40728 0.41947 0.43961 0.44492 0.44434 0.45094 0.45302 0.45421 0.44506 0.44153 0.43072 0.43841 0.45256 0.43271 0.42049 0.41063 0.40803 0.38710 0.38946 0.40488 0.40630 0.39938 0.37078 0.36702 0.38705 0.40431 0.41878 0.38119 0.35597 0.35606 0.35263 0.36825 0.33431 0.31028 0.29104 0.25576 0.27921 0.29499 0.28510 0.28196 0.26581 0.23807 0.21772 0.24561 0.22223 0.24137 0.24879 0.23926 0.23492 0.25706 0.24424 0.21070 0.19747
0.36928 0.33939 0.32489 0.43013 0.47566 0.50500 0.49852 0.51549 0.44428 0.35447 0.31096 0.27922 0.34645 0.40541 0.44472 0.47193 0.48092 0.46996 0.45858 0.45775 0.45043 0.45145 0.45434 0.45837 0.44659 0.44839 0.45369 0.44451 0.44535 0.44039 0.42806 0.42591 0.43948 0.41672 0.40377 0.37703 0.40288 0.40557 0.39061 0.37573 0.39703 0.39527 0.37595 0.39574 0.39005 0.39029 0.39875 0.40163 0.39652 0.37542 0.35421 0.34527 0.33995 0.32224 0.29038 0.26581 0.28204 0.23976 0.24052 0.24843 0.25834 0.26566 0.27210 0.27110 0.25160 0.24324 0.24996 0.24862 0.25496 0.26809 0.25766 0.22912 0.20230
0.32269 0.31924 0.33099 0.34148 0.33900 0.36315 0.41183 0.47426 0.53088 0.46953 0.42104 0.36760 0.31182 0.30572 0.30944 0.33062 0.38531 0.40524 0.44283 0.44685 0.46583 0.45918 0.46802 0.45195 0.45831 0.45687 0.44088 0.42935 0.45761 0.39349 0.38291 0.38122 0.39666 0.39301 0.39141 0.37816 0.39312 0.38761 0.38127 0.37786 0.41087 0.37398 0.36770 0.35494 0.35614 0.35453 0.35829 0.36345 0.32039 0.31264 0.28705 0.28076 0.28332 0.27910 0.24471 0.27212 0.27096 0.23973 0.25718 0.25351 0.25447 0.28301 0.27607 0.27160 0.24441 0.25314 0.26474 0.26466 0.27664 0.28044 0.25972 0.21514 0.21096
0.33619 0.34985 0.32809 0.31410 0.33024 0.35852 0.35037 0.40374 0.42487 0.40998 0.41282 0.43603 0.41944 0.40304 0.36321 0.31634 0.29507 0.31052 0.33872 0.35529 0.40613 0.44167 0.47799 0.47062 0.46990 0.45260 0.41552 0.42193 0.41836 0.41287 0.37746 0.39716 0.37323 0.43219 0.42221 0.40104 0.36556 0.37637 0.40556 0.41076 0.38987 0.37817 0.33277 0.32041 0.31149 0.32481 0.31406 0.27931 0.26118 0.26642 0.25033 0.21859 0.23740 0.21711 0.25415 0.23427 0.26596 0.28081 0.27492 0.28142 0.28372 0.28482 0.25764 0.27699 0.28909 0.29398 0.28073 0.27897 0.28932 0.28365 0.24174 0.21488 0.23324
0.40737 0.40761 0.36046 0.32620 0.33076 0.32239 0.33394 0.38187 0.44940 0.32600 0.33943 0.37703 0.30775 0.27987 0.27785 0.44391 0.33827 0.25468 0.27376 0.29763 0.33287 0.45240 0.48784 0.49113 0.48991 0.46518 0.43987 0.44241 0.42097 0.41826 0.41192 0.42227 0.46052 0.44594 0.41378 0.41194 0.38271 0.37293 0.34603 0.36644 0.36834 0.35160 0.39661 0.39727 0.35870 0.32948 0.29367 0.27537 0.25661 0.26233 0.25956 0.24736 0.22558 0.21653 0.23404 0.22800 0.26769 0.27300 0.29536 0.29903 0.29033 0.26882 0.30466 0.31232 0.30879 0.30741 0.30210 0.28714 0.28395 0.27774 0.25558 0.25344 0.24337
0.41517 0.42035 0.39965 0.39245 0.38971 0.37222 0.37695 0.37358 0.38584 0.37046 0.37377 0.39221 0.32838 0.31334 0.26819 0.29110 0.33846 0.36494 0.34238 0.33108 0.35644 0.37808 0.44820 0.50070 0.49984 0.49428 0.46676 0.47413 0.44347 0.44228 0.45673 0.43532 0.43271 0.43627 0.43498 0.42250 0.40048 0.37909 0.33300 0.33026 0.32518 0.33233 0.39304 0.39660 0.35986 0.32918 0.29969 0.26671 0.25130 0.27076 0.27145 0.23434 0.24759 0.25430 0.25556 0.26645 0.24222 0.26441 0.27809 0.29399 0.29791 0.31897 0.32868 0.32085 0.31432 0.30593 0.27435 0.28212 0.28538 0.27805 0.26296 0.25495 0.23856
0.38798 0.38184 0.39205 0.41985 0.42341 0.43178 0.42698 0.43764 0.39387 0.34143 0.36801 0.39980 0.39049 0.34505 0.32623 0.31395 0.27295 0.29570 0.33349 0.38555 0.41282 0.40429 0.39184 0.41771 0.48095 0.48457 0.45695 0.44056 0.44819 0.44424 0.47922 0.46012 0.43554 0.40287 0.40593 0.35816 0.37471 0.33114 0.28548 0.31114 0.31680 0.28290 0.30847 0.34412 0.33942 0.32112 0.31861 0.29200 0.26892 0.29894 0.30883 0.30128 0.30886 0.29615 0.28214 0.26572 0.27724 0.26155 0.29076 0.28734 0.29773 0.30373 0.31069 0.31968 0.31596 0.30460 0.28572 0.26209 0.25736 0.26681 0.25917 0.23131 0.22061
0.34666 0.33795 0.36083 0.37342 0.40055 0.42016 0.45242 0.42270 0.42115 0.39124 0.31611 0.34362 0.38823 0.38906 0.33793 0.31036 0.28726 0.29178 0.32038 0.33047 0.34487 0.37390 0.39933 0.42369 0.42087 0.45412 0.47659 0.44899 0.47597 0.44879 0.46079 0.39685 0.38614 0.42238 0.37571 0.33107 0.34070 0.34970 0.30609 0.29123 0.28864 0.30738 0.30426 0.31189 0.31867 0.30632 0.30946 0.29266 0.28676 0.27860 0.28383 0.27210 0.26859 0.26405 0.26407 0.28643 0.29866 0.30785 0.31516 0.30542 0.29912 0.30179 0.29696 0.30026 0.29746 0.29187 0.25339 0.23526 0.23642 0.23875 0.24370 0.24058 0.24603
0.34179 0.33183 0.32593 0.37731 0.38200 0.43223 0.43033 0.45859 0.50592 0.45259 0.39070 0.33258 0.34236 0.34305 0.32711 0.34694 0.33182 0.34605 0.28545 0.33203 0.36770 0.38257 0.40632 0.39389 0.36935 0.41476 0.46284 0.48104 0.42430 0.43505 0.42740 0.38775 0.35910 0.40132 0.36579 0.34145 0.31353 0.31351 0.30094 0.29247 0.30170 0.29422 0.30576 0.29837 0.33277 0.31367 0.29710 0.29626 0.28898 0.27796 0.28443 0.29622 0.28171 0.28967 0.28146 0.28529 0.30028 0.30515 0.30313 0.29922 0.28972 0.28521 0.25291 0.25797 0.25519 0.25426 0.23942 0.25079 0.24524 0.23732 0.23469 0.21813 0.20626
0.35184 0.32588 0.31691 0.29987 0.30546 0.36585 0.37542 0.39362 0.42694 0.38846 0.39319 0.36330 0.30480 0.33101 0.35697 0.36385 0.34834 0.35330 0.36465 0.32524 0.33141 0.36630 0.40705 0.44338 0.41741 0.44221 0.49760 0.46641 0.46048 0.44257 0.41215 0.38788 0.36164 0.35337 0.35717 0.31921 0.29119 0.26950 0.29870 0.29883 0.28634 0.31398 0.33836 0.34846 0.37361 0.38599 0.37245 0.37114 0.36018 0.35494 0.34314 0.32098 0.29621 0.28889 0.28097 0.29232 0.29890 0.30007 0.29411 0.29083 0.26664 0.23707 0.21880 0.22772 0.22451 0.22196 0.23162 0.23658 0.22930 0.22726 0.21481 0.21280 0.22179
0.36266 0.35811 0.31731 0.30720 0.26564 0.29859 0.33353 0.30983 0.30758 0.32139 0.33912 0.30358 0.31085 0.33067 0.32039 0.33316 0.36590 0.36059 0.34997 0.32074 0.28972 0.34492 0.40177 0.41092 0.37717 0.40606 0.40910 0.38271 0.41136 0.41974 0.37901 0.36174 0.33738 0.34241 0.32340 0.32260 0.28958 0.27997 0.30195 0.33642 0.31536 0.33694 0.38816 0.38244 0.37169 0.36587 0.33397 0.34574 -9999 -9999 0.33768 0.32498 0.31647 0.29387 0.28022 0.28244 0.28220 0.27221 0.26649 0.24005 0.21548 0.20012 0.20283 0.19157 0.18835 0.17967 0.20823 0.22355 0.21590 0.23002 0.21273 0.21975 0.23265
0.36781 0.33972 0.32398 0.32809 0.29762 0.32560 0.30396 0.28662 0.29141 0.30181 0.29495 0.28683 0.30721 0.32343 0.30089 0.32538 0.35177 0.32097 0.32814 0.34585 0.33924 0.32950 0.29415 0.32841 0.32989 0.36382 0.36735 0.36637 0.34498 0.38207 0.35296 0.32959 0.31651 0.30541 0.29164 0.33392 0.36527 -9999 -9999 -9999 -9999 0.38784 -9999 0.33219 0.29194 0.31353 0.32385 0.36155 -9999 -9999 0.31082 0.31075 0.30422 0.29361 0.29130 0.27935 0.26163 0.24666 0.24043 0.22821 0.21463 0.20564 0.21686 0.17331 0.17189 0.17826 0.22093 0.22516 0.22862 0.24478 -9999 -9999 -9999
0.36432 0.33182 0.32952 0.36043 0.29911 0.32154 0.35972 0.34511 0.34576 0.33468 0.31258 0.29847 0.30744 0.35312 0.32022 0.30535 0.29861 0.31167 0.29122 0.32689 0.31357 0.32097 0.31158 0.32626 0.32661 0.31932 0.33231 0.33629 0.32181 0.31403 0.30563 0.30465 0.28249 0.30729 0.32721 -9999 -9999 -9999 -9999 -9999 -9999 -9999 0.33900 0.32654 0.32365 -9999 -9999 -9999 -9999 -9999 0.31545 0.30219 0.26648 0.26881 0.25126 0.25410 0.25120 0.23628 0.24551 0.23932 0.22403 0.21409 0.22451 0.22617 0.21080 0.18261 0.21452 0.23923 -9999 -9999 -9999 -9999 -9999
0.33690 0.34494 0.35160 0.37288 0.36868 0.32446 0.36430 0.38505 0.36805 0.36935 0.33167 0.36167 0.36649 0.37106 0.35066 0.33283 0.33381 0.32358 0.32480 0.32186 0.31926 0.28420 0.28432 0.29014 0.28968 0.29311 0.27490 0.28087 0.29253 0.27516 0.28477 0.29568 0.29901 0.34771 -9999 -9999 -9999 -9999 -9999 -9999 -9999 -9999 -9999 0.33793 -9999 -9999 -9999 -9999 0.32206 0.31066 0.30094 0.28080 0.25800 0.26861 0.26803 0.25334 0.24038 0.24191 0.23864 0.23584 0.23363 0.21746 0.22325 0.21341 0.22315 -9999 -9999 -9999 -9999 -9999 -9999 -9999 -9999
