data/hydroclimate-scenarios/1948-2000.Pcorr55N_Pref_Tref/monthly_summaries/baseflow_monthly_tot_jun.asc
ncols	311
nrows	91
xllcenter	102.75
yllcenter	31.75
cellsize	0.5
NODATA_value	-9999
[rows 32 to 63 of 91, columns 0 to 71 of 311]
-9999 -9999 -9999 -9999 -9999 -9999 -9999 -9999 -9999 -9999 -9999 9.80114 11.53140 13.26870 14.38920 16.35890 20.64050 20.32970 28.35610 30.43530 30.81980 21.72960 13.94020 12.38570 10.16350 9.20084 8.88572 6.95647 5.73847 2.97382 2.88856 2.33149 2.07190 2.21064 2.71516 1.38663 1.71905 1.77876 2.47824 3.23614 3.89321 4.21127 4.29563 5.63705 5.13060 4.50733 5.42652 5.48781 5.83677 4.66785 4.32804 4.66198 4.09963 4.17545 3.04024 2.72057 2.49955 2.45893 2.28153 1.88919 1.78674 1.82234 2.54011 3.25933 3.17858 3.39204 5.44310 10.66000 19.43560 27.59930 25.27730 47.42060
-9999 -9999 -9999 -9999 -9999 -9999 -9999 -9999 -9999 -9999 -9999 13.12820 14.88580 13.29630 15.67260 15.52580 16.68850 18.33290 18.92790 19.62800 19.99430 16.08460 12.80310 12.10870 13.15830 13.03720 13.73550 6.69280 3.44970 2.71314 3.16006 2.00378 1.79621 1.29118 1.76785 1.24435 1.95672 1.93717 3.00489 7.26277 4.60939 9.08116 6.58724 7.27005 9.46398 9.53536 10.68260 7.72052 7.55752 6.38537 5.55166 5.09643 4.32961 3.87106 2.48809 2.26184 2.27983 2.56454 2.27294 2.02637 2.10301 3.39145 2.70776 1.89600 3.53555 4.97266 5.99106 10.71260 16.26710 24.06780 20.25190 42.75870
-9999 -9999 -9999 -9999 -9999 -9999 -9999 -9999 -9999 -9999 -9999 -9999 9.77250 9.11779 9.84827 11.56450 12.50240 12.72040 12.96020 11.85690 13.75460 13.49390 18.92010 21.39410 22.00250 35.58510 25.42040 18.66010 6.55865 2.83611 3.08662 1.59703 1.51063 1.45390 1.54875 1.88700 2.79155 2.26592 3.64694 6.37929 7.98918 9.99601 11.16640 7.58716 9.32915 11.02740 9.36226 6.38458 6.39196 5.70759 3.91509 3.71824 3.42887 2.40084 1.96472 2.44137 2.36321 2.58527 3.03713 3.05360 2.71717 2.70331 3.45635 4.99270 4.86338 6.38576 6.65773 13.63580 25.89870 35.23810 20.96230 30.43680
-9999 -9999 -9999 -9999 -9999 -9999 -9999 -9999 -9999 -9999 -9999 -9999 6.39380 6.34754 8.05642 8.26291 7.12957 9.05957 10.42810 11.03980 12.63530 31.89850 32.79270 32.28430 33.75260 21.94580 11.51460 17.20940 6.97622 5.18502 3.96965 3.36767 1.22073 1.21117 1.32689 1.02755 1.69393 1.57777 1.82356 4.26421 7.22387 10.42620 10.29450 9.97378 8.30798 9.68127 8.44018 7.39333 6.29213 7.80256 6.96379 3.04508 2.41716 1.96999 1.52236 2.53163 2.80606 2.19252 1.35812 3.16819 3.49657 4.86982 4.79852 6.68748 7.31330 5.71142 9.82292 13.51750 21.37550 27.41020 35.16470 33.82420
-9999 -9999 -9999 -9999 -9999 -9999 -9999 -9999 -9999 -9999 -9999 -9999 5.20944 3.59634 4.07780 5.47738 6.54232 6.85303 10.73870 17.87730 23.84860 31.55370 28.27080 29.18630 22.37940 20.80880 12.49950 5.98738 6.60725 3.23523 1.98678 1.42741 0.78461 1.04763 0.52296 0.70359 0.92682 1.50989 1.63177 2.93354 7.88145 16.50210 13.46750 12.46560 13.37180 19.53470 20.22270 21.28960 14.67870 7.41418 5.48843 4.78160 2.44106 2.24147 1.85595 2.93879 2.59487 2.39987 2.91957 5.21687 4.16125 7.09707 6.37002 5.12272 7.72732 9.92514 13.82840 13.98550 24.52820 32.56820 36.28510 43.16930
-9999 -9999 -9999 7.09158 6.25977 5.91109 5.29188 5.50324 6.32549 -9999 5.77051 5.04221 3.67640 2.26232 2.49588 3.08014 4.15038 4.40078 10.51040 15.27150 18.63930 18.00620 16.95100 16.66340 15.76840 10.91380 5.90494 7.41560 6.72987 9.10031 3.20252 0.70456 1.06806 3.79017 1.42766 0.97493 2.03373 2.59936 2.38278 2.64034 4.19137 10.52090 10.14370 11.84840 19.55930 29.40470 41.98430 14.50940 11.97640 11.22970 9.60722 9.32873 9.81639 16.28720 9.26387 13.82930 14.68920 4.34969 8.37104 5.05911 5.93302 7.47850 7.57723 11.58910 9.30491 10.79840 17.51720 23.96000 34.11060 43.61600 49.74440 62.79610
-9999 -9999 -9999 4.87982 4.30930 4.44276 5.36430 4.04189 4.15274 5.82400 4.47888 2.60938 2.62500 2.77995 4.58188 6.76145 9.23324 6.56425 6.88261 7.13068 7.17932 12.67620 7.58521 6.27782 8.87756 7.01445 6.93805 5.58519 6.54211 9.38006 3.56000 3.84883 3.00654 3.39715 2.91200 3.75502 2.78106 7.09216 3.57024 9.52754 11.34690 8.91618 10.27300 18.51220 24.99790 34.81820 33.72410 10.67840 17.44420 17.07200 15.30700 11.98870 15.97900 18.20360 7.92757 10.88760 5.96867 5.99647 10.37230 11.98070 9.93395 11.89320 13.89460 17.00040 21.44790 13.04010 18.19020 19.89950 32.53520 45.51980 72.89920 73.22120
-9999 -9999 -9999 2.10940 2.04831 2.97933 5.74415 4.10818 3.01041 2.62983 3.06610 2.28874 3.31598 5.72307 8.88961 5.95264 10.90380 8.08331 4.76005 4.30612 6.33903 9.80374 7.60347 11.59110 13.53520 9.78643 7.31774 6.33477 5.95258 11.60880 18.96450 11.40200 6.39178 3.45667 5.22593 4.56618 3.50371 3.19784 3.14150 5.83109 7.24714 8.83345 10.93160 13.89780 12.54250 17.20650 20.02580 17.11300 14.78770 20.78450 24.23870 9.95866 10.17810 10.72210 7.54657 7.28998 5.88120 5.69555 9.41286 12.63010 9.62046 10.16480 9.61894 18.13570 20.17080 25.09840 28.32440 36.35620 69.44780 84.72510 109.87400 95.99700
-9999 -9999 -9999 1.74692 0.87776 2.98117 4.33420 3.76362 3.31593 3.16125 2.55460 1.02261 4.06482 6.75814 6.43734 6.14034 10.20700 14.60970 10.70390 5.31640 7.56304 13.76180 19.73870 15.51130 11.40670 8.34872 4.69715 3.02056 9.02511 17.17990 17.30120 2.30370 7.17775 11.54650 11.59070 8.51333 3.11356 1.34839 3.23687 3.20209 4.35612 14.10070 27.68530 23.36370 9.07756 21.72470 31.21760 13.35560 21.35980 13.82160 20.88820 13.36780 12.45010 15.36750 10.83090 9.13752 8.28991 11.59830 14.44560 18.78110 28.53720 18.04090 16.89800 21.38490 29.89310 37.17710 51.32930 60.82490 90.56350 115.73900 102.47100 77.62630
-9999 -9999 -9999 0.78175 0.46865 2.16149 2.96265 2.46346 3.50541 2.65207 1.47424 2.83292 4.72308 7.82244 11.40490 10.63400 11.20610 12.28650 8.27788 1.77523 5.23239 6.96095 13.18080 6.54177 4.92206 3.81770 1.08464 1.07306 5.71586 10.02180 9.73118 6.71991 8.09850 5.35869 3.42522 3.29971 3.54607 1.99016 1.86871 2.77431 5.17192 11.01050 15.47140 13.25820 11.14000 11.96080 13.45750 11.40200 13.29780 14.26840 14.82550 6.62293 10.14790 16.30050 7.02510 18.38560 7.82847 7.07726 10.73010 26.04830 23.66440 21.04990 20.52380 38.26660 45.53220 35.05300 48.08360 83.84390 101.46100 91.02120 69.99860 -9999
-9999 -9999 -9999 -9999 1.18265 1.87511 1.59003 2.46920 2.65477 2.15371 0.86470 0.87566 8.32285 5.86966 -9999 -9999 -9999 -9999 -9999 10.92550 9.53854 6.75668 9.45006 12.95320 7.44232 3.93533 0.56592 0.90549 1.52348 1.02739 1.80918 3.04254 3.39824 1.46328 0.54664 0.41094 0.91691 0.58065 0.89110 1.17147 1.04582 2.00285 3.89835 6.49847 5.88469 5.98689 7.36065 13.97720 10.36070 6.50565 8.12877 8.92254 5.21156 11.70760 11.89160 18.32550 21.63830 19.21090 18.88450 16.43900 22.98560 29.49750 35.39360 32.28890 35.88620 50.49850 46.80990 40.42880 30.32190 -9999 -9999 -9999
-9999 -9999 0.59344 1.09196 1.17704 1.08002 1.30994 3.11294 1.47969 1.43468 0.73509 0.91127 7.87341 -9999 -9999 -9999 -9999 -9999 14.76610 6.37195 5.82315 1.22448 1.14539 3.06953 3.82085 2.89225 0.34926 0.10964 0.18271 0.16438 0.46140 0.51257 0.39819 0.56539 0.43352 0.14147 0.40824 0.29809 0.50212 0.52164 1.08488 1.27412 1.77337 1.66586 1.37657 2.02687 3.90911 3.51181 2.50503 1.41515 1.68721 2.28894 3.88750 3.18030 7.40954 5.19556 9.68057 16.31380 15.88700 8.97609 12.51630 16.00690 22.40560 29.73840 30.85920 35.35890 26.06930 -9999 -9999 -9999 -9999 -9999
-9999 -9999 0.93284 0.83941 0.66159 0.68495 0.66321 1.45182 1.04819 0.68213 0.77112 1.45682 2.93320 -9999 -9999 -9999 -9999 2.24596 6.73507 1.47948 1.56358 0.30791 0.32536 0.32464 0.08855 0.01742 0.06469 0.10704 0.06610 0.02528 0.06224 0.29360 0.14632 0.11086 0.19339 0.28140 0.27096 0.16830 0.76368 1.53315 0.85256 1.34281 2.16253 1.38322 2.29961 1.76903 1.65344 2.60945 0.68946 0.89934 1.00445 0.95036 0.92736 1.14593 1.20445 0.73039 1.66478 8.24727 13.65330 11.58340 10.38830 25.46470 20.08590 14.40490 11.42650 -9999 -9999 -9999 -9999 -9999 33.00890 -9999
-9999 -9999 0.61177 1.20882 1.03202 0.95890 0.64442 0.62883 0.72751 0.95928 1.63738 3.08844 0.05761 -9999 -9999 -9999 -9999 6.41168 2.65416 1.45802 1.22272 0.19604 0.03930 0.00711 0.00918 0.01091 0.07583 0.04888 0.05779 0.05946 0.09833 0.09526 0.19022 0.28510 0.19152 0.25904 0.28878 0.32070 0.86795 0.34427 0.50968 0.38921 0.36024 0.87089 0.70893 2.28099 2.54812 2.99430 1.93819 1.79245 0.47497 0.71092 0.55634 0.74686 1.33556 0.56327 0.57881 3.01589 4.00137 5.03555 2.52341 3.13005 3.43978 8.34083 20.11300 33.71050 13.38930 30.82850 21.40200 -9999 -9999 -9999
-9999 -9999 -9999 0.63473 0.85964 0.71804 0.46159 0.37348 0.38476 0.98877 0.79738 0.24837 -9999 -9999 -9999 -9999 3.73311 4.13272 0.80203 0.21748 0.07476 0.00718 0.01117 0.00568 0.00998 0.02242 0.05637 0.12480 0.18444 0.48339 0.37287 0.09915 0.07184 0.13736 0.30921 0.32445 0.09835 0.04748 0.06245 0.04245 0.08720 0.09852 0.50319 0.49195 0.46151 0.72039 0.26057 0.16935 0.31840 0.31923 0.67819 1.21843 1.08331 2.04236 3.81236 3.55835 3.45420 7.66209 7.96750 3.74668 3.56498 4.14150 12.04200 44.41380 87.12420 25.71460 12.48960 11.50050 10.61540 18.26130 -9999 -9999
-9999 -9999 -9999 -9999 0.53012 0.48706 0.43937 0.37373 0.86276 0.35384 0.04484 -9999 -9999 -9999 -9999 2.28697 2.35680 0.72127 0.23646 0.15094 0.04417 0.01552 0.01164 0.03189 0.01753 0.02637 0.12218 0.08446 0.50146 0.41237 0.55059 0.08340 0.11655 0.11568 0.23927 0.04942 0.04990 0.03678 0.04709 0.03096 0.07971 0.06469 0.04967 0.04722 0.02572 0.23921 0.16193 0.41807 0.53965 0.22479 0.13024 0.43974 0.75756 1.24874 1.42990 0.91659 1.02177 4.33671 6.14053 2.68824 6.89217 12.69430 12.17380 13.07080 26.32610 17.59990 7.01072 4.78068 10.71350 11.07450 12.19250 17.40270
-9999 -9999 -9999 -9999 -9999 -9999 0.35307 0.54699 0.11855 0.02250 0.07445 -9999 -9999 -9999 -9999 -9999 0.61304 0.22607 0.06021 0.20135 0.07415 0.00358 0.01645 0.02737 0.05836 0.02588 0.00465 0.17594 0.29663 0.76773 0.48875 0.12742 0.03084 0.15494 0.12453 0.07633 0.03272 0.08239 0.02734 0.04467 0.06823 0.16558 0.18443 0.09027 0.26983 0.22066 0.20417 0.38126 0.60570 0.66005 0.48710 0.76858 0.83914 0.68783 1.26480 0.92449 1.17554 2.12736 3.96644 4.18848 6.56476 8.68777 11.59150 20.51310 39.77950 19.17790 6.43478 2.26690 3.26083 6.09497 10.67880 15.80480
-9999 -9999 -9999 -9999 -9999 -9999 -9999 -9999 -9999 -9999 -9999 -9999 -9999 -9999 -9999 -9999 -9999 -9999 -9999 0.16473 0.04172 0.00184 0.01645 0.03014 0.01479 0.00860 0.18118 0.12380 0.22452 0.21886 0.39258 0.02023 0.02091 0.02701 0.06419 0.05647 0.00970 0.01535 0.01887 0.06573 0.11659 0.08822 0.06009 0.04212 0.05603 0.02551 0.01599 0.64799 0.48608 0.19981 0.17708 0.48534 1.01078 1.11897 0.60887 0.59027 1.14329 1.58449 2.35838 2.93528 9.49791 7.97318 10.45190 22.97870 33.59680 10.07790 2.76614 1.41564 1.82199 8.84881 12.91390 17.64350
-9999 -9999 -9999 -9999 -9999 -9999 -9999 -9999 -9999 -9999 -9999 -9999 -9999 -9999 -9999 -9999 -9999 -9999 0.19347 0.03065 0.01200 0.02609 0.02037 0.01519 0.00330 0.00218 0.04223 0.04760 0.00455 0.01775 0.01692 0.06206 0.14930 0.05203 0.01769 0.07389 0.01499 0.00641 0.02568 0.04649 0.07912 0.06161 0.06834 0.07541 0.07687 0.83552 0.03473 0.03294 0.56436 0.70565 0.84700 0.44878 0.53283 0.50462 0.81539 0.72764 0.63604 1.74389 2.87061 3.84108 4.25513 3.60933 7.15493 8.62223 14.19440 5.95927 2.71393 1.33860 1.77121 2.96409 6.27119 30.72030
-9999 -9999 -9999 -9999 -9999 -9999 -9999 -9999 -9999 -9999 -9999 -9999 -9999 -9999 -9999 -9999 -9999 0.14861 0.08063 0.02131 0.02705 0.03110 0.01854 0.00522 0.00151 0.00112 0.04811 0.03571 0.05987 0.06498 0.07572 0.08397 0.02213 0.17051 0.05270 0.08363 0.20875 0.02743 0.01379 0.04351 0.09760 0.32320 0.06135 0.29017 0.01489 0.05655 0.78218 0.71053 0.27539 0.80986 0.94929 0.76136 0.56866 0.52007 0.56358 0.17282 0.61997 1.80218 2.63453 3.37484 2.12368 2.76160 12.72800 15.05060 5.17227 4.02250 3.57341 1.46991 1.47627 2.21092 9.39443 14.13640
-9999 -9999 -9999 -9999 -9999 -9999 -9999 -9999 -9999 -9999 -9999 -9999 -9999 -9999 -9999 -9999 -9999 0.04523 0.05156 0.13803 0.03299 0.08380 0.09172 0.00054 0.00018 0.00035 0.00055 0.00064 0.00023 0.06134 0.04727 0.04214 0.06363 0.05206 0.05627 0.04111 0.08232 0.02680 0.12717 0.09883 0.04129 0.00906 0.19035 0.02550 0.48625 0.37201 0.28086 0.04829 0.03939 0.27883 0.88240 1.05138 1.21684 1.67484 1.41722 0.32381 3.48520 1.78476 1.63827 1.89693 2.81307 5.86477 6.49104 7.65988 16.92610 9.04084 4.87024 7.61476 2.30351 1.97908 2.71792 16.30250
-9999 -9999 -9999 -9999 -9999 -9999 -9999 -9999 -9999 -9999 -9999 -9999 -9999 -9999 -9999 -9999 0.05326 0.05405 0.17698 0.05923 0.05560 0.00054 0.00040 0.00008 0.00001 0.00020 0.00024 0.00001 0.00003 0.00069 0.00076 0.00031 0.09356 0.02825 0.02647 0.03525 0.07214 0.14045 0.06857 0.04256 0.01065 0.00318 0.22814 0.22686 0.00819 0.13146 0.18230 0.04431 0.05288 0.21961 0.81367 0.79576 0.84472 1.34095 1.13391 0.28434 0.28776 2.06123 0.78742 2.35063 2.01458 2.86455 5.59112 14.72980 9.27714 8.44326 5.58567 5.14747 2.32879 2.07177 3.87190 13.83650
-9999 -9999 -9999 -9999 -9999 -9999 -9999 -9999 -9999 -9999 -9999 -9999 -9999 0.21672 0.24837 0.03543 0.06624 0.15181 0.21834 0.05106 0.00024 0.00227 0.00047 0.00013 0.00009 0.00000 0.00000 0.00000 0.00000 0.00000 0.05304 0.20391 0.00006 0.00010 0.05774 0.02563 0.08563 0.13202 0.00810 0.00462 0.00169 0.28462 0.24133 0.00022 0.24470 0.14388 0.21256 0.22063 0.25726 0.55564 0.77757 0.84840 0.68835 0.56928 1.22676 1.81817 1.50880 1.69255 1.29964 1.97198 2.10578 3.66120 4.81934 8.22077 8.19382 6.74968 8.58502 2.68829 3.85446 2.99307 7.71179 22.98380
-9999 -9999 -9999 -9999 -9999 -9999 -9999 -9999 -9999 -9999 -9999 -9999 0.10699 0.11096 0.20732 0.15004 0.20431 0.00715 0.00708 0.00000 0.00007 0.00040 0.00036 0.00007 0.00011 0.00000 0.00000 0.00000 0.00759 0.02878 0.00303 0.01765 0.03693 0.07727 0.08808 0.02425 0.00003 0.00029 0.00431 0.00089 0.00086 0.00020 0.23091 0.19361 0.06101 0.08324 0.13785 0.15003 0.19097 0.22294 0.28947 0.06664 0.57692 0.06713 0.94862 0.99238 1.10409 0.94080 1.59635 3.42010 3.13207 3.62565 4.84142 7.64427 9.06859 6.95657 8.80759 3.51140 3.96531 7.01633 19.48210 24.34880
-9999 -9999 -9999 -9999 -9999 -9999 -9999 -9999 -9999 -9999 -9999 0.52101 0.03244 0.34134 0.00311 0.00029 0.00020 0.00078 0.00050 0.00025 0.00020 0.00001 0.00002 0.00002 0.00003 0.00002 0.03960 0.04373 0.01778 0.05749 0.00447 0.00000 0.00000 0.00002 0.00000 0.05733 0.00041 0.00167 0.00511 0.00116 0.00020 0.20004 0.09793 0.04534 0.03667 0.06823 0.07110 0.11643 0.21324 0.26871 0.29412 0.28292 0.24427 1.30548 0.42427 0.30329 0.99921 0.44979 0.56379 1.62713 1.82742 2.44599 3.24154 4.72421 7.18338 9.57387 8.57944 3.09672 4.47689 12.99600 35.71470 72.03480
-9999 -9999 -9999 -9999 -9999 -9999 -9999 -9999 -9999 -9999 0.00977 0.02659 0.00418 0.00357 0.00052 0.00011 0.00002 0.00003 0.00007 0.00002 0.00001 0.00000 0.00000 0.00000 0.00000 0.00001 0.00000 0.04996 0.01459 0.00000 0.00000 0.00000 0.00000 0.06735 0.01664 0.06411 0.00101 0.00242 0.00447 0.00231 0.17444 0.05344 0.01116 0.00819 0.00964 0.05978 0.06890 0.06407 0.16247 0.19938 0.34688 0.26064 0.96123 0.24195 0.26905 0.23880 1.24729 1.42886 0.99954 1.20566 2.03435 3.18294 4.10593 6.22415 6.81408 9.27379 7.01615 2.75032 8.56909 25.10750 56.10570 45.07680
-9999 -9999 -9999 -9999 -9999 -9999 -9999 -9999 -9999 0.00017 0.00007 0.00011 0.00037 0.00004 0.00001 0.00009 0.00001 0.00000 0.00000 0.00000 0.00000 0.00000 0.00000 0.00000 0.00000 0.00000 0.00000 0.00000 0.00000 0.00000 0.00000 0.00000 0.00000 0.00000 0.03349 0.17776 0.00983 0.00322 0.00054 0.13505 0.01768 0.00503 0.01047 0.53299 0.00565 0.22854 0.01802 0.11756 0.11441 0.15369 0.21495 0.74854 0.29206 2.64950 1.77338 0.59200 0.60104 0.86375 1.01456 1.46725 2.49940 3.57948 3.50135 4.61598 4.28928 5.92066 7.87083 13.35880 26.19310 44.56840 49.97880 63.98080
-9999 -9999 -9999 -9999 -9999 -9999 -9999 -9999 -9999 -9999 0.00000 0.00000 0.00007 0.00000 0.00000 0.00000 0.00000 0.00000 0.00000 0.00000 0.00000 0.00000 0.00000 -9999 -9999 -9999 -9999 -9999 -9999 0.00000 0.00002 0.00000 0.00000 0.00000 0.00001 0.12540 0.26409 0.00019 0.00006 0.13661 0.02944 0.03337 0.36265 0.23518 0.44152 0.22728 0.29131 0.10529 0.18265 0.18967 0.32995 0.05061 0.22592 1.18027 2.30913 0.59848 0.64190 0.85125 0.71753 1.18259 1.95509 2.74085 1.62610 4.14751 5.87716 6.90888 12.03040 20.15590 62.68760 69.69750 99.84960 80.10690
-9999 -9999 -9999 -9999 -9999 -9999 -9999 -9999 -9999 -9999 -9999 -9999 0.00000 0.00000 0.00000 0.00000 0.00000 0.00000 0.00000 -9999 -9999 -9999 -9999 -9999 -9999 -9999 -9999 -9999 -9999 -9999 -9999 -9999 -9999 0.00000 0.05165 0.06797 0.05096 0.06528 0.00005 0.00016 0.06861 0.02282 0.05351 0.02880 0.03080 0.48536 0.33180 0.04493 0.06353 0.08168 0.12577 1.03402 1.20566 1.42861 1.05751 0.46498 0.74916 0.74539 0.16105 1.04568 2.22716 2.57078 3.81434 2.29017 4.76116 8.19492 16.85330 25.88540 46.82070 44.01990 55.57710 56.70140
-9999 -9999 -9999 -9999 -9999 -9999 -9999 -9999 -9999 -9999 -9999 -9999 -9999 -9999 -9999 -9999 -9999 -9999 -9999 -9999 -9999 -9999 -9999 -9999 -9999 -9999 -9999 -9999 -9999 -9999 -9999 -9999 -9999 -9999 0.05796 0.03008 0.02516 0.02286 0.00003 0.03731 0.03503 0.01286 0.69256 0.20855 0.26971 0.34640 0.05482 0.03135 0.11428 0.13488 0.24942 1.02507 0.87071 1.41730 1.88692 0.90426 0.58530 0.93866 1.00193 1.74515 2.33423 2.71495 2.35361 2.52510 4.39700 8.00024 19.60750 32.44300 57.16120 53.34220 47.67400 -9999
-9999 -9999 -9999 -9999 -9999 -9999 -9999 -9999 -9999 -9999 -9999 -9999 -9999 -9999 -9999 -9999 -9999 -9999 -9999 -9999 -9999 -9999 -9999 -9999 -9999 -9999 -9999 -9999 -9999 -9999 -9999 -9999 -9999 -9999 0.03827 0.02009 0.02837 0.11766 0.00028 0.00911 0.00486 0.30379 0.25592 0.01430 0.08322 0.02782 0.03729 0.04661 0.09122 0.17357 0.31736 0.23931 0.76944 1.41550 1.47922 0.70697 0.65932 0.59463 0.66606 1.59755 3.37229 4.58570 4.14502 3.26178 5.63215 16.80150 22.12400 38.84950 64.73010 57.25420 -9999 -9999
-9999 -9999 -9999 -9999 -9999 -9999 -9999 -9999 -9999 -9999 -9999 -9999 -9999 -9999 -9999 -9999 -9999 -9999 -9999 -9999 -9999 -9999 -9999 -9999 -9999 -9999 -9999 -9999 -9999 -9999 -9999 -9999 -9999 -9999 -9999 -9999 -9999 -9999 0.03013 0.00909 0.00423 0.00673 0.14448 0.17752 0.01049 0.04349 0.10704 0.06213 0.09897 0.17507 0.12387 0.38275 0.30929 0.97640 1.16563 0.45129 0.02419 0.04545 0.64882 1.82468 3.42083 2.60035 3.13121 5.10830 14.14370 20.73930 28.81200 35.45590 32.87670 -9999 -9999 -9999
