data/hydroclimate-scenarios/1948-2000.Pcorr55N_Pref_Tref/monthly_summaries/baseflow_monthly_tot_oct.asc
ncols	311
nrows	91
xllcenter	102.75
yllcenter	31.75
cellsize	0.5
NODATA_value	-9999
[rows 32 to 63 of 91, columns 0 to 71 of 311]
-9999 -9999 -9999 -9999 -9999 -9999 -9999 -9999 -9999 -9999 -9999 0.02230 0.02488 0.06203 0.03938 0.14041 0.14444 0.27404 0.51012 0.35856 0.57929 0.18925 0.14066 0.24119 2.49346 2.21352 2.44872 3.66063 3.07661 0.16307 0.19091 0.28010 0.31163 0.33542 0.41419 0.17869 0.16131 0.14684 0.24675 0.31238 0.31091 0.38187 0.58478 0.59483 0.64667 0.63894 0.55941 0.58297 0.48427 0.48336 0.34451 0.32418 0.20121 1.11300 0.95921 0.86673 1.23072 1.44953 0.91917 0.22956 0.28776 0.29223 0.96859 1.72301 1.85424 0.88648 1.42626 2.25035 2.96513 4.59322 2.79748 8.08315
-9999 -9999 -9999 -9999 -9999 -9999 -9999 -9999 -9999 -9999 -9999 0.03407 0.05288 0.03449 0.05405 0.13218 0.14322 0.32466 0.36901 0.41304 0.40721 0.25245 2.69735 2.99607 3.28511 0.55415 0.92507 0.43441 0.18151 1.86187 2.12441 0.36816 0.56913 0.40597 0.76230 0.25942 1.44080 0.48353 1.50670 2.59792 0.49926 2.93990 1.13853 1.41812 2.07006 1.97169 1.73112 1.17746 0.85895 0.71180 0.53668 0.27963 0.13370 0.60045 0.05663 0.19493 0.26763 0.25536 0.32977 0.39964 0.37117 2.79296 2.07063 0.18820 2.59609 1.68405 2.10380 2.55551 2.94777 4.47424 2.32994 6.81975
-9999 -9999 -9999 -9999 -9999 -9999 -9999 -9999 -9999 -9999 -9999 -9999 0.06865 0.05140 0.06458 0.13385 0.16127 0.27459 0.38269 0.29897 2.95910 0.53117 1.36891 0.28113 0.58197 1.99062 1.46332 0.79646 0.13165 0.08935 1.62359 1.98247 2.02182 2.14840 2.43509 2.33122 2.58283 0.51525 1.64012 2.54771 2.85736 3.79018 4.29454 1.63094 2.08269 2.88807 1.94378 1.43031 1.21737 0.98352 0.46780 0.37794 0.29036 0.12304 0.08530 0.09669 0.10380 0.79823 2.62336 2.71894 2.25730 1.04008 1.26813 1.28956 1.16922 3.46041 1.98805 3.54272 5.44630 6.79095 3.01553 6.23891
-9999 -9999 -9999 -9999 -9999 -9999 -9999 -9999 -9999 -9999 -9999 -9999 0.05297 0.03882 0.05546 0.09444 0.13181 2.56988 3.12488 0.42876 0.32407 0.87557 0.72023 0.49607 0.81893 0.76918 0.25563 0.79320 0.23375 0.54290 0.30346 2.62613 2.52409 2.09115 2.91727 0.34506 0.36682 0.24013 0.23843 0.80327 3.98353 2.44216 2.29934 3.32168 2.41306 2.97217 2.51102 1.80352 1.29338 1.38404 0.72990 0.23929 0.11152 0.18717 0.19311 0.98396 3.09127 1.06780 0.10982 2.21558 1.69208 0.49814 0.50724 0.94537 2.72670 2.13905 2.84810 4.01214 5.87868 7.48176 9.58737 8.84041
-9999 -9999 -9999 -9999 -9999 -9999 -9999 -9999 -9999 -9999 -9999 -9999 0.02737 0.03188 1.81081 1.76117 2.40162 0.18711 1.05956 1.00346 0.62535 0.94359 0.72142 0.80954 0.96443 1.02770 0.58630 0.48824 0.66337 1.01787 0.89435 1.79192 0.34481 0.66467 0.38906 0.20788 0.59552 0.39404 0.26211 0.94053 2.11066 3.82553 3.35446 3.85263 5.06543 9.11053 6.24879 5.44022 4.26778 1.93359 0.97824 0.99133 0.40051 0.95679 1.70508 1.40491 1.10806 0.43360 0.36343 3.18204 0.65305 1.02354 1.13447 0.80568 2.66515 2.91083 3.56537 4.62042 7.77935 9.07877 10.78650 12.98370
-9999 -9999 -9999 0.08591 0.07332 0.04141 0.02159 0.02978 0.03668 -9999 0.02630 1.68382 1.67593 0.03316 0.05039 0.07006 0.21401 0.39104 0.73609 0.81351 0.61910 0.54529 0.65425 0.83594 1.55061 0.80548 0.46728 0.60063 0.87950 1.90908 0.45423 0.33780 0.20097 2.50679 1.11430 0.19759 0.88082 0.42755 0.68766 1.07410 1.61242 3.50440 4.38417 6.36998 8.31191 9.36708 9.93938 8.50467 4.46023 3.85262 5.28938 7.55041 6.30643 5.58465 4.53772 3.66784 3.59125 0.89864 1.98437 1.33182 3.54905 1.81633 2.53326 2.53223 2.12034 2.15722 2.53401 4.43187 6.75854 9.32929 13.16630 17.43610
-9999 -9999 -9999 0.10039 0.05382 0.05349 0.05377 0.04124 0.03030 0.98824 1.50682 1.40200 0.06279 0.07951 0.22935 0.13454 1.16581 0.33041 0.50496 0.62025 0.44145 0.81267 0.68551 0.89200 1.86216 2.02676 1.75337 1.35368 1.23297 3.81068 0.70439 1.39623 0.70300 1.53756 2.08124 2.55599 1.01344 1.78177 0.73635 3.61181 3.26946 2.78811 4.27650 7.47927 9.31755 11.44110 11.36170 7.46134 11.13150 11.92930 11.38860 6.51168 6.41512 6.49801 4.36910 4.83077 2.70525 1.78772 2.86029 3.40305 3.26801 3.55926 4.23703 4.75884 4.28927 3.43052 4.05774 4.46115 8.00845 12.48970 18.38670 19.59440
-9999 -9999 -9999 0.05548 0.04862 0.05251 2.04316 1.81372 1.57712 1.37398 1.61127 1.74019 0.08230 0.10231 0.23395 0.05533 0.88477 1.24391 0.39704 0.40945 0.63713 1.76605 1.24933 3.66980 3.04934 2.33753 1.52713 1.95653 2.24701 5.00991 6.79288 3.64596 2.43502 2.49692 3.49206 2.75190 1.16337 0.76626 1.83818 5.17298 5.31834 4.62429 5.07511 7.58504 6.77528 8.75502 9.81244 14.94960 13.97440 11.09620 11.91740 7.28262 7.12551 6.81989 5.34444 4.75131 2.83573 2.20651 3.46108 4.18360 5.80183 6.00816 4.02663 5.09817 5.61955 6.46288 7.27240 9.67971 17.75820 20.08290 23.06260 23.88000
-9999 -9999 -9999 0.05615 0.01741 0.05288 1.29049 1.92440 1.37393 1.28293 1.44639 0.02872 0.07037 0.33605 0.15806 0.55851 1.08467 2.18685 1.78888 1.25277 3.08949 4.57563 7.30030 6.24634 4.03549 3.79577 1.72415 1.27277 4.43273 8.70712 7.45316 2.11648 4.05048 6.34399 5.37709 5.54382 2.89970 1.52532 2.48130 2.05398 3.15582 8.18994 11.35670 10.98900 8.00283 11.27670 13.26240 11.00340 12.14190 10.08210 11.87140 8.70586 8.19716 11.33610 7.12678 7.93358 6.90696 7.06236 7.81408 9.76223 11.10160 8.89163 7.41285 5.88544 8.48266 11.75690 11.75830 13.97030 19.10620 22.43970 25.53140 30.51550
-9999 -9999 -9999 0.03550 0.01233 0.05879 1.47483 1.54578 1.79443 1.50310 1.22441 1.15762 0.24340 0.91090 2.03471 1.79179 2.08054 2.40553 1.08453 1.85841 3.37143 3.18952 6.74214 3.37379 3.69002 2.50044 0.81707 1.04134 3.72272 5.91848 7.02452 5.21184 5.73446 3.97866 2.28134 2.10649 2.18416 1.26085 1.20254 2.14149 4.11998 6.45602 8.42649 9.37564 9.69241 10.69830 11.41370 11.28730 13.70130 11.62440 12.42970 9.94778 10.88710 13.02270 8.55377 10.83940 8.47421 8.24761 8.54729 10.47720 11.20200 10.12860 9.45618 13.24290 15.35920 14.31140 15.62150 19.82480 20.92290 23.20170 28.80540 -9999
-9999 -9999 -9999 -9999 2.19432 2.44981 2.18258 2.98348 2.29087 1.67397 1.61200 0.09589 1.38988 1.16360 -9999 -9999 -9999 -9999 -9999 5.65950 7.25579 5.66200 7.23530 7.41365 5.04113 3.13187 1.79128 1.50574 2.12922 1.89553 2.66451 4.24987 3.99903 1.61992 1.02374 0.71159 1.37134 1.30067 1.18550 1.73046 1.56605 3.99267 7.62080 10.53740 11.05060 10.56600 11.53780 14.44510 12.61680 12.66690 10.51450 10.81420 8.56543 10.96000 10.02530 11.16590 11.89050 11.41410 13.19830 11.97760 12.27680 14.08160 15.76620 14.56510 15.48900 18.39430 17.63640 16.21350 13.66530 -9999 -9999 -9999
-9999 -9999 0.49231 2.87995 2.82702 2.25964 2.27748 3.71951 2.17255 2.04279 1.82247 0.16113 1.18862 -9999 -9999 -9999 -9999 -9999 8.75370 5.52403 6.69846 3.02965 2.34679 3.40716 5.11461 4.54735 1.59612 1.17678 1.41485 1.49571 3.49812 2.12276 1.90456 1.82726 1.70938 1.08578 1.16918 0.71329 1.53478 1.43300 2.13647 4.12617 6.40778 7.08387 6.56613 7.05731 8.42103 8.73728 8.97850 7.31819 7.23463 8.87538 13.18230 9.00902 10.76120 7.64517 8.87905 13.26580 14.47690 10.78200 12.17410 12.48040 14.01190 18.15290 20.03360 21.13290 20.33030 -9999 -9999 -9999 -9999 -9999
-9999 -9999 3.30646 3.50373 2.60172 2.40440 2.18373 3.77670 2.60083 2.36710 0.31923 0.57227 0.48803 -9999 -9999 -9999 -9999 1.30897 4.22482 2.27079 3.85128 2.88227 2.93527 3.04379 1.99621 0.79833 1.53981 0.72483 0.86700 0.80975 0.85529 1.51212 1.35938 1.59227 1.98755 1.30896 1.01190 1.15705 1.91632 3.57811 3.92276 6.50433 8.86738 8.01265 13.04590 13.58350 13.28870 12.69930 9.46953 7.80964 9.94559 9.99627 9.71043 8.87511 7.89687 5.79790 8.43755 12.43610 13.90280 12.07400 13.79210 16.83930 16.77780 19.27650 20.94560 -9999 -9999 -9999 -9999 -9999 19.02270 -9999
-9999 -9999 3.10378 5.53773 4.57647 4.04711 2.92057 2.64414 3.12153 3.15434 0.90944 0.84877 0.11571 -9999 -9999 -9999 -9999 3.61085 2.62537 3.37695 4.58611 3.72766 2.34444 1.42666 1.36688 1.13883 1.01127 0.68916 0.70197 1.10711 1.30667 0.82057 1.23932 1.76242 2.00177 2.12665 2.39214 2.38676 2.84451 2.05846 3.67510 3.55423 4.97099 9.33579 11.63450 14.68840 15.55480 15.95860 15.60140 14.17440 10.59620 11.07780 7.96304 9.62673 11.39180 7.03205 5.59486 10.83450 10.89130 11.25460 11.37300 13.47830 13.00430 20.99160 23.89530 23.51160 23.64870 21.72940 21.71500 -9999 -9999 -9999
-9999 -9999 -9999 5.52762 5.27042 3.52529 2.27295 2.01144 0.72828 1.78617 1.02865 0.46620 -9999 -9999 -9999 -9999 2.36414 2.88772 2.27122 2.74185 3.13017 1.87286 1.82270 1.43069 1.33321 1.14358 1.30923 1.71710 1.42282 1.65079 1.18854 1.09347 1.40398 2.63517 4.75089 5.58183 2.73121 2.06534 1.41756 1.23319 2.01106 2.40475 9.95607 13.03630 13.53950 14.84590 10.70950 8.09668 9.60482 10.59450 10.31700 10.36580 11.12530 13.94920 16.23390 15.11460 15.08680 16.68690 15.94890 14.92430 14.15160 14.00480 18.72960 24.15950 26.28650 22.09380 20.28760 17.31050 17.09990 24.59260 -9999 -9999
-9999 -9999 -9999 -9999 4.53674 2.08932 2.24825 1.01925 1.48987 0.33708 0.21035 -9999 -9999 -9999 -9999 2.56966 2.89938 2.92539 2.78352 4.12640 3.24524 3.16762 3.04634 3.29451 1.79036 2.77944 4.74298 4.32220 5.57872 3.50437 3.25577 2.89284 3.31600 3.49020 4.89105 2.36545 2.56515 2.76527 2.08947 1.16893 1.45207 2.06828 3.27635 4.75031 5.45179 10.26320 8.80140 9.95929 10.54670 7.06477 5.26104 5.75937 8.02489 11.72590 11.20660 10.18990 13.06360 17.26370 19.13300 14.76770 18.51430 22.31890 23.55840 24.37730 25.90550 20.86810 18.39880 15.45320 15.10850 14.29600 12.22630 13.15000
-9999 -9999 -9999 -9999 -9999 -9999 2.43648 4.03617 0.12464 0.81674 1.81765 -9999 -9999 -9999 -9999 -9999 3.41009 3.87433 2.73190 4.79982 3.49487 1.59764 2.01985 2.26698 4.21482 4.11418 1.72178 2.86480 2.55006 4.31677 3.46771 4.06098 2.33201 4.53689 4.06768 5.81112 3.51049 3.30195 1.68137 2.00814 2.26505 3.87213 4.61056 3.26592 8.42454 8.80863 8.63278 8.15282 9.02432 9.44811 8.50165 11.31980 11.95590 12.19570 14.84990 12.68190 13.04480 18.05250 21.04180 22.28250 23.11190 25.60180 26.52520 27.94180 27.93990 26.01430 18.30410 10.46470 9.28312 12.40690 11.23270 11.97760
-9999 -9999 -9999 -9999 -9999 -9999 -9999 -9999 -9999 -9999 -9999 -9999 -9999 -9999 -9999 -9999 -9999 -9999 -9999 3.75613 2.46293 0.48871 2.36499 3.53053 2.61196 2.34640 3.96685 1.58933 1.27188 1.08353 2.68278 1.74446 0.93838 1.65574 3.82917 4.70430 1.88473 2.68387 2.15664 3.15668 4.20062 5.17447 4.78833 5.00003 5.02846 4.98740 3.46854 8.31132 7.71252 5.87205 5.52054 10.94890 14.26060 15.27870 10.21700 10.38330 16.33870 16.87440 19.73930 21.14160 24.93660 25.73820 28.67110 29.23690 28.85260 23.82410 17.59020 10.16870 8.86402 13.83270 12.38610 11.95370
-9999 -9999 -9999 -9999 -9999 -9999 -9999 -9999 -9999 -9999 -9999 -9999 -9999 -9999 -9999 -9999 -9999 -9999 4.31099 2.09871 1.68528 2.35259 2.83316 3.07012 1.16408 0.45661 0.92497 1.00195 0.98218 2.75756 2.63426 3.44421 4.69114 4.15301 2.87932 3.98033 2.74301 2.29275 2.81364 3.67749 4.44137 4.46306 4.86820 4.66409 5.17928 8.84476 3.64327 0.09890 1.63446 1.86132 2.27296 8.83794 8.73291 8.64095 12.23570 17.16600 16.92160 17.96250 19.97090 20.71270 19.95180 19.71440 25.27110 28.09860 27.66820 22.53350 19.18450 11.75180 16.31320 10.43840 12.27460 14.57930
-9999 -9999 -9999 -9999 -9999 -9999 -9999 -9999 -9999 -9999 -9999 -9999 -9999 -9999 -9999 -9999 -9999 4.60682 3.48763 2.66319 3.01073 2.46683 1.50696 0.74293 0.22129 0.06080 0.86208 0.30369 1.11465 1.15607 1.75613 1.78506 2.05134 3.38263 1.93575 4.78188 6.79326 3.22044 2.87680 4.31293 5.12690 7.33773 5.05581 7.20546 3.19387 2.72047 6.86802 2.12130 0.69655 1.68053 2.15662 7.73314 5.88850 5.68788 8.72722 9.62409 16.31670 18.84580 21.29630 21.47240 19.31120 22.14700 27.46170 29.46620 27.28460 23.50540 20.70820 17.20730 15.16120 15.46280 23.64630 21.85320
-9999 -9999 -9999 -9999 -9999 -9999 -9999 -9999 -9999 -9999 -9999 -9999 -9999 -9999 -9999 -9999 -9999 3.28483 3.68617 5.18282 3.24006 2.08513 1.27935 0.06874 0.01326 0.04043 0.03141 0.01254 0.00703 0.48284 0.49927 0.66413 1.03782 0.89814 1.54169 3.11504 5.10651 2.35105 4.35324 4.47283 4.14771 2.89649 6.04127 1.62362 5.24929 4.59451 4.87100 0.13112 0.07195 0.52127 1.63883 6.80866 8.07942 9.19152 11.41050 9.02042 18.55700 17.49740 17.52190 18.11370 22.05960 26.82180 26.93380 24.97660 26.03610 24.37630 21.79870 20.54720 13.53240 10.28440 14.30380 27.11670
-9999 -9999 -9999 -9999 -9999 -9999 -9999 -9999 -9999 -9999 -9999 -9999 -9999 -9999 -9999 -9999 2.27777 2.54614 4.50329 3.07314 1.75102 0.22157 0.13268 0.04713 0.00501 0.01126 0.01202 0.00506 0.00401 0.00531 0.01179 0.02383 0.43698 0.35994 0.54306 1.54237 2.85462 4.59182 3.16403 3.08908 2.13807 2.19778 6.14593 3.90040 0.96626 3.29410 4.42867 0.09137 0.08151 0.40736 1.15564 6.50375 7.31564 8.29050 9.53556 8.13608 9.31249 17.60000 16.03930 18.17840 18.71200 23.13580 25.13970 25.37560 23.19150 25.14330 22.47250 22.34980 18.77770 13.46390 19.75150 29.30900
-9999 -9999 -9999 -9999 -9999 -9999 -9999 -9999 -9999 -9999 -9999 -9999 -9999 3.05978 3.39678 2.00787 2.69876 3.11584 3.39871 1.01739 0.31959 0.39311 0.09318 0.04510 0.01960 0.00109 0.00242 0.00000 0.00000 0.00000 0.06697 0.28615 0.00055 0.00095 0.10799 0.04666 0.19429 0.33747 0.03719 0.03252 0.01640 1.23287 0.87719 0.00243 0.68545 0.47453 0.83191 0.89757 1.16468 1.42190 1.38295 1.01372 0.63747 0.47144 1.43780 5.84314 4.96047 6.17743 3.89311 5.52732 5.73707 12.13560 11.79940 20.38690 19.38660 12.88680 12.02420 20.09450 24.13880 19.60310 27.97300 37.50050
-9999 -9999 -9999 -9999 -9999 -9999 -9999 -9999 -9999 -9999 -9999 -9999 1.68054 2.12857 2.34370 2.08110 2.57288 0.71650 0.63669 0.06049 0.07652 0.04707 0.02817 0.02003 0.01262 0.00059 0.00033 0.00000 0.00964 0.03426 0.00330 0.02287 0.05287 0.11234 0.15508 0.03641 0.00025 0.00173 0.02223 0.01115 0.00990 0.00475 0.81644 0.64460 0.20320 0.28321 0.43794 0.69553 1.00787 0.81092 0.77159 0.13668 1.00664 0.06870 1.52250 1.80183 4.02440 3.07963 5.07144 10.25080 9.81480 12.31260 14.99550 19.47580 20.47230 11.21220 12.02640 24.39870 28.61140 27.60950 38.72920 41.53490
-9999 -9999 -9999 -9999 -9999 -9999 -9999 -9999 -9999 -9999 -9999 3.11897 0.41042 2.24380 0.20652 0.06851 0.05090 0.07993 0.14220 0.06299 0.02543 0.00507 0.00680 0.00601 0.00527 0.00065 0.15957 0.04850 0.02251 0.07173 0.00545 0.00003 0.00012 0.00032 0.00006 0.08513 0.00275 0.00900 0.02607 0.00861 0.00280 0.65138 0.29202 0.13500 0.11737 0.19376 0.21793 0.39399 0.65889 1.41872 1.83698 1.44022 0.86308 4.54756 1.01018 0.61782 3.63855 1.61971 2.16531 5.79180 6.67141 7.10122 8.64871 8.53286 11.64740 12.87570 11.00950 24.18010 23.01240 32.13710 44.48650 43.69180
-9999 -9999 -9999 -9999 -9999 -9999 -9999 -9999 -9999 -9999 0.12571 0.09822 0.01462 0.04364 0.01778 0.00561 0.00153 0.00389 0.00653 0.00204 0.00305 0.00228 0.00343 0.00165 0.00032 0.00064 0.00065 0.06163 0.01754 0.00000 0.00000 0.00000 0.00007 0.09276 0.02682 0.10778 0.00472 0.01094 0.02750 0.01405 0.63687 0.15027 0.03334 0.02633 0.03376 0.20127 0.23971 0.27008 0.57626 1.01218 2.35490 1.53838 4.95507 0.95608 0.99444 0.84502 5.60330 6.13707 2.87460 2.33014 5.16413 7.65988 7.78195 10.22320 10.48660 13.80650 7.47223 22.82560 28.33980 39.30320 46.18610 42.54850
-9999 -9999 -9999 -9999 -9999 -9999 -9999 -9999 -9999 0.00054 0.00011 0.00009 0.00018 0.00031 0.00026 0.00105 0.00030 0.00006 0.00000 0.00000 0.00000 0.00011 0.00026 0.00006 0.00000 0.00001 0.00000 0.00000 0.00000 0.00001 0.00003 0.00000 0.00000 0.00006 0.04150 0.34459 0.02468 0.01529 0.00527 0.46618 0.05149 0.01307 0.02061 0.96405 0.01459 0.64733 0.09060 0.37592 0.35369 0.62124 1.20680 4.47092 1.43650 9.81169 5.93646 2.27222 1.28552 1.28446 1.58960 2.36855 4.88540 6.56517 6.11230 7.35525 7.26219 8.33311 13.08500 37.68740 47.30200 52.58300 56.57950 61.27360
-9999 -9999 -9999 -9999 -9999 -9999 -9999 -9999 -9999 -9999 0.00000 0.00000 0.00000 0.00000 0.00000 0.00006 0.00012 0.00000 0.00000 0.00000 0.00000 0.00000 0.00001 -9999 -9999 -9999 -9999 -9999 -9999 0.00034 0.00215 0.00000 0.00000 0.00000 0.00000 0.26578 0.60877 0.00238 0.00195 0.36412 0.09722 0.09508 1.01134 0.48431 0.78423 0.54049 0.82845 0.35680 0.78711 0.99187 1.71191 0.51664 1.47852 4.24712 8.69483 1.82298 1.06088 1.44793 1.10142 2.00523 3.22623 4.09955 2.10966 4.96439 9.09434 10.32490 18.18680 42.91870 52.43560 56.02360 60.11930 65.14230
-9999 -9999 -9999 -9999 -9999 -9999 -9999 -9999 -9999 -9999 -9999 -9999 0.00000 0.00000 0.00000 0.00000 0.00000 0.00000 0.00000 -9999 -9999 -9999 -9999 -9999 -9999 -9999 -9999 -9999 -9999 -9999 -9999 -9999 -9999 0.00000 0.06346 0.13231 0.11327 0.16286 0.00083 0.00210 0.19139 0.05876 0.14094 0.08181 0.07901 0.95696 0.85836 0.13129 0.25034 0.31180 0.54811 4.30268 5.42436 5.84929 3.21490 1.06209 1.77392 1.47967 0.18821 1.71757 3.75155 4.67423 7.40821 3.11007 6.69551 11.73390 23.35980 45.15570 50.75950 56.66230 59.93620 61.91710
-9999 -9999 -9999 -9999 -9999 -9999 -9999 -9999 -9999 -9999 -9999 -9999 -9999 -9999 -9999 -9999 -9999 -9999 -9999 -9999 -9999 -9999 -9999 -9999 -9999 -9999 -9999 -9999 -9999 -9999 -9999 -9999 -9999 -9999 0.06905 0.03883 0.04355 0.04521 0.00017 0.08454 0.09471 0.03196 1.12851 0.55176 0.60021 0.83298 0.25822 0.08009 0.31868 0.30675 0.66917 3.64329 2.63447 3.54952 3.55545 1.45877 0.94830 2.04452 1.43254 1.76268 2.84119 3.65349 2.57906 3.13229 7.13315 10.68580 23.98400 46.67590 52.62970 57.46050 61.63090 -9999
-9999 -9999 -9999 -9999 -9999 -9999 -9999 -9999 -9999 -9999 -9999 -9999 -9999 -9999 -9999 -9999 -9999 -9999 -9999 -9999 -9999 -9999 -9999 -9999 -9999 -9999 -9999 -9999 -9999 -9999 -9999 -9999 -9999 -9999 0.04382 0.03091 0.05121 0.20387 0.00177 0.01775 0.01055 0.47053 0.40001 0.02566 0.17783 0.05942 0.08176 0.09222 0.16333 0.34918 0.58526 0.49619 1.23737 3.70918 3.30355 1.39638 0.89784 0.69470 0.55223 1.50867 3.20941 3.60655 3.52044 3.44567 6.50173 21.10580 23.74860 37.13220 43.49880 41.65350 -9999 -9999
-9999 -9999 -9999 -9999 -9999 -9999 -9999 -9999 -9999 -9999 -9999 -9999 -9999 -9999 -9999 -9999 -9999 -9999 -9999 -9999 -9999 -9999 -9999 -9999 -9999 -9999 -9999 -9999 -9999 -9999 -9999 -9999 -9999 -9999 -9999 -9999 -9999 -9999 0.05671 0.01632 0.00734 0.01207 0.25083 0.30099 0.01804 0.09402 0.25453 0.15768 0.17908 0.44465 0.42503 0.68837 0.71916 2.75350 3.15483 0.77111 0.05769 0.04630 0.38765 1.00187 2.86867 1.28626 2.67233 6.12930 15.96030 24.12630 29.97630 32.93100 37.86180 -9999 -9999 -9999
