data/hydroclimate-scenarios/1948-2000.Pcorr55N_Pref_Tref/monthly_summaries/baseflow_monthly_tot_mar.1950-2000.asc
ncols	311
nrows	91
xllcenter	102.75
yllcenter	31.75
cellsize	0.5
NODATA_value	-9999
[rows 32 to 63 of 91, columns 0 to 72 of 311]
-9999 -9999 -9999 -9999 -9999 -9999 -9999 -9999 -9999 -9999 -9999 0.09536 0.10818 0.25276 0.18141 0.30284 0.29413 0.40396 0.51818 0.50284 0.66621 0.45352 0.42217 0.44188 1.35292 1.29734 1.32597 1.64886 1.54812 0.28603 0.30826 0.22467 0.26417 0.29132 0.32936 0.30473 0.32800 0.34944 0.45612 0.47853 0.45616 0.45094 0.55010 0.53062 0.50269 0.47116 0.41481 0.42643 0.38911 0.39375 0.35269 0.33709 0.28679 0.83088 0.80945 0.76927 0.84683 0.83590 0.62894 0.23316 0.26914 0.28731 0.61517 1.06052 1.10913 0.72123 0.90153 1.14852 1.19516 1.45523 0.96674 1.67381 1.77675
-9999 -9999 -9999 -9999 -9999 -9999 -9999 -9999 -9999 -9999 -9999 0.17547 0.20786 0.18178 0.20393 0.28599 0.29577 0.43630 0.45786 0.56117 0.58225 0.55226 1.53499 1.55777 1.57684 0.50138 0.61774 0.44091 0.29333 1.13603 1.24841 0.31225 0.42850 0.30200 0.55996 0.31471 1.02113 0.57280 1.06561 1.23884 0.57813 1.18856 0.69348 0.75619 0.83744 0.75475 0.72341 0.63276 0.54068 0.47355 0.40657 0.31808 0.25888 0.64893 0.15755 0.31077 0.32314 0.29186 0.33308 0.35740 0.34070 1.27304 1.09580 0.22957 1.33693 0.96733 1.01498 1.18233 1.19580 1.39067 0.93261 1.58726 1.46731
-9999 -9999 -9999 -9999 -9999 -9999 -9999 -9999 -9999 -9999 -9999 -9999 0.25212 0.27367 0.26972 0.33566 0.34019 0.50862 0.52615 0.60537 1.62662 0.62380 0.94019 0.50748 0.66609 0.92757 0.76100 0.52165 0.22966 0.20248 1.15598 1.17736 1.15289 1.18905 1.20994 1.22768 1.26559 0.67075 1.09912 1.15155 1.18618 1.27500 1.28749 0.73159 0.78480 0.94740 0.81164 0.76663 0.65471 0.54961 0.38732 0.44592 0.43154 0.29779 0.22630 0.18019 0.19435 0.58526 1.26750 1.30284 1.17519 0.66334 0.66647 0.76758 0.80412 1.49121 1.08359 1.23232 1.45339 1.62970 1.04942 1.39954 1.50083
-9999 -9999 -9999 -9999 -9999 -9999 -9999 -9999 -9999 -9999 -9999 -9999 0.25993 0.24733 0.29660 0.34259 0.37718 1.52347 1.58570 0.62308 0.62457 0.77128 0.70122 0.55517 0.62390 0.49961 0.26047 0.48752 0.27293 0.45953 0.37125 1.22866 1.27860 1.11399 1.37069 0.39524 0.36867 0.40479 0.40097 0.50883 1.42690 0.93797 0.88040 1.09297 0.87369 0.99021 0.97023 0.83967 0.60060 0.64454 0.49505 0.35208 0.25309 0.37704 0.32542 0.72772 1.35350 0.70190 0.17575 1.01670 0.85479 0.33204 0.31617 0.60558 1.07734 1.04628 1.21857 1.26635 1.44950 1.62329 1.74463 1.56260 1.67085
-9999 -9999 -9999 -9999 -9999 -9999 -9999 -9999 -9999 -9999 -9999 -9999 0.20208 0.24237 1.50898 1.47729 1.57947 0.41712 0.74883 0.76079 0.67259 0.83309 0.72135 0.60992 0.56015 0.55209 0.44964 0.45463 0.54745 0.67974 0.61684 1.05404 0.40176 0.45146 0.32854 0.38689 0.57132 0.47265 0.41759 0.60304 0.90351 1.07444 1.03787 1.15585 1.35062 1.67641 1.41910 1.33246 1.21470 0.84030 0.62550 0.67713 0.43280 0.56232 0.61616 0.57033 0.54297 0.35153 0.36931 1.21792 0.41864 0.46741 0.44345 0.35672 1.05991 1.17081 1.31146 1.39658 1.63711 1.74567 1.85742 1.96034 1.90822
-9999 -9999 -9999 0.29015 0.32240 0.23666 0.17330 0.20164 0.21833 -9999 0.20684 1.49249 1.49999 0.24519 0.28846 0.30276 0.45431 0.61014 0.67027 0.60875 0.67459 0.70943 0.65556 0.60261 0.69112 0.54556 0.44368 0.47117 0.60437 0.79144 0.40738 0.40963 0.28069 0.79933 0.55204 0.22738 0.61645 0.49828 0.62265 0.68317 0.86591 1.12454 1.22723 1.41284 1.47766 1.50147 1.62335 1.47602 1.19866 1.17178 1.30746 1.43387 1.31358 1.19693 0.99172 0.91329 0.98592 0.59731 0.84868 0.60146 1.22880 0.62934 0.80505 0.76373 0.61517 0.66807 0.85382 1.21333 1.51181 1.74385 2.02266 2.19307 2.30709
-9999 -9999 -9999 0.44073 0.33367 0.33807 0.29060 0.32664 0.26660 1.13706 1.55269 1.48194 0.32190 0.29583 0.45246 0.32598 0.86292 0.47809 0.53193 0.54866 0.54873 0.71718 0.63574 0.65364 0.92081 1.01455 0.89368 0.69226 0.65454 1.03050 0.36416 0.66233 0.45674 0.67329 0.78086 0.92402 0.62717 0.85180 0.61777 1.15365 1.09442 1.03444 1.37183 1.56929 1.55530 1.71108 1.78020 1.57735 1.74013 1.73944 1.71331 1.45327 1.42477 1.36322 0.99563 1.08750 0.84914 0.79701 0.91043 0.95428 0.95786 1.01089 1.14236 1.27516 1.19146 0.98694 1.11488 1.19217 1.66569 1.96978 2.14518 2.30447 2.35542
-9999 -9999 -9999 0.31312 0.32135 0.28191 1.62955 1.54637 1.55397 1.52392 1.58370 1.57156 0.27434 0.19589 0.25135 0.16698 0.70579 0.75138 0.45288 0.40444 0.50809 0.88189 0.52954 1.08901 1.03852 0.97139 0.76148 0.84790 0.85894 1.18605 1.40734 1.08034 0.88303 0.91147 1.07049 0.97813 0.67672 0.63539 0.92607 1.35013 1.42882 1.37885 1.47637 1.69237 1.52926 1.57296 1.72026 1.91487 1.90494 1.90779 1.92839 1.51967 1.50164 1.40137 1.15634 1.12936 0.93989 0.90361 1.03133 1.10277 1.22288 1.30061 1.13784 1.36131 1.43140 1.49212 1.53552 1.73233 2.04244 2.22057 2.33130 2.41927 2.43449
-9999 -9999 -9999 0.37808 0.23123 0.38037 1.51064 1.72890 1.38671 1.23115 1.39764 0.17612 0.16515 0.35102 0.23970 0.45550 0.61981 0.96560 0.86132 0.61714 1.01599 1.12183 1.48473 1.55393 1.19152 1.23642 0.79652 0.59536 1.17625 1.55971 1.42011 0.86135 1.15653 1.46300 1.40241 1.44592 1.15365 0.90982 1.06985 1.00639 1.20858 1.72195 1.91366 1.92999 1.81440 1.95494 2.03535 1.86150 1.93168 1.82696 1.88221 1.68089 1.58137 1.66596 1.40981 1.41608 1.33947 1.34777 1.39215 1.53424 1.57055 1.62063 1.54148 1.49548 1.72351 1.89577 1.96576 2.02461 2.28270 2.38695 2.51291 2.64821 -9999
-9999 -9999 -9999 0.25472 0.18665 0.38884 1.60087 1.60190 1.52025 1.39490 1.45443 1.15422 0.34276 0.52561 0.87102 0.86672 0.84447 0.83049 0.51417 0.83561 1.07929 0.97701 1.65202 1.12699 1.16845 1.06078 0.50918 0.57141 1.04399 1.27468 1.36877 1.27265 1.34480 1.18539 0.96330 0.99692 1.02977 0.81565 0.84958 1.04474 1.35104 1.65598 1.80153 1.86695 1.90756 1.96155 1.98641 1.94424 2.00517 1.97262 1.94915 1.79130 1.75820 1.81220 1.59992 1.67960 1.47277 1.46092 1.50065 1.75104 1.82423 1.76969 1.80717 2.03439 2.04160 2.02512 2.13538 2.15640 2.35878 2.48051 2.66820 -9999 -9999
-9999 -9999 -9999 -9999 1.60357 1.69807 1.70179 1.81830 1.54264 1.33650 1.52032 0.33929 0.74203 0.77183 -9999 -9999 -9999 -9999 -9999 1.36948 1.65674 1.35441 1.62185 1.55916 1.33207 1.12057 0.96607 0.81205 0.96316 0.84825 0.96772 1.13074 1.11765 0.82286 0.68584 0.57372 0.82113 0.88976 0.88069 0.91998 0.86705 1.23545 1.70126 1.94434 1.97872 1.98310 1.95533 2.07553 2.06385 2.05020 1.84760 1.94253 1.75793 1.89960 1.88864 1.92599 1.91122 1.84219 1.83916 1.87289 2.00640 2.15054 2.21804 2.19954 2.22750 2.24108 2.32979 2.29961 2.15829 -9999 -9999 -9999 -9999
-9999 -9999 0.60340 1.71226 1.75093 1.70713 1.67771 1.83182 1.57306 1.47996 1.59149 0.37120 0.64322 -9999 -9999 -9999 -9999 -9999 1.86666 1.35100 1.52814 0.77586 0.73215 1.09516 1.46763 1.42937 0.94937 0.80154 0.88424 0.87259 1.21339 0.96929 0.88844 0.94592 0.94108 0.78080 0.77670 0.65855 0.92709 0.78870 0.96457 1.29778 1.60290 1.65725 1.63070 1.70532 1.86168 1.89421 1.86228 1.80689 1.74920 1.85126 2.18340 2.00982 2.08556 1.66842 1.82267 1.92858 1.97784 1.88466 1.96807 2.05905 2.20445 2.15711 2.22970 2.33676 2.37666 -9999 -9999 -9999 -9999 -9999 -9999
-9999 -9999 1.93979 1.83100 1.61760 1.66778 1.65234 1.87763 1.62038 1.64776 0.55047 0.61202 0.41968 -9999 -9999 -9999 -9999 0.65330 1.15602 0.75659 0.99451 0.77485 0.85870 1.03392 0.95092 0.59946 0.87363 0.65764 0.82351 0.78737 0.66846 0.89259 0.85611 0.98166 1.04198 0.83857 0.76366 0.80360 1.02305 1.31270 1.48867 1.66202 1.79244 1.75570 1.93617 1.91899 1.95243 1.90422 2.01304 1.94218 2.27680 2.07006 2.04333 1.90004 1.83809 1.64155 1.91162 2.03445 2.14608 2.18975 2.20135 2.20482 2.27164 2.34218 2.39803 -9999 -9999 -9999 -9999 -9999 2.44781 -9999 -9999
-9999 -9999 1.95484 2.05266 1.84496 1.85114 1.71896 1.60757 1.68126 1.64559 0.64913 0.54921 0.17676 -9999 -9999 -9999 -9999 1.04746 0.88876 0.96616 1.10513 0.97653 0.87897 0.64578 0.69342 0.70226 0.68720 0.71477 0.79758 0.87994 0.90078 0.69049 0.84015 1.00970 1.07900 1.09435 1.19619 1.19784 1.22906 1.05370 1.44803 1.27819 1.50465 1.96586 2.01990 2.02343 1.99042 1.99482 2.04737 2.09127 2.23140 1.93679 1.74540 1.82365 1.95971 1.82408 1.79324 2.07991 2.13104 2.27530 2.29063 2.43894 2.30868 2.19664 2.19255 2.36689 2.40556 2.26130 2.35460 -9999 -9999 -9999 2.45830
-9999 -9999 -9999 2.16031 1.98758 1.72344 1.56895 1.40479 0.68158 0.91496 0.64169 0.34561 -9999 -9999 -9999 -9999 0.70533 0.76491 0.60490 0.71292 0.83103 0.69725 0.71011 0.62539 0.64693 0.67671 0.80671 1.02650 1.06684 1.11025 0.93399 0.81377 0.94678 1.30151 1.56709 1.57672 1.18040 1.11319 0.99389 0.95739 1.20190 1.05243 2.43339 2.47144 2.55260 2.54502 2.23859 2.10110 2.06938 2.16593 2.08566 2.14502 2.15239 2.26082 2.30312 2.18157 2.35266 2.35074 2.39699 2.44073 2.40737 2.29947 2.32593 2.25158 2.09900 2.33555 2.50702 1.98167 2.17373 2.45859 -9999 -9999 2.71639
-9999 -9999 -9999 -9999 2.02856 1.61696 1.62353 0.87736 0.95165 0.45848 0.32932 -9999 -9999 -9999 -9999 0.79805 0.75750 0.70984 0.98153 0.97850 0.91068 1.01870 0.98029 0.98884 0.73026 1.05926 1.25277 1.37888 1.51284 1.39335 1.33148 1.29929 1.33229 1.41701 1.60530 1.21223 1.19553 1.25562 1.19310 0.95441 1.07933 1.02395 1.26404 1.58215 1.87228 2.49716 2.23264 2.52022 2.51442 2.16354 1.84033 1.87364 2.02824 2.23791 2.18976 2.01618 2.37208 2.47608 2.61490 2.42158 2.40869 2.29915 2.24572 2.31657 2.23302 2.43287 2.36114 2.03588 1.92943 2.25959 2.32494 2.46291 2.49336
-9999 -9999 -9999 -9999 -9999 -9999 1.31326 2.07119 0.22536 0.95782 1.16539 -9999 -9999 -9999 -9999 -9999 0.95938 1.02661 0.67339 1.27003 1.01911 0.70591 0.77691 0.86001 1.13088 1.10690 0.80942 1.60689 1.63652 1.75270 1.21749 1.36643 1.05840 1.47336 1.45452 1.74394 1.24542 1.23108 1.02979 1.13355 1.18459 1.42450 1.52673 1.31705 2.31226 2.53836 2.44672 2.48266 2.62462 2.60608 2.60335 2.53174 2.33538 2.27037 2.32469 2.53153 2.64128 2.55275 2.67683 2.20377 2.10015 2.19606 2.29289 2.25941 2.17677 2.29908 2.40986 1.80898 1.83703 2.03584 2.11601 2.32068 2.53405
-9999 -9999 -9999 -9999 -9999 -9999 -9999 -9999 -9999 -9999 -9999 -9999 -9999 -9999 -9999 -9999 -9999 -9999 -9999 1.05442 0.79305 0.25522 0.83712 1.00459 0.90785 0.86579 1.25684 0.89123 0.86579 0.66735 1.06107 1.02280 0.68327 0.97836 1.42536 1.56783 1.04258 1.23839 1.20623 1.42637 1.64928 1.79813 1.71644 1.79451 1.77011 1.90960 1.58841 2.59989 2.48095 2.16743 2.04424 2.41731 2.75278 2.90082 2.09103 2.37442 2.69234 2.61597 2.49663 2.27040 2.34042 2.52509 2.18683 2.13870 2.09740 2.44483 2.14590 1.78115 1.81457 2.15930 2.13516 2.37421 2.55222
-9999 -9999 -9999 -9999 -9999 -9999 -9999 -9999 -9999 -9999 -9999 -9999 -9999 -9999 -9999 -9999 -9999 -9999 1.14330 0.73727 0.61152 0.80637 0.90666 0.87778 0.53203 0.33471 0.61617 0.73506 0.60673 0.98255 1.07434 1.18878 1.42361 1.43062 1.20847 1.72231 1.26918 1.19339 1.35425 1.45172 1.62865 1.72746 1.78512 1.87506 1.92179 2.46279 1.73145 0.15267 1.68606 1.81127 2.04254 2.87122 2.88475 2.75017 3.02648 3.22823 2.89673 2.25332 2.37563 2.29401 2.52408 2.51126 2.45362 2.33824 2.57255 2.49554 2.17082 2.06657 2.66251 2.23549 2.53503 2.46929 2.53666
-9999 -9999 -9999 -9999 -9999 -9999 -9999 -9999 -9999 -9999 -9999 -9999 -9999 -9999 -9999 -9999 -9999 1.34150 0.98962 0.86225 0.93381 0.85557 0.63649 0.45317 0.23162 0.15456 0.64897 0.39784 0.86248 0.99632 1.16157 1.09117 0.94133 1.33181 1.24310 1.87340 2.11373 1.36121 1.31677 1.54643 1.62693 2.12715 1.69197 2.22594 1.47305 1.49218 2.42567 1.92649 0.86813 1.70660 1.96798 2.93135 2.46612 2.32239 2.71185 2.58910 2.76027 2.28232 2.27053 2.38437 2.75261 2.84219 2.41376 2.51653 2.29166 2.47949 2.42540 2.69114 2.81372 2.98920 2.78237 2.49794 2.44580
-9999 -9999 -9999 -9999 -9999 -9999 -9999 -9999 -9999 -9999 -9999 -9999 -9999 -9999 -9999 -9999 -9999 1.22398 1.17473 1.16330 0.92579 0.99450 0.72874 0.09743 0.05056 0.10521 0.09742 0.07049 0.03776 0.51245 0.57744 0.64477 0.85960 0.79601 1.10138 1.46552 1.89767 1.01678 1.35835 1.48421 1.34217 1.21540 2.00344 1.01031 1.88568 2.15047 2.08633 0.15373 0.10815 0.74249 1.67466 2.85254 2.87909 2.98223 3.05126 2.58073 2.64580 2.43317 2.61648 2.74850 2.64516 2.37479 2.38735 2.34044 2.19851 2.27280 2.54868 2.41535 2.60305 2.59508 2.99470 2.59228 2.38478
-9999 -9999 -9999 -9999 -9999 -9999 -9999 -9999 -9999 -9999 -9999 -9999 -9999 -9999 -9999 -9999 0.93960 1.00942 1.24485 0.81267 0.69682 0.18154 0.10777 0.05714 0.01385 0.03878 0.04867 0.03789 0.02929 0.03045 0.04424 0.05320 0.44763 0.46766 0.63022 1.00561 1.31925 1.59354 1.11051 1.19971 0.97724 1.14015 2.06866 1.70322 0.74963 1.74170 1.90636 0.14698 0.12989 0.52718 1.42361 2.88150 2.94903 3.03855 3.08683 2.58249 2.54119 2.74253 2.86621 2.53069 2.63815 2.58558 2.50864 2.49120 2.53013 2.86716 2.87968 3.05036 3.27926 3.06915 3.41969 2.54368 2.47547
-9999 -9999 -9999 -9999 -9999 -9999 -9999 -9999 -9999 -9999 -9999 -9999 -9999 1.34947 1.28010 0.87073 0.91687 1.02620 1.26815 0.56663 0.16936 0.23825 0.08231 0.05007 0.03632 0.00625 0.01083 0.00000 0.00000 0.00000 0.08433 0.34804 0.00091 0.00122 0.13775 0.06735 0.26197 0.43942 0.05835 0.05526 0.02912 1.34842 1.00794 0.00485 0.83349 0.61172 0.97175 1.01453 1.21037 1.41109 1.48841 1.28860 0.93643 0.79118 1.84618 4.40016 3.76499 4.19162 2.76225 3.37224 3.20841 5.36855 5.08232 7.15805 6.94606 5.75381 6.00621 3.58845 3.69047 2.93614 2.94570 2.61669 2.50716
-9999 -9999 -9999 -9999 -9999 -9999 -9999 -9999 -9999 -9999 -9999 -9999 0.90591 1.08009 1.25704 1.05170 1.12491 0.33473 0.25577 0.06045 0.07609 0.09365 0.05525 0.03983 0.01984 0.00206 0.00097 0.00000 0.01070 0.04023 0.00357 0.02646 0.06568 0.12168 0.18321 0.05353 0.00055 0.00333 0.03610 0.02012 0.01677 0.00875 0.93644 0.73808 0.27281 0.35854 0.53539 0.77752 1.06517 0.90882 0.92828 0.18765 1.22988 0.13261 1.85247 2.01535 3.54567 2.42614 3.14639 5.52313 4.90036 5.54811 6.06086 6.81901 7.25976 5.57144 6.10702 4.12471 3.91714 2.92485 2.52244 2.55489 2.52706
-9999 -9999 -9999 -9999 -9999 -9999 -9999 -9999 -9999 -9999 -9999 1.51966 0.38422 1.13906 0.21621 0.07491 0.05519 0.07052 0.08328 0.05105 0.03956 0.00812 0.00802 0.00721 0.00640 0.00281 0.22437 0.04901 0.02406 0.08016 0.00635 0.00000 0.00018 0.00043 0.00012 0.12134 0.00535 0.01558 0.03943 0.01540 0.00554 0.77738 0.38026 0.18801 0.16380 0.26571 0.30961 0.48533 0.72944 1.34668 1.77870 0.99677 0.67687 3.41985 0.92135 0.63572 3.29774 1.36219 1.71334 4.18827 4.25121 4.13058 4.47494 4.86780 5.99341 6.47315 5.93438 4.41092 3.55552 2.69448 2.43369 2.38100 2.40085
-9999 -9999 -9999 -9999 -9999 -9999 -9999 -9999 -9999 -9999 0.25753 0.19906 0.07961 0.09705 0.04285 0.01037 0.00306 0.00377 0.00666 0.00454 0.00422 0.00225 0.00307 0.00227 0.00059 0.00218 0.00083 0.06687 0.01842 0.00000 0.00000 0.00000 0.00012 0.12505 0.03849 0.14804 0.00850 0.01786 0.04030 0.01969 0.73181 0.20078 0.04694 0.03935 0.04796 0.26479 0.31164 0.33489 0.64524 1.04039 2.09911 1.01311 3.57144 0.88422 0.88569 0.78728 3.90835 4.06650 2.61121 2.35949 3.69064 4.55798 4.58083 5.84442 5.91822 6.99763 5.18385 4.27328 3.34705 2.59643 2.49516 2.66270 2.67960
-9999 -9999 -9999 -9999 -9999 -9999 -9999 -9999 -9999 0.00263 0.00076 0.00067 0.00082 0.00111 0.00036 0.00109 0.00036 0.00006 0.00000 0.00000 0.00000 0.00012 0.00024 0.00009 0.00000 0.00012 0.00006 0.00006 0.00006 0.00011 0.00018 0.00000 0.00000 0.00006 0.06372 0.46823 0.04126 0.02532 0.00874 0.54657 0.06381 0.01816 0.03400 1.02620 0.01995 0.73381 0.12538 0.47207 0.44049 0.69029 1.28692 3.34056 1.14556 5.13515 3.42062 2.29803 1.59375 1.67860 1.88122 2.43180 3.78907 4.53004 4.36279 5.20708 4.88175 5.63967 7.25098 5.65810 4.73149 4.17981 4.22545 4.60647 5.17273
-9999 -9999 -9999 -9999 -9999 -9999 -9999 -9999 -9999 -9999 0.00000 0.00006 0.00000 0.00000 0.00000 0.00006 0.00012 0.00000 0.00000 0.00000 0.00000 0.00000 0.00000 -9999 -9999 -9999 -9999 -9999 -9999 0.00179 0.00766 0.00000 0.00000 0.00000 0.00006 0.37801 0.76443 0.00415 0.00334 0.41381 0.10463 0.12293 1.04262 0.54832 0.83743 0.61561 0.88130 0.41074 0.78338 0.94430 1.60103 0.41921 1.08568 2.66598 4.33932 1.90146 1.42742 1.68881 1.38416 2.22212 3.06766 3.72403 2.07233 4.32523 5.16334 6.53671 7.93669 5.09843 4.34899 4.47164 4.29834 5.18931 5.12453
-9999 -9999 -9999 -9999 -9999 -9999 -9999 -9999 -9999 -9999 -9999 -9999 0.00000 0.00000 0.00000 0.00000 0.00000 0.00000 0.00000 -9999 -9999 -9999 -9999 -9999 -9999 -9999 -9999 -9999 -9999 -9999 -9999 -9999 -9999 0.00000 0.08356 0.18455 0.15902 0.21314 0.00135 0.00286 0.21707 0.07813 0.17347 0.09656 0.09838 1.00441 0.91990 0.18055 0.31474 0.38984 0.64058 3.20215 3.67256 3.84166 2.51841 1.30227 1.92312 1.78460 0.28142 2.04882 3.37296 3.91799 5.10646 2.61699 4.79978 6.83201 7.87268 4.49703 4.48954 4.82073 5.29425 5.51161 -9999
-9999 -9999 -9999 -9999 -9999 -9999 -9999 -9999 -9999 -9999 -9999 -9999 -9999 -9999 -9999 -9999 -9999 -9999 -9999 -9999 -9999 -9999 -9999 -9999 -9999 -9999 -9999 -9999 -9999 -9999 -9999 -9999 -9999 -9999 0.10311 0.05371 0.05651 0.05845 0.00024 0.09930 0.10599 0.04113 1.11997 0.60195 0.66413 0.84718 0.25204 0.12166 0.44763 0.46325 0.89318 3.08223 2.34295 2.94277 2.94791 1.85514 1.40203 2.37085 1.94876 2.34432 2.92997 3.36397 2.62556 2.73977 5.31065 6.13275 8.20645 4.45469 4.66525 5.04700 6.39716 -9999 -9999
-9999 -9999 -9999 -9999 -9999 -9999 -9999 -9999 -9999 -9999 -9999 -9999 -9999 -9999 -9999 -9999 -9999 -9999 -9999 -9999 -9999 -9999 -9999 -9999 -9999 -9999 -9999 -9999 -9999 -9999 -9999 -9999 -9999 -9999 0.05362 0.03997 0.06449 0.22714 0.00292 0.02076 0.01274 0.51854 0.45375 0.03589 0.22531 0.08353 0.12395 0.15129 0.27201 0.54835 0.86332 0.67129 1.51214 2.84119 2.57928 1.55730 1.34406 1.21875 1.08628 2.24259 3.93985 4.42911 3.82609 2.60254 4.17541 7.36855 8.05271 8.33435 9.07055 9.75493 -9999 -9999 -9999
-9999 -9999 -9999 -9999 -9999 -9999 -9999 -9999 -9999 -9999 -9999 -9999 -9999 -9999 -9999 -9999 -9999 -9999 -9999 -9999 -9999 -9999 -9999 -9999 -9999 -9999 -9999 -9999 -9999 -9999 -9999 -9999 -9999 -9999 -9999 -9999 -9999 -9999 0.06923 0.01907 0.00939 0.01504 0.27162 0.36162 0.03046 0.13479 0.35891 0.22532 0.30583 0.67593 0.57273 0.92768 0.94235 2.36752 2.46762 1.02684 0.06713 0.08135 0.93327 2.12675 3.86658 2.33892 3.06291 4.15276 6.98259 7.55457 8.23769 8.94926 9.31112 -9999 -9999 -9999 -9999
