data/hydroclimate-scenarios/1948-2000.Pcorr55N_Pref_Tref/monthly_summaries/baseflow_monthly_tot_nov.1950-2000.asc
ncols	311
nrows	91
xllcenter	102.75
yllcenter	31.75
cellsize	0.5
NODATA_value	-9999
[rows 0 to 31 of 91, columns 216 to 287 of 311]
-9999 -9999 -9999 -9999 -9999 -9999 -9999 -9999 -9999 -9999 -9999 -9999 -9999 -9999 -9999 -9999 -9999 -9999 -9999 -9999 -9999 -9999 -9999 -9999 -9999 -9999 -9999 -9999 -9999 -9999 -9999 -9999 -9999 -9999 -9999 -9999 -9999 -9999 -9999 -9999 -9999 -9999 -9999 -9999 -9999 -9999 -9999 -9999 -9999 -9999 -9999 -9999 -9999 -9999 -9999 -9999 -9999 -9999 -9999 -9999 -9999 -9999 -9999 -9999 -9999 -9999 -9999 -9999 -9999 -9999 -9999 -9999
-9999 -9999 -9999 -9999 -9999 -9999 -9999 -9999 -9999 -9999 -9999 -9999 -9999 -9999 -9999 -9999 -9999 -9999 -9999 -9999 -9999 -9999 -9999 -9999 -9999 -9999 -9999 -9999 -9999 -9999 -9999 -9999 -9999 -9999 -9999 -9999 -9999 -9999 -9999 -9999 -9999 -9999 -9999 -9999 -9999 -9999 -9999 -9999 -9999 -9999 -9999 -9999 -9999 -9999 -9999 -9999 -9999 -9999 -9999 -9999 -9999 -9999 -9999 -9999 -9999 -9999 -9999 -9999 -9999 -9999 -9999 -9999
-9999 -9999 -9999 -9999 -9999 -9999 -9999 -9999 -9999 -9999 -9999 -9999 -9999 -9999 -9999 -9999 -9999 -9999 -9999 -9999 -9999 -9999 -9999 -9999 -9999 -9999 -9999 -9999 -9999 -9999 -9999 -9999 -9999 -9999 -9999 -9999 -9999 -9999 -9999 -9999 -9999 -9999 -9999 -9999 -9999 -9999 -9999 -9999 -9999 -9999 -9999 -9999 -9999 -9999 -9999 -9999 -9999 -9999 -9999 -9999 -9999 -9999 -9999 -9999 -9999 -9999 -9999 -9999 -9999 -9999 -9999 -9999
-9999 -9999 -9999 -9999 -9999 -9999 -9999 -9999 -9999 -9999 -9999 -9999 -9999 -9999 -9999 -9999 -9999 -9999 -9999 -9999 -9999 -9999 -9999 -9999 -9999 -9999 -9999 -9999 -9999 -9999 -9999 -9999 -9999 -9999 -9999 -9999 -9999 -9999 -9999 -9999 -9999 -9999 -9999 -9999 -9999 -9999 -9999 -9999 -9999 -9999 -9999 -9999 -9999 -9999 -9999 -9999 -9999 -9999 -9999 -9999 -9999 -9999 -9999 -9999 -9999 -9999 -9999 -9999 -9999 -9999 -9999 -9999
-9999 -9999 -9999 -9999 -9999 -9999 -9999 -9999 -9999 -9999 -9999 -9999 -9999 -9999 -9999 -9999 -9999 -9999 -9999 -9999 -9999 -9999 -9999 -9999 -9999 -9999 -9999 -9999 -9999 -9999 -9999 -9999 -9999 -9999 -9999 -9999 -9999 -9999 -9999 -9999 -9999 -9999 -9999 -9999 -9999 -9999 -9999 -9999 -9999 -9999 -9999 -9999 -9999 -9999 -9999 -9999 -9999 -9999 -9999 -9999 -9999 -9999 -9999 -9999 -9999 -9999 -9999 -9999 -9999 -9999 -9999 -9999
-9999 -9999 -9999 -9999 -9999 -9999 -9999 -9999 -9999 -9999 -9999 -9999 -9999 -9999 -9999 -9999 -9999 -9999 -9999 -9999 -9999 -9999 -9999 -9999 -9999 -9999 -9999 -9999 -9999 -9999 -9999 -9999 -9999 -9999 -9999 -9999 -9999 -9999 -9999 -9999 -9999 -9999 -9999 -9999 -9999 -9999 -9999 -9999 -9999 -9999 -9999 -9999 -9999 -9999 -9999 -9999 -9999 -9999 -9999 -9999 -9999 -9999 -9999 -9999 -9999 -9999 -9999 -9999 -9999 -9999 -9999 -9999
-9999 -9999 -9999 -9999 -9999 -9999 -9999 -9999 -9999 -9999 -9999 -9999 -9999 -9999 -9999 -9999 -9999 -9999 -9999 -9999 -9999 -9999 -9999 -9999 -9999 -9999 -9999 -9999 -9999 -9999 -9999 -9999 -9999 -9999 -9999 -9999 -9999 -9999 -9999 -9999 -9999 -9999 -9999 -9999 -9999 -9999 -9999 -9999 -9999 -9999 -9999 -9999 -9999 -9999 -9999 -9999 -9999 -9999 -9999 -9999 -9999 -9999 -9999 -9999 -9999 -9999 -9999 -9999 -9999 -9999 -9999 -9999
-9999 -9999 -9999 -9999 -9999 -9999 -9999 -9999 -9999 -9999 -9999 -9999 -9999 -9999 -9999 -9999 -9999 -9999 -9999 -9999 -9999 -9999 -9999 -9999 -9999 -9999 -9999 -9999 -9999 -9999 -9999 -9999 -9999 -9999 -9999 -9999 -9999 -9999 -9999 -9999 -9999 -9999 -9999 -9999 -9999 -9999 -9999 -9999 -9999 -9999 -9999 -9999 -9999 -9999 -9999 -9999 -9999 -9999 -9999 -9999 -9999 -9999 -9999 -9999 -9999 -9999 -9999 -9999 -9999 -9999 -9999 -9999
-9999 -9999 -9999 -9999 -9999 -9999 -9999 -9999 -9999 -9999 -9999 -9999 -9999 -9999 -9999 -9999 -9999 -9999 -9999 -9999 -9999 -9999 -9999 -9999 -9999 -9999 -9999 -9999 -9999 -9999 -9999 -9999 -9999 -9999 -9999 -9999 -9999 -9999 -9999 -9999 -9999 -9999 -9999 -9999 -9999 -9999 -9999 -9999 -9999 -9999 -9999 -9999 -9999 -9999 -9999 -9999 -9999 -9999 -9999 -9999 -9999 -9999 -9999 -9999 -9999 -9999 -9999 -9999 -9999 -9999 -9999 -9999
-9999 -9999 -9999 -9999 -9999 -9999 -9999 -9999 -9999 -9999 -9999 -9999 -9999 -9999 -9999 -9999 -9999 -9999 -9999 -9999 -9999 -9999 -9999 -9999 -9999 -9999 -9999 -9999 -9999 -9999 -9999 -9999 -9999 -9999 -9999 -9999 -9999 -9999 -9999 -9999 -9999 -9999 -9999 -9999 -9999 -9999 -9999 -9999 -9999 -9999 -9999 -9999 -9999 -9999 -9999 -9999 -9999 -9999 -9999 -9999 -9999 -9999 -9999 -9999 -9999 -9999 -9999 -9999 -9999 -9999 -9999 -9999
-9999 -9999 -9999 -9999 -9999 -9999 -9999 -9999 -9999 -9999 -9999 -9999 -9999 -9999 -9999 -9999 -9999 -9999 -9999 -9999 -9999 -9999 -9999 -9999 -9999 -9999 -9999 -9999 -9999 -9999 -9999 -9999 -9999 -9999 -9999 -9999 -9999 -9999 -9999 -9999 -9999 -9999 -9999 -9999 -9999 -9999 -9999 -9999 -9999 -9999 -9999 -9999 -9999 -9999 -9999 -9999 -9999 -9999 -9999 -9999 -9999 -9999 -9999 -9999 -9999 -9999 -9999 -9999 -9999 -9999 -9999 -9999
-9999 -9999 -9999 -9999 -9999 -9999 -9999 -9999 -9999 -9999 -9999 -9999 -9999 -9999 -9999 -9999 -9999 -9999 -9999 -9999 -9999 -9999 -9999 -9999 -9999 -9999 -9999 -9999 -9999 -9999 -9999 -9999 -9999 -9999 -9999 -9999 -9999 -9999 -9999 -9999 -9999 -9999 -9999 -9999 -9999 -9999 -9999 -9999 -9999 -9999 -9999 -9999 -9999 -9999 -9999 -9999 -9999 -9999 -9999 -9999 -9999 -9999 -9999 -9999 -9999 -9999 -9999 -9999 -9999 -9999 -9999 -9999
-9999 -9999 -9999 -9999 -9999 -9999 -9999 -9999 -9999 -9999 -9999 -9999 -9999 -9999 -9999 -9999 -9999 -9999 -9999 -9999 -9999 -9999 -9999 -9999 -9999 -9999 -9999 -9999 -9999 -9999 -9999 -9999 -9999 -9999 -9999 -9999 -9999 -9999 -9999 -9999 -9999 -9999 -9999 -9999 -9999 -9999 -9999 -9999 -9999 -9999 -9999 -9999 -9999 -9999 -9999 -9999 -9999 -9999 -9999 -9999 -9999 -9999 -9999 -9999 -9999 -9999 -9999 -9999 -9999 -9999 -9999 -9999
0.06025 0.03620 0.07402 -9999 -9999 -9999 -9999 -9999 -9999 -9999 -9999 -9999 -9999 -9999 -9999 -9999 -9999 -9999 -9999 -9999 -9999 -9999 -9999 -9999 -9999 -9999 -9999 -9999 -9999 -9999 -9999 -9999 -9999 -9999 -9999 -9999 -9999 -9999 -9999 -9999 -9999 -9999 -9999 -9999 0.23505 -9999 -9999 -9999 -9999 -9999 -9999 -9999 -9999 -9999 -9999 -9999 -9999 -9999 -9999 -9999 -9999 -9999 -9999 -9999 -9999 -9999 -9999 -9999 -9999 -9999 -9999 -9999
0.02519 0.02375 0.02931 0.01156 0.01247 0.02574 0.09631 0.18362 0.69335 0.74960 0.95103 0.89026 0.88735 0.90953 0.49278 9.22467 -9999 -9999 -9999 -9999 -9999 -9999 -9999 -9999 -9999 -9999 -9999 -9999 -9999 -9999 -9999 -9999 -9999 -9999 -9999 -9999 -9999 -9999 -9999 0.02121 0.00843 0.00067 0.06415 0.29621 0.29325 0.16627 -9999 -9999 -9999 1.28536 -9999 -9999 -9999 1.09355 1.29660 1.48321 -9999 -9999 -9999 -9999 -9999 -9999 -9999 -9999 -9999 -9999 -9999 -9999 -9999 -9999 -9999 -9999
0.00714 0.00694 0.00845 0.00126 0.01891 0.14616 0.47065 0.56535 2.04851 2.24231 3.35938 3.83054 3.01280 2.37453 2.14421 0.84105 0.67163 0.48693 0.71464 1.15939 1.24835 0.55741 -9999 -9999 -9999 -9999 -9999 0.15449 0.06738 0.06238 0.12066 0.16032 0.17660 0.05957 0.00798 0.00637 0.00363 0.00268 0.00376 0.02666 0.06565 0.27607 0.30879 0.79049 0.94527 0.40529 0.50832 0.65706 0.89206 1.22276 1.37629 1.13923 1.20802 1.45670 1.92277 3.05954 2.96429 2.30212 1.70608 1.86415 1.27681 -9999 -9999 -9999 -9999 -9999 -9999 -9999 -9999 -9999 -9999 -9999
1.31885 0.75244 1.10792 1.48304 3.08858 3.72451 3.42665 3.50162 3.84552 2.64423 4.41641 2.85729 3.17635 1.34834 0.95508 0.29263 0.21333 0.66085 0.48424 1.82368 1.29696 0.96399 1.04336 0.58568 0.65141 0.47818 0.33774 0.16627 0.17823 0.09335 0.09279 0.01899 0.01821 0.01954 0.01184 0.00967 0.00851 0.01057 0.01297 0.03215 0.08493 0.20081 0.22008 0.31028 0.30058 0.34248 0.35158 0.53636 0.72266 0.95880 1.09052 1.16950 1.12003 1.08733 1.24792 1.36540 1.38395 1.38407 1.50560 1.75931 2.32236 2.15215 1.97816 1.41964 1.47188 1.52198 1.66452 1.36046 1.02624 -9999 -9999 -9999
4.10701 4.09415 5.24295 2.61529 1.42617 1.45553 0.39364 0.01237 0.00402 0.19460 0.03190 0.00091 0.00020 0.00044 0.00018 0.28594 0.41881 0.63140 0.79654 1.13183 1.78531 0.47522 0.70432 1.56811 0.55851 0.56870 0.45868 0.32691 0.26201 0.10685 0.10362 0.01341 0.01633 0.03053 0.03031 0.02944 0.02179 0.01717 0.02162 0.04013 0.03840 0.05381 0.08253 0.12780 0.14654 0.15900 0.13943 0.20037 0.29574 0.49317 0.79629 0.84152 0.87386 0.86181 0.79748 1.00816 0.93995 0.99487 1.01488 1.51536 1.68218 1.24744 1.30270 1.19282 1.51897 1.70710 1.89264 1.87006 1.38587 -9999 0.59958 -9999
2.34123 2.36065 0.44340 0.14492 0.04222 0.00165 0.00170 0.00475 0.00976 0.00039 0.00218 0.00123 0.00272 0.00390 0.00149 0.07918 0.04477 0.46140 0.85560 1.59340 0.84836 0.21858 0.26309 0.62606 0.86225 0.70283 0.55975 0.23614 0.18086 0.03932 0.00856 0.00904 0.01015 0.01257 0.01860 0.01158 0.01236 0.01179 0.01377 0.01157 0.01351 0.01384 0.03393 0.14759 0.16656 0.10980 0.09738 0.11924 0.18194 0.24374 0.27582 0.37951 0.51366 0.61246 0.76280 0.65924 0.61030 0.52040 0.63555 1.28366 1.27640 1.05192 1.28782 0.94782 1.20395 1.29602 1.37929 1.61003 1.69391 1.56379 -9999 -9999
2.35819 1.09097 0.72154 0.08821 0.09806 0.02458 0.00351 0.00363 0.00133 0.00241 0.00049 0.00210 0.00116 0.00110 0.00179 1.05524 1.04713 0.40523 0.83074 0.37758 0.52542 0.15950 0.13802 0.25865 0.21443 0.52635 0.32973 0.07462 0.04769 0.03367 0.06422 0.85747 0.73099 0.89477 0.85900 0.86399 0.94690 0.78445 0.71108 0.74322 0.74475 0.58595 0.71262 0.73309 0.87252 1.00325 1.13341 1.32361 0.25038 0.37893 0.44646 0.10329 0.12138 0.19469 0.29190 0.49094 0.62582 0.53477 2.29000 2.42776 2.35323 2.38893 2.63208 3.29412 0.69895 0.56243 1.57022 1.76566 1.30819 1.91947 1.14212 -9999
3.60851 0.82672 0.10770 0.01379 0.00412 0.00021 0.00004 0.00029 0.00041 0.00030 0.00023 0.00017 0.00215 0.00835 0.00965 0.09786 0.04956 0.01933 0.04282 0.06972 0.04470 0.01148 0.07878 0.18225 0.21330 0.11994 0.13103 0.04953 0.01895 0.18258 0.11708 0.02632 0.00473 0.00443 0.00529 0.05365 0.05275 1.09351 0.97801 0.79335 0.70540 0.59257 0.65749 0.73090 0.80621 1.14686 1.26770 1.39401 1.47452 1.40594 1.39243 1.31203 1.27407 1.39319 1.39763 1.57156 1.46313 0.39716 1.92858 1.40121 1.57051 1.80278 1.98425 0.53130 0.83219 0.85533 0.95907 1.51039 1.84748 1.81464 1.68256 1.03425
0.00220 0.00149 0.00110 0.00049 0.00101 0.00049 0.00026 0.00038 0.00014 0.00009 0.00031 0.00075 0.00066 0.00127 0.00132 0.18216 0.12899 0.00502 0.00349 0.00017 0.00045 0.00038 0.05008 0.03881 0.07938 0.06664 0.07006 0.07512 0.01734 0.09487 0.12010 0.05759 0.02040 0.02030 0.01313 0.03457 0.03567 0.09603 0.10641 0.68834 0.67259 0.78808 0.09634 0.05984 0.09220 1.22097 1.55267 1.76580 1.38304 1.37482 1.32430 1.27625 1.25300 1.12965 1.12006 1.19628 1.56320 2.71895 1.49554 1.34147 1.47525 1.68955 1.27723 0.14899 0.36963 0.28511 0.54597 0.92426 0.99507 0.93518 0.93554 1.12344
0.02276 0.20124 1.25073 5.63615 6.47670 3.37021 1.32606 0.41824 0.06063 0.01551 0.00091 0.00386 0.00759 0.06787 0.01108 0.14214 0.19388 0.00011 0.00000 0.00000 0.00000 0.00006 0.00884 0.01534 0.02816 0.02182 0.04985 0.01245 0.05219 0.00800 0.00508 0.04600 0.03470 0.04334 0.04806 0.05898 0.01035 0.01032 0.00880 0.11770 0.11402 1.17119 1.21102 0.97354 1.06158 1.46240 1.67374 0.18406 0.22291 1.60791 1.84169 1.19700 1.10544 1.13596 1.55594 1.50329 2.32425 2.34491 1.35739 0.92666 0.93081 0.82135 0.71399 0.17384 0.19981 0.28670 0.48271 0.56240 0.55726 0.82181 0.77787 0.58837
1.18860 0.34961 1.38596 5.21055 5.26740 3.50104 3.32498 2.62718 2.48702 2.14009 1.24044 1.09375 0.17450 0.01726 0.00587 0.22910 0.26762 0.01848 0.00000 0.00000 0.00017 0.00063 0.00045 0.00294 0.00910 0.01788 0.02951 0.07781 0.02489 0.03689 0.03693 0.07187 0.09171 0.09763 0.15696 0.10365 0.11568 0.24192 0.24917 0.23504 0.28506 0.32981 0.39957 0.26677 0.26772 0.90407 2.73402 1.91193 1.58225 1.31237 0.06783 0.99743 1.10812 1.13977 2.79542 1.73778 1.56024 1.35774 1.04280 0.75802 0.79656 0.73104 0.76322 0.14142 0.13453 0.14796 0.15393 0.19034 0.30021 0.56266 0.60256 0.35725
0.87754 0.65833 0.45338 0.12688 0.33730 2.57197 2.26609 2.24527 2.28926 3.60565 3.28635 2.83585 1.69311 0.41534 0.00213 0.00249 0.25932 0.38909 0.29235 0.29372 0.35751 0.00053 0.00000 0.00032 0.00054 0.00672 0.02077 0.02541 0.11684 0.10709 0.19373 0.18277 0.20474 0.32777 0.43794 0.46213 0.38715 0.80430 0.73745 0.61768 0.78619 1.13772 1.18761 0.90174 0.93625 0.49103 0.42813 0.55140 0.42825 1.35308 0.76374 0.06372 0.70072 0.82079 1.06300 0.88471 0.89579 1.00623 1.03285 0.81316 0.65930 0.60261 0.66839 0.88468 0.08085 0.09360 0.09690 0.09142 0.14524 0.19103 0.33143 0.31697
0.35006 1.09382 0.78259 1.96968 2.51975 1.83655 0.65850 0.79012 1.30443 2.18986 4.01155 4.96010 0.24531 0.01014 0.00249 0.00582 0.00610 0.00848 0.04567 0.00430 0.04187 0.02375 0.23803 0.00576 0.00018 0.00183 0.00562 0.00673 0.01255 0.01102 0.01193 0.01231 0.02946 0.08147 0.19058 0.23683 0.82629 0.68284 0.88464 0.74768 1.06004 1.10567 1.55724 1.42059 0.88748 0.73435 0.62838 0.67730 0.47143 0.16504 1.49198 0.93162 0.06771 1.12462 0.86754 0.83331 0.88637 0.92680 0.94506 0.75995 0.60288 0.52647 0.54759 0.90209 0.75123 0.75284 0.06619 0.06364 0.09204 0.08674 0.17309 0.22822
6.37606 4.61224 12.56200 13.36710 12.69200 12.55090 13.66620 12.23170 13.26180 6.56404 1.04131 0.75090 0.06298 0.01319 0.00164 0.06082 0.00428 0.01711 0.02286 0.02278 0.03987 0.01009 0.01324 0.03180 0.03633 0.05763 0.08617 0.07550 0.03472 0.03184 0.03333 0.03462 0.05630 0.07815 0.13032 0.30953 0.63183 0.97890 0.98246 1.57126 2.44075 1.89263 1.78187 1.56018 1.79286 1.08184 0.78489 0.74965 0.65049 0.36476 0.20396 1.38142 0.13206 1.30668 1.29799 1.21522 1.32616 1.02214 1.05682 0.87253 0.79680 0.82581 0.68648 0.63649 0.52403 0.60032 0.60590 0.05492 0.06872 0.07870 0.08445 0.13984
11.87010 13.24240 12.98960 11.97290 13.46320 12.31550 12.65990 14.78980 12.07240 24.60600 23.56490 17.39440 1.65245 0.00651 0.00488 0.70196 0.43596 0.25351 0.41326 0.16597 0.19162 0.00664 0.01120 0.01441 0.04207 0.03853 0.05360 0.04559 0.00715 0.00335 0.00552 0.00267 0.02023 0.08734 0.19478 0.37004 0.64996 0.80425 1.52677 2.43683 2.52813 2.24691 2.97544 3.47623 3.04695 1.41860 0.99076 1.02940 0.82500 0.69505 0.49357 2.02355 0.18495 0.23762 1.44537 1.52246 1.43345 1.23241 1.43545 1.14826 0.90257 0.72795 0.63613 0.55293 0.59531 0.76942 0.84390 0.48764 0.40694 0.52615 0.09657 0.17305
15.30420 12.00800 11.17540 11.17090 6.55575 3.74790 3.53928 4.36266 4.70769 2.90824 8.50114 6.81888 9.27656 3.97077 0.00645 4.89812 3.80448 2.84920 2.17022 1.25927 0.30533 0.00057 0.00033 0.00807 0.01603 0.01205 0.02650 0.03505 0.00761 0.00344 0.00038 0.00025 0.00403 0.07419 0.19379 0.39410 0.65090 1.10440 1.44954 2.35154 3.18971 2.94150 3.71750 4.48054 4.56553 3.57616 3.49285 2.17649 1.52540 1.10416 0.75265 2.60306 0.31821 0.39356 2.14833 2.32437 2.12872 0.24511 0.14572 0.11893 0.10091 0.08399 0.88162 0.91818 0.72614 0.46434 0.77658 1.07953 1.44929 0.78727 0.85268 1.08628
18.73190 14.07790 11.55140 10.72120 6.81347 0.86787 0.82985 0.24773 0.50248 15.03580 22.72560 22.20810 20.25040 19.68590 11.51380 13.04070 9.95264 9.63830 17.38320 8.62127 1.68609 0.13534 0.01529 0.00640 0.00007 0.00298 0.01737 0.00775 0.00031 0.00049 0.00243 0.00108 0.01464 0.13486 0.22610 0.42588 0.68963 1.25552 1.82597 2.77503 5.57543 3.59553 5.12803 5.59441 5.03125 4.77078 4.07800 3.17098 2.06615 1.43050 1.92237 1.25542 1.04452 4.45449 3.58147 3.09327 2.83387 2.79983 1.99139 1.41861 1.40338 0.16787 0.12047 1.07001 1.01591 1.27085 1.46735 1.85085 2.09978 2.30678 1.21227 1.56492
20.65430 14.47440 10.11010 13.77050 14.96420 13.98610 8.99585 3.62825 1.06956 7.39666 24.30830 48.99390 38.97980 47.66900 36.75410 23.04160 21.65750 18.51880 22.50500 14.70180 3.19064 0.64282 0.16184 0.07690 0.10177 0.03620 0.05351 0.01299 0.00325 0.00181 0.00115 0.05214 0.14858 0.17514 0.38662 0.58439 0.85993 1.84694 3.71961 6.53191 7.60147 5.33294 7.44647 6.71651 5.47578 4.78213 3.77289 3.29356 2.79377 1.94238 2.40604 3.37130 2.16029 5.34757 3.88612 3.30934 2.50530 3.22829 3.26393 2.60423 1.92318 1.58887 1.41276 1.48055 1.78434 2.61596 3.14461 3.64613 3.21502 1.95886 3.74770 1.34503
24.40160 35.25130 40.60380 -9999 38.47430 33.90140 23.43100 18.95230 14.47760 24.21660 20.14470 22.03930 22.29910 16.09730 35.31330 46.34250 40.30930 33.89010 27.33830 30.97160 20.67050 10.03440 1.93185 0.81959 0.43633 0.52826 0.32130 0.18098 0.04935 0.00482 0.01235 0.08104 0.12895 0.34864 0.48605 0.70537 1.46528 2.34010 3.06499 9.55143 7.86056 5.20486 6.18515 5.95832 4.95749 5.23440 5.58832 5.67540 4.80064 4.42359 3.45361 4.61353 3.71067 3.67864 2.97364 2.47657 2.41780 2.34429 1.71565 1.43166 1.07382 0.79502 0.57778 0.46357 0.92969 1.46252 2.60359 2.67540 4.08024 3.91438 3.13909 3.49813
