data/hydroclimate-scenarios/1948-2000.Pcorr55N_Pref_Tref/monthly_summaries/baseflow_monthly_tot_apr.1950-2000.asc
ncols	311
nrows	91
xllcenter	102.75
yllcenter	31.75
cellsize	0.5
NODATA_value	-9999
[rows 0 to 31 of 91, columns 216 to 287 of 311]
-9999 -9999 -9999 -9999 -9999 -9999 -9999 -9999 -9999 -9999 -9999 -9999 -9999 -9999 -9999 -9999 -9999 -9999 -9999 -9999 -9999 -9999 -9999 -9999 -9999 -9999 -9999 -9999 -9999 -9999 -9999 -9999 -9999 -9999 -9999 -9999 -9999 -9999 -9999 -9999 -9999 -9999 -9999 -9999 -9999 -9999 -9999 -9999 -9999 -9999 -9999 -9999 -9999 -9999 -9999 -9999 -9999 -9999 -9999 -9999 -9999 -9999 -9999 -9999 -9999 -9999 -9999 -9999 -9999 -9999 -9999 -9999
-9999 -9999 -9999 -9999 -9999 -9999 -9999 -9999 -9999 -9999 -9999 -9999 -9999 -9999 -9999 -9999 -9999 -9999 -9999 -9999 -9999 -9999 -9999 -9999 -9999 -9999 -9999 -9999 -9999 -9999 -9999 -9999 -9999 -9999 -9999 -9999 -9999 -9999 -9999 -9999 -9999 -9999 -9999 -9999 -9999 -9999 -9999 -9999 -9999 -9999 -9999 -9999 -9999 -9999 -9999 -9999 -9999 -9999 -9999 -9999 -9999 -9999 -9999 -9999 -9999 -9999 -9999 -9999 -9999 -9999 -9999 -9999
-9999 -9999 -9999 -9999 -9999 -9999 -9999 -9999 -9999 -9999 -9999 -9999 -9999 -9999 -9999 -9999 -9999 -9999 -9999 -9999 -9999 -9999 -9999 -9999 -9999 -9999 -9999 -9999 -9999 -9999 -9999 -9999 -9999 -9999 -9999 -9999 -9999 -9999 -9999 -9999 -9999 -9999 -9999 -9999 -9999 -9999 -9999 -9999 -9999 -9999 -9999 -9999 -9999 -9999 -9999 -9999 -9999 -9999 -9999 -9999 -9999 -9999 -9999 -9999 -9999 -9999 -9999 -9999 -9999 -9999 -9999 -9999
-9999 -9999 -9999 -9999 -9999 -9999 -9999 -9999 -9999 -9999 -9999 -9999 -9999 -9999 -9999 -9999 -9999 -9999 -9999 -9999 -9999 -9999 -9999 -9999 -9999 -9999 -9999 -9999 -9999 -9999 -9999 -9999 -9999 -9999 -9999 -9999 -9999 -9999 -9999 -9999 -9999 -9999 -9999 -9999 -9999 -9999 -9999 -9999 -9999 -9999 -9999 -9999 -9999 -9999 -9999 -9999 -9999 -9999 -9999 -9999 -9999 -9999 -9999 -9999 -9999 -9999 -9999 -9999 -9999 -9999 -9999 -9999
-9999 -9999 -9999 -9999 -9999 -9999 -9999 -9999 -9999 -9999 -9999 -9999 -9999 -9999 -9999 -9999 -9999 -9999 -9999 -9999 -9999 -9999 -9999 -9999 -9999 -9999 -9999 -9999 -9999 -9999 -9999 -9999 -9999 -9999 -9999 -9999 -9999 -9999 -9999 -9999 -9999 -9999 -9999 -9999 -9999 -9999 -9999 -9999 -9999 -9999 -9999 -9999 -9999 -9999 -9999 -9999 -9999 -9999 -9999 -9999 -9999 -9999 -9999 -9999 -9999 -9999 -9999 -9999 -9999 -9999 -9999 -9999
-9999 -9999 -9999 -9999 -9999 -9999 -9999 -9999 -9999 -9999 -9999 -9999 -9999 -9999 -9999 -9999 -9999 -9999 -9999 -9999 -9999 -9999 -9999 -9999 -9999 -9999 -9999 -9999 -9999 -9999 -9999 -9999 -9999 -9999 -9999 -9999 -9999 -9999 -9999 -9999 -9999 -9999 -9999 -9999 -9999 -9999 -9999 -9999 -9999 -9999 -9999 -9999 -9999 -9999 -9999 -9999 -9999 -9999 -9999 -9999 -9999 -9999 -9999 -9999 -9999 -9999 -9999 -9999 -9999 -9999 -9999 -9999
-9999 -9999 -9999 -9999 -9999 -9999 -9999 -9999 -9999 -9999 -9999 -9999 -9999 -9999 -9999 -9999 -9999 -9999 -9999 -9999 -9999 -9999 -9999 -9999 -9999 -9999 -9999 -9999 -9999 -9999 -9999 -9999 -9999 -9999 -9999 -9999 -9999 -9999 -9999 -9999 -9999 -9999 -9999 -9999 -9999 -9999 -9999 -9999 -9999 -9999 -9999 -9999 -9999 -9999 -9999 -9999 -9999 -9999 -9999 -9999 -9999 -9999 -9999 -9999 -9999 -9999 -9999 -9999 -9999 -9999 -9999 -9999
-9999 -9999 -9999 -9999 -9999 -9999 -9999 -9999 -9999 -9999 -9999 -9999 -9999 -9999 -9999 -9999 -9999 -9999 -9999 -9999 -9999 -9999 -9999 -9999 -9999 -9999 -9999 -9999 -9999 -9999 -9999 -9999 -9999 -9999 -9999 -9999 -9999 -9999 -9999 -9999 -9999 -9999 -9999 -9999 -9999 -9999 -9999 -9999 -9999 -9999 -9999 -9999 -9999 -9999 -9999 -9999 -9999 -9999 -9999 -9999 -9999 -9999 -9999 -9999 -9999 -9999 -9999 -9999 -9999 -9999 -9999 -9999
-9999 -9999 -9999 -9999 -9999 -9999 -9999 -9999 -9999 -9999 -9999 -9999 -9999 -9999 -9999 -9999 -9999 -9999 -9999 -9999 -9999 -9999 -9999 -9999 -9999 -9999 -9999 -9999 -9999 -9999 -9999 -9999 -9999 -9999 -9999 -9999 -9999 -9999 -9999 -9999 -9999 -9999 -9999 -9999 -9999 -9999 -9999 -9999 -9999 -9999 -9999 -9999 -9999 -9999 -9999 -9999 -9999 -9999 -9999 -9999 -9999 -9999 -9999 -9999 -9999 -9999 -9999 -9999 -9999 -9999 -9999 -9999
-9999 -9999 -9999 -9999 -9999 -9999 -9999 -9999 -9999 -9999 -9999 -9999 -9999 -9999 -9999 -9999 -9999 -9999 -9999 -9999 -9999 -9999 -9999 -9999 -9999 -9999 -9999 -9999 -9999 -9999 -9999 -9999 -9999 -9999 -9999 -9999 -9999 -9999 -9999 -9999 -9999 -9999 -9999 -9999 -9999 -9999 -9999 -9999 -9999 -9999 -9999 -9999 -9999 -9999 -9999 -9999 -9999 -9999 -9999 -9999 -9999 -9999 -9999 -9999 -9999 -9999 -9999 -9999 -9999 -9999 -9999 -9999
-9999 -9999 -9999 -9999 -9999 -9999 -9999 -9999 -9999 -9999 -9999 -9999 -9999 -9999 -9999 -9999 -9999 -9999 -9999 -9999 -9999 -9999 -9999 -9999 -9999 -9999 -9999 -9999 -9999 -9999 -9999 -9999 -9999 -9999 -9999 -9999 -9999 -9999 -9999 -9999 -9999 -9999 -9999 -9999 -9999 -9999 -9999 -9999 -9999 -9999 -9999 -9999 -9999 -9999 -9999 -9999 -9999 -9999 -9999 -9999 -9999 -9999 -9999 -9999 -9999 -9999 -9999 -9999 -9999 -9999 -9999 -9999
-9999 -9999 -9999 -9999 -9999 -9999 -9999 -9999 -9999 -9999 -9999 -9999 -9999 -9999 -9999 -9999 -9999 -9999 -9999 -9999 -9999 -9999 -9999 -9999 -9999 -9999 -9999 -9999 -9999 -9999 -9999 -9999 -9999 -9999 -9999 -9999 -9999 -9999 -9999 -9999 -9999 -9999 -9999 -9999 -9999 -9999 -9999 -9999 -9999 -9999 -9999 -9999 -9999 -9999 -9999 -9999 -9999 -9999 -9999 -9999 -9999 -9999 -9999 -9999 -9999 -9999 -9999 -9999 -9999 -9999 -9999 -9999
-9999 -9999 -9999 -9999 -9999 -9999 -9999 -9999 -9999 -9999 -9999 -9999 -9999 -9999 -9999 -9999 -9999 -9999 -9999 -9999 -9999 -9999 -9999 -9999 -9999 -9999 -9999 -9999 -9999 -9999 -9999 -9999 -9999 -9999 -9999 -9999 -9999 -9999 -9999 -9999 -9999 -9999 -9999 -9999 -9999 -9999 -9999 -9999 -9999 -9999 -9999 -9999 -9999 -9999 -9999 -9999 -9999 -9999 -9999 -9999 -9999 -9999 -9999 -9999 -9999 -9999 -9999 -9999 -9999 -9999 -9999 -9999
0.06986 0.04857 0.07110 -9999 -9999 -9999 -9999 -9999 -9999 -9999 -9999 -9999 -9999 -9999 -9999 -9999 -9999 -9999 -9999 -9999 -9999 -9999 -9999 -9999 -9999 -9999 -9999 -9999 -9999 -9999 -9999 -9999 -9999 -9999 -9999 -9999 -9999 -9999 -9999 -9999 -9999 -9999 -9999 -9999 0.26678 -9999 -9999 -9999 -9999 -9999 -9999 -9999 -9999 -9999 -9999 -9999 -9999 -9999 -9999 -9999 -9999 -9999 -9999 -9999 -9999 -9999 -9999 -9999 -9999 -9999 -9999 -9999
0.04450 0.03909 0.04773 0.01629 0.02089 0.04614 0.09954 0.09702 0.28587 0.29895 0.38145 0.36110 0.35208 0.37089 0.24809 1.51631 -9999 -9999 -9999 -9999 -9999 -9999 -9999 -9999 -9999 -9999 -9999 -9999 -9999 -9999 -9999 -9999 -9999 -9999 -9999 -9999 -9999 -9999 -9999 0.03637 0.01927 0.00226 0.04982 0.12514 0.12990 0.14489 -9999 -9999 -9999 0.57495 -9999 -9999 -9999 0.52335 0.60529 0.67022 -9999 -9999 -9999 -9999 -9999 -9999 -9999 -9999 -9999 -9999 -9999 -9999 -9999 -9999 -9999 -9999
0.01949 0.01829 0.02163 0.00494 0.01849 0.10408 0.22219 0.27197 0.62487 0.65193 0.88302 0.95813 0.83969 0.71777 0.65375 0.33778 0.27990 0.24173 0.31594 0.40442 0.43771 0.22896 -9999 -9999 -9999 -9999 -9999 0.12480 0.08384 0.07225 0.12864 0.16971 0.18915 0.06138 0.01225 0.00852 0.00432 0.00199 0.00363 0.02772 0.04250 0.09322 0.10934 0.25378 0.34006 0.25006 0.32918 0.40302 0.47366 0.54732 0.56613 0.53108 0.55980 0.64973 0.76229 1.06521 1.05146 0.91878 0.76457 0.84849 0.72748 -9999 -9999 -9999 -9999 -9999 -9999 -9999 -9999 -9999 -9999 -9999
0.48946 0.35195 0.46833 0.52767 0.89641 1.03697 1.01013 0.98834 1.23104 0.96873 1.42577 1.01956 1.12685 0.56625 0.40584 0.19581 0.15429 0.36042 0.28484 0.81138 0.49577 0.40154 0.42554 0.32298 0.28615 0.20675 0.12761 0.07166 0.10657 0.07492 0.07848 0.02269 0.02401 0.02897 0.01501 0.00998 0.00937 0.00434 0.00796 0.03071 0.05716 0.12649 0.12988 0.16439 0.17964 0.21629 0.25185 0.32285 0.39572 0.45362 0.48055 0.52399 0.51739 0.47472 0.51570 0.55946 0.57384 0.64019 0.68037 0.82276 0.99909 0.93285 0.89617 0.75613 0.72759 0.70187 0.69159 0.66341 0.56529 -9999 -9999 -9999
1.18311 1.21088 1.59696 0.96561 0.58809 0.57575 0.25498 0.02153 0.00761 0.13275 0.03538 0.00191 0.00053 0.00095 0.00105 0.24670 0.22634 0.27055 0.35934 0.56721 0.82791 0.18052 0.27929 0.58957 0.29221 0.24400 0.19836 0.13500 0.14335 0.06844 0.07891 0.02012 0.02118 0.03731 0.03794 0.03890 0.02748 0.00985 0.01496 0.03778 0.03206 0.04263 0.06096 0.08620 0.10186 0.12176 0.12691 0.17080 0.23244 0.27895 0.40703 0.40602 0.43036 0.41379 0.39852 0.44618 0.43572 0.48443 0.49929 0.75808 0.84900 0.70166 0.73654 0.70628 0.77255 0.79606 0.78871 0.77137 0.61397 -9999 0.30948 -9999
0.90750 0.94296 0.29357 0.16028 0.04888 0.00472 0.00616 0.01278 0.02103 0.00127 0.00695 0.00216 0.00797 0.01265 0.00438 0.11306 0.06855 0.25843 0.48920 0.85208 0.38740 0.11779 0.12725 0.35093 0.48904 0.34436 0.22889 0.10603 0.09266 0.05953 0.01114 0.01045 0.01107 0.01635 0.03974 0.01991 0.02112 0.00414 0.00627 0.00858 0.01181 0.01731 0.04765 0.10524 0.09179 0.07898 0.09559 0.12716 0.16670 0.21494 0.22822 0.26744 0.33635 0.33924 0.39118 0.40299 0.40056 0.35508 0.39923 0.71349 0.75636 0.80789 0.89357 0.61497 0.65176 0.67788 0.66362 0.72923 0.72244 0.56274 -9999 -9999
0.99743 0.64263 0.52816 0.14568 0.20448 0.12213 0.03145 0.02366 0.00909 0.01657 0.00561 0.01547 0.01246 0.00914 0.01375 1.16095 0.68462 0.29907 0.51970 0.22918 0.24848 0.09384 0.09092 0.10219 0.09235 0.25309 0.16315 0.04663 0.04429 0.04817 0.03121 0.77147 0.70329 0.74666 0.75875 0.74487 0.78691 0.73963 0.70586 0.68403 0.68112 0.67627 0.74937 0.69631 0.75512 0.87051 0.93874 0.99034 0.18999 0.28372 0.32381 0.11059 0.13644 0.18926 0.23663 0.39066 0.48122 0.40937 1.26913 1.30759 1.29553 1.29678 1.32408 1.51094 0.57006 0.45235 0.95504 0.97278 0.65919 0.72690 0.48885 -9999
2.05358 1.16139 0.45338 0.10475 0.13434 0.03143 0.02037 0.00619 0.00500 0.00591 0.00460 0.00229 0.01109 0.03507 0.03557 0.36528 0.15056 0.03119 0.05349 0.06818 0.04359 0.01511 0.06566 0.11919 0.11913 0.07147 0.07654 0.04309 0.02981 0.07812 0.06581 0.06793 0.00749 0.00109 0.00679 0.03379 0.02470 1.00071 0.96011 0.83629 0.76128 0.76647 0.76403 0.75087 0.77302 0.91195 0.95408 0.97859 1.00270 0.97051 0.97391 0.93233 0.93953 0.88351 0.91296 1.00442 0.97226 0.33417 1.24075 1.06064 1.12596 1.18779 1.23502 0.52881 0.66984 0.68827 0.78218 0.91530 0.95191 0.99009 0.97872 0.52128
0.01902 0.01584 0.01556 0.00506 0.00867 0.00846 0.00424 0.00332 0.00283 0.00414 0.01042 0.00629 0.01956 0.03325 0.03414 1.24581 0.54327 0.01018 0.00650 0.00042 0.00121 0.00107 0.09392 0.19534 0.10614 0.06233 0.05314 0.06426 0.03568 0.04939 0.09317 0.22768 0.21737 0.04991 0.04263 0.15285 0.12868 0.12776 0.10592 0.89676 0.82736 1.06021 0.18282 0.02451 0.06412 1.04844 1.18015 1.26724 1.08746 1.02368 0.99889 0.97386 0.97883 0.85156 0.82890 0.88853 1.03252 1.19698 1.09793 1.05980 1.11414 1.16759 1.07019 0.20829 0.38892 0.34430 0.52803 0.66066 0.68818 0.61363 0.61791 0.73325
0.07214 0.32853 2.66263 10.82560 12.04430 5.73799 3.93562 0.79761 0.30857 0.28310 0.00984 0.05281 0.43534 0.81111 0.27198 1.24866 1.30924 0.00071 0.00006 0.00000 0.00008 0.00009 0.02456 0.03861 0.06539 0.07263 0.50262 0.13625 0.32958 0.42813 0.27177 0.27491 0.20580 0.17034 0.05837 0.17814 0.10037 0.04393 0.07035 0.43491 0.24060 1.27162 1.23231 1.10783 1.28070 1.32639 1.26825 0.18826 0.23884 1.21221 1.28504 0.97707 0.89841 0.88547 1.05892 1.44992 1.46372 1.38965 1.01116 0.93303 0.91832 0.82218 0.77057 0.16825 0.18059 0.29932 0.39469 0.41797 0.42436 0.48899 0.50023 0.61118
1.95893 1.14436 4.22165 15.29220 16.91670 8.15355 3.33543 2.02912 2.30050 0.84364 1.23749 0.90798 0.26830 0.42285 0.12629 2.31137 1.71091 0.05236 0.00000 0.00011 0.00028 0.00194 0.00147 0.00519 0.01802 0.05185 0.06772 0.13865 0.28285 0.24933 0.07006 0.04240 0.06228 0.04696 0.07873 0.05473 0.06454 0.11182 0.12609 0.32397 0.38177 0.70944 0.68375 1.04562 0.55442 0.85261 1.81725 1.38892 1.31393 1.29006 0.12532 1.14924 1.07951 1.35172 1.71420 1.46731 1.14777 1.10955 0.98177 0.81793 0.80445 0.74015 0.77767 0.12302 0.11152 0.16648 0.19336 0.22905 0.32363 0.41175 0.46795 0.49263
1.44153 1.46788 1.62349 0.86416 1.26709 4.28005 4.46688 1.99854 1.41979 1.27751 1.21542 1.04823 0.72898 0.23222 0.00390 0.00706 1.49689 1.16732 0.30728 0.27933 0.31089 0.00130 0.00021 0.00094 0.00172 0.00864 0.02328 0.01750 0.07734 0.06919 0.10506 0.10118 0.11729 0.17026 0.22351 0.22867 0.20284 0.34155 0.31509 0.41426 0.47797 0.45967 0.46015 2.06980 2.27193 1.14024 0.79152 0.46163 0.51468 1.40869 1.64470 0.15028 1.91975 1.40466 1.06133 1.14391 0.99006 0.96220 0.88254 0.74931 0.62704 0.63636 0.68472 0.86622 0.05089 0.10986 0.09417 0.10444 0.14392 0.29026 0.43501 0.42783
1.64338 3.09809 2.77851 3.41135 3.73872 3.95773 2.07925 1.62951 3.39714 4.51917 3.69856 2.15491 0.30387 0.02885 0.00637 0.02259 0.03240 0.01474 0.09702 0.00832 0.06651 0.02364 0.24758 0.00907 0.00054 0.01342 0.05509 0.02501 0.06685 0.01359 0.01762 0.01157 0.02304 0.11821 0.13389 0.13217 0.39579 0.30899 0.39394 1.06289 1.28655 0.62959 0.75041 2.74201 3.09564 3.15720 1.91749 0.80762 0.68948 0.42709 1.70788 1.60240 0.35080 2.06042 1.77965 2.44792 1.36846 1.29991 0.97469 0.87248 0.73071 0.60514 0.62966 0.90711 0.86677 0.78712 0.07611 0.09307 0.11948 0.16068 0.28848 0.31352
9.86376 10.48560 11.83660 13.89110 16.61450 13.10120 17.94500 17.81780 24.71660 10.07030 4.05681 2.84787 1.08336 0.41046 0.05669 0.71162 0.03629 0.10742 0.04888 0.04081 0.11798 0.02335 0.02686 0.10008 0.14428 0.13506 0.14118 0.43810 0.37618 0.24952 0.13062 0.03692 0.06604 0.03292 0.04355 0.07234 0.16427 0.23917 0.20330 0.54524 0.73643 0.75234 0.93130 0.67511 0.69850 1.54232 2.74674 2.04792 1.67537 2.21142 1.38234 2.56760 0.48788 2.47475 2.85077 3.07976 2.17187 3.33940 1.65646 0.90151 0.82445 1.21350 1.43928 1.91711 1.45818 1.59417 1.54380 0.11660 0.13089 0.08591 0.11516 0.19861
13.03820 12.12920 13.36750 20.21110 19.35530 16.89000 25.17210 18.91940 22.72010 11.06460 12.04470 8.17632 2.75609 0.11540 0.08062 5.98671 2.68730 1.02724 1.35686 0.42702 0.91941 0.01953 0.07430 0.05038 0.23664 0.06701 0.18633 0.47141 0.03116 0.00865 0.01608 0.00758 0.02584 0.04786 0.07447 0.10379 0.16915 0.15166 0.38980 0.84860 0.95414 1.14940 1.18375 1.13173 1.05578 2.79619 4.52163 4.16314 3.15962 2.89243 2.27234 5.03887 1.85526 3.53180 5.96300 3.79748 4.12588 5.58214 3.30281 2.09219 2.60278 4.76704 4.13232 5.15743 3.21450 1.54006 3.04739 1.90926 1.46890 1.09240 0.17328 0.26963
30.94930 20.08280 13.13550 10.64260 8.83534 7.91883 8.08511 12.22280 13.88370 5.96947 9.53076 12.64400 10.58970 6.88956 0.20045 19.39880 12.50690 4.33267 2.89506 1.92610 1.09403 0.00382 0.00113 0.11921 0.29184 0.19661 0.55427 0.87905 0.14392 0.03656 0.00342 0.00128 0.00461 0.03225 0.07371 0.08148 0.15204 0.27038 0.38403 0.91216 1.13937 1.26954 1.34606 1.39317 1.38044 1.29653 1.24342 4.60491 4.17773 3.22925 1.34591 7.55862 4.61022 3.17466 6.85156 9.53199 9.02008 2.51455 2.17368 4.27652 3.20570 3.10161 5.72531 8.30769 5.02293 4.71073 5.24771 2.62966 3.12296 2.21066 1.50464 3.10904
39.83660 14.51530 10.87860 5.86926 4.92541 2.72694 3.37903 3.59125 5.23451 17.82440 9.54764 7.85735 9.70345 10.43300 10.01260 14.40730 12.98250 12.05610 14.49590 8.95797 3.53130 1.26786 0.20706 0.09721 0.00228 0.03311 0.51568 0.26619 0.01745 0.01817 0.00746 0.01565 0.09837 0.25171 0.16044 0.24260 0.31803 0.60153 0.82580 1.09032 1.44594 2.05006 2.14608 2.29586 2.06219 1.73798 1.54513 4.84521 5.75965 5.75179 2.45786 6.80742 10.01890 14.12390 12.37400 13.73180 10.88770 5.33398 4.56319 7.08240 6.53367 3.47169 1.24375 4.35618 5.89168 5.53581 7.60741 5.96955 6.24221 4.42961 3.79564 2.77653
75.30890 44.56900 21.47900 41.28990 24.96410 23.48370 32.17490 31.42110 13.40840 14.34340 23.66220 9.46615 4.76272 6.56389 11.70070 7.27828 9.28163 7.57775 7.08867 6.51152 5.34825 2.33776 0.55734 0.75739 1.31925 0.36971 0.51282 0.28997 0.07707 0.06040 0.02006 0.28692 1.16338 0.99610 1.02697 0.45219 0.75465 0.45760 1.33147 2.38265 2.88984 9.36642 11.05770 4.57225 4.12882 9.88820 13.27280 10.56120 12.00830 19.14150 11.51500 2.64437 10.08640 17.03680 10.98750 13.00790 11.96300 11.88170 11.26860 10.34880 10.21090 10.12480 9.27431 8.43428 6.74143 5.48815 6.79591 6.58696 8.18186 6.91695 9.22500 7.18274
63.55520 105.84400 93.19560 -9999 88.20890 87.17210 54.50350 45.70850 98.93320 26.16480 27.25970 31.37360 31.79230 30.84360 20.85600 5.35524 2.31488 2.50779 2.32361 5.10013 7.72460 8.59322 5.99274 9.48273 5.77890 6.32736 3.02905 1.90114 1.12906 0.08164 0.21890 1.08937 1.79527 2.20373 1.32856 0.67635 2.16606 2.00077 1.18321 3.82850 3.49307 11.93500 9.91647 6.07059 7.20695 16.01530 10.09280 14.10470 16.62720 24.87280 21.77580 5.20629 16.66750 18.33520 16.18080 15.87440 14.72130 13.59590 11.57000 11.46550 11.36920 10.16580 8.82261 9.61178 9.48980 11.65240 12.91940 9.96448 13.95240 13.87320 11.98040 5.26300
