data/hydroclimate-scenarios/1948-2000.Pcorr55N_Pref_Tref/monthly_summaries/baseflow_monthly_tot_sep.asc
ncols	311
nrows	91
xllcenter	102.75
yllcenter	31.75
cellsize	0.5
NODATA_value	-9999
[rows 0 to 31 of 91, columns 73 to 145 of 311]
-9999 -9999 -9999 -9999 -9999 -9999 -9999 -9999 -9999 -9999 -9999 -9999 -9999 -9999 -9999 -9999 -9999 -9999 -9999 -9999 -9999 -9999 -9999 -9999 -9999 -9999 -9999 -9999 -9999 -9999 -9999 -9999 -9999 -9999 -9999 -9999 -9999 -9999 -9999 -9999 -9999 -9999 -9999 -9999 -9999 -9999 -9999 -9999 -9999 -9999 -9999 -9999 -9999 -9999 -9999 -9999 -9999 -9999 -9999 -9999 -9999 -9999 -9999 -9999 -9999 -9999 -9999 -9999 -9999 -9999 -9999 -9999 -9999
-9999 -9999 -9999 -9999 -9999 -9999 -9999 -9999 -9999 -9999 -9999 -9999 -9999 -9999 -9999 -9999 -9999 -9999 -9999 -9999 -9999 -9999 -9999 -9999 -9999 -9999 -9999 -9999 -9999 -9999 -9999 -9999 -9999 -9999 -9999 -9999 -9999 -9999 -9999 -9999 -9999 -9999 -9999 -9999 -9999 -9999 -9999 -9999 -9999 -9999 -9999 -9999 -9999 -9999 -9999 -9999 -9999 -9999 -9999 -9999 -9999 -9999 -9999 -9999 -9999 -9999 -9999 -9999 -9999 -9999 -9999 -9999 -9999
-9999 -9999 -9999 -9999 -9999 -9999 -9999 -9999 -9999 -9999 -9999 -9999 -9999 -9999 -9999 -9999 -9999 -9999 -9999 -9999 -9999 -9999 -9999 -9999 -9999 -9999 -9999 -9999 -9999 -9999 -9999 -9999 -9999 -9999 -9999 -9999 -9999 -9999 -9999 -9999 -9999 -9999 -9999 -9999 -9999 -9999 -9999 -9999 -9999 -9999 -9999 -9999 -9999 -9999 -9999 -9999 -9999 -9999 -9999 -9999 -9999 -9999 -9999 -9999 -9999 -9999 -9999 -9999 -9999 -9999 -9999 -9999 -9999
-9999 -9999 -9999 -9999 -9999 -9999 -9999 -9999 -9999 -9999 -9999 -9999 -9999 -9999 -9999 -9999 -9999 -9999 -9999 -9999 -9999 -9999 -9999 -9999 -9999 -9999 -9999 -9999 -9999 -9999 -9999 -9999 -9999 -9999 -9999 -9999 -9999 -9999 -9999 -9999 -9999 -9999 -9999 -9999 -9999 -9999 -9999 -9999 -9999 -9999 -9999 -9999 -9999 -9999 -9999 -9999 -9999 -9999 -9999 -9999 -9999 -9999 -9999 -9999 -9999 -9999 -9999 -9999 -9999 -9999 -9999 -9999 -9999
-9999 -9999 -9999 -9999 -9999 -9999 -9999 -9999 -9999 -9999 -9999 -9999 -9999 -9999 -9999 -9999 -9999 -9999 -9999 -9999 -9999 -9999 -9999 -9999 -9999 -9999 -9999 -9999 -9999 -9999 -9999 -9999 -9999 -9999 -9999 -9999 -9999 -9999 -9999 -9999 -9999 -9999 -9999 -9999 -9999 -9999 -9999 -9999 -9999 -9999 -9999 -9999 -9999 -9999 -9999 -9999 -9999 -9999 -9999 -9999 -9999 -9999 -9999 -9999 -9999 -9999 -9999 -9999 -9999 -9999 -9999 -9999 -9999
-9999 -9999 -9999 -9999 -9999 -9999 -9999 -9999 -9999 -9999 -9999 -9999 -9999 -9999 -9999 -9999 -9999 -9999 -9999 -9999 -9999 -9999 -9999 -9999 -9999 -9999 -9999 -9999 -9999 -9999 -9999 -9999 -9999 -9999 -9999 -9999 -9999 -9999 -9999 -9999 -9999 -9999 -9999 -9999 -9999 -9999 -9999 -9999 -9999 -9999 -9999 -9999 -9999 -9999 -9999 -9999 -9999 -9999 -9999 -9999 -9999 -9999 -9999 -9999 -9999 -9999 -9999 -9999 -9999 -9999 -9999 -9999 -9999
-9999 -9999 -9999 -9999 -9999 -9999 -9999 -9999 -9999 -9999 -9999 -9999 -9999 -9999 -9999 -9999 -9999 -9999 -9999 -9999 -9999 -9999 -9999 -9999 -9999 -9999 -9999 -9999 -9999 -9999 -9999 -9999 -9999 -9999 -9999 -9999 -9999 -9999 -9999 -9999 -9999 -9999 -9999 -9999 -9999 -9999 -9999 -9999 -9999 -9999 -9999 -9999 -9999 -9999 -9999 -9999 -9999 -9999 -9999 -9999 -9999 -9999 -9999 -9999 -9999 -9999 -9999 -9999 -9999 -9999 -9999 -9999 -9999
-9999 -9999 -9999 -9999 -9999 -9999 -9999 -9999 -9999 -9999 -9999 -9999 -9999 -9999 -9999 -9999 -9999 -9999 -9999 -9999 -9999 -9999 -9999 -9999 -9999 -9999 -9999 -9999 -9999 -9999 -9999 -9999 -9999 -9999 -9999 -9999 -9999 -9999 -9999 -9999 -9999 -9999 -9999 -9999 -9999 -9999 -9999 -9999 -9999 -9999 -9999 -9999 -9999 -9999 -9999 -9999 -9999 -9999 -9999 -9999 -9999 -9999 -9999 -9999 -9999 -9999 -9999 -9999 -9999 -9999 -9999 -9999 -9999
-9999 -9999 -9999 -9999 0.04192 -9999 -9999 -9999 -9999 -9999 -9999 -9999 -9999 -9999 -9999 -9999 -9999 -9999 -9999 -9999 -9999 -9999 -9999 -9999 -9999 -9999 -9999 -9999 -9999 -9999 -9999 -9999 -9999 -9999 -9999 -9999 -9999 -9999 -9999 -9999 -9999 -9999 -9999 -9999 -9999 -9999 -9999 -9999 -9999 -9999 -9999 -9999 -9999 -9999 -9999 -9999 -9999 -9999 -9999 -9999 -9999 -9999 -9999 -9999 -9999 -9999 -9999 -9999 -9999 -9999 -9999 -9999 -9999
0.85090 0.00206 0.00721 0.02587 0.02326 0.06127 0.04678 0.07767 0.13098 0.12583 0.10157 0.10820 0.09648 0.23325 0.37620 0.26267 0.14764 0.16447 0.21668 0.25196 -9999 -9999 -9999 -9999 -9999 -9999 -9999 -9999 -9999 -9999 -9999 -9999 -9999 -9999 -9999 -9999 -9999 -9999 -9999 -9999 -9999 -9999 -9999 -9999 -9999 -9999 -9999 -9999 -9999 -9999 -9999 -9999 -9999 -9999 -9999 -9999 -9999 -9999 -9999 -9999 -9999 -9999 -9999 -9999 -9999 -9999 -9999 -9999 -9999 -9999 -9999 -9999 -9999
-9999 -9999 0.00386 0.00601 0.01063 0.01431 0.02214 0.03243 0.05043 0.06226 0.07806 0.08259 0.09358 0.10321 0.12348 0.15862 0.19144 0.21898 0.22131 0.18617 -9999 -9999 -9999 -9999 -9999 -9999 -9999 -9999 -9999 -9999 -9999 -9999 -9999 -9999 -9999 -9999 -9999 -9999 -9999 -9999 -9999 -9999 -9999 -9999 -9999 -9999 -9999 -9999 -9999 -9999 -9999 -9999 -9999 -9999 -9999 -9999 -9999 -9999 -9999 -9999 -9999 -9999 -9999 -9999 -9999 -9999 -9999 -9999 -9999 -9999 -9999 -9999 -9999
0.00138 0.00194 0.00216 0.00439 0.00962 0.01218 0.01726 0.02549 0.03429 0.03883 0.05118 0.06394 0.08545 0.09630 0.12323 0.16687 0.20800 0.17969 0.50858 0.76778 0.12347 0.11433 0.06752 0.08769 0.03051 0.19762 -9999 -9999 -9999 -9999 -9999 -9999 -9999 -9999 -9999 -9999 -9999 -9999 -9999 -9999 -9999 -9999 -9999 -9999 -9999 -9999 -9999 -9999 -9999 -9999 -9999 -9999 -9999 -9999 -9999 -9999 -9999 -9999 -9999 -9999 -9999 -9999 -9999 -9999 -9999 -9999 -9999 -9999 -9999 -9999 -9999 -9999 -9999
0.00333 0.00568 0.00847 0.01055 0.01125 0.01490 0.01508 0.01941 0.03141 0.03716 0.05265 0.06244 0.07609 0.10245 0.13971 0.19678 0.99464 0.25121 0.30040 0.28091 0.24104 0.16149 0.07976 0.05979 0.04757 0.07038 0.06062 0.04503 0.03000 0.02738 0.14696 0.13770 0.09439 0.07783 0.04022 0.03939 0.02985 0.02183 0.01591 0.01283 0.01387 -9999 -9999 -9999 -9999 -9999 -9999 -9999 -9999 -9999 -9999 -9999 -9999 -9999 -9999 -9999 -9999 -9999 -9999 -9999 -9999 -9999 -9999 -9999 -9999 -9999 -9999 -9999 -9999 -9999 -9999 -9999 -9999
0.00002 0.00289 0.01278 0.00750 0.00949 0.01177 0.01300 0.01331 0.01821 0.03028 0.03019 0.04675 0.05856 0.07966 0.16373 0.23764 0.17537 0.21851 0.40277 0.49863 0.35243 0.05274 0.07455 0.05529 0.03725 0.03175 0.07047 0.07385 0.03969 0.03642 0.11691 0.08868 0.07871 0.06562 0.06626 0.05343 0.04064 0.03269 0.03657 0.02991 0.02474 0.39120 -9999 -9999 -9999 -9999 -9999 -9999 -9999 -9999 -9999 -9999 -9999 -9999 -9999 -9999 -9999 -9999 -9999 -9999 -9999 -9999 -9999 -9999 -9999 -9999 -9999 -9999 -9999 -9999 -9999 -9999 -9999
0.02479 0.38356 0.02270 0.01664 0.05323 0.03422 0.07383 0.06255 0.07250 0.06376 0.06013 0.05375 0.05436 0.09615 0.08839 0.14706 0.19226 1.58912 0.49418 0.40900 0.15025 0.10371 0.07547 0.11424 0.04556 0.02520 0.02610 0.02747 0.01590 0.01112 0.03065 0.03014 0.02150 0.02201 0.10977 0.09281 0.09182 0.08366 0.08544 0.08092 0.07915 0.04872 -9999 -9999 -9999 -9999 -9999 -9999 -9999 -9999 -9999 -9999 -9999 -9999 -9999 -9999 -9999 0.04870 0.06057 -9999 -9999 -9999 -9999 0.39014 1.49109 2.90690 1.32952 0.30329 0.35090 0.24204 0.19600 0.83425 1.05677
0.02279 0.17245 0.00923 0.00601 0.01482 0.04662 0.04879 0.05250 0.01993 0.03078 0.04065 0.07283 0.09806 0.09143 0.05929 0.04893 1.12265 0.10739 0.14994 0.17063 0.09030 0.03199 0.02628 0.01950 0.00926 0.01103 0.01667 0.01640 0.01348 0.01061 0.02788 0.01786 0.01063 0.02093 0.09883 0.08111 0.07284 0.31622 0.49115 0.48630 0.65043 0.31800 0.27519 0.25184 0.45735 0.06160 0.26707 0.57260 0.18481 0.20361 0.24738 0.12157 0.28557 0.11476 0.01624 0.01546 0.10182 0.10734 0.07286 -9999 -9999 -9999 -9999 -9999 0.29169 0.84564 0.71101 1.15293 1.25898 0.70101 1.18864 1.05493 1.25645
0.03732 0.16685 0.00434 0.01512 0.02260 0.01017 0.00800 0.00751 0.00893 0.01541 0.01647 0.02258 0.02879 0.37792 0.03308 0.04445 0.04151 0.03359 0.02692 0.02681 0.01417 0.01195 0.01445 0.01421 0.01357 0.01549 0.01443 0.01331 0.01229 0.00902 0.03311 0.03475 0.03530 0.03367 0.19402 0.18885 0.81327 0.55535 0.15676 0.77879 0.18043 0.17469 0.17598 0.14462 0.13611 0.12664 0.17185 0.31381 0.20543 0.11702 0.18927 0.60130 1.22646 0.35754 0.62647 0.78380 0.52140 0.12333 0.11509 0.16075 0.23391 0.21449 0.24032 0.32406 0.38625 0.55267 0.35630 0.58492 1.52222 0.80727 2.12749 4.39795 4.71362
0.02853 0.30029 0.61329 0.09400 0.04520 0.19372 0.00299 0.00215 0.00312 0.00636 0.00959 0.22191 0.03089 0.05045 0.02755 0.02616 0.02831 0.05133 0.01801 0.01449 0.01096 0.00971 0.01223 0.01202 0.01084 0.01168 0.01076 0.01053 0.01131 0.00980 0.03475 0.03069 0.02896 0.02663 0.63556 0.15424 0.14074 0.14025 0.19481 0.17741 0.10385 0.10778 0.19252 0.17986 0.16326 0.13180 0.09099 0.09764 0.11483 0.12040 0.18000 0.19892 0.37999 1.04277 1.22008 0.80154 0.69506 0.91590 0.76456 1.73782 0.77882 0.15897 0.32647 0.44309 0.40766 0.43865 0.30953 1.14795 2.22863 2.81224 4.01647 5.95934 4.72915
1.03310 0.00001 0.00810 0.00112 0.00119 0.02321 0.00286 0.00070 0.00109 0.00436 0.00395 0.00600 0.00804 0.00702 0.00687 0.00681 0.01015 0.09543 0.06440 0.02521 0.01659 0.01277 0.01138 0.00988 0.00782 0.00802 0.04599 0.04435 0.03607 0.24602 0.03463 0.02590 0.03276 0.03029 0.02895 0.04351 0.02372 0.02572 0.02510 0.02745 0.09388 0.12559 0.08070 0.02464 0.01437 0.02166 0.03013 0.03693 0.06233 0.07886 0.45913 0.57652 0.24680 0.21874 0.15522 1.16229 1.16649 1.32641 2.18265 3.29369 4.54330 2.52572 1.97027 1.15326 0.89699 0.81407 1.12718 1.68792 2.10433 2.62846 4.14714 4.85111 5.68028
1.48136 1.70145 0.00608 0.00054 0.00010 0.00328 0.00390 0.00069 0.09593 0.29780 0.08221 0.02383 0.01439 0.00379 0.00217 0.00447 0.00783 0.02284 0.05879 0.02360 0.02053 0.02045 0.01111 0.01094 0.00603 0.00527 0.03083 0.20886 0.03538 0.03448 0.03163 0.02732 0.02289 0.01538 0.02529 0.03508 0.03440 0.07088 0.05011 0.03495 0.07623 0.08390 0.09087 0.08847 0.04433 0.03286 0.02684 0.06306 0.13247 0.11383 0.53767 0.42054 0.78144 1.42700 1.50039 3.03314 1.35492 0.79934 1.03316 1.24443 1.39143 3.03064 4.08907 2.43243 3.99191 1.73416 1.44188 1.69226 2.74459 1.58834 1.23072 4.07706 5.19162
2.43475 3.72165 4.65465 0.14851 0.00077 0.00000 0.00564 0.00006 0.00598 0.53161 2.24108 2.89196 1.56550 0.43106 0.02048 0.00521 0.00232 0.00340 0.00322 0.00455 0.00589 0.00495 0.00583 0.00850 0.00553 0.00459 0.03107 0.03008 0.02671 0.02850 0.07088 0.09116 0.04750 0.06353 0.13253 0.22537 0.10699 0.11959 0.10973 0.16956 0.10457 0.06893 0.09395 0.05995 0.05071 0.06332 0.03996 0.03983 0.02373 0.04070 0.45753 0.45654 0.49575 0.71007 1.34424 2.37742 1.63670 3.65102 3.00510 2.27207 1.24092 1.49667 1.21000 1.57204 1.32751 1.81091 1.39564 2.42359 1.73864 1.34385 0.91780 2.07414 2.76181
3.04647 3.82936 4.63202 3.13988 2.35775 1.02966 0.42762 0.00754 0.00014 0.00375 0.16273 1.15553 2.57688 2.97152 2.32416 1.46754 0.25329 0.00880 0.00809 0.00466 0.00450 0.00847 0.01136 0.01562 0.00713 0.00878 0.03145 0.04115 0.04186 0.08440 0.19971 0.10956 0.14939 0.16001 0.11347 0.18871 0.05948 0.40466 0.44783 0.36573 0.13307 0.35284 0.18930 0.24839 0.19448 0.16617 0.13779 0.11066 0.67506 0.37653 1.93492 1.33158 1.84190 1.80077 2.57412 1.83587 1.69189 2.71795 2.01680 2.10073 1.95455 1.10202 1.32002 0.97579 2.80695 2.42581 1.99120 1.88973 1.23547 1.20606 1.08839 2.71243 3.71957
3.65931 4.19243 3.43385 5.09340 5.08151 2.19552 2.36352 0.68062 0.07224 0.12663 0.24479 0.00598 0.10493 0.02233 0.34676 2.82930 2.33407 1.60473 0.51355 0.81199 0.11892 0.03593 0.03085 0.03710 0.03540 0.03723 0.09441 0.06901 0.07434 0.05732 0.11402 0.08956 0.11925 0.05602 0.05791 0.09426 0.32279 0.32185 0.17219 0.11157 0.14313 0.20421 0.60984 0.81774 0.75726 0.29739 0.43506 1.24088 1.81228 1.31434 1.97576 3.42783 2.14720 3.65978 1.62150 2.93691 1.17741 0.54557 1.28914 1.04825 1.35217 0.84982 2.58813 1.67213 1.26504 1.14691 1.49792 1.74643 1.22647 1.31732 2.88759 5.36831 2.76240
2.86901 0.92756 3.30727 3.11731 3.11523 3.44565 2.31818 0.51259 0.05022 1.68730 1.70274 0.84547 3.13898 4.68481 4.97478 0.00131 1.58758 3.85845 5.33506 3.67549 2.23912 0.09888 0.02888 0.02645 0.03604 0.04512 0.08473 0.11964 0.22878 0.12125 0.10475 0.07781 0.03669 0.04180 0.05746 0.05570 0.13457 0.19703 0.69000 0.33655 0.17483 0.24712 0.03310 0.07486 0.11678 0.29810 0.61492 1.15638 2.18515 1.29836 1.45090 1.54840 3.24881 4.09748 2.55968 2.82347 1.41441 0.81142 0.92927 0.86465 1.17015 1.60866 1.08157 1.15863 1.07234 0.86701 1.13005 1.69773 1.37755 1.54198 2.00019 2.08157 2.65465
1.81794 0.83454 2.13933 1.25318 0.48599 0.53733 0.10484 0.23102 0.25878 0.26954 0.13930 0.30099 1.43749 2.34301 4.98181 4.92199 1.72843 0.51242 1.28865 1.63590 1.06476 0.59425 0.10962 0.04180 0.03831 0.03043 0.05967 0.07495 0.10466 0.05872 0.04594 0.05716 0.05390 0.05009 0.09766 0.11216 0.10370 0.21157 0.92043 0.56554 0.76526 0.47836 0.14387 0.14264 0.18954 0.33780 0.64935 2.03697 2.69598 1.71666 1.03032 2.85612 1.91567 1.69377 1.32628 1.18308 1.94866 0.89051 1.36430 1.33662 1.09271 0.78085 0.59422 0.73779 0.68359 1.18387 2.13815 2.04500 1.34872 1.69785 2.05524 2.30454 3.70374
5.48138 4.50496 2.99449 0.95608 0.08727 0.03137 0.01076 0.01026 0.42646 1.69203 1.42305 0.24888 0.05986 0.58447 1.45972 3.04489 5.55381 4.77521 1.77339 0.64969 0.27487 0.50260 0.54096 0.13634 0.05560 0.07679 0.08911 0.24559 0.14615 0.09135 0.03222 0.04572 0.07148 0.09058 0.09119 0.38767 0.33936 0.81580 2.62900 1.92966 1.45587 3.38219 1.31040 0.54918 0.22641 0.32013 0.33198 0.91570 2.15224 0.69639 0.57253 0.73168 0.65418 0.71559 0.71651 1.29354 0.99269 1.26687 1.28707 1.38094 1.24664 1.38357 1.13481 0.91630 0.93255 1.17946 1.73433 1.90568 1.55801 2.68714 2.72007 4.44964 5.97258
6.99905 5.17322 5.42107 2.34344 0.83839 0.21786 0.03606 0.18215 0.19576 0.66308 2.11814 1.06910 0.08480 0.08933 1.05379 4.08796 6.58795 6.70910 2.84060 2.58193 1.32343 0.83186 0.40934 0.12953 0.29080 0.20401 0.08081 0.20236 0.13999 0.22119 0.11379 0.29207 0.54559 0.23872 0.26833 1.03038 0.89387 1.97510 4.23667 5.74634 4.58505 2.61407 1.91137 1.33846 1.52933 0.98047 0.88825 2.31389 1.56400 2.06984 1.55376 1.90297 2.00987 2.08550 1.94924 0.91281 0.61865 0.52099 0.60442 0.97739 0.98327 1.06101 1.26853 0.77639 1.14164 0.74177 1.84870 3.21920 3.09928 2.40577 2.84746 2.96364 1.53871
8.82508 7.93638 7.08153 4.87508 1.83674 0.65375 0.24077 0.03954 0.02007 0.07126 0.33495 2.47662 1.71169 1.53205 3.03523 1.01130 2.08339 1.63775 5.59395 2.08976 1.27255 0.78738 0.60457 0.48224 1.13109 0.43418 0.15506 0.09562 0.32546 0.24487 0.20812 0.42466 0.78586 0.43424 0.37137 1.03960 3.10120 2.78748 3.32533 5.06848 3.25491 3.96081 2.52220 2.84884 0.90056 1.38497 2.17774 2.23834 2.05031 2.40920 1.48557 1.31356 1.73752 1.42020 1.66123 1.18949 0.66497 0.85592 0.92189 1.15603 1.45837 1.25657 2.46863 1.71990 1.99037 1.98283 3.12108 2.32924 2.65742 2.98563 2.80426 3.94348 5.76409
10.83680 10.68560 10.58610 12.11390 8.22377 3.68067 2.22230 1.45530 1.08944 1.52888 0.48765 1.08774 5.25697 2.74517 1.18809 0.46604 1.44752 0.78885 0.80065 2.44462 2.00101 1.03899 0.28968 0.14109 0.14528 0.13069 0.14935 0.15183 0.19007 0.12745 0.25091 0.40900 0.80710 0.69228 0.67159 1.53061 5.00804 6.51549 4.99309 3.69119 5.51717 1.74760 1.20981 0.85862 0.41010 0.08080 0.23123 0.25733 0.29026 0.33844 0.24865 1.19437 1.77631 2.19746 1.39779 0.85342 1.17003 0.55274 1.16553 1.51576 1.04674 2.38937 3.54669 3.61363 4.19258 4.52025 4.03262 3.81869 4.12591 3.90172 5.42071 4.86828 5.02386
10.78900 8.54995 9.91711 10.09040 11.13950 9.73433 6.83590 5.44432 6.30194 6.37130 3.81727 5.01434 5.33205 2.03254 2.43174 2.45558 0.85788 0.69562 1.42489 3.05799 5.34238 1.06073 0.47890 0.16544 0.62716 0.33428 0.63126 0.58525 0.22076 0.20913 0.35212 0.56725 2.13066 1.56707 1.56951 2.10733 5.27924 6.08547 4.34490 1.76190 2.78305 1.01855 0.26765 0.24832 0.14209 0.17031 0.54009 0.25734 -9999 -9999 0.41458 1.21605 0.97591 2.12592 2.09915 1.11141 0.53959 0.69632 1.28861 2.48443 3.11813 4.72962 4.48959 6.88347 8.47492 10.81150 5.91822 5.76235 7.42126 4.12836 5.29547 4.91256 3.74428
9.76391 10.47380 12.44700 8.77266 9.99268 8.06621 8.83972 7.29392 8.09228 7.17075 6.70470 7.30004 5.07435 2.81342 6.79935 4.31030 1.76135 3.68891 1.80575 1.72574 2.37266 2.28714 5.68986 3.25618 2.55920 1.59060 0.50105 0.39962 0.61357 0.27469 0.64927 1.31080 2.73089 2.34035 3.26845 2.54231 1.79462 -9999 -9999 -9999 -9999 0.15489 -9999 0.89973 3.32653 1.19026 0.63255 0.18895 -9999 -9999 1.38369 2.01383 2.03897 1.95352 0.93651 0.65819 0.86674 1.78829 1.52945 2.28648 2.81723 2.68593 3.16682 12.83190 13.26670 12.00490 6.14464 4.56810 4.51166 3.84177 -9999 -9999 -9999
9.84130 11.81840 9.75446 5.88063 11.22000 10.65610 5.52789 5.29496 4.74428 5.33450 7.02169 7.47664 5.40383 2.07124 6.14635 6.77720 7.42677 5.36455 6.35849 3.26542 4.06990 4.42820 4.09952 2.98928 2.62155 3.33278 2.61697 1.65419 1.51163 1.38987 2.87784 2.47861 4.08254 2.06346 1.83487 -9999 -9999 -9999 -9999 -9999 -9999 -9999 0.80011 1.23893 0.93845 -9999 -9999 -9999 -9999 -9999 2.13591 1.51694 3.70915 3.97742 5.06784 3.36436 1.39025 2.22539 0.61132 0.69117 1.35852 4.10351 3.25478 1.73883 4.07885 9.31062 5.27393 2.10778 -9999 -9999 -9999 -9999 -9999
