data/hydroclimate-scenarios/1948-2000.Pcorr55N_Pref_Tref/monthly_summaries/baseflow_monthly_tot_aug.1950-2000.asc
ncols	311
nrows	91
xllcenter	102.75
yllcenter	31.75
cellsize	0.5
NODATA_value	-9999
[rows 0 to 31 of 91, columns 73 to 145 of 311]
-9999 -9999 -9999 -9999 -9999 -9999 -9999 -9999 -9999 -9999 -9999 -9999 -9999 -9999 -9999 -9999 -9999 -9999 -9999 -9999 -9999 -9999 -9999 -9999 -9999 -9999 -9999 -9999 -9999 -9999 -9999 -9999 -9999 -9999 -9999 -9999 -9999 -9999 -9999 -9999 -9999 -9999 -9999 -9999 -9999 -9999 -9999 -9999 -9999 -9999 -9999 -9999 -9999 -9999 -9999 -9999 -9999 -9999 -9999 -9999 -9999 -9999 -9999 -9999 -9999 -9999 -9999 -9999 -9999 -9999 -9999 -9999 -9999
-9999 -9999 -9999 -9999 -9999 -9999 -9999 -9999 -9999 -9999 -9999 -9999 -9999 -9999 -9999 -9999 -9999 -9999 -9999 -9999 -9999 -9999 -9999 -9999 -9999 -9999 -9999 -9999 -9999 -9999 -9999 -9999 -9999 -9999 -9999 -9999 -9999 -9999 -9999 -9999 -9999 -9999 -9999 -9999 -9999 -9999 -9999 -9999 -9999 -9999 -9999 -9999 -9999 -9999 -9999 -9999 -9999 -9999 -9999 -9999 -9999 -9999 -9999 -9999 -9999 -9999 -9999 -9999 -9999 -9999 -9999 -9999 -9999
-9999 -9999 -9999 -9999 -9999 -9999 -9999 -9999 -9999 -9999 -9999 -9999 -9999 -9999 -9999 -9999 -9999 -9999 -9999 -9999 -9999 -9999 -9999 -9999 -9999 -9999 -9999 -9999 -9999 -9999 -9999 -9999 -9999 -9999 -9999 -9999 -9999 -9999 -9999 -9999 -9999 -9999 -9999 -9999 -9999 -9999 -9999 -9999 -9999 -9999 -9999 -9999 -9999 -9999 -9999 -9999 -9999 -9999 -9999 -9999 -9999 -9999 -9999 -9999 -9999 -9999 -9999 -9999 -9999 -9999 -9999 -9999 -9999
-9999 -9999 -9999 -9999 -9999 -9999 -9999 -9999 -9999 -9999 -9999 -9999 -9999 -9999 -9999 -9999 -9999 -9999 -9999 -9999 -9999 -9999 -9999 -9999 -9999 -9999 -9999 -9999 -9999 -9999 -9999 -9999 -9999 -9999 -9999 -9999 -9999 -9999 -9999 -9999 -9999 -9999 -9999 -9999 -9999 -9999 -9999 -9999 -9999 -9999 -9999 -9999 -9999 -9999 -9999 -9999 -9999 -9999 -9999 -9999 -9999 -9999 -9999 -9999 -9999 -9999 -9999 -9999 -9999 -9999 -9999 -9999 -9999
-9999 -9999 -9999 -9999 -9999 -9999 -9999 -9999 -9999 -9999 -9999 -9999 -9999 -9999 -9999 -9999 -9999 -9999 -9999 -9999 -9999 -9999 -9999 -9999 -9999 -9999 -9999 -9999 -9999 -9999 -9999 -9999 -9999 -9999 -9999 -9999 -9999 -9999 -9999 -9999 -9999 -9999 -9999 -9999 -9999 -9999 -9999 -9999 -9999 -9999 -9999 -9999 -9999 -9999 -9999 -9999 -9999 -9999 -9999 -9999 -9999 -9999 -9999 -9999 -9999 -9999 -9999 -9999 -9999 -9999 -9999 -9999 -9999
-9999 -9999 -9999 -9999 -9999 -9999 -9999 -9999 -9999 -9999 -9999 -9999 -9999 -9999 -9999 -9999 -9999 -9999 -9999 -9999 -9999 -9999 -9999 -9999 -9999 -9999 -9999 -9999 -9999 -9999 -9999 -9999 -9999 -9999 -9999 -9999 -9999 -9999 -9999 -9999 -9999 -9999 -9999 -9999 -9999 -9999 -9999 -9999 -9999 -9999 -9999 -9999 -9999 -9999 -9999 -9999 -9999 -9999 -9999 -9999 -9999 -9999 -9999 -9999 -9999 -9999 -9999 -9999 -9999 -9999 -9999 -9999 -9999
-9999 -9999 -9999 -9999 -9999 -9999 -9999 -9999 -9999 -9999 -9999 -9999 -9999 -9999 -9999 -9999 -9999 -9999 -9999 -9999 -9999 -9999 -9999 -9999 -9999 -9999 -9999 -9999 -9999 -9999 -9999 -9999 -9999 -9999 -9999 -9999 -9999 -9999 -9999 -9999 -9999 -9999 -9999 -9999 -9999 -9999 -9999 -9999 -9999 -9999 -9999 -9999 -9999 -9999 -9999 -9999 -9999 -9999 -9999 -9999 -9999 -9999 -9999 -9999 -9999 -9999 -9999 -9999 -9999 -9999 -9999 -9999 -9999
-9999 -9999 -9999 -9999 -9999 -9999 -9999 -9999 -9999 -9999 -9999 -9999 -9999 -9999 -9999 -9999 -9999 -9999 -9999 -9999 -9999 -9999 -9999 -9999 -9999 -9999 -9999 -9999 -9999 -9999 -9999 -9999 -9999 -9999 -9999 -9999 -9999 -9999 -9999 -9999 -9999 -9999 -9999 -9999 -9999 -9999 -9999 -9999 -9999 -9999 -9999 -9999 -9999 -9999 -9999 -9999 -9999 -9999 -9999 -9999 -9999 -9999 -9999 -9999 -9999 -9999 -9999 -9999 -9999 -9999 -9999 -9999 -9999
-9999 -9999 -9999 -9999 0.04754 -9999 -9999 -9999 -9999 -9999 -9999 -9999 -9999 -9999 -9999 -9999 -9999 -9999 -9999 -9999 -9999 -9999 -9999 -9999 -9999 -9999 -9999 -9999 -9999 -9999 -9999 -9999 -9999 -9999 -9999 -9999 -9999 -9999 -9999 -9999 -9999 -9999 -9999 -9999 -9999 -9999 -9999 -9999 -9999 -9999 -9999 -9999 -9999 -9999 -9999 -9999 -9999 -9999 -9999 -9999 -9999 -9999 -9999 -9999 -9999 -9999 -9999 -9999 -9999 -9999 -9999 -9999 -9999
1.40151 0.01066 0.01452 0.03307 0.04040 0.07669 0.08166 0.12115 0.15339 0.17819 0.43577 0.50390 0.52069 0.76742 1.09477 0.88772 0.68903 0.72138 0.68632 0.69561 -9999 -9999 -9999 -9999 -9999 -9999 -9999 -9999 -9999 -9999 -9999 -9999 -9999 -9999 -9999 -9999 -9999 -9999 -9999 -9999 -9999 -9999 -9999 -9999 -9999 -9999 -9999 -9999 -9999 -9999 -9999 -9999 -9999 -9999 -9999 -9999 -9999 -9999 -9999 -9999 -9999 -9999 -9999 -9999 -9999 -9999 -9999 -9999 -9999 -9999 -9999 -9999 -9999
-9999 -9999 0.02859 0.04596 0.07797 0.09257 0.15515 0.21808 0.26856 0.36144 0.48483 0.53739 0.56195 0.64695 0.71898 0.81501 0.85524 0.92416 1.00076 0.88911 -9999 -9999 -9999 -9999 -9999 -9999 -9999 -9999 -9999 -9999 -9999 -9999 -9999 -9999 -9999 -9999 -9999 -9999 -9999 -9999 -9999 -9999 -9999 -9999 -9999 -9999 -9999 -9999 -9999 -9999 -9999 -9999 -9999 -9999 -9999 -9999 -9999 -9999 -9999 -9999 -9999 -9999 -9999 -9999 -9999 -9999 -9999 -9999 -9999 -9999 -9999 -9999 -9999
0.01211 0.01666 0.02063 0.03745 0.07911 0.09336 0.13502 0.18373 0.23060 0.28271 0.37113 0.46112 0.55347 0.61490 0.69234 0.81354 0.84272 0.80579 1.35957 1.54287 0.69718 0.64426 0.35815 0.32448 0.18395 0.39580 -9999 -9999 -9999 -9999 -9999 -9999 -9999 -9999 -9999 -9999 -9999 -9999 -9999 -9999 -9999 -9999 -9999 -9999 -9999 -9999 -9999 -9999 -9999 -9999 -9999 -9999 -9999 -9999 -9999 -9999 -9999 -9999 -9999 -9999 -9999 -9999 -9999 -9999 -9999 -9999 -9999 -9999 -9999 -9999 -9999 -9999 -9999
0.02248 0.03468 0.06154 0.08531 0.10118 0.13061 0.13637 0.17379 0.22687 0.27997 0.40068 0.49294 0.54021 0.66708 0.66521 0.65780 1.30522 1.04017 1.15181 1.10570 1.09306 0.89422 0.47126 0.35855 0.30122 0.29907 0.40841 0.30477 0.20898 0.19229 0.51785 0.48547 0.33388 0.27506 0.14075 0.13734 0.10398 0.07598 0.05431 0.04356 0.04697 -9999 -9999 -9999 -9999 -9999 -9999 -9999 -9999 -9999 -9999 -9999 -9999 -9999 -9999 -9999 -9999 -9999 -9999 -9999 -9999 -9999 -9999 -9999 -9999 -9999 -9999 -9999 -9999 -9999 -9999 -9999 -9999
0.00119 0.02285 0.08421 0.06080 0.08526 0.10454 0.12023 0.11902 0.16797 0.23800 0.27467 0.37877 0.44692 0.52290 0.51612 0.61096 0.53380 0.78504 1.22833 1.36419 1.11309 0.40787 0.42567 0.33340 0.25312 0.22489 0.48832 0.47781 0.28589 0.26106 0.42094 0.31729 0.28183 0.23476 0.23541 0.18822 0.14319 0.11480 0.12677 0.10148 0.08358 0.77852 -9999 -9999 -9999 -9999 -9999 -9999 -9999 -9999 -9999 -9999 -9999 -9999 -9999 -9999 -9999 -9999 -9999 -9999 -9999 -9999 -9999 -9999 -9999 -9999 -9999 -9999 -9999 -9999 -9999 -9999 -9999
0.11405 0.67416 0.11945 0.10847 0.21721 0.18405 0.28755 0.26706 0.41776 0.41198 0.36394 0.36289 0.38401 0.48614 0.56622 0.68434 0.64554 1.50997 0.63589 0.57839 0.50873 0.45572 0.44684 0.55039 0.31475 0.21047 0.21846 0.20113 0.13114 0.09659 0.22706 0.22080 0.15393 0.15233 0.39864 0.33522 0.33134 0.29555 0.30517 0.28701 0.27539 0.17060 -9999 -9999 -9999 -9999 -9999 -9999 -9999 -9999 -9999 -9999 -9999 -9999 -9999 -9999 -9999 0.20389 0.24223 -9999 -9999 -9999 -9999 1.05809 3.18860 5.63108 2.40158 1.04230 0.89445 0.83290 0.87643 2.19218 2.65703
0.10705 0.37313 0.06258 0.04799 0.08899 0.17496 0.24339 0.23423 0.18613 0.27212 0.28445 0.45254 0.49543 0.41696 0.44134 0.41367 1.06780 0.52520 0.31017 0.34393 0.38485 0.24274 0.24363 0.19057 0.10908 0.11972 0.16703 0.15312 0.12547 0.09737 0.22102 0.15222 0.09521 0.16645 0.36496 0.30073 0.28208 0.82612 1.25775 1.21580 1.45229 0.76682 0.66510 0.60473 1.09958 0.21652 0.61737 1.07061 0.61301 0.65813 0.71007 0.38826 0.82709 0.31187 0.07475 0.07414 0.42603 0.44823 0.29809 -9999 -9999 -9999 -9999 -9999 1.09949 2.42546 1.80096 2.38318 2.60926 2.18917 2.45225 2.33095 2.60645
0.13050 0.34882 0.03949 0.08302 0.09610 0.07553 0.06684 0.06225 0.08027 0.13543 0.17055 0.22295 0.24940 0.62001 0.31701 0.39689 0.39458 0.32586 0.17309 0.19044 0.16541 0.15573 0.19493 0.19036 0.16487 0.17247 0.15836 0.16456 0.14993 0.11774 0.30789 0.30129 0.29437 0.28657 0.71832 0.70274 2.12898 1.64484 0.58580 1.98965 0.65600 0.63887 0.63369 0.52058 0.49149 0.45432 0.61192 1.00105 0.78803 0.49833 0.73249 1.66223 2.79269 1.26725 1.86009 2.17332 1.54297 0.51304 0.50711 0.64906 0.91166 0.89676 1.01256 1.30004 1.56225 2.08030 1.47055 2.04371 3.22703 2.17297 3.58854 6.59446 7.67628
0.09108 0.43824 0.63787 0.19878 0.12774 0.27345 0.03007 0.02630 0.03802 0.07505 0.10797 0.43313 0.21836 0.33720 0.27540 0.28471 0.32241 0.39203 0.14888 0.11984 0.11806 0.10998 0.16963 0.14796 0.14033 0.13984 0.15364 0.16410 0.15860 0.15084 0.33048 0.27632 0.25354 0.23811 1.90741 0.59056 0.54302 0.54436 0.73711 0.65609 0.40498 0.42040 0.71391 0.65076 0.59492 0.48357 0.39423 0.42888 0.51481 0.54654 0.74531 0.83220 1.40748 2.73039 3.00511 2.26496 2.01732 2.42695 2.10066 3.42818 1.90355 0.72627 1.41735 1.87650 1.70324 1.79339 1.30754 2.76977 4.09755 4.75301 6.09124 8.37962 7.33584
0.90173 0.00111 0.03003 0.00674 0.00766 0.07344 0.01823 0.00939 0.01357 0.02916 0.03380 0.04786 0.06912 0.07748 0.08610 0.08774 0.10499 0.30694 0.23939 0.14562 0.11604 0.11292 0.13100 0.12993 0.12212 0.13552 0.41825 0.39349 0.32150 0.73133 0.31005 0.25137 0.29998 0.27395 0.25223 0.30555 0.19714 0.19868 0.20358 0.22023 0.42961 0.49202 0.38393 0.17374 0.11681 0.16575 0.20029 0.25068 0.34416 0.41071 1.55859 1.87297 0.89988 0.83110 0.73336 3.04424 3.13791 3.40898 4.37703 6.08718 7.64129 5.22646 4.64335 3.19791 2.79324 2.78081 3.55053 4.71925 5.66092 6.58459 5.60334 7.11615 8.40715
1.01273 1.36207 0.02825 0.00510 0.00154 0.01667 0.01549 0.00475 0.16190 0.33690 0.12923 0.07814 0.06368 0.03848 0.03611 0.06302 0.09369 0.14607 0.23733 0.13160 0.12572 0.12665 0.11377 0.10638 0.10197 0.08533 0.30330 0.66653 0.31227 0.34032 0.29987 0.24234 0.20496 0.14737 0.20273 0.25176 0.26022 0.40632 0.30796 0.24204 0.38705 0.38002 0.41737 0.42118 0.30037 0.24749 0.21569 0.40632 0.67063 0.60577 1.84193 1.48404 2.45591 3.84235 3.76064 5.85509 3.54129 2.49640 2.71569 3.04128 3.58397 6.21106 8.32041 5.78642 8.13434 4.75011 4.27971 4.79186 6.77819 5.15517 3.29022 5.99169 7.63252
2.02968 3.19769 4.59495 0.16981 0.00589 0.00063 0.01337 0.00183 0.01957 0.51128 2.26339 3.52027 1.68697 0.50608 0.07765 0.04216 0.03497 0.04551 0.05787 0.06468 0.07939 0.06044 0.07193 0.08437 0.08810 0.07260 0.30104 0.29388 0.27140 0.25748 0.40536 0.39948 0.33504 0.38305 0.46096 0.64215 0.42772 0.42326 0.43572 0.53781 0.42254 0.33787 0.43174 0.34158 0.35592 0.43117 0.31133 0.32889 0.21119 0.30161 1.66646 1.63646 1.70591 2.28690 3.56687 5.18410 4.17193 7.37917 6.14994 5.08465 3.15950 4.30671 4.12832 4.78229 4.01275 5.16044 4.16552 5.96971 5.44237 4.94564 2.81956 4.07680 5.49255
2.29451 3.01246 4.20943 2.34366 1.55006 0.58933 0.18390 0.01536 0.00231 0.01739 0.16003 0.98246 2.68018 2.99328 2.28158 1.36652 0.37764 0.06739 0.06895 0.06133 0.06487 0.08993 0.10845 0.12121 0.09496 0.10024 0.29933 0.34182 0.31390 0.56473 0.65857 0.56576 0.61188 0.60870 0.52928 0.61275 0.20595 0.65542 0.74391 0.66423 0.42425 0.82316 0.63772 0.80094 0.80023 0.79198 0.71188 0.63468 1.54654 1.23642 4.75115 3.55925 4.72993 4.75989 5.72336 4.60068 4.62303 6.72193 5.08929 5.31891 5.15204 3.73484 4.50716 3.30798 6.74263 6.06752 5.22094 5.23615 4.50861 4.49340 2.69976 4.58259 6.33844
2.70223 2.87892 2.55699 3.95621 3.44609 1.14339 1.24617 0.31466 0.06373 0.12104 0.11199 0.01913 0.08747 0.04478 0.34668 2.52834 2.14273 1.45617 0.98929 1.41474 0.49136 0.30857 0.29375 0.33767 0.30917 0.31795 0.51176 0.39650 0.41418 0.41667 0.65794 0.56994 0.69891 0.36882 0.37612 0.48862 0.91788 0.85204 0.64296 0.45951 0.49850 0.64950 1.26841 1.74160 1.63008 0.99894 1.39877 2.56051 3.34432 2.76430 3.62954 5.66443 3.90175 6.09950 2.35815 4.07248 1.88596 1.35721 4.54957 4.05133 4.48498 2.97177 6.04186 4.89475 4.03634 3.87941 4.64254 5.52664 4.49682 4.68486 7.54859 11.79740 8.35115
1.12406 0.39330 2.02518 2.07569 1.94668 2.40766 1.71050 0.39994 0.08195 1.26283 0.96335 0.47079 2.59043 4.44548 5.42626 0.01972 1.22181 3.92150 6.24425 4.56029 3.05641 0.40026 0.26261 0.26085 0.30984 0.35060 0.39761 0.41670 0.52959 0.54466 0.58931 0.50942 0.29425 0.32007 0.39590 0.39808 0.64630 0.74290 1.48300 1.04208 0.75612 0.51162 0.16077 0.42762 0.59277 1.05294 1.85539 2.59184 3.60559 2.82495 3.01059 3.41133 5.74171 7.29072 3.41999 4.01608 1.81369 1.40451 3.72689 3.64747 4.13442 5.03752 3.59142 4.11649 3.93653 3.30048 3.63103 4.99632 4.54627 4.87722 6.34434 6.73800 8.22628
0.60095 0.27750 0.54787 0.32187 0.24274 0.28935 0.15920 0.24740 0.26866 0.24947 0.11507 0.16762 0.94529 1.35885 4.30729 3.94980 1.48583 0.45669 1.58977 2.01306 1.57798 1.16116 0.41409 0.27397 0.29368 0.23938 0.31225 0.30685 0.38081 0.34963 0.36292 0.42613 0.40927 0.38971 0.54198 0.58702 0.60188 0.86595 1.79991 1.60034 1.88032 1.16625 0.71240 0.68190 0.86568 1.30388 2.02095 3.88709 5.01040 3.28789 2.80184 5.26885 3.68278 3.35503 2.03240 1.71573 3.05031 1.68180 4.67948 4.44247 4.13634 3.33074 2.68695 3.21426 2.96650 3.92977 5.56931 5.29171 4.94668 5.66912 6.26520 7.14053 9.73141
2.41258 1.91073 0.86987 0.24709 0.08985 0.05739 0.04563 0.03219 0.39048 1.58314 1.06705 0.14627 0.11602 0.48947 0.94894 1.61630 4.94293 4.28446 1.95718 0.83453 0.57840 0.84292 0.95195 0.54726 0.30712 0.28776 0.28297 0.40054 0.35129 0.38334 0.27031 0.34003 0.46729 0.58535 0.57987 1.20533 0.91774 1.67601 3.18265 2.43652 2.32974 4.19566 2.32901 1.34043 0.68440 0.95718 1.02252 1.79489 3.82730 1.98849 1.69711 1.82072 1.59070 1.91605 1.19479 1.82513 1.45576 1.95314 4.53534 4.79354 4.49577 4.68718 4.11134 3.52002 3.50301 3.97098 5.13054 4.69358 4.75948 6.81817 6.75037 10.95880 15.27700
3.75834 2.93406 2.77473 1.22543 0.47429 0.17529 0.11636 0.28990 0.23922 0.64323 1.76122 1.03469 0.29976 0.30515 1.00004 2.59811 5.67601 6.44489 2.40961 2.14720 1.79754 1.10508 0.92465 0.62277 0.68970 0.50241 0.26696 0.33200 0.27484 0.31153 0.58320 1.07520 1.37933 0.85469 1.17950 2.15048 1.27179 1.96098 3.97913 5.32253 4.96319 3.07029 2.49855 2.02087 2.62673 1.83628 1.88270 4.57998 2.95805 4.22457 2.93727 3.62240 3.90448 3.93138 2.25571 1.43435 1.36321 1.02162 1.10128 1.29767 1.44936 1.42708 2.98557 1.22364 2.67373 1.35484 2.89286 4.53852 4.78963 4.18060 5.54416 7.93420 3.80430
5.90691 5.10614 4.02314 1.96647 0.74744 0.20110 0.27792 0.10946 0.05536 0.12861 0.43813 1.85777 1.11984 1.02618 1.75317 0.95658 1.65375 1.38578 5.46500 1.75763 1.50482 1.02446 1.01362 1.05227 2.07763 0.86278 0.38644 0.30444 0.55263 0.45403 0.79869 1.24211 1.73641 1.13824 1.40011 1.91222 3.18579 2.56694 3.14925 4.50366 3.25911 4.48949 3.32819 4.22824 2.25941 3.14872 4.34388 4.61128 4.46278 5.10175 3.12264 2.85822 3.56158 3.24890 2.46148 1.92042 1.35585 1.21362 1.30227 1.54147 1.67510 1.60068 5.83152 3.08601 3.54176 3.32994 4.40887 2.91750 3.84068 5.14947 5.08024 7.88362 12.06560
8.77356 8.04783 6.20175 9.59109 6.01023 1.73762 1.12924 0.85368 0.40491 0.79554 0.44568 0.87031 3.54771 1.99215 0.98441 0.68955 1.23726 1.12796 1.07330 2.17771 2.12981 1.34889 0.81785 0.54641 0.63053 0.56252 0.36992 0.45391 0.48679 0.49861 1.07318 1.20331 1.92367 1.38860 1.75541 2.75974 6.07772 8.49791 5.02639 3.97460 6.34790 2.86154 2.69679 2.02081 1.42437 0.47196 1.37288 1.43084 1.59007 1.84194 0.75687 2.47148 3.72255 4.42183 2.66880 1.87892 1.61229 1.42145 1.76858 1.71915 1.39161 2.78463 7.58468 6.96825 8.35487 8.63454 6.44609 5.53639 6.46218 7.31889 10.77890 10.95970 11.35910
8.78883 6.51887 6.80552 7.74634 12.21910 8.27297 6.47908 5.53197 5.72856 5.23163 2.36947 3.92126 3.79689 1.97835 2.35974 1.87130 0.92637 1.04162 1.48788 2.53973 5.05352 1.73142 0.95046 0.42972 1.36272 0.89968 0.86169 1.02907 0.69204 0.56012 1.44997 1.65884 3.69065 2.66262 2.67357 3.58076 7.51532 8.33588 5.54121 2.52747 4.20257 2.49999 1.27535 1.20276 0.55739 0.69250 2.02513 1.54304 -9999 -9999 0.85307 2.18433 2.28451 4.06432 2.75595 2.15588 0.89208 1.26535 1.44075 2.85326 4.11917 6.13734 11.08310 15.16340 17.87240 22.86220 11.19110 10.32380 12.37980 9.01596 11.70530 11.62830 9.50482
5.75996 7.26518 11.03650 7.24912 11.07010 7.18904 8.12029 7.42518 7.06991 5.55210 4.67293 5.14605 3.74254 2.05249 5.76115 3.64038 2.21626 3.38428 2.53928 2.82979 3.26572 3.91766 7.10601 4.24985 4.24887 2.66667 0.78634 1.20900 1.55959 0.85571 1.22407 2.00315 3.39827 3.17051 4.88016 3.33521 2.34652 -9999 -9999 -9999 -9999 0.43421 -9999 0.96322 3.25399 1.91117 1.40478 0.57575 -9999 -9999 2.67182 3.11019 3.24855 3.35608 0.79943 0.88021 1.21269 2.09467 2.66447 3.55338 4.78991 5.24017 8.61199 27.09380 29.81520 26.15810 12.69560 9.18049 8.30183 7.25865 -9999 -9999 -9999
5.54483 7.65376 8.52827 4.49686 11.77440 10.29940 3.60560 3.96795 2.88238 3.41655 5.63181 6.28781 4.38618 1.24984 4.88325 6.18119 6.89598 5.31602 7.55329 4.07558 4.76102 4.79250 4.42582 4.09750 3.55974 5.16410 2.96626 2.08186 2.26038 2.32661 4.26207 3.51053 6.08778 3.04383 2.90276 -9999 -9999 -9999 -9999 -9999 -9999 -9999 1.10250 1.31649 1.55123 -9999 -9999 -9999 -9999 -9999 2.76825 2.60962 4.88731 4.86128 4.72504 3.33254 1.36153 2.62347 1.48231 1.67440 2.83474 6.02915 8.19389 6.03077 10.39730 21.19500 11.54470 4.91949 -9999 -9999 -9999 -9999 -9999
