data/hydroclimate-scenarios/1948-2000.Pcorr55N_Pref_Tref/monthly_summaries/baseflow_monthly_tot_jul.1950-2000.asc
ncols	311
nrows	91
xllcenter	102.75
yllcenter	31.75
cellsize	0.5
NODATA_value	-9999
[rows 32 to 63 of 91, columns 0 to 72 of 311]
-9999 -9999 -9999 -9999 -9999 -9999 -9999 -9999 -9999 -9999 -9999 0.08542 0.10986 0.11805 0.13664 0.10455 0.17927 0.17684 0.30169 0.23159 0.28373 0.12119 0.05769 0.06980 0.26031 0.22997 0.28812 0.67390 0.57210 0.05406 0.04255 0.01362 0.00891 0.01016 0.00919 0.00320 0.00315 0.00308 0.00877 0.01543 0.02642 0.03339 0.02802 0.04923 0.05350 0.04410 0.06037 0.06054 0.07591 0.06034 0.06378 0.07608 0.06542 0.13768 0.10232 0.09127 0.10704 0.11240 0.11328 0.02806 0.02298 0.03069 0.14840 0.21020 0.19911 0.18268 0.22752 0.41137 1.14985 2.58654 2.12533 8.34330 10.04910
-9999 -9999 -9999 -9999 -9999 -9999 -9999 -9999 -9999 -9999 -9999 0.10841 0.13235 0.12062 0.17671 0.10043 0.14577 0.11282 0.11367 0.10953 0.11545 0.06908 0.22386 0.30121 0.38653 0.09035 0.15750 0.17163 0.04879 0.40521 0.43441 0.01036 0.00702 0.00398 0.01528 0.01989 0.10020 0.00812 0.11638 0.25070 0.04031 0.25818 0.06254 0.07560 0.10410 0.16825 0.21319 0.10152 0.11052 0.10310 0.08891 0.08506 0.07562 0.14686 0.02948 0.02225 0.02889 0.04893 0.03393 0.02122 0.02393 0.20772 0.18919 0.02875 0.21193 0.20776 0.25391 0.45945 0.89010 2.01308 1.47798 5.76571 4.30131
-9999 -9999 -9999 -9999 -9999 -9999 -9999 -9999 -9999 -9999 -9999 -9999 0.02848 0.02670 0.03251 0.04216 0.05157 0.04295 0.05079 0.04173 0.31478 0.07176 0.15894 0.23452 0.28804 0.74470 0.43128 0.36427 0.10026 0.02009 0.18760 0.12625 0.11127 0.10471 0.12662 0.16300 0.17903 0.02035 0.15526 0.26095 0.28138 0.30899 0.32841 0.10403 0.14523 0.20889 0.14820 0.10160 0.10299 0.09947 0.05609 0.05395 0.05185 0.03686 0.04795 0.08496 0.09009 0.19629 0.21669 0.20315 0.19670 0.15598 0.17584 0.22244 0.25604 0.37311 0.33234 0.77614 2.50581 4.59346 1.62765 3.01210 3.31068
-9999 -9999 -9999 -9999 -9999 -9999 -9999 -9999 -9999 -9999 -9999 -9999 0.01608 0.02105 0.02133 0.02511 0.02032 0.18047 0.21272 0.04730 0.06559 0.50956 0.64092 0.75566 1.21601 0.53766 0.22769 0.59351 0.15156 0.07547 0.04212 0.21553 0.13926 0.11914 0.15096 0.00618 0.01383 0.00815 0.00981 0.04072 0.34348 0.14101 0.14514 0.16923 0.10098 0.19000 0.12217 0.15815 0.09339 0.18560 0.12960 0.04014 0.02745 0.03974 0.03576 0.18765 0.30007 0.21078 0.01734 0.15265 0.18155 0.08191 0.07671 0.18946 0.52951 0.28700 0.47822 0.88605 1.95686 2.78554 4.34965 3.55043 4.19248
-9999 -9999 -9999 -9999 -9999 -9999 -9999 -9999 -9999 -9999 -9999 -9999 0.01413 0.00707 0.11802 0.14534 0.18114 0.02827 0.07248 0.27716 0.33550 0.54631 0.50243 0.82407 0.67453 0.71093 0.30596 0.10094 0.11379 0.05085 0.03734 0.12470 0.00989 0.02748 0.00349 0.00345 0.00533 0.00911 0.00974 0.02274 0.14374 0.65739 0.43569 0.25973 0.30092 0.92149 0.80774 1.26926 0.71706 0.16348 0.08062 0.06492 0.02753 0.02733 0.01397 0.03012 0.03807 0.02863 0.03152 0.20412 0.06559 0.15762 0.12790 0.13232 0.41698 0.54930 0.76639 0.93198 2.77886 3.44829 4.04938 5.30409 6.38859
-9999 -9999 -9999 0.07857 0.05740 0.05593 0.05063 0.05024 0.06499 -9999 0.04927 0.15022 0.13501 0.00543 0.00629 0.00898 0.01747 0.02300 0.09089 0.31700 0.28626 0.26171 0.35735 0.34452 0.42223 0.23496 0.10349 0.18428 0.19384 0.63482 0.09137 0.00896 0.03899 0.22625 0.02520 0.00846 0.03561 0.04232 0.02623 0.02386 0.05356 0.33960 0.37791 0.35227 1.04710 2.30337 3.19056 1.75149 0.77334 0.53827 0.50790 0.44923 0.45755 0.78277 0.29450 0.91453 0.89423 0.12252 0.24347 0.11004 0.26379 0.15959 0.18215 0.42970 0.39659 0.43848 0.87152 1.83920 3.03499 4.91393 7.38501 11.00620 17.24670
-9999 -9999 -9999 0.07249 0.06203 0.05985 0.08035 0.03282 0.03540 0.19724 0.17206 0.14472 0.00755 0.01505 0.03059 0.06946 0.11723 0.07069 0.09625 0.12166 0.09615 0.29993 0.15495 0.21504 0.55470 0.27231 0.24599 0.16374 0.27964 0.87423 0.15052 0.19549 0.18113 0.21122 0.14732 0.20032 0.10903 0.47526 0.08024 0.33633 0.47335 0.26129 0.34307 1.27409 2.34237 5.61343 4.98935 0.86442 1.61257 1.79895 1.58034 0.91654 1.14613 1.00895 0.32060 0.64631 0.23136 0.23065 0.43299 0.54952 0.46446 0.63241 0.81605 0.83495 1.29526 0.79140 1.35504 1.19505 2.71851 5.33134 13.30360 12.46150 22.18550
-9999 -9999 -9999 0.03048 0.02630 0.04106 0.23337 0.21635 0.19578 0.15878 0.18795 0.19498 0.02360 0.08924 0.18193 0.07966 0.15382 0.16647 0.06734 0.07409 0.13174 0.43464 0.40461 1.42228 1.53766 0.67369 0.36176 0.27320 0.41689 1.77995 4.40746 1.60529 0.53891 0.28275 0.45769 0.39226 0.20610 0.15912 0.16359 0.39332 0.45558 0.43795 0.57264 1.21509 0.99469 2.50660 3.12929 2.52973 2.23659 2.39499 3.37647 0.89153 0.98743 0.71571 0.39273 0.37455 0.21425 0.20050 0.40587 0.74195 0.59694 0.49363 0.40646 1.08352 1.32056 2.15905 3.03660 3.89759 12.79440 18.57910 28.48930 21.48510 24.30860
-9999 -9999 -9999 0.02176 0.00981 0.03547 0.17143 0.21858 0.22328 0.21608 0.22560 0.00433 0.07259 0.12106 0.10219 0.11808 0.28789 0.61490 0.38708 0.22689 0.80523 1.67706 3.86156 3.24053 1.69465 0.98314 0.36923 0.18988 1.62497 5.82845 5.12344 0.24845 1.11993 2.53119 2.08847 1.47765 0.43327 0.08386 0.29870 0.15553 0.17308 1.32078 3.62089 3.37431 1.27145 2.89869 4.00645 1.06592 2.05586 0.92773 2.20399 1.30195 1.10354 2.40394 1.00356 0.57130 0.38033 0.69264 0.91609 1.52239 2.98950 1.68351 1.44265 1.85160 3.32156 4.35088 6.94705 8.10833 19.14330 32.20750 30.65890 24.06550 -9999
-9999 -9999 -9999 0.01073 0.00494 0.02631 0.16520 0.19029 0.28475 0.23076 0.15275 0.20215 0.09208 0.23080 0.68273 0.65871 0.90705 0.81964 0.37616 0.10432 0.72792 0.87866 2.98284 0.89329 0.80195 0.36323 0.04607 0.05845 0.81489 2.98372 3.53735 1.83628 2.17961 1.10142 0.55932 0.67153 0.67880 0.22800 0.23494 0.35506 0.52517 1.18310 2.15787 2.75053 2.35934 2.45655 2.57359 1.44415 2.01896 1.44463 1.88322 0.97416 1.71279 2.96356 0.81230 1.80442 0.50244 0.54498 0.84169 2.93533 2.64864 2.51665 2.51268 6.39722 8.25445 5.40313 8.20264 14.30740 22.08610 24.89460 19.29500 -9999 -9999
-9999 -9999 -9999 -9999 0.19175 0.26962 0.23051 0.38543 0.36622 0.25227 0.15632 0.00497 0.61695 0.23617 -9999 -9999 -9999 -9999 -9999 2.15870 3.00248 1.90460 2.91717 3.77927 1.47096 0.43668 0.04233 0.06306 0.18872 0.10610 0.36589 1.18485 1.23669 0.39386 0.08488 0.03138 0.10324 0.05332 0.10655 0.20264 0.07841 0.13182 0.50236 1.52512 1.88988 1.83949 2.36892 3.33651 1.81706 2.14600 1.79875 2.63050 1.55950 2.69451 2.41033 2.92606 3.72159 3.64086 4.16190 2.78863 4.00980 6.22050 7.54551 6.21131 7.09209 8.96906 7.76364 7.29447 5.41091 -9999 -9999 -9999 -9999
-9999 -9999 0.00438 0.34127 0.30620 0.25014 0.28102 0.59948 0.26387 0.21639 0.15547 0.00844 0.62740 -9999 -9999 -9999 -9999 -9999 7.04485 2.25858 3.07986 0.49545 0.30858 0.70548 1.11764 0.65716 0.05614 0.00961 0.01567 0.01445 0.14087 0.17902 0.10086 0.16471 0.11139 0.01606 0.05578 0.03273 0.09486 0.11935 0.19914 0.11212 0.13861 0.18188 0.14587 0.57661 1.34143 1.07848 0.71522 0.73596 1.02232 2.01495 4.11967 1.33574 2.69659 0.56626 1.08596 3.78955 4.48438 1.75147 2.83322 4.23495 5.63782 8.05694 8.60011 7.58614 5.46541 -9999 -9999 -9999 -9999 -9999 -9999
-9999 -9999 0.46205 0.54831 0.31046 0.27524 0.25677 0.57460 0.33457 0.16386 0.00669 0.07347 0.11333 -9999 -9999 -9999 -9999 0.21285 2.33252 0.61317 1.72972 0.65462 0.64287 0.25832 0.07584 0.00786 0.06628 0.10082 0.04312 0.00319 0.00477 0.04951 0.01741 0.01723 0.03237 0.03934 0.02992 0.02196 0.13762 0.44078 0.36831 0.25044 0.44496 0.26870 0.74029 1.19311 1.53385 2.78670 0.92286 1.00095 2.06282 1.90863 1.59925 1.33689 1.00136 0.08633 0.23815 2.06495 3.30932 2.78566 3.28712 7.51512 6.55727 4.39656 4.42056 -9999 -9999 -9999 -9999 -9999 3.37220 -9999 -9999
-9999 -9999 0.43012 1.33448 1.08943 0.72270 0.34792 0.28559 0.36338 0.24477 0.04362 0.22417 0.01776 -9999 -9999 -9999 -9999 1.87368 0.86822 1.25499 2.56291 1.23303 0.67024 0.01711 0.01866 0.02246 0.16090 0.03086 0.03261 0.01336 0.02183 0.00848 0.02149 0.05216 0.05676 0.06283 0.05435 0.08618 0.20860 0.17589 0.36635 0.14688 0.07908 0.27198 0.36158 1.25966 2.54559 5.29247 5.41646 7.20585 3.53659 3.00731 1.52098 1.63727 1.74735 0.14750 0.06603 0.82004 1.02162 1.50714 1.16456 1.64174 2.01809 5.46906 10.46100 10.29500 5.01680 7.72605 5.22568 -9999 -9999 -9999 5.09735
-9999 -9999 -9999 0.64802 0.77216 0.71382 0.26827 0.24367 0.01529 0.30303 0.32636 0.01768 -9999 -9999 -9999 -9999 0.67295 1.03694 0.27349 0.09276 0.22353 0.39558 0.33209 0.13129 0.09485 0.07848 0.26407 0.10371 0.02953 0.12376 0.10271 0.01956 0.01427 0.16762 0.89600 1.07350 0.13428 0.04300 0.02345 0.01692 0.07602 0.06182 0.55914 1.07674 1.19386 1.36846 0.16377 0.10709 0.84263 1.49625 1.59981 2.30183 1.94285 1.85876 2.93682 2.88368 1.81883 2.64192 2.56815 1.43403 1.55948 1.89879 5.17333 16.05560 29.61800 10.04230 5.33909 4.81072 3.39038 9.05098 -9999 -9999 4.89070
-9999 -9999 -9999 -9999 0.58218 0.28556 0.35083 0.07442 0.13975 0.06714 0.14409 -9999 -9999 -9999 -9999 0.59310 0.60762 0.50784 0.33796 0.52399 0.33884 1.22647 0.78334 0.85522 0.20144 0.40101 1.06521 0.39682 0.44214 0.39915 0.39156 0.16683 0.15507 0.32445 0.77809 0.06921 0.15218 0.13084 0.05530 0.01458 0.02676 0.01410 0.01627 0.02187 0.01127 0.51418 0.27084 0.84023 2.08457 0.79898 0.24597 0.41861 0.83941 1.28564 1.04555 0.75174 1.15940 2.94513 3.82472 1.38925 3.54786 6.64321 8.12373 8.31696 13.86730 7.29114 3.31825 2.54943 3.50882 2.60223 2.22177 2.61486 2.61348
-9999 -9999 -9999 -9999 -9999 -9999 0.25825 1.06217 0.02784 0.31888 0.72691 -9999 -9999 -9999 -9999 -9999 0.79662 0.56312 0.17484 1.15949 0.75888 0.40368 0.34537 0.46966 1.37414 1.00470 0.26745 0.23828 0.30139 0.96082 0.40932 0.41201 0.05935 0.81176 0.63442 0.81538 0.35128 0.10464 0.01260 0.03434 0.03358 0.08675 0.09569 0.06207 0.74557 0.77722 0.97930 0.86383 1.91012 3.42056 2.05532 2.31962 2.17538 1.95169 3.30989 2.59794 1.76610 1.64535 3.58829 4.02500 5.89701 6.75875 8.84116 12.23630 16.53910 11.26030 4.55084 2.29130 2.00965 2.67975 2.92107 2.44023 5.12306
-9999 -9999 -9999 -9999 -9999 -9999 -9999 -9999 -9999 -9999 -9999 -9999 -9999 -9999 -9999 -9999 -9999 -9999 -9999 0.84077 0.41798 0.01596 0.66499 1.10412 0.85880 0.53065 1.33708 0.15890 0.21930 0.24114 0.41599 0.14431 0.01738 0.09392 0.72715 0.97755 0.08732 0.02785 0.01479 0.06899 0.11742 0.21735 0.13265 0.11263 0.14200 0.05491 0.03511 1.23506 1.27474 0.68087 0.69180 2.38236 3.87808 4.24023 1.56809 1.98639 6.14201 3.21951 4.24724 4.95559 7.88421 6.52989 11.95210 16.58760 18.73020 8.28089 3.92557 2.24619 1.73288 4.29204 4.15125 3.14090 5.52932
-9999 -9999 -9999 -9999 -9999 -9999 -9999 -9999 -9999 -9999 -9999 -9999 -9999 -9999 -9999 -9999 -9999 -9999 0.81918 0.26855 0.18384 0.42142 0.61804 0.85310 0.21968 0.01682 0.10521 0.26882 0.54500 1.02455 1.03858 0.65702 1.01010 0.87256 0.69370 0.57624 0.04690 0.01351 0.02503 0.03164 0.05484 0.07470 0.07111 0.26910 0.29271 3.11495 0.39303 0.01579 0.32047 0.40500 0.50354 2.14184 2.66284 2.25532 3.14759 5.50050 6.09810 8.49163 6.57982 3.76569 2.67989 2.40933 6.19121 11.43150 11.17380 6.39186 4.07840 2.09313 2.16296 1.27992 1.64802 5.93414 2.42554
-9999 -9999 -9999 -9999 -9999 -9999 -9999 -9999 -9999 -9999 -9999 -9999 -9999 -9999 -9999 -9999 -9999 0.68915 0.35633 0.33821 0.47226 0.38050 0.26044 0.15254 0.01358 0.00090 0.08783 0.09393 0.59347 0.49961 0.67475 0.42435 0.43288 1.13387 0.35869 0.86911 1.32911 0.04238 0.02843 0.04674 0.10700 1.11777 0.15961 2.29812 0.37764 0.47736 3.18006 0.51332 0.14937 0.49364 0.62678 2.07830 1.07867 1.13270 1.65444 1.93721 6.16838 9.17094 9.41755 4.57399 2.09983 2.51885 9.60388 14.20760 10.59950 8.45969 5.38514 3.98947 2.07103 1.75676 5.37042 4.94773 4.90423
-9999 -9999 -9999 -9999 -9999 -9999 -9999 -9999 -9999 -9999 -9999 -9999 -9999 -9999 -9999 -9999 -9999 0.50827 0.72542 1.10537 0.36441 0.20380 0.13945 0.00062 0.00017 0.00167 0.00055 0.00144 0.00088 0.11704 0.09520 0.08715 0.16603 0.24132 0.35577 0.51067 0.89534 0.05628 0.25499 0.07559 0.06416 0.05463 1.14722 0.16695 1.82003 2.17307 2.03768 0.01494 0.01240 0.13173 0.54272 2.46451 2.81966 3.38827 3.97979 1.63756 11.11050 8.15808 7.75015 3.56598 5.74343 10.34340 10.66310 13.94990 20.71950 16.12480 10.16190 10.33560 2.43928 0.99722 1.24534 6.50545 10.55230
-9999 -9999 -9999 -9999 -9999 -9999 -9999 -9999 -9999 -9999 -9999 -9999 -9999 -9999 -9999 -9999 0.11210 0.21262 1.25303 0.17667 0.09637 0.00061 0.00022 0.00045 0.00002 0.00046 0.00037 0.00037 0.00024 0.00018 0.00016 0.00012 0.11162 0.06373 0.06700 0.14623 0.36356 0.70310 0.19979 0.05331 0.03946 0.06168 1.67085 1.33713 0.09541 1.30857 1.88522 0.01328 0.01670 0.10468 0.46785 1.65374 1.65260 2.26217 2.39180 1.02016 1.49939 9.07051 5.01994 4.56364 4.35405 6.40133 9.22235 16.54780 12.67020 13.54470 9.84975 8.59676 4.57849 1.70728 3.21803 7.69265 10.49080
-9999 -9999 -9999 -9999 -9999 -9999 -9999 -9999 -9999 -9999 -9999 -9999 -9999 0.78276 0.74970 0.14292 0.28136 0.70891 1.03731 0.12727 0.00324 0.03181 0.00791 0.00159 0.00128 0.00049 0.00072 0.00000 0.00000 0.00000 0.05072 0.18946 0.00004 0.00004 0.04797 0.01745 0.06025 0.08458 0.00319 0.00139 0.00049 0.22213 0.17649 0.00002 0.17512 0.09168 0.14649 0.18007 0.21522 0.35919 0.47344 0.41771 0.29636 0.26390 0.67117 1.30152 1.05438 1.16393 0.83826 1.23535 1.24927 2.38578 3.16632 6.29185 6.06785 4.82888 5.64340 6.13093 7.78007 4.68997 8.38341 16.52200 19.90560
-9999 -9999 -9999 -9999 -9999 -9999 -9999 -9999 -9999 -9999 -9999 -9999 0.13874 0.52713 0.52543 0.36085 0.56002 0.00928 0.00393 0.00055 0.00070 0.00092 0.00139 0.00120 0.00179 0.00030 0.00009 0.00000 0.00755 0.02873 0.00314 0.01709 0.03382 0.07214 0.07884 0.01818 0.00000 0.00006 0.00184 0.00032 0.00044 0.00008 0.19811 0.15433 0.03704 0.05274 0.08286 0.12730 0.15286 0.12889 0.14703 0.02416 0.25359 0.02567 0.50044 0.53128 0.77728 0.60712 1.09192 2.36749 2.05751 2.58074 3.49722 5.63495 6.66953 4.74273 6.13172 8.40429 8.77758 9.79248 21.95230 20.64150 22.93130
-9999 -9999 -9999 -9999 -9999 -9999 -9999 -9999 -9999 -9999 -9999 1.28243 0.03142 0.53894 0.00245 0.00054 0.00009 0.00033 0.00080 0.00027 0.00029 0.00004 0.00005 0.00039 0.00050 0.00000 0.05185 0.04455 0.01766 0.06123 0.00463 0.00000 0.00000 0.00000 0.00000 0.04628 0.00030 0.00125 0.00297 0.00053 0.00014 0.17555 0.08013 0.03257 0.02353 0.04744 0.04607 0.08254 0.16531 0.26169 0.28252 0.20826 0.15862 1.03953 0.29073 0.20570 0.71854 0.27595 0.34458 0.97909 1.11179 1.31209 1.67636 2.48499 4.17366 6.07950 5.63737 6.38667 6.95820 15.52110 29.39590 37.11780 31.02620
-9999 -9999 -9999 -9999 -9999 -9999 -9999 -9999 -9999 -9999 0.06155 0.00673 0.00073 0.00326 0.00237 0.00038 0.00008 0.00003 0.00008 0.00002 0.00002 0.00000 0.00000 0.00008 0.00000 0.00000 0.00000 0.04927 0.01488 0.00000 0.00000 0.00000 0.00000 0.06002 0.01420 0.05394 0.00105 0.00321 0.00405 0.00068 0.19072 0.04335 0.00886 0.00605 0.00790 0.05679 0.05681 0.05281 0.14010 0.19338 0.37633 0.23376 0.88935 0.18997 0.18586 0.16457 1.03512 1.11956 0.62839 0.59886 1.15575 1.73479 1.94698 3.68471 4.57015 7.22882 4.36249 6.64899 14.19430 27.67590 36.76640 29.98600 33.89660
-9999 -9999 -9999 -9999 -9999 -9999 -9999 -9999 -9999 0.00000 0.00000 0.00000 0.00008 0.00029 0.00015 0.00011 0.00000 0.00000 0.00000 0.00000 0.00000 0.00000 0.00000 0.00000 0.00000 0.00000 0.00000 0.00000 0.00000 0.00000 0.00000 0.00000 0.00000 0.00000 0.02545 0.14312 0.01016 0.00363 0.00074 0.13364 0.01529 0.00483 0.00791 0.71440 0.00835 0.35332 0.02448 0.09313 0.08406 0.12009 0.17784 0.69637 0.24292 2.90063 1.53369 0.37949 0.30543 0.40600 0.47455 0.69423 1.36599 1.97869 1.78547 2.48864 2.37904 3.50204 5.22466 18.68420 34.15860 46.20620 46.73120 42.48490 43.47530
-9999 -9999 -9999 -9999 -9999 -9999 -9999 -9999 -9999 -9999 0.00000 0.00000 0.00000 0.00000 0.00000 0.00000 0.00000 0.00000 0.00000 0.00000 0.00000 0.00000 0.00000 -9999 -9999 -9999 -9999 -9999 -9999 0.00000 0.00000 0.00000 0.00000 0.00000 0.00000 0.10540 0.25737 0.00033 0.00024 0.14259 0.02984 0.03157 0.43472 0.34608 0.63361 0.34367 0.46409 0.10535 0.18076 0.19447 0.35393 0.05552 0.20033 1.13328 2.38895 0.37606 0.32782 0.42751 0.34671 0.64092 1.09647 1.38266 0.76599 2.09605 3.57928 4.61981 9.02486 25.19370 50.15570 54.45710 59.65120 48.84800 46.29090
-9999 -9999 -9999 -9999 -9999 -9999 -9999 -9999 -9999 -9999 -9999 -9999 0.00000 0.00000 0.00000 0.00000 0.00000 0.00000 0.00000 -9999 -9999 -9999 -9999 -9999 -9999 -9999 -9999 -9999 -9999 -9999 -9999 -9999 -9999 0.00000 0.04045 0.05669 0.04689 0.07098 0.00021 0.00136 0.10124 0.02648 0.06421 0.03871 0.04110 0.63468 0.46167 0.03482 0.04751 0.06522 0.10432 1.09480 1.30594 1.55290 0.91761 0.28574 0.48926 0.41458 0.06782 0.59656 1.36095 1.33574 2.33908 1.18249 2.82712 5.48544 12.94810 30.42290 42.41000 41.14640 43.95210 39.93610 -9999
-9999 -9999 -9999 -9999 -9999 -9999 -9999 -9999 -9999 -9999 -9999 -9999 -9999 -9999 -9999 -9999 -9999 -9999 -9999 -9999 -9999 -9999 -9999 -9999 -9999 -9999 -9999 -9999 -9999 -9999 -9999 -9999 -9999 -9999 0.04266 0.02479 0.02557 0.02543 0.00009 0.06302 0.06367 0.01440 0.84710 0.29258 0.38277 0.51171 0.08831 0.02629 0.08574 0.08885 0.18379 0.97454 0.69290 1.39667 1.65151 0.59374 0.33083 0.61819 0.55139 0.84861 1.21098 1.51725 1.13286 1.34337 2.59457 5.37552 14.97540 33.91380 44.56410 40.76820 34.62700 -9999 -9999
-9999 -9999 -9999 -9999 -9999 -9999 -9999 -9999 -9999 -9999 -9999 -9999 -9999 -9999 -9999 -9999 -9999 -9999 -9999 -9999 -9999 -9999 -9999 -9999 -9999 -9999 -9999 -9999 -9999 -9999 -9999 -9999 -9999 -9999 0.03520 0.01842 0.02730 0.14927 0.00178 0.01084 0.00548 0.36699 0.30788 0.01502 0.10015 0.02367 0.02869 0.03079 0.05418 0.10834 0.19366 0.14526 0.45612 1.13235 1.15675 0.47719 0.40317 0.31444 0.33217 0.83351 1.83966 2.49174 2.15103 1.79292 3.55405 13.41770 17.27310 28.80230 41.25920 34.08720 -9999 -9999 -9999
-9999 -9999 -9999 -9999 -9999 -9999 -9999 -9999 -9999 -9999 -9999 -9999 -9999 -9999 -9999 -9999 -9999 -9999 -9999 -9999 -9999 -9999 -9999 -9999 -9999 -9999 -9999 -9999 -9999 -9999 -9999 -9999 -9999 -9999 -9999 -9999 -9999 -9999 0.03973 0.01018 0.00461 0.00744 0.16115 0.19046 0.01004 0.03415 0.08328 0.03818 0.05506 0.12282 0.08474 0.24568 0.20534 0.77145 1.03198 0.26483 0.01148 0.02230 0.29549 0.81507 1.78633 1.20177 1.76956 3.20675 10.19630 16.36550 22.64760 26.04660 23.88260 -9999 -9999 -9999 -9999
