data/hydroclimate-scenarios/1948-2000.Pcorr55N_Pref_Tref/monthly_summaries/baseflow_monthly_tot_oct.1950-2000.asc
ncols	311
nrows	91
xllcenter	102.75
yllcenter	31.75
cellsize	0.5
NODATA_value	-9999
[rows 0 to 31 of 91, columns 0 to 71 of 311]
-9999 -9999 -9999 -9999 -9999 -9999 -9999 -9999 -9999 -9999 -9999 -9999 -9999 -9999 -9999 -9999 -9999 -9999 -9999 -9999 -9999 -9999 -9999 -9999 -9999 -9999 -9999 -9999 -9999 -9999 -9999 -9999 -9999 -9999 -9999 -9999 -9999 -9999 -9999 -9999 -9999 -9999 -9999 -9999 -9999 -9999 -9999 -9999 -9999 -9999 -9999 -9999 -9999 -9999 -9999 -9999 -9999 -9999 -9999 -9999 -9999 -9999 -9999 -9999 -9999 -9999 -9999 -9999 -9999 -9999 -9999 -9999
-9999 -9999 -9999 -9999 -9999 -9999 -9999 -9999 -9999 -9999 -9999 -9999 -9999 -9999 -9999 -9999 -9999 -9999 -9999 -9999 -9999 -9999 -9999 -9999 -9999 -9999 -9999 -9999 -9999 -9999 -9999 -9999 -9999 -9999 -9999 -9999 -9999 -9999 -9999 -9999 -9999 -9999 -9999 -9999 -9999 -9999 -9999 -9999 -9999 -9999 -9999 -9999 -9999 -9999 -9999 -9999 -9999 -9999 -9999 -9999 -9999 -9999 -9999 -9999 -9999 -9999 -9999 -9999 -9999 -9999 -9999 -9999
-9999 -9999 -9999 -9999 -9999 -9999 -9999 -9999 -9999 -9999 -9999 -9999 -9999 -9999 -9999 -9999 -9999 -9999 -9999 -9999 -9999 -9999 -9999 -9999 -9999 -9999 -9999 -9999 -9999 -9999 -9999 -9999 -9999 -9999 -9999 -9999 -9999 -9999 -9999 -9999 -9999 -9999 -9999 -9999 -9999 -9999 -9999 -9999 -9999 -9999 -9999 -9999 -9999 -9999 -9999 -9999 -9999 -9999 -9999 -9999 -9999 -9999 -9999 -9999 -9999 -9999 -9999 -9999 -9999 -9999 -9999 -9999
-9999 -9999 -9999 -9999 -9999 -9999 -9999 -9999 -9999 -9999 -9999 -9999 -9999 -9999 -9999 -9999 -9999 -9999 -9999 -9999 -9999 -9999 -9999 -9999 -9999 -9999 -9999 -9999 -9999 -9999 -9999 -9999 -9999 -9999 -9999 -9999 -9999 -9999 -9999 -9999 -9999 -9999 -9999 -9999 -9999 -9999 -9999 -9999 -9999 -9999 -9999 -9999 -9999 -9999 -9999 -9999 -9999 -9999 -9999 -9999 -9999 -9999 -9999 -9999 -9999 -9999 -9999 -9999 -9999 -9999 -9999 -9999
-9999 -9999 -9999 -9999 -9999 -9999 -9999 -9999 -9999 -9999 -9999 -9999 -9999 -9999 -9999 -9999 -9999 -9999 -9999 -9999 -9999 -9999 -9999 -9999 -9999 -9999 -9999 -9999 -9999 -9999 -9999 -9999 -9999 -9999 -9999 -9999 -9999 -9999 -9999 -9999 -9999 -9999 -9999 -9999 -9999 -9999 -9999 -9999 -9999 -9999 -9999 -9999 -9999 -9999 -9999 -9999 -9999 -9999 -9999 -9999 -9999 -9999 -9999 -9999 -9999 -9999 -9999 -9999 -9999 -9999 -9999 -9999
-9999 -9999 -9999 -9999 -9999 -9999 -9999 -9999 -9999 -9999 -9999 -9999 -9999 -9999 -9999 -9999 -9999 -9999 -9999 -9999 -9999 -9999 -9999 -9999 -9999 -9999 -9999 -9999 -9999 -9999 -9999 -9999 -9999 -9999 -9999 -9999 -9999 -9999 -9999 -9999 -9999 -9999 -9999 -9999 -9999 -9999 -9999 -9999 -9999 -9999 -9999 -9999 -9999 -9999 -9999 -9999 -9999 -9999 -9999 -9999 -9999 -9999 -9999 -9999 -9999 -9999 -9999 -9999 -9999 -9999 -9999 -9999
-9999 -9999 -9999 -9999 -9999 -9999 -9999 -9999 -9999 -9999 -9999 -9999 -9999 -9999 -9999 -9999 -9999 -9999 -9999 -9999 -9999 -9999 -9999 -9999 -9999 -9999 -9999 -9999 -9999 -9999 -9999 -9999 -9999 -9999 -9999 -9999 -9999 -9999 -9999 -9999 -9999 -9999 -9999 -9999 -9999 -9999 -9999 -9999 -9999 -9999 -9999 -9999 -9999 -9999 -9999 -9999 -9999 -9999 -9999 -9999 -9999 -9999 -9999 -9999 -9999 -9999 -9999 -9999 -9999 -9999 -9999 -9999
-9999 -9999 -9999 -9999 -9999 -9999 -9999 -9999 -9999 -9999 -9999 -9999 -9999 -9999 -9999 -9999 -9999 -9999 -9999 -9999 -9999 -9999 -9999 -9999 -9999 -9999 -9999 -9999 -9999 -9999 -9999 -9999 -9999 -9999 -9999 -9999 -9999 -9999 -9999 -9999 -9999 -9999 0.53407 0.55812 0.73467 0.42375 0.43843 0.27867 0.17381 0.27579 0.24185 0.14592 -9999 -9999 -9999 -9999 -9999 -9999 -9999 -9999 -9999 -9999 -9999 -9999 -9999 -9999 -9999 -9999 -9999 -9999 -9999 -9999
-9999 -9999 -9999 -9999 -9999 -9999 -9999 -9999 -9999 -9999 -9999 -9999 -9999 -9999 -9999 -9999 -9999 -9999 -9999 -9999 -9999 -9999 -9999 -9999 -9999 -9999 -9999 -9999 -9999 -9999 -9999 -9999 -9999 -9999 -9999 -9999 -9999 -9999 0.39743 0.91939 0.65318 0.80077 0.85558 0.83468 0.94235 0.54456 0.39221 0.16868 0.18389 0.26833 0.19567 1.83072 0.71916 1.10496 -9999 -9999 -9999 -9999 -9999 -9999 -9999 -9999 -9999 -9999 -9999 -9999 -9999 -9999 -9999 -9999 -9999 -9999
-9999 -9999 -9999 -9999 -9999 -9999 -9999 -9999 -9999 -9999 -9999 -9999 -9999 -9999 -9999 -9999 -9999 -9999 -9999 -9999 -9999 -9999 -9999 -9999 -9999 -9999 -9999 -9999 -9999 -9999 -9999 -9999 -9999 -9999 -9999 -9999 -9999 -9999 -9999 -9999 0.38263 0.52990 0.77237 0.95632 0.88789 1.04065 0.84084 0.50856 0.31464 0.26712 0.26377 0.42107 0.64925 0.93185 -9999 -9999 -9999 -9999 -9999 -9999 -9999 -9999 -9999 -9999 -9999 -9999 -9999 -9999 -9999 -9999 -9999 -9999
-9999 -9999 -9999 -9999 -9999 -9999 -9999 -9999 -9999 -9999 -9999 -9999 -9999 -9999 -9999 -9999 -9999 -9999 -9999 -9999 -9999 -9999 -9999 -9999 -9999 -9999 -9999 -9999 -9999 -9999 -9999 -9999 -9999 -9999 -9999 -9999 -9999 -9999 -9999 -9999 -9999 -9999 -9999 -9999 1.12312 1.52932 1.88223 2.35452 0.65498 0.90539 1.43342 1.49197 0.21082 1.37169 -9999 -9999 -9999 -9999 -9999 -9999 0.00278 -9999 -9999 -9999 -9999 -9999 -9999 -9999 -9999 -9999 -9999 -9999
-9999 -9999 -9999 -9999 -9999 -9999 -9999 -9999 -9999 -9999 -9999 -9999 -9999 -9999 -9999 -9999 -9999 -9999 -9999 -9999 -9999 -9999 -9999 -9999 -9999 -9999 -9999 -9999 -9999 -9999 -9999 -9999 -9999 -9999 -9999 -9999 -9999 -9999 -9999 -9999 -9999 1.26521 1.42766 1.39634 1.39340 1.48182 1.80961 1.94908 1.71543 1.14231 1.59491 1.56619 0.10628 0.83946 -9999 -9999 -9999 -9999 -9999 0.00208 0.00164 0.00078 0.00072 0.00047 0.00058 0.00028 0.00052 0.00073 0.00088 0.00047 0.00035 0.00219
-9999 -9999 -9999 -9999 -9999 -9999 -9999 -9999 -9999 -9999 -9999 -9999 -9999 -9999 -9999 -9999 -9999 -9999 -9999 -9999 -9999 -9999 -9999 -9999 -9999 -9999 -9999 -9999 -9999 -9999 -9999 -9999 -9999 -9999 -9999 -9999 -9999 -9999 -9999 -9999 -9999 1.42315 1.82425 1.54235 1.30479 1.00945 2.44890 2.86072 1.23785 0.95085 0.87242 1.24815 0.46001 0.82153 0.56810 0.15882 0.08089 -9999 0.00332 0.00238 0.00157 0.00116 0.00070 0.00090 0.00134 0.00484 0.00448 0.00313 0.00461 0.00102 0.00053 0.00226
-9999 -9999 -9999 -9999 -9999 -9999 -9999 -9999 -9999 -9999 -9999 -9999 -9999 -9999 -9999 -9999 -9999 -9999 -9999 -9999 -9999 -9999 -9999 -9999 -9999 -9999 -9999 -9999 -9999 -9999 -9999 -9999 -9999 -9999 -9999 0.54304 0.26455 0.56499 0.67728 0.82636 0.85060 1.10224 1.41071 1.18393 2.98394 1.60660 0.77802 0.86192 1.09891 0.77464 1.10763 0.88361 2.18520 1.92863 0.49378 0.60170 0.21369 0.00952 0.00576 0.00206 0.00065 0.00039 0.00072 0.01654 0.00507 0.00861 0.00934 0.00277 0.00287 0.00000 0.00000 0.00000
-9999 -9999 -9999 -9999 -9999 -9999 -9999 -9999 -9999 -9999 -9999 -9999 -9999 -9999 -9999 -9999 -9999 -9999 -9999 -9999 -9999 -9999 -9999 -9999 -9999 -9999 -9999 -9999 -9999 -9999 -9999 -9999 -9999 -9999 0.27619 0.06176 0.15749 0.19623 0.43028 0.55453 0.60515 0.80774 0.81000 2.16701 0.87209 0.70489 0.80514 0.93065 1.16941 1.73306 3.31738 2.63308 4.23370 2.75463 2.20141 1.21145 0.09532 0.05606 0.01063 0.00380 0.00603 0.02849 0.01971 0.11089 0.01286 0.00673 0.00424 0.01747 0.07917 0.04974 0.13074 0.08722
-9999 -9999 -9999 -9999 -9999 -9999 -9999 -9999 -9999 -9999 -9999 -9999 -9999 -9999 -9999 -9999 -9999 -9999 -9999 -9999 -9999 -9999 -9999 -9999 -9999 -9999 -9999 -9999 -9999 -9999 -9999 -9999 -9999 0.26599 0.34662 0.08011 0.10969 0.20404 0.35131 0.40227 0.48139 0.88537 4.23341 2.29448 0.99966 0.82663 0.93746 1.04860 2.49721 3.01720 3.44001 4.40826 4.62091 3.09720 1.11670 1.04132 0.63049 0.02059 0.00908 0.01840 0.02435 0.01043 0.00583 0.00494 0.01206 0.01253 0.00968 0.02933 0.04264 0.02252 0.00949 0.11385
-9999 -9999 -9999 -9999 -9999 -9999 -9999 -9999 -9999 -9999 -9999 -9999 -9999 -9999 -9999 -9999 -9999 -9999 -9999 -9999 -9999 -9999 -9999 -9999 -9999 -9999 -9999 -9999 -9999 -9999 -9999 0.24921 0.03408 0.03648 0.03958 0.05553 0.09070 0.22277 0.30980 0.36777 0.52060 0.61450 1.49913 0.66742 0.93711 1.24540 0.75295 0.35743 1.32035 2.69465 3.12662 4.83343 4.52897 3.55635 3.12105 1.61435 0.25693 0.07698 0.11937 0.05275 0.01941 0.00943 0.00694 0.00278 0.00913 0.02291 0.00928 0.00107 0.00088 0.03069 0.21832 0.54460
-9999 -9999 -9999 -9999 -9999 -9999 -9999 -9999 -9999 -9999 -9999 -9999 -9999 -9999 -9999 -9999 -9999 -9999 -9999 -9999 -9999 -9999 -9999 -9999 -9999 -9999 -9999 -9999 -9999 0.02183 0.00662 0.03281 0.04512 0.03711 0.04455 0.04930 0.07828 0.11485 0.24800 0.31254 0.96606 3.24474 0.80035 0.81073 0.80276 1.33946 1.43050 0.67233 2.87484 3.81776 3.60525 4.13066 4.47711 3.16210 3.85549 1.54895 0.10827 0.08352 0.01281 0.00131 0.00585 0.00277 0.00307 0.01020 0.00410 0.00362 0.03668 0.09927 0.13729 0.20458 0.06560 1.06788
-9999 -9999 -9999 -9999 -9999 -9999 -9999 -9999 -9999 -9999 -9999 -9999 -9999 -9999 -9999 -9999 -9999 -9999 -9999 -9999 -9999 -9999 -9999 -9999 0.29201 0.24010 0.16842 0.09110 0.10498 0.04113 0.03950 0.04868 0.06188 0.06362 0.08917 0.11754 0.11753 0.16585 0.25014 0.47427 0.55141 2.76934 0.63188 0.96086 0.89397 0.79770 0.76991 1.44720 2.68781 3.40066 3.58131 5.16041 4.58938 3.41042 1.29031 0.44060 0.10735 0.05229 0.04080 0.00668 0.00331 0.01695 0.00596 0.00021 0.00024 0.00072 0.00105 0.00142 0.00174 0.02083 1.12211 1.28201
-9999 -9999 -9999 -9999 -9999 -9999 0.64259 0.55026 0.52396 0.39249 0.32454 -9999 -9999 -9999 -9999 -9999 -9999 -9999 -9999 -9999 -9999 0.13093 0.38869 0.44210 0.35899 0.32160 0.26182 0.17755 0.13821 0.04345 0.02967 0.06090 0.09215 0.09882 0.12173 0.09821 0.17355 0.10801 0.10801 0.28496 0.30250 0.34616 2.80028 0.69424 0.87924 0.74664 0.69259 1.10600 2.12403 3.23838 4.99602 4.88148 4.59023 2.33188 0.61496 0.19741 0.12163 0.04288 0.02667 0.01106 0.00659 0.02582 0.02123 0.00485 0.01170 0.00031 0.00023 0.00036 0.00047 0.00044 0.02031 0.53788
-9999 -9999 -9999 -9999 -9999 0.11976 0.14199 0.29381 0.10555 0.14585 0.12469 0.29038 0.23831 0.25504 -9999 -9999 -9999 0.10331 0.13539 0.19877 0.23845 0.35284 0.46750 0.32587 0.69570 0.37173 0.18426 0.16108 0.12844 0.14383 0.12660 0.08616 0.10864 0.14795 0.08922 0.20783 0.33117 0.20992 0.25159 0.26340 0.29934 0.26807 2.39381 1.89225 0.44242 0.83961 1.18126 2.73361 2.10053 3.51794 4.40416 3.40409 4.39291 1.71541 0.86895 0.73881 0.25370 0.11507 0.00602 0.04072 0.01484 0.01241 0.02045 0.00085 0.03419 0.13683 0.02645 0.01181 0.00263 0.00858 0.05148 0.81297
-9999 0.25524 0.50904 0.19251 0.29137 0.14570 0.16174 0.13598 0.15110 0.09434 0.13074 0.23360 0.29847 0.21685 0.14179 0.13988 0.08011 0.09139 0.13933 0.07794 0.13711 0.23214 0.31093 0.32627 0.18309 0.21193 0.13899 0.12153 0.11454 0.09602 0.04587 0.02610 0.02464 0.02636 0.03691 0.08845 0.12808 0.08793 0.12727 0.14881 0.15410 0.12902 1.97349 1.73536 0.23095 0.52022 0.75853 1.42168 1.43391 2.39832 2.64116 3.95656 3.72475 3.55586 2.75176 1.59890 0.54472 0.05581 0.06739 0.09495 0.00542 0.09865 0.09641 0.01447 0.09645 0.07486 0.01049 0.09128 0.00947 0.13234 1.06908 2.48118
-9999 0.39424 0.27409 0.21058 0.14333 0.08724 0.04363 0.06788 0.04176 0.08495 0.08768 0.16361 0.31752 0.15900 0.20611 0.24412 0.36653 0.27473 0.25136 0.15545 0.30451 0.40219 0.73298 0.38366 0.22970 0.12145 0.09541 0.05706 0.05019 0.07867 0.04086 0.02633 0.03257 0.03713 0.06507 0.03391 0.03797 0.03065 0.03639 0.13819 0.20005 0.18282 0.15074 2.54823 1.75653 0.12204 0.20739 0.63302 0.91039 1.82120 2.63147 3.13613 4.07638 5.61679 5.85544 2.80236 1.02895 0.45687 0.23849 0.22624 0.18972 0.19416 0.21169 0.05835 0.17400 0.26153 0.33187 0.45410 0.35125 0.78829 0.85527 2.47773
-9999 -9999 -9999 0.90791 0.96919 0.50245 0.32422 0.33151 0.29672 0.33458 0.09309 0.06934 0.05199 0.05790 0.08815 0.16121 0.23163 0.13014 0.13469 0.13074 0.62142 0.67594 0.73095 0.43554 0.20626 0.10854 0.06071 0.02840 0.01659 0.03945 0.03330 0.02245 0.02947 0.05302 0.07187 1.48997 0.02130 0.02751 0.05264 0.19292 0.19127 1.36825 0.69077 1.05353 2.25287 1.82690 2.11238 0.41522 0.56166 0.83956 0.73535 1.88893 3.50588 4.90086 4.25580 3.41695 2.15215 1.24461 1.76062 0.48211 0.31358 0.47763 1.18144 0.35877 0.28997 0.15525 0.06617 0.20280 0.71138 1.87655 2.13245 2.04985
-9999 -9999 -9999 -9999 -9999 -9999 0.36472 0.42121 0.42671 0.04812 0.02143 0.21415 0.21622 0.19015 0.12929 0.04048 0.03457 0.28898 0.23514 0.20769 0.35493 0.52328 0.30700 0.18734 0.12736 0.09696 0.03033 0.02018 1.38217 0.02539 0.01410 0.01602 1.43078 0.66732 1.42047 0.63292 1.87351 1.66365 0.48877 0.44392 0.21414 0.30260 0.29808 0.45291 0.82455 0.89508 2.57563 2.92778 2.74166 2.43576 2.21474 4.40570 4.49958 1.71899 2.78951 3.64709 1.45113 2.04224 2.42447 2.44650 1.38707 1.69333 1.41452 1.12923 1.48511 1.65538 0.38675 0.49974 1.39906 2.23301 4.18696 2.72721
-9999 -9999 -9999 -9999 -9999 -9999 0.17806 0.21589 0.12158 0.22061 0.14064 0.20037 0.16778 0.11962 0.12690 0.29530 0.28421 0.41519 0.44342 0.32330 0.41418 0.38342 0.29259 0.19588 0.16315 0.07431 0.04014 0.02391 0.52310 0.57571 0.88671 0.71055 0.82440 0.76396 1.14368 0.94251 1.48457 1.53599 1.35936 0.45575 0.81033 0.69178 0.39152 0.42807 0.37151 0.69113 1.27540 1.19436 1.09922 2.62266 3.05219 2.96698 3.31871 2.70235 2.02542 0.50585 0.67232 1.18303 0.98049 1.53865 2.55219 2.18863 1.94931 1.88021 1.56677 0.49969 0.28547 0.40606 0.82528 1.60641 4.59129 3.49802
-9999 -9999 -9999 -9999 -9999 -9999 -9999 -9999 -9999 -9999 0.07291 0.20658 0.19605 0.08977 0.10457 0.11915 0.15831 0.21820 0.23863 0.33865 0.33892 0.26498 0.25686 0.20304 0.15996 0.14356 0.10752 0.04079 0.03508 1.91285 1.53156 1.45154 1.75442 0.86152 0.67189 0.84821 0.73206 0.48050 0.37278 0.35434 1.49011 1.11847 0.01124 1.75336 1.46808 1.77163 1.99338 1.67518 1.03930 0.71219 0.71251 0.93093 1.00685 1.96179 1.53269 1.60096 1.42082 0.35340 0.49644 1.10702 0.20043 1.04719 1.15043 0.51429 0.74655 0.43424 0.48435 0.32904 0.98326 1.13530 4.10215 7.00525
-9999 -9999 -9999 -9999 -9999 -9999 -9999 -9999 -9999 -9999 0.10925 0.06357 0.13259 0.07815 0.10184 0.18242 0.18855 0.26460 0.38825 0.49026 0.43913 0.31078 0.31142 0.28821 0.23711 0.12976 0.07651 0.04233 0.03487 1.41176 1.60412 1.36741 1.88150 1.04822 1.97070 2.35785 1.72240 0.04368 0.01877 0.01344 0.00801 0.00686 0.00597 0.01361 0.01126 0.01993 0.02789 0.06416 0.11344 1.22021 0.54218 0.70262 0.68970 0.58740 1.05244 0.27283 0.21886 0.32018 0.22142 0.13761 0.11488 0.12835 0.17458 1.46980 1.35140 1.82801 1.63446 0.14508 0.27671 1.41274 6.12081 5.29467
-9999 -9999 -9999 -9999 -9999 -9999 -9999 -9999 -9999 -9999 -9999 -9999 0.03977 0.11057 0.14978 0.22565 0.26767 0.32744 0.40703 0.21203 0.16986 0.27151 0.24166 0.30672 0.16383 0.09287 0.08484 0.11045 0.11211 0.08477 1.31771 1.23057 1.24710 0.03283 0.04295 0.07073 0.07816 0.12569 0.04959 0.02731 0.01779 0.01183 0.01397 0.01137 0.01080 0.00764 0.01304 0.02524 0.05391 0.05987 1.31555 2.07030 0.78058 1.19501 0.56587 0.16412 0.10047 0.31986 0.27913 0.18744 0.16382 0.13462 0.24354 2.03668 0.91260 0.92147 2.76123 0.08740 0.37385 0.69164 4.38577 8.06008
-9999 -9999 -9999 -9999 -9999 -9999 -9999 -9999 -9999 -9999 -9999 -9999 0.05627 0.06644 0.10089 0.14372 0.28958 0.53990 0.76635 0.41006 0.52347 0.26692 0.34177 0.39601 0.23185 0.15278 0.15832 0.19513 0.16751 0.21731 0.18106 0.06130 0.06104 0.04760 0.04952 0.05062 0.08055 0.11100 0.07295 0.04285 0.02706 0.01142 0.00986 0.01436 0.01652 1.22863 1.30934 1.95298 0.51189 0.54568 2.09318 1.70398 1.19716 0.78489 0.47503 0.08106 0.14378 0.34448 0.35898 0.21238 0.31699 0.25909 0.47059 0.62509 0.78927 2.83023 2.91650 3.24380 2.41827 4.38123 4.13743 4.88326
-9999 -9999 -9999 -9999 -9999 -9999 -9999 -9999 -9999 -9999 -9999 0.08754 0.07706 0.06724 0.09315 0.30034 0.20022 0.23731 0.23298 0.41730 0.15993 0.23712 0.28020 0.33432 0.22343 0.17820 0.27113 0.36184 0.30704 0.16877 0.10875 0.20087 0.17048 0.07786 0.05816 0.03213 0.03886 0.08570 0.09590 0.17111 0.11848 0.05628 0.04503 0.06259 0.04652 0.03120 0.03740 1.67109 1.90907 1.05889 1.08718 1.02612 1.11079 0.47420 0.09691 0.14807 0.22590 0.31523 0.38306 0.50832 0.73394 0.70570 0.98845 0.83408 0.81035 1.37608 1.73713 1.85025 2.60351 3.47183 8.57599 8.39440
-9999 -9999 -9999 -9999 -9999 -9999 -9999 -9999 -9999 -9999 -9999 0.03472 0.07435 0.05789 0.07810 0.23036 0.15330 0.19988 0.37857 0.34541 0.31474 0.40182 0.22050 0.42501 0.35711 0.33981 0.40666 0.39647 0.32385 0.24142 0.20019 0.19141 0.16987 0.09639 0.11195 0.08562 0.05264 0.08505 0.11564 0.11955 0.11181 0.15592 1.80566 2.04218 2.39931 2.63992 2.41121 0.67767 0.11742 0.11466 0.21676 0.26574 0.17391 0.12241 0.06939 0.55936 0.70965 0.97806 1.36722 0.91960 0.54437 1.03006 0.97071 0.59557 0.87209 2.36690 1.04878 2.09447 3.40283 6.44684 5.20441 7.52183
