data/hydroclimate-scenarios/1948-2000.Pcorr55N_Pref_Tref/monthly_summaries/baseflow_monthly_tot_apr.asc
ncols	311
nrows	91
xllcenter	102.75
yllcenter	31.75
cellsize	0.5
NODATA_value	-9999
[rows 0 to 31 of 91, columns 216 to 287 of 311]
-9999 -9999 -9999 -9999 -9999 -9999 -9999 -9999 -9999 -9999 -9999 -9999 -9999 -9999 -9999 -9999 -9999 -9999 -9999 -9999 -9999 -9999 -9999 -9999 -9999 -9999 -9999 -9999 -9999 -9999 -9999 -9999 -9999 -9999 -9999 -9999 -9999 -9999 -9999 -9999 -9999 -9999 -9999 -9999 -9999 -9999 -9999 -9999 -9999 -9999 -9999 -9999 -9999 -9999 -9999 -9999 -9999 -9999 -9999 -9999 -9999 -9999 -9999 -9999 -9999 -9999 -9999 -9999 -9999 -9999 -9999 -9999
-9999 -9999 -9999 -9999 -9999 -9999 -9999 -9999 -9999 -9999 -9999 -9999 -9999 -9999 -9999 -9999 -9999 -9999 -9999 -9999 -9999 -9999 -9999 -9999 -9999 -9999 -9999 -9999 -9999 -9999 -9999 -9999 -9999 -9999 -9999 -9999 -9999 -9999 -9999 -9999 -9999 -9999 -9999 -9999 -9999 -9999 -9999 -9999 -9999 -9999 -9999 -9999 -9999 -9999 -9999 -9999 -9999 -9999 -9999 -9999 -9999 -9999 -9999 -9999 -9999 -9999 -9999 -9999 -9999 -9999 -9999 -9999
-9999 -9999 -9999 -9999 -9999 -9999 -9999 -9999 -9999 -9999 -9999 -9999 -9999 -9999 -9999 -9999 -9999 -9999 -9999 -9999 -9999 -9999 -9999 -9999 -9999 -9999 -9999 -9999 -9999 -9999 -9999 -9999 -9999 -9999 -9999 -9999 -9999 -9999 -9999 -9999 -9999 -9999 -9999 -9999 -9999 -9999 -9999 -9999 -9999 -9999 -9999 -9999 -9999 -9999 -9999 -9999 -9999 -9999 -9999 -9999 -9999 -9999 -9999 -9999 -9999 -9999 -9999 -9999 -9999 -9999 -9999 -9999
-9999 -9999 -9999 -9999 -9999 -9999 -9999 -9999 -9999 -9999 -9999 -9999 -9999 -9999 -9999 -9999 -9999 -9999 -9999 -9999 -9999 -9999 -9999 -9999 -9999 -9999 -9999 -9999 -9999 -9999 -9999 -9999 -9999 -9999 -9999 -9999 -9999 -9999 -9999 -9999 -9999 -9999 -9999 -9999 -9999 -9999 -9999 -9999 -9999 -9999 -9999 -9999 -9999 -9999 -9999 -9999 -9999 -9999 -9999 -9999 -9999 -9999 -9999 -9999 -9999 -9999 -9999 -9999 -9999 -9999 -9999 -9999
-9999 -9999 -9999 -9999 -9999 -9999 -9999 -9999 -9999 -9999 -9999 -9999 -9999 -9999 -9999 -9999 -9999 -9999 -9999 -9999 -9999 -9999 -9999 -9999 -9999 -9999 -9999 -9999 -9999 -9999 -9999 -9999 -9999 -9999 -9999 -9999 -9999 -9999 -9999 -9999 -9999 -9999 -9999 -9999 -9999 -9999 -9999 -9999 -9999 -9999 -9999 -9999 -9999 -9999 -9999 -9999 -9999 -9999 -9999 -9999 -9999 -9999 -9999 -9999 -9999 -9999 -9999 -9999 -9999 -9999 -9999 -9999
-9999 -9999 -9999 -9999 -9999 -9999 -9999 -9999 -9999 -9999 -9999 -9999 -9999 -9999 -9999 -9999 -9999 -9999 -9999 -9999 -9999 -9999 -9999 -9999 -9999 -9999 -9999 -9999 -9999 -9999 -9999 -9999 -9999 -9999 -9999 -9999 -9999 -9999 -9999 -9999 -9999 -9999 -9999 -9999 -9999 -9999 -9999 -9999 -9999 -9999 -9999 -9999 -9999 -9999 -9999 -9999 -9999 -9999 -9999 -9999 -9999 -9999 -9999 -9999 -9999 -9999 -9999 -9999 -9999 -9999 -9999 -9999
-9999 -9999 -9999 -9999 -9999 -9999 -9999 -9999 -9999 -9999 -9999 -9999 -9999 -9999 -9999 -9999 -9999 -9999 -9999 -9999 -9999 -9999 -9999 -9999 -9999 -9999 -9999 -9999 -9999 -9999 -9999 -9999 -9999 -9999 -9999 -9999 -9999 -9999 -9999 -9999 -9999 -9999 -9999 -9999 -9999 -9999 -9999 -9999 -9999 -9999 -9999 -9999 -9999 -9999 -9999 -9999 -9999 -9999 -9999 -9999 -9999 -9999 -9999 -9999 -9999 -9999 -9999 -9999 -9999 -9999 -9999 -9999
-9999 -9999 -9999 -9999 -9999 -9999 -9999 -9999 -9999 -9999 -9999 -9999 -9999 -9999 -9999 -9999 -9999 -9999 -9999 -9999 -9999 -9999 -9999 -9999 -9999 -9999 -9999 -9999 -9999 -9999 -9999 -9999 -9999 -9999 -9999 -9999 -9999 -9999 -9999 -9999 -9999 -9999 -9999 -9999 -9999 -9999 -9999 -9999 -9999 -9999 -9999 -9999 -9999 -9999 -9999 -9999 -9999 -9999 -9999 -9999 -9999 -9999 -9999 -9999 -9999 -9999 -9999 -9999 -9999 -9999 -9999 -9999
-9999 -9999 -9999 -9999 -9999 -9999 -9999 -9999 -9999 -9999 -9999 -9999 -9999 -9999 -9999 -9999 -9999 -9999 -9999 -9999 -9999 -9999 -9999 -9999 -9999 -9999 -9999 -9999 -9999 -9999 -9999 -9999 -9999 -9999 -9999 -9999 -9999 -9999 -9999 -9999 -9999 -9999 -9999 -9999 -9999 -9999 -9999 -9999 -9999 -9999 -9999 -9999 -9999 -9999 -9999 -9999 -9999 -9999 -9999 -9999 -9999 -9999 -9999 -9999 -9999 -9999 -9999 -9999 -9999 -9999 -9999 -9999
-9999 -9999 -9999 -9999 -9999 -9999 -9999 -9999 -9999 -9999 -9999 -9999 -9999 -9999 -9999 -9999 -9999 -9999 -9999 -9999 -9999 -9999 -9999 -9999 -9999 -9999 -9999 -9999 -9999 -9999 -9999 -9999 -9999 -9999 -9999 -9999 -9999 -9999 -9999 -9999 -9999 -9999 -9999 -9999 -9999 -9999 -9999 -9999 -9999 -9999 -9999 -9999 -9999 -9999 -9999 -9999 -9999 -9999 -9999 -9999 -9999 -9999 -9999 -9999 -9999 -9999 -9999 -9999 -9999 -9999 -9999 -9999
-9999 -9999 -9999 -9999 -9999 -9999 -9999 -9999 -9999 -9999 -9999 -9999 -9999 -9999 -9999 -9999 -9999 -9999 -9999 -9999 -9999 -9999 -9999 -9999 -9999 -9999 -9999 -9999 -9999 -9999 -9999 -9999 -9999 -9999 -9999 -9999 -9999 -9999 -9999 -9999 -9999 -9999 -9999 -9999 -9999 -9999 -9999 -9999 -9999 -9999 -9999 -9999 -9999 -9999 -9999 -9999 -9999 -9999 -9999 -9999 -9999 -9999 -9999 -9999 -9999 -9999 -9999 -9999 -9999 -9999 -9999 -9999
-9999 -9999 -9999 -9999 -9999 -9999 -9999 -9999 -9999 -9999 -9999 -9999 -9999 -9999 -9999 -9999 -9999 -9999 -9999 -9999 -9999 -9999 -9999 -9999 -9999 -9999 -9999 -9999 -9999 -9999 -9999 -9999 -9999 -9999 -9999 -9999 -9999 -9999 -9999 -9999 -9999 -9999 -9999 -9999 -9999 -9999 -9999 -9999 -9999 -9999 -9999 -9999 -9999 -9999 -9999 -9999 -9999 -9999 -9999 -9999 -9999 -9999 -9999 -9999 -9999 -9999 -9999 -9999 -9999 -9999 -9999 -9999
-9999 -9999 -9999 -9999 -9999 -9999 -9999 -9999 -9999 -9999 -9999 -9999 -9999 -9999 -9999 -9999 -9999 -9999 -9999 -9999 -9999 -9999 -9999 -9999 -9999 -9999 -9999 -9999 -9999 -9999 -9999 -9999 -9999 -9999 -9999 -9999 -9999 -9999 -9999 -9999 -9999 -9999 -9999 -9999 -9999 -9999 -9999 -9999 -9999 -9999 -9999 -9999 -9999 -9999 -9999 -9999 -9999 -9999 -9999 -9999 -9999 -9999 -9999 -9999 -9999 -9999 -9999 -9999 -9999 -9999 -9999 -9999
0.06852 0.04764 0.06973 -9999 -9999 -9999 -9999 -9999 -9999 -9999 -9999 -9999 -9999 -9999 -9999 -9999 -9999 -9999 -9999 -9999 -9999 -9999 -9999 -9999 -9999 -9999 -9999 -9999 -9999 -9999 -9999 -9999 -9999 -9999 -9999 -9999 -9999 -9999 -9999 -9999 -9999 -9999 -9999 -9999 0.26190 -9999 -9999 -9999 -9999 -9999 -9999 -9999 -9999 -9999 -9999 -9999 -9999 -9999 -9999 -9999 -9999 -9999 -9999 -9999 -9999 -9999 -9999 -9999 -9999 -9999 -9999 -9999
0.04364 0.03834 0.04682 0.01598 0.02049 0.04525 0.09763 0.09515 0.28054 0.29359 0.37418 0.35416 0.34536 0.36393 0.24338 1.52142 -9999 -9999 -9999 -9999 -9999 -9999 -9999 -9999 -9999 -9999 -9999 -9999 -9999 -9999 -9999 -9999 -9999 -9999 -9999 -9999 -9999 -9999 -9999 0.03713 0.01902 0.00222 0.04886 0.12273 0.12740 0.14211 -9999 -9999 -9999 0.56389 -9999 -9999 -9999 0.51328 0.59365 0.65745 -9999 -9999 -9999 -9999 -9999 -9999 -9999 -9999 -9999 -9999 -9999 -9999 -9999 -9999 -9999 -9999
0.01912 0.01794 0.02121 0.00484 0.01813 0.10213 0.21826 0.26732 0.62113 0.65122 0.88904 0.96289 0.84661 0.72659 0.66130 0.34149 0.28219 0.24553 0.32152 0.40358 0.45009 0.23022 -9999 -9999 -9999 -9999 -9999 0.12467 0.08289 0.07098 0.12763 0.16737 0.18676 0.06020 0.01202 0.00836 0.00424 0.00195 0.00356 0.02718 0.04168 0.09143 0.10724 0.24890 0.33352 0.24526 0.32285 0.39527 0.46455 0.53679 0.55525 0.52087 0.54903 0.63724 0.74763 1.05043 1.03600 0.90423 0.75088 0.83217 0.71349 -9999 -9999 -9999 -9999 -9999 -9999 -9999 -9999 -9999 -9999 -9999
0.49314 0.34884 0.46858 0.53042 0.90189 1.04073 1.01023 0.99177 1.20847 0.95022 1.40204 1.00026 1.10523 0.55536 0.39929 0.19292 0.15218 0.37132 0.28451 0.81566 0.50074 0.39628 0.42281 0.31709 0.28070 0.20489 0.12608 0.07300 0.10730 0.07364 0.07709 0.02225 0.02354 0.02842 0.01472 0.00978 0.00919 0.00426 0.00781 0.03012 0.05606 0.12406 0.12738 0.16123 0.17619 0.21217 0.24706 0.31664 0.38811 0.44490 0.47131 0.51392 0.50744 0.46559 0.50579 0.54871 0.56282 0.62788 0.66734 0.80694 0.97988 0.91497 0.87893 0.74159 0.71360 0.68837 0.67829 0.65070 0.55442 -9999 -9999 -9999
1.18977 1.21802 1.59559 0.94942 0.57684 0.56468 0.25008 0.02111 0.00746 0.13020 0.03470 0.00188 0.00052 0.00093 0.00103 0.24196 0.22199 0.26546 0.35248 0.55636 0.82698 0.17705 0.27420 0.58951 0.28659 0.23941 0.19466 0.15108 0.15489 0.06820 0.07980 0.01989 0.02078 0.03660 0.03721 0.03815 0.02695 0.00967 0.01467 0.03711 0.03150 0.04181 0.05979 0.08454 0.09996 0.11959 0.12475 0.16752 0.22797 0.27382 0.39957 0.39821 0.42208 0.40583 0.39086 0.43765 0.42744 0.47517 0.48975 0.74350 0.83267 0.68817 0.72238 0.69270 0.75775 0.78075 0.77354 0.75737 0.60228 -9999 0.30353 -9999
0.89067 0.92511 0.28792 0.15720 0.04794 0.00463 0.00604 0.01253 0.02068 0.00125 0.00682 0.00212 0.00782 0.01240 0.00430 0.11089 0.06723 0.25346 0.47981 0.83688 0.38052 0.11553 0.12486 0.34424 0.47964 0.33774 0.22449 0.10449 0.09482 0.06086 0.01133 0.01031 0.01086 0.01604 0.03909 0.01953 0.02072 0.00412 0.00621 0.00848 0.01164 0.01698 0.04673 0.10321 0.09003 0.07746 0.09375 0.12639 0.16616 0.21450 0.22637 0.26241 0.32994 0.33272 0.38366 0.39530 0.39292 0.34825 0.39156 0.69983 0.74257 0.79247 0.87668 0.60315 0.63922 0.66485 0.65086 0.72953 0.74398 0.57509 -9999 -9999
0.98307 0.63113 0.51846 0.14294 0.20060 0.11994 0.03085 0.02324 0.00892 0.01625 0.00551 0.01517 0.01222 0.00896 0.01348 1.15133 0.68016 0.29337 0.50999 0.22478 0.24370 0.09204 0.08917 0.10022 0.09057 0.24847 0.16001 0.04573 0.04355 0.04851 0.03090 0.78341 0.71579 0.76139 0.77574 0.75513 0.80041 0.76533 0.73221 0.71258 0.70985 0.69962 0.77258 0.71363 0.77272 0.88070 0.95089 1.01084 0.19977 0.29370 0.33325 0.10847 0.13382 0.18562 0.23208 0.38320 0.47337 0.40150 1.26868 1.31847 1.30674 1.29825 1.32373 1.50162 0.55910 0.44400 0.94437 0.99759 0.68833 0.75237 0.49125 -9999
2.03646 1.13946 0.44487 0.10279 0.13176 0.03086 0.01999 0.00608 0.00491 0.00581 0.00451 0.00225 0.01088 0.03440 0.03489 0.35845 0.14767 0.03059 0.05246 0.06687 0.04275 0.01482 0.06440 0.11690 0.11684 0.07010 0.07507 0.04226 0.02952 0.07669 0.06460 0.06668 0.00735 0.00107 0.00672 0.03349 0.02498 1.02048 0.98285 0.86207 0.78786 0.78875 0.78643 0.77677 0.79855 0.92831 0.96906 0.99777 1.02144 0.99053 0.99305 0.95029 0.95516 0.89413 0.92154 1.01733 0.98305 0.32826 1.24962 1.07112 1.13687 1.19699 1.24344 0.52053 0.65995 0.68181 0.77627 0.92023 0.96039 0.99106 0.97184 0.51126
0.01865 0.01554 0.01527 0.00496 0.00850 0.00836 0.00416 0.00338 0.00278 0.00407 0.01023 0.00617 0.01919 0.03261 0.03349 1.22345 0.53316 0.00999 0.00638 0.00042 0.00119 0.00105 0.09211 0.19159 0.10410 0.06113 0.05212 0.06302 0.03499 0.04844 0.09155 0.22438 0.21339 0.04989 0.04279 0.15321 0.13234 0.13706 0.11776 0.92164 0.85540 1.08120 0.20233 0.02869 0.07270 1.06989 1.19907 1.28249 1.10447 1.04284 1.01763 0.99067 0.99447 0.86312 0.84160 0.90186 1.04545 1.21321 1.11099 1.07152 1.12484 1.17947 1.08055 0.20472 0.38229 0.34055 0.52296 0.67879 0.69677 0.60673 0.60972 0.71966
0.07149 0.32681 2.65182 10.67740 11.87260 5.69570 3.92986 0.80856 0.30597 0.27771 0.00965 0.05180 0.42697 0.79551 0.26675 1.22469 1.28406 0.00069 0.00006 0.00000 0.00008 0.00008 0.02409 0.03787 0.06413 0.07123 0.49301 0.13363 0.32330 0.41990 0.26654 0.26985 0.20190 0.16831 0.05967 0.18490 0.10101 0.04479 0.07238 0.45733 0.26807 1.29237 1.25468 1.13219 1.30213 1.34149 1.28460 0.19390 0.24444 1.23050 1.29995 0.99641 0.91648 0.90439 1.07567 1.44995 1.46892 1.40213 1.02409 0.95324 0.93881 0.84455 0.79409 0.16619 0.17874 0.29451 0.38853 0.42009 0.42576 0.48820 0.49902 0.60088
1.96572 1.14410 4.19452 15.10110 16.72320 8.11761 3.33457 2.04551 2.30451 0.83286 1.21980 0.89468 0.26326 0.41471 0.12386 2.26719 1.67805 0.05136 0.00000 0.00011 0.00028 0.00190 0.00144 0.00509 0.01767 0.05087 0.06642 0.13598 0.27741 0.24454 0.06871 0.04158 0.06108 0.04608 0.07739 0.05506 0.06549 0.12077 0.14437 0.34347 0.40247 0.71813 0.70064 1.06273 0.58410 0.87761 1.82479 1.40246 1.32856 1.30413 0.12871 1.16804 1.09418 1.36289 1.72080 1.46899 1.15665 1.12113 0.99420 0.83893 0.82621 0.76151 0.79916 0.12258 0.11084 0.16479 0.19025 0.22710 0.32164 0.41003 0.46656 0.48406
1.42463 1.47183 1.62329 0.85390 1.25952 4.26426 4.45633 2.07017 1.47103 1.25816 1.19418 1.03265 0.71581 0.22776 0.00383 0.00693 1.46827 1.14487 0.30138 0.27395 0.30491 0.00128 0.00020 0.00092 0.00168 0.00848 0.02283 0.01716 0.07591 0.06806 0.10328 0.09934 0.11509 0.16744 0.22030 0.22505 0.20502 0.35266 0.32930 0.42928 0.49737 0.48369 0.49117 2.06849 2.26882 1.15838 0.81841 0.49274 0.54352 1.42151 1.64692 0.14937 1.91843 1.40955 1.07215 1.15119 0.99920 0.97873 0.90016 0.76652 0.64201 0.66366 0.71375 0.88931 0.05148 0.10819 0.09264 0.10559 0.14444 0.28547 0.42794 0.41997
1.61218 3.06872 2.75995 3.39009 3.71006 3.96540 2.11632 1.64445 3.36873 4.47760 3.66615 2.18042 0.29809 0.02829 0.00625 0.02215 0.03179 0.01446 0.09516 0.00816 0.06523 0.02318 0.24282 0.00890 0.00053 0.01325 0.05403 0.02453 0.06557 0.01333 0.01728 0.01135 0.02260 0.11703 0.13191 0.12963 0.38835 0.32049 0.40658 1.06708 1.29450 0.65579 0.77580 2.72966 3.07350 3.13589 1.92219 0.83241 0.71871 0.44536 1.71513 1.60953 0.34797 2.05834 1.77635 2.43007 1.37142 1.30945 0.99043 0.89034 0.74746 0.63569 0.66004 0.93265 0.89055 0.79022 0.07481 0.09245 0.11903 0.15917 0.28471 0.30760
9.70939 10.76420 11.73810 13.73450 16.47060 12.89630 17.65570 17.57270 24.40180 9.97453 4.03661 2.80553 1.06380 0.40310 0.05560 0.73138 0.03560 0.10563 0.04797 0.04003 0.11571 0.02290 0.02635 0.09816 0.14151 0.13260 0.13865 0.43001 0.36895 0.24473 0.12812 0.03621 0.06477 0.03234 0.04271 0.07106 0.16151 0.23523 0.20159 0.56658 0.76148 0.77814 0.95334 0.70526 0.72993 1.55664 2.73729 2.05287 1.69198 2.21392 1.39739 2.56967 0.49335 2.48248 2.85056 3.06553 2.17699 3.32295 1.67250 0.92893 0.85121 1.23202 1.45489 1.92625 1.47200 1.59718 1.54547 0.11442 0.12849 0.08453 0.11312 0.19522
12.82880 12.09480 13.31870 19.96910 19.24150 16.60850 24.73000 18.61790 22.32660 10.90110 11.89330 8.07542 2.70412 0.11323 0.07909 5.87980 2.63700 1.00760 1.33126 0.41886 0.90203 0.01916 0.07288 0.04941 0.23209 0.06573 0.18277 0.46236 0.03056 0.00848 0.01578 0.00744 0.02534 0.04694 0.07327 0.10298 0.16956 0.15200 0.39517 0.86817 0.97592 1.16996 1.20553 1.15541 1.08147 2.78839 4.47951 4.13541 3.15048 2.89639 2.27939 4.99691 1.85402 3.54611 6.00398 3.77446 4.09700 5.52531 3.29147 2.10243 2.60207 4.72303 4.09846 5.14152 3.20782 1.54961 3.03871 1.92507 1.47812 1.08872 0.17031 0.26554
30.54960 19.98330 12.98000 10.47410 8.70292 7.80465 7.96893 12.03210 13.65340 5.88662 9.43066 12.62040 10.56960 7.01183 0.19734 19.04160 12.27500 4.25567 2.88616 1.89001 1.07331 0.00374 0.00111 0.11692 0.28623 0.19288 0.54399 0.86296 0.14115 0.03585 0.00335 0.00125 0.00452 0.03163 0.07252 0.08058 0.15167 0.27631 0.38711 0.92494 1.15547 1.28862 1.36548 1.41210 1.39916 1.32008 1.26686 4.56885 4.17823 3.21486 1.37013 7.48148 4.60954 3.16612 6.77593 9.41090 8.90439 2.54213 2.20947 4.80301 3.75303 3.79902 6.45241 8.74593 5.24660 4.89469 5.33421 2.61942 3.10746 2.18375 1.48843 3.07898
39.29990 14.32980 10.73260 5.79034 4.86458 2.68646 3.32024 3.52903 5.14197 17.68500 9.41808 7.75530 9.58103 10.37890 10.03210 14.17520 12.76380 11.90240 14.31150 8.82736 3.46856 1.24365 0.20313 0.09534 0.00224 0.03250 0.50729 0.26127 0.01711 0.01782 0.00732 0.01534 0.09647 0.24687 0.15753 0.23799 0.31239 0.59763 0.82441 1.08789 1.45755 2.05596 2.15069 2.29848 2.06915 1.75409 1.56444 4.80784 5.78243 5.68991 2.46106 6.77857 10.05770 13.93090 12.24720 13.68740 10.76470 5.34578 4.57816 7.96074 7.40468 4.17227 1.33801 4.40995 6.01661 5.59447 7.70977 5.90330 6.17599 4.38203 3.74436 2.74509
74.74690 43.98210 21.12460 40.54730 24.52120 23.06990 31.59400 30.83970 13.15600 14.20640 23.46700 9.32760 4.72384 6.48163 11.52920 7.18828 9.15510 7.48283 7.00737 6.44624 5.26203 2.29281 0.54663 0.74461 1.30112 0.36401 0.50521 0.28806 0.07635 0.05934 0.01968 0.28140 1.14100 0.97701 1.00785 0.44489 0.74213 0.45335 1.34335 2.38080 2.87917 9.22910 10.89050 4.53262 4.09786 9.75057 13.10240 10.40660 11.83150 18.99440 11.48040 2.65985 10.20740 17.04210 10.96930 13.40530 12.27640 11.96650 11.28970 10.47070 10.23890 10.14270 9.25560 8.34365 6.67279 5.42454 6.70951 6.50514 8.08024 6.83970 9.13701 7.12627
62.98040 104.94300 92.28370 -9999 87.69810 85.87590 53.59230 44.87220 97.33870 25.93430 27.01350 30.97810 31.37200 30.84200 20.70040 5.29367 2.30811 2.50595 2.32046 5.06062 7.64551 8.50702 5.91069 9.36621 5.68814 6.20766 2.97207 1.93383 1.12619 0.08062 0.21488 1.06842 1.76113 2.16308 1.30433 0.66401 2.13237 1.99596 1.18241 3.80558 3.47862 11.74710 9.76955 6.00042 7.11588 15.84960 9.99618 14.15080 16.45180 24.84910 21.86900 5.22275 17.13090 19.03230 16.80330 16.79310 15.57260 14.37600 12.36290 12.08520 11.88590 10.62480 9.14682 9.60411 9.42996 11.62800 12.87490 10.02250 13.92360 13.75820 11.88520 5.29413
