data/hydroclimate-scenarios/1948-2000.Pcorr55N_Pref_Tref/monthly_summaries/baseflow_monthly_tot_nov.asc
ncols	311
nrows	91
xllcenter	102.75
yllcenter	31.75
cellsize	0.5
NODATA_value	-9999
[rows 0 to 31 of 91, columns 216 to 287 of 311]
-9999 -9999 -9999 -9999 -9999 -9999 -9999 -9999 -9999 -9999 -9999 -9999 -9999 -9999 -9999 -9999 -9999 -9999 -9999 -9999 -9999 -9999 -9999 -9999 -9999 -9999 -9999 -9999 -9999 -9999 -9999 -9999 -9999 -9999 -9999 -9999 -9999 -9999 -9999 -9999 -9999 -9999 -9999 -9999 -9999 -9999 -9999 -9999 -9999 -9999 -9999 -9999 -9999 -9999 -9999 -9999 -9999 -9999 -9999 -9999 -9999 -9999 -9999 -9999 -9999 -9999 -9999 -9999 -9999 -9999 -9999 -9999
-9999 -9999 -9999 -9999 -9999 -9999 -9999 -9999 -9999 -9999 -9999 -9999 -9999 -9999 -9999 -9999 -9999 -9999 -9999 -9999 -9999 -9999 -9999 -9999 -9999 -9999 -9999 -9999 -9999 -9999 -9999 -9999 -9999 -9999 -9999 -9999 -9999 -9999 -9999 -9999 -9999 -9999 -9999 -9999 -9999 -9999 -9999 -9999 -9999 -9999 -9999 -9999 -9999 -9999 -9999 -9999 -9999 -9999 -9999 -9999 -9999 -9999 -9999 -9999 -9999 -9999 -9999 -9999 -9999 -9999 -9999 -9999
-9999 -9999 -9999 -9999 -9999 -9999 -9999 -9999 -9999 -9999 -9999 -9999 -9999 -9999 -9999 -9999 -9999 -9999 -9999 -9999 -9999 -9999 -9999 -9999 -9999 -9999 -9999 -9999 -9999 -9999 -9999 -9999 -9999 -9999 -9999 -9999 -9999 -9999 -9999 -9999 -9999 -9999 -9999 -9999 -9999 -9999 -9999 -9999 -9999 -9999 -9999 -9999 -9999 -9999 -9999 -9999 -9999 -9999 -9999 -9999 -9999 -9999 -9999 -9999 -9999 -9999 -9999 -9999 -9999 -9999 -9999 -9999
-9999 -9999 -9999 -9999 -9999 -9999 -9999 -9999 -9999 -9999 -9999 -9999 -9999 -9999 -9999 -9999 -9999 -9999 -9999 -9999 -9999 -9999 -9999 -9999 -9999 -9999 -9999 -9999 -9999 -9999 -9999 -9999 -9999 -9999 -9999 -9999 -9999 -9999 -9999 -9999 -9999 -9999 -9999 -9999 -9999 -9999 -9999 -9999 -9999 -9999 -9999 -9999 -9999 -9999 -9999 -9999 -9999 -9999 -9999 -9999 -9999 -9999 -9999 -9999 -9999 -9999 -9999 -9999 -9999 -9999 -9999 -9999
-9999 -9999 -9999 -9999 -9999 -9999 -9999 -9999 -9999 -9999 -9999 -9999 -9999 -9999 -9999 -9999 -9999 -9999 -9999 -9999 -9999 -9999 -9999 -9999 -9999 -9999 -9999 -9999 -9999 -9999 -9999 -9999 -9999 -9999 -9999 -9999 -9999 -9999 -9999 -9999 -9999 -9999 -9999 -9999 -9999 -9999 -9999 -9999 -9999 -9999 -9999 -9999 -9999 -9999 -9999 -9999 -9999 -9999 -9999 -9999 -9999 -9999 -9999 -9999 -9999 -9999 -9999 -9999 -9999 -9999 -9999 -9999
-9999 -9999 -9999 -9999 -9999 -9999 -9999 -9999 -9999 -9999 -9999 -9999 -9999 -9999 -9999 -9999 -9999 -9999 -9999 -9999 -9999 -9999 -9999 -9999 -9999 -9999 -9999 -9999 -9999 -9999 -9999 -9999 -9999 -9999 -9999 -9999 -9999 -9999 -9999 -9999 -9999 -9999 -9999 -9999 -9999 -9999 -9999 -9999 -9999 -9999 -9999 -9999 -9999 -9999 -9999 -9999 -9999 -9999 -9999 -9999 -9999 -9999 -9999 -9999 -9999 -9999 -9999 -9999 -9999 -9999 -9999 -9999
-9999 -9999 -9999 -9999 -9999 -9999 -9999 -9999 -9999 -9999 -9999 -9999 -9999 -9999 -9999 -9999 -9999 -9999 -9999 -9999 -9999 -9999 -9999 -9999 -9999 -9999 -9999 -9999 -9999 -9999 -9999 -9999 -9999 -9999 -9999 -9999 -9999 -9999 -9999 -9999 -9999 -9999 -9999 -9999 -9999 -9999 -9999 -9999 -9999 -9999 -9999 -9999 -9999 -9999 -9999 -9999 -9999 -9999 -9999 -9999 -9999 -9999 -9999 -9999 -9999 -9999 -9999 -9999 -9999 -9999 -9999 -9999
-9999 -9999 -9999 -9999 -9999 -9999 -9999 -9999 -9999 -9999 -9999 -9999 -9999 -9999 -9999 -9999 -9999 -9999 -9999 -9999 -9999 -9999 -9999 -9999 -9999 -9999 -9999 -9999 -9999 -9999 -9999 -9999 -9999 -9999 -9999 -9999 -9999 -9999 -9999 -9999 -9999 -9999 -9999 -9999 -9999 -9999 -9999 -9999 -9999 -9999 -9999 -9999 -9999 -9999 -9999 -9999 -9999 -9999 -9999 -9999 -9999 -9999 -9999 -9999 -9999 -9999 -9999 -9999 -9999 -9999 -9999 -9999
-9999 -9999 -9999 -9999 -9999 -9999 -9999 -9999 -9999 -9999 -9999 -9999 -9999 -9999 -9999 -9999 -9999 -9999 -9999 -9999 -9999 -9999 -9999 -9999 -9999 -9999 -9999 -9999 -9999 -9999 -9999 -9999 -9999 -9999 -9999 -9999 -9999 -9999 -9999 -9999 -9999 -9999 -9999 -9999 -9999 -9999 -9999 -9999 -9999 -9999 -9999 -9999 -9999 -9999 -9999 -9999 -9999 -9999 -9999 -9999 -9999 -9999 -9999 -9999 -9999 -9999 -9999 -9999 -9999 -9999 -9999 -9999
-9999 -9999 -9999 -9999 -9999 -9999 -9999 -9999 -9999 -9999 -9999 -9999 -9999 -9999 -9999 -9999 -9999 -9999 -9999 -9999 -9999 -9999 -9999 -9999 -9999 -9999 -9999 -9999 -9999 -9999 -9999 -9999 -9999 -9999 -9999 -9999 -9999 -9999 -9999 -9999 -9999 -9999 -9999 -9999 -9999 -9999 -9999 -9999 -9999 -9999 -9999 -9999 -9999 -9999 -9999 -9999 -9999 -9999 -9999 -9999 -9999 -9999 -9999 -9999 -9999 -9999 -9999 -9999 -9999 -9999 -9999 -9999
-9999 -9999 -9999 -9999 -9999 -9999 -9999 -9999 -9999 -9999 -9999 -9999 -9999 -9999 -9999 -9999 -9999 -9999 -9999 -9999 -9999 -9999 -9999 -9999 -9999 -9999 -9999 -9999 -9999 -9999 -9999 -9999 -9999 -9999 -9999 -9999 -9999 -9999 -9999 -9999 -9999 -9999 -9999 -9999 -9999 -9999 -9999 -9999 -9999 -9999 -9999 -9999 -9999 -9999 -9999 -9999 -9999 -9999 -9999 -9999 -9999 -9999 -9999 -9999 -9999 -9999 -9999 -9999 -9999 -9999 -9999 -9999
-9999 -9999 -9999 -9999 -9999 -9999 -9999 -9999 -9999 -9999 -9999 -9999 -9999 -9999 -9999 -9999 -9999 -9999 -9999 -9999 -9999 -9999 -9999 -9999 -9999 -9999 -9999 -9999 -9999 -9999 -9999 -9999 -9999 -9999 -9999 -9999 -9999 -9999 -9999 -9999 -9999 -9999 -9999 -9999 -9999 -9999 -9999 -9999 -9999 -9999 -9999 -9999 -9999 -9999 -9999 -9999 -9999 -9999 -9999 -9999 -9999 -9999 -9999 -9999 -9999 -9999 -9999 -9999 -9999 -9999 -9999 -9999
-9999 -9999 -9999 -9999 -9999 -9999 -9999 -9999 -9999 -9999 -9999 -9999 -9999 -9999 -9999 -9999 -9999 -9999 -9999 -9999 -9999 -9999 -9999 -9999 -9999 -9999 -9999 -9999 -9999 -9999 -9999 -9999 -9999 -9999 -9999 -9999 -9999 -9999 -9999 -9999 -9999 -9999 -9999 -9999 -9999 -9999 -9999 -9999 -9999 -9999 -9999 -9999 -9999 -9999 -9999 -9999 -9999 -9999 -9999 -9999 -9999 -9999 -9999 -9999 -9999 -9999 -9999 -9999 -9999 -9999 -9999 -9999
0.05909 0.03550 0.07260 -9999 -9999 -9999 -9999 -9999 -9999 -9999 -9999 -9999 -9999 -9999 -9999 -9999 -9999 -9999 -9999 -9999 -9999 -9999 -9999 -9999 -9999 -9999 -9999 -9999 -9999 -9999 -9999 -9999 -9999 -9999 -9999 -9999 -9999 -9999 -9999 -9999 -9999 -9999 -9999 -9999 0.23057 -9999 -9999 -9999 -9999 -9999 -9999 -9999 -9999 -9999 -9999 -9999 -9999 -9999 -9999 -9999 -9999 -9999 -9999 -9999 -9999 -9999 -9999 -9999 -9999 -9999 -9999 -9999
0.02470 0.02330 0.02874 0.01134 0.01223 0.02524 0.09446 0.18009 0.68007 0.73528 0.93274 0.87314 0.87028 0.89209 0.48331 9.24832 -9999 -9999 -9999 -9999 -9999 -9999 -9999 -9999 -9999 -9999 -9999 -9999 -9999 -9999 -9999 -9999 -9999 -9999 -9999 -9999 -9999 -9999 -9999 0.02116 0.00827 0.00066 0.06292 0.29052 0.28761 0.16308 -9999 -9999 -9999 1.26064 -9999 -9999 -9999 1.07252 1.27166 1.45468 -9999 -9999 -9999 -9999 -9999 -9999 -9999 -9999 -9999 -9999 -9999 -9999 -9999 -9999 -9999 -9999
0.00700 0.00680 0.00829 0.00123 0.01855 0.14341 0.46177 0.55483 2.02086 2.22016 3.36906 3.84917 3.02393 2.37737 2.14067 0.83639 0.66544 0.48309 0.70787 1.14016 1.24733 0.54853 -9999 -9999 -9999 -9999 -9999 0.15216 0.06624 0.06119 0.11869 0.15741 0.17344 0.05842 0.00783 0.00624 0.00356 0.00263 0.00369 0.02615 0.06439 0.27076 0.30285 0.77529 0.92709 0.39749 0.49854 0.64443 0.87491 1.19924 1.34983 1.11732 1.18478 1.42868 1.88579 3.00229 2.90870 2.25862 1.67345 1.82830 1.25225 -9999 -9999 -9999 -9999 -9999 -9999 -9999 -9999 -9999 -9999 -9999
1.30054 0.73905 1.09028 1.47349 3.09958 3.72360 3.39650 3.47963 3.77222 2.59344 4.33395 2.80249 3.11527 1.32241 0.93711 0.28729 0.20947 0.66126 0.47661 1.79710 1.28323 0.94609 1.02512 0.57450 0.63889 0.46933 0.33136 0.16386 0.17569 0.09159 0.09101 0.01862 0.01786 0.01917 0.01162 0.00949 0.00834 0.01037 0.01272 0.03153 0.08330 0.19695 0.21584 0.30432 0.29480 0.33590 0.34482 0.52604 0.70876 0.94036 1.06955 1.14701 1.09849 1.06642 1.22392 1.33914 1.35734 1.35746 1.47665 1.72548 2.27770 2.11076 1.94012 1.39234 1.44358 1.49271 1.63251 1.33430 1.00651 -9999 -9999 -9999
4.15140 4.13454 5.22272 2.56651 1.39874 1.42754 0.38607 0.01214 0.00394 0.19086 0.03128 0.00090 0.00020 0.00043 0.00018 0.28044 0.41076 0.61930 0.78122 1.11006 1.76309 0.46608 0.69085 1.54695 0.54777 0.55776 0.44986 0.35005 0.26715 0.10509 0.10243 0.01319 0.01602 0.02994 0.02973 0.02887 0.02137 0.01684 0.02121 0.03936 0.03766 0.05278 0.08095 0.12534 0.14372 0.15596 0.13680 0.19652 0.29005 0.48372 0.78103 0.82534 0.85706 0.84524 0.78215 0.98877 0.92188 0.97574 0.99536 1.48622 1.64983 1.22345 1.27765 1.16988 1.48976 1.67427 1.85624 1.83425 1.35922 -9999 0.58805 -9999
2.29642 2.31533 0.43488 0.14213 0.04141 0.00162 0.00167 0.00466 0.00958 0.00039 0.00214 0.00120 0.00267 0.00382 0.00146 0.07766 0.04391 0.45253 0.83915 1.56324 0.83225 0.21438 0.25803 0.61402 0.84567 0.68931 0.54899 0.23169 0.17918 0.03913 0.00847 0.00887 0.00996 0.01233 0.01824 0.01136 0.01213 0.01157 0.01350 0.01135 0.01325 0.01357 0.03327 0.14475 0.16335 0.10768 0.09550 0.11730 0.17908 0.24011 0.27117 0.37221 0.50378 0.60068 0.74813 0.64657 0.59856 0.51039 0.62333 1.25897 1.25200 1.03172 1.26312 0.92959 1.18080 1.27110 1.35277 1.58299 1.72718 1.54560 -9999 -9999
2.31512 1.07030 0.70781 0.08652 0.09617 0.02411 0.00344 0.00356 0.00131 0.00237 0.00048 0.00206 0.00114 0.00108 0.00176 1.04088 1.03060 0.39744 0.81486 0.37031 0.51531 0.15643 0.13537 0.25368 0.21031 0.51629 0.32339 0.07318 0.04680 0.03340 0.06305 0.86414 0.73797 0.90612 0.87578 0.86761 0.96079 0.84988 0.77643 0.82989 0.83157 0.63520 0.76880 0.75596 0.89891 1.01388 1.15053 1.44166 0.25206 0.38043 0.44677 0.10131 0.11904 0.19094 0.28628 0.48150 0.61404 0.52448 2.26602 2.43859 2.36445 2.37450 2.60913 3.24926 0.68551 0.55168 1.54231 1.82446 1.39071 1.97834 1.12283 -9999
3.56138 0.81094 0.10568 0.01353 0.00404 0.00021 0.00004 0.00029 0.00040 0.00030 0.00022 0.00017 0.00211 0.00819 0.00947 0.09603 0.04861 0.01896 0.04199 0.06837 0.04384 0.01126 0.07727 0.17874 0.20920 0.11763 0.12851 0.04858 0.01864 0.17907 0.11483 0.02581 0.00464 0.00434 0.00518 0.05267 0.05191 1.13455 1.03296 0.86341 0.77191 0.64178 0.70578 0.79156 0.86600 1.17017 1.28899 1.48627 1.56528 1.50022 1.47217 1.37228 1.31515 1.39167 1.39229 1.58398 1.46749 0.38961 1.93138 1.41834 1.59311 1.81322 1.99193 0.52144 0.81690 0.84104 0.94391 1.49067 1.82513 1.78772 1.65353 1.01436
0.00216 0.00147 0.00108 0.00048 0.00099 0.00048 0.00025 0.00043 0.00013 0.00009 0.00030 0.00073 0.00065 0.00125 0.00130 0.17913 0.12659 0.00493 0.00342 0.00017 0.00044 0.00038 0.04911 0.03806 0.07786 0.06536 0.06871 0.07367 0.01701 0.09305 0.11780 0.05678 0.02001 0.02023 0.01300 0.03459 0.03699 0.10455 0.11482 0.76706 0.76484 0.86405 0.10768 0.05968 0.09323 1.27297 1.61064 1.87844 1.47793 1.46907 1.40298 1.33666 1.30265 1.13746 1.12853 1.21163 1.58067 2.74550 1.50666 1.36839 1.50015 1.71072 1.28397 0.14619 0.36266 0.28029 0.53682 0.92464 0.98384 0.91815 0.91821 1.10197
0.02260 0.19928 1.27717 5.87318 6.65411 3.56982 1.47178 0.43133 0.06041 0.01521 0.00089 0.00379 0.00744 0.06657 0.01087 0.13941 0.19015 0.00011 0.00000 0.00000 0.00000 0.00006 0.00867 0.01504 0.02762 0.02140 0.04889 0.01222 0.05119 0.00785 0.00498 0.04517 0.03403 0.04276 0.04785 0.06130 0.01100 0.01067 0.00956 0.15353 0.14237 1.27968 1.33295 1.08856 1.18639 1.59508 1.80735 0.18589 0.22420 1.70946 1.93593 1.25874 1.14828 1.19101 1.61917 1.50923 2.34307 2.40128 1.37358 0.96624 0.96974 0.85492 0.74069 0.17071 0.19626 0.28134 0.47366 0.55386 0.54862 0.80778 0.76463 0.57725
1.25566 0.35529 1.46987 5.46230 5.51653 3.71078 3.52930 2.79133 2.52106 2.09945 1.21671 1.07377 0.17115 0.01693 0.00576 0.22469 0.26248 0.01812 0.00000 0.00000 0.00017 0.00062 0.00044 0.00288 0.00892 0.01754 0.02894 0.07632 0.02441 0.03618 0.03622 0.07049 0.08994 0.09576 0.15399 0.10201 0.11410 0.24412 0.26428 0.25927 0.31298 0.33889 0.42147 0.31448 0.32831 1.03596 2.89115 2.00451 1.66035 1.41149 0.06932 1.06438 1.15613 1.20528 2.89044 1.74408 1.57987 1.38697 1.06106 0.79354 0.83391 0.75757 0.79030 0.13901 0.13216 0.14533 0.15105 0.18701 0.29509 0.55294 0.59244 0.35049
0.86760 0.68560 0.47897 0.12776 0.34363 2.82100 2.51809 2.41999 2.32728 3.53737 3.22382 2.78402 1.66091 0.40735 0.00209 0.00244 0.25434 0.38161 0.28673 0.28807 0.35063 0.00052 0.00000 0.00032 0.00053 0.00659 0.02037 0.02492 0.11460 0.10509 0.19007 0.17929 0.20080 0.32161 0.42990 0.45348 0.38422 0.81396 0.75792 0.64236 0.82956 1.19258 1.26857 0.97730 1.03083 0.60630 0.54667 0.65590 0.50116 1.44669 0.81914 0.06295 0.73514 0.84530 1.08413 0.89325 0.89999 1.03188 1.05841 0.82949 0.66690 0.63271 0.70348 0.90899 0.07947 0.09185 0.09506 0.09010 0.14290 0.18745 0.32521 0.31090
0.34351 1.11047 0.82927 2.09619 2.65556 2.03651 0.79806 0.80565 1.29163 2.14836 3.93569 4.87928 0.24059 0.00994 0.00244 0.00571 0.00598 0.00832 0.04479 0.00422 0.04107 0.02329 0.23345 0.00565 0.00017 0.00180 0.00551 0.00660 0.01231 0.01081 0.01170 0.01207 0.02889 0.08053 0.18707 0.23227 0.81046 0.69021 0.90061 0.77389 1.11407 1.17732 1.65113 1.52756 0.96661 0.84112 0.75466 0.77373 0.58819 0.19510 1.59382 0.99542 0.06759 1.16717 0.88739 0.84287 0.89272 0.94932 0.96631 0.77948 0.61379 0.55240 0.58153 0.94138 0.77821 0.74548 0.06491 0.06255 0.09051 0.08524 0.16997 0.22383
6.30814 4.63483 12.60250 13.29410 12.62830 12.51290 13.68570 12.31150 13.30550 6.48267 1.02157 0.73655 0.06177 0.01294 0.00160 0.05965 0.00419 0.01678 0.02242 0.02234 0.03911 0.00989 0.01298 0.03119 0.03563 0.05652 0.08452 0.07405 0.03405 0.03122 0.03269 0.03395 0.05522 0.07665 0.12781 0.30363 0.61981 0.96028 0.96437 1.60208 2.50665 1.98064 1.87088 1.66058 1.92257 1.18573 0.87287 0.84790 0.78000 0.42887 0.24866 1.57183 0.13777 1.39738 1.35576 1.27465 1.39454 1.10808 1.14221 0.92450 0.83820 0.86443 0.72865 0.67083 0.54512 0.60639 0.60763 0.05386 0.06740 0.07720 0.08283 0.13720
11.85350 13.24050 13.02600 11.94130 13.45780 12.32790 12.66130 14.82330 12.10220 24.57430 23.58430 17.28730 1.62093 0.00638 0.00479 0.68852 0.42766 0.24863 0.40531 0.16278 0.18799 0.00652 0.01098 0.01414 0.04126 0.03779 0.05257 0.04471 0.00701 0.00328 0.00541 0.00262 0.01984 0.08566 0.19109 0.36339 0.63929 0.79006 1.51155 2.47819 2.58873 2.34618 3.11578 3.61533 3.19664 1.53946 1.08253 1.14790 0.94203 0.78564 0.58187 2.32483 0.23746 0.25032 1.52420 1.61622 1.52853 1.35663 1.59176 1.26071 0.99910 0.79295 0.68366 0.57315 0.60916 0.77436 0.84165 0.48381 0.40203 0.52079 0.09473 0.16981
15.25500 11.99870 11.18050 11.16390 6.57040 3.80165 3.59253 4.36854 4.65428 2.85766 8.50590 6.85030 9.19499 3.91064 0.00632 4.80871 3.73386 2.79493 2.13026 1.23536 0.29951 0.00056 0.00032 0.00792 0.01572 0.01181 0.02599 0.03437 0.00746 0.00338 0.00037 0.00025 0.00395 0.07276 0.19013 0.38673 0.63927 1.09097 1.43153 2.37322 3.23418 3.06620 3.87784 4.63570 4.71785 3.72636 3.63383 2.32633 1.64585 1.28329 0.96449 2.94857 0.53140 0.50642 2.39980 2.45152 2.21810 0.24264 0.14459 0.12591 0.10616 0.08629 0.94294 0.93698 0.73295 0.46146 0.77016 1.08125 1.44789 0.77683 0.83968 1.07621
18.71860 14.06670 11.55690 10.68930 6.82396 0.85896 0.81613 0.24299 0.49287 15.00900 22.64930 22.07760 20.17640 19.66640 11.43500 12.93800 9.83105 9.46494 17.16120 8.47912 1.65434 0.13276 0.01500 0.00628 0.00007 0.00292 0.01704 0.00760 0.00031 0.00048 0.00238 0.00106 0.01436 0.13226 0.22181 0.41769 0.67649 1.23589 1.80412 2.74393 5.65348 3.71084 5.26948 5.73087 5.17355 4.92440 4.23058 3.34916 2.23175 1.61666 2.17108 1.56191 1.33928 4.80802 3.88683 3.25847 2.95066 2.87579 2.03399 1.59690 1.54257 0.17323 0.11985 1.07592 1.01615 1.26153 1.45421 1.84762 2.08814 2.29953 1.19731 1.54036
20.69700 14.53410 10.17420 13.85420 15.03090 14.02220 9.03352 3.57407 1.04911 7.31994 24.20910 48.71000 38.73240 47.45690 36.58160 23.07730 21.67810 18.48560 22.53420 14.66720 3.13081 0.63046 0.15872 0.07542 0.09981 0.03550 0.05254 0.01292 0.00327 0.00178 0.00113 0.05114 0.14573 0.17177 0.37934 0.57355 0.84395 1.81319 3.70315 6.54204 7.65841 5.45666 7.57102 6.90437 5.68280 4.98518 3.99489 3.43862 2.93152 2.09635 2.59494 3.61835 2.43068 5.61107 4.17875 3.41862 2.55812 3.31457 3.36173 2.69091 1.98372 1.63169 1.43662 1.50178 1.80037 2.61734 3.12792 3.62572 3.19164 1.95742 3.70910 1.32937
24.33390 35.03990 40.26900 -9999 38.11640 33.69450 23.36230 18.92590 14.52600 24.24240 20.15200 22.09080 22.33300 16.26320 35.38670 46.28240 40.07670 33.74510 27.20110 31.08840 20.83910 9.97855 1.89810 0.80497 0.42873 0.51959 0.31559 0.17939 0.04972 0.00478 0.01211 0.07948 0.12651 0.34215 0.47703 0.69206 1.44313 2.30873 3.02342 9.58238 7.86054 5.30327 6.30037 6.16476 5.18034 5.44110 5.79789 5.82929 4.96105 4.59811 3.62692 4.84046 3.93808 3.92978 3.20296 2.54436 2.46852 2.38989 1.74124 1.46685 1.08872 0.79679 0.57787 0.46353 0.93343 1.46004 2.59539 2.67484 4.07529 3.90925 3.11935 3.49340
