data/hydroclimate-scenarios/1948-2000.Pcorr55N_Pref_Tref/monthly_summaries/baseflow_monthly_tot_jun.1950-2000.asc
ncols	311
nrows	91
xllcenter	102.75
yllcenter	31.75
cellsize	0.5
NODATA_value	-9999
[rows 0 to 31 of 91, columns 72 to 143 of 311]
-9999 -9999 -9999 -9999 -9999 -9999 -9999 -9999 -9999 -9999 -9999 -9999 -9999 -9999 -9999 -9999 -9999 -9999 -9999 -9999 -9999 -9999 -9999 -9999 -9999 -9999 -9999 -9999 -9999 -9999 -9999 -9999 -9999 -9999 -9999 -9999 -9999 -9999 -9999 -9999 -9999 -9999 -9999 -9999 -9999 -9999 -9999 -9999 -9999 -9999 -9999 -9999 -9999 -9999 -9999 -9999 -9999 -9999 -9999 -9999 -9999 -9999 -9999 -9999 -9999 -9999 -9999 -9999 -9999 -9999 -9999 -9999
-9999 -9999 -9999 -9999 -9999 -9999 -9999 -9999 -9999 -9999 -9999 -9999 -9999 -9999 -9999 -9999 -9999 -9999 -9999 -9999 -9999 -9999 -9999 -9999 -9999 -9999 -9999 -9999 -9999 -9999 -9999 -9999 -9999 -9999 -9999 -9999 -9999 -9999 -9999 -9999 -9999 -9999 -9999 -9999 -9999 -9999 -9999 -9999 -9999 -9999 -9999 -9999 -9999 -9999 -9999 -9999 -9999 -9999 -9999 -9999 -9999 -9999 -9999 -9999 -9999 -9999 -9999 -9999 -9999 -9999 -9999 -9999
-9999 -9999 -9999 -9999 -9999 -9999 -9999 -9999 -9999 -9999 -9999 -9999 -9999 -9999 -9999 -9999 -9999 -9999 -9999 -9999 -9999 -9999 -9999 -9999 -9999 -9999 -9999 -9999 -9999 -9999 -9999 -9999 -9999 -9999 -9999 -9999 -9999 -9999 -9999 -9999 -9999 -9999 -9999 -9999 -9999 -9999 -9999 -9999 -9999 -9999 -9999 -9999 -9999 -9999 -9999 -9999 -9999 -9999 -9999 -9999 -9999 -9999 -9999 -9999 -9999 -9999 -9999 -9999 -9999 -9999 -9999 -9999
-9999 -9999 -9999 -9999 -9999 -9999 -9999 -9999 -9999 -9999 -9999 -9999 -9999 -9999 -9999 -9999 -9999 -9999 -9999 -9999 -9999 -9999 -9999 -9999 -9999 -9999 -9999 -9999 -9999 -9999 -9999 -9999 -9999 -9999 -9999 -9999 -9999 -9999 -9999 -9999 -9999 -9999 -9999 -9999 -9999 -9999 -9999 -9999 -9999 -9999 -9999 -9999 -9999 -9999 -9999 -9999 -9999 -9999 -9999 -9999 -9999 -9999 -9999 -9999 -9999 -9999 -9999 -9999 -9999 -9999 -9999 -9999
-9999 -9999 -9999 -9999 -9999 -9999 -9999 -9999 -9999 -9999 -9999 -9999 -9999 -9999 -9999 -9999 -9999 -9999 -9999 -9999 -9999 -9999 -9999 -9999 -9999 -9999 -9999 -9999 -9999 -9999 -9999 -9999 -9999 -9999 -9999 -9999 -9999 -9999 -9999 -9999 -9999 -9999 -9999 -9999 -9999 -9999 -9999 -9999 -9999 -9999 -9999 -9999 -9999 -9999 -9999 -9999 -9999 -9999 -9999 -9999 -9999 -9999 -9999 -9999 -9999 -9999 -9999 -9999 -9999 -9999 -9999 -9999
-9999 -9999 -9999 -9999 -9999 -9999 -9999 -9999 -9999 -9999 -9999 -9999 -9999 -9999 -9999 -9999 -9999 -9999 -9999 -9999 -9999 -9999 -9999 -9999 -9999 -9999 -9999 -9999 -9999 -9999 -9999 -9999 -9999 -9999 -9999 -9999 -9999 -9999 -9999 -9999 -9999 -9999 -9999 -9999 -9999 -9999 -9999 -9999 -9999 -9999 -9999 -9999 -9999 -9999 -9999 -9999 -9999 -9999 -9999 -9999 -9999 -9999 -9999 -9999 -9999 -9999 -9999 -9999 -9999 -9999 -9999 -9999
-9999 -9999 -9999 -9999 -9999 -9999 -9999 -9999 -9999 -9999 -9999 -9999 -9999 -9999 -9999 -9999 -9999 -9999 -9999 -9999 -9999 -9999 -9999 -9999 -9999 -9999 -9999 -9999 -9999 -9999 -9999 -9999 -9999 -9999 -9999 -9999 -9999 -9999 -9999 -9999 -9999 -9999 -9999 -9999 -9999 -9999 -9999 -9999 -9999 -9999 -9999 -9999 -9999 -9999 -9999 -9999 -9999 -9999 -9999 -9999 -9999 -9999 -9999 -9999 -9999 -9999 -9999 -9999 -9999 -9999 -9999 -9999
-9999 -9999 -9999 -9999 -9999 -9999 -9999 -9999 -9999 -9999 -9999 -9999 -9999 -9999 -9999 -9999 -9999 -9999 -9999 -9999 -9999 -9999 -9999 -9999 -9999 -9999 -9999 -9999 -9999 -9999 -9999 -9999 -9999 -9999 -9999 -9999 -9999 -9999 -9999 -9999 -9999 -9999 -9999 -9999 -9999 -9999 -9999 -9999 -9999 -9999 -9999 -9999 -9999 -9999 -9999 -9999 -9999 -9999 -9999 -9999 -9999 -9999 -9999 -9999 -9999 -9999 -9999 -9999 -9999 -9999 -9999 -9999
-9999 -9999 -9999 -9999 -9999 4.07406 -9999 -9999 -9999 -9999 -9999 -9999 -9999 -9999 -9999 -9999 -9999 -9999 -9999 -9999 -9999 -9999 -9999 -9999 -9999 -9999 -9999 -9999 -9999 -9999 -9999 -9999 -9999 -9999 -9999 -9999 -9999 -9999 -9999 -9999 -9999 -9999 -9999 -9999 -9999 -9999 -9999 -9999 -9999 -9999 -9999 -9999 -9999 -9999 -9999 -9999 -9999 -9999 -9999 -9999 -9999 -9999 -9999 -9999 -9999 -9999 -9999 -9999 -9999 -9999 -9999 -9999
-9999 10.26060 0.56501 1.82118 3.26414 3.90939 7.42917 6.85456 10.96530 12.40950 13.94230 14.64650 16.45000 14.21040 13.43850 15.69880 13.93670 14.86340 14.92020 16.64290 16.25250 -9999 -9999 -9999 -9999 -9999 -9999 -9999 -9999 -9999 -9999 -9999 -9999 -9999 -9999 -9999 -9999 -9999 -9999 -9999 -9999 -9999 -9999 -9999 -9999 -9999 -9999 -9999 -9999 -9999 -9999 -9999 -9999 -9999 -9999 -9999 -9999 -9999 -9999 -9999 -9999 -9999 -9999 -9999 -9999 -9999 -9999 -9999 -9999 -9999 -9999 -9999
-9999 -9999 -9999 1.54032 2.22923 3.43977 3.82953 5.88066 8.16471 10.37870 13.68460 16.47300 17.47840 17.28280 18.80970 21.46170 21.53180 22.21410 22.99160 20.72540 19.03940 -9999 -9999 -9999 -9999 -9999 -9999 -9999 -9999 -9999 -9999 -9999 -9999 -9999 -9999 -9999 -9999 -9999 -9999 -9999 -9999 -9999 -9999 -9999 -9999 -9999 -9999 -9999 -9999 -9999 -9999 -9999 -9999 -9999 -9999 -9999 -9999 -9999 -9999 -9999 -9999 -9999 -9999 -9999 -9999 -9999 -9999 -9999 -9999 -9999 -9999 -9999
0.52214 0.92137 1.22630 1.20252 2.06953 5.13155 4.94991 6.25799 8.40210 9.79991 11.24080 13.91450 16.45080 18.40410 18.91530 21.59750 23.78580 23.45860 21.76830 23.82120 29.40660 14.66290 13.58870 12.88640 10.63470 8.16707 5.69077 -9999 -9999 -9999 -9999 -9999 -9999 -9999 -9999 -9999 -9999 -9999 -9999 -9999 -9999 -9999 -9999 -9999 -9999 -9999 -9999 -9999 -9999 -9999 -9999 -9999 -9999 -9999 -9999 -9999 -9999 -9999 -9999 -9999 -9999 -9999 -9999 -9999 -9999 -9999 -9999 -9999 -9999 -9999 -9999 -9999
2.03880 1.87275 2.87187 4.04692 5.85975 7.29935 10.29790 9.11886 11.48420 14.27570 17.06340 20.51770 22.65840 22.59380 27.02470 28.04720 30.08450 36.96640 29.64410 27.79040 27.75250 28.05180 23.03540 22.85130 17.95490 14.96420 12.67860 9.55455 6.97001 5.21395 4.77382 3.05051 2.87495 2.14329 1.69416 0.73424 0.70667 0.56539 0.41931 0.25322 0.20204 0.24875 -9999 -9999 -9999 -9999 -9999 -9999 -9999 -9999 -9999 -9999 -9999 -9999 -9999 -9999 -9999 -9999 -9999 -9999 -9999 -9999 -9999 -9999 -9999 -9999 -9999 -9999 -9999 -9999 -9999 -9999
0.19807 0.18273 1.56887 4.51003 3.58869 6.15530 8.10128 8.12073 7.13864 12.39990 19.36400 18.08030 26.08540 27.08500 29.11410 29.68580 31.68710 27.62240 30.95810 34.15510 34.81860 34.16550 23.20960 25.00970 24.95020 20.40750 18.94220 13.46660 10.96720 7.75623 7.01705 2.63933 1.87714 1.90989 1.57905 1.39113 1.06366 0.84380 0.66815 0.65254 0.51125 0.46167 4.34558 -9999 -9999 -9999 -9999 -9999 -9999 -9999 -9999 -9999 -9999 -9999 -9999 -9999 -9999 -9999 -9999 -9999 -9999 -9999 -9999 -9999 -9999 -9999 -9999 -9999 -9999 -9999 -9999 -9999
9.27947 3.97035 11.50190 5.65652 5.26608 9.95811 9.83003 15.12300 15.88840 20.54050 21.33920 20.63720 20.96640 25.87660 29.34390 28.86260 30.21210 28.28160 41.29650 36.67700 36.40970 32.66870 31.22210 27.93200 28.95570 23.05460 19.61780 17.12660 14.15450 10.82590 8.50895 7.30977 6.97826 5.35435 5.16203 3.05153 2.51150 2.42395 2.05101 2.19422 2.02075 1.83416 1.09628 -9999 -9999 -9999 -9999 -9999 -9999 -9999 -9999 -9999 -9999 -9999 -9999 -9999 -9999 -9999 1.24458 1.41493 -9999 -9999 -9999 -9999 4.16527 10.33870 14.44100 18.86490 13.31610 10.97420 15.62430 18.89280
6.16592 3.45047 9.92008 3.67305 3.15110 4.34261 8.99349 11.59950 13.13650 12.36120 15.95670 16.52840 22.88920 27.03360 24.02230 23.97070 22.92420 34.81130 24.78600 26.35710 28.92790 29.26170 22.09750 19.68020 18.56710 12.82960 14.50730 17.29340 15.29880 12.85870 10.15990 8.77657 6.62748 4.20186 6.24109 2.93545 2.54195 2.48961 5.96656 10.22900 9.42585 9.52863 4.40711 3.75459 3.37280 7.40674 1.54039 5.13335 7.76084 4.53900 4.24117 3.96452 2.00255 5.01783 2.34182 0.56970 0.60653 3.34768 3.20657 1.88148 -9999 -9999 -9999 -9999 -9999 6.64428 12.82880 19.51610 26.14640 30.73260 28.77990 35.63660
2.49839 5.51014 9.40115 3.27644 5.68362 6.58428 5.21899 4.30183 4.19568 5.74891 9.20506 12.44140 15.79520 16.67080 26.18420 20.81640 23.53480 22.31290 21.20370 20.98970 22.01910 19.79200 18.76190 18.12650 18.35200 16.89080 17.71890 15.85890 15.03080 13.98930 11.10300 10.39230 10.47970 9.62327 8.41199 5.15221 4.82172 16.19800 12.37980 4.31276 14.02550 4.46698 4.56147 4.51385 3.59231 3.09194 3.02550 4.90953 7.34815 7.02590 4.47999 5.15652 9.21467 12.36290 8.41387 9.44909 10.69780 7.14442 3.97376 4.32112 5.37327 6.44578 6.97915 7.32519 9.06788 11.81100 14.97340 22.17990 27.32280 38.43600 38.97790 45.34880
18.56460 4.67921 6.76646 12.02200 6.85183 6.78794 8.48965 2.88649 2.67506 3.58658 6.47068 8.75136 19.96250 14.76390 19.53180 18.77790 19.18960 19.08470 24.79370 16.68700 15.96890 16.80610 16.76580 17.38050 16.54840 16.35400 16.89900 15.79930 15.58190 14.26880 13.48020 10.52650 9.74264 9.01744 7.85639 14.81000 4.52839 4.34450 3.74807 5.75464 5.38318 3.26148 2.70960 4.80721 4.55101 4.53909 3.96712 3.89765 4.44635 5.10189 6.61047 6.17063 7.30386 10.57060 14.26430 12.11850 9.43640 8.00290 9.82783 10.20100 14.70150 11.77630 9.05864 12.01700 18.25790 14.32790 14.82750 24.55390 39.54370 46.19250 48.17120 52.81930
21.44960 11.06750 0.26985 2.46733 0.83547 1.03416 4.03000 2.82235 2.01336 3.47633 5.42723 6.53017 9.62975 12.49780 14.49540 14.72040 14.68120 15.62910 23.44690 22.36700 20.34250 18.74720 20.17660 18.22530 17.96040 16.93770 18.29500 17.96870 16.90580 14.30410 29.18410 12.73060 10.26840 11.09380 10.18950 9.61657 11.61400 7.62230 6.53778 8.40526 9.03768 14.20500 12.99730 8.15788 4.91766 3.70224 6.14335 6.46745 7.86685 9.27180 9.99243 9.41229 11.33820 7.82630 7.96586 8.03537 17.46330 15.11400 12.02920 16.07700 21.70660 24.07890 24.92550 25.69120 25.85010 28.09390 30.36300 34.27290 38.47540 40.26090 43.60390 57.10540
14.57980 16.09810 13.36700 3.01625 0.96907 0.23370 0.92549 1.56962 0.68842 8.49709 13.02030 10.86740 10.66650 10.59460 9.49011 8.78675 12.27800 14.03450 16.63160 22.07360 18.76160 19.31450 20.16110 17.50390 15.19320 15.41020 14.36270 12.77750 23.72950 15.28840 16.51810 15.06380 12.17120 10.95730 7.64353 9.53511 10.77980 12.29350 15.62150 10.18420 8.86197 13.70130 13.09930 10.63310 11.94610 10.03530 6.30216 7.19192 10.25170 14.00240 14.88160 12.07120 9.97882 13.27090 18.85390 20.39840 24.55000 18.05740 14.19600 17.27100 22.00530 22.08820 31.39600 31.42390 36.46920 41.74230 40.84160 42.05860 44.30020 46.26290 45.54530 57.32280
14.90250 17.68470 22.96360 24.08790 4.79554 1.06706 0.24931 3.15667 0.54629 2.16748 12.25230 20.66690 20.85550 22.99240 18.45890 11.79930 10.70810 8.65935 11.99430 12.42610 13.42210 16.13840 14.18900 13.77590 14.31950 17.08090 15.98240 16.44480 15.50580 14.56210 12.56200 19.56250 21.38030 19.11390 19.11730 22.26450 24.40550 19.56420 20.39910 13.81820 15.97880 12.90520 10.59870 14.78770 12.37180 11.10160 15.41920 13.15230 12.57820 7.90989 10.38170 11.60760 9.98865 10.86950 12.49170 21.99810 26.00950 25.70350 29.15740 28.60540 29.13670 28.55610 34.19900 31.50640 39.44960 40.31430 46.49700 45.73090 50.90250 49.81230 47.80240 58.98700
19.72220 18.81290 20.05110 25.23190 21.78060 18.12910 13.45540 8.30914 2.68439 0.97812 3.47786 9.46644 19.44270 22.55560 26.67900 26.14910 25.36340 18.37940 13.49930 15.42470 15.01410 14.72520 18.76420 19.38760 20.88890 20.89050 21.95920 16.26850 16.91450 15.20880 20.67740 27.76810 21.29180 25.86640 25.63680 22.06310 23.09840 19.36350 27.12180 26.11900 22.98900 14.35610 26.77180 23.02290 24.36560 24.28890 23.17280 22.52520 20.61980 28.67910 29.63990 27.04040 24.29580 28.07780 27.07610 32.00040 31.31220 30.94230 27.81880 29.95540 31.43470 38.61120 36.36940 41.85240 42.49240 50.04560 49.77150 48.70440 52.65740 49.02310 51.80920 67.84180
20.99140 14.64470 18.98200 12.81390 17.58080 19.97610 12.89740 16.46460 9.43801 5.71893 5.14508 10.02320 4.84830 9.72483 8.82053 15.23370 27.72800 30.43320 33.51320 26.79240 30.99550 23.54590 18.43160 20.00870 23.79000 22.23770 22.17970 31.35140 25.58360 22.38770 21.99630 25.75610 26.71940 25.42590 14.97410 17.28040 23.60910 30.84980 29.41440 23.89820 16.39260 17.30320 25.43020 25.47790 24.44900 26.41380 20.65210 29.43760 39.27110 38.80950 37.30610 38.35740 38.24020 39.28190 43.40860 48.90110 51.22150 48.33440 41.62570 33.23000 35.31740 45.25650 47.31540 55.57470 52.31950 49.92120 47.48700 50.20190 49.14360 51.89450 59.26010 67.45790
18.85780 17.89210 13.03660 17.36400 15.18250 15.71510 16.86280 15.47290 8.33304 3.40152 18.21010 18.10200 14.10320 18.48680 23.51510 24.03700 6.27416 25.65540 29.24730 36.75060 37.10340 34.22270 22.87150 20.07880 22.02540 23.03170 25.37210 27.69190 27.98030 30.45030 30.25030 27.54370 24.21120 15.99930 15.48980 18.43580 20.51950 27.19320 28.68220 37.52250 32.70920 27.00510 28.10360 14.74860 16.90200 16.03470 22.23780 30.02380 39.62990 43.15200 42.59690 38.53750 44.46270 46.38240 43.49470 57.03950 53.29960 63.00270 58.92650 38.84830 39.73190 46.70390 52.96740 51.00360 49.20600 48.17470 48.15700 53.28250 58.36920 60.42760 65.69650 70.02920
19.40120 19.00660 15.64000 17.98250 16.03790 11.30300 11.85870 7.51755 7.34353 5.85949 10.36930 9.58512 13.01480 16.65290 20.43010 25.83840 27.80310 22.58780 21.49610 24.78360 29.88040 31.77480 30.35180 25.37810 22.79170 22.28190 18.30470 21.20880 21.09870 22.82840 20.74860 21.78610 22.77770 21.43050 22.08950 26.66880 27.54090 26.28880 29.22820 41.51510 39.19410 34.40950 35.00170 24.51990 21.96160 20.35760 25.23870 31.34010 45.87250 46.57510 45.13320 38.35200 45.78790 48.88630 53.73580 58.16870 62.59730 66.06670 59.59280 51.69850 58.63940 53.98540 51.37080 47.80750 46.14910 49.17710 59.46520 63.53460 65.78640 66.95540 69.78480 71.64860
23.92000 28.34140 26.74350 22.18450 16.17340 8.87425 6.15823 3.89796 3.17409 8.28237 16.79030 16.32020 13.47620 8.11932 15.48240 21.72930 27.41060 32.88670 33.11850 24.15760 24.79310 23.96550 30.36790 34.18870 25.00450 23.11250 23.46210 22.28580 26.38160 23.97530 24.16740 17.29120 18.77830 24.16110 26.38370 24.58740 38.65610 38.53210 36.82700 51.24550 47.89390 46.44000 50.08430 40.76700 36.85620 31.10660 35.85050 37.53110 44.29270 49.01830 42.36220 42.74480 48.84350 51.24470 53.16210 59.18620 68.68770 68.82490 68.70180 53.18080 56.68180 57.73950 62.88590 62.37590 58.55830 59.44440 61.82440 67.38310 72.74640 74.11490 78.47900 80.45310
35.34990 32.33510 32.12690 28.77450 21.73760 13.95270 7.68557 3.89401 6.47989 7.27455 13.44890 19.89180 18.85210 10.01280 10.77390 18.70680 29.78060 30.77650 32.61540 31.71930 37.21930 32.30590 36.38900 34.96780 27.56230 35.23450 32.73570 21.22740 23.46600 20.76130 25.20670 21.00680 29.16480 35.66570 28.71160 29.88080 39.48660 40.14000 43.82180 49.50510 51.64700 48.77900 45.79400 43.51310 41.79510 43.98780 44.87980 42.01330 48.27200 49.99550 49.19120 51.13270 58.25920 61.75380 68.58280 79.73790 76.01470 78.02980 78.85360 80.39100 88.67830 90.76800 92.50110 87.77400 86.04970 84.02980 83.23390 92.76410 94.28490 96.44310 102.14100 103.48100
33.70200 36.07350 35.98020 31.15450 27.99110 19.88000 13.01480 9.73024 4.85799 3.39467 6.04288 11.80920 22.49470 22.47210 22.81460 28.28200 21.21100 29.12820 28.59150 36.31610 37.50450 33.74700 36.32640 38.90060 38.99770 42.07710 38.25280 27.14220 23.38160 30.71970 30.52770 27.60490 33.10750 41.96620 35.86420 33.90950 45.37620 50.10310 53.05350 55.65510 58.43630 53.94230 54.01680 51.08230 50.82040 44.42790 51.18380 53.76540 55.23860 59.88290 62.75030 67.46860 72.69610 80.98870 84.70810 92.37710 93.71400 92.12460 93.53670 94.77890 99.53230 106.37700 110.22100 104.53400 102.60100 102.70800 104.26000 103.74300 102.02200 106.93200 109.62600 113.65900
37.39800 44.02300 43.36410 39.51150 39.08500 35.26770 27.84580 23.37350 17.76400 15.29010 20.42040 17.25780 22.42150 33.14510 28.07380 26.94460 24.58830 30.96760 27.22940 31.14900 42.43310 45.22420 45.61190 39.04490 34.57110 32.41770 35.37520 30.75790 32.62740 37.26780 31.70870 33.43120 36.57470 45.60730 44.61290 43.56960 50.55330 57.64340 56.75620 62.93910 62.54850 65.89030 56.57110 48.51350 50.21420 45.03290 39.23330 47.76580 50.07280 53.13240 58.09610 69.95760 84.89580 94.98100 101.23900 109.24700 105.15500 105.40300 104.10800 114.73500 119.38500 122.38400 129.22800 106.50100 107.65300 105.67900 109.34700 111.91000 113.53500 113.00500 116.97200 114.94200
35.07590 46.56810 44.68120 39.23920 38.35100 38.99200 42.36090 37.64260 32.64450 31.49450 37.80830 33.14460 39.91940 37.46000 29.26170 34.47840 36.28310 28.72760 30.24280 41.89360 50.37090 56.22200 46.83350 46.10330 41.26230 43.39310 40.90850 43.49170 48.10420 43.04180 43.32010 44.43770 48.54720 63.07050 57.69610 55.42480 54.77860 58.55190 60.55630 60.32900 57.88290 65.91080 59.71480 41.74630 43.40460 45.50410 49.77430 61.08370 57.52650 -9999 -9999 77.79420 89.56850 94.50720 104.01400 112.99600 113.48000 115.73800 125.89600 132.30200 139.90401 140.68500 137.60500 111.84500 106.54400 99.82230 98.15640 115.61300 121.94100 120.68000 127.40800 123.90100
38.68200 45.38220 48.27060 53.43880 46.02770 42.66390 44.86580 43.06810 35.21620 38.51390 43.11960 43.78320 46.19340 47.38670 39.01230 40.92840 41.06920 39.40090 46.88720 52.60990 52.35470 56.28290 53.66600 65.06320 62.65840 57.49860 53.46880 47.61370 52.78940 59.51150 56.09520 62.97800 68.36680 75.08080 66.31530 62.48160 57.73950 52.07590 -9999 -9999 -9999 -9999 40.88930 -9999 63.84520 80.18910 70.74830 67.43760 59.60260 -9999 -9999 89.20070 91.98530 93.78740 96.28510 99.68330 111.23500 122.71500 133.12801 137.74699 142.07700 139.97600 137.22000 115.73400 97.47170 93.04970 100.93900 115.95200 122.17200 128.00200 133.85500 -9999
40.92420 50.01550 56.47290 52.09620 42.61880 55.80570 55.71350 39.01980 38.83670 38.77500 43.69840 48.06610 50.68870 51.46870 44.41210 45.77370 51.98740 57.02960 55.03240 63.52270 63.17850 68.42790 70.45200 73.80380 69.90580 68.30660 66.65020 66.23030 69.74260 77.78530 82.51750 87.04060 84.16380 81.38690 74.65290 69.85350 -9999 -9999 -9999 -9999 -9999 -9999 -9999 62.03650 73.81690 68.40600 -9999 -9999 -9999 -9999 -9999 85.96510 93.05600 106.37100 109.28700 124.78300 125.63000 126.93600 137.74400 135.59100 141.60400 148.60001 151.28700 129.70300 128.26300 127.84900 114.35000 125.52700 135.46201 -9999 -9999 -9999
