data/hydroclimate-scenarios/1948-2000.Pcorr55N_Pref_Tref/monthly_summaries/baseflow_monthly_tot_dec.asc
ncols	311
nrows	91
xllcenter	102.75
yllcenter	31.75
cellsize	0.5
NODATA_value	-9999
[rows 0 to 31 of 91, columns 0 to 72 of 311]
-9999 -9999 -9999 -9999 -9999 -9999 -9999 -9999 -9999 -9999 -9999 -9999 -9999 -9999 -9999 -9999 -9999 -9999 -9999 -9999 -9999 -9999 -9999 -9999 -9999 -9999 -9999 -9999 -9999 -9999 -9999 -9999 -9999 -9999 -9999 -9999 -9999 -9999 -9999 -9999 -9999 -9999 -9999 -9999 -9999 -9999 -9999 -9999 -9999 -9999 -9999 -9999 -9999 -9999 -9999 -9999 -9999 -9999 -9999 -9999 -9999 -9999 -9999 -9999 -9999 -9999 -9999 -9999 -9999 -9999 -9999 -9999 -9999
-9999 -9999 -9999 -9999 -9999 -9999 -9999 -9999 -9999 -9999 -9999 -9999 -9999 -9999 -9999 -9999 -9999 -9999 -9999 -9999 -9999 -9999 -9999 -9999 -9999 -9999 -9999 -9999 -9999 -9999 -9999 -9999 -9999 -9999 -9999 -9999 -9999 -9999 -9999 -9999 -9999 -9999 -9999 -9999 -9999 -9999 -9999 -9999 -9999 -9999 -9999 -9999 -9999 -9999 -9999 -9999 -9999 -9999 -9999 -9999 -9999 -9999 -9999 -9999 -9999 -9999 -9999 -9999 -9999 -9999 -9999 -9999 -9999
-9999 -9999 -9999 -9999 -9999 -9999 -9999 -9999 -9999 -9999 -9999 -9999 -9999 -9999 -9999 -9999 -9999 -9999 -9999 -9999 -9999 -9999 -9999 -9999 -9999 -9999 -9999 -9999 -9999 -9999 -9999 -9999 -9999 -9999 -9999 -9999 -9999 -9999 -9999 -9999 -9999 -9999 -9999 -9999 -9999 -9999 -9999 -9999 -9999 -9999 -9999 -9999 -9999 -9999 -9999 -9999 -9999 -9999 -9999 -9999 -9999 -9999 -9999 -9999 -9999 -9999 -9999 -9999 -9999 -9999 -9999 -9999 -9999
-9999 -9999 -9999 -9999 -9999 -9999 -9999 -9999 -9999 -9999 -9999 -9999 -9999 -9999 -9999 -9999 -9999 -9999 -9999 -9999 -9999 -9999 -9999 -9999 -9999 -9999 -9999 -9999 -9999 -9999 -9999 -9999 -9999 -9999 -9999 -9999 -9999 -9999 -9999 -9999 -9999 -9999 -9999 -9999 -9999 -9999 -9999 -9999 -9999 -9999 -9999 -9999 -9999 -9999 -9999 -9999 -9999 -9999 -9999 -9999 -9999 -9999 -9999 -9999 -9999 -9999 -9999 -9999 -9999 -9999 -9999 -9999 -9999
-9999 -9999 -9999 -9999 -9999 -9999 -9999 -9999 -9999 -9999 -9999 -9999 -9999 -9999 -9999 -9999 -9999 -9999 -9999 -9999 -9999 -9999 -9999 -9999 -9999 -9999 -9999 -9999 -9999 -9999 -9999 -9999 -9999 -9999 -9999 -9999 -9999 -9999 -9999 -9999 -9999 -9999 -9999 -9999 -9999 -9999 -9999 -9999 -9999 -9999 -9999 -9999 -9999 -9999 -9999 -9999 -9999 -9999 -9999 -9999 -9999 -9999 -9999 -9999 -9999 -9999 -9999 -9999 -9999 -9999 -9999 -9999 -9999
-9999 -9999 -9999 -9999 -9999 -9999 -9999 -9999 -9999 -9999 -9999 -9999 -9999 -9999 -9999 -9999 -9999 -9999 -9999 -9999 -9999 -9999 -9999 -9999 -9999 -9999 -9999 -9999 -9999 -9999 -9999 -9999 -9999 -9999 -9999 -9999 -9999 -9999 -9999 -9999 -9999 -9999 -9999 -9999 -9999 -9999 -9999 -9999 -9999 -9999 -9999 -9999 -9999 -9999 -9999 -9999 -9999 -9999 -9999 -9999 -9999 -9999 -9999 -9999 -9999 -9999 -9999 -9999 -9999 -9999 -9999 -9999 -9999
-9999 -9999 -9999 -9999 -9999 -9999 -9999 -9999 -9999 -9999 -9999 -9999 -9999 -9999 -9999 -9999 -9999 -9999 -9999 -9999 -9999 -9999 -9999 -9999 -9999 -9999 -9999 -9999 -9999 -9999 -9999 -9999 -9999 -9999 -9999 -9999 -9999 -9999 -9999 -9999 -9999 -9999 -9999 -9999 -9999 -9999 -9999 -9999 -9999 -9999 -9999 -9999 -9999 -9999 -9999 -9999 -9999 -9999 -9999 -9999 -9999 -9999 -9999 -9999 -9999 -9999 -9999 -9999 -9999 -9999 -9999 -9999 -9999
-9999 -9999 -9999 -9999 -9999 -9999 -9999 -9999 -9999 -9999 -9999 -9999 -9999 -9999 -9999 -9999 -9999 -9999 -9999 -9999 -9999 -9999 -9999 -9999 -9999 -9999 -9999 -9999 -9999 -9999 -9999 -9999 -9999 -9999 -9999 -9999 -9999 -9999 -9999 -9999 -9999 -9999 0.62405 0.62265 0.74254 0.56822 0.59835 0.43532 0.28439 0.34998 0.31453 0.25923 -9999 -9999 -9999 -9999 -9999 -9999 -9999 -9999 -9999 -9999 -9999 -9999 -9999 -9999 -9999 -9999 -9999 -9999 -9999 -9999 -9999
-9999 -9999 -9999 -9999 -9999 -9999 -9999 -9999 -9999 -9999 -9999 -9999 -9999 -9999 -9999 -9999 -9999 -9999 -9999 -9999 -9999 -9999 -9999 -9999 -9999 -9999 -9999 -9999 -9999 -9999 -9999 -9999 -9999 -9999 -9999 -9999 -9999 -9999 0.43427 0.89644 0.75768 0.84086 0.88025 0.76751 0.82407 0.64436 0.48324 0.30369 0.30377 0.38929 0.31403 1.65265 0.88099 1.10518 -9999 -9999 -9999 -9999 -9999 -9999 -9999 -9999 -9999 -9999 -9999 -9999 -9999 -9999 -9999 -9999 -9999 -9999 -9999
-9999 -9999 -9999 -9999 -9999 -9999 -9999 -9999 -9999 -9999 -9999 -9999 -9999 -9999 -9999 -9999 -9999 -9999 -9999 -9999 -9999 -9999 -9999 -9999 -9999 -9999 -9999 -9999 -9999 -9999 -9999 -9999 -9999 -9999 -9999 -9999 -9999 -9999 -9999 -9999 0.51293 0.60309 0.76801 0.82746 0.78554 0.99101 0.83404 0.67145 0.41937 0.38762 0.38824 0.51704 0.69841 0.91191 -9999 -9999 -9999 -9999 -9999 -9999 -9999 -9999 -9999 -9999 -9999 -9999 -9999 -9999 -9999 -9999 -9999 -9999 -9999
-9999 -9999 -9999 -9999 -9999 -9999 -9999 -9999 -9999 -9999 -9999 -9999 -9999 -9999 -9999 -9999 -9999 -9999 -9999 -9999 -9999 -9999 -9999 -9999 -9999 -9999 -9999 -9999 -9999 -9999 -9999 -9999 -9999 -9999 -9999 -9999 -9999 -9999 -9999 -9999 -9999 -9999 -9999 -9999 0.94374 1.08116 1.20512 1.39388 0.53402 0.75796 1.02608 1.26389 0.21809 1.27241 -9999 -9999 -9999 -9999 -9999 -9999 0.00541 -9999 -9999 -9999 -9999 -9999 -9999 -9999 -9999 -9999 -9999 -9999 -9999
-9999 -9999 -9999 -9999 -9999 -9999 -9999 -9999 -9999 -9999 -9999 -9999 -9999 -9999 -9999 -9999 -9999 -9999 -9999 -9999 -9999 -9999 -9999 -9999 -9999 -9999 -9999 -9999 -9999 -9999 -9999 -9999 -9999 -9999 -9999 -9999 -9999 -9999 -9999 -9999 -9999 0.89422 0.96958 1.08756 1.05465 0.99555 1.12232 1.17841 1.12101 0.90112 1.06913 1.26852 0.19975 0.92364 -9999 -9999 -9999 -9999 -9999 0.00464 0.00374 0.00137 0.00125 0.00108 0.00153 0.00088 0.00128 0.00175 0.00229 0.00162 0.00142 0.00809 0.01092
-9999 -9999 -9999 -9999 -9999 -9999 -9999 -9999 -9999 -9999 -9999 -9999 -9999 -9999 -9999 -9999 -9999 -9999 -9999 -9999 -9999 -9999 -9999 -9999 -9999 -9999 -9999 -9999 -9999 -9999 -9999 -9999 -9999 -9999 -9999 -9999 -9999 -9999 -9999 -9999 -9999 0.91800 1.12169 1.09024 0.97405 0.79544 1.50490 1.71235 0.94573 0.84575 0.74457 1.07429 0.42178 0.71078 0.71553 0.24943 0.18718 -9999 0.00860 0.00569 0.00375 0.00283 0.00150 0.00228 0.00354 0.01063 0.00846 0.00866 0.01282 0.00295 0.00174 0.00789 0.01052
-9999 -9999 -9999 -9999 -9999 -9999 -9999 -9999 -9999 -9999 -9999 -9999 -9999 -9999 -9999 -9999 -9999 -9999 -9999 -9999 -9999 -9999 -9999 -9999 -9999 -9999 -9999 -9999 -9999 -9999 -9999 -9999 -9999 -9999 -9999 0.55243 0.30007 0.48490 0.52417 0.66266 0.66298 0.76157 0.90491 0.87274 1.61175 1.12038 0.64875 0.70511 0.82430 0.79109 0.95767 0.84378 1.56160 1.41432 0.40362 0.50512 0.38560 0.02170 0.01720 0.00487 0.00137 0.00076 0.00179 0.03810 0.01112 0.01595 0.01565 0.00659 0.00896 0.00000 0.00000 0.00000 0.00000
-9999 -9999 -9999 -9999 -9999 -9999 -9999 -9999 -9999 -9999 -9999 -9999 -9999 -9999 -9999 -9999 -9999 -9999 -9999 -9999 -9999 -9999 -9999 -9999 -9999 -9999 -9999 -9999 -9999 -9999 -9999 -9999 -9999 -9999 0.37152 0.08762 0.20958 0.28210 0.52098 0.51196 0.54001 0.63650 0.62094 1.38699 0.74758 0.63331 0.67038 0.73502 0.88177 1.28395 1.91201 1.64306 2.22122 1.51764 1.25689 1.15493 0.17387 0.11530 0.02838 0.00957 0.01531 0.06145 0.04551 0.12904 0.02782 0.01575 0.01020 0.03277 0.12183 0.11146 0.23664 0.14648 0.37630
-9999 -9999 -9999 -9999 -9999 -9999 -9999 -9999 -9999 -9999 -9999 -9999 -9999 -9999 -9999 -9999 -9999 -9999 -9999 -9999 -9999 -9999 -9999 -9999 -9999 -9999 -9999 -9999 -9999 -9999 -9999 -9999 -9999 0.34468 0.42807 0.10422 0.14512 0.27071 0.40711 0.39315 0.43597 0.62179 2.39405 1.38815 0.78939 0.64597 0.70433 0.78077 1.43178 1.79543 2.01761 2.31383 2.31623 1.63394 0.80175 1.01363 0.68489 0.04387 0.02133 0.03468 0.04650 0.02571 0.01611 0.01235 0.02257 0.02385 0.02131 0.05034 0.07615 0.05904 0.02503 0.22931 0.24416
-9999 -9999 -9999 -9999 -9999 -9999 -9999 -9999 -9999 -9999 -9999 -9999 -9999 -9999 -9999 -9999 -9999 -9999 -9999 -9999 -9999 -9999 -9999 -9999 -9999 -9999 -9999 -9999 -9999 -9999 -9999 0.32805 0.07208 0.06963 0.07172 0.08774 0.12499 0.21795 0.28770 0.34339 0.41903 0.39917 1.04080 0.57266 0.75111 0.84857 0.68523 0.48664 1.10519 1.65446 1.73538 2.23162 2.17075 1.71271 1.75255 1.23711 0.34815 0.12999 0.17430 0.08630 0.03656 0.02520 0.02004 0.00724 0.01913 0.04382 0.02135 0.00255 0.00245 0.06629 0.31090 0.54618 0.02092
-9999 -9999 -9999 -9999 -9999 -9999 -9999 -9999 -9999 -9999 -9999 -9999 -9999 -9999 -9999 -9999 -9999 -9999 -9999 -9999 -9999 -9999 -9999 -9999 -9999 -9999 -9999 -9999 -9999 0.04400 0.01653 0.06967 0.08933 0.07779 0.09042 0.09083 0.12215 0.14046 0.24812 0.27818 0.76502 2.18118 0.49940 0.59882 0.62864 0.90541 0.97712 0.71517 1.70531 2.00406 1.86692 1.99692 2.13406 1.55808 2.00155 1.11327 0.18942 0.12181 0.02241 0.00317 0.01297 0.00919 0.01017 0.02122 0.01045 0.00942 0.06780 0.14516 0.20013 0.28828 0.12893 0.96027 1.55408
-9999 -9999 -9999 -9999 -9999 -9999 -9999 -9999 -9999 -9999 -9999 -9999 -9999 -9999 -9999 -9999 -9999 -9999 -9999 -9999 -9999 -9999 -9999 -9999 0.22803 0.20947 0.16651 0.11428 0.13545 0.07148 0.07069 0.09158 0.11075 0.10188 0.12498 0.15725 0.13981 0.23306 0.29583 0.33516 0.34719 2.00875 0.43366 0.59363 0.55993 0.58070 0.61171 0.90282 1.50214 1.85538 1.94858 2.50155 2.21059 1.90768 1.04162 0.49350 0.17943 0.08471 0.07209 0.01619 0.01046 0.03352 0.01506 0.00132 0.00142 0.00247 0.00433 0.00579 0.00607 0.04906 0.91595 0.97417 1.90832
-9999 -9999 -9999 -9999 -9999 -9999 0.70414 0.65739 0.65324 0.54621 0.48024 -9999 -9999 -9999 -9999 -9999 -9999 -9999 -9999 -9999 -9999 0.15522 0.33911 0.33246 0.26431 0.26887 0.21574 0.16697 0.15686 0.07943 0.06368 0.10861 0.14561 0.13812 0.15620 0.17686 0.23971 0.19369 0.20084 0.24037 0.22575 0.30891 2.13113 0.46868 0.53911 0.51539 0.51062 0.69746 1.21388 1.77470 2.40964 2.26020 2.25479 1.54371 0.59481 0.27017 0.17954 0.07163 0.05127 0.03122 0.02075 0.04354 0.04006 0.01575 0.03292 0.00162 0.00151 0.00176 0.00214 0.00211 0.05920 0.48312 1.33741
-9999 -9999 -9999 -9999 -9999 0.18495 0.19803 0.35485 0.18477 0.21197 0.18396 0.33507 0.30172 0.39195 -9999 -9999 -9999 0.19705 0.24713 0.28743 0.27521 0.34631 0.40387 0.27699 0.62853 0.41376 0.24643 0.24903 0.21392 0.20714 0.21019 0.17256 0.20543 0.25311 0.16767 0.29197 0.40666 0.27691 0.27452 0.31714 0.34371 0.38772 1.94751 1.62921 0.34781 0.50322 0.77863 1.64339 1.18574 1.73129 2.05381 1.63854 2.25007 1.22833 0.76640 0.75895 0.32100 0.17085 0.01892 0.08394 0.04058 0.02531 0.03661 0.00343 0.07457 0.18986 0.05028 0.02776 0.00871 0.02329 0.11766 0.77525 0.86209
-9999 0.40776 0.64132 0.28498 0.37267 0.23447 0.24293 0.22735 0.24772 0.16023 0.20746 0.31736 0.38903 0.37701 0.26841 0.23796 0.14233 0.18780 0.25035 0.13009 0.17751 0.24626 0.28089 0.31495 0.20177 0.24380 0.19245 0.20653 0.19740 0.14347 0.09100 0.06609 0.06040 0.06386 0.08333 0.14318 0.18971 0.15701 0.18808 0.20833 0.21785 0.24870 1.74528 1.56478 0.25293 0.33176 0.43065 0.93812 0.83707 1.27774 1.35783 1.99583 1.93548 1.77081 1.54617 1.20100 0.54971 0.10664 0.11917 0.14446 0.01521 0.11709 0.12862 0.03533 0.16108 0.13449 0.02461 0.14305 0.02546 0.21933 0.86834 1.57626 1.62171
-9999 0.52917 0.41153 0.31968 0.24277 0.15719 0.08842 0.14371 0.09671 0.18419 0.19332 0.27623 0.42660 0.29348 0.34026 0.36998 0.47221 0.39854 0.36721 0.23713 0.34220 0.35215 0.61811 0.42230 0.27605 0.17610 0.14342 0.11869 0.10730 0.12371 0.07956 0.06654 0.08290 0.08466 0.12817 0.07791 0.08867 0.08332 0.09214 0.18731 0.24777 0.27786 0.27303 2.06877 1.60731 0.20000 0.27244 0.49151 0.70271 1.34387 1.71862 1.54374 1.87718 2.37504 2.40306 1.50006 0.78817 0.43331 0.28740 0.19174 0.22166 0.23875 0.27451 0.09839 0.21448 0.29916 0.34912 0.49878 0.39921 0.71964 0.74020 1.57003 1.99179
-9999 -9999 -9999 0.97744 1.02303 0.66638 0.47054 0.52146 0.47614 0.52403 0.21014 0.15839 0.11975 0.12525 0.16546 0.25961 0.38290 0.21509 0.23520 0.20705 0.60478 0.61721 0.66544 0.49304 0.27518 0.17093 0.11240 0.07026 0.04561 0.07439 0.06812 0.06066 0.07805 0.11916 0.14552 1.50983 0.05452 0.08185 0.14437 0.24666 0.24021 1.38534 0.81866 1.10704 1.92907 1.63557 1.70709 0.40418 0.45758 0.75463 0.67545 1.04934 1.62760 2.01880 1.74878 1.66914 1.22094 0.76916 1.15423 0.38159 0.36997 0.51651 0.96565 0.38775 0.29683 0.18347 0.09910 0.24637 0.60254 1.30381 1.39303 1.42818 1.76671
-9999 -9999 -9999 -9999 -9999 -9999 0.54054 0.62827 0.64086 0.12201 0.06442 0.41697 0.41589 0.34507 0.26004 0.10582 0.09945 0.46428 0.37802 0.33866 0.45888 0.53759 0.37632 0.28430 0.21651 0.18912 0.07984 0.06833 1.56821 0.06472 0.04186 0.04728 1.55088 0.72007 1.42734 0.69731 1.73111 1.62518 0.63429 0.53472 0.32383 0.48693 0.49688 0.62940 0.99346 0.92675 1.95451 2.01584 1.84214 1.82477 1.55439 2.09786 2.11053 0.96696 1.40417 1.93924 0.96640 1.26925 1.51454 1.47439 0.83617 1.10743 0.89913 0.71127 1.12914 1.26182 0.41289 0.47475 1.13954 1.43722 2.13470 1.68547 1.70325
-9999 -9999 -9999 -9999 -9999 -9999 0.29770 0.36045 0.23701 0.39650 0.29805 0.37762 0.34036 0.26619 0.27798 0.44633 0.45960 0.59652 0.55790 0.42950 0.48149 0.45499 0.39025 0.32486 0.27106 0.14851 0.09216 0.08705 0.78818 0.80767 1.03378 0.88507 0.96179 0.85016 1.10691 0.92918 1.44927 1.49000 1.38167 0.52890 0.85844 0.88550 0.58904 0.62835 0.56813 0.81682 1.15636 1.05338 0.88844 2.02522 2.04942 1.87182 1.93154 1.53053 1.17342 0.47562 0.64800 0.98386 0.85201 1.22692 1.56127 1.45884 1.37790 1.34611 1.22321 0.56922 0.33831 0.40340 0.71136 1.14490 2.30946 1.97791 2.12591
-9999 -9999 -9999 -9999 -9999 -9999 -9999 -9999 -9999 -9999 0.18836 0.41771 0.40735 0.24098 0.25060 0.31092 0.37084 0.44656 0.46817 0.43301 0.42902 0.34479 0.33365 0.31755 0.28064 0.27390 0.21273 0.11984 0.10803 1.85670 1.60742 1.55913 1.72879 0.95498 0.80800 0.95957 0.86216 0.61961 0.51604 0.46826 1.67634 1.37726 0.03945 1.81738 1.60087 1.83174 1.89805 1.63272 0.94836 0.78028 0.73084 0.84017 0.85750 1.54319 1.34133 1.45987 1.38662 0.44008 0.60173 1.32931 0.32148 1.19460 1.27167 0.49791 0.67065 0.42902 0.45028 0.37109 0.69087 0.86907 1.96867 3.03327 3.19322
-9999 -9999 -9999 -9999 -9999 -9999 -9999 -9999 -9999 -9999 0.23379 0.20005 0.31725 0.20563 0.26617 0.47803 0.45882 0.53432 0.61544 0.58906 0.56191 0.44133 0.39511 0.41525 0.35611 0.25234 0.17087 0.12210 0.10559 1.58612 1.69331 1.49620 1.82845 1.07963 1.79291 2.01928 1.59595 0.10203 0.05388 0.03282 0.02146 0.02377 0.02071 0.04005 0.03252 0.05990 0.07969 0.14096 0.17580 1.23845 0.62691 0.71638 0.70011 0.55727 1.10011 0.35741 0.32164 0.45551 0.34876 0.24064 0.20458 0.21609 0.27332 1.32239 1.16627 1.38639 1.31397 0.23959 0.35204 0.98336 2.62234 2.41140 2.98737
-9999 -9999 -9999 -9999 -9999 -9999 -9999 -9999 -9999 -9999 -9999 -9999 0.14691 0.22037 0.30202 0.50050 0.58498 0.59454 0.60184 0.52779 0.44591 0.44874 0.40215 0.43993 0.29390 0.21539 0.18899 0.22731 0.23041 0.17661 1.41938 1.45531 1.42043 0.09861 0.11586 0.17534 0.17620 0.18649 0.10324 0.06887 0.04661 0.03067 0.03867 0.04077 0.03695 0.02746 0.04337 0.05932 0.08767 0.09967 1.34492 1.61602 0.71194 1.24541 0.81235 0.24699 0.17117 0.38043 0.34881 0.29085 0.26731 0.24115 0.38160 1.43962 0.75532 0.80364 1.85565 0.20425 0.51511 0.58429 1.94244 3.17279 3.25787
-9999 -9999 -9999 -9999 -9999 -9999 -9999 -9999 -9999 -9999 -9999 -9999 0.17952 0.17602 0.26272 0.43216 0.60162 0.81324 0.96067 0.78885 0.93777 0.48164 0.51242 0.52021 0.34749 0.29225 0.27928 0.32173 0.28437 0.25697 0.22254 0.15485 0.15428 0.13367 0.13075 0.14774 0.18544 0.22020 0.15150 0.10507 0.07248 0.03397 0.02893 0.05094 0.05533 1.46961 1.51256 2.02078 0.63864 0.64786 1.85214 1.49217 1.21448 1.00212 0.76166 0.12767 0.23425 0.40050 0.41596 0.31822 0.39388 0.35598 0.57890 0.50681 0.70174 1.93413 1.97499 2.28106 1.68518 2.36931 1.96046 2.42063 3.26041
-9999 -9999 -9999 -9999 -9999 -9999 -9999 -9999 -9999 -9999 -9999 0.24960 0.18909 0.16451 0.23716 0.56270 0.43291 0.45425 0.46374 0.54232 0.37618 0.50508 0.58071 0.48921 0.36470 0.26482 0.31958 0.37243 0.31846 0.28229 0.22072 0.23586 0.21415 0.14129 0.12659 0.09234 0.10797 0.18726 0.19301 0.26878 0.22131 0.14390 0.12666 0.16083 0.12140 0.08446 0.09996 1.55036 1.64143 0.94486 0.96622 0.96195 0.90797 0.52320 0.14619 0.21412 0.32510 0.43442 0.45057 0.54439 0.72755 0.61404 0.80222 0.93340 0.96920 1.38693 1.59699 1.51657 1.72467 1.82632 3.27516 3.54077 3.32843
-9999 -9999 -9999 -9999 -9999 -9999 -9999 -9999 -9999 -9999 -9999 0.11677 0.22411 0.17375 0.23749 0.48555 0.36029 0.37035 0.55654 0.55541 0.58681 0.76036 0.50043 0.58400 0.49620 0.44618 0.44994 0.40870 0.35303 0.36323 0.32012 0.21960 0.20354 0.17001 0.20276 0.19456 0.14326 0.20619 0.25099 0.23327 0.23672 0.27933 1.60937 1.80665 1.97307 2.16646 2.08231 0.70525 0.20392 0.18485 0.30486 0.33982 0.25018 0.20691 0.14796 0.77619 0.88699 1.03383 1.20890 0.88325 0.60789 0.91138 0.87645 0.72139 0.95429 2.07717 1.20829 1.66556 2.02159 2.97883 2.42296 3.11919 3.26119
