data/hydroclimate-scenarios/1948-2000.Pcorr55N_Pref_Tref/monthly_summaries/baseflow_monthly_tot_feb.asc
ncols	311
nrows	91
xllcenter	102.75
yllcenter	31.75
cellsize	0.5
NODATA_value	-9999
[rows 0 to 31 of 91, columns 219 to 291 of 311]
-9999 -9999 -9999 -9999 -9999 -9999 -9999 -9999 -9999 -9999 -9999 -9999 -9999 -9999 -9999 -9999 -9999 -9999 -9999 -9999 -9999 -9999 -9999 -9999 -9999 -9999 -9999 -9999 -9999 -9999 -9999 -9999 -9999 -9999 -9999 -9999 -9999 -9999 -9999 -9999 -9999 -9999 -9999 -9999 -9999 -9999 -9999 -9999 -9999 -9999 -9999 -9999 -9999 -9999 -9999 -9999 -9999 -9999 -9999 -9999 -9999 -9999 -9999 -9999 -9999 -9999 -9999 -9999 -9999 -9999 -9999 -9999 -9999
-9999 -9999 -9999 -9999 -9999 -9999 -9999 -9999 -9999 -9999 -9999 -9999 -9999 -9999 -9999 -9999 -9999 -9999 -9999 -9999 -9999 -9999 -9999 -9999 -9999 -9999 -9999 -9999 -9999 -9999 -9999 -9999 -9999 -9999 -9999 -9999 -9999 -9999 -9999 -9999 -9999 -9999 -9999 -9999 -9999 -9999 -9999 -9999 -9999 -9999 -9999 -9999 -9999 -9999 -9999 -9999 -9999 -9999 -9999 -9999 -9999 -9999 -9999 -9999 -9999 -9999 -9999 -9999 -9999 -9999 -9999 -9999 -9999
-9999 -9999 -9999 -9999 -9999 -9999 -9999 -9999 -9999 -9999 -9999 -9999 -9999 -9999 -9999 -9999 -9999 -9999 -9999 -9999 -9999 -9999 -9999 -9999 -9999 -9999 -9999 -9999 -9999 -9999 -9999 -9999 -9999 -9999 -9999 -9999 -9999 -9999 -9999 -9999 -9999 -9999 -9999 -9999 -9999 -9999 -9999 -9999 -9999 -9999 -9999 -9999 -9999 -9999 -9999 -9999 -9999 -9999 -9999 -9999 -9999 -9999 -9999 -9999 -9999 -9999 -9999 -9999 -9999 -9999 -9999 -9999 -9999
-9999 -9999 -9999 -9999 -9999 -9999 -9999 -9999 -9999 -9999 -9999 -9999 -9999 -9999 -9999 -9999 -9999 -9999 -9999 -9999 -9999 -9999 -9999 -9999 -9999 -9999 -9999 -9999 -9999 -9999 -9999 -9999 -9999 -9999 -9999 -9999 -9999 -9999 -9999 -9999 -9999 -9999 -9999 -9999 -9999 -9999 -9999 -9999 -9999 -9999 -9999 -9999 -9999 -9999 -9999 -9999 -9999 -9999 -9999 -9999 -9999 -9999 -9999 -9999 -9999 -9999 -9999 -9999 -9999 -9999 -9999 -9999 -9999
-9999 -9999 -9999 -9999 -9999 -9999 -9999 -9999 -9999 -9999 -9999 -9999 -9999 -9999 -9999 -9999 -9999 -9999 -9999 -9999 -9999 -9999 -9999 -9999 -9999 -9999 -9999 -9999 -9999 -9999 -9999 -9999 -9999 -9999 -9999 -9999 -9999 -9999 -9999 -9999 -9999 -9999 -9999 -9999 -9999 -9999 -9999 -9999 -9999 -9999 -9999 -9999 -9999 -9999 -9999 -9999 -9999 -9999 -9999 -9999 -9999 -9999 -9999 -9999 -9999 -9999 -9999 -9999 -9999 -9999 -9999 -9999 -9999
-9999 -9999 -9999 -9999 -9999 -9999 -9999 -9999 -9999 -9999 -9999 -9999 -9999 -9999 -9999 -9999 -9999 -9999 -9999 -9999 -9999 -9999 -9999 -9999 -9999 -9999 -9999 -9999 -9999 -9999 -9999 -9999 -9999 -9999 -9999 -9999 -9999 -9999 -9999 -9999 -9999 -9999 -9999 -9999 -9999 -9999 -9999 -9999 -9999 -9999 -9999 -9999 -9999 -9999 -9999 -9999 -9999 -9999 -9999 -9999 -9999 -9999 -9999 -9999 -9999 -9999 -9999 -9999 -9999 -9999 -9999 -9999 -9999
-9999 -9999 -9999 -9999 -9999 -9999 -9999 -9999 -9999 -9999 -9999 -9999 -9999 -9999 -9999 -9999 -9999 -9999 -9999 -9999 -9999 -9999 -9999 -9999 -9999 -9999 -9999 -9999 -9999 -9999 -9999 -9999 -9999 -9999 -9999 -9999 -9999 -9999 -9999 -9999 -9999 -9999 -9999 -9999 -9999 -9999 -9999 -9999 -9999 -9999 -9999 -9999 -9999 -9999 -9999 -9999 -9999 -9999 -9999 -9999 -9999 -9999 -9999 -9999 -9999 -9999 -9999 -9999 -9999 -9999 -9999 -9999 -9999
-9999 -9999 -9999 -9999 -9999 -9999 -9999 -9999 -9999 -9999 -9999 -9999 -9999 -9999 -9999 -9999 -9999 -9999 -9999 -9999 -9999 -9999 -9999 -9999 -9999 -9999 -9999 -9999 -9999 -9999 -9999 -9999 -9999 -9999 -9999 -9999 -9999 -9999 -9999 -9999 -9999 -9999 -9999 -9999 -9999 -9999 -9999 -9999 -9999 -9999 -9999 -9999 -9999 -9999 -9999 -9999 -9999 -9999 -9999 -9999 -9999 -9999 -9999 -9999 -9999 -9999 -9999 -9999 -9999 -9999 -9999 -9999 -9999
-9999 -9999 -9999 -9999 -9999 -9999 -9999 -9999 -9999 -9999 -9999 -9999 -9999 -9999 -9999 -9999 -9999 -9999 -9999 -9999 -9999 -9999 -9999 -9999 -9999 -9999 -9999 -9999 -9999 -9999 -9999 -9999 -9999 -9999 -9999 -9999 -9999 -9999 -9999 -9999 -9999 -9999 -9999 -9999 -9999 -9999 -9999 -9999 -9999 -9999 -9999 -9999 -9999 -9999 -9999 -9999 -9999 -9999 -9999 -9999 -9999 -9999 -9999 -9999 -9999 -9999 -9999 -9999 -9999 -9999 -9999 -9999 -9999
-9999 -9999 -9999 -9999 -9999 -9999 -9999 -9999 -9999 -9999 -9999 -9999 -9999 -9999 -9999 -9999 -9999 -9999 -9999 -9999 -9999 -9999 -9999 -9999 -9999 -9999 -9999 -9999 -9999 -9999 -9999 -9999 -9999 -9999 -9999 -9999 -9999 -9999 -9999 -9999 -9999 -9999 -9999 -9999 -9999 -9999 -9999 -9999 -9999 -9999 -9999 -9999 -9999 -9999 -9999 -9999 -9999 -9999 -9999 -9999 -9999 -9999 -9999 -9999 -9999 -9999 -9999 -9999 -9999 -9999 -9999 -9999 -9999
-9999 -9999 -9999 -9999 -9999 -9999 -9999 -9999 -9999 -9999 -9999 -9999 -9999 -9999 -9999 -9999 -9999 -9999 -9999 -9999 -9999 -9999 -9999 -9999 -9999 -9999 -9999 -9999 -9999 -9999 -9999 -9999 -9999 -9999 -9999 -9999 -9999 -9999 -9999 -9999 -9999 -9999 -9999 -9999 -9999 -9999 -9999 -9999 -9999 -9999 -9999 -9999 -9999 -9999 -9999 -9999 -9999 -9999 -9999 -9999 -9999 -9999 -9999 -9999 -9999 -9999 -9999 -9999 -9999 -9999 -9999 -9999 -9999
-9999 -9999 -9999 -9999 -9999 -9999 -9999 -9999 -9999 -9999 -9999 -9999 -9999 -9999 -9999 -9999 -9999 -9999 -9999 -9999 -9999 -9999 -9999 -9999 -9999 -9999 -9999 -9999 -9999 -9999 -9999 -9999 -9999 -9999 -9999 -9999 -9999 -9999 -9999 -9999 -9999 -9999 -9999 -9999 -9999 -9999 -9999 -9999 -9999 -9999 -9999 -9999 -9999 -9999 -9999 -9999 -9999 -9999 -9999 -9999 -9999 -9999 -9999 -9999 -9999 -9999 -9999 -9999 -9999 -9999 -9999 -9999 -9999
-9999 -9999 -9999 -9999 -9999 -9999 -9999 -9999 -9999 -9999 -9999 -9999 -9999 -9999 -9999 -9999 -9999 -9999 -9999 -9999 -9999 -9999 -9999 -9999 -9999 -9999 -9999 -9999 -9999 -9999 -9999 -9999 -9999 -9999 -9999 -9999 -9999 -9999 -9999 -9999 -9999 -9999 -9999 -9999 -9999 -9999 -9999 -9999 -9999 -9999 -9999 -9999 -9999 -9999 -9999 -9999 -9999 -9999 -9999 -9999 -9999 -9999 -9999 -9999 -9999 -9999 -9999 -9999 -9999 -9999 -9999 -9999 -9999
-9999 -9999 -9999 -9999 -9999 -9999 -9999 -9999 -9999 -9999 -9999 -9999 -9999 -9999 -9999 -9999 -9999 -9999 -9999 -9999 -9999 -9999 -9999 -9999 -9999 -9999 -9999 -9999 -9999 -9999 -9999 -9999 -9999 -9999 -9999 -9999 -9999 -9999 -9999 -9999 -9999 0.26998 -9999 -9999 -9999 -9999 -9999 -9999 -9999 -9999 -9999 -9999 -9999 -9999 -9999 -9999 -9999 -9999 -9999 -9999 -9999 -9999 -9999 -9999 -9999 -9999 -9999 -9999 -9999 -9999 -9999 -9999 -9999
0.01369 0.01709 0.03979 0.09990 0.10553 0.33834 0.35322 0.44787 0.42831 0.41537 0.43849 0.28325 2.19966 -9999 -9999 -9999 -9999 -9999 -9999 -9999 -9999 -9999 -9999 -9999 -9999 -9999 -9999 -9999 -9999 -9999 -9999 -9999 -9999 -9999 -9999 -9999 0.03195 0.01544 0.00152 0.05466 0.14426 0.14701 0.14504 -9999 -9999 -9999 0.70767 -9999 -9999 -9999 0.63080 0.72531 0.81675 -9999 -9999 -9999 -9999 -9999 -9999 -9999 -9999 -9999 -9999 -9999 -9999 -9999 -9999 -9999 -9999 -9999 -9999 -9999 -9999
0.00357 0.01748 0.10900 0.25497 0.31426 0.80055 0.84572 1.17880 1.29635 1.11084 0.93817 0.84882 0.41469 0.33996 0.28594 0.38351 0.49838 0.55170 0.28119 -9999 -9999 -9999 -9999 -9999 0.13668 0.08360 0.06647 0.12803 0.16239 0.18463 0.05568 0.00931 0.00590 0.00292 0.00120 0.00230 0.02803 0.04834 0.11613 0.13307 0.32518 0.42337 0.27547 0.36319 0.45700 0.55367 0.66866 0.69660 0.64413 0.67638 0.78376 0.94280 1.37807 1.35141 1.14971 0.93526 1.03175 0.85018 -9999 -9999 -9999 -9999 -9999 -9999 -9999 -9999 -9999 -9999 -9999 -9999 -9999 -9999 -9999
0.66245 1.17873 1.36974 1.31504 1.30745 1.54997 1.18580 1.79954 1.25397 1.38589 0.67298 0.48654 0.21148 0.16480 0.43020 0.32313 0.95749 0.61142 0.47721 0.50996 0.37303 0.34931 0.24633 0.14854 0.08815 0.12019 0.07610 0.07596 0.01830 0.02014 0.02549 0.01217 0.00712 0.00681 0.00324 0.00605 0.02991 0.06296 0.14086 0.14809 0.18864 0.19980 0.24038 0.27250 0.36373 0.45401 0.53293 0.57485 0.63576 0.62351 0.57562 0.63153 0.67964 0.69461 0.76173 0.81752 0.98119 1.22688 1.14537 1.10497 0.90923 0.87335 0.84785 0.84672 0.78930 0.65739 -9999 -9999 -9999 -9999 -9999 -9999 -9999
1.18248 0.69837 0.69343 0.27797 0.01776 0.00614 0.14102 0.03368 0.00150 0.00039 0.00072 0.00083 0.20622 0.24916 0.31286 0.41410 0.63348 0.98295 0.21386 0.33026 0.72908 0.33605 0.28934 0.23349 0.18035 0.16755 0.06988 0.07807 0.01596 0.01726 0.03465 0.03345 0.03579 0.02490 0.00740 0.01179 0.03812 0.03392 0.04364 0.06357 0.09285 0.10885 0.12541 0.12522 0.17713 0.24947 0.31565 0.47843 0.48554 0.51422 0.50108 0.48102 0.53856 0.52190 0.57407 0.58948 0.88241 0.99420 0.81034 0.86280 0.83396 0.92960 0.96192 0.96332 0.93795 0.73061 -9999 0.34457 -9999 -9999 -9999 -9999 -9999
0.15193 0.04530 0.00289 0.00383 0.00885 0.01567 0.00083 0.00468 0.00171 0.00535 0.00761 0.00296 0.09459 0.05799 0.28480 0.53667 0.98473 0.46064 0.12890 0.14336 0.38592 0.54738 0.39613 0.27263 0.12421 0.10952 0.06104 0.00821 0.00723 0.00781 0.01160 0.03051 0.01395 0.01508 0.00307 0.00471 0.00614 0.00832 0.01273 0.04078 0.11368 0.10586 0.08255 0.09197 0.12679 0.17793 0.22949 0.24647 0.30048 0.38144 0.39852 0.46416 0.46401 0.45495 0.40159 0.45821 0.80651 0.83977 0.89750 1.02021 0.70769 0.77416 0.79870 0.78923 0.92274 0.97422 0.75781 -9999 -9999 -9999 -9999 -9999 -9999
0.11718 0.12432 0.04179 0.00733 0.00760 0.00294 0.00493 0.00127 0.00374 0.00220 0.00234 0.00373 0.54248 0.53683 0.31246 0.56206 0.24907 0.28396 0.10340 0.09320 0.12337 0.11151 0.28361 0.18289 0.05214 0.04665 0.04715 0.02448 0.85303 0.76943 0.84323 0.85134 0.83422 0.89036 0.82931 0.77815 0.74563 0.74318 0.67294 0.78109 0.72873 0.81179 0.96167 1.04757 1.14885 0.20613 0.31397 0.35809 0.10326 0.13012 0.19460 0.25521 0.42904 0.52078 0.43698 1.52386 1.61431 1.60230 1.60137 1.65447 1.91398 0.61655 0.48068 1.12141 1.24253 0.87519 0.99727 0.63949 -9999 -9999 -9999 -9999 -9999
0.02546 0.00837 0.00063 0.00028 0.00091 0.00120 0.00086 0.00056 0.00027 0.00324 0.01313 0.01608 0.14685 0.06481 0.02615 0.04810 0.06766 0.04377 0.01373 0.06250 0.14554 0.14584 0.08295 0.08498 0.04344 0.02698 0.09661 0.07897 0.04947 0.00363 0.00064 0.00435 0.02577 0.01967 1.13224 1.07123 0.89712 0.79465 0.71332 0.76239 0.81458 0.84220 1.02496 1.07770 1.13772 1.16966 1.13245 1.12858 1.07748 1.08426 1.01944 1.04767 1.17145 1.11781 0.33621 1.47023 1.21123 1.31310 1.41428 1.48831 0.55511 0.72431 0.73681 0.85082 1.08979 1.17752 1.18071 1.13702 0.62736 0.68644 0.69046 0.72529 -9999
0.00126 0.00226 0.00133 0.00068 0.00106 0.00033 0.00017 0.00013 0.00066 0.00082 0.00195 0.00218 0.25248 0.18121 0.00781 0.00516 0.00030 0.00090 0.00077 0.05517 0.04616 0.08030 0.05454 0.05053 0.06782 0.02789 0.05585 0.08695 0.08622 0.04869 0.03883 0.02802 0.07624 0.08203 0.12458 0.10600 0.82660 0.83653 0.92690 0.12480 0.02113 0.06098 1.15964 1.33881 1.39858 1.16801 1.13783 1.12403 1.12826 1.13384 0.96758 0.93947 0.99701 1.18491 1.52175 1.27250 1.21334 1.29096 1.38716 1.21820 0.19168 0.38601 0.32638 0.54114 0.77074 0.79367 0.68317 0.68434 0.82594 0.68621 0.59084 0.63191 0.62574
2.31761 2.47728 1.63279 0.78235 0.29376 0.06891 0.02004 0.00028 0.00376 0.00957 0.09185 0.01906 0.18750 0.23384 0.00038 0.00005 0.00000 0.00000 0.00006 0.00333 0.00312 0.00706 0.00413 0.05704 0.02252 0.04921 0.01186 0.00098 0.03255 0.01458 0.01182 0.01306 0.05469 0.01657 0.00455 0.00830 0.17125 0.17961 1.18119 1.16593 1.03493 1.02559 1.27002 1.34431 0.17245 0.21451 1.41048 1.53737 1.10440 1.00122 1.00648 1.23780 1.23368 1.70755 1.70773 1.12123 1.00973 1.00050 0.88436 0.80730 0.15413 0.17139 0.29807 0.42175 0.46099 0.46607 0.55372 0.55985 0.66067 0.75307 0.89755 0.55386 0.61102
2.28384 2.25805 1.66494 1.56922 1.33829 1.29236 1.01063 0.73751 0.66495 0.18874 0.02984 0.00716 0.26754 0.29156 0.02470 0.00000 0.00000 0.00011 0.00067 0.00039 0.00087 0.00438 0.00733 0.01101 0.03547 0.00469 0.00459 0.00490 0.02299 0.04573 0.04303 0.07645 0.04851 0.05724 0.12425 0.14483 0.16560 0.20520 0.23339 0.29256 0.28750 0.32294 0.83795 1.77032 1.48145 1.40408 1.22513 0.04603 1.05411 1.02747 1.03156 1.57828 1.39460 1.29432 1.11689 0.95992 0.84373 0.86088 0.78296 0.82533 0.11072 0.10006 0.15861 0.18147 0.22170 0.33097 0.43978 0.50255 0.51495 0.61757 0.64117 0.86731 0.64617
0.18590 0.34756 1.32811 1.19982 1.17434 1.23596 1.62308 1.52563 1.31484 0.88487 0.26173 0.00327 0.00448 0.27885 0.30322 0.27747 0.25914 0.29612 0.00093 0.00006 0.00056 0.00066 0.00601 0.01404 0.01519 0.06633 0.06136 0.10744 0.10933 0.12449 0.18416 0.24654 0.25230 0.22272 0.41136 0.38379 0.33556 0.42431 0.57812 0.60893 0.52871 0.58382 0.42690 0.47067 0.50524 0.47850 1.31905 0.87078 0.03693 0.86212 0.88040 1.05041 0.95967 0.92775 0.96138 0.96703 0.81420 0.65933 0.67878 0.75650 0.97525 0.03922 0.10138 0.09147 0.09522 0.13749 0.26991 0.44065 0.42722 0.54201 0.55249 0.67253 0.57620
1.06450 1.16234 0.93903 0.50107 0.50103 0.73476 1.17678 1.78491 2.03330 0.25521 0.01809 0.00511 0.01132 0.00855 0.00711 0.01844 0.00635 0.03114 0.02183 0.22212 0.00688 0.00022 0.00165 0.00241 0.00266 0.00369 0.00612 0.00430 0.00976 0.02024 0.04374 0.11339 0.13359 0.44521 0.36351 0.45379 0.41275 0.57539 0.61166 0.78905 0.81408 0.60875 0.52132 0.52714 0.54715 0.49724 0.22825 1.32708 0.90659 0.04338 1.12711 0.89196 0.91090 0.93308 0.91693 0.92080 0.78244 0.64460 0.60763 0.66259 1.03150 0.95373 0.79893 0.06481 0.05840 0.09465 0.13543 0.27214 0.31173 0.40983 0.45727 0.55086 0.54246
3.84092 3.68905 3.66681 4.03638 3.88634 3.98376 2.36245 0.63309 0.59916 0.09454 0.02238 0.00191 0.07520 0.00435 0.01081 0.02128 0.02204 0.03126 0.00326 0.00177 0.00261 0.00450 0.00828 0.01040 0.00504 0.00460 0.00232 0.00272 0.00409 0.00718 0.01853 0.02261 0.07578 0.18479 0.27618 0.23116 0.62326 0.92874 0.94481 0.92430 0.84883 0.92407 0.66151 0.55397 0.49306 0.52691 0.36481 0.25763 1.44573 0.08991 1.17925 1.14741 1.12175 1.19509 1.06376 1.08084 0.95004 0.87308 0.89145 0.88225 0.85138 0.75498 0.80697 0.83355 0.01799 0.04364 0.06347 0.08747 0.18544 0.22523 0.33625 0.46900 0.84522
3.05697 3.26710 3.16333 3.24000 4.34057 3.04541 3.66433 4.75449 4.49613 0.92457 0.01105 0.00834 0.58018 0.37091 0.18603 0.31816 0.13959 0.16150 0.00212 0.00137 0.00076 0.00177 0.00222 0.00328 0.00407 0.00215 0.00158 0.00078 0.00115 0.00732 0.02138 0.03155 0.09189 0.17240 0.16628 0.42599 0.93432 1.01568 1.14200 1.41273 1.55290 1.43376 0.87200 0.67939 0.65061 0.53794 0.54086 0.46732 1.81562 0.20380 0.18801 1.21783 1.33845 1.28364 1.21924 1.35771 1.24093 1.04695 0.92948 0.88172 0.78568 0.85146 1.04112 1.08404 0.76871 0.66884 0.82326 0.11225 0.23502 0.29409 0.35649 0.40929 0.65671
2.56594 1.92881 1.69851 1.67920 1.89352 1.88074 1.23629 2.44307 2.19303 2.87197 1.67752 0.01146 1.69915 1.38567 1.24015 1.07165 0.78221 0.25932 0.00097 0.00060 0.00187 0.00201 0.00184 0.00466 0.01784 0.00480 0.00227 0.00060 0.00043 0.00129 0.01301 0.04863 0.07509 0.14452 0.30328 0.33852 0.87980 1.25754 1.37320 1.68055 1.93872 1.92744 1.67177 1.61552 1.16844 0.86910 0.78659 0.69156 1.98643 0.46553 0.35129 1.70209 1.65430 1.62016 0.30111 0.19692 0.18833 0.14820 0.12162 1.13642 1.05751 0.90323 0.70404 1.03117 1.29018 1.51991 1.02239 1.01619 1.21592 1.45947 1.88728 0.64050 0.43843
2.49775 1.97284 0.44576 0.48595 0.27044 0.44380 3.65561 3.51567 3.36117 3.82745 4.10191 3.25360 3.28731 2.82585 2.82114 3.88376 2.77224 1.02942 0.11820 0.01364 0.00329 0.00005 0.00059 0.00531 0.00345 0.00046 0.00016 0.00209 0.00097 0.00600 0.02490 0.03685 0.08173 0.20803 0.35240 0.50967 0.81154 1.80438 1.58937 2.16050 2.34434 2.18183 2.12519 1.87134 1.58746 1.17175 0.95519 1.25576 1.05746 1.07887 2.65471 2.33416 2.08150 1.85993 1.80288 1.48286 1.27910 1.33739 0.23551 0.19274 1.24847 1.19067 1.47726 1.58850 1.76061 1.88332 2.03944 1.30181 1.60252 1.60693 1.69515 1.78270 0.17729
2.71488 2.80645 2.99486 2.42689 1.34094 0.51704 2.25625 3.99020 5.14064 5.10222 4.90930 3.89240 4.05982 4.02725 3.78532 4.26235 3.60058 1.41651 0.41331 0.09499 0.02875 0.04332 0.01049 0.02839 0.01193 0.00509 0.00315 0.00172 0.02995 0.06671 0.04911 0.13792 0.30637 0.45118 0.50672 1.46459 2.58204 2.51322 2.16927 2.82209 2.60109 2.28589 2.13253 1.89021 1.81995 1.61328 1.22518 1.45416 1.80843 1.46972 3.15748 2.68726 2.45196 2.08912 2.31380 2.30512 2.00833 1.73213 1.60632 1.56449 1.65453 1.89705 2.32620 2.60217 2.74331 2.56352 1.86754 2.23786 1.47700 1.60406 1.95894 1.41524 2.22741
-9999 9.75397 6.24542 3.98634 3.74406 3.02829 3.67481 3.58965 3.62287 3.72676 3.37388 4.09936 4.57816 3.94069 4.28700 3.88757 4.84225 4.48286 3.21122 1.00477 0.47442 0.27170 0.27204 0.13047 0.10391 0.04119 0.00544 0.00865 0.03334 0.05403 0.15392 0.20058 0.25218 0.78916 1.02015 1.16525 3.79604 3.07946 2.16949 2.40433 2.34223 2.07970 2.21859 2.35409 2.43656 2.17469 2.01873 1.84995 2.23057 2.17754 2.62358 2.29153 2.04630 2.00887 1.84821 1.57301 1.46506 1.20973 1.00507 0.80825 0.75930 1.31006 1.71585 2.40353 2.36191 2.52596 2.43565 2.16382 3.02912 3.48740 2.82744 2.23094 2.29700
