data/hydroclimate-scenarios/1948-2000.Pcorr55N_Pref_Tref/monthly_summaries/baseflow_monthly_tot_jan.1950-2000.asc
ncols	311
nrows	91
xllcenter	102.75
yllcenter	31.75
cellsize	0.5
NODATA_value	-9999
[rows 0 to 31 of 91, columns 73 to 145 of 311]
-9999 -9999 -9999 -9999 -9999 -9999 -9999 -9999 -9999 -9999 -9999 -9999 -9999 -9999 -9999 -9999 -9999 -9999 -9999 -9999 -9999 -9999 -9999 -9999 -9999 -9999 -9999 -9999 -9999 -9999 -9999 -9999 -9999 -9999 -9999 -9999 -9999 -9999 -9999 -9999 -9999 -9999 -9999 -9999 -9999 -9999 -9999 -9999 -9999 -9999 -9999 -9999 -9999 -9999 -9999 -9999 -9999 -9999 -9999 -9999 -9999 -9999 -9999 -9999 -9999 -9999 -9999 -9999 -9999 -9999 -9999 -9999 -9999
-9999 -9999 -9999 -9999 -9999 -9999 -9999 -9999 -9999 -9999 -9999 -9999 -9999 -9999 -9999 -9999 -9999 -9999 -9999 -9999 -9999 -9999 -9999 -9999 -9999 -9999 -9999 -9999 -9999 -9999 -9999 -9999 -9999 -9999 -9999 -9999 -9999 -9999 -9999 -9999 -9999 -9999 -9999 -9999 -9999 -9999 -9999 -9999 -9999 -9999 -9999 -9999 -9999 -9999 -9999 -9999 -9999 -9999 -9999 -9999 -9999 -9999 -9999 -9999 -9999 -9999 -9999 -9999 -9999 -9999 -9999 -9999 -9999
-9999 -9999 -9999 -9999 -9999 -9999 -9999 -9999 -9999 -9999 -9999 -9999 -9999 -9999 -9999 -9999 -9999 -9999 -9999 -9999 -9999 -9999 -9999 -9999 -9999 -9999 -9999 -9999 -9999 -9999 -9999 -9999 -9999 -9999 -9999 -9999 -9999 -9999 -9999 -9999 -9999 -9999 -9999 -9999 -9999 -9999 -9999 -9999 -9999 -9999 -9999 -9999 -9999 -9999 -9999 -9999 -9999 -9999 -9999 -9999 -9999 -9999 -9999 -9999 -9999 -9999 -9999 -9999 -9999 -9999 -9999 -9999 -9999
-9999 -9999 -9999 -9999 -9999 -9999 -9999 -9999 -9999 -9999 -9999 -9999 -9999 -9999 -9999 -9999 -9999 -9999 -9999 -9999 -9999 -9999 -9999 -9999 -9999 -9999 -9999 -9999 -9999 -9999 -9999 -9999 -9999 -9999 -9999 -9999 -9999 -9999 -9999 -9999 -9999 -9999 -9999 -9999 -9999 -9999 -9999 -9999 -9999 -9999 -9999 -9999 -9999 -9999 -9999 -9999 -9999 -9999 -9999 -9999 -9999 -9999 -9999 -9999 -9999 -9999 -9999 -9999 -9999 -9999 -9999 -9999 -9999
-9999 -9999 -9999 -9999 -9999 -9999 -9999 -9999 -9999 -9999 -9999 -9999 -9999 -9999 -9999 -9999 -9999 -9999 -9999 -9999 -9999 -9999 -9999 -9999 -9999 -9999 -9999 -9999 -9999 -9999 -9999 -9999 -9999 -9999 -9999 -9999 -9999 -9999 -9999 -9999 -9999 -9999 -9999 -9999 -9999 -9999 -9999 -9999 -9999 -9999 -9999 -9999 -9999 -9999 -9999 -9999 -9999 -9999 -9999 -9999 -9999 -9999 -9999 -9999 -9999 -9999 -9999 -9999 -9999 -9999 -9999 -9999 -9999
-9999 -9999 -9999 -9999 -9999 -9999 -9999 -9999 -9999 -9999 -9999 -9999 -9999 -9999 -9999 -9999 -9999 -9999 -9999 -9999 -9999 -9999 -9999 -9999 -9999 -9999 -9999 -9999 -9999 -9999 -9999 -9999 -9999 -9999 -9999 -9999 -9999 -9999 -9999 -9999 -9999 -9999 -9999 -9999 -9999 -9999 -9999 -9999 -9999 -9999 -9999 -9999 -9999 -9999 -9999 -9999 -9999 -9999 -9999 -9999 -9999 -9999 -9999 -9999 -9999 -9999 -9999 -9999 -9999 -9999 -9999 -9999 -9999
-9999 -9999 -9999 -9999 -9999 -9999 -9999 -9999 -9999 -9999 -9999 -9999 -9999 -9999 -9999 -9999 -9999 -9999 -9999 -9999 -9999 -9999 -9999 -9999 -9999 -9999 -9999 -9999 -9999 -9999 -9999 -9999 -9999 -9999 -9999 -9999 -9999 -9999 -9999 -9999 -9999 -9999 -9999 -9999 -9999 -9999 -9999 -9999 -9999 -9999 -9999 -9999 -9999 -9999 -9999 -9999 -9999 -9999 -9999 -9999 -9999 -9999 -9999 -9999 -9999 -9999 -9999 -9999 -9999 -9999 -9999 -9999 -9999
-9999 -9999 -9999 -9999 -9999 -9999 -9999 -9999 -9999 -9999 -9999 -9999 -9999 -9999 -9999 -9999 -9999 -9999 -9999 -9999 -9999 -9999 -9999 -9999 -9999 -9999 -9999 -9999 -9999 -9999 -9999 -9999 -9999 -9999 -9999 -9999 -9999 -9999 -9999 -9999 -9999 -9999 -9999 -9999 -9999 -9999 -9999 -9999 -9999 -9999 -9999 -9999 -9999 -9999 -9999 -9999 -9999 -9999 -9999 -9999 -9999 -9999 -9999 -9999 -9999 -9999 -9999 -9999 -9999 -9999 -9999 -9999 -9999
-9999 -9999 -9999 -9999 0.20482 -9999 -9999 -9999 -9999 -9999 -9999 -9999 -9999 -9999 -9999 -9999 -9999 -9999 -9999 -9999 -9999 -9999 -9999 -9999 -9999 -9999 -9999 -9999 -9999 -9999 -9999 -9999 -9999 -9999 -9999 -9999 -9999 -9999 -9999 -9999 -9999 -9999 -9999 -9999 -9999 -9999 -9999 -9999 -9999 -9999 -9999 -9999 -9999 -9999 -9999 -9999 -9999 -9999 -9999 -9999 -9999 -9999 -9999 -9999 -9999 -9999 -9999 -9999 -9999 -9999 -9999 -9999 -9999
0.78847 0.02881 0.07629 0.15474 0.15632 0.26064 0.19513 0.25360 0.30701 0.28218 0.20492 0.23090 0.12684 0.19295 0.25180 0.20064 0.26974 0.29329 0.38517 0.40225 -9999 -9999 -9999 -9999 -9999 -9999 -9999 -9999 -9999 -9999 -9999 -9999 -9999 -9999 -9999 -9999 -9999 -9999 -9999 -9999 -9999 -9999 -9999 -9999 -9999 -9999 -9999 -9999 -9999 -9999 -9999 -9999 -9999 -9999 -9999 -9999 -9999 -9999 -9999 -9999 -9999 -9999 -9999 -9999 -9999 -9999 -9999 -9999 -9999 -9999 -9999 -9999 -9999
-9999 -9999 0.02851 0.03235 0.03352 0.04558 0.06649 0.09022 0.13173 0.15382 0.19934 0.18935 0.17844 0.20089 0.28422 0.37126 0.36272 0.40200 0.41477 0.34663 -9999 -9999 -9999 -9999 -9999 -9999 -9999 -9999 -9999 -9999 -9999 -9999 -9999 -9999 -9999 -9999 -9999 -9999 -9999 -9999 -9999 -9999 -9999 -9999 -9999 -9999 -9999 -9999 -9999 -9999 -9999 -9999 -9999 -9999 -9999 -9999 -9999 -9999 -9999 -9999 -9999 -9999 -9999 -9999 -9999 -9999 -9999 -9999 -9999 -9999 -9999 -9999 -9999
0.02544 0.02972 0.00889 0.01927 0.02614 0.03367 0.04458 0.07871 0.08375 0.09013 0.11203 0.14275 0.18813 0.22295 0.33075 0.42258 0.41950 0.37067 0.66411 1.22200 0.18400 0.16424 0.10062 0.08236 0.03375 0.09771 -9999 -9999 -9999 -9999 -9999 -9999 -9999 -9999 -9999 -9999 -9999 -9999 -9999 -9999 -9999 -9999 -9999 -9999 -9999 -9999 -9999 -9999 -9999 -9999 -9999 -9999 -9999 -9999 -9999 -9999 -9999 -9999 -9999 -9999 -9999 -9999 -9999 -9999 -9999 -9999 -9999 -9999 -9999 -9999 -9999 -9999 -9999
0.04589 0.06363 0.03687 0.04041 0.03875 0.06121 0.02866 0.03576 0.11778 0.17894 0.16637 0.16023 0.18948 0.29124 0.43812 0.49503 1.37070 0.48163 0.53644 0.51606 0.49165 0.30497 0.14759 0.09867 0.05866 0.05768 0.03914 0.02456 0.01922 0.01443 0.01743 0.01758 0.01815 0.01393 0.00452 0.00447 0.00307 0.00262 0.00247 0.00216 0.00378 -9999 -9999 -9999 -9999 -9999 -9999 -9999 -9999 -9999 -9999 -9999 -9999 -9999 -9999 -9999 -9999 -9999 -9999 -9999 -9999 -9999 -9999 -9999 -9999 -9999 -9999 -9999 -9999 -9999 -9999 -9999 -9999
0.00018 0.01369 0.03476 0.01518 0.03408 0.05276 0.02427 0.00767 0.03280 0.16606 0.04585 0.22943 0.26648 0.34348 0.44340 0.50257 0.40676 0.46302 0.64345 0.73722 0.70163 0.14053 0.12066 0.18100 0.10139 0.08746 0.07025 0.05884 0.02398 0.02151 0.01111 0.00771 0.01174 0.01033 0.00617 0.00523 0.00399 0.00369 0.00505 0.00625 0.00685 0.60945 -9999 -9999 -9999 -9999 -9999 -9999 -9999 -9999 -9999 -9999 -9999 -9999 -9999 -9999 -9999 -9999 -9999 -9999 -9999 -9999 -9999 -9999 -9999 -9999 -9999 -9999 -9999 -9999 -9999 -9999 -9999
0.05138 0.56374 0.11786 0.08643 0.20009 0.15708 0.24864 0.21644 0.21335 0.17743 0.17865 0.16249 0.23340 0.34742 0.41207 0.54761 0.45797 1.80666 0.74290 0.70433 0.49884 0.38401 0.30891 0.40336 0.16936 0.08521 0.07735 0.08065 0.04746 0.03683 0.01913 0.02017 0.02317 0.02498 0.01331 0.01388 0.01380 0.01606 0.00905 0.01307 0.01419 0.00647 -9999 -9999 -9999 -9999 -9999 -9999 -9999 -9999 -9999 -9999 -9999 -9999 -9999 -9999 -9999 0.01715 0.02690 -9999 -9999 -9999 -9999 0.25476 0.75974 1.28094 1.20859 0.40773 0.31679 0.35679 0.44634 1.38687 1.37295
0.06743 0.46765 0.05952 0.04071 0.05541 0.18245 0.21231 0.23511 0.06831 0.07832 0.12814 0.24596 0.34801 0.33207 0.28582 0.21966 1.66775 0.36356 0.42951 0.47984 0.37218 0.16447 0.12893 0.09103 0.02250 0.03349 0.07591 0.07144 0.05639 0.04168 0.02340 0.01285 0.00813 0.01898 0.00886 0.00832 0.00855 0.22171 0.62432 0.58094 0.73542 0.19263 0.16931 0.15505 0.56778 0.02540 0.22005 0.38787 0.14741 0.15172 0.15054 0.06017 0.19558 0.05376 0.00332 0.00270 0.06038 0.05383 0.01657 -9999 -9999 -9999 -9999 -9999 0.11962 0.57300 0.92945 1.28900 1.42368 0.89826 1.05201 1.12814 1.17552
0.17604 0.50138 0.03209 0.13035 0.16484 0.08005 0.03067 0.02219 0.01970 0.02377 0.04489 0.10580 0.16039 0.63588 0.16924 0.22745 0.17480 0.12171 0.13942 0.14016 0.11391 0.08204 0.08472 0.07848 0.05035 0.05536 0.03843 0.03851 0.03093 0.01781 0.01177 0.01722 0.03472 0.03289 0.02868 0.02803 0.89266 0.51697 0.01455 0.93737 0.03316 0.03273 0.02536 0.02105 0.02443 0.02958 0.09821 0.18204 0.11305 0.04390 0.09992 0.40565 0.71014 0.22144 0.44677 0.59204 0.22916 0.04422 0.04771 0.08939 0.10456 0.09504 0.11855 0.17121 0.18133 0.43251 0.55727 0.74872 1.48416 0.87900 1.49502 1.89650 1.93075
0.12695 0.44175 0.67426 0.30140 0.25181 0.35459 0.02675 0.01457 0.00980 0.00901 0.02476 0.45784 0.19608 0.25837 0.17557 0.11675 0.10164 0.25785 0.09426 0.06222 0.05094 0.04214 0.06766 0.05582 0.04998 0.04775 0.04339 0.05416 0.03371 0.02924 0.01011 0.00761 0.02359 0.02284 0.68405 0.01305 0.00918 0.00944 0.01708 0.01938 0.00795 0.01078 0.03480 0.03250 0.03293 0.02096 0.02941 0.03596 0.03588 0.04329 0.09058 0.08550 0.22184 0.56445 0.69721 0.44598 0.35454 0.51619 0.38555 0.73405 0.37833 0.07359 0.14880 0.38099 0.25512 0.30549 0.59142 1.22360 1.39720 1.57957 1.92768 2.17204 2.00579
0.68551 0.00045 0.04814 0.00714 0.00746 0.09816 0.03531 0.01186 0.01906 0.02798 0.02835 0.07062 0.11812 0.10970 0.11111 0.08413 0.11301 0.41923 0.26422 0.12912 0.12705 0.09680 0.05658 0.06018 0.04186 0.04972 0.04242 0.03550 0.03602 0.63585 0.01792 0.00933 0.02386 0.02392 0.02439 0.04879 0.01932 0.02621 0.03410 0.03758 0.16834 0.18958 0.10166 0.02194 0.00656 0.01164 0.01942 0.03293 0.08155 0.09869 0.16608 0.26292 0.09482 0.06651 0.05808 0.69966 0.69997 0.73035 1.14429 1.54515 1.80925 1.09165 0.90322 0.64938 0.57903 0.60398 0.81909 1.09020 1.38228 1.62054 2.39402 2.16362 2.29896
1.19006 0.88763 0.05652 0.00928 0.00110 0.01548 0.03191 0.00659 0.24725 0.40999 0.18807 0.15639 0.11641 0.03467 0.02139 0.04842 0.08096 0.14200 0.25474 0.15885 0.15137 0.14715 0.05816 0.03712 0.03038 0.02151 0.01639 0.31931 0.04419 0.05090 0.03361 0.02139 0.02037 0.01209 0.02858 0.04431 0.04778 0.11283 0.09024 0.05574 0.11207 0.12628 0.12020 0.13998 0.06698 0.02053 0.01253 0.05804 0.16830 0.14945 0.17915 0.09588 0.33524 0.76797 0.87061 1.35690 0.84412 0.56693 0.74487 1.00430 0.83804 1.64041 1.84808 1.14593 1.96629 1.12605 1.06987 1.18950 1.96627 1.52568 1.71594 2.52503 2.70055
0.97530 1.25791 1.37241 0.14699 0.01213 0.00038 0.07688 0.00413 0.03913 0.59763 1.15677 1.26883 0.91016 0.55954 0.16674 0.07870 0.03344 0.05381 0.03936 0.05405 0.03963 0.01664 0.03528 0.04346 0.02358 0.01431 0.02054 0.02473 0.01095 0.01179 0.12751 0.18394 0.13788 0.17453 0.35747 0.41881 0.23868 0.30033 0.15177 0.22442 0.14487 0.10169 0.16502 0.14086 0.06724 0.09127 0.05977 0.04173 0.01225 0.03244 0.12002 0.11264 0.14360 0.24587 0.81705 1.25602 1.01435 1.52904 1.36893 1.21581 0.77849 1.15070 0.89932 1.26243 0.91177 1.19289 1.11234 1.93597 1.54351 1.12419 1.32775 1.92880 1.71365
1.45413 1.52136 1.57629 1.32526 0.93057 0.67515 0.46498 0.07192 0.01487 0.04109 0.29969 0.80502 1.32135 1.45361 1.28190 0.99765 0.35972 0.06418 0.10008 0.08490 0.04116 0.07344 0.11067 0.11256 0.04916 0.06965 0.01708 0.03146 0.02855 0.08020 0.33455 0.20245 0.36521 0.38458 0.29350 0.35782 0.11696 0.59650 0.57710 0.46678 0.19994 0.58095 0.39549 0.50643 0.36553 0.25942 0.28852 0.23929 0.72633 0.59221 1.13813 0.71450 1.00985 0.87721 1.13755 1.15343 1.04375 1.33907 1.07449 1.12110 1.33942 0.89285 1.04436 0.70043 1.84202 1.80266 1.82484 1.76429 1.07760 1.07135 1.49006 1.64379 2.30459
1.49209 1.57042 1.29942 1.48200 1.36387 0.74441 1.02068 0.52515 0.20990 0.18323 0.43955 0.05801 0.30123 0.12690 0.35053 1.33194 1.40390 1.09003 0.61693 0.87776 0.38512 0.14252 0.11825 0.13194 0.13985 0.12687 0.22123 0.14704 0.13257 0.11922 0.23372 0.25951 0.29983 0.09361 0.14534 0.37077 0.73287 0.74168 0.36608 0.20590 0.20878 0.37108 0.65012 0.70926 0.65817 0.36975 0.61635 1.13966 1.33895 1.18052 1.53154 1.83576 1.29423 1.56510 1.41327 1.72112 1.14843 0.80337 0.81684 0.64335 1.05190 0.78246 1.78418 1.39105 1.24770 1.06694 1.13233 1.19704 0.92364 1.09071 1.98010 2.43692 1.88965
1.44239 0.91297 1.39818 1.28202 1.33742 1.30622 1.10166 0.46987 0.09274 0.99706 1.03854 0.74725 1.40438 1.56940 1.51768 0.03898 1.10710 1.67407 1.87760 1.58046 1.18431 0.37754 0.17256 0.15844 0.16743 0.18714 0.19789 0.20619 0.25504 0.24838 0.24739 0.19224 0.07132 0.09470 0.14291 0.18565 0.37833 0.54967 1.18962 0.79388 0.42712 0.31186 0.07622 0.16942 0.17358 0.40408 0.70733 1.05326 1.54132 0.99311 1.27402 1.14858 1.81660 1.87641 1.71479 1.69085 1.37431 1.05653 0.68134 0.63164 0.97953 1.17518 0.96359 0.88555 0.85839 0.82006 1.17414 1.44899 1.11235 1.37746 1.68268 1.83848 2.03523
1.42305 0.91264 1.19299 0.93395 0.58707 0.58488 0.25668 0.29824 0.27299 0.39285 0.26165 0.57591 1.07136 1.37035 1.67590 1.66479 0.79505 0.72544 1.05859 1.24251 0.93073 0.72125 0.43904 0.31565 0.19062 0.11648 0.13852 0.15349 0.16822 0.12898 0.11045 0.11956 0.10343 0.14350 0.33084 0.39527 0.31697 0.53032 1.50683 0.95273 1.16492 0.72321 0.28647 0.31100 0.29288 0.47638 0.79975 1.49729 1.32184 1.31786 1.01384 1.65293 1.48003 1.46382 1.44516 1.35239 1.59025 0.97543 1.07030 1.18758 0.95891 0.64722 0.53429 0.54080 0.61137 1.32653 1.63366 1.68118 1.19995 1.70308 1.80267 2.10983 2.49000
2.16255 1.99465 1.53707 1.00073 0.35976 0.19577 0.07394 0.06390 0.40542 0.96263 0.95945 0.57123 0.28083 0.82476 1.15879 1.45692 1.79823 1.63531 1.18228 0.85379 0.56619 0.77189 0.83214 0.25232 0.23720 0.23696 0.14427 0.19411 0.18065 0.18901 0.06296 0.09535 0.13719 0.20193 0.20147 0.98272 1.06980 1.18196 1.83529 2.15045 1.85894 2.22441 1.29485 0.90382 0.41193 0.48348 0.58045 0.87399 1.44816 0.96510 0.92329 1.14719 1.02954 1.01180 1.03791 1.37859 1.12302 1.20095 1.01010 1.08818 1.08011 1.12026 1.00564 0.76092 0.89362 1.30812 1.22317 1.22072 1.23968 2.25627 2.33965 2.64243 2.79046
2.32417 1.99387 2.01535 1.52740 0.96635 0.42822 0.15151 0.34025 0.32847 0.68946 1.41119 1.14857 0.36271 0.35012 1.02637 1.70665 1.92229 1.89670 1.54293 1.67984 1.25772 1.12252 0.70743 0.26236 0.42398 0.29986 0.12727 0.13236 0.11380 0.20264 0.12958 0.30781 0.57549 0.31035 0.56486 1.34363 0.98141 1.85099 2.44145 2.58227 2.03228 1.63109 1.39240 1.11625 1.76391 0.90871 0.78643 1.57405 1.04460 1.40974 1.41915 1.60414 1.65199 1.70414 1.71871 1.14901 1.06484 1.22513 0.99590 1.23848 1.16877 1.25160 1.33656 0.83671 1.26640 0.84255 1.24134 1.57197 1.60764 1.56007 2.20980 2.01354 1.51660
2.52517 2.49598 2.24247 1.86246 1.02243 0.86428 0.52297 0.24005 0.13516 0.27547 0.61973 1.39912 1.30909 1.31995 1.58037 1.09967 1.39320 1.30830 2.04168 1.57353 1.30618 1.14959 1.00395 0.70793 0.89388 0.46660 0.20748 0.11372 0.19865 0.17741 0.18519 0.36378 0.74758 0.54805 0.75536 1.49666 2.10646 1.73344 1.95760 2.25072 1.89641 2.42429 2.22964 2.22252 1.23074 1.46275 1.60410 1.47922 1.47560 1.59649 1.40825 1.36207 1.59773 1.51972 1.58794 1.34796 1.35298 1.75284 1.28796 1.44661 1.60170 1.29079 1.58401 1.21723 1.28990 1.27503 1.53745 1.42089 1.53317 1.76498 1.78659 2.05860 2.24470
2.60022 2.63996 2.52805 2.49377 1.95886 1.39274 1.07712 1.06964 0.87729 1.06669 0.93224 1.16559 2.03424 1.64097 1.18604 0.78125 1.24266 0.98759 1.05374 1.65490 1.58185 1.32882 0.72703 0.47824 0.42588 0.43679 0.32786 0.18996 0.20922 0.16074 0.22029 0.31829 0.67284 0.56000 1.01978 1.55936 2.33093 2.52914 2.60050 1.89640 2.79424 1.91452 1.58856 1.65190 0.83713 0.31891 0.55840 0.67102 0.60616 0.61703 0.48769 1.30466 1.37388 1.66013 1.54930 1.20117 2.04420 1.14053 1.62170 1.78173 1.23173 1.57747 1.67672 1.70627 1.85754 1.86852 1.68446 1.65893 1.71004 1.80330 2.14939 2.16623 2.70629
2.69932 2.62611 2.54239 2.46419 2.46816 2.14832 2.20845 1.97955 1.87676 2.03258 1.81105 1.77985 2.12972 1.52618 1.62277 1.67993 1.03095 0.96281 1.22164 1.85315 2.20003 1.32805 0.95771 0.43127 0.94807 0.74385 0.84648 0.64059 0.37100 0.42726 0.36043 0.57022 1.12532 1.26494 1.45767 1.64754 2.34065 2.48686 2.41044 1.75286 2.21104 1.61754 0.74830 0.75052 0.49910 0.53459 1.15414 0.71666 -9999 -9999 0.71852 1.57306 1.32517 1.67711 2.26040 1.70955 1.22808 1.32978 1.40040 1.64686 1.86926 2.18345 2.02174 2.34135 2.48518 2.68580 2.13658 2.31525 2.76852 2.43094 2.34354 2.75646 3.06852
2.60216 2.67628 2.77215 2.73861 2.66301 2.52203 2.42677 2.28823 2.20348 2.18853 2.11776 2.15560 2.03996 1.63248 2.34544 2.06219 1.42450 2.12033 1.39875 1.63894 1.82073 1.67168 2.08902 1.91347 1.65467 1.32063 0.70142 0.91876 0.94656 0.82674 0.98317 1.27878 1.73579 1.51887 1.72121 1.55287 1.37331 -9999 -9999 -9999 -9999 0.87993 -9999 0.94507 2.19456 1.44962 1.14635 0.97033 -9999 -9999 1.23297 1.93477 1.97306 1.71522 1.06414 1.04683 1.28711 1.62032 1.57452 1.78531 1.80839 1.79661 1.84469 3.01414 2.70706 2.67056 2.10624 1.97491 2.05088 2.93654 -9999 -9999 -9999
2.59455 2.75299 2.83112 2.44539 2.86024 2.73966 2.15864 2.10213 1.89647 2.06532 2.32572 2.43661 2.18931 1.53541 2.29404 2.46065 2.59668 2.48903 2.62370 2.14192 2.29578 2.30908 1.86644 2.02489 1.64597 2.02640 1.75251 1.52715 1.49511 1.52959 1.89336 1.79160 2.06830 1.51434 1.49322 -9999 -9999 -9999 -9999 -9999 -9999 -9999 1.46604 1.82369 1.55642 -9999 -9999 -9999 -9999 -9999 3.00763 1.85449 1.82387 2.49424 2.70607 2.63851 1.68043 1.89252 1.49861 1.56979 1.68782 2.67070 2.74522 1.68773 2.26083 2.71369 2.23250 1.95818 -9999 -9999 -9999 -9999 -9999
