data/hydroclimate-scenarios/1948-2000.Pcorr55N_Pref_Tref/monthly_summaries/baseflow_monthly_tot_jan.asc
ncols	311
nrows	91
xllcenter	102.75
yllcenter	31.75
cellsize	0.5
NODATA_value	-9999
[rows 0 to 31 of 91, columns 0 to 72 of 311]
-9999 -9999 -9999 -9999 -9999 -9999 -9999 -9999 -9999 -9999 -9999 -9999 -9999 -9999 -9999 -9999 -9999 -9999 -9999 -9999 -9999 -9999 -9999 -9999 -9999 -9999 -9999 -9999 -9999 -9999 -9999 -9999 -9999 -9999 -9999 -9999 -9999 -9999 -9999 -9999 -9999 -9999 -9999 -9999 -9999 -9999 -9999 -9999 -9999 -9999 -9999 -9999 -9999 -9999 -9999 -9999 -9999 -9999 -9999 -9999 -9999 -9999 -9999 -9999 -9999 -9999 -9999 -9999 -9999 -9999 -9999 -9999 -9999
-9999 -9999 -9999 -9999 -9999 -9999 -9999 -9999 -9999 -9999 -9999 -9999 -9999 -9999 -9999 -9999 -9999 -9999 -9999 -9999 -9999 -9999 -9999 -9999 -9999 -9999 -9999 -9999 -9999 -9999 -9999 -9999 -9999 -9999 -9999 -9999 -9999 -9999 -9999 -9999 -9999 -9999 -9999 -9999 -9999 -9999 -9999 -9999 -9999 -9999 -9999 -9999 -9999 -9999 -9999 -9999 -9999 -9999 -9999 -9999 -9999 -9999 -9999 -9999 -9999 -9999 -9999 -9999 -9999 -9999 -9999 -9999 -9999
-9999 -9999 -9999 -9999 -9999 -9999 -9999 -9999 -9999 -9999 -9999 -9999 -9999 -9999 -9999 -9999 -9999 -9999 -9999 -9999 -9999 -9999 -9999 -9999 -9999 -9999 -9999 -9999 -9999 -9999 -9999 -9999 -9999 -9999 -9999 -9999 -9999 -9999 -9999 -9999 -9999 -9999 -9999 -9999 -9999 -9999 -9999 -9999 -9999 -9999 -9999 -9999 -9999 -9999 -9999 -9999 -9999 -9999 -9999 -9999 -9999 -9999 -9999 -9999 -9999 -9999 -9999 -9999 -9999 -9999 -9999 -9999 -9999
-9999 -9999 -9999 -9999 -9999 -9999 -9999 -9999 -9999 -9999 -9999 -9999 -9999 -9999 -9999 -9999 -9999 -9999 -9999 -9999 -9999 -9999 -9999 -9999 -9999 -9999 -9999 -9999 -9999 -9999 -9999 -9999 -9999 -9999 -9999 -9999 -9999 -9999 -9999 -9999 -9999 -9999 -9999 -9999 -9999 -9999 -9999 -9999 -9999 -9999 -9999 -9999 -9999 -9999 -9999 -9999 -9999 -9999 -9999 -9999 -9999 -9999 -9999 -9999 -9999 -9999 -9999 -9999 -9999 -9999 -9999 -9999 -9999
-9999 -9999 -9999 -9999 -9999 -9999 -9999 -9999 -9999 -9999 -9999 -9999 -9999 -9999 -9999 -9999 -9999 -9999 -9999 -9999 -9999 -9999 -9999 -9999 -9999 -9999 -9999 -9999 -9999 -9999 -9999 -9999 -9999 -9999 -9999 -9999 -9999 -9999 -9999 -9999 -9999 -9999 -9999 -9999 -9999 -9999 -9999 -9999 -9999 -9999 -9999 -9999 -9999 -9999 -9999 -9999 -9999 -9999 -9999 -9999 -9999 -9999 -9999 -9999 -9999 -9999 -9999 -9999 -9999 -9999 -9999 -9999 -9999
-9999 -9999 -9999 -9999 -9999 -9999 -9999 -9999 -9999 -9999 -9999 -9999 -9999 -9999 -9999 -9999 -9999 -9999 -9999 -9999 -9999 -9999 -9999 -9999 -9999 -9999 -9999 -9999 -9999 -9999 -9999 -9999 -9999 -9999 -9999 -9999 -9999 -9999 -9999 -9999 -9999 -9999 -9999 -9999 -9999 -9999 -9999 -9999 -9999 -9999 -9999 -9999 -9999 -9999 -9999 -9999 -9999 -9999 -9999 -9999 -9999 -9999 -9999 -9999 -9999 -9999 -9999 -9999 -9999 -9999 -9999 -9999 -9999
-9999 -9999 -9999 -9999 -9999 -9999 -9999 -9999 -9999 -9999 -9999 -9999 -9999 -9999 -9999 -9999 -9999 -9999 -9999 -9999 -9999 -9999 -9999 -9999 -9999 -9999 -9999 -9999 -9999 -9999 -9999 -9999 -9999 -9999 -9999 -9999 -9999 -9999 -9999 -9999 -9999 -9999 -9999 -9999 -9999 -9999 -9999 -9999 -9999 -9999 -9999 -9999 -9999 -9999 -9999 -9999 -9999 -9999 -9999 -9999 -9999 -9999 -9999 -9999 -9999 -9999 -9999 -9999 -9999 -9999 -9999 -9999 -9999
-9999 -9999 -9999 -9999 -9999 -9999 -9999 -9999 -9999 -9999 -9999 -9999 -9999 -9999 -9999 -9999 -9999 -9999 -9999 -9999 -9999 -9999 -9999 -9999 -9999 -9999 -9999 -9999 -9999 -9999 -9999 -9999 -9999 -9999 -9999 -9999 -9999 -9999 -9999 -9999 -9999 -9999 0.58834 0.58976 0.68351 0.54694 0.58050 0.43621 0.29446 0.34248 0.31079 0.27074 -9999 -9999 -9999 -9999 -9999 -9999 -9999 -9999 -9999 -9999 -9999 -9999 -9999 -9999 -9999 -9999 -9999 -9999 -9999 -9999 -9999
-9999 -9999 -9999 -9999 -9999 -9999 -9999 -9999 -9999 -9999 -9999 -9999 -9999 -9999 -9999 -9999 -9999 -9999 -9999 -9999 -9999 -9999 -9999 -9999 -9999 -9999 -9999 -9999 -9999 -9999 -9999 -9999 -9999 -9999 -9999 -9999 -9999 -9999 0.41323 0.81266 0.70095 0.75959 0.78784 0.70076 0.74479 0.60795 0.46680 0.32004 0.31091 0.38336 0.31591 1.44742 0.84071 1.01479 -9999 -9999 -9999 -9999 -9999 -9999 -9999 -9999 -9999 -9999 -9999 -9999 -9999 -9999 -9999 -9999 -9999 -9999 -9999
-9999 -9999 -9999 -9999 -9999 -9999 -9999 -9999 -9999 -9999 -9999 -9999 -9999 -9999 -9999 -9999 -9999 -9999 -9999 -9999 -9999 -9999 -9999 -9999 -9999 -9999 -9999 -9999 -9999 -9999 -9999 -9999 -9999 -9999 -9999 -9999 -9999 -9999 -9999 -9999 0.49378 0.56195 0.69172 0.73968 0.71046 0.88103 0.75805 0.63177 0.41270 0.38206 0.38374 0.48787 0.64092 0.81677 -9999 -9999 -9999 -9999 -9999 -9999 -9999 -9999 -9999 -9999 -9999 -9999 -9999 -9999 -9999 -9999 -9999 -9999 -9999
-9999 -9999 -9999 -9999 -9999 -9999 -9999 -9999 -9999 -9999 -9999 -9999 -9999 -9999 -9999 -9999 -9999 -9999 -9999 -9999 -9999 -9999 -9999 -9999 -9999 -9999 -9999 -9999 -9999 -9999 -9999 -9999 -9999 -9999 -9999 -9999 -9999 -9999 -9999 -9999 -9999 -9999 -9999 -9999 0.80319 0.91899 1.02358 1.17232 0.46910 0.67181 0.88205 1.06159 0.21450 1.10521 -9999 -9999 -9999 -9999 -9999 -9999 0.00656 -9999 -9999 -9999 -9999 -9999 -9999 -9999 -9999 -9999 -9999 -9999 -9999
-9999 -9999 -9999 -9999 -9999 -9999 -9999 -9999 -9999 -9999 -9999 -9999 -9999 -9999 -9999 -9999 -9999 -9999 -9999 -9999 -9999 -9999 -9999 -9999 -9999 -9999 -9999 -9999 -9999 -9999 -9999 -9999 -9999 -9999 -9999 -9999 -9999 -9999 -9999 -9999 -9999 0.76999 0.82643 0.91805 0.88852 0.84007 0.94329 1.00265 0.95614 0.78394 0.91185 1.05872 0.20654 0.83227 -9999 -9999 -9999 -9999 -9999 0.00583 0.00468 0.00184 0.00163 0.00138 0.00211 0.00121 0.00159 0.00249 0.00301 0.00231 0.00199 0.01060 0.01418
-9999 -9999 -9999 -9999 -9999 -9999 -9999 -9999 -9999 -9999 -9999 -9999 -9999 -9999 -9999 -9999 -9999 -9999 -9999 -9999 -9999 -9999 -9999 -9999 -9999 -9999 -9999 -9999 -9999 -9999 -9999 -9999 -9999 -9999 -9999 -9999 -9999 -9999 -9999 -9999 -9999 0.76281 0.92890 0.91653 0.82456 0.68794 1.25381 1.40334 0.81494 0.73340 0.65639 0.93567 0.38228 0.63288 0.66490 0.25107 0.20637 -9999 0.01131 0.00740 0.00472 0.00372 0.00178 0.00296 0.00464 0.01297 0.01026 0.01142 0.01653 0.00403 0.00250 0.01029 0.01371
-9999 -9999 -9999 -9999 -9999 -9999 -9999 -9999 -9999 -9999 -9999 -9999 -9999 -9999 -9999 -9999 -9999 -9999 -9999 -9999 -9999 -9999 -9999 -9999 -9999 -9999 -9999 -9999 -9999 -9999 -9999 -9999 -9999 -9999 -9999 0.51600 0.27805 0.43816 0.46900 0.57085 0.56418 0.62929 0.74169 0.73618 1.30552 0.94888 0.56822 0.60651 0.69736 0.69907 0.83486 0.75427 1.30884 1.19866 0.36182 0.44916 0.39186 0.02702 0.02281 0.00638 0.00183 0.00098 0.00234 0.04482 0.01352 0.01880 0.01826 0.00830 0.01181 0.00000 0.00000 0.00000 0.00000
-9999 -9999 -9999 -9999 -9999 -9999 -9999 -9999 -9999 -9999 -9999 -9999 -9999 -9999 -9999 -9999 -9999 -9999 -9999 -9999 -9999 -9999 -9999 -9999 -9999 -9999 -9999 -9999 -9999 -9999 -9999 -9999 -9999 -9999 0.36578 0.09053 0.21160 0.28229 0.48083 0.45937 0.47877 0.54695 0.53129 1.13888 0.64531 0.54194 0.56116 0.61523 0.74735 1.09560 1.55047 1.37013 1.78212 1.22919 1.02980 1.01650 0.18592 0.12690 0.03531 0.01218 0.01893 0.06784 0.05101 0.12528 0.03134 0.01871 0.01246 0.03639 0.12425 0.12569 0.24661 0.15077 0.35373
-9999 -9999 -9999 -9999 -9999 -9999 -9999 -9999 -9999 -9999 -9999 -9999 -9999 -9999 -9999 -9999 -9999 -9999 -9999 -9999 -9999 -9999 -9999 -9999 -9999 -9999 -9999 -9999 -9999 -9999 -9999 -9999 -9999 0.34265 0.41353 0.10619 0.14708 0.26467 0.37748 0.35549 0.38731 0.52856 1.96253 1.13366 0.67193 0.54401 0.58603 0.65395 1.16905 1.45241 1.63782 1.86179 1.84112 1.31584 0.68375 0.90381 0.63778 0.05104 0.02550 0.03865 0.05077 0.03041 0.01977 0.01488 0.02560 0.02671 0.02455 0.05407 0.08134 0.07063 0.03112 0.23531 0.24777
-9999 -9999 -9999 -9999 -9999 -9999 -9999 -9999 -9999 -9999 -9999 -9999 -9999 -9999 -9999 -9999 -9999 -9999 -9999 -9999 -9999 -9999 -9999 -9999 -9999 -9999 -9999 -9999 -9999 -9999 -9999 0.32458 0.07938 0.07548 0.07697 0.09330 0.12799 0.20930 0.27039 0.31090 0.37233 0.34767 0.88815 0.49043 0.63516 0.70547 0.59198 0.44912 0.94514 1.35105 1.39835 1.74409 1.71647 1.35090 1.42102 1.06162 0.33749 0.13634 0.17572 0.08725 0.04056 0.02949 0.02356 0.00885 0.02140 0.04750 0.02479 0.00328 0.00318 0.07435 0.30346 0.49760 0.02473
-9999 -9999 -9999 -9999 -9999 -9999 -9999 -9999 -9999 -9999 -9999 -9999 -9999 -9999 -9999 -9999 -9999 -9999 -9999 -9999 -9999 -9999 -9999 -9999 -9999 -9999 -9999 -9999 -9999 0.04766 0.01947 0.07598 0.09586 0.08586 0.09876 0.09867 0.12696 0.13889 0.23568 0.25490 0.66096 1.78580 0.43470 0.50111 0.53264 0.75157 0.80887 0.62686 1.38551 1.60286 1.49266 1.57788 1.68457 1.23871 1.60849 0.95389 0.19624 0.12519 0.02565 0.00397 0.01552 0.01158 0.01265 0.02311 0.01242 0.01143 0.07195 0.14980 0.20383 0.27819 0.13704 0.83504 1.24339
-9999 -9999 -9999 -9999 -9999 -9999 -9999 -9999 -9999 -9999 -9999 -9999 -9999 -9999 -9999 -9999 -9999 -9999 -9999 -9999 -9999 -9999 -9999 -9999 0.20254 0.19225 0.15493 0.11267 0.13230 0.07854 0.07793 0.09830 0.11604 0.10637 0.12738 0.14962 0.13274 0.22285 0.27694 0.30023 0.30851 1.68401 0.37436 0.49345 0.47166 0.49236 0.52902 0.75676 1.23574 1.50306 1.57101 1.95619 1.72524 1.53054 0.88168 0.44833 0.17869 0.08730 0.07529 0.01999 0.01350 0.03555 0.01779 0.00191 0.00205 0.00343 0.00602 0.00749 0.00815 0.05523 0.79186 0.84194 1.53177
-9999 -9999 -9999 -9999 -9999 -9999 0.66382 0.61495 0.61828 0.54016 0.48355 -9999 -9999 -9999 -9999 -9999 -9999 -9999 -9999 -9999 -9999 0.15461 0.30918 0.29565 0.23487 0.24815 0.19768 0.15604 0.15110 0.08697 0.07171 0.11365 0.14732 0.13762 0.15342 0.17479 0.22434 0.19071 0.19816 0.21832 0.20089 0.27688 1.79427 0.39495 0.45063 0.44242 0.44552 0.59072 1.01027 1.43874 1.89943 1.74381 1.76953 1.27525 0.54008 0.25945 0.17529 0.07266 0.05408 0.03618 0.02523 0.04481 0.04223 0.01976 0.03876 0.00227 0.00215 0.00247 0.00290 0.00289 0.06854 0.43690 1.11195
-9999 -9999 -9999 -9999 -9999 0.18188 0.19323 0.33763 0.19310 0.21024 0.18594 0.32004 0.29126 0.39149 -9999 -9999 -9999 0.20849 0.25562 0.28238 0.26232 0.32280 0.36558 0.25575 0.57572 0.39274 0.24812 0.24441 0.21169 0.20787 0.21559 0.18414 0.21601 0.25503 0.17530 0.28413 0.38269 0.26929 0.26059 0.30308 0.32458 0.36799 1.68043 1.43407 0.31370 0.44506 0.68813 1.35377 0.98682 1.39950 1.63862 1.28234 1.77533 1.02436 0.67644 0.68142 0.29914 0.15902 0.02262 0.08938 0.04653 0.02744 0.03798 0.00456 0.07985 0.18906 0.05610 0.03288 0.01098 0.02831 0.12786 0.68636 0.73300
-9999 0.38834 0.57940 0.27319 0.34535 0.22995 0.23733 0.23458 0.25437 0.16703 0.21148 0.30946 0.37525 0.38640 0.28253 0.24132 0.14523 0.20284 0.25840 0.13625 0.17348 0.23403 0.26073 0.29838 0.19636 0.23599 0.18992 0.20593 0.19694 0.14493 0.09878 0.07607 0.06934 0.07274 0.09260 0.14609 0.18951 0.16300 0.18797 0.20745 0.21483 0.25147 1.53227 1.38100 0.23985 0.29794 0.38005 0.80095 0.70414 1.04398 1.10793 1.58415 1.53313 1.40020 1.25190 1.00864 0.49992 0.10632 0.11465 0.14356 0.01846 0.11265 0.12612 0.04122 0.16600 0.14464 0.02926 0.14771 0.03037 0.21996 0.74742 1.30083 1.32840
-9999 0.48711 0.38787 0.31168 0.24400 0.16485 0.09487 0.15385 0.10666 0.19374 0.20480 0.27960 0.41153 0.30166 0.33982 0.36279 0.45053 0.38017 0.34793 0.23233 0.31800 0.31773 0.56307 0.39542 0.26779 0.17907 0.14577 0.12961 0.11820 0.12432 0.08323 0.07553 0.09283 0.09510 0.13685 0.08786 0.10039 0.09649 0.10511 0.18343 0.23723 0.27288 0.27952 1.75991 1.40988 0.20210 0.26149 0.43889 0.62216 1.13392 1.40593 1.24176 1.49343 1.85507 1.85698 1.20848 0.66709 0.38356 0.26592 0.16538 0.20873 0.21596 0.25214 0.10201 0.21136 0.29206 0.33334 0.45384 0.36902 0.62691 0.64428 1.28334 1.60566
-9999 -9999 -9999 0.87823 0.91233 0.64090 0.46689 0.50612 0.46718 0.49723 0.22329 0.17375 0.13303 0.13716 0.17608 0.26219 0.37709 0.21640 0.23223 0.20369 0.55087 0.56506 0.60810 0.45951 0.27552 0.17616 0.11929 0.08061 0.05418 0.07675 0.07176 0.07069 0.08896 0.13089 0.15559 1.34567 0.06309 0.09593 0.16168 0.23551 0.22947 1.23932 0.75030 0.98054 1.65516 1.42896 1.47215 0.36932 0.41567 0.67836 0.60769 0.85713 1.29733 1.57437 1.36073 1.32603 0.98446 0.63160 0.95684 0.32585 0.34731 0.46270 0.82069 0.36905 0.28218 0.18133 0.10362 0.23352 0.53351 1.07698 1.13729 1.18970 1.42957
-9999 -9999 -9999 -9999 -9999 -9999 0.52946 0.60629 0.61830 0.13888 0.07768 0.42127 0.41919 0.34999 0.27133 0.11983 0.11486 0.45037 0.36781 0.33426 0.43832 0.49616 0.36290 0.28584 0.22642 0.19998 0.09145 0.08253 1.40967 0.07238 0.04916 0.05568 1.38459 0.66590 1.27339 0.64401 1.50476 1.41713 0.59985 0.49934 0.32690 0.48451 0.49926 0.60080 0.90689 0.82755 1.66679 1.70488 1.56702 1.54662 1.30331 1.66008 1.65975 0.79528 1.12640 1.55748 0.81136 1.05948 1.26503 1.20236 0.69326 0.90321 0.72797 0.58491 0.96451 1.07208 0.38675 0.43686 0.97426 1.17161 1.64951 1.38409 1.39675
-9999 -9999 -9999 -9999 -9999 -9999 0.30658 0.36850 0.25294 0.40008 0.31049 0.37920 0.34716 0.27384 0.28858 0.42833 0.44439 0.55712 0.51735 0.41125 0.45077 0.42870 0.37870 0.32816 0.27820 0.15556 0.09881 0.10348 0.74650 0.77330 0.94703 0.82165 0.87957 0.78695 0.99063 0.83335 1.28091 1.30329 1.22146 0.49215 0.78111 0.82371 0.57611 0.60633 0.55778 0.74263 1.00831 0.91452 0.76862 1.71457 1.70097 1.55020 1.57444 1.25257 0.96702 0.42126 0.57673 0.87585 0.76659 1.05942 1.28093 1.19932 1.14466 1.13295 1.04975 0.52786 0.32212 0.37081 0.62788 0.96027 1.78049 1.60026 1.69776
-9999 -9999 -9999 -9999 -9999 -9999 -9999 -9999 -9999 -9999 0.19784 0.40375 0.39302 0.25408 0.26052 0.32636 0.37155 0.42554 0.43212 0.39298 0.38845 0.32641 0.31869 0.31399 0.27946 0.28130 0.22423 0.13363 0.12092 1.63159 1.43799 1.41026 1.52829 0.86642 0.74159 0.86410 0.78597 0.58266 0.49753 0.45808 1.49906 1.27216 0.04882 1.59848 1.43437 1.60829 1.65356 1.43001 0.84244 0.70416 0.66061 0.73700 0.74764 1.33593 1.18774 1.29928 1.24689 0.43123 0.57768 1.22242 0.33755 1.10550 1.16152 0.45902 0.60523 0.39919 0.40941 0.33718 0.58911 0.74137 1.53660 2.28347 2.41753
-9999 -9999 -9999 -9999 -9999 -9999 -9999 -9999 -9999 -9999 0.22281 0.20801 0.31340 0.21780 0.27701 0.47185 0.44370 0.49124 0.55311 0.52486 0.50239 0.42314 0.37702 0.39291 0.33986 0.25873 0.17986 0.13550 0.11873 1.42851 1.50311 1.35690 1.60558 0.97043 1.54713 1.69639 1.37324 0.11265 0.06372 0.04017 0.02680 0.02949 0.02590 0.04901 0.03966 0.07192 0.09284 0.14534 0.17202 1.08582 0.58019 0.64070 0.62910 0.50652 1.00202 0.33949 0.31259 0.44358 0.34941 0.25409 0.21997 0.22675 0.27719 1.17980 1.03648 1.18586 1.13758 0.22979 0.31880 0.81822 2.00613 1.82767 2.21324
-9999 -9999 -9999 -9999 -9999 -9999 -9999 -9999 -9999 -9999 -9999 -9999 0.16514 0.22927 0.30909 0.49040 0.55464 0.53807 0.53942 0.49910 0.42998 0.43360 0.39079 0.41259 0.27826 0.21673 0.19114 0.21551 0.21821 0.17245 1.28743 1.31950 1.28323 0.11029 0.12850 0.18620 0.18529 0.18198 0.10759 0.07863 0.05487 0.03761 0.04711 0.05087 0.04596 0.03477 0.05302 0.06768 0.09203 0.10388 1.19843 1.38815 0.63875 1.12493 0.77786 0.24659 0.17832 0.36135 0.33461 0.29636 0.27777 0.25555 0.38311 1.23042 0.67878 0.70858 1.53513 0.20453 0.46877 0.49531 1.50750 2.35386 2.40135
-9999 -9999 -9999 -9999 -9999 -9999 -9999 -9999 -9999 -9999 -9999 -9999 0.19374 0.19426 0.28133 0.43437 0.55296 0.72001 0.82823 0.71588 0.84439 0.46534 0.48999 0.48401 0.32694 0.28141 0.26927 0.29371 0.26085 0.23454 0.20480 0.16255 0.16235 0.14457 0.14227 0.16313 0.19632 0.22519 0.15681 0.11682 0.08386 0.04228 0.03589 0.06284 0.06708 1.34095 1.37807 1.74920 0.61949 0.61321 1.60165 1.30884 1.08819 0.94095 0.76365 0.13783 0.23815 0.37849 0.39075 0.31352 0.37593 0.34874 0.54667 0.46822 0.64347 1.60237 1.63305 1.87707 1.38465 1.86553 1.54646 1.86236 2.40187
-9999 -9999 -9999 -9999 -9999 -9999 -9999 -9999 -9999 -9999 -9999 0.25635 0.20003 0.17617 0.24961 0.53661 0.41423 0.42546 0.44295 0.48561 0.35955 0.51833 0.59295 0.46494 0.35137 0.24948 0.29535 0.33728 0.28603 0.26536 0.21673 0.22076 0.20368 0.14805 0.13698 0.10206 0.11985 0.19660 0.19943 0.25796 0.22211 0.15417 0.14289 0.17304 0.13263 0.09300 0.10873 1.38012 1.44259 0.83714 0.85624 0.84869 0.79771 0.48068 0.15415 0.21791 0.32322 0.42228 0.42648 0.50560 0.66173 0.55003 0.71005 0.83397 0.87071 1.19353 1.35288 1.27173 1.41391 1.45981 2.45146 2.66068 2.50019
-9999 -9999 -9999 -9999 -9999 -9999 -9999 -9999 -9999 -9999 -9999 0.12825 0.23665 0.18870 0.25289 0.47487 0.35092 0.34596 0.50089 0.50315 0.54394 0.73336 0.50692 0.54941 0.46850 0.41018 0.41474 0.36938 0.31970 0.33733 0.30496 0.20952 0.19512 0.17557 0.20910 0.20145 0.15561 0.22281 0.26357 0.23739 0.24440 0.27356 1.38495 1.54400 1.66945 1.83227 1.78045 0.64315 0.20271 0.18056 0.29102 0.32463 0.24609 0.20918 0.15825 0.73434 0.81887 0.92048 1.05126 0.79752 0.56564 0.81358 0.78131 0.66003 0.84747 1.73004 1.06142 1.38283 1.63208 2.32088 1.90567 2.34698 2.46109
