data/hydroclimate-scenarios/1948-2000.Pcorr55N_Pref_Tref/monthly_summaries/baseflow_monthly_tot_mar.asc
ncols	311
nrows	91
xllcenter	102.75
yllcenter	31.75
cellsize	0.5
NODATA_value	-9999
[rows 0 to 31 of 91, columns 219 to 291 of 311]
-9999 -9999 -9999 -9999 -9999 -9999 -9999 -9999 -9999 -9999 -9999 -9999 -9999 -9999 -9999 -9999 -9999 -9999 -9999 -9999 -9999 -9999 -9999 -9999 -9999 -9999 -9999 -9999 -9999 -9999 -9999 -9999 -9999 -9999 -9999 -9999 -9999 -9999 -9999 -9999 -9999 -9999 -9999 -9999 -9999 -9999 -9999 -9999 -9999 -9999 -9999 -9999 -9999 -9999 -9999 -9999 -9999 -9999 -9999 -9999 -9999 -9999 -9999 -9999 -9999 -9999 -9999 -9999 -9999 -9999 -9999 -9999 -9999
-9999 -9999 -9999 -9999 -9999 -9999 -9999 -9999 -9999 -9999 -9999 -9999 -9999 -9999 -9999 -9999 -9999 -9999 -9999 -9999 -9999 -9999 -9999 -9999 -9999 -9999 -9999 -9999 -9999 -9999 -9999 -9999 -9999 -9999 -9999 -9999 -9999 -9999 -9999 -9999 -9999 -9999 -9999 -9999 -9999 -9999 -9999 -9999 -9999 -9999 -9999 -9999 -9999 -9999 -9999 -9999 -9999 -9999 -9999 -9999 -9999 -9999 -9999 -9999 -9999 -9999 -9999 -9999 -9999 -9999 -9999 -9999 -9999
-9999 -9999 -9999 -9999 -9999 -9999 -9999 -9999 -9999 -9999 -9999 -9999 -9999 -9999 -9999 -9999 -9999 -9999 -9999 -9999 -9999 -9999 -9999 -9999 -9999 -9999 -9999 -9999 -9999 -9999 -9999 -9999 -9999 -9999 -9999 -9999 -9999 -9999 -9999 -9999 -9999 -9999 -9999 -9999 -9999 -9999 -9999 -9999 -9999 -9999 -9999 -9999 -9999 -9999 -9999 -9999 -9999 -9999 -9999 -9999 -9999 -9999 -9999 -9999 -9999 -9999 -9999 -9999 -9999 -9999 -9999 -9999 -9999
-9999 -9999 -9999 -9999 -9999 -9999 -9999 -9999 -9999 -9999 -9999 -9999 -9999 -9999 -9999 -9999 -9999 -9999 -9999 -9999 -9999 -9999 -9999 -9999 -9999 -9999 -9999 -9999 -9999 -9999 -9999 -9999 -9999 -9999 -9999 -9999 -9999 -9999 -9999 -9999 -9999 -9999 -9999 -9999 -9999 -9999 -9999 -9999 -9999 -9999 -9999 -9999 -9999 -9999 -9999 -9999 -9999 -9999 -9999 -9999 -9999 -9999 -9999 -9999 -9999 -9999 -9999 -9999 -9999 -9999 -9999 -9999 -9999
-9999 -9999 -9999 -9999 -9999 -9999 -9999 -9999 -9999 -9999 -9999 -9999 -9999 -9999 -9999 -9999 -9999 -9999 -9999 -9999 -9999 -9999 -9999 -9999 -9999 -9999 -9999 -9999 -9999 -9999 -9999 -9999 -9999 -9999 -9999 -9999 -9999 -9999 -9999 -9999 -9999 -9999 -9999 -9999 -9999 -9999 -9999 -9999 -9999 -9999 -9999 -9999 -9999 -9999 -9999 -9999 -9999 -9999 -9999 -9999 -9999 -9999 -9999 -9999 -9999 -9999 -9999 -9999 -9999 -9999 -9999 -9999 -9999
-9999 -9999 -9999 -9999 -9999 -9999 -9999 -9999 -9999 -9999 -9999 -9999 -9999 -9999 -9999 -9999 -9999 -9999 -9999 -9999 -9999 -9999 -9999 -9999 -9999 -9999 -9999 -9999 -9999 -9999 -9999 -9999 -9999 -9999 -9999 -9999 -9999 -9999 -9999 -9999 -9999 -9999 -9999 -9999 -9999 -9999 -9999 -9999 -9999 -9999 -9999 -9999 -9999 -9999 -9999 -9999 -9999 -9999 -9999 -9999 -9999 -9999 -9999 -9999 -9999 -9999 -9999 -9999 -9999 -9999 -9999 -9999 -9999
-9999 -9999 -9999 -9999 -9999 -9999 -9999 -9999 -9999 -9999 -9999 -9999 -9999 -9999 -9999 -9999 -9999 -9999 -9999 -9999 -9999 -9999 -9999 -9999 -9999 -9999 -9999 -9999 -9999 -9999 -9999 -9999 -9999 -9999 -9999 -9999 -9999 -9999 -9999 -9999 -9999 -9999 -9999 -9999 -9999 -9999 -9999 -9999 -9999 -9999 -9999 -9999 -9999 -9999 -9999 -9999 -9999 -9999 -9999 -9999 -9999 -9999 -9999 -9999 -9999 -9999 -9999 -9999 -9999 -9999 -9999 -9999 -9999
-9999 -9999 -9999 -9999 -9999 -9999 -9999 -9999 -9999 -9999 -9999 -9999 -9999 -9999 -9999 -9999 -9999 -9999 -9999 -9999 -9999 -9999 -9999 -9999 -9999 -9999 -9999 -9999 -9999 -9999 -9999 -9999 -9999 -9999 -9999 -9999 -9999 -9999 -9999 -9999 -9999 -9999 -9999 -9999 -9999 -9999 -9999 -9999 -9999 -9999 -9999 -9999 -9999 -9999 -9999 -9999 -9999 -9999 -9999 -9999 -9999 -9999 -9999 -9999 -9999 -9999 -9999 -9999 -9999 -9999 -9999 -9999 -9999
-9999 -9999 -9999 -9999 -9999 -9999 -9999 -9999 -9999 -9999 -9999 -9999 -9999 -9999 -9999 -9999 -9999 -9999 -9999 -9999 -9999 -9999 -9999 -9999 -9999 -9999 -9999 -9999 -9999 -9999 -9999 -9999 -9999 -9999 -9999 -9999 -9999 -9999 -9999 -9999 -9999 -9999 -9999 -9999 -9999 -9999 -9999 -9999 -9999 -9999 -9999 -9999 -9999 -9999 -9999 -9999 -9999 -9999 -9999 -9999 -9999 -9999 -9999 -9999 -9999 -9999 -9999 -9999 -9999 -9999 -9999 -9999 -9999
-9999 -9999 -9999 -9999 -9999 -9999 -9999 -9999 -9999 -9999 -9999 -9999 -9999 -9999 -9999 -9999 -9999 -9999 -9999 -9999 -9999 -9999 -9999 -9999 -9999 -9999 -9999 -9999 -9999 -9999 -9999 -9999 -9999 -9999 -9999 -9999 -9999 -9999 -9999 -9999 -9999 -9999 -9999 -9999 -9999 -9999 -9999 -9999 -9999 -9999 -9999 -9999 -9999 -9999 -9999 -9999 -9999 -9999 -9999 -9999 -9999 -9999 -9999 -9999 -9999 -9999 -9999 -9999 -9999 -9999 -9999 -9999 -9999
-9999 -9999 -9999 -9999 -9999 -9999 -9999 -9999 -9999 -9999 -9999 -9999 -9999 -9999 -9999 -9999 -9999 -9999 -9999 -9999 -9999 -9999 -9999 -9999 -9999 -9999 -9999 -9999 -9999 -9999 -9999 -9999 -9999 -9999 -9999 -9999 -9999 -9999 -9999 -9999 -9999 -9999 -9999 -9999 -9999 -9999 -9999 -9999 -9999 -9999 -9999 -9999 -9999 -9999 -9999 -9999 -9999 -9999 -9999 -9999 -9999 -9999 -9999 -9999 -9999 -9999 -9999 -9999 -9999 -9999 -9999 -9999 -9999
-9999 -9999 -9999 -9999 -9999 -9999 -9999 -9999 -9999 -9999 -9999 -9999 -9999 -9999 -9999 -9999 -9999 -9999 -9999 -9999 -9999 -9999 -9999 -9999 -9999 -9999 -9999 -9999 -9999 -9999 -9999 -9999 -9999 -9999 -9999 -9999 -9999 -9999 -9999 -9999 -9999 -9999 -9999 -9999 -9999 -9999 -9999 -9999 -9999 -9999 -9999 -9999 -9999 -9999 -9999 -9999 -9999 -9999 -9999 -9999 -9999 -9999 -9999 -9999 -9999 -9999 -9999 -9999 -9999 -9999 -9999 -9999 -9999
-9999 -9999 -9999 -9999 -9999 -9999 -9999 -9999 -9999 -9999 -9999 -9999 -9999 -9999 -9999 -9999 -9999 -9999 -9999 -9999 -9999 -9999 -9999 -9999 -9999 -9999 -9999 -9999 -9999 -9999 -9999 -9999 -9999 -9999 -9999 -9999 -9999 -9999 -9999 -9999 -9999 -9999 -9999 -9999 -9999 -9999 -9999 -9999 -9999 -9999 -9999 -9999 -9999 -9999 -9999 -9999 -9999 -9999 -9999 -9999 -9999 -9999 -9999 -9999 -9999 -9999 -9999 -9999 -9999 -9999 -9999 -9999 -9999
-9999 -9999 -9999 -9999 -9999 -9999 -9999 -9999 -9999 -9999 -9999 -9999 -9999 -9999 -9999 -9999 -9999 -9999 -9999 -9999 -9999 -9999 -9999 -9999 -9999 -9999 -9999 -9999 -9999 -9999 -9999 -9999 -9999 -9999 -9999 -9999 -9999 -9999 -9999 -9999 -9999 0.28449 -9999 -9999 -9999 -9999 -9999 -9999 -9999 -9999 -9999 -9999 -9999 -9999 -9999 -9999 -9999 -9999 -9999 -9999 -9999 -9999 -9999 -9999 -9999 -9999 -9999 -9999 -9999 -9999 -9999 -9999 -9999
0.01585 0.02014 0.04565 0.10527 0.10602 0.32476 0.33955 0.43239 0.41138 0.39973 0.42195 0.27764 1.90814 -9999 -9999 -9999 -9999 -9999 -9999 -9999 -9999 -9999 -9999 -9999 -9999 -9999 -9999 -9999 -9999 -9999 -9999 -9999 -9999 -9999 -9999 -9999 0.03704 0.01851 0.00197 0.05501 0.13964 0.14375 0.15319 -9999 -9999 -9999 0.66786 -9999 -9999 -9999 0.60189 0.69377 0.77379 -9999 -9999 -9999 -9999 -9999 -9999 -9999 -9999 -9999 -9999 -9999 -9999 -9999 -9999 -9999 -9999 -9999 -9999 -9999 -9999
0.00451 0.01895 0.11192 0.24938 0.30653 0.74198 0.78044 1.07596 1.17657 1.01974 0.86917 0.78904 0.39760 0.32747 0.28085 0.37136 0.47277 0.52522 0.26844 -9999 -9999 -9999 -9999 -9999 0.13902 0.08937 0.07409 0.13748 0.17690 0.19927 0.06235 0.01148 0.00767 0.00380 0.00157 0.00304 0.02958 0.04779 0.10789 0.12522 0.29817 0.39483 0.27563 0.36387 0.45099 0.53708 0.63344 0.65665 0.61375 0.64543 0.74715 0.88561 1.26735 1.24707 1.07643 0.88628 0.98096 0.82709 -9999 -9999 -9999 -9999 -9999 -9999 -9999 -9999 -9999 -9999 -9999 -9999 -9999 -9999 -9999
0.62480 1.08549 1.25615 1.21338 1.20204 1.44161 1.11946 1.67378 1.18113 1.30488 0.64591 0.46542 0.21460 0.16856 0.42386 0.32086 0.93426 0.58361 0.45869 0.48973 0.36376 0.33029 0.23784 0.14469 0.08472 0.12061 0.08003 0.08204 0.02179 0.02353 0.02912 0.01452 0.00908 0.00861 0.00391 0.00733 0.03207 0.06311 0.13988 0.14513 0.18418 0.19892 0.23955 0.27606 0.35966 0.44485 0.51537 0.55039 0.60402 0.59443 0.54593 0.59545 0.64355 0.65905 0.73137 0.78114 0.94238 1.15973 1.08243 1.04236 0.86978 0.83498 0.80687 0.79910 0.75675 0.63831 -9999 -9999 -9999 -9999 -9999 -9999 -9999
1.11694 0.66894 0.65928 0.27954 0.02073 0.00726 0.14328 0.03625 0.00175 0.00048 0.00090 0.00101 0.20965 0.24626 0.30101 0.40289 0.62714 0.95380 0.20454 0.31706 0.69096 0.32781 0.27755 0.22518 0.17430 0.16962 0.07328 0.08426 0.01932 0.02046 0.03835 0.03814 0.03995 0.02804 0.00899 0.01407 0.04015 0.03482 0.04535 0.06549 0.09402 0.11070 0.13019 0.13346 0.18378 0.25410 0.31197 0.46375 0.46496 0.49299 0.47645 0.45828 0.51245 0.49872 0.55231 0.56818 0.85869 0.96483 0.79263 0.83785 0.80631 0.88847 0.91679 0.91148 0.88849 0.69939 -9999 0.34085 -9999 -9999 -9999 -9999 -9999
0.16085 0.04916 0.00366 0.00487 0.01061 0.01808 0.00097 0.00575 0.00201 0.00672 0.00915 0.00366 0.10211 0.06368 0.28279 0.53727 0.95966 0.44151 0.12745 0.14034 0.38602 0.54197 0.38635 0.26089 0.12054 0.10788 0.06576 0.01049 0.00930 0.00987 0.01482 0.03758 0.01798 0.01921 0.00375 0.00581 0.00770 0.01061 0.01590 0.04706 0.11504 0.10323 0.08503 0.09929 0.13572 0.18382 0.23751 0.25237 0.29893 0.37720 0.38610 0.44676 0.45472 0.44959 0.39808 0.45044 0.79611 0.83845 0.90081 1.00815 0.69370 0.74457 0.77272 0.75882 0.86585 0.89683 0.69189 -9999 -9999 -9999 -9999 -9999 -9999
0.13054 0.13714 0.04937 0.00921 0.00917 0.00357 0.00593 0.00161 0.00475 0.00273 0.00281 0.00450 0.52558 0.52215 0.31874 0.56757 0.25020 0.27718 0.10268 0.09392 0.11637 0.10611 0.28019 0.18085 0.05206 0.04827 0.05138 0.02945 0.87136 0.79234 0.85305 0.86605 0.84621 0.89987 0.84998 0.80546 0.77933 0.77589 0.71082 0.81171 0.76460 0.83742 0.97580 1.05717 1.14746 0.21664 0.32408 0.36849 0.11353 0.14182 0.20378 0.26004 0.43225 0.52939 0.44701 1.47644 1.54951 1.53683 1.52938 1.56736 1.79283 0.62582 0.49304 1.09276 1.17763 0.81964 0.90863 0.58800 -9999 -9999 -9999 -9999 -9999
0.03089 0.01047 0.00091 0.00036 0.00117 0.00152 0.00114 0.00083 0.00030 0.00403 0.01541 0.01916 0.16036 0.07158 0.02960 0.05247 0.07135 0.04617 0.01530 0.06477 0.13572 0.13439 0.08116 0.08528 0.04584 0.03022 0.08996 0.07371 0.05226 0.00497 0.00093 0.00589 0.03137 0.02339 1.14722 1.09650 0.92892 0.83267 0.75639 0.80141 0.84438 0.86526 1.02137 1.06849 1.13118 1.15877 1.12554 1.12543 1.07759 1.08474 1.01469 1.04488 1.16043 1.11528 0.35526 1.44344 1.21630 1.30335 1.38425 1.44584 0.57408 0.73691 0.75605 0.86706 1.06365 1.12631 1.14617 1.11423 0.59771 0.64972 0.65151 0.68301 -9999
0.00159 0.00295 0.00171 0.00093 0.00143 0.00046 0.00018 0.00018 0.00084 0.00101 0.00239 0.00263 0.26586 0.19601 0.00924 0.00608 0.00036 0.00108 0.00092 0.06070 0.04898 0.07854 0.05643 0.05275 0.06993 0.03222 0.04896 0.07986 0.08680 0.05253 0.04187 0.03149 0.08303 0.09006 0.12441 0.11445 0.85883 0.86838 0.95602 0.14425 0.02480 0.06886 1.16114 1.31896 1.36860 1.15741 1.13103 1.12303 1.12591 1.13028 0.97197 0.94680 1.00626 1.17564 1.43830 1.26789 1.21802 1.28650 1.36088 1.22348 0.21295 0.41103 0.35771 0.56822 0.76991 0.79085 0.68284 0.68487 0.81695 0.66635 0.56667 0.60142 0.60439
2.08488 2.23007 1.52005 0.74756 0.29297 0.07412 0.02181 0.00034 0.00451 0.01148 0.10404 0.02316 0.20761 0.25403 0.00050 0.00006 0.00000 0.00004 0.00006 0.00392 0.00357 0.00799 0.00500 0.06476 0.02470 0.04769 0.01403 0.00125 0.03687 0.01754 0.01388 0.01546 0.06557 0.02092 0.00573 0.01054 0.18439 0.20278 1.17359 1.15277 1.03924 1.02684 1.24408 1.30815 0.18443 0.22668 1.38769 1.49626 1.11050 1.01488 1.01433 1.22100 1.22438 1.63695 1.64292 1.12093 1.04541 1.03415 0.92481 0.85897 0.17206 0.18735 0.31709 0.43141 0.46797 0.47378 0.55219 0.56134 0.67198 0.75781 0.89278 0.54674 0.58484
2.06182 2.04266 1.54891 1.46632 1.32308 1.33099 0.94766 0.75517 0.67481 0.20991 0.03708 0.00867 0.28674 0.31125 0.02941 0.00000 0.00000 0.00012 0.00072 0.00042 0.00100 0.00488 0.00819 0.01215 0.03566 0.00555 0.00467 0.00507 0.02334 0.04829 0.04587 0.07903 0.05231 0.06071 0.12883 0.14930 0.16979 0.20793 0.23536 0.29194 0.29593 0.33189 0.80717 1.66279 1.42752 1.37095 1.20728 0.05407 1.07891 1.03538 1.03541 1.47590 1.36577 1.28590 1.11305 0.97675 0.88826 0.90233 0.82742 0.87107 0.12522 0.11306 0.17342 0.19987 0.24121 0.34954 0.45331 0.51707 0.53403 0.63201 0.66781 0.86976 0.63282
0.20061 0.35404 1.22042 1.12450 1.17450 1.20072 1.50868 1.43068 1.24311 0.84796 0.26135 0.00380 0.00549 0.29881 0.31974 0.30100 0.27687 0.31296 0.00112 0.00012 0.00068 0.00078 0.00667 0.01477 0.01549 0.06630 0.06237 0.10778 0.11071 0.12712 0.18531 0.24746 0.25281 0.22711 0.40289 0.37605 0.32934 0.41109 0.54916 0.57285 0.51178 0.56238 0.42147 0.46905 0.49704 0.48741 1.30236 0.90248 0.04290 0.91398 0.91401 1.06973 0.99153 0.95771 0.97858 0.98247 0.84323 0.69534 0.71843 0.78384 0.99532 0.04823 0.11231 0.09822 0.10715 0.15001 0.29913 0.46701 0.45537 0.56312 0.57621 0.68281 0.58582
1.00152 1.08311 0.88876 0.48869 0.53324 0.75744 1.26368 1.72910 1.87875 0.26952 0.02167 0.00620 0.01378 0.01012 0.00834 0.02067 0.00715 0.03179 0.02307 0.24041 0.00777 0.00027 0.00191 0.00274 0.00300 0.00401 0.00673 0.00491 0.01106 0.02285 0.04595 0.11781 0.13978 0.44050 0.35971 0.44094 0.40377 0.55373 0.58221 0.73979 0.77602 0.59178 0.51254 0.51578 0.53239 0.49419 0.24709 1.30323 0.93204 0.05062 1.14591 0.92158 0.93877 0.95872 0.93602 0.93814 0.80854 0.67664 0.64405 0.70305 1.04585 0.98524 0.83725 0.07439 0.06805 0.10632 0.15908 0.30061 0.33283 0.42718 0.47568 0.56380 0.54621
3.34972 3.21702 3.24035 3.50712 3.41684 3.84981 2.35808 0.75949 0.71415 0.12358 0.04061 0.00271 0.08452 0.00524 0.01224 0.02384 0.02450 0.03422 0.00386 0.00196 0.00242 0.00460 0.00839 0.01063 0.00414 0.00454 0.00187 0.00239 0.00418 0.00730 0.01887 0.02201 0.07454 0.17996 0.26587 0.22368 0.58439 0.85116 0.88205 0.86206 0.79610 0.86391 0.63638 0.53874 0.47532 0.51624 0.36394 0.26916 1.41916 0.09961 1.18807 1.15089 1.11867 1.18326 1.06071 1.07740 0.96885 0.90036 0.90835 0.91074 0.90007 0.81371 0.86089 0.88959 0.02203 0.05427 0.07845 0.10611 0.20226 0.24353 0.35465 0.48783 0.80762
2.62070 2.77728 2.69181 2.76701 3.71950 2.61824 2.97123 3.98597 3.86427 0.93193 0.01536 0.01088 0.57388 0.38353 0.20052 0.33398 0.15087 0.17697 0.00249 0.00155 0.00067 0.00102 0.00161 0.00253 0.00357 0.00257 0.00193 0.00074 0.00132 0.00831 0.02231 0.03074 0.09232 0.16800 0.15752 0.39592 0.85093 0.92457 1.04803 1.28283 1.40580 1.30571 0.82239 0.65447 0.62888 0.52071 0.52982 0.46152 1.72845 0.21510 0.19092 1.20519 1.30294 1.25172 1.19237 1.31374 1.23160 1.05513 0.94856 0.91412 0.83849 0.90484 1.08515 1.12545 0.82844 0.72749 0.87611 0.13026 0.25132 0.31302 0.37147 0.42901 0.62880
2.18929 1.68864 1.54588 1.53276 1.68053 1.68933 1.12096 2.28964 2.19493 2.72492 1.74149 0.01534 1.52926 1.21702 1.11371 0.98838 0.75353 0.27353 0.00124 0.00071 0.00222 0.00220 0.00200 0.00519 0.02184 0.00612 0.00279 0.00088 0.00052 0.00153 0.01282 0.04913 0.07287 0.14323 0.29171 0.31192 0.79122 1.13066 1.24641 1.51499 1.73797 1.72677 1.50494 1.46592 1.08688 0.81909 0.75108 0.67045 1.85409 0.47406 0.34448 1.61261 1.54240 1.52713 0.31831 0.21723 0.21345 0.17220 0.14484 1.15142 1.07917 0.93479 0.76565 1.07417 1.31020 1.50438 1.03199 1.01950 1.18637 1.38637 1.75951 0.64749 0.46855
2.14458 1.73140 0.44215 0.48911 0.27560 0.43560 3.30267 2.84155 2.72928 3.18197 3.34954 2.89098 2.76139 2.41334 2.37473 3.09454 2.35243 0.96521 0.13123 0.01615 0.00380 0.00006 0.00066 0.00639 0.00444 0.00066 0.00034 0.00228 0.00124 0.00673 0.02438 0.03446 0.07877 0.20876 0.33446 0.47148 0.71951 1.56543 1.42621 1.91279 2.05569 1.92947 1.89024 1.68443 1.45380 1.09095 0.89781 1.16564 1.00934 1.04222 2.38198 2.12361 1.91550 1.70904 1.65694 1.40032 1.25187 1.31842 0.26481 0.22554 1.26444 1.20375 1.47502 1.56387 1.70833 1.80646 1.91953 1.27360 1.53313 1.55202 1.61953 1.68912 0.19916
2.27947 2.34566 2.45583 2.05413 1.20466 0.47699 1.97473 3.26219 3.58942 3.92922 3.44704 2.84892 3.26561 3.24825 3.07179 3.38673 2.94391 1.28775 0.41779 0.10089 0.03123 0.04747 0.01118 0.03289 0.01640 0.00697 0.00472 0.00222 0.03001 0.06534 0.04924 0.13877 0.31262 0.43902 0.45333 1.28674 2.20220 2.10249 1.89633 2.40495 2.23566 1.99143 1.86493 1.67474 1.64189 1.47851 1.14483 1.34514 1.63310 1.34627 2.80564 2.45412 2.26136 1.96728 2.12503 2.10822 1.88590 1.67187 1.57970 1.55614 1.62772 1.83046 2.17483 2.40006 2.50732 2.37309 1.81708 2.06635 1.49019 1.58903 1.83891 1.38273 2.06718
-9999 11.17840 7.40735 3.76920 3.04443 2.52819 2.92445 2.84746 2.84616 2.95436 2.78924 3.01614 3.16851 2.84837 3.30781 3.07483 3.71619 3.56813 2.70408 0.94881 0.47317 0.27909 0.26997 0.13429 0.12332 0.06508 0.00760 0.01148 0.03265 0.05945 0.15984 0.20531 0.24718 0.72714 0.91458 1.02815 3.17377 2.56937 1.88645 2.06187 2.00918 1.80215 1.91490 2.01972 2.07681 1.87483 1.77407 1.66568 1.96318 1.94830 2.39733 2.12398 1.92788 1.89572 1.73113 1.51532 1.44636 1.22210 1.04772 0.86366 0.80410 1.32827 1.69661 2.26025 2.21854 2.30420 2.23488 2.03792 2.75605 3.06707 2.51306 2.06632 2.12691
