data/hydroclimate-scenarios/1948-2000.Pcorr55N_Pref_Tref/monthly_summaries/baseflow_monthly_tot_aug.asc
ncols	311
nrows	91
xllcenter	102.75
yllcenter	31.75
cellsize	0.5
NODATA_value	-9999
[rows 32 to 63 of 91, columns 0 to 72 of 311]
-9999 -9999 -9999 -9999 -9999 -9999 -9999 -9999 -9999 -9999 -9999 0.00075 0.00068 0.00079 0.00067 0.00120 0.00392 0.00876 0.02695 0.00908 0.02084 0.01067 0.00467 0.00382 0.25585 0.18578 0.21668 0.40298 0.37926 0.01328 0.01881 0.00396 0.00419 0.00800 0.00936 0.00175 0.00068 0.00082 0.00549 0.00932 0.00960 0.00472 0.00646 0.00563 0.00497 0.00629 0.00536 0.00647 0.00731 0.00858 0.01051 0.01169 0.00928 0.14733 0.12297 0.08989 0.12248 0.13048 0.10721 0.00252 0.00340 0.01678 0.15316 0.24696 0.25089 0.17857 0.24982 0.26224 0.53291 1.16036 0.63103 4.81623 5.52352
-9999 -9999 -9999 -9999 -9999 -9999 -9999 -9999 -9999 -9999 -9999 0.00051 0.00082 0.00057 0.00126 0.00126 0.00386 0.00817 0.00985 0.00775 0.00785 0.01525 0.32580 0.30131 0.37899 0.00716 0.02283 0.01324 0.00435 0.31587 0.32550 0.00404 0.00836 0.00508 0.02268 0.00793 0.13311 0.00756 0.13464 0.34408 0.01898 0.21182 0.01698 0.01643 0.02468 0.02992 0.03433 0.02144 0.02132 0.03940 0.00994 0.00640 0.00511 0.09727 0.00244 0.00333 0.00450 0.00649 0.00853 0.00367 0.00487 0.42173 0.34836 0.00381 0.53053 0.37934 0.43451 0.42063 0.58287 1.09236 0.50255 3.55867 2.57058
-9999 -9999 -9999 -9999 -9999 -9999 -9999 -9999 -9999 -9999 -9999 -9999 0.00040 0.00009 0.00013 0.00034 0.00074 0.00136 0.00262 0.00334 0.20312 0.01123 0.03911 0.01484 0.04325 0.28463 0.19686 0.17374 0.00758 0.00375 0.25032 0.21007 0.18580 0.20340 0.23719 0.19340 0.23685 0.02838 0.17972 0.24244 0.23909 0.29450 0.29995 0.04104 0.04966 0.04859 0.01782 0.02427 0.02405 0.01836 0.00578 0.00506 0.00696 0.00576 0.00706 0.00854 0.00851 0.11006 0.21352 0.31003 0.34440 0.17616 0.23066 0.21105 0.20354 0.78391 0.44221 1.07640 2.30171 3.30671 0.85970 2.02280 2.52755
-9999 -9999 -9999 -9999 -9999 -9999 -9999 -9999 -9999 -9999 -9999 -9999 0.00015 0.00005 0.00016 0.00029 0.00047 0.15635 0.18876 0.01095 0.00805 0.07889 0.08219 0.11466 0.31892 0.18924 0.03800 0.24927 0.02616 0.04950 0.01696 0.32966 0.24164 0.20017 0.27530 0.00103 0.00228 0.00511 0.00396 0.01275 0.38857 0.08679 0.06487 0.13567 0.03483 0.03585 0.02037 0.03545 0.01959 0.03876 0.01705 0.00701 0.01153 0.02136 0.02513 0.14592 0.40154 0.12757 0.00090 0.20498 0.22502 0.02684 0.01586 0.07873 0.51893 0.45693 0.61490 1.28243 2.15371 2.68820 3.98132 3.40459 3.82106
-9999 -9999 -9999 -9999 -9999 -9999 -9999 -9999 -9999 -9999 -9999 -9999 0.00050 0.00024 0.13905 0.14818 0.19938 0.00459 0.05426 0.12283 0.06763 0.14883 0.14960 0.29208 0.42004 0.57403 0.27523 0.18108 0.15420 0.21061 0.11005 0.23242 0.00840 0.00520 0.00116 0.00066 0.00334 0.00841 0.00443 0.01288 0.11411 0.42116 0.31523 0.31459 0.48730 1.42404 0.83136 0.66113 0.34531 0.09555 0.03711 0.04992 0.03457 0.23777 0.39886 0.08938 0.05207 0.00195 0.00160 0.38482 0.01769 0.05315 0.03329 0.01509 0.51212 1.19668 1.12477 1.39115 3.16078 3.12108 3.88959 5.94407 6.34350
-9999 -9999 -9999 0.00141 0.00120 0.00072 0.00038 0.00044 0.00097 -9999 0.00127 0.19042 0.18056 0.00061 0.00174 0.00223 0.01200 0.01110 0.05779 0.14087 0.07793 0.09022 0.21307 0.33663 0.62247 0.40640 0.14148 0.24963 0.29019 0.71744 0.07493 0.01810 0.00587 0.21151 0.01642 0.00063 0.01145 0.01936 0.02349 0.01794 0.06339 0.34380 0.54034 0.89179 2.01429 2.66750 2.60952 0.96349 0.39563 0.36968 0.74333 1.38881 1.65380 2.29600 2.09080 1.47472 1.12601 0.01629 0.05530 0.04748 0.47164 0.09905 0.37254 0.27600 0.26383 0.88436 1.27303 2.04659 2.84884 4.40027 7.55343 10.92240 14.41910
-9999 -9999 -9999 0.01777 0.00977 0.00545 0.00511 0.00106 0.00077 0.14646 0.18194 0.17295 0.00191 0.00450 0.02915 0.00778 0.09883 0.01857 0.03972 0.04137 0.03070 0.29327 0.31311 0.27178 0.49139 0.56769 0.48445 0.39848 0.33614 1.15891 0.08863 0.19510 0.04911 0.05031 0.07755 0.17051 0.03446 0.15607 0.02744 0.45244 0.50119 0.24183 0.46289 1.84100 4.20946 5.77810 3.79101 1.35054 2.95119 3.84637 3.70306 1.53868 2.10387 2.14973 1.53085 1.31296 0.27233 0.11007 0.29805 0.30327 0.37137 0.55608 1.10507 2.13056 2.32648 1.62323 2.04654 0.86392 2.59673 6.15315 12.86740 14.85930 20.38520
-9999 -9999 -9999 0.01529 0.01498 0.01132 0.47729 0.28895 0.26003 0.20966 0.23981 0.27363 0.00520 0.01391 0.05997 0.00555 0.08805 0.08402 0.01736 0.01768 0.04410 0.59225 0.89005 1.15239 1.13702 0.93028 0.57781 0.70380 0.76428 2.25003 4.01001 1.35688 0.45020 0.21316 0.39995 0.29547 0.07453 0.06040 0.15334 0.85423 1.23509 0.75804 0.85136 2.07907 2.06515 2.65166 2.48683 5.28206 4.91184 4.19302 5.41652 1.91188 2.57338 2.21615 2.13580 1.19469 0.38180 0.13858 0.38716 0.60797 1.23718 1.33702 0.71641 2.35569 2.94627 3.78724 4.66295 4.08165 12.25680 16.06110 21.89600 21.97900 23.34050
-9999 -9999 -9999 0.03339 0.01011 0.03292 0.38144 0.28669 0.23905 0.26306 0.29897 0.00337 0.01150 0.04363 0.01540 0.10490 0.29890 0.46605 0.31518 0.09933 0.65902 1.98131 4.98816 3.49092 2.03196 1.77564 0.76244 0.55794 2.19790 5.90637 5.06127 0.34116 0.96866 2.22936 1.56117 1.39299 0.40509 0.07179 0.22949 0.10051 0.32785 2.98618 5.56058 5.28445 2.29499 4.79702 5.75566 3.72858 5.22439 3.18900 5.45150 3.49934 3.60478 7.40612 3.61098 3.22570 1.58316 2.04881 2.55541 3.29874 5.32881 3.26149 2.98269 3.53225 5.58443 6.67106 7.92673 9.87045 17.45210 23.17790 24.66590 25.39910 -9999
-9999 -9999 -9999 0.02839 0.01134 0.04869 0.51935 0.26663 0.32475 0.30121 0.21853 0.27798 0.02600 0.14741 0.71681 0.59126 0.85986 0.56600 0.14798 0.16174 0.90856 1.39267 4.51312 1.39995 1.52802 0.82712 0.14534 0.36215 1.74841 3.45374 4.04065 2.04499 2.08078 1.01844 0.32853 0.36015 0.38101 0.10080 0.10593 0.16640 0.62373 2.16264 4.47628 4.85462 4.11116 5.06393 5.25015 5.46032 7.36434 5.46039 6.48393 4.86770 7.58204 9.36032 3.79243 5.99513 2.60552 2.61783 3.22755 4.39993 4.57772 4.19957 4.20577 9.04829 10.82820 8.26362 10.43720 16.41690 19.51730 20.21020 22.71200 -9999 -9999
-9999 -9999 -9999 -9999 0.45411 0.46479 0.35992 0.58436 0.47559 0.35520 0.29247 0.01013 0.50579 0.17743 -9999 -9999 -9999 -9999 -9999 3.34176 4.76615 2.78338 4.13223 4.69863 2.11043 1.02045 0.36639 0.25583 0.57910 0.35467 0.76460 1.59261 1.22991 0.21802 0.05522 0.03543 0.08922 0.03089 0.03009 0.13706 0.14564 0.46308 1.96796 5.97492 6.40895 6.39342 7.25114 9.69041 7.27049 6.80956 5.51013 5.41098 3.88876 6.68020 5.40617 8.25424 8.90497 8.17609 10.38750 6.14148 6.88430 8.90799 10.60090 9.40250 10.08150 15.62360 13.47770 9.73774 6.91902 -9999 -9999 -9999 -9999
-9999 -9999 0.26243 0.70324 0.67239 0.47885 0.45096 0.93039 0.43695 0.41504 0.33360 0.01990 0.59926 -9999 -9999 -9999 -9999 -9999 7.89255 4.09771 5.40542 1.26853 0.88002 1.69454 2.12372 1.81011 0.33010 0.07969 0.12611 0.11482 0.78861 0.53046 0.33696 0.25446 0.15740 0.07502 0.06795 0.00886 0.03385 0.08248 0.22423 0.40228 0.98473 2.73053 2.94278 4.34317 6.18201 6.54416 5.75813 3.96152 3.99052 5.10608 9.67218 5.42997 8.00556 3.70317 4.37532 9.26247 10.59100 4.67018 6.24697 7.21955 8.78549 12.83590 13.12810 15.76460 12.78510 -9999 -9999 -9999 -9999 -9999 -9999
-9999 -9999 2.34979 1.04873 0.61110 0.38460 0.34980 1.04783 0.56182 0.52722 0.02477 0.14271 0.16949 -9999 -9999 -9999 -9999 1.14115 4.20892 1.74620 3.14077 1.75805 1.83970 1.60814 0.88399 0.21859 0.45221 0.18764 0.12016 0.04276 0.05952 0.22462 0.17739 0.12023 0.12308 0.05860 0.02435 0.02672 0.06613 0.32384 0.42718 0.73848 1.69259 3.22737 7.76819 8.22906 9.00802 12.24900 7.88033 5.59215 7.66938 7.14037 6.89586 6.12438 4.11507 1.86598 2.31520 5.50353 6.96102 5.57162 7.00547 12.34990 11.39830 11.13430 11.25230 -9999 -9999 -9999 -9999 -9999 4.77003 -9999 -9999
-9999 -9999 2.09499 2.11484 1.78953 0.99377 0.54994 0.60642 0.69819 0.91588 0.22919 0.36461 0.03410 -9999 -9999 -9999 -9999 3.81938 3.01613 2.68897 4.17154 2.70805 1.53823 0.50554 0.47609 0.32813 0.40901 0.10349 0.06328 0.06241 0.12661 0.11097 0.19806 0.14229 0.15584 0.12397 0.13960 0.09438 0.16056 0.13302 0.42248 0.12456 0.26081 2.92815 4.98311 9.01287 11.67070 17.46140 16.75610 16.23130 11.13550 11.80470 6.85926 6.68909 5.80611 2.29475 1.32761 3.18840 3.14930 3.59658 3.52230 4.66180 5.26183 13.36320 18.63640 19.62760 12.48360 11.30770 8.38456 -9999 -9999 -9999 7.20088
-9999 -9999 -9999 2.95926 3.33330 2.13368 1.07190 0.52263 0.05057 0.31725 0.21882 0.04936 -9999 -9999 -9999 -9999 2.53419 3.07729 2.00765 1.74953 2.04327 1.13602 1.17665 0.84137 0.75764 0.60118 0.67268 0.49255 0.20466 0.31361 0.32063 0.10001 0.14332 0.64718 1.91115 2.48824 0.46569 0.15486 0.07641 0.18513 0.30266 0.13397 2.90569 4.30220 5.27864 9.03162 5.28313 4.21239 6.47924 11.01900 12.80120 11.26100 10.03760 9.13575 11.77830 9.70726 6.57037 6.84925 5.98237 4.09244 3.79996 5.17345 11.14740 23.97190 34.45580 17.51640 9.71303 7.03000 5.52203 13.89980 -9999 -9999 2.60626
-9999 -9999 -9999 -9999 2.92099 1.31582 1.28533 0.19121 0.30408 0.05717 0.11291 -9999 -9999 -9999 -9999 2.27813 2.52569 2.25266 1.93186 2.99560 2.27197 2.34042 1.79724 2.52234 1.06682 1.41161 2.62988 1.67860 2.30895 1.08773 1.35285 0.86909 1.37544 1.49500 2.21857 0.40186 0.62423 0.47196 0.21260 0.16461 0.19428 0.10950 0.21339 0.27845 0.56356 5.52847 4.79022 6.79688 7.73526 7.87987 5.92517 5.49574 6.59905 7.58528 6.25900 4.90943 5.65628 8.13500 8.95664 4.34071 7.56308 14.52980 17.78260 20.05070 24.79490 14.37110 8.03547 4.94317 4.99609 3.06446 2.10521 1.48835 1.20098
-9999 -9999 -9999 -9999 -9999 -9999 0.83711 3.08781 0.12871 0.57051 0.96946 -9999 -9999 -9999 -9999 -9999 2.16575 2.63785 1.15638 3.76334 2.65306 0.61471 0.83068 1.33996 2.66324 2.90181 0.90031 0.78302 0.64537 1.98283 1.00976 1.20654 0.38971 2.34349 1.93593 2.84074 1.35250 0.86854 0.17850 0.38238 0.39533 0.62954 0.80170 0.78041 4.29525 5.54543 6.36061 5.50638 5.83961 9.01507 6.70402 8.25788 8.29818 6.50626 10.75020 10.01970 7.38328 10.01700 14.10410 14.33840 17.06120 21.85390 24.59380 31.55160 31.69430 20.15750 7.07815 1.72924 1.07037 1.22504 1.18357 1.46119 2.55013
-9999 -9999 -9999 -9999 -9999 -9999 -9999 -9999 -9999 -9999 -9999 -9999 -9999 -9999 -9999 -9999 -9999 -9999 -9999 2.52837 1.54702 0.04212 1.05605 1.89324 1.09246 1.21735 2.79974 0.38134 0.29299 0.55461 0.89987 0.46473 0.17356 0.50229 2.04608 2.65478 0.55117 0.46364 0.29930 1.04635 1.48474 1.28173 1.09392 1.44934 1.83885 1.89443 2.36172 7.58931 5.52456 4.31678 3.74761 8.37800 11.82200 10.30800 5.09988 7.38754 15.22190 13.74870 16.49190 17.16520 20.99110 21.90540 34.45170 38.88340 37.30080 14.68190 5.85167 1.18122 0.64865 1.99595 1.80419 2.09529 3.57024
-9999 -9999 -9999 -9999 -9999 -9999 -9999 -9999 -9999 -9999 -9999 -9999 -9999 -9999 -9999 -9999 -9999 -9999 2.75126 1.03097 0.90330 1.55973 2.14765 1.62525 0.40594 0.08391 0.25669 0.55033 0.29989 0.91767 0.85491 1.35649 2.41875 2.25301 1.69513 1.07937 0.26840 0.12282 0.21014 0.66092 1.00662 1.39490 1.67189 2.61556 3.38159 8.56981 3.40511 0.01549 0.49060 0.65476 0.90071 8.63134 7.80268 6.67729 11.58370 13.14380 14.37900 17.19110 15.14360 18.13950 13.46930 14.02510 25.57590 26.71840 23.47610 13.10920 7.58695 2.90283 2.92879 2.63757 3.18796 5.39505 2.51671
-9999 -9999 -9999 -9999 -9999 -9999 -9999 -9999 -9999 -9999 -9999 -9999 -9999 -9999 -9999 -9999 -9999 2.92762 1.52553 1.36222 2.12916 1.65556 1.10820 0.46362 0.04883 0.00209 0.15088 0.15391 0.49080 0.62750 0.77109 0.98139 1.33897 2.25710 1.06525 1.51635 2.52780 0.30349 0.26271 1.00084 1.67934 5.79511 2.40901 7.43260 2.71248 2.56654 7.73761 0.78099 0.19463 0.67498 1.00057 6.58046 4.75144 4.79590 7.95792 4.76186 13.37850 17.81860 19.72160 20.92850 12.17080 16.38800 32.49210 29.83150 22.93100 15.95210 11.57210 5.18659 3.26815 4.95107 9.23140 7.66543 7.78721
-9999 -9999 -9999 -9999 -9999 -9999 -9999 -9999 -9999 -9999 -9999 -9999 -9999 -9999 -9999 -9999 -9999 2.61835 2.85335 3.83458 1.78789 1.00074 0.56760 0.00638 0.00015 0.00092 0.00057 0.00953 0.00543 0.28459 0.27103 0.29545 0.64397 0.43264 0.75116 0.96721 2.03545 0.54825 1.52211 1.91672 2.11663 1.70967 5.93410 1.42279 4.40187 3.40141 4.19542 0.02515 0.01386 0.19121 0.78521 6.31237 7.40318 7.94226 9.74695 3.95209 20.48460 15.51070 14.66020 16.41460 22.17140 29.66360 28.26220 28.85370 33.26430 20.10430 14.25130 12.77320 3.85311 2.29324 2.57896 10.55120 13.13000
-9999 -9999 -9999 -9999 -9999 -9999 -9999 -9999 -9999 -9999 -9999 -9999 -9999 -9999 -9999 -9999 1.26354 1.78052 4.98544 1.60857 0.60839 0.02100 0.00509 0.00339 0.00009 0.00034 0.00039 0.00619 0.00585 0.00161 0.00246 0.00182 0.27915 0.14546 0.15663 0.35993 1.13168 2.91970 1.22661 1.32438 1.17423 1.45716 6.92291 3.76997 1.21139 3.23581 4.66225 0.01595 0.01932 0.15876 0.57162 5.92884 5.99797 6.08272 7.28989 2.81280 3.90627 16.47700 9.68627 17.19730 17.47530 21.50940 25.62180 31.59430 25.26320 20.69870 15.68280 12.98660 6.95162 4.08760 5.86903 12.57900 15.33420
-9999 -9999 -9999 -9999 -9999 -9999 -9999 -9999 -9999 -9999 -9999 -9999 -9999 2.61276 2.52411 0.85762 1.44638 2.38839 2.92263 0.43184 0.03746 0.09947 0.01148 0.00249 0.00248 0.00027 0.00075 0.00000 0.00000 0.00000 0.05515 0.20528 0.00006 0.00009 0.06352 0.02660 0.10785 0.14697 0.00966 0.00733 0.00360 0.63492 0.46543 0.00037 0.32981 0.17965 0.30940 0.38468 0.44704 0.61195 0.63846 0.46582 0.27641 0.21733 0.67399 1.90210 1.71934 2.56670 2.03414 3.14999 3.03675 5.40760 5.58882 11.53050 11.17230 7.57054 7.46260 9.46003 10.15640 7.24311 10.99470 17.60660 20.67190
-9999 -9999 -9999 -9999 -9999 -9999 -9999 -9999 -9999 -9999 -9999 -9999 1.00447 1.41672 1.33044 1.13922 1.77221 0.25663 0.20691 0.02988 0.01521 0.01020 0.00424 0.00181 0.00768 0.00038 0.00011 0.00000 0.00827 0.03096 0.00321 0.01835 0.03732 0.08361 0.10253 0.02397 0.00004 0.00038 0.00671 0.00240 0.00248 0.00244 0.54352 0.34231 0.08534 0.10981 0.16381 0.29568 0.33373 0.26010 0.23441 0.03174 0.34072 0.02893 0.59721 0.61850 1.29471 1.28065 2.40151 4.93445 4.63502 5.46893 7.01936 10.53560 11.62250 6.41069 7.44571 12.23520 12.90300 12.15970 25.84470 23.92940 23.17380
-9999 -9999 -9999 -9999 -9999 -9999 -9999 -9999 -9999 -9999 -9999 1.89234 0.04975 1.06779 0.01454 0.02769 0.01979 0.04510 0.07042 0.00907 0.00372 0.00015 0.00023 0.00142 0.00124 0.00014 0.12125 0.04550 0.01917 0.06375 0.00486 0.00000 0.00000 0.00009 0.00000 0.05562 0.00095 0.00371 0.01003 0.00243 0.00071 0.40087 0.18206 0.06598 0.05276 0.09690 0.10351 0.15454 0.26194 0.45381 0.53919 0.49415 0.28373 1.67818 0.35727 0.26201 1.21329 0.44715 0.63147 1.79695 1.91777 2.08880 2.58305 3.72229 5.46225 7.28208 6.56182 11.80520 9.92436 23.37940 38.22650 35.65240 28.79730
-9999 -9999 -9999 -9999 -9999 -9999 -9999 -9999 -9999 -9999 0.03572 0.01160 0.00233 0.02004 0.01161 0.00982 0.00145 0.00316 0.00243 0.00050 0.00068 0.00004 0.00008 0.00036 0.00014 0.00014 0.00014 0.05299 0.01579 0.00000 0.00000 0.00000 0.00002 0.07264 0.01993 0.07332 0.00260 0.00703 0.01384 0.00390 0.40764 0.09929 0.02126 0.01380 0.02057 0.14144 0.14762 0.11588 0.25369 0.32927 0.77313 0.51935 2.06714 0.27321 0.23166 0.24853 1.94333 2.09513 0.95872 0.73399 1.63879 2.47374 2.49761 4.72655 5.85136 8.49043 4.15131 12.39420 18.94690 37.79660 41.73690 28.45650 28.51010
-9999 -9999 -9999 -9999 -9999 -9999 -9999 -9999 -9999 0.00001 0.00000 0.00000 0.00013 0.00085 0.00036 0.00059 0.00014 0.00002 0.00000 0.00000 0.00000 0.00001 0.00003 0.00003 0.00000 0.00000 0.00000 0.00000 0.00000 0.00000 0.00000 0.00000 0.00000 0.00000 0.02712 0.20422 0.01596 0.01002 0.00243 0.29054 0.03118 0.00996 0.01646 0.95597 0.01440 0.58456 0.06390 0.21268 0.17123 0.24459 0.42077 1.76202 0.45414 5.26474 2.77821 0.60855 0.35789 0.38680 0.43596 0.68722 1.56106 2.36087 2.02708 3.21569 3.47856 4.79988 7.10351 28.92240 48.71390 56.12570 52.90930 54.00260 52.41150
-9999 -9999 -9999 -9999 -9999 -9999 -9999 -9999 -9999 -9999 0.00000 0.00000 0.00000 0.00000 0.00000 0.00005 0.00008 0.00001 0.00000 0.00000 0.00000 0.00000 0.00001 -9999 -9999 -9999 -9999 -9999 -9999 0.00002 0.00004 0.00000 0.00000 0.00000 0.00000 0.16257 0.43971 0.00137 0.00104 0.27390 0.06405 0.06968 0.85978 0.49771 0.81711 0.49557 0.78914 0.26790 0.47512 0.49029 0.86090 0.19731 0.45510 1.90394 4.54241 0.52834 0.32935 0.40825 0.28936 0.66170 1.10502 1.36537 0.61401 2.16596 5.17352 6.08125 10.94700 36.41020 60.45760 57.78280 59.50770 55.64330 57.01630
-9999 -9999 -9999 -9999 -9999 -9999 -9999 -9999 -9999 -9999 -9999 -9999 0.00000 0.00000 0.00001 0.00000 0.00000 0.00000 0.00000 -9999 -9999 -9999 -9999 -9999 -9999 -9999 -9999 -9999 -9999 -9999 -9999 -9999 -9999 0.00000 0.04479 0.09260 0.08366 0.12691 0.00067 0.00230 0.18302 0.06044 0.14674 0.07212 0.07147 0.89781 0.85020 0.11524 0.18771 0.21942 0.36777 2.57425 2.89910 2.73917 1.28724 0.31966 0.54288 0.44009 0.03743 0.67808 1.51344 1.64318 3.19194 1.17475 3.43243 7.44807 16.82200 44.47040 51.83770 48.38090 46.96750 48.58170 -9999
-9999 -9999 -9999 -9999 -9999 -9999 -9999 -9999 -9999 -9999 -9999 -9999 -9999 -9999 -9999 -9999 -9999 -9999 -9999 -9999 -9999 -9999 -9999 -9999 -9999 -9999 -9999 -9999 -9999 -9999 -9999 -9999 -9999 -9999 0.04620 0.03415 0.04123 0.04221 0.00019 0.08921 0.09708 0.03494 1.29399 0.52370 0.60286 0.82104 0.22118 0.07910 0.24976 0.19287 0.41349 1.99858 1.21924 1.94811 1.90943 0.59944 0.29517 0.64751 0.43622 0.64414 1.04098 1.59043 1.05362 1.25168 2.94188 6.83323 17.33700 43.16450 50.47620 46.64170 44.70720 -9999 -9999
-9999 -9999 -9999 -9999 -9999 -9999 -9999 -9999 -9999 -9999 -9999 -9999 -9999 -9999 -9999 -9999 -9999 -9999 -9999 -9999 -9999 -9999 -9999 -9999 -9999 -9999 -9999 -9999 -9999 -9999 -9999 -9999 -9999 -9999 0.03945 0.02934 0.04702 0.20024 0.00183 0.01677 0.00889 0.48722 0.42238 0.02562 0.18340 0.05319 0.06579 0.09156 0.14098 0.19823 0.32355 0.23902 0.59630 1.77138 1.57069 0.59390 0.40363 0.26583 0.22862 0.59710 1.30405 1.63987 1.54015 1.64262 3.81472 15.43910 17.63490 27.85390 36.33550 30.40720 -9999 -9999 -9999
-9999 -9999 -9999 -9999 -9999 -9999 -9999 -9999 -9999 -9999 -9999 -9999 -9999 -9999 -9999 -9999 -9999 -9999 -9999 -9999 -9999 -9999 -9999 -9999 -9999 -9999 -9999 -9999 -9999 -9999 -9999 -9999 -9999 -9999 -9999 -9999 -9999 -9999 0.05636 0.01498 0.00685 0.01188 0.24629 0.29109 0.01809 0.07641 0.18671 0.15945 0.17134 0.28039 0.19229 0.39108 0.33968 1.17709 1.39839 0.26687 0.01102 0.01052 0.14980 0.41170 1.25404 0.60600 1.13664 3.11487 10.54330 17.20480 22.24850 23.78450 22.91290 -9999 -9999 -9999 -9999
