data/hydroclimate-scenarios/1948-2000.Pcorr55N_Pref_Tref/monthly_summaries/baseflow_monthly_tot_may.1950-2000.asc
ncols	311
nrows	91
xllcenter	102.75
yllcenter	31.75
cellsize	0.5
NODATA_value	-9999
[rows 32 to 63 of 91, columns 0 to 71 of 311]
-9999 -9999 -9999 -9999 -9999 -9999 -9999 -9999 -9999 -9999 -9999 18.94370 20.60490 27.39110 24.97850 30.54480 32.21030 37.20070 44.44280 47.91360 47.32860 40.53180 43.05480 39.33220 50.18730 50.08560 44.71550 48.98630 42.36710 20.56460 18.10790 16.31860 16.50780 17.01170 20.19150 18.85540 23.41610 24.99110 24.49930 27.67060 27.92410 29.06480 30.76490 30.67180 29.51250 27.80040 28.62610 30.84080 29.12820 27.49960 24.07070 20.67090 18.78420 25.96870 23.78600 22.23480 21.97260 21.59680 17.65000 11.21730 11.55770 11.15870 17.57760 25.05510 25.79520 18.44420 20.29240 20.96750 20.97980 23.47460 18.63280 18.65580
-9999 -9999 -9999 -9999 -9999 -9999 -9999 -9999 -9999 -9999 -9999 28.64850 28.10190 26.76470 27.26030 33.25030 34.30150 41.42390 46.97290 49.80360 50.83220 50.09660 59.19840 56.32620 52.31230 37.73890 37.84550 28.51790 22.78840 31.36450 32.91240 17.77090 19.93760 14.43750 19.09430 15.85610 27.39740 25.80510 33.15430 43.37530 34.55270 44.72670 38.36540 38.96060 40.84660 40.74950 40.50810 40.42580 37.83180 34.78460 31.18680 25.46690 22.77740 27.97500 17.54360 18.79780 18.15250 17.07350 16.23590 15.24840 14.47210 28.96040 27.02420 11.91350 29.21450 23.59240 23.03640 27.05570 26.79040 27.23500 23.15140 21.69620
-9999 -9999 -9999 -9999 -9999 -9999 -9999 -9999 -9999 -9999 -9999 -9999 34.61460 33.18300 32.61450 37.95140 40.10740 46.47010 50.03030 55.34630 68.97240 56.44530 60.10540 39.50820 39.84660 35.67720 32.55930 25.98370 18.01940 15.86440 27.33630 23.20370 22.09740 22.42410 23.47650 25.12690 33.67480 27.20740 35.21570 44.70400 49.99960 53.80090 55.26550 46.04030 48.60710 50.55930 50.48620 48.46090 44.24570 40.39050 34.25880 33.74130 30.49410 25.35440 21.18320 18.96860 17.53480 24.12600 31.04300 29.57820 27.74590 23.46390 23.59110 22.59070 23.89430 31.45020 26.70250 27.09120 28.90740 26.47640 26.69580 27.79400
-9999 -9999 -9999 -9999 -9999 -9999 -9999 -9999 -9999 -9999 -9999 -9999 31.70820 31.47910 35.71430 36.98050 41.60480 60.76810 65.02470 58.41670 55.13380 44.40200 38.85770 33.92540 30.95820 31.27370 21.35090 19.93150 16.53160 21.55110 17.75880 22.93210 18.32730 18.74540 21.52120 14.31220 17.50640 20.62690 22.89180 30.77400 54.09330 53.51230 54.11300 57.24870 56.20490 61.26730 59.41910 56.78580 48.92970 45.81090 40.93410 31.34210 25.80520 26.42250 23.04270 28.40710 34.96750 25.73130 12.89880 26.86460 26.32300 16.87410 16.36870 19.05940 25.57990 27.02480 30.04970 32.83560 33.94400 34.15290 36.24750 35.80600
-9999 -9999 -9999 -9999 -9999 -9999 -9999 -9999 -9999 -9999 -9999 -9999 29.80910 29.25140 43.61070 50.51660 55.32450 41.72660 57.46730 53.74860 49.43540 42.41600 38.89100 32.41180 26.63710 23.37020 18.12850 19.67670 17.54150 20.86480 17.64480 15.19900 8.74568 9.95740 8.37683 11.95010 16.53930 18.33450 20.17230 30.19510 40.09090 48.96140 53.91290 59.26830 67.54690 88.10940 73.41260 64.78710 59.90690 52.88120 45.39280 39.79960 30.38350 33.55850 32.26380 29.71090 27.94140 18.03520 19.16510 32.32180 20.10340 21.81410 21.67400 17.77650 30.26540 30.99000 33.02840 37.53740 42.22630 39.32540 43.85380 42.47840
-9999 -9999 -9999 32.26750 31.12730 26.96270 25.48490 26.90030 26.79080 -9999 27.41910 46.01570 44.86070 25.35180 26.50620 26.82750 34.89750 40.94560 42.37220 40.56060 40.78350 38.20150 30.99760 26.88410 28.18730 19.58080 14.96270 14.51660 16.57200 21.35370 10.42410 6.85643 6.32795 18.10750 12.62630 10.82560 18.18250 17.62450 21.60680 28.22360 37.46920 46.57840 51.88020 63.68720 73.51350 83.84860 71.53360 85.82360 67.38220 60.34450 64.39720 63.45310 56.20350 46.33900 40.88810 37.31530 36.90340 27.98450 36.19040 27.94910 34.69400 29.48970 35.89700 28.37400 28.45170 29.37410 32.97480 35.98800 35.92840 38.50800 46.89390 41.39030
-9999 -9999 -9999 30.43700 25.50190 24.90750 25.52440 26.85310 27.22930 41.25400 43.21890 43.34090 31.23250 29.73900 33.52540 24.79080 40.05050 24.85110 24.70480 26.29650 26.07160 25.29090 23.48940 21.89830 25.52010 25.23290 20.95110 16.81190 13.84720 21.79280 10.30390 12.60980 8.58364 14.15210 17.82680 21.32530 15.79620 22.22260 20.90260 39.38740 43.43170 45.84080 51.95700 62.41440 78.50620 84.89510 80.13530 83.73540 86.20520 85.94170 81.53360 60.57010 55.33200 44.60780 36.80590 35.84200 31.54600 30.55210 34.39550 33.02060 32.29490 32.99530 37.26180 39.11830 35.50370 37.52550 38.93300 37.99690 45.11230 50.28090 46.10240 46.38580
-9999 -9999 -9999 19.48780 17.19280 19.47210 38.82550 38.88260 33.97460 34.39640 36.50160 38.74070 25.89590 23.08960 29.35940 19.21950 32.99020 32.44030 20.35000 17.41710 18.94880 25.50520 21.10640 30.01330 24.21210 18.70630 13.97960 13.49340 14.66990 18.73150 19.15120 14.13130 11.87410 14.28910 18.73130 18.16960 13.41880 14.43070 24.66840 42.94190 49.59820 51.59800 53.04610 61.56130 68.88440 79.74250 80.27120 96.44350 91.47550 73.92280 70.50650 59.38980 53.89540 46.37810 36.72610 34.99550 32.31200 31.57400 36.56580 32.84270 42.11070 44.35850 37.29790 41.36400 44.61690 45.88500 48.35290 52.19890 53.56750 43.69830 33.86040 47.83530
-9999 -9999 -9999 18.07950 13.35110 25.57250 43.24280 42.30850 36.01520 33.69070 32.13880 17.23670 22.38320 29.33650 24.94700 35.39760 32.68620 30.85790 24.76790 20.96220 30.03480 30.55460 30.76730 25.39490 18.78440 18.04290 11.87000 7.99911 14.58670 21.36220 14.55660 6.86222 12.36510 17.26100 17.24990 19.24520 16.69250 12.64210 17.70540 20.32970 31.34170 49.32750 55.54080 59.36650 64.83210 67.94080 65.07050 75.09680 75.12160 71.86900 66.78880 57.99030 53.55560 55.11020 41.99510 44.77810 44.23810 43.91210 47.15640 48.48300 52.62290 48.36480 53.92340 51.55160 56.37040 61.82320 52.86410 54.55690 48.64800 30.49070 50.55660 72.15760
-9999 -9999 -9999 10.89010 9.54201 19.58510 28.79420 29.83310 32.57850 29.50880 25.54800 28.96110 27.83870 35.12250 40.29330 36.06350 34.55060 23.91370 10.99280 16.80390 19.99600 18.09460 19.49000 13.65970 13.52760 10.11630 3.82441 3.97760 8.92525 11.60910 13.79900 10.50490 11.76830 9.84630 7.96495 10.70990 12.22840 9.47487 11.32030 15.93020 24.84700 33.50640 41.38040 45.15940 45.77680 51.66270 56.54830 66.12960 71.91540 62.99610 63.62470 55.11120 56.33350 57.09930 47.41690 48.87750 43.21510 44.97790 47.94860 42.71670 51.10170 51.59850 53.77340 71.83990 79.49220 85.38160 81.95640 69.25790 57.45870 59.62070 83.57920 -9999
-9999 -9999 -9999 -9999 24.54630 31.45340 29.39700 33.71390 33.62450 31.83130 26.04090 18.26430 38.19490 32.83990 -9999 -9999 -9999 -9999 -9999 21.15900 19.37520 13.26150 14.98100 15.70940 12.72600 8.03858 4.10361 3.86165 4.17503 3.17891 4.61914 5.76352 6.11120 4.23111 3.50354 3.35817 5.96663 6.54641 7.23459 9.78779 10.81330 16.73600 22.90010 30.50720 34.02080 36.05840 43.26970 51.60630 48.17560 48.39540 45.38310 44.36290 39.09370 44.63740 44.94960 43.35560 42.16430 44.67930 56.22040 57.02660 56.36890 62.30090 81.20580 83.20420 91.57280 103.73200 100.12300 99.38230 97.49840 -9999 -9999 -9999
-9999 -9999 14.99640 24.46970 24.41330 23.20880 25.68620 32.78650 25.04070 27.46110 23.01540 17.15910 29.19690 -9999 -9999 -9999 -9999 -9999 27.87770 14.45220 11.68240 3.11055 2.72841 5.50983 6.75959 6.02215 2.20359 1.47140 1.81859 1.78251 3.44666 2.43860 2.49734 3.06412 3.17183 2.42483 3.66936 3.56401 5.36765 5.90956 9.05189 10.38510 14.28340 17.80580 17.14180 20.46220 27.96020 29.73620 29.56270 28.91860 28.90450 32.52540 40.24120 35.81380 38.90250 30.46820 35.35870 49.37970 57.12220 50.35060 56.45150 69.16650 83.02460 96.84050 110.49600 119.79900 124.99800 -9999 -9999 -9999 -9999 -9999
-9999 -9999 24.62690 23.69490 17.02680 16.52510 16.85310 25.28230 22.17240 20.09360 19.32980 23.48740 19.60520 -9999 -9999 -9999 -9999 10.27190 15.20080 5.26233 5.11320 1.79483 1.64913 1.87475 1.26308 0.65370 1.30392 1.10047 1.17061 0.87227 1.01675 2.09199 1.79801 1.89078 2.76334 2.91821 2.92091 2.86307 5.56275 8.82222 8.20580 10.76620 15.01810 13.20060 18.80660 21.36910 23.67110 28.89730 18.49980 20.49470 20.57070 19.05530 19.87400 24.15610 22.69540 17.39350 24.76930 42.36670 49.17860 47.60300 53.88540 66.18010 70.22480 83.13360 91.20400 -9999 -9999 -9999 -9999 -9999 115.79400 -9999
-9999 -9999 20.44780 27.30670 21.91520 19.00380 16.27130 15.97330 18.61080 22.50940 21.85820 24.77820 1.91533 -9999 -9999 -9999 -9999 14.79160 10.07780 5.18378 3.59459 1.08032 0.54432 0.36690 0.40853 0.57496 0.90741 0.91953 1.02354 1.17114 1.32190 1.34049 1.83470 2.41475 2.43134 3.09596 3.43860 3.83736 5.19912 3.76309 5.47694 5.51617 6.25637 9.42186 11.60400 19.82810 23.08450 26.23740 21.47260 21.38450 15.09070 15.87390 14.89570 19.98850 23.47270 13.67960 14.83140 31.70220 34.27060 35.58580 33.65170 39.20580 42.04700 69.98530 89.54500 96.45950 102.25800 113.96100 121.60700 -9999 -9999 -9999
-9999 -9999 -9999 22.09070 21.29920 15.78070 11.48480 10.24610 14.16160 25.02520 19.62330 4.57580 -9999 -9999 -9999 -9999 12.42120 11.06360 4.17532 2.31025 1.45325 0.31543 0.36761 0.27530 0.34253 0.58567 0.92695 1.43168 1.72957 2.24880 2.11937 1.25181 1.28946 2.46793 3.98332 4.17161 2.60333 1.98797 2.10184 1.50048 2.04480 2.10613 4.05030 5.09813 5.32119 9.58964 8.80908 8.22636 9.16525 8.11399 12.47930 16.35560 15.59220 20.90060 27.09890 29.05400 29.92800 37.74530 38.97050 36.19750 37.07000 40.30680 56.29080 76.53790 72.70140 79.53520 74.85510 92.90240 88.86260 80.27850 -9999 -9999
-9999 -9999 -9999 -9999 17.58110 12.94780 11.42950 13.42270 18.64730 9.87525 1.97574 -9999 -9999 -9999 -9999 18.63510 15.36230 6.59652 2.36993 2.15203 1.00589 0.51304 0.42391 0.51569 0.37363 0.60944 1.10870 1.29089 2.43057 1.89232 2.30227 1.37801 1.44926 2.03553 3.31843 1.95083 2.03668 1.74896 1.87374 1.18285 1.57945 1.55553 1.81567 2.49785 2.48282 5.02002 5.76831 5.88081 6.37309 5.66161 6.06898 9.05951 11.67630 13.90060 13.54080 14.48020 17.68590 32.55810 36.75170 31.40180 42.48000 54.35870 60.60480 68.63600 83.75810 68.78380 57.15840 59.17710 71.07940 64.90990 65.78980 74.33120
-9999 -9999 -9999 -9999 -9999 -9999 14.87710 15.82440 2.81386 3.66356 8.59830 -9999 -9999 -9999 -9999 -9999 12.02940 5.15173 1.72823 1.83800 0.97550 0.21817 0.33230 0.43930 0.71038 0.47425 0.25171 0.78598 0.88518 1.35690 1.18253 1.36419 0.81571 2.23719 2.36786 2.30377 1.90347 2.04999 1.19982 1.35561 1.52003 2.51915 2.96651 2.52897 3.77471 3.20680 3.34906 4.34322 6.44467 6.98221 6.97154 9.34333 9.21050 9.23972 11.17240 12.11930 15.94450 26.99050 32.52960 39.80470 47.84560 55.87290 63.01890 75.18490 80.77400 71.41840 49.12410 35.87320 43.52800 48.78420 54.77490 63.66060
-9999 -9999 -9999 -9999 -9999 -9999 -9999 -9999 -9999 -9999 -9999 -9999 -9999 -9999 -9999 -9999 -9999 -9999 -9999 1.33148 0.57554 0.07909 0.31306 0.40901 0.33052 0.28208 0.82392 0.45922 0.57852 0.52495 0.86785 0.68897 0.60084 1.01437 1.74944 1.83103 0.91224 1.08557 1.09421 1.48309 1.92115 2.08873 1.98671 2.16452 2.68405 2.25918 1.81748 3.67630 4.63570 4.97381 5.45374 7.79729 9.17054 9.18570 8.25821 10.07370 13.66730 19.54470 24.74640 31.27580 48.81220 47.27020 61.13550 72.63870 74.07670 49.91990 29.99960 24.29960 30.67740 48.79880 53.40060 62.08420
-9999 -9999 -9999 -9999 -9999 -9999 -9999 -9999 -9999 -9999 -9999 -9999 -9999 -9999 -9999 -9999 -9999 -9999 2.08614 0.54492 0.27985 0.30633 0.29020 0.25906 0.12790 0.09382 0.23090 0.31914 0.24473 0.60315 0.69138 0.86498 1.44116 1.15659 0.85768 1.08216 1.08118 0.80758 1.28218 1.18962 1.49066 1.82197 2.01909 2.50392 2.73232 3.85314 1.91661 0.14010 1.62417 2.00002 2.39826 6.38462 7.00364 7.11276 9.17900 8.47752 9.17253 18.18370 24.49780 23.29930 24.88090 24.92570 36.43400 47.83460 56.32200 40.73830 30.90060 19.56200 26.57710 35.23260 50.91000 62.03560
-9999 -9999 -9999 -9999 -9999 -9999 -9999 -9999 -9999 -9999 -9999 -9999 -9999 -9999 -9999 -9999 -9999 2.53368 1.53734 0.51107 0.41080 0.32607 0.26409 0.11081 0.05856 0.04614 0.27069 0.18028 0.37734 0.49521 0.61923 0.61806 0.70488 0.82871 0.61817 1.18607 1.97218 1.24834 0.97978 1.07403 1.45828 2.20485 1.86402 2.35881 1.65484 1.66672 2.84806 1.84065 0.85446 1.94788 2.31780 7.22873 7.42434 5.99300 6.71718 5.27930 8.99691 15.18970 19.40890 18.31240 13.85750 21.44120 46.50090 54.02320 35.88870 31.21720 32.01370 21.38640 23.41010 30.66050 57.39640 71.61690
-9999 -9999 -9999 -9999 -9999 -9999 -9999 -9999 -9999 -9999 -9999 -9999 -9999 -9999 -9999 -9999 -9999 1.29922 1.11121 1.42230 0.56239 0.38855 0.37426 0.02153 0.01247 0.02363 0.02555 0.02598 0.01607 0.30085 0.33725 0.34334 0.45372 0.47818 0.60078 0.66205 1.07225 0.63164 1.24327 1.18447 0.94357 0.69576 1.31809 0.78738 1.83955 1.63251 1.57198 0.17376 0.13489 0.78511 1.88875 6.83264 7.60943 7.47233 7.11586 5.26342 12.08760 12.18830 11.59820 11.49250 14.96890 30.34940 33.32820 39.75590 57.33480 44.13040 32.93540 44.19620 23.80890 22.72140 30.21150 71.05130
-9999 -9999 -9999 -9999 -9999 -9999 -9999 -9999 -9999 -9999 -9999 -9999 -9999 -9999 -9999 -9999 1.42217 0.92293 1.57976 0.70884 0.31107 0.03413 0.02647 0.00892 0.00224 0.00901 0.01279 0.00824 0.00925 0.03056 0.03559 0.01996 0.30417 0.24476 0.30002 0.44810 0.71129 1.11225 0.85734 0.70293 0.38811 0.44417 1.20000 1.06276 0.44322 0.93750 0.98572 0.16446 0.17352 0.57658 1.75850 5.47817 6.30728 6.55720 6.30394 4.43143 4.60314 7.41156 8.80743 12.83300 11.81340 19.69940 32.17070 47.56310 41.45010 41.02840 36.20270 31.96550 18.77030 19.77640 33.13320 76.87430
-9999 -9999 -9999 -9999 -9999 -9999 -9999 -9999 -9999 -9999 -9999 -9999 -9999 1.37507 1.68981 0.75776 1.08571 1.30698 0.89492 0.19037 0.02801 0.05069 0.01557 0.00949 0.00911 0.00100 0.00144 0.00000 0.00000 0.00000 0.07217 0.29677 0.00044 0.00059 0.10642 0.05512 0.19848 0.32360 0.03929 0.03050 0.01456 0.81283 0.62987 0.00214 0.58207 0.40411 0.60957 0.66084 0.78560 1.33271 1.66923 1.73824 1.52811 1.43716 2.88401 4.68264 4.05725 4.39671 3.26777 4.77942 4.91402 8.25353 9.70401 14.55680 15.49240 14.62710 18.10980 20.82100 26.53100 29.62690 53.68810 93.14330
-9999 -9999 -9999 -9999 -9999 -9999 -9999 -9999 -9999 -9999 -9999 -9999 0.62786 0.65318 0.87117 0.70167 0.75107 0.17101 0.12596 0.00465 0.01272 0.02226 0.01252 0.00906 0.00587 0.00041 0.00015 0.00000 0.00929 0.03539 0.00331 0.02318 0.05485 0.10540 0.14475 0.04618 0.00037 0.00217 0.02377 0.00923 0.00763 0.00316 0.56283 0.46166 0.17459 0.23401 0.36948 0.46701 0.63821 0.69590 0.85620 0.20821 1.46807 0.24173 2.48591 2.58334 3.25846 2.55215 3.74274 7.33808 7.12710 7.91380 9.93938 14.72010 18.06440 15.55810 18.94550 24.01030 29.96030 50.18700 89.01260 96.85520
-9999 -9999 -9999 -9999 -9999 -9999 -9999 -9999 -9999 -9999 -9999 2.53512 0.56310 1.09282 0.08899 0.01862 0.01405 0.02884 0.02307 0.01220 0.01094 0.00155 0.00150 0.00134 0.00134 0.00065 0.08918 0.04730 0.02135 0.06995 0.00549 0.00000 0.00005 0.00021 0.00003 0.10387 0.00321 0.00952 0.02636 0.00919 0.00242 0.47725 0.23411 0.11901 0.10212 0.18733 0.20563 0.34023 0.57296 0.79028 0.98843 0.83492 0.66602 3.21283 1.14508 0.72440 2.67695 1.34813 1.70615 4.38692 4.84914 5.81377 7.72356 10.82100 16.09700 21.53680 20.49010 23.86340 34.80630 67.28450 109.85400 109.22600
-9999 -9999 -9999 -9999 -9999 -9999 -9999 -9999 -9999 -9999 0.17601 0.42398 0.08800 0.06416 0.01261 0.00344 0.00085 0.00096 0.00240 0.00152 0.00108 0.00037 0.00054 0.00045 0.00007 0.00051 0.00014 0.05901 0.01665 0.00000 0.00000 0.00000 0.00009 0.10481 0.03036 0.12348 0.00552 0.01149 0.02750 0.01611 0.43405 0.12719 0.02826 0.02324 0.02765 0.16342 0.19576 0.19993 0.44501 0.59346 1.08759 0.71415 2.62944 0.71836 0.85378 0.67154 3.03829 3.44093 2.43190 2.97655 4.90512 7.11179 9.35606 13.42330 15.01520 20.62850 16.24050 21.16390 49.42680 90.94430 109.25900 108.27200
-9999 -9999 -9999 -9999 -9999 -9999 -9999 -9999 -9999 0.00163 0.00060 0.00040 0.00035 0.00056 0.00013 0.00039 0.00014 0.00000 0.00000 0.00000 0.00000 0.00003 0.00009 0.00000 0.00000 0.00002 0.00000 0.00002 0.00000 0.00001 0.00003 0.00000 0.00000 0.00002 0.05883 0.37151 0.03076 0.01517 0.00489 0.33355 0.04219 0.01158 0.02427 0.76686 0.01369 0.42351 0.06068 0.31768 0.31515 0.46066 0.75438 2.00674 0.78190 4.59594 3.46189 1.66689 1.56756 2.09515 2.38743 3.29217 5.33093 7.49864 7.75320 9.46898 9.43783 13.26670 17.77320 48.97980 90.94060 123.48500 138.20300 123.91300
-9999 -9999 -9999 -9999 -9999 -9999 -9999 -9999 -9999 -9999 0.00002 0.00000 0.00000 0.00000 0.00000 0.00001 0.00004 0.00000 0.00000 0.00000 0.00000 0.00000 0.00000 -9999 -9999 -9999 -9999 -9999 -9999 0.00035 0.00146 0.00000 0.00000 0.00000 0.00008 0.27161 0.54274 0.00169 0.00128 0.27944 0.06699 0.07955 0.66788 0.36667 0.59574 0.36324 0.50753 0.26541 0.50447 0.56372 0.93979 0.20515 0.66257 2.40108 4.09968 1.46848 1.53432 2.00970 1.68567 2.63769 4.22098 6.13041 3.76746 8.08442 12.03500 14.42280 23.30430 69.57390 123.95800 139.26700 141.97400 133.98000
-9999 -9999 -9999 -9999 -9999 -9999 -9999 -9999 -9999 -9999 -9999 -9999 0.00000 0.00000 0.00000 0.00000 0.00000 0.00000 0.00000 -9999 -9999 -9999 -9999 -9999 -9999 -9999 -9999 -9999 -9999 -9999 -9999 -9999 -9999 0.00000 0.07354 0.13052 0.10521 0.13070 0.00041 0.00127 0.13778 0.05312 0.11404 0.05839 0.06158 0.70227 0.59273 0.11795 0.18916 0.24091 0.37337 2.17420 2.56382 2.80951 2.08128 1.05385 1.72678 1.68851 0.37504 2.33230 4.59053 6.06713 8.50755 4.85468 9.85911 15.89140 29.94910 85.19960 118.11500 133.91000 159.02800 164.65700
-9999 -9999 -9999 -9999 -9999 -9999 -9999 -9999 -9999 -9999 -9999 -9999 -9999 -9999 -9999 -9999 -9999 -9999 -9999 -9999 -9999 -9999 -9999 -9999 -9999 -9999 -9999 -9999 -9999 -9999 -9999 -9999 -9999 -9999 0.08985 0.04652 0.04157 0.03896 0.00007 0.06539 0.06592 0.02743 0.89757 0.38093 0.42865 0.53851 0.13377 0.07838 0.29809 0.34352 0.62252 2.11837 1.80092 2.50720 3.04850 1.81064 1.29828 2.18323 2.22026 3.73091 5.15156 5.95389 5.40807 5.48247 9.90609 14.82610 31.31230 102.92500 134.24200 140.02800 138.41299 -9999
-9999 -9999 -9999 -9999 -9999 -9999 -9999 -9999 -9999 -9999 -9999 -9999 -9999 -9999 -9999 -9999 -9999 -9999 -9999 -9999 -9999 -9999 -9999 -9999 -9999 -9999 -9999 -9999 -9999 -9999 -9999 -9999 -9999 -9999 0.04821 0.03185 0.04926 0.17841 0.00131 0.01432 0.00885 0.40977 0.35561 0.02807 0.16307 0.06178 0.08797 0.11476 0.22599 0.41673 0.69720 0.54678 1.49912 2.63549 2.61141 1.42680 1.32257 1.24680 1.35143 3.16700 6.58235 8.53812 8.77599 6.58202 10.64120 28.18280 32.32110 51.48990 56.84690 58.56680 -9999 -9999
-9999 -9999 -9999 -9999 -9999 -9999 -9999 -9999 -9999 -9999 -9999 -9999 -9999 -9999 -9999 -9999 -9999 -9999 -9999 -9999 -9999 -9999 -9999 -9999 -9999 -9999 -9999 -9999 -9999 -9999 -9999 -9999 -9999 -9999 -9999 -9999 -9999 -9999 0.05025 0.01437 0.00714 0.01142 0.20662 0.28229 0.02409 0.09907 0.25772 0.16417 0.25695 0.45002 0.33570 0.77841 0.67912 1.95468 2.15062 0.90530 0.06044 0.09635 1.33070 3.65686 6.69764 5.17339 6.19453 9.79036 21.98570 33.10450 41.52520 46.79710 64.24520 -9999 -9999 -9999
