data/hydroclimate-scenarios/1948-2000.Pcorr55N_Pref_Tref/monthly_summaries/baseflow_monthly_tot_sep.1950-2000.asc
ncols	311
nrows	91
xllcenter	102.75
yllcenter	31.75
cellsize	0.5
NODATA_value	-9999
[rows 0 to 31 of 91, columns 73 to 145 of 311]
-9999 -9999 -9999 -9999 -9999 -9999 -9999 -9999 -9999 -9999 -9999 -9999 -9999 -9999 -9999 -9999 -9999 -9999 -9999 -9999 -9999 -9999 -9999 -9999 -9999 -9999 -9999 -9999 -9999 -9999 -9999 -9999 -9999 -9999 -9999 -9999 -9999 -9999 -9999 -9999 -9999 -9999 -9999 -9999 -9999 -9999 -9999 -9999 -9999 -9999 -9999 -9999 -9999 -9999 -9999 -9999 -9999 -9999 -9999 -9999 -9999 -9999 -9999 -9999 -9999 -9999 -9999 -9999 -9999 -9999 -9999 -9999 -9999
-9999 -9999 -9999 -9999 -9999 -9999 -9999 -9999 -9999 -9999 -9999 -9999 -9999 -9999 -9999 -9999 -9999 -9999 -9999 -9999 -9999 -9999 -9999 -9999 -9999 -9999 -9999 -9999 -9999 -9999 -9999 -9999 -9999 -9999 -9999 -9999 -9999 -9999 -9999 -9999 -9999 -9999 -9999 -9999 -9999 -9999 -9999 -9999 -9999 -9999 -9999 -9999 -9999 -9999 -9999 -9999 -9999 -9999 -9999 -9999 -9999 -9999 -9999 -9999 -9999 -9999 -9999 -9999 -9999 -9999 -9999 -9999 -9999
-9999 -9999 -9999 -9999 -9999 -9999 -9999 -9999 -9999 -9999 -9999 -9999 -9999 -9999 -9999 -9999 -9999 -9999 -9999 -9999 -9999 -9999 -9999 -9999 -9999 -9999 -9999 -9999 -9999 -9999 -9999 -9999 -9999 -9999 -9999 -9999 -9999 -9999 -9999 -9999 -9999 -9999 -9999 -9999 -9999 -9999 -9999 -9999 -9999 -9999 -9999 -9999 -9999 -9999 -9999 -9999 -9999 -9999 -9999 -9999 -9999 -9999 -9999 -9999 -9999 -9999 -9999 -9999 -9999 -9999 -9999 -9999 -9999
-9999 -9999 -9999 -9999 -9999 -9999 -9999 -9999 -9999 -9999 -9999 -9999 -9999 -9999 -9999 -9999 -9999 -9999 -9999 -9999 -9999 -9999 -9999 -9999 -9999 -9999 -9999 -9999 -9999 -9999 -9999 -9999 -9999 -9999 -9999 -9999 -9999 -9999 -9999 -9999 -9999 -9999 -9999 -9999 -9999 -9999 -9999 -9999 -9999 -9999 -9999 -9999 -9999 -9999 -9999 -9999 -9999 -9999 -9999 -9999 -9999 -9999 -9999 -9999 -9999 -9999 -9999 -9999 -9999 -9999 -9999 -9999 -9999
-9999 -9999 -9999 -9999 -9999 -9999 -9999 -9999 -9999 -9999 -9999 -9999 -9999 -9999 -9999 -9999 -9999 -9999 -9999 -9999 -9999 -9999 -9999 -9999 -9999 -9999 -9999 -9999 -9999 -9999 -9999 -9999 -9999 -9999 -9999 -9999 -9999 -9999 -9999 -9999 -9999 -9999 -9999 -9999 -9999 -9999 -9999 -9999 -9999 -9999 -9999 -9999 -9999 -9999 -9999 -9999 -9999 -9999 -9999 -9999 -9999 -9999 -9999 -9999 -9999 -9999 -9999 -9999 -9999 -9999 -9999 -9999 -9999
-9999 -9999 -9999 -9999 -9999 -9999 -9999 -9999 -9999 -9999 -9999 -9999 -9999 -9999 -9999 -9999 -9999 -9999 -9999 -9999 -9999 -9999 -9999 -9999 -9999 -9999 -9999 -9999 -9999 -9999 -9999 -9999 -9999 -9999 -9999 -9999 -9999 -9999 -9999 -9999 -9999 -9999 -9999 -9999 -9999 -9999 -9999 -9999 -9999 -9999 -9999 -9999 -9999 -9999 -9999 -9999 -9999 -9999 -9999 -9999 -9999 -9999 -9999 -9999 -9999 -9999 -9999 -9999 -9999 -9999 -9999 -9999 -9999
-9999 -9999 -9999 -9999 -9999 -9999 -9999 -9999 -9999 -9999 -9999 -9999 -9999 -9999 -9999 -9999 -9999 -9999 -9999 -9999 -9999 -9999 -9999 -9999 -9999 -9999 -9999 -9999 -9999 -9999 -9999 -9999 -9999 -9999 -9999 -9999 -9999 -9999 -9999 -9999 -9999 -9999 -9999 -9999 -9999 -9999 -9999 -9999 -9999 -9999 -9999 -9999 -9999 -9999 -9999 -9999 -9999 -9999 -9999 -9999 -9999 -9999 -9999 -9999 -9999 -9999 -9999 -9999 -9999 -9999 -9999 -9999 -9999
-9999 -9999 -9999 -9999 -9999 -9999 -9999 -9999 -9999 -9999 -9999 -9999 -9999 -9999 -9999 -9999 -9999 -9999 -9999 -9999 -9999 -9999 -9999 -9999 -9999 -9999 -9999 -9999 -9999 -9999 -9999 -9999 -9999 -9999 -9999 -9999 -9999 -9999 -9999 -9999 -9999 -9999 -9999 -9999 -9999 -9999 -9999 -9999 -9999 -9999 -9999 -9999 -9999 -9999 -9999 -9999 -9999 -9999 -9999 -9999 -9999 -9999 -9999 -9999 -9999 -9999 -9999 -9999 -9999 -9999 -9999 -9999 -9999
-9999 -9999 -9999 -9999 0.04266 -9999 -9999 -9999 -9999 -9999 -9999 -9999 -9999 -9999 -9999 -9999 -9999 -9999 -9999 -9999 -9999 -9999 -9999 -9999 -9999 -9999 -9999 -9999 -9999 -9999 -9999 -9999 -9999 -9999 -9999 -9999 -9999 -9999 -9999 -9999 -9999 -9999 -9999 -9999 -9999 -9999 -9999 -9999 -9999 -9999 -9999 -9999 -9999 -9999 -9999 -9999 -9999 -9999 -9999 -9999 -9999 -9999 -9999 -9999 -9999 -9999 -9999 -9999 -9999 -9999 -9999 -9999 -9999
0.83180 0.00204 0.00711 0.02571 0.02361 0.06224 0.04746 0.07884 0.13349 0.12829 0.10356 0.11032 0.09838 0.23782 0.38358 0.26782 0.15054 0.16770 0.22093 0.25691 -9999 -9999 -9999 -9999 -9999 -9999 -9999 -9999 -9999 -9999 -9999 -9999 -9999 -9999 -9999 -9999 -9999 -9999 -9999 -9999 -9999 -9999 -9999 -9999 -9999 -9999 -9999 -9999 -9999 -9999 -9999 -9999 -9999 -9999 -9999 -9999 -9999 -9999 -9999 -9999 -9999 -9999 -9999 -9999 -9999 -9999 -9999 -9999 -9999 -9999 -9999 -9999 -9999
-9999 -9999 0.00394 0.00613 0.01082 0.01457 0.02258 0.03306 0.05142 0.06348 0.07959 0.08421 0.09541 0.10523 0.12591 0.16173 0.19520 0.22328 0.22565 0.18982 -9999 -9999 -9999 -9999 -9999 -9999 -9999 -9999 -9999 -9999 -9999 -9999 -9999 -9999 -9999 -9999 -9999 -9999 -9999 -9999 -9999 -9999 -9999 -9999 -9999 -9999 -9999 -9999 -9999 -9999 -9999 -9999 -9999 -9999 -9999 -9999 -9999 -9999 -9999 -9999 -9999 -9999 -9999 -9999 -9999 -9999 -9999 -9999 -9999 -9999 -9999 -9999 -9999
0.00141 0.00198 0.00221 0.00448 0.00975 0.01236 0.01759 0.02593 0.03496 0.03959 0.05218 0.06519 0.08713 0.09819 0.12564 0.17014 0.21208 0.18321 0.51694 0.78036 0.12589 0.11657 0.06885 0.08941 0.03110 0.20149 -9999 -9999 -9999 -9999 -9999 -9999 -9999 -9999 -9999 -9999 -9999 -9999 -9999 -9999 -9999 -9999 -9999 -9999 -9999 -9999 -9999 -9999 -9999 -9999 -9999 -9999 -9999 -9999 -9999 -9999 -9999 -9999 -9999 -9999 -9999 -9999 -9999 -9999 -9999 -9999 -9999 -9999 -9999 -9999 -9999 -9999 -9999
0.00333 0.00571 0.00855 0.01066 0.01139 0.01510 0.01516 0.01955 0.03173 0.03761 0.05344 0.06358 0.07756 0.10446 0.14245 0.20064 1.00944 0.25614 0.30629 0.28641 0.24577 0.16466 0.08132 0.06096 0.04851 0.07176 0.06181 0.04591 0.03059 0.02792 0.14978 0.14031 0.09624 0.07936 0.04101 0.04016 0.03044 0.02226 0.01622 0.01309 0.01414 -9999 -9999 -9999 -9999 -9999 -9999 -9999 -9999 -9999 -9999 -9999 -9999 -9999 -9999 -9999 -9999 -9999 -9999 -9999 -9999 -9999 -9999 -9999 -9999 -9999 -9999 -9999 -9999 -9999 -9999 -9999 -9999
0.00002 0.00289 0.01289 0.00759 0.00960 0.01187 0.01305 0.01343 0.01832 0.03049 0.03050 0.04725 0.05951 0.08114 0.16694 0.24230 0.17881 0.22280 0.41067 0.50840 0.35928 0.05377 0.07601 0.05638 0.03798 0.03237 0.07186 0.07530 0.04047 0.03712 0.11918 0.09040 0.08026 0.06690 0.06755 0.05448 0.04143 0.03333 0.03729 0.03050 0.02523 0.39340 -9999 -9999 -9999 -9999 -9999 -9999 -9999 -9999 -9999 -9999 -9999 -9999 -9999 -9999 -9999 -9999 -9999 -9999 -9999 -9999 -9999 -9999 -9999 -9999 -9999 -9999 -9999 -9999 -9999 -9999 -9999
0.02436 0.36353 0.02263 0.01678 0.05348 0.03443 0.07269 0.06239 0.07053 0.06188 0.06064 0.05458 0.05520 0.09791 0.09006 0.14995 0.19603 1.61395 0.50387 0.41702 0.15314 0.10568 0.07694 0.11636 0.04644 0.02566 0.02655 0.02789 0.01621 0.01134 0.03106 0.03042 0.02052 0.02061 0.11070 0.09350 0.09317 0.08496 0.08674 0.08215 0.08058 0.04961 -9999 -9999 -9999 -9999 -9999 -9999 -9999 -9999 -9999 -9999 -9999 -9999 -9999 -9999 -9999 0.04921 0.06002 -9999 -9999 -9999 -9999 0.37634 1.39527 2.75664 1.18735 0.28423 0.35602 0.24338 0.19322 0.75481 0.91167
0.02264 0.15534 0.00934 0.00612 0.01505 0.04709 0.04817 0.05184 0.01993 0.03065 0.04085 0.07356 0.09958 0.09314 0.06044 0.04989 1.13985 0.10949 0.15288 0.17397 0.09202 0.03262 0.02679 0.01988 0.00944 0.01125 0.01694 0.01665 0.01375 0.01081 0.02809 0.01800 0.01047 0.01988 0.09979 0.08173 0.07381 0.31291 0.48007 0.47485 0.63526 0.31703 0.27705 0.25374 0.45670 0.06281 0.25532 0.52017 0.18080 0.19339 0.21602 0.11290 0.25239 0.08220 0.01656 0.01577 0.10150 0.10776 0.07282 -9999 -9999 -9999 -9999 -9999 0.28236 0.76559 0.61231 0.99617 1.14143 0.62791 0.97716 0.86325 0.96920
0.03620 0.14918 0.00443 0.01493 0.02281 0.01031 0.00792 0.00747 0.00895 0.01540 0.01658 0.02284 0.02927 0.38151 0.03370 0.04530 0.04232 0.03425 0.02744 0.02733 0.01444 0.01218 0.01473 0.01449 0.01384 0.01578 0.01465 0.01351 0.01247 0.00914 0.03351 0.03497 0.03445 0.03268 0.19618 0.19070 0.78883 0.54135 0.15915 0.76719 0.18318 0.17740 0.17877 0.14673 0.13794 0.12801 0.17207 0.30735 0.20515 0.11606 0.18546 0.52426 1.10868 0.33829 0.57049 0.71458 0.46363 0.12342 0.11186 0.14710 0.22712 0.21471 0.24232 0.32789 0.39227 0.55794 0.31931 0.50923 1.32517 0.64108 1.81009 3.96471 4.26017
0.02745 0.27901 0.55406 0.09173 0.04528 0.18997 0.00291 0.00212 0.00311 0.00638 0.00966 0.21980 0.03139 0.05131 0.02798 0.02660 0.02885 0.05226 0.01836 0.01477 0.01117 0.00990 0.01247 0.01225 0.01105 0.01191 0.01094 0.01072 0.01152 0.00998 0.03526 0.03104 0.02854 0.02608 0.61807 0.15623 0.14215 0.14214 0.19723 0.17996 0.10565 0.10959 0.19397 0.18152 0.16387 0.13316 0.08976 0.09712 0.11335 0.11969 0.17364 0.19352 0.35995 0.94090 1.09127 0.71775 0.61328 0.80149 0.65707 1.49659 0.66274 0.15186 0.32660 0.44168 0.41267 0.44415 0.27822 1.04475 1.99541 2.54905 3.60570 5.49717 4.26221
0.91829 0.00001 0.00756 0.00109 0.00122 0.02299 0.00276 0.00070 0.00111 0.00439 0.00397 0.00605 0.00817 0.00715 0.00695 0.00693 0.01033 0.09702 0.06560 0.02566 0.01692 0.01302 0.01160 0.01007 0.00797 0.00817 0.04672 0.04500 0.03659 0.24248 0.03511 0.02627 0.03312 0.03059 0.02929 0.04408 0.02394 0.02601 0.02512 0.02747 0.09281 0.12459 0.08080 0.02407 0.01411 0.02120 0.02976 0.03620 0.05986 0.07396 0.45157 0.56266 0.24423 0.21809 0.15670 1.04799 1.03525 1.16853 1.95086 3.01149 4.27338 2.34758 1.81656 1.04943 0.80381 0.73381 0.99572 1.52306 1.88927 2.38660 3.85503 4.49751 5.27133
1.26656 1.54239 0.00599 0.00049 0.00010 0.00333 0.00385 0.00070 0.09430 0.28601 0.08043 0.02356 0.01455 0.00386 0.00219 0.00450 0.00793 0.02315 0.05974 0.02400 0.02090 0.02080 0.01133 0.01115 0.00614 0.00537 0.03139 0.20913 0.03588 0.03488 0.03198 0.02762 0.02312 0.01557 0.02570 0.03559 0.03460 0.07115 0.05044 0.03518 0.07601 0.08337 0.09011 0.08489 0.04283 0.03147 0.02619 0.05981 0.11978 0.10276 0.52735 0.41426 0.76863 1.35508 1.31169 2.73043 1.17477 0.71331 0.90049 1.08802 1.25569 2.84064 3.84552 2.23893 3.83747 1.59405 1.30618 1.52901 2.58831 1.54813 1.17213 3.87644 4.91759
2.21935 3.39927 4.36417 0.14287 0.00078 0.00000 0.00331 0.00005 0.00602 0.49420 2.08162 2.75861 1.55062 0.43508 0.02058 0.00519 0.00232 0.00341 0.00328 0.00464 0.00601 0.00505 0.00594 0.00867 0.00563 0.00467 0.03151 0.03052 0.02712 0.02895 0.07187 0.09237 0.04801 0.06421 0.13345 0.22669 0.10827 0.12073 0.11130 0.17199 0.10565 0.06943 0.09316 0.05818 0.04766 0.05950 0.03880 0.03859 0.02306 0.03950 0.44710 0.45003 0.47894 0.67719 1.17813 2.14723 1.46477 3.39914 2.72710 2.03199 1.06664 1.38935 1.16009 1.51401 1.23938 1.67762 1.28349 2.33101 1.71094 1.33824 0.90669 2.02717 2.61215
2.68581 3.47910 4.30665 2.85360 2.17459 0.94083 0.31492 0.00506 0.00012 0.00366 0.15475 1.10040 2.54826 2.96153 2.32754 1.46365 0.25228 0.00885 0.00812 0.00475 0.00458 0.00862 0.01154 0.01584 0.00719 0.00882 0.03187 0.04172 0.04250 0.08527 0.19268 0.10999 0.14958 0.16143 0.11440 0.19080 0.06060 0.41019 0.45482 0.37138 0.13468 0.35565 0.18816 0.23989 0.17659 0.15153 0.13142 0.10338 0.57008 0.28229 1.74428 1.10768 1.63324 1.60449 2.26671 1.64783 1.53777 2.52405 1.82847 1.91567 1.83155 1.05763 1.29813 0.94604 2.73025 2.38303 1.95882 1.87170 1.23135 1.20346 1.08156 2.67841 3.63031
3.38947 3.91241 3.21980 4.79006 4.67984 2.06923 2.09833 0.58749 0.05097 0.10366 0.21395 0.00602 0.10623 0.02276 0.35314 2.85011 2.34486 1.60924 0.51952 0.81426 0.12068 0.03653 0.03127 0.03751 0.03583 0.03766 0.09552 0.06996 0.07549 0.05799 0.11469 0.08962 0.11840 0.05656 0.05798 0.09394 0.32357 0.32298 0.17353 0.11319 0.14475 0.20537 0.58072 0.74226 0.66247 0.24964 0.39182 1.08172 1.50613 1.05419 1.60345 3.00627 1.71044 3.22511 1.35004 2.63898 1.04249 0.49011 1.25535 1.02954 1.32145 0.81759 2.55034 1.66368 1.26052 1.14543 1.49020 1.74286 1.22332 1.31155 2.88392 5.33735 2.76845
2.62292 0.84246 3.12515 2.92511 2.90527 3.19793 2.15814 0.49843 0.04996 1.57562 1.59118 0.78856 3.06183 4.63694 4.96084 0.00134 1.61085 3.86709 5.28139 3.63057 2.22593 0.10041 0.02923 0.02673 0.03649 0.04569 0.08594 0.12152 0.23268 0.12273 0.10573 0.07825 0.03694 0.04187 0.05677 0.05503 0.13228 0.19500 0.69112 0.33602 0.17487 0.24858 0.03133 0.06939 0.10663 0.25550 0.56177 1.00791 1.84193 0.99711 1.14107 1.19616 2.81589 3.72129 2.24298 2.53228 1.33025 0.78230 0.91743 0.85856 1.16176 1.59396 1.07789 1.15444 1.07234 0.86672 1.12821 1.70142 1.37506 1.54366 1.99772 2.08250 2.66296
1.69133 0.79832 1.97613 1.16615 0.48277 0.54321 0.10582 0.23457 0.26290 0.27357 0.14197 0.30468 1.45109 2.35832 5.00124 4.96572 1.75682 0.52203 1.30875 1.65631 1.07962 0.60265 0.11126 0.04229 0.03878 0.03084 0.06041 0.07600 0.10640 0.05939 0.04643 0.05761 0.05425 0.05024 0.09675 0.10936 0.09989 0.20620 0.92397 0.56338 0.74799 0.47036 0.13575 0.13369 0.18018 0.31161 0.61696 1.83388 2.34728 1.42115 0.81175 2.47244 1.59767 1.45062 1.18932 1.13005 1.87804 0.88232 1.35329 1.33410 1.08492 0.77841 0.59128 0.73494 0.68169 1.18272 2.14498 2.05258 1.34401 1.70121 2.06509 2.31424 3.73091
5.19975 4.27627 2.82571 0.95894 0.08887 0.03198 0.01090 0.01039 0.43333 1.71837 1.44206 0.25354 0.06100 0.59562 1.48731 3.10273 5.62699 4.83716 1.80475 0.66169 0.27972 0.51088 0.55001 0.13841 0.05637 0.07802 0.09049 0.24989 0.14867 0.09264 0.03263 0.04615 0.07190 0.09095 0.09007 0.36897 0.32197 0.73271 2.43923 1.80421 1.37702 3.23283 1.13254 0.45090 0.15679 0.23873 0.29299 0.82347 1.89230 0.58788 0.47645 0.63001 0.55311 0.63184 0.69849 1.25990 0.99325 1.26767 1.27582 1.37399 1.22680 1.37436 1.13427 0.91457 0.93069 1.17959 1.73509 1.91689 1.56170 2.69922 2.74042 4.47893 6.00034
6.59092 5.04893 5.39589 2.38043 0.85394 0.22197 0.03673 0.18549 0.19925 0.67493 2.15403 1.08836 0.08637 0.09102 1.07341 4.16237 6.69265 6.80181 2.89287 2.62741 1.34567 0.84666 0.41523 0.13152 0.29566 0.20743 0.08196 0.20581 0.14245 0.22500 0.11535 0.29608 0.55324 0.24167 0.26796 0.99730 0.81267 1.84076 4.06364 5.56858 4.38930 2.43541 1.75079 1.19511 1.45247 0.86461 0.70950 2.04768 1.29373 1.79647 1.43595 1.77900 1.92370 2.03091 1.85310 0.89107 0.61244 0.51417 0.60770 0.98734 0.99479 1.07441 1.27810 0.78644 1.14977 0.74997 1.87480 3.26226 3.14668 2.44260 2.88312 2.99620 1.56087
8.75727 7.96839 7.19146 4.96575 1.87264 0.66649 0.24540 0.04032 0.02046 0.07266 0.34138 2.52245 1.74375 1.56054 3.09095 1.03038 2.12139 1.66808 5.68299 2.12813 1.29454 0.80122 0.61427 0.49005 1.14169 0.44110 0.15731 0.09705 0.33119 0.24923 0.21161 0.43135 0.79742 0.44036 0.37286 1.01903 2.99180 2.69864 3.21645 4.90355 3.10523 3.82451 2.41388 2.71167 0.85886 1.31410 1.99915 2.04279 1.85274 2.23104 1.43997 1.29167 1.72502 1.42366 1.65257 1.19388 0.66691 0.86152 0.93235 1.16951 1.47936 1.27424 2.49585 1.74413 2.01732 2.00901 3.17098 2.36742 2.70112 3.03362 2.84409 3.97979 5.74168
10.78950 10.77060 10.74560 12.27650 8.37635 3.75273 2.26568 1.48354 1.11060 1.55817 0.49668 1.10792 5.35564 2.79612 1.21053 0.47472 1.47434 0.80370 0.81575 2.48890 2.03635 1.05708 0.29453 0.14338 0.14759 0.13268 0.15178 0.15409 0.19325 0.12964 0.25527 0.41585 0.81886 0.70188 0.67455 1.51125 4.92618 6.46692 4.95626 3.59184 5.36466 1.70979 1.19950 0.85433 0.40697 0.07894 0.22741 0.25079 0.28066 0.32891 0.24825 1.19773 1.78633 2.21533 1.40959 0.86029 1.17921 0.55503 1.17902 1.53842 1.06268 2.42736 3.59633 3.66454 4.25064 4.58364 4.09867 3.88239 4.19432 3.96277 5.46503 4.88040 5.04867
10.81960 8.67517 10.08450 10.25860 11.30370 9.90659 6.95896 5.54040 6.40537 6.48934 3.88807 5.10580 5.43180 2.06980 2.47677 2.50150 0.87387 0.70853 1.45031 3.11288 5.43178 1.07961 0.48759 0.16848 0.63682 0.34000 0.64203 0.59474 0.22389 0.21223 0.35791 0.57704 2.15753 1.59082 1.58921 2.12929 5.30809 6.12358 4.38453 1.78186 2.77286 1.02177 0.26632 0.24644 0.14214 0.16998 0.53265 0.25323 -9999 -9999 0.41806 1.22675 0.98002 2.14590 2.12839 1.12483 0.54663 0.70582 1.30928 2.52563 3.17062 4.80621 4.54968 6.97503 8.59068 10.95450 6.01382 5.84976 7.53171 4.18697 5.34106 4.95507 3.77543
9.91168 10.64550 12.64030 8.93997 10.16440 8.21797 8.99773 7.41735 8.23158 7.29833 6.82695 7.42991 5.16861 2.86665 6.92569 4.38996 1.79192 3.75439 1.83951 1.75633 2.41431 2.32652 5.78096 3.31303 2.60008 1.61734 0.50972 0.40505 0.62059 0.27788 0.65868 1.32858 2.76742 2.37787 3.32048 2.58060 1.81887 -9999 -9999 -9999 -9999 0.15675 -9999 0.90528 3.30849 1.19281 0.63636 0.19069 -9999 -9999 1.39893 2.04000 2.05920 1.97590 0.95292 0.66904 0.88215 1.82096 1.55531 2.32525 2.86727 2.73161 3.20996 12.99210 13.42140 12.16170 6.22147 4.63021 4.57627 3.89138 -9999 -9999 -9999
10.01740 12.03520 9.93993 5.99466 11.43370 10.86100 5.63549 5.39651 4.83662 5.43781 7.15019 7.61753 5.50496 2.11116 6.25947 6.90244 7.55893 5.46046 6.46960 3.32349 4.14121 4.50739 4.17775 3.04425 2.67079 3.38700 2.65589 1.67986 1.53214 1.40859 2.91100 2.51066 4.13183 2.09730 1.86288 -9999 -9999 -9999 -9999 -9999 -9999 -9999 0.81125 1.25665 0.94856 -9999 -9999 -9999 -9999 -9999 2.16164 1.53588 3.75955 4.03447 5.15637 3.42273 1.41648 2.26685 0.62106 0.70201 1.38144 4.17019 3.29156 1.75873 4.13311 9.43607 5.34039 2.13586 -9999 -9999 -9999 -9999 -9999
