data/hydroclimate-scenarios/1948-2000.Pcorr55N_Pref_Tref/monthly_summaries/baseflow_monthly_tot_dec.1950-2000.asc
ncols	311
nrows	91
xllcenter	102.75
yllcenter	31.75
cellsize	0.5
NODATA_value	-9999
[rows 0 to 31 of 91, columns 0 to 72 of 311]
-9999 -9999 -9999 -9999 -9999 -9999 -9999 -9999 -9999 -9999 -9999 -9999 -9999 -9999 -9999 -9999 -9999 -9999 -9999 -9999 -9999 -9999 -9999 -9999 -9999 -9999 -9999 -9999 -9999 -9999 -9999 -9999 -9999 -9999 -9999 -9999 -9999 -9999 -9999 -9999 -9999 -9999 -9999 -9999 -9999 -9999 -9999 -9999 -9999 -9999 -9999 -9999 -9999 -9999 -9999 -9999 -9999 -9999 -9999 -9999 -9999 -9999 -9999 -9999 -9999 -9999 -9999 -9999 -9999 -9999 -9999 -9999 -9999
-9999 -9999 -9999 -9999 -9999 -9999 -9999 -9999 -9999 -9999 -9999 -9999 -9999 -9999 -9999 -9999 -9999 -9999 -9999 -9999 -9999 -9999 -9999 -9999 -9999 -9999 -9999 -9999 -9999 -9999 -9999 -9999 -9999 -9999 -9999 -9999 -9999 -9999 -9999 -9999 -9999 -9999 -9999 -9999 -9999 -9999 -9999 -9999 -9999 -9999 -9999 -9999 -9999 -9999 -9999 -9999 -9999 -9999 -9999 -9999 -9999 -9999 -9999 -9999 -9999 -9999 -9999 -9999 -9999 -9999 -9999 -9999 -9999
-9999 -9999 -9999 -9999 -9999 -9999 -9999 -9999 -9999 -9999 -9999 -9999 -9999 -9999 -9999 -9999 -9999 -9999 -9999 -9999 -9999 -9999 -9999 -9999 -9999 -9999 -9999 -9999 -9999 -9999 -9999 -9999 -9999 -9999 -9999 -9999 -9999 -9999 -9999 -9999 -9999 -9999 -9999 -9999 -9999 -9999 -9999 -9999 -9999 -9999 -9999 -9999 -9999 -9999 -9999 -9999 -9999 -9999 -9999 -9999 -9999 -9999 -9999 -9999 -9999 -9999 -9999 -9999 -9999 -9999 -9999 -9999 -9999
-9999 -9999 -9999 -9999 -9999 -9999 -9999 -9999 -9999 -9999 -9999 -9999 -9999 -9999 -9999 -9999 -9999 -9999 -9999 -9999 -9999 -9999 -9999 -9999 -9999 -9999 -9999 -9999 -9999 -9999 -9999 -9999 -9999 -9999 -9999 -9999 -9999 -9999 -9999 -9999 -9999 -9999 -9999 -9999 -9999 -9999 -9999 -9999 -9999 -9999 -9999 -9999 -9999 -9999 -9999 -9999 -9999 -9999 -9999 -9999 -9999 -9999 -9999 -9999 -9999 -9999 -9999 -9999 -9999 -9999 -9999 -9999 -9999
-9999 -9999 -9999 -9999 -9999 -9999 -9999 -9999 -9999 -9999 -9999 -9999 -9999 -9999 -9999 -9999 -9999 -9999 -9999 -9999 -9999 -9999 -9999 -9999 -9999 -9999 -9999 -9999 -9999 -9999 -9999 -9999 -9999 -9999 -9999 -9999 -9999 -9999 -9999 -9999 -9999 -9999 -9999 -9999 -9999 -9999 -9999 -9999 -9999 -9999 -9999 -9999 -9999 -9999 -9999 -9999 -9999 -9999 -9999 -9999 -9999 -9999 -9999 -9999 -9999 -9999 -9999 -9999 -9999 -9999 -9999 -9999 -9999
-9999 -9999 -9999 -9999 -9999 -9999 -9999 -9999 -9999 -9999 -9999 -9999 -9999 -9999 -9999 -9999 -9999 -9999 -9999 -9999 -9999 -9999 -9999 -9999 -9999 -9999 -9999 -9999 -9999 -9999 -9999 -9999 -9999 -9999 -9999 -9999 -9999 -9999 -9999 -9999 -9999 -9999 -9999 -9999 -9999 -9999 -9999 -9999 -9999 -9999 -9999 -9999 -9999 -9999 -9999 -9999 -9999 -9999 -9999 -9999 -9999 -9999 -9999 -9999 -9999 -9999 -9999 -9999 -9999 -9999 -9999 -9999 -9999
-9999 -9999 -9999 -9999 -9999 -9999 -9999 -9999 -9999 -9999 -9999 -9999 -9999 -9999 -9999 -9999 -9999 -9999 -9999 -9999 -9999 -9999 -9999 -9999 -9999 -9999 -9999 -9999 -9999 -9999 -9999 -9999 -9999 -9999 -9999 -9999 -9999 -9999 -9999 -9999 -9999 -9999 -9999 -9999 -9999 -9999 -9999 -9999 -9999 -9999 -9999 -9999 -9999 -9999 -9999 -9999 -9999 -9999 -9999 -9999 -9999 -9999 -9999 -9999 -9999 -9999 -9999 -9999 -9999 -9999 -9999 -9999 -9999
-9999 -9999 -9999 -9999 -9999 -9999 -9999 -9999 -9999 -9999 -9999 -9999 -9999 -9999 -9999 -9999 -9999 -9999 -9999 -9999 -9999 -9999 -9999 -9999 -9999 -9999 -9999 -9999 -9999 -9999 -9999 -9999 -9999 -9999 -9999 -9999 -9999 -9999 -9999 -9999 -9999 -9999 0.63603 0.63474 0.75688 0.57916 0.61002 0.44385 0.28997 0.35684 0.32070 0.26432 -9999 -9999 -9999 -9999 -9999 -9999 -9999 -9999 -9999 -9999 -9999 -9999 -9999 -9999 -9999 -9999 -9999 -9999 -9999 -9999 -9999
-9999 -9999 -9999 -9999 -9999 -9999 -9999 -9999 -9999 -9999 -9999 -9999 -9999 -9999 -9999 -9999 -9999 -9999 -9999 -9999 -9999 -9999 -9999 -9999 -9999 -9999 -9999 -9999 -9999 -9999 -9999 -9999 -9999 -9999 -9999 -9999 -9999 -9999 0.44249 0.91027 0.77154 0.85015 0.89120 0.78142 0.83914 0.65396 0.49222 0.30951 0.30967 0.39679 0.32007 1.67277 0.89412 1.12210 -9999 -9999 -9999 -9999 -9999 -9999 -9999 -9999 -9999 -9999 -9999 -9999 -9999 -9999 -9999 -9999 -9999 -9999 -9999
-9999 -9999 -9999 -9999 -9999 -9999 -9999 -9999 -9999 -9999 -9999 -9999 -9999 -9999 -9999 -9999 -9999 -9999 -9999 -9999 -9999 -9999 -9999 -9999 -9999 -9999 -9999 -9999 -9999 -9999 -9999 -9999 -9999 -9999 -9999 -9999 -9999 -9999 -9999 -9999 0.52287 0.61169 0.77850 0.84255 0.79996 0.99607 0.84606 0.67593 0.42644 0.39516 0.39576 0.52708 0.71127 0.92967 -9999 -9999 -9999 -9999 -9999 -9999 -9999 -9999 -9999 -9999 -9999 -9999 -9999 -9999 -9999 -9999 -9999 -9999 -9999
-9999 -9999 -9999 -9999 -9999 -9999 -9999 -9999 -9999 -9999 -9999 -9999 -9999 -9999 -9999 -9999 -9999 -9999 -9999 -9999 -9999 -9999 -9999 -9999 -9999 -9999 -9999 -9999 -9999 -9999 -9999 -9999 -9999 -9999 -9999 -9999 -9999 -9999 -9999 -9999 -9999 -9999 -9999 -9999 0.89022 1.04795 1.20615 1.38629 0.54379 0.76725 1.02753 1.28319 0.22122 1.29606 -9999 -9999 -9999 -9999 -9999 -9999 0.00551 -9999 -9999 -9999 -9999 -9999 -9999 -9999 -9999 -9999 -9999 -9999 -9999
-9999 -9999 -9999 -9999 -9999 -9999 -9999 -9999 -9999 -9999 -9999 -9999 -9999 -9999 -9999 -9999 -9999 -9999 -9999 -9999 -9999 -9999 -9999 -9999 -9999 -9999 -9999 -9999 -9999 -9999 -9999 -9999 -9999 -9999 -9999 -9999 -9999 -9999 -9999 -9999 -9999 0.89706 0.96865 1.02724 0.99694 0.97080 1.09718 1.17814 1.11731 0.90989 1.07805 1.28313 0.20359 0.94004 -9999 -9999 -9999 -9999 -9999 0.00473 0.00381 0.00139 0.00128 0.00111 0.00156 0.00089 0.00131 0.00179 0.00234 0.00165 0.00144 0.00825 0.01114
-9999 -9999 -9999 -9999 -9999 -9999 -9999 -9999 -9999 -9999 -9999 -9999 -9999 -9999 -9999 -9999 -9999 -9999 -9999 -9999 -9999 -9999 -9999 -9999 -9999 -9999 -9999 -9999 -9999 -9999 -9999 -9999 -9999 -9999 -9999 -9999 -9999 -9999 -9999 -9999 -9999 0.92102 1.11206 1.07134 0.97723 0.79022 1.47963 1.68290 0.95396 0.85586 0.75503 1.09097 0.43005 0.72312 0.72602 0.25433 0.19084 -9999 0.00877 0.00581 0.00382 0.00288 0.00153 0.00233 0.00361 0.01084 0.00862 0.00883 0.01307 0.00301 0.00177 0.00805 0.01073
-9999 -9999 -9999 -9999 -9999 -9999 -9999 -9999 -9999 -9999 -9999 -9999 -9999 -9999 -9999 -9999 -9999 -9999 -9999 -9999 -9999 -9999 -9999 -9999 -9999 -9999 -9999 -9999 -9999 -9999 -9999 -9999 -9999 -9999 -9999 0.56037 0.30595 0.49440 0.53438 0.67538 0.67565 0.77554 0.92041 0.88707 1.61331 1.12972 0.66089 0.71797 0.83981 0.80628 0.96966 0.85995 1.58848 1.43600 0.41153 0.51502 0.39316 0.02212 0.01753 0.00496 0.00140 0.00078 0.00182 0.03885 0.01134 0.01626 0.01596 0.00672 0.00914 0.00000 0.00000 0.00000 0.00000
-9999 -9999 -9999 -9999 -9999 -9999 -9999 -9999 -9999 -9999 -9999 -9999 -9999 -9999 -9999 -9999 -9999 -9999 -9999 -9999 -9999 -9999 -9999 -9999 -9999 -9999 -9999 -9999 -9999 -9999 -9999 -9999 -9999 -9999 0.37122 0.08933 0.21369 0.28751 0.53063 0.52166 0.54997 0.64765 0.63171 1.38427 0.76108 0.64492 0.68324 0.74929 0.89894 1.30866 1.93921 1.65502 2.24133 1.54514 1.28086 1.17746 0.17728 0.11750 0.02893 0.00975 0.01561 0.06260 0.04640 0.13157 0.02837 0.01606 0.01040 0.03342 0.12422 0.11365 0.24128 0.14935 0.38368
-9999 -9999 -9999 -9999 -9999 -9999 -9999 -9999 -9999 -9999 -9999 -9999 -9999 -9999 -9999 -9999 -9999 -9999 -9999 -9999 -9999 -9999 -9999 -9999 -9999 -9999 -9999 -9999 -9999 -9999 -9999 -9999 -9999 0.34633 0.42960 0.10626 0.14796 0.27596 0.41494 0.40070 0.44417 0.63299 2.37233 1.39204 0.80390 0.65819 0.71791 0.79591 1.45835 1.82827 2.05016 2.34279 2.32482 1.66498 0.81747 1.03343 0.69826 0.04473 0.02175 0.03536 0.04742 0.02621 0.01643 0.01259 0.02302 0.02431 0.02173 0.05132 0.07765 0.06020 0.02552 0.23380 0.24894
-9999 -9999 -9999 -9999 -9999 -9999 -9999 -9999 -9999 -9999 -9999 -9999 -9999 -9999 -9999 -9999 -9999 -9999 -9999 -9999 -9999 -9999 -9999 -9999 -9999 -9999 -9999 -9999 -9999 -9999 -9999 0.33117 0.07350 0.07100 0.07313 0.08946 0.12744 0.22222 0.29328 0.35012 0.42719 0.40575 1.03635 0.58346 0.76527 0.86472 0.69863 0.49618 1.12639 1.68644 1.76612 2.26221 2.19953 1.74611 1.78460 1.26104 0.35494 0.13253 0.17771 0.08799 0.03728 0.02570 0.02043 0.00738 0.01951 0.04468 0.02176 0.00260 0.00250 0.06759 0.31700 0.55689 0.02133
-9999 -9999 -9999 -9999 -9999 -9999 -9999 -9999 -9999 -9999 -9999 -9999 -9999 -9999 -9999 -9999 -9999 -9999 -9999 -9999 -9999 -9999 -9999 -9999 -9999 -9999 -9999 -9999 -9999 0.04486 0.01685 0.07104 0.09108 0.07932 0.09219 0.09262 0.12454 0.14321 0.25297 0.28364 0.77978 2.15205 0.50712 0.61020 0.64072 0.92248 0.99607 0.72913 1.73232 2.04103 1.90266 2.03507 2.17178 1.58864 2.03946 1.13510 0.19314 0.12420 0.02285 0.00323 0.01323 0.00937 0.01037 0.02164 0.01065 0.00960 0.06913 0.14801 0.20405 0.29394 0.13146 0.97910 1.58455
-9999 -9999 -9999 -9999 -9999 -9999 -9999 -9999 -9999 -9999 -9999 -9999 -9999 -9999 -9999 -9999 -9999 -9999 -9999 -9999 -9999 -9999 -9999 -9999 0.23250 0.21358 0.16977 0.11653 0.13811 0.07288 0.07208 0.09337 0.11292 0.10388 0.12743 0.16033 0.14255 0.23760 0.30151 0.34089 0.35307 1.98514 0.44186 0.60442 0.57026 0.59174 0.62356 0.91656 1.51476 1.86561 1.96607 2.54622 2.25394 1.94283 1.06205 0.50318 0.18295 0.08637 0.07350 0.01651 0.01067 0.03417 0.01535 0.00134 0.00144 0.00252 0.00441 0.00591 0.00619 0.05003 0.93391 0.99327 1.94511
-9999 -9999 -9999 -9999 -9999 -9999 0.69719 0.66532 0.66070 0.55184 0.48584 -9999 -9999 -9999 -9999 -9999 -9999 -9999 -9999 -9999 -9999 0.15827 0.34576 0.33898 0.26949 0.27414 0.21996 0.17025 0.15993 0.08098 0.06493 0.11074 0.14847 0.14083 0.15927 0.18032 0.24441 0.19749 0.20478 0.24508 0.23018 0.31488 2.12503 0.47774 0.54939 0.52524 0.52052 0.71027 1.23194 1.78786 2.41963 2.30452 2.29862 1.57398 0.60648 0.27547 0.18306 0.07304 0.05228 0.03183 0.02116 0.04440 0.04085 0.01606 0.03356 0.00165 0.00154 0.00180 0.00218 0.00215 0.06036 0.49259 1.36363
-9999 -9999 -9999 -9999 -9999 0.18858 0.20186 0.36115 0.18825 0.21613 0.18757 0.34155 0.30758 0.39946 -9999 -9999 -9999 0.20036 0.25189 0.29301 0.28060 0.35310 0.41179 0.28242 0.64086 0.42187 0.25126 0.25391 0.21812 0.21120 0.21432 0.17594 0.20946 0.25808 0.17096 0.29770 0.41463 0.28234 0.27990 0.32336 0.35045 0.39532 1.96371 1.61837 0.35439 0.51054 0.78748 1.66074 1.20741 1.75750 2.08651 1.67067 2.29413 1.25242 0.78142 0.77383 0.32730 0.17420 0.01929 0.08558 0.04138 0.02580 0.03733 0.00349 0.07604 0.19358 0.05127 0.02830 0.00888 0.02375 0.11997 0.79045 0.87899
-9999 0.41554 0.65334 0.29029 0.37930 0.23896 0.24759 0.23144 0.25199 0.16337 0.21150 0.32350 0.39648 0.38419 0.27359 0.24237 0.14506 0.19122 0.25520 0.13264 0.18099 0.25109 0.28639 0.32112 0.20572 0.24858 0.19622 0.21058 0.20127 0.14629 0.09278 0.06739 0.06159 0.06511 0.08497 0.14599 0.19342 0.16008 0.19176 0.21242 0.22212 0.25357 1.76840 1.57090 0.25783 0.33805 0.43854 0.95465 0.85331 1.30199 1.38433 2.03497 1.97343 1.80553 1.57648 1.22455 0.56049 0.10873 0.12150 0.14729 0.01550 0.11939 0.13114 0.03602 0.16424 0.13712 0.02509 0.14585 0.02596 0.22363 0.88537 1.60717 1.65333
-9999 0.53786 0.41907 0.32373 0.24605 0.15925 0.08927 0.14621 0.09835 0.18774 0.19699 0.27737 0.42471 0.29643 0.34370 0.37697 0.48092 0.40593 0.37441 0.24178 0.34891 0.35906 0.63023 0.43058 0.28146 0.17955 0.14624 0.12102 0.10940 0.12614 0.08112 0.06773 0.08441 0.08614 0.13043 0.07944 0.09041 0.08495 0.09395 0.19098 0.25263 0.28330 0.27838 2.08492 1.62552 0.20392 0.27779 0.50111 0.71643 1.36998 1.75208 1.57401 1.91393 2.42155 2.45007 1.52947 0.80362 0.44181 0.29304 0.19550 0.22601 0.24343 0.27989 0.10032 0.21868 0.30502 0.35597 0.50856 0.40704 0.73375 0.75471 1.60082 2.03063
-9999 -9999 -9999 0.96938 1.01251 0.66591 0.46949 0.52600 0.47954 0.53245 0.21402 0.15497 0.11985 0.12657 0.16714 0.26447 0.38998 0.21901 0.23977 0.21111 0.61664 0.62931 0.67849 0.50271 0.28058 0.17428 0.11460 0.07164 0.04650 0.07585 0.06945 0.06179 0.07952 0.12132 0.14818 1.51872 0.05559 0.08345 0.14720 0.25150 0.24492 1.40846 0.83318 1.12625 1.95283 1.66192 1.73503 0.41211 0.46655 0.76942 0.68870 1.06992 1.65952 2.05838 1.78307 1.70187 1.24488 0.78424 1.17686 0.38908 0.37722 0.52663 0.98458 0.39536 0.30265 0.18707 0.10104 0.25120 0.61435 1.32937 1.42034 1.45618 1.80129
-9999 -9999 -9999 -9999 -9999 -9999 0.53402 0.63003 0.64012 0.12300 0.06514 0.41583 0.41626 0.35045 0.26398 0.10705 0.10134 0.47158 0.38517 0.34530 0.46788 0.54813 0.38370 0.28988 0.22076 0.19283 0.08141 0.06967 1.58201 0.06592 0.04262 0.04815 1.52917 0.73054 1.43843 0.70648 1.73439 1.65143 0.64545 0.54399 0.32902 0.49502 0.50508 0.64020 1.01140 0.94377 1.98482 2.04507 1.86976 1.85433 1.58487 2.13892 2.15191 0.98592 1.43170 1.97726 0.98535 1.29414 1.54424 1.50330 0.85256 1.12915 0.91676 0.72521 1.15128 1.28656 0.42098 0.48406 1.16189 1.46540 2.17646 1.71851 1.73659
-9999 -9999 -9999 -9999 -9999 -9999 0.29430 0.36013 0.23892 0.39909 0.30033 0.37714 0.33960 0.26994 0.28151 0.45388 0.46785 0.60620 0.56838 0.43792 0.49093 0.46392 0.39790 0.33123 0.27637 0.15142 0.09396 0.08875 0.80190 0.81877 1.04611 0.89533 0.97352 0.86412 1.12526 0.94336 1.45937 1.51531 1.40563 0.53763 0.87288 0.90034 0.59859 0.63880 0.57761 0.83124 1.17744 1.07282 0.90463 2.05419 2.08126 1.90347 1.96545 1.56042 1.19643 0.48494 0.66070 1.00315 0.86872 1.25098 1.59188 1.48745 1.40491 1.37250 1.24720 0.58038 0.34494 0.41131 0.72531 1.16735 2.35468 2.01669 2.16754
-9999 -9999 -9999 -9999 -9999 -9999 -9999 -9999 -9999 -9999 0.19069 0.42426 0.41391 0.24543 0.25541 0.31642 0.37801 0.45503 0.47725 0.44150 0.43744 0.35155 0.34020 0.32377 0.28614 0.27927 0.21690 0.12219 0.11015 1.88766 1.63497 1.57923 1.74694 0.97149 0.82226 0.97689 0.87791 0.63067 0.52508 0.47641 1.70402 1.39601 0.04022 1.82438 1.61583 1.84079 1.91253 1.66045 0.96511 0.79449 0.74414 0.85537 0.87302 1.57047 1.36478 1.48563 1.41080 0.44713 0.61188 1.34975 0.32614 1.19625 1.27332 0.50767 0.68380 0.43744 0.45911 0.37837 0.70441 0.88611 2.00727 3.08841 3.24874
-9999 -9999 -9999 -9999 -9999 -9999 -9999 -9999 -9999 -9999 0.23686 0.20315 0.32222 0.20939 0.27123 0.48602 0.46762 0.54409 0.62739 0.60061 0.57293 0.44998 0.40286 0.42339 0.36309 0.25729 0.17422 0.12449 0.10767 1.61431 1.72280 1.51910 1.85174 1.09833 1.81700 2.05210 1.62338 0.10403 0.05494 0.03346 0.02188 0.02424 0.02112 0.04077 0.03311 0.06096 0.08120 0.14373 0.17925 1.26003 0.63816 0.72946 0.71287 0.56710 1.11914 0.36308 0.32692 0.46335 0.35447 0.24432 0.20756 0.21881 0.27739 1.34552 1.18697 1.41035 1.33720 0.24429 0.35895 1.00264 2.67126 2.45863 3.04282
-9999 -9999 -9999 -9999 -9999 -9999 -9999 -9999 -9999 -9999 -9999 -9999 0.14925 0.22416 0.30768 0.50976 0.59619 0.60606 0.61364 0.53813 0.45465 0.45754 0.41004 0.44856 0.29966 0.21961 0.19270 0.23177 0.23493 0.18008 1.44363 1.48131 1.44554 0.10054 0.11813 0.17877 0.17966 0.19015 0.10527 0.07022 0.04753 0.03127 0.03943 0.04146 0.03761 0.02799 0.04422 0.06048 0.08938 0.10162 1.36742 1.64280 0.72389 1.26584 0.82533 0.25013 0.17355 0.38691 0.35468 0.29395 0.26984 0.24485 0.38757 1.46564 0.76849 0.81818 1.88382 0.20826 0.52521 0.59575 1.98053 3.21249 3.27914
-9999 -9999 -9999 -9999 -9999 -9999 -9999 -9999 -9999 -9999 -9999 -9999 0.18233 0.17912 0.26777 0.44030 0.61335 0.82903 0.97945 0.80432 0.95612 0.49108 0.52247 0.53042 0.35431 0.29798 0.28476 0.32804 0.28995 0.26201 0.22690 0.15788 0.15730 0.13629 0.13332 0.15064 0.18907 0.22452 0.15448 0.10713 0.07390 0.03464 0.02950 0.05165 0.05625 1.48121 1.52804 2.05227 0.64890 0.65798 1.88006 1.51623 1.23308 1.01752 0.77224 0.12908 0.23781 0.40732 0.42309 0.32169 0.39927 0.36116 0.58820 0.51559 0.71434 1.95720 1.99957 2.31076 1.71404 2.41149 1.99884 2.45549 3.27091
-9999 -9999 -9999 -9999 -9999 -9999 -9999 -9999 -9999 -9999 -9999 0.25183 0.19250 0.16752 0.24169 0.57339 0.44139 0.46301 0.47264 0.55295 0.38356 0.51499 0.59209 0.49881 0.37185 0.27001 0.32585 0.37973 0.32471 0.28782 0.22505 0.24048 0.21835 0.14406 0.12908 0.09415 0.11009 0.19093 0.19679 0.27406 0.22559 0.14667 0.12891 0.16391 0.12372 0.08606 0.10187 1.56600 1.66060 0.96087 0.98328 0.97899 0.92400 0.53164 0.14784 0.21698 0.32996 0.44178 0.45825 0.55306 0.73954 0.62448 0.81587 0.95006 0.98655 1.40830 1.62066 1.54251 1.75616 1.86124 3.29791 3.57006 3.35772
-9999 -9999 -9999 -9999 -9999 -9999 -9999 -9999 -9999 -9999 -9999 0.11677 0.22765 0.17686 0.24208 0.49494 0.36723 0.37696 0.56494 0.56629 0.59831 0.77526 0.51025 0.59538 0.50589 0.45493 0.45876 0.41671 0.35996 0.37036 0.32640 0.22390 0.20753 0.17334 0.20674 0.19838 0.14601 0.21009 0.25571 0.23746 0.24095 0.28464 1.61339 1.82418 1.98891 2.17332 2.09623 0.71461 0.20785 0.18847 0.31084 0.34649 0.25509 0.21091 0.15080 0.78888 0.90166 1.05221 1.23057 0.89810 0.61722 0.92515 0.88933 0.73342 0.96956 2.10027 1.22743 1.69097 2.05625 2.99013 2.45891 3.12236 3.26128
