data/hydroclimate-scenarios/1948-2000.Pcorr55N_Pref_Tref/monthly_summaries/baseflow_monthly_tot_feb.1950-2000.asc
ncols	311
nrows	91
xllcenter	102.75
yllcenter	31.75
cellsize	0.5
NODATA_value	-9999
[rows 32 to 63 of 91, columns 0 to 72 of 311]
-9999 -9999 -9999 -9999 -9999 -9999 -9999 -9999 -9999 -9999 -9999 0.08280 0.09453 0.22706 0.16016 0.28597 0.28322 0.39136 0.51674 0.49060 0.65560 0.43252 0.40296 0.41960 1.40696 1.34231 1.37498 1.73832 1.61407 0.27605 0.29906 0.21375 0.25417 0.27932 0.31714 0.28896 0.30781 0.32776 0.43472 0.45920 0.44034 0.44694 0.55028 0.53278 0.50449 0.46742 0.41107 0.42617 0.38579 0.39070 0.34891 0.33472 0.27761 0.84099 0.81292 0.76498 0.85119 0.84115 0.62395 0.22649 0.26227 0.28136 0.61761 1.07985 1.13524 0.73457 0.92816 1.19544 1.25208 1.53695 1.00920 1.81579 1.92543
-9999 -9999 -9999 -9999 -9999 -9999 -9999 -9999 -9999 -9999 -9999 0.15532 0.18791 0.16077 0.18396 0.27298 0.28661 0.42638 0.45030 0.54873 0.56867 0.53905 1.60683 1.63380 1.66367 0.49083 0.61883 0.42713 0.28018 1.16940 1.27141 0.29969 0.41858 0.29369 0.55226 0.30067 1.03997 0.56394 1.08121 1.28757 0.56859 1.23796 0.70920 0.77984 0.87187 0.77669 0.74538 0.64536 0.54493 0.47751 0.40763 0.31207 0.24497 0.63747 0.14198 0.29418 0.31001 0.28228 0.32436 0.34967 0.33236 1.31551 1.12140 0.21772 1.38293 1.00457 1.06019 1.23760 1.25624 1.47541 0.97464 1.70777 1.57455
-9999 -9999 -9999 -9999 -9999 -9999 -9999 -9999 -9999 -9999 -9999 -9999 0.23056 0.24842 0.24875 0.32096 0.32998 0.50131 0.52418 0.59773 1.72617 0.63690 0.97039 0.48704 0.65653 0.96000 0.77704 0.52123 0.21532 0.18653 1.18682 1.21499 1.18792 1.22342 1.25705 1.28085 1.31729 0.66438 1.12610 1.19478 1.23971 1.34828 1.36585 0.75699 0.82172 0.99635 0.84465 0.78863 0.67075 0.55899 0.38395 0.44747 0.42531 0.27687 0.20937 0.16879 0.18256 0.58202 1.30218 1.33864 1.19654 0.66734 0.67680 0.78358 0.82225 1.57542 1.13268 1.30362 1.55710 1.75609 1.10641 1.50625 1.62596
-9999 -9999 -9999 -9999 -9999 -9999 -9999 -9999 -9999 -9999 -9999 -9999 0.23491 0.22116 0.26965 0.32814 0.37298 1.60148 1.67339 0.63243 0.62463 0.78325 0.69935 0.54170 0.62148 0.49997 0.25084 0.48994 0.26206 0.45435 0.35886 1.27685 1.32955 1.14849 1.43726 0.38267 0.36204 0.38936 0.38356 0.50327 1.51115 0.99039 0.93012 1.15672 0.92518 1.04610 1.02100 0.87181 0.61762 0.66167 0.49935 0.34876 0.24101 0.36037 0.31088 0.72607 1.40649 0.70317 0.16692 1.04836 0.87295 0.33362 0.31630 0.61593 1.13006 1.08471 1.28816 1.34784 1.56064 1.76377 1.90665 1.71343 1.83788
-9999 -9999 -9999 -9999 -9999 -9999 -9999 -9999 -9999 -9999 -9999 -9999 0.17714 0.21667 1.56920 1.54160 1.66173 0.41025 0.77411 0.78478 0.67790 0.84428 0.72171 0.60956 0.56379 0.55830 0.44752 0.44681 0.54286 0.69160 0.62674 1.08172 0.39277 0.44688 0.31786 0.37325 0.57538 0.46160 0.40293 0.59713 0.93704 1.14307 1.10292 1.23381 1.44997 1.83611 1.53253 1.42961 1.28771 0.86820 0.63263 0.68510 0.42713 0.57632 0.64036 0.58611 0.55677 0.34607 0.36007 1.27803 0.42336 0.47591 0.45243 0.36503 1.09588 1.22641 1.39004 1.50005 1.78252 1.90982 2.04298 2.16168 2.10171
-9999 -9999 -9999 0.27446 0.29927 0.21449 0.15368 0.18244 0.19782 -9999 0.18064 1.55871 1.57063 0.22446 0.27016 0.28608 0.44582 0.61010 0.68036 0.61850 0.67620 0.70736 0.65294 0.60513 0.70739 0.54429 0.43504 0.46510 0.60892 0.82247 0.40457 0.40465 0.27129 0.84148 0.56169 0.22320 0.62867 0.48928 0.61975 0.68076 0.88529 1.18786 1.30432 1.52835 1.60856 1.63354 1.77465 1.60619 1.27329 1.23960 1.40733 1.56300 1.42546 1.28776 1.05474 0.96002 1.03966 0.60484 0.89391 0.62841 1.29251 0.64845 0.83601 0.79101 0.63647 0.69694 0.89769 1.29842 1.64640 1.91502 2.24252 2.44636 2.57925
-9999 -9999 -9999 0.41962 0.30702 0.30691 0.26287 0.29478 0.23957 1.15622 1.63060 1.52925 0.30456 0.28216 0.43920 0.30996 0.88644 0.46842 0.53005 0.55274 0.54537 0.72734 0.63420 0.65780 0.95515 1.05173 0.92005 0.70825 0.67229 1.09540 0.37241 0.68535 0.46198 0.69616 0.81184 0.96825 0.63591 0.88112 0.61823 1.21597 1.14677 1.08279 1.46312 1.70425 1.70004 1.87194 1.94156 1.70507 1.90854 1.91925 1.88272 1.56740 1.53578 1.47078 1.05589 1.15694 0.89580 0.83275 0.95910 1.02609 1.02546 1.07696 1.22060 1.36628 1.26320 1.04299 1.19209 1.28018 1.81322 2.17673 2.40617 2.57659 2.63433
-9999 -9999 -9999 0.28884 0.28966 0.25652 1.72363 1.63173 1.63915 1.59337 1.66816 1.63500 0.25860 0.18458 0.24442 0.15465 0.71592 0.77513 0.45215 0.40343 0.51040 0.91459 0.54694 1.16431 1.09753 1.01245 0.77713 0.87472 0.89624 1.26945 1.51991 1.14417 0.92714 0.95446 1.13349 1.02525 0.68717 0.63543 0.96365 1.44896 1.53471 1.47043 1.58233 1.83657 1.64960 1.69568 1.86964 2.12737 2.11079 2.09294 2.11875 1.64002 1.62233 1.51462 1.23534 1.20360 0.99342 0.94595 1.09276 1.18709 1.33509 1.41947 1.22601 1.45887 1.54458 1.62256 1.67767 1.89953 2.29540 2.49322 2.62410 2.72621 2.74345
-9999 -9999 -9999 0.34992 0.19870 0.35161 1.58242 1.82892 1.43734 1.25806 1.44318 0.15345 0.15188 0.35097 0.23466 0.45613 0.63260 0.99295 0.88043 0.63013 1.06291 1.19995 1.61207 1.67335 1.27352 1.32156 0.82307 0.61136 1.25733 1.70160 1.54419 0.90470 1.23818 1.58543 1.50440 1.56420 1.21246 0.93197 1.11213 1.04668 1.26968 1.88184 2.11782 2.12782 1.98290 2.14721 2.24798 2.03594 2.11184 1.99099 2.06025 1.82614 1.71624 1.82784 1.52480 1.54969 1.46226 1.46410 1.51114 1.68776 1.73845 1.78553 1.68845 1.61181 1.89185 2.12155 2.18905 2.25184 2.55502 2.68025 2.85527 3.03787 -9999
-9999 -9999 -9999 0.23152 0.15903 0.35850 1.67313 1.66902 1.58637 1.43641 1.48269 1.13986 0.32591 0.54093 0.89893 0.88382 0.87319 0.86517 0.52374 0.85729 1.13087 1.02298 1.77477 1.19356 1.24077 1.10984 0.50296 0.57819 1.11386 1.37453 1.48562 1.37297 1.45556 1.26453 1.00171 1.03376 1.06661 0.82289 0.84827 1.08487 1.42987 1.78436 1.96047 2.03962 2.08340 2.15168 2.18512 2.13740 2.22040 2.16414 2.14286 1.96652 1.93926 2.00056 1.74531 1.85309 1.61650 1.59426 1.63530 1.91879 2.00952 1.95165 1.98857 2.25901 2.28476 2.28411 2.40249 2.42472 2.65413 2.81177 3.06802 -9999 -9999
-9999 -9999 -9999 -9999 1.67560 1.78564 1.78366 1.94141 1.62582 1.37932 1.57472 0.30895 0.76405 0.79335 -9999 -9999 -9999 -9999 -9999 1.45683 1.77102 1.43749 1.74718 1.69034 1.42882 1.18164 0.98239 0.82082 0.99696 0.88065 1.02864 1.20937 1.19221 0.84483 0.67018 0.54139 0.79300 0.86992 0.86240 0.94655 0.88880 1.30222 1.84305 2.13960 2.17528 2.17247 2.15996 2.31198 2.29033 2.26617 2.02126 2.13757 1.91452 2.08428 2.06379 2.11316 2.10064 2.01893 2.03715 2.06416 2.20405 2.37540 2.46454 2.44921 2.49280 2.51536 2.62041 2.58622 2.41487 -9999 -9999 -9999 -9999
-9999 -9999 0.59455 1.80874 1.84408 1.78701 1.76358 1.96782 1.65927 1.54291 1.65517 0.34737 0.65671 -9999 -9999 -9999 -9999 -9999 2.02895 1.42805 1.62309 0.80917 0.75508 1.15283 1.55967 1.51071 0.95385 0.79360 0.88754 0.88446 1.28272 0.99487 0.90282 0.94780 0.92355 0.74823 0.74695 0.63420 0.91788 0.80343 0.99564 1.35393 1.71517 1.79044 1.74983 1.83100 2.02345 2.06611 2.03560 1.89482 1.84572 2.02813 2.42757 2.18353 2.29730 1.82001 2.00638 2.13620 2.20301 2.08249 2.18513 2.27465 2.44052 2.42413 2.50451 2.65835 2.71079 -9999 -9999 -9999 -9999 -9999 -9999
-9999 -9999 2.07315 1.94226 1.68700 1.72806 1.71934 2.01217 1.71389 1.73692 0.53171 0.61092 0.41723 -9999 -9999 -9999 -9999 0.65899 1.21937 0.77315 1.04254 0.80748 0.88850 1.06794 0.96221 0.58218 0.86937 0.64146 0.80270 0.77406 0.66654 0.89403 0.83837 0.91034 0.98346 0.79309 0.70832 0.75188 1.00185 1.36751 1.54627 1.76210 1.94158 1.88414 2.12690 2.09596 2.12601 2.08479 2.06988 2.01080 2.34001 2.20561 2.20009 2.08334 2.01035 1.74799 2.09691 2.26742 2.38660 2.43105 2.47048 2.47956 2.55278 2.62418 2.67729 -9999 -9999 -9999 -9999 -9999 2.80447 -9999 -9999
-9999 -9999 2.05216 2.20785 1.96394 1.96350 1.78732 1.69104 1.78560 1.73983 0.65996 0.55568 0.14365 -9999 -9999 -9999 -9999 1.09191 0.91133 1.00159 1.16450 1.01468 0.89480 0.65242 0.69239 0.68451 0.67923 0.69203 0.77817 0.87882 0.90543 0.67719 0.82760 0.97119 1.00923 1.05765 1.16830 1.18767 1.23996 1.05807 1.47642 1.27851 1.52676 2.08675 2.14352 2.18573 2.17435 2.15405 2.14681 2.12882 2.13166 2.07912 1.89468 2.01487 2.17629 1.89664 1.88925 2.32447 2.37160 2.49825 2.49530 2.62233 2.52360 2.48414 2.49508 2.68522 2.75732 2.57674 2.68372 -9999 -9999 -9999 2.84622
-9999 -9999 -9999 2.26231 2.08799 1.75633 1.53106 1.39568 0.68337 0.95162 0.61883 0.29269 -9999 -9999 -9999 -9999 0.73167 0.78449 0.62187 0.68425 0.80625 0.70967 0.72605 0.62972 0.64933 0.67452 0.80780 1.02713 1.06782 1.12942 0.93714 0.80233 0.93048 1.30659 1.58943 1.54759 1.12086 1.06403 0.94796 0.87503 1.13370 1.02568 2.49216 2.50888 2.49865 2.59193 2.20389 2.01883 2.06799 2.14345 2.19410 2.34659 2.35137 2.48909 2.55628 2.42610 2.64105 2.59791 2.63547 2.69728 2.63824 2.51767 2.61475 2.54501 2.37689 2.66746 2.88423 2.26480 2.48449 2.82941 -9999 -9999 3.14852
-9999 -9999 -9999 -9999 2.03294 1.53450 1.57472 0.88337 0.98244 0.38464 0.28029 -9999 -9999 -9999 -9999 0.84110 0.79362 0.70101 0.94250 0.95507 0.90212 1.03945 1.00231 1.02784 0.74717 1.09367 1.31786 1.42234 1.57550 1.43090 1.38083 1.31579 1.34091 1.41535 1.64296 1.17103 1.16101 1.22258 1.16534 0.88282 1.02778 1.00588 1.23048 1.51314 1.74635 2.40197 2.10855 2.51439 2.44019 2.10094 1.77327 1.99065 2.18845 2.33408 2.24547 2.12015 2.47845 2.68355 2.83404 2.61471 2.69249 2.59593 2.55994 2.63938 2.53993 2.77662 2.70138 2.32835 2.19565 2.57088 2.64006 2.81456 2.87163
-9999 -9999 -9999 -9999 -9999 -9999 1.31577 2.14885 0.15269 0.72539 0.97737 -9999 -9999 -9999 -9999 -9999 0.87426 0.87516 0.65165 1.18882 0.99956 0.68234 0.79880 0.88814 1.20115 1.16124 0.83107 1.64810 1.66467 1.82474 1.26130 1.38660 1.05777 1.51034 1.48459 1.62317 1.20878 1.23646 0.98377 1.08046 1.14883 1.42523 1.53750 1.26618 2.28909 2.42534 2.31081 2.28695 2.42610 2.44243 2.49042 2.67159 2.44591 2.39359 2.46762 2.46048 2.48837 2.60741 2.79666 2.46285 2.38197 2.50006 2.61394 2.58668 2.49439 2.61022 2.74274 2.00783 2.01325 2.28206 2.38741 2.64023 2.89585
-9999 -9999 -9999 -9999 -9999 -9999 -9999 -9999 -9999 -9999 -9999 -9999 -9999 -9999 -9999 -9999 -9999 -9999 -9999 1.00461 0.78186 0.24689 0.86489 1.06233 0.94227 0.89450 1.31094 0.91011 0.86953 0.67535 1.08862 0.99961 0.67311 0.96702 1.44180 1.49190 0.99531 1.20981 1.16120 1.39193 1.63538 1.77668 1.67735 1.75581 1.70797 1.70026 1.28305 2.35970 2.33802 2.03537 1.93435 2.46432 2.86659 2.92187 2.06584 2.20347 2.37521 2.45372 2.43313 2.41572 2.64961 2.87313 2.46556 2.45277 2.39458 2.73081 2.39722 1.97727 1.98157 2.43380 2.41463 2.70467 2.93487
-9999 -9999 -9999 -9999 -9999 -9999 -9999 -9999 -9999 -9999 -9999 -9999 -9999 -9999 -9999 -9999 -9999 -9999 1.09567 0.73855 0.60300 0.84531 0.94899 0.91377 0.54680 0.33479 0.61957 0.72491 0.59919 0.99706 1.08580 1.22586 1.47356 1.42624 1.16117 1.68993 1.21899 1.12761 1.32719 1.47521 1.66533 1.73470 1.79428 1.88039 1.90519 2.44300 1.51221 0.13413 1.55682 1.66864 1.88395 2.61042 2.56089 2.57005 2.85985 2.93376 2.49395 2.42014 2.64948 2.58705 2.83416 2.68283 2.75870 2.71739 2.96503 2.71715 2.34650 2.09966 2.63313 2.37978 2.78387 2.84483 2.93481
-9999 -9999 -9999 -9999 -9999 -9999 -9999 -9999 -9999 -9999 -9999 -9999 -9999 -9999 -9999 -9999 -9999 1.27756 0.98941 0.86248 0.95033 0.89928 0.65714 0.46319 0.23231 0.14873 0.65066 0.38413 0.86281 0.99083 1.16788 1.10471 0.95077 1.33488 1.20615 1.89286 2.18642 1.36501 1.30433 1.57823 1.68251 2.23102 1.72581 2.31370 1.45584 1.34829 2.31399 1.79868 0.77774 1.56018 1.79006 2.58954 2.14477 2.10011 2.50219 2.43280 2.42438 2.45815 2.49020 2.55713 2.82055 3.02500 2.77659 2.91218 2.56061 2.52628 2.49286 2.32856 2.62419 2.91302 3.04818 2.93492 2.90685
-9999 -9999 -9999 -9999 -9999 -9999 -9999 -9999 -9999 -9999 -9999 -9999 -9999 -9999 -9999 -9999 -9999 1.23554 1.22302 1.25796 0.98880 1.04249 0.75792 0.09515 0.04545 0.10180 0.09173 0.06213 0.03161 0.50629 0.56502 0.62725 0.84510 0.77510 1.09365 1.48014 1.96203 1.04767 1.43058 1.54279 1.39079 1.22623 2.07414 1.00086 1.97109 2.10815 1.96188 0.14059 0.09469 0.65033 1.52105 2.47843 2.62192 2.77755 2.89464 2.53334 2.68296 2.56098 2.56779 2.65220 2.61155 2.64650 2.64940 2.54540 2.49873 2.51104 2.46515 2.49146 2.61117 2.59676 2.78213 3.00461 2.81336
-9999 -9999 -9999 -9999 -9999 -9999 -9999 -9999 -9999 -9999 -9999 -9999 -9999 -9999 -9999 -9999 0.95263 1.05834 1.34839 0.87423 0.72342 0.18073 0.10762 0.05760 0.01200 0.03520 0.04426 0.03500 0.02673 0.02618 0.03895 0.05071 0.43159 0.43731 0.60621 0.99791 1.34165 1.65086 1.16365 1.24371 1.01063 1.14330 2.17201 1.73799 0.70336 1.68959 1.83839 0.12861 0.11284 0.46077 1.27154 2.43495 2.57650 2.79654 2.82984 2.47532 2.58716 2.77390 2.90447 2.55684 2.55192 2.68710 2.76303 2.82817 2.80841 3.16919 3.00939 3.03403 2.89670 2.68484 3.09581 2.93425 2.89427
-9999 -9999 -9999 -9999 -9999 -9999 -9999 -9999 -9999 -9999 -9999 -9999 -9999 1.38805 1.29828 0.88640 0.94184 1.09548 1.35503 0.58030 0.17073 0.24236 0.07984 0.05223 0.03534 0.00541 0.01007 0.00000 0.00000 0.00000 0.07579 0.31486 0.00082 0.00109 0.12335 0.05982 0.23612 0.39839 0.05180 0.04911 0.02574 1.26411 0.93611 0.00407 0.76446 0.55937 0.89858 0.94354 1.13227 1.33125 1.40701 1.18294 0.84157 0.69774 1.67774 4.31270 3.71823 4.18469 2.72879 3.38512 3.26288 5.54905 5.29001 7.64619 7.37611 5.96769 6.22598 3.21641 3.37568 3.27165 3.45881 2.96507 2.87223
-9999 -9999 -9999 -9999 -9999 -9999 -9999 -9999 -9999 -9999 -9999 -9999 0.90572 1.10747 1.28371 1.07463 1.17114 0.34115 0.25942 0.05738 0.07276 0.08935 0.05189 0.03971 0.01837 0.00181 0.00087 0.00000 0.00967 0.03610 0.00316 0.02385 0.05833 0.11023 0.16486 0.04755 0.00050 0.00290 0.03160 0.01769 0.01482 0.00762 0.87055 0.68457 0.24711 0.32623 0.48982 0.71958 0.99368 0.84480 0.85603 0.16568 1.12452 0.11298 1.69037 1.88520 3.39565 2.38184 3.18086 5.63791 5.01291 5.65521 6.24505 7.23161 7.68012 5.74755 6.33001 3.41304 3.62040 3.36459 3.00968 2.90624 2.89443
-9999 -9999 -9999 -9999 -9999 -9999 -9999 -9999 -9999 -9999 -9999 1.58576 0.37746 1.19050 0.21309 0.07110 0.05212 0.06866 0.08222 0.05086 0.03790 0.00739 0.00733 0.00656 0.00579 0.00255 0.20938 0.04464 0.02181 0.07262 0.00565 0.00000 0.00016 0.00038 0.00011 0.10830 0.00477 0.01380 0.03517 0.01356 0.00479 0.72018 0.34726 0.17046 0.14855 0.24138 0.28239 0.44631 0.68074 1.27169 1.68433 0.98018 0.65317 3.32652 0.85690 0.60265 3.13584 1.32969 1.66775 4.01589 4.14762 4.03633 4.41502 4.88051 6.09030 6.70008 6.10346 3.66271 3.30119 3.11153 2.89094 2.86719 2.89851
-9999 -9999 -9999 -9999 -9999 -9999 -9999 -9999 -9999 -9999 0.24390 0.19284 0.07548 0.09124 0.03829 0.00921 0.00265 0.00339 0.00602 0.00397 0.00383 0.00205 0.00289 0.00205 0.00051 0.00192 0.00071 0.06042 0.01673 0.00000 0.00000 0.00000 0.00011 0.11161 0.03387 0.13218 0.00746 0.01562 0.03583 0.01741 0.67601 0.18175 0.04203 0.03514 0.04288 0.24034 0.28615 0.30752 0.60178 0.97598 2.01462 0.99881 3.51037 0.83668 0.82525 0.74635 3.83119 4.02114 2.50594 2.22648 3.53585 4.40838 4.42490 5.82674 5.92237 7.17527 5.22718 3.46122 3.31764 3.05589 2.99552 3.17137 3.22419
-9999 -9999 -9999 -9999 -9999 -9999 -9999 -9999 -9999 0.00217 0.00065 0.00061 0.00066 0.00080 0.00030 0.00102 0.00034 0.00006 0.00000 0.00000 0.00000 0.00011 0.00022 0.00005 0.00000 0.00011 0.00005 0.00006 0.00006 0.00005 0.00016 0.00000 0.00000 0.00005 0.05660 0.42278 0.03633 0.02212 0.00762 0.50225 0.05736 0.01625 0.03050 0.95376 0.01787 0.67592 0.11341 0.43479 0.40857 0.64270 1.20780 3.32527 1.11862 5.30103 3.50536 2.18345 1.48727 1.56164 1.76998 2.35069 3.69133 4.40270 4.20260 5.04075 4.65230 5.50490 7.24316 5.45441 5.11247 4.96320 5.05623 5.51447 6.17235
-9999 -9999 -9999 -9999 -9999 -9999 -9999 -9999 -9999 -9999 0.00000 0.00005 0.00000 0.00000 0.00000 0.00006 0.00011 0.00000 0.00000 0.00000 0.00000 0.00000 0.00000 -9999 -9999 -9999 -9999 -9999 -9999 0.00152 0.00694 0.00000 0.00000 0.00000 0.00005 0.33963 0.70130 0.00353 0.00296 0.37897 0.09532 0.11146 0.98954 0.50336 0.77299 0.56480 0.82355 0.38325 0.74163 0.89812 1.52865 0.40600 1.05948 2.71298 4.48535 1.80239 1.33109 1.57823 1.28907 2.11986 2.92492 3.51049 1.92067 4.10229 5.15460 6.49220 8.29094 5.36612 5.09721 5.32078 5.15140 6.19338 6.06632
-9999 -9999 -9999 -9999 -9999 -9999 -9999 -9999 -9999 -9999 -9999 -9999 0.00000 0.00000 0.00000 0.00000 0.00000 0.00000 0.00000 -9999 -9999 -9999 -9999 -9999 -9999 -9999 -9999 -9999 -9999 -9999 -9999 -9999 -9999 0.00000 0.07508 0.16528 0.14199 0.19187 0.00113 0.00251 0.19848 0.07061 0.15872 0.08794 0.08927 0.93484 0.85955 0.16391 0.28934 0.35660 0.59177 3.20375 3.72044 3.90158 2.50881 1.21552 1.80143 1.67276 0.25116 1.90338 3.20083 3.69969 4.89418 2.43676 4.63457 6.99674 8.58270 5.11060 5.25103 5.60458 6.28901 6.64569 -9999
-9999 -9999 -9999 -9999 -9999 -9999 -9999 -9999 -9999 -9999 -9999 -9999 -9999 -9999 -9999 -9999 -9999 -9999 -9999 -9999 -9999 -9999 -9999 -9999 -9999 -9999 -9999 -9999 -9999 -9999 -9999 -9999 -9999 -9999 0.09262 0.04819 0.05088 0.05253 0.00022 0.09005 0.09623 0.03690 1.05092 0.56201 0.61312 0.78944 0.23828 0.10884 0.40377 0.41830 0.81726 3.03945 2.29462 2.92077 2.93175 1.70250 1.26201 2.20435 1.76407 2.15400 2.68955 3.14404 2.35736 2.49089 5.03507 6.23904 8.90939 5.24996 5.41592 5.90327 7.00737 -9999 -9999
-9999 -9999 -9999 -9999 -9999 -9999 -9999 -9999 -9999 -9999 -9999 -9999 -9999 -9999 -9999 -9999 -9999 -9999 -9999 -9999 -9999 -9999 -9999 -9999 -9999 -9999 -9999 -9999 -9999 -9999 -9999 -9999 -9999 -9999 0.04854 0.03594 0.05783 0.20785 0.00255 0.01879 0.01147 0.47572 0.41535 0.03232 0.20471 0.07477 0.11164 0.13509 0.24320 0.50553 0.80591 0.61561 1.42506 2.80107 2.53406 1.45694 1.22489 1.07209 0.95456 1.99033 3.57217 4.11583 3.57109 2.46688 4.11448 8.04065 8.87035 9.47526 10.34550 11.06120 -9999 -9999 -9999
-9999 -9999 -9999 -9999 -9999 -9999 -9999 -9999 -9999 -9999 -9999 -9999 -9999 -9999 -9999 -9999 -9999 -9999 -9999 -9999 -9999 -9999 -9999 -9999 -9999 -9999 -9999 -9999 -9999 -9999 -9999 -9999 -9999 -9999 -9999 -9999 -9999 -9999 0.06286 0.01730 0.00839 0.01363 0.24731 0.32862 0.02696 0.12174 0.32668 0.20065 0.27264 0.61800 0.52840 0.86617 0.86155 2.28342 2.40169 0.94819 0.06028 0.06572 0.78920 1.79860 3.31025 2.04021 2.85523 4.05181 7.42641 8.30740 9.15115 10.02910 10.33070 -9999 -9999 -9999 -9999
