data/hydroclimate-scenarios/1948-2000.Pcorr55N_Pref_Tref/monthly_summaries/baseflow_monthly_tot_jul.asc
ncols	311
nrows	91
xllcenter	102.75
yllcenter	31.75
cellsize	0.5
NODATA_value	-9999
[rows 0 to 31 of 91, columns 0 to 72 of 311]
-9999 -9999 -9999 -9999 -9999 -9999 -9999 -9999 -9999 -9999 -9999 -9999 -9999 -9999 -9999 -9999 -9999 -9999 -9999 -9999 -9999 -9999 -9999 -9999 -9999 -9999 -9999 -9999 -9999 -9999 -9999 -9999 -9999 -9999 -9999 -9999 -9999 -9999 -9999 -9999 -9999 -9999 -9999 -9999 -9999 -9999 -9999 -9999 -9999 -9999 -9999 -9999 -9999 -9999 -9999 -9999 -9999 -9999 -9999 -9999 -9999 -9999 -9999 -9999 -9999 -9999 -9999 -9999 -9999 -9999 -9999 -9999 -9999
-9999 -9999 -9999 -9999 -9999 -9999 -9999 -9999 -9999 -9999 -9999 -9999 -9999 -9999 -9999 -9999 -9999 -9999 -9999 -9999 -9999 -9999 -9999 -9999 -9999 -9999 -9999 -9999 -9999 -9999 -9999 -9999 -9999 -9999 -9999 -9999 -9999 -9999 -9999 -9999 -9999 -9999 -9999 -9999 -9999 -9999 -9999 -9999 -9999 -9999 -9999 -9999 -9999 -9999 -9999 -9999 -9999 -9999 -9999 -9999 -9999 -9999 -9999 -9999 -9999 -9999 -9999 -9999 -9999 -9999 -9999 -9999 -9999
-9999 -9999 -9999 -9999 -9999 -9999 -9999 -9999 -9999 -9999 -9999 -9999 -9999 -9999 -9999 -9999 -9999 -9999 -9999 -9999 -9999 -9999 -9999 -9999 -9999 -9999 -9999 -9999 -9999 -9999 -9999 -9999 -9999 -9999 -9999 -9999 -9999 -9999 -9999 -9999 -9999 -9999 -9999 -9999 -9999 -9999 -9999 -9999 -9999 -9999 -9999 -9999 -9999 -9999 -9999 -9999 -9999 -9999 -9999 -9999 -9999 -9999 -9999 -9999 -9999 -9999 -9999 -9999 -9999 -9999 -9999 -9999 -9999
-9999 -9999 -9999 -9999 -9999 -9999 -9999 -9999 -9999 -9999 -9999 -9999 -9999 -9999 -9999 -9999 -9999 -9999 -9999 -9999 -9999 -9999 -9999 -9999 -9999 -9999 -9999 -9999 -9999 -9999 -9999 -9999 -9999 -9999 -9999 -9999 -9999 -9999 -9999 -9999 -9999 -9999 -9999 -9999 -9999 -9999 -9999 -9999 -9999 -9999 -9999 -9999 -9999 -9999 -9999 -9999 -9999 -9999 -9999 -9999 -9999 -9999 -9999 -9999 -9999 -9999 -9999 -9999 -9999 -9999 -9999 -9999 -9999
-9999 -9999 -9999 -9999 -9999 -9999 -9999 -9999 -9999 -9999 -9999 -9999 -9999 -9999 -9999 -9999 -9999 -9999 -9999 -9999 -9999 -9999 -9999 -9999 -9999 -9999 -9999 -9999 -9999 -9999 -9999 -9999 -9999 -9999 -9999 -9999 -9999 -9999 -9999 -9999 -9999 -9999 -9999 -9999 -9999 -9999 -9999 -9999 -9999 -9999 -9999 -9999 -9999 -9999 -9999 -9999 -9999 -9999 -9999 -9999 -9999 -9999 -9999 -9999 -9999 -9999 -9999 -9999 -9999 -9999 -9999 -9999 -9999
-9999 -9999 -9999 -9999 -9999 -9999 -9999 -9999 -9999 -9999 -9999 -9999 -9999 -9999 -9999 -9999 -9999 -9999 -9999 -9999 -9999 -9999 -9999 -9999 -9999 -9999 -9999 -9999 -9999 -9999 -9999 -9999 -9999 -9999 -9999 -9999 -9999 -9999 -9999 -9999 -9999 -9999 -9999 -9999 -9999 -9999 -9999 -9999 -9999 -9999 -9999 -9999 -9999 -9999 -9999 -9999 -9999 -9999 -9999 -9999 -9999 -9999 -9999 -9999 -9999 -9999 -9999 -9999 -9999 -9999 -9999 -9999 -9999
-9999 -9999 -9999 -9999 -9999 -9999 -9999 -9999 -9999 -9999 -9999 -9999 -9999 -9999 -9999 -9999 -9999 -9999 -9999 -9999 -9999 -9999 -9999 -9999 -9999 -9999 -9999 -9999 -9999 -9999 -9999 -9999 -9999 -9999 -9999 -9999 -9999 -9999 -9999 -9999 -9999 -9999 -9999 -9999 -9999 -9999 -9999 -9999 -9999 -9999 -9999 -9999 -9999 -9999 -9999 -9999 -9999 -9999 -9999 -9999 -9999 -9999 -9999 -9999 -9999 -9999 -9999 -9999 -9999 -9999 -9999 -9999 -9999
-9999 -9999 -9999 -9999 -9999 -9999 -9999 -9999 -9999 -9999 -9999 -9999 -9999 -9999 -9999 -9999 -9999 -9999 -9999 -9999 -9999 -9999 -9999 -9999 -9999 -9999 -9999 -9999 -9999 -9999 -9999 -9999 -9999 -9999 -9999 -9999 -9999 -9999 -9999 -9999 -9999 -9999 2.84619 3.21152 2.99059 2.58415 2.38068 2.21690 1.96645 1.83174 1.73213 3.87794 -9999 -9999 -9999 -9999 -9999 -9999 -9999 -9999 -9999 -9999 -9999 -9999 -9999 -9999 -9999 -9999 -9999 -9999 -9999 -9999 -9999
-9999 -9999 -9999 -9999 -9999 -9999 -9999 -9999 -9999 -9999 -9999 -9999 -9999 -9999 -9999 -9999 -9999 -9999 -9999 -9999 -9999 -9999 -9999 -9999 -9999 -9999 -9999 -9999 -9999 -9999 -9999 -9999 -9999 -9999 -9999 -9999 -9999 -9999 2.88218 4.78566 3.69393 2.97103 3.09437 2.74616 2.42801 2.62764 2.53286 2.59030 2.14592 1.71230 1.25456 4.49639 3.75425 2.43766 -9999 -9999 -9999 -9999 -9999 -9999 -9999 -9999 -9999 -9999 -9999 -9999 -9999 -9999 -9999 -9999 -9999 -9999 -9999
-9999 -9999 -9999 -9999 -9999 -9999 -9999 -9999 -9999 -9999 -9999 -9999 -9999 -9999 -9999 -9999 -9999 -9999 -9999 -9999 -9999 -9999 -9999 -9999 -9999 -9999 -9999 -9999 -9999 -9999 -9999 -9999 -9999 -9999 -9999 -9999 -9999 -9999 -9999 -9999 2.75163 2.72703 3.31720 3.07212 2.83061 2.78870 2.50515 1.99926 2.60310 2.30507 2.03513 4.13939 3.66088 2.19718 -9999 -9999 -9999 -9999 -9999 -9999 -9999 -9999 -9999 -9999 -9999 -9999 -9999 -9999 -9999 -9999 -9999 -9999 -9999
-9999 -9999 -9999 -9999 -9999 -9999 -9999 -9999 -9999 -9999 -9999 -9999 -9999 -9999 -9999 -9999 -9999 -9999 -9999 -9999 -9999 -9999 -9999 -9999 -9999 -9999 -9999 -9999 -9999 -9999 -9999 -9999 -9999 -9999 -9999 -9999 -9999 -9999 -9999 -9999 -9999 -9999 -9999 -9999 3.10174 3.28360 4.25376 3.37021 2.69161 2.68786 2.49316 6.10979 2.52901 2.43254 -9999 -9999 -9999 -9999 -9999 -9999 0.68654 -9999 -9999 -9999 -9999 -9999 -9999 -9999 -9999 -9999 -9999 -9999 -9999
-9999 -9999 -9999 -9999 -9999 -9999 -9999 -9999 -9999 -9999 -9999 -9999 -9999 -9999 -9999 -9999 -9999 -9999 -9999 -9999 -9999 -9999 -9999 -9999 -9999 -9999 -9999 -9999 -9999 -9999 -9999 -9999 -9999 -9999 -9999 -9999 -9999 -9999 -9999 -9999 -9999 3.33659 3.18278 3.92522 3.70474 2.89122 3.28735 3.77924 2.94875 2.68124 3.83779 5.66472 2.21162 2.91245 -9999 -9999 -9999 -9999 -9999 0.57950 0.46923 0.37448 0.29476 0.14501 0.14449 0.09753 0.11477 0.20390 0.15342 0.11728 0.10486 0.07139 0.08885
-9999 -9999 -9999 -9999 -9999 -9999 -9999 -9999 -9999 -9999 -9999 -9999 -9999 -9999 -9999 -9999 -9999 -9999 -9999 -9999 -9999 -9999 -9999 -9999 -9999 -9999 -9999 -9999 -9999 -9999 -9999 -9999 -9999 -9999 -9999 -9999 -9999 -9999 -9999 -9999 -9999 2.86366 3.27976 3.62339 2.76249 2.95201 2.60409 2.80713 2.88708 2.41059 2.35499 7.76296 5.18133 4.80788 3.21789 4.76907 3.00937 -9999 1.26257 0.69892 0.52587 0.38993 0.28360 0.28304 0.31159 0.27974 0.26104 0.36462 0.31380 0.19917 0.13840 0.22875 0.27769
-9999 -9999 -9999 -9999 -9999 -9999 -9999 -9999 -9999 -9999 -9999 -9999 -9999 -9999 -9999 -9999 -9999 -9999 -9999 -9999 -9999 -9999 -9999 -9999 -9999 -9999 -9999 -9999 -9999 -9999 -9999 -9999 -9999 -9999 -9999 2.40769 2.12285 2.88448 2.90591 2.09966 1.96066 1.74124 2.16262 2.31330 2.15997 1.84628 2.05429 2.02512 2.07241 2.64894 2.89383 8.22982 11.06110 7.60373 4.36758 6.72176 4.16200 1.73571 1.15503 0.55243 0.34397 0.22231 0.26467 0.72170 0.40229 0.35257 0.37330 0.24336 0.27942 0.01871 0.01822 0.01420 0.02027
-9999 -9999 -9999 -9999 -9999 -9999 -9999 -9999 -9999 -9999 -9999 -9999 -9999 -9999 -9999 -9999 -9999 -9999 -9999 -9999 -9999 -9999 -9999 -9999 -9999 -9999 -9999 -9999 -9999 -9999 -9999 -9999 -9999 -9999 1.79803 1.91413 2.30599 1.92004 2.33561 2.33832 2.10739 1.77862 1.63171 1.82242 2.06047 1.48143 1.43666 1.74651 3.07233 4.47942 5.69372 5.30427 9.22407 8.36349 6.36030 7.13203 3.22971 1.95481 1.06336 0.69944 0.68668 0.86702 0.77565 1.30253 0.54632 0.35907 0.24699 0.40268 0.91744 0.90141 1.36230 1.10472 1.84653
-9999 -9999 -9999 -9999 -9999 -9999 -9999 -9999 -9999 -9999 -9999 -9999 -9999 -9999 -9999 -9999 -9999 -9999 -9999 -9999 -9999 -9999 -9999 -9999 -9999 -9999 -9999 -9999 -9999 -9999 -9999 -9999 -9999 1.80531 1.86825 1.54026 1.55555 1.40018 1.56796 1.55297 1.66962 1.70440 2.24349 2.12890 1.61879 1.24448 1.48416 1.92546 4.66752 6.88798 9.50692 11.92250 11.12230 8.76838 3.79262 5.63161 4.41381 1.34530 0.79812 0.85188 0.86734 0.39066 0.29411 0.23194 0.33305 0.32814 0.29109 0.44374 0.63551 0.58700 0.37882 0.99184 1.16236
-9999 -9999 -9999 -9999 -9999 -9999 -9999 -9999 -9999 -9999 -9999 -9999 -9999 -9999 -9999 -9999 -9999 -9999 -9999 -9999 -9999 -9999 -9999 -9999 -9999 -9999 -9999 -9999 -9999 -9999 -9999 1.48751 1.09243 1.08359 1.11290 1.26840 1.25110 1.55027 1.56024 1.32872 1.59440 1.46743 1.75490 1.47917 1.44262 1.53137 1.47608 1.47403 2.70827 4.09618 7.71243 12.83730 15.04070 9.90183 5.35500 5.98781 2.61949 1.57245 1.85206 0.87390 0.53350 0.30882 0.21516 0.14121 0.20750 0.36327 0.32038 0.09930 0.07880 0.51400 1.43073 2.53797 0.34025
-9999 -9999 -9999 -9999 -9999 -9999 -9999 -9999 -9999 -9999 -9999 -9999 -9999 -9999 -9999 -9999 -9999 -9999 -9999 -9999 -9999 -9999 -9999 -9999 -9999 -9999 -9999 -9999 -9999 0.85125 0.55154 1.04434 1.31043 1.17813 1.06727 1.09601 1.02172 1.17023 1.28423 1.07160 0.94031 1.49862 1.11065 0.98829 1.08577 1.60681 1.73452 1.85075 5.09464 6.88580 8.95510 10.76610 12.95450 7.65754 7.19373 7.06374 2.11695 1.40702 0.59840 0.10953 0.21136 0.13642 0.10177 0.14252 0.12103 0.12577 0.42366 0.70984 0.81405 0.97528 0.59929 2.82638 7.58994
-9999 -9999 -9999 -9999 -9999 -9999 -9999 -9999 -9999 -9999 -9999 -9999 -9999 -9999 -9999 -9999 -9999 -9999 -9999 -9999 -9999 -9999 -9999 -9999 0.99930 0.93420 0.68401 0.66262 0.69076 0.68208 0.77922 0.58837 0.69361 0.64807 0.64417 0.50768 0.52454 0.83412 0.77450 0.91417 0.78241 0.93542 0.67316 0.69717 0.64469 0.81881 0.97202 1.93819 4.18825 5.55466 5.43477 19.07640 16.88860 8.48742 4.33571 3.36600 1.60236 0.94147 0.72724 0.36920 0.24649 0.14347 0.08672 0.03499 0.03686 0.10874 0.12086 0.05540 0.11702 0.38314 3.55212 3.62427 8.06591
-9999 -9999 -9999 -9999 -9999 -9999 4.07926 4.66154 5.07412 4.66404 3.77268 -9999 -9999 -9999 -9999 -9999 -9999 -9999 -9999 -9999 -9999 1.76753 2.72531 1.29378 1.01095 1.10871 0.84211 0.92399 0.86705 0.71578 0.62721 0.64063 0.70042 0.56783 0.62414 0.48149 0.60237 0.66114 0.61519 0.70462 0.63908 0.67066 0.97927 0.57416 0.57652 0.69517 0.75249 1.24010 3.33592 5.20448 8.21590 16.69320 16.32750 8.28184 2.88793 1.97515 1.40607 0.65632 0.36925 0.27887 0.25296 0.15143 0.16805 0.19564 0.30609 0.07061 0.04208 0.03371 0.04447 0.04527 0.33137 1.85825 5.17763
-9999 -9999 -9999 -9999 -9999 3.54554 4.00922 6.78062 4.29612 5.05135 4.74489 6.14259 5.32600 5.49157 -9999 -9999 -9999 2.56575 2.34462 2.61906 2.27382 2.81542 2.48526 1.11955 1.61461 1.26205 0.81456 0.60277 0.56705 0.66653 0.69700 0.54826 0.56398 0.54939 0.42818 0.44660 0.61063 0.63827 0.52151 0.54642 0.54347 0.68007 0.92160 1.05794 0.65573 0.53270 0.88592 2.13769 3.23042 5.33445 6.36069 10.03870 8.74024 3.78432 2.24275 2.96298 1.84717 0.59807 0.14386 0.30256 0.17902 0.13013 0.23153 0.09648 0.51891 1.04426 0.52302 0.33463 0.13990 0.27725 0.57379 2.22709 3.79932
-9999 6.20218 8.56066 3.68963 3.95273 3.84128 4.15922 4.52525 5.08152 4.21704 4.90934 5.22094 5.86425 4.51343 3.89787 2.50979 1.58919 2.24977 2.55433 1.47688 1.36633 1.76605 1.68232 0.95856 0.67711 1.04110 0.90146 0.73404 0.66999 0.56282 0.38863 0.29595 0.25234 0.26362 0.30599 0.33592 0.35842 0.39716 0.30205 0.33988 0.34250 0.45763 0.65463 0.70868 0.59816 0.60621 0.57811 1.03377 1.69661 3.19382 4.17294 10.46170 7.97174 8.41557 5.26936 4.51477 2.29900 0.32691 0.34446 0.47483 0.13283 0.34900 0.49213 0.41978 0.90323 0.78100 0.33993 0.74381 0.23409 0.96352 3.43645 6.82279 6.73505
-9999 7.17370 6.61893 3.79360 3.52751 3.07334 1.96063 2.21799 1.91859 2.17433 2.80910 2.81562 3.29993 2.49268 2.61810 2.74344 3.60841 2.54804 2.15010 1.80804 1.79590 1.45817 1.54618 1.38132 1.08727 0.77472 0.67988 0.58367 0.57787 0.53471 0.37745 0.32598 0.27358 0.23012 0.27412 0.34684 0.38515 0.38417 0.38559 0.21647 0.25616 0.21740 0.15967 0.39714 0.46607 0.16951 0.23676 0.69220 1.18066 2.64761 2.98264 5.12222 5.39141 8.42389 7.42041 3.30738 1.56458 0.90173 0.59792 0.31299 0.36820 0.37284 0.46393 0.32471 0.57692 0.74368 0.97642 0.85705 0.73044 1.36054 1.47421 3.32149 6.68184
-9999 -9999 -9999 4.51802 5.42793 4.36961 3.54535 3.28495 2.98687 2.64142 2.77489 2.04151 2.04292 1.87226 1.81680 2.20562 2.77163 1.57340 1.64677 1.69882 2.06359 1.71107 1.72431 1.65605 1.07568 0.71194 0.54075 0.38283 0.26447 0.26784 0.19707 0.17460 0.17969 0.15712 0.18525 0.50275 0.23280 0.27737 0.25701 0.14407 0.17766 0.52534 0.29773 0.20408 0.35575 0.28572 0.45203 0.59655 0.61468 1.09917 1.78961 3.14984 5.01898 6.26192 4.39337 4.35382 1.93682 1.62907 1.80888 0.64566 0.53160 0.88767 1.31545 0.95968 0.65821 0.49856 0.29819 0.55531 1.53542 2.93060 2.97864 2.95868 3.46841
-9999 -9999 -9999 -9999 -9999 -9999 2.52375 2.58959 2.70768 1.91490 1.72043 1.59003 1.52150 1.30450 0.95751 1.22498 1.27052 1.33021 0.90399 0.94603 1.22408 1.32656 1.03743 1.01016 0.74395 0.60216 0.33533 0.20865 0.44458 0.12076 0.15076 0.14573 0.36196 0.36144 0.31519 0.31019 0.39270 0.40322 0.27801 0.21645 0.22371 0.24722 0.25953 0.20406 0.14207 0.15404 0.29140 0.89368 1.00938 1.56995 2.59839 5.45418 6.28457 1.88042 3.18673 4.65641 2.24092 3.87268 4.71660 2.73588 2.40454 2.57683 2.10682 2.16765 2.31369 2.51742 0.75027 1.10654 2.45989 3.04715 4.20260 3.35215 2.88930
-9999 -9999 -9999 -9999 -9999 -9999 1.50136 1.64417 1.22795 1.72121 1.40184 1.13830 0.99062 0.73333 0.65870 1.03849 0.89026 1.20705 1.23064 1.59267 1.58304 1.18863 1.13066 0.94298 0.70438 0.38730 0.17985 0.07720 0.16222 0.14364 0.28005 0.23478 0.21138 0.18038 0.18813 0.18340 0.28151 0.29353 0.35545 0.22389 0.17430 0.16086 0.16768 0.18751 0.19617 0.18965 0.15809 0.21240 0.29984 0.57916 1.25059 1.40599 1.73093 1.77603 1.55565 0.94996 1.06120 2.28059 2.09337 2.23286 4.80982 4.06829 3.62157 2.90708 2.61327 1.15328 0.90509 0.94865 1.22558 1.96340 4.35654 4.18187 4.36850
-9999 -9999 -9999 -9999 -9999 -9999 -9999 -9999 -9999 -9999 0.67039 1.22870 1.14049 0.46591 0.57944 1.00258 1.59461 2.03558 1.62693 0.94798 0.99851 0.94019 1.01272 0.45950 0.34097 0.25033 0.12544 0.03829 0.02233 0.18993 0.14287 0.14849 0.16558 0.11352 0.07663 0.09015 0.07622 0.07944 0.08566 0.11839 0.26308 0.23005 0.02662 0.20763 0.23203 0.23149 0.24787 0.27314 0.18637 0.11812 0.12527 0.13817 0.15156 0.29441 0.26323 0.21034 0.25322 0.15690 0.18563 0.34822 0.24462 0.55126 0.62770 0.45538 0.54668 0.22995 0.21301 0.34138 0.67852 0.83430 2.11312 8.16919 10.78290
-9999 -9999 -9999 -9999 -9999 -9999 -9999 -9999 -9999 -9999 0.26982 0.31558 0.58517 0.30231 0.40174 0.80447 1.22619 1.46091 1.74917 1.14281 1.03028 0.95206 0.84960 0.34242 0.25628 0.08831 0.04220 0.03268 0.01924 0.13499 0.13929 0.15237 0.19126 0.15484 0.23532 0.19743 0.18276 0.02255 0.02895 0.03562 0.03375 0.04417 0.05191 0.03652 0.02492 0.02421 0.03047 0.03019 0.01947 0.17379 0.09349 0.09744 0.08014 0.09758 0.18681 0.10258 0.08500 0.07651 0.07406 0.09419 0.09317 0.10557 0.11236 0.24013 0.25053 0.25558 0.23461 0.12973 0.18626 0.79807 2.45054 4.76594 7.79946
-9999 -9999 -9999 -9999 -9999 -9999 -9999 -9999 -9999 -9999 -9999 -9999 0.25555 0.48598 0.70094 0.62322 0.71008 0.57873 0.93602 0.58128 0.60115 0.65235 0.54255 0.16266 0.11802 0.05443 0.03858 0.02260 0.01459 0.00987 0.12878 0.15871 0.17289 0.01232 0.01516 0.01933 0.02522 0.03049 0.03321 0.05611 0.05792 0.05925 0.06042 0.03567 0.03563 0.02771 0.02699 0.04057 0.03053 0.01686 0.26676 0.27944 0.18956 0.27076 0.19652 0.11944 0.07172 0.08472 0.09190 0.10092 0.09852 0.09652 0.13545 0.22454 0.16066 0.11880 0.22257 0.09980 0.19284 0.41200 2.85115 8.58221 8.43491
-9999 -9999 -9999 -9999 -9999 -9999 -9999 -9999 -9999 -9999 -9999 -9999 0.19964 0.35879 0.54597 0.42719 0.39181 0.44376 0.96598 0.64833 0.65093 0.64509 0.55046 0.16848 0.18868 0.08439 0.04733 0.01943 0.01363 0.00842 0.00751 0.01385 0.01098 0.01161 0.02264 0.02097 0.03662 0.05438 0.06020 0.06672 0.05520 0.04592 0.04423 0.02704 0.02575 0.17656 0.21699 0.28052 0.19907 0.20701 0.34686 0.31962 0.29374 0.23763 0.21831 0.07815 0.08087 0.09134 0.09761 0.10161 0.12705 0.17400 0.18007 0.12364 0.11675 0.22238 0.26608 0.48769 0.57045 1.84188 3.05484 4.03066 6.69511
-9999 -9999 -9999 -9999 -9999 -9999 -9999 -9999 -9999 -9999 -9999 0.13457 0.20862 0.17464 0.21909 0.49973 0.53202 0.66690 0.76707 0.62514 0.24283 0.45559 0.19722 0.29060 0.26879 0.13529 0.11352 0.03751 0.02609 0.00620 0.00493 0.00828 0.00673 0.00797 0.01061 0.00959 0.01789 0.02601 0.04548 0.10903 0.08471 0.09565 0.08767 0.05831 0.04846 0.03218 0.02766 0.19971 0.15740 0.13602 0.13799 0.16899 0.16702 0.14193 0.10161 0.08854 0.08737 0.09262 0.10030 0.16349 0.16170 0.11760 0.12548 0.11663 0.11200 0.16312 0.22464 0.34361 0.70866 1.68858 5.88001 9.15561 6.58834
-9999 -9999 -9999 -9999 -9999 -9999 -9999 -9999 -9999 -9999 -9999 0.07760 0.14611 0.14950 0.13883 0.25751 0.43959 0.46858 0.48516 0.47472 0.30729 0.26271 0.16404 0.11508 0.08014 0.06522 0.08699 0.09546 0.05750 0.01181 0.00956 0.01552 0.00905 0.00921 0.00989 0.00586 0.00757 0.01133 0.03773 0.04544 0.05789 0.09103 0.29246 0.28486 0.26791 0.24182 0.22964 0.15880 0.02034 0.01364 0.01714 0.02021 0.02071 0.01758 0.01241 0.08904 0.09064 0.13330 0.13799 0.13053 0.11439 0.10837 0.11230 0.12842 0.17278 0.22516 0.25971 0.33925 0.99512 3.56763 3.64903 5.33336 6.54704
