data/hydroclimate-scenarios/1948-2000.Pcorr55N_Pref_Tref/monthly_summaries/et_monthly_tot_dec.1950-2000.asc
ncols	311
nrows	91
xllcenter	102.75
yllcenter	31.75
cellsize	0.5
NODATA_value	-9999
[rows 0 to 31 of 91, columns 73 to 145 of 311]
-9999 -9999 -9999 -9999 -9999 -9999 -9999 -9999 -9999 -9999 -9999 -9999 -9999 -9999 -9999 -9999 -9999 -9999 -9999 -9999 -9999 -9999 -9999 -9999 -9999 -9999 -9999 -9999 -9999 -9999 -9999 -9999 -9999 -9999 -9999 -9999 -9999 -9999 -9999 -9999 -9999 -9999 -9999 -9999 -9999 -9999 -9999 -9999 -9999 -9999 -9999 -9999 -9999 -9999 -9999 -9999 -9999 -9999 -9999 -9999 -9999 -9999 -9999 -9999 -9999 -9999 -9999 -9999 -9999 -9999 -9999 -9999 -9999
-9999 -9999 -9999 -9999 -9999 -9999 -9999 -9999 -9999 -9999 -9999 -9999 -9999 -9999 -9999 -9999 -9999 -9999 -9999 -9999 -9999 -9999 -9999 -9999 -9999 -9999 -9999 -9999 -9999 -9999 -9999 -9999 -9999 -9999 -9999 -9999 -9999 -9999 -9999 -9999 -9999 -9999 -9999 -9999 -9999 -9999 -9999 -9999 -9999 -9999 -9999 -9999 -9999 -9999 -9999 -9999 -9999 -9999 -9999 -9999 -9999 -9999 -9999 -9999 -9999 -9999 -9999 -9999 -9999 -9999 -9999 -9999 -9999
-9999 -9999 -9999 -9999 -9999 -9999 -9999 -9999 -9999 -9999 -9999 -9999 -9999 -9999 -9999 -9999 -9999 -9999 -9999 -9999 -9999 -9999 -9999 -9999 -9999 -9999 -9999 -9999 -9999 -9999 -9999 -9999 -9999 -9999 -9999 -9999 -9999 -9999 -9999 -9999 -9999 -9999 -9999 -9999 -9999 -9999 -9999 -9999 -9999 -9999 -9999 -9999 -9999 -9999 -9999 -9999 -9999 -9999 -9999 -9999 -9999 -9999 -9999 -9999 -9999 -9999 -9999 -9999 -9999 -9999 -9999 -9999 -9999
-9999 -9999 -9999 -9999 -9999 -9999 -9999 -9999 -9999 -9999 -9999 -9999 -9999 -9999 -9999 -9999 -9999 -9999 -9999 -9999 -9999 -9999 -9999 -9999 -9999 -9999 -9999 -9999 -9999 -9999 -9999 -9999 -9999 -9999 -9999 -9999 -9999 -9999 -9999 -9999 -9999 -9999 -9999 -9999 -9999 -9999 -9999 -9999 -9999 -9999 -9999 -9999 -9999 -9999 -9999 -9999 -9999 -9999 -9999 -9999 -9999 -9999 -9999 -9999 -9999 -9999 -9999 -9999 -9999 -9999 -9999 -9999 -9999
-9999 -9999 -9999 -9999 -9999 -9999 -9999 -9999 -9999 -9999 -9999 -9999 -9999 -9999 -9999 -9999 -9999 -9999 -9999 -9999 -9999 -9999 -9999 -9999 -9999 -9999 -9999 -9999 -9999 -9999 -9999 -9999 -9999 -9999 -9999 -9999 -9999 -9999 -9999 -9999 -9999 -9999 -9999 -9999 -9999 -9999 -9999 -9999 -9999 -9999 -9999 -9999 -9999 -9999 -9999 -9999 -9999 -9999 -9999 -9999 -9999 -9999 -9999 -9999 -9999 -9999 -9999 -9999 -9999 -9999 -9999 -9999 -9999
-9999 -9999 -9999 -9999 -9999 -9999 -9999 -9999 -9999 -9999 -9999 -9999 -9999 -9999 -9999 -9999 -9999 -9999 -9999 -9999 -9999 -9999 -9999 -9999 -9999 -9999 -9999 -9999 -9999 -9999 -9999 -9999 -9999 -9999 -9999 -9999 -9999 -9999 -9999 -9999 -9999 -9999 -9999 -9999 -9999 -9999 -9999 -9999 -9999 -9999 -9999 -9999 -9999 -9999 -9999 -9999 -9999 -9999 -9999 -9999 -9999 -9999 -9999 -9999 -9999 -9999 -9999 -9999 -9999 -9999 -9999 -9999 -9999
-9999 -9999 -9999 -9999 -9999 -9999 -9999 -9999 -9999 -9999 -9999 -9999 -9999 -9999 -9999 -9999 -9999 -9999 -9999 -9999 -9999 -9999 -9999 -9999 -9999 -9999 -9999 -9999 -9999 -9999 -9999 -9999 -9999 -9999 -9999 -9999 -9999 -9999 -9999 -9999 -9999 -9999 -9999 -9999 -9999 -9999 -9999 -9999 -9999 -9999 -9999 -9999 -9999 -9999 -9999 -9999 -9999 -9999 -9999 -9999 -9999 -9999 -9999 -9999 -9999 -9999 -9999 -9999 -9999 -9999 -9999 -9999 -9999
-9999 -9999 -9999 -9999 -9999 -9999 -9999 -9999 -9999 -9999 -9999 -9999 -9999 -9999 -9999 -9999 -9999 -9999 -9999 -9999 -9999 -9999 -9999 -9999 -9999 -9999 -9999 -9999 -9999 -9999 -9999 -9999 -9999 -9999 -9999 -9999 -9999 -9999 -9999 -9999 -9999 -9999 -9999 -9999 -9999 -9999 -9999 -9999 -9999 -9999 -9999 -9999 -9999 -9999 -9999 -9999 -9999 -9999 -9999 -9999 -9999 -9999 -9999 -9999 -9999 -9999 -9999 -9999 -9999 -9999 -9999 -9999 -9999
-9999 -9999 -9999 -9999 0.13433 -9999 -9999 -9999 -9999 -9999 -9999 -9999 -9999 -9999 -9999 -9999 -9999 -9999 -9999 -9999 -9999 -9999 -9999 -9999 -9999 -9999 -9999 -9999 -9999 -9999 -9999 -9999 -9999 -9999 -9999 -9999 -9999 -9999 -9999 -9999 -9999 -9999 -9999 -9999 -9999 -9999 -9999 -9999 -9999 -9999 -9999 -9999 -9999 -9999 -9999 -9999 -9999 -9999 -9999 -9999 -9999 -9999 -9999 -9999 -9999 -9999 -9999 -9999 -9999 -9999 -9999 -9999 -9999
0.36372 0.22873 0.17928 0.18091 0.13553 0.13509 0.16893 0.16948 0.19233 0.19789 0.19585 0.19770 0.23444 0.23752 0.22909 0.23923 0.24464 0.24685 0.29010 0.29218 -9999 -9999 -9999 -9999 -9999 -9999 -9999 -9999 -9999 -9999 -9999 -9999 -9999 -9999 -9999 -9999 -9999 -9999 -9999 -9999 -9999 -9999 -9999 -9999 -9999 -9999 -9999 -9999 -9999 -9999 -9999 -9999 -9999 -9999 -9999 -9999 -9999 -9999 -9999 -9999 -9999 -9999 -9999 -9999 -9999 -9999 -9999 -9999 -9999 -9999 -9999 -9999 -9999
-9999 -9999 0.07743 0.07522 0.05421 0.05347 0.04110 0.03714 0.03985 0.03707 0.04505 0.03979 0.04470 0.03910 0.03831 0.03223 0.03073 0.02619 0.04090 0.04789 -9999 -9999 -9999 -9999 -9999 -9999 -9999 -9999 -9999 -9999 -9999 -9999 -9999 -9999 -9999 -9999 -9999 -9999 -9999 -9999 -9999 -9999 -9999 -9999 -9999 -9999 -9999 -9999 -9999 -9999 -9999 -9999 -9999 -9999 -9999 -9999 -9999 -9999 -9999 -9999 -9999 -9999 -9999 -9999 -9999 -9999 -9999 -9999 -9999 -9999 -9999 -9999 -9999
0.09513 0.09564 0.07462 0.07767 0.05528 0.05628 0.04033 0.03812 0.04094 0.03696 0.04685 0.03884 0.04527 0.03860 0.03843 0.02654 0.01775 0.01450 0.03405 0.03865 0.07273 0.08178 0.15911 0.15497 0.20409 0.20018 -9999 -9999 -9999 -9999 -9999 -9999 -9999 -9999 -9999 -9999 -9999 -9999 -9999 -9999 -9999 -9999 -9999 -9999 -9999 -9999 -9999 -9999 -9999 -9999 -9999 -9999 -9999 -9999 -9999 -9999 -9999 -9999 -9999 -9999 -9999 -9999 -9999 -9999 -9999 -9999 -9999 -9999 -9999 -9999 -9999 -9999 -9999
0.02612 0.02736 0.01996 0.01768 0.00966 0.00586 -0.00164 -0.00663 -0.01631 -0.01935 -0.02691 -0.03553 -0.04600 -0.05576 -0.07315 -0.08999 -0.09916 -0.12354 -0.11305 -0.09929 -0.07890 -0.06687 -0.00846 -0.00046 0.04361 0.05160 0.12435 0.13525 0.18411 0.18477 0.22810 0.23558 0.24914 0.24947 0.29884 0.30121 0.31285 0.31717 0.35581 0.36597 0.43851 -9999 -9999 -9999 -9999 -9999 -9999 -9999 -9999 -9999 -9999 -9999 -9999 -9999 -9999 -9999 -9999 -9999 -9999 -9999 -9999 -9999 -9999 -9999 -9999 -9999 -9999 -9999 -9999 -9999 -9999 -9999 -9999
0.02404 0.02314 0.02149 0.01901 0.01126 0.00777 -0.00214 -0.00705 -0.01736 -0.02256 -0.02480 -0.03683 -0.04329 -0.05556 -0.07215 -0.08873 -0.09999 -0.11404 -0.11031 -0.09047 -0.07158 -0.06343 -0.00889 -0.00666 0.03804 0.04485 0.12637 0.12811 0.17863 0.18113 0.23128 0.23384 0.24361 0.25605 0.29533 0.30064 0.31684 0.31942 0.35634 0.35870 0.42943 0.44343 -9999 -9999 -9999 -9999 -9999 -9999 -9999 -9999 -9999 -9999 -9999 -9999 -9999 -9999 -9999 -9999 -9999 -9999 -9999 -9999 -9999 -9999 -9999 -9999 -9999 -9999 -9999 -9999 -9999 -9999 -9999
0.00352 0.00360 -0.00250 -0.00357 -0.00961 -0.01154 -0.02660 -0.03362 -0.04148 -0.04962 -0.06391 -0.07468 -0.09211 -0.10810 -0.12965 -0.14682 -0.16019 -0.17640 -0.17196 -0.16779 -0.15790 -0.15078 -0.13122 -0.11306 -0.10827 -0.10557 -0.07919 -0.06866 -0.05348 -0.04868 -0.01427 -0.01189 0.01656 0.01599 0.04004 0.04199 0.04442 0.04586 0.08256 0.08285 0.15128 0.15015 -9999 -9999 -9999 -9999 -9999 -9999 -9999 -9999 -9999 -9999 -9999 -9999 -9999 -9999 -9999 0.59105 0.73112 -9999 -9999 -9999 -9999 0.62933 0.55841 0.49744 0.56736 0.61791 0.57958 0.56207 0.56646 0.54576 0.55767
0.00464 0.00649 0.00282 0.00054 -0.00551 -0.00843 -0.02048 -0.02241 -0.04097 -0.05002 -0.06249 -0.07213 -0.08273 -0.10119 -0.11958 -0.13810 -0.13327 -0.14898 -0.16062 -0.15972 -0.14706 -0.13741 -0.11065 -0.11639 -0.10352 -0.10216 -0.07416 -0.07211 -0.05386 -0.05030 -0.01642 -0.01407 0.01945 0.02652 0.04667 0.03543 0.03696 0.04407 0.08845 0.07747 0.14633 0.15070 0.22903 0.22554 0.26555 0.26096 0.24641 0.24519 0.25557 0.25350 0.29655 0.33365 0.34280 0.33828 0.51720 0.51348 0.58907 0.60184 0.72858 -9999 -9999 -9999 -9999 -9999 0.63224 0.60714 0.59535 0.56194 0.54882 0.54067 0.52975 0.52905 0.52394
-0.00425 -0.00333 -0.00648 -0.01129 -0.01551 -0.01773 -0.03206 -0.03977 -0.04639 -0.05209 -0.06833 -0.07629 -0.07616 -0.08795 -0.10648 -0.10387 -0.11775 -0.14712 -0.15037 -0.15193 -0.13780 -0.13262 -0.12103 -0.11697 -0.11524 -0.11130 -0.10614 -0.09507 -0.08613 -0.08629 -0.05678 -0.07363 -0.04230 -0.01882 -0.02162 -0.01419 -0.05232 -0.03967 0.00024 -0.00705 0.02359 0.00744 0.03629 0.03250 0.08115 0.06423 0.05095 0.04082 0.08689 0.09920 0.14933 0.12651 0.15813 0.15121 0.31361 0.32894 0.46239 0.48018 0.63955 0.62760 0.70771 0.68954 0.60130 0.59288 0.58900 0.56059 0.57525 0.54843 0.49196 0.47359 0.44407 0.39611 0.43320
-0.00209 -0.00450 -0.00829 -0.00764 -0.01014 -0.01459 -0.03443 -0.04088 -0.04509 -0.05121 -0.06686 -0.07139 -0.06605 -0.06067 -0.09125 -0.10670 -0.09932 -0.10785 -0.12260 -0.14444 -0.13705 -0.13738 -0.11263 -0.11572 -0.10742 -0.10955 -0.08826 -0.07504 -0.06253 -0.05197 -0.03465 -0.06295 -0.04347 -0.02211 -0.02990 -0.02841 -0.04033 -0.02517 -0.00270 -0.03079 -0.01605 0.03476 0.08151 0.05027 0.05259 0.02695 0.05942 0.03778 0.09289 0.07890 0.14435 0.12618 0.16877 0.15958 0.29444 0.29641 0.40874 0.42129 0.62562 0.55444 0.64464 0.67292 0.59527 0.59358 0.57898 0.56739 0.59662 0.52883 0.44475 0.41302 0.39180 0.39245 0.42312
-0.00378 -0.00737 -0.00568 -0.00696 -0.01377 -0.01399 -0.02374 -0.02810 -0.02901 -0.03600 -0.03649 -0.03637 -0.02478 -0.02235 -0.04529 -0.05813 -0.05558 -0.04440 -0.08831 -0.10482 -0.11592 -0.12092 -0.12360 -0.11305 -0.11436 -0.09884 -0.12436 -0.12594 -0.12968 -0.12916 -0.12928 -0.12500 -0.11802 -0.11798 -0.12409 -0.15280 -0.15141 -0.15182 -0.17735 -0.18941 -0.18396 -0.17649 -0.14676 -0.16698 -0.14732 -0.17503 -0.12117 -0.12680 -0.07577 -0.09473 -0.03406 -0.04254 0.04021 0.04152 0.19364 0.16971 0.28353 0.28180 0.38581 0.38765 0.41336 0.42151 0.39459 0.42415 0.46641 0.45977 0.43925 0.40743 0.36813 0.34928 0.34458 0.28231 0.31212
-0.00317 -0.00511 -0.00559 -0.01013 -0.00720 -0.00285 -0.01059 -0.01814 -0.01636 -0.02724 -0.02791 -0.03250 -0.03552 -0.04735 -0.06365 -0.05644 -0.04971 -0.06053 -0.07880 -0.10106 -0.11028 -0.11633 -0.12076 -0.11556 -0.10610 -0.11303 -0.10005 -0.11379 -0.12963 -0.11482 -0.12652 -0.15024 -0.15272 -0.14963 -0.15785 -0.16613 -0.17689 -0.17645 -0.17905 -0.19960 -0.21035 -0.21040 -0.18628 -0.19640 -0.17688 -0.14392 -0.12374 -0.13374 -0.08634 -0.10771 -0.04838 -0.05209 0.02633 0.02491 0.14979 0.15240 0.26583 0.29502 0.40263 0.41099 0.44008 0.38441 0.36274 0.33724 0.38059 0.41001 0.40932 0.39213 0.37105 0.36324 0.36678 0.28722 0.32150
-0.01418 -0.01361 -0.01373 -0.01453 -0.01401 -0.01592 -0.02353 -0.02107 -0.01667 -0.01657 -0.01192 -0.01702 -0.01825 -0.02346 -0.03613 -0.04845 -0.04772 -0.05242 -0.05071 -0.05366 -0.07621 -0.10056 -0.11951 -0.10540 -0.11184 -0.11830 -0.11446 -0.10955 -0.12081 -0.12884 -0.13610 -0.14087 -0.16005 -0.15735 -0.15649 -0.15522 -0.17876 -0.19382 -0.20909 -0.21411 -0.23205 -0.24517 -0.18532 -0.18867 -0.16744 -0.18621 -0.18562 -0.18987 -0.17359 -0.18963 -0.10552 -0.11036 -0.01357 -0.00880 0.12912 0.13245 0.19732 0.20509 0.29803 0.31628 0.34423 0.34260 0.29937 0.29855 0.35099 0.32447 0.35047 0.34653 0.40402 0.40781 0.45336 0.38236 0.37692
-0.00379 -0.00775 -0.01182 -0.00852 -0.00781 -0.00420 -0.00812 -0.00898 -0.00305 -0.00632 0.00286 -0.00548 -0.01241 -0.01443 -0.01597 -0.02317 -0.03840 -0.03747 -0.05912 -0.04529 -0.06902 -0.07622 -0.09219 -0.09674 -0.11805 -0.11402 -0.10726 -0.10835 -0.12333 -0.10716 -0.11348 -0.12043 -0.13588 -0.14350 -0.15479 -0.16051 -0.18400 -0.19275 -0.21407 -0.22038 -0.25065 -0.24568 -0.21361 -0.21768 -0.20814 -0.23364 -0.22786 -0.22441 -0.17764 -0.17596 -0.10778 -0.10651 -0.02935 -0.01843 0.11458 0.09606 0.18232 0.16957 0.26589 0.25743 0.32432 0.31251 0.31069 0.28541 0.31633 0.31294 0.36646 0.35167 0.42325 0.38851 0.38235 0.22154 0.28482
-0.01850 -0.02065 -0.01520 -0.01401 -0.00930 -0.00869 -0.00241 -0.00682 0.00228 0.00434 0.01492 0.00447 0.00793 0.00255 0.00261 -0.00713 -0.00303 -0.00758 -0.03094 -0.03550 -0.06508 -0.05386 -0.08650 -0.09120 -0.10080 -0.08784 -0.08445 -0.08346 -0.09376 -0.09874 -0.09708 -0.11259 -0.11472 -0.14530 -0.15125 -0.15732 -0.15821 -0.17615 -0.21083 -0.23197 -0.22126 -0.21958 -0.16032 -0.17033 -0.15209 -0.16559 -0.16235 -0.15787 -0.11107 -0.12579 -0.02331 -0.00593 0.02128 0.03003 0.05402 0.07404 0.11313 0.11450 0.18492 0.20107 0.26133 0.25139 0.25468 0.25363 0.32574 0.29346 0.41938 0.38227 0.50150 0.51312 0.51514 0.37273 0.60897
-0.02010 -0.02032 -0.01442 -0.01201 -0.00492 -0.00660 -0.00453 -0.00068 0.00457 0.00319 0.01004 0.00454 0.00700 0.00394 0.00237 0.00552 0.00130 0.00239 -0.01299 -0.01994 -0.05468 -0.07256 -0.09669 -0.08880 -0.08616 -0.06763 -0.07461 -0.07988 -0.08785 -0.09156 -0.10288 -0.10910 -0.14670 -0.15365 -0.14811 -0.16328 -0.17204 -0.17762 -0.17713 -0.20579 -0.20705 -0.21535 -0.19451 -0.19971 -0.14915 -0.16279 -0.16284 -0.17311 -0.11151 -0.13091 -0.02938 -0.00943 0.01710 -0.01680 0.06090 0.06979 0.11444 0.14942 0.22226 0.24904 0.22448 0.24878 0.33400 0.41282 0.44354 0.39201 0.51840 0.49716 0.52249 0.53544 0.62924 0.52084 0.75924
-0.01892 -0.02049 -0.01518 -0.01254 -0.00412 -0.00023 0.00345 0.00411 0.02273 0.01400 0.01674 0.01219 0.01361 0.01205 0.01280 0.00593 0.00550 0.00442 -0.00939 -0.00842 -0.03358 -0.02465 -0.06039 -0.05823 -0.05245 -0.05172 -0.03874 -0.04837 -0.04496 -0.05069 -0.08779 -0.09517 -0.12338 -0.13231 -0.12620 -0.13966 -0.15015 -0.13835 -0.13213 -0.14430 -0.12381 -0.13856 -0.09908 -0.10627 -0.01725 -0.02549 0.03212 0.02682 0.07409 0.09585 0.15313 0.15492 0.16254 0.16243 0.15035 0.14081 0.15107 0.14970 0.16041 0.19056 0.22862 0.26456 0.30945 0.34262 0.36419 0.37226 0.48919 0.47434 0.67600 0.58069 0.85466 0.81370 1.20819
-0.01944 -0.01883 -0.01303 -0.01248 -0.00192 0.00720 0.01091 0.01097 0.02157 0.01555 0.02404 0.01839 0.02217 0.01616 0.01663 0.01029 0.00912 0.00449 -0.00753 -0.01911 -0.04147 -0.03495 -0.04974 -0.05273 -0.05389 -0.04755 -0.04061 -0.03813 -0.04984 -0.05133 -0.10244 -0.11200 -0.12315 -0.12636 -0.13069 -0.12691 -0.14657 -0.13542 -0.12440 -0.15120 -0.13460 -0.13474 -0.10549 -0.11638 -0.03446 -0.03910 0.04565 0.01459 0.08148 0.06976 0.17568 0.15373 0.20725 0.19669 0.13722 0.13933 0.13250 0.16413 0.14841 0.18960 0.26329 0.27839 0.34493 0.30029 0.35233 0.37174 0.54509 0.40033 0.56626 0.53249 0.88918 0.77953 1.16562
-0.00540 -0.00347 0.00105 0.00403 0.01681 0.01792 0.02739 0.02854 0.03575 0.03227 0.02568 0.02418 0.02736 0.02372 0.03687 0.02878 0.03735 0.02782 0.01468 0.01582 0.01365 0.01762 0.00440 0.01868 0.02659 0.03212 0.04299 0.04320 0.03094 0.01296 -0.01277 -0.01643 -0.03229 -0.05393 -0.02546 -0.02259 -0.01770 -0.04461 0.02219 0.01297 0.06215 0.06561 0.10311 0.10182 0.25486 0.21324 0.60235 0.58629 0.75222 0.76998 0.64933 0.64573 0.54990 0.53682 0.47231 0.47210 0.28398 0.34115 0.11339 0.14616 0.05906 0.07868 0.14793 0.16738 0.21724 0.20175 0.30155 0.20430 0.46140 0.52224 1.10166 0.98410 1.80520
-0.00741 -0.00610 0.00400 0.00308 0.01423 0.01601 0.02597 0.02845 0.04035 0.03792 0.02671 0.02061 0.02532 0.02395 0.03315 0.02663 0.04627 0.03923 0.01029 0.01226 0.01124 0.01767 -0.00292 0.00469 0.01566 0.02507 0.04171 0.05267 0.04164 0.03325 -0.01934 -0.01390 -0.04464 -0.05328 -0.02762 -0.03715 -0.02087 -0.04706 0.00973 -0.00526 0.05885 0.05402 0.08802 0.08821 0.26505 0.22727 0.59204 0.57895 0.81433 0.80206 0.63563 0.64977 0.56651 0.54714 0.44228 0.49670 0.28188 0.33318 0.09466 0.12965 0.03309 0.04005 0.06733 0.05687 0.10065 0.12903 0.26731 0.21156 0.52845 0.49800 1.01440 0.94965 1.55873
-0.00101 0.00508 0.02276 0.01077 0.03854 0.04552 0.06450 0.07014 0.08932 0.08722 0.08903 0.08402 0.08230 0.09044 0.12223 0.13098 0.15698 0.16468 0.14337 0.14777 0.13514 0.13504 0.12950 0.13088 0.14209 0.14856 0.17207 0.18516 0.21122 0.21119 0.18659 0.18146 0.19352 0.21307 0.29639 0.26679 0.25740 0.23199 0.33190 0.31448 0.45557 0.52650 0.55449 0.59628 0.79719 0.81117 1.30827 1.33966 1.54311 1.52786 1.24398 1.21930 1.12618 1.18285 1.08943 1.14360 0.87786 0.94807 0.60723 0.58257 0.50683 0.47532 0.59861 0.47542 0.65251 0.67740 0.88354 0.85582 1.31037 1.24912 1.92431 1.99300 2.91030
-0.00139 -0.00183 0.01204 0.00808 0.01436 0.02864 0.05742 0.05903 0.06276 0.07530 0.08486 0.06709 0.08415 0.08099 0.11268 0.11950 0.16333 0.16260 0.15052 0.13191 0.09919 0.11610 0.08519 0.11103 0.11001 0.11456 0.13222 0.15028 0.17289 0.17869 0.15981 0.16072 0.14154 0.19986 0.26526 0.23319 0.22622 0.24538 0.29992 0.36874 0.50344 0.54375 0.67512 0.67788 0.84130 0.79868 1.28512 1.34012 -9999 -9999 1.26559 1.39863 1.30820 1.29026 1.16494 1.15239 0.91508 0.88730 0.55424 0.49603 0.36746 0.34071 0.37145 0.38662 0.57187 0.58913 0.81157 0.81539 1.22716 1.29325 1.95537 1.99468 3.05980
0.00586 0.00815 0.03787 0.05337 0.06622 0.09039 0.15144 0.13289 0.16878 0.20372 0.21076 0.20837 0.26274 0.28596 0.33718 0.36195 0.46686 0.45777 0.43036 0.43256 0.39539 0.39756 0.26901 0.30750 0.28275 0.29955 0.34159 0.36153 0.42336 0.46517 0.63082 0.61669 0.64266 0.72593 0.87335 0.95477 1.03441 -9999 -9999 -9999 -9999 1.47070 -9999 1.55976 1.45274 1.55248 1.48703 1.59571 -9999 -9999 1.80310 1.76224 1.83020 1.87712 1.91119 1.95368 2.02893 1.93349 1.89598 1.81345 1.92284 1.85648 2.19645 1.91875 1.98486 2.05471 2.57995 2.79673 3.37333 3.43177 -9999 -9999 -9999
-0.00356 0.00318 0.05295 0.04849 0.10016 0.08520 0.18780 0.17264 0.24974 0.24712 0.23236 0.24831 0.26914 0.30635 0.38111 0.37295 0.44458 0.46202 0.41021 0.44958 0.39572 0.37738 0.25438 0.27652 0.27495 0.26067 0.30121 0.35036 0.44469 0.44391 0.52785 0.58096 0.62100 0.79947 0.94044 -9999 -9999 -9999 -9999 -9999 -9999 -9999 1.64555 1.55632 1.68866 -9999 -9999 -9999 -9999 -9999 1.84748 1.83501 1.72961 1.75382 1.80852 1.78039 1.90905 1.82765 2.03151 2.02697 2.12872 2.02158 2.38723 2.49677 2.51527 2.27625 2.78362 3.01575 -9999 -9999 -9999 -9999 -9999
