data/hydroclimate-scenarios/1948-2000.Pcorr55N_Pref_Tref/monthly_summaries/et_monthly_tot_nov.1950-2000.asc
ncols	311
nrows	91
xllcenter	102.75
yllcenter	31.75
cellsize	0.5
NODATA_value	-9999
[rows 33 to 65 of 91, columns 0 to 72 of 311]
-9999 -9999 -9999 -9999 -9999 -9999 -9999 -9999 -9999 -9999 -9999 1.05428 1.02312 0.89397 0.80609 0.82442 0.76425 0.77073 0.68848 0.64755 0.62655 0.51247 0.48691 0.51552 0.54874 0.53013 0.56910 0.77565 0.82408 0.75418 0.58755 0.70864 0.69537 0.57782 0.52809 0.33195 0.40553 0.28351 0.27864 0.16196 0.11016 0.05500 0.02581 -0.00197 0.00876 -0.02839 -0.02585 -0.03477 -0.01033 -0.03837 -0.01538 0.04851 0.06588 0.09229 0.11428 0.15849 0.15147 0.12149 0.14744 0.16226 0.16339 0.13001 0.07810 0.09463 0.08020 0.02442 -0.01575 -0.04231 -0.08555 -0.05479 -0.09482 -0.01122 -0.03932
-9999 -9999 -9999 -9999 -9999 -9999 -9999 -9999 -9999 -9999 -9999 -9999 1.35013 1.40708 1.22986 1.18436 1.16584 1.08342 1.04214 0.97000 1.03414 0.91755 0.86486 0.83685 0.83155 0.67604 0.71148 0.61067 0.71811 0.67436 0.70426 0.64347 0.59643 0.61486 0.51741 0.43401 0.41504 0.42160 0.32463 0.19502 0.15556 0.10172 0.06326 0.06516 0.05973 0.07937 0.06752 0.08511 0.11374 0.11638 0.08842 0.16205 0.21395 0.16968 0.10206 0.06680 0.08389 0.12058 0.17402 0.19710 0.15357 0.19301 0.20310 0.25374 0.21952 0.22391 0.18583 0.23524 0.18363 0.25501 0.21036 0.34311 0.34782
-9999 -9999 -9999 -9999 -9999 -9999 -9999 -9999 -9999 -9999 -9999 -9999 1.33655 1.41407 1.30636 1.25810 1.22663 1.17317 1.07764 1.02041 0.97994 0.87335 0.78644 0.60382 0.52107 0.49200 0.50821 0.60757 0.63536 0.69215 0.77628 0.74350 0.71423 0.66358 0.69105 0.58975 0.48407 0.48015 0.40861 0.32488 0.21158 0.16893 0.09816 0.11334 0.08584 0.09217 0.09674 0.11181 0.08575 0.14496 0.14486 0.10291 0.10885 0.06325 0.07150 0.05912 0.07987 0.08553 0.20677 0.30610 0.23468 0.30420 0.28062 0.25448 0.25615 0.21380 0.19767 0.22538 0.19301 0.27530 0.26638 0.38071 0.35253
-9999 -9999 -9999 -9999 -9999 -9999 -9999 -9999 -9999 -9999 -9999 -9999 1.42003 1.44075 1.37580 1.47599 1.32563 1.22271 1.10949 1.11042 1.08467 0.88338 0.74880 0.59208 0.62234 0.51021 0.64980 0.69623 0.74431 0.66581 0.78303 0.70891 0.78635 0.73701 0.67009 0.63540 0.59939 0.57596 0.48870 0.33974 0.28700 0.20584 0.14382 0.21966 0.19019 0.18380 0.16325 0.17083 0.24804 0.16069 0.13497 0.26141 0.16408 0.18402 0.29158 0.24776 0.22708 0.26939 0.30890 0.40371 0.35567 0.45100 0.40532 0.44769 0.40724 0.54041 0.51839 0.75006 0.73435 0.99026 1.00638 1.35309 1.36535
-9999 -9999 -9999 1.09278 1.23117 1.22432 1.15375 1.39979 1.34485 -9999 1.61412 1.70423 1.61880 1.55005 1.48425 1.50634 1.42714 1.28752 1.28063 1.20490 1.08564 0.90627 0.77102 0.69533 0.70561 0.67929 0.78391 0.67436 0.75094 0.46551 0.79733 0.88485 0.66638 0.50682 0.58529 0.57873 0.55822 0.54737 0.53782 0.42307 0.35011 0.27801 0.17935 0.20145 0.13870 0.02809 0.03950 0.00276 0.01317 0.10356 0.13731 0.23103 0.18106 0.16312 0.19222 0.12684 0.16223 0.19278 0.26219 0.29668 0.34585 0.44300 0.39795 0.52736 0.44610 0.57218 0.54693 0.76011 0.74744 0.99573 0.99960 1.45914 1.43786
-9999 -9999 -9999 0.97986 1.02692 1.14973 1.05256 1.22259 1.14475 1.23067 1.40076 1.45766 1.49019 1.35987 1.34995 1.27603 1.25423 1.28902 1.20765 1.00541 0.89225 0.79776 0.72817 0.88716 0.91089 0.87108 0.87492 0.54150 0.56289 0.43827 0.63300 0.55653 0.59166 0.47646 0.39370 0.52660 0.35768 0.33052 0.39985 0.31650 0.18210 0.11926 0.17960 0.19499 0.03198 -0.02716 -0.01724 -0.07902 0.00990 0.01992 0.03606 0.08816 0.11089 0.13441 0.14626 0.15628 0.13433 0.17824 0.19073 0.29055 0.29505 0.53687 0.51059 0.79254 0.76992 1.14841 1.12674 1.58090 1.53761 2.32318 2.19556 3.34037 3.24640
-9999 -9999 -9999 1.02547 1.19454 1.11185 1.15877 1.26401 1.28398 1.48190 1.48614 1.57646 1.38224 1.09941 0.87135 1.07150 1.29291 1.25229 1.19747 1.09234 0.96430 0.86312 0.83611 0.89025 0.83310 0.95198 0.96588 0.80769 0.70928 0.57073 0.55890 0.55624 0.65411 0.61782 0.52805 0.49421 0.50109 0.44139 0.36302 0.18635 0.11428 0.14438 0.19904 0.28179 0.11116 -0.00512 0.03087 0.04028 0.00800 0.02829 0.05160 0.09754 0.13738 0.12399 0.16550 0.14478 0.14766 0.26318 0.24099 0.32734 0.32553 0.54298 0.52329 0.82320 0.84919 1.25449 1.24169 1.74859 1.68006 2.37150 2.40193 3.61994 3.58216
-9999 -9999 -9999 0.89877 0.94220 0.94128 0.85553 1.00677 0.85320 0.95409 1.09023 1.11229 0.61235 0.77151 0.60419 0.68139 0.79099 0.80542 0.85001 0.82905 0.58734 0.54511 0.52175 0.60825 0.81076 0.81488 0.78465 0.59481 0.51878 0.53161 0.70706 0.87640 0.69656 0.57634 0.59444 0.76041 0.74785 0.64502 0.59417 0.42140 0.23916 0.21776 0.21316 0.23457 0.12716 0.17480 0.17036 0.07118 0.04748 0.06038 0.10057 0.15559 0.16527 0.13010 0.17002 0.19175 0.18582 0.24452 0.26094 0.38448 0.33504 0.65390 0.60957 1.04335 1.03219 1.50898 1.48481 2.20709 2.25181 3.35743 3.43106 4.96899 -9999
-9999 -9999 -9999 0.88916 1.03396 0.98720 0.98259 1.02729 0.94860 1.09709 1.14972 0.93909 0.59461 0.61045 0.56517 0.64763 0.61351 0.71724 1.00820 1.21809 0.94360 0.67743 0.73556 1.05977 1.03993 1.10627 1.17005 0.96964 0.86949 0.81621 0.81819 0.81404 0.74564 0.73725 0.72029 0.58153 0.61356 0.73275 0.76103 0.68800 0.53719 0.43211 0.27567 0.16408 0.28212 0.27012 0.23958 0.14699 0.16276 0.17427 0.19217 0.22544 0.26130 0.17788 0.19673 0.24965 0.25787 0.31611 0.29625 0.42158 0.40751 0.67341 0.63689 1.11728 1.09501 1.68593 1.67761 2.32148 2.33374 3.84780 3.64475 -9999 -9999
-9999 -9999 -9999 -9999 0.85904 0.70414 0.73116 0.74805 0.60663 0.65495 0.74649 0.71344 0.22330 0.48233 -9999 -9999 -9999 -9999 -9999 0.74652 0.65359 0.73292 0.75581 0.67632 0.68676 0.97745 1.21125 1.02082 1.04326 1.07995 1.07185 0.89218 0.80172 0.88199 1.06313 0.98583 0.95315 0.99090 0.98144 0.89003 0.74892 0.71428 0.66824 0.53648 0.49152 0.45693 0.35234 0.38248 0.40558 0.40191 0.40296 0.39990 0.37925 0.35984 0.35048 0.31576 0.31677 0.38999 0.39396 0.48625 0.45595 0.66047 0.62122 1.01205 1.02745 1.60985 1.63238 2.72803 2.74368 -9999 -9999 -9999 -9999
-9999 -9999 1.18587 0.85704 0.89665 0.78528 0.73514 0.77019 0.71552 0.70822 0.77217 0.67029 0.33819 -9999 -9999 -9999 -9999 -9999 0.55472 0.86740 0.98716 1.25439 1.19585 1.05222 1.03956 1.14202 1.43696 1.37858 1.39760 1.36778 1.37538 1.29175 1.29723 1.36138 1.39376 1.43188 1.31292 1.16389 1.11303 0.99876 0.91768 0.94867 0.90519 0.71949 0.65316 0.60272 0.53855 0.52711 0.53149 0.52646 0.50886 0.55782 0.59974 0.56848 0.52628 0.51227 0.41764 0.43332 0.41964 0.52863 0.47513 0.72347 0.75771 1.11939 1.17427 1.88328 1.85643 -9999 -9999 -9999 -9999 -9999 -9999
-9999 -9999 1.15480 0.84320 0.86770 0.68890 0.66039 0.60314 0.52927 0.56291 0.54281 0.55348 0.36773 -9999 -9999 -9999 -9999 0.78333 0.65593 1.03254 1.15397 1.28260 1.36174 1.47480 1.50245 1.46785 1.38236 1.34091 1.50092 1.50274 1.46804 1.45632 1.50133 1.56030 1.52845 1.41903 1.41550 1.35175 1.21099 1.24154 1.28321 1.20114 1.16095 1.05654 0.99198 0.92881 0.91640 0.77299 0.79424 0.76960 0.73146 0.68715 0.65656 0.65599 0.58987 0.59955 0.60282 0.56071 0.50335 0.56972 0.56111 0.72650 0.76192 1.12721 1.12368 -9999 -9999 -9999 -9999 -9999 3.79752 -9999 -9999
-9999 -9999 1.15712 0.83428 0.86106 0.67303 0.59525 0.54636 0.55578 0.54983 0.45410 0.33847 0.68448 -9999 -9999 -9999 -9999 0.80541 0.86701 1.31762 1.47091 1.76137 1.79924 1.80153 1.77455 1.58168 1.44495 1.56734 1.58217 1.53703 1.51627 1.56527 1.58415 1.58553 1.69768 1.63140 1.59862 1.61686 1.46116 1.46817 1.51335 1.49651 1.51372 1.37137 1.26410 1.11338 1.07407 1.02945 0.98991 1.00480 0.96398 0.82306 0.69835 0.68507 0.78227 0.76926 0.67181 0.76298 0.76000 0.81265 0.77142 1.04826 0.98251 1.20646 1.13221 1.78080 2.07518 2.57711 2.73018 -9999 -9999 -9999 6.07550
-9999 -9999 -9999 0.99339 0.97468 0.74554 0.69781 0.43753 0.51718 0.42720 0.30777 0.38588 -9999 -9999 -9999 -9999 0.67882 0.80840 1.13410 1.50528 1.74619 1.95982 1.93073 1.98979 1.99523 1.87184 1.84077 1.81873 1.85269 1.68907 1.70695 1.59963 1.65604 1.77289 1.84313 1.83619 1.81175 1.88465 1.80222 1.81838 1.82355 1.76568 1.79754 1.78352 1.67830 1.60597 1.50249 1.40171 1.30207 1.17343 1.07524 0.97746 0.97569 0.85325 0.84698 0.88145 0.84093 0.73860 0.73470 0.72325 0.62158 0.60769 0.57337 0.65873 0.64230 1.19757 1.44263 1.98884 2.02355 2.51043 -9999 -9999 3.85500
-9999 -9999 -9999 -9999 0.96679 0.71108 0.71757 0.59200 0.52861 0.41021 0.80309 -9999 -9999 -9999 -9999 0.79986 0.73361 1.08323 1.39152 1.70661 1.93741 2.08940 2.05730 2.02617 2.07306 1.99564 1.90196 1.91763 1.90060 1.87757 1.78228 1.74650 1.78428 1.85382 1.94293 1.96239 1.91978 2.04474 1.95895 1.89913 1.90622 1.84538 1.97045 1.95349 1.93076 1.84052 1.70618 1.67179 1.58896 1.41681 1.30354 1.10540 1.10754 1.05676 1.05639 1.06369 1.03681 0.84434 0.79432 0.69805 0.63546 0.68690 0.59394 0.79527 0.71229 1.34799 1.57724 2.24653 2.19112 3.09401 3.04596 4.35885 4.10135
-9999 -9999 -9999 -9999 -9999 -9999 0.85515 0.71337 0.75992 1.07966 0.69311 -9999 -9999 -9999 -9999 -9999 1.00853 1.38143 1.51047 1.96376 1.92829 2.12054 2.18288 2.21580 2.19907 2.16661 2.16061 2.00580 1.96435 1.93164 1.97628 1.91908 1.95366 1.88332 1.97250 2.00939 1.96908 2.05482 2.01636 2.18292 2.10435 2.12668 2.14608 1.96011 1.92737 2.09229 2.01458 1.85915 1.73003 1.50369 1.42220 1.20830 1.13585 1.19558 1.20082 1.22900 1.09014 0.95108 0.83828 0.64975 0.47201 0.47761 0.46268 0.61685 0.55804 0.93068 1.19694 1.65479 1.59667 2.28162 2.17778 3.13728 2.87062
-9999 -9999 -9999 -9999 -9999 -9999 -9999 -9999 -9999 -9999 -9999 -9999 -9999 -9999 -9999 -9999 -9999 -9999 -9999 2.00149 2.01234 2.25347 2.17190 2.26722 2.27976 2.21968 2.14658 2.03248 1.86311 1.80494 1.93586 1.99857 1.99650 1.99032 2.07345 2.05470 2.12180 2.18247 2.16119 2.38136 2.39140 2.37329 2.35822 2.20059 2.09095 2.25948 2.17416 2.00995 1.92411 1.68871 1.55084 1.38436 1.38023 1.46930 1.52458 1.46088 1.34375 1.07470 0.91331 0.70724 0.58126 0.60254 0.56081 0.69974 0.70742 1.26650 1.53550 1.95519 1.92066 2.43555 2.27389 3.29454 3.12699
-9999 -9999 -9999 -9999 -9999 -9999 -9999 -9999 -9999 -9999 -9999 -9999 -9999 -9999 -9999 -9999 -9999 -9999 2.15347 2.46371 2.35619 2.64905 2.64986 2.71482 2.69026 2.67769 2.69813 2.45029 2.42386 2.24013 2.22811 2.21567 2.23730 2.11439 2.26324 2.43110 2.49356 2.57652 2.46065 2.57597 2.54414 2.39175 2.40935 2.46774 2.39903 2.48225 2.52994 2.11657 2.01185 1.82049 1.77072 1.28016 1.34507 1.47182 1.50835 1.58753 1.45241 1.03728 0.88362 0.82173 0.83386 0.88110 0.80476 0.75664 0.78184 1.10869 1.16368 1.50567 1.48829 1.87373 1.80136 2.13460 2.10604
-9999 -9999 -9999 -9999 -9999 -9999 -9999 -9999 -9999 -9999 -9999 -9999 -9999 -9999 -9999 -9999 -9999 2.37542 2.34751 2.57344 2.38843 2.71793 2.75035 2.89529 3.10547 3.27299 3.18415 2.54317 2.37215 2.34644 2.35456 2.28813 2.26401 2.24153 2.37503 2.47274 2.56372 2.66014 2.66796 2.68789 2.67555 2.60150 2.58566 2.52237 2.42665 2.63325 2.51783 2.18639 2.09861 1.90008 1.79769 1.48047 1.29181 1.58408 1.60972 1.67870 1.47929 1.17605 1.06661 1.09863 1.16161 1.08666 0.83035 0.82538 1.02847 1.26558 1.23069 1.47762 1.41381 1.89314 1.80107 2.29342 2.24424
-9999 -9999 -9999 -9999 -9999 -9999 -9999 -9999 -9999 -9999 -9999 -9999 -9999 -9999 -9999 -9999 -9999 2.90833 2.86620 2.70210 2.64333 2.73497 2.79079 3.42681 3.71020 3.69033 3.64586 3.50477 3.21883 2.99936 3.03940 2.67970 2.73281 2.63005 2.67715 2.67006 2.76860 2.64700 2.57332 2.88484 2.94579 2.80202 2.77720 2.77514 2.80904 2.66478 2.51513 2.15667 1.99914 1.69480 1.62669 1.65960 1.65653 1.57032 1.66380 1.64210 1.52977 1.51347 1.40314 1.26480 1.17278 1.09093 0.96673 0.90340 0.84649 1.11210 1.15904 1.36022 1.27702 1.65834 1.59699 2.03936 1.90464
-9999 -9999 -9999 -9999 -9999 -9999 -9999 -9999 -9999 -9999 -9999 -9999 -9999 -9999 -9999 -9999 2.43149 2.80484 2.68282 2.71163 2.62204 2.84104 2.96036 3.26547 3.71252 3.32634 3.52319 3.47667 3.43155 3.36149 3.38663 2.91084 2.84014 2.73827 2.79784 2.69554 2.76777 2.70093 2.69346 2.96939 3.01404 2.89730 2.88524 2.79341 2.68314 2.70762 2.62303 2.25863 2.15634 1.72365 1.67589 1.77950 1.80151 1.76926 1.74712 1.76587 1.67160 1.68187 1.56592 1.38288 1.27209 1.18630 1.06999 0.97447 0.93557 1.11994 1.03482 1.25681 1.29450 1.68363 1.57381 2.10884 1.91574
-9999 -9999 -9999 -9999 -9999 -9999 -9999 -9999 -9999 -9999 -9999 -9999 -9999 2.40935 2.49719 2.73286 2.72535 2.90727 2.72804 2.76944 2.73783 3.29412 3.70454 4.00829 4.08901 3.86622 3.90131 3.52627 3.74894 3.60836 3.57593 3.55684 3.51492 3.26022 3.41371 3.54753 3.48870 3.17674 2.99259 2.85209 2.88166 2.93495 3.00266 3.03566 3.03817 2.86346 2.74122 2.51150 2.52698 2.72563 2.71887 2.30151 2.34133 2.29082 2.22668 2.19572 2.03377 1.90327 1.78790 1.54356 1.42355 1.30578 1.21887 1.11055 1.05079 1.22142 1.21494 1.52935 1.42675 1.81784 1.76977 2.39976 2.22877
-9999 -9999 -9999 -9999 -9999 -9999 -9999 -9999 -9999 -9999 -9999 -9999 2.34589 2.50392 2.54425 2.56397 2.61117 2.92189 2.76265 2.78123 3.13015 3.66933 3.89657 4.17046 4.07959 3.84443 3.88190 3.56380 3.59698 3.58950 3.61368 3.43385 3.43856 3.28989 3.38631 3.61543 3.72199 3.10812 2.77949 2.78395 2.88911 3.04578 3.16526 3.14908 3.02853 3.02157 2.87047 2.57733 2.61703 2.90963 2.92970 2.58485 2.45547 2.48015 2.39047 2.17687 2.19412 2.03158 1.86645 1.53491 1.52340 1.39380 1.25753 1.16102 1.07729 1.20435 1.22214 1.36501 1.24323 1.81285 1.73428 2.32138 2.30381
-9999 -9999 -9999 -9999 -9999 -9999 -9999 -9999 -9999 -9999 -9999 2.73895 2.84361 2.92699 2.89868 3.12730 3.13087 3.37142 3.20463 3.89653 3.62255 3.97893 4.00119 3.86581 3.92049 4.05806 4.13748 3.96166 4.03554 4.23099 4.28581 4.27577 4.22750 4.09639 4.30071 4.18695 3.65869 3.13671 2.94476 2.73977 2.86289 3.07087 3.16856 3.15320 3.17071 3.02215 3.01336 2.79693 2.96605 2.78942 2.77527 2.82897 2.83490 2.65996 2.61315 2.56968 2.35103 2.19945 1.99964 1.92184 1.79727 1.65686 1.56366 1.57124 1.44916 1.41587 1.36754 1.66188 1.71249 2.44520 2.47028 3.76616 3.88439
-9999 -9999 -9999 -9999 -9999 -9999 -9999 -9999 -9999 -9999 3.06776 3.22540 3.17942 3.09834 3.22716 3.37758 3.30047 3.50889 3.61222 3.84003 3.63994 3.57971 3.69775 3.43304 3.48500 4.10493 4.16930 4.11381 4.13742 4.16155 4.47883 4.50976 4.54336 4.56569 4.28938 3.94689 3.42161 3.00311 2.82393 2.71355 2.74995 3.01321 2.88544 2.89737 2.87621 2.71848 2.85480 2.66427 2.86685 2.74880 2.70479 2.84727 2.87516 2.72803 2.64087 2.46925 2.40495 2.10213 2.04378 2.02740 1.92760 1.81085 1.67473 1.68965 1.50409 1.40747 1.40586 1.72985 1.80845 2.50261 2.49754 3.84919 3.59901
-9999 -9999 -9999 -9999 -9999 -9999 -9999 -9999 -9999 3.92590 4.26691 4.05573 3.91020 3.56305 3.65050 4.09399 3.97603 3.64112 3.14197 4.29111 4.15666 3.37538 3.34861 3.33416 3.52439 4.24719 4.35856 4.56197 4.54641 4.79096 4.78692 5.17788 5.43090 5.25262 5.36302 4.00490 3.53437 3.14542 3.03121 2.65071 2.81923 2.66601 2.68062 3.06042 2.95705 2.44082 2.38253 2.54156 2.58513 2.48945 2.54543 2.83968 2.96757 3.25014 3.13834 2.41084 2.41436 2.40783 2.32734 2.34838 2.34533 2.31148 2.28696 2.03984 1.83544 2.06023 2.00684 2.56597 2.50021 3.84701 3.90565 5.68982 5.74152
-9999 -9999 -9999 -9999 -9999 -9999 -9999 -9999 -9999 -9999 4.09063 4.05624 3.91707 3.75818 3.81712 4.14478 4.11773 3.24003 3.20598 4.27883 4.13655 3.38254 3.41479 -9999 -9999 -9999 -9999 -9999 -9999 4.82176 4.89157 5.35191 5.45958 5.64611 5.47348 4.02434 3.57718 3.24137 3.12260 2.64175 2.89659 2.28500 2.35308 2.74825 2.95908 2.52146 2.58170 2.63969 2.43218 2.37154 2.50904 2.76431 2.88860 3.24173 3.15219 2.49032 2.54994 2.35112 2.33172 2.39271 2.39161 2.47745 2.44155 2.19730 2.03045 2.20584 2.13706 2.70998 2.79349 3.91219 3.82137 5.32673 6.06067
-9999 -9999 -9999 -9999 -9999 -9999 -9999 -9999 -9999 -9999 -9999 -9999 4.05564 3.72919 3.71858 3.49916 3.45121 3.45914 3.45608 -9999 -9999 -9999 -9999 -9999 -9999 -9999 -9999 -9999 -9999 -9999 -9999 -9999 -9999 5.22259 5.29027 4.31995 3.96427 3.30990 3.36840 2.97296 2.94706 2.67254 2.73040 2.79685 2.72436 2.75343 2.85138 2.92070 2.81667 2.51413 2.55698 2.89732 2.94298 2.84628 3.08849 2.91979 2.85838 2.96814 2.90423 3.46145 3.26284 3.22373 3.09483 2.96688 2.79237 3.22722 3.17869 4.16603 3.96982 5.27057 5.17456 7.49366 -9999
-9999 -9999 -9999 -9999 -9999 -9999 -9999 -9999 -9999 -9999 -9999 -9999 -9999 -9999 -9999 -9999 -9999 -9999 -9999 -9999 -9999 -9999 -9999 -9999 -9999 -9999 -9999 -9999 -9999 -9999 -9999 -9999 -9999 -9999 5.30304 5.03291 4.15875 3.79350 3.81977 3.09454 2.93235 2.81901 2.74195 2.68870 2.82946 2.84147 2.80362 3.24265 2.99281 2.76009 2.82154 2.95145 3.11559 3.17103 3.35778 3.05255 3.08806 2.85475 3.03232 3.59465 3.45653 3.56560 3.60910 3.13283 3.01999 3.43489 3.27858 4.53082 4.41736 5.50367 5.38988 -9999 -9999
-9999 -9999 -9999 -9999 -9999 -9999 -9999 -9999 -9999 -9999 -9999 -9999 -9999 -9999 -9999 -9999 -9999 -9999 -9999 -9999 -9999 -9999 -9999 -9999 -9999 -9999 -9999 -9999 -9999 -9999 -9999 -9999 -9999 -9999 4.15071 4.05350 3.99722 3.46366 3.27254 3.09328 3.09836 3.00768 3.09932 3.17434 3.08391 3.00767 3.13735 2.90549 2.93704 3.45219 3.60496 4.11948 4.37105 3.68789 4.22655 3.81839 4.07730 4.01273 4.27909 4.01647 3.95526 4.18934 4.09616 4.35331 4.02886 4.84678 4.81552 6.61816 6.44877 8.15361 -9999 -9999 -9999
-9999 -9999 -9999 -9999 -9999 -9999 -9999 -9999 -9999 -9999 -9999 -9999 -9999 -9999 -9999 -9999 -9999 -9999 -9999 -9999 -9999 -9999 -9999 -9999 -9999 -9999 -9999 -9999 -9999 -9999 -9999 -9999 -9999 -9999 -9999 -9999 -9999 -9999 3.35872 3.18979 3.13135 3.30970 3.39967 3.10193 3.32631 3.03409 3.13205 3.06458 3.05079 3.48333 3.58482 4.47565 4.00059 3.87811 4.13395 4.17664 4.16211 4.31562 4.13418 3.99556 3.94975 4.04371 3.95190 4.07028 3.94723 4.89438 4.88130 6.48471 6.76089 -9999 -9999 -9999 -9999
-9999 -9999 -9999 -9999 -9999 -9999 -9999 -9999 -9999 -9999 -9999 -9999 -9999 -9999 -9999 -9999 -9999 -9999 -9999 -9999 -9999 -9999 -9999 -9999 -9999 -9999 -9999 -9999 -9999 -9999 -9999 -9999 -9999 -9999 -9999 -9999 -9999 -9999 -9999 3.52995 3.67206 3.42757 3.29823 3.18452 3.22507 3.11303 3.20335 3.30448 3.36916 3.74237 3.67744 3.92847 4.09638 4.45219 4.61758 4.63164 4.45012 4.48245 4.73788 5.15269 5.14575 5.41661 5.30394 5.17161 5.14336 6.46053 6.26972 8.37337 -9999 -9999 -9999 -9999 -9999
-9999 -9999 -9999 -9999 -9999 -9999 -9999 -9999 -9999 -9999 -9999 -9999 -9999 -9999 -9999 -9999 -9999 -9999 -9999 -9999 -9999 -9999 -9999 -9999 -9999 -9999 -9999 -9999 -9999 -9999 -9999 -9999 -9999 -9999 -9999 -9999 -9999 -9999 -9999 -9999 -9999 -9999 -9999 3.47884 3.36310 3.06939 3.19585 3.60053 3.53757 3.78848 3.78403 3.80711 4.02556 4.50719 4.20061 4.31597 4.66831 4.95827 4.31335 4.78051 4.81885 5.06098 5.04858 4.84066 4.86872 6.03634 6.97002 -9999 -9999 -9999 -9999 -9999 -9999
