data/hydroclimate-scenarios/1948-2000.Pcorr55N_Pref_Tref/monthly_summaries/et_monthly_tot_jan.1950-2000.asc
ncols	311
nrows	91
xllcenter	102.75
yllcenter	31.75
cellsize	0.5
NODATA_value	-9999
[rows 0 to 31 of 91, columns 73 to 145 of 311]
-9999 -9999 -9999 -9999 -9999 -9999 -9999 -9999 -9999 -9999 -9999 -9999 -9999 -9999 -9999 -9999 -9999 -9999 -9999 -9999 -9999 -9999 -9999 -9999 -9999 -9999 -9999 -9999 -9999 -9999 -9999 -9999 -9999 -9999 -9999 -9999 -9999 -9999 -9999 -9999 -9999 -9999 -9999 -9999 -9999 -9999 -9999 -9999 -9999 -9999 -9999 -9999 -9999 -9999 -9999 -9999 -9999 -9999 -9999 -9999 -9999 -9999 -9999 -9999 -9999 -9999 -9999 -9999 -9999 -9999 -9999 -9999 -9999
-9999 -9999 -9999 -9999 -9999 -9999 -9999 -9999 -9999 -9999 -9999 -9999 -9999 -9999 -9999 -9999 -9999 -9999 -9999 -9999 -9999 -9999 -9999 -9999 -9999 -9999 -9999 -9999 -9999 -9999 -9999 -9999 -9999 -9999 -9999 -9999 -9999 -9999 -9999 -9999 -9999 -9999 -9999 -9999 -9999 -9999 -9999 -9999 -9999 -9999 -9999 -9999 -9999 -9999 -9999 -9999 -9999 -9999 -9999 -9999 -9999 -9999 -9999 -9999 -9999 -9999 -9999 -9999 -9999 -9999 -9999 -9999 -9999
-9999 -9999 -9999 -9999 -9999 -9999 -9999 -9999 -9999 -9999 -9999 -9999 -9999 -9999 -9999 -9999 -9999 -9999 -9999 -9999 -9999 -9999 -9999 -9999 -9999 -9999 -9999 -9999 -9999 -9999 -9999 -9999 -9999 -9999 -9999 -9999 -9999 -9999 -9999 -9999 -9999 -9999 -9999 -9999 -9999 -9999 -9999 -9999 -9999 -9999 -9999 -9999 -9999 -9999 -9999 -9999 -9999 -9999 -9999 -9999 -9999 -9999 -9999 -9999 -9999 -9999 -9999 -9999 -9999 -9999 -9999 -9999 -9999
-9999 -9999 -9999 -9999 -9999 -9999 -9999 -9999 -9999 -9999 -9999 -9999 -9999 -9999 -9999 -9999 -9999 -9999 -9999 -9999 -9999 -9999 -9999 -9999 -9999 -9999 -9999 -9999 -9999 -9999 -9999 -9999 -9999 -9999 -9999 -9999 -9999 -9999 -9999 -9999 -9999 -9999 -9999 -9999 -9999 -9999 -9999 -9999 -9999 -9999 -9999 -9999 -9999 -9999 -9999 -9999 -9999 -9999 -9999 -9999 -9999 -9999 -9999 -9999 -9999 -9999 -9999 -9999 -9999 -9999 -9999 -9999 -9999
-9999 -9999 -9999 -9999 -9999 -9999 -9999 -9999 -9999 -9999 -9999 -9999 -9999 -9999 -9999 -9999 -9999 -9999 -9999 -9999 -9999 -9999 -9999 -9999 -9999 -9999 -9999 -9999 -9999 -9999 -9999 -9999 -9999 -9999 -9999 -9999 -9999 -9999 -9999 -9999 -9999 -9999 -9999 -9999 -9999 -9999 -9999 -9999 -9999 -9999 -9999 -9999 -9999 -9999 -9999 -9999 -9999 -9999 -9999 -9999 -9999 -9999 -9999 -9999 -9999 -9999 -9999 -9999 -9999 -9999 -9999 -9999 -9999
-9999 -9999 -9999 -9999 -9999 -9999 -9999 -9999 -9999 -9999 -9999 -9999 -9999 -9999 -9999 -9999 -9999 -9999 -9999 -9999 -9999 -9999 -9999 -9999 -9999 -9999 -9999 -9999 -9999 -9999 -9999 -9999 -9999 -9999 -9999 -9999 -9999 -9999 -9999 -9999 -9999 -9999 -9999 -9999 -9999 -9999 -9999 -9999 -9999 -9999 -9999 -9999 -9999 -9999 -9999 -9999 -9999 -9999 -9999 -9999 -9999 -9999 -9999 -9999 -9999 -9999 -9999 -9999 -9999 -9999 -9999 -9999 -9999
-9999 -9999 -9999 -9999 -9999 -9999 -9999 -9999 -9999 -9999 -9999 -9999 -9999 -9999 -9999 -9999 -9999 -9999 -9999 -9999 -9999 -9999 -9999 -9999 -9999 -9999 -9999 -9999 -9999 -9999 -9999 -9999 -9999 -9999 -9999 -9999 -9999 -9999 -9999 -9999 -9999 -9999 -9999 -9999 -9999 -9999 -9999 -9999 -9999 -9999 -9999 -9999 -9999 -9999 -9999 -9999 -9999 -9999 -9999 -9999 -9999 -9999 -9999 -9999 -9999 -9999 -9999 -9999 -9999 -9999 -9999 -9999 -9999
-9999 -9999 -9999 -9999 -9999 -9999 -9999 -9999 -9999 -9999 -9999 -9999 -9999 -9999 -9999 -9999 -9999 -9999 -9999 -9999 -9999 -9999 -9999 -9999 -9999 -9999 -9999 -9999 -9999 -9999 -9999 -9999 -9999 -9999 -9999 -9999 -9999 -9999 -9999 -9999 -9999 -9999 -9999 -9999 -9999 -9999 -9999 -9999 -9999 -9999 -9999 -9999 -9999 -9999 -9999 -9999 -9999 -9999 -9999 -9999 -9999 -9999 -9999 -9999 -9999 -9999 -9999 -9999 -9999 -9999 -9999 -9999 -9999
-9999 -9999 -9999 -9999 0.08894 -9999 -9999 -9999 -9999 -9999 -9999 -9999 -9999 -9999 -9999 -9999 -9999 -9999 -9999 -9999 -9999 -9999 -9999 -9999 -9999 -9999 -9999 -9999 -9999 -9999 -9999 -9999 -9999 -9999 -9999 -9999 -9999 -9999 -9999 -9999 -9999 -9999 -9999 -9999 -9999 -9999 -9999 -9999 -9999 -9999 -9999 -9999 -9999 -9999 -9999 -9999 -9999 -9999 -9999 -9999 -9999 -9999 -9999 -9999 -9999 -9999 -9999 -9999 -9999 -9999 -9999 -9999 -9999
0.07207 0.08025 0.09231 0.09369 0.09183 0.09236 0.08721 0.08745 0.09651 0.10042 0.14095 0.14266 0.17471 0.17722 0.19608 0.20420 0.24207 0.24971 0.27483 0.27741 -9999 -9999 -9999 -9999 -9999 -9999 -9999 -9999 -9999 -9999 -9999 -9999 -9999 -9999 -9999 -9999 -9999 -9999 -9999 -9999 -9999 -9999 -9999 -9999 -9999 -9999 -9999 -9999 -9999 -9999 -9999 -9999 -9999 -9999 -9999 -9999 -9999 -9999 -9999 -9999 -9999 -9999 -9999 -9999 -9999 -9999 -9999 -9999 -9999 -9999 -9999 -9999 -9999
-9999 -9999 0.04210 0.04073 0.02983 0.02834 0.02375 0.02249 0.02235 0.01932 0.02729 0.02480 0.03951 0.03716 0.05864 0.05575 0.06571 0.06082 0.08874 0.09482 -9999 -9999 -9999 -9999 -9999 -9999 -9999 -9999 -9999 -9999 -9999 -9999 -9999 -9999 -9999 -9999 -9999 -9999 -9999 -9999 -9999 -9999 -9999 -9999 -9999 -9999 -9999 -9999 -9999 -9999 -9999 -9999 -9999 -9999 -9999 -9999 -9999 -9999 -9999 -9999 -9999 -9999 -9999 -9999 -9999 -9999 -9999 -9999 -9999 -9999 -9999 -9999 -9999
0.05004 0.04995 0.04217 0.04270 0.03069 0.02951 0.02619 0.02471 0.02457 0.02331 0.02859 0.02448 0.03881 0.03653 0.06080 0.05383 0.06084 0.06026 0.08435 0.08692 0.09981 0.10045 0.11699 0.11320 0.15037 0.14767 -9999 -9999 -9999 -9999 -9999 -9999 -9999 -9999 -9999 -9999 -9999 -9999 -9999 -9999 -9999 -9999 -9999 -9999 -9999 -9999 -9999 -9999 -9999 -9999 -9999 -9999 -9999 -9999 -9999 -9999 -9999 -9999 -9999 -9999 -9999 -9999 -9999 -9999 -9999 -9999 -9999 -9999 -9999 -9999 -9999 -9999 -9999
0.02877 0.03006 0.01509 0.01288 0.00681 0.00394 0.00585 0.00225 -0.00401 -0.00729 -0.02658 -0.03244 -0.03179 -0.04070 -0.03511 -0.04359 -0.04428 -0.05642 -0.03492 -0.02451 -0.01480 -0.00940 0.00892 0.01460 0.04658 0.04945 0.12222 0.12509 0.15952 0.16182 0.17837 0.18558 0.20659 0.21192 0.25172 0.25882 0.27252 0.27791 0.28969 0.29533 0.31216 -9999 -9999 -9999 -9999 -9999 -9999 -9999 -9999 -9999 -9999 -9999 -9999 -9999 -9999 -9999 -9999 -9999 -9999 -9999 -9999 -9999 -9999 -9999 -9999 -9999 -9999 -9999 -9999 -9999 -9999 -9999 -9999
0.02828 0.02869 0.01684 0.01623 0.00902 0.00688 0.00610 0.00318 -0.00620 -0.01104 -0.02637 -0.03586 -0.03291 -0.04274 -0.03622 -0.04465 -0.04046 -0.05131 -0.03392 -0.02475 -0.01234 -0.00880 0.00701 0.00907 0.03978 0.04165 0.11827 0.11876 0.15379 0.15683 0.18125 0.19380 0.20238 0.20976 0.24423 0.25256 0.27178 0.28370 0.28682 0.28871 0.30669 0.32099 -9999 -9999 -9999 -9999 -9999 -9999 -9999 -9999 -9999 -9999 -9999 -9999 -9999 -9999 -9999 -9999 -9999 -9999 -9999 -9999 -9999 -9999 -9999 -9999 -9999 -9999 -9999 -9999 -9999 -9999 -9999
0.00869 0.00974 0.00243 0.00198 -0.00284 -0.00470 -0.01644 -0.02143 -0.02917 -0.03434 -0.04542 -0.05421 -0.06362 -0.07419 -0.08063 -0.08976 -0.09476 -0.10796 -0.10374 -0.10303 -0.08929 -0.08945 -0.07575 -0.06347 -0.05031 -0.04843 -0.02517 -0.01759 -0.00966 -0.00593 0.00379 0.00503 0.00775 0.00855 0.02844 0.03130 0.02073 0.02298 0.04338 0.04357 0.05983 0.05560 -9999 -9999 -9999 -9999 -9999 -9999 -9999 -9999 -9999 -9999 -9999 -9999 -9999 -9999 -9999 0.40028 0.51775 -9999 -9999 -9999 -9999 0.65753 0.62661 0.54615 0.61262 0.66674 0.71478 0.69151 0.85425 0.81421 0.87245
0.01053 0.01297 0.00700 0.00620 0.00178 -0.00027 -0.01110 -0.01280 -0.02718 -0.03572 -0.04416 -0.05316 -0.05607 -0.06963 -0.07330 -0.08481 -0.07174 -0.08493 -0.09788 -0.09974 -0.08494 -0.07510 -0.05163 -0.06563 -0.04862 -0.05186 -0.02634 -0.02644 -0.01248 -0.00962 0.00177 0.00202 0.01015 0.01860 0.03710 0.02753 0.01770 0.02761 0.05088 0.04159 0.05464 0.05770 0.12792 0.12874 0.15950 0.14377 0.12550 0.12687 0.13929 0.13775 0.16289 0.18466 0.19585 0.18401 0.33458 0.32572 0.39305 0.39574 0.51360 -9999 -9999 -9999 -9999 -9999 0.70688 0.68243 0.66384 0.61941 0.69845 0.68187 0.79414 0.79034 0.86423
0.00336 0.00425 0.00215 -0.00179 -0.00427 -0.00689 -0.01807 -0.02439 -0.03023 -0.03466 -0.04442 -0.04957 -0.03996 -0.04884 -0.05786 -0.04988 -0.06234 -0.09175 -0.09175 -0.09590 -0.07746 -0.07418 -0.06017 -0.06314 -0.06325 -0.06583 -0.06226 -0.04153 -0.04306 -0.04130 -0.02978 -0.04864 -0.02587 0.00195 -0.01940 -0.01248 -0.05238 -0.03813 -0.01515 -0.02241 0.00215 -0.01735 0.02452 0.02323 0.08103 0.06798 0.01115 0.00042 0.03336 0.05277 0.07738 0.05603 0.07867 0.05970 0.21124 0.22497 0.36181 0.35912 0.53692 0.52943 0.67284 0.64549 0.70649 0.69622 0.74417 0.70533 0.67706 0.64138 0.64307 0.62457 0.74977 0.68332 0.69727
0.00835 0.00608 0.00280 0.00345 0.00154 -0.00245 -0.01948 -0.02358 -0.02693 -0.03274 -0.04165 -0.04533 -0.03040 -0.01653 -0.04309 -0.05571 -0.03764 -0.05206 -0.06921 -0.09015 -0.08134 -0.08659 -0.05233 -0.06582 -0.05585 -0.06550 -0.03385 -0.01223 -0.00300 0.00666 0.00220 -0.03487 -0.02616 -0.00349 -0.02273 -0.02687 -0.03908 -0.01585 -0.01314 -0.04972 -0.04308 0.01560 0.07561 0.04680 0.05533 0.03027 0.02287 0.00064 0.05540 0.03110 0.08450 0.04696 0.07823 0.06820 0.18893 0.19357 0.30722 0.31758 0.54508 0.48064 0.61904 0.63800 0.69022 0.68555 0.74098 0.72601 0.71337 0.61903 0.58364 0.55949 0.70533 0.70175 0.68289
0.00426 0.00311 0.00618 0.00603 0.00317 0.00185 -0.00523 -0.00774 -0.00625 -0.01002 -0.01105 -0.00786 0.01256 0.01619 -0.00004 -0.01175 -0.00558 0.00002 -0.04295 -0.06136 -0.06593 -0.07144 -0.07368 -0.06286 -0.06277 -0.04537 -0.06485 -0.06839 -0.07430 -0.07129 -0.08460 -0.07617 -0.06962 -0.06633 -0.10022 -0.13096 -0.12994 -0.12825 -0.14894 -0.16105 -0.14446 -0.13140 -0.06659 -0.08498 -0.04793 -0.07044 -0.04293 -0.05350 -0.02778 -0.04991 -0.01579 -0.02714 0.02485 0.03339 0.17445 0.15654 0.32018 0.31040 0.45528 0.45636 0.62981 0.63793 0.68544 0.72334 0.80485 0.81691 0.79338 0.75777 0.83169 0.81834 0.89682 0.81320 0.73075
0.00613 0.00572 0.00736 0.00478 0.01202 0.01482 0.00754 0.00340 0.00330 -0.00545 -0.00410 -0.00681 -0.00175 -0.01222 -0.02064 -0.00828 0.00195 -0.01242 -0.03282 -0.05779 -0.05650 -0.06573 -0.06675 -0.06469 -0.04765 -0.06315 -0.02749 -0.04996 -0.07482 -0.04771 -0.08241 -0.11085 -0.11532 -0.11096 -0.13381 -0.13972 -0.15404 -0.15458 -0.15321 -0.17155 -0.15888 -0.15975 -0.11508 -0.11857 -0.07263 -0.02069 -0.00485 -0.02348 0.00058 -0.02727 -0.01641 -0.02571 0.03242 0.02707 0.14034 0.15446 0.31059 0.34219 0.52782 0.52688 0.73045 0.63606 0.66239 0.64885 0.73277 0.78982 0.78573 0.78631 0.89089 0.92501 1.03761 0.90202 0.80458
-0.00396 -0.00344 -0.00293 -0.00324 -0.00212 -0.00301 -0.00517 0.00033 0.00042 -0.00058 0.00251 -0.00128 0.00191 0.00296 0.00577 -0.00364 0.00861 0.00693 0.00303 0.00021 -0.01834 -0.04947 -0.06658 -0.05175 -0.05676 -0.07005 -0.06078 -0.05450 -0.07423 -0.08915 -0.10587 -0.11124 -0.13185 -0.12920 -0.13829 -0.14039 -0.16328 -0.17324 -0.17302 -0.18092 -0.18135 -0.18775 -0.12855 -0.11882 -0.04874 -0.06539 -0.01737 -0.01436 0.01232 -0.01322 0.06645 0.06307 0.12464 0.13087 0.20590 0.21133 0.33976 0.32872 0.59020 0.61120 0.81339 0.81971 0.85872 0.84256 0.92870 0.90070 0.87606 0.87771 1.01031 1.04272 1.22741 1.08872 0.90121
0.00472 0.00195 -0.00186 0.00077 0.00130 0.00386 0.00454 0.00607 0.01477 0.00909 0.01849 0.01150 0.00585 0.00525 0.01199 0.00808 0.00395 0.00594 -0.01998 -0.00039 -0.01510 -0.02621 -0.03624 -0.04696 -0.07478 -0.07462 -0.06439 -0.06869 -0.08696 -0.07321 -0.08615 -0.09213 -0.11102 -0.11692 -0.13395 -0.13868 -0.15882 -0.16392 -0.17539 -0.17839 -0.18614 -0.17858 -0.14359 -0.14660 -0.09115 -0.11372 -0.06432 -0.04644 -0.00968 -0.01131 0.06022 0.05434 0.11958 0.12836 0.21242 0.20885 0.35171 0.32861 0.61226 0.60110 0.85391 0.91081 0.94685 0.91510 0.93871 0.95571 0.97660 0.98939 1.16239 1.16341 1.28196 1.00338 0.93284
-0.00985 -0.01203 -0.00910 -0.00854 -0.00908 -0.00985 -0.00504 -0.01010 -0.00574 -0.00236 0.00925 -0.00246 0.01114 0.00682 0.02513 0.01541 0.02986 0.02625 0.00819 0.00692 -0.01569 0.00187 -0.04418 -0.04995 -0.06592 -0.05441 -0.05708 -0.05559 -0.06966 -0.07364 -0.08121 -0.09313 -0.09326 -0.11930 -0.13533 -0.14064 -0.14005 -0.15701 -0.16536 -0.18306 -0.15362 -0.15523 -0.10353 -0.11703 -0.06833 -0.07991 -0.02239 -0.02410 0.08855 0.08354 0.28357 0.29453 0.42888 0.41914 0.46476 0.46231 0.56312 0.57918 0.68093 0.72045 0.85098 0.84547 0.84257 0.87736 0.89511 0.88212 0.77338 0.71218 0.87052 0.90636 1.00906 0.81876 1.04271
-0.01368 -0.01429 -0.01128 -0.00783 -0.00688 -0.00822 -0.00676 -0.00457 -0.00621 -0.00355 0.00246 -0.00439 0.01035 0.00840 0.02206 0.02705 0.03236 0.03192 0.01998 0.01235 -0.01735 -0.02593 -0.05891 -0.05244 -0.05327 -0.03501 -0.04917 -0.05506 -0.06458 -0.06854 -0.08685 -0.09476 -0.12488 -0.12865 -0.13768 -0.14956 -0.15561 -0.16104 -0.13272 -0.15770 -0.14499 -0.15152 -0.12421 -0.12933 -0.04776 -0.06903 -0.02894 -0.04337 0.08741 0.07254 0.30590 0.33275 0.42542 0.37721 0.46066 0.48040 0.59341 0.63791 0.78559 0.80456 0.81184 0.81083 1.00274 1.04051 0.99928 0.99471 0.93255 0.88194 0.91935 0.95567 1.19186 1.10427 1.26482
-0.01232 -0.01360 -0.01027 -0.00847 -0.00719 -0.00368 -0.00067 0.00016 0.01823 0.00724 0.01192 0.00765 0.02176 0.02042 0.04437 0.04208 0.05162 0.05347 0.03545 0.03491 0.01787 0.02769 -0.00871 -0.00448 0.00132 0.00008 -0.00356 -0.01477 -0.01586 -0.01764 -0.04114 -0.04688 -0.06675 -0.07225 -0.05795 -0.07238 -0.07896 -0.06801 -0.03640 -0.04597 -0.00947 -0.01458 0.04560 0.04875 0.13052 0.11556 0.18328 0.17122 0.27423 0.31582 0.52217 0.50176 0.65690 0.67858 0.60140 0.62139 0.55904 0.57489 0.60610 0.65712 0.71235 0.77687 0.86586 0.90379 0.83313 0.86528 0.81268 0.80233 0.99340 0.90421 1.25713 1.23758 1.61481
-0.01259 -0.01287 -0.00999 -0.01034 -0.00788 0.00175 0.00476 0.00491 0.00728 0.00535 0.01296 0.01131 0.02587 0.02199 0.04836 0.04206 0.05260 0.05021 0.03688 0.02849 0.01462 0.01751 -0.00172 -0.00637 -0.00615 -0.00123 -0.01070 -0.00744 -0.02296 -0.02198 -0.05752 -0.06338 -0.06407 -0.06744 -0.06972 -0.06395 -0.07802 -0.06804 -0.03157 -0.04857 -0.01599 -0.01934 0.02187 0.01970 0.10585 0.10309 0.21964 0.17926 0.29870 0.32600 0.59417 0.60846 0.81333 0.82882 0.64790 0.63644 0.61993 0.63004 0.64297 0.66685 0.77585 0.79444 0.93000 0.90240 0.86069 0.89332 0.87419 0.70919 0.87164 0.83897 1.31490 1.18107 1.55867
0.01596 0.01741 0.01905 0.02175 0.03193 0.03283 0.04027 0.04157 0.05795 0.05699 0.05698 0.05851 0.07962 0.08236 0.09896 0.09108 0.09816 0.08974 0.08657 0.08937 0.09467 0.10540 0.09560 0.11364 0.11206 0.12029 0.12653 0.12977 0.14924 0.13896 0.16914 0.16110 0.17136 0.17874 0.22290 0.21868 0.24538 0.23909 0.28817 0.27896 0.31767 0.34444 0.39694 0.41070 0.52294 0.48825 0.72260 0.69149 0.77480 0.80071 0.76008 0.77268 0.61720 0.61523 0.44186 0.44484 0.31489 0.36652 0.35037 0.37216 0.37344 0.39947 0.44293 0.47920 0.59292 0.56963 0.59131 0.48251 0.73286 0.84000 1.47147 1.33336 2.25350
0.01481 0.01760 0.02778 0.02049 0.03041 0.03077 0.03775 0.04025 0.06199 0.06329 0.05889 0.05460 0.07458 0.08014 0.09612 0.09697 0.11479 0.10915 0.08391 0.09290 0.10402 0.11243 0.09906 0.09895 0.09801 0.10914 0.12824 0.14524 0.15345 0.16445 0.16171 0.17237 0.15676 0.18201 0.23060 0.22416 0.23382 0.22085 0.28910 0.27869 0.34115 0.33834 0.38967 0.40155 0.55533 0.50616 0.70249 0.70569 0.83672 0.83146 0.75127 0.78400 0.66770 0.64740 0.40933 0.47618 0.34728 0.37794 0.36996 0.39713 0.35404 0.38298 0.34139 0.33138 0.42197 0.48672 0.56059 0.52584 0.81900 0.81079 1.42847 1.32823 1.95853
0.02327 0.02964 0.05442 0.03916 0.07362 0.07358 0.09935 0.10729 0.13850 0.14109 0.15211 0.14775 0.15389 0.17083 0.19095 0.20456 0.22814 0.24130 0.24132 0.24434 0.26439 0.26957 0.27401 0.27708 0.28422 0.29178 0.32239 0.32314 0.38087 0.39678 0.43793 0.44982 0.48713 0.52574 0.64762 0.61436 0.59788 0.56510 0.71043 0.71892 0.77468 0.87875 0.87702 0.93128 1.11277 1.16033 1.40926 1.43158 1.52991 1.49852 1.28077 1.26754 1.13618 1.20189 1.04848 1.11008 0.99503 1.06619 0.97716 0.94322 0.93224 0.87216 0.93680 0.80871 0.97721 1.00600 1.29038 1.29615 1.71056 1.66408 2.41075 2.44568 3.48347
0.02426 0.02304 0.04749 0.04334 0.05040 0.06688 0.10143 0.10762 0.12132 0.13654 0.15384 0.13624 0.16653 0.17066 0.18582 0.19822 0.24681 0.25133 0.25984 0.23749 0.23156 0.26244 0.23947 0.27597 0.26347 0.26994 0.29122 0.30239 0.36650 0.38665 0.43319 0.44983 0.44611 0.54646 0.62788 0.62138 0.58385 0.62520 0.72450 0.84830 0.88000 0.97759 1.07519 1.07490 1.18063 1.14785 1.36445 1.43437 -9999 -9999 1.32812 1.40249 1.33193 1.31734 1.12813 1.10664 1.04653 0.99945 0.95138 0.84941 0.76262 0.69548 0.68528 0.69830 0.87144 0.89593 1.21531 1.26336 1.62248 1.73554 2.48450 2.52247 3.69419
0.02642 0.03026 0.08043 0.09593 0.12633 0.15144 0.22087 0.20775 0.24621 0.28746 0.30906 0.31289 0.35501 0.38288 0.39134 0.41585 0.50758 0.49247 0.55867 0.56960 0.59066 0.58008 0.45108 0.50120 0.47238 0.50076 0.52629 0.54647 0.60280 0.66500 0.86019 0.82769 0.84698 0.94063 1.01580 1.16624 1.26883 -9999 -9999 -9999 -9999 1.72056 -9999 1.57784 1.47436 1.58312 1.81330 1.98962 -9999 -9999 2.31576 2.27344 2.41177 2.49576 2.63605 2.63403 2.82881 2.72599 2.67587 2.58697 2.64896 2.59144 2.80321 2.44825 2.53158 2.67441 3.25858 3.47552 4.17220 4.31514 -9999 -9999 -9999
0.02308 0.03020 0.10413 0.10584 0.17524 0.16224 0.28073 0.26943 0.35572 0.35198 0.35069 0.36397 0.37819 0.43032 0.44348 0.44137 0.48726 0.50294 0.55728 0.60949 0.61624 0.60437 0.48355 0.52153 0.50560 0.48684 0.52153 0.58095 0.66579 0.67468 0.76307 0.83060 0.84994 1.05202 1.16354 -9999 -9999 -9999 -9999 -9999 -9999 -9999 1.66992 1.59409 1.70605 -9999 -9999 -9999 -9999 -9999 2.36654 2.36088 2.29615 2.40737 2.49251 2.49964 2.75308 2.63604 2.92225 2.89703 2.98301 2.83433 3.11888 3.26132 3.19936 2.92172 3.52240 3.84163 -9999 -9999 -9999 -9999 -9999
