data/hydroclimate-scenarios/1948-2000.Pcorr55N_Pref_Tref/monthly_summaries/et_monthly_tot_jan.asc
ncols	311
nrows	91
xllcenter	102.75
yllcenter	31.75
cellsize	0.5
NODATA_value	-9999
[rows 0 to 31 of 91, columns 73 to 145 of 311]
-9999 -9999 -9999 -9999 -9999 -9999 -9999 -9999 -9999 -9999 -9999 -9999 -9999 -9999 -9999 -9999 -9999 -9999 -9999 -9999 -9999 -9999 -9999 -9999 -9999 -9999 -9999 -9999 -9999 -9999 -9999 -9999 -9999 -9999 -9999 -9999 -9999 -9999 -9999 -9999 -9999 -9999 -9999 -9999 -9999 -9999 -9999 -9999 -9999 -9999 -9999 -9999 -9999 -9999 -9999 -9999 -9999 -9999 -9999 -9999 -9999 -9999 -9999 -9999 -9999 -9999 -9999 -9999 -9999 -9999 -9999 -9999 -9999
-9999 -9999 -9999 -9999 -9999 -9999 -9999 -9999 -9999 -9999 -9999 -9999 -9999 -9999 -9999 -9999 -9999 -9999 -9999 -9999 -9999 -9999 -9999 -9999 -9999 -9999 -9999 -9999 -9999 -9999 -9999 -9999 -9999 -9999 -9999 -9999 -9999 -9999 -9999 -9999 -9999 -9999 -9999 -9999 -9999 -9999 -9999 -9999 -9999 -9999 -9999 -9999 -9999 -9999 -9999 -9999 -9999 -9999 -9999 -9999 -9999 -9999 -9999 -9999 -9999 -9999 -9999 -9999 -9999 -9999 -9999 -9999 -9999
-9999 -9999 -9999 -9999 -9999 -9999 -9999 -9999 -9999 -9999 -9999 -9999 -9999 -9999 -9999 -9999 -9999 -9999 -9999 -9999 -9999 -9999 -9999 -9999 -9999 -9999 -9999 -9999 -9999 -9999 -9999 -9999 -9999 -9999 -9999 -9999 -9999 -9999 -9999 -9999 -9999 -9999 -9999 -9999 -9999 -9999 -9999 -9999 -9999 -9999 -9999 -9999 -9999 -9999 -9999 -9999 -9999 -9999 -9999 -9999 -9999 -9999 -9999 -9999 -9999 -9999 -9999 -9999 -9999 -9999 -9999 -9999 -9999
-9999 -9999 -9999 -9999 -9999 -9999 -9999 -9999 -9999 -9999 -9999 -9999 -9999 -9999 -9999 -9999 -9999 -9999 -9999 -9999 -9999 -9999 -9999 -9999 -9999 -9999 -9999 -9999 -9999 -9999 -9999 -9999 -9999 -9999 -9999 -9999 -9999 -9999 -9999 -9999 -9999 -9999 -9999 -9999 -9999 -9999 -9999 -9999 -9999 -9999 -9999 -9999 -9999 -9999 -9999 -9999 -9999 -9999 -9999 -9999 -9999 -9999 -9999 -9999 -9999 -9999 -9999 -9999 -9999 -9999 -9999 -9999 -9999
-9999 -9999 -9999 -9999 -9999 -9999 -9999 -9999 -9999 -9999 -9999 -9999 -9999 -9999 -9999 -9999 -9999 -9999 -9999 -9999 -9999 -9999 -9999 -9999 -9999 -9999 -9999 -9999 -9999 -9999 -9999 -9999 -9999 -9999 -9999 -9999 -9999 -9999 -9999 -9999 -9999 -9999 -9999 -9999 -9999 -9999 -9999 -9999 -9999 -9999 -9999 -9999 -9999 -9999 -9999 -9999 -9999 -9999 -9999 -9999 -9999 -9999 -9999 -9999 -9999 -9999 -9999 -9999 -9999 -9999 -9999 -9999 -9999
-9999 -9999 -9999 -9999 -9999 -9999 -9999 -9999 -9999 -9999 -9999 -9999 -9999 -9999 -9999 -9999 -9999 -9999 -9999 -9999 -9999 -9999 -9999 -9999 -9999 -9999 -9999 -9999 -9999 -9999 -9999 -9999 -9999 -9999 -9999 -9999 -9999 -9999 -9999 -9999 -9999 -9999 -9999 -9999 -9999 -9999 -9999 -9999 -9999 -9999 -9999 -9999 -9999 -9999 -9999 -9999 -9999 -9999 -9999 -9999 -9999 -9999 -9999 -9999 -9999 -9999 -9999 -9999 -9999 -9999 -9999 -9999 -9999
-9999 -9999 -9999 -9999 -9999 -9999 -9999 -9999 -9999 -9999 -9999 -9999 -9999 -9999 -9999 -9999 -9999 -9999 -9999 -9999 -9999 -9999 -9999 -9999 -9999 -9999 -9999 -9999 -9999 -9999 -9999 -9999 -9999 -9999 -9999 -9999 -9999 -9999 -9999 -9999 -9999 -9999 -9999 -9999 -9999 -9999 -9999 -9999 -9999 -9999 -9999 -9999 -9999 -9999 -9999 -9999 -9999 -9999 -9999 -9999 -9999 -9999 -9999 -9999 -9999 -9999 -9999 -9999 -9999 -9999 -9999 -9999 -9999
-9999 -9999 -9999 -9999 -9999 -9999 -9999 -9999 -9999 -9999 -9999 -9999 -9999 -9999 -9999 -9999 -9999 -9999 -9999 -9999 -9999 -9999 -9999 -9999 -9999 -9999 -9999 -9999 -9999 -9999 -9999 -9999 -9999 -9999 -9999 -9999 -9999 -9999 -9999 -9999 -9999 -9999 -9999 -9999 -9999 -9999 -9999 -9999 -9999 -9999 -9999 -9999 -9999 -9999 -9999 -9999 -9999 -9999 -9999 -9999 -9999 -9999 -9999 -9999 -9999 -9999 -9999 -9999 -9999 -9999 -9999 -9999 -9999
-9999 -9999 -9999 -9999 0.08888 -9999 -9999 -9999 -9999 -9999 -9999 -9999 -9999 -9999 -9999 -9999 -9999 -9999 -9999 -9999 -9999 -9999 -9999 -9999 -9999 -9999 -9999 -9999 -9999 -9999 -9999 -9999 -9999 -9999 -9999 -9999 -9999 -9999 -9999 -9999 -9999 -9999 -9999 -9999 -9999 -9999 -9999 -9999 -9999 -9999 -9999 -9999 -9999 -9999 -9999 -9999 -9999 -9999 -9999 -9999 -9999 -9999 -9999 -9999 -9999 -9999 -9999 -9999 -9999 -9999 -9999 -9999 -9999
0.07092 0.07952 0.09194 0.09331 0.09180 0.09234 0.08750 0.08779 0.09669 0.10068 0.14000 0.14172 0.17331 0.17580 0.19473 0.20284 0.23987 0.24748 0.27420 0.27677 -9999 -9999 -9999 -9999 -9999 -9999 -9999 -9999 -9999 -9999 -9999 -9999 -9999 -9999 -9999 -9999 -9999 -9999 -9999 -9999 -9999 -9999 -9999 -9999 -9999 -9999 -9999 -9999 -9999 -9999 -9999 -9999 -9999 -9999 -9999 -9999 -9999 -9999 -9999 -9999 -9999 -9999 -9999 -9999 -9999 -9999 -9999 -9999 -9999 -9999 -9999 -9999 -9999
-9999 -9999 0.04331 0.04197 0.03134 0.02988 0.02513 0.02401 0.02336 0.02049 0.02722 0.02481 0.03884 0.03649 0.05804 0.05515 0.06534 0.06047 0.08962 0.09568 -9999 -9999 -9999 -9999 -9999 -9999 -9999 -9999 -9999 -9999 -9999 -9999 -9999 -9999 -9999 -9999 -9999 -9999 -9999 -9999 -9999 -9999 -9999 -9999 -9999 -9999 -9999 -9999 -9999 -9999 -9999 -9999 -9999 -9999 -9999 -9999 -9999 -9999 -9999 -9999 -9999 -9999 -9999 -9999 -9999 -9999 -9999 -9999 -9999 -9999 -9999 -9999 -9999
0.05097 0.05093 0.04338 0.04392 0.03223 0.03108 0.02757 0.02615 0.02541 0.02433 0.02849 0.02450 0.03821 0.03596 0.06019 0.05328 0.06055 0.05997 0.08528 0.08789 0.10202 0.10258 0.11902 0.11525 0.15155 0.14894 -9999 -9999 -9999 -9999 -9999 -9999 -9999 -9999 -9999 -9999 -9999 -9999 -9999 -9999 -9999 -9999 -9999 -9999 -9999 -9999 -9999 -9999 -9999 -9999 -9999 -9999 -9999 -9999 -9999 -9999 -9999 -9999 -9999 -9999 -9999 -9999 -9999 -9999 -9999 -9999 -9999 -9999 -9999 -9999 -9999 -9999 -9999
0.02928 0.03059 0.01557 0.01338 0.00762 0.00476 0.00678 0.00326 -0.00331 -0.00647 -0.02625 -0.03197 -0.03153 -0.04028 -0.03422 -0.04257 -0.04282 -0.05481 -0.03363 -0.02328 -0.01296 -0.00745 0.01073 0.01635 0.04805 0.05085 0.12220 0.12504 0.15985 0.16214 0.18117 0.18837 0.21125 0.21674 0.25679 0.26409 0.27756 0.28304 0.29449 0.30025 0.31758 -9999 -9999 -9999 -9999 -9999 -9999 -9999 -9999 -9999 -9999 -9999 -9999 -9999 -9999 -9999 -9999 -9999 -9999 -9999 -9999 -9999 -9999 -9999 -9999 -9999 -9999 -9999 -9999 -9999 -9999 -9999 -9999
0.02875 0.02916 0.01729 0.01669 0.00981 0.00772 0.00705 0.00420 -0.00548 -0.01017 -0.02610 -0.03546 -0.03263 -0.04230 -0.03530 -0.04354 -0.03892 -0.04968 -0.03245 -0.02342 -0.01034 -0.00676 0.00894 0.01098 0.04137 0.04319 0.11834 0.11878 0.15425 0.15729 0.18433 0.19690 0.20784 0.21530 0.25046 0.25889 0.27810 0.29014 0.29290 0.29498 0.31343 0.32803 -9999 -9999 -9999 -9999 -9999 -9999 -9999 -9999 -9999 -9999 -9999 -9999 -9999 -9999 -9999 -9999 -9999 -9999 -9999 -9999 -9999 -9999 -9999 -9999 -9999 -9999 -9999 -9999 -9999 -9999 -9999
0.00835 0.00943 0.00218 0.00171 -0.00260 -0.00445 -0.01590 -0.02082 -0.02847 -0.03353 -0.04438 -0.05298 -0.06260 -0.07300 -0.07897 -0.08787 -0.09287 -0.10601 -0.10195 -0.10131 -0.08686 -0.08706 -0.07321 -0.06109 -0.04796 -0.04608 -0.02303 -0.01558 -0.00691 -0.00317 0.00850 0.00974 0.01346 0.01436 0.03457 0.03759 0.02794 0.03033 0.05134 0.05174 0.07008 0.06632 -9999 -9999 -9999 -9999 -9999 -9999 -9999 -9999 -9999 -9999 -9999 -9999 -9999 -9999 -9999 0.39923 0.51418 -9999 -9999 -9999 -9999 0.65375 0.62331 0.54283 0.61512 0.66992 0.72342 0.69995 0.86318 0.82248 0.87974
0.01026 0.01271 0.00676 0.00597 0.00200 -0.00001 -0.01050 -0.01218 -0.02643 -0.03488 -0.04319 -0.05203 -0.05516 -0.06853 -0.07188 -0.08316 -0.07032 -0.08333 -0.09629 -0.09816 -0.08264 -0.07278 -0.04927 -0.06316 -0.04623 -0.04950 -0.02420 -0.02435 -0.00964 -0.00682 0.00648 0.00686 0.01587 0.02415 0.04329 0.03406 0.02527 0.03505 0.05867 0.04992 0.06488 0.06829 0.13854 0.13955 0.17005 0.15537 0.13456 0.13634 0.14656 0.14504 0.16782 0.19045 0.20084 0.18935 0.33658 0.32808 0.39242 0.39512 0.51110 -9999 -9999 -9999 -9999 -9999 0.70380 0.67919 0.66677 0.62248 0.70725 0.69008 0.80246 0.79860 0.87188
0.00319 0.00409 0.00213 -0.00178 -0.00403 -0.00661 -0.01773 -0.02397 -0.02961 -0.03399 -0.04360 -0.04866 -0.03888 -0.04757 -0.05655 -0.04853 -0.06089 -0.08992 -0.08966 -0.09376 -0.07517 -0.07189 -0.05776 -0.06067 -0.06055 -0.06313 -0.05946 -0.03896 -0.03982 -0.03803 -0.02580 -0.04428 -0.02170 0.00591 -0.01505 -0.00815 -0.04644 -0.03238 -0.00706 -0.01398 0.01254 -0.00639 0.03565 0.03483 0.09164 0.07906 0.02097 0.01044 0.03895 0.05810 0.08036 0.05898 0.07988 0.06100 0.21168 0.22550 0.35819 0.35585 0.53039 0.52291 0.66523 0.63763 0.69956 0.68931 0.74069 0.70153 0.68466 0.64826 0.65810 0.63908 0.76080 0.69408 0.70363
0.00817 0.00592 0.00279 0.00343 0.00175 -0.00219 -0.01901 -0.02305 -0.02623 -0.03198 -0.04082 -0.04445 -0.02940 -0.01555 -0.04218 -0.05463 -0.03676 -0.05096 -0.06743 -0.08811 -0.07904 -0.08419 -0.04996 -0.06330 -0.05318 -0.06276 -0.03123 -0.00987 -0.00001 0.00959 0.00592 -0.03053 -0.02158 0.00094 -0.01802 -0.02198 -0.03294 -0.01009 -0.00458 -0.04028 -0.03126 0.02664 0.08654 0.05892 0.06752 0.04363 0.03365 0.01220 0.06089 0.03705 0.08731 0.05034 0.07955 0.06965 0.18999 0.19468 0.30445 0.31488 0.53898 0.47438 0.61246 0.63109 0.68426 0.67968 0.73825 0.72269 0.72249 0.62628 0.59829 0.57408 0.71632 0.71265 0.68952
0.00441 0.00338 0.00661 0.00650 0.00399 0.00262 -0.00454 -0.00699 -0.00546 -0.00912 -0.01013 -0.00695 0.01307 0.01671 0.00072 -0.01078 -0.00458 0.00100 -0.04151 -0.05966 -0.06422 -0.06959 -0.07201 -0.06125 -0.06090 -0.04368 -0.06229 -0.06577 -0.07151 -0.06849 -0.08130 -0.07290 -0.06650 -0.06306 -0.09756 -0.12815 -0.12646 -0.12478 -0.14186 -0.15361 -0.13512 -0.12212 -0.05795 -0.07471 -0.03890 -0.06054 -0.03537 -0.04579 -0.02404 -0.04600 -0.01278 -0.02391 0.02763 0.03675 0.17714 0.15880 0.31938 0.30960 0.45620 0.45736 0.63217 0.64026 0.69199 0.73034 0.81398 0.82593 0.80894 0.77431 0.85106 0.83767 0.91372 0.82841 0.73806
0.00624 0.00584 0.00777 0.00525 0.01271 0.01541 0.00809 0.00402 0.00388 -0.00470 -0.00331 -0.00583 -0.00105 -0.01133 -0.01977 -0.00737 0.00274 -0.01139 -0.03146 -0.05617 -0.05484 -0.06388 -0.06511 -0.06303 -0.04599 -0.06125 -0.02538 -0.04756 -0.07203 -0.04520 -0.07917 -0.10707 -0.11171 -0.10738 -0.13111 -0.13692 -0.15020 -0.15080 -0.14598 -0.16386 -0.14827 -0.14914 -0.10477 -0.10775 -0.06334 -0.01123 0.00272 -0.01585 0.00404 -0.02328 -0.01308 -0.02227 0.03559 0.03025 0.14293 0.15607 0.31013 0.34202 0.52926 0.52852 0.73339 0.63781 0.66855 0.65514 0.74068 0.79784 0.80204 0.80106 0.91130 0.94655 1.05454 0.91724 0.81093
-0.00378 -0.00327 -0.00271 -0.00292 -0.00137 -0.00220 -0.00420 0.00133 0.00121 0.00013 0.00291 -0.00088 0.00246 0.00367 0.00678 -0.00248 0.00975 0.00823 0.00397 0.00132 -0.01713 -0.04787 -0.06494 -0.05020 -0.05540 -0.06854 -0.05847 -0.05224 -0.07169 -0.08646 -0.10307 -0.10834 -0.12864 -0.12596 -0.13567 -0.13778 -0.16013 -0.16989 -0.16685 -0.17469 -0.17328 -0.17932 -0.12137 -0.11130 -0.04257 -0.05889 -0.01151 -0.00840 0.01559 -0.00972 0.07005 0.06704 0.12748 0.13401 0.20989 0.21521 0.34319 0.33219 0.59513 0.61642 0.82420 0.83076 0.87416 0.85735 0.94596 0.91681 0.89216 0.89410 1.02677 1.05855 1.24008 1.09938 0.90241
0.00486 0.00209 -0.00163 0.00102 0.00183 0.00445 0.00531 0.00692 0.01550 0.00989 0.01884 0.01191 0.00632 0.00577 0.01274 0.00901 0.00506 0.00710 -0.01884 0.00067 -0.01389 -0.02479 -0.03492 -0.04550 -0.07321 -0.07306 -0.06217 -0.06640 -0.08427 -0.07082 -0.08363 -0.08946 -0.10805 -0.11381 -0.13140 -0.13608 -0.15560 -0.16060 -0.16896 -0.17182 -0.17760 -0.16993 -0.13600 -0.13876 -0.08493 -0.10710 -0.05819 -0.03993 -0.00604 -0.00768 0.06369 0.05805 0.12214 0.13132 0.21592 0.21331 0.35551 0.33204 0.61740 0.60649 0.86569 0.92264 0.96283 0.93068 0.95588 0.97238 0.99488 1.00716 1.17955 1.18023 1.29470 1.01214 0.93314
-0.00981 -0.01196 -0.00901 -0.00844 -0.00890 -0.00964 -0.00457 -0.00954 -0.00519 -0.00187 0.00962 -0.00190 0.01189 0.00766 0.02615 0.01651 0.03087 0.02745 0.00921 0.00803 -0.01468 0.00278 -0.04310 -0.04881 -0.06477 -0.05335 -0.05561 -0.05407 -0.06812 -0.07208 -0.07850 -0.09011 -0.08992 -0.11524 -0.13170 -0.13691 -0.13539 -0.15185 -0.15937 -0.17662 -0.14785 -0.14942 -0.09914 -0.11247 -0.06578 -0.07731 -0.01879 -0.02040 0.09280 0.08828 0.28580 0.29687 0.43066 0.42129 0.46895 0.46676 0.57111 0.58744 0.69229 0.73200 0.86341 0.85771 0.85756 0.89224 0.91517 0.90188 0.79062 0.72526 0.88138 0.91769 1.01750 0.82553 1.04303
-0.01358 -0.01417 -0.01113 -0.00772 -0.00671 -0.00802 -0.00634 -0.00412 -0.00567 -0.00309 0.00285 -0.00385 0.01091 0.00900 0.02291 0.02832 0.03355 0.03295 0.02088 0.01338 -0.01643 -0.02472 -0.05773 -0.05130 -0.05219 -0.03406 -0.04774 -0.05356 -0.06308 -0.06698 -0.08392 -0.09158 -0.12084 -0.12448 -0.13400 -0.14569 -0.15064 -0.15589 -0.12728 -0.15172 -0.13923 -0.14558 -0.11902 -0.12359 -0.04515 -0.06611 -0.02501 -0.03934 0.09201 0.07777 0.30891 0.33619 0.42764 0.38009 0.46512 0.48557 0.60216 0.64664 0.79737 0.81557 0.82434 0.82269 1.01831 1.05233 1.01322 1.01185 0.95249 0.89825 0.93123 0.96679 1.19971 1.11056 1.26454
-0.01234 -0.01360 -0.01017 -0.00837 -0.00701 -0.00351 -0.00035 0.00047 0.01838 0.00759 0.01244 0.00834 0.02254 0.02127 0.04523 0.04323 0.05298 0.05507 0.03664 0.03610 0.01874 0.02859 -0.00753 -0.00323 0.00253 0.00122 -0.00207 -0.01312 -0.01393 -0.01553 -0.03778 -0.04338 -0.06179 -0.06684 -0.05277 -0.06700 -0.07290 -0.06182 -0.03188 -0.04128 -0.00587 -0.01085 0.04767 0.05080 0.13030 0.11561 0.18607 0.17398 0.27924 0.32196 0.52390 0.50306 0.65788 0.68004 0.60286 0.62286 0.56027 0.57689 0.61672 0.66793 0.72315 0.78825 0.87809 0.91271 0.84139 0.87490 0.82578 0.81566 1.00486 0.91251 1.26429 1.24343 1.61787
-0.01259 -0.01285 -0.00986 -0.01019 -0.00764 0.00190 0.00505 0.00521 0.00763 0.00569 0.01345 0.01201 0.02678 0.02301 0.04949 0.04336 0.05375 0.05174 0.03812 0.03012 0.01573 0.01857 -0.00069 -0.00527 -0.00500 -0.00009 -0.00928 -0.00602 -0.02102 -0.01992 -0.05393 -0.05957 -0.05876 -0.06227 -0.06475 -0.05898 -0.07204 -0.06235 -0.02751 -0.04409 -0.01209 -0.01552 0.02325 0.02162 0.10576 0.10317 0.22328 0.18287 0.30457 0.33343 0.59725 0.61231 0.81577 0.83203 0.64898 0.63780 0.62224 0.63233 0.65413 0.67781 0.78777 0.80612 0.94282 0.91413 0.86947 0.90254 0.88806 0.72100 0.88162 0.84849 1.32114 1.18665 1.56233
0.01566 0.01709 0.01895 0.02163 0.03192 0.03280 0.04025 0.04147 0.05778 0.05688 0.05722 0.05895 0.08037 0.08337 0.10015 0.09246 0.09903 0.09095 0.08779 0.09070 0.09593 0.10678 0.09702 0.11480 0.11323 0.12151 0.12802 0.13125 0.15155 0.14182 0.17322 0.16514 0.17655 0.18511 0.23005 0.22604 0.25278 0.24745 0.29501 0.28602 0.32039 0.34752 0.39372 0.40711 0.51934 0.48519 0.72331 0.69264 0.77936 0.80615 0.76533 0.77837 0.61756 0.61567 0.42846 0.43028 0.30278 0.35370 0.35411 0.37604 0.38175 0.40846 0.44898 0.48470 0.59515 0.57092 0.59343 0.48408 0.73496 0.84078 1.47623 1.33558 2.25955
0.01452 0.01728 0.02762 0.02041 0.03047 0.03082 0.03780 0.04026 0.06196 0.06334 0.05948 0.05520 0.07543 0.08123 0.09751 0.09893 0.11646 0.11117 0.08528 0.09468 0.10568 0.11411 0.10080 0.10038 0.09921 0.11039 0.12969 0.14675 0.15538 0.16684 0.16578 0.17675 0.16239 0.18882 0.23846 0.23233 0.24134 0.22929 0.29719 0.28703 0.34481 0.34210 0.38658 0.39838 0.55177 0.50288 0.70321 0.70680 0.84174 0.83696 0.75651 0.78983 0.66734 0.64732 0.39348 0.45931 0.33288 0.36406 0.37346 0.40130 0.36329 0.39162 0.34649 0.33541 0.42223 0.48627 0.56204 0.52668 0.82033 0.81134 1.43167 1.33178 1.96427
0.02317 0.02945 0.05424 0.03908 0.07356 0.07353 0.09888 0.10675 0.13779 0.14038 0.15238 0.14823 0.15471 0.17211 0.19255 0.20662 0.22981 0.24339 0.24335 0.24635 0.26571 0.27128 0.27553 0.27843 0.28509 0.29251 0.32355 0.32427 0.38205 0.39856 0.44084 0.45350 0.49219 0.53150 0.65308 0.62048 0.60443 0.57272 0.71791 0.72763 0.77864 0.88286 0.87579 0.92990 1.10688 1.15443 1.40387 1.42609 1.52724 1.49683 1.28174 1.26890 1.13013 1.19552 1.02791 1.08844 0.97787 1.04852 0.98128 0.94691 0.93776 0.87716 0.94552 0.81632 0.98014 1.00812 1.29202 1.29789 1.71381 1.66713 2.41924 2.45310 3.49518
0.02420 0.02300 0.04753 0.04339 0.05067 0.06711 0.10113 0.10733 0.12093 0.13605 0.15434 0.13690 0.16773 0.17246 0.18765 0.20054 0.24914 0.25414 0.26243 0.24023 0.23337 0.26471 0.24195 0.27802 0.26496 0.27116 0.29284 0.30383 0.36900 0.38973 0.43696 0.45450 0.45227 0.55348 0.63430 0.62908 0.59214 0.63440 0.73388 0.85873 0.88461 0.98288 1.07348 1.07310 1.17397 1.14182 1.35969 1.42937 -9999 -9999 1.32885 1.40346 1.32389 1.30962 1.10533 1.08436 1.02740 0.98122 0.95427 0.85178 0.76678 0.69937 0.69217 0.70430 0.87385 0.89785 1.21732 1.26470 1.62589 1.73825 2.49249 2.52933 3.70616
0.02668 0.03047 0.08065 0.09603 0.12673 0.15166 0.22047 0.20736 0.24597 0.28701 0.30920 0.31311 0.35560 0.38404 0.39250 0.41779 0.50881 0.49389 0.55946 0.57107 0.59102 0.58032 0.45169 0.50144 0.47222 0.50024 0.52680 0.54707 0.60446 0.66783 0.86282 0.83146 0.85229 0.94667 1.02290 1.17637 1.28076 -9999 -9999 -9999 -9999 1.73085 -9999 1.58348 1.47407 1.58348 1.80991 1.98562 -9999 -9999 2.30475 2.26283 2.39623 2.48120 2.61584 2.61361 2.80682 2.70436 2.65902 2.57080 2.63867 2.58107 2.79497 2.44084 2.52823 2.66954 3.25211 3.46730 4.17023 4.31113 -9999 -9999 -9999
0.02354 0.03059 0.10471 0.10662 0.17645 0.16330 0.28139 0.27017 0.35647 0.35274 0.35226 0.36526 0.38036 0.43327 0.44584 0.44415 0.48908 0.50544 0.55869 0.61165 0.61716 0.60593 0.48510 0.52273 0.50616 0.48700 0.52334 0.58287 0.66862 0.67821 0.76709 0.83553 0.85567 1.05997 1.17322 -9999 -9999 -9999 -9999 -9999 -9999 -9999 1.67558 1.60017 1.70557 -9999 -9999 -9999 -9999 -9999 2.35518 2.35031 2.28116 2.39318 2.47359 2.47961 2.72994 2.61295 2.90318 2.87742 2.97024 2.82139 3.10954 3.25083 3.19465 2.91609 3.51504 3.83272 -9999 -9999 -9999 -9999 -9999
