data/hydroclimate-scenarios/1948-2000.Pcorr55N_Pref_Tref/monthly_summaries/et_monthly_tot_jun.asc
ncols	311
nrows	91
xllcenter	102.75
yllcenter	31.75
cellsize	0.5
NODATA_value	-9999
[rows 0 to 31 of 91, columns 213 to 283 of 311]
-9999 -9999 -9999 -9999 -9999 -9999 -9999 -9999 -9999 -9999 -9999 -9999 -9999 -9999 -9999 -9999 -9999 -9999 -9999 -9999 -9999 -9999 -9999 -9999 -9999 -9999 -9999 -9999 -9999 -9999 -9999 -9999 -9999 -9999 -9999 -9999 -9999 -9999 -9999 -9999 -9999 -9999 -9999 -9999 -9999 -9999 -9999 -9999 -9999 -9999 -9999 -9999 -9999 -9999 -9999 -9999 -9999 -9999 -9999 -9999 -9999 -9999 -9999 -9999 -9999 -9999 -9999 -9999 -9999 -9999 -9999
-9999 -9999 -9999 -9999 -9999 -9999 -9999 -9999 -9999 -9999 -9999 -9999 -9999 -9999 -9999 -9999 -9999 -9999 -9999 -9999 -9999 -9999 -9999 -9999 -9999 -9999 -9999 -9999 -9999 -9999 -9999 -9999 -9999 -9999 -9999 -9999 -9999 -9999 -9999 -9999 -9999 -9999 -9999 -9999 -9999 -9999 -9999 -9999 -9999 -9999 -9999 -9999 -9999 -9999 -9999 -9999 -9999 -9999 -9999 -9999 -9999 -9999 -9999 -9999 -9999 -9999 -9999 -9999 -9999 -9999 -9999
-9999 -9999 -9999 -9999 -9999 -9999 -9999 -9999 -9999 -9999 -9999 -9999 -9999 -9999 -9999 -9999 -9999 -9999 -9999 -9999 -9999 -9999 -9999 -9999 -9999 -9999 -9999 -9999 -9999 -9999 -9999 -9999 -9999 -9999 -9999 -9999 -9999 -9999 -9999 -9999 -9999 -9999 -9999 -9999 -9999 -9999 -9999 -9999 -9999 -9999 -9999 -9999 -9999 -9999 -9999 -9999 -9999 -9999 -9999 -9999 -9999 -9999 -9999 -9999 -9999 -9999 -9999 -9999 -9999 -9999 -9999
-9999 -9999 -9999 -9999 -9999 -9999 -9999 -9999 -9999 -9999 -9999 -9999 -9999 -9999 -9999 -9999 -9999 -9999 -9999 -9999 -9999 -9999 -9999 -9999 -9999 -9999 -9999 -9999 -9999 -9999 -9999 -9999 -9999 -9999 -9999 -9999 -9999 -9999 -9999 -9999 -9999 -9999 -9999 -9999 -9999 -9999 -9999 -9999 -9999 -9999 -9999 -9999 -9999 -9999 -9999 -9999 -9999 -9999 -9999 -9999 -9999 -9999 -9999 -9999 -9999 -9999 -9999 -9999 -9999 -9999 -9999
-9999 -9999 -9999 -9999 -9999 -9999 -9999 -9999 -9999 -9999 -9999 -9999 -9999 -9999 -9999 -9999 -9999 -9999 -9999 -9999 -9999 -9999 -9999 -9999 -9999 -9999 -9999 -9999 -9999 -9999 -9999 -9999 -9999 -9999 -9999 -9999 -9999 -9999 -9999 -9999 -9999 -9999 -9999 -9999 -9999 -9999 -9999 -9999 -9999 -9999 -9999 -9999 -9999 -9999 -9999 -9999 -9999 -9999 -9999 -9999 -9999 -9999 -9999 -9999 -9999 -9999 -9999 -9999 -9999 -9999 -9999
-9999 -9999 -9999 -9999 -9999 -9999 -9999 -9999 -9999 -9999 -9999 -9999 -9999 -9999 -9999 -9999 -9999 -9999 -9999 -9999 -9999 -9999 -9999 -9999 -9999 -9999 -9999 -9999 -9999 -9999 -9999 -9999 -9999 -9999 -9999 -9999 -9999 -9999 -9999 -9999 -9999 -9999 -9999 -9999 -9999 -9999 -9999 -9999 -9999 -9999 -9999 -9999 -9999 -9999 -9999 -9999 -9999 -9999 -9999 -9999 -9999 -9999 -9999 -9999 -9999 -9999 -9999 -9999 -9999 -9999 -9999
-9999 -9999 -9999 -9999 -9999 -9999 -9999 -9999 -9999 -9999 -9999 -9999 -9999 -9999 -9999 -9999 -9999 -9999 -9999 -9999 -9999 -9999 -9999 -9999 -9999 -9999 -9999 -9999 -9999 -9999 -9999 -9999 -9999 -9999 -9999 -9999 -9999 -9999 -9999 -9999 -9999 -9999 -9999 -9999 -9999 -9999 -9999 -9999 -9999 -9999 -9999 -9999 -9999 -9999 -9999 -9999 -9999 -9999 -9999 -9999 -9999 -9999 -9999 -9999 -9999 -9999 -9999 -9999 -9999 -9999 -9999
-9999 -9999 -9999 -9999 -9999 -9999 -9999 -9999 -9999 -9999 -9999 -9999 -9999 -9999 -9999 -9999 -9999 -9999 -9999 -9999 -9999 -9999 -9999 -9999 -9999 -9999 -9999 -9999 -9999 -9999 -9999 -9999 -9999 -9999 -9999 -9999 -9999 -9999 -9999 -9999 -9999 -9999 -9999 -9999 -9999 -9999 -9999 -9999 -9999 -9999 -9999 -9999 -9999 -9999 -9999 -9999 -9999 -9999 -9999 -9999 -9999 -9999 -9999 -9999 -9999 -9999 -9999 -9999 -9999 -9999 -9999
-9999 -9999 -9999 -9999 -9999 -9999 -9999 -9999 -9999 -9999 -9999 -9999 -9999 -9999 -9999 -9999 -9999 -9999 -9999 -9999 -9999 -9999 -9999 -9999 -9999 -9999 -9999 -9999 -9999 -9999 -9999 -9999 -9999 -9999 -9999 -9999 -9999 -9999 -9999 -9999 -9999 -9999 -9999 -9999 -9999 -9999 -9999 -9999 -9999 -9999 -9999 -9999 -9999 -9999 -9999 -9999 -9999 -9999 -9999 -9999 -9999 -9999 -9999 -9999 -9999 -9999 -9999 -9999 -9999 -9999 -9999
-9999 -9999 -9999 -9999 -9999 -9999 -9999 -9999 -9999 -9999 -9999 -9999 -9999 -9999 -9999 -9999 -9999 -9999 -9999 -9999 -9999 -9999 -9999 -9999 -9999 -9999 -9999 -9999 -9999 -9999 -9999 -9999 -9999 -9999 -9999 -9999 -9999 -9999 -9999 -9999 -9999 -9999 -9999 -9999 -9999 -9999 -9999 -9999 -9999 -9999 -9999 -9999 -9999 -9999 -9999 -9999 -9999 -9999 -9999 -9999 -9999 -9999 -9999 -9999 -9999 -9999 -9999 -9999 -9999 -9999 -9999
-9999 -9999 -9999 -9999 -9999 -9999 -9999 -9999 -9999 -9999 -9999 -9999 -9999 -9999 -9999 -9999 -9999 -9999 -9999 -9999 -9999 -9999 -9999 -9999 -9999 -9999 -9999 -9999 -9999 -9999 -9999 -9999 -9999 -9999 -9999 -9999 -9999 -9999 -9999 -9999 -9999 -9999 -9999 -9999 -9999 -9999 -9999 -9999 -9999 -9999 -9999 -9999 -9999 -9999 -9999 -9999 -9999 -9999 -9999 -9999 -9999 -9999 -9999 -9999 -9999 -9999 -9999 -9999 -9999 -9999 -9999
-9999 -9999 -9999 -9999 -9999 -9999 -9999 -9999 -9999 -9999 -9999 -9999 -9999 -9999 -9999 -9999 -9999 -9999 -9999 -9999 -9999 -9999 -9999 -9999 -9999 -9999 -9999 -9999 -9999 -9999 -9999 -9999 -9999 -9999 -9999 -9999 -9999 -9999 -9999 -9999 -9999 -9999 -9999 -9999 -9999 -9999 -9999 -9999 -9999 -9999 -9999 -9999 -9999 -9999 -9999 -9999 -9999 -9999 -9999 -9999 -9999 -9999 -9999 -9999 -9999 -9999 -9999 -9999 -9999 -9999 -9999
-9999 -9999 -9999 -9999 -9999 -9999 -9999 -9999 -9999 -9999 -9999 -9999 -9999 -9999 -9999 -9999 -9999 -9999 -9999 -9999 -9999 -9999 -9999 -9999 -9999 -9999 -9999 -9999 -9999 -9999 -9999 -9999 -9999 -9999 -9999 -9999 -9999 -9999 -9999 -9999 -9999 -9999 -9999 -9999 -9999 -9999 -9999 -9999 -9999 -9999 -9999 -9999 -9999 -9999 -9999 -9999 -9999 -9999 -9999 -9999 -9999 -9999 -9999 -9999 -9999 -9999 -9999 -9999 -9999 -9999 -9999
51.53980 53.75750 55.38330 52.83110 49.25500 47.96680 -9999 -9999 -9999 -9999 -9999 -9999 -9999 -9999 -9999 -9999 -9999 -9999 -9999 -9999 -9999 -9999 -9999 -9999 -9999 -9999 -9999 -9999 -9999 -9999 -9999 -9999 -9999 -9999 -9999 -9999 -9999 -9999 -9999 -9999 -9999 -9999 -9999 -9999 -9999 -9999 -9999 40.86020 -9999 -9999 -9999 -9999 -9999 -9999 -9999 -9999 -9999 -9999 -9999 -9999 -9999 -9999 -9999 -9999 -9999 -9999 -9999 -9999 -9999 -9999 -9999
69.25060 69.38220 66.80450 64.63420 63.82610 63.78370 55.61650 54.74120 52.29520 52.73620 52.91040 52.42130 52.28600 51.53230 47.11840 46.27740 45.38800 44.39130 76.41350 -9999 -9999 -9999 -9999 -9999 -9999 -9999 -9999 -9999 -9999 -9999 -9999 -9999 -9999 -9999 -9999 -9999 -9999 -9999 -9999 -9999 -9999 -9999 25.49260 34.82190 31.33070 25.51110 25.75160 32.64460 50.38210 -9999 -9999 -9999 35.73200 -9999 -9999 -9999 39.43770 39.21190 39.43700 -9999 -9999 -9999 -9999 -9999 -9999 -9999 -9999 -9999 -9999 -9999 -9999
71.54840 70.07190 78.85810 77.98050 76.62780 76.22470 45.84100 42.25310 49.53240 49.33700 53.99290 50.36340 50.77790 49.07140 40.07080 51.29790 54.85090 52.88570 44.32260 39.29440 37.63750 34.77960 46.69320 56.22260 55.96940 -9999 -9999 -9999 -9999 -9999 69.24390 69.65030 69.87670 65.57260 60.11520 55.72150 59.84920 62.61850 62.99680 63.20480 62.71020 62.76360 29.04990 31.45750 28.95630 30.49590 27.51650 29.36460 54.08150 50.42490 48.01520 43.74990 40.40410 39.86000 40.01020 38.95860 38.29970 33.80960 28.20810 29.57710 34.05300 38.17160 35.91220 40.70650 -9999 -9999 -9999 -9999 -9999 -9999 -9999
81.32630 81.59940 82.23680 78.27090 76.08960 73.28790 61.03770 56.03210 54.05450 55.26140 54.95540 58.93500 58.91190 54.19020 58.34240 59.67850 58.46000 55.78960 46.59470 42.84970 41.70570 38.94990 52.24340 43.05900 44.20820 51.73090 63.62200 69.46300 75.71220 77.55000 78.34440 74.74950 76.24640 77.72680 81.75960 77.28170 73.62970 73.83960 74.14340 73.89780 73.73560 72.91780 70.86240 67.70690 65.86100 66.99960 60.33020 58.54950 58.83090 56.71700 53.63870 49.49990 45.95470 44.45060 44.13720 44.34090 43.78230 43.73140 44.40880 44.13880 43.42730 42.79840 38.04560 32.72600 34.27730 35.27590 39.26010 38.80300 39.38040 39.98520 40.78550
68.83850 66.70110 66.61070 62.80780 63.33910 57.33460 63.82320 63.51440 63.70680 59.85070 56.29620 53.35340 60.27420 53.77660 45.04450 41.56380 44.77790 43.98060 64.51440 65.28660 64.65240 65.18870 71.43190 63.36040 57.29620 56.00790 47.32060 61.56720 64.91730 67.77210 69.95120 73.05190 81.25510 83.89360 93.20810 90.68850 84.35220 79.99450 79.03310 80.02610 79.94310 79.13520 79.85630 80.80400 79.58530 78.30600 72.15650 70.25520 70.63520 68.80740 66.10880 63.33890 59.17420 55.13410 53.85770 52.40770 51.63380 51.47030 50.48980 49.76890 48.82340 47.88980 39.31520 37.77950 41.09380 41.54570 43.08950 39.92250 39.72710 38.76800 39.96150
87.96730 83.89140 80.15450 78.51510 80.23160 75.19880 70.30970 54.82110 53.18760 51.36720 52.84590 53.02630 42.90060 39.80970 35.68420 44.44440 55.19820 41.19350 56.63210 51.85000 70.04550 69.56350 65.14300 74.73520 68.14570 65.85900 65.68220 56.67930 57.49320 61.13510 74.78230 84.34510 91.42410 95.48770 98.52970 98.07610 93.91300 86.72890 86.27770 84.83610 90.69280 87.52250 85.75730 85.84040 85.78770 85.28400 82.48520 83.47070 82.24710 79.48370 76.60220 73.22210 70.52480 68.19220 65.57410 62.80640 61.11900 58.53850 57.70120 57.67370 57.52980 54.81160 47.22360 47.61870 49.54940 47.14430 47.77800 47.26450 45.59520 44.78190 43.94830
84.30230 83.51400 80.54480 75.46530 72.95980 70.98180 64.33900 57.64830 61.00160 55.55610 51.79920 47.42700 51.13490 49.19440 54.13210 56.87840 55.03640 58.56840 87.44620 84.71670 76.75700 73.69740 76.91440 71.65080 64.99530 70.50620 77.58490 80.06920 73.34130 68.50070 86.63680 87.53200 92.92090 93.97770 70.31870 72.33960 72.45380 71.37490 71.17950 72.60790 70.69680 69.87560 73.44490 73.16100 70.68300 71.88090 71.66850 69.01640 67.65360 65.33450 64.61640 77.34450 73.98940 72.18770 75.77620 76.14170 71.25830 68.80580 65.51400 63.37520 62.79540 53.23630 52.22170 52.21240 50.56300 50.42710 49.46420 54.95830 51.16340 47.64360 46.04040
91.61080 86.93150 90.01450 87.09750 80.07510 73.18140 69.18070 62.20410 45.13100 41.10900 43.93450 44.98000 45.62440 51.86570 59.13190 69.46460 72.11170 72.33960 83.87990 73.26600 52.17110 54.73580 74.52010 70.49320 67.04040 75.09710 81.33560 83.26890 83.41380 77.64400 83.17310 97.49290 93.24700 91.12460 84.98180 93.63300 100.15100 95.78090 93.42400 94.59510 71.52090 70.02430 72.09130 71.77570 72.64640 73.19890 75.26150 74.01680 72.03580 70.65120 71.59510 67.23960 64.89230 64.38500 63.64520 63.38640 61.15630 59.59880 59.05550 58.22410 72.86100 59.11870 59.63180 60.09030 57.55410 56.25510 61.07620 52.36100 51.58920 50.16460 48.27490
90.51740 90.96520 89.93910 64.27880 54.82980 56.06080 55.73270 57.98190 54.73570 53.42810 52.70060 49.63840 49.40990 53.12180 62.13470 63.21350 65.90000 66.07110 89.16400 86.06940 49.47930 44.00580 46.27440 55.21960 64.31610 78.73950 90.00590 89.84820 86.19220 84.17050 76.78040 86.80700 89.46800 91.17640 89.03580 86.88240 83.55570 81.14240 82.95420 83.48820 90.44690 83.98260 69.72250 69.50680 66.72070 77.68070 96.37350 95.10490 77.03040 73.29060 69.36500 68.42510 63.99620 66.52280 68.11570 66.69170 64.37310 63.52890 63.64260 62.88090 54.20220 61.23360 62.36490 60.39800 58.87030 61.07790 66.91610 57.01020 59.29860 58.62040 55.95950
88.18100 78.56650 73.04310 76.21140 78.83320 85.68810 92.26940 92.36980 87.46500 84.15850 67.21580 66.69200 69.56510 57.77220 67.30210 69.99150 76.35820 71.39700 80.64300 80.66020 53.45270 50.10030 49.22000 56.00180 54.14380 72.21210 76.67460 80.61840 86.13480 82.38890 91.86120 89.60970 89.95960 91.21830 84.22670 84.10990 85.48390 86.15260 85.00620 90.34360 99.13340 100.89500 87.25880 82.79730 68.57210 74.07590 76.51710 76.32730 74.95960 73.90520 92.74640 89.98840 76.38950 73.76790 73.77450 72.87150 70.27310 69.82370 65.75880 70.64570 71.00170 61.28910 65.28830 63.40530 62.03910 65.90810 68.67490 67.48530 65.88230 64.99280 64.01930
78.63790 75.17620 80.63170 79.29250 70.77770 82.29970 86.45010 83.23530 81.26120 76.02010 77.53750 76.81700 71.49410 68.06240 64.64670 55.14700 70.98440 68.39450 82.23050 81.88320 59.58100 49.87190 52.81490 57.52050 56.70890 59.18030 66.43730 70.64930 76.05780 80.40580 81.25140 82.95920 84.95610 83.48000 83.27060 80.98400 80.75840 81.86930 85.25750 86.67590 84.09210 85.63620 91.09880 90.71710 93.33640 93.82470 100.43300 103.67800 92.24370 77.20550 76.02660 73.83550 73.16020 92.96210 74.73360 72.13760 69.12410 52.60760 71.68270 72.46440 68.91230 68.28170 66.52160 68.10560 67.97630 69.19140 75.52920 73.07970 72.40420 69.92490 69.96660
73.19250 72.07600 79.75640 77.10890 71.54390 70.16500 64.95360 69.54190 84.14630 81.63660 81.85830 77.47570 77.29850 77.44180 75.18080 73.62410 67.45480 53.31560 53.48260 88.79610 88.43600 48.76090 47.92750 47.70880 51.24560 51.59200 49.77030 57.26550 63.23810 66.56090 66.12060 66.39090 65.92520 66.43330 65.01310 70.23480 71.45960 70.44250 74.47430 77.24220 74.02280 75.50450 79.99240 77.93600 75.65150 73.87090 80.65530 88.22410 97.27320 101.65400 99.07770 86.41990 74.11800 74.22770 91.92280 70.73460 71.25270 74.86830 71.05420 71.86870 73.29190 73.08170 72.33900 70.18400 70.98420 69.76510 71.30040 83.76470 82.17480 79.60050 77.71970
71.94910 69.78850 71.95680 70.23360 75.50790 76.84000 80.44090 78.99120 76.09580 77.31900 83.05100 86.03520 83.30240 85.78400 78.58510 67.84430 59.07350 53.03740 59.35170 65.79440 66.03790 79.53530 52.78130 65.79530 52.58240 45.70080 48.25350 53.50310 61.17020 75.46800 76.54920 78.87820 70.42690 75.64240 69.82200 75.63150 80.16670 77.87830 82.58790 79.13560 78.00600 77.77600 81.99660 77.85940 80.51450 75.75220 78.82370 89.42620 93.69010 98.58210 99.80610 101.52300 98.85720 80.62030 78.21040 96.51740 73.48150 73.62310 70.67040 72.27930 72.38840 74.65000 73.08850 70.09290 69.04210 71.44500 72.85240 71.18700 76.80410 86.09200 84.42460
84.95410 85.60450 84.53050 83.43690 83.68580 75.39370 72.90110 72.87750 66.06510 82.27540 90.41990 82.56550 87.21790 80.35440 72.55190 75.83820 68.57090 69.04290 75.36340 65.33390 71.96870 69.99980 70.83280 78.48190 71.49050 74.60630 79.67760 81.19920 82.87920 88.28810 95.91260 83.18570 77.49300 82.59640 87.24340 89.34380 85.49060 91.46480 88.89700 87.10860 88.20530 90.49720 89.53400 82.51430 71.07300 77.88810 82.17120 75.00250 88.92250 98.97640 99.08160 101.47800 100.99700 100.48600 76.41240 98.13670 79.66310 74.73920 72.80620 73.16810 70.52170 74.73930 74.60720 74.19400 69.29650 66.47040 72.14410 72.49950 71.81020 73.25190 84.86900
51.19980 58.49860 75.74900 75.85180 72.50070 75.84090 83.71640 82.75040 79.77720 82.61340 83.63410 77.73710 81.10310 81.57100 88.55580 86.70420 65.67390 65.86780 93.38770 92.68750 92.49110 91.14740 90.55860 97.85550 75.30380 81.19610 84.47840 91.71740 89.97280 90.50640 84.87040 73.30100 65.98550 71.21120 64.56940 74.93210 87.71750 93.86240 89.83000 85.78540 91.62000 88.00380 86.36750 88.46500 74.55360 66.68780 59.75300 65.23560 88.20810 95.77540 95.83420 98.93400 100.19000 102.38900 73.05430 97.85590 98.95120 75.58800 74.53940 73.49520 70.88530 72.61770 70.22690 66.41340 59.54860 59.60340 66.60050 71.02430 71.95220 66.50460 63.53340
53.23190 91.90860 92.87240 85.69880 80.64290 84.53260 88.78660 90.63210 83.24550 82.99430 81.12530 78.81610 84.49030 91.85790 88.93670 93.24020 92.48150 61.78310 99.39840 103.95800 103.50700 98.85790 98.80810 96.02400 55.93380 46.42290 73.85240 77.88830 72.65850 76.79750 75.85870 62.82460 55.67970 47.38540 52.63460 70.27390 87.55260 89.26250 91.59370 94.86270 86.43840 88.90670 88.09710 82.62910 66.42060 60.35170 51.67000 46.04020 66.48840 64.06440 83.12120 91.23220 97.73640 104.36700 83.86980 98.81900 103.97600 79.11570 72.72880 67.81250 83.96170 81.93320 81.05710 81.66440 78.35880 64.04680 66.93850 71.67630 71.01820 60.93240 60.99410
94.06340 88.66620 92.29610 81.58710 68.22820 78.25040 83.03590 87.53620 80.76990 70.48380 67.02730 66.73880 89.54210 80.49550 71.46520 78.33460 71.58820 83.72700 86.09930 85.55560 94.85970 100.36400 103.55400 101.89900 91.51090 74.78060 67.52700 56.32140 66.35200 71.41280 62.99780 46.18250 46.96420 42.37110 50.47330 65.75690 85.66160 92.55290 93.63030 96.76930 93.43220 88.82220 84.52930 63.34220 68.96540 52.91020 61.25990 60.79220 55.42690 59.86950 76.28460 89.43630 98.17000 99.80160 103.90700 99.15750 79.85270 79.90440 72.50680 68.19900 75.40310 79.67630 77.95310 77.47490 87.18960 90.74050 69.97970 66.87100 67.12870 63.04250 60.16090
81.66480 75.52720 78.59060 75.38520 70.31300 73.55350 78.67970 73.58760 77.82190 80.65220 75.76260 66.37510 86.45630 81.72740 47.52520 28.92640 43.52460 64.47180 66.79350 72.79760 76.89530 69.47950 85.31020 98.00500 93.00450 88.59250 83.88530 90.46460 82.87600 81.85760 66.34450 52.47350 44.77190 45.67490 56.43810 66.03830 79.63320 87.39220 95.60570 97.16250 92.42220 92.98150 87.38320 79.70460 74.35230 71.91750 63.88960 70.56500 82.57470 93.43230 92.13530 92.04260 94.49930 95.51230 93.65030 101.74300 83.02800 85.47370 72.71790 68.67780 67.26880 63.62500 66.18260 64.85090 60.52700 59.13450 60.12160 61.74820 63.75290 67.28950 66.44670
69.20300 -9999 58.84140 64.37390 54.26010 20.75940 -9999 10.29740 16.73590 23.75840 26.69760 60.30230 76.25190 83.44310 89.42790 89.89890 82.60220 82.18080 25.92450 15.29970 13.18490 14.05970 36.42480 68.11600 84.40440 91.02000 96.32970 89.79860 93.72410 91.56500 88.21300 78.56900 60.68270 61.10700 66.35220 80.02900 86.34790 89.84630 88.49220 94.45270 102.27800 91.82440 84.87380 93.83240 74.58590 71.68830 74.52900 81.89210 90.35750 90.15070 93.60370 93.85550 88.49460 94.12650 95.04380 97.11130 85.13040 83.17240 80.53790 78.39700 75.16570 72.22150 72.80500 71.49410 70.26850 69.34990 69.68180 66.77700 64.25740 64.25290 62.97680
