data/hydroclimate-scenarios/1948-2000.Pcorr55N_Pref_Tref/monthly_summaries/et_monthly_tot_feb.1950-2000.asc
ncols	311
nrows	91
xllcenter	102.75
yllcenter	31.75
cellsize	0.5
NODATA_value	-9999
[rows 0 to 32 of 91, columns 219 to 291 of 311]
-9999 -9999 -9999 -9999 -9999 -9999 -9999 -9999 -9999 -9999 -9999 -9999 -9999 -9999 -9999 -9999 -9999 -9999 -9999 -9999 -9999 -9999 -9999 -9999 -9999 -9999 -9999 -9999 -9999 -9999 -9999 -9999 -9999 -9999 -9999 -9999 -9999 -9999 -9999 -9999 -9999 -9999 -9999 -9999 -9999 -9999 -9999 -9999 -9999 -9999 -9999 -9999 -9999 -9999 -9999 -9999 -9999 -9999 -9999 -9999 -9999 -9999 -9999 -9999 -9999 -9999 -9999 -9999 -9999 -9999 -9999 -9999 -9999
-9999 -9999 -9999 -9999 -9999 -9999 -9999 -9999 -9999 -9999 -9999 -9999 -9999 -9999 -9999 -9999 -9999 -9999 -9999 -9999 -9999 -9999 -9999 -9999 -9999 -9999 -9999 -9999 -9999 -9999 -9999 -9999 -9999 -9999 -9999 -9999 -9999 -9999 -9999 -9999 -9999 -9999 -9999 -9999 -9999 -9999 -9999 -9999 -9999 -9999 -9999 -9999 -9999 -9999 -9999 -9999 -9999 -9999 -9999 -9999 -9999 -9999 -9999 -9999 -9999 -9999 -9999 -9999 -9999 -9999 -9999 -9999 -9999
-9999 -9999 -9999 -9999 -9999 -9999 -9999 -9999 -9999 -9999 -9999 -9999 -9999 -9999 -9999 -9999 -9999 -9999 -9999 -9999 -9999 -9999 -9999 -9999 -9999 -9999 -9999 -9999 -9999 -9999 -9999 -9999 -9999 -9999 -9999 -9999 -9999 -9999 -9999 -9999 -9999 -9999 -9999 -9999 -9999 -9999 -9999 -9999 -9999 -9999 -9999 -9999 -9999 -9999 -9999 -9999 -9999 -9999 -9999 -9999 -9999 -9999 -9999 -9999 -9999 -9999 -9999 -9999 -9999 -9999 -9999 -9999 -9999
-9999 -9999 -9999 -9999 -9999 -9999 -9999 -9999 -9999 -9999 -9999 -9999 -9999 -9999 -9999 -9999 -9999 -9999 -9999 -9999 -9999 -9999 -9999 -9999 -9999 -9999 -9999 -9999 -9999 -9999 -9999 -9999 -9999 -9999 -9999 -9999 -9999 -9999 -9999 -9999 -9999 -9999 -9999 -9999 -9999 -9999 -9999 -9999 -9999 -9999 -9999 -9999 -9999 -9999 -9999 -9999 -9999 -9999 -9999 -9999 -9999 -9999 -9999 -9999 -9999 -9999 -9999 -9999 -9999 -9999 -9999 -9999 -9999
-9999 -9999 -9999 -9999 -9999 -9999 -9999 -9999 -9999 -9999 -9999 -9999 -9999 -9999 -9999 -9999 -9999 -9999 -9999 -9999 -9999 -9999 -9999 -9999 -9999 -9999 -9999 -9999 -9999 -9999 -9999 -9999 -9999 -9999 -9999 -9999 -9999 -9999 -9999 -9999 -9999 -9999 -9999 -9999 -9999 -9999 -9999 -9999 -9999 -9999 -9999 -9999 -9999 -9999 -9999 -9999 -9999 -9999 -9999 -9999 -9999 -9999 -9999 -9999 -9999 -9999 -9999 -9999 -9999 -9999 -9999 -9999 -9999
-9999 -9999 -9999 -9999 -9999 -9999 -9999 -9999 -9999 -9999 -9999 -9999 -9999 -9999 -9999 -9999 -9999 -9999 -9999 -9999 -9999 -9999 -9999 -9999 -9999 -9999 -9999 -9999 -9999 -9999 -9999 -9999 -9999 -9999 -9999 -9999 -9999 -9999 -9999 -9999 -9999 -9999 -9999 -9999 -9999 -9999 -9999 -9999 -9999 -9999 -9999 -9999 -9999 -9999 -9999 -9999 -9999 -9999 -9999 -9999 -9999 -9999 -9999 -9999 -9999 -9999 -9999 -9999 -9999 -9999 -9999 -9999 -9999
-9999 -9999 -9999 -9999 -9999 -9999 -9999 -9999 -9999 -9999 -9999 -9999 -9999 -9999 -9999 -9999 -9999 -9999 -9999 -9999 -9999 -9999 -9999 -9999 -9999 -9999 -9999 -9999 -9999 -9999 -9999 -9999 -9999 -9999 -9999 -9999 -9999 -9999 -9999 -9999 -9999 -9999 -9999 -9999 -9999 -9999 -9999 -9999 -9999 -9999 -9999 -9999 -9999 -9999 -9999 -9999 -9999 -9999 -9999 -9999 -9999 -9999 -9999 -9999 -9999 -9999 -9999 -9999 -9999 -9999 -9999 -9999 -9999
-9999 -9999 -9999 -9999 -9999 -9999 -9999 -9999 -9999 -9999 -9999 -9999 -9999 -9999 -9999 -9999 -9999 -9999 -9999 -9999 -9999 -9999 -9999 -9999 -9999 -9999 -9999 -9999 -9999 -9999 -9999 -9999 -9999 -9999 -9999 -9999 -9999 -9999 -9999 -9999 -9999 -9999 -9999 -9999 -9999 -9999 -9999 -9999 -9999 -9999 -9999 -9999 -9999 -9999 -9999 -9999 -9999 -9999 -9999 -9999 -9999 -9999 -9999 -9999 -9999 -9999 -9999 -9999 -9999 -9999 -9999 -9999 -9999
-9999 -9999 -9999 -9999 -9999 -9999 -9999 -9999 -9999 -9999 -9999 -9999 -9999 -9999 -9999 -9999 -9999 -9999 -9999 -9999 -9999 -9999 -9999 -9999 -9999 -9999 -9999 -9999 -9999 -9999 -9999 -9999 -9999 -9999 -9999 -9999 -9999 -9999 -9999 -9999 -9999 -9999 -9999 -9999 -9999 -9999 -9999 -9999 -9999 -9999 -9999 -9999 -9999 -9999 -9999 -9999 -9999 -9999 -9999 -9999 -9999 -9999 -9999 -9999 -9999 -9999 -9999 -9999 -9999 -9999 -9999 -9999 -9999
-9999 -9999 -9999 -9999 -9999 -9999 -9999 -9999 -9999 -9999 -9999 -9999 -9999 -9999 -9999 -9999 -9999 -9999 -9999 -9999 -9999 -9999 -9999 -9999 -9999 -9999 -9999 -9999 -9999 -9999 -9999 -9999 -9999 -9999 -9999 -9999 -9999 -9999 -9999 -9999 -9999 -9999 -9999 -9999 -9999 -9999 -9999 -9999 -9999 -9999 -9999 -9999 -9999 -9999 -9999 -9999 -9999 -9999 -9999 -9999 -9999 -9999 -9999 -9999 -9999 -9999 -9999 -9999 -9999 -9999 -9999 -9999 -9999
-9999 -9999 -9999 -9999 -9999 -9999 -9999 -9999 -9999 -9999 -9999 -9999 -9999 -9999 -9999 -9999 -9999 -9999 -9999 -9999 -9999 -9999 -9999 -9999 -9999 -9999 -9999 -9999 -9999 -9999 -9999 -9999 -9999 -9999 -9999 -9999 -9999 -9999 -9999 -9999 -9999 -9999 -9999 -9999 -9999 -9999 -9999 -9999 -9999 -9999 -9999 -9999 -9999 -9999 -9999 -9999 -9999 -9999 -9999 -9999 -9999 -9999 -9999 -9999 -9999 -9999 -9999 -9999 -9999 -9999 -9999 -9999 -9999
-9999 -9999 -9999 -9999 -9999 -9999 -9999 -9999 -9999 -9999 -9999 -9999 -9999 -9999 -9999 -9999 -9999 -9999 -9999 -9999 -9999 -9999 -9999 -9999 -9999 -9999 -9999 -9999 -9999 -9999 -9999 -9999 -9999 -9999 -9999 -9999 -9999 -9999 -9999 -9999 -9999 -9999 -9999 -9999 -9999 -9999 -9999 -9999 -9999 -9999 -9999 -9999 -9999 -9999 -9999 -9999 -9999 -9999 -9999 -9999 -9999 -9999 -9999 -9999 -9999 -9999 -9999 -9999 -9999 -9999 -9999 -9999 -9999
-9999 -9999 -9999 -9999 -9999 -9999 -9999 -9999 -9999 -9999 -9999 -9999 -9999 -9999 -9999 -9999 -9999 -9999 -9999 -9999 -9999 -9999 -9999 -9999 -9999 -9999 -9999 -9999 -9999 -9999 -9999 -9999 -9999 -9999 -9999 -9999 -9999 -9999 -9999 -9999 -9999 -9999 -9999 -9999 -9999 -9999 -9999 -9999 -9999 -9999 -9999 -9999 -9999 -9999 -9999 -9999 -9999 -9999 -9999 -9999 -9999 -9999 -9999 -9999 -9999 -9999 -9999 -9999 -9999 -9999 -9999 -9999 -9999
-9999 -9999 -9999 -9999 -9999 -9999 -9999 -9999 -9999 -9999 -9999 -9999 -9999 -9999 -9999 -9999 -9999 -9999 -9999 -9999 -9999 -9999 -9999 -9999 -9999 -9999 -9999 -9999 -9999 -9999 -9999 -9999 -9999 -9999 -9999 -9999 -9999 -9999 -9999 -9999 -9999 0.77306 -9999 -9999 -9999 -9999 -9999 -9999 -9999 -9999 -9999 -9999 -9999 -9999 -9999 -9999 -9999 -9999 -9999 -9999 -9999 -9999 -9999 -9999 -9999 -9999 -9999 -9999 -9999 -9999 -9999 -9999 -9999
0.56216 0.60123 0.59400 0.61293 0.67532 0.69212 0.62518 0.58549 0.56489 0.56082 0.56053 0.62528 0.58271 -9999 -9999 -9999 -9999 -9999 -9999 -9999 -9999 -9999 -9999 -9999 -9999 -9999 -9999 -9999 -9999 -9999 -9999 -9999 -9999 -9999 -9999 -9999 0.80000 0.71631 0.74890 0.84013 0.77807 0.66004 0.49348 -9999 -9999 -9999 0.69900 -9999 -9999 -9999 0.63987 0.58626 0.52626 -9999 -9999 -9999 -9999 -9999 -9999 -9999 -9999 -9999 -9999 -9999 -9999 -9999 -9999 -9999 -9999 -9999 -9999 -9999 -9999
1.32202 0.09475 0.09820 0.14835 0.10961 0.25457 0.24617 0.25596 0.34562 0.20011 0.14912 0.16428 0.11511 0.11335 0.21037 1.27071 0.84604 0.56255 0.66554 -9999 -9999 -9999 -9999 -9999 0.60516 0.61232 0.57110 0.55022 0.57812 0.57739 0.57841 0.57566 0.53557 0.52724 0.55258 0.54329 0.95407 0.86258 0.92739 0.87702 0.76431 0.79138 0.49286 0.46552 0.59112 0.59018 0.71364 0.66920 0.64190 0.68558 0.57376 0.60143 0.62743 0.63791 0.64858 0.65907 0.72001 0.73872 -9999 -9999 -9999 -9999 -9999 -9999 -9999 -9999 -9999 -9999 -9999 -9999 -9999 -9999 -9999
0.17076 0.33667 0.28982 0.23202 0.19042 0.19521 0.14852 0.18600 0.17252 0.14601 0.13110 0.11938 0.11381 0.24881 0.63422 1.08086 0.67109 0.77194 0.53718 0.46129 0.40034 0.32573 0.26402 0.27627 0.26696 0.26858 0.28047 0.23752 0.27653 0.28956 0.32051 0.29116 0.23096 0.23602 0.23872 0.22918 0.29976 0.29510 0.32597 0.30716 0.30609 0.28022 0.30394 0.28238 0.32001 0.31184 0.37859 0.37132 0.33348 0.30855 0.29743 0.31106 0.28740 0.29821 0.37031 0.37569 0.41687 0.45662 0.40809 0.43822 0.40755 0.41779 0.40642 0.36895 0.33893 0.31471 -9999 -9999 -9999 -9999 -9999 -9999 -9999
0.17307 0.14668 0.12327 0.11467 0.10442 0.10335 0.12630 0.13458 0.13827 0.13725 0.14949 0.32844 1.04906 0.95756 0.94292 0.70937 0.34804 0.33548 0.52282 0.48405 0.57344 0.42889 0.33224 0.29690 0.24434 0.33631 0.38195 0.33584 0.35016 0.31096 0.29511 0.26715 0.24335 0.24459 0.25912 0.25166 0.33388 0.33589 0.34197 0.32496 0.32280 0.29430 0.29524 0.29404 0.33292 0.31750 0.39000 0.37144 0.34066 0.32980 0.30767 0.33979 0.33936 0.33773 0.38377 0.38178 0.44769 0.45058 0.41527 0.41747 0.40653 0.39023 0.34565 0.33025 0.29715 0.29377 -9999 0.34558 -9999 -9999 -9999 -9999 -9999
0.51938 1.38746 1.30801 1.28828 1.09151 1.15207 1.26481 1.24505 0.17131 1.30318 0.67913 0.94324 0.86657 0.75757 0.28516 0.11182 0.13562 0.10908 0.25200 0.23536 0.17502 0.29728 0.27294 0.16740 -0.07615 0.10175 0.20053 0.16226 0.19055 0.12735 0.10029 0.10570 0.09968 0.08753 0.04776 0.09733 0.09432 0.07273 0.10334 0.10997 0.08297 0.04862 0.03363 0.00795 0.01533 0.01819 0.04095 0.02809 0.02950 0.02601 0.05785 0.05267 0.09167 0.09062 0.12629 0.13706 0.19995 0.19467 0.16680 0.16808 0.11633 0.12152 0.15828 0.15542 0.14391 0.12092 0.12253 -9999 -9999 -9999 -9999 -9999 -9999
0.45621 0.55547 0.47735 0.55408 0.52662 0.60451 0.54373 0.45814 0.35243 0.39049 0.51041 0.48443 0.35633 0.38164 0.46328 0.36551 0.30467 0.20002 0.44103 0.32802 0.24465 0.19493 0.14128 0.12052 -0.07884 0.02480 0.12091 0.02325 0.15953 0.21641 0.22611 0.19777 0.16926 0.16448 0.09527 0.09570 0.13463 0.09896 0.10824 0.11620 0.10822 0.05971 0.04768 0.03011 0.05551 0.03930 0.06861 0.04614 0.05422 0.05654 0.07712 0.07998 0.12432 0.13746 0.18550 0.19777 0.21734 0.21007 0.18049 0.17829 0.12746 0.11370 0.14304 0.12687 0.13845 0.11337 0.11679 0.12095 -9999 -9999 -9999 -9999 -9999
0.36338 0.37162 0.29616 0.26398 0.30143 0.26838 0.17936 0.20546 0.18837 0.20594 0.20605 0.27651 0.22624 0.22489 0.87516 0.71258 0.32611 0.46360 0.43622 0.30978 0.27837 0.19038 0.05149 -0.01185 -0.08860 -0.00343 0.03741 -0.00624 0.02277 0.07095 0.09065 0.08074 0.06039 0.07903 0.09833 0.10176 0.07198 0.05492 0.07729 0.07585 0.12276 0.06263 0.02454 -0.01064 -0.01521 -0.07180 -0.07820 -0.08270 -0.05877 -0.02955 -0.04383 -0.04155 0.02210 0.02668 0.07408 0.08063 0.05011 0.05252 0.04124 0.02984 0.03438 0.03950 0.04021 0.03469 0.03305 0.02899 0.03237 0.03082 0.06585 0.06271 0.12058 0.11458 -9999
0.58302 0.49083 0.44824 0.43833 0.37192 0.32658 0.22005 0.16293 0.25368 0.25909 0.27211 0.33392 0.04121 0.10991 1.06083 0.84760 0.82631 0.75884 0.42474 0.20867 0.17812 0.20073 0.13605 0.07716 -0.06113 -0.08538 -0.07392 -0.00650 0.11098 0.08245 0.03381 -0.01926 0.01214 0.03429 0.11897 0.10780 0.09243 0.10809 0.11801 0.09356 0.12993 0.10804 0.07314 0.05258 -0.04748 -0.06801 -0.07001 -0.02739 0.04782 0.05230 0.05870 0.02899 0.10035 0.06569 -0.00775 0.11597 0.07277 0.07178 0.05461 0.06889 0.14541 0.17602 0.09715 0.05094 0.04434 0.04490 0.06276 0.05630 0.08569 0.08623 0.13905 0.12934 0.20374
0.25753 0.13073 0.30380 0.15738 1.64605 1.05926 0.69434 0.51998 0.39813 0.50258 0.42682 0.65045 0.53519 0.32374 1.19591 0.96064 0.88650 0.88592 0.73333 0.24640 0.15324 0.17276 0.09201 0.07818 0.17769 0.17025 0.12632 0.04004 0.17852 0.08435 0.02155 0.06941 0.09829 0.08670 0.09050 0.11964 0.10548 0.16090 0.15184 0.12620 0.07305 0.02843 -0.03062 -0.01667 -0.01922 -0.04408 0.00494 0.02365 0.03967 0.03570 0.05792 0.04271 0.05136 0.22242 0.25773 0.01124 0.07642 0.03355 0.01471 0.03851 0.08762 0.04779 -0.03145 -0.05633 -0.05496 -0.05610 -0.05225 -0.04475 -0.01705 -0.02454 0.01214 0.01311 0.07480
0.42040 0.27220 0.20821 1.03953 2.42482 2.40750 0.72196 2.13856 2.35756 2.59682 0.67032 0.48005 0.43806 0.32562 1.11074 1.15221 1.05009 0.95941 0.67729 0.51142 0.29030 0.24623 0.10721 0.00855 -0.02620 -0.03538 -0.07596 -0.04014 -0.01330 0.02155 0.06774 -0.00981 -0.01248 0.00521 0.00482 0.00240 -0.03625 0.00652 0.02608 0.04528 0.04213 0.08103 0.06401 0.05477 0.06047 0.08562 0.02154 -0.01913 0.02240 0.01266 -0.02041 -0.14292 0.18273 0.28065 0.21213 0.20424 0.10948 0.18081 0.16535 0.19188 0.19002 0.14277 0.02460 -0.03554 -0.03521 -0.04042 -0.04050 -0.04614 0.00164 -0.00608 0.03079 0.02841 0.09675
0.97676 0.89553 0.74302 0.45993 1.78067 2.99774 0.76148 0.65088 0.63586 0.86133 0.32370 0.61708 1.73932 0.59183 0.50537 1.32149 1.25136 1.18448 1.09688 1.09629 0.92526 0.52447 0.42658 0.32074 0.45340 0.38001 0.33868 0.32071 0.49925 0.39992 0.36595 0.38046 0.25489 0.18287 0.16442 0.15783 0.08694 0.10539 0.06662 0.04010 -0.01009 0.01705 0.04867 0.15202 0.16298 0.16046 0.09487 -0.00326 -0.05823 -0.08386 0.00702 0.11461 0.13818 0.15162 0.15396 0.15830 0.07352 0.02479 0.11218 0.12369 0.11390 0.03182 0.05431 -0.03722 -0.06057 -0.10251 -0.10153 -0.11035 -0.08840 -0.08786 -0.07888 -0.07545 -0.02852
0.72004 0.71297 0.82010 0.68402 0.93351 0.88692 1.51822 1.75604 1.58640 1.77271 1.68136 0.55273 1.87624 1.45133 1.36595 0.82140 1.63032 1.04023 1.01865 1.28244 1.07041 0.98161 0.52851 0.34385 0.27027 0.20197 0.43653 0.44824 0.70071 0.59475 0.44432 0.34702 0.24142 0.11220 0.15365 0.14730 0.07841 0.06112 0.07785 0.05294 -0.03091 -0.02899 -0.09975 0.02603 0.08276 0.15404 0.11693 0.12516 -0.02209 0.03966 0.05785 0.07019 0.09471 0.16013 0.14058 0.18951 0.08436 -0.00007 0.00704 0.05986 0.14742 0.12752 0.11435 0.11805 0.03780 0.02869 -0.05231 -0.07880 -0.06406 -0.06862 -0.06790 -0.06744 -0.01174
0.40768 0.81790 1.45320 0.79386 0.56161 0.40980 1.09000 1.50004 1.75245 1.97407 1.87635 1.75521 1.48938 2.22841 0.98641 1.61593 1.49612 1.29992 1.19108 1.13604 0.80812 0.73711 0.56080 0.57418 0.45103 0.34397 0.40626 0.52736 0.91577 0.78672 0.90491 0.66904 0.52431 0.36706 0.42146 0.42074 0.47201 0.42039 0.38173 0.35283 0.23786 0.22810 0.15928 0.19116 0.17080 0.28628 0.17032 0.21371 0.11223 0.07697 0.06663 0.07833 0.03064 0.08792 0.02350 0.10550 0.04653 0.02640 -0.06497 -0.09422 0.01234 0.04273 0.03005 0.01536 -0.07702 -0.07229 -0.04729 -0.11678 -0.11581 -0.12015 -0.12274 -0.13372 -0.11723
0.58096 0.49471 0.49903 0.49042 0.47444 1.00190 1.30048 0.79923 0.99304 1.39767 1.74237 1.90023 1.24433 1.33175 1.15194 1.23857 1.34765 1.31234 1.40995 1.28669 1.02431 0.87425 0.83218 0.69181 0.54080 0.87516 1.06488 0.95556 1.12153 1.02064 1.11448 0.92682 0.88219 0.62219 0.57265 0.43188 0.52096 0.49534 0.44506 0.40846 0.22223 0.24548 0.17753 0.20066 0.05608 0.14031 0.18907 0.26908 0.17399 0.14718 0.02388 0.08276 0.11175 0.07419 0.03466 0.11175 0.04629 -0.02540 -0.14691 -0.14506 -0.01985 0.03983 0.11693 0.03865 -0.03312 -0.08301 -0.06897 -0.02829 -0.02502 -0.07463 -0.06719 -0.09513 -0.09590
1.45968 1.61125 1.79450 1.73998 1.71828 1.70278 2.14126 2.11092 2.23876 2.17781 2.25592 2.76828 1.64822 1.72522 1.63616 1.60484 1.38710 1.57792 1.92909 2.00050 1.36938 1.25557 1.20295 1.01416 0.95330 1.14844 1.20942 1.47922 1.62100 1.31270 1.17698 1.09376 1.07372 0.98976 1.02636 0.82159 0.88603 0.84942 0.72898 0.73676 0.45194 0.44089 0.38995 0.32452 0.18443 0.23742 0.21982 0.39728 0.24117 0.29377 0.16565 0.17005 0.08176 0.04877 0.03770 0.01377 -0.05853 -0.03469 -0.06859 -0.05447 -0.04737 0.00080 -0.02966 -0.04841 -0.04144 -0.09574 -0.13394 -0.03416 -0.10052 -0.07697 -0.05622 -0.06589 -0.06116
1.46209 1.59720 2.00160 1.99053 2.17995 2.28868 1.89735 1.31194 1.45155 1.77844 1.58049 2.11100 1.37823 1.46978 1.64445 1.57305 1.46190 1.70492 1.38746 1.37402 0.91821 1.33571 1.30802 1.15549 1.18829 1.34827 1.10704 1.47027 1.65311 1.14870 1.14647 1.06721 1.06058 1.07630 1.08923 0.98919 1.06448 0.91482 0.86262 0.71877 0.52513 0.50049 0.36491 0.36706 0.21991 0.26157 0.12755 0.44292 0.33152 0.41283 0.25654 0.28580 0.15128 0.16379 0.14915 0.09870 -0.00445 0.00915 0.04048 0.15906 0.14453 0.09424 0.09132 0.00162 -0.07027 -0.10561 -0.02041 -0.09807 -0.00073 0.01139 0.02100 0.00601 0.06229
2.95442 2.65554 2.91007 3.40693 3.96418 3.62896 3.79832 3.73986 2.92992 2.80626 2.60106 2.62657 2.07887 2.23604 1.94714 1.94459 1.80381 1.73973 1.38979 1.50473 1.26951 1.57274 0.89320 1.40097 1.44667 1.74528 1.72542 1.60598 1.24479 0.78409 1.02589 1.14435 1.46795 1.24834 1.22765 1.10680 1.51119 1.14468 0.97549 0.93511 0.78608 0.97145 0.86576 0.89591 0.60452 0.56750 0.25214 0.55218 0.55275 0.49334 0.38464 0.41465 0.33283 0.34405 0.23981 0.24458 0.16389 0.14631 0.17739 0.20356 0.23374 0.24823 0.21096 0.12297 0.04996 -0.10149 -0.03948 -0.22984 -0.13564 -0.11876 -0.10249 -0.06151 -0.02847
-9999 2.66037 3.20014 3.19954 3.52320 3.76721 3.85081 3.62763 3.42770 3.39372 3.24656 2.89364 1.57553 1.55071 1.08872 1.19439 1.02885 1.43212 1.34999 1.28094 1.00265 1.14684 0.81232 0.90577 0.82016 1.12113 1.62622 1.22778 0.86704 1.05759 1.19191 1.25664 1.11918 1.03291 0.98824 1.03788 1.59474 1.69904 1.29303 1.41533 1.19707 1.24801 1.17433 1.29098 0.90549 0.87481 0.48372 0.54795 0.68052 0.66553 0.49953 0.50634 0.35638 0.37222 0.30085 0.31877 0.26213 0.26294 0.27647 0.29552 0.32976 0.36348 0.18802 0.10294 0.08089 -0.20864 -0.21298 -0.19947 0.22617 0.03150 0.04206 -0.00120 -0.00095
-9999 -9999 -9999 7.10867 7.16146 6.06930 6.56572 5.37431 4.55442 4.20277 4.23933 4.30698 3.05481 2.89905 2.01858 2.00399 1.62535 1.71502 1.53269 2.09530 1.90747 2.08241 1.57802 1.45787 0.73468 0.97757 1.14323 1.32989 1.45851 1.38260 1.91291 1.75907 1.86260 1.45150 1.47497 1.74967 2.04775 2.17120 2.05310 1.90387 1.92792 1.80693 1.58780 1.61292 1.16535 1.14388 0.66484 0.81331 0.78576 0.90259 0.58833 0.55983 0.43106 0.45588 0.42991 0.46097 0.37605 0.37618 0.34948 0.35495 0.45834 0.39539 0.39795 0.42194 0.19803 0.10018 0.09498 0.06290 0.06424 0.07859 0.10371 0.09734 0.10479
