data/hydroclimate-scenarios/1948-2000.Pcorr55N_Pref_Tref/monthly_summaries/et_monthly_tot_jul.asc
ncols	311
nrows	91
xllcenter	102.75
yllcenter	31.75
cellsize	0.5
NODATA_value	-9999
[rows 0 to 31 of 91, columns 71 to 141 of 311]
-9999 -9999 -9999 -9999 -9999 -9999 -9999 -9999 -9999 -9999 -9999 -9999 -9999 -9999 -9999 -9999 -9999 -9999 -9999 -9999 -9999 -9999 -9999 -9999 -9999 -9999 -9999 -9999 -9999 -9999 -9999 -9999 -9999 -9999 -9999 -9999 -9999 -9999 -9999 -9999 -9999 -9999 -9999 -9999 -9999 -9999 -9999 -9999 -9999 -9999 -9999 -9999 -9999 -9999 -9999 -9999 -9999 -9999 -9999 -9999 -9999 -9999 -9999 -9999 -9999 -9999 -9999 -9999 -9999 -9999 -9999
-9999 -9999 -9999 -9999 -9999 -9999 -9999 -9999 -9999 -9999 -9999 -9999 -9999 -9999 -9999 -9999 -9999 -9999 -9999 -9999 -9999 -9999 -9999 -9999 -9999 -9999 -9999 -9999 -9999 -9999 -9999 -9999 -9999 -9999 -9999 -9999 -9999 -9999 -9999 -9999 -9999 -9999 -9999 -9999 -9999 -9999 -9999 -9999 -9999 -9999 -9999 -9999 -9999 -9999 -9999 -9999 -9999 -9999 -9999 -9999 -9999 -9999 -9999 -9999 -9999 -9999 -9999 -9999 -9999 -9999 -9999
-9999 -9999 -9999 -9999 -9999 -9999 -9999 -9999 -9999 -9999 -9999 -9999 -9999 -9999 -9999 -9999 -9999 -9999 -9999 -9999 -9999 -9999 -9999 -9999 -9999 -9999 -9999 -9999 -9999 -9999 -9999 -9999 -9999 -9999 -9999 -9999 -9999 -9999 -9999 -9999 -9999 -9999 -9999 -9999 -9999 -9999 -9999 -9999 -9999 -9999 -9999 -9999 -9999 -9999 -9999 -9999 -9999 -9999 -9999 -9999 -9999 -9999 -9999 -9999 -9999 -9999 -9999 -9999 -9999 -9999 -9999
-9999 -9999 -9999 -9999 -9999 -9999 -9999 -9999 -9999 -9999 -9999 -9999 -9999 -9999 -9999 -9999 -9999 -9999 -9999 -9999 -9999 -9999 -9999 -9999 -9999 -9999 -9999 -9999 -9999 -9999 -9999 -9999 -9999 -9999 -9999 -9999 -9999 -9999 -9999 -9999 -9999 -9999 -9999 -9999 -9999 -9999 -9999 -9999 -9999 -9999 -9999 -9999 -9999 -9999 -9999 -9999 -9999 -9999 -9999 -9999 -9999 -9999 -9999 -9999 -9999 -9999 -9999 -9999 -9999 -9999 -9999
-9999 -9999 -9999 -9999 -9999 -9999 -9999 -9999 -9999 -9999 -9999 -9999 -9999 -9999 -9999 -9999 -9999 -9999 -9999 -9999 -9999 -9999 -9999 -9999 -9999 -9999 -9999 -9999 -9999 -9999 -9999 -9999 -9999 -9999 -9999 -9999 -9999 -9999 -9999 -9999 -9999 -9999 -9999 -9999 -9999 -9999 -9999 -9999 -9999 -9999 -9999 -9999 -9999 -9999 -9999 -9999 -9999 -9999 -9999 -9999 -9999 -9999 -9999 -9999 -9999 -9999 -9999 -9999 -9999 -9999 -9999
-9999 -9999 -9999 -9999 -9999 -9999 -9999 -9999 -9999 -9999 -9999 -9999 -9999 -9999 -9999 -9999 -9999 -9999 -9999 -9999 -9999 -9999 -9999 -9999 -9999 -9999 -9999 -9999 -9999 -9999 -9999 -9999 -9999 -9999 -9999 -9999 -9999 -9999 -9999 -9999 -9999 -9999 -9999 -9999 -9999 -9999 -9999 -9999 -9999 -9999 -9999 -9999 -9999 -9999 -9999 -9999 -9999 -9999 -9999 -9999 -9999 -9999 -9999 -9999 -9999 -9999 -9999 -9999 -9999 -9999 -9999
-9999 -9999 -9999 -9999 -9999 -9999 -9999 -9999 -9999 -9999 -9999 -9999 -9999 -9999 -9999 -9999 -9999 -9999 -9999 -9999 -9999 -9999 -9999 -9999 -9999 -9999 -9999 -9999 -9999 -9999 -9999 -9999 -9999 -9999 -9999 -9999 -9999 -9999 -9999 -9999 -9999 -9999 -9999 -9999 -9999 -9999 -9999 -9999 -9999 -9999 -9999 -9999 -9999 -9999 -9999 -9999 -9999 -9999 -9999 -9999 -9999 -9999 -9999 -9999 -9999 -9999 -9999 -9999 -9999 -9999 -9999
-9999 -9999 -9999 -9999 -9999 -9999 -9999 -9999 -9999 -9999 -9999 -9999 -9999 -9999 -9999 -9999 -9999 -9999 -9999 -9999 -9999 -9999 -9999 -9999 -9999 -9999 -9999 -9999 -9999 -9999 -9999 -9999 -9999 -9999 -9999 -9999 -9999 -9999 -9999 -9999 -9999 -9999 -9999 -9999 -9999 -9999 -9999 -9999 -9999 -9999 -9999 -9999 -9999 -9999 -9999 -9999 -9999 -9999 -9999 -9999 -9999 -9999 -9999 -9999 -9999 -9999 -9999 -9999 -9999 -9999 -9999
-9999 -9999 -9999 -9999 -9999 -9999 46.93220 -9999 -9999 -9999 -9999 -9999 -9999 -9999 -9999 -9999 -9999 -9999 -9999 -9999 -9999 -9999 -9999 -9999 -9999 -9999 -9999 -9999 -9999 -9999 -9999 -9999 -9999 -9999 -9999 -9999 -9999 -9999 -9999 -9999 -9999 -9999 -9999 -9999 -9999 -9999 -9999 -9999 -9999 -9999 -9999 -9999 -9999 -9999 -9999 -9999 -9999 -9999 -9999 -9999 -9999 -9999 -9999 -9999 -9999 -9999 -9999 -9999 -9999 -9999 -9999
-9999 -9999 52.71380 43.06840 45.40320 48.16420 48.05180 50.56230 52.48860 54.51470 55.72110 56.53740 57.17110 57.43500 57.38040 57.44310 56.46160 56.67760 55.57000 55.45790 53.43030 51.11850 -9999 -9999 -9999 -9999 -9999 -9999 -9999 -9999 -9999 -9999 -9999 -9999 -9999 -9999 -9999 -9999 -9999 -9999 -9999 -9999 -9999 -9999 -9999 -9999 -9999 -9999 -9999 -9999 -9999 -9999 -9999 -9999 -9999 -9999 -9999 -9999 -9999 -9999 -9999 -9999 -9999 -9999 -9999 -9999 -9999 -9999 -9999 -9999 -9999
-9999 -9999 -9999 -9999 47.82440 49.51150 52.17560 52.98310 55.14560 56.66510 57.89020 58.84640 59.67820 59.48380 59.88990 60.42850 59.17390 60.00210 58.54790 58.99340 59.15320 58.14100 -9999 -9999 -9999 -9999 -9999 -9999 -9999 -9999 -9999 -9999 -9999 -9999 -9999 -9999 -9999 -9999 -9999 -9999 -9999 -9999 -9999 -9999 -9999 -9999 -9999 -9999 -9999 -9999 -9999 -9999 -9999 -9999 -9999 -9999 -9999 -9999 -9999 -9999 -9999 -9999 -9999 -9999 -9999 -9999 -9999 -9999 -9999 -9999 -9999
44.08090 44.29410 47.01700 46.87170 48.06310 49.90430 51.32480 53.51410 55.62500 56.95580 57.73300 58.99660 59.92890 59.93740 61.00710 60.75670 59.72510 60.51100 59.06680 61.67450 56.50660 47.05370 60.39130 59.57940 58.69070 56.91820 57.56900 53.51990 -9999 -9999 -9999 -9999 -9999 -9999 -9999 -9999 -9999 -9999 -9999 -9999 -9999 -9999 -9999 -9999 -9999 -9999 -9999 -9999 -9999 -9999 -9999 -9999 -9999 -9999 -9999 -9999 -9999 -9999 -9999 -9999 -9999 -9999 -9999 -9999 -9999 -9999 -9999 -9999 -9999 -9999 -9999
45.95830 46.41900 49.39520 49.37390 48.83390 51.11430 52.91140 53.34020 53.90030 55.30970 56.54190 57.02460 59.19550 60.12040 59.83510 60.77290 60.04510 57.52260 47.22010 66.32980 63.50830 61.60550 61.22370 61.11080 60.10890 58.94500 58.97460 58.09860 56.14430 54.88820 51.96300 51.42840 50.91580 50.94880 47.95120 47.35070 47.53180 47.26800 46.96200 46.87910 42.92610 42.09930 42.70790 -9999 -9999 -9999 -9999 -9999 -9999 -9999 -9999 -9999 -9999 -9999 -9999 -9999 -9999 -9999 -9999 -9999 -9999 -9999 -9999 -9999 -9999 -9999 -9999 -9999 -9999 -9999 -9999
47.70350 49.95400 51.07700 50.97910 52.20360 53.51210 53.16570 53.86860 55.48650 56.48130 55.41450 55.29150 58.50630 57.24420 58.71070 58.39190 58.27200 57.27760 60.21880 64.30450 62.08940 62.10470 59.57680 67.59140 62.39060 56.99580 56.36040 55.10690 56.57630 59.06560 55.21070 54.55040 49.72660 49.06880 47.78580 47.28840 49.57230 48.66870 48.64960 47.38550 44.42290 43.79810 44.42090 37.83880 -9999 -9999 -9999 -9999 -9999 -9999 -9999 -9999 -9999 -9999 -9999 -9999 -9999 -9999 -9999 -9999 -9999 -9999 -9999 -9999 -9999 -9999 -9999 -9999 -9999 -9999 -9999
63.06120 60.48370 60.23750 61.58620 61.50950 61.84860 61.73750 60.91830 62.34410 60.29940 63.48170 61.85430 61.38730 61.64540 62.30650 61.29930 62.24120 61.92640 62.71810 47.02520 63.52270 62.94270 62.39140 61.33890 60.84180 62.18930 59.03930 55.63780 55.02720 54.92940 54.15570 52.59740 51.51970 51.64800 52.86520 52.82540 51.48620 50.99500 50.48570 50.84850 49.49720 48.99930 48.62000 47.23820 -9999 -9999 -9999 -9999 -9999 -9999 -9999 -9999 -9999 -9999 -9999 -9999 -9999 -9999 -9999 45.36260 45.72250 -9999 -9999 -9999 -9999 57.01470 59.07140 57.43680 57.31420 57.62510 59.78800
60.19930 61.77640 62.70390 62.62480 60.12430 58.08160 58.06330 60.42190 62.99400 62.71030 61.09310 62.27850 62.49160 64.14230 64.83320 62.98870 63.21500 62.41390 47.54730 63.92680 64.04220 63.10550 63.47720 62.08790 61.62810 58.54760 57.85550 56.65240 54.79670 53.48550 53.39620 52.55620 51.42800 50.56520 52.21560 54.07280 52.44090 51.06630 49.44940 41.72290 40.40860 40.67150 40.73420 41.36130 41.67590 40.72220 38.93770 46.17820 50.14900 51.19940 50.94780 54.84600 55.37970 52.92420 52.24770 58.70040 48.31780 49.26850 46.87090 47.52910 46.89450 -9999 -9999 -9999 -9999 -9999 61.89350 62.68190 61.73510 60.99020 59.75770
66.32910 63.41820 62.42880 68.03300 66.24730 57.01390 55.74360 55.90830 57.34970 56.51970 55.85340 57.98870 60.86550 63.68750 64.71950 52.60830 64.59210 64.93330 66.59340 63.70210 64.08370 64.03710 64.46980 64.17370 63.89810 64.04850 60.37740 59.42870 57.44230 58.70620 58.10060 57.26740 58.18500 57.93630 59.25740 60.48500 58.08720 59.65820 44.03670 46.05040 56.30270 43.07640 55.98360 54.12230 53.42230 53.32570 53.82900 52.88840 55.75700 58.38850 55.09400 55.49110 56.86150 62.24020 62.81420 57.69100 61.23920 60.94800 62.32080 61.99100 61.09620 63.90950 54.16520 53.47300 55.27910 59.35450 60.01960 59.45110 61.41820 63.24630 63.86150
65.30160 75.06330 59.54030 70.01680 69.16490 65.04130 60.18000 59.44610 53.55980 53.11080 53.92900 56.33520 58.04020 49.43940 62.03720 65.17210 63.07320 62.94020 66.74840 63.13000 68.18040 62.97360 62.51500 61.31370 63.93010 61.25370 59.65450 58.42580 59.58280 60.56990 60.71890 61.15330 61.17630 58.18730 59.00060 60.00400 45.56330 57.99060 57.54740 59.21320 56.72140 56.30080 56.01800 57.82100 58.02170 56.03650 55.74000 54.11410 55.04380 55.41720 58.63430 53.68620 57.28730 57.83570 59.44600 63.28700 66.14390 66.56090 66.31990 65.97190 63.74270 71.72420 68.84950 64.13850 58.65390 55.16820 57.14310 57.65650 58.89100 59.89900 69.08100
73.11060 71.10540 68.00830 56.49980 61.11540 55.83040 53.91230 59.77230 55.65140 52.42170 51.73880 51.57600 55.33980 57.56190 59.96270 61.68400 63.74990 64.39460 65.77580 69.14270 66.48920 64.83260 62.75320 60.52830 62.36330 62.22240 59.71900 60.37220 59.77270 59.04410 56.35120 41.91260 57.12020 57.06270 60.23810 60.05340 59.08260 57.65330 59.74990 62.14050 59.47150 58.72020 61.35850 62.27830 62.55350 59.25500 58.35650 55.34380 55.49940 57.32710 58.61450 59.76280 60.62460 59.96210 65.29670 63.60680 63.49810 59.68650 63.02930 68.72260 65.77740 65.05940 61.67930 65.73100 66.36510 70.55170 71.67800 73.76030 74.89120 73.84720 74.41240
71.47550 72.54180 71.89370 73.93350 70.16310 55.26200 54.37940 59.83080 60.17750 52.98410 65.83680 60.61320 61.35340 55.59890 55.35610 57.58390 59.93810 61.85620 65.33800 67.21130 67.15580 64.40420 62.05950 58.73960 61.79920 59.74660 59.23100 57.04680 60.05810 45.14270 54.64550 55.96080 55.83140 53.55970 54.99510 58.17840 58.45150 58.81820 59.56550 59.59790 61.90260 61.28770 56.78440 58.40450 62.94110 62.43460 60.80340 62.24510 58.45550 61.77080 63.14260 62.21070 62.40300 62.58370 64.84150 64.56430 63.14670 64.21470 65.47330 64.52700 63.93430 61.90300 68.41500 62.70770 64.78150 70.86790 65.55560 76.43270 77.98330 77.13690 68.85520
69.93250 75.24730 75.78170 75.10660 70.33090 71.04100 62.82930 57.23080 55.54420 52.38950 60.25100 68.25590 70.03270 62.91840 65.71130 62.15510 61.66940 59.54840 60.87340 60.53240 63.49000 63.82060 62.59800 59.38300 60.17650 60.46160 59.93250 58.18100 59.28640 59.64310 58.09230 58.75950 53.77870 53.47240 52.10210 54.64970 54.72000 57.64350 56.15220 55.02700 62.77060 63.64200 62.88280 63.74080 63.59850 62.97840 64.46920 60.60000 58.57350 59.45710 60.35440 61.83760 62.47710 64.56170 64.60950 66.02320 63.81630 64.88030 64.77000 66.17220 67.20490 68.55110 77.44900 68.42980 70.40260 67.18900 78.70560 78.65610 79.21400 68.46220 69.21680
80.13010 79.04350 80.95140 74.04440 71.16340 73.19730 79.14180 75.55130 65.01870 58.31090 50.82200 57.96090 65.75210 68.04320 66.83640 65.32730 70.13190 69.87640 67.39750 72.20420 64.16310 65.70210 63.28670 61.67980 62.49900 61.86150 59.66110 58.78080 64.52350 63.82540 57.74340 63.22130 59.55880 62.47700 56.43000 57.49390 58.80430 61.21260 64.27860 56.82570 58.26600 62.15120 63.08870 58.99700 62.97600 62.79670 62.59610 62.50450 60.58970 60.79950 59.24640 62.01840 63.99820 73.19540 65.60260 67.39380 73.40810 66.30680 68.99240 73.67710 72.14630 72.56340 71.10750 68.94290 69.70870 80.39480 70.81840 69.67920 70.54720 67.88390 67.50050
75.29220 78.01540 76.87480 77.35590 75.86300 72.12590 74.12720 78.64790 72.39770 67.53800 66.17510 69.93380 65.54420 66.26000 64.98730 72.88290 76.57830 69.11540 72.51140 73.47460 77.82660 67.97250 64.49750 65.00530 63.97990 63.72590 62.33170 65.03880 64.82720 63.88530 63.00390 63.06590 64.02070 59.75490 64.16060 59.54800 58.98940 58.62480 61.56550 59.71220 60.17200 61.89400 65.00350 61.88810 66.30970 67.54980 67.24980 67.38350 65.44140 65.90510 67.52480 67.91020 70.04990 71.09110 77.25140 74.23950 70.19320 70.74840 72.05300 74.21550 74.74960 75.33260 71.20120 80.98980 69.82370 70.88790 66.72920 66.94260 68.63360 75.30090 71.41940
78.34230 76.77560 75.53170 79.93970 79.36020 80.66050 80.52400 76.00020 75.48170 72.99030 65.55570 74.45100 72.86190 69.44890 73.50060 68.92180 66.97430 69.71480 69.18010 75.04070 71.69350 72.60750 69.95900 60.99060 63.02420 62.15660 63.58310 65.69740 65.28910 63.10360 62.75290 62.21740 62.40000 60.88340 58.73780 60.76610 62.81760 62.35390 63.88200 64.71040 63.52300 61.69860 64.30700 71.73300 69.26120 62.28840 67.61950 66.68680 70.70180 69.68220 67.63620 72.47720 70.13350 74.27350 70.70800 69.30260 72.64350 75.19030 70.14520 72.39950 72.83840 74.89010 75.47410 79.48410 72.23440 77.22670 76.61980 72.30230 62.61160 66.04310 66.30190
83.00380 82.65990 80.62370 82.11890 81.15060 81.93630 82.13110 82.76630 79.70830 78.62550 77.42120 76.53070 79.16560 69.31400 76.62590 77.32940 73.85250 71.64360 77.09600 69.73560 74.27680 74.01620 70.85570 70.46520 66.15980 62.86410 63.49180 65.91910 66.22170 63.31190 65.34100 64.00980 62.06310 62.31910 62.04680 60.10810 57.49240 58.41930 63.73640 64.45460 66.00500 70.83480 71.71670 74.09970 60.76210 57.74140 64.56060 66.43210 71.69620 69.43490 72.19960 68.92370 73.81280 73.00990 74.03810 73.94190 74.02810 71.53510 75.93270 80.33330 78.39070 72.61200 75.77070 75.71590 74.48140 82.58410 76.19900 65.21130 67.59510 64.54470 67.23280
87.65280 86.87530 82.55920 81.36730 82.87890 79.60980 81.51540 78.63270 75.06080 70.67990 74.05210 75.21120 71.10200 69.79380 72.86450 76.29520 76.91990 74.56480 72.35540 71.73640 74.36880 69.50390 67.72290 66.92820 69.26280 73.52120 64.92650 64.03420 69.54990 68.84330 66.90870 65.51970 62.23770 62.29940 61.45980 66.91910 67.67350 67.06340 62.82700 72.75920 77.55170 68.03720 69.10740 69.54420 69.40840 62.77850 70.56570 72.29240 73.71770 76.37890 69.52830 68.87990 67.94540 65.82370 66.02000 70.13780 74.55380 75.00940 75.77500 80.06110 76.51610 76.91450 75.00200 76.68260 76.33610 78.74160 75.86420 69.85380 66.26000 80.83600 84.69970
84.98850 86.87890 89.88600 91.64520 82.93660 84.54690 82.15540 79.84410 72.96450 73.37300 71.20740 71.28750 76.61940 75.13530 73.70300 74.12830 75.63820 73.07520 73.19880 70.04250 75.46140 72.62170 73.96660 70.68420 71.23120 74.77490 68.61670 65.28400 66.30560 69.50420 66.03100 63.01580 63.94390 67.97420 66.15170 62.25440 68.93470 71.03750 75.26780 63.97290 67.55290 67.04220 75.92540 76.74240 75.71530 74.81660 65.53150 75.45410 75.88990 72.44720 74.90090 69.85020 70.03420 71.42040 74.26110 72.71370 70.42820 72.20310 75.68850 67.72960 68.79670 66.47430 69.18690 68.50090 69.45000 72.70080 68.67030 73.70810 80.36340 83.01310 84.91010
89.23790 85.79460 87.74920 87.29210 88.39390 82.01440 90.39650 77.62670 78.14010 73.20500 64.88540 69.27300 77.55300 78.64980 76.91560 75.47640 74.52900 76.37220 75.04120 73.40210 74.28630 75.17190 71.51200 69.78000 67.55460 72.75940 73.18130 69.46000 65.64520 66.87590 72.91300 70.33410 68.54640 69.27390 70.31460 64.49950 69.57920 66.96920 69.53240 76.18110 77.26950 74.65320 78.67780 72.12960 71.00180 71.68810 71.40990 73.15310 73.48220 75.21040 74.39510 73.60330 73.64630 70.88350 73.53570 73.65700 73.59130 72.89210 72.59460 68.51830 70.25810 68.09600 65.82460 67.43850 80.43260 87.10060 86.43910 84.95420 84.86200 82.80010 85.96180
88.43210 87.46180 85.71790 87.52610 87.87200 78.33800 88.74980 89.11130 86.55270 79.30330 70.79290 73.98070 74.47550 76.77360 78.94640 80.00370 74.59370 75.84890 75.20380 76.34310 75.96340 76.75730 76.54180 70.96310 70.29780 68.98240 75.61100 71.43010 65.28570 70.82010 72.59830 77.79620 75.09260 74.44080 72.10580 80.22230 70.59230 76.34510 75.18280 74.89890 73.09370 81.72410 72.34440 74.32460 70.04440 66.60120 66.37410 71.84290 66.78620 67.88330 69.06030 69.63390 74.08040 70.28140 78.69150 78.20870 76.13780 74.49440 69.75080 73.96990 71.52050 68.51300 80.77090 85.22980 91.24850 90.46270 89.70680 91.53180 90.36240 90.34020 90.99800
87.29050 85.28400 86.53910 88.15950 84.97560 81.67450 73.61680 80.56690 77.26780 78.98530 74.17620 75.94990 75.64030 81.45430 78.77630 82.48520 79.50550 74.71130 75.34260 77.67110 77.93260 77.58330 79.11130 78.33000 71.06330 76.58060 77.84270 74.52380 70.48830 77.08000 75.19650 70.33330 78.26730 76.46580 71.72150 70.48510 76.08790 75.77300 72.07120 74.95210 74.40220 78.38970 77.89280 74.77440 71.35760 66.48730 72.54220 73.27900 70.67620 72.29980 -9999 -9999 73.58370 65.81640 74.85020 76.32480 69.33580 75.13670 78.64160 79.62550 80.81150 84.84880 87.44860 87.45560 92.19500 88.98290 88.27740 86.89890 91.58990 86.89050 83.36070
86.50710 86.39280 86.31470 86.36410 82.11950 87.50510 78.97250 83.65040 76.95730 76.69110 75.83360 77.06520 80.60160 76.28500 79.57440 81.39740 77.83720 77.24570 78.25820 76.55200 84.68190 76.79500 74.90010 79.14720 81.90270 75.94590 78.83420 74.46540 82.53290 77.11490 76.97130 69.27400 70.64060 72.25270 69.34350 76.56450 80.96110 71.91810 68.42990 -9999 -9999 -9999 -9999 68.77690 -9999 73.78680 64.49180 67.18640 72.17500 66.00240 -9999 -9999 69.40980 69.14480 69.65500 72.61410 79.95460 82.61870 82.79860 82.91540 84.88410 85.40070 86.02820 88.74570 92.35950 81.73630 80.51630 83.46300 86.14470 90.21340 90.70740
85.25550 86.69470 86.69930 85.79790 86.86400 86.09750 83.98050 81.10080 81.63060 83.69770 83.45350 81.98360 80.41340 81.82180 82.14040 79.22110 76.33400 77.75810 77.29900 78.17480 77.97120 77.02630 76.74940 74.42840 85.26610 78.52620 83.81170 76.36360 72.88810 73.58950 74.98130 76.53570 71.04000 72.14960 73.42990 76.92090 74.02890 -9999 -9999 -9999 -9999 -9999 -9999 -9999 71.61350 69.87250 70.60620 -9999 -9999 -9999 -9999 -9999 57.55790 70.52500 77.35450 69.64200 70.34140 70.75110 81.89220 84.40970 83.97250 85.64930 86.76360 77.86050 83.78510 91.68900 91.51510 87.70500 90.32910 91.66390 -9999
