data/hydroclimate-scenarios/1948-2000.Pcorr55N_Pref_Tref/monthly_summaries/et_monthly_tot_jul.1950-2000.asc
ncols	311
nrows	91
xllcenter	102.75
yllcenter	31.75
cellsize	0.5
NODATA_value	-9999
[rows 0 to 31 of 91, columns 71 to 141 of 311]
-9999 -9999 -9999 -9999 -9999 -9999 -9999 -9999 -9999 -9999 -9999 -9999 -9999 -9999 -9999 -9999 -9999 -9999 -9999 -9999 -9999 -9999 -9999 -9999 -9999 -9999 -9999 -9999 -9999 -9999 -9999 -9999 -9999 -9999 -9999 -9999 -9999 -9999 -9999 -9999 -9999 -9999 -9999 -9999 -9999 -9999 -9999 -9999 -9999 -9999 -9999 -9999 -9999 -9999 -9999 -9999 -9999 -9999 -9999 -9999 -9999 -9999 -9999 -9999 -9999 -9999 -9999 -9999 -9999 -9999 -9999
-9999 -9999 -9999 -9999 -9999 -9999 -9999 -9999 -9999 -9999 -9999 -9999 -9999 -9999 -9999 -9999 -9999 -9999 -9999 -9999 -9999 -9999 -9999 -9999 -9999 -9999 -9999 -9999 -9999 -9999 -9999 -9999 -9999 -9999 -9999 -9999 -9999 -9999 -9999 -9999 -9999 -9999 -9999 -9999 -9999 -9999 -9999 -9999 -9999 -9999 -9999 -9999 -9999 -9999 -9999 -9999 -9999 -9999 -9999 -9999 -9999 -9999 -9999 -9999 -9999 -9999 -9999 -9999 -9999 -9999 -9999
-9999 -9999 -9999 -9999 -9999 -9999 -9999 -9999 -9999 -9999 -9999 -9999 -9999 -9999 -9999 -9999 -9999 -9999 -9999 -9999 -9999 -9999 -9999 -9999 -9999 -9999 -9999 -9999 -9999 -9999 -9999 -9999 -9999 -9999 -9999 -9999 -9999 -9999 -9999 -9999 -9999 -9999 -9999 -9999 -9999 -9999 -9999 -9999 -9999 -9999 -9999 -9999 -9999 -9999 -9999 -9999 -9999 -9999 -9999 -9999 -9999 -9999 -9999 -9999 -9999 -9999 -9999 -9999 -9999 -9999 -9999
-9999 -9999 -9999 -9999 -9999 -9999 -9999 -9999 -9999 -9999 -9999 -9999 -9999 -9999 -9999 -9999 -9999 -9999 -9999 -9999 -9999 -9999 -9999 -9999 -9999 -9999 -9999 -9999 -9999 -9999 -9999 -9999 -9999 -9999 -9999 -9999 -9999 -9999 -9999 -9999 -9999 -9999 -9999 -9999 -9999 -9999 -9999 -9999 -9999 -9999 -9999 -9999 -9999 -9999 -9999 -9999 -9999 -9999 -9999 -9999 -9999 -9999 -9999 -9999 -9999 -9999 -9999 -9999 -9999 -9999 -9999
-9999 -9999 -9999 -9999 -9999 -9999 -9999 -9999 -9999 -9999 -9999 -9999 -9999 -9999 -9999 -9999 -9999 -9999 -9999 -9999 -9999 -9999 -9999 -9999 -9999 -9999 -9999 -9999 -9999 -9999 -9999 -9999 -9999 -9999 -9999 -9999 -9999 -9999 -9999 -9999 -9999 -9999 -9999 -9999 -9999 -9999 -9999 -9999 -9999 -9999 -9999 -9999 -9999 -9999 -9999 -9999 -9999 -9999 -9999 -9999 -9999 -9999 -9999 -9999 -9999 -9999 -9999 -9999 -9999 -9999 -9999
-9999 -9999 -9999 -9999 -9999 -9999 -9999 -9999 -9999 -9999 -9999 -9999 -9999 -9999 -9999 -9999 -9999 -9999 -9999 -9999 -9999 -9999 -9999 -9999 -9999 -9999 -9999 -9999 -9999 -9999 -9999 -9999 -9999 -9999 -9999 -9999 -9999 -9999 -9999 -9999 -9999 -9999 -9999 -9999 -9999 -9999 -9999 -9999 -9999 -9999 -9999 -9999 -9999 -9999 -9999 -9999 -9999 -9999 -9999 -9999 -9999 -9999 -9999 -9999 -9999 -9999 -9999 -9999 -9999 -9999 -9999
-9999 -9999 -9999 -9999 -9999 -9999 -9999 -9999 -9999 -9999 -9999 -9999 -9999 -9999 -9999 -9999 -9999 -9999 -9999 -9999 -9999 -9999 -9999 -9999 -9999 -9999 -9999 -9999 -9999 -9999 -9999 -9999 -9999 -9999 -9999 -9999 -9999 -9999 -9999 -9999 -9999 -9999 -9999 -9999 -9999 -9999 -9999 -9999 -9999 -9999 -9999 -9999 -9999 -9999 -9999 -9999 -9999 -9999 -9999 -9999 -9999 -9999 -9999 -9999 -9999 -9999 -9999 -9999 -9999 -9999 -9999
-9999 -9999 -9999 -9999 -9999 -9999 -9999 -9999 -9999 -9999 -9999 -9999 -9999 -9999 -9999 -9999 -9999 -9999 -9999 -9999 -9999 -9999 -9999 -9999 -9999 -9999 -9999 -9999 -9999 -9999 -9999 -9999 -9999 -9999 -9999 -9999 -9999 -9999 -9999 -9999 -9999 -9999 -9999 -9999 -9999 -9999 -9999 -9999 -9999 -9999 -9999 -9999 -9999 -9999 -9999 -9999 -9999 -9999 -9999 -9999 -9999 -9999 -9999 -9999 -9999 -9999 -9999 -9999 -9999 -9999 -9999
-9999 -9999 -9999 -9999 -9999 -9999 46.24780 -9999 -9999 -9999 -9999 -9999 -9999 -9999 -9999 -9999 -9999 -9999 -9999 -9999 -9999 -9999 -9999 -9999 -9999 -9999 -9999 -9999 -9999 -9999 -9999 -9999 -9999 -9999 -9999 -9999 -9999 -9999 -9999 -9999 -9999 -9999 -9999 -9999 -9999 -9999 -9999 -9999 -9999 -9999 -9999 -9999 -9999 -9999 -9999 -9999 -9999 -9999 -9999 -9999 -9999 -9999 -9999 -9999 -9999 -9999 -9999 -9999 -9999 -9999 -9999
-9999 -9999 52.47190 42.70250 45.10440 47.87670 47.35400 49.91460 51.98240 54.04680 55.37960 56.25890 57.03640 57.33460 57.30610 57.44740 56.48110 56.77560 55.66740 55.63150 53.53680 51.30200 -9999 -9999 -9999 -9999 -9999 -9999 -9999 -9999 -9999 -9999 -9999 -9999 -9999 -9999 -9999 -9999 -9999 -9999 -9999 -9999 -9999 -9999 -9999 -9999 -9999 -9999 -9999 -9999 -9999 -9999 -9999 -9999 -9999 -9999 -9999 -9999 -9999 -9999 -9999 -9999 -9999 -9999 -9999 -9999 -9999 -9999 -9999 -9999 -9999
-9999 -9999 -9999 -9999 47.26700 48.96920 51.57600 52.39100 54.58180 56.13130 57.32170 58.36640 59.37490 59.26690 59.82200 60.39920 59.07420 59.99430 58.62200 59.16440 59.42080 58.46790 -9999 -9999 -9999 -9999 -9999 -9999 -9999 -9999 -9999 -9999 -9999 -9999 -9999 -9999 -9999 -9999 -9999 -9999 -9999 -9999 -9999 -9999 -9999 -9999 -9999 -9999 -9999 -9999 -9999 -9999 -9999 -9999 -9999 -9999 -9999 -9999 -9999 -9999 -9999 -9999 -9999 -9999 -9999 -9999 -9999 -9999 -9999 -9999 -9999
43.63870 43.87290 46.42370 46.31520 47.55100 49.39620 50.74740 52.94850 55.10460 56.43580 57.17140 58.53790 59.62290 59.74390 60.97350 60.79710 59.77820 60.63500 59.30280 62.00730 56.88340 47.35090 60.63620 59.78860 59.08340 57.26210 57.90820 53.79340 -9999 -9999 -9999 -9999 -9999 -9999 -9999 -9999 -9999 -9999 -9999 -9999 -9999 -9999 -9999 -9999 -9999 -9999 -9999 -9999 -9999 -9999 -9999 -9999 -9999 -9999 -9999 -9999 -9999 -9999 -9999 -9999 -9999 -9999 -9999 -9999 -9999 -9999 -9999 -9999 -9999 -9999 -9999
45.83390 46.31880 48.91110 48.91100 48.42150 50.71480 52.40990 52.83400 53.45980 54.86090 56.10820 56.64350 58.97580 60.01090 59.84840 60.87480 60.23310 57.77540 47.46320 66.72060 63.76120 61.83770 61.36760 61.27720 60.36950 59.17020 59.18750 58.25680 56.29110 55.00730 51.94950 51.35680 50.71450 50.71370 47.69200 47.06230 47.41210 47.10780 46.89160 46.80930 42.60480 41.76640 42.28740 -9999 -9999 -9999 -9999 -9999 -9999 -9999 -9999 -9999 -9999 -9999 -9999 -9999 -9999 -9999 -9999 -9999 -9999 -9999 -9999 -9999 -9999 -9999 -9999 -9999 -9999 -9999 -9999
47.59240 49.81640 50.52400 50.46300 51.80370 53.12960 52.68830 53.38450 55.05420 56.04260 54.97990 54.90820 58.30040 57.12350 58.72050 58.48430 58.46880 57.61820 60.64940 64.70220 62.29280 62.23910 59.65920 67.68500 62.48240 57.13220 56.50090 55.21390 56.66650 59.10260 55.14600 54.44360 49.50680 48.79860 47.49710 46.96300 49.37700 48.47180 48.58580 47.30580 44.08240 43.45690 43.98630 37.43700 -9999 -9999 -9999 -9999 -9999 -9999 -9999 -9999 -9999 -9999 -9999 -9999 -9999 -9999 -9999 -9999 -9999 -9999 -9999 -9999 -9999 -9999 -9999 -9999 -9999 -9999 -9999
62.75160 60.20680 59.82880 61.37810 61.25080 61.58510 61.50110 60.67950 62.02650 59.96970 63.17740 61.59500 61.12040 61.44880 62.32400 61.42540 62.72450 62.47200 63.20310 47.38670 63.88270 63.28140 62.82760 61.75940 60.92330 62.21520 59.08220 55.64950 55.05510 54.93020 53.89140 52.27890 51.35660 51.45430 52.79490 52.74010 51.29680 50.76570 50.24230 50.60060 49.21910 48.73160 48.42630 47.02240 -9999 -9999 -9999 -9999 -9999 -9999 -9999 -9999 -9999 -9999 -9999 -9999 -9999 -9999 -9999 44.72230 45.16590 -9999 -9999 -9999 -9999 56.72420 58.91730 57.37410 57.24160 57.32960 59.47330
59.89490 61.50710 62.37660 62.40460 59.84860 57.84390 57.87440 60.23010 62.74000 62.43260 60.91350 62.15160 62.24680 63.98740 64.88970 63.17570 63.77450 62.97410 47.93260 64.41960 64.45730 63.52890 63.93340 62.56110 61.76450 58.62520 57.93620 56.69130 54.81580 53.46310 53.13570 52.24760 51.26130 50.36380 52.14220 53.98000 52.23480 50.83570 49.20300 41.38730 40.10760 40.39230 40.50910 41.05480 41.44690 40.47640 38.67030 45.89560 49.88700 50.97170 50.40310 54.35110 54.89500 52.36710 51.73570 58.25520 47.61280 48.57500 46.23310 46.89950 46.28610 -9999 -9999 -9999 -9999 -9999 61.60600 62.50090 61.59350 60.91230 59.61870
66.57070 63.67600 62.16650 67.86760 65.98150 56.75280 55.47380 55.65100 57.08440 56.24990 55.63650 57.83970 60.78450 63.67110 64.84780 52.82440 64.84230 65.19220 67.03780 64.12860 64.39440 64.34150 64.77230 64.44720 64.10700 64.20650 60.46050 59.45730 57.47800 58.71680 58.03150 57.15360 58.29760 58.02030 59.28260 60.46160 57.85490 59.38670 43.71960 45.69030 56.02920 42.80160 55.66890 53.81420 53.36380 53.22960 53.61370 52.65080 55.33400 57.96790 54.54410 54.92720 56.29670 61.75020 62.51860 57.12030 60.75340 60.45470 61.90440 61.45490 60.52510 63.39040 53.51430 52.86900 54.77750 58.93700 59.61520 59.00590 61.04010 62.98620 63.56520
65.57290 75.33950 59.25810 69.88920 69.01330 64.83170 59.93700 59.21620 53.35140 52.90290 53.75520 56.23630 58.01870 49.53220 62.20060 65.34170 63.24050 63.13430 67.15470 63.50380 68.42370 63.23370 62.73900 61.52960 64.09250 61.37250 59.73500 58.44010 59.62760 60.60930 60.69030 61.08680 61.31630 58.27050 59.02370 59.99300 45.32840 57.72250 57.24120 58.89800 56.45240 56.07020 55.72590 57.53140 57.93990 55.94690 55.50280 53.89190 54.64990 55.02360 58.12540 53.13060 56.74340 57.24380 58.83860 62.91480 65.87090 66.21010 66.02960 65.68510 63.32250 71.64350 68.47010 63.62650 58.15760 54.71440 56.68030 57.18850 58.45950 59.62490 68.99910
72.94550 70.93640 67.69920 56.29040 60.95850 55.70370 53.67430 59.60630 55.48020 52.25100 51.52470 51.43350 55.43480 57.71900 60.07170 61.78730 63.79400 64.44960 65.90200 69.29530 66.60780 64.93140 62.92890 60.67650 62.51900 62.37950 59.87860 60.51660 59.80460 59.03000 56.31280 41.77870 57.01580 56.94130 60.11250 59.91260 58.76310 57.29720 59.43050 61.83670 59.31290 58.56780 61.08960 62.02890 62.36530 59.05220 58.02690 54.99130 55.01920 56.90310 58.08010 59.21950 60.17840 59.51800 64.83700 63.08820 63.10250 59.28480 62.71660 68.55000 65.75440 65.08270 61.65040 65.56510 66.17970 70.30910 71.54430 73.59970 74.80020 73.78400 74.45730
71.32730 72.38670 71.61290 73.70120 70.04510 55.15220 54.17720 59.68810 60.05810 52.86840 65.71120 60.52720 61.44480 55.71300 55.45230 57.66570 59.88460 61.83050 65.40280 67.28920 67.21040 64.45080 62.15590 58.79740 61.88710 59.82030 59.32220 57.10970 60.10070 45.09190 54.59380 55.90610 55.73270 53.45390 54.92130 58.09450 58.18150 58.53530 59.27620 59.30410 61.80200 61.19780 56.60370 58.19220 62.74490 62.21980 60.50060 61.93230 58.00610 61.39380 62.70250 61.71550 62.00810 62.14770 64.44020 64.18330 62.84660 64.14520 65.17350 64.16830 63.62390 61.58610 68.08990 62.42940 64.69320 70.76610 65.38740 76.42270 77.94250 77.13260 68.79650
69.72180 74.99130 75.61590 74.90610 70.23640 70.91490 62.72560 57.15690 55.46460 52.35950 60.19650 68.18800 69.91710 62.83290 65.67100 62.11850 61.71530 59.54000 60.81560 60.48280 63.54220 63.89790 62.62040 59.37300 60.14100 60.41840 59.88920 58.11210 59.13880 59.49080 58.03320 58.71020 53.79670 53.49870 52.12920 54.68730 54.46520 57.38650 55.84000 54.65080 62.66360 63.50440 62.68590 63.52640 63.46750 62.82890 64.22670 60.36480 58.25230 59.11590 59.91830 61.37760 62.18340 64.11830 64.22920 65.58430 63.73270 64.85380 64.69980 66.23140 67.13980 68.36920 77.26130 68.06680 70.11630 66.86230 78.49460 78.56680 79.15530 68.25930 68.96070
79.94340 78.85100 80.80140 73.92840 71.09920 73.14850 79.10290 75.52630 65.05870 58.34300 50.78410 57.88770 65.67970 67.92680 66.75640 65.25850 70.11540 69.83210 67.33210 72.08170 64.13600 65.68680 63.24210 61.60770 62.39100 61.72820 59.56560 58.65930 64.33490 63.67430 57.69310 63.15650 59.63610 62.55680 56.47130 57.56310 58.56290 60.99490 64.00840 56.49810 58.19200 62.03650 62.93600 58.82290 62.88620 62.69210 62.34860 62.22710 60.29950 60.48370 58.90360 61.70250 63.70370 73.07500 65.31250 67.10920 73.57320 66.23060 68.98870 73.80140 72.01560 72.39040 70.83390 68.55850 69.34070 80.17280 70.51860 69.36580 70.28670 67.61630 67.15960
75.50120 78.13330 76.88040 77.38900 75.75870 72.05290 74.04750 78.64860 72.43720 67.62280 66.49550 70.24620 65.64270 66.38010 64.91350 72.84340 76.60960 69.11620 72.52490 73.45050 77.70570 67.91760 64.40600 64.89960 63.83760 63.56790 62.11290 64.84930 64.78990 63.86160 62.93940 62.96280 63.93840 59.60650 64.02150 59.34610 58.74510 58.37670 61.30940 59.45950 59.85940 61.59490 64.89480 61.76200 66.07340 67.40780 67.14580 67.23660 65.30260 65.87190 67.49380 67.82470 69.99830 71.20950 77.42100 74.43990 70.11090 70.75310 71.91090 74.01340 74.59140 75.09450 70.79570 80.71890 69.50970 70.43210 66.37470 66.60660 68.27330 75.07040 71.14280
78.61140 77.00490 75.54660 79.99790 79.16780 80.50330 80.39710 75.89220 75.44950 73.04070 65.90620 74.65760 72.96160 69.57560 73.47250 68.87850 66.92260 69.72110 69.18750 75.04880 71.68320 72.53670 69.78720 60.83760 62.82660 61.97860 63.37580 65.51810 65.24120 63.08010 62.67440 62.09340 62.29270 60.73480 58.48760 60.48460 62.50640 62.03890 63.55510 64.35900 63.07220 61.29200 64.13560 71.57490 68.98200 62.11990 67.41950 66.49060 70.66370 69.67580 67.61930 72.48160 69.99970 74.28810 70.78890 69.38590 72.66710 75.21480 69.90860 72.15400 72.58340 74.63680 75.12840 79.14070 71.76590 76.82330 76.36100 72.01330 62.25650 65.79340 65.95670
82.86950 82.52800 80.53420 82.03170 81.09230 81.89500 81.97320 82.61180 79.74900 78.68330 77.46490 76.58150 79.28230 69.46020 76.62320 77.34290 73.78040 71.55860 77.14880 69.75440 74.23850 73.98280 70.68310 70.26270 65.82730 62.54410 63.11280 65.58530 66.18730 63.33710 65.26910 63.87420 61.93380 62.12920 61.88740 59.90450 57.17600 58.08550 63.47930 64.20280 65.80040 70.63310 71.49960 73.92230 60.31740 57.42240 64.44020 66.27960 71.66520 69.41750 72.23150 68.83860 73.66220 73.00650 74.00000 73.85260 73.91640 71.30900 76.00830 80.33860 78.26430 72.46650 75.54090 75.36630 74.14740 82.24670 75.85080 64.84510 67.23730 64.29490 66.79080
87.44690 86.71110 82.43190 81.25110 82.68810 79.42950 81.36730 78.51400 75.07300 70.69840 74.13420 75.29850 71.14030 69.88590 72.82290 76.24700 76.87850 74.52570 72.38420 71.80070 74.34280 69.46570 67.55420 66.76720 69.00130 73.26690 64.54640 63.67370 69.50080 68.80890 66.81750 65.37200 62.14220 62.13840 61.29040 66.74430 67.37020 66.73770 62.60900 72.68770 77.56680 67.77460 68.89760 69.51590 69.33650 62.45760 70.46060 72.20270 73.68470 76.38760 69.43080 68.72330 67.61880 65.50620 65.64640 69.85060 74.37460 74.89760 75.71830 80.10050 76.45110 76.90280 74.89710 76.59760 76.17550 78.47480 75.55650 69.51130 65.89600 80.65720 84.55020
84.82850 86.78290 89.83060 91.56860 82.84730 84.42390 81.94180 79.69410 72.91170 73.39770 71.20210 71.20030 76.54390 75.05060 73.70100 74.12770 75.58650 73.00960 73.25690 70.06720 75.37510 72.51370 73.82710 70.48160 70.96920 74.49390 68.38930 65.05830 66.21030 69.36810 65.94800 62.83180 63.78890 67.73680 65.91060 61.98670 68.97710 71.03270 75.24860 63.95470 67.58270 67.04100 76.17030 76.93190 75.70380 74.80880 65.35680 75.48710 75.92640 72.44590 74.91900 69.85290 69.97530 71.40560 74.23890 72.68830 70.29440 71.98820 75.52700 67.59310 68.74920 66.49820 69.23580 68.63500 69.51340 72.69270 68.54110 73.45800 80.17920 82.96150 84.85600
89.07030 85.60580 87.59150 87.21410 88.19970 81.97770 90.34340 77.69850 78.35240 73.55370 65.21300 69.53600 77.80760 78.76420 76.92710 75.46060 74.52880 76.39620 75.09730 73.48450 74.21010 75.11940 71.42200 69.60750 67.31740 72.53350 73.00920 69.26250 65.57340 66.83480 72.80350 70.25840 68.48570 69.14700 70.18060 64.32740 69.68730 67.02710 69.54760 76.23380 77.36640 74.79410 78.85620 72.23950 70.92110 71.59010 71.32770 73.09570 73.50730 75.23150 74.45530 73.61160 73.54530 70.71250 73.47010 73.58340 73.39230 72.65590 72.41230 68.44230 70.24670 68.17360 65.96650 67.48260 80.43110 87.16310 86.50980 84.97070 84.85510 82.67410 85.93380
88.09670 87.14780 85.70970 87.56780 87.79680 78.31940 88.70030 89.28900 86.77810 79.65890 71.11020 74.23760 74.76670 77.04940 79.02150 80.00990 74.59550 75.74260 75.09360 76.24490 75.86430 76.70910 76.52850 70.87550 70.19440 68.85700 75.56170 71.37650 65.41900 70.97300 72.67600 77.91630 75.20610 74.50000 72.17720 80.20250 70.79620 76.50280 75.33460 74.96170 73.13680 81.86900 72.47470 74.41200 69.64790 66.20340 66.13080 71.63130 66.80310 67.92420 68.97930 69.52410 73.92420 70.19870 78.62100 78.12110 76.00430 74.42570 69.82050 74.01940 71.70210 68.73310 80.90620 85.39550 91.43420 90.64730 89.92070 91.72960 90.37580 90.32780 91.15690
86.97140 85.01680 86.57510 88.22570 84.93500 81.71790 73.65220 80.68230 77.51610 79.38650 74.51310 76.20490 75.97590 81.60720 78.86580 82.60930 79.47900 74.69170 75.22300 77.58990 77.87490 77.61240 79.17030 78.37810 71.06800 76.53150 77.87540 74.51050 70.57350 77.19300 75.30030 70.47360 78.41930 76.64150 71.85040 70.61180 76.39780 76.04470 72.23480 75.05090 74.48350 78.39660 78.01250 74.79870 70.98690 66.13350 72.39010 73.14860 70.75970 72.36460 -9999 -9999 73.45950 65.68830 74.68840 76.20790 69.30570 75.11320 78.70880 79.78100 81.03020 85.06570 87.65210 87.64230 92.44690 89.29100 88.55410 87.19290 91.64960 86.86180 83.51220
86.26990 86.16850 86.10810 86.21210 82.18910 87.63890 79.08270 84.03320 77.33370 77.13350 76.22670 77.42850 80.94500 76.57160 79.81020 81.60110 77.92750 77.31110 78.11070 76.46610 84.70780 76.88630 75.03800 79.31960 82.06380 76.16640 79.06820 74.65540 82.57770 77.19050 77.05300 69.43120 70.80930 72.45330 69.68160 76.93000 81.19730 72.12930 68.62530 -9999 -9999 -9999 -9999 68.62260 -9999 73.69430 64.60820 67.27970 72.16570 65.95030 -9999 -9999 69.28790 69.14770 69.64280 72.54730 79.99700 82.74410 83.31250 83.42610 85.19700 85.72020 86.27280 89.00170 92.48310 81.96150 80.73230 83.61350 86.20470 90.29400 90.82370
84.93260 86.49730 86.51340 85.66330 86.92950 86.36350 84.26110 81.55080 82.14200 84.20450 83.91950 82.35470 80.75620 82.00340 82.35200 79.42150 76.45810 77.80830 77.22730 78.16160 78.04740 77.16940 76.89390 74.63510 85.55710 78.81870 84.06300 76.56120 72.95710 73.69610 75.08850 76.69160 71.20290 72.35650 73.72610 77.35460 74.40960 -9999 -9999 -9999 -9999 -9999 -9999 -9999 71.56980 69.81660 70.76140 -9999 -9999 -9999 -9999 -9999 57.59360 70.57950 77.44290 69.65850 70.48530 70.94600 82.42440 84.87500 84.26510 85.93960 86.95040 78.06040 83.85980 91.72820 91.63670 87.83700 90.42640 91.64240 -9999
