data/hydroclimate-scenarios/1948-2000.Pcorr55N_Pref_Tref/monthly_summaries/et_monthly_tot_apr.asc
ncols	311
nrows	91
xllcenter	102.75
yllcenter	31.75
cellsize	0.5
NODATA_value	-9999
[rows 0 to 31 of 91, columns 0 to 71 of 311]
-9999 -9999 -9999 -9999 -9999 -9999 -9999 -9999 -9999 -9999 -9999 -9999 -9999 -9999 -9999 -9999 -9999 -9999 -9999 -9999 -9999 -9999 -9999 -9999 -9999 -9999 -9999 -9999 -9999 -9999 -9999 -9999 -9999 -9999 -9999 -9999 -9999 -9999 -9999 -9999 -9999 -9999 -9999 -9999 -9999 -9999 -9999 -9999 -9999 -9999 -9999 -9999 -9999 -9999 -9999 -9999 -9999 -9999 -9999 -9999 -9999 -9999 -9999 -9999 -9999 -9999 -9999 -9999 -9999 -9999 -9999 -9999
-9999 -9999 -9999 -9999 -9999 -9999 -9999 -9999 -9999 -9999 -9999 -9999 -9999 -9999 -9999 -9999 -9999 -9999 -9999 -9999 -9999 -9999 -9999 -9999 -9999 -9999 -9999 -9999 -9999 -9999 -9999 -9999 -9999 -9999 -9999 -9999 -9999 -9999 -9999 -9999 -9999 -9999 -9999 -9999 -9999 -9999 -9999 -9999 -9999 -9999 -9999 -9999 -9999 -9999 -9999 -9999 -9999 -9999 -9999 -9999 -9999 -9999 -9999 -9999 -9999 -9999 -9999 -9999 -9999 -9999 -9999 -9999
-9999 -9999 -9999 -9999 -9999 -9999 -9999 -9999 -9999 -9999 -9999 -9999 -9999 -9999 -9999 -9999 -9999 -9999 -9999 -9999 -9999 -9999 -9999 -9999 -9999 -9999 -9999 -9999 -9999 -9999 -9999 -9999 -9999 -9999 -9999 -9999 -9999 -9999 -9999 -9999 -9999 -9999 -9999 -9999 -9999 -9999 -9999 -9999 -9999 -9999 -9999 -9999 -9999 -9999 -9999 -9999 -9999 -9999 -9999 -9999 -9999 -9999 -9999 -9999 -9999 -9999 -9999 -9999 -9999 -9999 -9999 -9999
-9999 -9999 -9999 -9999 -9999 -9999 -9999 -9999 -9999 -9999 -9999 -9999 -9999 -9999 -9999 -9999 -9999 -9999 -9999 -9999 -9999 -9999 -9999 -9999 -9999 -9999 -9999 -9999 -9999 -9999 -9999 -9999 -9999 -9999 -9999 -9999 -9999 -9999 -9999 -9999 -9999 -9999 -9999 -9999 -9999 -9999 -9999 -9999 -9999 -9999 -9999 -9999 -9999 -9999 -9999 -9999 -9999 -9999 -9999 -9999 -9999 -9999 -9999 -9999 -9999 -9999 -9999 -9999 -9999 -9999 -9999 -9999
-9999 -9999 -9999 -9999 -9999 -9999 -9999 -9999 -9999 -9999 -9999 -9999 -9999 -9999 -9999 -9999 -9999 -9999 -9999 -9999 -9999 -9999 -9999 -9999 -9999 -9999 -9999 -9999 -9999 -9999 -9999 -9999 -9999 -9999 -9999 -9999 -9999 -9999 -9999 -9999 -9999 -9999 -9999 -9999 -9999 -9999 -9999 -9999 -9999 -9999 -9999 -9999 -9999 -9999 -9999 -9999 -9999 -9999 -9999 -9999 -9999 -9999 -9999 -9999 -9999 -9999 -9999 -9999 -9999 -9999 -9999 -9999
-9999 -9999 -9999 -9999 -9999 -9999 -9999 -9999 -9999 -9999 -9999 -9999 -9999 -9999 -9999 -9999 -9999 -9999 -9999 -9999 -9999 -9999 -9999 -9999 -9999 -9999 -9999 -9999 -9999 -9999 -9999 -9999 -9999 -9999 -9999 -9999 -9999 -9999 -9999 -9999 -9999 -9999 -9999 -9999 -9999 -9999 -9999 -9999 -9999 -9999 -9999 -9999 -9999 -9999 -9999 -9999 -9999 -9999 -9999 -9999 -9999 -9999 -9999 -9999 -9999 -9999 -9999 -9999 -9999 -9999 -9999 -9999
-9999 -9999 -9999 -9999 -9999 -9999 -9999 -9999 -9999 -9999 -9999 -9999 -9999 -9999 -9999 -9999 -9999 -9999 -9999 -9999 -9999 -9999 -9999 -9999 -9999 -9999 -9999 -9999 -9999 -9999 -9999 -9999 -9999 -9999 -9999 -9999 -9999 -9999 -9999 -9999 -9999 -9999 -9999 -9999 -9999 -9999 -9999 -9999 -9999 -9999 -9999 -9999 -9999 -9999 -9999 -9999 -9999 -9999 -9999 -9999 -9999 -9999 -9999 -9999 -9999 -9999 -9999 -9999 -9999 -9999 -9999 -9999
-9999 -9999 -9999 -9999 -9999 -9999 -9999 -9999 -9999 -9999 -9999 -9999 -9999 -9999 -9999 -9999 -9999 -9999 -9999 -9999 -9999 -9999 -9999 -9999 -9999 -9999 -9999 -9999 -9999 -9999 -9999 -9999 -9999 -9999 -9999 -9999 -9999 -9999 -9999 -9999 -9999 -9999 8.13821 7.72869 7.71385 8.04347 8.06321 8.46434 8.55866 9.03530 9.21432 9.62639 -9999 -9999 -9999 -9999 -9999 -9999 -9999 -9999 -9999 -9999 -9999 -9999 -9999 -9999 -9999 -9999 -9999 -9999 -9999 -9999
-9999 -9999 -9999 -9999 -9999 -9999 -9999 -9999 -9999 -9999 -9999 -9999 -9999 -9999 -9999 -9999 -9999 -9999 -9999 -9999 -9999 -9999 -9999 -9999 -9999 -9999 -9999 -9999 -9999 -9999 -9999 -9999 -9999 -9999 -9999 -9999 -9999 -9999 6.14327 5.66166 5.90858 5.95796 5.92982 6.58135 6.65501 6.49521 6.51823 7.10314 7.20660 7.85637 7.99045 8.51394 8.67591 11.14490 -9999 -9999 -9999 -9999 -9999 -9999 -9999 -9999 -9999 -9999 -9999 -9999 -9999 -9999 -9999 -9999 -9999 -9999
-9999 -9999 -9999 -9999 -9999 -9999 -9999 -9999 -9999 -9999 -9999 -9999 -9999 -9999 -9999 -9999 -9999 -9999 -9999 -9999 -9999 -9999 -9999 -9999 -9999 -9999 -9999 -9999 -9999 -9999 -9999 -9999 -9999 -9999 -9999 -9999 -9999 -9999 -9999 -9999 6.30572 6.27563 6.09368 6.58538 6.67777 6.50718 6.68130 7.56462 7.58054 8.10941 8.16225 8.95933 8.98930 11.70680 -9999 -9999 -9999 -9999 -9999 -9999 -9999 -9999 -9999 -9999 -9999 -9999 -9999 -9999 -9999 -9999 -9999 -9999
-9999 -9999 -9999 -9999 -9999 -9999 -9999 -9999 -9999 -9999 -9999 -9999 -9999 -9999 -9999 -9999 -9999 -9999 -9999 -9999 -9999 -9999 -9999 -9999 -9999 -9999 -9999 -9999 -9999 -9999 -9999 -9999 -9999 -9999 -9999 -9999 -9999 -9999 -9999 -9999 -9999 -9999 -9999 -9999 5.24090 5.73138 5.57175 5.80572 6.00305 6.88407 6.87440 6.99780 7.41469 9.44016 -9999 -9999 -9999 -9999 -9999 -9999 8.31392 -9999 -9999 -9999 -9999 -9999 -9999 -9999 -9999 -9999 -9999 -9999
-9999 -9999 -9999 -9999 -9999 -9999 -9999 -9999 -9999 -9999 -9999 -9999 -9999 -9999 -9999 -9999 -9999 -9999 -9999 -9999 -9999 -9999 -9999 -9999 -9999 -9999 -9999 -9999 -9999 -9999 -9999 -9999 -9999 -9999 -9999 -9999 -9999 -9999 -9999 -9999 -9999 5.10879 5.07723 5.26471 5.32281 6.19942 6.00767 6.12268 6.32185 7.20259 6.98485 7.25443 7.78347 8.29421 -9999 -9999 -9999 -9999 -9999 8.90259 8.86863 9.17471 9.19701 9.99613 10.02130 10.40630 10.24670 10.06720 10.24170 10.34500 10.23150 9.92483
-9999 -9999 -9999 -9999 -9999 -9999 -9999 -9999 -9999 -9999 -9999 -9999 -9999 -9999 -9999 -9999 -9999 -9999 -9999 -9999 -9999 -9999 -9999 -9999 -9999 -9999 -9999 -9999 -9999 -9999 -9999 -9999 -9999 -9999 -9999 -9999 -9999 -9999 -9999 -9999 -9999 4.25922 4.20239 4.79499 4.93179 5.49628 5.57735 5.13317 5.29158 5.93913 5.82657 5.85379 5.91078 6.49721 6.83086 6.74702 7.27882 -9999 8.43247 7.46941 7.61108 8.05432 8.09348 8.78243 8.75962 9.85645 9.99982 9.96968 10.00330 10.00410 10.08260 9.50475
-9999 -9999 -9999 -9999 -9999 -9999 -9999 -9999 -9999 -9999 -9999 -9999 -9999 -9999 -9999 -9999 -9999 -9999 -9999 -9999 -9999 -9999 -9999 -9999 -9999 -9999 -9999 -9999 -9999 -9999 -9999 -9999 -9999 -9999 -9999 4.88267 4.85015 4.73843 4.66057 4.95012 4.97685 4.77353 4.70401 5.38856 5.45279 5.90360 5.89465 5.60461 5.68551 6.13689 5.83639 6.04814 5.67524 6.37548 6.44802 6.40131 6.97650 8.29514 8.96971 7.95381 8.05329 8.49528 8.57151 8.60943 8.81751 10.37830 10.41690 10.23970 10.44680 10.51320 10.39230 9.97288
-9999 -9999 -9999 -9999 -9999 -9999 -9999 -9999 -9999 -9999 -9999 -9999 -9999 -9999 -9999 -9999 -9999 -9999 -9999 -9999 -9999 -9999 -9999 -9999 -9999 -9999 -9999 -9999 -9999 -9999 -9999 -9999 -9999 -9999 5.16563 4.84559 4.84397 4.96573 5.01652 5.16323 5.16933 5.52055 5.49968 4.72727 4.77338 4.53322 4.64460 4.75917 4.74645 4.51443 4.36491 4.48007 4.13289 4.38686 4.48703 5.24509 5.94083 7.01456 7.74944 8.65896 8.64038 8.83727 8.48610 7.53101 8.17566 8.39859 8.47915 9.09106 8.55070 8.96221 8.65981 7.66565
-9999 -9999 -9999 -9999 -9999 -9999 -9999 -9999 -9999 -9999 -9999 -9999 -9999 -9999 -9999 -9999 -9999 -9999 -9999 -9999 -9999 -9999 -9999 -9999 -9999 -9999 -9999 -9999 -9999 -9999 -9999 -9999 -9999 5.51807 5.46298 5.23478 5.22112 5.38616 5.39462 5.53933 5.47295 5.75328 5.68811 5.14414 5.09207 4.87605 4.82897 4.90990 4.45291 4.38153 4.20507 4.21595 5.13246 4.58608 5.01983 5.74201 6.03375 7.57189 8.28564 8.92951 8.79395 9.70690 9.81851 9.47010 9.37225 9.25940 8.81439 9.39807 9.21407 9.49800 9.27284 8.31956
-9999 -9999 -9999 -9999 -9999 -9999 -9999 -9999 -9999 -9999 -9999 -9999 -9999 -9999 -9999 -9999 -9999 -9999 -9999 -9999 -9999 -9999 -9999 -9999 -9999 -9999 -9999 -9999 -9999 -9999 -9999 6.60247 6.47877 6.36851 6.22605 5.65734 5.68010 5.61358 5.59524 5.96337 5.82150 5.98126 5.62646 5.45605 5.44872 4.77098 4.73043 4.61926 4.26476 4.13632 3.80457 3.78130 4.69886 4.64044 4.82722 5.35835 6.11643 6.83727 6.70704 8.21714 8.58644 9.31456 9.21264 8.76866 8.73835 8.64931 8.46021 9.09966 9.13048 8.25167 7.84051 7.35392
-9999 -9999 -9999 -9999 -9999 -9999 -9999 -9999 -9999 -9999 -9999 -9999 -9999 -9999 -9999 -9999 -9999 -9999 -9999 -9999 -9999 -9999 -9999 -9999 -9999 -9999 -9999 -9999 -9999 7.02254 7.13714 6.80782 6.58854 6.78795 6.79589 6.06704 6.06927 5.85410 5.89995 6.34633 6.43800 6.38806 6.36455 5.96144 5.79099 4.97322 4.89307 4.67527 4.04403 4.00647 3.88971 5.14597 5.10498 4.92279 5.03573 5.52780 6.43040 7.14573 7.60777 9.11914 9.26488 9.56658 9.70879 8.83386 8.87600 9.09704 8.75096 9.16241 8.97888 8.56116 8.70587 7.76335
-9999 -9999 -9999 -9999 -9999 -9999 -9999 -9999 -9999 -9999 -9999 -9999 -9999 -9999 -9999 -9999 -9999 -9999 -9999 -9999 -9999 -9999 -9999 -9999 7.22506 7.23986 7.38012 7.30917 7.32352 7.20941 6.98901 7.09080 6.92864 6.79815 6.71812 6.63257 6.47922 6.27250 6.15348 6.41342 6.49249 6.83565 7.06419 6.84219 6.70603 6.42524 6.42424 5.53373 5.07451 4.59185 4.60485 4.96066 4.65697 5.39092 6.09953 6.71868 7.32202 8.47055 8.59642 9.40340 9.49590 10.45240 9.90064 9.37379 9.57314 8.04453 7.84400 7.26685 7.55979 7.60097 6.69338 6.85744
-9999 -9999 -9999 -9999 -9999 -9999 6.92481 6.75902 6.60534 6.49767 6.63877 -9999 -9999 -9999 -9999 -9999 -9999 -9999 -9999 -9999 -9999 7.59371 7.42505 7.48619 7.46550 7.59295 7.68611 7.48991 7.39663 7.34074 7.32273 7.25721 7.11087 7.09242 7.01664 6.85651 6.69763 6.72855 6.58092 7.11580 7.13697 6.86414 6.96841 7.22860 7.21056 6.76072 6.77250 6.08766 5.38219 4.87671 4.64489 4.54039 4.86297 5.74346 6.75428 7.47387 7.75723 9.01999 9.72631 9.89126 9.89718 10.90600 10.68610 9.37472 9.03864 8.60298 9.33995 7.63767 7.69975 7.75945 7.82541 7.38148
-9999 -9999 -9999 -9999 -9999 7.11869 7.03647 6.66685 7.00092 6.57831 6.69664 6.06222 6.14576 5.79056 -9999 -9999 -9999 6.82933 6.79240 6.58870 6.65712 6.77972 6.92499 7.59780 7.35802 7.39338 7.50583 7.50568 7.48309 7.68244 7.48136 7.43102 7.45563 7.33950 7.85179 7.49216 7.01593 7.32685 7.70169 7.58470 7.49780 7.43869 7.14553 7.27811 7.64252 7.34516 7.12248 5.98090 5.74220 5.46218 5.35390 5.07729 5.29427 6.28570 6.71792 7.61169 8.02418 8.30885 8.88139 8.85359 9.12792 8.75938 8.87906 8.57826 8.08820 7.61112 7.63110 6.52059 6.75416 6.61812 6.59054 6.17177
-9999 7.64526 7.28155 7.73889 7.62985 7.32432 7.25210 7.30016 7.17701 6.93014 6.82962 6.29093 6.21084 6.08690 6.19626 7.04681 7.37007 7.15932 6.96547 7.09768 7.17823 7.33044 7.51754 8.14945 8.18514 7.86900 7.73750 7.62249 7.60347 7.90369 7.90101 8.11304 8.51517 8.23759 7.94895 7.62065 7.59508 7.98765 8.64776 8.10004 7.99961 8.08741 7.27845 7.74391 7.36733 7.22902 7.52538 6.57791 6.32663 6.07988 5.98533 5.39068 5.67879 6.04703 6.48412 7.68236 8.42105 9.11008 9.04935 9.13954 9.37269 9.37198 8.96040 8.31885 7.79639 8.00997 7.89722 6.59248 6.97838 6.61555 6.01914 5.74089
-9999 7.88402 7.79244 7.46010 7.40797 7.47718 8.02797 7.65148 7.64885 7.42943 7.20127 6.99347 6.83943 6.70244 6.79678 7.28006 7.13932 7.21909 7.35919 7.68337 7.46445 8.08571 8.06211 8.22472 8.35139 8.74163 8.82323 8.36882 8.17351 8.36717 8.66115 8.64863 8.39220 8.23378 8.14531 8.07448 7.85121 8.26116 8.46346 9.16998 8.95193 8.24106 7.61598 7.51848 7.57771 7.94359 7.81020 7.68798 7.54715 6.55819 6.71073 5.93859 6.12911 6.33735 6.61652 7.83193 8.46614 8.38103 8.88911 7.67886 8.00996 8.59035 8.43763 8.48395 8.25143 7.85705 7.45407 8.42115 8.37899 8.16510 8.22462 7.78216
-9999 -9999 -9999 7.78073 7.48682 7.69817 7.85625 7.75818 7.76579 7.73801 7.48653 7.53239 7.54045 7.43402 7.31182 7.78082 7.43123 7.65925 7.75607 7.65756 7.70758 7.99869 7.90149 8.09521 8.38706 8.81508 8.94113 8.86345 9.01209 8.99924 8.83080 8.70775 8.72385 8.81308 8.67612 8.44064 8.39833 8.23449 8.41521 8.97748 10.17200 9.70935 8.16656 7.92920 7.94696 8.36710 7.51525 7.95503 8.10145 7.36973 7.13903 6.47963 6.33412 6.78475 7.15724 7.95258 8.79196 8.57979 8.46644 7.84128 8.39748 8.48291 8.25494 8.33856 8.45139 8.10553 8.25610 8.74456 8.29542 8.26834 8.04801 8.22546
-9999 -9999 -9999 -9999 -9999 -9999 8.16497 7.93070 7.88116 8.03176 8.04760 7.97197 8.04168 8.03255 8.07478 8.16955 8.11803 8.19825 8.40923 8.35743 8.20353 8.26309 8.41667 8.47164 8.63841 8.59763 8.85953 9.21643 9.32658 9.40243 9.27253 9.51009 9.27089 9.07433 9.00287 9.02156 8.91610 8.71468 8.66782 8.96845 9.40419 9.08456 8.81396 8.26033 7.98170 8.24780 8.13210 7.90788 7.88314 7.82024 7.29703 6.63830 6.73078 7.51668 7.33625 8.13356 8.55250 8.22779 8.12456 7.45383 7.29985 7.29743 7.44161 8.18651 8.28412 8.14193 8.72669 8.64457 8.42687 8.61773 8.27326 8.35040
-9999 -9999 -9999 -9999 -9999 -9999 8.54656 8.34908 8.80963 8.25988 8.47016 8.49881 8.59181 8.67625 8.58445 8.52351 8.55403 8.56862 8.51625 8.45482 8.44123 8.76400 8.56053 8.51860 8.73627 9.26718 9.54459 9.73262 9.77908 9.78612 9.78060 9.82884 9.78371 9.46092 9.39677 9.55630 9.89521 10.06480 10.12810 10.40750 9.21660 9.02524 8.92596 8.51525 8.59371 8.75572 8.54653 8.58417 8.79641 8.50941 8.26436 8.36342 8.11834 7.91851 8.20201 9.13131 9.38853 8.80153 8.80393 7.81252 7.33349 7.31388 7.34505 8.14897 8.34517 8.80309 8.73342 8.99410 8.99100 9.17258 8.49361 8.41884
-9999 -9999 -9999 -9999 -9999 -9999 -9999 -9999 -9999 -9999 9.61218 8.55012 8.63502 9.47006 9.31686 9.34129 9.14734 8.81071 8.89843 9.07646 9.17114 9.95240 9.51172 8.99100 9.04359 9.06588 9.27043 9.84657 9.98694 9.80956 9.86319 9.99089 9.96777 10.01150 10.10470 9.99946 9.89951 9.96109 10.19560 10.00900 9.71118 9.48502 9.25484 9.22823 9.47665 9.77540 9.39295 9.14206 9.03651 9.22283 9.31143 9.41897 9.45838 9.85967 10.02720 10.06620 10.63010 10.43030 9.51470 10.32400 10.30280 10.07260 10.02070 9.81527 9.51816 10.60480 10.12980 10.07050 10.23650 10.59860 10.25330 8.57016
-9999 -9999 -9999 -9999 -9999 -9999 -9999 -9999 -9999 -9999 10.49980 9.99986 9.53444 10.15680 9.80311 9.42487 9.27281 9.03592 9.05880 9.01650 8.96664 9.46304 9.57278 9.17712 9.30172 9.83395 10.20320 10.29720 10.42890 10.42010 10.38360 10.53940 10.48840 10.50550 10.43110 10.17850 10.44630 10.46370 10.73570 10.20900 10.18750 9.75924 9.98817 9.99747 9.81349 9.79572 9.79803 9.28184 9.29628 9.63744 9.93308 9.77774 10.05650 10.08890 10.97340 10.37850 10.50980 9.74638 9.90088 10.29720 10.26120 10.37190 10.36190 10.22930 10.57030 11.11760 10.75340 10.61090 10.22690 10.70070 10.77530 9.59440
-9999 -9999 -9999 -9999 -9999 -9999 -9999 -9999 -9999 -9999 -9999 -9999 10.99810 10.71710 10.58340 10.52420 10.32870 10.23470 9.86229 9.69532 9.76792 9.88673 9.83053 9.91116 10.25730 10.65270 10.74720 10.65640 10.77250 10.64070 10.76610 10.80440 10.59620 10.54140 10.43950 10.18390 10.30700 10.26620 10.82810 9.92264 9.81095 9.70377 9.62228 9.91042 10.04720 10.21340 9.91224 9.80448 9.78708 9.77749 10.03370 10.09260 10.04090 10.36370 11.76910 11.41090 11.71110 10.40480 10.44660 10.62200 10.80980 11.10090 11.37040 10.77170 10.30230 10.09100 10.23610 11.05270 10.99390 10.58970 9.90703 8.92190
-9999 -9999 -9999 -9999 -9999 -9999 -9999 -9999 -9999 -9999 -9999 -9999 11.68820 11.41050 11.21120 10.69280 11.01480 10.54280 10.06700 10.13540 10.15280 9.94869 10.14310 10.59960 10.47920 10.94240 11.20290 11.16150 11.16410 11.15410 11.15900 11.03590 10.97840 10.92590 10.78470 10.59870 10.69550 10.20110 10.44330 10.10170 10.08810 10.22120 10.11410 10.37010 10.30850 10.28520 10.33310 10.13350 10.24480 10.02410 10.05520 10.41110 10.93880 10.85740 11.75290 11.91320 11.49810 10.55080 10.59050 11.28220 11.60190 11.77500 10.80990 10.75690 10.60420 10.35540 10.29360 10.70160 10.40120 9.66169 9.82673 9.71687
-9999 -9999 -9999 -9999 -9999 -9999 -9999 -9999 -9999 -9999 -9999 11.81630 11.99980 12.22320 12.03820 10.66600 10.73660 10.59530 10.23120 10.42420 10.74970 9.94995 10.44960 10.62840 10.67960 11.55760 11.23100 11.17220 11.50780 11.51130 11.54860 11.61910 11.59870 11.45860 11.49040 11.92350 11.57760 10.88650 10.68750 10.21170 10.14450 9.98032 9.97844 10.30060 10.61650 10.96140 11.22760 11.03260 10.73010 10.78020 10.90220 10.83620 11.06700 11.99260 13.45060 12.23260 11.53980 11.37230 11.35730 12.19490 11.49090 11.18000 11.27390 11.02600 10.97680 11.04200 11.01270 10.61910 10.54080 10.14820 9.59942 8.67706
-9999 -9999 -9999 -9999 -9999 -9999 -9999 -9999 -9999 -9999 -9999 12.11690 12.06300 12.27440 12.22450 11.23560 11.07600 10.90710 10.79690 10.71400 10.78660 10.67010 10.70630 11.26190 11.37790 11.91600 11.67780 11.62770 11.80040 11.62090 11.62600 11.93120 11.87210 11.96810 11.69730 11.77380 11.80110 11.11950 10.76690 10.55960 10.50190 10.26640 10.54760 10.78760 10.87220 11.27230 11.32260 11.75140 11.30190 11.66820 11.40610 11.40970 11.44540 11.80520 11.14470 10.94250 10.87240 11.03790 10.93750 11.75670 11.84000 11.08750 11.15960 12.10940 11.90050 11.94500 11.54940 11.04180 10.88670 10.10200 9.94007 9.39257
