data/hydroclimate-scenarios/1948-2000.Pcorr55N_Pref_Tref/monthly_summaries/et_monthly_tot_sep.asc
ncols	311
nrows	91
xllcenter	102.75
yllcenter	31.75
cellsize	0.5
NODATA_value	-9999
[rows 0 to 31 of 91, columns 71 to 141 of 311]
-9999 -9999 -9999 -9999 -9999 -9999 -9999 -9999 -9999 -9999 -9999 -9999 -9999 -9999 -9999 -9999 -9999 -9999 -9999 -9999 -9999 -9999 -9999 -9999 -9999 -9999 -9999 -9999 -9999 -9999 -9999 -9999 -9999 -9999 -9999 -9999 -9999 -9999 -9999 -9999 -9999 -9999 -9999 -9999 -9999 -9999 -9999 -9999 -9999 -9999 -9999 -9999 -9999 -9999 -9999 -9999 -9999 -9999 -9999 -9999 -9999 -9999 -9999 -9999 -9999 -9999 -9999 -9999 -9999 -9999 -9999
-9999 -9999 -9999 -9999 -9999 -9999 -9999 -9999 -9999 -9999 -9999 -9999 -9999 -9999 -9999 -9999 -9999 -9999 -9999 -9999 -9999 -9999 -9999 -9999 -9999 -9999 -9999 -9999 -9999 -9999 -9999 -9999 -9999 -9999 -9999 -9999 -9999 -9999 -9999 -9999 -9999 -9999 -9999 -9999 -9999 -9999 -9999 -9999 -9999 -9999 -9999 -9999 -9999 -9999 -9999 -9999 -9999 -9999 -9999 -9999 -9999 -9999 -9999 -9999 -9999 -9999 -9999 -9999 -9999 -9999 -9999
-9999 -9999 -9999 -9999 -9999 -9999 -9999 -9999 -9999 -9999 -9999 -9999 -9999 -9999 -9999 -9999 -9999 -9999 -9999 -9999 -9999 -9999 -9999 -9999 -9999 -9999 -9999 -9999 -9999 -9999 -9999 -9999 -9999 -9999 -9999 -9999 -9999 -9999 -9999 -9999 -9999 -9999 -9999 -9999 -9999 -9999 -9999 -9999 -9999 -9999 -9999 -9999 -9999 -9999 -9999 -9999 -9999 -9999 -9999 -9999 -9999 -9999 -9999 -9999 -9999 -9999 -9999 -9999 -9999 -9999 -9999
-9999 -9999 -9999 -9999 -9999 -9999 -9999 -9999 -9999 -9999 -9999 -9999 -9999 -9999 -9999 -9999 -9999 -9999 -9999 -9999 -9999 -9999 -9999 -9999 -9999 -9999 -9999 -9999 -9999 -9999 -9999 -9999 -9999 -9999 -9999 -9999 -9999 -9999 -9999 -9999 -9999 -9999 -9999 -9999 -9999 -9999 -9999 -9999 -9999 -9999 -9999 -9999 -9999 -9999 -9999 -9999 -9999 -9999 -9999 -9999 -9999 -9999 -9999 -9999 -9999 -9999 -9999 -9999 -9999 -9999 -9999
-9999 -9999 -9999 -9999 -9999 -9999 -9999 -9999 -9999 -9999 -9999 -9999 -9999 -9999 -9999 -9999 -9999 -9999 -9999 -9999 -9999 -9999 -9999 -9999 -9999 -9999 -9999 -9999 -9999 -9999 -9999 -9999 -9999 -9999 -9999 -9999 -9999 -9999 -9999 -9999 -9999 -9999 -9999 -9999 -9999 -9999 -9999 -9999 -9999 -9999 -9999 -9999 -9999 -9999 -9999 -9999 -9999 -9999 -9999 -9999 -9999 -9999 -9999 -9999 -9999 -9999 -9999 -9999 -9999 -9999 -9999
-9999 -9999 -9999 -9999 -9999 -9999 -9999 -9999 -9999 -9999 -9999 -9999 -9999 -9999 -9999 -9999 -9999 -9999 -9999 -9999 -9999 -9999 -9999 -9999 -9999 -9999 -9999 -9999 -9999 -9999 -9999 -9999 -9999 -9999 -9999 -9999 -9999 -9999 -9999 -9999 -9999 -9999 -9999 -9999 -9999 -9999 -9999 -9999 -9999 -9999 -9999 -9999 -9999 -9999 -9999 -9999 -9999 -9999 -9999 -9999 -9999 -9999 -9999 -9999 -9999 -9999 -9999 -9999 -9999 -9999 -9999
-9999 -9999 -9999 -9999 -9999 -9999 -9999 -9999 -9999 -9999 -9999 -9999 -9999 -9999 -9999 -9999 -9999 -9999 -9999 -9999 -9999 -9999 -9999 -9999 -9999 -9999 -9999 -9999 -9999 -9999 -9999 -9999 -9999 -9999 -9999 -9999 -9999 -9999 -9999 -9999 -9999 -9999 -9999 -9999 -9999 -9999 -9999 -9999 -9999 -9999 -9999 -9999 -9999 -9999 -9999 -9999 -9999 -9999 -9999 -9999 -9999 -9999 -9999 -9999 -9999 -9999 -9999 -9999 -9999 -9999 -9999
-9999 -9999 -9999 -9999 -9999 -9999 -9999 -9999 -9999 -9999 -9999 -9999 -9999 -9999 -9999 -9999 -9999 -9999 -9999 -9999 -9999 -9999 -9999 -9999 -9999 -9999 -9999 -9999 -9999 -9999 -9999 -9999 -9999 -9999 -9999 -9999 -9999 -9999 -9999 -9999 -9999 -9999 -9999 -9999 -9999 -9999 -9999 -9999 -9999 -9999 -9999 -9999 -9999 -9999 -9999 -9999 -9999 -9999 -9999 -9999 -9999 -9999 -9999 -9999 -9999 -9999 -9999 -9999 -9999 -9999 -9999
-9999 -9999 -9999 -9999 -9999 -9999 6.95321 -9999 -9999 -9999 -9999 -9999 -9999 -9999 -9999 -9999 -9999 -9999 -9999 -9999 -9999 -9999 -9999 -9999 -9999 -9999 -9999 -9999 -9999 -9999 -9999 -9999 -9999 -9999 -9999 -9999 -9999 -9999 -9999 -9999 -9999 -9999 -9999 -9999 -9999 -9999 -9999 -9999 -9999 -9999 -9999 -9999 -9999 -9999 -9999 -9999 -9999 -9999 -9999 -9999 -9999 -9999 -9999 -9999 -9999 -9999 -9999 -9999 -9999 -9999 -9999
-9999 -9999 10.26310 10.16840 9.09809 8.88145 7.48205 7.57564 7.52704 7.33543 9.19798 9.23948 9.82612 9.55314 9.74854 9.62366 9.77732 9.71485 8.67696 8.42907 8.82650 8.84626 -9999 -9999 -9999 -9999 -9999 -9999 -9999 -9999 -9999 -9999 -9999 -9999 -9999 -9999 -9999 -9999 -9999 -9999 -9999 -9999 -9999 -9999 -9999 -9999 -9999 -9999 -9999 -9999 -9999 -9999 -9999 -9999 -9999 -9999 -9999 -9999 -9999 -9999 -9999 -9999 -9999 -9999 -9999 -9999 -9999 -9999 -9999 -9999 -9999
-9999 -9999 -9999 -9999 6.17194 6.01689 6.66744 6.68586 7.49515 7.50919 7.36031 7.37200 7.62202 7.45643 7.42154 7.39665 7.55906 7.33524 7.11551 7.22522 7.52791 7.56532 -9999 -9999 -9999 -9999 -9999 -9999 -9999 -9999 -9999 -9999 -9999 -9999 -9999 -9999 -9999 -9999 -9999 -9999 -9999 -9999 -9999 -9999 -9999 -9999 -9999 -9999 -9999 -9999 -9999 -9999 -9999 -9999 -9999 -9999 -9999 -9999 -9999 -9999 -9999 -9999 -9999 -9999 -9999 -9999 -9999 -9999 -9999 -9999 -9999
8.75056 8.75190 8.36582 8.41160 6.62516 6.39998 6.75967 6.90740 7.61745 7.63956 7.65129 7.62038 8.21179 8.04124 7.95140 7.84266 7.87242 7.81358 7.60993 7.41552 7.53584 7.61262 7.47744 7.49873 7.65307 7.78585 7.71308 7.75011 -9999 -9999 -9999 -9999 -9999 -9999 -9999 -9999 -9999 -9999 -9999 -9999 -9999 -9999 -9999 -9999 -9999 -9999 -9999 -9999 -9999 -9999 -9999 -9999 -9999 -9999 -9999 -9999 -9999 -9999 -9999 -9999 -9999 -9999 -9999 -9999 -9999 -9999 -9999 -9999 -9999 -9999 -9999
7.62519 7.55839 7.66714 7.42166 6.55505 6.54291 7.14316 7.09400 7.50313 7.35502 7.53624 7.31280 7.80210 7.45976 7.36665 7.12768 6.82701 6.68994 6.52452 6.94135 7.33018 7.19699 7.10787 7.29342 7.26805 7.46897 7.05855 6.98180 7.09335 6.97014 6.60541 6.74342 6.89785 6.99800 6.45457 6.38981 6.14768 6.22258 6.71361 6.76704 7.12262 7.26030 6.83070 -9999 -9999 -9999 -9999 -9999 -9999 -9999 -9999 -9999 -9999 -9999 -9999 -9999 -9999 -9999 -9999 -9999 -9999 -9999 -9999 -9999 -9999 -9999 -9999 -9999 -9999 -9999 -9999
8.26237 7.90806 7.99575 7.75500 6.64474 6.78640 7.58551 7.72629 8.06962 8.00526 8.25410 7.94769 8.42710 8.10232 7.61917 7.48747 7.49426 7.12383 7.39418 7.46590 7.49190 7.14010 7.19363 7.56884 7.31613 7.60782 7.45328 7.42296 7.22532 7.20877 7.22439 7.13474 7.37025 7.30561 6.82771 6.85054 6.69241 6.59289 7.13092 7.11806 7.55363 7.50583 7.16020 7.13755 -9999 -9999 -9999 -9999 -9999 -9999 -9999 -9999 -9999 -9999 -9999 -9999 -9999 -9999 -9999 -9999 -9999 -9999 -9999 -9999 -9999 -9999 -9999 -9999 -9999 -9999 -9999
6.25189 5.99360 6.13740 5.54427 5.70982 5.94638 5.83084 6.13606 6.46960 6.84003 7.26587 7.49959 8.59996 8.63609 8.92230 8.84383 8.59168 8.55615 7.17696 6.65868 6.79521 6.76936 7.46372 7.51558 7.39445 6.97550 6.78506 7.39617 7.60874 7.06052 7.05558 7.05792 7.54619 7.43299 7.14573 7.16271 7.32567 7.18259 6.40406 6.42579 6.14897 6.07467 7.25747 7.47320 -9999 -9999 -9999 -9999 -9999 -9999 -9999 -9999 -9999 -9999 -9999 -9999 -9999 -9999 -9999 7.76002 8.08850 -9999 -9999 -9999 -9999 7.06572 6.96588 6.97716 6.32998 6.77739 7.49070
6.78485 6.61819 6.51568 6.03954 6.20766 6.87249 6.82776 6.27259 6.57438 6.54001 8.10219 8.50071 9.15072 8.90256 9.07306 9.38961 8.89174 9.10666 7.55409 7.91652 7.73006 7.35439 7.99326 8.30497 8.21354 8.21683 7.84207 7.93542 8.16430 8.31458 7.62475 7.63306 7.99569 7.98120 7.53259 7.48102 7.60048 7.50634 6.66908 6.33965 6.32518 6.34793 7.51627 7.40715 7.11939 7.15772 7.72465 7.87327 7.20966 7.09547 7.31932 7.12949 6.98576 7.24846 6.32838 6.52642 8.12809 8.22152 8.23988 8.16039 8.33137 -9999 -9999 -9999 -9999 -9999 8.06260 7.47788 6.94586 6.69554 6.71426
6.09682 7.10190 6.58826 5.78662 6.19338 6.73311 7.27983 7.48963 7.95297 8.41452 9.04723 9.03770 9.48775 9.33335 9.83940 9.05145 9.27985 9.06547 8.38429 8.22742 8.49747 8.30647 8.73389 8.40013 8.17864 8.25057 7.83567 7.82768 7.59214 7.53622 7.36991 7.28775 7.99542 8.04428 7.96428 7.93685 7.96590 7.95465 7.64995 7.46574 7.64022 7.37433 7.61085 7.67149 7.14192 7.21412 7.44053 7.45051 6.72828 6.43252 6.80207 7.05822 6.56633 5.82485 5.47849 6.20611 6.79179 6.76134 7.11957 7.73400 7.83523 7.69119 7.97598 8.38748 8.90322 8.71680 8.20279 8.30093 7.26661 6.92006 6.00844
6.22227 6.35471 7.83468 6.02791 5.41659 6.08896 6.74506 6.64635 8.93470 9.20079 9.57765 9.71249 9.92609 9.26187 10.15420 10.05170 9.77628 9.93677 9.07703 8.35400 8.52533 8.96750 9.26403 9.28603 8.80447 8.75803 8.30562 8.43843 8.13361 8.09415 7.74522 7.69572 8.24551 8.22282 8.50238 8.27331 8.40230 8.42472 8.39480 8.32533 8.37114 8.10286 8.11318 8.23082 7.56425 7.71547 8.02548 8.12526 7.95478 7.98994 7.35436 7.79909 7.25018 7.22616 6.72540 6.03090 6.96691 7.24967 7.27643 7.08056 7.17467 6.96849 7.56672 8.85701 8.62704 8.93670 8.90286 8.87433 7.64202 7.11472 6.68693
5.67536 5.43973 6.17319 8.93030 7.02254 7.94412 8.31215 7.30101 8.63537 9.30062 9.52452 9.79172 10.29600 10.11460 9.89682 9.85315 9.91055 9.86006 9.61559 8.03939 7.65637 8.08319 8.30334 8.95063 9.25082 9.21219 8.73253 8.63688 8.67897 8.49821 8.19698 7.82283 8.59777 8.55493 8.60326 8.68237 8.55110 8.48058 8.22308 8.17933 8.10471 8.19613 7.26118 6.84458 7.45619 7.90629 8.42371 8.72678 8.45053 8.20808 7.52904 7.54977 7.69238 7.61876 7.44712 7.60989 7.97248 6.78676 7.07561 6.98141 6.68147 6.29789 6.84754 7.54709 7.97499 8.30274 8.00225 7.86432 7.89805 7.61816 6.76094
6.52703 6.11529 5.70229 6.18375 6.77874 8.41662 8.33962 7.30027 7.64594 8.64425 7.20155 7.41332 8.78191 10.01260 10.23120 10.32270 10.32800 10.40410 10.22760 9.53530 8.40743 9.01782 9.33930 9.63162 10.08810 9.91148 9.35340 9.06273 8.88600 8.48640 8.77164 8.55453 8.76103 9.04088 9.31432 8.87238 8.62446 8.75768 8.52327 8.21001 7.96868 8.55687 8.30801 7.96501 7.54370 7.30457 8.39527 8.64571 8.81671 8.25919 7.84692 7.90417 8.02546 8.13342 7.47243 6.85984 7.03762 6.43135 7.36648 7.62639 7.50930 7.40161 7.65300 7.48321 7.89315 8.72340 6.89977 7.30608 8.13116 7.81604 7.50553
6.90825 6.54811 6.44815 6.17745 6.88613 6.73634 7.70074 8.04349 8.44833 8.89595 8.17458 6.32238 6.36436 10.13340 7.22887 8.39536 9.86362 10.63620 10.91830 10.98460 10.83210 10.85490 10.70460 10.83240 10.72270 10.69360 10.30910 10.09280 9.79352 9.50786 9.15085 9.16587 8.94251 8.81238 9.28978 8.97016 8.42402 7.75396 8.44989 8.28783 8.40682 8.35645 9.06326 8.79115 8.93144 9.07445 9.00723 8.96824 8.98627 9.11891 9.89852 9.71933 9.87477 9.82292 8.99700 9.09872 8.49803 7.74076 7.77325 7.03090 7.21132 7.51684 8.40994 8.62234 8.90891 8.57672 8.37954 7.83006 9.03756 8.61431 9.14177
5.86768 5.93027 6.56073 7.83842 6.17323 5.38128 5.55202 5.74150 7.09490 8.26478 9.76185 8.77781 7.69517 6.77336 7.40324 7.42925 6.91848 7.56008 8.99916 10.24000 10.76740 11.01390 11.33060 11.49140 11.54720 11.46630 11.55140 11.05100 10.46110 9.99207 10.04420 8.72202 8.21951 8.45353 8.80178 8.81835 8.67219 8.52241 8.88683 8.26240 8.42601 8.59544 9.37167 8.82077 9.26138 8.88305 9.21961 9.33605 9.09387 9.37451 8.77187 8.62388 8.30412 8.79620 8.09874 8.37673 8.11637 8.68122 8.41331 7.78494 8.29152 8.55944 8.87715 10.37920 9.63603 10.19900 8.03407 8.74141 9.84919 10.08740 11.39490
7.45811 6.65849 9.30954 6.75213 9.21324 8.98993 6.76286 6.44257 6.31853 7.51290 7.89645 7.68944 8.30385 9.24641 9.00866 9.19317 8.14953 7.05807 6.70849 6.97643 7.79966 8.18371 10.03630 10.79860 11.65900 11.93110 11.92650 10.93500 10.14810 10.01320 9.95463 9.50307 8.25184 8.80828 8.41116 10.01650 9.90514 9.45021 8.16402 8.64178 9.49361 10.04730 9.94302 9.29370 9.59688 9.34659 10.63440 11.30860 11.09090 9.98633 8.95046 9.57696 8.01333 7.71323 8.28949 8.57284 8.26821 7.71377 9.12091 10.11850 10.06180 10.82650 10.65980 11.53700 10.24130 11.44150 12.08370 12.50530 12.54960 12.45410 13.40210
7.97117 7.67610 7.22207 7.47463 6.65814 8.47439 6.65079 7.12588 6.95169 7.33185 8.78494 6.61427 6.87044 7.89286 7.62019 10.01360 9.64854 10.71490 7.85315 8.31002 6.41540 6.67146 7.93113 11.52860 12.34570 12.62780 12.43010 11.79650 10.95350 11.23460 10.24180 10.09220 9.85134 9.94705 10.85610 10.74470 10.39120 10.16550 9.60166 9.10068 8.07857 9.28667 10.14760 9.90844 12.56380 11.90480 12.54900 11.88830 11.17460 10.71040 9.50240 10.00510 9.33641 9.28505 8.56413 9.47492 8.30894 8.52081 10.31070 11.12260 12.24430 12.29860 11.71840 11.14970 13.44330 13.97670 13.73100 13.58100 13.98580 13.59940 14.09570
8.30640 8.67683 8.46289 8.92527 8.40039 8.17455 8.08171 7.60376 7.99166 7.62368 7.74749 7.40501 8.24918 8.96872 7.27527 6.88394 8.93101 7.76302 8.86461 9.33313 8.35711 8.25458 9.02182 9.86933 11.96590 12.54790 12.32270 12.33330 11.92340 12.37030 11.83720 11.95880 11.41300 10.83120 11.73260 11.57320 10.88740 10.96910 10.87440 9.90501 8.91353 9.07176 10.13810 10.62300 13.85830 13.67550 13.99180 13.23470 12.82990 11.57040 10.38160 11.18850 11.09240 9.56432 9.82250 10.19110 10.42180 11.42180 9.95542 11.79410 12.47300 13.22240 13.70600 14.77950 15.22940 14.73140 15.72660 14.83080 13.02650 13.67790 14.51980
8.84418 8.74193 7.94168 7.87842 8.23375 9.58002 9.57567 9.51388 9.73074 9.70362 8.25954 7.59190 8.68893 9.80806 9.22039 8.30045 7.73091 7.28031 8.73576 7.97047 8.53652 10.12410 10.95790 10.64250 10.56080 11.81740 12.59910 12.05970 12.13730 11.33920 12.52830 12.42580 12.34170 12.22420 12.16460 11.14850 11.12300 9.63937 10.64760 8.98245 7.47053 8.86714 10.24530 8.71030 11.50780 12.98190 14.65560 14.10880 15.20480 14.00710 11.33790 13.25430 13.16380 13.20820 13.10990 13.29040 13.10150 12.16590 13.34200 12.39050 14.36080 14.46560 14.58770 15.05450 15.46510 15.74300 17.01780 16.10960 14.56350 13.95570 14.92100
8.06607 7.57202 8.91416 8.82232 7.57931 8.16764 9.10716 9.63824 10.44400 9.05834 9.10265 8.38456 7.82273 7.40198 10.05550 10.27940 8.50890 7.32112 7.44646 8.04776 7.88188 8.19847 9.38779 10.13310 10.69430 11.66690 11.26650 12.33250 12.59750 11.70660 13.17300 12.09070 13.21520 11.71080 11.33430 12.67610 11.30380 9.60030 10.37380 10.44160 9.13114 8.82591 9.42528 10.43720 11.30230 12.01750 11.67040 11.92950 12.38140 11.25760 12.29920 11.39770 11.78960 11.68110 12.15980 12.78650 13.14410 15.26060 16.07890 17.11430 16.60390 16.19510 15.65270 15.96270 15.94580 16.29210 15.91300 15.64310 13.99360 12.87330 13.37030
10.77760 9.44028 9.71710 9.35470 8.71945 8.81985 9.67717 10.87770 10.41780 10.68250 11.31220 11.14810 9.40071 7.89826 9.16901 9.34639 8.36294 9.78556 8.77406 9.34632 8.83146 9.18372 10.37590 11.02740 11.42870 10.90900 10.26120 11.71030 12.90270 13.31770 12.14560 12.40530 13.60710 11.84010 11.07280 12.64390 11.69250 10.36460 9.05179 9.71072 10.56750 10.07620 11.33460 10.79490 11.87700 11.90700 14.15510 13.37570 12.85050 12.81670 13.44020 13.29960 14.09860 15.44710 15.26010 16.70300 16.50700 17.16180 17.92510 17.87120 17.45700 16.73870 16.40970 15.69460 13.39790 15.18130 13.97520 14.28910 14.57500 16.09550 15.82220
10.52970 10.75780 9.92309 9.74857 10.26260 12.21050 10.96740 9.92282 10.46740 10.39490 11.26630 10.47720 10.78920 10.12530 8.49147 9.66497 10.68730 11.41990 10.49900 11.09520 11.92780 9.64573 10.28250 12.23560 13.31710 14.53160 13.69840 13.80730 16.10550 14.95870 13.86980 13.79930 14.87200 14.04960 13.27570 13.21150 13.23850 12.05650 10.70030 10.82510 11.80960 13.08610 12.09880 14.71900 17.02830 17.99830 19.45890 20.89460 19.81140 20.44350 20.75870 20.93720 20.36060 18.84900 19.50230 19.29240 19.29150 20.41010 20.31620 20.12420 19.53820 18.48150 17.64290 14.94100 14.16640 14.24590 14.84870 15.37860 17.24440 17.92640 18.65160
14.81280 12.43280 10.10250 10.08360 13.06000 13.71320 15.22250 13.31800 10.52370 12.53720 13.97040 10.11270 10.11510 9.82093 9.35792 11.19160 10.06900 10.87370 12.14400 12.79330 12.35580 11.10000 9.74497 13.12810 14.92060 15.90840 13.00670 13.91000 14.56110 13.02370 14.66910 14.88790 15.02780 14.32410 13.45770 13.74480 13.47120 14.19770 12.59540 12.49220 14.38240 18.60550 17.09210 19.01750 22.20490 21.95720 22.13920 21.92360 19.92110 21.37290 -9999 -9999 21.96280 20.82090 22.30290 20.96080 20.92670 21.41490 21.56950 20.49070 19.33400 17.32430 16.97830 15.24060 16.54010 15.25130 14.70490 14.25630 18.39480 17.89280 19.01610
10.12270 12.07210 11.31970 10.65470 11.16990 10.60290 13.81020 10.36690 12.12250 14.20930 13.95340 10.95130 11.74740 12.53540 10.69520 11.71970 9.55868 11.35740 13.24060 11.87820 13.93170 14.94500 14.36840 14.09070 10.78020 12.94370 12.85690 14.08890 14.09060 13.97920 14.29440 16.21760 15.19240 13.66490 13.98290 14.12890 15.21140 18.70420 22.49470 -9999 -9999 -9999 -9999 26.56700 -9999 22.24690 17.69760 20.44640 21.99070 23.51920 -9999 -9999 22.18720 23.35240 23.80270 22.71140 23.55270 23.79110 23.23150 21.24310 21.46990 20.83550 18.79300 19.60610 19.28650 14.34460 15.91210 16.76250 20.89560 23.05710 24.29640
14.26940 13.69010 13.14920 11.70580 11.88570 14.89620 10.68020 11.52510 14.81570 14.13920 13.91150 13.34820 11.89880 11.02200 12.69110 15.38340 12.92250 11.70340 11.55660 12.61710 12.27060 15.09000 14.61450 14.80480 14.34160 14.47460 14.39360 13.42820 13.83470 14.34550 14.84890 14.74430 14.57660 14.88410 14.90460 16.96070 20.72440 -9999 -9999 -9999 -9999 -9999 -9999 -9999 24.96990 23.19890 22.89300 -9999 -9999 -9999 -9999 -9999 24.03070 24.37200 22.84490 22.66310 21.25810 22.76830 24.47790 23.14180 24.23560 24.47980 22.59640 20.46400 21.54540 22.48060 22.56790 19.87970 23.81410 25.83210 -9999
