data/hydroclimate-scenarios/1948-2000.Pcorr55N_Pref_Tref/monthly_summaries/et_monthly_tot_may.asc
ncols	311
nrows	91
xllcenter	102.75
yllcenter	31.75
cellsize	0.5
NODATA_value	-9999
[rows 0 to 31 of 91, columns 71 to 141 of 311]
-9999 -9999 -9999 -9999 -9999 -9999 -9999 -9999 -9999 -9999 -9999 -9999 -9999 -9999 -9999 -9999 -9999 -9999 -9999 -9999 -9999 -9999 -9999 -9999 -9999 -9999 -9999 -9999 -9999 -9999 -9999 -9999 -9999 -9999 -9999 -9999 -9999 -9999 -9999 -9999 -9999 -9999 -9999 -9999 -9999 -9999 -9999 -9999 -9999 -9999 -9999 -9999 -9999 -9999 -9999 -9999 -9999 -9999 -9999 -9999 -9999 -9999 -9999 -9999 -9999 -9999 -9999 -9999 -9999 -9999 -9999
-9999 -9999 -9999 -9999 -9999 -9999 -9999 -9999 -9999 -9999 -9999 -9999 -9999 -9999 -9999 -9999 -9999 -9999 -9999 -9999 -9999 -9999 -9999 -9999 -9999 -9999 -9999 -9999 -9999 -9999 -9999 -9999 -9999 -9999 -9999 -9999 -9999 -9999 -9999 -9999 -9999 -9999 -9999 -9999 -9999 -9999 -9999 -9999 -9999 -9999 -9999 -9999 -9999 -9999 -9999 -9999 -9999 -9999 -9999 -9999 -9999 -9999 -9999 -9999 -9999 -9999 -9999 -9999 -9999 -9999 -9999
-9999 -9999 -9999 -9999 -9999 -9999 -9999 -9999 -9999 -9999 -9999 -9999 -9999 -9999 -9999 -9999 -9999 -9999 -9999 -9999 -9999 -9999 -9999 -9999 -9999 -9999 -9999 -9999 -9999 -9999 -9999 -9999 -9999 -9999 -9999 -9999 -9999 -9999 -9999 -9999 -9999 -9999 -9999 -9999 -9999 -9999 -9999 -9999 -9999 -9999 -9999 -9999 -9999 -9999 -9999 -9999 -9999 -9999 -9999 -9999 -9999 -9999 -9999 -9999 -9999 -9999 -9999 -9999 -9999 -9999 -9999
-9999 -9999 -9999 -9999 -9999 -9999 -9999 -9999 -9999 -9999 -9999 -9999 -9999 -9999 -9999 -9999 -9999 -9999 -9999 -9999 -9999 -9999 -9999 -9999 -9999 -9999 -9999 -9999 -9999 -9999 -9999 -9999 -9999 -9999 -9999 -9999 -9999 -9999 -9999 -9999 -9999 -9999 -9999 -9999 -9999 -9999 -9999 -9999 -9999 -9999 -9999 -9999 -9999 -9999 -9999 -9999 -9999 -9999 -9999 -9999 -9999 -9999 -9999 -9999 -9999 -9999 -9999 -9999 -9999 -9999 -9999
-9999 -9999 -9999 -9999 -9999 -9999 -9999 -9999 -9999 -9999 -9999 -9999 -9999 -9999 -9999 -9999 -9999 -9999 -9999 -9999 -9999 -9999 -9999 -9999 -9999 -9999 -9999 -9999 -9999 -9999 -9999 -9999 -9999 -9999 -9999 -9999 -9999 -9999 -9999 -9999 -9999 -9999 -9999 -9999 -9999 -9999 -9999 -9999 -9999 -9999 -9999 -9999 -9999 -9999 -9999 -9999 -9999 -9999 -9999 -9999 -9999 -9999 -9999 -9999 -9999 -9999 -9999 -9999 -9999 -9999 -9999
-9999 -9999 -9999 -9999 -9999 -9999 -9999 -9999 -9999 -9999 -9999 -9999 -9999 -9999 -9999 -9999 -9999 -9999 -9999 -9999 -9999 -9999 -9999 -9999 -9999 -9999 -9999 -9999 -9999 -9999 -9999 -9999 -9999 -9999 -9999 -9999 -9999 -9999 -9999 -9999 -9999 -9999 -9999 -9999 -9999 -9999 -9999 -9999 -9999 -9999 -9999 -9999 -9999 -9999 -9999 -9999 -9999 -9999 -9999 -9999 -9999 -9999 -9999 -9999 -9999 -9999 -9999 -9999 -9999 -9999 -9999
-9999 -9999 -9999 -9999 -9999 -9999 -9999 -9999 -9999 -9999 -9999 -9999 -9999 -9999 -9999 -9999 -9999 -9999 -9999 -9999 -9999 -9999 -9999 -9999 -9999 -9999 -9999 -9999 -9999 -9999 -9999 -9999 -9999 -9999 -9999 -9999 -9999 -9999 -9999 -9999 -9999 -9999 -9999 -9999 -9999 -9999 -9999 -9999 -9999 -9999 -9999 -9999 -9999 -9999 -9999 -9999 -9999 -9999 -9999 -9999 -9999 -9999 -9999 -9999 -9999 -9999 -9999 -9999 -9999 -9999 -9999
-9999 -9999 -9999 -9999 -9999 -9999 -9999 -9999 -9999 -9999 -9999 -9999 -9999 -9999 -9999 -9999 -9999 -9999 -9999 -9999 -9999 -9999 -9999 -9999 -9999 -9999 -9999 -9999 -9999 -9999 -9999 -9999 -9999 -9999 -9999 -9999 -9999 -9999 -9999 -9999 -9999 -9999 -9999 -9999 -9999 -9999 -9999 -9999 -9999 -9999 -9999 -9999 -9999 -9999 -9999 -9999 -9999 -9999 -9999 -9999 -9999 -9999 -9999 -9999 -9999 -9999 -9999 -9999 -9999 -9999 -9999
-9999 -9999 -9999 -9999 -9999 -9999 29.20870 -9999 -9999 -9999 -9999 -9999 -9999 -9999 -9999 -9999 -9999 -9999 -9999 -9999 -9999 -9999 -9999 -9999 -9999 -9999 -9999 -9999 -9999 -9999 -9999 -9999 -9999 -9999 -9999 -9999 -9999 -9999 -9999 -9999 -9999 -9999 -9999 -9999 -9999 -9999 -9999 -9999 -9999 -9999 -9999 -9999 -9999 -9999 -9999 -9999 -9999 -9999 -9999 -9999 -9999 -9999 -9999 -9999 -9999 -9999 -9999 -9999 -9999 -9999 -9999
-9999 -9999 27.37980 29.92940 29.64510 29.59010 28.73030 29.12990 29.99630 30.04170 29.19290 28.86330 28.54990 28.47770 27.14490 26.63660 25.37800 25.58540 26.36610 26.17170 27.52740 27.93690 -9999 -9999 -9999 -9999 -9999 -9999 -9999 -9999 -9999 -9999 -9999 -9999 -9999 -9999 -9999 -9999 -9999 -9999 -9999 -9999 -9999 -9999 -9999 -9999 -9999 -9999 -9999 -9999 -9999 -9999 -9999 -9999 -9999 -9999 -9999 -9999 -9999 -9999 -9999 -9999 -9999 -9999 -9999 -9999 -9999 -9999 -9999 -9999 -9999
-9999 -9999 -9999 -9999 24.55160 24.92310 24.57840 24.44020 25.07810 24.51360 25.41020 24.95130 24.30700 24.27450 23.86190 23.56840 22.72980 22.32970 23.61290 23.15320 24.94560 24.89350 -9999 -9999 -9999 -9999 -9999 -9999 -9999 -9999 -9999 -9999 -9999 -9999 -9999 -9999 -9999 -9999 -9999 -9999 -9999 -9999 -9999 -9999 -9999 -9999 -9999 -9999 -9999 -9999 -9999 -9999 -9999 -9999 -9999 -9999 -9999 -9999 -9999 -9999 -9999 -9999 -9999 -9999 -9999 -9999 -9999 -9999 -9999 -9999 -9999
27.91120 27.26630 26.40100 26.58330 25.34830 25.22170 24.82300 24.84620 25.44010 25.15160 25.85470 25.71130 25.21110 25.03900 24.24450 23.83120 23.56990 22.91680 24.05070 23.90460 25.34940 25.45750 26.68510 27.45340 28.53690 29.07870 29.57760 30.10420 -9999 -9999 -9999 -9999 -9999 -9999 -9999 -9999 -9999 -9999 -9999 -9999 -9999 -9999 -9999 -9999 -9999 -9999 -9999 -9999 -9999 -9999 -9999 -9999 -9999 -9999 -9999 -9999 -9999 -9999 -9999 -9999 -9999 -9999 -9999 -9999 -9999 -9999 -9999 -9999 -9999 -9999 -9999
25.26880 24.76370 24.82270 23.84130 24.07990 23.91850 23.49590 23.03860 22.63760 22.32830 23.16290 22.77050 22.18540 21.88930 21.36300 21.02460 21.17470 20.74000 21.23230 20.91400 21.67400 21.70180 23.10940 23.70010 24.64860 25.32750 25.52050 25.53500 26.41840 26.76930 27.92500 28.00330 28.66450 28.63900 29.40890 29.80440 29.43800 29.26050 29.89950 29.53970 29.82280 29.88830 30.13840 -9999 -9999 -9999 -9999 -9999 -9999 -9999 -9999 -9999 -9999 -9999 -9999 -9999 -9999 -9999 -9999 -9999 -9999 -9999 -9999 -9999 -9999 -9999 -9999 -9999 -9999 -9999 -9999
25.88330 24.95870 24.83910 23.62710 23.67940 23.56150 24.29140 24.05640 23.50200 22.97370 23.61480 23.59920 22.68870 22.47050 21.92580 21.57330 21.95430 21.47550 21.40720 21.26870 21.62860 21.39770 23.23970 23.51710 24.66820 25.11210 25.96190 26.07010 26.44630 26.31340 27.66630 27.83860 29.06250 29.03330 30.17950 30.13980 30.11530 30.46210 30.10490 29.72820 30.24100 30.33360 30.30650 30.23720 -9999 -9999 -9999 -9999 -9999 -9999 -9999 -9999 -9999 -9999 -9999 -9999 -9999 -9999 -9999 -9999 -9999 -9999 -9999 -9999 -9999 -9999 -9999 -9999 -9999 -9999 -9999
19.15880 18.67700 19.27150 18.45360 19.34050 19.26090 19.41130 19.69530 19.32220 20.33880 19.12220 19.45190 19.45400 19.36710 18.71540 18.46950 18.64900 18.46740 18.43670 18.29670 18.33490 18.54120 19.85810 20.02990 20.90880 20.45050 22.50840 22.77290 23.63840 23.71000 25.21300 25.15660 25.15670 25.07830 25.70040 25.44300 26.24290 25.97780 26.17420 26.32830 25.69770 25.60680 25.56150 25.54820 -9999 -9999 -9999 -9999 -9999 -9999 -9999 -9999 -9999 -9999 -9999 -9999 -9999 -9999 -9999 28.25530 27.76320 -9999 -9999 -9999 -9999 27.79170 25.24760 23.10910 25.04550 27.64110 27.06770
20.02730 19.25180 19.67230 18.27820 20.32950 21.76190 21.43430 20.08110 19.83660 19.67170 21.21490 20.96070 20.51780 19.65220 18.77030 19.06540 19.01050 19.11810 17.59630 17.76120 19.21720 19.45980 19.99660 19.13100 19.36580 21.17570 22.85650 23.32080 23.83510 24.11290 25.05070 25.29420 25.09630 25.11510 25.07850 23.80580 25.29630 26.29470 26.25850 25.61530 25.13970 25.53430 25.66910 25.49740 25.53010 25.37780 24.07790 25.67520 25.81840 25.84360 26.35100 26.00870 25.61650 26.26990 25.95020 25.83880 28.22440 28.49500 28.20730 28.52160 27.63540 -9999 -9999 -9999 -9999 -9999 27.89070 26.40670 25.84460 24.96800 23.89820
18.93150 20.70950 19.79110 16.77130 19.85600 22.13940 21.67060 21.58410 22.50260 23.54810 23.65210 22.62320 20.85390 19.05390 17.79880 17.53940 16.41380 15.02760 15.94050 17.63820 17.12890 17.03820 16.38330 16.08630 16.51370 17.00790 18.14450 18.26860 19.29140 17.39320 18.49180 18.43660 17.60080 19.78610 18.07390 15.38780 17.90510 16.83650 19.79790 18.80050 18.14140 18.43320 18.04000 19.04170 19.87200 19.91950 17.14060 18.31870 21.47270 21.45530 22.71230 21.00170 21.93640 22.22280 21.93860 22.88270 23.60830 23.43660 23.77680 24.70070 24.52890 24.18830 25.35230 25.71710 25.29210 25.64460 26.24870 26.59060 26.86490 25.52110 23.07850
18.53920 17.84470 23.99150 18.54190 18.36180 19.89690 20.57140 20.59580 25.71620 26.15320 25.47980 24.50510 23.46460 21.42070 19.10580 15.68240 16.99410 16.79940 15.05840 15.76280 16.52910 18.31690 18.02390 18.54160 16.51990 18.07170 18.12460 18.92870 17.28000 15.53690 15.50780 14.46700 15.19780 18.72090 17.81990 15.58200 18.25970 18.41370 19.41000 17.23060 18.04230 20.50080 20.49910 16.84640 16.11460 18.39580 18.72770 20.23260 19.23920 20.52280 20.41560 22.06070 21.06950 22.56730 22.84800 21.87880 22.89640 23.31130 23.32270 23.02050 23.36320 21.47410 22.90380 24.68120 24.96180 25.11740 26.07380 26.07760 27.12400 24.81190 21.60370
18.82230 16.71480 20.24600 28.73370 23.55440 25.90740 26.33540 21.72330 23.50200 25.20190 23.96130 24.56120 24.49260 22.31180 19.90560 18.16000 18.05190 18.16040 16.53900 15.09820 17.36900 18.48480 18.55240 19.07570 18.56790 17.97810 18.11800 16.96040 18.12720 18.61050 18.02260 17.55710 18.94560 17.75560 15.64780 15.77090 16.61160 19.21670 17.25140 16.77000 18.98630 19.09570 19.30310 18.17540 17.03260 17.44710 17.75760 18.59740 19.89420 19.52630 20.15410 20.12830 20.31640 20.79760 22.44660 22.43470 23.38030 22.04450 22.09960 21.53630 21.98680 20.83060 19.72440 20.67480 21.61940 22.58940 22.23750 22.43340 21.35950 20.37560 20.33310
22.28730 19.07710 17.83930 18.68700 21.64420 27.79160 25.75850 21.14630 20.66710 24.29890 17.34840 18.83200 20.53070 23.55240 23.52880 23.18090 22.12780 20.00310 17.45070 17.76810 18.08760 19.41640 19.69680 20.69040 20.40120 20.45240 18.90220 20.92630 16.68840 18.66050 19.92800 16.81820 19.08320 21.36000 21.41900 20.25760 20.51390 20.12660 19.64040 19.01430 19.36680 19.72390 20.21310 19.81810 19.02630 18.52830 18.60860 16.18410 18.21270 18.44980 18.53470 19.50400 20.17970 20.14610 21.67280 21.36710 21.81370 20.79310 22.13710 23.11090 23.30850 23.38700 22.20390 20.74540 19.94180 21.21630 20.06930 21.26960 21.21420 20.67580 21.06830
22.73700 19.82220 18.55360 16.49300 15.14280 21.20090 23.80900 25.36530 23.06760 22.99140 18.79000 15.62490 16.44210 23.22420 18.59320 20.04920 21.09620 22.40010 21.92480 21.60850 19.47930 19.79790 20.20990 22.86090 22.28440 21.67130 21.06090 22.26740 20.47240 19.69020 19.09080 19.65060 20.21830 19.76370 20.76330 19.28050 19.27620 18.09210 18.92730 19.19370 18.21200 17.68810 18.84310 18.52290 17.85460 17.17160 16.78910 17.33590 18.54700 17.65310 18.79680 19.55770 19.48120 20.05520 21.70950 21.10370 20.28230 19.62160 20.76900 19.32770 19.15240 19.46650 20.51080 20.72830 20.85770 20.83300 19.59040 19.33310 19.99090 19.96910 20.47030
17.80730 17.78880 19.08200 21.49830 15.40660 15.48250 15.51690 16.52470 19.21880 21.73660 23.19540 20.07040 18.47240 17.13470 18.64100 18.41680 16.92960 17.31910 18.97990 19.35750 21.29340 20.15750 21.95330 22.53730 21.96960 22.20960 24.09080 23.95440 21.57770 21.15510 22.44440 18.26790 17.99940 17.91350 18.92220 18.50870 19.02050 17.99340 18.96540 18.76170 18.33130 17.89920 19.75300 18.58470 18.17850 17.94800 18.25900 18.30240 18.83220 18.26100 18.62800 18.80470 19.09070 18.97630 19.86340 19.68880 18.85740 20.20980 20.47930 19.50980 19.91990 19.72190 20.50320 21.53600 21.03450 21.01950 19.53940 19.87540 20.79330 21.03080 21.98270
19.29450 18.22210 23.38120 19.01290 22.25130 22.35840 17.92270 17.78530 15.96860 18.89140 18.48330 17.79650 18.31480 20.28390 19.83170 19.08510 18.12810 18.14300 16.92820 16.79270 16.77080 17.44180 20.36230 21.24810 25.05180 25.60000 27.78810 25.86550 20.91770 21.30010 21.38370 20.40880 18.15640 19.07490 17.94520 21.19600 20.51070 19.36350 17.80280 18.62450 19.26830 19.82360 18.61680 17.98570 18.26840 18.03020 17.92120 17.86360 17.58820 16.85920 16.62870 16.83180 17.66290 16.82020 17.38910 17.36200 19.13930 18.64300 18.83170 19.49020 19.03100 19.33060 19.36300 19.42780 19.83920 20.24110 20.32760 20.42270 19.51610 16.94880 19.02460
19.75170 19.19120 19.63060 19.69340 17.68370 20.28380 16.72920 17.75080 17.28810 18.06380 21.22740 15.63000 16.72490 18.25300 17.97080 22.02770 22.25060 21.43250 17.67330 19.12060 16.36090 16.69390 17.81260 24.71710 27.48630 28.84490 28.82270 25.92860 22.92220 22.78190 21.76550 21.59110 21.19700 21.49050 24.26370 22.39890 20.15100 19.90810 18.55090 18.36670 17.23200 18.06070 17.81590 17.45670 19.33380 19.09520 17.95660 18.01400 17.26010 17.07320 16.86360 17.04910 18.24590 18.07830 17.53490 17.20400 18.68910 18.64940 19.27780 19.40950 19.88070 19.20700 19.58710 18.93270 19.96600 17.29770 16.96490 18.43650 20.12410 18.22310 20.40550
19.68740 19.41090 20.26410 20.86460 19.82590 19.36550 18.98970 18.03060 17.96540 17.88200 17.07330 16.82130 17.76840 18.69080 17.56520 17.01830 20.01030 17.67140 18.43100 18.21840 16.99570 16.58480 17.46000 18.72020 25.55810 30.07540 29.73890 29.76860 27.37910 28.36580 23.25140 23.84170 25.16040 23.39120 22.35090 22.38580 22.04150 20.62990 18.86320 18.09940 16.51790 16.55190 16.36680 16.64600 19.83650 20.17730 18.55280 18.16970 17.62590 16.90410 17.63570 17.98670 17.99880 16.99060 17.57670 17.90060 18.85290 19.17160 17.25660 17.77060 17.99960 18.24160 17.69920 17.99160 19.28890 16.63380 18.07060 19.50210 18.62260 18.16810 19.27930
18.97160 18.59490 18.67980 18.55910 19.16270 21.45820 21.57230 21.63470 21.28060 21.70760 18.86110 17.66730 19.07500 19.23250 19.49300 17.68120 17.23710 16.74640 18.20640 17.32390 16.95890 18.76040 20.76510 20.33710 21.27990 24.18920 29.99320 30.17880 27.63400 25.17590 25.05840 24.07800 28.88420 26.64670 24.14490 20.23470 19.50000 17.62480 17.86330 16.40410 16.16510 16.15850 16.27120 16.09740 16.93800 17.49320 18.20690 17.98230 18.28620 17.45400 18.11130 18.61190 18.86690 18.85590 20.13800 19.67010 19.56040 19.19930 17.94070 17.70460 18.28550 18.13020 17.81910 17.90450 18.98360 18.64850 19.09650 19.47080 18.83140 18.35620 18.36700
18.14010 17.38530 19.05580 18.91530 19.05060 19.72260 21.36950 22.63860 25.17770 22.49730 20.79750 19.53470 17.85810 17.46860 19.39510 20.22560 18.23500 17.28810 17.24500 17.89200 16.43850 16.35950 17.66850 19.15440 20.75850 22.48550 23.83240 27.06330 31.25350 26.99190 28.63480 26.67090 27.66530 21.39000 19.59390 21.49920 18.79280 17.66390 17.79310 17.71480 17.55590 17.55840 17.40820 17.31630 17.64980 17.59510 18.44960 18.63620 19.28100 19.31960 20.43090 20.14650 19.58100 19.40570 18.67520 18.53920 17.87960 18.25860 17.35230 17.41720 16.89870 16.77400 16.19040 16.45810 16.51950 16.59790 17.02460 16.96840 17.29480 16.82900 17.67830
21.36290 19.11350 19.91070 19.19770 19.33610 20.12410 20.61490 24.67780 23.37000 25.90560 28.68830 24.91000 21.06770 18.21570 17.57260 17.91150 17.74460 18.75280 18.15250 18.57260 17.22390 16.74290 19.87160 20.46400 22.18320 21.10550 21.20710 24.29440 30.32350 31.26500 22.22070 22.67020 24.07310 21.01420 18.29890 20.24530 18.64920 17.82520 17.85720 17.90810 17.51340 17.63540 17.48830 17.58230 17.95230 18.13970 18.85570 19.00610 19.45910 19.40680 20.21670 20.09730 19.33300 19.37580 18.55980 18.55540 18.23330 18.23670 16.99330 16.74230 16.46110 16.76730 16.09890 16.03530 16.15640 16.19070 16.58960 16.66700 17.23890 17.24400 18.00540
19.74590 19.38020 19.01340 19.28750 19.94450 22.70460 20.92770 19.71850 20.14290 21.69150 23.76340 20.68010 21.92590 19.82800 16.69220 17.59000 18.95740 19.98090 18.74700 19.02950 18.64080 17.28830 17.46290 19.30910 21.85210 25.73670 24.26460 26.95480 35.26110 28.90200 23.36890 21.69020 21.90610 21.39980 19.88680 19.51000 19.72140 18.40250 18.57510 18.73580 18.13840 18.17150 18.33130 18.70680 21.17240 20.59820 22.12010 22.51970 22.08980 22.24320 22.34880 22.13120 20.99560 19.88740 19.29070 19.35910 18.67380 18.54720 18.19270 18.89140 17.62190 17.39110 17.69280 17.88110 17.29290 16.97990 17.48200 17.39520 18.24780 18.33060 19.51750
24.91240 21.31090 18.36600 18.01640 22.38720 23.59580 24.31250 22.92390 19.80720 22.40790 25.48280 18.03230 18.69590 17.82510 16.66870 17.33950 17.33350 17.98290 20.02360 20.15720 18.78740 17.42690 16.37120 18.19340 21.30480 23.42430 20.67320 23.49640 24.97920 21.60450 23.91700 24.37050 20.76180 20.21980 19.88360 19.82830 18.77920 19.06460 18.69390 18.38030 18.73370 19.37070 19.24580 19.86540 23.84530 23.46440 23.09530 22.70390 21.06810 21.41190 -9999 -9999 21.04580 19.91300 19.17840 19.25050 18.88140 18.28250 18.00450 18.16540 17.42100 17.72500 18.54000 18.48500 17.95790 17.40090 17.47320 16.98890 18.21630 18.02300 19.04000
19.53630 21.22950 19.67820 19.13030 18.64950 17.66060 22.71560 18.48070 20.93750 24.21430 23.42870 19.45560 19.27790 19.94800 16.73620 17.04140 16.66030 17.69980 18.98920 17.95450 17.91920 18.91440 18.47670 17.78960 16.96990 18.21520 18.89700 20.28580 22.04830 21.29360 21.05310 23.55230 22.35880 21.56920 21.88520 21.28720 20.59850 23.86940 26.62720 -9999 -9999 -9999 -9999 29.55350 -9999 24.01630 22.92090 22.70440 22.71750 24.17510 -9999 -9999 23.35700 22.74070 23.17570 22.90570 21.83860 21.82430 22.04250 22.01880 23.30570 23.39050 23.60510 24.14810 22.72930 20.90100 21.31790 21.84100 23.43810 23.35900 24.10760
23.23100 21.29270 19.82590 18.64900 17.52690 19.11910 17.79460 17.90460 21.20720 20.58540 18.95580 18.54830 17.46160 16.18120 16.47700 18.59980 18.04380 17.24710 17.16340 17.63090 16.63250 17.72350 17.47790 17.58560 16.89800 17.05980 17.84880 18.09600 20.44010 20.36150 20.38670 19.91380 21.44130 21.45020 21.48560 21.70950 22.90470 -9999 -9999 -9999 -9999 -9999 -9999 -9999 24.73500 23.03910 22.92550 -9999 -9999 -9999 -9999 -9999 22.95780 22.44930 22.93680 22.31170 21.92690 21.67020 21.12210 21.69830 22.04550 22.12650 22.53070 23.17570 22.35500 22.32890 23.36110 22.61580 23.22560 21.84690 -9999
