data/hydroclimate-scenarios/1948-2000.Pcorr55N_Pref_Tref/monthly_summaries/et_monthly_tot_apr.1950-2000.asc
ncols	311
nrows	91
xllcenter	102.75
yllcenter	31.75
cellsize	0.5
NODATA_value	-9999
[rows 0 to 31 of 91, columns 216 to 287 of 311]
-9999 -9999 -9999 -9999 -9999 -9999 -9999 -9999 -9999 -9999 -9999 -9999 -9999 -9999 -9999 -9999 -9999 -9999 -9999 -9999 -9999 -9999 -9999 -9999 -9999 -9999 -9999 -9999 -9999 -9999 -9999 -9999 -9999 -9999 -9999 -9999 -9999 -9999 -9999 -9999 -9999 -9999 -9999 -9999 -9999 -9999 -9999 -9999 -9999 -9999 -9999 -9999 -9999 -9999 -9999 -9999 -9999 -9999 -9999 -9999 -9999 -9999 -9999 -9999 -9999 -9999 -9999 -9999 -9999 -9999 -9999 -9999
-9999 -9999 -9999 -9999 -9999 -9999 -9999 -9999 -9999 -9999 -9999 -9999 -9999 -9999 -9999 -9999 -9999 -9999 -9999 -9999 -9999 -9999 -9999 -9999 -9999 -9999 -9999 -9999 -9999 -9999 -9999 -9999 -9999 -9999 -9999 -9999 -9999 -9999 -9999 -9999 -9999 -9999 -9999 -9999 -9999 -9999 -9999 -9999 -9999 -9999 -9999 -9999 -9999 -9999 -9999 -9999 -9999 -9999 -9999 -9999 -9999 -9999 -9999 -9999 -9999 -9999 -9999 -9999 -9999 -9999 -9999 -9999
-9999 -9999 -9999 -9999 -9999 -9999 -9999 -9999 -9999 -9999 -9999 -9999 -9999 -9999 -9999 -9999 -9999 -9999 -9999 -9999 -9999 -9999 -9999 -9999 -9999 -9999 -9999 -9999 -9999 -9999 -9999 -9999 -9999 -9999 -9999 -9999 -9999 -9999 -9999 -9999 -9999 -9999 -9999 -9999 -9999 -9999 -9999 -9999 -9999 -9999 -9999 -9999 -9999 -9999 -9999 -9999 -9999 -9999 -9999 -9999 -9999 -9999 -9999 -9999 -9999 -9999 -9999 -9999 -9999 -9999 -9999 -9999
-9999 -9999 -9999 -9999 -9999 -9999 -9999 -9999 -9999 -9999 -9999 -9999 -9999 -9999 -9999 -9999 -9999 -9999 -9999 -9999 -9999 -9999 -9999 -9999 -9999 -9999 -9999 -9999 -9999 -9999 -9999 -9999 -9999 -9999 -9999 -9999 -9999 -9999 -9999 -9999 -9999 -9999 -9999 -9999 -9999 -9999 -9999 -9999 -9999 -9999 -9999 -9999 -9999 -9999 -9999 -9999 -9999 -9999 -9999 -9999 -9999 -9999 -9999 -9999 -9999 -9999 -9999 -9999 -9999 -9999 -9999 -9999
-9999 -9999 -9999 -9999 -9999 -9999 -9999 -9999 -9999 -9999 -9999 -9999 -9999 -9999 -9999 -9999 -9999 -9999 -9999 -9999 -9999 -9999 -9999 -9999 -9999 -9999 -9999 -9999 -9999 -9999 -9999 -9999 -9999 -9999 -9999 -9999 -9999 -9999 -9999 -9999 -9999 -9999 -9999 -9999 -9999 -9999 -9999 -9999 -9999 -9999 -9999 -9999 -9999 -9999 -9999 -9999 -9999 -9999 -9999 -9999 -9999 -9999 -9999 -9999 -9999 -9999 -9999 -9999 -9999 -9999 -9999 -9999
-9999 -9999 -9999 -9999 -9999 -9999 -9999 -9999 -9999 -9999 -9999 -9999 -9999 -9999 -9999 -9999 -9999 -9999 -9999 -9999 -9999 -9999 -9999 -9999 -9999 -9999 -9999 -9999 -9999 -9999 -9999 -9999 -9999 -9999 -9999 -9999 -9999 -9999 -9999 -9999 -9999 -9999 -9999 -9999 -9999 -9999 -9999 -9999 -9999 -9999 -9999 -9999 -9999 -9999 -9999 -9999 -9999 -9999 -9999 -9999 -9999 -9999 -9999 -9999 -9999 -9999 -9999 -9999 -9999 -9999 -9999 -9999
-9999 -9999 -9999 -9999 -9999 -9999 -9999 -9999 -9999 -9999 -9999 -9999 -9999 -9999 -9999 -9999 -9999 -9999 -9999 -9999 -9999 -9999 -9999 -9999 -9999 -9999 -9999 -9999 -9999 -9999 -9999 -9999 -9999 -9999 -9999 -9999 -9999 -9999 -9999 -9999 -9999 -9999 -9999 -9999 -9999 -9999 -9999 -9999 -9999 -9999 -9999 -9999 -9999 -9999 -9999 -9999 -9999 -9999 -9999 -9999 -9999 -9999 -9999 -9999 -9999 -9999 -9999 -9999 -9999 -9999 -9999 -9999
-9999 -9999 -9999 -9999 -9999 -9999 -9999 -9999 -9999 -9999 -9999 -9999 -9999 -9999 -9999 -9999 -9999 -9999 -9999 -9999 -9999 -9999 -9999 -9999 -9999 -9999 -9999 -9999 -9999 -9999 -9999 -9999 -9999 -9999 -9999 -9999 -9999 -9999 -9999 -9999 -9999 -9999 -9999 -9999 -9999 -9999 -9999 -9999 -9999 -9999 -9999 -9999 -9999 -9999 -9999 -9999 -9999 -9999 -9999 -9999 -9999 -9999 -9999 -9999 -9999 -9999 -9999 -9999 -9999 -9999 -9999 -9999
-9999 -9999 -9999 -9999 -9999 -9999 -9999 -9999 -9999 -9999 -9999 -9999 -9999 -9999 -9999 -9999 -9999 -9999 -9999 -9999 -9999 -9999 -9999 -9999 -9999 -9999 -9999 -9999 -9999 -9999 -9999 -9999 -9999 -9999 -9999 -9999 -9999 -9999 -9999 -9999 -9999 -9999 -9999 -9999 -9999 -9999 -9999 -9999 -9999 -9999 -9999 -9999 -9999 -9999 -9999 -9999 -9999 -9999 -9999 -9999 -9999 -9999 -9999 -9999 -9999 -9999 -9999 -9999 -9999 -9999 -9999 -9999
-9999 -9999 -9999 -9999 -9999 -9999 -9999 -9999 -9999 -9999 -9999 -9999 -9999 -9999 -9999 -9999 -9999 -9999 -9999 -9999 -9999 -9999 -9999 -9999 -9999 -9999 -9999 -9999 -9999 -9999 -9999 -9999 -9999 -9999 -9999 -9999 -9999 -9999 -9999 -9999 -9999 -9999 -9999 -9999 -9999 -9999 -9999 -9999 -9999 -9999 -9999 -9999 -9999 -9999 -9999 -9999 -9999 -9999 -9999 -9999 -9999 -9999 -9999 -9999 -9999 -9999 -9999 -9999 -9999 -9999 -9999 -9999
-9999 -9999 -9999 -9999 -9999 -9999 -9999 -9999 -9999 -9999 -9999 -9999 -9999 -9999 -9999 -9999 -9999 -9999 -9999 -9999 -9999 -9999 -9999 -9999 -9999 -9999 -9999 -9999 -9999 -9999 -9999 -9999 -9999 -9999 -9999 -9999 -9999 -9999 -9999 -9999 -9999 -9999 -9999 -9999 -9999 -9999 -9999 -9999 -9999 -9999 -9999 -9999 -9999 -9999 -9999 -9999 -9999 -9999 -9999 -9999 -9999 -9999 -9999 -9999 -9999 -9999 -9999 -9999 -9999 -9999 -9999 -9999
-9999 -9999 -9999 -9999 -9999 -9999 -9999 -9999 -9999 -9999 -9999 -9999 -9999 -9999 -9999 -9999 -9999 -9999 -9999 -9999 -9999 -9999 -9999 -9999 -9999 -9999 -9999 -9999 -9999 -9999 -9999 -9999 -9999 -9999 -9999 -9999 -9999 -9999 -9999 -9999 -9999 -9999 -9999 -9999 -9999 -9999 -9999 -9999 -9999 -9999 -9999 -9999 -9999 -9999 -9999 -9999 -9999 -9999 -9999 -9999 -9999 -9999 -9999 -9999 -9999 -9999 -9999 -9999 -9999 -9999 -9999 -9999
-9999 -9999 -9999 -9999 -9999 -9999 -9999 -9999 -9999 -9999 -9999 -9999 -9999 -9999 -9999 -9999 -9999 -9999 -9999 -9999 -9999 -9999 -9999 -9999 -9999 -9999 -9999 -9999 -9999 -9999 -9999 -9999 -9999 -9999 -9999 -9999 -9999 -9999 -9999 -9999 -9999 -9999 -9999 -9999 -9999 -9999 -9999 -9999 -9999 -9999 -9999 -9999 -9999 -9999 -9999 -9999 -9999 -9999 -9999 -9999 -9999 -9999 -9999 -9999 -9999 -9999 -9999 -9999 -9999 -9999 -9999 -9999
8.16175 9.87740 10.11460 -9999 -9999 -9999 -9999 -9999 -9999 -9999 -9999 -9999 -9999 -9999 -9999 -9999 -9999 -9999 -9999 -9999 -9999 -9999 -9999 -9999 -9999 -9999 -9999 -9999 -9999 -9999 -9999 -9999 -9999 -9999 -9999 -9999 -9999 -9999 -9999 -9999 -9999 -9999 -9999 -9999 10.32540 -9999 -9999 -9999 -9999 -9999 -9999 -9999 -9999 -9999 -9999 -9999 -9999 -9999 -9999 -9999 -9999 -9999 -9999 -9999 -9999 -9999 -9999 -9999 -9999 -9999 -9999 -9999
8.35367 8.50110 8.68919 5.44985 6.01586 8.79855 8.09622 14.06800 13.48430 13.95530 4.54581 4.50923 4.51699 4.32671 4.44543 6.50171 -9999 -9999 -9999 -9999 -9999 -9999 -9999 -9999 -9999 -9999 -9999 -9999 -9999 -9999 -9999 -9999 -9999 -9999 -9999 -9999 -9999 -9999 -9999 7.81353 9.11805 8.34079 7.09937 7.40696 8.07465 10.27340 -9999 -9999 -9999 8.96665 -9999 -9999 -9999 9.51175 9.00898 8.87293 -9999 -9999 -9999 -9999 -9999 -9999 -9999 -9999 -9999 -9999 -9999 -9999 -9999 -9999 -9999 -9999
9.41565 9.70199 9.96488 13.70990 7.84182 7.94072 8.46915 8.33153 10.21250 9.94460 9.78840 5.38286 8.89560 7.64428 7.05787 4.82505 4.25671 4.22946 9.53267 9.35584 9.42799 10.58950 -9999 -9999 -9999 -9999 -9999 10.55950 10.38730 10.40470 10.02430 9.23486 9.17047 9.70773 9.94946 10.13330 10.51280 11.16290 11.05080 7.37378 7.76796 7.47222 7.56887 7.50110 7.45857 10.37750 9.89682 9.12943 8.98118 9.26637 9.17941 8.96522 8.93155 8.99272 8.35515 7.49461 7.62072 8.34831 9.11296 8.76332 9.43890 -9999 -9999 -9999 -9999 -9999 -9999 -9999 -9999 -9999 -9999 -9999
9.24538 10.53010 16.36750 9.23269 11.31800 10.83730 10.06720 2.26194 9.90885 9.60961 10.01930 9.05137 7.52519 5.50233 4.52944 4.02286 3.22047 7.17526 8.83041 9.93598 9.41716 9.43166 9.43951 9.59206 9.55442 9.86984 10.12670 10.03420 10.08230 9.47777 8.80385 8.17555 8.37170 7.98504 7.87800 8.76624 9.07165 8.28282 7.96566 8.08858 7.80029 7.40771 7.95790 8.03013 8.31635 8.74409 8.92821 8.82029 8.83672 8.60879 8.54324 8.38954 8.36753 8.96014 8.75112 8.35425 8.28512 8.32203 8.20676 8.08893 7.36019 7.36730 7.66472 8.00577 7.90205 7.63594 7.46279 7.27513 7.34207 -9999 -9999 -9999
14.18690 14.58380 12.52520 10.28170 8.86904 8.00080 7.71270 6.26309 5.96488 6.88158 5.10389 3.40582 2.80046 3.12024 3.66549 9.94309 7.82241 7.23610 6.00963 11.21580 10.49700 10.40900 9.82814 9.76740 9.06601 9.22780 9.11968 9.40545 10.30350 9.39411 9.10351 8.61215 8.62263 8.45678 8.24753 8.84289 8.76594 7.89038 7.61516 8.03523 8.06172 8.03569 8.45345 9.43842 9.44488 9.92107 9.66652 9.65645 9.45936 9.26474 9.09919 9.10985 9.09586 9.78156 9.52753 9.04765 8.97137 8.93954 8.80464 8.26815 8.07952 8.21444 8.28985 8.28885 7.96827 7.43709 7.23492 7.13211 7.40300 -9999 8.29776 -9999
10.66110 16.20620 15.33830 13.27470 10.36820 9.47503 8.37263 7.79546 6.96496 4.74915 4.12031 2.09872 4.50789 8.12876 6.66418 7.55468 8.40739 9.63299 8.85647 9.19083 9.38041 8.43734 8.58545 9.02095 8.50440 7.54922 7.17865 7.42510 7.27371 6.33840 6.37758 6.24849 6.36235 6.70405 6.40774 6.20878 6.11971 6.76545 6.13755 7.05750 7.04183 7.55381 7.45292 7.83559 8.16447 8.60418 8.59312 8.22956 8.14648 8.18679 8.14503 8.59721 8.81532 9.00393 8.95858 9.26262 9.12501 9.31834 9.15077 7.39113 7.45644 7.51223 7.33963 7.03774 7.01975 7.17571 7.00724 6.99572 6.88673 7.06165 -9999 -9999
12.06350 10.52190 11.47260 10.67700 10.60890 11.03160 10.30390 9.07695 8.64355 8.77823 8.28211 9.00322 9.31552 9.64311 9.82621 11.11720 9.84329 8.91845 8.01937 8.77833 9.01675 8.50586 8.78508 9.67435 9.97019 8.86671 7.90664 8.35903 7.94100 7.10580 7.87038 7.30812 7.05834 7.04769 7.03993 6.88228 6.57314 7.19022 7.19946 6.83327 7.09191 8.16758 7.67861 8.12080 8.68168 9.30801 9.58377 8.56538 8.31928 8.69859 9.14535 9.41691 9.40842 9.85847 9.55822 10.25410 10.15720 10.08800 10.12530 8.80375 8.59274 8.10954 8.12077 7.78800 7.60919 7.60555 7.46764 7.36801 7.25893 7.29803 7.28089 -9999
11.73200 12.14840 11.68730 11.30830 12.29120 12.22410 11.86040 8.72634 8.51441 9.13721 8.86082 9.98319 10.45100 11.14590 10.79330 10.95530 10.13980 8.46508 9.26174 9.71341 9.36086 8.22528 8.04353 8.85778 9.25215 9.17171 8.53340 6.94540 7.25108 6.99383 7.33659 8.37581 8.19933 8.08555 7.91248 7.49152 7.16383 7.10843 7.25955 7.39387 7.42448 7.39572 7.23935 6.99596 7.11151 7.80197 7.76813 7.35994 8.30135 8.15906 8.28728 8.22777 7.95761 8.37032 8.61585 9.70333 9.97152 9.99365 9.83024 9.25574 8.96542 8.96643 8.85854 7.40201 6.66067 6.59540 6.41898 6.71757 6.69491 6.94407 6.71018 7.09712
10.64210 10.27470 10.40760 10.13270 10.97470 9.83192 9.48469 8.56205 8.70864 9.22437 9.34184 9.67797 11.23110 12.54040 12.76370 12.08080 10.71520 7.55821 5.23230 6.43175 9.70134 9.49325 9.51128 10.61260 9.71839 9.70115 9.48304 7.45577 8.08082 7.77823 7.99220 8.58506 8.78533 9.15788 9.44479 8.72760 8.38092 8.28766 8.34806 8.54390 8.26715 8.54929 8.27492 7.92420 7.65710 8.18559 8.25006 9.31310 9.53698 9.61974 9.18149 8.51609 9.00739 9.50316 9.45485 9.91751 10.74840 10.40080 10.76200 10.19470 9.98716 10.11990 10.32190 7.47373 6.33736 6.91612 7.16069 7.40005 7.31199 7.74657 7.65863 7.95642
9.46455 10.12130 13.38890 13.83330 13.46740 12.60450 13.03600 12.33010 13.98430 11.19850 7.72063 10.88130 12.83330 15.59500 14.77710 13.58530 12.88530 6.82500 5.77082 6.76262 9.97057 9.03070 9.74951 11.21750 10.79570 10.09810 10.16760 8.69508 8.78951 9.29255 9.60873 8.87740 9.39010 10.57270 9.80627 9.34011 9.41228 9.64662 9.56960 9.68424 9.06618 8.94116 8.85069 8.29059 7.99513 8.13080 7.71100 7.60518 7.84973 7.90157 7.54851 8.06672 8.12151 8.54793 9.35419 10.67900 9.17899 8.38102 11.07180 9.09136 9.34639 9.68275 9.21396 6.67965 6.76384 8.14801 8.33285 7.39891 7.27998 7.71363 7.55390 7.73561
12.94230 12.48360 15.26730 17.88800 19.86590 14.19380 9.77215 9.04848 10.38200 8.91850 9.29617 9.55810 10.34620 13.99760 14.75470 15.31090 13.36580 9.07750 4.76586 8.33630 9.00629 8.71615 9.24748 11.55430 11.33040 10.24780 10.57610 10.15810 10.53230 10.50420 10.12440 9.25763 8.75346 9.42353 9.38383 9.20047 9.10199 8.92695 9.37209 10.31840 9.60097 9.44434 9.12895 9.07506 8.60352 8.13663 8.19848 8.18184 8.51521 8.86469 9.34711 9.73940 9.71591 11.32380 11.65220 10.04170 8.33268 9.21303 9.69533 9.65819 8.31565 8.52968 7.91954 6.72989 6.93431 8.67837 9.24596 8.18584 7.93245 8.61490 8.46826 8.59669
12.44490 12.64080 13.52650 12.77230 12.41320 12.29530 12.40690 11.76230 9.42051 6.29822 6.20978 5.90333 5.94808 3.76639 5.04930 5.58483 13.12670 13.50580 6.84021 5.21553 5.69959 7.22701 7.61778 7.28438 9.24986 9.94809 10.22470 10.08490 9.64938 10.22560 9.82480 8.96128 8.27025 8.63285 8.25094 8.57948 8.68259 9.72357 10.02080 10.39000 10.03810 8.99692 9.11663 9.01140 9.27913 9.06405 8.98099 8.73456 9.08277 9.34200 9.26865 10.48980 10.87150 9.99699 9.16276 9.67430 9.42151 8.89770 8.35946 8.14331 8.43936 8.17038 8.54442 7.76213 8.01016 7.68793 8.39752 7.79327 8.04782 8.63031 8.53040 8.38802
13.62190 13.29280 13.20220 12.64930 13.08630 12.95900 13.28000 13.50670 13.16570 15.63530 14.95950 8.91866 10.17260 8.48193 3.83057 9.36391 10.56850 9.58649 11.55160 6.24623 8.98436 7.84470 6.19760 7.45704 7.76222 9.30832 9.98743 10.32260 10.04140 10.01640 9.81756 9.65689 9.14392 9.87889 9.40815 9.93886 9.82816 10.20980 11.05320 11.28230 11.02770 10.15450 9.69928 9.54970 10.30280 10.49870 10.06970 9.18052 9.17593 9.82905 8.90088 10.11770 10.16750 10.37570 10.28960 11.00260 10.17690 9.99356 9.01260 9.50880 10.24000 9.96942 9.27120 8.34307 8.60182 8.41546 8.17242 7.96631 7.72959 9.22437 9.28760 9.21064
14.53390 14.19430 14.49890 15.71490 16.80490 14.38820 14.14880 13.19530 13.33560 14.76460 16.29010 18.65910 20.61990 19.09050 14.78090 14.31310 10.48760 11.33810 9.91610 9.56169 10.39740 10.00530 10.39030 10.39670 10.22070 10.11710 10.07410 10.63720 10.52890 10.42010 10.24500 10.50070 10.72530 10.58640 11.05880 12.38010 13.19980 12.10290 12.77690 14.50080 14.03970 12.11350 12.77430 12.38070 11.84540 11.52360 12.36100 11.28340 10.10380 10.53040 10.38410 9.78434 9.61793 9.59002 9.72086 9.73523 9.49618 10.20710 9.21428 8.76218 8.73891 10.05980 10.70570 9.23464 9.05508 9.32079 9.51264 10.40360 9.86472 9.27420 10.04310 9.31934
13.48240 13.44450 13.53930 13.88140 13.88790 13.20100 14.03590 13.10490 15.12720 18.24960 17.35390 14.78690 14.74840 14.67920 14.46580 13.14450 12.19100 12.45770 11.98150 10.93060 11.26200 10.50740 10.79350 10.58610 10.95760 10.51810 10.45020 10.86380 9.46046 8.86800 9.54858 9.91617 10.23250 10.63520 10.78190 10.92120 12.33090 13.01000 13.62270 15.18650 15.48930 13.69920 13.15310 11.85370 12.20180 12.35400 12.84760 12.97390 12.38920 10.56420 10.26450 10.40590 9.99232 10.67390 10.32140 9.94840 10.10200 10.80050 10.08820 9.84487 10.42610 11.90670 11.98980 10.39720 9.86459 9.52018 10.07210 10.83110 10.99660 10.56690 9.76757 9.28788
14.74890 15.02870 15.36520 16.31390 16.10170 16.28630 16.35280 16.38400 16.58320 16.09280 16.84540 18.26580 18.67210 20.11130 21.88450 18.59770 14.48330 12.27750 12.34690 11.79290 12.15980 9.11831 7.07374 11.64590 12.00610 11.09010 11.67750 12.41880 11.47050 10.55770 7.54508 8.56511 9.96359 11.61650 11.35390 11.73860 11.87450 11.82680 13.40480 16.17390 15.98250 15.00150 14.87620 12.90780 12.43140 13.02600 12.76450 13.10460 13.08480 12.14170 11.47910 10.57980 11.48230 10.26480 10.16840 10.63480 10.80710 10.54180 10.68480 10.61680 10.57830 10.63540 10.66730 10.69530 10.26380 10.18740 10.36520 11.06430 11.30810 11.10810 10.08220 10.05040
14.46550 14.20880 15.33430 16.35240 15.87050 14.51600 14.91870 15.41740 15.83710 18.01280 16.29530 16.77840 18.53880 16.89350 19.73120 17.19640 14.94540 12.43850 11.73050 11.95480 12.59750 13.10140 11.96600 11.27380 9.37661 10.29310 12.05540 12.50240 9.80815 11.18900 6.38761 7.36154 10.68330 12.43330 12.40650 13.03920 12.54380 12.90920 13.22790 15.53860 15.49230 16.23510 15.19000 13.55190 13.32660 13.48680 13.44680 13.43830 14.13250 13.76860 11.50190 10.60700 12.40520 11.12380 10.69380 11.45110 10.62450 10.15280 9.79385 10.08480 10.05370 9.94954 9.42784 9.99112 10.29920 10.21910 10.55440 11.81220 11.88130 10.73770 11.22950 9.73945
16.24010 17.05610 18.79460 20.41480 19.10000 19.37020 20.76490 21.33180 18.27580 19.74580 20.65900 18.82160 17.67120 17.26030 18.84790 17.52670 17.13620 15.65190 13.97380 12.64870 14.82830 13.77590 12.98820 12.97800 12.96410 12.21830 11.25360 10.58370 9.28135 11.15310 7.30025 10.28020 13.29330 13.23880 12.58830 12.47210 12.94610 13.33150 13.70410 12.95130 15.22050 17.22120 16.71990 15.04820 14.81050 14.66210 14.86430 14.90430 15.25730 16.24470 12.91490 10.31850 11.83190 12.00140 11.48670 12.03930 11.80540 11.50860 11.04490 10.50090 10.44920 10.76990 10.66410 10.66200 10.48150 10.54720 10.46330 10.48290 11.58500 11.78470 14.32530 11.68330
16.54590 13.84700 12.18940 -9999 13.51820 15.21480 17.09970 18.73180 18.40110 17.17910 18.07120 18.36910 17.67140 19.55710 18.75100 12.98180 12.67460 11.55320 10.71960 12.85380 13.24430 13.15100 14.95740 14.02960 13.35150 13.12090 12.25120 11.65320 12.96090 10.49270 11.40590 13.20310 12.62130 13.38590 12.80360 14.44570 14.78940 16.28120 15.38180 14.04040 13.58240 16.67690 14.91890 15.65460 15.51320 14.69160 13.41640 13.09730 13.64170 14.12880 13.54160 10.95660 12.81820 13.84090 13.67350 12.73390 12.32620 12.16810 12.48750 12.28840 12.20890 12.00490 11.82130 11.74670 11.59730 12.03060 11.75830 12.24040 15.00950 15.49220 15.16000 10.48280
