data/hydroclimate-scenarios/1948-2000.Pcorr55N_Pref_Tref/monthly_summaries/et_monthly_tot_feb.asc
ncols	311
nrows	91
xllcenter	102.75
yllcenter	31.75
cellsize	0.5
NODATA_value	-9999
[rows 0 to 32 of 91, columns 0 to 72 of 311]
-9999 -9999 -9999 -9999 -9999 -9999 -9999 -9999 -9999 -9999 -9999 -9999 -9999 -9999 -9999 -9999 -9999 -9999 -9999 -9999 -9999 -9999 -9999 -9999 -9999 -9999 -9999 -9999 -9999 -9999 -9999 -9999 -9999 -9999 -9999 -9999 -9999 -9999 -9999 -9999 -9999 -9999 -9999 -9999 -9999 -9999 -9999 -9999 -9999 -9999 -9999 -9999 -9999 -9999 -9999 -9999 -9999 -9999 -9999 -9999 -9999 -9999 -9999 -9999 -9999 -9999 -9999 -9999 -9999 -9999 -9999 -9999 -9999
-9999 -9999 -9999 -9999 -9999 -9999 -9999 -9999 -9999 -9999 -9999 -9999 -9999 -9999 -9999 -9999 -9999 -9999 -9999 -9999 -9999 -9999 -9999 -9999 -9999 -9999 -9999 -9999 -9999 -9999 -9999 -9999 -9999 -9999 -9999 -9999 -9999 -9999 -9999 -9999 -9999 -9999 -9999 -9999 -9999 -9999 -9999 -9999 -9999 -9999 -9999 -9999 -9999 -9999 -9999 -9999 -9999 -9999 -9999 -9999 -9999 -9999 -9999 -9999 -9999 -9999 -9999 -9999 -9999 -9999 -9999 -9999 -9999
-9999 -9999 -9999 -9999 -9999 -9999 -9999 -9999 -9999 -9999 -9999 -9999 -9999 -9999 -9999 -9999 -9999 -9999 -9999 -9999 -9999 -9999 -9999 -9999 -9999 -9999 -9999 -9999 -9999 -9999 -9999 -9999 -9999 -9999 -9999 -9999 -9999 -9999 -9999 -9999 -9999 -9999 -9999 -9999 -9999 -9999 -9999 -9999 -9999 -9999 -9999 -9999 -9999 -9999 -9999 -9999 -9999 -9999 -9999 -9999 -9999 -9999 -9999 -9999 -9999 -9999 -9999 -9999 -9999 -9999 -9999 -9999 -9999
-9999 -9999 -9999 -9999 -9999 -9999 -9999 -9999 -9999 -9999 -9999 -9999 -9999 -9999 -9999 -9999 -9999 -9999 -9999 -9999 -9999 -9999 -9999 -9999 -9999 -9999 -9999 -9999 -9999 -9999 -9999 -9999 -9999 -9999 -9999 -9999 -9999 -9999 -9999 -9999 -9999 -9999 -9999 -9999 -9999 -9999 -9999 -9999 -9999 -9999 -9999 -9999 -9999 -9999 -9999 -9999 -9999 -9999 -9999 -9999 -9999 -9999 -9999 -9999 -9999 -9999 -9999 -9999 -9999 -9999 -9999 -9999 -9999
-9999 -9999 -9999 -9999 -9999 -9999 -9999 -9999 -9999 -9999 -9999 -9999 -9999 -9999 -9999 -9999 -9999 -9999 -9999 -9999 -9999 -9999 -9999 -9999 -9999 -9999 -9999 -9999 -9999 -9999 -9999 -9999 -9999 -9999 -9999 -9999 -9999 -9999 -9999 -9999 -9999 -9999 -9999 -9999 -9999 -9999 -9999 -9999 -9999 -9999 -9999 -9999 -9999 -9999 -9999 -9999 -9999 -9999 -9999 -9999 -9999 -9999 -9999 -9999 -9999 -9999 -9999 -9999 -9999 -9999 -9999 -9999 -9999
-9999 -9999 -9999 -9999 -9999 -9999 -9999 -9999 -9999 -9999 -9999 -9999 -9999 -9999 -9999 -9999 -9999 -9999 -9999 -9999 -9999 -9999 -9999 -9999 -9999 -9999 -9999 -9999 -9999 -9999 -9999 -9999 -9999 -9999 -9999 -9999 -9999 -9999 -9999 -9999 -9999 -9999 -9999 -9999 -9999 -9999 -9999 -9999 -9999 -9999 -9999 -9999 -9999 -9999 -9999 -9999 -9999 -9999 -9999 -9999 -9999 -9999 -9999 -9999 -9999 -9999 -9999 -9999 -9999 -9999 -9999 -9999 -9999
-9999 -9999 -9999 -9999 -9999 -9999 -9999 -9999 -9999 -9999 -9999 -9999 -9999 -9999 -9999 -9999 -9999 -9999 -9999 -9999 -9999 -9999 -9999 -9999 -9999 -9999 -9999 -9999 -9999 -9999 -9999 -9999 -9999 -9999 -9999 -9999 -9999 -9999 -9999 -9999 -9999 -9999 -9999 -9999 -9999 -9999 -9999 -9999 -9999 -9999 -9999 -9999 -9999 -9999 -9999 -9999 -9999 -9999 -9999 -9999 -9999 -9999 -9999 -9999 -9999 -9999 -9999 -9999 -9999 -9999 -9999 -9999 -9999
-9999 -9999 -9999 -9999 -9999 -9999 -9999 -9999 -9999 -9999 -9999 -9999 -9999 -9999 -9999 -9999 -9999 -9999 -9999 -9999 -9999 -9999 -9999 -9999 -9999 -9999 -9999 -9999 -9999 -9999 -9999 -9999 -9999 -9999 -9999 -9999 -9999 -9999 -9999 -9999 -9999 -9999 0.15355 0.15800 0.15432 0.18170 0.18212 0.23411 0.23493 0.25866 0.25834 0.24355 -9999 -9999 -9999 -9999 -9999 -9999 -9999 -9999 -9999 -9999 -9999 -9999 -9999 -9999 -9999 -9999 -9999 -9999 -9999 -9999 -9999
-9999 -9999 -9999 -9999 -9999 -9999 -9999 -9999 -9999 -9999 -9999 -9999 -9999 -9999 -9999 -9999 -9999 -9999 -9999 -9999 -9999 -9999 -9999 -9999 -9999 -9999 -9999 -9999 -9999 -9999 -9999 -9999 -9999 -9999 -9999 -9999 -9999 -9999 0.12069 0.10452 0.10335 0.10418 0.10391 0.10715 0.11066 0.13674 0.13425 0.18559 0.18641 0.20338 0.20194 0.19418 0.19475 0.33908 -9999 -9999 -9999 -9999 -9999 -9999 -9999 -9999 -9999 -9999 -9999 -9999 -9999 -9999 -9999 -9999 -9999 -9999 -9999
-9999 -9999 -9999 -9999 -9999 -9999 -9999 -9999 -9999 -9999 -9999 -9999 -9999 -9999 -9999 -9999 -9999 -9999 -9999 -9999 -9999 -9999 -9999 -9999 -9999 -9999 -9999 -9999 -9999 -9999 -9999 -9999 -9999 -9999 -9999 -9999 -9999 -9999 -9999 -9999 0.11536 0.10891 0.10784 0.11080 0.10917 0.13478 0.14018 0.19702 0.19763 0.20484 0.20586 0.20149 0.20361 0.35321 -9999 -9999 -9999 -9999 -9999 -9999 -9999 -9999 -9999 -9999 -9999 -9999 -9999 -9999 -9999 -9999 -9999 -9999 -9999
-9999 -9999 -9999 -9999 -9999 -9999 -9999 -9999 -9999 -9999 -9999 -9999 -9999 -9999 -9999 -9999 -9999 -9999 -9999 -9999 -9999 -9999 -9999 -9999 -9999 -9999 -9999 -9999 -9999 -9999 -9999 -9999 -9999 -9999 -9999 -9999 -9999 -9999 -9999 -9999 -9999 -9999 -9999 -9999 0.08981 0.09813 0.09563 0.10322 0.10634 0.11731 0.11461 0.11441 0.12126 0.21667 -9999 -9999 -9999 -9999 -9999 -9999 0.17710 -9999 -9999 -9999 -9999 -9999 -9999 -9999 -9999 -9999 -9999 -9999 -9999
-9999 -9999 -9999 -9999 -9999 -9999 -9999 -9999 -9999 -9999 -9999 -9999 -9999 -9999 -9999 -9999 -9999 -9999 -9999 -9999 -9999 -9999 -9999 -9999 -9999 -9999 -9999 -9999 -9999 -9999 -9999 -9999 -9999 -9999 -9999 -9999 -9999 -9999 -9999 -9999 -9999 0.08515 0.08589 0.09046 0.09053 0.10716 0.10496 0.10893 0.11280 0.12507 0.11266 0.12099 0.12651 0.14473 -9999 -9999 -9999 -9999 -9999 0.19078 0.19476 0.18383 0.19001 0.18567 0.18951 0.19133 0.19524 0.19475 0.20022 0.19555 0.20356 0.18689 0.18805
-9999 -9999 -9999 -9999 -9999 -9999 -9999 -9999 -9999 -9999 -9999 -9999 -9999 -9999 -9999 -9999 -9999 -9999 -9999 -9999 -9999 -9999 -9999 -9999 -9999 -9999 -9999 -9999 -9999 -9999 -9999 -9999 -9999 -9999 -9999 -9999 -9999 -9999 -9999 -9999 -9999 0.05498 0.05411 0.05956 0.06205 0.05976 0.05848 0.06080 0.06115 0.06301 0.06241 0.07058 0.06951 0.08307 0.09400 0.10137 0.11170 -9999 0.13305 0.13638 0.13871 0.14003 0.14144 0.13123 0.13513 0.14451 0.15039 0.16704 0.16779 0.16476 0.16475 0.14711 0.15333
-9999 -9999 -9999 -9999 -9999 -9999 -9999 -9999 -9999 -9999 -9999 -9999 -9999 -9999 -9999 -9999 -9999 -9999 -9999 -9999 -9999 -9999 -9999 -9999 -9999 -9999 -9999 -9999 -9999 -9999 -9999 -9999 -9999 -9999 -9999 0.04781 0.04547 0.04787 0.04619 0.05863 0.05802 0.06437 0.06329 0.07127 0.07000 0.06616 0.06737 0.06994 0.06826 0.06963 0.06759 0.07475 0.07065 0.07786 0.08643 0.09643 0.11135 0.13111 0.14533 0.14698 0.15465 0.14865 0.15151 0.13469 0.13844 0.15233 0.15616 0.17370 0.17799 0.17388 0.17516 0.15609 0.15830
-9999 -9999 -9999 -9999 -9999 -9999 -9999 -9999 -9999 -9999 -9999 -9999 -9999 -9999 -9999 -9999 -9999 -9999 -9999 -9999 -9999 -9999 -9999 -9999 -9999 -9999 -9999 -9999 -9999 -9999 -9999 -9999 -9999 -9999 -0.00218 -0.00164 -0.00427 -0.00358 -0.00676 -0.00148 -0.00162 0.00408 0.00491 0.01558 0.02020 0.01869 0.01909 0.02146 0.02312 0.02919 0.02919 0.03432 0.02851 0.03335 0.03531 0.03648 0.04531 0.05710 0.06281 0.08474 0.08570 0.10514 0.10461 0.10455 0.11327 0.12174 0.11971 0.12408 0.11949 0.12074 0.11870 0.09669 0.09836
-9999 -9999 -9999 -9999 -9999 -9999 -9999 -9999 -9999 -9999 -9999 -9999 -9999 -9999 -9999 -9999 -9999 -9999 -9999 -9999 -9999 -9999 -9999 -9999 -9999 -9999 -9999 -9999 -9999 -9999 -9999 -9999 -9999 0.00419 0.00032 0.00209 -0.00035 0.00201 -0.00008 0.00448 0.00775 0.01415 0.01894 0.03172 0.02123 0.02211 0.02398 0.02643 0.03057 0.03440 0.03382 0.03223 0.03903 0.04126 0.04960 0.04733 0.05148 0.06550 0.07254 0.09493 0.09507 0.12247 0.12462 0.12934 0.13438 0.13265 0.12692 0.13292 0.13050 0.13305 0.13265 0.10980 0.10929
-9999 -9999 -9999 -9999 -9999 -9999 -9999 -9999 -9999 -9999 -9999 -9999 -9999 -9999 -9999 -9999 -9999 -9999 -9999 -9999 -9999 -9999 -9999 -9999 -9999 -9999 -9999 -9999 -9999 -9999 -9999 -0.03521 -0.03827 -0.02709 -0.02410 -0.01702 -0.02164 -0.01430 -0.02284 -0.02181 -0.01206 -0.01136 0.00936 -0.00099 -0.00757 -0.00388 -0.00243 0.00128 0.00631 0.01268 0.01541 0.01261 0.02502 0.02647 0.02854 0.01946 0.02124 0.03272 0.03584 0.05162 0.05884 0.08132 0.08194 0.09267 0.09264 0.09223 0.09292 0.09941 0.09850 0.08606 0.08363 0.06953 0.07367
-9999 -9999 -9999 -9999 -9999 -9999 -9999 -9999 -9999 -9999 -9999 -9999 -9999 -9999 -9999 -9999 -9999 -9999 -9999 -9999 -9999 -9999 -9999 -9999 -9999 -9999 -9999 -9999 -9999 -0.00095 -0.02862 -0.01638 -0.01502 -0.01257 -0.02068 -0.01830 -0.01721 -0.00137 -0.01213 -0.01288 -0.02112 -0.00598 -0.00120 -0.00511 -0.00324 0.00256 0.00409 0.00618 0.01491 0.01661 0.02268 0.03138 0.03398 0.03103 0.03589 0.02464 0.02891 0.04032 0.04477 0.05910 0.06381 0.09036 0.09332 0.09796 0.10668 0.10945 0.10386 0.09912 0.10036 0.09304 0.09577 0.07513 0.08250
-9999 -9999 -9999 -9999 -9999 -9999 -9999 -9999 -9999 -9999 -9999 -9999 -9999 -9999 -9999 -9999 -9999 -9999 -9999 -9999 -9999 -9999 -9999 -9999 0.01399 -0.00394 -0.00504 -0.01533 -0.02341 -0.03910 -0.02789 -0.01661 -0.00412 -0.01901 -0.02795 -0.02538 -0.02400 0.00378 0.00172 -0.00948 -0.00628 -0.00808 -0.01222 -0.01491 -0.01264 -0.01030 -0.00862 -0.00158 0.00546 0.00122 0.00416 0.01682 0.02057 0.01486 0.02082 0.01105 0.01318 0.01699 0.02125 0.03019 0.03414 0.04997 0.06221 0.06144 0.06040 0.07361 0.08384 0.10467 0.08183 0.07788 0.07068 0.06780 0.06393
-9999 -9999 -9999 -9999 -9999 -9999 0.18569 0.17290 0.20881 0.16896 0.13807 -9999 -9999 -9999 -9999 -9999 -9999 -9999 -9999 -9999 -9999 0.04794 0.04806 0.03851 0.04552 0.02160 0.01518 -0.01268 0.00181 0.00144 0.00094 0.02050 0.01193 -0.00634 -0.01446 -0.02245 -0.01899 0.00398 0.00563 -0.01768 -0.01621 0.01251 0.00467 -0.00568 -0.00735 -0.00476 -0.00210 0.00450 0.01211 0.00473 0.00762 0.01043 0.02641 0.02223 0.02300 0.01354 0.01789 0.02282 0.02865 0.04257 0.04203 0.05815 0.06203 0.06679 0.06803 0.09598 0.09054 0.10472 0.09427 0.10156 0.08896 0.07398 0.06971
-9999 -9999 -9999 -9999 -9999 0.09320 0.10641 0.10376 0.07033 0.07330 0.06042 0.06451 0.04581 0.06137 -9999 -9999 -9999 0.08320 0.05980 0.08531 0.07575 0.09051 0.10041 0.07796 0.09042 0.11669 0.07313 0.04034 0.02230 0.03369 0.07162 0.07875 0.07339 0.05855 0.01385 -0.00127 0.02207 0.00498 -0.02805 -0.03531 -0.03188 -0.00663 0.00522 0.00768 -0.00270 -0.00652 -0.00389 -0.00071 0.00519 0.00285 0.00964 0.00667 0.01377 0.01257 0.01565 0.00810 0.01266 0.01095 0.01376 0.02580 0.02815 0.03459 0.03049 0.02762 0.02560 0.03622 0.03482 0.05427 0.05693 0.06414 0.06337 0.05389 0.04921
-9999 0.21757 0.31095 0.18290 0.14977 0.14961 0.12589 0.08555 0.09251 0.07783 0.08003 0.06442 0.06301 0.07136 0.06919 0.09453 0.07720 0.08788 0.09935 0.08818 0.09475 0.13507 0.13061 0.13893 0.14584 0.14675 0.16255 0.12076 0.10887 0.10190 0.11275 0.09866 0.06127 0.06000 0.06521 0.03674 0.02587 0.00666 -0.03414 -0.03023 -0.02251 0.00678 0.02569 0.01263 0.02649 0.02558 0.00341 0.00263 0.00834 0.01077 0.01726 0.01273 0.01794 0.01911 0.02293 0.01776 0.02161 0.01702 0.01966 0.02372 0.02890 0.03205 0.03413 0.03016 0.02957 0.04258 0.05494 0.05688 0.05555 0.06212 0.06087 0.05778 0.05613
-9999 0.20578 0.27903 0.28723 0.31349 0.26669 0.11265 0.10210 0.08331 0.07660 0.12521 0.10624 0.07613 0.07290 0.09586 0.08761 0.16890 0.11116 0.12117 0.16464 0.14407 0.12974 0.16394 0.23247 0.21698 0.16967 0.15377 0.13397 0.15373 0.16384 0.12052 0.15994 0.17335 0.13177 0.11776 0.05266 0.05795 0.01510 -0.01662 -0.03563 -0.02852 -0.00025 0.02329 0.02148 0.01369 0.00402 0.01138 -0.00149 0.00165 0.00380 0.00720 0.00183 0.00750 0.01408 0.01830 0.00875 0.00841 0.01028 0.01195 0.00645 0.00895 0.01577 0.01722 0.02184 0.01753 0.02489 0.02560 0.03505 0.03255 0.03999 0.03132 0.03359 0.03567
-9999 -9999 -9999 0.23349 0.32973 0.31406 0.26406 0.22253 0.17849 0.22455 0.24108 0.28751 0.23346 0.20879 0.12844 0.16949 0.23783 0.24660 0.20240 0.23321 0.25885 0.24237 0.27280 0.29664 0.29108 0.25285 0.25521 0.18210 0.20719 0.23171 0.23950 0.23620 0.21657 0.18081 0.15805 0.10081 0.07902 0.07353 0.04730 0.01673 -0.03065 -0.01604 0.03472 0.05013 0.04198 0.01857 0.04869 0.02668 0.02026 0.01022 0.01574 0.00741 0.01631 0.01747 0.02143 0.01572 0.01390 0.01683 0.01859 0.01344 0.01167 0.02079 0.02203 0.02249 0.02361 0.02903 0.03025 0.03583 0.03498 0.03974 0.03959 0.03877 0.03802
-9999 -9999 -9999 -9999 -9999 -9999 0.35306 0.36492 0.34543 0.34398 0.35309 0.37269 0.32050 0.33687 0.26037 0.30768 0.26159 0.28511 0.23669 0.22137 0.31502 0.36510 0.38447 0.38238 0.37584 0.39400 0.37484 0.34224 0.34531 0.31124 0.30750 0.28330 0.27973 0.21629 0.20676 0.14176 0.12921 0.09523 0.08271 0.05407 0.02373 0.01896 0.02522 0.00763 0.03178 0.02715 0.03448 0.02465 0.02083 0.00540 0.01239 0.00465 0.01080 0.00854 0.01902 0.01302 0.01398 0.01337 0.01625 0.00933 0.01098 0.01499 0.01556 0.02119 0.01873 0.02759 0.02249 0.02502 0.02692 0.03928 0.03883 0.04018 0.04127
-9999 -9999 -9999 -9999 -9999 -9999 0.44091 0.40215 0.29451 0.40843 0.38129 0.37712 0.39014 0.41012 0.40368 0.38322 0.36973 0.35201 0.33945 0.33174 0.32379 0.35805 0.39792 0.46051 0.45502 0.45491 0.46696 0.43675 0.43848 0.38745 0.36169 0.33913 0.32251 0.26847 0.25896 0.18348 0.13784 0.08342 0.04270 0.04310 0.08178 0.06613 0.05123 0.04677 0.03741 0.03774 0.05292 0.04903 0.03856 0.04154 0.02886 0.00148 0.01291 0.02142 0.02223 0.02663 0.02157 0.01570 0.02025 0.01317 0.01696 0.01686 0.02000 0.02309 0.02502 0.02972 0.02886 0.03193 0.03044 0.04181 0.04210 0.04357 0.04434
-9999 -9999 -9999 -9999 -9999 -9999 -9999 -9999 -9999 -9999 0.41746 0.47724 0.48667 0.50922 0.39928 0.37007 0.41149 0.43268 0.46467 0.39873 0.36683 0.32871 0.42298 0.54452 0.55473 0.53561 0.54496 0.50080 0.50511 0.44361 0.42963 0.37402 0.34708 0.29517 0.27281 0.23695 0.22278 0.18780 0.16439 0.09545 0.09609 0.06976 0.06738 0.01800 0.00394 -0.00394 0.01402 0.02009 0.03290 0.03921 0.04646 0.05130 0.06035 0.05707 0.05702 0.06445 0.04068 0.04234 0.07262 0.05104 0.05309 0.03673 0.04070 0.02193 0.03034 0.03069 0.05014 0.07724 0.06007 0.07007 0.06208 0.06616 0.07528
-9999 -9999 -9999 -9999 -9999 -9999 -9999 -9999 -9999 -9999 0.50693 0.51650 0.54802 0.46322 0.52588 0.52496 0.51803 0.54680 0.49112 0.50599 0.52128 0.49692 0.48505 0.60593 0.60923 0.60204 0.60685 0.56108 0.57541 0.50762 0.49761 0.42425 0.39924 0.34283 0.30968 0.28444 0.23896 0.18984 0.15236 0.11383 0.08948 0.07548 0.05154 0.01161 0.01653 0.02253 0.03015 0.04363 0.05156 0.06054 0.06663 0.06841 0.07377 0.08463 0.05617 0.07868 0.07597 0.09704 0.09742 0.08555 0.08422 0.08667 0.09892 0.09161 0.06639 0.05509 0.06470 0.10983 0.11953 0.08745 0.07325 0.08084 0.07813
-9999 -9999 -9999 -9999 -9999 -9999 -9999 -9999 -9999 -9999 -9999 -9999 0.52038 0.33778 0.37963 0.36179 0.49757 0.54878 0.50127 0.60652 0.53801 0.60161 0.61207 0.65704 0.64328 0.65687 0.66338 0.65494 0.66382 0.62969 0.60112 0.52982 0.49430 0.41759 0.38614 0.33456 0.30079 0.26947 0.19060 0.16374 0.16275 0.11011 0.10500 0.04551 0.03727 0.02140 0.04261 0.05098 0.07072 0.07806 0.06639 0.09311 0.10124 0.09994 0.04154 0.05768 0.04137 0.12187 0.11569 0.10842 0.10163 0.08996 0.07932 0.11087 0.14758 0.16541 0.15957 0.12254 0.11414 0.11233 0.09560 0.09085 0.09767
-9999 -9999 -9999 -9999 -9999 -9999 -9999 -9999 -9999 -9999 -9999 -9999 0.52478 0.47788 0.43300 0.53300 0.50866 0.64112 0.55895 0.55658 0.63085 0.62915 0.64816 0.67765 0.64600 0.70663 0.72323 0.73073 0.73303 0.70132 0.72067 0.65301 0.58310 0.46808 0.41198 0.36650 0.31167 0.29449 0.26449 0.19884 0.19193 0.12851 0.12371 0.06474 0.05558 0.05526 0.05521 0.07081 0.07548 0.09180 0.09893 0.10257 0.07716 0.10441 0.06631 0.06092 0.08754 0.14235 0.13663 0.08463 0.05672 0.06441 0.15327 0.13293 0.16714 0.18391 0.18408 0.16368 0.16001 0.16458 0.13158 0.12276 0.11120
-9999 -9999 -9999 -9999 -9999 -9999 -9999 -9999 -9999 -9999 -9999 0.79715 0.47243 0.48949 0.55661 0.58542 0.44166 0.46638 0.45251 0.42022 0.59177 0.64320 0.66443 0.65659 0.63664 0.50089 0.64598 0.73921 0.77179 0.78664 0.78427 0.75254 0.71034 0.59409 0.52675 0.43170 0.40354 0.34728 0.31069 0.25038 0.23765 0.17524 0.17228 0.14403 0.11622 0.12650 0.11726 0.11697 0.14897 0.16443 0.16990 0.18580 0.18051 0.15732 0.10104 0.15912 0.20153 0.20828 0.20644 0.14835 0.20067 0.19867 0.19735 0.20789 0.20874 0.21194 0.20806 0.17242 0.10033 0.08515 0.07428 0.13229 0.12551
-9999 -9999 -9999 -9999 -9999 -9999 -9999 -9999 -9999 -9999 -9999 0.91617 0.83871 0.61575 0.68934 0.62076 0.55719 0.48868 0.51306 0.58040 0.67303 0.66976 0.69061 0.75044 0.75143 0.67516 0.76298 0.77148 0.79525 0.79476 0.78722 0.73936 0.69695 0.60636 0.56400 0.48602 0.45363 0.37065 0.35437 0.27772 0.26395 0.22911 0.12870 0.11698 0.12532 0.13362 0.13924 0.08463 0.14204 0.13426 0.18037 0.20752 0.20568 0.19563 0.23056 0.27099 0.26561 0.26693 0.26802 0.21850 0.20820 0.24207 0.23425 0.18183 0.18769 0.18255 0.19333 0.18053 0.07923 0.08718 0.08936 0.13544 0.13095
-9999 -9999 -9999 -9999 -9999 -9999 -9999 -9999 -9999 -9999 -9999 1.04023 1.00008 0.91782 0.94287 0.94938 0.81683 0.74124 0.84608 0.83120 0.83086 0.82658 0.83744 0.81198 0.82336 0.82147 0.80721 0.83547 0.87054 0.86671 0.85124 0.81633 0.83401 0.74007 0.65540 0.57856 0.52425 0.46613 0.44280 0.36096 0.32075 0.26226 0.28405 0.24363 0.21635 0.22080 0.22379 0.20991 0.22882 0.22970 0.24619 0.25019 0.25134 0.30742 0.32386 0.35502 0.35450 0.35457 0.34357 0.34885 0.34845 0.33173 0.33944 0.28018 0.29960 0.34604 0.34203 0.33620 0.24690 0.19853 0.21652 0.24979 0.23468
