data/hydroclimate-scenarios/1948-2000.Pcorr55N_Pref_Tref/monthly_summaries/et_monthly_tot_jun.1950-2000.asc
ncols	311
nrows	91
xllcenter	102.75
yllcenter	31.75
cellsize	0.5
NODATA_value	-9999
[rows 0 to 31 of 91, columns 71 to 141 of 311]
-9999 -9999 -9999 -9999 -9999 -9999 -9999 -9999 -9999 -9999 -9999 -9999 -9999 -9999 -9999 -9999 -9999 -9999 -9999 -9999 -9999 -9999 -9999 -9999 -9999 -9999 -9999 -9999 -9999 -9999 -9999 -9999 -9999 -9999 -9999 -9999 -9999 -9999 -9999 -9999 -9999 -9999 -9999 -9999 -9999 -9999 -9999 -9999 -9999 -9999 -9999 -9999 -9999 -9999 -9999 -9999 -9999 -9999 -9999 -9999 -9999 -9999 -9999 -9999 -9999 -9999 -9999 -9999 -9999 -9999 -9999
-9999 -9999 -9999 -9999 -9999 -9999 -9999 -9999 -9999 -9999 -9999 -9999 -9999 -9999 -9999 -9999 -9999 -9999 -9999 -9999 -9999 -9999 -9999 -9999 -9999 -9999 -9999 -9999 -9999 -9999 -9999 -9999 -9999 -9999 -9999 -9999 -9999 -9999 -9999 -9999 -9999 -9999 -9999 -9999 -9999 -9999 -9999 -9999 -9999 -9999 -9999 -9999 -9999 -9999 -9999 -9999 -9999 -9999 -9999 -9999 -9999 -9999 -9999 -9999 -9999 -9999 -9999 -9999 -9999 -9999 -9999
-9999 -9999 -9999 -9999 -9999 -9999 -9999 -9999 -9999 -9999 -9999 -9999 -9999 -9999 -9999 -9999 -9999 -9999 -9999 -9999 -9999 -9999 -9999 -9999 -9999 -9999 -9999 -9999 -9999 -9999 -9999 -9999 -9999 -9999 -9999 -9999 -9999 -9999 -9999 -9999 -9999 -9999 -9999 -9999 -9999 -9999 -9999 -9999 -9999 -9999 -9999 -9999 -9999 -9999 -9999 -9999 -9999 -9999 -9999 -9999 -9999 -9999 -9999 -9999 -9999 -9999 -9999 -9999 -9999 -9999 -9999
-9999 -9999 -9999 -9999 -9999 -9999 -9999 -9999 -9999 -9999 -9999 -9999 -9999 -9999 -9999 -9999 -9999 -9999 -9999 -9999 -9999 -9999 -9999 -9999 -9999 -9999 -9999 -9999 -9999 -9999 -9999 -9999 -9999 -9999 -9999 -9999 -9999 -9999 -9999 -9999 -9999 -9999 -9999 -9999 -9999 -9999 -9999 -9999 -9999 -9999 -9999 -9999 -9999 -9999 -9999 -9999 -9999 -9999 -9999 -9999 -9999 -9999 -9999 -9999 -9999 -9999 -9999 -9999 -9999 -9999 -9999
-9999 -9999 -9999 -9999 -9999 -9999 -9999 -9999 -9999 -9999 -9999 -9999 -9999 -9999 -9999 -9999 -9999 -9999 -9999 -9999 -9999 -9999 -9999 -9999 -9999 -9999 -9999 -9999 -9999 -9999 -9999 -9999 -9999 -9999 -9999 -9999 -9999 -9999 -9999 -9999 -9999 -9999 -9999 -9999 -9999 -9999 -9999 -9999 -9999 -9999 -9999 -9999 -9999 -9999 -9999 -9999 -9999 -9999 -9999 -9999 -9999 -9999 -9999 -9999 -9999 -9999 -9999 -9999 -9999 -9999 -9999
-9999 -9999 -9999 -9999 -9999 -9999 -9999 -9999 -9999 -9999 -9999 -9999 -9999 -9999 -9999 -9999 -9999 -9999 -9999 -9999 -9999 -9999 -9999 -9999 -9999 -9999 -9999 -9999 -9999 -9999 -9999 -9999 -9999 -9999 -9999 -9999 -9999 -9999 -9999 -9999 -9999 -9999 -9999 -9999 -9999 -9999 -9999 -9999 -9999 -9999 -9999 -9999 -9999 -9999 -9999 -9999 -9999 -9999 -9999 -9999 -9999 -9999 -9999 -9999 -9999 -9999 -9999 -9999 -9999 -9999 -9999
-9999 -9999 -9999 -9999 -9999 -9999 -9999 -9999 -9999 -9999 -9999 -9999 -9999 -9999 -9999 -9999 -9999 -9999 -9999 -9999 -9999 -9999 -9999 -9999 -9999 -9999 -9999 -9999 -9999 -9999 -9999 -9999 -9999 -9999 -9999 -9999 -9999 -9999 -9999 -9999 -9999 -9999 -9999 -9999 -9999 -9999 -9999 -9999 -9999 -9999 -9999 -9999 -9999 -9999 -9999 -9999 -9999 -9999 -9999 -9999 -9999 -9999 -9999 -9999 -9999 -9999 -9999 -9999 -9999 -9999 -9999
-9999 -9999 -9999 -9999 -9999 -9999 -9999 -9999 -9999 -9999 -9999 -9999 -9999 -9999 -9999 -9999 -9999 -9999 -9999 -9999 -9999 -9999 -9999 -9999 -9999 -9999 -9999 -9999 -9999 -9999 -9999 -9999 -9999 -9999 -9999 -9999 -9999 -9999 -9999 -9999 -9999 -9999 -9999 -9999 -9999 -9999 -9999 -9999 -9999 -9999 -9999 -9999 -9999 -9999 -9999 -9999 -9999 -9999 -9999 -9999 -9999 -9999 -9999 -9999 -9999 -9999 -9999 -9999 -9999 -9999 -9999
-9999 -9999 -9999 -9999 -9999 -9999 70.14230 -9999 -9999 -9999 -9999 -9999 -9999 -9999 -9999 -9999 -9999 -9999 -9999 -9999 -9999 -9999 -9999 -9999 -9999 -9999 -9999 -9999 -9999 -9999 -9999 -9999 -9999 -9999 -9999 -9999 -9999 -9999 -9999 -9999 -9999 -9999 -9999 -9999 -9999 -9999 -9999 -9999 -9999 -9999 -9999 -9999 -9999 -9999 -9999 -9999 -9999 -9999 -9999 -9999 -9999 -9999 -9999 -9999 -9999 -9999 -9999 -9999 -9999 -9999 -9999
-9999 -9999 54.48430 65.77980 66.61810 68.72000 70.06180 71.99130 73.42770 75.26030 75.95830 75.41720 74.14290 73.43280 75.49650 74.32130 73.24610 72.78680 71.70020 71.15320 68.33870 67.15220 -9999 -9999 -9999 -9999 -9999 -9999 -9999 -9999 -9999 -9999 -9999 -9999 -9999 -9999 -9999 -9999 -9999 -9999 -9999 -9999 -9999 -9999 -9999 -9999 -9999 -9999 -9999 -9999 -9999 -9999 -9999 -9999 -9999 -9999 -9999 -9999 -9999 -9999 -9999 -9999 -9999 -9999 -9999 -9999 -9999 -9999 -9999 -9999 -9999
-9999 -9999 -9999 -9999 77.07710 78.15160 80.91200 81.50890 83.24550 83.79180 83.89780 82.72620 81.63560 79.90750 78.77000 77.49400 74.51390 72.66430 71.28050 70.56610 70.32870 71.55870 -9999 -9999 -9999 -9999 -9999 -9999 -9999 -9999 -9999 -9999 -9999 -9999 -9999 -9999 -9999 -9999 -9999 -9999 -9999 -9999 -9999 -9999 -9999 -9999 -9999 -9999 -9999 -9999 -9999 -9999 -9999 -9999 -9999 -9999 -9999 -9999 -9999 -9999 -9999 -9999 -9999 -9999 -9999 -9999 -9999 -9999 -9999 -9999 -9999
71.11210 72.05310 73.25500 73.33410 77.46120 77.30710 78.41370 80.36240 81.81760 82.81920 84.80160 83.90080 82.98610 81.56390 80.25940 77.82990 75.56260 74.14350 72.93590 71.67910 71.30680 64.45270 75.94680 76.62460 75.76620 77.90950 77.48580 77.87970 -9999 -9999 -9999 -9999 -9999 -9999 -9999 -9999 -9999 -9999 -9999 -9999 -9999 -9999 -9999 -9999 -9999 -9999 -9999 -9999 -9999 -9999 -9999 -9999 -9999 -9999 -9999 -9999 -9999 -9999 -9999 -9999 -9999 -9999 -9999 -9999 -9999 -9999 -9999 -9999 -9999 -9999 -9999
73.01050 72.70880 73.91780 74.26620 74.52930 76.63570 78.53090 79.44110 80.39320 81.87510 82.78300 82.04190 82.37350 81.53350 80.72430 79.16640 74.28280 72.13720 62.86400 71.36780 73.12340 72.19420 72.12580 75.35700 76.93580 78.02490 79.44550 79.60010 79.65570 79.61720 79.01630 78.93870 79.25880 78.55790 76.21320 75.85840 73.05760 73.23550 70.93530 69.21990 69.63410 68.75620 68.49160 -9999 -9999 -9999 -9999 -9999 -9999 -9999 -9999 -9999 -9999 -9999 -9999 -9999 -9999 -9999 -9999 -9999 -9999 -9999 -9999 -9999 -9999 -9999 -9999 -9999 -9999 -9999 -9999
80.14070 81.88920 80.90200 81.65510 76.54370 79.41250 77.73830 77.58090 80.49040 88.83540 89.68210 81.36490 90.26090 81.61840 80.32420 78.92080 76.13830 73.55880 74.81650 74.10390 71.35710 68.25270 69.69850 76.81580 78.92650 77.49160 78.36590 79.19800 80.58700 81.21100 82.42640 82.33610 80.24050 78.71720 79.59950 78.11430 77.16170 74.76070 72.02540 71.00240 71.89630 71.11820 70.69320 56.84150 -9999 -9999 -9999 -9999 -9999 -9999 -9999 -9999 -9999 -9999 -9999 -9999 -9999 -9999 -9999 -9999 -9999 -9999 -9999 -9999 -9999 -9999 -9999 -9999 -9999 -9999 -9999
81.79300 76.66890 83.47240 74.09370 79.10810 80.59460 79.67170 80.09770 80.67650 82.00700 81.49960 82.27180 84.94670 85.39240 85.14760 82.40780 80.76990 78.06400 77.15010 64.00560 71.59570 71.65220 73.89090 75.54530 77.99580 75.39210 80.19020 81.65350 83.52910 83.00440 83.97910 83.92950 81.59750 81.59270 81.10690 80.38560 80.62880 78.75600 79.64600 78.32570 75.49080 74.22610 72.73420 73.15850 -9999 -9999 -9999 -9999 -9999 -9999 -9999 -9999 -9999 -9999 -9999 -9999 -9999 -9999 -9999 61.47870 61.41000 -9999 -9999 -9999 -9999 66.03460 59.46770 55.06090 54.92900 65.45850 66.21780
77.67850 78.11810 80.38980 75.31180 79.53560 80.04980 79.28780 77.78240 81.53900 80.61170 84.99570 85.89730 87.87860 85.54270 85.20410 85.70380 83.16980 82.69170 68.12420 81.15970 79.53900 79.11390 79.34310 82.87370 84.50640 85.36940 86.98070 85.87450 85.88130 85.29650 83.47010 83.22330 82.67190 82.34220 83.09070 81.93600 83.37860 81.28780 80.32110 79.56830 62.54780 59.32550 58.21820 73.43690 74.30510 73.52040 60.33240 72.72320 66.69160 63.54500 71.04890 69.24600 65.72100 69.04050 63.93130 67.44120 70.00740 69.95370 62.21800 63.29370 68.50120 -9999 -9999 -9999 -9999 -9999 69.26420 63.21110 59.46640 54.20270 53.45510
78.91420 87.07730 80.78440 78.90540 85.72670 77.21860 77.87680 80.63550 82.77940 82.65310 84.62540 86.08060 87.74270 90.34970 90.62370 85.81100 87.89860 85.05680 85.24770 85.07170 85.35730 85.46530 86.32730 86.72550 87.64310 88.36400 88.40270 87.96500 89.20120 88.33160 87.18980 88.34870 86.00750 85.98550 86.05620 85.47010 86.56020 86.47820 67.03960 71.53390 82.89450 66.15030 80.18010 78.49960 78.52460 78.90950 78.92690 78.60180 74.92300 70.97080 73.06640 74.56610 72.00960 63.75960 57.07580 64.93340 60.94770 58.24920 63.23660 68.63210 69.38140 67.52430 72.28150 70.14280 72.27630 72.79560 72.52730 70.35520 66.45220 60.32760 51.22780
76.86790 68.09730 78.24030 80.03200 75.80460 80.71800 80.38190 77.85180 75.56100 78.68350 81.89200 84.87300 84.90400 82.91180 89.33190 88.80960 88.70110 88.19160 86.77770 79.75950 86.16520 87.45900 88.78380 89.46890 89.27670 90.04430 89.80440 89.64870 90.62500 89.62440 89.45530 88.60860 88.65430 88.39690 87.75270 87.38620 73.89430 88.67100 85.93020 85.37380 83.68050 84.69860 84.22780 82.84480 81.05770 81.66900 82.15120 81.94990 80.61630 78.90010 76.28970 75.09060 73.32110 74.03640 67.51670 59.73570 57.61050 60.52100 60.71720 58.93890 62.66990 55.22950 64.43010 74.69230 74.36630 69.01000 73.69700 73.41370 67.26370 57.04810 47.82390
75.33650 66.50350 77.37120 83.14120 81.41050 80.62280 78.63130 79.37710 78.90970 79.03710 80.35810 79.93250 81.84010 84.55610 87.24750 88.49770 90.11840 90.17830 89.62870 79.47610 82.45790 86.38080 87.57980 88.43800 90.78410 90.63870 90.66710 91.66810 90.97030 90.66220 92.38200 73.15970 89.58480 89.71510 89.11250 88.43760 86.46600 83.51470 85.01780 84.17940 84.30550 83.63760 78.88170 75.62760 78.69060 83.49570 83.73550 82.46630 83.31270 80.58640 77.39260 75.60940 73.92740 72.29370 74.55620 75.85850 75.06750 61.29850 60.44980 58.13230 54.34730 49.60230 48.00730 57.65640 60.29020 63.75090 64.05090 63.57830 59.45460 54.43990 50.53600
81.63810 73.08980 72.92510 75.04310 84.84300 76.79820 78.99200 81.31060 82.58230 80.02300 79.65660 75.68450 81.27260 74.47290 79.25360 85.71270 88.57430 90.30340 90.62000 88.41180 84.83430 87.68070 87.75650 87.18050 92.68980 90.35390 91.03580 90.94530 92.39850 87.07770 91.09420 90.60610 86.53330 85.61300 87.70150 88.93670 86.76780 84.16180 84.94470 79.00710 80.88480 82.68580 78.62120 79.71590 78.72030 78.21590 79.60580 81.16750 82.77100 78.82200 75.08730 75.95780 75.58260 78.90880 71.55300 64.49980 60.51470 52.49820 60.25750 65.85690 63.35160 61.72530 62.89320 56.13400 50.71550 57.66410 50.63970 55.86760 57.45070 53.87180 52.93860
79.70950 79.99610 73.15830 67.98210 64.29140 85.00760 85.83810 84.14930 78.70780 79.83700 83.26350 75.67650 63.58680 64.78110 69.68730 74.74180 81.00580 82.23450 87.52640 88.66630 90.12630 90.51160 90.96710 90.03530 92.47850 92.58100 93.73830 93.27340 93.19940 92.32780 93.54330 92.75490 84.08610 81.12170 81.09840 81.51020 75.87280 76.04300 77.59770 76.82750 81.46280 79.19550 82.11710 84.56900 79.82170 80.71720 80.31490 77.79470 79.00190 80.81590 84.27540 83.48020 78.62610 78.44340 77.83010 74.08130 63.57350 57.01290 60.20310 51.24720 54.22100 57.11980 62.61370 64.12460 66.41170 63.71530 61.24740 56.07880 59.78140 58.37450 61.99690
71.48170 71.79510 70.09810 69.05390 65.28270 68.67980 71.76400 77.82830 79.74110 82.97200 79.56520 85.28840 78.79610 72.21290 63.92000 62.72150 65.04800 69.90930 82.71320 89.78780 85.64560 89.90730 91.24070 89.74570 93.31330 92.24540 91.82060 91.65010 95.83860 93.38540 91.72810 87.71480 81.03310 83.87330 79.55180 78.92210 78.77190 78.42120 83.68000 73.96790 74.98470 78.08080 84.11510 75.09500 76.12340 73.54550 73.23750 72.99130 74.25070 74.54430 67.90690 68.78500 63.43550 63.72600 63.59430 63.90770 54.75090 60.02490 61.94440 54.17760 60.00610 60.78730 62.02690 71.51960 68.63820 69.43310 58.36080 60.99190 65.11600 65.70420 72.40720
79.95990 71.70020 73.78870 71.92280 73.47600 70.17280 67.90090 77.48910 73.20980 78.02020 82.13650 82.59150 80.36450 88.23260 83.06480 88.77860 82.32080 66.83710 64.83840 70.69300 76.87520 75.20810 83.66500 91.25620 94.10540 93.43670 90.20870 92.92000 89.51360 90.16280 87.91330 87.18670 84.34530 82.46220 81.77080 84.56620 83.33830 78.19530 74.16620 74.81210 79.12780 84.38820 83.90930 77.32160 71.14030 68.11820 68.24020 71.33590 66.45870 57.94250 55.87510 58.31620 53.66510 46.76320 51.49290 47.30510 57.03450 50.90400 61.09590 67.66350 68.48470 73.76360 71.92530 76.61970 65.35110 72.60890 76.64610 77.67640 75.11900 67.39680 73.72680
83.42260 80.50920 80.83190 85.44640 75.55580 74.65460 70.54030 69.27700 71.42660 79.20960 83.96200 69.40260 72.77110 77.20220 66.22460 64.07840 63.46120 91.93360 72.78700 61.68290 57.04850 63.02640 70.47980 82.55010 90.04150 91.70100 91.11920 94.35470 91.72550 88.57620 87.19250 86.75150 87.06740 85.41990 85.61840 85.24680 84.33220 83.28770 79.16930 78.16670 72.20000 75.44940 79.47740 79.52330 87.17660 79.20170 78.87990 72.64680 63.70700 58.15640 55.07010 59.73280 59.44580 57.88240 50.13040 49.49710 53.04600 52.20690 62.77630 68.20420 79.64840 81.50380 77.25910 73.63250 85.65930 81.81830 81.49050 84.98230 82.37250 73.24540 77.40010
83.94780 84.39390 85.66100 90.53860 82.90370 84.60130 84.81730 83.08630 85.58920 82.39500 81.53600 80.65290 85.81240 80.41730 74.06750 69.29860 62.06030 61.90540 74.89260 77.99630 73.38130 72.00930 76.05370 80.47050 83.58150 84.31840 90.46690 94.59200 95.24760 90.25510 92.67250 94.06550 92.73460 89.75370 87.03050 83.20890 77.91000 78.33210 81.38800 80.12280 68.11830 72.57550 67.79390 71.89050 81.60690 75.46150 76.63760 71.85150 65.95340 53.65350 52.37450 56.68660 61.21220 49.66960 55.34240 57.51480 60.66370 64.29140 55.83160 66.01360 73.98040 78.16960 82.52110 91.61080 95.39320 89.13390 91.13470 82.72420 75.82450 73.69340 80.65640
83.62730 82.83420 77.96060 79.13790 81.40040 87.21130 91.99820 91.58850 90.57060 88.34830 80.01840 71.32230 74.75990 81.50050 86.16010 78.85840 71.92660 66.82010 59.19740 61.93470 70.79480 78.80880 81.72270 79.68480 79.12280 88.81950 87.62120 87.73170 97.54480 93.30330 93.35170 91.35970 92.71160 89.62690 85.43190 85.67280 85.01360 75.72230 75.99480 72.18380 58.87130 63.19360 63.12330 54.59430 62.66580 68.31060 74.37230 72.26790 71.88420 64.25370 55.33810 66.50110 70.00370 68.80850 71.85400 71.62580 70.15170 64.46650 68.06490 64.51940 76.20700 76.82010 82.40470 88.22270 92.72440 95.25650 93.57490 88.70410 83.30700 73.99430 73.10210
77.05480 71.49230 73.94410 76.34230 74.24800 79.87210 86.60200 89.63110 90.27990 85.99580 83.73950 79.23060 70.16970 75.04000 84.56030 85.45420 77.22630 66.29430 58.21510 58.09570 65.61800 66.81310 73.55190 78.25940 84.80260 90.33670 86.71570 86.44720 94.20940 97.28050 93.37120 88.51830 92.19890 86.70120 81.93200 82.46260 82.65900 72.48060 76.00080 71.21420 61.77070 57.67900 56.80900 62.62250 62.97380 64.99680 64.34950 66.41320 68.58540 60.23510 62.36880 58.64300 60.31480 58.80400 59.84490 60.84680 62.20250 72.27830 78.33870 79.51340 85.61790 81.53700 82.30370 85.07900 87.08800 91.60390 87.29510 87.96050 72.76330 61.23350 59.71290
88.17670 80.41150 71.10880 70.66750 71.61370 78.29610 86.28110 88.97980 90.00000 89.84420 83.98380 87.11690 83.66150 72.31940 73.94850 74.48180 69.66470 76.46950 71.34490 72.88200 58.04380 69.30240 75.46260 79.59650 80.96330 84.95250 82.10990 87.90050 88.93390 94.38990 93.78900 93.81740 93.21480 86.40880 79.58850 81.28230 80.68730 74.86080 65.48060 66.73390 64.59530 59.90140 62.73750 59.47180 61.55670 59.84430 71.74990 66.85660 62.65980 63.00990 64.11270 61.01660 63.38040 67.40780 64.55610 69.10260 69.92000 75.25180 80.38340 77.71040 85.20870 84.19660 79.80510 81.80240 68.62060 74.60690 70.38100 72.11160 65.80470 72.63900 66.69930
80.62340 80.88390 65.54520 64.87520 66.31700 60.45710 67.24610 79.08300 82.18470 82.14490 80.79950 79.08240 82.14100 77.67270 62.84140 69.47080 75.66970 83.45570 74.86210 77.34880 77.03980 68.71090 71.73890 78.04900 86.80950 89.47150 92.93350 91.20300 82.36110 93.15760 96.62950 97.63400 92.94140 88.65680 79.67400 79.85570 78.86790 70.63840 56.70350 52.01840 61.20110 64.17550 58.13380 70.67720 71.86520 70.82050 76.34170 84.72580 82.42850 81.74490 83.09250 81.83790 79.94650 71.36870 70.42580 69.67930 73.09900 78.56300 76.49980 85.12480 81.02900 76.79610 74.01280 61.83100 55.31580 53.71500 51.36530 51.81250 59.67150 61.82200 58.22320
91.28430 84.22930 66.85850 68.89430 66.56860 64.96910 59.22350 62.14850 65.94250 67.62140 65.41890 63.46160 70.59050 62.79900 62.74180 69.51240 67.34560 70.84900 79.18790 79.73800 77.54970 68.55440 57.59910 76.96140 84.69500 93.15610 84.56010 87.43030 85.17620 87.86920 91.76010 88.83700 90.19890 84.62220 73.37020 74.48900 73.30210 71.36280 59.04670 56.79060 64.94970 78.70430 73.93750 80.65970 89.11010 84.00900 85.15600 82.84180 75.19020 82.12680 -9999 -9999 81.35780 75.39690 83.51240 75.97280 72.09710 78.17870 81.28080 76.24840 75.13900 62.13940 54.11620 46.14060 49.13370 41.64800 38.18540 33.65100 49.28060 55.22730 50.39880
74.23960 79.37010 72.30220 66.41800 62.79510 65.79660 61.95660 66.60670 61.99330 62.94750 59.69250 60.24720 60.18270 59.16650 60.75960 67.90730 57.76390 65.38190 77.75070 68.41240 72.75860 75.13180 73.58070 72.03830 60.42600 70.90550 73.46720 81.60560 88.33150 85.65310 82.79750 85.27440 82.66950 75.75700 69.02370 68.76720 62.61810 74.71350 80.52740 -9999 -9999 -9999 -9999 84.32120 -9999 78.52520 64.31240 71.11680 73.87580 79.72680 -9999 -9999 77.29510 73.81500 74.24820 75.88680 79.86620 78.02400 74.17350 66.47830 63.18960 58.68900 53.38030 52.83840 57.18950 36.58720 35.94200 37.34670 53.60830 56.18620 58.08330
80.34110 78.28270 74.09940 65.63440 65.52730 75.33710 60.24360 62.39930 73.14330 69.53240 69.67790 66.02160 58.96230 54.64110 59.09490 74.02660 63.80420 58.83320 57.87480 62.66180 55.75190 69.45720 67.10510 67.86890 65.21120 71.66440 72.24640 68.40400 72.69610 77.76780 77.77610 75.97050 69.78590 71.21800 62.64820 72.44140 76.68960 -9999 -9999 -9999 -9999 -9999 -9999 -9999 80.62790 76.23820 76.25860 -9999 -9999 -9999 -9999 -9999 69.45350 74.50950 63.28710 63.59130 57.94710 61.87520 68.94210 61.34620 72.23050 70.35820 63.53250 55.40280 63.20250 67.45860 53.87790 40.79780 53.23620 69.76190 -9999
