data/hydroclimate-scenarios/1948-2000.Pcorr55N_Pref_Tref/monthly_summaries/et_monthly_tot_oct.1950-2000.asc
ncols	311
nrows	91
xllcenter	102.75
yllcenter	31.75
cellsize	0.5
NODATA_value	-9999
[rows 32 to 63 of 91, columns 0 to 71 of 311]
-9999 -9999 -9999 -9999 -9999 -9999 -9999 -9999 -9999 -9999 -9999 2.66058 2.49693 2.53954 2.57806 2.61103 2.25870 2.28189 2.49501 2.26901 2.25396 2.17055 2.33898 2.35923 2.50277 2.04086 1.88807 2.03162 2.14477 2.13333 2.09985 1.86371 1.94721 1.70787 1.50105 1.75176 1.57116 1.52500 1.35099 1.31988 1.21691 1.48679 1.46179 1.39020 1.19173 1.32263 1.23954 1.07068 1.06708 1.04892 1.11506 0.89003 0.93176 0.85195 0.89527 0.76420 0.77663 0.88715 0.83737 1.01717 1.00204 0.86878 0.82464 0.83138 0.83122 0.88372 0.70543 0.47992 0.33892 0.32618 0.29215 0.45685
-9999 -9999 -9999 -9999 -9999 -9999 -9999 -9999 -9999 -9999 -9999 2.91106 2.77412 2.77246 2.60136 2.75215 2.68048 2.81344 2.71204 2.62105 2.61242 2.48703 2.63135 2.63423 2.42161 1.75367 1.83845 1.98922 2.25699 2.59487 2.14211 2.15516 2.18441 2.01365 2.08995 1.98859 2.00876 1.76464 1.69541 1.45288 1.45110 1.51016 1.53022 1.60494 1.33922 1.33786 1.24203 1.10801 1.05552 0.93481 0.96674 0.94761 0.94240 0.87148 0.90505 0.87092 0.83625 0.97275 0.90369 1.17595 1.15971 1.02484 1.12168 1.19684 1.19324 0.88736 0.79507 0.56452 0.46233 0.36617 0.34775 0.52766
-9999 -9999 -9999 -9999 -9999 -9999 -9999 -9999 -9999 -9999 -9999 -9999 3.08408 3.32017 3.05542 3.13896 3.07494 3.21483 3.29656 3.33616 3.43713 2.93110 2.60748 2.13001 2.03268 1.48983 1.63095 1.53791 1.97609 1.91269 2.08717 2.60926 2.42702 2.48580 2.29805 1.94803 1.89325 2.09552 1.78629 1.49562 1.33799 1.44650 1.31730 1.71316 1.54655 1.66547 1.68288 2.05870 2.02631 1.64721 1.68358 1.08845 1.25286 1.02206 0.85249 0.80490 0.88032 0.94445 1.03869 1.13464 1.11703 1.32602 1.37532 1.27308 1.34036 1.37667 1.24601 1.15369 0.88969 1.00282 1.00675 1.14239
-9999 -9999 -9999 -9999 -9999 -9999 -9999 -9999 -9999 -9999 -9999 -9999 3.19673 3.48976 3.33790 3.49754 3.63273 3.67335 3.48599 3.56317 3.48566 2.28664 2.14744 1.61302 1.46990 1.50092 1.68784 1.71737 1.93152 1.85698 1.99745 2.34425 2.66579 2.70295 2.76163 2.52981 2.25209 2.40117 2.21185 1.93042 1.64690 1.75740 1.66180 1.79714 1.95843 2.21719 2.36463 2.63825 2.37312 1.63984 1.57115 1.18552 1.22976 0.98070 1.07160 0.92716 1.05329 1.26418 1.47315 1.60394 1.42241 1.38223 1.22891 1.27167 1.42296 1.51541 1.33249 1.29588 1.16700 1.24737 1.20101 1.26415
-9999 -9999 -9999 -9999 -9999 -9999 -9999 -9999 -9999 -9999 -9999 -9999 3.46158 3.75820 3.69271 3.88143 3.63855 3.56388 3.21808 2.81940 2.78215 2.01393 1.82996 1.64764 1.75358 1.55109 1.77136 1.89712 1.98529 1.97321 2.30761 2.67034 2.67358 2.27624 2.57214 2.70201 2.50819 2.38945 2.26363 2.01465 1.49424 1.44150 1.47743 1.90815 1.99469 2.07208 1.95149 1.96713 2.18056 2.04290 1.98546 1.66401 1.56745 1.29985 1.66033 1.78927 1.79732 1.65568 1.73704 1.86344 1.74962 1.31031 1.26238 1.73466 1.70007 1.77839 1.77726 2.16733 2.03750 2.14836 2.09476 2.74155
-9999 -9999 -9999 3.94367 4.19576 4.07062 4.13025 4.26697 4.14844 -9999 4.17675 4.29973 4.32129 4.29268 4.25783 4.14725 3.91930 3.73465 3.40226 2.92078 2.82747 2.44924 2.11972 2.05186 2.08523 1.95350 2.26040 1.96439 2.13300 1.84139 2.25457 2.74638 2.50184 1.99142 2.27329 2.34251 2.09899 2.09721 2.01932 2.21404 1.95477 1.78735 1.81902 2.08635 1.59914 1.37429 0.98451 1.75219 1.85666 1.81576 1.75797 1.45933 1.39120 1.09622 1.22146 1.24198 1.29246 1.50708 1.38741 1.76247 1.83613 1.38584 1.33746 1.78370 1.87651 2.03384 1.91235 2.25297 2.23702 2.19747 2.13998 2.94980
-9999 -9999 -9999 4.36916 4.34742 4.39423 3.98408 3.82425 3.83973 3.71127 4.31898 4.87721 4.53154 4.06332 3.79838 3.38406 3.07224 2.91016 2.77287 2.69313 2.65980 2.41902 2.60975 2.40811 2.24805 2.22149 2.24634 2.00399 2.07764 1.98266 2.08074 2.17119 2.14599 1.84231 1.79118 2.18202 2.11907 1.80105 1.85157 1.59544 1.43626 1.66539 1.84549 1.67121 1.23208 0.84983 0.85694 1.47637 1.26892 1.18540 1.17235 1.05884 1.12429 1.20436 1.49600 1.41048 1.52413 1.61299 1.42582 1.55598 1.58933 1.81382 1.76535 2.07299 2.02143 2.36773 2.36097 2.92758 2.75196 3.95489 3.67601 5.49443
-9999 -9999 -9999 4.74309 4.73541 4.30068 4.36928 4.21069 4.53274 4.99458 4.74041 5.06709 4.33378 3.44891 2.73991 2.92033 2.99948 2.84355 2.91832 3.07842 2.84527 2.53239 2.68764 2.28435 2.20639 2.34046 2.43396 2.25472 2.51543 2.26211 2.38328 2.39063 2.35400 2.08296 2.07263 2.37018 2.30174 2.23811 2.11540 1.83448 1.73141 1.70592 1.81555 2.11732 2.05979 1.39287 1.36215 1.42489 1.45777 1.28008 1.26131 1.27482 1.38827 1.52315 1.66575 1.59072 1.73441 1.86325 1.67025 1.74421 1.89115 2.04236 2.15828 2.18120 2.32562 2.56059 2.50019 2.93175 2.79715 3.92466 4.01973 5.49886
-9999 -9999 -9999 4.62320 5.05597 4.10982 4.37627 4.10474 3.75379 3.71250 4.13305 4.43329 3.03268 2.87901 2.62894 2.55332 2.41967 2.34761 2.44740 2.64375 2.36036 2.02261 2.04437 1.97545 2.12618 2.20572 2.35179 2.38749 2.51068 2.48213 2.32272 2.43777 2.29741 2.49533 2.44223 2.27346 2.24580 2.41524 2.16174 2.12722 1.85545 1.57913 1.39266 1.67220 2.11650 1.63203 1.54325 1.50966 1.32470 1.52369 1.48270 1.52148 1.56219 1.66612 1.68672 1.80848 1.79288 1.81192 1.85234 2.01226 1.77464 2.22251 2.26078 2.31323 2.21925 2.93546 2.85919 3.54157 3.57755 5.07753 5.08936 7.60088
-9999 -9999 -9999 5.16811 5.57159 4.44342 4.44726 4.21207 3.69672 3.98467 4.73901 4.05181 3.02945 2.82126 2.61185 2.63630 2.63042 2.58309 2.65777 3.25515 2.86682 2.41300 2.37589 2.59560 2.74283 2.68334 3.00453 2.72606 2.66525 2.44322 2.64257 2.62279 2.61946 2.70626 2.65479 2.65223 2.60055 2.57182 2.59636 2.48955 2.15800 2.07852 1.83133 1.95920 2.04299 1.98632 1.95201 1.68763 1.67935 1.75403 1.71358 1.97426 1.83737 1.80118 1.99055 1.92219 2.07586 2.09750 2.01473 2.06223 2.11693 2.28047 2.28605 2.51619 2.42702 3.09637 3.07230 3.66864 3.74324 5.49587 6.85664 -9999
-9999 -9999 -9999 -9999 4.32043 3.77826 4.12644 3.76422 3.48019 3.83822 4.87560 4.08730 2.30163 2.95474 -9999 -9999 -9999 -9999 -9999 2.65540 2.73038 2.64503 2.57932 2.33326 2.45609 2.46582 3.07875 2.89694 2.84447 2.76414 2.73214 2.82998 2.90049 3.13136 3.16771 3.17440 3.04326 3.05773 2.95214 3.04991 3.02746 2.99999 2.66558 2.51786 2.53803 2.65959 2.55210 2.00400 2.11995 2.42022 2.24960 2.35277 2.49681 2.49363 2.48203 2.37733 2.23969 2.60450 2.59694 2.20768 2.11983 2.31305 2.27013 2.73501 2.72852 3.15066 3.22815 4.60594 5.17189 -9999 -9999 -9999
-9999 -9999 5.92455 4.83604 4.59851 4.58731 4.38269 3.68066 4.21625 4.12059 5.08221 3.92556 2.57373 -9999 -9999 -9999 -9999 -9999 2.63819 2.98404 3.06587 2.95652 2.94454 2.74549 2.88430 2.81734 3.33630 3.48293 3.38618 3.23482 3.08430 3.08078 3.07732 3.25216 3.37586 3.58698 3.39316 3.37653 3.29654 3.47363 3.22542 3.39391 3.07698 3.36463 3.47773 3.42252 3.24905 2.88952 3.25955 3.79844 3.57556 3.48651 3.28009 3.69218 2.87187 3.13253 2.62617 2.70895 2.74808 2.61716 2.51139 2.67310 2.75419 2.93260 3.16117 3.90932 4.59428 -9999 -9999 -9999 -9999 -9999
-9999 -9999 5.52680 5.37013 5.45710 4.98559 4.97328 3.65407 3.67240 4.48865 4.01296 3.60588 3.48442 -9999 -9999 -9999 -9999 2.78396 2.54290 2.79599 2.82673 2.85817 2.79106 3.12910 3.46380 3.69495 3.56998 3.40109 3.65039 3.82834 3.67257 3.21135 3.49351 3.56605 3.40436 3.94910 4.03780 3.80768 3.50087 3.22811 3.29095 3.37818 3.27048 3.37150 3.20648 3.43130 3.72773 3.17330 4.38125 3.98138 4.01042 4.62491 4.68141 4.48928 4.12345 4.90444 4.17042 2.93967 2.78874 3.12615 3.32929 2.67696 3.15379 4.29947 5.29968 -9999 -9999 -9999 -9999 -9999 9.49127 -9999
-9999 -9999 6.71190 5.64024 5.62390 5.16956 5.10265 4.28167 4.02005 4.25004 3.51915 3.49535 6.15093 -9999 -9999 -9999 -9999 2.70555 2.75049 2.93775 3.03596 3.26567 3.50317 4.03095 3.96996 4.04417 3.54629 3.88263 3.84710 3.84403 3.75208 3.66015 3.64862 3.56713 3.87702 4.08028 3.97714 3.73977 3.62642 3.68853 3.60843 3.99619 4.09579 3.73321 3.84733 3.65419 3.72557 3.47403 4.07139 4.42909 5.54588 5.19037 4.96496 4.78644 4.61690 6.16971 5.70399 4.47425 4.67119 4.94763 6.08290 6.23269 6.23546 5.24338 4.09399 4.87066 7.50227 5.99515 8.53545 -9999 -9999 -9999
-9999 -9999 -9999 6.33798 5.56252 5.08317 4.97627 4.51414 4.33899 3.69416 4.32357 6.04590 -9999 -9999 -9999 -9999 2.87715 2.96900 3.28609 3.45108 3.55599 3.91678 3.96426 4.11125 3.99780 3.99801 3.81618 3.77316 4.09114 3.62211 3.63681 3.90233 4.22440 4.08843 3.99921 4.24939 4.38717 4.96650 4.80850 5.13878 4.65942 4.83884 4.66296 4.76682 5.31883 4.89005 5.39126 5.82191 5.19444 5.49993 5.01399 5.48346 5.97095 5.12673 4.44760 4.80942 4.91455 3.99834 4.23484 5.50677 5.24639 5.19656 3.76221 2.84269 2.87444 3.68937 6.01453 6.27152 8.30993 9.15740 -9999 -9999
-9999 -9999 -9999 -9999 6.71203 5.62483 5.12323 4.94008 4.36690 5.59718 6.85839 -9999 -9999 -9999 -9999 3.45704 3.08082 3.67062 4.11901 4.03393 4.37053 4.59306 4.51237 4.14668 4.11115 4.34056 4.14147 4.34439 4.17785 4.39288 4.08066 4.39039 4.52798 4.46527 4.23656 4.52108 4.72362 5.49045 5.53713 5.59902 4.96722 5.28068 5.41495 5.49721 6.30315 6.20865 6.22780 6.14158 6.20487 6.59428 6.50253 6.22977 5.94571 6.34424 6.12373 6.68674 7.11287 5.25527 4.98055 6.01082 4.52125 3.58583 3.49069 3.67613 3.14923 4.09415 6.84377 8.39220 7.76936 9.79317 10.46600 12.30210
-9999 -9999 -9999 -9999 -9999 -9999 6.36354 5.94673 6.71584 7.45441 5.91180 -9999 -9999 -9999 -9999 -9999 3.77646 4.06983 4.36988 4.34041 4.49096 6.40973 4.62975 4.75935 4.69987 4.96392 5.16643 4.69441 4.94907 4.87117 4.66006 4.84710 5.28986 4.57735 4.96151 5.72445 5.49576 5.13162 5.69782 5.81426 5.51776 4.91513 4.83797 5.28775 5.35816 6.35203 6.80361 6.58953 6.58816 6.68449 6.23574 6.14368 6.32925 7.51559 7.28677 6.78808 6.54105 6.21720 5.48896 5.19100 4.05888 3.59265 3.39075 3.24514 3.06787 3.76609 6.14026 9.08125 8.36280 8.91498 8.99284 10.73420
-9999 -9999 -9999 -9999 -9999 -9999 -9999 -9999 -9999 -9999 -9999 -9999 -9999 -9999 -9999 -9999 -9999 -9999 -9999 4.87270 4.94327 6.06661 5.43688 5.27806 5.20378 5.09532 4.78994 4.97007 5.01917 5.11493 5.29478 5.79758 5.24847 5.30085 5.42093 5.96042 6.31556 5.72402 5.76538 5.62029 5.51833 5.42975 5.67390 5.93209 5.98846 6.97644 7.65895 7.23469 7.37763 7.17792 7.16705 7.54120 7.60119 8.44645 8.83589 8.43523 7.45662 6.53684 5.96000 5.62670 4.00238 4.06146 3.74657 3.41925 3.42691 5.39559 8.63725 10.29070 10.44170 8.82710 8.54853 11.09740
-9999 -9999 -9999 -9999 -9999 -9999 -9999 -9999 -9999 -9999 -9999 -9999 -9999 -9999 -9999 -9999 -9999 -9999 5.40865 5.69035 6.04455 6.30190 6.21691 6.29598 6.54219 5.91118 5.71273 6.24378 6.28489 5.67888 5.77213 5.53715 5.44695 5.88770 6.23244 6.13446 6.02333 6.47100 5.72189 5.50055 5.47748 5.51451 5.42183 5.54049 5.73877 5.94863 7.13221 8.10804 8.20247 8.60589 9.22270 8.10970 7.46048 7.97125 8.31098 9.79967 9.32042 6.82795 5.44056 5.95746 6.36128 6.13262 5.00788 4.18493 4.04766 6.56615 8.35140 9.79887 10.59740 11.75980 11.71090 8.23488
-9999 -9999 -9999 -9999 -9999 -9999 -9999 -9999 -9999 -9999 -9999 -9999 -9999 -9999 -9999 -9999 -9999 6.09562 6.00581 6.71875 6.51310 6.66151 6.55668 6.54765 5.79596 4.96101 5.34167 6.18346 5.85188 5.68467 5.75763 5.90613 6.12058 6.63531 7.21403 6.14321 5.64281 6.22201 6.40406 6.05975 5.94840 6.21714 5.83138 6.29948 6.83457 6.91732 7.05195 7.55656 8.56452 8.10361 9.31026 7.07869 6.42145 9.26720 9.25223 10.56070 9.37522 7.82914 6.70786 7.32218 7.94996 7.31987 4.20163 4.06650 6.82595 8.41013 9.01325 9.18662 11.27480 13.21760 10.72900 11.89100
-9999 -9999 -9999 -9999 -9999 -9999 -9999 -9999 -9999 -9999 -9999 -9999 -9999 -9999 -9999 -9999 -9999 6.38437 6.48562 6.09422 6.92763 6.99912 6.87078 6.96457 6.37296 5.51260 5.39650 5.83451 6.29654 6.04316 6.26637 5.39863 5.66177 6.40328 6.65234 7.10619 6.70518 6.93375 6.34202 5.45338 5.69836 6.87732 6.98499 7.43932 6.55613 7.55799 9.58249 8.70921 9.66164 10.27420 9.82704 6.65957 6.81851 9.53568 10.37990 10.88320 8.03397 8.91348 9.27316 9.42057 8.30057 6.58087 6.29393 5.96269 4.75108 5.57460 9.46309 8.49620 11.87390 14.03030 12.51930 9.93066
-9999 -9999 -9999 -9999 -9999 -9999 -9999 -9999 -9999 -9999 -9999 -9999 -9999 -9999 -9999 -9999 5.91609 5.66940 5.57110 6.02121 7.03083 7.70621 7.11878 7.74794 8.21905 7.33802 6.34134 5.91211 6.23951 6.32130 6.52534 6.23702 6.62726 7.06580 7.05905 7.01844 7.18198 7.10949 6.63665 6.36442 6.96182 8.03261 7.84835 8.75947 9.51231 10.74200 12.01630 9.50335 10.26530 10.58100 8.85180 7.88961 8.04884 8.94684 10.07970 11.91140 11.86660 11.08770 11.13690 8.85922 9.10646 8.97859 7.23948 5.18282 6.83491 7.82157 9.20026 11.61220 13.07910 14.52070 12.73070 11.52190
-9999 -9999 -9999 -9999 -9999 -9999 -9999 -9999 -9999 -9999 -9999 -9999 -9999 5.83948 5.36593 6.13278 5.91757 5.07005 5.39097 6.85895 6.81607 6.48671 7.26240 8.36546 7.65342 7.44479 7.66956 7.65685 7.76085 8.23373 7.55972 6.35842 7.24307 8.55356 7.20676 6.59144 7.43456 6.38410 6.98469 7.79836 8.12661 9.26329 9.76375 10.70290 9.64211 10.22840 10.79100 11.29650 11.69470 9.73841 7.88285 7.67859 7.04046 8.49680 10.28150 13.57600 13.99390 13.19940 12.85270 12.53690 12.17430 12.16020 10.70920 11.69410 13.12830 13.40530 12.97410 14.90740 15.33620 16.64470 14.00290 11.85160
-9999 -9999 -9999 -9999 -9999 -9999 -9999 -9999 -9999 -9999 -9999 -9999 5.97165 5.68367 5.35579 6.05133 6.01475 5.77125 5.63600 7.94698 6.91764 6.19939 6.86725 7.17414 7.31758 7.87741 8.18166 9.41351 8.82572 8.89864 9.18910 8.39498 7.83294 8.31336 7.70506 6.17185 6.22820 6.59601 7.55649 8.49305 8.84302 9.96401 10.03650 9.48485 9.20513 10.14630 9.02652 11.55220 12.34300 11.94750 10.56410 10.26000 10.42780 13.33350 12.45450 14.52940 15.59040 13.36090 11.67200 12.40760 11.95770 13.46600 13.61210 13.00870 14.13150 13.26180 13.78260 16.63780 17.52560 15.87870 12.43630 13.91290
-9999 -9999 -9999 -9999 -9999 -9999 -9999 -9999 -9999 -9999 -9999 5.25969 5.34433 5.40704 6.15511 6.37276 6.34400 6.19954 6.58000 6.99513 6.46688 8.10025 8.30092 9.13431 8.78692 8.29272 7.99245 9.30077 9.70823 9.68248 9.72064 10.17020 9.32174 8.62017 8.21420 6.98300 8.15897 7.41270 8.20634 9.05462 10.16040 9.78141 10.85300 10.29220 10.40120 10.56670 10.25360 10.56040 9.65995 13.15630 14.15470 13.11130 13.07790 13.92490 14.87730 12.72740 15.60480 14.83080 15.94990 14.89230 15.45980 15.37540 14.84100 14.14400 12.83290 13.64470 18.18710 20.12550 18.25700 15.56500 11.23000 11.05190
-9999 -9999 -9999 -9999 -9999 -9999 -9999 -9999 -9999 -9999 5.53578 5.46912 5.87775 6.04485 6.72450 6.69578 7.29270 7.79049 7.51189 7.63031 7.63377 8.45865 8.50864 8.89423 9.17072 8.50828 8.80663 9.87380 10.45780 10.57580 10.29220 10.89580 8.08504 8.03191 9.20361 7.82635 9.12259 8.94458 9.81557 9.97729 10.83170 11.39620 13.35910 12.59920 13.46930 13.83220 13.28730 12.65720 10.85750 12.92150 15.03000 13.92330 14.20460 15.36840 15.60630 15.11360 14.88090 15.14260 16.68160 13.34720 13.29250 13.11320 11.37050 12.42210 14.90060 18.12400 19.26460 20.54830 18.31140 14.02580 11.51030 14.68110
-9999 -9999 -9999 -9999 -9999 -9999 -9999 -9999 -9999 7.35998 6.98971 6.86292 6.99456 6.73032 6.91573 7.64750 7.76088 8.83769 9.21753 8.97285 9.03235 9.08411 9.15163 9.44816 9.52807 10.19970 10.70830 10.78090 10.81920 11.72440 11.69580 9.86485 8.84971 7.29381 6.63493 8.50126 9.07572 10.94950 11.31810 12.17270 13.63450 13.91170 10.88190 11.61970 12.94990 14.47760 15.89050 13.09910 11.70420 13.85340 15.58580 13.79850 13.71450 10.48730 10.87060 16.07480 14.26050 11.58830 12.02560 10.41030 11.51420 9.94417 13.09380 14.66980 18.75230 20.86370 21.71710 19.56260 17.76850 16.64160 17.31690 18.91580
-9999 -9999 -9999 -9999 -9999 -9999 -9999 -9999 -9999 -9999 7.15158 7.15189 7.01004 7.11354 7.55787 7.35163 7.39936 8.43605 8.52661 8.34842 8.39646 8.96724 9.09114 -9999 -9999 -9999 -9999 -9999 -9999 11.87970 11.43540 9.20775 7.54525 6.60883 7.17929 9.33571 9.95729 11.81510 12.01640 13.02760 14.93100 13.24500 12.96250 13.51600 14.72070 15.04580 14.47010 13.89620 14.33570 15.99980 16.26570 16.49260 14.39810 11.82310 11.12580 16.27450 13.62940 13.16460 14.93500 15.37790 14.14200 13.87100 14.76230 16.48940 18.87690 21.78240 20.60560 18.81940 13.04730 15.03960 14.89860 20.17080
-9999 -9999 -9999 -9999 -9999 -9999 -9999 -9999 -9999 -9999 -9999 -9999 7.14171 7.36129 7.17365 7.40829 7.55065 8.40548 8.44953 -9999 -9999 -9999 -9999 -9999 -9999 -9999 -9999 -9999 -9999 -9999 -9999 -9999 -9999 7.04298 7.51771 9.56710 10.32050 11.35640 11.79480 14.11990 15.08730 13.14030 14.41600 15.31390 14.83460 14.55990 13.33290 14.96710 15.93060 16.93910 17.86160 14.62250 14.05870 15.37920 13.51010 16.39180 16.17080 17.18520 19.88500 19.19680 17.26140 19.80470 19.96800 19.60300 22.72730 24.70840 22.40340 20.55320 18.82700 22.36760 22.13670 25.28310
-9999 -9999 -9999 -9999 -9999 -9999 -9999 -9999 -9999 -9999 -9999 -9999 -9999 -9999 -9999 -9999 -9999 -9999 -9999 -9999 -9999 -9999 -9999 -9999 -9999 -9999 -9999 -9999 -9999 -9999 -9999 -9999 -9999 -9999 6.28164 7.64414 10.10870 10.37020 10.81580 13.79650 16.49080 14.44100 13.97890 14.08730 14.89420 15.91320 14.65670 16.43400 14.94610 15.10490 16.32970 16.06460 15.11440 14.62880 11.37400 14.36420 16.75790 18.72430 18.10520 15.35270 17.93700 19.32400 21.14530 22.31070 24.31270 25.86630 23.35350 20.81390 17.46970 22.03100 25.02400 -9999
-9999 -9999 -9999 -9999 -9999 -9999 -9999 -9999 -9999 -9999 -9999 -9999 -9999 -9999 -9999 -9999 -9999 -9999 -9999 -9999 -9999 -9999 -9999 -9999 -9999 -9999 -9999 -9999 -9999 -9999 -9999 -9999 -9999 -9999 7.55310 9.52108 9.99887 9.68011 10.25300 13.62490 14.48360 14.63660 15.21490 12.93680 14.52880 13.78240 13.65890 13.29690 11.89170 13.13560 12.73250 15.60360 12.38780 15.11610 13.70290 17.28420 16.49890 19.36560 17.34680 18.03710 15.53980 13.84020 18.87990 23.17170 26.51250 23.94680 24.18450 24.47530 21.14980 27.63880 -9999 -9999
-9999 -9999 -9999 -9999 -9999 -9999 -9999 -9999 -9999 -9999 -9999 -9999 -9999 -9999 -9999 -9999 -9999 -9999 -9999 -9999 -9999 -9999 -9999 -9999 -9999 -9999 -9999 -9999 -9999 -9999 -9999 -9999 -9999 -9999 -9999 -9999 -9999 -9999 10.30360 12.86740 12.75090 15.39750 18.16070 15.16860 12.20460 13.62600 13.80570 15.06300 11.97310 16.97390 19.27120 14.26520 19.06730 17.00550 15.92760 17.55020 19.65400 18.46370 14.88050 15.56370 19.51980 13.85980 21.44210 26.17820 23.74300 24.18890 23.16970 26.94090 29.83220 -9999 -9999 -9999
