data/hydroclimate-scenarios/1948-2000.Pcorr55N_Pref_Tref/monthly_summaries/et_monthly_tot_mar.1950-2000.asc
ncols	311
nrows	91
xllcenter	102.75
yllcenter	31.75
cellsize	0.5
NODATA_value	-9999
[rows 0 to 31 of 91, columns 73 to 145 of 311]
-9999 -9999 -9999 -9999 -9999 -9999 -9999 -9999 -9999 -9999 -9999 -9999 -9999 -9999 -9999 -9999 -9999 -9999 -9999 -9999 -9999 -9999 -9999 -9999 -9999 -9999 -9999 -9999 -9999 -9999 -9999 -9999 -9999 -9999 -9999 -9999 -9999 -9999 -9999 -9999 -9999 -9999 -9999 -9999 -9999 -9999 -9999 -9999 -9999 -9999 -9999 -9999 -9999 -9999 -9999 -9999 -9999 -9999 -9999 -9999 -9999 -9999 -9999 -9999 -9999 -9999 -9999 -9999 -9999 -9999 -9999 -9999 -9999
-9999 -9999 -9999 -9999 -9999 -9999 -9999 -9999 -9999 -9999 -9999 -9999 -9999 -9999 -9999 -9999 -9999 -9999 -9999 -9999 -9999 -9999 -9999 -9999 -9999 -9999 -9999 -9999 -9999 -9999 -9999 -9999 -9999 -9999 -9999 -9999 -9999 -9999 -9999 -9999 -9999 -9999 -9999 -9999 -9999 -9999 -9999 -9999 -9999 -9999 -9999 -9999 -9999 -9999 -9999 -9999 -9999 -9999 -9999 -9999 -9999 -9999 -9999 -9999 -9999 -9999 -9999 -9999 -9999 -9999 -9999 -9999 -9999
-9999 -9999 -9999 -9999 -9999 -9999 -9999 -9999 -9999 -9999 -9999 -9999 -9999 -9999 -9999 -9999 -9999 -9999 -9999 -9999 -9999 -9999 -9999 -9999 -9999 -9999 -9999 -9999 -9999 -9999 -9999 -9999 -9999 -9999 -9999 -9999 -9999 -9999 -9999 -9999 -9999 -9999 -9999 -9999 -9999 -9999 -9999 -9999 -9999 -9999 -9999 -9999 -9999 -9999 -9999 -9999 -9999 -9999 -9999 -9999 -9999 -9999 -9999 -9999 -9999 -9999 -9999 -9999 -9999 -9999 -9999 -9999 -9999
-9999 -9999 -9999 -9999 -9999 -9999 -9999 -9999 -9999 -9999 -9999 -9999 -9999 -9999 -9999 -9999 -9999 -9999 -9999 -9999 -9999 -9999 -9999 -9999 -9999 -9999 -9999 -9999 -9999 -9999 -9999 -9999 -9999 -9999 -9999 -9999 -9999 -9999 -9999 -9999 -9999 -9999 -9999 -9999 -9999 -9999 -9999 -9999 -9999 -9999 -9999 -9999 -9999 -9999 -9999 -9999 -9999 -9999 -9999 -9999 -9999 -9999 -9999 -9999 -9999 -9999 -9999 -9999 -9999 -9999 -9999 -9999 -9999
-9999 -9999 -9999 -9999 -9999 -9999 -9999 -9999 -9999 -9999 -9999 -9999 -9999 -9999 -9999 -9999 -9999 -9999 -9999 -9999 -9999 -9999 -9999 -9999 -9999 -9999 -9999 -9999 -9999 -9999 -9999 -9999 -9999 -9999 -9999 -9999 -9999 -9999 -9999 -9999 -9999 -9999 -9999 -9999 -9999 -9999 -9999 -9999 -9999 -9999 -9999 -9999 -9999 -9999 -9999 -9999 -9999 -9999 -9999 -9999 -9999 -9999 -9999 -9999 -9999 -9999 -9999 -9999 -9999 -9999 -9999 -9999 -9999
-9999 -9999 -9999 -9999 -9999 -9999 -9999 -9999 -9999 -9999 -9999 -9999 -9999 -9999 -9999 -9999 -9999 -9999 -9999 -9999 -9999 -9999 -9999 -9999 -9999 -9999 -9999 -9999 -9999 -9999 -9999 -9999 -9999 -9999 -9999 -9999 -9999 -9999 -9999 -9999 -9999 -9999 -9999 -9999 -9999 -9999 -9999 -9999 -9999 -9999 -9999 -9999 -9999 -9999 -9999 -9999 -9999 -9999 -9999 -9999 -9999 -9999 -9999 -9999 -9999 -9999 -9999 -9999 -9999 -9999 -9999 -9999 -9999
-9999 -9999 -9999 -9999 -9999 -9999 -9999 -9999 -9999 -9999 -9999 -9999 -9999 -9999 -9999 -9999 -9999 -9999 -9999 -9999 -9999 -9999 -9999 -9999 -9999 -9999 -9999 -9999 -9999 -9999 -9999 -9999 -9999 -9999 -9999 -9999 -9999 -9999 -9999 -9999 -9999 -9999 -9999 -9999 -9999 -9999 -9999 -9999 -9999 -9999 -9999 -9999 -9999 -9999 -9999 -9999 -9999 -9999 -9999 -9999 -9999 -9999 -9999 -9999 -9999 -9999 -9999 -9999 -9999 -9999 -9999 -9999 -9999
-9999 -9999 -9999 -9999 -9999 -9999 -9999 -9999 -9999 -9999 -9999 -9999 -9999 -9999 -9999 -9999 -9999 -9999 -9999 -9999 -9999 -9999 -9999 -9999 -9999 -9999 -9999 -9999 -9999 -9999 -9999 -9999 -9999 -9999 -9999 -9999 -9999 -9999 -9999 -9999 -9999 -9999 -9999 -9999 -9999 -9999 -9999 -9999 -9999 -9999 -9999 -9999 -9999 -9999 -9999 -9999 -9999 -9999 -9999 -9999 -9999 -9999 -9999 -9999 -9999 -9999 -9999 -9999 -9999 -9999 -9999 -9999 -9999
-9999 -9999 -9999 -9999 1.06695 -9999 -9999 -9999 -9999 -9999 -9999 -9999 -9999 -9999 -9999 -9999 -9999 -9999 -9999 -9999 -9999 -9999 -9999 -9999 -9999 -9999 -9999 -9999 -9999 -9999 -9999 -9999 -9999 -9999 -9999 -9999 -9999 -9999 -9999 -9999 -9999 -9999 -9999 -9999 -9999 -9999 -9999 -9999 -9999 -9999 -9999 -9999 -9999 -9999 -9999 -9999 -9999 -9999 -9999 -9999 -9999 -9999 -9999 -9999 -9999 -9999 -9999 -9999 -9999 -9999 -9999 -9999 -9999
1.68344 1.29833 1.18457 1.12819 1.14848 1.09532 1.07365 1.00646 1.00164 0.97094 0.97678 0.95354 0.96148 0.95072 0.96551 0.96287 1.01555 1.01263 1.01323 1.01916 -9999 -9999 -9999 -9999 -9999 -9999 -9999 -9999 -9999 -9999 -9999 -9999 -9999 -9999 -9999 -9999 -9999 -9999 -9999 -9999 -9999 -9999 -9999 -9999 -9999 -9999 -9999 -9999 -9999 -9999 -9999 -9999 -9999 -9999 -9999 -9999 -9999 -9999 -9999 -9999 -9999 -9999 -9999 -9999 -9999 -9999 -9999 -9999 -9999 -9999 -9999 -9999 -9999
-9999 -9999 0.98748 0.95199 0.90962 0.90437 0.79098 0.76943 0.69762 0.67031 0.67400 0.67434 0.66659 0.65592 0.68681 0.67368 0.71439 0.70758 0.62252 0.62808 -9999 -9999 -9999 -9999 -9999 -9999 -9999 -9999 -9999 -9999 -9999 -9999 -9999 -9999 -9999 -9999 -9999 -9999 -9999 -9999 -9999 -9999 -9999 -9999 -9999 -9999 -9999 -9999 -9999 -9999 -9999 -9999 -9999 -9999 -9999 -9999 -9999 -9999 -9999 -9999 -9999 -9999 -9999 -9999 -9999 -9999 -9999 -9999 -9999 -9999 -9999 -9999 -9999
1.11949 1.10782 1.05697 1.03358 1.01109 0.97113 0.87086 0.84441 0.75555 0.73742 0.74705 0.72824 0.72082 0.72235 0.73630 0.72302 0.78563 0.77513 0.67506 0.67332 0.83908 0.85431 0.93137 0.93859 1.05420 1.05256 -9999 -9999 -9999 -9999 -9999 -9999 -9999 -9999 -9999 -9999 -9999 -9999 -9999 -9999 -9999 -9999 -9999 -9999 -9999 -9999 -9999 -9999 -9999 -9999 -9999 -9999 -9999 -9999 -9999 -9999 -9999 -9999 -9999 -9999 -9999 -9999 -9999 -9999 -9999 -9999 -9999 -9999 -9999 -9999 -9999 -9999 -9999
0.89855 0.88410 0.86690 0.83361 0.74769 0.71513 0.69566 0.66212 0.57689 0.56161 0.56758 0.54307 0.53752 0.52450 0.53914 0.53480 0.53734 0.51907 0.42210 0.42365 0.50422 0.50955 0.59182 0.60166 0.67158 0.69182 0.75728 0.76720 0.95197 0.96650 1.07142 1.09324 1.22949 1.24788 1.27362 1.26995 1.47337 1.49547 1.71198 1.70962 1.61582 -9999 -9999 -9999 -9999 -9999 -9999 -9999 -9999 -9999 -9999 -9999 -9999 -9999 -9999 -9999 -9999 -9999 -9999 -9999 -9999 -9999 -9999 -9999 -9999 -9999 -9999 -9999 -9999 -9999 -9999 -9999 -9999
0.96398 0.94565 0.92040 0.90421 0.83445 0.80442 0.76696 0.73615 0.62582 0.62010 0.62093 0.61000 0.59053 0.58359 0.59955 0.59215 0.60472 0.58394 0.46320 0.45484 0.54781 0.55059 0.62637 0.64363 0.72932 0.74338 0.79231 0.79235 0.99696 1.00567 1.17358 1.19598 1.30692 1.33473 1.32344 1.35594 1.58268 1.59573 1.78796 1.80615 1.68589 1.72199 -9999 -9999 -9999 -9999 -9999 -9999 -9999 -9999 -9999 -9999 -9999 -9999 -9999 -9999 -9999 -9999 -9999 -9999 -9999 -9999 -9999 -9999 -9999 -9999 -9999 -9999 -9999 -9999 -9999 -9999 -9999
0.70300 0.63864 0.64615 0.64472 0.56425 0.55868 0.49783 0.50046 0.44835 0.44350 0.39360 0.38893 0.36629 0.35465 0.34071 0.33699 0.35412 0.33612 0.27510 0.27402 0.28756 0.28465 0.33750 0.33385 0.40472 0.41983 0.50633 0.51751 0.65891 0.67296 0.70781 0.71905 0.85385 0.86353 0.84572 0.87211 1.00331 1.02663 1.19118 1.21290 1.28598 1.30780 -9999 -9999 -9999 -9999 -9999 -9999 -9999 -9999 -9999 -9999 -9999 -9999 -9999 -9999 -9999 1.84877 1.91273 -9999 -9999 -9999 -9999 1.91790 1.70639 1.53519 1.56696 1.73384 1.75584 1.70072 1.69355 1.64635 1.67712
0.76195 0.73209 0.73925 0.74837 0.68405 0.63165 0.56282 0.55352 0.51739 0.49998 0.44509 0.42058 0.41578 0.40984 0.39573 0.38814 0.46250 0.44537 0.34299 0.31737 0.33542 0.41153 0.47717 0.42528 0.47406 0.46838 0.57498 0.57600 0.72792 0.73984 0.77683 0.79186 0.92245 0.94473 0.93067 0.95243 1.09685 1.11466 1.29191 1.31274 1.40891 1.40522 1.58336 1.59026 1.44971 1.42703 1.36687 1.32634 1.35598 1.31567 1.41857 1.48449 1.55950 1.53153 1.87104 1.89904 1.93554 1.91426 2.03592 -9999 -9999 -9999 -9999 -9999 1.99628 1.89493 1.69093 1.63373 1.63658 1.65228 1.61065 1.64499 1.67263
0.74395 0.70631 0.62086 0.63295 0.63198 0.61086 0.56547 0.56049 0.54819 0.52150 0.45862 0.45528 0.49218 0.47350 0.44999 0.49256 0.41605 0.32224 0.36717 0.35948 0.43254 0.44815 0.45072 0.42951 0.43391 0.42285 0.48757 0.56848 0.60207 0.61826 0.70070 0.62094 0.76187 0.84691 0.81001 0.85199 0.80988 0.86106 0.97081 0.97132 1.09904 1.07695 1.06698 1.07408 1.22658 1.18744 1.03496 0.99031 1.12067 1.16951 1.22721 1.11128 1.20506 1.32601 1.44370 1.45043 1.63999 1.68965 1.81339 1.74878 1.96314 1.97188 2.06280 2.01708 1.93706 1.91306 1.77789 1.67880 1.54807 1.56117 1.49335 1.40855 1.45970
0.86485 0.75600 0.62126 0.66329 0.68087 0.64904 0.64846 0.63318 0.62299 0.58135 0.49727 0.50711 0.58947 0.66204 0.54852 0.52038 0.55467 0.47971 0.45002 0.39071 0.44003 0.41582 0.52379 0.46050 0.49840 0.46513 0.64618 0.74797 0.82062 0.86250 0.88121 0.74704 0.84461 0.95498 0.88934 0.88691 0.91884 1.01909 1.06596 0.97782 1.09288 1.22470 1.27723 1.20334 1.26854 1.21983 1.21637 1.17477 1.21448 1.22848 1.32016 1.28473 1.40469 1.32831 1.45780 1.48327 1.64814 1.62682 1.80526 1.60488 1.85180 1.97993 2.14165 2.10669 2.06742 2.04340 1.87781 1.71341 1.52215 1.50822 1.48781 1.50331 1.75089
0.64023 0.82900 0.83944 0.87777 0.85025 0.76892 0.73908 0.74655 0.66522 0.64744 0.70144 0.71699 0.82068 0.81928 0.83371 0.78312 0.72586 0.66420 0.46692 0.42509 0.37038 0.38050 0.44627 0.50512 0.50077 0.57890 0.50673 0.49908 0.52738 0.54834 0.54938 0.60667 0.77163 0.78456 0.73960 0.58394 0.69576 0.69970 0.61544 0.62517 0.56453 0.62950 0.86560 0.91401 1.01705 1.02442 1.03692 0.98132 1.11021 1.08576 1.20380 1.20876 1.42310 1.46843 1.69240 1.55349 1.68945 1.61392 1.66360 1.57940 1.60404 1.62829 1.68947 1.77414 1.81524 1.81920 1.72332 1.66758 1.69054 1.69271 1.65733 1.57175 1.63213
0.70860 0.70771 0.86491 0.94973 0.97118 0.90495 0.81416 0.85802 0.66741 0.65165 0.69980 0.74262 0.80069 0.77003 0.83797 0.87744 0.82255 0.72176 0.54433 0.47213 0.43214 0.41673 0.50830 0.51492 0.59578 0.51570 0.72650 0.62475 0.55710 0.69245 0.55206 0.44009 0.55088 0.55709 0.52982 0.54131 0.55445 0.54563 0.58102 0.59476 0.65990 0.66379 0.80493 0.81699 0.98357 1.13024 1.16990 1.06893 1.18972 1.16045 1.29717 1.34459 1.49767 1.41865 1.60871 1.51139 1.79372 1.90641 1.94074 1.90592 1.90670 1.70788 1.70011 1.73176 1.70514 1.79573 1.79892 1.77505 1.84743 2.00178 1.98672 1.77264 1.80976
0.65298 0.60971 0.75257 0.79608 0.89534 0.92483 0.84556 0.91175 0.86054 0.74542 0.69818 0.96071 0.74783 0.84664 0.84959 0.88342 0.91570 0.88307 0.84245 0.81956 0.69773 0.55741 0.51259 0.58024 0.55429 0.48570 0.56666 0.57159 0.52938 0.43865 0.40952 0.40696 0.42462 0.40899 0.43394 0.42837 0.48649 0.51716 0.53645 0.53220 0.61998 0.63677 0.80394 0.90858 1.02921 0.98138 1.19330 1.23201 1.25492 1.17810 1.41936 1.41675 1.56815 1.54000 1.57162 1.49830 1.69888 1.56235 1.68820 1.73004 1.75985 1.80335 1.79804 1.76022 1.83140 1.78407 1.92751 1.93535 2.12795 2.28101 2.34915 2.13397 2.01935
0.99384 0.99099 0.82530 0.81903 0.83315 0.83908 0.82426 0.90273 1.12479 0.95033 0.92437 0.77722 0.79997 0.80764 0.75241 0.75828 0.76573 0.80943 0.70022 0.83173 0.74009 0.67867 0.69691 0.62982 0.48141 0.49134 0.50958 0.45081 0.46468 0.41063 0.40157 0.40586 0.42320 0.42455 0.46254 0.45242 0.51769 0.52827 0.59371 0.61310 0.71474 0.66891 0.84229 0.83044 0.92434 0.91627 1.17473 1.23290 1.13745 1.15283 1.31878 1.31228 1.45934 1.46101 1.47991 1.56566 1.74438 1.60505 1.80770 1.81689 1.87418 2.00536 1.94000 1.89895 1.88847 1.95532 2.13522 2.18672 2.47038 2.52163 2.49994 2.07640 2.21481
1.17881 0.81819 1.22713 1.17217 0.95053 0.87144 0.77050 0.82780 0.94899 0.95823 0.95987 0.96522 0.93933 0.91586 0.99985 0.88114 0.78179 0.78062 0.80015 0.80951 0.81651 0.95094 0.89119 0.85421 0.75314 0.73778 0.65400 0.65968 0.63652 0.63636 0.60873 0.63234 0.61024 0.69055 0.74305 0.72930 0.79459 0.83642 0.87392 0.98736 1.06940 0.98055 1.08147 1.05416 1.17855 1.24400 1.32955 1.24432 1.36943 1.41646 1.55851 1.55100 1.55604 1.57177 1.57922 1.52481 1.61460 1.69254 1.71471 1.78326 1.80090 1.80904 1.74549 1.86029 2.05292 2.08311 2.22757 2.08315 2.53656 2.73865 2.76547 2.45426 2.76469
0.88269 0.88370 0.84592 1.22081 1.11651 0.98688 0.84546 0.87260 0.98907 0.84348 0.88570 0.93279 0.92204 1.12226 1.30413 1.23596 0.89431 1.11003 0.84993 0.77708 0.72746 0.91052 0.90531 0.92475 0.88369 0.89386 0.75835 0.72236 0.68310 0.68425 0.68882 0.71314 0.74033 0.73271 0.77626 0.78771 0.87281 0.88484 0.84998 0.90722 1.00606 0.99192 1.35385 1.37783 1.47348 1.37762 1.38298 1.31711 1.42435 1.45398 1.73011 1.72391 1.63747 1.56428 1.60830 1.60163 1.72865 1.78007 1.97435 2.01575 1.92279 1.83418 2.14643 2.16958 2.20754 2.27982 2.61174 2.44761 2.84111 2.87892 3.22578 3.12735 3.17700
0.94718 0.95592 1.02715 1.00019 0.93025 0.89767 0.88096 0.85956 0.98349 0.89418 0.99528 1.01400 0.95793 0.94925 1.44406 1.11753 1.09747 1.17790 1.03669 0.98850 0.93265 0.96450 1.07289 1.18283 1.03204 0.99158 1.05941 1.02112 0.89038 0.90578 0.93050 0.88692 0.89202 0.91666 1.04578 1.04450 1.07386 1.08741 1.04722 1.06203 1.21708 1.24417 1.72621 1.76861 1.79264 1.69928 1.71277 1.58501 1.64017 1.74873 2.03897 1.85880 1.84579 1.88983 1.68354 1.73187 1.53645 1.62685 1.76279 1.87677 1.90851 2.05727 2.16962 2.11237 2.31496 2.35760 2.53330 2.59473 2.93947 2.79681 3.26023 3.31520 3.64991
0.96143 0.96590 1.08481 1.13341 1.04679 1.08347 1.04259 1.02788 1.00993 0.92193 1.04791 1.09541 1.15600 1.07717 1.27443 1.24851 1.42945 1.14545 1.09863 1.17296 1.09307 1.05480 1.04732 1.07091 0.97313 0.96855 1.03085 1.00132 0.92333 0.90781 0.95262 0.93742 0.98485 0.92504 1.01378 0.96999 1.11091 1.03594 1.02047 1.09327 1.26607 1.16981 1.45201 1.61612 1.75740 1.72725 1.91480 1.80064 1.82843 2.01015 2.37271 2.37046 2.36433 2.34840 1.92905 1.85062 1.83038 1.75287 1.93646 1.99629 2.05505 2.13735 2.34470 2.31401 2.51723 2.53773 2.80113 2.61845 2.81881 2.89008 3.52994 3.25398 3.66736
1.60288 1.58739 1.08346 1.08617 1.24637 1.32514 1.41065 1.34081 1.31544 1.25022 1.55624 1.30651 1.48005 1.54736 1.48361 1.44163 1.45428 1.36608 1.25269 1.24142 1.22416 1.29845 1.23380 1.31508 1.27742 1.33528 1.30885 1.26857 1.48523 1.35240 1.41785 1.26726 1.41878 1.54413 1.47868 1.39212 1.53520 1.60779 1.61138 1.59003 1.64860 1.73899 2.03215 2.07783 2.34818 2.26257 2.68433 2.56255 2.60879 2.61880 2.68256 2.55439 2.27132 2.30921 2.24340 2.39523 2.38860 2.48429 2.52551 2.50750 2.41866 2.49744 2.51402 2.56144 3.01660 2.97985 2.79379 2.60909 3.01893 3.20424 3.98450 3.73137 4.86437
1.73931 1.70153 1.56374 1.17627 1.27744 1.34964 1.44028 1.46485 1.57000 1.53062 1.63551 1.44676 1.52515 1.56187 1.54866 1.62289 1.56185 1.59510 1.28871 1.38113 1.41786 1.45737 1.37246 1.35146 1.21585 1.31421 1.37162 1.44278 1.41778 1.51006 1.41803 1.36544 1.44803 1.60383 1.56747 1.52920 1.54407 1.56874 1.71644 1.69285 1.82108 1.79276 2.16523 2.12764 2.54894 2.45393 2.75315 2.78583 2.80114 2.78031 2.78970 2.93062 2.57912 2.69159 2.56921 2.66329 2.64307 2.66896 2.71791 2.71972 2.61309 2.58535 2.28419 2.34456 2.73266 2.83179 2.86569 3.00836 3.39015 3.34108 4.06971 3.86592 4.31938
1.43595 1.68757 1.63914 1.47319 1.86834 1.54651 1.68226 1.85012 1.95763 1.82671 2.04769 1.92351 1.85875 1.93353 2.07819 2.13437 2.08962 2.11338 1.96177 1.78599 1.68394 1.79391 1.91169 2.01568 1.81057 1.83820 2.16234 2.02986 2.12357 2.06078 2.02263 1.96861 1.93728 1.94023 2.16004 1.98957 1.90550 1.92574 2.12044 2.16710 2.35801 2.62055 2.96864 3.10510 3.63481 3.75518 4.25601 4.31017 4.36363 4.31701 3.96707 3.82966 3.53389 3.59084 3.52887 3.66168 3.55176 3.66755 3.58091 3.48207 3.41702 3.11287 3.14938 3.04500 3.46155 3.51448 4.05958 4.18047 4.57323 4.58470 5.04483 5.13338 6.29406
1.47055 1.42046 1.69333 1.62079 1.66054 1.87403 1.77267 2.21321 2.14485 1.81195 1.95859 1.84272 1.98023 2.06540 2.05435 2.15620 2.38700 2.29881 2.07357 1.91181 1.65402 1.88515 2.02353 2.13131 1.82079 1.87996 2.00208 1.89276 2.10553 2.16432 2.08202 2.05017 1.94378 2.12455 2.15542 2.14505 1.99083 2.07555 2.28343 2.62485 2.83771 3.08677 3.73382 3.73883 4.04977 3.95192 4.22559 4.35362 -9999 -9999 4.30925 4.21677 4.15809 4.02331 3.86909 3.84593 3.76314 3.61854 3.59894 3.29807 3.12125 2.87387 3.12551 2.94104 3.18238 3.16035 3.98698 4.18664 4.57496 4.88331 5.29874 5.47822 6.74627
1.62350 1.64243 1.76193 1.75550 2.26523 2.04372 2.60050 2.72900 2.70317 2.54159 2.92093 2.88399 2.68344 2.81973 2.85813 3.02837 3.43456 3.08482 2.86363 3.01325 2.83291 2.77134 2.56178 2.78337 2.68511 2.89464 2.96186 2.87195 3.12475 3.52206 3.75655 3.56269 3.38854 3.44714 3.29531 3.84712 4.20420 -9999 -9999 -9999 -9999 5.36190 -9999 4.48455 4.31216 4.66407 4.99875 5.56684 -9999 -9999 5.64048 5.52381 5.64116 5.62384 5.97271 5.78755 5.83289 5.50412 5.59584 5.32968 5.42421 5.28017 5.87914 4.77835 4.93541 5.22033 6.46846 6.75871 7.70477 8.17230 -9999 -9999 -9999
1.72214 1.74143 1.90914 2.07589 2.30328 2.20757 2.95014 2.84570 2.98555 2.84900 2.65599 2.61255 2.82881 3.23564 3.32070 3.13181 3.24644 3.37075 2.86506 3.22997 2.96965 3.05585 2.98829 3.13563 3.00821 2.88441 2.99496 3.11952 3.43693 3.45944 3.56402 3.71101 3.43150 3.93833 4.12149 -9999 -9999 -9999 -9999 -9999 -9999 -9999 5.11906 4.87606 5.38715 -9999 -9999 -9999 -9999 -9999 6.03773 5.81668 5.27735 5.45679 5.58886 5.64375 5.83075 5.55809 6.24054 6.11074 6.21516 5.84703 6.51829 6.67043 6.53279 5.75905 6.90204 7.75380 -9999 -9999 -9999 -9999 -9999
