data/hydroclimate-scenarios/1948-2000.Pcorr55N_Pref_Tref/monthly_summaries/et_monthly_tot_mar.asc
ncols	311
nrows	91
xllcenter	102.75
yllcenter	31.75
cellsize	0.5
NODATA_value	-9999
[rows 0 to 31 of 91, columns 0 to 72 of 311]
-9999 -9999 -9999 -9999 -9999 -9999 -9999 -9999 -9999 -9999 -9999 -9999 -9999 -9999 -9999 -9999 -9999 -9999 -9999 -9999 -9999 -9999 -9999 -9999 -9999 -9999 -9999 -9999 -9999 -9999 -9999 -9999 -9999 -9999 -9999 -9999 -9999 -9999 -9999 -9999 -9999 -9999 -9999 -9999 -9999 -9999 -9999 -9999 -9999 -9999 -9999 -9999 -9999 -9999 -9999 -9999 -9999 -9999 -9999 -9999 -9999 -9999 -9999 -9999 -9999 -9999 -9999 -9999 -9999 -9999 -9999 -9999 -9999
-9999 -9999 -9999 -9999 -9999 -9999 -9999 -9999 -9999 -9999 -9999 -9999 -9999 -9999 -9999 -9999 -9999 -9999 -9999 -9999 -9999 -9999 -9999 -9999 -9999 -9999 -9999 -9999 -9999 -9999 -9999 -9999 -9999 -9999 -9999 -9999 -9999 -9999 -9999 -9999 -9999 -9999 -9999 -9999 -9999 -9999 -9999 -9999 -9999 -9999 -9999 -9999 -9999 -9999 -9999 -9999 -9999 -9999 -9999 -9999 -9999 -9999 -9999 -9999 -9999 -9999 -9999 -9999 -9999 -9999 -9999 -9999 -9999
-9999 -9999 -9999 -9999 -9999 -9999 -9999 -9999 -9999 -9999 -9999 -9999 -9999 -9999 -9999 -9999 -9999 -9999 -9999 -9999 -9999 -9999 -9999 -9999 -9999 -9999 -9999 -9999 -9999 -9999 -9999 -9999 -9999 -9999 -9999 -9999 -9999 -9999 -9999 -9999 -9999 -9999 -9999 -9999 -9999 -9999 -9999 -9999 -9999 -9999 -9999 -9999 -9999 -9999 -9999 -9999 -9999 -9999 -9999 -9999 -9999 -9999 -9999 -9999 -9999 -9999 -9999 -9999 -9999 -9999 -9999 -9999 -9999
-9999 -9999 -9999 -9999 -9999 -9999 -9999 -9999 -9999 -9999 -9999 -9999 -9999 -9999 -9999 -9999 -9999 -9999 -9999 -9999 -9999 -9999 -9999 -9999 -9999 -9999 -9999 -9999 -9999 -9999 -9999 -9999 -9999 -9999 -9999 -9999 -9999 -9999 -9999 -9999 -9999 -9999 -9999 -9999 -9999 -9999 -9999 -9999 -9999 -9999 -9999 -9999 -9999 -9999 -9999 -9999 -9999 -9999 -9999 -9999 -9999 -9999 -9999 -9999 -9999 -9999 -9999 -9999 -9999 -9999 -9999 -9999 -9999
-9999 -9999 -9999 -9999 -9999 -9999 -9999 -9999 -9999 -9999 -9999 -9999 -9999 -9999 -9999 -9999 -9999 -9999 -9999 -9999 -9999 -9999 -9999 -9999 -9999 -9999 -9999 -9999 -9999 -9999 -9999 -9999 -9999 -9999 -9999 -9999 -9999 -9999 -9999 -9999 -9999 -9999 -9999 -9999 -9999 -9999 -9999 -9999 -9999 -9999 -9999 -9999 -9999 -9999 -9999 -9999 -9999 -9999 -9999 -9999 -9999 -9999 -9999 -9999 -9999 -9999 -9999 -9999 -9999 -9999 -9999 -9999 -9999
-9999 -9999 -9999 -9999 -9999 -9999 -9999 -9999 -9999 -9999 -9999 -9999 -9999 -9999 -9999 -9999 -9999 -9999 -9999 -9999 -9999 -9999 -9999 -9999 -9999 -9999 -9999 -9999 -9999 -9999 -9999 -9999 -9999 -9999 -9999 -9999 -9999 -9999 -9999 -9999 -9999 -9999 -9999 -9999 -9999 -9999 -9999 -9999 -9999 -9999 -9999 -9999 -9999 -9999 -9999 -9999 -9999 -9999 -9999 -9999 -9999 -9999 -9999 -9999 -9999 -9999 -9999 -9999 -9999 -9999 -9999 -9999 -9999
-9999 -9999 -9999 -9999 -9999 -9999 -9999 -9999 -9999 -9999 -9999 -9999 -9999 -9999 -9999 -9999 -9999 -9999 -9999 -9999 -9999 -9999 -9999 -9999 -9999 -9999 -9999 -9999 -9999 -9999 -9999 -9999 -9999 -9999 -9999 -9999 -9999 -9999 -9999 -9999 -9999 -9999 -9999 -9999 -9999 -9999 -9999 -9999 -9999 -9999 -9999 -9999 -9999 -9999 -9999 -9999 -9999 -9999 -9999 -9999 -9999 -9999 -9999 -9999 -9999 -9999 -9999 -9999 -9999 -9999 -9999 -9999 -9999
-9999 -9999 -9999 -9999 -9999 -9999 -9999 -9999 -9999 -9999 -9999 -9999 -9999 -9999 -9999 -9999 -9999 -9999 -9999 -9999 -9999 -9999 -9999 -9999 -9999 -9999 -9999 -9999 -9999 -9999 -9999 -9999 -9999 -9999 -9999 -9999 -9999 -9999 -9999 -9999 -9999 -9999 1.08454 1.06901 1.06923 1.13552 1.14395 1.20240 1.21436 1.38432 1.40201 1.71638 -9999 -9999 -9999 -9999 -9999 -9999 -9999 -9999 -9999 -9999 -9999 -9999 -9999 -9999 -9999 -9999 -9999 -9999 -9999 -9999 -9999
-9999 -9999 -9999 -9999 -9999 -9999 -9999 -9999 -9999 -9999 -9999 -9999 -9999 -9999 -9999 -9999 -9999 -9999 -9999 -9999 -9999 -9999 -9999 -9999 -9999 -9999 -9999 -9999 -9999 -9999 -9999 -9999 -9999 -9999 -9999 -9999 -9999 -9999 0.70917 0.65811 0.67474 0.69872 0.69606 0.76409 0.77408 0.83267 0.83908 0.90363 0.90484 1.08381 1.09856 1.38674 1.39070 2.11775 -9999 -9999 -9999 -9999 -9999 -9999 -9999 -9999 -9999 -9999 -9999 -9999 -9999 -9999 -9999 -9999 -9999 -9999 -9999
-9999 -9999 -9999 -9999 -9999 -9999 -9999 -9999 -9999 -9999 -9999 -9999 -9999 -9999 -9999 -9999 -9999 -9999 -9999 -9999 -9999 -9999 -9999 -9999 -9999 -9999 -9999 -9999 -9999 -9999 -9999 -9999 -9999 -9999 -9999 -9999 -9999 -9999 -9999 -9999 0.74158 0.74360 0.72672 0.78080 0.78986 0.83074 0.86938 0.97911 0.97081 1.13388 1.13235 1.47636 1.47509 2.23682 -9999 -9999 -9999 -9999 -9999 -9999 -9999 -9999 -9999 -9999 -9999 -9999 -9999 -9999 -9999 -9999 -9999 -9999 -9999
-9999 -9999 -9999 -9999 -9999 -9999 -9999 -9999 -9999 -9999 -9999 -9999 -9999 -9999 -9999 -9999 -9999 -9999 -9999 -9999 -9999 -9999 -9999 -9999 -9999 -9999 -9999 -9999 -9999 -9999 -9999 -9999 -9999 -9999 -9999 -9999 -9999 -9999 -9999 -9999 -9999 -9999 -9999 -9999 0.57684 0.63071 0.62063 0.66926 0.69809 0.86873 0.86581 0.91726 0.96894 1.54264 -9999 -9999 -9999 -9999 -9999 -9999 1.22577 -9999 -9999 -9999 -9999 -9999 -9999 -9999 -9999 -9999 -9999 -9999 -9999
-9999 -9999 -9999 -9999 -9999 -9999 -9999 -9999 -9999 -9999 -9999 -9999 -9999 -9999 -9999 -9999 -9999 -9999 -9999 -9999 -9999 -9999 -9999 -9999 -9999 -9999 -9999 -9999 -9999 -9999 -9999 -9999 -9999 -9999 -9999 -9999 -9999 -9999 -9999 -9999 -9999 0.52284 0.52986 0.57541 0.58787 0.68749 0.67705 0.70658 0.74264 0.91684 0.87344 0.95112 1.00646 1.16183 -9999 -9999 -9999 -9999 -9999 1.33591 1.33951 1.32081 1.35457 1.36628 1.38462 1.37635 1.37853 1.45709 1.48255 1.46082 1.43372 1.21717 1.20702
-9999 -9999 -9999 -9999 -9999 -9999 -9999 -9999 -9999 -9999 -9999 -9999 -9999 -9999 -9999 -9999 -9999 -9999 -9999 -9999 -9999 -9999 -9999 -9999 -9999 -9999 -9999 -9999 -9999 -9999 -9999 -9999 -9999 -9999 -9999 -9999 -9999 -9999 -9999 -9999 -9999 0.47244 0.47498 0.50926 0.53064 0.59155 0.60115 0.63135 0.62007 0.73652 0.72258 0.70141 0.70124 0.81212 0.87178 0.85597 0.94835 -9999 1.17055 1.09919 1.11282 1.14543 1.16562 1.02218 1.03155 1.15271 1.17280 1.44999 1.46818 1.27675 1.28805 1.11109 1.10847
-9999 -9999 -9999 -9999 -9999 -9999 -9999 -9999 -9999 -9999 -9999 -9999 -9999 -9999 -9999 -9999 -9999 -9999 -9999 -9999 -9999 -9999 -9999 -9999 -9999 -9999 -9999 -9999 -9999 -9999 -9999 -9999 -9999 -9999 -9999 0.52934 0.52243 0.46461 0.44935 0.51758 0.51687 0.54814 0.54743 0.57905 0.58579 0.64978 0.66086 0.69605 0.68862 0.77781 0.73911 0.72965 0.66822 0.77934 0.81126 0.80208 0.91875 1.15286 1.26759 1.19045 1.21551 1.23715 1.25784 1.02134 1.06121 1.22381 1.24664 1.54935 1.58763 1.37545 1.37206 1.19499 1.17801
-9999 -9999 -9999 -9999 -9999 -9999 -9999 -9999 -9999 -9999 -9999 -9999 -9999 -9999 -9999 -9999 -9999 -9999 -9999 -9999 -9999 -9999 -9999 -9999 -9999 -9999 -9999 -9999 -9999 -9999 -9999 -9999 -9999 -9999 0.71154 0.61263 0.58279 0.58775 0.57983 0.56512 0.56609 0.56913 0.57069 0.66265 0.70109 0.66373 0.66779 0.58804 0.56713 0.58467 0.55072 0.56934 0.50425 0.56425 0.58444 0.63560 0.74691 0.89264 1.00199 1.02462 1.01923 1.00157 0.98523 1.00567 1.07930 1.17270 1.15449 1.14387 1.07726 1.22728 1.17606 0.83474 0.83174
-9999 -9999 -9999 -9999 -9999 -9999 -9999 -9999 -9999 -9999 -9999 -9999 -9999 -9999 -9999 -9999 -9999 -9999 -9999 -9999 -9999 -9999 -9999 -9999 -9999 -9999 -9999 -9999 -9999 -9999 -9999 -9999 -9999 0.75108 0.72306 0.67414 0.66414 0.65704 0.65123 0.64946 0.67888 0.66949 0.73225 0.81985 0.72534 0.70874 0.69954 0.61714 0.56255 0.57388 0.53881 0.52553 0.59298 0.59989 0.69218 0.72066 0.76280 1.00029 1.08367 1.10264 1.07334 1.17055 1.20166 1.27290 1.28875 1.29606 1.21873 1.21401 1.21431 1.34376 1.32639 0.94977 0.93115
-9999 -9999 -9999 -9999 -9999 -9999 -9999 -9999 -9999 -9999 -9999 -9999 -9999 -9999 -9999 -9999 -9999 -9999 -9999 -9999 -9999 -9999 -9999 -9999 -9999 -9999 -9999 -9999 -9999 -9999 -9999 0.91290 0.87563 0.80722 0.82572 0.82756 0.81407 0.80772 0.75569 0.71560 0.75351 0.70990 0.85867 0.75232 0.67641 0.66522 0.66240 0.57413 0.52907 0.53471 0.49195 0.41649 0.49681 0.54245 0.58008 0.62206 0.72712 0.88745 0.88064 0.88979 0.96351 1.04016 1.03125 1.22139 1.19671 1.19018 1.17302 1.23731 1.21921 1.09663 1.02800 0.81248 0.86720
-9999 -9999 -9999 -9999 -9999 -9999 -9999 -9999 -9999 -9999 -9999 -9999 -9999 -9999 -9999 -9999 -9999 -9999 -9999 -9999 -9999 -9999 -9999 -9999 -9999 -9999 -9999 -9999 -9999 1.23347 1.08111 1.02981 1.02773 0.93692 0.90700 0.90452 0.88703 0.93246 0.86610 0.83246 0.73874 0.75728 0.78414 0.75710 0.74535 0.70998 0.71004 0.59795 0.52335 0.52616 0.52143 0.56967 0.56291 0.59471 0.62397 0.66194 0.78992 0.95057 1.02756 1.04565 1.06849 1.12325 1.15946 1.27946 1.32300 1.34353 1.24659 1.23004 1.21928 1.17013 1.19972 0.87999 1.01261
-9999 -9999 -9999 -9999 -9999 -9999 -9999 -9999 -9999 -9999 -9999 -9999 -9999 -9999 -9999 -9999 -9999 -9999 -9999 -9999 -9999 -9999 -9999 -9999 1.07824 1.19003 1.22649 1.19598 1.13549 1.04591 1.04894 1.12542 1.18155 1.07277 0.99007 1.03439 1.00278 1.02417 1.02026 0.94697 0.95765 0.77239 0.69438 0.68334 0.66546 0.65451 0.65553 0.68246 0.62030 0.59891 0.60848 0.61125 0.59410 0.61932 0.73229 0.78715 0.87802 1.04163 1.06488 1.09801 1.16206 1.36727 1.43090 1.20406 1.18039 1.17388 1.22836 1.32256 1.18401 1.01053 0.83295 0.73519 0.66672
-9999 -9999 -9999 -9999 -9999 -9999 1.60410 1.60995 1.73438 1.53121 1.42840 -9999 -9999 -9999 -9999 -9999 -9999 -9999 -9999 -9999 -9999 1.21129 1.15147 1.23377 1.25512 1.34063 1.32882 1.16574 1.22632 1.24237 1.25198 1.33883 1.25837 1.16695 1.10757 1.07953 1.07468 1.10261 1.09879 0.93926 0.95538 0.97698 0.90457 0.76289 0.72960 0.71826 0.72400 0.77664 0.69208 0.66448 0.62718 0.54805 0.63897 0.69291 0.81930 0.91176 0.95237 1.14012 1.25212 1.27466 1.27446 1.47978 1.45934 1.19083 1.16151 1.35205 1.38385 1.34784 1.27566 1.20478 1.10093 0.82902 0.74871
-9999 -9999 -9999 -9999 -9999 1.47663 1.49705 1.48374 1.45840 1.39929 1.36892 1.24178 1.21414 1.22045 -9999 -9999 -9999 1.32448 1.25216 1.27506 1.22608 1.38825 1.45771 1.36039 1.37797 1.70959 1.54681 1.32630 1.23184 1.24196 1.51072 1.60433 1.57369 1.57814 1.31223 1.19278 1.33460 1.16253 0.93684 0.79006 0.79701 0.96141 1.02587 1.03031 0.89946 0.89811 0.79176 0.73477 0.70160 0.65298 0.65249 0.56619 0.61355 0.71163 0.77352 0.80001 0.85561 0.96345 1.09706 1.06630 1.10469 1.09441 1.02613 0.95399 0.87099 0.82081 0.83805 0.94178 0.99671 0.91282 0.87708 0.74615 0.67967
-9999 2.04735 2.24571 1.87778 1.70787 1.72221 1.61239 1.53959 1.52422 1.46701 1.44890 1.29742 1.26718 1.31153 1.33334 1.38262 1.38669 1.40227 1.42076 1.35134 1.38215 1.66237 1.65949 1.68561 1.73916 1.89556 1.94758 1.72902 1.64626 1.61537 1.74866 1.73849 1.55266 1.62333 1.62310 1.45367 1.40322 1.20251 0.96676 0.90283 0.90375 1.10172 1.23532 1.11822 1.20953 1.19103 0.90460 0.85318 0.81614 0.77103 0.78140 0.63071 0.68369 0.69894 0.77292 0.84228 0.93606 1.11533 1.10590 1.09685 1.14725 1.07759 1.03947 0.92963 0.85071 0.88816 1.02822 0.96064 0.99715 0.86618 0.77403 0.69485 0.68823
-9999 1.92029 2.18343 2.19629 2.27273 2.18635 1.75425 1.66699 1.60570 1.48519 1.62453 1.46583 1.32772 1.37031 1.46175 1.48594 1.81560 1.58570 1.65871 1.70919 1.61642 1.61623 1.73160 2.14618 2.12043 1.98664 1.88727 1.84767 1.92831 1.94351 1.81821 1.97464 2.05760 1.95748 1.88296 1.69727 1.69462 1.43535 1.27823 1.10474 1.14244 1.31119 1.40385 1.31785 1.27524 1.18563 1.16750 0.91105 0.83125 0.75873 0.76849 0.60701 0.64493 0.69411 0.73983 0.84246 0.94895 1.11207 1.16230 0.97424 1.03250 0.96220 0.93409 1.03302 0.96114 1.00643 0.98325 1.06153 1.04747 1.00723 0.93895 0.87088 0.84850
-9999 -9999 -9999 2.06499 2.28490 2.35422 2.17885 2.10078 1.92654 2.04149 2.08782 2.17308 2.01133 1.95983 1.65653 1.88185 2.04236 2.15854 2.01753 1.95524 2.06083 2.03186 2.11808 2.31452 2.37282 2.27291 2.34418 2.12516 2.26863 2.27432 2.36640 2.30657 2.28708 2.20884 2.14318 2.00084 1.92081 1.81609 1.69922 1.53357 1.22749 1.30349 1.60757 1.53596 1.46038 1.32836 1.47240 1.16697 1.06755 0.90806 0.86348 0.70098 0.70770 0.77440 0.85870 0.90596 1.00892 1.17586 1.15428 1.03595 1.10974 0.96820 0.95517 0.99734 1.01648 1.10311 1.12324 1.10603 1.04669 0.99982 0.97545 0.94665 0.92414
-9999 -9999 -9999 -9999 -9999 -9999 2.45985 2.50140 2.41106 2.44016 2.52456 2.49332 2.37961 2.45142 2.15398 2.44265 2.27856 2.33015 2.23609 1.94351 2.31789 2.40237 2.49739 2.45294 2.48023 2.57555 2.57876 2.66059 2.70070 2.65447 2.65666 2.54330 2.53044 2.33490 2.34876 2.24196 2.17914 2.05879 1.99332 1.84678 1.66535 1.63193 1.63088 1.48635 1.58159 1.55560 1.57735 1.23630 1.18870 0.95749 0.88952 0.68961 0.71577 0.87272 0.96506 0.92242 0.97926 0.99525 0.98289 0.90708 0.88978 0.94750 0.96629 0.96794 1.00251 0.99140 1.05739 0.95400 0.94742 1.03902 0.99880 0.93883 0.94333
-9999 -9999 -9999 -9999 -9999 -9999 2.68344 2.60016 2.32873 2.63745 2.57608 2.52659 2.63083 2.73128 2.71891 2.69688 2.64342 2.57401 2.52359 2.36007 2.32473 2.34721 2.48351 2.67727 2.71594 2.88684 2.95716 2.93283 2.93248 2.91182 2.82834 2.78425 2.74675 2.60213 2.55312 2.46805 2.30419 2.07760 1.85192 1.84862 2.04070 1.95778 1.86781 1.77369 1.73044 1.73988 1.75542 1.64545 1.50862 1.44806 1.22222 0.92014 0.92268 0.99190 1.05273 1.21761 1.18653 1.12941 1.17786 0.99696 0.93751 0.97463 0.99766 1.01466 1.02935 1.06387 1.05130 1.06225 1.05758 1.14269 1.06282 0.97605 0.96358
-9999 -9999 -9999 -9999 -9999 -9999 -9999 -9999 -9999 -9999 2.82519 2.69663 2.76078 2.95675 2.59925 2.52605 2.62585 2.64913 2.76651 2.50143 2.39999 2.23968 2.53075 2.80252 2.87717 2.77785 2.84206 3.04718 3.11409 3.05600 3.05828 2.93650 2.92943 2.86724 2.84017 2.82467 2.71222 2.64598 2.54328 2.12422 2.13283 2.01358 2.03550 1.72706 1.57439 1.47134 1.55761 1.67800 1.74620 1.77936 1.82071 1.85791 1.85783 1.92376 1.95040 1.97553 1.77190 1.81744 1.88099 1.76856 1.74521 1.53992 1.53828 1.31469 1.32794 1.37214 1.43424 1.50670 1.37476 1.46493 1.34979 1.13341 1.14833
-9999 -9999 -9999 -9999 -9999 -9999 -9999 -9999 -9999 -9999 3.29014 3.00330 3.00622 2.85665 3.09442 3.02979 2.97289 2.94398 2.77776 2.72652 2.80105 2.69469 2.65181 2.92197 2.94107 3.08369 3.18464 3.26855 3.29589 3.27073 3.24232 3.13187 3.11693 3.09558 3.01139 2.93542 2.80973 2.64279 2.48272 2.23132 2.09471 2.07468 1.88740 1.62747 1.60318 1.64234 1.64044 1.88269 1.90190 1.97868 2.07416 2.06278 2.15676 2.19718 2.10848 2.20542 2.18753 2.35650 2.36266 2.10350 2.09999 2.11850 2.21742 2.06480 1.94087 1.85831 1.89383 1.97087 1.93458 1.64633 1.58410 1.44771 1.28444
-9999 -9999 -9999 -9999 -9999 -9999 -9999 -9999 -9999 -9999 -9999 -9999 3.17506 2.52136 2.63885 2.59317 3.07480 3.13879 2.93128 3.07171 2.90551 2.95987 3.01673 3.17769 3.19507 3.33670 3.38360 3.43075 3.42975 3.49382 3.47532 3.43291 3.35531 3.23753 3.19120 3.08483 2.98146 2.79815 2.46297 2.37719 2.39982 2.24455 2.17378 1.89707 1.78310 1.70375 1.80304 1.86914 1.96733 2.11366 2.03742 2.19932 2.19466 2.25776 1.95947 2.05538 1.95358 2.37995 2.28891 2.18058 2.17836 2.08908 2.04192 2.14116 2.31295 2.42373 2.43591 2.15621 2.06985 1.89361 1.67742 1.38967 1.42204
-9999 -9999 -9999 -9999 -9999 -9999 -9999 -9999 -9999 -9999 -9999 -9999 3.26679 3.06871 2.90811 3.22935 3.18567 3.41423 3.10606 2.91815 3.20083 3.05333 3.16585 3.28736 3.17879 3.42670 3.59062 3.69827 3.67323 3.74397 3.76049 3.60630 3.58689 3.41712 3.29087 3.20733 2.99213 2.81161 2.75745 2.59704 2.59627 2.40048 2.37578 2.04919 1.97474 1.99842 1.97797 2.06653 2.05717 2.19707 2.25944 2.29891 2.15933 2.35019 2.18103 2.11481 2.29251 2.50753 2.48311 2.23114 2.06798 2.11711 2.52704 2.24214 2.41493 2.52824 2.49546 2.31786 2.21703 2.00562 1.84158 1.71378 1.60418
-9999 -9999 -9999 -9999 -9999 -9999 -9999 -9999 -9999 -9999 -9999 4.02472 3.19848 3.45053 3.64665 3.38585 2.98459 3.08062 2.98488 2.63996 3.36825 3.20156 3.29576 3.37094 3.36167 3.08154 3.47893 3.73471 3.82531 3.96036 3.96510 3.82841 3.80754 3.79304 3.66141 3.41587 3.23362 3.09487 2.94389 2.73280 2.70862 2.44393 2.42176 2.34697 2.19089 2.30593 2.22363 2.38722 2.53962 2.64246 2.65561 2.83835 2.81949 2.74426 2.62352 2.76417 2.93720 2.91665 2.91061 2.35436 2.60857 2.62657 2.65647 2.72929 2.70189 2.71819 2.61847 2.29538 1.89227 1.59294 1.51924 1.49220 1.59332
-9999 -9999 -9999 -9999 -9999 -9999 -9999 -9999 -9999 -9999 -9999 4.38860 4.28123 3.76881 4.02667 3.54182 3.31031 3.11315 3.12432 3.06389 3.40032 3.39593 3.46348 3.71067 3.68418 3.61704 3.77052 3.77523 3.93110 3.99465 3.95573 3.85937 3.90254 3.93005 3.82147 3.60780 3.47064 3.24669 3.04299 2.97533 2.94054 2.72503 2.23734 2.12219 2.20766 2.23319 2.30675 2.23085 2.54983 2.57937 2.81149 3.04178 2.99147 2.91890 3.05776 3.14956 3.10191 3.11652 3.14564 2.70033 2.64842 2.83657 2.82412 2.63112 2.67895 2.56929 2.57352 2.45366 1.87140 1.61459 1.65527 1.65796 1.60959
