data/hydroclimate-scenarios/1948-2000.Pcorr55N_Pref_Tref/monthly_summaries/et_monthly_tot_aug.1950-2000.asc
ncols	311
nrows	91
xllcenter	102.75
yllcenter	31.75
cellsize	0.5
NODATA_value	-9999
[rows 0 to 31 of 91, columns 71 to 141 of 311]
-9999 -9999 -9999 -9999 -9999 -9999 -9999 -9999 -9999 -9999 -9999 -9999 -9999 -9999 -9999 -9999 -9999 -9999 -9999 -9999 -9999 -9999 -9999 -9999 -9999 -9999 -9999 -9999 -9999 -9999 -9999 -9999 -9999 -9999 -9999 -9999 -9999 -9999 -9999 -9999 -9999 -9999 -9999 -9999 -9999 -9999 -9999 -9999 -9999 -9999 -9999 -9999 -9999 -9999 -9999 -9999 -9999 -9999 -9999 -9999 -9999 -9999 -9999 -9999 -9999 -9999 -9999 -9999 -9999 -9999 -9999
-9999 -9999 -9999 -9999 -9999 -9999 -9999 -9999 -9999 -9999 -9999 -9999 -9999 -9999 -9999 -9999 -9999 -9999 -9999 -9999 -9999 -9999 -9999 -9999 -9999 -9999 -9999 -9999 -9999 -9999 -9999 -9999 -9999 -9999 -9999 -9999 -9999 -9999 -9999 -9999 -9999 -9999 -9999 -9999 -9999 -9999 -9999 -9999 -9999 -9999 -9999 -9999 -9999 -9999 -9999 -9999 -9999 -9999 -9999 -9999 -9999 -9999 -9999 -9999 -9999 -9999 -9999 -9999 -9999 -9999 -9999
-9999 -9999 -9999 -9999 -9999 -9999 -9999 -9999 -9999 -9999 -9999 -9999 -9999 -9999 -9999 -9999 -9999 -9999 -9999 -9999 -9999 -9999 -9999 -9999 -9999 -9999 -9999 -9999 -9999 -9999 -9999 -9999 -9999 -9999 -9999 -9999 -9999 -9999 -9999 -9999 -9999 -9999 -9999 -9999 -9999 -9999 -9999 -9999 -9999 -9999 -9999 -9999 -9999 -9999 -9999 -9999 -9999 -9999 -9999 -9999 -9999 -9999 -9999 -9999 -9999 -9999 -9999 -9999 -9999 -9999 -9999
-9999 -9999 -9999 -9999 -9999 -9999 -9999 -9999 -9999 -9999 -9999 -9999 -9999 -9999 -9999 -9999 -9999 -9999 -9999 -9999 -9999 -9999 -9999 -9999 -9999 -9999 -9999 -9999 -9999 -9999 -9999 -9999 -9999 -9999 -9999 -9999 -9999 -9999 -9999 -9999 -9999 -9999 -9999 -9999 -9999 -9999 -9999 -9999 -9999 -9999 -9999 -9999 -9999 -9999 -9999 -9999 -9999 -9999 -9999 -9999 -9999 -9999 -9999 -9999 -9999 -9999 -9999 -9999 -9999 -9999 -9999
-9999 -9999 -9999 -9999 -9999 -9999 -9999 -9999 -9999 -9999 -9999 -9999 -9999 -9999 -9999 -9999 -9999 -9999 -9999 -9999 -9999 -9999 -9999 -9999 -9999 -9999 -9999 -9999 -9999 -9999 -9999 -9999 -9999 -9999 -9999 -9999 -9999 -9999 -9999 -9999 -9999 -9999 -9999 -9999 -9999 -9999 -9999 -9999 -9999 -9999 -9999 -9999 -9999 -9999 -9999 -9999 -9999 -9999 -9999 -9999 -9999 -9999 -9999 -9999 -9999 -9999 -9999 -9999 -9999 -9999 -9999
-9999 -9999 -9999 -9999 -9999 -9999 -9999 -9999 -9999 -9999 -9999 -9999 -9999 -9999 -9999 -9999 -9999 -9999 -9999 -9999 -9999 -9999 -9999 -9999 -9999 -9999 -9999 -9999 -9999 -9999 -9999 -9999 -9999 -9999 -9999 -9999 -9999 -9999 -9999 -9999 -9999 -9999 -9999 -9999 -9999 -9999 -9999 -9999 -9999 -9999 -9999 -9999 -9999 -9999 -9999 -9999 -9999 -9999 -9999 -9999 -9999 -9999 -9999 -9999 -9999 -9999 -9999 -9999 -9999 -9999 -9999
-9999 -9999 -9999 -9999 -9999 -9999 -9999 -9999 -9999 -9999 -9999 -9999 -9999 -9999 -9999 -9999 -9999 -9999 -9999 -9999 -9999 -9999 -9999 -9999 -9999 -9999 -9999 -9999 -9999 -9999 -9999 -9999 -9999 -9999 -9999 -9999 -9999 -9999 -9999 -9999 -9999 -9999 -9999 -9999 -9999 -9999 -9999 -9999 -9999 -9999 -9999 -9999 -9999 -9999 -9999 -9999 -9999 -9999 -9999 -9999 -9999 -9999 -9999 -9999 -9999 -9999 -9999 -9999 -9999 -9999 -9999
-9999 -9999 -9999 -9999 -9999 -9999 -9999 -9999 -9999 -9999 -9999 -9999 -9999 -9999 -9999 -9999 -9999 -9999 -9999 -9999 -9999 -9999 -9999 -9999 -9999 -9999 -9999 -9999 -9999 -9999 -9999 -9999 -9999 -9999 -9999 -9999 -9999 -9999 -9999 -9999 -9999 -9999 -9999 -9999 -9999 -9999 -9999 -9999 -9999 -9999 -9999 -9999 -9999 -9999 -9999 -9999 -9999 -9999 -9999 -9999 -9999 -9999 -9999 -9999 -9999 -9999 -9999 -9999 -9999 -9999 -9999
-9999 -9999 -9999 -9999 -9999 -9999 29.18110 -9999 -9999 -9999 -9999 -9999 -9999 -9999 -9999 -9999 -9999 -9999 -9999 -9999 -9999 -9999 -9999 -9999 -9999 -9999 -9999 -9999 -9999 -9999 -9999 -9999 -9999 -9999 -9999 -9999 -9999 -9999 -9999 -9999 -9999 -9999 -9999 -9999 -9999 -9999 -9999 -9999 -9999 -9999 -9999 -9999 -9999 -9999 -9999 -9999 -9999 -9999 -9999 -9999 -9999 -9999 -9999 -9999 -9999 -9999 -9999 -9999 -9999 -9999 -9999
-9999 -9999 31.13160 27.26030 26.25910 27.45380 30.26790 30.89080 30.03890 30.51260 30.23900 30.19870 33.26070 32.92290 33.79460 33.70570 32.82970 32.18890 31.50640 31.12490 28.89960 28.04430 -9999 -9999 -9999 -9999 -9999 -9999 -9999 -9999 -9999 -9999 -9999 -9999 -9999 -9999 -9999 -9999 -9999 -9999 -9999 -9999 -9999 -9999 -9999 -9999 -9999 -9999 -9999 -9999 -9999 -9999 -9999 -9999 -9999 -9999 -9999 -9999 -9999 -9999 -9999 -9999 -9999 -9999 -9999 -9999 -9999 -9999 -9999 -9999 -9999
-9999 -9999 -9999 -9999 29.83210 30.08390 30.94720 30.77290 31.51550 31.68410 33.37090 33.86900 32.87040 32.54090 33.10600 32.84240 32.71550 31.99900 32.82580 32.71990 32.35480 31.97540 -9999 -9999 -9999 -9999 -9999 -9999 -9999 -9999 -9999 -9999 -9999 -9999 -9999 -9999 -9999 -9999 -9999 -9999 -9999 -9999 -9999 -9999 -9999 -9999 -9999 -9999 -9999 -9999 -9999 -9999 -9999 -9999 -9999 -9999 -9999 -9999 -9999 -9999 -9999 -9999 -9999 -9999 -9999 -9999 -9999 -9999 -9999 -9999 -9999
28.49610 28.31500 28.32630 28.20690 30.23080 30.22630 29.78630 30.48680 31.13000 31.88870 34.15740 34.40150 33.20400 33.33240 34.12380 33.71960 33.39550 33.08360 33.33180 33.04750 29.91370 29.79340 32.28080 32.35520 29.69480 29.47280 27.98000 26.60950 -9999 -9999 -9999 -9999 -9999 -9999 -9999 -9999 -9999 -9999 -9999 -9999 -9999 -9999 -9999 -9999 -9999 -9999 -9999 -9999 -9999 -9999 -9999 -9999 -9999 -9999 -9999 -9999 -9999 -9999 -9999 -9999 -9999 -9999 -9999 -9999 -9999 -9999 -9999 -9999 -9999 -9999 -9999
29.43940 29.39630 28.77370 28.60770 29.29740 29.90300 29.05530 29.42560 31.44580 31.88570 33.61330 33.81970 32.09610 32.25510 33.27860 33.20200 33.63970 32.13010 29.53400 34.44780 34.41750 34.05250 32.93620 33.28690 31.21550 31.08860 30.01240 29.98300 29.81410 29.36720 29.17770 29.20900 29.59170 29.80760 29.71630 29.63820 26.97550 26.80440 25.66910 25.64670 27.77160 27.10500 27.35200 -9999 -9999 -9999 -9999 -9999 -9999 -9999 -9999 -9999 -9999 -9999 -9999 -9999 -9999 -9999 -9999 -9999 -9999 -9999 -9999 -9999 -9999 -9999 -9999 -9999 -9999 -9999 -9999
31.49320 31.91360 30.81720 30.87570 32.05380 31.53610 30.42620 29.80630 32.22230 32.79130 33.79200 33.44920 31.72920 31.83590 33.20680 32.73820 34.24180 32.84130 33.63650 34.51440 34.93920 34.06420 32.76230 36.13110 31.38190 30.93960 29.95450 29.80270 30.53160 31.91810 30.90740 30.86430 29.47980 29.23850 29.76290 29.64870 28.49890 27.66190 26.67090 26.44040 28.62320 28.80420 28.94270 27.01240 -9999 -9999 -9999 -9999 -9999 -9999 -9999 -9999 -9999 -9999 -9999 -9999 -9999 -9999 -9999 -9999 -9999 -9999 -9999 -9999 -9999 -9999 -9999 -9999 -9999 -9999 -9999
33.10330 32.04160 32.58740 32.06070 32.59790 32.88020 34.17970 33.54870 32.47400 32.13350 35.12920 34.74320 36.81950 36.78420 37.22310 36.37420 34.83640 34.50370 33.51630 29.02870 32.67920 32.63120 33.47630 33.36010 33.19220 33.24380 32.60140 32.10640 32.95780 32.67100 31.35250 30.99180 30.86070 30.96770 29.48960 29.90810 29.47840 29.36070 29.52540 29.77570 31.86360 31.85650 31.84910 31.10340 -9999 -9999 -9999 -9999 -9999 -9999 -9999 -9999 -9999 -9999 -9999 -9999 -9999 -9999 -9999 27.05080 29.10680 -9999 -9999 -9999 -9999 31.46760 31.96600 30.12780 32.39180 33.53430 34.18690
32.98420 32.95310 34.16440 33.31660 33.05960 32.02630 33.61700 33.89590 32.76160 32.43810 35.12730 35.65570 37.90760 38.43120 38.59890 38.26390 35.99270 35.43220 30.18810 34.62980 33.98340 33.43100 34.92160 33.69430 33.53970 32.80000 32.46100 32.56440 33.07020 32.94850 32.52780 32.08730 31.62150 31.39300 29.75620 30.49250 29.65290 29.28090 29.23010 25.57630 29.06720 29.48760 29.24170 28.22230 25.52590 24.88260 25.21320 27.65020 29.42980 29.41690 28.02160 28.57150 29.62520 29.34800 30.21400 31.50510 27.83090 27.93070 28.04910 28.14360 30.12990 -9999 -9999 -9999 -9999 -9999 35.08520 34.52040 35.82720 34.12210 33.55630
35.21070 36.22530 35.78110 36.02720 39.23050 36.55920 36.12050 35.83840 34.33500 33.98180 34.49500 34.93310 38.25740 38.16190 38.96920 33.16680 37.64660 37.25870 36.73720 36.10600 34.77130 34.62820 34.75130 34.56850 32.44300 32.54500 32.50450 32.52030 31.99790 32.46570 31.90100 31.16910 31.08600 31.87300 31.42190 31.73540 31.22810 31.40380 27.22450 27.58960 32.09080 28.00100 32.39210 32.01020 30.22930 29.65020 29.07840 28.22080 31.49340 32.29380 29.31630 29.00280 31.33100 31.88900 31.12670 31.66050 30.52330 30.42410 31.25140 32.57470 34.26170 35.17660 32.60580 33.33190 35.42280 35.43770 36.40240 36.88240 38.67810 37.61070 35.10370
35.50600 36.46750 36.60670 37.05980 38.13280 38.77690 37.70300 36.88930 33.24060 33.23210 33.70800 34.98030 38.46790 33.70830 39.23500 39.94170 38.36330 37.97210 37.40010 36.19620 36.22340 34.78360 35.15100 34.82100 33.54270 32.79620 32.92560 32.95540 33.21790 33.49360 32.88340 32.93790 32.49380 31.98890 32.23050 32.34520 27.73900 31.52830 31.15900 32.11250 32.77240 32.62160 32.78440 32.16430 31.77680 31.26600 30.22810 28.95250 31.82660 32.19700 30.42010 29.35330 32.37970 32.50090 33.43090 32.80020 31.62150 32.52250 33.38710 32.96370 33.46790 35.66390 36.80700 37.33370 35.26700 34.78230 36.59000 36.43040 38.55500 36.59080 36.70430
39.38380 36.10030 40.09860 41.59030 41.90550 39.62540 37.60560 39.71510 36.21350 34.64300 34.91800 35.43590 35.17850 35.59690 36.39090 36.87040 35.73280 35.48200 36.23270 37.49350 36.22360 35.39290 35.61980 35.02520 32.71430 32.75830 33.36690 33.16930 34.07470 33.86780 34.04020 29.23170 33.69000 33.87390 32.71560 32.59010 31.97690 32.07980 32.65310 33.36280 32.93830 32.80420 35.83260 36.12440 36.60850 34.97730 32.19420 31.82550 30.97660 31.58220 32.14590 32.74460 32.83570 32.56490 34.57850 34.26720 35.19930 32.86330 31.90920 33.64210 32.91150 31.65510 31.55130 35.21420 37.52590 39.91470 40.98700 41.83930 38.39710 37.30960 37.52630
41.29630 38.77140 41.75450 42.22530 44.79400 40.60290 38.58810 39.99890 36.50160 34.86950 38.10330 37.19350 36.98800 36.02480 36.30450 35.74090 35.27970 35.92510 37.18560 37.71540 37.11790 36.29420 36.68300 36.21200 33.53840 32.41150 34.01920 32.91630 34.47480 28.56490 34.23270 34.32470 33.26660 34.01090 31.55420 31.68550 32.09540 32.68650 32.90420 34.20390 35.20260 34.98400 35.76810 35.84610 37.37700 36.34300 34.55630 34.80960 32.32770 32.96700 33.76780 33.45540 33.62620 33.38620 33.76650 33.10580 34.51540 32.59760 33.08140 34.00190 34.91470 34.62820 36.07090 34.04270 36.66230 39.66220 37.94230 42.88720 39.52830 39.62860 36.01760
43.08630 42.76520 43.18050 42.28270 40.31450 44.88050 44.03500 41.41570 38.68130 37.31960 39.52860 39.83140 36.74600 38.10720 36.24660 37.41710 38.27450 36.12080 36.32390 35.94490 35.95260 35.75660 35.82250 34.63400 34.71560 34.96740 36.25930 35.06950 35.91730 35.93290 35.35880 35.98470 34.82250 34.75400 33.01710 33.74350 32.43290 33.16830 33.83790 33.20900 36.13600 36.40530 35.89620 35.75780 35.42990 34.77320 35.60090 34.06440 32.73060 32.66050 33.41300 34.30290 34.70480 35.37300 35.03390 36.47360 36.60280 35.49840 35.06410 34.82160 36.34200 36.97060 40.95980 38.44290 42.44210 41.09550 46.27960 45.41810 42.04990 37.69410 38.70170
42.93120 43.63180 46.05160 44.99900 42.21510 42.54510 44.62120 43.18370 39.94380 39.54210 36.88870 39.48350 39.98300 38.79750 36.04690 35.64850 37.70480 38.69840 39.70950 41.80010 37.10530 36.80700 36.33770 36.31910 36.39350 37.20500 38.39290 37.17150 38.21630 38.62110 37.82770 39.24350 36.70430 37.53020 34.73040 34.87760 34.55960 35.04760 37.41670 34.37360 35.44440 36.27210 36.65460 35.86380 36.28430 35.97460 35.99820 35.61680 35.16370 34.69130 34.56460 35.42490 35.45390 38.56940 36.06620 36.90610 39.08430 37.47640 37.72790 38.33960 39.94500 40.17540 39.71060 41.58970 44.10470 47.87480 43.54440 43.71590 39.87850 39.16840 40.99160
42.45710 40.53950 42.92970 40.14490 44.31490 42.20490 39.75590 42.56450 39.55820 39.99530 41.34870 41.32320 41.13210 42.93140 40.49590 42.64930 42.01310 36.96700 38.01610 38.79630 43.48860 39.84740 42.09090 42.14040 40.47140 40.80010 40.52090 40.29990 39.56170 38.59970 39.40490 39.34340 39.71600 38.95680 39.57010 39.41890 39.35400 38.41570 38.41640 38.30500 38.79030 39.82680 40.70200 39.38180 39.62890 39.03470 38.30250 38.88180 36.24940 34.70690 35.39520 35.47320 34.80550 34.93650 38.95290 38.02590 37.27450 37.70920 38.74040 41.12790 40.82480 41.37400 40.30980 44.84220 42.10370 43.60960 43.25360 44.09890 44.36660 45.30490 43.54110
45.49920 44.51150 44.38600 46.46970 45.12630 46.02600 44.12080 42.32990 40.90380 42.21480 42.45140 40.64620 40.77140 41.48040 38.73690 38.68670 38.05430 41.72130 39.59990 40.05880 38.15980 39.06060 41.69050 42.72550 41.42120 40.31300 41.18590 41.02260 39.88100 39.72820 40.00190 39.90000 40.76850 40.54580 40.34280 41.16250 41.92410 40.95430 41.09300 40.59080 39.52270 40.44110 41.42580 42.98060 42.34250 39.50390 40.20210 39.55390 37.70290 36.77470 35.44030 36.91390 36.52630 37.01160 37.15150 37.62310 39.21820 40.32390 39.39230 40.66990 42.63840 42.97380 43.35030 43.81040 45.45020 46.67240 46.20440 44.80700 43.63640 43.48810 43.33560
46.83360 46.53220 48.44080 48.52120 47.28000 46.62140 46.84560 45.76640 46.20360 44.87090 44.07610 43.08170 44.88720 42.20090 42.20320 42.20400 39.36820 37.83220 41.51240 40.24910 42.00790 42.09260 43.56110 43.94880 41.97120 40.02120 40.88830 41.66180 40.15650 39.89190 40.20740 39.26730 40.70150 40.97140 42.69890 41.69320 41.94390 42.19030 43.72040 43.08530 41.28370 42.49430 42.88540 44.88140 42.55900 41.78290 41.64130 40.99410 38.47070 35.90770 37.53170 37.78490 39.58510 38.44330 39.94440 40.47930 40.97870 40.98410 42.73200 45.07650 43.53090 42.51110 44.03500 44.96410 46.27140 47.50460 45.05050 43.55090 45.13270 43.95240 43.37650
49.27170 48.98050 47.55350 47.61830 48.78970 48.79520 48.91120 47.71500 47.32190 45.48390 43.45060 41.96230 42.67280 43.63280 45.49820 45.43030 42.04700 40.47560 38.26710 37.38150 42.24540 43.07150 44.47760 44.10580 43.15070 45.72270 43.07670 41.77770 41.52790 42.25350 41.10260 41.24010 41.94250 42.98760 42.89730 44.12390 44.73360 43.49600 43.40210 44.63020 44.29050 42.25550 42.79120 40.60610 43.56330 42.79900 44.43110 44.41710 41.29650 40.89780 38.22620 39.35060 38.59060 38.67000 40.09740 41.76900 43.31660 43.45040 43.96560 45.95170 45.80650 46.29030 45.95980 46.50960 47.87140 47.86520 46.63160 46.19740 46.18980 49.07120 48.77870
49.75300 48.55020 50.60670 51.27750 48.96330 49.87950 49.44590 48.89240 46.41920 45.61410 45.04640 44.25840 44.52780 45.38800 46.24170 46.51000 45.35680 41.99320 40.03230 39.04070 42.00880 41.85780 41.42320 41.23470 42.87400 44.36370 44.39590 43.89210 44.30860 44.33070 43.53650 41.90590 43.84450 45.98660 43.54740 43.27290 44.38370 42.47940 45.88980 42.04860 41.04270 39.70000 42.68030 43.82360 43.25410 42.81880 39.82220 43.15540 44.11820 40.78380 43.11480 40.63710 41.95950 43.11550 44.16580 44.36140 45.47590 46.85160 47.95130 47.90230 45.82900 45.79580 47.14140 47.57740 47.94510 48.92550 46.91790 48.18970 49.99300 49.31430 49.60400
55.49990 52.42780 51.11840 51.16100 51.47740 50.56720 52.83040 49.02980 48.95000 46.31520 43.69940 45.78580 47.91810 46.02240 46.28660 45.38580 44.81880 46.12180 44.92200 44.53960 41.02520 44.03330 42.28870 42.33050 42.83420 43.93570 45.28640 45.93790 46.01790 45.37790 46.60790 44.40150 46.51150 46.23740 44.81830 43.68650 44.81020 42.55610 42.15700 45.52820 46.52220 44.16000 45.52230 41.86770 41.67230 42.24250 44.84360 44.09570 43.14290 43.67970 44.25000 43.47150 45.11040 45.22350 45.28830 46.34450 49.31350 49.26130 48.54160 49.13310 47.23740 47.40870 46.67690 46.79630 48.59100 52.17310 51.78180 50.75830 51.58020 51.39300 50.89280
54.69410 54.97390 50.94090 51.33860 50.90750 47.24710 51.57800 53.12650 53.15940 49.61230 47.23580 47.38100 48.05420 47.84330 44.59390 46.12290 47.68840 47.72230 47.71070 48.81350 47.30260 45.72670 45.18040 44.47790 45.94460 45.36080 47.18280 45.73620 42.76510 43.61530 43.51780 45.97860 46.80160 46.24610 43.99320 47.53060 44.53490 45.25590 44.63320 44.87060 47.32700 51.89690 46.09950 48.57310 48.63730 47.33770 44.25240 46.74100 42.60220 43.52690 45.17150 45.21260 48.27890 46.80430 49.53760 49.67790 50.70310 50.77610 49.14400 49.77780 47.31060 45.65770 51.88030 53.64080 54.73980 53.74390 55.38580 55.99580 55.22620 54.75790 54.45080
59.54990 57.02490 52.32520 53.51520 53.11500 51.27720 48.32410 50.23170 48.78280 50.48800 48.11700 46.90290 47.99800 50.12600 46.05180 50.04290 49.64940 47.80670 49.58110 51.15360 48.27830 47.31580 45.07980 48.15520 47.45890 50.35110 47.43360 46.79060 44.32850 45.55600 46.87480 44.16590 48.08230 46.79140 43.15220 43.93030 46.39790 46.88310 45.14930 46.26030 49.32670 53.44520 52.42620 51.96060 49.25690 47.59010 48.01320 48.15300 45.10310 45.52120 -9999 -9999 50.15860 47.02770 49.84680 50.32390 50.43990 51.51930 51.99750 52.91360 51.10270 52.85960 56.68080 58.43150 59.17750 57.30650 56.56600 56.07470 59.29030 53.78640 52.88250
56.43030 57.10150 56.05040 55.33930 51.18860 54.08570 52.66580 52.97300 51.77510 52.41640 50.33470 49.93490 52.67030 51.13710 50.25320 51.61010 48.07010 48.94700 48.92140 47.50700 54.03470 50.26270 50.99370 51.71600 47.20070 46.39510 45.39330 44.79680 50.38910 48.30040 48.73350 45.91520 45.85670 46.83830 44.99020 47.45740 49.93460 48.34200 48.82170 -9999 -9999 -9999 -9999 52.18150 -9999 51.82820 45.16480 46.74320 49.25920 47.09270 -9999 -9999 49.18450 51.30870 51.36090 51.08030 53.80830 54.71700 53.56930 53.62270 56.16100 57.02780 58.23210 61.80840 59.35380 53.92290 53.91680 57.38290 56.93830 56.95720 56.99910
58.30580 58.67430 57.88190 56.20520 55.94740 58.85370 54.76930 53.37550 57.48520 57.36800 57.19240 55.48840 53.69150 54.02730 53.70950 54.34620 49.54470 49.72070 49.09380 49.66850 50.45700 50.63110 51.90080 50.66440 53.44870 49.93680 50.89720 45.89770 46.43980 47.73730 48.90990 49.27440 46.71280 47.27460 47.08300 50.62820 50.20360 -9999 -9999 -9999 -9999 -9999 -9999 -9999 52.90650 50.99660 50.37700 -9999 -9999 -9999 -9999 -9999 46.93800 51.91180 53.25950 50.34750 49.22960 50.36610 54.47570 55.08590 57.05490 57.56570 58.19290 54.07690 54.36870 58.31670 60.65250 60.55290 59.08580 58.31150 -9999
