data/hydroclimate-scenarios/1948-2000.Pcorr55N_Pref_Tref/monthly_summaries/et_monthly_tot_nov.asc
ncols	311
nrows	91
xllcenter	102.75
yllcenter	31.75
cellsize	0.5
NODATA_value	-9999
[rows 0 to 32 of 91, columns 0 to 72 of 311]
-9999 -9999 -9999 -9999 -9999 -9999 -9999 -9999 -9999 -9999 -9999 -9999 -9999 -9999 -9999 -9999 -9999 -9999 -9999 -9999 -9999 -9999 -9999 -9999 -9999 -9999 -9999 -9999 -9999 -9999 -9999 -9999 -9999 -9999 -9999 -9999 -9999 -9999 -9999 -9999 -9999 -9999 -9999 -9999 -9999 -9999 -9999 -9999 -9999 -9999 -9999 -9999 -9999 -9999 -9999 -9999 -9999 -9999 -9999 -9999 -9999 -9999 -9999 -9999 -9999 -9999 -9999 -9999 -9999 -9999 -9999 -9999 -9999
-9999 -9999 -9999 -9999 -9999 -9999 -9999 -9999 -9999 -9999 -9999 -9999 -9999 -9999 -9999 -9999 -9999 -9999 -9999 -9999 -9999 -9999 -9999 -9999 -9999 -9999 -9999 -9999 -9999 -9999 -9999 -9999 -9999 -9999 -9999 -9999 -9999 -9999 -9999 -9999 -9999 -9999 -9999 -9999 -9999 -9999 -9999 -9999 -9999 -9999 -9999 -9999 -9999 -9999 -9999 -9999 -9999 -9999 -9999 -9999 -9999 -9999 -9999 -9999 -9999 -9999 -9999 -9999 -9999 -9999 -9999 -9999 -9999
-9999 -9999 -9999 -9999 -9999 -9999 -9999 -9999 -9999 -9999 -9999 -9999 -9999 -9999 -9999 -9999 -9999 -9999 -9999 -9999 -9999 -9999 -9999 -9999 -9999 -9999 -9999 -9999 -9999 -9999 -9999 -9999 -9999 -9999 -9999 -9999 -9999 -9999 -9999 -9999 -9999 -9999 -9999 -9999 -9999 -9999 -9999 -9999 -9999 -9999 -9999 -9999 -9999 -9999 -9999 -9999 -9999 -9999 -9999 -9999 -9999 -9999 -9999 -9999 -9999 -9999 -9999 -9999 -9999 -9999 -9999 -9999 -9999
-9999 -9999 -9999 -9999 -9999 -9999 -9999 -9999 -9999 -9999 -9999 -9999 -9999 -9999 -9999 -9999 -9999 -9999 -9999 -9999 -9999 -9999 -9999 -9999 -9999 -9999 -9999 -9999 -9999 -9999 -9999 -9999 -9999 -9999 -9999 -9999 -9999 -9999 -9999 -9999 -9999 -9999 -9999 -9999 -9999 -9999 -9999 -9999 -9999 -9999 -9999 -9999 -9999 -9999 -9999 -9999 -9999 -9999 -9999 -9999 -9999 -9999 -9999 -9999 -9999 -9999 -9999 -9999 -9999 -9999 -9999 -9999 -9999
-9999 -9999 -9999 -9999 -9999 -9999 -9999 -9999 -9999 -9999 -9999 -9999 -9999 -9999 -9999 -9999 -9999 -9999 -9999 -9999 -9999 -9999 -9999 -9999 -9999 -9999 -9999 -9999 -9999 -9999 -9999 -9999 -9999 -9999 -9999 -9999 -9999 -9999 -9999 -9999 -9999 -9999 -9999 -9999 -9999 -9999 -9999 -9999 -9999 -9999 -9999 -9999 -9999 -9999 -9999 -9999 -9999 -9999 -9999 -9999 -9999 -9999 -9999 -9999 -9999 -9999 -9999 -9999 -9999 -9999 -9999 -9999 -9999
-9999 -9999 -9999 -9999 -9999 -9999 -9999 -9999 -9999 -9999 -9999 -9999 -9999 -9999 -9999 -9999 -9999 -9999 -9999 -9999 -9999 -9999 -9999 -9999 -9999 -9999 -9999 -9999 -9999 -9999 -9999 -9999 -9999 -9999 -9999 -9999 -9999 -9999 -9999 -9999 -9999 -9999 -9999 -9999 -9999 -9999 -9999 -9999 -9999 -9999 -9999 -9999 -9999 -9999 -9999 -9999 -9999 -9999 -9999 -9999 -9999 -9999 -9999 -9999 -9999 -9999 -9999 -9999 -9999 -9999 -9999 -9999 -9999
-9999 -9999 -9999 -9999 -9999 -9999 -9999 -9999 -9999 -9999 -9999 -9999 -9999 -9999 -9999 -9999 -9999 -9999 -9999 -9999 -9999 -9999 -9999 -9999 -9999 -9999 -9999 -9999 -9999 -9999 -9999 -9999 -9999 -9999 -9999 -9999 -9999 -9999 -9999 -9999 -9999 -9999 -9999 -9999 -9999 -9999 -9999 -9999 -9999 -9999 -9999 -9999 -9999 -9999 -9999 -9999 -9999 -9999 -9999 -9999 -9999 -9999 -9999 -9999 -9999 -9999 -9999 -9999 -9999 -9999 -9999 -9999 -9999
-9999 -9999 -9999 -9999 -9999 -9999 -9999 -9999 -9999 -9999 -9999 -9999 -9999 -9999 -9999 -9999 -9999 -9999 -9999 -9999 -9999 -9999 -9999 -9999 -9999 -9999 -9999 -9999 -9999 -9999 -9999 -9999 -9999 -9999 -9999 -9999 -9999 -9999 -9999 -9999 -9999 -9999 0.15336 0.15936 0.16077 0.17634 0.18326 0.21713 0.21931 0.26173 0.26990 0.26616 -9999 -9999 -9999 -9999 -9999 -9999 -9999 -9999 -9999 -9999 -9999 -9999 -9999 -9999 -9999 -9999 -9999 -9999 -9999 -9999 -9999
-9999 -9999 -9999 -9999 -9999 -9999 -9999 -9999 -9999 -9999 -9999 -9999 -9999 -9999 -9999 -9999 -9999 -9999 -9999 -9999 -9999 -9999 -9999 -9999 -9999 -9999 -9999 -9999 -9999 -9999 -9999 -9999 -9999 -9999 -9999 -9999 -9999 -9999 0.05779 0.05561 0.05581 0.08132 0.08352 0.09331 0.09440 0.11771 0.12442 0.16040 0.16097 0.20627 0.20867 0.23916 0.23993 0.38151 -9999 -9999 -9999 -9999 -9999 -9999 -9999 -9999 -9999 -9999 -9999 -9999 -9999 -9999 -9999 -9999 -9999 -9999 -9999
-9999 -9999 -9999 -9999 -9999 -9999 -9999 -9999 -9999 -9999 -9999 -9999 -9999 -9999 -9999 -9999 -9999 -9999 -9999 -9999 -9999 -9999 -9999 -9999 -9999 -9999 -9999 -9999 -9999 -9999 -9999 -9999 -9999 -9999 -9999 -9999 -9999 -9999 -9999 -9999 0.06545 0.08542 0.08671 0.09059 0.09083 0.11529 0.12300 0.16253 0.16327 0.19898 0.20778 0.25081 0.25541 0.41542 -9999 -9999 -9999 -9999 -9999 -9999 -9999 -9999 -9999 -9999 -9999 -9999 -9999 -9999 -9999 -9999 -9999 -9999 -9999
-9999 -9999 -9999 -9999 -9999 -9999 -9999 -9999 -9999 -9999 -9999 -9999 -9999 -9999 -9999 -9999 -9999 -9999 -9999 -9999 -9999 -9999 -9999 -9999 -9999 -9999 -9999 -9999 -9999 -9999 -9999 -9999 -9999 -9999 -9999 -9999 -9999 -9999 -9999 -9999 -9999 -9999 -9999 -9999 -0.02132 0.02976 0.03413 0.08708 0.09173 0.09351 0.09723 0.11494 0.13014 0.18595 -9999 -9999 -9999 -9999 -9999 -9999 0.27219 -9999 -9999 -9999 -9999 -9999 -9999 -9999 -9999 -9999 -9999 -9999 -9999
-9999 -9999 -9999 -9999 -9999 -9999 -9999 -9999 -9999 -9999 -9999 -9999 -9999 -9999 -9999 -9999 -9999 -9999 -9999 -9999 -9999 -9999 -9999 -9999 -9999 -9999 -9999 -9999 -9999 -9999 -9999 -9999 -9999 -9999 -9999 -9999 -9999 -9999 -9999 -9999 -9999 -0.04856 -0.04510 -0.02504 -0.02301 0.03455 0.03858 0.08894 0.09767 0.10045 0.09060 0.11895 0.12907 0.15861 -9999 -9999 -9999 -9999 -9999 0.28851 0.29212 0.26663 0.27335 0.24530 0.25126 0.20756 0.20745 0.17612 0.18088 0.15519 0.15768 0.12736 0.12650
-9999 -9999 -9999 -9999 -9999 -9999 -9999 -9999 -9999 -9999 -9999 -9999 -9999 -9999 -9999 -9999 -9999 -9999 -9999 -9999 -9999 -9999 -9999 -9999 -9999 -9999 -9999 -9999 -9999 -9999 -9999 -9999 -9999 -9999 -9999 -9999 -9999 -9999 -9999 -9999 -9999 -0.10298 -0.10112 -0.07793 -0.07522 -0.02589 -0.02457 0.02866 0.03034 0.01645 0.02177 0.03460 0.04154 0.06223 0.07558 0.13630 0.14793 -9999 0.19945 0.16395 0.16618 0.12955 0.12895 0.12572 0.12753 0.10928 0.11308 0.10944 0.10872 0.10561 0.10398 0.06540 0.06476
-9999 -9999 -9999 -9999 -9999 -9999 -9999 -9999 -9999 -9999 -9999 -9999 -9999 -9999 -9999 -9999 -9999 -9999 -9999 -9999 -9999 -9999 -9999 -9999 -9999 -9999 -9999 -9999 -9999 -9999 -9999 -9999 -9999 -9999 -9999 -0.16568 -0.16914 -0.14750 -0.14447 -0.13318 -0.12887 -0.11476 -0.10808 -0.07721 -0.07393 -0.02417 -0.01690 0.03613 0.03566 0.02208 0.02816 0.03493 0.03696 0.04778 0.06488 0.12861 0.15203 0.19388 0.20629 0.17413 0.17965 0.13607 0.13615 0.13000 0.13364 0.11272 0.11042 0.10973 0.11271 0.10426 0.10679 0.06866 0.06951
-9999 -9999 -9999 -9999 -9999 -9999 -9999 -9999 -9999 -9999 -9999 -9999 -9999 -9999 -9999 -9999 -9999 -9999 -9999 -9999 -9999 -9999 -9999 -9999 -9999 -9999 -9999 -9999 -9999 -9999 -9999 -9999 -9999 -9999 -0.15312 -0.14236 -0.14230 -0.15288 -0.15023 -0.15979 -0.15871 -0.15482 -0.15135 -0.12287 -0.10567 -0.10398 -0.09771 -0.07866 -0.06909 -0.05121 -0.03974 -0.03286 -0.03028 -0.00678 -0.00389 0.04458 0.05435 0.06348 0.06892 0.03294 0.03822 0.02266 0.02409 0.03123 0.02864 0.03881 0.03393 0.03955 0.03896 0.03213 0.03248 0.01966 0.01993
-9999 -9999 -9999 -9999 -9999 -9999 -9999 -9999 -9999 -9999 -9999 -9999 -9999 -9999 -9999 -9999 -9999 -9999 -9999 -9999 -9999 -9999 -9999 -9999 -9999 -9999 -9999 -9999 -9999 -9999 -9999 -9999 -9999 -0.15494 -0.15570 -0.14336 -0.14477 -0.15714 -0.15637 -0.16262 -0.15768 -0.14877 -0.13690 -0.10774 -0.11701 -0.10580 -0.09690 -0.07306 -0.05319 -0.04162 -0.03127 -0.03304 -0.01675 -0.00062 0.00874 0.05552 0.06216 0.07431 0.08066 0.04583 0.04914 0.03715 0.03604 0.04129 0.04933 0.04629 0.03968 0.04640 0.04651 0.04473 0.04311 0.02743 0.02663
-9999 -9999 -9999 -9999 -9999 -9999 -9999 -9999 -9999 -9999 -9999 -9999 -9999 -9999 -9999 -9999 -9999 -9999 -9999 -9999 -9999 -9999 -9999 -9999 -9999 -9999 -9999 -9999 -9999 -9999 -9999 -0.17034 -0.17070 -0.16639 -0.15879 -0.14167 -0.14540 -0.15176 -0.15503 -0.17144 -0.15932 -0.15844 -0.13066 -0.14691 -0.14656 -0.13280 -0.12359 -0.10405 -0.08441 -0.07142 -0.05540 -0.05378 -0.03247 -0.02070 -0.01848 -0.00592 -0.00609 -0.00705 -0.00017 -0.01445 -0.01202 -0.01812 -0.01644 -0.00068 -0.00007 0.01380 0.01306 0.02977 0.02701 0.03315 0.03423 0.02632 0.02808
-9999 -9999 -9999 -9999 -9999 -9999 -9999 -9999 -9999 -9999 -9999 -9999 -9999 -9999 -9999 -9999 -9999 -9999 -9999 -9999 -9999 -9999 -9999 -9999 -9999 -9999 -9999 -9999 -9999 -0.12891 -0.15011 -0.15447 -0.14887 -0.15220 -0.15713 -0.14368 -0.14500 -0.13875 -0.14825 -0.16806 -0.17989 -0.16577 -0.15341 -0.16293 -0.15102 -0.12967 -0.11534 -0.09619 -0.06571 -0.06371 -0.04422 -0.03277 -0.02469 -0.01768 -0.01193 -0.00058 0.00216 0.00390 0.00817 -0.01590 -0.00745 -0.00755 -0.00483 0.01247 0.01535 0.02835 0.02554 0.03771 0.03886 0.03845 0.03879 0.03472 0.03784
-9999 -9999 -9999 -9999 -9999 -9999 -9999 -9999 -9999 -9999 -9999 -9999 -9999 -9999 -9999 -9999 -9999 -9999 -9999 -9999 -9999 -9999 -9999 -9999 -0.15258 -0.16203 -0.16073 -0.17286 -0.17491 -0.19497 -0.17779 -0.20482 -0.18480 -0.19123 -0.19492 -0.19831 -0.19057 -0.15118 -0.14392 -0.15342 -0.15352 -0.17180 -0.17306 -0.15451 -0.14062 -0.12874 -0.11955 -0.08694 -0.06273 -0.06446 -0.05470 -0.03361 -0.02217 -0.03480 -0.02939 -0.02902 -0.02753 -0.03503 -0.02688 -0.02627 -0.02487 -0.01067 -0.00269 0.01135 0.00871 0.03623 0.04202 0.07052 0.05403 0.05390 0.04766 0.05263 0.04664
-9999 -9999 -9999 -9999 -9999 -9999 -0.06794 -0.06977 -0.02772 -0.04090 -0.08364 -9999 -9999 -9999 -9999 -9999 -9999 -9999 -9999 -9999 -9999 -0.13711 -0.12786 -0.13506 -0.12363 -0.13916 -0.14526 -0.16372 -0.15154 -0.15945 -0.15666 -0.17939 -0.17755 -0.19216 -0.18724 -0.19390 -0.18931 -0.15203 -0.15294 -0.17039 -0.16855 -0.14546 -0.15282 -0.14680 -0.13852 -0.12339 -0.11316 -0.08079 -0.06011 -0.06279 -0.05184 -0.03930 -0.01535 -0.02544 -0.03125 -0.03229 -0.02592 -0.03032 -0.02634 -0.01713 -0.01541 -0.00651 0.00635 0.02017 0.02052 0.04885 0.04323 0.07146 0.06308 0.07292 0.05888 0.05452 0.05069
-9999 -9999 -9999 -9999 -9999 -0.13080 -0.11803 -0.06464 -0.10655 -0.09789 -0.12107 -0.10690 -0.13249 -0.10831 -9999 -9999 -9999 -0.10414 -0.12716 -0.09321 -0.10727 -0.10361 -0.09457 -0.12946 -0.10676 -0.07039 -0.10757 -0.14317 -0.15856 -0.15957 -0.12077 -0.14160 -0.14087 -0.16189 -0.19696 -0.19074 -0.16074 -0.16373 -0.19320 -0.19953 -0.19529 -0.15354 -0.12979 -0.11217 -0.11933 -0.11185 -0.09701 -0.07072 -0.05494 -0.06496 -0.04694 -0.04059 -0.02717 -0.04980 -0.04688 -0.05098 -0.04642 -0.05415 -0.05461 -0.03986 -0.03667 -0.01741 -0.01879 0.00038 0.00148 0.02968 0.02731 0.04891 0.04815 0.04508 0.04312 0.03986 0.03253
-9999 -0.03272 0.05897 -0.05173 -0.08024 -0.07320 -0.09012 -0.09650 -0.08934 -0.09776 -0.09509 -0.10685 -0.10841 -0.10117 -0.11138 -0.09971 -0.12464 -0.10754 -0.09138 -0.11086 -0.10635 -0.08635 -0.08204 -0.09712 -0.09273 -0.05270 -0.04021 -0.08041 -0.08157 -0.10808 -0.10620 -0.14149 -0.17150 -0.17548 -0.15879 -0.16784 -0.16844 -0.17265 -0.21006 -0.19794 -0.18730 -0.15078 -0.11313 -0.10891 -0.08572 -0.07811 -0.09523 -0.07649 -0.05977 -0.05680 -0.04291 -0.03740 -0.02617 -0.04060 -0.03728 -0.04153 -0.03926 -0.05869 -0.05012 -0.04486 -0.04109 -0.02261 -0.01650 0.00424 0.00648 0.03238 0.03871 0.04689 0.04538 0.04047 0.04318 0.04367 0.03977
-9999 -0.00637 0.06350 0.06952 0.09284 0.06050 -0.09626 -0.07024 -0.09449 -0.10056 -0.04267 -0.08762 -0.10936 -0.10067 -0.08572 -0.07861 0.00505 -0.06370 -0.05943 -0.04416 -0.05863 -0.08243 -0.05426 -0.03279 -0.04198 -0.08196 -0.09102 -0.10535 -0.07313 -0.08642 -0.12428 -0.13383 -0.10689 -0.11941 -0.13184 -0.16406 -0.15633 -0.17223 -0.19720 -0.20758 -0.19904 -0.15825 -0.12885 -0.07518 -0.09047 -0.10248 -0.08128 -0.08828 -0.07631 -0.08289 -0.07378 -0.06267 -0.05649 -0.04634 -0.03987 -0.05276 -0.05527 -0.05875 -0.05900 -0.06495 -0.06463 -0.04980 -0.04523 -0.02106 -0.02118 0.00155 0.00096 0.00994 0.00655 -0.00370 -0.01146 -0.01197 -0.00626
-9999 -9999 -9999 0.01221 0.11709 0.12798 0.05694 0.04286 0.00356 0.04047 0.06207 0.06497 0.01026 -0.00193 -0.06430 -0.01273 0.05540 0.02302 -0.00570 0.00192 0.02811 0.00125 0.02821 0.01766 0.00392 -0.03053 -0.01898 -0.08264 -0.06572 -0.06510 -0.05422 -0.07714 -0.09038 -0.11049 -0.12441 -0.14596 -0.14576 -0.13704 -0.15635 -0.16943 -0.20662 -0.18048 -0.13309 -0.05774 -0.06901 -0.09685 -0.04637 -0.05824 -0.05896 -0.08720 -0.06840 -0.06357 -0.04669 -0.04711 -0.04483 -0.04361 -0.05254 -0.05724 -0.05218 -0.06136 -0.06678 -0.04509 -0.04248 -0.02008 -0.01988 0.00200 -0.00029 0.00894 0.00958 -0.00414 -0.00414 -0.01170 -0.01167
-9999 -9999 -9999 -9999 -9999 -9999 0.20357 0.17685 0.18653 0.14680 0.16360 0.14602 0.11374 0.10009 0.03682 0.08693 0.03113 0.06751 0.02689 -0.02996 0.05686 0.10179 0.12436 0.08417 0.07510 0.09194 0.06572 0.03944 0.04570 -0.00954 -0.00267 -0.05597 -0.04234 -0.08567 -0.09505 -0.13517 -0.13192 -0.13383 -0.14368 -0.14752 -0.16585 -0.14698 -0.13666 -0.12284 -0.08694 -0.08622 -0.07180 -0.07001 -0.06221 -0.10292 -0.07975 -0.06164 -0.05003 -0.07724 -0.05215 -0.05193 -0.05290 -0.05002 -0.04459 -0.05625 -0.05046 -0.04142 -0.04068 -0.02232 -0.02711 -0.00674 -0.01392 0.00335 0.00268 -0.01068 -0.01024 -0.01977 -0.01797
-9999 -9999 -9999 -9999 -9999 -9999 0.26907 0.22591 0.12057 0.19070 0.17186 0.14358 0.15904 0.14595 0.14374 0.13502 0.10239 0.10197 0.08445 0.06424 0.05403 0.07864 0.12535 0.13185 0.12294 0.10766 0.09107 0.09147 0.09579 0.03789 0.02057 -0.02046 -0.02719 -0.07549 -0.05786 -0.11688 -0.15208 -0.16565 -0.19116 -0.16651 -0.12764 -0.12241 -0.12520 -0.10915 -0.10391 -0.08896 -0.05623 -0.06047 -0.05840 -0.07422 -0.08122 -0.08868 -0.06614 -0.06639 -0.06266 -0.05751 -0.05825 -0.05714 -0.05813 -0.05962 -0.04481 -0.04338 -0.04055 -0.02324 -0.02355 -0.01157 -0.01376 0.00294 -0.00157 -0.01727 -0.01215 -0.02199 -0.02184
-9999 -9999 -9999 -9999 -9999 -9999 -9999 -9999 -9999 -9999 0.19135 0.22690 0.23153 0.23223 0.14998 0.15504 0.17000 0.20721 0.21403 0.14377 0.13346 0.01375 0.09637 0.17373 0.18194 0.18608 0.17844 0.13592 0.14825 0.09684 0.09648 0.07427 0.05989 -0.00846 -0.02462 -0.09366 -0.08907 -0.10594 -0.12737 -0.12484 -0.12287 -0.06657 -0.06485 -0.09192 -0.09521 -0.12643 -0.10216 -0.13008 -0.10199 -0.12784 -0.11101 -0.07756 -0.05515 -0.07109 -0.06868 -0.05993 -0.07651 -0.07000 -0.03658 -0.05161 -0.04765 -0.06298 -0.05432 -0.04332 -0.03295 -0.03317 -0.01336 0.01284 -0.00713 -0.02586 -0.02851 -0.02048 -0.01124
-9999 -9999 -9999 -9999 -9999 -9999 -9999 -9999 -9999 -9999 0.25229 0.19835 0.24285 0.17954 0.25363 0.27590 0.25878 0.29081 0.24611 0.25101 0.26204 0.16779 0.15542 0.21595 0.21598 0.19737 0.20305 0.16028 0.17624 0.13013 0.14241 0.09859 0.08241 0.01117 -0.00449 -0.07733 -0.10029 -0.12099 -0.14423 -0.12661 -0.13849 -0.06678 -0.09238 -0.11433 -0.10442 -0.11551 -0.09856 -0.11807 -0.09734 -0.12230 -0.10736 -0.07538 -0.06154 -0.06725 -0.08679 -0.06313 -0.05853 -0.04772 -0.04461 -0.04907 -0.04417 -0.04537 -0.03987 -0.01433 -0.03740 -0.02804 -0.02137 0.01547 0.02530 -0.02316 -0.04089 -0.03323 -0.03179
-9999 -9999 -9999 -9999 -9999 -9999 -9999 -9999 -9999 -9999 -9999 -9999 0.23997 0.13646 0.16406 0.16964 0.25376 0.29783 0.27717 0.35118 0.29482 0.27645 0.29904 0.27026 0.26714 0.27469 0.28297 0.29839 0.32463 0.31564 0.27668 0.25065 0.22567 0.13624 0.11857 0.01587 -0.01704 -0.06375 -0.11170 -0.08508 -0.07764 -0.05952 -0.05670 -0.08199 -0.08673 -0.13235 -0.10424 -0.12246 -0.09473 -0.10270 -0.10587 -0.04991 -0.02690 -0.03477 -0.09768 -0.08147 -0.09273 -0.01120 -0.01443 -0.02021 -0.02895 -0.04004 -0.05236 -0.01210 0.01662 0.03785 0.02810 0.00206 -0.00708 -0.03507 -0.03105 -0.03135 -0.02731
-9999 -9999 -9999 -9999 -9999 -9999 -9999 -9999 -9999 -9999 -9999 -9999 0.20367 0.22983 0.18779 0.28450 0.24160 0.35946 0.30590 0.29965 0.35556 0.31656 0.30671 0.27768 0.27414 0.30114 0.33216 0.35002 0.36305 0.35514 0.40044 0.37876 0.29075 0.14110 0.10545 -0.00131 -0.02528 -0.05580 -0.07396 -0.06704 -0.07379 -0.07292 -0.06631 -0.08803 -0.08139 -0.11858 -0.10802 -0.11981 -0.11273 -0.10376 -0.08149 -0.07708 -0.07609 -0.04116 -0.07616 -0.08631 -0.05816 -0.00875 -0.01057 -0.05643 -0.08027 -0.07596 -0.00529 -0.00253 0.01722 0.03780 0.03054 0.02281 0.02817 0.01497 -0.02146 -0.04326 -0.03778
-9999 -9999 -9999 -9999 -9999 -9999 -9999 -9999 -9999 -9999 -9999 0.56233 0.25042 0.24477 0.26879 0.32270 0.20222 0.25066 0.23101 0.19291 0.27764 0.33464 0.31695 0.34486 0.32924 0.25100 0.35520 0.58158 0.59849 0.61219 0.58019 0.56179 0.54264 0.39500 0.32637 0.21842 0.22217 0.11678 0.11315 0.02348 0.01510 -0.06577 -0.05953 -0.09212 -0.10498 -0.09614 -0.10493 -0.12316 -0.07696 -0.06270 -0.02842 0.02502 0.03485 0.00665 -0.05078 0.01574 0.04804 0.04628 0.04401 0.00102 0.04282 0.03417 0.02857 0.01784 0.01182 -0.01560 -0.02115 -0.05380 -0.08788 -0.07032 -0.06117 -0.02360 -0.05155
-9999 -9999 -9999 -9999 -9999 -9999 -9999 -9999 -9999 -9999 -9999 0.65217 0.55670 0.34962 0.38037 0.34972 0.28236 0.27288 0.32713 0.30722 0.36151 0.32606 0.34220 0.41155 0.38671 0.36091 0.44968 0.60606 0.61450 0.61880 0.61122 0.54715 0.50544 0.34909 0.35525 0.27630 0.25670 0.11748 0.12354 0.01232 0.00460 -0.04819 -0.12073 -0.13947 -0.12109 -0.11540 -0.10090 -0.16724 -0.11060 -0.12222 -0.06086 0.00791 0.03623 0.02828 0.07161 0.10482 0.10138 0.08392 0.08631 0.04538 0.03233 0.05374 0.05359 -0.02001 -0.02877 -0.06492 -0.05043 -0.07733 -0.10853 -0.07972 -0.08153 -0.07523 -0.07665
-9999 -9999 -9999 -9999 -9999 -9999 -9999 -9999 -9999 -9999 -9999 0.94091 0.88916 0.79491 0.82616 0.83064 0.64315 0.60549 0.71134 0.61189 0.59894 0.48412 0.47001 0.52569 0.53245 0.56369 0.55691 0.74063 0.78546 0.71016 0.70482 0.63560 0.62625 0.49329 0.44275 0.36500 0.31688 0.22167 0.21884 0.07692 0.05716 -0.00952 -0.00315 -0.00651 -0.02289 -0.00052 -0.00510 -0.01333 0.01750 0.02070 0.04475 0.10046 0.11130 0.16936 0.17602 0.17675 0.17760 0.15696 0.13791 0.13877 0.12543 0.11115 0.10600 0.03021 0.01954 0.01040 -0.00573 0.00577 -0.02929 -0.02322 -0.04050 0.01104 -0.00491
