data/hydroclimate-scenarios/1948-2000.Pcorr55N_Pref_Tref/monthly_summaries/et_monthly_tot_may.1950-2000.asc
ncols	311
nrows	91
xllcenter	102.75
yllcenter	31.75
cellsize	0.5
NODATA_value	-9999
[rows 0 to 31 of 91, columns 71 to 141 of 311]
-9999 -9999 -9999 -9999 -9999 -9999 -9999 -9999 -9999 -9999 -9999 -9999 -9999 -9999 -9999 -9999 -9999 -9999 -9999 -9999 -9999 -9999 -9999 -9999 -9999 -9999 -9999 -9999 -9999 -9999 -9999 -9999 -9999 -9999 -9999 -9999 -9999 -9999 -9999 -9999 -9999 -9999 -9999 -9999 -9999 -9999 -9999 -9999 -9999 -9999 -9999 -9999 -9999 -9999 -9999 -9999 -9999 -9999 -9999 -9999 -9999 -9999 -9999 -9999 -9999 -9999 -9999 -9999 -9999 -9999 -9999
-9999 -9999 -9999 -9999 -9999 -9999 -9999 -9999 -9999 -9999 -9999 -9999 -9999 -9999 -9999 -9999 -9999 -9999 -9999 -9999 -9999 -9999 -9999 -9999 -9999 -9999 -9999 -9999 -9999 -9999 -9999 -9999 -9999 -9999 -9999 -9999 -9999 -9999 -9999 -9999 -9999 -9999 -9999 -9999 -9999 -9999 -9999 -9999 -9999 -9999 -9999 -9999 -9999 -9999 -9999 -9999 -9999 -9999 -9999 -9999 -9999 -9999 -9999 -9999 -9999 -9999 -9999 -9999 -9999 -9999 -9999
-9999 -9999 -9999 -9999 -9999 -9999 -9999 -9999 -9999 -9999 -9999 -9999 -9999 -9999 -9999 -9999 -9999 -9999 -9999 -9999 -9999 -9999 -9999 -9999 -9999 -9999 -9999 -9999 -9999 -9999 -9999 -9999 -9999 -9999 -9999 -9999 -9999 -9999 -9999 -9999 -9999 -9999 -9999 -9999 -9999 -9999 -9999 -9999 -9999 -9999 -9999 -9999 -9999 -9999 -9999 -9999 -9999 -9999 -9999 -9999 -9999 -9999 -9999 -9999 -9999 -9999 -9999 -9999 -9999 -9999 -9999
-9999 -9999 -9999 -9999 -9999 -9999 -9999 -9999 -9999 -9999 -9999 -9999 -9999 -9999 -9999 -9999 -9999 -9999 -9999 -9999 -9999 -9999 -9999 -9999 -9999 -9999 -9999 -9999 -9999 -9999 -9999 -9999 -9999 -9999 -9999 -9999 -9999 -9999 -9999 -9999 -9999 -9999 -9999 -9999 -9999 -9999 -9999 -9999 -9999 -9999 -9999 -9999 -9999 -9999 -9999 -9999 -9999 -9999 -9999 -9999 -9999 -9999 -9999 -9999 -9999 -9999 -9999 -9999 -9999 -9999 -9999
-9999 -9999 -9999 -9999 -9999 -9999 -9999 -9999 -9999 -9999 -9999 -9999 -9999 -9999 -9999 -9999 -9999 -9999 -9999 -9999 -9999 -9999 -9999 -9999 -9999 -9999 -9999 -9999 -9999 -9999 -9999 -9999 -9999 -9999 -9999 -9999 -9999 -9999 -9999 -9999 -9999 -9999 -9999 -9999 -9999 -9999 -9999 -9999 -9999 -9999 -9999 -9999 -9999 -9999 -9999 -9999 -9999 -9999 -9999 -9999 -9999 -9999 -9999 -9999 -9999 -9999 -9999 -9999 -9999 -9999 -9999
-9999 -9999 -9999 -9999 -9999 -9999 -9999 -9999 -9999 -9999 -9999 -9999 -9999 -9999 -9999 -9999 -9999 -9999 -9999 -9999 -9999 -9999 -9999 -9999 -9999 -9999 -9999 -9999 -9999 -9999 -9999 -9999 -9999 -9999 -9999 -9999 -9999 -9999 -9999 -9999 -9999 -9999 -9999 -9999 -9999 -9999 -9999 -9999 -9999 -9999 -9999 -9999 -9999 -9999 -9999 -9999 -9999 -9999 -9999 -9999 -9999 -9999 -9999 -9999 -9999 -9999 -9999 -9999 -9999 -9999 -9999
-9999 -9999 -9999 -9999 -9999 -9999 -9999 -9999 -9999 -9999 -9999 -9999 -9999 -9999 -9999 -9999 -9999 -9999 -9999 -9999 -9999 -9999 -9999 -9999 -9999 -9999 -9999 -9999 -9999 -9999 -9999 -9999 -9999 -9999 -9999 -9999 -9999 -9999 -9999 -9999 -9999 -9999 -9999 -9999 -9999 -9999 -9999 -9999 -9999 -9999 -9999 -9999 -9999 -9999 -9999 -9999 -9999 -9999 -9999 -9999 -9999 -9999 -9999 -9999 -9999 -9999 -9999 -9999 -9999 -9999 -9999
-9999 -9999 -9999 -9999 -9999 -9999 -9999 -9999 -9999 -9999 -9999 -9999 -9999 -9999 -9999 -9999 -9999 -9999 -9999 -9999 -9999 -9999 -9999 -9999 -9999 -9999 -9999 -9999 -9999 -9999 -9999 -9999 -9999 -9999 -9999 -9999 -9999 -9999 -9999 -9999 -9999 -9999 -9999 -9999 -9999 -9999 -9999 -9999 -9999 -9999 -9999 -9999 -9999 -9999 -9999 -9999 -9999 -9999 -9999 -9999 -9999 -9999 -9999 -9999 -9999 -9999 -9999 -9999 -9999 -9999 -9999
-9999 -9999 -9999 -9999 -9999 -9999 29.07740 -9999 -9999 -9999 -9999 -9999 -9999 -9999 -9999 -9999 -9999 -9999 -9999 -9999 -9999 -9999 -9999 -9999 -9999 -9999 -9999 -9999 -9999 -9999 -9999 -9999 -9999 -9999 -9999 -9999 -9999 -9999 -9999 -9999 -9999 -9999 -9999 -9999 -9999 -9999 -9999 -9999 -9999 -9999 -9999 -9999 -9999 -9999 -9999 -9999 -9999 -9999 -9999 -9999 -9999 -9999 -9999 -9999 -9999 -9999 -9999 -9999 -9999 -9999 -9999
-9999 -9999 27.40070 29.82770 29.68380 29.63820 28.69130 29.01360 29.91730 29.93380 29.01310 28.70110 28.46730 28.39860 26.94840 26.41960 25.25130 25.45870 26.20100 26.01250 27.37420 27.77860 -9999 -9999 -9999 -9999 -9999 -9999 -9999 -9999 -9999 -9999 -9999 -9999 -9999 -9999 -9999 -9999 -9999 -9999 -9999 -9999 -9999 -9999 -9999 -9999 -9999 -9999 -9999 -9999 -9999 -9999 -9999 -9999 -9999 -9999 -9999 -9999 -9999 -9999 -9999 -9999 -9999 -9999 -9999 -9999 -9999 -9999 -9999 -9999 -9999
-9999 -9999 -9999 -9999 24.61240 24.98730 24.59440 24.44970 25.08800 24.51370 25.38520 24.92110 24.41960 24.39550 23.77020 23.42520 22.63020 22.23000 23.48730 23.02720 24.78900 24.74330 -9999 -9999 -9999 -9999 -9999 -9999 -9999 -9999 -9999 -9999 -9999 -9999 -9999 -9999 -9999 -9999 -9999 -9999 -9999 -9999 -9999 -9999 -9999 -9999 -9999 -9999 -9999 -9999 -9999 -9999 -9999 -9999 -9999 -9999 -9999 -9999 -9999 -9999 -9999 -9999 -9999 -9999 -9999 -9999 -9999 -9999 -9999 -9999 -9999
27.96000 27.32110 26.48930 26.67520 25.44530 25.32000 24.88870 24.91260 25.43880 25.15010 25.83260 25.68450 25.37480 25.19610 24.32640 23.89740 23.45870 22.80710 23.91610 23.77120 25.15040 25.26530 26.46760 27.26080 28.37100 28.93130 29.27480 29.81140 -9999 -9999 -9999 -9999 -9999 -9999 -9999 -9999 -9999 -9999 -9999 -9999 -9999 -9999 -9999 -9999 -9999 -9999 -9999 -9999 -9999 -9999 -9999 -9999 -9999 -9999 -9999 -9999 -9999 -9999 -9999 -9999 -9999 -9999 -9999 -9999 -9999 -9999 -9999 -9999 -9999 -9999 -9999
25.33820 24.82830 24.92960 23.93400 24.11390 23.93320 23.53160 23.04880 22.69840 22.38020 23.32710 22.93860 22.37840 22.06650 21.55650 21.18830 21.09480 20.61080 21.24220 20.89870 21.72780 21.73360 23.09960 23.68990 24.53860 25.24950 25.36380 25.42300 26.23250 26.58130 27.77490 27.86370 28.48920 28.46980 29.22950 29.61820 29.25840 29.08070 29.61530 29.24300 29.55650 29.60550 29.81360 -9999 -9999 -9999 -9999 -9999 -9999 -9999 -9999 -9999 -9999 -9999 -9999 -9999 -9999 -9999 -9999 -9999 -9999 -9999 -9999 -9999 -9999 -9999 -9999 -9999 -9999 -9999 -9999
25.96480 25.02510 24.94800 23.72530 23.70890 23.59500 24.34480 24.12060 23.59680 23.06840 23.80820 23.78990 22.88380 22.67020 22.15320 21.80020 21.93110 21.46350 21.50940 21.32350 21.69420 21.45010 23.23450 23.51870 24.59850 25.05160 25.85160 25.93120 26.27090 26.14460 27.53770 27.72060 28.88950 28.86410 30.00490 29.97280 29.96030 30.29410 29.81960 29.43560 29.99990 30.07370 29.97910 29.91120 -9999 -9999 -9999 -9999 -9999 -9999 -9999 -9999 -9999 -9999 -9999 -9999 -9999 -9999 -9999 -9999 -9999 -9999 -9999 -9999 -9999 -9999 -9999 -9999 -9999 -9999 -9999
19.25510 18.76490 19.36410 18.51510 19.36110 19.27500 19.45770 19.74990 19.35610 20.38720 19.16450 19.49730 19.62160 19.53130 18.86830 18.61810 18.74090 18.59030 18.50550 18.32320 18.43310 18.62020 19.91590 20.07600 20.85660 20.39960 22.51070 22.81570 23.88070 23.95080 25.36360 25.30870 25.27550 25.17130 25.83790 25.57200 26.44880 26.17920 26.25830 26.40060 25.56500 25.45580 25.39910 25.38650 -9999 -9999 -9999 -9999 -9999 -9999 -9999 -9999 -9999 -9999 -9999 -9999 -9999 -9999 -9999 28.22990 27.78170 -9999 -9999 -9999 -9999 27.88560 25.34510 23.19340 25.16520 27.76910 27.17740
20.17930 19.37600 19.79740 18.36380 20.37760 21.82750 21.44690 20.10000 19.87880 19.71360 21.27020 20.99780 20.71400 19.83160 18.90700 19.22700 19.11330 19.23940 17.66350 17.83490 19.35220 19.59950 20.10170 19.23590 19.43960 21.25490 22.98740 23.45020 24.08550 24.37310 25.18550 25.42800 25.26730 25.27180 25.24640 23.95780 25.50380 26.51520 26.40410 25.74610 25.02950 25.41000 25.53830 25.36730 25.46120 25.26460 23.90540 25.45640 25.71260 25.74560 26.24260 25.91490 25.67160 26.32480 25.95570 25.86170 28.22010 28.47280 28.18690 28.49970 27.64570 -9999 -9999 -9999 -9999 -9999 27.99470 26.50720 25.96750 25.08750 23.99550
19.08250 20.92630 19.99330 16.89220 19.87710 22.18420 21.76050 21.69460 22.69850 23.75250 23.91680 22.86070 21.05610 19.23260 17.96710 17.69660 16.47390 15.09910 16.06480 17.80410 17.26040 17.15990 16.51520 16.21520 16.62010 17.11120 18.26970 18.38830 19.50490 17.54900 18.66730 18.60250 17.69540 19.90700 18.15370 15.42920 18.00990 16.91590 19.90280 18.88010 18.14580 18.42770 18.02130 19.01730 19.75490 19.81060 17.05530 18.19800 21.35160 21.30970 22.60180 20.91300 21.93780 22.23930 21.94240 22.87590 23.57880 23.40140 23.72990 24.63640 24.53380 24.19770 25.40190 25.76430 25.22370 25.53780 26.20130 26.54880 27.01370 25.66320 23.24840
18.71190 17.89800 24.20380 18.68170 18.38940 19.92930 20.64000 20.68560 25.95040 26.37310 25.75470 24.78590 23.70460 21.65520 19.29380 15.79740 17.10650 16.89740 15.16100 15.87560 16.65020 18.44660 18.17820 18.70180 16.64180 18.21450 18.23740 19.06020 17.43970 15.65380 15.63280 14.56550 15.27440 18.84290 17.91670 15.63500 18.37030 18.52670 19.52540 17.30490 18.08630 20.52470 20.48930 16.84710 16.07980 18.31780 18.61940 20.08950 19.25340 20.48990 20.33630 21.96770 21.04850 22.54840 22.83580 21.87420 22.85370 23.26640 23.31240 23.00530 23.36220 21.48330 22.94790 24.72980 24.85100 25.01200 26.01890 26.01870 27.27440 24.95540 21.76810
18.92240 16.81800 20.40630 28.99050 23.74420 26.13700 26.54470 21.89780 23.68290 25.43680 24.21220 24.81590 24.74170 22.53470 20.06400 18.31270 18.23830 18.36070 16.73100 15.24520 17.56690 18.71240 18.77840 19.30800 18.75120 18.15280 18.27100 17.09750 18.30580 18.79590 18.20070 17.71970 19.13150 17.91870 15.72380 15.84460 16.64940 19.24600 17.31730 16.82050 19.10690 19.21080 19.24650 18.13510 16.98380 17.41480 17.73540 18.57610 19.95250 19.56210 20.15970 20.12620 20.26370 20.74220 22.34610 22.33540 23.20210 21.90350 22.00110 21.48170 22.00770 20.85790 19.67340 20.63160 21.59020 22.56060 22.28760 22.49100 21.26360 20.27130 20.37120
22.45060 19.18970 17.97060 18.83280 21.80380 28.02440 25.93390 21.32020 20.81350 24.49000 17.45110 18.94410 20.67440 23.74410 23.70620 23.37520 22.36300 20.19780 17.65210 17.97790 18.29340 19.65430 19.93410 20.93990 20.57900 20.63110 19.05700 21.10480 16.82700 18.82980 20.12110 16.98640 19.27770 21.60040 21.64540 20.42620 20.57650 20.17010 19.74990 19.09170 19.48150 19.84470 20.23500 19.80800 18.96450 18.44370 18.56790 16.15930 18.26720 18.47810 18.54130 19.50270 20.14760 20.10940 21.55830 21.22000 21.69440 20.70910 22.03590 22.97780 23.32030 23.40700 22.15410 20.70710 19.91830 21.20270 20.12480 21.33130 21.09220 20.60560 21.11770
22.93670 19.97600 18.66530 16.59090 15.20980 21.36190 24.02210 25.59890 23.33090 23.22920 18.94560 15.67380 16.56740 23.41240 18.64260 20.08870 21.28500 22.59570 22.16810 21.82850 19.67470 20.00080 20.40610 23.10330 22.44870 21.83020 21.16440 22.37080 20.64170 19.87190 19.25250 19.82020 20.32510 19.86880 20.92210 19.42360 19.39930 18.19620 19.01940 19.28890 18.26210 17.71000 18.89510 18.55910 17.86090 17.18420 16.79530 17.33150 18.58310 17.68570 18.84020 19.59560 19.45030 20.02000 21.70850 21.10480 20.29070 19.67060 20.74990 19.33910 19.06450 19.38500 20.54760 20.77110 20.91840 20.89940 19.66160 19.40990 20.02670 20.00590 20.53450
17.93370 17.91780 19.19820 21.62000 15.46890 15.54300 15.59730 16.61000 19.36860 21.94280 23.38600 20.24150 18.56400 17.22640 18.70110 18.46440 16.98830 17.42510 19.13270 19.55410 21.52550 20.36860 22.14640 22.73270 22.10020 22.36460 24.18910 24.06720 21.74890 21.33740 22.59330 18.41670 18.08270 18.00200 19.04880 18.64040 19.14980 18.10580 19.06230 18.85760 18.38540 17.94650 19.84200 18.60710 18.18020 17.91830 18.27670 18.33830 18.86490 18.29080 18.61620 18.75330 19.08730 18.97270 19.88900 19.72390 18.93460 20.28140 20.50000 19.53610 19.84230 19.64740 20.55260 21.58800 21.10190 21.09100 19.61830 19.95500 20.82880 21.06960 22.05100
19.41140 18.28130 23.47740 19.09620 22.33090 22.42320 17.96360 17.83120 16.02770 19.01720 18.60530 17.90810 18.44480 20.41590 19.94760 19.20200 18.20180 18.17690 17.05340 16.93730 16.88150 17.63790 20.49770 21.39400 25.13060 25.69300 27.90150 26.04760 21.07710 21.47550 21.47210 20.51740 18.29460 19.20980 18.10140 21.34330 20.68420 19.50350 17.88060 18.72030 19.32900 19.89590 18.69990 18.04000 18.32660 18.09300 18.03980 17.97220 17.59310 16.89870 16.67000 16.87290 17.74380 16.89320 17.46810 17.43970 19.20920 18.71210 18.87940 19.51780 19.02000 19.32620 19.31010 19.38200 19.90480 20.28770 20.38090 20.47390 19.61250 17.01390 19.14480
19.88450 19.29690 19.80230 19.85580 17.75600 20.37800 16.75820 17.79100 17.35920 18.14720 21.33400 15.66970 16.83620 18.38340 18.08240 22.14210 22.28700 21.41830 17.78830 19.22040 16.40950 16.76510 17.90270 24.88590 27.57590 28.91920 28.86890 26.07170 23.09680 22.97070 21.83920 21.69640 21.29760 21.59640 24.37420 22.54630 20.29350 20.04350 18.64880 18.46070 17.23800 18.07790 17.86220 17.46190 19.39210 19.14580 18.05100 18.12460 17.30330 17.12390 16.91630 17.10500 18.33970 18.18470 17.62370 17.28590 18.76880 18.73120 19.34310 19.47040 19.88320 19.20790 19.48060 18.89440 19.97920 17.30690 16.98540 18.45890 20.21510 18.29610 20.54340
19.73510 19.47590 20.33810 20.93080 19.94810 19.50270 19.08220 18.11010 18.07560 17.98590 17.16910 16.89770 17.88170 18.80020 17.66820 17.11330 20.09240 17.75450 18.46480 18.25140 17.08030 16.65680 17.56120 18.85290 25.64890 30.15060 29.79310 29.85810 27.52570 28.51780 23.32770 23.91780 25.12770 23.38290 22.43520 22.49350 22.14450 20.75640 18.94020 18.16040 16.45930 16.48090 16.41020 16.69220 19.96360 20.31530 18.64230 18.27670 17.69470 16.98420 17.74990 18.09810 18.11860 17.11610 17.69640 18.02020 18.92120 19.23370 17.23100 17.73970 17.99750 18.24110 17.68250 17.97860 19.29190 16.63580 18.12470 19.56720 18.76730 18.29830 19.41730
19.02820 18.66240 18.78290 18.66320 19.30310 21.58450 21.61670 21.67030 21.41410 21.84190 18.97020 17.75610 19.19510 19.35500 19.55210 17.79450 17.34560 16.84550 18.26850 17.37650 17.04130 18.89030 20.88040 20.47720 21.37340 24.28080 30.10370 30.29140 27.79010 25.31530 25.14010 24.15490 28.81830 26.61860 24.22650 20.37630 19.61060 17.68930 17.92130 16.45740 16.10820 16.10410 16.31890 16.15640 17.06350 17.61170 18.30810 18.09250 18.35030 17.53380 18.23000 18.72580 18.99170 18.98470 20.27270 19.79900 19.54560 19.21880 17.88610 17.64580 18.28990 18.13130 17.81640 17.89660 18.99490 18.65450 19.16330 19.53740 18.97490 18.50500 18.50990
18.26310 17.48790 19.06350 18.94210 19.12630 19.82410 21.45470 22.71090 25.09020 22.45540 20.86910 19.59840 17.90210 17.52840 19.52300 20.36060 18.34200 17.37890 17.34060 17.97770 16.49450 16.42290 17.74510 19.23380 20.82930 22.54470 23.88960 27.11450 31.43020 27.17870 28.75670 26.79150 27.61910 21.41960 19.64990 21.53180 18.94190 17.69600 17.80120 17.71680 17.50250 17.52820 17.47140 17.35330 17.71850 17.66420 18.51960 18.71570 19.30760 19.38550 20.51430 20.23530 19.72560 19.55180 18.81220 18.67100 17.95090 18.32010 17.41400 17.46940 16.93730 16.83460 16.26250 16.52710 16.63250 16.70620 17.16930 17.11140 17.28810 16.84130 17.72690
21.44960 19.23030 19.91580 19.21590 19.42430 20.23820 20.70850 24.70550 23.28930 25.73260 28.58540 24.86030 21.10020 18.27820 17.64880 17.99810 17.85390 18.82630 18.21130 18.59280 17.23510 16.80200 19.93940 20.52710 22.21820 21.18230 21.28050 24.36750 30.50380 31.42270 22.30860 22.75850 24.03790 21.04290 18.36340 20.29540 18.77900 17.89990 17.86400 17.91640 17.45030 17.59760 17.50540 17.62400 18.02360 18.21980 18.92800 19.09020 19.48110 19.45640 20.26080 20.17540 19.47040 19.50770 18.66740 18.65900 18.29260 18.28800 17.02830 16.77860 16.49550 16.81330 16.16780 16.10090 16.28600 16.31350 16.74600 16.82200 17.23650 17.21730 18.03360
19.70420 19.36660 19.00640 19.29060 19.98470 22.70870 20.92920 19.74820 20.09330 21.60760 23.72440 20.70260 22.04190 19.94400 16.75880 17.68430 18.85120 19.84940 18.72610 18.97750 18.65460 17.31830 17.46860 19.23600 21.76680 25.62460 24.28820 27.00570 35.25280 28.97120 23.50020 21.80380 21.90780 21.43820 19.93830 19.56680 19.73270 18.42340 18.59810 18.78040 18.09230 18.13450 18.34810 18.68260 21.28000 20.68780 22.21670 22.62480 22.12500 22.30710 22.41640 22.20290 21.11470 19.99520 19.43130 19.50040 18.73880 18.60670 18.24830 18.95040 17.67640 17.45570 17.77580 17.99170 17.43520 17.12640 17.64210 17.55270 18.27550 18.33760 19.52290
24.80940 21.26970 18.34330 18.02130 22.39930 23.59050 24.35980 22.92150 19.82290 22.41690 25.53850 18.09290 18.76940 17.87170 16.72590 17.42140 17.29970 17.93450 19.93470 20.06370 18.75320 17.42060 16.40650 18.14810 21.20480 23.33920 20.70970 23.55890 25.09270 21.70700 24.05810 24.52620 20.77010 20.25400 19.87150 19.86420 18.76440 19.07270 18.71120 18.40250 18.68600 19.32420 19.22300 19.84560 23.97140 23.60970 23.17560 22.80850 21.09340 21.46100 -9999 -9999 21.16110 20.01240 19.28620 19.36810 18.94950 18.34070 18.05240 18.21900 17.48390 17.83480 18.62790 18.59020 18.09880 17.53780 17.62050 17.12900 18.22780 18.02340 19.04270
19.51210 21.16310 19.69330 19.18770 18.64320 17.72910 22.69050 18.55510 21.00470 24.27120 23.46910 19.51040 19.30010 19.97330 16.77320 17.07130 16.72830 17.76380 19.00530 17.99030 17.95660 18.86460 18.38740 17.72990 16.96750 18.16360 18.90150 20.30070 22.13490 21.37060 21.13830 23.67100 22.46450 21.66700 21.90710 21.32430 20.55450 23.80370 26.60420 -9999 -9999 -9999 -9999 29.40060 -9999 24.16370 23.06150 22.82850 22.80080 24.30480 -9999 -9999 23.52990 22.91330 23.35340 23.08150 21.94960 21.93070 22.00920 21.97430 23.45180 23.54760 23.76500 24.31800 22.91810 21.06720 21.48650 22.00820 23.53730 23.44140 24.15640
23.10540 21.20610 19.83470 18.73870 17.57120 19.14890 17.87670 17.97420 21.19480 20.56830 18.94600 18.54040 17.43260 16.17790 16.50530 18.55400 18.08600 17.30580 17.18800 17.66120 16.66080 17.73880 17.50420 17.54110 16.91780 17.04040 17.88310 18.12050 20.47010 20.40340 20.44930 19.97270 21.54180 21.54640 21.52400 21.72830 22.81100 -9999 -9999 -9999 -9999 -9999 -9999 -9999 24.84020 23.14190 23.02890 -9999 -9999 -9999 -9999 -9999 23.13830 22.61730 23.12480 22.48370 22.05700 21.78960 21.09560 21.66010 22.15030 22.23240 22.66440 23.33330 22.50850 22.47270 23.52700 22.79290 23.31410 21.84410 -9999
