data/hydroclimate-scenarios/1948-2000.Pcorr55N_Pref_Tref/monthly_summaries/et_monthly_tot_aug.asc
ncols	311
nrows	91
xllcenter	102.75
yllcenter	31.75
cellsize	0.5
NODATA_value	-9999
[rows 32 to 63 of 91, columns 0 to 70 of 311]
-9999 -9999 -9999 -9999 -9999 -9999 -9999 -9999 -9999 -9999 -9999 42.07290 43.44610 44.08600 43.59390 44.48440 46.94090 48.92940 48.39130 46.18140 48.75680 48.94020 48.08540 47.16390 44.23350 43.22350 43.00040 42.00740 41.98660 42.78120 43.58670 44.95310 42.75710 42.23700 41.96760 39.35830 39.10830 39.44720 38.83540 40.22400 41.83630 41.86220 41.76660 41.07720 41.67240 40.60810 40.94930 44.67760 44.94420 44.27240 44.16520 44.07640 43.27310 40.39980 39.69720 40.15380 39.87270 39.75670 40.23910 42.35530 41.89820 41.01160 40.41460 42.61030 43.50270 42.09570 44.12830 47.18830 51.84610 54.40210 61.43840
-9999 -9999 -9999 -9999 -9999 -9999 -9999 -9999 -9999 -9999 -9999 42.99700 44.15900 44.12010 46.98290 46.21780 47.17600 47.74790 47.98420 46.79390 47.63080 49.02510 46.08720 45.59640 46.23030 47.35030 47.33550 46.03810 44.89650 40.95420 42.66960 45.48390 43.71740 41.92050 40.87880 40.93860 38.97250 39.43810 40.01160 43.76350 43.75450 44.10960 44.64150 43.38540 43.81300 44.29930 45.01360 48.09410 48.34470 48.44130 48.23930 46.95890 46.02480 43.16520 43.92080 43.50490 43.54730 44.94840 43.29430 42.40490 42.67120 42.77020 42.55850 42.34920 43.20630 43.07490 44.77150 48.36880 51.53080 54.03430 60.51810
-9999 -9999 -9999 -9999 -9999 -9999 -9999 -9999 -9999 -9999 -9999 -9999 43.60400 43.65200 44.81140 43.15600 44.31740 45.23390 45.72410 46.61680 44.64570 48.08820 49.13290 53.16280 53.74150 56.48510 54.59520 53.75500 51.37720 47.60990 44.23730 41.80620 41.24430 41.20510 41.57400 41.41410 42.17840 43.96460 44.50870 45.38190 46.00830 45.97980 46.14540 49.36260 49.98930 50.46800 50.20020 49.97560 50.38390 49.51850 48.81380 49.20320 48.25950 48.23190 48.77930 49.65560 49.76700 46.97690 47.19220 45.71300 45.80550 42.17200 42.49040 44.70690 45.72240 47.02480 47.08580 48.57440 52.87970 54.81870 60.14580
-9999 -9999 -9999 -9999 -9999 -9999 -9999 -9999 -9999 -9999 -9999 -9999 43.64590 44.76000 44.47120 43.38120 43.21450 42.82720 42.79760 47.07920 48.31160 54.07620 56.84580 61.36870 63.41530 61.53490 60.50130 58.78340 55.21300 52.24990 50.52210 46.48130 43.73800 43.57880 43.33740 44.82020 47.50150 46.84040 46.64610 50.11260 48.22220 52.96620 54.64890 52.45370 55.43430 55.32320 54.70940 55.00540 57.02020 56.96750 57.24880 55.34800 54.14080 51.67860 50.58840 48.82410 49.62680 48.95160 51.27690 45.83310 46.60630 49.75870 50.09830 49.23930 47.75270 48.22550 49.60870 50.89490 53.40130 54.53080 55.91100
-9999 -9999 -9999 -9999 -9999 -9999 -9999 -9999 -9999 -9999 -9999 -9999 44.35630 43.83370 42.75830 43.67290 44.37820 47.67330 48.81710 52.18450 55.13460 58.15020 59.98830 65.33930 64.16190 65.13560 62.03440 56.72550 56.11020 52.28840 50.86900 46.61500 48.12590 48.52370 46.35900 48.77420 48.93820 50.30910 50.28610 51.71460 56.02670 60.61500 61.07450 58.25370 57.82950 58.61220 61.15370 62.53160 61.73020 61.50530 61.16600 57.72370 56.46230 55.93480 52.50600 54.79590 55.04590 52.13300 52.05530 48.85410 52.88170 54.70980 55.47000 55.86240 51.93120 52.66190 53.44790 54.06560 57.06400 58.67950 60.11350
-9999 -9999 -9999 52.25100 49.85630 49.41750 49.40700 49.12950 50.74580 -9999 49.03970 44.59200 44.05490 45.80980 45.76850 45.97080 47.38510 48.46950 52.57520 56.72850 56.48250 57.79910 60.96160 63.16510 62.67640 62.70860 60.04480 60.99110 59.78390 61.42870 57.11600 51.18700 54.26750 57.91380 53.75220 56.29070 56.48880 57.21200 55.78110 55.17750 56.97100 61.47300 61.84910 60.91060 62.55700 65.77610 67.87850 65.93650 67.91960 66.03130 64.48610 60.67040 60.76120 62.75490 60.56800 64.72690 64.01370 58.15380 58.74430 57.25950 51.60750 57.90970 57.70030 58.95850 60.44920 60.76430 62.21390 63.38900 64.87720 65.92420 65.42270
-9999 -9999 -9999 51.83440 51.27480 49.23780 50.68820 48.18150 48.79360 47.34940 45.51230 46.43310 47.37910 50.06310 50.80010 53.15130 53.36530 54.20330 55.80450 57.94620 58.95310 61.60610 60.09030 59.25090 61.08230 59.77940 61.31930 61.61580 64.07820 63.21250 62.46890 60.92860 60.86790 62.65220 62.26710 60.75540 62.67050 64.58050 61.20840 63.39530 65.89240 65.53130 63.84000 65.98260 66.90170 68.05810 69.60740 69.95700 68.08760 67.78970 68.03730 69.18930 68.72380 68.16210 65.63760 64.63310 62.94420 63.70820 64.21980 62.30480 62.47480 62.76880 62.66520 61.49510 63.42250 63.04260 63.32010 64.99620 67.75320 67.97460 65.75390
-9999 -9999 -9999 52.31340 50.58460 51.95090 49.76560 48.01880 46.90880 45.88250 45.69080 46.91910 51.64150 57.78550 62.23050 59.81660 57.54650 58.29260 58.73180 61.69610 63.76650 64.28570 65.15390 64.50390 66.91900 64.68460 64.41250 63.65950 64.17690 65.19350 63.42060 66.13130 64.07430 64.81220 65.77390 65.65180 65.74210 64.58520 63.75630 65.83080 67.26510 68.02200 68.16980 68.71610 70.55760 72.69150 73.50920 70.42130 70.67720 72.80350 70.96820 71.94950 70.30470 69.15630 67.49100 65.78990 64.86650 64.30090 65.11460 65.71980 63.58340 63.20250 64.93920 66.10820 66.25470 65.96650 66.48320 67.75110 65.02730 65.54380 63.70590
-9999 -9999 -9999 52.65800 50.33570 50.72410 49.69850 48.96680 49.15440 49.59720 47.71640 49.52070 58.82370 60.80740 62.68690 60.99080 63.76050 68.45380 67.43420 65.96940 67.59530 67.74690 66.01100 68.54400 68.43140 65.32940 66.49600 67.28890 68.93790 64.68320 63.96430 63.94660 66.70480 68.91840 69.46140 67.11250 65.52570 63.44870 66.61090 65.84130 68.07030 70.15250 70.42120 71.20250 72.56830 74.04520 74.11700 74.78380 74.87950 75.93950 74.26710 74.11560 73.45520 69.69270 70.49770 67.96180 66.90900 67.15220 67.42770 66.45550 67.21550 66.42060 67.90940 69.20970 68.48430 67.78390 69.69470 69.76270 66.65920 65.79440 66.30680
-9999 -9999 -9999 53.99850 50.74360 51.90940 50.50760 49.53660 50.74720 50.20880 47.78790 51.05880 60.00660 63.58500 67.04620 67.72960 67.51600 67.77640 67.77980 63.19340 67.63620 70.86320 69.62780 68.84980 68.19160 66.51970 64.29110 65.85980 69.21980 68.73870 67.94780 68.02340 68.77290 70.68140 71.40640 71.59320 72.08240 68.87770 68.36720 67.92070 70.16070 72.76510 73.98760 75.18820 75.32850 76.27310 76.55610 76.51120 75.61880 76.37390 75.69780 74.48150 73.16240 71.71620 72.18840 71.45710 69.20370 67.46140 69.71710 70.20500 70.58210 71.43860 72.14670 70.30030 69.76730 72.26300 71.98490 68.48300 68.16820 68.66920 68.79170
-9999 -9999 -9999 -9999 51.33800 51.70320 49.96560 53.56730 53.64150 52.37470 47.78190 52.34330 64.68680 60.13350 -9999 -9999 -9999 -9999 -9999 70.91240 71.62570 72.83050 72.28250 69.91540 71.93740 70.26500 65.73930 68.38720 68.94920 68.40130 68.88760 68.93930 70.13420 72.16520 69.23040 66.40730 67.55070 66.57600 67.88340 69.79530 71.07200 72.62460 72.79520 74.95180 76.26720 76.86170 77.28810 76.65730 76.99930 76.60490 77.23760 76.56910 76.30890 75.35670 74.52400 73.18600 71.02220 70.62200 69.72970 71.84430 72.42930 70.16340 71.60940 73.90150 75.27010 74.34600 73.63270 74.01780 77.52070 -9999 -9999
-9999 -9999 59.56670 54.51560 53.91260 52.12340 52.15730 56.42480 53.76820 52.55710 48.75000 54.68220 65.50460 -9999 -9999 -9999 -9999 -9999 66.61740 72.33760 71.68280 71.26050 72.29400 72.09870 73.07840 73.09890 69.42450 67.06850 67.44090 66.92220 67.89900 68.91380 68.24450 69.30540 68.84560 65.07480 67.54940 68.28460 69.75140 71.08070 72.55740 72.62210 73.21890 75.64310 76.33430 78.16210 77.82680 78.85280 78.68810 78.15980 79.58550 78.19420 75.17700 76.43700 74.62390 75.19200 75.67910 73.30650 72.96690 75.38640 75.22210 73.51070 74.76330 76.71390 76.60990 77.47440 77.47350 -9999 -9999 -9999 -9999
-9999 -9999 60.62120 56.90320 55.19130 53.49110 52.35890 56.17350 54.82990 53.87630 54.75130 55.63970 58.55530 -9999 -9999 -9999 -9999 66.23140 70.46360 70.50290 69.92220 70.10040 71.09670 70.69520 69.21820 65.71270 66.77960 71.45870 70.49180 66.81530 68.36280 69.52860 68.16220 67.84340 68.85570 67.77910 67.58450 69.01250 71.00760 72.16740 72.12710 73.58990 74.49040 75.28820 75.80660 76.15230 76.18570 77.52610 78.90580 80.44740 80.64690 80.41520 79.69640 78.45300 79.98240 78.59900 77.25170 78.36220 79.50160 78.96600 78.88910 75.64980 76.77350 78.63060 78.44510 -9999 -9999 -9999 -9999 -9999 68.54570
-9999 -9999 64.73510 61.76480 59.92800 57.56930 56.91770 58.39650 56.75530 57.16470 61.13710 62.33440 58.52060 -9999 -9999 -9999 -9999 69.58020 71.33400 69.76920 68.44010 67.98390 69.30050 65.77050 67.26120 66.51000 69.05910 72.15440 71.59100 69.46720 70.58690 69.36810 70.55820 72.60950 70.95430 70.14570 69.77480 70.36450 72.47230 71.67880 71.97300 73.04880 73.58340 75.25770 76.03050 78.19150 77.57370 75.87830 76.51880 76.71790 79.91790 79.33960 82.92120 81.64640 78.94340 80.91810 81.84230 80.44230 80.32000 79.59850 82.31350 77.83610 78.39690 79.02680 77.12820 76.69530 78.40370 75.77040 70.43750 -9999 -9999
-9999 -9999 -9999 69.31920 68.38610 64.96790 63.21990 59.62370 59.36160 59.74790 59.52110 62.84850 -9999 -9999 -9999 -9999 68.73110 71.63170 67.65540 69.75550 68.97860 66.21310 68.05580 67.38680 68.07580 69.82770 69.67010 71.68910 71.61220 73.29900 72.81210 70.29960 69.04650 70.86940 71.31730 70.36760 70.36300 71.07420 72.31670 72.29600 72.13830 75.06660 74.36830 72.79280 74.75760 77.21250 79.66160 81.16070 81.98350 81.34660 80.70640 81.34510 82.29860 79.51340 77.84600 78.32110 80.79550 80.73970 81.31550 81.27430 82.44320 83.47220 81.98580 76.25860 71.20560 78.00270 79.92130 77.68380 73.09740 73.14120 -9999
-9999 -9999 -9999 -9999 71.71640 68.42400 65.71360 63.73740 63.30730 60.03910 59.19520 -9999 -9999 -9999 -9999 64.09710 69.31040 68.50930 65.90370 70.10680 70.19880 68.33130 69.31790 69.65480 69.95100 69.74550 69.14110 70.87740 71.48460 71.97760 72.20870 69.28420 68.23230 68.61650 70.91490 70.00730 69.30010 71.07050 72.36430 75.10840 76.57080 77.22240 75.51390 74.13680 74.30320 76.39770 77.62190 80.63080 81.04940 81.95120 83.17460 89.18050 87.92990 82.64790 84.47600 85.11760 83.17640 84.03950 84.06420 83.51950 82.27720 82.21230 82.39700 80.84870 77.07480 81.19840 82.06130 77.84900 73.64010 71.99060 71.70040
-9999 -9999 -9999 -9999 -9999 -9999 68.86140 66.49970 69.14860 60.28730 56.15670 -9999 -9999 -9999 -9999 -9999 67.72460 69.60130 70.69550 69.55450 70.28210 69.10880 71.55950 69.68370 68.99740 70.01340 70.09960 71.88870 71.24280 70.00060 71.93790 69.96970 68.11330 68.44990 69.97250 69.79810 69.57360 74.61010 75.19100 77.68280 79.07090 78.35870 78.22660 78.30060 75.72100 75.88290 76.64250 77.59230 79.42080 80.66730 85.10910 88.29260 87.07580 82.96030 82.70800 82.05500 86.39220 85.40300 85.49870 83.74370 84.65090 85.38180 83.56910 78.94140 76.82450 78.58200 81.39410 78.68060 76.03180 71.75220 70.84550
-9999 -9999 -9999 -9999 -9999 -9999 -9999 -9999 -9999 -9999 -9999 -9999 -9999 -9999 -9999 -9999 -9999 -9999 -9999 71.75200 72.31440 71.19680 71.52980 69.84190 70.34440 71.68540 71.76860 73.62000 74.01340 74.82550 73.10500 69.94890 69.69360 69.40550 71.03430 70.88330 70.84820 74.81880 76.70630 79.22180 80.34110 79.31720 79.01640 77.72420 77.93510 79.14270 81.13740 78.31960 82.44610 82.28270 84.04710 87.92660 87.60890 86.90050 86.10090 86.04350 83.28420 90.19500 88.63260 86.32210 85.41980 88.82660 83.57290 78.93950 77.04130 80.59690 79.92750 78.43350 75.37910 73.68360 72.20670
-9999 -9999 -9999 -9999 -9999 -9999 -9999 -9999 -9999 -9999 -9999 -9999 -9999 -9999 -9999 -9999 -9999 -9999 69.87580 70.54980 70.60060 68.30780 67.89830 72.51290 72.97330 73.34990 72.72760 73.15710 72.78150 72.47320 72.50120 72.62910 73.12920 73.41160 72.71760 70.20430 72.56900 73.87870 76.76660 79.14000 80.89380 81.52980 80.18430 81.42290 80.57360 78.01780 82.09730 83.00610 82.14570 85.70050 86.39330 85.89200 87.78980 87.56150 86.86860 84.14500 84.11750 86.06010 87.59910 89.56660 90.95210 90.28000 86.54750 83.23210 83.14530 82.06930 79.94270 79.50860 73.88990 74.79270 72.33650
-9999 -9999 -9999 -9999 -9999 -9999 -9999 -9999 -9999 -9999 -9999 -9999 -9999 -9999 -9999 -9999 -9999 69.87620 72.40620 71.03030 69.91520 68.39820 69.01290 74.59560 76.88650 76.48900 74.01100 73.71140 71.11580 72.09240 72.75870 73.14320 73.88140 74.34260 76.96670 76.33300 75.48940 78.22430 79.16940 82.12480 82.71470 82.30450 82.57530 81.35150 85.21300 85.56890 81.53670 86.75980 86.58090 92.19290 91.75760 94.08230 93.08270 87.90540 87.52390 85.03350 86.90880 86.47000 86.94540 88.86220 94.60370 90.26540 85.67480 83.12430 82.51320 81.32930 81.14100 82.72030 76.52170 72.92530 69.39880
-9999 -9999 -9999 -9999 -9999 -9999 -9999 -9999 -9999 -9999 -9999 -9999 -9999 -9999 -9999 -9999 -9999 71.44590 72.08450 70.26120 70.35400 70.13450 71.75270 76.42480 75.10500 75.15400 72.84020 74.48990 74.20440 73.19650 76.56930 76.42770 77.43470 77.07430 79.76750 80.32190 79.63170 81.96140 84.18380 83.79860 84.94800 86.76780 83.06690 89.14500 87.82210 85.20670 83.31300 90.91670 92.67010 89.67620 94.91520 95.93000 96.58430 93.11500 90.04110 86.97940 83.08720 86.58340 88.59640 92.31390 89.10410 85.96080 86.52980 84.78040 81.13160 82.62750 79.96060 79.62620 76.89760 74.79630 76.30360
-9999 -9999 -9999 -9999 -9999 -9999 -9999 -9999 -9999 -9999 -9999 -9999 -9999 -9999 -9999 -9999 72.49450 71.29620 72.18880 70.60770 69.62420 71.28110 73.80770 74.74280 70.79280 71.09420 69.60760 71.62300 73.08720 74.79490 75.74240 74.90920 73.30680 75.19560 80.25740 82.94860 80.87220 81.03200 84.43780 84.47760 87.72380 87.86900 84.16140 86.31460 89.27810 84.62070 84.42400 91.29590 92.38680 92.28820 100.72400 96.58170 97.72680 96.45150 93.37580 88.64630 87.60930 85.73070 89.72300 92.35610 93.62800 89.09340 86.46180 80.70070 82.06680 82.48880 83.42790 81.65100 79.99570 79.17790 79.06010
-9999 -9999 -9999 -9999 -9999 -9999 -9999 -9999 -9999 -9999 -9999 -9999 -9999 70.09930 71.66460 71.33690 73.04770 73.74740 72.56280 73.03860 74.87830 75.38640 75.22090 73.82590 72.26990 69.88760 68.35440 70.19420 69.78830 70.33210 69.48910 69.07510 73.56620 76.61600 79.65900 87.06190 86.97150 86.08740 87.21850 86.24540 86.02510 83.20030 84.88490 92.03790 92.33670 90.97140 89.53670 90.32080 88.62760 95.35340 101.72800 106.24400 106.38600 105.64900 104.21300 91.57540 90.99350 89.11190 99.01110 101.31200 102.29300 91.68060 96.52120 92.12990 93.73780 99.62170 101.90500 84.44970 81.81510 76.99840 75.61960
-9999 -9999 -9999 -9999 -9999 -9999 -9999 -9999 -9999 -9999 -9999 -9999 69.83030 70.76930 69.95920 69.74800 70.88300 75.31410 76.97230 73.08220 74.93270 73.90500 72.90470 72.49970 69.64550 67.45950 65.67100 67.38340 65.87570 64.44450 67.33160 65.87140 68.55700 72.46450 76.41740 86.44090 91.89420 90.51300 86.53960 87.03280 89.42080 89.21120 88.25420 92.82380 96.42820 95.14180 96.17260 93.34840 90.96480 95.40070 98.03540 107.40100 101.65900 103.28600 99.29850 96.86640 89.61180 98.47850 99.83090 93.50380 94.61800 94.00790 93.75710 95.29140 97.15670 104.34900 101.13100 87.27940 81.43820 80.59370 75.18550
-9999 -9999 -9999 -9999 -9999 -9999 -9999 -9999 -9999 -9999 -9999 70.69580 71.40660 70.70810 72.13400 73.68850 73.52470 75.68350 75.06870 73.65120 73.92220 68.62840 67.87370 65.80740 66.05680 66.64890 63.03840 61.22180 59.03120 59.88510 63.22670 67.00230 69.51800 73.10810 78.36390 83.72520 85.88400 85.41120 87.07720 89.45410 89.24530 89.44010 90.85640 93.15400 94.61980 94.77710 95.33430 98.26730 101.42400 94.81080 91.66160 99.02280 103.69800 91.37810 100.65700 105.96600 92.42770 96.94290 99.16180 95.99170 95.27060 101.47400 103.49700 106.15300 107.96800 108.98900 103.44300 87.79570 86.15830 83.01400 76.05520
-9999 -9999 -9999 -9999 -9999 -9999 -9999 -9999 -9999 -9999 74.02030 73.58570 72.98440 73.15910 72.16520 71.41980 71.02280 72.94730 72.69030 70.39100 68.69550 64.67050 64.09370 61.72170 60.66850 62.58260 62.71470 57.67880 58.40520 61.86620 63.66850 65.90260 70.28300 71.42550 75.20180 80.24290 82.32760 84.68240 83.45270 88.13750 86.68560 90.48820 89.12610 91.35060 92.98640 89.46110 91.37450 95.57360 99.46430 97.52490 92.34990 97.76320 90.66930 97.67030 97.44990 98.55390 90.45020 91.83270 98.87930 102.86300 101.41800 103.22000 107.39900 106.04200 102.43200 100.78500 105.72500 85.11060 84.60360 78.89040 74.49320
-9999 -9999 -9999 -9999 -9999 -9999 -9999 -9999 -9999 71.65460 72.80350 73.85030 73.84920 75.18740 74.31320 74.59270 74.32640 74.12420 71.65090 68.65050 67.13190 63.91880 62.54180 64.05660 64.43860 63.38130 63.69610 58.89210 59.61010 60.90150 61.26690 62.86330 66.29380 74.23750 79.56570 77.23660 81.34390 81.66070 84.01350 82.43860 86.16290 85.29520 88.52510 86.45020 90.42910 85.04960 86.57380 90.87500 96.56890 97.52450 93.32140 91.82770 99.79300 92.38860 97.06480 93.48670 99.02820 102.09500 101.21300 100.99000 100.15900 105.72000 104.74600 106.31600 99.41420 98.46720 94.33820 92.14130 85.64930 81.55550 80.12980
-9999 -9999 -9999 -9999 -9999 -9999 -9999 -9999 -9999 -9999 68.84250 68.30700 67.94020 68.40640 65.89340 69.02160 69.58980 68.60140 66.49750 64.61410 63.18240 59.44320 58.83860 -9999 -9999 -9999 -9999 -9999 -9999 60.00250 61.34110 62.52460 66.60920 74.50720 81.25490 76.69580 78.49520 82.31450 86.64470 82.90500 85.33220 84.49110 82.32240 84.81100 87.62240 85.90950 85.79270 92.13510 92.22820 94.88830 94.88100 97.78210 98.01900 99.00190 91.74620 95.20750 101.68300 99.50520 98.52970 95.57610 99.17200 103.05300 112.59400 107.95100 97.79730 94.41450 95.13860 89.61690 80.74060 80.63310 77.69190
-9999 -9999 -9999 -9999 -9999 -9999 -9999 -9999 -9999 -9999 -9999 -9999 61.52160 60.54640 60.80850 56.40890 57.75290 58.01820 57.26620 -9999 -9999 -9999 -9999 -9999 -9999 -9999 -9999 -9999 -9999 -9999 -9999 -9999 -9999 70.58530 76.84400 78.49230 82.67840 82.20710 86.54830 89.26700 84.36920 86.91810 85.73700 84.90420 87.54940 86.68740 87.42660 94.84400 94.83240 96.77060 96.60660 94.07620 93.87110 92.45930 99.17670 98.49130 97.24060 93.46010 98.88630 95.47090 98.18950 97.03580 94.99380 102.82600 97.55710 94.44600 93.63680 87.10260 83.82630 86.23880 85.68330
-9999 -9999 -9999 -9999 -9999 -9999 -9999 -9999 -9999 -9999 -9999 -9999 -9999 -9999 -9999 -9999 -9999 -9999 -9999 -9999 -9999 -9999 -9999 -9999 -9999 -9999 -9999 -9999 -9999 -9999 -9999 -9999 -9999 -9999 79.22980 86.45870 84.98150 85.98720 90.12440 86.74030 85.14810 86.36550 85.82950 83.48230 82.07200 82.19950 88.91790 95.39800 96.61620 100.87400 100.61300 95.92320 99.67470 100.36800 104.93600 102.77800 96.70350 91.94530 94.13660 99.41370 100.18400 99.84340 101.80200 103.25700 95.26620 99.43060 93.01050 87.33180 84.70330 86.10970 86.38540
-9999 -9999 -9999 -9999 -9999 -9999 -9999 -9999 -9999 -9999 -9999 -9999 -9999 -9999 -9999 -9999 -9999 -9999 -9999 -9999 -9999 -9999 -9999 -9999 -9999 -9999 -9999 -9999 -9999 -9999 -9999 -9999 -9999 -9999 76.45420 82.84720 85.29840 86.86720 89.46120 85.84920 87.50960 86.09430 87.05220 92.11130 88.67250 95.11460 97.90940 97.51410 100.57600 102.85400 103.04000 103.00700 105.85900 96.37380 99.56400 94.22980 97.14930 94.89470 97.49030 96.33970 101.40500 109.43500 103.72100 112.29400 105.45600 94.01800 92.84000 88.83770 85.11830 88.21370 -9999
-9999 -9999 -9999 -9999 -9999 -9999 -9999 -9999 -9999 -9999 -9999 -9999 -9999 -9999 -9999 -9999 -9999 -9999 -9999 -9999 -9999 -9999 -9999 -9999 -9999 -9999 -9999 -9999 -9999 -9999 -9999 -9999 -9999 -9999 -9999 -9999 -9999 -9999 85.34170 87.58730 89.53040 91.76570 85.88750 88.94890 96.39940 97.06490 100.06100 98.84750 103.43500 100.43000 97.28320 105.83000 98.97520 95.19800 97.05880 94.76170 100.57800 104.48500 100.96900 101.75100 99.79410 108.41500 104.32600 104.62600 97.20180 94.28860 91.66260 90.52120 92.60550 -9999 -9999
