data/hydroclimate-scenarios/1948-2000.Pcorr55N_Pref_Tref/monthly_summaries/et_monthly_tot_dec.asc
ncols	311
nrows	91
xllcenter	102.75
yllcenter	31.75
cellsize	0.5
NODATA_value	-9999
[rows 0 to 31 of 91, columns 219 to 291 of 311]
-9999 -9999 -9999 -9999 -9999 -9999 -9999 -9999 -9999 -9999 -9999 -9999 -9999 -9999 -9999 -9999 -9999 -9999 -9999 -9999 -9999 -9999 -9999 -9999 -9999 -9999 -9999 -9999 -9999 -9999 -9999 -9999 -9999 -9999 -9999 -9999 -9999 -9999 -9999 -9999 -9999 -9999 -9999 -9999 -9999 -9999 -9999 -9999 -9999 -9999 -9999 -9999 -9999 -9999 -9999 -9999 -9999 -9999 -9999 -9999 -9999 -9999 -9999 -9999 -9999 -9999 -9999 -9999 -9999 -9999 -9999 -9999 -9999
-9999 -9999 -9999 -9999 -9999 -9999 -9999 -9999 -9999 -9999 -9999 -9999 -9999 -9999 -9999 -9999 -9999 -9999 -9999 -9999 -9999 -9999 -9999 -9999 -9999 -9999 -9999 -9999 -9999 -9999 -9999 -9999 -9999 -9999 -9999 -9999 -9999 -9999 -9999 -9999 -9999 -9999 -9999 -9999 -9999 -9999 -9999 -9999 -9999 -9999 -9999 -9999 -9999 -9999 -9999 -9999 -9999 -9999 -9999 -9999 -9999 -9999 -9999 -9999 -9999 -9999 -9999 -9999 -9999 -9999 -9999 -9999 -9999
-9999 -9999 -9999 -9999 -9999 -9999 -9999 -9999 -9999 -9999 -9999 -9999 -9999 -9999 -9999 -9999 -9999 -9999 -9999 -9999 -9999 -9999 -9999 -9999 -9999 -9999 -9999 -9999 -9999 -9999 -9999 -9999 -9999 -9999 -9999 -9999 -9999 -9999 -9999 -9999 -9999 -9999 -9999 -9999 -9999 -9999 -9999 -9999 -9999 -9999 -9999 -9999 -9999 -9999 -9999 -9999 -9999 -9999 -9999 -9999 -9999 -9999 -9999 -9999 -9999 -9999 -9999 -9999 -9999 -9999 -9999 -9999 -9999
-9999 -9999 -9999 -9999 -9999 -9999 -9999 -9999 -9999 -9999 -9999 -9999 -9999 -9999 -9999 -9999 -9999 -9999 -9999 -9999 -9999 -9999 -9999 -9999 -9999 -9999 -9999 -9999 -9999 -9999 -9999 -9999 -9999 -9999 -9999 -9999 -9999 -9999 -9999 -9999 -9999 -9999 -9999 -9999 -9999 -9999 -9999 -9999 -9999 -9999 -9999 -9999 -9999 -9999 -9999 -9999 -9999 -9999 -9999 -9999 -9999 -9999 -9999 -9999 -9999 -9999 -9999 -9999 -9999 -9999 -9999 -9999 -9999
-9999 -9999 -9999 -9999 -9999 -9999 -9999 -9999 -9999 -9999 -9999 -9999 -9999 -9999 -9999 -9999 -9999 -9999 -9999 -9999 -9999 -9999 -9999 -9999 -9999 -9999 -9999 -9999 -9999 -9999 -9999 -9999 -9999 -9999 -9999 -9999 -9999 -9999 -9999 -9999 -9999 -9999 -9999 -9999 -9999 -9999 -9999 -9999 -9999 -9999 -9999 -9999 -9999 -9999 -9999 -9999 -9999 -9999 -9999 -9999 -9999 -9999 -9999 -9999 -9999 -9999 -9999 -9999 -9999 -9999 -9999 -9999 -9999
-9999 -9999 -9999 -9999 -9999 -9999 -9999 -9999 -9999 -9999 -9999 -9999 -9999 -9999 -9999 -9999 -9999 -9999 -9999 -9999 -9999 -9999 -9999 -9999 -9999 -9999 -9999 -9999 -9999 -9999 -9999 -9999 -9999 -9999 -9999 -9999 -9999 -9999 -9999 -9999 -9999 -9999 -9999 -9999 -9999 -9999 -9999 -9999 -9999 -9999 -9999 -9999 -9999 -9999 -9999 -9999 -9999 -9999 -9999 -9999 -9999 -9999 -9999 -9999 -9999 -9999 -9999 -9999 -9999 -9999 -9999 -9999 -9999
-9999 -9999 -9999 -9999 -9999 -9999 -9999 -9999 -9999 -9999 -9999 -9999 -9999 -9999 -9999 -9999 -9999 -9999 -9999 -9999 -9999 -9999 -9999 -9999 -9999 -9999 -9999 -9999 -9999 -9999 -9999 -9999 -9999 -9999 -9999 -9999 -9999 -9999 -9999 -9999 -9999 -9999 -9999 -9999 -9999 -9999 -9999 -9999 -9999 -9999 -9999 -9999 -9999 -9999 -9999 -9999 -9999 -9999 -9999 -9999 -9999 -9999 -9999 -9999 -9999 -9999 -9999 -9999 -9999 -9999 -9999 -9999 -9999
-9999 -9999 -9999 -9999 -9999 -9999 -9999 -9999 -9999 -9999 -9999 -9999 -9999 -9999 -9999 -9999 -9999 -9999 -9999 -9999 -9999 -9999 -9999 -9999 -9999 -9999 -9999 -9999 -9999 -9999 -9999 -9999 -9999 -9999 -9999 -9999 -9999 -9999 -9999 -9999 -9999 -9999 -9999 -9999 -9999 -9999 -9999 -9999 -9999 -9999 -9999 -9999 -9999 -9999 -9999 -9999 -9999 -9999 -9999 -9999 -9999 -9999 -9999 -9999 -9999 -9999 -9999 -9999 -9999 -9999 -9999 -9999 -9999
-9999 -9999 -9999 -9999 -9999 -9999 -9999 -9999 -9999 -9999 -9999 -9999 -9999 -9999 -9999 -9999 -9999 -9999 -9999 -9999 -9999 -9999 -9999 -9999 -9999 -9999 -9999 -9999 -9999 -9999 -9999 -9999 -9999 -9999 -9999 -9999 -9999 -9999 -9999 -9999 -9999 -9999 -9999 -9999 -9999 -9999 -9999 -9999 -9999 -9999 -9999 -9999 -9999 -9999 -9999 -9999 -9999 -9999 -9999 -9999 -9999 -9999 -9999 -9999 -9999 -9999 -9999 -9999 -9999 -9999 -9999 -9999 -9999
-9999 -9999 -9999 -9999 -9999 -9999 -9999 -9999 -9999 -9999 -9999 -9999 -9999 -9999 -9999 -9999 -9999 -9999 -9999 -9999 -9999 -9999 -9999 -9999 -9999 -9999 -9999 -9999 -9999 -9999 -9999 -9999 -9999 -9999 -9999 -9999 -9999 -9999 -9999 -9999 -9999 -9999 -9999 -9999 -9999 -9999 -9999 -9999 -9999 -9999 -9999 -9999 -9999 -9999 -9999 -9999 -9999 -9999 -9999 -9999 -9999 -9999 -9999 -9999 -9999 -9999 -9999 -9999 -9999 -9999 -9999 -9999 -9999
-9999 -9999 -9999 -9999 -9999 -9999 -9999 -9999 -9999 -9999 -9999 -9999 -9999 -9999 -9999 -9999 -9999 -9999 -9999 -9999 -9999 -9999 -9999 -9999 -9999 -9999 -9999 -9999 -9999 -9999 -9999 -9999 -9999 -9999 -9999 -9999 -9999 -9999 -9999 -9999 -9999 -9999 -9999 -9999 -9999 -9999 -9999 -9999 -9999 -9999 -9999 -9999 -9999 -9999 -9999 -9999 -9999 -9999 -9999 -9999 -9999 -9999 -9999 -9999 -9999 -9999 -9999 -9999 -9999 -9999 -9999 -9999 -9999
-9999 -9999 -9999 -9999 -9999 -9999 -9999 -9999 -9999 -9999 -9999 -9999 -9999 -9999 -9999 -9999 -9999 -9999 -9999 -9999 -9999 -9999 -9999 -9999 -9999 -9999 -9999 -9999 -9999 -9999 -9999 -9999 -9999 -9999 -9999 -9999 -9999 -9999 -9999 -9999 -9999 -9999 -9999 -9999 -9999 -9999 -9999 -9999 -9999 -9999 -9999 -9999 -9999 -9999 -9999 -9999 -9999 -9999 -9999 -9999 -9999 -9999 -9999 -9999 -9999 -9999 -9999 -9999 -9999 -9999 -9999 -9999 -9999
-9999 -9999 -9999 -9999 -9999 -9999 -9999 -9999 -9999 -9999 -9999 -9999 -9999 -9999 -9999 -9999 -9999 -9999 -9999 -9999 -9999 -9999 -9999 -9999 -9999 -9999 -9999 -9999 -9999 -9999 -9999 -9999 -9999 -9999 -9999 -9999 -9999 -9999 -9999 -9999 -9999 -9999 -9999 -9999 -9999 -9999 -9999 -9999 -9999 -9999 -9999 -9999 -9999 -9999 -9999 -9999 -9999 -9999 -9999 -9999 -9999 -9999 -9999 -9999 -9999 -9999 -9999 -9999 -9999 -9999 -9999 -9999 -9999
-9999 -9999 -9999 -9999 -9999 -9999 -9999 -9999 -9999 -9999 -9999 -9999 -9999 -9999 -9999 -9999 -9999 -9999 -9999 -9999 -9999 -9999 -9999 -9999 -9999 -9999 -9999 -9999 -9999 -9999 -9999 -9999 -9999 -9999 -9999 -9999 -9999 -9999 -9999 -9999 -9999 0.16862 -9999 -9999 -9999 -9999 -9999 -9999 -9999 -9999 -9999 -9999 -9999 -9999 -9999 -9999 -9999 -9999 -9999 -9999 -9999 -9999 -9999 -9999 -9999 -9999 -9999 -9999 -9999 -9999 -9999 -9999 -9999
0.40713 0.39037 -0.16015 -0.18756 -0.19989 -0.22612 -0.23733 0.17236 0.18961 0.21136 0.26644 0.29935 0.21956 -9999 -9999 -9999 -9999 -9999 -9999 -9999 -9999 -9999 -9999 -9999 -9999 -9999 -9999 -9999 -9999 -9999 -9999 -9999 -9999 -9999 -9999 -9999 0.01269 -0.13623 -0.05956 -0.00440 0.03028 -0.04348 -0.19207 -9999 -9999 -9999 -0.11971 -9999 -9999 -9999 -0.26921 -0.36041 -0.24794 -9999 -9999 -9999 -9999 -9999 -9999 -9999 -9999 -9999 -9999 -9999 -9999 -9999 -9999 -9999 -9999 -9999 -9999 -9999 -9999
-0.10287 0.08494 0.08529 0.12063 0.09287 0.17348 0.14998 0.12606 0.16315 0.14459 0.11897 0.13066 0.10414 0.10666 -0.01411 -0.01311 -0.17857 -0.21943 -0.10684 -9999 -9999 -9999 -9999 -9999 0.17814 0.21418 0.18781 0.18890 0.14301 0.11250 0.00861 0.01282 -0.18849 -0.19081 -0.23785 -0.25407 0.08494 0.30612 0.02639 0.02966 0.05663 0.01923 -0.20237 -0.21298 -0.13033 -0.12461 -0.13432 -0.19217 -0.26390 -0.25562 -0.31844 -0.34191 -0.19637 -0.23162 -0.20099 -0.19312 -0.00382 0.05815 -9999 -9999 -9999 -9999 -9999 -9999 -9999 -9999 -9999 -9999 -9999 -9999 -9999 -9999 -9999
0.13237 0.23981 0.19495 0.16026 0.13384 0.13548 0.10161 0.10786 0.11777 0.10639 0.10684 0.09896 0.10236 0.02992 -0.09573 -0.08939 -0.38276 -0.13853 -0.14516 -0.19328 -0.15693 -0.22719 -0.16349 -0.11594 -0.06092 -0.03180 -0.01868 -0.01458 -0.10408 -0.09144 -0.18763 -0.21292 -0.35282 -0.35965 -0.37626 -0.38773 -0.36025 -0.36977 -0.33339 -0.34530 -0.30005 -0.30350 -0.28108 -0.32037 -0.25664 -0.27011 -0.32234 -0.34798 -0.44673 -0.50758 -0.48772 -0.52805 -0.49298 -0.51542 -0.45585 -0.46577 -0.24808 -0.13663 -0.07016 -0.00520 -0.01202 0.00294 0.01992 0.00983 -0.01074 -0.01782 -9999 -9999 -9999 -9999 -9999 -9999 -9999
0.13187 0.12325 0.11056 0.10565 0.09976 0.10058 0.10978 0.11326 0.11754 0.11396 0.11359 -0.12890 -0.28448 -0.26693 -0.24836 -0.28817 -0.31654 -0.33038 -0.16541 -0.17230 -0.08348 -0.14371 -0.10183 -0.06786 -0.07220 0.04648 0.11161 0.08976 -0.03924 -0.07452 -0.22679 -0.24509 -0.32989 -0.34307 -0.33779 -0.34279 -0.31311 -0.33729 -0.31489 -0.32684 -0.26730 -0.30277 -0.30018 -0.30552 -0.24662 -0.28012 -0.32597 -0.37144 -0.46723 -0.51710 -0.51990 -0.50616 -0.43572 -0.46153 -0.44171 -0.45725 -0.19520 -0.15818 -0.10337 -0.07187 -0.04761 -0.04574 -0.05769 -0.06021 -0.07245 -0.05453 -9999 -0.10862 -9999 -9999 -9999 -9999 -9999
-0.58303 -0.53564 -0.65108 -0.60953 -0.59135 -0.67466 -0.74617 -0.66649 0.14109 -0.76230 -0.71907 -0.46891 -0.48799 -0.53146 -0.66955 -0.53755 -0.42248 -0.41218 -0.33798 -0.35437 -0.40084 -0.33946 -0.25861 -0.27747 -0.43134 -0.24682 -0.07117 -0.12654 -0.17240 -0.23641 -0.31546 -0.29638 -0.35057 -0.34093 -0.37945 -0.33061 -0.38255 -0.39185 -0.39451 -0.40341 -0.38872 -0.42499 -0.45619 -0.47846 -0.48407 -0.49393 -0.50735 -0.53837 -0.60412 -0.62343 -0.59487 -0.59954 -0.53180 -0.53909 -0.54136 -0.51960 -0.46617 -0.47412 -0.52709 -0.51908 -0.48783 -0.45692 -0.38286 -0.37156 -0.34210 -0.37094 -0.39419 -9999 -9999 -9999 -9999 -9999 -9999
-0.31788 -0.53024 -0.47713 -0.41208 -0.39060 -0.34595 -0.40507 -0.36330 -0.38280 -0.50655 -0.43453 -0.29806 -0.35571 -0.32702 -0.36305 -0.33787 -0.31959 -0.37329 -0.24546 -0.27971 -0.35991 -0.38116 -0.37241 -0.32333 -0.46836 -0.37571 -0.23675 -0.33682 -0.23620 -0.19871 -0.21719 -0.24756 -0.29421 -0.30213 -0.35877 -0.34264 -0.31464 -0.35897 -0.37550 -0.37839 -0.36953 -0.41592 -0.45410 -0.47545 -0.45347 -0.47918 -0.51033 -0.53708 -0.60055 -0.61744 -0.59082 -0.60532 -0.48063 -0.47851 -0.47657 -0.45675 -0.49333 -0.49038 -0.54588 -0.53927 -0.53309 -0.52020 -0.48215 -0.47440 -0.40983 -0.43997 -0.43747 -0.43831 -9999 -9999 -9999 -9999 -9999
-0.55540 -0.45563 -0.45859 -0.44126 -0.27385 -0.26493 -0.35138 -0.31388 -0.31907 -0.38429 -0.53723 -0.58033 -0.75846 -0.68358 -0.42361 -0.43933 -0.50113 -0.35045 -0.25441 -0.30762 -0.33806 -0.36106 -0.39776 -0.40633 -0.40125 -0.37614 -0.36575 -0.40082 -0.37132 -0.32494 -0.34767 -0.36288 -0.33872 -0.31997 -0.28907 -0.27196 -0.32430 -0.34135 -0.31335 -0.32183 -0.29310 -0.35432 -0.41769 -0.44040 -0.43401 -0.48187 -0.52934 -0.56381 -0.60716 -0.61388 -0.61741 -0.59723 -0.42914 -0.41410 -0.40762 -0.39683 -0.55750 -0.55619 -0.62433 -0.62568 -0.58770 -0.54429 -0.51851 -0.51884 -0.46142 -0.45488 -0.45174 -0.44943 -0.43890 -0.43530 -0.41238 -0.39879 -9999
-0.17590 -0.21586 -0.22668 -0.20733 -0.23264 -0.27117 -0.36298 -0.41368 -0.45612 -0.57172 -0.76194 -0.70757 -0.82950 -0.74058 -0.19947 0.08837 0.09519 -0.14706 -0.24911 -0.37032 -0.40912 -0.36990 -0.32511 -0.34721 -0.39428 -0.46297 -0.48321 -0.45569 -0.35454 -0.36683 -0.43197 -0.47363 -0.41736 -0.39714 -0.33265 -0.31739 -0.36330 -0.32301 -0.30435 -0.34062 -0.31488 -0.34591 -0.38923 -0.41804 -0.47197 -0.49832 -0.53873 -0.53097 -0.54599 -0.57024 -0.52763 -0.55635 -0.34855 -0.37681 -0.44647 -0.36849 -0.52579 -0.52553 -0.58257 -0.59119 -0.48991 -0.44247 -0.47407 -0.51460 -0.47930 -0.46158 -0.42272 -0.42456 -0.42861 -0.41915 -0.39148 -0.40542 -0.33034
-0.87493 -0.89915 -0.79997 -1.01319 -0.39155 -0.38064 -0.14196 -0.03020 -0.53951 -0.61941 -0.91717 -0.75443 -0.47378 -0.48673 -0.04783 0.05578 0.09223 -0.13830 -0.19388 -0.35919 -0.35984 -0.33195 -0.32553 -0.34092 -0.29408 -0.30005 -0.31145 -0.37948 -0.32218 -0.39312 -0.42803 -0.38744 -0.36599 -0.37335 -0.35949 -0.32149 -0.33331 -0.26719 -0.23492 -0.27007 -0.28951 -0.34683 -0.39592 -0.38474 -0.44250 -0.46876 -0.43974 -0.43789 -0.45718 -0.47362 -0.45491 -0.45470 -0.46519 -0.33118 -0.31790 -0.47977 -0.49544 -0.51602 -0.55826 -0.54479 -0.46012 -0.47692 -0.52096 -0.53623 -0.54264 -0.53545 -0.52272 -0.51267 -0.49221 -0.50679 -0.48239 -0.45726 -0.41491
-0.97053 -1.17801 -1.14273 -1.25247 -1.28034 -1.18960 -0.28160 -0.92873 -0.72136 -0.48971 -0.61911 -0.65148 -0.51414 -0.47379 -0.15089 0.10673 -0.06240 -0.13817 -0.15016 -0.20784 -0.25539 -0.25791 -0.25877 -0.33731 -0.43353 -0.46123 -0.46483 -0.41894 -0.40392 -0.35221 -0.27909 -0.35844 -0.41426 -0.40294 -0.38129 -0.43643 -0.55812 -0.47999 -0.45262 -0.42772 -0.36823 -0.32000 -0.32110 -0.33125 -0.37538 -0.37126 -0.43495 -0.46208 -0.44866 -0.46126 -0.47444 -0.55807 -0.37380 -0.28504 -0.33050 -0.36274 -0.44320 -0.39724 -0.43588 -0.44191 -0.38855 -0.40690 -0.47035 -0.51187 -0.51808 -0.51916 -0.52598 -0.52574 -0.47752 -0.49093 -0.46613 -0.46005 -0.41057
-0.16450 -0.21670 -0.44336 -0.62338 -0.85289 -0.93061 -0.31345 -0.20809 -0.14298 -0.09740 0.17504 0.07030 0.07516 -0.09371 -0.09625 0.11013 0.10701 0.10111 0.08710 0.11857 0.08770 0.01780 -0.07764 -0.12791 -0.04730 -0.08921 -0.13052 -0.13908 -0.01595 -0.07284 -0.03054 -0.02919 -0.08983 -0.15443 -0.20055 -0.23219 -0.38663 -0.34941 -0.43115 -0.46310 -0.45026 -0.43509 -0.38396 -0.27375 -0.24611 -0.25470 -0.34662 -0.43362 -0.46738 -0.47716 -0.43867 -0.37079 -0.40440 -0.41520 -0.39926 -0.39231 -0.43716 -0.47099 -0.45282 -0.44735 -0.44135 -0.47139 -0.46042 -0.49598 -0.49061 -0.50733 -0.51301 -0.52313 -0.50631 -0.50565 -0.48238 -0.47837 -0.43962
-0.55515 -0.53631 -0.45615 -0.49769 -0.10592 -0.20042 -0.22401 -0.89200 -0.34374 -0.07488 0.11041 0.08832 0.37303 0.31751 0.41975 0.28931 0.50152 0.20031 0.10114 0.29321 0.24333 0.15689 0.02112 -0.08664 -0.15396 -0.19937 -0.08453 -0.04149 0.04593 0.01549 -0.03448 -0.09275 -0.14177 -0.29203 -0.23004 -0.33367 -0.49262 -0.51539 -0.49057 -0.52009 -0.52206 -0.53527 -0.58664 -0.46163 -0.41329 -0.31388 -0.34619 -0.33702 -0.44001 -0.40201 -0.41507 -0.39996 -0.41416 -0.40107 -0.39519 -0.38596 -0.45433 -0.47709 -0.49629 -0.46714 -0.41526 -0.41922 -0.44265 -0.41846 -0.44407 -0.43849 -0.47743 -0.49221 -0.49198 -0.49453 -0.48476 -0.49048 -0.44598
-0.99968 -1.04486 -0.97985 -0.95324 -0.73343 -0.80244 -0.24166 0.05049 0.07661 0.02722 0.09717 0.20690 0.24587 0.52021 0.23077 0.60092 0.61305 0.47137 0.43834 0.40604 0.19366 0.20641 0.07012 -0.00755 -0.25917 -0.24632 -0.20680 -0.13140 0.18235 0.06428 0.26485 0.06680 -0.02065 -0.24596 -0.29904 -0.36619 -0.35571 -0.42815 -0.41462 -0.44958 -0.46966 -0.45021 -0.47597 -0.43611 -0.42918 -0.32644 -0.39880 -0.32182 -0.39790 -0.40930 -0.40916 -0.41359 -0.46064 -0.43007 -0.47235 -0.44244 -0.45583 -0.47275 -0.49789 -0.52897 -0.46592 -0.44748 -0.47711 -0.49393 -0.50511 -0.49229 -0.49642 -0.51196 -0.51015 -0.51281 -0.48641 -0.49613 -0.45791
-0.93481 -0.97434 -0.86071 -1.00662 -0.74857 -0.72123 -0.77194 -0.66603 -0.38699 0.12915 0.31392 0.37115 -0.18859 0.02965 0.16082 0.23125 0.53497 0.42054 0.65612 0.53507 0.36890 0.21019 0.19661 0.07419 -0.15907 0.15072 0.23468 0.07932 0.29615 0.27602 0.35051 0.15437 0.15466 -0.10539 -0.25927 -0.46582 -0.38846 -0.43071 -0.47128 -0.46665 -0.51136 -0.50469 -0.53121 -0.48178 -0.56849 -0.46092 -0.41668 -0.33784 -0.34229 -0.35209 -0.43802 -0.40606 -0.40750 -0.43999 -0.46047 -0.42764 -0.44818 -0.48254 -0.53439 -0.54333 -0.49518 -0.46796 -0.43341 -0.46854 -0.48483 -0.50358 -0.50240 -0.48572 -0.47680 -0.50792 -0.47916 -0.50299 -0.46410
-0.23821 0.07959 0.22420 0.15242 0.32241 0.22601 0.50801 0.38109 0.65231 0.52656 0.57877 1.04927 0.08699 0.26984 0.24300 0.38434 0.71472 0.96026 1.10696 0.75498 0.87119 0.74128 0.56697 0.40750 0.10597 0.23404 0.25262 0.38571 0.44677 0.40142 0.32072 0.28011 0.19348 0.01420 0.08811 -0.17290 -0.23473 -0.28243 -0.31648 -0.32107 -0.38763 -0.37497 -0.35776 -0.37815 -0.49808 -0.41549 -0.46865 -0.28891 -0.34117 -0.25965 -0.35956 -0.35602 -0.40989 -0.43194 -0.47028 -0.46386 -0.47004 -0.47499 -0.50182 -0.50280 -0.51208 -0.49661 -0.52267 -0.52678 -0.53204 -0.54289 -0.54096 -0.50076 -0.50281 -0.51104 -0.47483 -0.48086 -0.41960
-0.31069 0.01915 0.43111 0.39752 0.63039 0.59600 0.00980 -0.48133 -0.06233 0.10069 -0.05126 0.32199 -0.07201 0.11146 0.12517 0.11066 0.57209 0.88632 0.74607 0.77738 0.53267 0.76155 0.62485 0.45341 0.17566 0.27580 0.03375 0.22577 0.41615 0.17556 0.09549 0.05997 -0.01055 -0.07583 -0.04277 -0.11304 -0.19083 -0.28505 -0.30980 -0.39729 -0.40666 -0.42284 -0.45594 -0.42690 -0.53550 -0.48133 -0.58472 -0.30907 -0.29632 -0.19610 -0.29247 -0.28208 -0.40145 -0.40033 -0.43136 -0.46144 -0.48759 -0.47356 -0.46323 -0.39681 -0.42153 -0.45243 -0.46772 -0.52763 -0.55694 -0.57147 -0.50355 -0.54267 -0.51069 -0.50024 -0.45922 -0.48408 -0.35060
0.56287 0.55591 0.98467 1.22339 1.72901 1.57768 1.94172 1.89894 1.58675 1.63307 1.05076 1.03362 0.51451 0.69234 0.45592 0.51239 0.65100 0.63210 0.67163 0.82019 0.52673 0.48432 0.10314 0.31832 0.16750 0.33811 0.09316 0.07454 -0.04456 -0.23441 -0.09107 -0.11186 0.07781 -0.17170 -0.11296 -0.21281 0.09008 -0.21322 -0.30551 -0.31936 -0.21719 0.01720 -0.09090 -0.02906 -0.43684 -0.45419 -0.68418 -0.39485 -0.20481 -0.28031 -0.33496 -0.28094 -0.27166 -0.28456 -0.30170 -0.34101 -0.48450 -0.52101 -0.52642 -0.49780 -0.39964 -0.38484 -0.40735 -0.51916 -0.56318 -0.62020 -0.53443 -0.62480 -0.56404 -0.55032 -0.57341 -0.53968 -0.55405
-9999 0.30290 0.78528 0.82697 1.24835 1.36419 1.89801 1.82781 2.01189 1.96349 1.44739 1.31786 0.14004 0.17572 -0.21799 -0.02916 -0.13259 0.26007 0.29057 0.25676 0.04146 0.18465 -0.26335 -0.22388 -0.40655 -0.27551 0.07998 -0.13170 -0.28047 -0.20730 -0.25081 -0.15563 -0.27522 -0.36172 -0.41120 -0.31980 0.06264 0.16932 -0.06940 0.04492 0.08691 0.15121 0.08074 0.22768 -0.35750 -0.33180 -0.57950 -0.48718 -0.22955 -0.21539 -0.25942 -0.27872 -0.33087 -0.31103 -0.35103 -0.34223 -0.47081 -0.49051 -0.49056 -0.47301 -0.39946 -0.37150 -0.46196 -0.52017 -0.52557 -0.65504 -0.62252 -0.63310 -0.37451 -0.59009 -0.53377 -0.55028 -0.56476
