data/hydroclimate-scenarios/1948-2000.Pcorr55N_Pref_Tref/monthly_summaries/et_monthly_tot_oct.asc
ncols	311
nrows	91
xllcenter	102.75
yllcenter	31.75
cellsize	0.5
NODATA_value	-9999
[rows 32 to 63 of 91, columns 0 to 71 of 311]
-9999 -9999 -9999 -9999 -9999 -9999 -9999 -9999 -9999 -9999 -9999 2.74864 2.58090 2.57705 2.61064 2.61405 2.26651 2.29408 2.50302 2.31207 2.31211 2.21391 2.38607 2.40689 2.54832 2.10096 1.94223 2.09301 2.20581 2.16513 2.12258 1.89868 1.97109 1.69011 1.51676 1.76583 1.59027 1.56931 1.37193 1.33348 1.23000 1.50791 1.48003 1.46872 1.27629 1.40782 1.32776 1.10819 1.10863 1.09419 1.14447 0.89670 0.93902 0.87242 0.91739 0.77887 0.77894 0.91739 0.86243 1.06522 1.04770 0.86966 0.82172 0.85606 0.85207 0.90836 0.72904 0.46228 0.32378 0.32429 0.29059 0.46707
-9999 -9999 -9999 -9999 -9999 -9999 -9999 -9999 -9999 -9999 -9999 2.99568 2.85803 2.80188 2.63437 2.75642 2.68386 2.81551 2.71293 2.67179 2.66349 2.52334 2.66781 2.65467 2.45627 1.80180 1.88602 2.04744 2.31371 2.62121 2.16923 2.19028 2.20978 1.99231 2.06512 2.01236 2.02793 1.81327 1.72167 1.47085 1.46874 1.53378 1.55578 1.68621 1.42090 1.42835 1.32778 1.14236 1.08728 0.96416 1.00240 0.96515 0.96128 0.88288 0.92416 0.89153 0.84155 0.99515 0.92994 1.21549 1.19613 1.02536 1.12015 1.21952 1.21399 0.91116 0.81867 0.56976 0.44403 0.36445 0.34662 0.54206
-9999 -9999 -9999 -9999 -9999 -9999 -9999 -9999 -9999 -9999 -9999 -9999 3.14402 3.35726 3.09020 3.17207 3.11677 3.27968 3.35609 3.32493 3.43088 2.95127 2.63338 2.18585 2.09087 1.50857 1.65808 1.59375 2.02444 1.96221 2.12539 2.62415 2.44135 2.48170 2.29402 1.95793 1.90302 2.14561 1.84129 1.53142 1.37528 1.48047 1.35124 1.77497 1.60942 1.70258 1.72010 2.10437 2.06703 1.72315 1.75945 1.12490 1.28681 1.08048 0.87117 0.85734 0.94236 1.01352 1.10278 1.16497 1.14528 1.31110 1.35845 1.29078 1.35478 1.37354 1.24456 1.15844 0.88037 1.00683 1.02123 1.12311
-9999 -9999 -9999 -9999 -9999 -9999 -9999 -9999 -9999 -9999 -9999 -9999 3.24385 3.51943 3.36788 3.52222 3.68044 3.73766 3.54360 3.54624 3.47593 2.28968 2.15528 1.63991 1.46287 1.51003 1.71448 1.76031 1.98946 1.89573 2.03544 2.36117 2.67526 2.70278 2.76130 2.53931 2.26741 2.44789 2.26105 1.95969 1.68928 1.78923 1.69497 1.82323 1.98699 2.25054 2.39986 2.67487 2.40804 1.71255 1.64455 1.21879 1.26145 1.01031 1.12470 0.97655 1.10524 1.34588 1.55269 1.64392 1.45404 1.36979 1.21830 1.25911 1.44108 1.51291 1.32383 1.30615 1.16726 1.25917 1.20355 1.24528
-9999 -9999 -9999 -9999 -9999 -9999 -9999 -9999 -9999 -9999 -9999 -9999 3.48058 3.81365 3.74503 3.96058 3.72153 3.60261 3.26209 2.82292 2.78792 2.03872 1.85868 1.65560 1.76299 1.53962 1.77131 1.93569 2.01745 1.99006 2.32637 2.66954 2.66267 2.29572 2.60917 2.71227 2.52340 2.41373 2.29018 2.03867 1.53739 1.49649 1.55032 1.94341 2.03462 2.12825 2.01512 1.98551 2.20392 2.14241 2.10732 1.77596 1.68678 1.41142 1.77418 1.88936 1.89537 1.74848 1.82367 1.92607 1.80507 1.33130 1.29297 1.79214 1.74848 1.74882 1.75252 2.15169 2.01895 2.13617 2.08305 2.70215
-9999 -9999 -9999 3.92281 4.17310 4.08930 4.14519 4.27834 4.16158 -9999 4.19476 4.31604 4.33608 4.34650 4.30687 4.20707 3.98402 3.77475 3.44145 2.92730 2.85118 2.47287 2.14481 2.07079 2.10193 1.95337 2.28693 1.99360 2.16736 1.85366 2.26535 2.73837 2.50060 2.01463 2.29444 2.37385 2.12798 2.12118 2.05141 2.24033 1.97928 1.85418 1.89587 2.13146 1.64273 1.41197 1.01400 1.74055 1.84936 1.89373 1.83621 1.54236 1.45586 1.13293 1.26708 1.25378 1.28640 1.58311 1.44700 1.80794 1.89182 1.41508 1.36332 1.80676 1.94187 2.01526 1.89580 2.24136 2.23056 2.19522 2.13392 2.90984
-9999 -9999 -9999 4.38350 4.35945 4.37723 3.97052 3.82641 3.84174 3.72591 4.35027 4.86133 4.51447 4.10233 3.83613 3.45187 3.13743 2.94728 2.80586 2.72030 2.67321 2.43840 2.63193 2.43904 2.27964 2.25377 2.27175 2.03086 2.09960 1.98319 2.08782 2.18762 2.15594 1.84170 1.78835 2.21513 2.14516 1.83662 1.89288 1.63661 1.48135 1.71508 1.89619 1.71625 1.25808 0.85464 0.86134 1.54979 1.33085 1.22802 1.21903 1.06732 1.12092 1.22790 1.55044 1.43203 1.54664 1.64535 1.43483 1.58023 1.62228 1.81280 1.78091 2.15380 2.11703 2.51960 2.51824 3.02238 2.84167 3.92500 3.64149 5.46993
-9999 -9999 -9999 4.73041 4.74807 4.28969 4.35317 4.21966 4.53859 5.01162 4.74662 5.04629 4.31358 3.48373 2.76976 2.98777 3.06152 2.87751 2.96498 3.10444 2.86793 2.54762 2.70379 2.30195 2.21816 2.36064 2.45653 2.28982 2.55403 2.25880 2.37697 2.40093 2.35654 2.10978 2.08696 2.39783 2.33371 2.28112 2.17356 1.88241 1.78624 1.74699 1.87078 2.17053 2.11788 1.39341 1.36858 1.48097 1.52303 1.30871 1.27121 1.30567 1.40219 1.56177 1.71978 1.61231 1.76848 1.92578 1.69034 1.76140 1.92497 2.08139 2.21197 2.26009 2.44025 2.71152 2.66709 2.98792 2.82685 3.89817 4.00801 5.48271
-9999 -9999 -9999 4.66752 5.09652 4.12130 4.39586 4.11807 3.76635 3.73404 4.14888 4.45716 3.03488 2.91492 2.65617 2.59036 2.45189 2.39065 2.49072 2.68284 2.35634 2.00957 2.03760 1.98169 2.14351 2.24233 2.40312 2.45316 2.54622 2.52096 2.32418 2.42677 2.28947 2.49795 2.43122 2.30192 2.28772 2.46843 2.21142 2.16766 1.89818 1.59060 1.40950 1.68321 2.17081 1.65885 1.56385 1.54391 1.32213 1.52487 1.48221 1.54093 1.57723 1.69812 1.73462 1.86229 1.84842 1.83265 1.85596 2.05574 1.80997 2.29535 2.33379 2.43961 2.36572 3.06694 2.99060 3.66031 3.65866 5.14613 5.21643 7.64806
-9999 -9999 -9999 5.22658 5.60520 4.45760 4.46223 4.22225 3.71398 4.00883 4.75331 4.04726 3.02802 2.84986 2.62243 2.66024 2.64673 2.62248 2.70994 3.29378 2.89979 2.41302 2.37464 2.63426 2.78703 2.74958 3.08167 2.80468 2.71522 2.45812 2.64276 2.60993 2.61290 2.70832 2.65198 2.70408 2.65259 2.62307 2.65750 2.53132 2.20282 2.09436 1.84250 1.95862 2.06932 2.02659 1.99666 1.72131 1.70567 1.76437 1.72629 2.07285 1.89087 1.83650 2.05714 1.98254 2.12402 2.15791 2.01896 2.09442 2.14961 2.34723 2.36115 2.57188 2.49468 3.21698 3.19041 3.73332 3.80452 5.60564 7.02660 -9999
-9999 -9999 -9999 -9999 4.35852 3.81269 4.15192 3.78400 3.49439 3.83562 4.89697 4.12491 2.31221 2.99338 -9999 -9999 -9999 -9999 -9999 2.65062 2.72001 2.65253 2.57028 2.36120 2.49946 2.52199 3.15604 2.94124 2.88363 2.78940 2.75427 2.79661 2.86544 3.10501 3.14287 3.20729 3.07867 3.13694 3.02737 3.05647 3.03724 3.03392 2.69777 2.53893 2.57505 2.69593 2.58692 2.03209 2.17229 2.56683 2.37467 2.42369 2.56730 2.55460 2.53402 2.45032 2.30291 2.64760 2.64000 2.23935 2.13938 2.39234 2.35877 2.80921 2.80871 3.23592 3.34715 4.72149 5.33110 -9999 -9999 -9999
-9999 -9999 5.95962 4.86913 4.63336 4.60705 4.40910 3.69791 4.22724 4.13558 5.11194 3.96012 2.59155 -9999 -9999 -9999 -9999 -9999 2.63717 2.97982 3.06657 3.00145 2.99749 2.79251 2.93566 2.89212 3.42496 3.51019 3.41006 3.26935 3.12013 3.04686 3.04347 3.23352 3.34476 3.62092 3.43121 3.46295 3.37756 3.47428 3.23613 3.43265 3.11642 3.42047 3.53838 3.47960 3.30092 2.98873 3.36351 3.92863 3.72036 3.60083 3.37797 3.85673 3.00526 3.23664 2.70304 2.74077 2.77952 2.70256 2.58953 2.79141 2.86360 3.00870 3.25401 4.01486 4.72937 -9999 -9999 -9999 -9999 -9999
-9999 -9999 5.51494 5.35925 5.45703 4.98217 4.97022 3.66551 3.69002 4.49685 4.00664 3.60288 3.48754 -9999 -9999 -9999 -9999 2.76947 2.52996 2.80094 2.83413 2.86825 2.80533 3.14807 3.49224 3.72503 3.60232 3.42400 3.66224 3.85642 3.68894 3.17682 3.45821 3.55279 3.39018 4.01835 4.10819 3.90503 3.57270 3.22474 3.28404 3.37663 3.26787 3.44182 3.26836 3.48545 3.80213 3.27935 4.50717 4.12571 4.16157 4.73529 4.80778 4.61141 4.22267 5.01034 4.34241 3.03816 2.88190 3.21671 3.43401 2.74693 3.24011 4.39237 5.43021 -9999 -9999 -9999 -9999 -9999 9.61013 -9999
-9999 -9999 6.68294 5.64028 5.62123 5.16472 5.09606 4.29450 4.03247 4.24009 3.50216 3.49551 6.17155 -9999 -9999 -9999 -9999 2.68936 2.72907 2.95109 3.04998 3.26956 3.50735 4.01930 3.95500 4.06541 3.57351 3.89442 3.85821 3.87281 3.76903 3.62315 3.61149 3.54827 3.86725 4.15933 4.05952 3.83638 3.71344 3.69458 3.61416 4.01201 4.11951 3.81853 3.93651 3.72321 3.79470 3.58629 4.21832 4.56188 5.67538 5.31621 5.09223 4.90541 4.71315 6.27108 5.80851 4.59439 4.77043 5.04151 6.14821 6.27866 6.29966 5.33951 4.18011 4.91103 7.54224 6.10986 8.69861 -9999 -9999 -9999
-9999 -9999 -9999 6.26177 5.49484 5.02589 4.91904 4.52566 4.32668 3.68238 4.33124 6.04726 -9999 -9999 -9999 -9999 2.90657 2.99502 3.31658 3.44003 3.54556 3.88958 3.93792 4.07484 3.95655 3.96956 3.78661 3.81003 4.13298 3.66141 3.68005 3.89633 4.21454 4.11507 4.03259 4.32878 4.46731 5.05861 4.89621 5.21988 4.73095 4.92778 4.76466 4.85298 5.44250 4.95377 5.45598 5.92490 5.29694 5.59201 5.09895 5.52743 6.01501 5.16446 4.47523 4.89916 4.99662 4.13290 4.36714 5.58199 5.32317 5.29114 3.85796 2.84529 2.88204 3.69319 6.01462 6.35859 8.42878 9.26622 -9999 -9999
-9999 -9999 -9999 -9999 6.62972 5.55772 5.06428 4.93663 4.35921 5.61636 6.89983 -9999 -9999 -9999 -9999 3.50564 3.12792 3.70616 4.15062 4.02541 4.35835 4.57456 4.48976 4.10803 4.06653 4.31170 4.11315 4.33538 4.17308 4.43254 4.11825 4.38283 4.52056 4.49302 4.26920 4.60159 4.80790 5.59840 5.65100 5.69613 5.04417 5.38620 5.51789 5.59885 6.43322 6.29779 6.31857 6.25821 6.32792 6.70033 6.61252 6.27203 5.98448 6.35797 6.12740 6.77552 7.18221 5.39877 5.11383 6.08903 4.59846 3.66138 3.57251 3.67590 3.16214 4.09851 6.85047 8.49993 7.86820 9.90288 10.58340 12.34430
-9999 -9999 -9999 -9999 -9999 -9999 6.30691 5.95968 6.72921 7.43620 5.89813 -9999 -9999 -9999 -9999 -9999 3.78779 4.04244 4.35314 4.31800 4.47727 6.37613 4.60698 4.70101 4.64590 4.92286 5.12685 4.70590 4.96095 4.88873 4.66956 4.85530 5.30112 4.60921 5.00079 5.88279 5.65150 5.23805 5.82654 5.90090 5.59287 4.98162 4.90407 5.34354 5.43393 6.42010 6.89594 6.66428 6.61952 6.70605 6.25029 6.17145 6.35951 7.49590 7.26682 6.89099 6.62911 6.32535 5.60402 5.28766 4.09089 3.61729 3.40728 3.24553 3.06597 3.78609 6.19660 9.15752 8.41810 8.94700 9.02045 10.76990
-9999 -9999 -9999 -9999 -9999 -9999 -9999 -9999 -9999 -9999 -9999 -9999 -9999 -9999 -9999 -9999 -9999 -9999 -9999 4.84923 4.92196 6.04202 5.40893 5.20858 5.13528 5.05843 4.75317 4.98370 5.03924 5.13341 5.30859 5.81265 5.27365 5.34616 5.48999 6.12441 6.48946 5.84409 5.89332 5.69636 5.58456 5.49566 5.74608 6.04342 6.07589 7.04657 7.74425 7.26314 7.40296 7.19518 7.18136 7.57145 7.63550 8.42814 8.80294 8.52836 7.55121 6.66235 6.07204 5.73560 4.03197 4.12348 3.77122 3.41455 3.42252 5.43239 8.69037 10.36000 10.52140 8.84582 8.57064 11.12460
-9999 -9999 -9999 -9999 -9999 -9999 -9999 -9999 -9999 -9999 -9999 -9999 -9999 -9999 -9999 -9999 -9999 -9999 5.44182 5.66158 6.01690 6.37700 6.27400 6.30176 6.54290 5.90546 5.71321 6.24739 6.28997 5.67092 5.78371 5.57599 5.48851 5.94209 6.28181 6.25233 6.14343 6.59959 5.84356 5.53642 5.50345 5.56703 5.46510 5.61292 5.82353 6.01134 7.22482 8.09629 8.19580 8.65453 9.27487 8.16403 7.51206 7.99393 8.33591 9.87561 9.37391 6.92019 5.51213 6.03367 6.43720 6.15698 5.03518 4.22997 4.07375 6.58984 8.36510 9.92177 10.73390 11.85840 11.80960 8.27253
-9999 -9999 -9999 -9999 -9999 -9999 -9999 -9999 -9999 -9999 -9999 -9999 -9999 -9999 -9999 -9999 -9999 6.12491 6.03622 6.69343 6.48837 6.74276 6.62305 6.53906 5.78976 4.97275 5.35537 6.18915 5.85914 5.68189 5.76372 5.96984 6.18407 6.68932 7.28436 6.26622 5.74910 6.34332 6.53382 6.10300 5.98588 6.29492 5.90141 6.39806 6.93813 7.00224 7.10916 7.53981 8.54924 8.14313 9.35088 7.13014 6.47547 9.31122 9.28762 10.64330 9.42778 7.93725 6.80063 7.40596 8.00788 7.34747 4.22541 4.08730 6.88238 8.42247 9.02345 9.27929 11.41770 13.31730 10.81760 11.94550
-9999 -9999 -9999 -9999 -9999 -9999 -9999 -9999 -9999 -9999 -9999 -9999 -9999 -9999 -9999 -9999 -9999 6.40245 6.50825 6.04457 6.87066 7.10524 6.94358 6.95859 6.37516 5.54960 5.45149 5.82815 6.29613 6.03177 6.26142 5.44305 5.71658 6.44335 6.70383 7.16051 6.74394 6.97423 6.37046 5.54209 5.77721 6.96165 7.07206 7.49968 6.61142 7.55878 9.60872 8.80609 9.71268 10.27120 9.81766 6.68271 6.84788 9.53925 10.38570 10.93190 8.08238 8.94664 9.29711 9.45281 8.33574 6.58407 6.30018 5.97656 4.75893 5.61517 9.48661 8.50861 11.88630 14.09990 12.59520 9.94592
-9999 -9999 -9999 -9999 -9999 -9999 -9999 -9999 -9999 -9999 -9999 -9999 -9999 -9999 -9999 -9999 5.91616 5.68318 5.58581 5.97894 6.98198 7.85997 7.23140 7.75593 8.20824 7.38976 6.41112 5.94707 6.26985 6.31810 6.51784 6.26763 6.66803 7.11852 7.09661 7.08472 7.23545 7.14937 6.66275 6.44732 7.03921 8.12725 7.94726 8.83893 9.60762 10.78150 12.07010 9.61849 10.37890 10.57730 8.83013 7.93336 8.08533 8.94058 10.08160 11.96630 11.90920 11.10190 11.13930 8.89539 9.15032 8.98114 7.24819 5.19205 6.85103 7.85653 9.23275 11.62830 13.10930 14.60660 12.80890 11.53620
-9999 -9999 -9999 -9999 -9999 -9999 -9999 -9999 -9999 -9999 -9999 -9999 -9999 5.78886 5.31348 6.09136 5.88035 5.03283 5.36135 6.83701 6.79169 6.47865 7.28351 8.35307 7.64306 7.47562 7.69114 7.63479 7.74176 8.23422 7.55647 6.34558 7.24461 8.56517 7.20801 6.65208 7.50389 6.43513 7.03503 7.88639 8.21330 9.35060 9.85735 10.72660 9.65730 10.22760 10.79980 11.30460 11.71350 9.79099 7.92312 7.63650 7.00458 8.53814 10.31230 13.61770 14.03840 13.19740 12.82790 12.45840 12.10410 12.14110 10.69250 11.68800 13.10310 13.38090 12.94150 14.95930 15.38070 16.75850 14.12320 11.92590
-9999 -9999 -9999 -9999 -9999 -9999 -9999 -9999 -9999 -9999 -9999 -9999 5.93036 5.62893 5.30030 6.01866 5.98504 5.74616 5.60842 7.92895 6.89192 6.21356 6.88365 7.14865 7.29501 7.91367 8.19780 9.39372 8.81378 8.88260 9.19824 8.37933 7.85451 8.33487 7.71324 6.22552 6.27850 6.62871 7.59890 8.56857 8.91757 10.03640 10.10200 9.48071 9.20444 10.13910 9.01663 11.55300 12.35180 12.00360 10.60470 10.24250 10.41330 13.41060 12.51550 14.55530 15.62580 13.33010 11.66380 12.32800 11.88460 13.44350 13.59820 13.00780 14.11820 13.23750 13.73720 16.65060 17.57110 15.98730 12.53250 13.97240
-9999 -9999 -9999 -9999 -9999 -9999 -9999 -9999 -9999 -9999 -9999 5.24416 5.32243 5.37923 6.13342 6.36377 6.35116 6.19160 6.57195 7.01406 6.49017 8.16541 8.36707 9.23238 8.88524 8.36058 8.05805 9.27400 9.74084 9.63049 9.70528 10.18610 9.34365 8.64667 8.21326 7.01741 8.22210 7.45257 8.24585 9.16963 10.27450 9.88027 10.94560 10.28040 10.38840 10.54040 10.22140 10.54990 9.64182 13.18880 14.20190 13.19170 13.14290 13.99090 14.93750 12.71160 15.61760 14.82240 15.94300 14.86650 15.44180 15.34430 14.81750 14.10060 12.76160 13.61000 18.13240 20.20980 18.33510 15.64070 11.23400 11.11740
-9999 -9999 -9999 -9999 -9999 -9999 -9999 -9999 -9999 -9999 5.52497 5.43761 5.84025 6.01524 6.69822 6.69343 7.29756 7.79049 7.50814 7.66573 7.67120 8.53021 8.59016 9.00753 9.25820 8.58057 8.85369 9.87627 10.49040 10.52500 10.26670 10.90060 8.08750 8.01936 9.20727 7.86570 9.18523 8.97895 9.84660 10.08220 10.95240 11.49220 13.44990 12.59460 13.46720 13.80790 13.26010 12.65420 10.84480 12.95090 15.07470 14.00500 14.28350 15.41840 15.66080 15.10940 14.85860 15.12270 16.64650 13.28920 13.24600 13.06350 11.33180 12.33370 14.79340 18.06840 19.22300 20.60800 18.38820 14.05280 11.52560 14.74520
-9999 -9999 -9999 -9999 -9999 -9999 -9999 -9999 -9999 7.29765 6.93530 6.83748 6.97264 6.71991 6.90936 7.68982 7.81822 8.79889 9.18496 8.98704 9.06630 9.18240 9.25821 9.45430 9.50663 10.09840 10.61890 10.75600 10.80460 11.63020 11.63370 9.84691 8.83601 7.36091 6.69494 8.57969 9.15449 11.00160 11.36920 12.23340 13.71900 13.99740 10.95590 11.65370 12.98780 14.55980 15.95450 13.12840 11.72220 13.93080 15.67060 13.85790 13.76590 10.56480 10.96580 16.06670 14.23940 11.59380 12.04330 10.44510 11.55140 9.88341 13.05230 14.63530 18.70700 20.87610 21.81180 19.66090 17.84380 16.71270 17.38760 19.03860
-9999 -9999 -9999 -9999 -9999 -9999 -9999 -9999 -9999 -9999 7.08018 7.11405 6.98126 7.09639 7.55214 7.37549 7.43615 8.38143 8.48030 8.35445 8.40705 9.05412 9.18345 -9999 -9999 -9999 -9999 -9999 -9999 11.78640 11.36530 9.17976 7.52869 6.67153 7.23803 9.40860 10.03460 11.86880 12.07280 13.09330 14.99430 13.30100 12.99750 13.52880 14.75900 15.12410 14.54510 13.92810 14.36020 16.06200 16.32140 16.54890 14.44540 11.90180 11.20110 16.26110 13.61820 13.18900 14.95400 15.42200 14.17770 13.81790 14.70420 16.46320 18.87300 21.82600 20.70130 18.90120 13.09790 15.09940 14.95770 20.29500
-9999 -9999 -9999 -9999 -9999 -9999 -9999 -9999 -9999 -9999 -9999 -9999 7.07141 7.32928 7.14766 7.39567 7.55402 8.39475 8.44823 -9999 -9999 -9999 -9999 -9999 -9999 -9999 -9999 -9999 -9999 -9999 -9999 -9999 -9999 7.13813 7.61395 9.62514 10.37940 11.38810 11.82920 14.10240 15.03160 13.14780 14.41260 15.24660 14.78290 14.61780 13.39050 15.01490 15.97620 16.96690 17.89350 14.70930 14.14800 15.37690 13.50200 16.46380 16.22920 17.18290 19.84190 19.17050 17.24330 19.77560 19.94770 19.58870 22.71360 24.70270 22.49190 20.55850 18.85970 22.44770 22.19620 25.43900
-9999 -9999 -9999 -9999 -9999 -9999 -9999 -9999 -9999 -9999 -9999 -9999 -9999 -9999 -9999 -9999 -9999 -9999 -9999 -9999 -9999 -9999 -9999 -9999 -9999 -9999 -9999 -9999 -9999 -9999 -9999 -9999 -9999 -9999 6.38378 7.68562 10.15390 10.38590 10.82710 13.74070 16.42730 14.42760 13.97280 13.99510 14.78640 15.95480 14.70040 16.47240 14.97630 15.11430 16.32500 16.13380 15.18510 14.60910 11.34380 14.41350 16.77250 18.71520 18.09380 15.32460 17.90390 19.29440 21.10410 22.29920 24.28140 25.88750 23.42330 20.81160 17.49070 22.08400 25.10260 -9999
-9999 -9999 -9999 -9999 -9999 -9999 -9999 -9999 -9999 -9999 -9999 -9999 -9999 -9999 -9999 -9999 -9999 -9999 -9999 -9999 -9999 -9999 -9999 -9999 -9999 -9999 -9999 -9999 -9999 -9999 -9999 -9999 -9999 -9999 7.54982 9.52438 10.00290 9.68967 10.22650 13.58780 14.44800 14.56690 15.14910 12.98420 14.57290 13.77980 13.66390 13.39910 11.98820 13.17130 12.75570 15.60510 12.37990 15.11870 13.70520 17.27760 16.37860 19.29800 17.26880 17.90300 15.42460 13.81960 18.84200 23.06900 26.40320 23.87750 24.15610 24.69920 21.32500 27.87180 -9999 -9999
-9999 -9999 -9999 -9999 -9999 -9999 -9999 -9999 -9999 -9999 -9999 -9999 -9999 -9999 -9999 -9999 -9999 -9999 -9999 -9999 -9999 -9999 -9999 -9999 -9999 -9999 -9999 -9999 -9999 -9999 -9999 -9999 -9999 -9999 -9999 -9999 -9999 -9999 10.25700 12.82030 12.71520 15.33250 18.08280 15.17820 12.27230 13.62380 13.80520 15.17330 12.05980 17.00790 19.30170 14.20960 18.99760 17.00270 15.88310 17.52980 19.48200 18.35500 14.80360 15.45000 19.41140 13.83610 21.38460 26.07800 23.65340 24.12850 23.11850 27.17360 30.09350 -9999 -9999 -9999
