data/hydroclimate-scenarios/1948-2000.Pcorr55N_Pref_Tref/monthly_summaries/et_monthly_tot_sep.1950-2000.asc
ncols	311
nrows	91
xllcenter	102.75
yllcenter	31.75
cellsize	0.5
NODATA_value	-9999
[rows 0 to 31 of 91, columns 0 to 70 of 311]
-9999 -9999 -9999 -9999 -9999 -9999 -9999 -9999 -9999 -9999 -9999 -9999 -9999 -9999 -9999 -9999 -9999 -9999 -9999 -9999 -9999 -9999 -9999 -9999 -9999 -9999 -9999 -9999 -9999 -9999 -9999 -9999 -9999 -9999 -9999 -9999 -9999 -9999 -9999 -9999 -9999 -9999 -9999 -9999 -9999 -9999 -9999 -9999 -9999 -9999 -9999 -9999 -9999 -9999 -9999 -9999 -9999 -9999 -9999 -9999 -9999 -9999 -9999 -9999 -9999 -9999 -9999 -9999 -9999 -9999 -9999
-9999 -9999 -9999 -9999 -9999 -9999 -9999 -9999 -9999 -9999 -9999 -9999 -9999 -9999 -9999 -9999 -9999 -9999 -9999 -9999 -9999 -9999 -9999 -9999 -9999 -9999 -9999 -9999 -9999 -9999 -9999 -9999 -9999 -9999 -9999 -9999 -9999 -9999 -9999 -9999 -9999 -9999 -9999 -9999 -9999 -9999 -9999 -9999 -9999 -9999 -9999 -9999 -9999 -9999 -9999 -9999 -9999 -9999 -9999 -9999 -9999 -9999 -9999 -9999 -9999 -9999 -9999 -9999 -9999 -9999 -9999
-9999 -9999 -9999 -9999 -9999 -9999 -9999 -9999 -9999 -9999 -9999 -9999 -9999 -9999 -9999 -9999 -9999 -9999 -9999 -9999 -9999 -9999 -9999 -9999 -9999 -9999 -9999 -9999 -9999 -9999 -9999 -9999 -9999 -9999 -9999 -9999 -9999 -9999 -9999 -9999 -9999 -9999 -9999 -9999 -9999 -9999 -9999 -9999 -9999 -9999 -9999 -9999 -9999 -9999 -9999 -9999 -9999 -9999 -9999 -9999 -9999 -9999 -9999 -9999 -9999 -9999 -9999 -9999 -9999 -9999 -9999
-9999 -9999 -9999 -9999 -9999 -9999 -9999 -9999 -9999 -9999 -9999 -9999 -9999 -9999 -9999 -9999 -9999 -9999 -9999 -9999 -9999 -9999 -9999 -9999 -9999 -9999 -9999 -9999 -9999 -9999 -9999 -9999 -9999 -9999 -9999 -9999 -9999 -9999 -9999 -9999 -9999 -9999 -9999 -9999 -9999 -9999 -9999 -9999 -9999 -9999 -9999 -9999 -9999 -9999 -9999 -9999 -9999 -9999 -9999 -9999 -9999 -9999 -9999 -9999 -9999 -9999 -9999 -9999 -9999 -9999 -9999
-9999 -9999 -9999 -9999 -9999 -9999 -9999 -9999 -9999 -9999 -9999 -9999 -9999 -9999 -9999 -9999 -9999 -9999 -9999 -9999 -9999 -9999 -9999 -9999 -9999 -9999 -9999 -9999 -9999 -9999 -9999 -9999 -9999 -9999 -9999 -9999 -9999 -9999 -9999 -9999 -9999 -9999 -9999 -9999 -9999 -9999 -9999 -9999 -9999 -9999 -9999 -9999 -9999 -9999 -9999 -9999 -9999 -9999 -9999 -9999 -9999 -9999 -9999 -9999 -9999 -9999 -9999 -9999 -9999 -9999 -9999
-9999 -9999 -9999 -9999 -9999 -9999 -9999 -9999 -9999 -9999 -9999 -9999 -9999 -9999 -9999 -9999 -9999 -9999 -9999 -9999 -9999 -9999 -9999 -9999 -9999 -9999 -9999 -9999 -9999 -9999 -9999 -9999 -9999 -9999 -9999 -9999 -9999 -9999 -9999 -9999 -9999 -9999 -9999 -9999 -9999 -9999 -9999 -9999 -9999 -9999 -9999 -9999 -9999 -9999 -9999 -9999 -9999 -9999 -9999 -9999 -9999 -9999 -9999 -9999 -9999 -9999 -9999 -9999 -9999 -9999 -9999
-9999 -9999 -9999 -9999 -9999 -9999 -9999 -9999 -9999 -9999 -9999 -9999 -9999 -9999 -9999 -9999 -9999 -9999 -9999 -9999 -9999 -9999 -9999 -9999 -9999 -9999 -9999 -9999 -9999 -9999 -9999 -9999 -9999 -9999 -9999 -9999 -9999 -9999 -9999 -9999 -9999 -9999 -9999 -9999 -9999 -9999 -9999 -9999 -9999 -9999 -9999 -9999 -9999 -9999 -9999 -9999 -9999 -9999 -9999 -9999 -9999 -9999 -9999 -9999 -9999 -9999 -9999 -9999 -9999 -9999 -9999
-9999 -9999 -9999 -9999 -9999 -9999 -9999 -9999 -9999 -9999 -9999 -9999 -9999 -9999 -9999 -9999 -9999 -9999 -9999 -9999 -9999 -9999 -9999 -9999 -9999 -9999 -9999 -9999 -9999 -9999 -9999 -9999 -9999 -9999 -9999 -9999 -9999 -9999 -9999 -9999 -9999 -9999 6.54303 6.24671 6.18290 6.41238 6.61745 7.24037 7.29152 7.74156 7.83444 6.35635 -9999 -9999 -9999 -9999 -9999 -9999 -9999 -9999 -9999 -9999 -9999 -9999 -9999 -9999 -9999 -9999 -9999 -9999 -9999
-9999 -9999 -9999 -9999 -9999 -9999 -9999 -9999 -9999 -9999 -9999 -9999 -9999 -9999 -9999 -9999 -9999 -9999 -9999 -9999 -9999 -9999 -9999 -9999 -9999 -9999 -9999 -9999 -9999 -9999 -9999 -9999 -9999 -9999 -9999 -9999 -9999 -9999 6.46180 5.54412 5.84598 5.71519 5.52766 6.26219 6.33057 6.32551 6.51685 6.77887 6.71168 7.05326 7.04215 7.01723 7.19454 7.53547 -9999 -9999 -9999 -9999 -9999 -9999 -9999 -9999 -9999 -9999 -9999 -9999 -9999 -9999 -9999 -9999 -9999
-9999 -9999 -9999 -9999 -9999 -9999 -9999 -9999 -9999 -9999 -9999 -9999 -9999 -9999 -9999 -9999 -9999 -9999 -9999 -9999 -9999 -9999 -9999 -9999 -9999 -9999 -9999 -9999 -9999 -9999 -9999 -9999 -9999 -9999 -9999 -9999 -9999 -9999 -9999 -9999 6.86219 6.14745 5.72267 5.95725 6.15157 5.79305 6.42205 7.18753 7.39805 7.31815 7.32641 7.58691 7.68491 7.69418 -9999 -9999 -9999 -9999 -9999 -9999 -9999 -9999 -9999 -9999 -9999 -9999 -9999 -9999 -9999 -9999 -9999
-9999 -9999 -9999 -9999 -9999 -9999 -9999 -9999 -9999 -9999 -9999 -9999 -9999 -9999 -9999 -9999 -9999 -9999 -9999 -9999 -9999 -9999 -9999 -9999 -9999 -9999 -9999 -9999 -9999 -9999 -9999 -9999 -9999 -9999 -9999 -9999 -9999 -9999 -9999 -9999 -9999 -9999 -9999 -9999 5.38566 6.36791 6.07145 6.99822 7.48717 8.21840 8.08409 6.65665 7.72901 8.07838 -9999 -9999 -9999 -9999 -9999 -9999 9.24784 -9999 -9999 -9999 -9999 -9999 -9999 -9999 -9999 -9999 -9999
-9999 -9999 -9999 -9999 -9999 -9999 -9999 -9999 -9999 -9999 -9999 -9999 -9999 -9999 -9999 -9999 -9999 -9999 -9999 -9999 -9999 -9999 -9999 -9999 -9999 -9999 -9999 -9999 -9999 -9999 -9999 -9999 -9999 -9999 -9999 -9999 -9999 -9999 -9999 -9999 -9999 5.37218 5.36209 5.42498 5.43678 6.87416 6.62672 7.47632 8.02516 8.57843 8.06966 7.02556 7.78270 7.88801 -9999 -9999 -9999 -9999 -9999 9.73678 9.56234 9.86398 9.83089 9.46023 9.45418 8.36430 8.31872 8.57405 8.57270 8.67146 8.79433
-9999 -9999 -9999 -9999 -9999 -9999 -9999 -9999 -9999 -9999 -9999 -9999 -9999 -9999 -9999 -9999 -9999 -9999 -9999 -9999 -9999 -9999 -9999 -9999 -9999 -9999 -9999 -9999 -9999 -9999 -9999 -9999 -9999 -9999 -9999 -9999 -9999 -9999 -9999 -9999 -9999 5.65765 5.49132 5.69392 6.33063 7.21437 7.57826 8.08788 7.96310 8.21457 7.98249 5.99305 6.06430 6.30895 6.80147 6.82022 8.05236 -9999 8.74686 8.15421 7.96455 7.08503 6.94505 6.34753 6.28386 6.87173 7.05000 6.95622 6.95311 7.44733 7.62948
-9999 -9999 -9999 -9999 -9999 -9999 -9999 -9999 -9999 -9999 -9999 -9999 -9999 -9999 -9999 -9999 -9999 -9999 -9999 -9999 -9999 -9999 -9999 -9999 -9999 -9999 -9999 -9999 -9999 -9999 -9999 -9999 -9999 -9999 -9999 6.23761 6.85094 6.54396 6.67717 7.43759 7.64699 7.42775 7.31202 6.80192 7.06056 8.17398 8.37723 9.32885 9.07583 8.53876 7.65508 6.04176 5.33668 5.74592 5.84022 5.92445 6.89674 7.83931 8.38010 8.60727 8.43275 7.47768 7.26735 6.05707 6.20095 7.25295 7.21352 7.04833 7.28293 7.79963 7.76209
-9999 -9999 -9999 -9999 -9999 -9999 -9999 -9999 -9999 -9999 -9999 -9999 -9999 -9999 -9999 -9999 -9999 -9999 -9999 -9999 -9999 -9999 -9999 -9999 -9999 -9999 -9999 -9999 -9999 -9999 -9999 -9999 -9999 -9999 8.03335 7.92133 7.87933 7.30229 7.60164 8.46008 8.40467 8.72559 8.80595 8.80305 8.72832 8.29322 8.44268 7.73593 7.15461 6.20168 5.25152 5.10914 4.75245 4.56661 4.78314 4.95895 6.51484 7.32341 8.14421 7.74026 7.16686 7.08001 6.85324 6.21634 6.85969 6.75052 6.58723 6.99811 6.25439 6.68118 6.10434
-9999 -9999 -9999 -9999 -9999 -9999 -9999 -9999 -9999 -9999 -9999 -9999 -9999 -9999 -9999 -9999 -9999 -9999 -9999 -9999 -9999 -9999 -9999 -9999 -9999 -9999 -9999 -9999 -9999 -9999 -9999 -9999 -9999 8.08332 8.16427 8.33344 8.61914 7.96057 8.36671 9.03139 9.23098 9.19270 9.46963 9.72704 9.35283 8.82687 8.24079 7.84572 6.53989 5.54142 4.99732 4.77647 7.64161 4.49295 5.12758 5.43524 5.73203 8.01184 8.30615 7.44049 6.94626 7.37339 7.30933 7.31059 7.17580 6.80089 6.75464 7.00728 6.84076 6.85214 6.45260
-9999 -9999 -9999 -9999 -9999 -9999 -9999 -9999 -9999 -9999 -9999 -9999 -9999 -9999 -9999 -9999 -9999 -9999 -9999 -9999 -9999 -9999 -9999 -9999 -9999 -9999 -9999 -9999 -9999 -9999 -9999 8.53231 9.10878 8.89677 8.93673 8.81358 8.99165 8.55672 8.62776 9.24793 9.12707 9.83734 10.33420 10.39820 10.00530 9.23215 9.20554 9.10242 7.06784 6.14598 5.12022 5.36741 8.26472 4.06153 4.47649 5.67595 7.41038 7.30950 6.37559 6.83760 7.15127 7.22360 7.09960 7.15708 7.10798 7.11678 7.05591 7.45946 7.38189 6.82390 6.13084
-9999 -9999 -9999 -9999 -9999 -9999 -9999 -9999 -9999 -9999 -9999 -9999 -9999 -9999 -9999 -9999 -9999 -9999 -9999 -9999 -9999 -9999 -9999 -9999 -9999 -9999 -9999 -9999 -9999 10.06940 10.24760 9.35242 9.45074 9.29884 9.59213 9.42426 9.48083 9.06555 9.19965 9.57714 10.08700 10.30140 10.64060 10.78810 10.63470 9.11964 9.14673 8.19976 5.96282 5.02712 4.52205 7.98294 7.59887 4.24641 4.42532 5.49286 7.47776 6.95105 7.37961 7.81854 7.41340 7.21731 6.83881 6.92916 7.16910 7.42527 7.00432 6.88625 6.75494 7.01811 7.45671
-9999 -9999 -9999 -9999 -9999 -9999 -9999 -9999 -9999 -9999 -9999 -9999 -9999 -9999 -9999 -9999 -9999 -9999 -9999 -9999 -9999 -9999 -9999 -9999 9.59549 9.36527 9.57300 10.20830 10.37990 8.86631 8.83003 9.29992 9.37910 8.92482 8.72985 8.91710 8.70920 9.36540 9.37962 9.89824 10.18490 10.93550 11.26650 10.85750 10.49140 9.73202 9.69814 8.14093 6.47346 5.94063 5.72825 7.63267 5.79490 5.19799 6.03652 7.29853 8.14975 7.72262 7.40048 8.04129 8.33897 7.96967 7.89763 7.21223 7.43291 7.17455 7.58153 8.17165 8.13500 8.24741 6.06387
-9999 -9999 -9999 -9999 -9999 -9999 8.80108 9.45236 9.72521 8.46282 8.41746 -9999 -9999 -9999 -9999 -9999 -9999 -9999 -9999 -9999 -9999 10.24310 9.62781 9.33605 9.20966 9.28717 9.47333 10.37210 10.11610 9.13448 9.19674 9.91358 9.56582 9.23538 9.23421 9.26026 9.19682 9.96644 10.03590 10.83680 10.99670 11.34360 11.67900 11.65740 11.28890 10.34740 10.58940 8.92298 7.33886 6.33300 6.05042 6.41205 5.22343 5.44146 7.36404 8.51209 8.52914 8.05669 8.50618 8.96774 8.69726 8.29205 7.77672 6.84606 6.76704 8.12935 8.46492 8.58592 8.39094 9.15887 8.75555
-9999 -9999 -9999 -9999 -9999 10.51990 10.28700 10.22280 11.03300 10.41710 10.92040 10.03450 10.48160 9.77864 -9999 -9999 -9999 10.83310 10.40660 10.83650 10.52420 10.19030 10.08070 10.54690 10.29490 10.14500 10.29550 10.83630 10.81510 10.41860 10.77930 11.53780 11.73090 11.28270 11.42530 10.71670 10.58170 11.04530 11.49550 12.32320 12.68210 12.61990 12.02840 12.01260 12.63130 11.63420 10.47900 8.83005 7.61426 6.94814 6.25922 5.60945 5.39406 7.11094 7.98038 8.13047 8.41351 9.01388 10.39500 9.93678 9.82847 9.01805 8.82015 8.67377 7.74131 6.86640 7.23591 8.36526 8.87865 8.44399 8.63935
-9999 11.37420 11.50290 12.09830 11.35790 10.89560 10.60600 11.15770 10.98060 10.94440 10.45770 10.43190 10.40160 10.19750 10.95580 11.56110 12.27800 11.23370 10.87640 11.61590 11.53030 10.99730 10.79410 11.63940 11.77150 11.03310 10.91470 11.49930 11.23810 10.98530 11.36250 12.41670 12.73540 12.05430 12.14180 11.39890 11.35900 11.97180 12.49580 12.96640 13.24640 13.45770 12.65100 12.79850 12.97970 12.30390 11.37280 10.33790 9.01450 8.16572 7.16998 5.91989 5.89779 6.16084 6.64555 7.07062 8.33266 10.36390 9.96615 10.13260 10.56400 9.29370 8.24325 8.00295 7.29545 7.12894 8.02295 8.24440 9.32642 8.14861 6.80571
-9999 11.13850 11.66270 11.85830 11.86270 11.63230 11.62450 11.68380 11.45060 11.31440 11.23710 10.63490 9.93925 10.54210 10.50540 10.40080 10.38510 10.32670 10.66400 11.92520 11.42990 11.37790 11.64930 11.89820 11.90900 12.29780 12.19330 11.92450 11.89220 12.34910 12.39350 12.33340 12.25560 11.54730 11.67670 11.67740 11.51410 11.80740 12.40910 12.91510 13.05320 13.54420 13.04690 12.83190 12.60540 12.82120 12.63240 11.54100 10.69510 8.96381 8.63355 7.39295 7.48105 6.52390 5.87171 7.54288 8.68548 9.44013 9.79066 8.82943 9.00922 8.32074 7.72886 8.35215 7.77724 7.46038 7.12389 7.69212 7.72796 7.56430 7.63935
-9999 -9999 -9999 11.94420 11.70750 12.53380 12.40750 12.51490 12.36220 12.73050 11.69280 11.91290 11.68230 11.93120 11.26570 11.33730 11.21920 11.81900 11.50470 12.50410 12.41050 12.40510 12.22180 12.24190 12.77120 12.91870 13.00940 12.91260 13.14480 12.99720 12.56420 12.74730 12.77520 12.41490 12.33230 11.45860 11.99810 12.08420 12.20840 12.93050 13.82750 13.97380 12.79540 12.64600 13.07830 13.03110 12.45970 12.31190 11.74500 10.51940 9.32243 8.35423 7.32745 6.37580 7.00643 7.20380 8.89877 9.18846 8.66439 8.33000 9.20886 7.78997 7.36624 7.62128 7.91924 8.08137 8.35402 8.03678 7.41851 7.20951 6.97704
-9999 -9999 -9999 -9999 -9999 -9999 13.34890 13.29450 12.82440 12.56620 12.63330 12.32210 12.50930 13.05330 12.81750 13.01050 12.77650 13.45490 13.96850 14.05810 13.33670 13.55080 13.71780 13.31230 13.51540 13.42210 13.59580 13.85850 13.21760 13.17470 13.48080 13.40940 12.82060 12.49550 13.29550 11.73810 12.06180 12.81030 12.10360 12.67750 13.25450 13.42010 13.48770 13.58470 13.15840 12.30140 12.72290 11.97680 11.78980 10.47980 9.27586 7.40194 6.99564 8.60134 7.61187 7.49310 8.52794 7.36277 6.64284 7.41089 7.36059 6.85930 6.97645 6.74921 7.34239 7.39928 8.83203 8.15120 7.66483 7.88351 7.34780
-9999 -9999 -9999 -9999 -9999 -9999 14.29010 14.12360 14.47060 13.13030 13.49530 13.24040 13.32710 13.76000 13.51170 14.05560 13.80680 14.36690 14.39840 14.36080 14.30700 14.54520 14.39790 14.03220 13.90450 14.77250 14.92690 14.01800 13.43970 13.09440 13.03690 13.05630 13.02220 12.83000 13.24780 12.32800 13.13560 13.81660 13.95250 13.57670 13.42520 13.46650 13.59250 13.43430 13.94100 12.59870 12.88620 12.88160 12.93790 12.65850 11.61790 11.03720 10.11730 9.73484 9.90066 11.66300 10.78080 8.92937 9.69220 8.76680 6.81898 7.06050 6.84931 7.05410 6.86383 8.72491 9.23153 9.17193 9.08681 9.45133 7.89757
-9999 -9999 -9999 -9999 -9999 -9999 -9999 -9999 -9999 -9999 15.63490 14.07490 14.12750 15.03320 14.98520 14.68690 14.81120 15.26090 15.54090 15.30610 15.46760 14.81430 15.05750 14.89350 14.98590 14.56460 14.30740 14.71490 14.47680 13.75150 13.78710 14.31140 14.31750 12.91260 12.89470 13.66890 13.56020 13.78300 13.92350 13.71960 14.64040 14.77830 15.06270 14.69560 14.98690 14.95330 14.79770 14.37790 13.57060 13.48740 13.49470 12.90340 12.65230 14.18840 14.20230 14.66010 15.09920 13.54550 12.78820 12.38510 12.02910 11.98030 11.64160 11.35330 10.82520 12.03810 11.77990 11.71120 11.13240 11.43830 9.72949
-9999 -9999 -9999 -9999 -9999 -9999 -9999 -9999 -9999 -9999 16.68740 15.77460 14.98860 16.00160 15.80310 15.43130 15.52110 15.48240 16.06270 15.77630 15.61870 15.15390 15.18020 15.41200 15.67830 15.48070 15.63880 15.70000 15.42050 14.91550 14.69370 15.13790 14.91060 13.64030 14.11590 14.40070 14.84070 15.32710 15.57330 15.43520 15.58870 15.75980 16.48140 15.70380 15.61730 15.31170 15.16220 14.31480 14.55090 13.77050 14.14370 13.07190 13.07630 14.02310 15.40780 14.24390 14.62850 13.93130 14.24710 13.31450 13.48120 13.66660 13.63530 14.53150 14.94070 15.41130 15.54500 16.03800 15.17920 12.74800 11.29970
-9999 -9999 -9999 -9999 -9999 -9999 -9999 -9999 -9999 -9999 -9999 -9999 16.81240 16.64840 16.68380 16.66930 17.37340 17.88280 17.29920 17.12170 17.07060 17.23590 17.18670 16.99550 17.29830 17.10450 16.78850 16.12460 15.82900 15.11560 14.81620 15.40800 15.31820 14.64820 14.60120 15.05120 15.40750 15.87240 16.40670 15.74380 15.68130 16.40660 16.24670 15.93390 16.22420 16.51800 16.44150 15.96910 15.97080 15.43680 15.47650 14.30090 13.24160 14.65890 15.74020 15.74100 15.86690 14.28170 14.31100 14.07210 14.25100 15.11980 15.46710 15.81860 15.16590 15.32210 16.19320 17.40090 17.59800 16.61810 12.88330
-9999 -9999 -9999 -9999 -9999 -9999 -9999 -9999 -9999 -9999 -9999 -9999 18.18130 18.14380 18.15580 17.44870 17.98520 18.03790 17.47940 17.89610 18.09140 17.25940 17.98280 18.07950 17.88320 17.87180 17.40780 17.13670 16.96500 16.12600 15.78580 16.70800 16.15970 15.50500 15.37580 15.65970 15.90800 16.09610 16.40910 16.03620 16.42710 17.30630 17.36910 16.67570 16.70760 16.57620 16.63950 16.21350 15.74040 14.85070 15.43850 15.19540 15.35270 15.57560 15.91520 16.12160 16.11640 14.59360 14.62100 14.90290 15.11270 16.03320 15.35450 15.86560 16.03920 16.54600 16.85310 17.32510 16.30930 14.98250 14.55670
-9999 -9999 -9999 -9999 -9999 -9999 -9999 -9999 -9999 -9999 -9999 18.54640 18.82760 19.86990 19.92690 17.77870 17.44260 18.25910 18.32310 18.93090 19.56220 18.25920 19.05210 18.49250 18.45470 20.00660 19.03850 17.38950 17.40560 17.29780 17.02970 16.43670 16.42010 16.69320 16.52930 17.38120 16.97520 17.28130 16.98080 16.96210 16.98750 16.92650 16.86680 16.12740 16.78250 16.83280 17.14550 17.69820 17.34170 15.82070 15.87470 15.79700 15.73880 16.31680 17.09410 16.66790 16.02170 15.41340 15.46770 16.22990 16.07850 15.37200 15.32560 15.92270 16.22500 17.16360 17.60970 16.78810 16.04620 14.60010 10.90040
-9999 -9999 -9999 -9999 -9999 -9999 -9999 -9999 -9999 -9999 -9999 18.13630 18.93300 20.25150 20.43100 18.94200 17.96620 18.94920 19.41820 19.80920 19.48700 19.46520 19.62460 19.32830 19.17870 20.01790 19.56070 18.46940 18.67040 17.97160 17.74720 17.62650 17.27460 17.46670 16.76410 17.51010 17.87940 17.51770 17.33050 17.74980 17.88100 17.39710 17.60430 17.11810 17.19940 16.87300 17.18370 17.88770 17.72280 17.65370 17.34340 17.51920 17.47210 17.58180 16.92570 16.17220 16.18860 15.92790 15.62180 16.62570 17.06830 15.39530 15.75880 16.99850 17.50780 18.81090 18.06090 17.74800 15.97860 13.18800 13.69570
