data/hydroclimate-scenarios/1948-2000.Pcorr55N_Pref_Tref/monthly_summaries/isr_monthly_avg_jan.asc
ncols	311
nrows	91
xllcenter	102.75
yllcenter	31.75
cellsize	0.5
NODATA_value	-9999
[rows 32 to 63 of 91, columns 0 to 70 of 311]
-9999 -9999 -9999 -9999 -9999 -9999 -9999 -9999 -9999 -9999 -9999 33.46530 33.51200 33.24520 33.47950 33.87140 34.24390 33.92360 34.12790 34.20520 34.20360 34.07030 33.89040 33.81900 33.57720 33.79160 33.50050 32.98430 32.57920 32.27730 31.98730 32.01240 31.82190 31.61580 31.72060 31.22220 31.56020 31.50430 31.52010 31.59860 31.55510 31.58180 31.46270 31.45190 31.27290 31.28100 31.32320 31.34030 31.33690 31.64140 31.40260 31.35580 31.21270 31.39100 31.24690 31.10600 31.01410 31.16600 31.04500 31.22210 31.16600 31.09930 31.08570 30.95380 30.83460 30.67010 31.12850 31.03690 31.66110 32.19750 32.09640
-9999 -9999 -9999 -9999 -9999 -9999 -9999 -9999 -9999 -9999 -9999 35.24680 35.35690 34.94990 35.03500 35.53880 35.54410 35.50670 35.64250 35.64880 35.65500 35.69140 35.37120 35.31910 35.27660 35.43140 35.25670 34.32940 33.78240 33.32430 33.12730 33.17160 33.05670 32.61340 32.72510 32.38740 32.71130 32.84020 32.90880 33.35050 33.21970 33.25990 33.22630 33.09510 33.19240 33.19860 33.30160 33.26400 33.22990 33.40470 33.14940 33.02180 32.73700 32.77540 32.63830 32.55970 32.47720 32.84950 32.85250 32.69770 32.64060 32.70230 32.50710 32.28160 32.36270 32.58520 32.50440 32.46420 32.83920 33.38190 33.36410
-9999 -9999 -9999 -9999 -9999 -9999 -9999 -9999 -9999 -9999 -9999 -9999 36.72300 36.32930 36.36560 37.00390 37.23490 37.10240 37.18870 37.16940 37.14170 37.21390 37.29890 37.31240 37.02050 37.38740 36.94360 36.52470 35.51840 35.22430 34.96270 34.61870 34.55730 34.15870 34.04100 34.00550 34.50780 34.59640 34.76080 35.15410 35.32860 35.48710 35.43550 35.29950 35.35210 35.38310 35.57930 34.85040 34.75950 34.96030 34.65600 34.33090 34.17900 34.42710 34.27680 34.54960 34.43000 34.46080 34.29570 34.29350 34.24530 34.52050 34.50880 34.42750 34.17490 34.26510 34.13050 34.57050 35.43160 35.57240 34.96940
-9999 -9999 -9999 -9999 -9999 -9999 -9999 -9999 -9999 -9999 -9999 -9999 37.73240 37.57770 38.02870 38.43350 38.52150 38.50500 38.59940 38.56790 38.68500 39.56050 39.46510 39.34770 39.19900 38.76400 38.04200 37.65740 36.99880 36.83890 36.63550 35.98410 35.54360 35.19010 35.20980 35.45050 35.61030 35.82130 36.00010 36.22110 36.94360 37.30900 37.24210 37.25770 37.28450 37.36660 37.36880 36.68330 36.50810 36.67100 36.40110 35.78130 35.50530 35.84630 35.65980 36.08210 35.72870 35.75640 35.61670 35.79950 35.88810 36.41470 36.45840 36.28210 35.86350 35.63540 35.96410 36.35360 36.60170 36.66560 37.07990
-9999 -9999 -9999 -9999 -9999 -9999 -9999 -9999 -9999 -9999 -9999 -9999 39.52430 39.04170 38.71990 39.34970 39.65420 39.89930 40.35080 40.93870 41.33620 41.71850 41.45450 41.03910 40.09800 40.39110 39.28230 38.18550 38.14100 38.20270 37.68090 37.19820 37.14660 37.11610 36.79860 37.11930 37.17950 37.12450 37.41170 37.85250 38.81170 39.23540 38.97580 38.89730 38.97550 39.72950 39.64170 39.29610 38.67380 38.68490 38.25390 37.53170 37.06120 37.48960 37.14380 37.63380 37.45580 37.62810 37.66240 38.12860 38.14980 38.37950 38.35200 37.77470 37.83900 37.96350 38.02880 38.17610 38.98350 39.17140 39.28350
-9999 -9999 -9999 40.92830 40.78610 40.73340 40.77960 41.06170 40.99680 -9999 40.58410 41.04840 40.61180 39.95960 39.87500 40.17070 40.50820 40.75540 41.50110 42.26440 42.39370 42.26550 41.50150 41.02860 40.58750 40.81120 40.27140 40.21070 39.86480 40.75520 39.64210 38.47940 39.07250 39.34880 38.85160 38.86210 39.12550 38.91460 39.08820 39.63310 40.09590 40.20230 40.07950 40.32000 40.97620 42.03310 42.52520 41.40850 41.00370 40.75700 40.46520 39.71080 39.45730 40.41800 39.97580 40.99430 40.85050 39.92230 40.35130 40.41560 40.07180 40.22090 40.20950 40.18630 39.82120 39.97000 40.30240 40.60260 40.50880 41.23350 41.70690
-9999 -9999 -9999 41.67340 41.45790 41.08520 41.44630 41.72690 41.84010 41.44660 41.32750 41.39340 41.39600 40.74030 40.77750 41.10810 41.45350 41.06810 41.10110 41.13300 40.75950 41.43810 40.30580 39.57750 39.75810 40.76380 40.98430 41.58410 41.79750 42.73610 41.37250 41.47800 41.36780 41.88120 41.65700 41.15200 41.74150 41.96600 41.39190 41.84270 42.12630 41.71060 41.49340 42.19770 43.14940 44.14080 44.33490 43.65510 43.37130 43.62390 43.42090 42.98800 43.38040 42.97980 41.89150 41.78850 41.36400 41.84130 42.63320 42.75420 42.46300 42.32880 42.58450 42.73530 42.85110 42.20510 42.36110 42.41420 42.81030 43.37520 43.84660
-9999 -9999 -9999 41.77160 41.39260 41.87290 42.69940 43.07060 42.53910 42.13810 42.21190 42.47860 42.78810 42.99310 43.71980 43.01130 43.31300 42.82700 42.16360 41.87540 41.91510 42.51840 41.76000 41.51930 41.83260 42.42490 42.39660 42.93450 42.95570 44.52280 45.57440 44.94450 43.56960 43.56540 44.08370 43.60080 43.38350 43.00740 43.04250 43.27910 43.78990 43.33180 43.52530 43.37080 43.86010 44.98620 45.13000 45.09980 45.13620 45.83490 46.01230 44.66700 44.24210 44.20100 43.55750 43.29480 43.09210 43.49480 44.27290 44.95760 44.33500 44.34940 44.36230 45.15380 44.88840 44.81550 44.89400 45.60670 46.47290 46.67340 47.30630
-9999 -9999 -9999 43.97280 43.55170 44.76760 45.73400 45.60610 45.13090 44.73960 44.24290 43.96270 45.64590 46.33040 46.82370 45.99100 46.16680 46.86580 46.32630 45.17370 45.62880 46.37090 46.88760 45.71670 44.95590 45.40950 45.02550 45.85510 47.15810 48.49230 47.41320 44.71870 46.18230 47.37540 47.32140 46.31570 45.07820 44.21140 44.88430 45.19040 45.95070 46.44980 47.33940 46.89040 46.45870 47.38270 47.94090 47.96790 48.76140 48.60000 48.30370 47.26430 46.92170 47.45060 46.64550 45.93580 46.01090 46.21330 46.77980 47.49340 48.49250 47.31350 47.48100 47.60480 47.88040 48.02230 48.43200 48.91360 49.93920 49.80370 48.37820
-9999 -9999 -9999 44.69590 44.95370 46.13690 45.79520 46.05150 46.57700 45.74560 45.08420 46.00730 47.36500 48.69160 49.02790 48.72030 48.88700 48.79540 46.98480 45.50990 46.17840 47.49000 47.85000 45.35490 44.92000 45.89040 45.38370 45.91390 47.34610 49.06230 49.39360 48.75140 49.09380 48.16860 47.91040 48.26380 47.89030 46.48170 46.38450 46.69490 47.37360 47.62360 48.21200 48.39180 47.58190 47.92530 48.42410 49.12160 49.12980 49.72280 49.59660 48.45880 48.33710 49.70810 48.43750 48.59080 47.85270 47.69950 48.52220 50.25890 50.54280 49.82220 50.22900 51.54030 51.72760 51.16230 51.54220 52.53710 52.97900 51.11920 48.82600
-9999 -9999 -9999 -9999 47.60360 48.30410 47.85170 48.94500 49.24590 48.61970 47.66910 48.10590 50.95690 49.46630 -9999 -9999 -9999 -9999 -9999 50.46060 50.49420 49.77380 49.99200 50.58960 49.76800 48.56080 46.96940 47.18540 47.97530 48.49560 49.01050 49.73280 49.86250 49.07840 48.48450 48.18650 48.31300 47.92180 48.10880 48.28370 48.24740 48.39620 48.90880 49.29370 49.41070 49.43100 50.19730 50.50400 50.16060 50.10200 50.14620 50.67860 50.33080 51.39050 51.81920 51.98350 52.11610 52.29190 52.08150 52.22300 53.23520 53.84950 54.43640 54.65230 54.94800 55.02100 54.55010 52.97390 52.31340 -9999 -9999
-9999 -9999 49.11870 49.17020 49.39700 49.16700 49.59540 50.76390 50.15620 50.05770 49.28290 50.16630 52.99400 -9999 -9999 -9999 -9999 -9999 54.38790 52.49950 51.82950 50.40050 50.18370 50.60400 50.48140 50.37820 48.80210 48.39140 48.56380 49.28320 49.57000 50.05850 50.26610 50.02950 49.97930 49.56450 49.93810 49.90530 49.93820 49.84950 50.21920 49.89600 50.17650 50.20090 49.79840 50.08130 50.70070 50.31570 49.74860 50.10640 50.09850 50.66810 51.10200 51.41880 52.06620 51.21840 52.05090 53.78380 54.03580 53.41980 54.20580 54.77100 55.19260 55.96000 56.09130 56.08480 55.90680 -9999 -9999 -9999 -9999
-9999 -9999 52.30980 51.67060 50.97760 50.82690 50.96200 51.90290 51.93370 52.10260 53.19210 53.73900 54.30040 -9999 -9999 -9999 -9999 54.22460 56.51530 53.95520 53.67330 52.46110 51.73570 51.90790 50.81850 50.21790 50.21580 50.75480 50.37050 50.47620 51.17250 52.53490 52.12220 51.89400 52.11790 52.40270 52.16920 52.33730 52.87410 52.81430 52.85750 53.02640 53.37910 53.55010 53.61330 53.05950 53.02310 52.48180 51.52720 51.89600 51.74170 51.51100 51.59180 52.06970 52.28860 51.93490 52.75980 54.48180 55.27950 55.29920 55.23020 56.51760 56.05740 55.84030 55.84230 -9999 -9999 -9999 -9999 -9999 56.13440
-9999 -9999 53.93520 53.82150 53.15490 52.90850 52.89400 53.13820 53.45000 54.52050 56.06630 56.80450 50.89060 -9999 -9999 -9999 -9999 58.12010 57.60460 55.84840 54.99990 53.66190 52.62010 52.53470 52.58780 52.09050 52.80140 52.50720 52.58930 52.73160 53.55230 53.89310 54.30170 54.56950 54.29210 54.66370 54.77070 54.85280 55.48340 54.39300 54.19350 54.15700 54.16090 55.30540 54.99410 55.23930 55.40890 54.29900 53.66870 54.08800 53.40520 53.36730 53.51360 53.95130 54.40380 53.71880 54.05690 55.15020 55.38030 55.77390 54.95310 55.29730 55.64320 57.58990 59.37460 60.04050 58.30730 59.15860 58.22330 -9999 -9999
-9999 -9999 -9999 55.93260 55.62040 55.12210 54.67110 54.97960 56.21330 58.11250 58.05080 53.39470 -9999 -9999 -9999 -9999 59.48850 59.91250 57.82820 57.30610 56.91800 55.39520 55.10860 54.83800 54.58510 55.42880 55.23380 55.29340 55.20450 56.04460 56.34010 55.60260 55.40860 55.91690 55.67880 56.03790 55.59910 55.78820 55.79280 55.51850 55.53030 55.65260 56.06880 56.35990 55.92490 55.93930 55.56800 55.40870 55.06990 54.72840 55.89220 56.41850 56.06840 56.69380 57.75430 57.57880 57.67290 58.43770 58.49880 57.62370 57.49360 58.17490 60.13490 63.61870 67.16820 61.88990 59.42010 60.95220 60.03300 57.17950 -9999
-9999 -9999 -9999 -9999 57.35360 56.79700 56.40310 57.77450 58.99390 58.34390 55.09920 -9999 -9999 -9999 -9999 61.88630 61.92810 60.48490 58.94430 58.72270 57.79050 57.25990 57.49470 57.68200 57.72780 57.02590 56.62050 56.58240 56.94820 56.70750 56.80750 56.65110 56.72620 57.00910 57.39970 57.83360 57.89430 57.92120 57.98380 57.85070 57.86080 57.87250 57.66840 57.87200 57.47450 57.54170 57.56770 57.07950 56.60350 56.42560 56.80140 57.25960 57.92130 58.22420 58.21220 58.32710 58.65800 59.98630 60.24070 59.86640 60.91780 62.53010 63.20690 63.42790 65.36310 63.24190 60.68680 60.93440 62.02470 60.88150 60.80570
-9999 -9999 -9999 -9999 -9999 -9999 60.41340 60.10730 57.89650 58.37250 61.14980 -9999 -9999 -9999 -9999 -9999 62.41450 61.51920 60.97240 60.55950 60.38000 59.17450 59.82970 60.26050 59.95620 58.60700 58.24670 57.84490 57.71090 58.32590 58.63110 58.73230 58.61190 59.51960 59.36580 59.70130 60.27340 61.03250 60.59440 60.17970 60.25800 61.07230 60.81160 61.08170 60.57080 59.39970 58.95140 59.13900 59.18130 58.67860 59.00960 58.95860 59.35230 59.52690 59.98920 60.22200 60.55030 61.61090 61.90330 62.74250 63.62970 64.17880 65.03710 66.20790 67.49650 64.94240 62.11200 61.69320 62.27880 62.24990 62.63170
-9999 -9999 -9999 -9999 -9999 -9999 -9999 -9999 -9999 -9999 -9999 -9999 -9999 -9999 -9999 -9999 -9999 -9999 -9999 62.80480 62.48860 61.41530 61.40480 61.52800 61.35910 60.89730 60.58050 59.53890 58.95660 60.18160 60.33640 60.75480 61.45730 61.61180 61.72420 62.11570 62.07180 63.13370 63.34420 63.26880 63.69150 63.83750 62.89560 63.37900 63.04570 61.75070 60.93780 60.97180 60.69050 60.94230 60.89620 60.72870 61.13920 61.03160 61.56170 61.98040 62.11530 63.06320 63.59190 64.37020 66.35780 65.23570 66.34740 68.01260 68.15840 64.47770 62.18710 63.06800 63.48830 64.32560 65.11750
-9999 -9999 -9999 -9999 -9999 -9999 -9999 -9999 -9999 -9999 -9999 -9999 -9999 -9999 -9999 -9999 -9999 -9999 64.91950 64.87720 64.35860 63.37610 63.14090 63.27080 62.74970 61.74430 61.49840 61.52360 61.20960 62.52460 62.24220 63.24420 63.78720 63.57180 64.03700 63.79160 64.43590 64.68260 65.16350 66.30430 66.71260 66.03810 65.91940 65.80310 65.20580 64.44410 63.78280 62.80610 62.18960 62.05850 62.47730 62.69650 63.00250 62.96510 63.44380 63.81490 64.21210 65.10740 66.05850 65.61600 65.53660 65.71300 67.20780 67.52050 68.28570 65.38180 64.15710 64.73350 65.20630 65.13750 66.03280
-9999 -9999 -9999 -9999 -9999 -9999 -9999 -9999 -9999 -9999 -9999 -9999 -9999 -9999 -9999 -9999 -9999 67.10920 66.99970 66.55590 66.38390 65.87340 65.35010 65.68450 64.83510 63.65630 63.64770 63.81140 64.11690 65.36820 65.15910 65.65220 66.15550 65.20490 65.29570 66.39880 67.35130 67.85410 67.91180 68.92620 68.71600 68.27360 67.95150 67.63370 67.24570 66.33340 65.82530 65.15160 64.35300 63.81640 64.03640 64.26260 65.12900 65.48010 65.20470 65.93690 66.37650 66.93160 67.47570 66.86180 65.57910 67.13750 70.25390 70.53910 67.32560 66.45250 66.46110 66.98970 66.93410 66.68700 68.59430
-9999 -9999 -9999 -9999 -9999 -9999 -9999 -9999 -9999 -9999 -9999 -9999 -9999 -9999 -9999 -9999 -9999 69.50530 69.29900 69.60100 69.22670 69.22670 68.38000 67.13050 66.81690 67.30940 67.44510 67.13150 67.63140 67.52120 67.65080 67.79310 67.53560 67.16470 67.85000 67.49860 68.24430 69.49910 70.19280 71.05110 70.58410 70.19820 69.68130 70.24430 69.69750 68.43750 67.84790 68.32690 67.73050 65.88480 65.68870 66.46580 67.11680 67.57570 67.83600 67.74370 69.18530 68.45550 68.18570 68.13110 68.59890 70.37120 70.86640 71.43980 73.53800 71.59110 69.29600 71.12870 69.14900 68.66750 69.36970
-9999 -9999 -9999 -9999 -9999 -9999 -9999 -9999 -9999 -9999 -9999 -9999 -9999 -9999 -9999 -9999 72.83550 73.58110 73.51670 72.66250 71.02970 70.01440 69.82640 69.11740 68.78150 69.09000 69.12040 69.07360 69.46030 69.38560 69.27580 69.41630 69.49280 68.72310 69.17370 68.91690 69.79090 71.44640 72.27000 72.42560 72.14260 72.40400 71.91150 72.03790 71.39430 70.37860 70.12710 70.85100 70.21760 67.93820 67.70660 68.62810 69.55780 69.59700 69.91150 69.83640 69.71860 69.48300 69.77040 70.44670 70.45720 71.29870 72.52130 75.40240 73.72600 72.36070 72.07810 72.07530 70.35600 70.39970 71.83700
-9999 -9999 -9999 -9999 -9999 -9999 -9999 -9999 -9999 -9999 -9999 -9999 -9999 73.64150 74.74850 76.47900 76.73540 78.45030 73.98980 73.61670 72.72740 73.11940 72.40450 72.41620 72.00410 71.31790 71.32390 71.28080 71.53390 71.03610 70.64580 70.90910 71.30280 71.00880 71.45530 72.50780 73.08620 73.23070 73.80040 73.35420 73.20120 71.94410 71.71800 73.48890 72.84930 70.45090 70.34210 71.43430 71.35640 71.22550 70.70050 71.36040 71.66600 71.66100 71.68000 71.45750 71.27330 71.94680 71.78050 71.84040 72.36170 72.69200 73.20270 72.40500 71.39890 71.07410 71.50340 72.82610 73.03570 73.70230 75.77750
-9999 -9999 -9999 -9999 -9999 -9999 -9999 -9999 -9999 -9999 -9999 -9999 75.77800 77.26150 78.83250 78.94950 78.30880 76.57410 78.17370 74.36040 74.36910 74.69860 74.12390 74.66530 74.23290 73.48270 73.16500 73.05780 73.32500 72.70990 72.32410 72.75400 73.17830 72.93120 72.71640 74.06930 74.10800 74.10290 74.29400 73.59000 74.63500 73.82810 74.07400 75.62800 74.83560 72.44690 72.19280 73.27140 73.96490 74.13550 74.03620 74.49150 74.38690 74.08040 73.57170 73.34890 73.58020 74.20270 74.79330 74.68080 73.98530 73.80200 74.06100 73.40260 72.59200 73.09710 73.10450 74.64500 75.22760 77.47420 79.69150
-9999 -9999 -9999 -9999 -9999 -9999 -9999 -9999 -9999 -9999 -9999 81.63440 81.54550 81.66290 80.97370 79.54350 79.59990 78.47290 77.75300 77.47340 76.66070 75.58720 75.03390 75.22730 75.10470 75.80260 75.86880 74.57390 73.96360 74.21730 74.36800 75.00330 75.40850 75.52920 75.37240 76.50570 76.82740 73.99290 73.42840 74.85720 76.07180 75.83600 76.07290 74.73900 73.83610 73.80940 73.47780 73.87320 74.41980 74.89970 75.16370 77.58360 77.49860 78.06020 77.67190 75.67840 75.42740 75.72520 74.84910 75.07760 75.09040 74.11930 74.50320 73.72750 74.16070 74.70820 75.25130 75.90190 78.06600 80.04280 83.35630
-9999 -9999 -9999 -9999 -9999 -9999 -9999 -9999 -9999 -9999 83.12130 84.26120 82.99200 85.12510 82.80690 81.72810 81.44920 80.92690 80.35570 79.61040 78.64710 77.35120 76.89200 77.21680 76.82470 77.75580 77.58380 76.77120 76.60430 76.53580 77.12150 77.66900 78.19910 78.39660 78.75230 79.45160 79.66410 76.91020 75.99590 76.90630 77.63010 76.85770 77.07140 75.67050 75.39270 75.75970 75.42590 74.97450 75.51550 76.12980 77.20600 79.64930 80.14080 81.11860 80.50940 78.32700 77.86430 77.55430 75.84160 76.74410 76.63190 76.28620 75.91520 75.97800 75.65510 76.26220 76.99590 78.38570 81.24270 83.88960 86.21610
-9999 -9999 -9999 -9999 -9999 -9999 -9999 -9999 -9999 82.87560 84.14060 83.02180 83.36900 83.63990 83.19280 85.28780 85.09050 84.41190 83.11830 81.77240 80.62310 80.62390 80.25270 79.32410 78.95690 79.31030 78.66230 79.64920 79.73570 79.00430 79.63600 81.35530 82.11050 82.37910 83.20310 82.84470 82.35700 78.68860 77.53310 78.62400 78.53190 77.74330 77.86200 78.43790 77.95730 77.80980 77.32740 77.43170 77.24950 78.17610 79.84930 81.81390 82.80770 83.02640 83.08410 81.52920 80.54880 79.25370 79.24070 79.31450 79.37270 78.39050 78.20200 77.99180 78.22080 78.03920 78.67420 81.81360 84.48480 86.46570 86.44870
-9999 -9999 -9999 -9999 -9999 -9999 -9999 -9999 -9999 -9999 86.75550 84.53130 88.17320 84.26900 84.97230 86.92290 87.03290 86.47870 85.20020 84.09550 83.30620 82.57170 81.96430 -9999 -9999 -9999 -9999 -9999 -9999 81.77480 82.35270 84.19380 84.79170 85.15040 86.17970 86.15000 84.59730 80.67800 81.08470 80.31530 80.52000 79.54280 79.50970 80.26080 80.05920 80.03930 79.57950 79.21390 79.11110 79.77020 81.39330 83.14430 85.30990 85.06800 85.19560 83.52530 82.16560 82.06990 82.02780 81.49220 81.74120 81.09630 81.00750 80.82910 82.37310 81.34560 82.61640 85.49110 91.08470 91.41900 91.79940
-9999 -9999 -9999 -9999 -9999 -9999 -9999 -9999 -9999 -9999 -9999 -9999 89.83360 89.66200 88.22520 87.97250 89.01480 88.70890 88.04710 -9999 -9999 -9999 -9999 -9999 -9999 -9999 -9999 -9999 -9999 -9999 -9999 -9999 -9999 88.31690 89.33450 87.38050 86.33010 84.40770 83.65280 82.15940 81.88330 82.77530 82.88320 82.81930 83.34040 84.31650 84.12920 82.30670 82.21330 83.11670 84.44340 85.63830 86.92660 86.98140 85.65760 85.36470 85.22210 84.64410 84.17620 84.25280 84.56360 84.79700 84.99340 84.23320 84.12850 84.71350 86.12490 88.99260 91.50640 90.84580 92.21380
-9999 -9999 -9999 -9999 -9999 -9999 -9999 -9999 -9999 -9999 -9999 -9999 -9999 -9999 -9999 -9999 -9999 -9999 -9999 -9999 -9999 -9999 -9999 -9999 -9999 -9999 -9999 -9999 -9999 -9999 -9999 -9999 -9999 -9999 90.94210 89.15060 87.68020 87.65810 86.15200 85.53860 84.93740 85.59630 85.57300 85.71910 86.22200 86.96060 86.78490 85.01360 84.96040 85.93120 87.10220 87.59400 88.45240 88.06900 87.60110 87.80770 87.82500 88.44510 87.74920 87.94160 88.00570 87.58550 87.93430 86.88920 86.75430 87.48070 89.89460 93.74470 96.39540 94.33490 92.57850
-9999 -9999 -9999 -9999 -9999 -9999 -9999 -9999 -9999 -9999 -9999 -9999 -9999 -9999 -9999 -9999 -9999 -9999 -9999 -9999 -9999 -9999 -9999 -9999 -9999 -9999 -9999 -9999 -9999 -9999 -9999 -9999 -9999 -9999 91.33950 90.14140 89.80840 88.08970 86.62080 87.78270 87.56740 85.97050 86.64410 88.00270 88.23940 87.22590 86.40300 87.67990 87.81510 88.86450 89.56600 89.06270 89.30160 91.68730 90.62810 90.90470 89.61950 88.79920 89.15450 90.28150 90.09670 89.66200 90.62600 89.41170 89.25050 91.91210 93.22910 95.98300 98.49010 96.36440 -9999
-9999 -9999 -9999 -9999 -9999 -9999 -9999 -9999 -9999 -9999 -9999 -9999 -9999 -9999 -9999 -9999 -9999 -9999 -9999 -9999 -9999 -9999 -9999 -9999 -9999 -9999 -9999 -9999 -9999 -9999 -9999 -9999 -9999 -9999 -9999 -9999 -9999 -9999 89.22470 89.69930 90.05610 88.67340 87.90740 87.08660 87.34700 88.50060 89.04040 90.99110 91.35750 92.39470 93.45500 91.89430 91.71520 94.16870 92.92050 93.28120 92.07360 90.80790 90.85940 92.22300 92.15460 91.56810 92.43730 91.97830 94.01410 96.09570 96.71120 97.89700 97.63140 -9999 -9999
