data/hydroclimate-scenarios/1948-2000.Pcorr55N_Pref_Tref/monthly_summaries/isr_monthly_avg_aug.asc
ncols	311
nrows	91
xllcenter	102.75
yllcenter	31.75
cellsize	0.5
NODATA_value	-9999
[rows 0 to 30 of 91, columns 210 to 279 of 311]
-9999 -9999 -9999 -9999 -9999 -9999 -9999 -9999 -9999 -9999 -9999 -9999 -9999 -9999 -9999 -9999 -9999 -9999 -9999 -9999 -9999 -9999 -9999 -9999 -9999 -9999 -9999 -9999 -9999 -9999 -9999 -9999 -9999 -9999 -9999 -9999 -9999 -9999 -9999 -9999 -9999 -9999 -9999 -9999 -9999 -9999 -9999 -9999 -9999 -9999 -9999 -9999 -9999 -9999 -9999 -9999 -9999 -9999 -9999 -9999 -9999 -9999 -9999 -9999 -9999 -9999 -9999 -9999 -9999 -9999
-9999 -9999 -9999 -9999 -9999 -9999 -9999 -9999 -9999 -9999 -9999 -9999 -9999 -9999 -9999 -9999 -9999 -9999 -9999 -9999 -9999 -9999 -9999 -9999 -9999 -9999 -9999 -9999 -9999 -9999 -9999 -9999 -9999 -9999 -9999 -9999 -9999 -9999 -9999 -9999 -9999 -9999 -9999 -9999 -9999 -9999 -9999 -9999 -9999 -9999 -9999 -9999 -9999 -9999 -9999 -9999 -9999 -9999 -9999 -9999 -9999 -9999 -9999 -9999 -9999 -9999 -9999 -9999 -9999 -9999
-9999 -9999 -9999 -9999 -9999 -9999 -9999 -9999 -9999 -9999 -9999 -9999 -9999 -9999 -9999 -9999 -9999 -9999 -9999 -9999 -9999 -9999 -9999 -9999 -9999 -9999 -9999 -9999 -9999 -9999 -9999 -9999 -9999 -9999 -9999 -9999 -9999 -9999 -9999 -9999 -9999 -9999 -9999 -9999 -9999 -9999 -9999 -9999 -9999 -9999 -9999 -9999 -9999 -9999 -9999 -9999 -9999 -9999 -9999 -9999 -9999 -9999 -9999 -9999 -9999 -9999 -9999 -9999 -9999 -9999
-9999 -9999 -9999 -9999 -9999 -9999 -9999 -9999 -9999 -9999 -9999 -9999 -9999 -9999 -9999 -9999 -9999 -9999 -9999 -9999 -9999 -9999 -9999 -9999 -9999 -9999 -9999 -9999 -9999 -9999 -9999 -9999 -9999 -9999 -9999 -9999 -9999 -9999 -9999 -9999 -9999 -9999 -9999 -9999 -9999 -9999 -9999 -9999 -9999 -9999 -9999 -9999 -9999 -9999 -9999 -9999 -9999 -9999 -9999 -9999 -9999 -9999 -9999 -9999 -9999 -9999 -9999 -9999 -9999 -9999
-9999 -9999 -9999 -9999 -9999 -9999 -9999 -9999 -9999 -9999 -9999 -9999 -9999 -9999 -9999 -9999 -9999 -9999 -9999 -9999 -9999 -9999 -9999 -9999 -9999 -9999 -9999 -9999 -9999 -9999 -9999 -9999 -9999 -9999 -9999 -9999 -9999 -9999 -9999 -9999 -9999 -9999 -9999 -9999 -9999 -9999 -9999 -9999 -9999 -9999 -9999 -9999 -9999 -9999 -9999 -9999 -9999 -9999 -9999 -9999 -9999 -9999 -9999 -9999 -9999 -9999 -9999 -9999 -9999 -9999
-9999 -9999 -9999 -9999 -9999 -9999 -9999 -9999 -9999 -9999 -9999 -9999 -9999 -9999 -9999 -9999 -9999 -9999 -9999 -9999 -9999 -9999 -9999 -9999 -9999 -9999 -9999 -9999 -9999 -9999 -9999 -9999 -9999 -9999 -9999 -9999 -9999 -9999 -9999 -9999 -9999 -9999 -9999 -9999 -9999 -9999 -9999 -9999 -9999 -9999 -9999 -9999 -9999 -9999 -9999 -9999 -9999 -9999 -9999 -9999 -9999 -9999 -9999 -9999 -9999 -9999 -9999 -9999 -9999 -9999
-9999 -9999 -9999 -9999 -9999 -9999 -9999 -9999 -9999 -9999 -9999 -9999 -9999 -9999 -9999 -9999 -9999 -9999 -9999 -9999 -9999 -9999 -9999 -9999 -9999 -9999 -9999 -9999 -9999 -9999 -9999 -9999 -9999 -9999 -9999 -9999 -9999 -9999 -9999 -9999 -9999 -9999 -9999 -9999 -9999 -9999 -9999 -9999 -9999 -9999 -9999 -9999 -9999 -9999 -9999 -9999 -9999 -9999 -9999 -9999 -9999 -9999 -9999 -9999 -9999 -9999 -9999 -9999 -9999 -9999
-9999 -9999 -9999 -9999 -9999 -9999 -9999 -9999 -9999 -9999 -9999 -9999 -9999 -9999 -9999 -9999 -9999 -9999 -9999 -9999 -9999 -9999 -9999 -9999 -9999 -9999 -9999 -9999 -9999 -9999 -9999 -9999 -9999 -9999 -9999 -9999 -9999 -9999 -9999 -9999 -9999 -9999 -9999 -9999 -9999 -9999 -9999 -9999 -9999 -9999 -9999 -9999 -9999 -9999 -9999 -9999 -9999 -9999 -9999 -9999 -9999 -9999 -9999 -9999 -9999 -9999 -9999 -9999 -9999 -9999
-9999 -9999 -9999 -9999 -9999 -9999 -9999 -9999 -9999 -9999 -9999 -9999 -9999 -9999 -9999 -9999 -9999 -9999 -9999 -9999 -9999 -9999 -9999 -9999 -9999 -9999 -9999 -9999 -9999 -9999 -9999 -9999 -9999 -9999 -9999 -9999 -9999 -9999 -9999 -9999 -9999 -9999 -9999 -9999 -9999 -9999 -9999 -9999 -9999 -9999 -9999 -9999 -9999 -9999 -9999 -9999 -9999 -9999 -9999 -9999 -9999 -9999 -9999 -9999 -9999 -9999 -9999 -9999 -9999 -9999
-9999 -9999 -9999 -9999 -9999 -9999 -9999 -9999 -9999 -9999 -9999 -9999 -9999 -9999 -9999 -9999 -9999 -9999 -9999 -9999 -9999 -9999 -9999 -9999 -9999 -9999 -9999 -9999 -9999 -9999 -9999 -9999 -9999 -9999 -9999 -9999 -9999 -9999 -9999 -9999 -9999 -9999 -9999 -9999 -9999 -9999 -9999 -9999 -9999 -9999 -9999 -9999 -9999 -9999 -9999 -9999 -9999 -9999 -9999 -9999 -9999 -9999 -9999 -9999 -9999 -9999 -9999 -9999 -9999 -9999
-9999 -9999 -9999 -9999 -9999 -9999 -9999 -9999 -9999 -9999 -9999 -9999 -9999 -9999 -9999 -9999 -9999 -9999 -9999 -9999 -9999 -9999 -9999 -9999 -9999 -9999 -9999 -9999 -9999 -9999 -9999 -9999 -9999 -9999 -9999 -9999 -9999 -9999 -9999 -9999 -9999 -9999 -9999 -9999 -9999 -9999 -9999 -9999 -9999 -9999 -9999 -9999 -9999 -9999 -9999 -9999 -9999 -9999 -9999 -9999 -9999 -9999 -9999 -9999 -9999 -9999 -9999 -9999 -9999 -9999
-9999 -9999 -9999 -9999 -9999 -9999 -9999 -9999 -9999 -9999 -9999 -9999 -9999 -9999 -9999 -9999 -9999 -9999 -9999 -9999 -9999 -9999 -9999 -9999 -9999 -9999 -9999 -9999 -9999 -9999 -9999 -9999 -9999 -9999 -9999 -9999 -9999 -9999 -9999 -9999 -9999 -9999 -9999 -9999 -9999 -9999 -9999 -9999 -9999 -9999 -9999 -9999 -9999 -9999 -9999 -9999 -9999 -9999 -9999 -9999 -9999 -9999 -9999 -9999 -9999 -9999 -9999 -9999 -9999 -9999
-9999 -9999 -9999 -9999 -9999 -9999 -9999 -9999 -9999 -9999 -9999 -9999 -9999 -9999 -9999 -9999 -9999 -9999 -9999 -9999 -9999 -9999 -9999 -9999 -9999 -9999 -9999 -9999 -9999 -9999 -9999 -9999 -9999 -9999 -9999 -9999 -9999 -9999 -9999 -9999 -9999 -9999 -9999 -9999 -9999 -9999 -9999 -9999 -9999 -9999 -9999 -9999 -9999 -9999 -9999 -9999 -9999 -9999 -9999 -9999 -9999 -9999 -9999 -9999 -9999 -9999 -9999 -9999 -9999 -9999
152.69200 147.85300 148.35001 145.82700 147.80000 147.21001 146.81599 149.39500 149.25999 -9999 -9999 -9999 -9999 -9999 -9999 -9999 -9999 -9999 -9999 -9999 -9999 -9999 -9999 -9999 -9999 -9999 -9999 -9999 -9999 -9999 -9999 -9999 -9999 -9999 -9999 -9999 -9999 -9999 -9999 -9999 -9999 -9999 -9999 -9999 -9999 -9999 -9999 -9999 -9999 -9999 144.51601 -9999 -9999 -9999 -9999 -9999 -9999 -9999 -9999 -9999 -9999 -9999 -9999 -9999 -9999 -9999 -9999 -9999 -9999 -9999
157.81000 157.55099 157.19299 159.12801 159.13901 160.40500 159.70100 161.07700 161.71700 159.73900 159.92400 160.56400 161.17500 161.83800 162.58299 164.30099 163.71600 162.29201 161.57500 163.40700 161.72600 169.21600 -9999 -9999 -9999 -9999 -9999 -9999 -9999 -9999 -9999 -9999 -9999 -9999 -9999 -9999 -9999 -9999 -9999 -9999 -9999 -9999 -9999 -9999 -9999 152.33000 151.70799 153.74400 153.08900 153.71400 152.48500 150.55299 -9999 -9999 -9999 139.49001 -9999 -9999 -9999 145.16299 146.15800 148.27901 -9999 -9999 -9999 -9999 -9999 -9999 -9999 -9999
160.59200 160.64700 161.17700 162.56500 162.46400 163.82300 162.65199 163.88000 163.50500 161.82001 163.32300 166.01500 166.52299 166.64400 168.76601 171.36099 172.41200 171.51199 169.02901 169.43201 168.39000 167.20599 167.68900 166.91499 165.80299 165.62000 164.61000 164.17799 -9999 -9999 -9999 -9999 -9999 158.93900 159.94701 159.88200 159.48199 159.22200 156.81700 156.64500 158.74600 158.78400 158.81799 160.74400 159.91100 158.47800 158.90100 159.17000 158.53600 158.12601 157.67101 155.28900 152.46500 151.53101 148.25301 145.98900 146.87500 146.61600 147.51900 151.70599 152.57201 153.32100 153.63800 152.64900 152.45900 154.07201 152.32201 -9999 -9999 -9999
163.80701 163.55000 164.73300 165.51801 165.69800 166.03400 166.38300 166.57201 166.73000 167.52000 170.25800 170.65100 171.38100 170.96100 171.51300 170.93100 171.44501 171.11700 171.55499 169.98599 168.22501 170.17999 169.12500 169.10100 168.38000 169.70500 168.60500 168.67300 168.27100 166.59399 165.75999 167.43500 167.48399 165.07001 166.24300 165.82001 167.56599 168.34500 167.00999 164.46001 165.36000 165.49899 165.85500 165.85899 165.88400 164.32899 164.79201 164.41901 163.41100 163.56200 161.30701 160.25301 159.02800 156.90500 154.32401 154.20799 153.14500 151.97800 154.98100 157.22000 157.48500 158.42000 159.96201 159.80000 161.00500 160.76300 161.20100 158.96899 157.54201 155.71300
168.80600 168.94200 171.58400 173.92101 174.35001 174.54700 174.30701 175.75700 176.67799 173.72301 173.27400 172.45100 170.79601 169.69200 169.73700 169.80299 169.61200 169.96400 169.31900 170.64500 169.52100 168.66701 169.10600 169.79300 169.62500 170.33000 171.81900 173.69200 173.87399 174.11099 175.64500 175.82300 174.03400 171.92101 169.24600 169.64500 170.90800 172.14000 172.69400 171.30800 170.27100 169.96700 170.41499 170.89600 171.15100 169.14900 168.66901 168.60800 168.29300 166.38800 166.05600 165.19501 163.52000 161.19701 160.98399 161.10300 158.65700 159.48100 158.82401 160.63400 162.19200 162.08800 163.75700 164.78500 166.25400 165.21899 164.54100 162.77100 160.91400 159.02600
168.34500 171.15900 171.37900 172.77901 173.79201 172.67999 173.23300 176.16800 174.38901 173.00200 173.32201 172.33400 171.38200 172.63699 173.35800 173.21100 172.01601 172.84200 172.47900 172.44299 171.26700 172.89600 173.46001 173.89999 173.71400 173.02299 173.05800 174.74500 176.01199 176.59599 179.88699 178.53200 178.52901 175.95000 171.60201 171.14799 173.02800 173.05701 173.81599 172.93700 172.95300 172.82201 172.28200 173.66701 174.65800 174.27400 173.33099 173.71800 172.58299 171.53400 169.74899 168.43201 167.63300 166.10699 164.98300 162.62300 162.92400 163.30299 163.76199 164.77600 164.91200 166.79500 167.75200 168.45100 168.41600 165.31799 166.02499 164.18300 164.46100 164.15700
169.69099 169.96300 170.68900 171.10899 172.71100 172.28600 173.22400 175.19400 175.13200 174.27800 173.84900 173.13100 172.91701 173.13600 172.20399 173.16800 173.17599 173.43500 173.38100 174.60500 173.97501 173.70000 174.87300 176.13699 177.46700 178.19299 178.66100 180.63699 180.17599 178.46201 178.47400 178.78000 182.64101 181.09500 177.58200 174.97099 176.15100 176.87000 176.02800 175.10100 174.60899 176.49400 177.28799 177.58501 177.89101 178.96700 178.64700 178.25301 177.79500 176.03300 174.22501 172.48100 171.21600 170.04401 169.42300 167.87900 167.61301 168.41800 168.35899 169.25200 169.24600 171.11700 170.67900 170.72000 170.71100 168.61000 169.15199 167.96800 168.44800 168.01401
169.33800 169.08299 168.88300 170.90199 172.71899 175.34801 173.87700 174.99899 173.82600 172.51801 172.18100 173.25900 172.74600 173.90100 174.56900 174.08701 174.26100 175.65401 175.50000 175.10201 176.65900 177.52200 179.58000 180.50301 181.91600 182.22000 182.96500 183.52400 182.52400 180.86900 181.53500 181.59100 184.13200 183.66299 179.84200 178.77600 178.61600 177.13200 177.78500 177.53999 177.22000 178.32201 178.95700 179.35001 178.99800 180.89301 181.14000 179.44000 178.34100 176.97501 175.31100 173.75000 172.80901 172.89500 172.12399 172.48500 172.42599 172.00200 172.09500 173.48000 172.37900 173.00900 173.30600 172.24001 171.83400 170.87399 170.88800 170.65401 171.35500 169.78600
170.09801 171.11800 172.29401 173.96400 173.05299 173.90401 173.37801 175.58701 174.77800 174.28400 172.92400 174.67900 175.00000 175.85201 176.00999 175.35300 177.10201 178.51700 178.38200 178.61301 178.73199 178.68201 181.20900 184.09500 186.82500 187.93800 187.28700 186.87300 186.13100 186.01100 186.38200 185.92300 187.41200 188.70799 186.12000 184.08600 183.12900 181.58000 181.28400 180.66400 181.15900 181.74200 182.01500 182.23300 182.24899 182.94901 183.00999 182.37399 181.59599 179.28500 178.04300 176.58099 175.71201 176.01401 176.25800 176.18500 175.23100 175.53200 175.38600 175.76700 176.72301 177.68800 175.68100 175.47301 175.27100 172.75200 172.76801 172.05400 171.20599 171.47600
173.99100 175.20700 176.75000 177.64200 176.77299 177.63000 177.57100 179.76801 179.23000 180.08900 181.40700 181.96300 182.09900 180.93600 180.51801 181.30701 181.62500 180.89799 182.08299 182.94800 183.01900 183.85300 186.11099 189.24100 192.57100 190.24699 190.79300 191.88600 189.91400 190.01401 190.49300 190.12801 189.57700 190.02901 188.08400 187.95900 189.27299 187.04601 186.73900 188.29700 188.24500 186.42799 185.58099 184.94200 183.92700 184.52699 184.08600 184.20599 183.78200 181.98700 181.08099 180.59000 179.30200 179.84100 179.14101 179.41499 178.62700 179.40900 179.92900 180.77800 180.02499 180.66000 179.99899 180.47501 178.95399 178.73700 177.91299 177.73100 177.53400 175.35400
173.97200 174.75900 176.14301 177.04300 178.72099 180.15500 179.48100 180.44600 181.74400 182.55200 182.59000 184.82600 186.27299 185.84700 185.75700 187.33900 186.74800 186.28900 185.50101 185.90800 186.14000 186.95399 188.72600 193.78500 195.89200 193.53500 193.95100 195.69000 195.84500 196.83000 195.77000 197.01500 196.73100 195.37300 194.25600 195.06300 195.48100 196.16499 195.97900 197.87500 198.03300 197.74001 193.64200 197.51601 198.08099 198.18700 195.20300 193.76100 191.23599 184.67400 181.76601 181.35100 181.36900 181.55600 181.34900 183.03700 181.88100 182.31799 182.92799 182.92300 182.75800 183.38000 185.85500 187.09100 184.30600 182.46001 182.21400 181.60201 180.69800 179.33200
174.73500 174.04201 175.29201 176.67900 177.25900 177.49200 177.66200 180.87900 181.62100 182.31000 182.20900 183.46400 183.85100 184.62500 186.06599 190.28200 191.72000 191.23399 191.46201 192.72099 191.41701 192.99699 191.97701 193.39101 197.53600 198.65500 200.84100 201.04601 201.46700 201.23300 199.39400 200.36301 201.96500 202.98199 203.72099 201.17999 202.54100 199.98700 200.55299 200.14000 200.05099 201.25400 201.09500 228.05400 246.02400 263.30200 262.93799 261.34399 261.23901 260.04800 208.14900 185.81100 182.13901 181.40700 180.75500 183.27100 185.07001 184.88800 184.58800 186.53500 186.24899 187.75101 187.45100 188.59801 188.62500 186.30499 186.10699 183.79201 182.22900 182.74001
176.06000 177.03999 176.53999 177.89200 178.87100 180.19299 181.04100 184.32600 184.77400 186.40601 184.87100 184.93600 185.27499 184.35201 186.05400 189.79500 192.23300 194.38100 193.67700 192.97000 193.24400 194.96899 196.12300 196.88400 198.11301 197.91100 198.35500 201.79201 203.25000 204.06000 204.64700 204.33701 203.65300 204.34100 204.06500 202.77600 202.43900 201.65900 200.63699 199.61900 200.33701 202.68100 208.79300 218.15601 266.84399 265.87799 265.94101 263.06201 262.23700 262.19400 260.61899 211.68500 191.50200 187.61400 185.32899 186.46300 189.24400 191.56500 188.87199 189.89000 189.53500 190.28500 190.97900 191.52400 192.59900 189.29601 188.13800 187.81100 186.49200 185.50000
174.25101 176.09801 177.05800 180.91000 183.20599 186.23700 187.83501 189.97099 194.03400 212.27499 236.97099 201.03300 193.17900 191.89700 197.31700 192.21100 193.50700 194.29401 195.04800 195.65401 197.44200 196.52400 198.37399 201.57600 200.14900 199.12300 199.51500 202.06700 203.38901 203.95500 205.49899 206.05499 204.39101 201.19400 202.25101 201.42900 201.98801 200.57800 201.63800 202.39500 203.41400 204.55800 210.37900 220.07201 244.97900 266.53101 265.97900 263.82401 261.88501 260.62299 261.38000 259.72601 206.77200 194.67000 190.06500 188.83099 188.31500 191.11501 193.24400 193.18401 192.92799 191.63200 191.77200 191.07100 191.97301 190.96500 190.63300 190.10300 188.48000 187.87700
177.62601 181.22099 253.17900 255.94400 254.87500 239.06300 194.77000 195.33800 194.05800 192.65199 203.60600 219.41499 261.71600 209.58600 267.61899 251.29500 219.66000 200.85699 197.45700 196.44701 197.62300 197.25400 199.62801 200.92000 202.49200 201.06799 202.40300 205.02499 205.51300 206.84300 207.79300 207.42200 207.22200 206.79601 205.37900 203.83200 202.77600 205.12399 205.34100 204.37100 203.94099 204.21700 209.58099 216.34200 269.70099 267.98499 266.25800 264.69601 264.09000 264.50400 263.92801 262.40900 235.11400 221.14000 202.98900 195.72400 192.65401 192.88400 195.12801 196.02699 195.43300 193.57500 194.30800 194.62601 194.91400 193.14799 192.52800 191.77000 192.09200 191.24001
199.08200 248.77100 253.34801 252.19400 209.93900 193.32001 193.18800 191.12601 192.84700 192.62500 192.57201 195.53101 197.59000 198.64301 198.59700 198.50999 198.75800 198.23300 200.32001 199.03400 194.49699 194.45500 197.54201 202.52600 211.95500 205.59700 205.11000 208.83099 211.05299 209.81100 209.25301 209.47200 208.92599 205.36800 204.87100 205.62700 206.46300 207.71300 207.03500 206.65199 206.84599 207.86900 209.27699 218.16100 262.30499 267.07001 266.22101 264.35001 264.00699 264.77301 265.16901 263.32901 263.96701 262.28400 260.45099 202.32401 193.42000 193.97000 191.93800 194.93600 195.50101 193.92101 193.49100 195.30800 195.00700 194.40800 194.25700 194.57300 194.19501 194.75200
200.41000 179.23300 179.44000 181.33701 181.00101 188.51199 252.43800 261.48199 234.08000 196.67101 195.22200 198.56000 200.27600 201.61200 200.36900 201.63000 272.84900 272.31699 271.28299 217.19000 204.34300 202.74300 206.39400 203.99400 263.68399 243.79700 208.27800 210.77699 214.19901 215.99200 215.38200 214.35201 211.48399 208.13800 209.05299 209.81500 210.29201 210.14200 211.09900 209.04401 209.74200 209.77000 210.54201 219.56500 258.38000 268.07501 268.87000 265.05099 265.37000 264.81100 265.61700 266.56799 266.08200 264.48700 263.32001 225.64000 200.96500 196.01700 193.28799 195.52100 196.30200 195.07800 196.13200 198.65800 201.61600 201.97301 200.90800 201.08501 198.68201 197.85201
250.68800 249.13499 183.51900 180.85201 181.06900 183.83099 190.49300 200.87900 196.80400 245.34801 264.73401 266.23599 210.48900 204.41800 202.93300 201.24400 211.01601 272.84100 273.52301 273.14200 272.35501 269.13699 268.32700 267.98700 269.53900 268.94699 229.50900 215.65800 216.94600 218.61200 218.03101 219.08099 215.32201 214.02800 213.66200 211.35201 213.94501 215.19901 216.30299 214.66600 213.38300 209.52100 210.60600 215.65601 243.37601 227.68900 271.12100 269.56500 268.69800 269.26300 267.10101 264.78101 233.91200 216.85001 220.43500 243.70200 204.63200 197.81500 196.37300 196.30701 197.19000 196.85300 198.12801 199.48500 200.62500 202.67000 203.26801 203.12601 203.47301 201.93100
