data/hydroclimate-scenarios/1948-2000.Pcorr55N_Pref_Tref/monthly_summaries/isr_monthly_avg_aug.1950-2000.asc
ncols	311
nrows	91
xllcenter	102.75
yllcenter	31.75
cellsize	0.5
NODATA_value	-9999
[rows 0 to 30 of 91, columns 210 to 279 of 311]
-9999 -9999 -9999 -9999 -9999 -9999 -9999 -9999 -9999 -9999 -9999 -9999 -9999 -9999 -9999 -9999 -9999 -9999 -9999 -9999 -9999 -9999 -9999 -9999 -9999 -9999 -9999 -9999 -9999 -9999 -9999 -9999 -9999 -9999 -9999 -9999 -9999 -9999 -9999 -9999 -9999 -9999 -9999 -9999 -9999 -9999 -9999 -9999 -9999 -9999 -9999 -9999 -9999 -9999 -9999 -9999 -9999 -9999 -9999 -9999 -9999 -9999 -9999 -9999 -9999 -9999 -9999 -9999 -9999 -9999
-9999 -9999 -9999 -9999 -9999 -9999 -9999 -9999 -9999 -9999 -9999 -9999 -9999 -9999 -9999 -9999 -9999 -9999 -9999 -9999 -9999 -9999 -9999 -9999 -9999 -9999 -9999 -9999 -9999 -9999 -9999 -9999 -9999 -9999 -9999 -9999 -9999 -9999 -9999 -9999 -9999 -9999 -9999 -9999 -9999 -9999 -9999 -9999 -9999 -9999 -9999 -9999 -9999 -9999 -9999 -9999 -9999 -9999 -9999 -9999 -9999 -9999 -9999 -9999 -9999 -9999 -9999 -9999 -9999 -9999
-9999 -9999 -9999 -9999 -9999 -9999 -9999 -9999 -9999 -9999 -9999 -9999 -9999 -9999 -9999 -9999 -9999 -9999 -9999 -9999 -9999 -9999 -9999 -9999 -9999 -9999 -9999 -9999 -9999 -9999 -9999 -9999 -9999 -9999 -9999 -9999 -9999 -9999 -9999 -9999 -9999 -9999 -9999 -9999 -9999 -9999 -9999 -9999 -9999 -9999 -9999 -9999 -9999 -9999 -9999 -9999 -9999 -9999 -9999 -9999 -9999 -9999 -9999 -9999 -9999 -9999 -9999 -9999 -9999 -9999
-9999 -9999 -9999 -9999 -9999 -9999 -9999 -9999 -9999 -9999 -9999 -9999 -9999 -9999 -9999 -9999 -9999 -9999 -9999 -9999 -9999 -9999 -9999 -9999 -9999 -9999 -9999 -9999 -9999 -9999 -9999 -9999 -9999 -9999 -9999 -9999 -9999 -9999 -9999 -9999 -9999 -9999 -9999 -9999 -9999 -9999 -9999 -9999 -9999 -9999 -9999 -9999 -9999 -9999 -9999 -9999 -9999 -9999 -9999 -9999 -9999 -9999 -9999 -9999 -9999 -9999 -9999 -9999 -9999 -9999
-9999 -9999 -9999 -9999 -9999 -9999 -9999 -9999 -9999 -9999 -9999 -9999 -9999 -9999 -9999 -9999 -9999 -9999 -9999 -9999 -9999 -9999 -9999 -9999 -9999 -9999 -9999 -9999 -9999 -9999 -9999 -9999 -9999 -9999 -9999 -9999 -9999 -9999 -9999 -9999 -9999 -9999 -9999 -9999 -9999 -9999 -9999 -9999 -9999 -9999 -9999 -9999 -9999 -9999 -9999 -9999 -9999 -9999 -9999 -9999 -9999 -9999 -9999 -9999 -9999 -9999 -9999 -9999 -9999 -9999
-9999 -9999 -9999 -9999 -9999 -9999 -9999 -9999 -9999 -9999 -9999 -9999 -9999 -9999 -9999 -9999 -9999 -9999 -9999 -9999 -9999 -9999 -9999 -9999 -9999 -9999 -9999 -9999 -9999 -9999 -9999 -9999 -9999 -9999 -9999 -9999 -9999 -9999 -9999 -9999 -9999 -9999 -9999 -9999 -9999 -9999 -9999 -9999 -9999 -9999 -9999 -9999 -9999 -9999 -9999 -9999 -9999 -9999 -9999 -9999 -9999 -9999 -9999 -9999 -9999 -9999 -9999 -9999 -9999 -9999
-9999 -9999 -9999 -9999 -9999 -9999 -9999 -9999 -9999 -9999 -9999 -9999 -9999 -9999 -9999 -9999 -9999 -9999 -9999 -9999 -9999 -9999 -9999 -9999 -9999 -9999 -9999 -9999 -9999 -9999 -9999 -9999 -9999 -9999 -9999 -9999 -9999 -9999 -9999 -9999 -9999 -9999 -9999 -9999 -9999 -9999 -9999 -9999 -9999 -9999 -9999 -9999 -9999 -9999 -9999 -9999 -9999 -9999 -9999 -9999 -9999 -9999 -9999 -9999 -9999 -9999 -9999 -9999 -9999 -9999
-9999 -9999 -9999 -9999 -9999 -9999 -9999 -9999 -9999 -9999 -9999 -9999 -9999 -9999 -9999 -9999 -9999 -9999 -9999 -9999 -9999 -9999 -9999 -9999 -9999 -9999 -9999 -9999 -9999 -9999 -9999 -9999 -9999 -9999 -9999 -9999 -9999 -9999 -9999 -9999 -9999 -9999 -9999 -9999 -9999 -9999 -9999 -9999 -9999 -9999 -9999 -9999 -9999 -9999 -9999 -9999 -9999 -9999 -9999 -9999 -9999 -9999 -9999 -9999 -9999 -9999 -9999 -9999 -9999 -9999
-9999 -9999 -9999 -9999 -9999 -9999 -9999 -9999 -9999 -9999 -9999 -9999 -9999 -9999 -9999 -9999 -9999 -9999 -9999 -9999 -9999 -9999 -9999 -9999 -9999 -9999 -9999 -9999 -9999 -9999 -9999 -9999 -9999 -9999 -9999 -9999 -9999 -9999 -9999 -9999 -9999 -9999 -9999 -9999 -9999 -9999 -9999 -9999 -9999 -9999 -9999 -9999 -9999 -9999 -9999 -9999 -9999 -9999 -9999 -9999 -9999 -9999 -9999 -9999 -9999 -9999 -9999 -9999 -9999 -9999
-9999 -9999 -9999 -9999 -9999 -9999 -9999 -9999 -9999 -9999 -9999 -9999 -9999 -9999 -9999 -9999 -9999 -9999 -9999 -9999 -9999 -9999 -9999 -9999 -9999 -9999 -9999 -9999 -9999 -9999 -9999 -9999 -9999 -9999 -9999 -9999 -9999 -9999 -9999 -9999 -9999 -9999 -9999 -9999 -9999 -9999 -9999 -9999 -9999 -9999 -9999 -9999 -9999 -9999 -9999 -9999 -9999 -9999 -9999 -9999 -9999 -9999 -9999 -9999 -9999 -9999 -9999 -9999 -9999 -9999
-9999 -9999 -9999 -9999 -9999 -9999 -9999 -9999 -9999 -9999 -9999 -9999 -9999 -9999 -9999 -9999 -9999 -9999 -9999 -9999 -9999 -9999 -9999 -9999 -9999 -9999 -9999 -9999 -9999 -9999 -9999 -9999 -9999 -9999 -9999 -9999 -9999 -9999 -9999 -9999 -9999 -9999 -9999 -9999 -9999 -9999 -9999 -9999 -9999 -9999 -9999 -9999 -9999 -9999 -9999 -9999 -9999 -9999 -9999 -9999 -9999 -9999 -9999 -9999 -9999 -9999 -9999 -9999 -9999 -9999
-9999 -9999 -9999 -9999 -9999 -9999 -9999 -9999 -9999 -9999 -9999 -9999 -9999 -9999 -9999 -9999 -9999 -9999 -9999 -9999 -9999 -9999 -9999 -9999 -9999 -9999 -9999 -9999 -9999 -9999 -9999 -9999 -9999 -9999 -9999 -9999 -9999 -9999 -9999 -9999 -9999 -9999 -9999 -9999 -9999 -9999 -9999 -9999 -9999 -9999 -9999 -9999 -9999 -9999 -9999 -9999 -9999 -9999 -9999 -9999 -9999 -9999 -9999 -9999 -9999 -9999 -9999 -9999 -9999 -9999
-9999 -9999 -9999 -9999 -9999 -9999 -9999 -9999 -9999 -9999 -9999 -9999 -9999 -9999 -9999 -9999 -9999 -9999 -9999 -9999 -9999 -9999 -9999 -9999 -9999 -9999 -9999 -9999 -9999 -9999 -9999 -9999 -9999 -9999 -9999 -9999 -9999 -9999 -9999 -9999 -9999 -9999 -9999 -9999 -9999 -9999 -9999 -9999 -9999 -9999 -9999 -9999 -9999 -9999 -9999 -9999 -9999 -9999 -9999 -9999 -9999 -9999 -9999 -9999 -9999 -9999 -9999 -9999 -9999 -9999
152.50301 147.64500 148.15300 145.63000 147.60500 147.05800 146.65199 149.30901 149.16600 -9999 -9999 -9999 -9999 -9999 -9999 -9999 -9999 -9999 -9999 -9999 -9999 -9999 -9999 -9999 -9999 -9999 -9999 -9999 -9999 -9999 -9999 -9999 -9999 -9999 -9999 -9999 -9999 -9999 -9999 -9999 -9999 -9999 -9999 -9999 -9999 -9999 -9999 -9999 -9999 -9999 144.26801 -9999 -9999 -9999 -9999 -9999 -9999 -9999 -9999 -9999 -9999 -9999 -9999 -9999 -9999 -9999 -9999 -9999 -9999 -9999
157.56400 157.20700 156.87199 158.86900 158.89700 160.24899 159.54601 160.93100 161.57500 159.55099 159.73801 160.41901 161.02200 161.59200 162.32800 164.09100 163.49600 162.04700 161.32600 163.26801 161.57201 169.11900 -9999 -9999 -9999 -9999 -9999 -9999 -9999 -9999 -9999 -9999 -9999 -9999 -9999 -9999 -9999 -9999 -9999 -9999 -9999 -9999 -9999 -9999 -9999 152.07001 151.45599 153.44800 152.79700 153.49800 152.29800 150.29601 -9999 -9999 -9999 139.20799 -9999 -9999 -9999 145.00600 145.98599 148.21899 -9999 -9999 -9999 -9999 -9999 -9999 -9999 -9999
160.32700 160.30200 160.83800 162.30000 162.19800 163.65500 162.47701 163.72701 163.34000 161.62000 163.13100 165.85899 166.37300 166.37500 168.50800 171.12801 172.18201 171.24600 168.81000 169.30600 168.25999 167.12399 167.58600 166.72701 165.60001 165.45700 164.43800 164.09599 -9999 -9999 -9999 -9999 -9999 158.84300 159.84599 159.80099 159.39301 159.18700 156.75999 156.59700 158.71100 158.61800 158.64600 160.57500 159.74400 158.28101 158.69800 158.91901 158.29401 157.94299 157.50000 155.07401 152.25101 151.32300 148.06200 145.78999 146.70799 146.52100 147.44501 151.58099 152.43401 153.28999 153.59200 152.56599 152.36000 153.92900 152.16400 -9999 -9999 -9999
163.55701 163.24699 164.45000 165.28101 165.47301 165.79300 166.14500 166.35600 166.52200 167.33000 170.07800 170.39600 171.11301 170.65601 171.20500 170.57899 171.07401 170.90401 171.41701 169.85500 168.09599 170.11200 169.05901 168.94701 168.21400 169.60500 168.49600 168.60100 168.18900 166.47301 165.62801 167.37399 167.42101 165.02000 166.19901 165.71700 167.47800 168.32100 166.98000 164.41299 165.30800 165.37700 165.73399 165.71001 165.74100 164.20500 164.67400 164.38901 163.38600 163.46600 161.21201 160.13200 158.92300 156.82201 154.25999 154.11301 153.08000 151.90500 154.91600 157.15601 157.41000 158.44901 159.99300 159.80701 161.02901 160.70100 161.14999 158.88300 157.46400 155.61200
168.53900 168.63600 171.28999 173.68401 174.10699 174.31500 174.06000 175.55299 176.46899 173.52800 173.07300 172.17000 170.50200 169.33200 169.36000 169.38400 169.19400 169.78600 169.16499 170.50900 169.38400 168.61800 169.04900 169.65401 169.47099 170.25000 171.73700 173.63901 173.81100 174.00301 175.53999 175.79201 173.98599 171.89600 169.21100 169.56599 170.82899 172.14400 172.68800 171.28700 170.23801 169.87801 170.33800 170.78900 171.05000 169.07001 168.59900 168.62300 168.31500 166.32300 166.00400 165.13000 163.46899 161.17500 160.97900 161.04601 158.63300 159.42000 158.76401 160.57700 162.14301 162.13800 163.81100 164.82800 166.31700 165.18500 164.51900 162.71400 160.85600 158.95500
168.02600 170.90401 171.14200 172.57201 173.58800 172.33800 172.89600 175.91600 174.13699 172.71600 173.03400 171.98599 171.03400 172.37300 173.08000 172.96201 171.80901 172.72701 172.36501 172.24899 171.07201 172.70799 173.27200 173.70300 173.50301 172.76199 172.78600 174.52499 175.77699 176.50200 179.78300 178.50900 178.49500 175.88000 171.53400 171.13901 173.02400 172.98199 173.73599 173.00101 173.02499 172.83900 172.30400 173.73300 174.73599 174.27901 173.34100 173.77499 172.64200 171.74500 169.96400 168.58701 167.79700 166.22800 165.12300 162.79300 163.13100 163.30099 163.75700 164.73199 164.87399 166.77299 167.72800 168.34000 168.29700 165.29401 165.99300 164.08200 164.32100 163.97000
169.35699 169.69901 170.43100 170.89500 172.49200 171.93900 172.86501 174.92599 174.86099 173.97400 173.53600 172.76401 172.53900 172.84700 171.91000 172.91600 172.99699 173.32001 173.26700 174.41100 173.78200 173.51601 174.68500 175.94400 177.27600 177.94600 178.39999 180.41901 179.95100 178.37801 178.38000 178.75700 182.61900 181.05600 177.51601 175.00000 176.17999 176.81100 175.95500 175.17101 174.68700 176.53900 177.34599 177.68401 177.99899 179.00600 178.69099 178.35201 177.89999 176.29500 174.48599 172.67999 171.41499 170.19600 169.59399 168.10001 167.84300 168.43900 168.36301 169.24699 169.21600 171.11000 170.66200 170.62199 170.60201 168.59900 169.13499 167.88901 168.33501 167.88400
169.12601 168.84300 168.65900 170.73500 172.55901 175.13400 173.65401 174.73801 173.55299 172.23599 171.89999 172.98801 172.46300 173.52400 174.18800 173.84599 174.09100 175.60500 175.45000 175.01700 176.57201 177.39000 179.45000 180.31700 181.71400 181.92799 182.66400 183.28799 182.28500 180.78900 181.44901 181.65601 184.20799 183.64500 179.81200 178.73399 178.56200 177.10201 177.75600 177.60100 177.28799 178.37399 179.02299 179.50000 179.15800 180.94200 181.19901 179.57201 178.48100 177.22600 175.56599 174.07201 173.14500 173.13699 172.38100 172.68300 172.61200 172.06500 172.14000 173.56300 172.45100 172.98000 173.26300 172.24800 171.83000 170.86600 170.86800 170.58900 171.30000 169.72800
169.91600 170.91800 172.05499 173.79201 172.86501 173.66600 173.13000 175.30200 174.48300 173.98399 172.60899 174.38300 174.70399 175.46201 175.64101 175.13600 176.95500 178.46899 178.33501 178.52901 178.64600 178.54201 181.08400 183.90300 186.62601 187.65401 186.98900 186.64101 185.89400 185.94701 186.31100 186.00900 187.49400 188.69701 186.10001 184.03900 183.08400 181.56100 181.26100 180.73000 181.23599 181.80200 182.08800 182.39101 182.42000 183.01700 183.08800 182.54300 181.75900 179.56000 178.32401 176.93300 176.07700 176.28300 176.54700 176.40601 175.43800 175.61400 175.45200 175.87000 176.81599 177.65900 175.65300 175.49001 175.28500 172.74699 172.76500 172.00400 171.16299 171.45700
173.94200 175.13100 176.64200 177.49899 176.59900 177.45100 177.38400 179.58800 179.03799 179.77400 181.07700 181.60699 181.73700 180.60201 180.24699 181.14900 181.52400 180.98599 182.17599 182.94800 183.02100 183.61600 185.87399 189.03300 192.35800 190.01700 190.56300 191.59399 189.62100 189.92599 190.39600 190.26300 189.70500 190.02800 188.06799 187.82800 189.12801 186.94299 186.62700 188.20000 188.15700 186.46001 185.62199 185.02800 184.02600 184.74899 184.32001 184.55499 184.14200 182.29100 181.38100 180.97099 179.69800 180.11301 179.42700 179.56300 178.76100 179.48700 180.00200 180.82201 180.07100 180.73000 180.07201 180.53799 179.02000 178.85400 178.03000 177.82201 177.61600 175.32800
173.94901 174.72800 176.08299 176.93201 178.57300 179.97000 179.27699 180.23599 181.52600 182.21400 182.23300 184.44099 185.87900 185.52200 185.49200 187.19200 186.63200 186.36800 185.58600 185.91000 186.13499 186.71001 188.47900 193.56900 195.67400 193.31700 193.72301 195.39900 195.54900 196.74001 195.67400 197.15800 196.86501 195.36800 194.24800 194.92599 195.33299 196.05800 195.86900 197.77699 197.95799 197.81300 193.69901 197.68600 198.28600 198.51801 195.51500 194.17799 191.64799 184.97099 182.07300 181.75600 181.78300 181.85600 181.64600 183.18900 182.03400 182.41100 183.01801 182.98300 182.81500 183.46201 185.94099 187.16701 184.37601 182.59399 182.34000 181.71400 180.80000 179.32300
174.77100 174.18900 175.42000 176.59500 177.13200 177.45700 177.59801 180.74001 181.45900 182.08299 181.96899 183.25700 183.65500 184.39101 185.89200 190.17599 191.62100 191.22800 191.45900 192.73399 191.42999 192.81000 191.79300 193.26801 197.41200 198.45200 200.62700 200.85001 201.26601 201.20100 199.35800 200.48700 202.08400 202.98801 203.71201 201.12000 202.47099 199.83099 200.39600 200.03900 199.96500 201.34000 201.23199 228.34700 246.24600 263.52899 263.19199 261.66101 261.56699 260.34601 208.65300 186.22800 182.54601 181.69400 181.03900 183.44701 185.24200 185.01500 184.70100 186.53999 186.23801 187.86000 187.55000 188.68900 188.70300 186.39400 186.18800 183.77299 182.19901 182.77400
176.08900 177.17101 176.66600 177.84200 178.79100 180.19701 181.01601 184.21500 184.62601 186.16499 184.60001 184.71100 185.10500 184.14799 185.91701 189.69600 192.13000 194.37399 193.67900 192.98199 193.25900 194.77800 195.93100 196.75200 197.98599 197.70200 198.13901 201.59399 203.05000 204.03300 204.60699 204.47000 203.77600 204.34700 204.06500 202.71600 202.37700 201.51199 200.47701 199.52100 200.24100 202.76500 208.99600 218.55099 266.95700 266.11899 266.20200 263.37500 262.57401 262.49301 260.93100 212.34200 191.97400 187.90500 185.61501 186.64900 189.41499 191.70799 188.99600 189.90601 189.53600 190.40900 191.09300 191.63000 192.69600 189.39101 188.23500 187.79100 186.47400 185.53000
174.29100 176.20100 177.14799 180.95599 183.27100 186.02000 187.58600 189.75101 193.71300 211.28000 236.05299 200.14400 192.73700 191.66299 197.18201 192.13100 193.44800 194.17200 194.92200 195.55200 197.33900 196.44400 198.29100 201.44400 200.02699 199.05800 199.44299 201.98300 203.29300 203.76801 205.30400 205.96500 204.28999 201.11501 202.15800 201.35899 201.91800 200.61099 201.67000 202.42599 203.45500 204.69299 210.64101 220.38699 245.14400 266.76501 266.23401 263.99799 262.08099 260.77301 261.55200 259.88300 207.03500 195.02600 190.36099 189.02800 188.51401 191.19701 193.30701 193.21400 192.95300 191.63699 191.78200 191.15700 192.06300 191.01801 190.69200 190.19099 188.57401 187.92999
177.65700 181.31400 253.25400 255.94800 254.89900 238.48000 194.41299 195.09200 193.84300 192.33099 202.74899 218.17700 261.19800 208.88800 267.42499 250.86400 219.29900 200.70700 197.35500 196.37199 197.54300 197.20200 199.58400 200.82700 202.40700 201.02699 202.34801 204.94400 205.42400 206.66400 207.60201 207.33900 207.12601 206.71001 205.28700 203.76401 202.70900 205.15500 205.37300 204.40900 203.98000 204.33900 209.81500 216.59801 269.84799 268.22601 266.51300 264.87500 264.28799 264.66800 264.10001 262.55399 234.96600 221.37300 203.35201 195.94701 192.85699 192.96500 195.20700 196.07300 195.47501 193.59500 194.32500 194.72000 195.01199 193.21100 192.59500 191.87199 192.18700 191.29201
198.38000 248.79601 253.35001 252.02100 209.01300 192.73300 192.83900 190.91100 192.57899 192.26601 192.16901 195.08099 197.16901 198.38200 198.40300 198.35400 198.60800 198.13200 200.22600 198.95100 194.43500 194.40401 197.52800 202.32899 211.56900 205.42900 205.00200 208.76300 210.97000 209.70000 209.13300 209.38901 208.83299 205.18401 204.66800 205.49300 206.33000 207.68500 207.00600 206.62100 206.81500 207.89000 209.36900 218.44600 262.38901 267.12399 266.29501 264.51401 264.18701 264.82901 265.23801 263.38800 264.03699 262.54501 260.72501 202.74600 193.71500 194.00101 191.97200 194.95000 195.50800 194.01801 193.58000 195.39500 195.08800 194.46300 194.30099 194.56400 194.18401 194.76300
199.58701 178.79800 179.13901 180.93600 180.80200 187.81599 252.15300 261.21600 233.37601 196.34801 194.83600 198.14200 199.86200 201.36700 200.18800 201.46500 272.67099 272.18701 271.17899 216.67400 204.26100 202.64900 206.08501 203.66000 263.62601 243.21800 208.11800 210.71500 214.13000 215.88699 215.26601 214.27299 211.39900 207.95700 208.85500 209.68500 210.15700 210.12000 211.07401 209.01601 209.72400 209.80000 210.62900 220.05499 258.44901 268.13400 268.94199 265.21399 265.53799 264.85400 265.68201 266.61401 266.14099 264.73801 263.58600 226.03000 201.33400 196.04201 193.32001 195.53900 196.30901 195.18401 196.22701 198.75700 201.72701 202.06000 200.97900 201.08400 198.66499 197.85699
250.51700 249.11301 182.92101 180.67999 180.86700 183.70100 190.31200 200.48700 196.55800 244.64000 264.36700 265.92499 210.06799 204.33501 202.91400 201.17300 210.88100 272.60300 273.29700 272.92999 272.17300 269.01901 268.22699 267.86200 269.41101 268.78601 229.15800 215.54401 216.80200 218.61200 218.01601 219.09900 215.32201 214.10201 213.71800 211.28700 213.87300 214.99001 216.09500 214.59900 213.33299 209.43600 210.57300 215.87000 243.52499 227.87700 271.10101 269.67899 268.81900 269.41501 267.25500 264.95200 233.95000 217.31500 220.86800 243.92599 205.07500 197.99001 196.55600 196.43800 197.31300 197.16499 198.42700 199.67200 200.80499 202.73900 203.32500 203.11900 203.46300 201.99899
