data/hydroclimate-scenarios/1948-2000.Pcorr55N_Pref_Tref/monthly_summaries/isr_monthly_avg_sep.1950-2000.asc
ncols	311
nrows	91
xllcenter	102.75
yllcenter	31.75
cellsize	0.5
NODATA_value	-9999
[rows 0 to 30 of 91, columns 210 to 279 of 311]
-9999 -9999 -9999 -9999 -9999 -9999 -9999 -9999 -9999 -9999 -9999 -9999 -9999 -9999 -9999 -9999 -9999 -9999 -9999 -9999 -9999 -9999 -9999 -9999 -9999 -9999 -9999 -9999 -9999 -9999 -9999 -9999 -9999 -9999 -9999 -9999 -9999 -9999 -9999 -9999 -9999 -9999 -9999 -9999 -9999 -9999 -9999 -9999 -9999 -9999 -9999 -9999 -9999 -9999 -9999 -9999 -9999 -9999 -9999 -9999 -9999 -9999 -9999 -9999 -9999 -9999 -9999 -9999 -9999 -9999
-9999 -9999 -9999 -9999 -9999 -9999 -9999 -9999 -9999 -9999 -9999 -9999 -9999 -9999 -9999 -9999 -9999 -9999 -9999 -9999 -9999 -9999 -9999 -9999 -9999 -9999 -9999 -9999 -9999 -9999 -9999 -9999 -9999 -9999 -9999 -9999 -9999 -9999 -9999 -9999 -9999 -9999 -9999 -9999 -9999 -9999 -9999 -9999 -9999 -9999 -9999 -9999 -9999 -9999 -9999 -9999 -9999 -9999 -9999 -9999 -9999 -9999 -9999 -9999 -9999 -9999 -9999 -9999 -9999 -9999
-9999 -9999 -9999 -9999 -9999 -9999 -9999 -9999 -9999 -9999 -9999 -9999 -9999 -9999 -9999 -9999 -9999 -9999 -9999 -9999 -9999 -9999 -9999 -9999 -9999 -9999 -9999 -9999 -9999 -9999 -9999 -9999 -9999 -9999 -9999 -9999 -9999 -9999 -9999 -9999 -9999 -9999 -9999 -9999 -9999 -9999 -9999 -9999 -9999 -9999 -9999 -9999 -9999 -9999 -9999 -9999 -9999 -9999 -9999 -9999 -9999 -9999 -9999 -9999 -9999 -9999 -9999 -9999 -9999 -9999
-9999 -9999 -9999 -9999 -9999 -9999 -9999 -9999 -9999 -9999 -9999 -9999 -9999 -9999 -9999 -9999 -9999 -9999 -9999 -9999 -9999 -9999 -9999 -9999 -9999 -9999 -9999 -9999 -9999 -9999 -9999 -9999 -9999 -9999 -9999 -9999 -9999 -9999 -9999 -9999 -9999 -9999 -9999 -9999 -9999 -9999 -9999 -9999 -9999 -9999 -9999 -9999 -9999 -9999 -9999 -9999 -9999 -9999 -9999 -9999 -9999 -9999 -9999 -9999 -9999 -9999 -9999 -9999 -9999 -9999
-9999 -9999 -9999 -9999 -9999 -9999 -9999 -9999 -9999 -9999 -9999 -9999 -9999 -9999 -9999 -9999 -9999 -9999 -9999 -9999 -9999 -9999 -9999 -9999 -9999 -9999 -9999 -9999 -9999 -9999 -9999 -9999 -9999 -9999 -9999 -9999 -9999 -9999 -9999 -9999 -9999 -9999 -9999 -9999 -9999 -9999 -9999 -9999 -9999 -9999 -9999 -9999 -9999 -9999 -9999 -9999 -9999 -9999 -9999 -9999 -9999 -9999 -9999 -9999 -9999 -9999 -9999 -9999 -9999 -9999
-9999 -9999 -9999 -9999 -9999 -9999 -9999 -9999 -9999 -9999 -9999 -9999 -9999 -9999 -9999 -9999 -9999 -9999 -9999 -9999 -9999 -9999 -9999 -9999 -9999 -9999 -9999 -9999 -9999 -9999 -9999 -9999 -9999 -9999 -9999 -9999 -9999 -9999 -9999 -9999 -9999 -9999 -9999 -9999 -9999 -9999 -9999 -9999 -9999 -9999 -9999 -9999 -9999 -9999 -9999 -9999 -9999 -9999 -9999 -9999 -9999 -9999 -9999 -9999 -9999 -9999 -9999 -9999 -9999 -9999
-9999 -9999 -9999 -9999 -9999 -9999 -9999 -9999 -9999 -9999 -9999 -9999 -9999 -9999 -9999 -9999 -9999 -9999 -9999 -9999 -9999 -9999 -9999 -9999 -9999 -9999 -9999 -9999 -9999 -9999 -9999 -9999 -9999 -9999 -9999 -9999 -9999 -9999 -9999 -9999 -9999 -9999 -9999 -9999 -9999 -9999 -9999 -9999 -9999 -9999 -9999 -9999 -9999 -9999 -9999 -9999 -9999 -9999 -9999 -9999 -9999 -9999 -9999 -9999 -9999 -9999 -9999 -9999 -9999 -9999
-9999 -9999 -9999 -9999 -9999 -9999 -9999 -9999 -9999 -9999 -9999 -9999 -9999 -9999 -9999 -9999 -9999 -9999 -9999 -9999 -9999 -9999 -9999 -9999 -9999 -9999 -9999 -9999 -9999 -9999 -9999 -9999 -9999 -9999 -9999 -9999 -9999 -9999 -9999 -9999 -9999 -9999 -9999 -9999 -9999 -9999 -9999 -9999 -9999 -9999 -9999 -9999 -9999 -9999 -9999 -9999 -9999 -9999 -9999 -9999 -9999 -9999 -9999 -9999 -9999 -9999 -9999 -9999 -9999 -9999
-9999 -9999 -9999 -9999 -9999 -9999 -9999 -9999 -9999 -9999 -9999 -9999 -9999 -9999 -9999 -9999 -9999 -9999 -9999 -9999 -9999 -9999 -9999 -9999 -9999 -9999 -9999 -9999 -9999 -9999 -9999 -9999 -9999 -9999 -9999 -9999 -9999 -9999 -9999 -9999 -9999 -9999 -9999 -9999 -9999 -9999 -9999 -9999 -9999 -9999 -9999 -9999 -9999 -9999 -9999 -9999 -9999 -9999 -9999 -9999 -9999 -9999 -9999 -9999 -9999 -9999 -9999 -9999 -9999 -9999
-9999 -9999 -9999 -9999 -9999 -9999 -9999 -9999 -9999 -9999 -9999 -9999 -9999 -9999 -9999 -9999 -9999 -9999 -9999 -9999 -9999 -9999 -9999 -9999 -9999 -9999 -9999 -9999 -9999 -9999 -9999 -9999 -9999 -9999 -9999 -9999 -9999 -9999 -9999 -9999 -9999 -9999 -9999 -9999 -9999 -9999 -9999 -9999 -9999 -9999 -9999 -9999 -9999 -9999 -9999 -9999 -9999 -9999 -9999 -9999 -9999 -9999 -9999 -9999 -9999 -9999 -9999 -9999 -9999 -9999
-9999 -9999 -9999 -9999 -9999 -9999 -9999 -9999 -9999 -9999 -9999 -9999 -9999 -9999 -9999 -9999 -9999 -9999 -9999 -9999 -9999 -9999 -9999 -9999 -9999 -9999 -9999 -9999 -9999 -9999 -9999 -9999 -9999 -9999 -9999 -9999 -9999 -9999 -9999 -9999 -9999 -9999 -9999 -9999 -9999 -9999 -9999 -9999 -9999 -9999 -9999 -9999 -9999 -9999 -9999 -9999 -9999 -9999 -9999 -9999 -9999 -9999 -9999 -9999 -9999 -9999 -9999 -9999 -9999 -9999
-9999 -9999 -9999 -9999 -9999 -9999 -9999 -9999 -9999 -9999 -9999 -9999 -9999 -9999 -9999 -9999 -9999 -9999 -9999 -9999 -9999 -9999 -9999 -9999 -9999 -9999 -9999 -9999 -9999 -9999 -9999 -9999 -9999 -9999 -9999 -9999 -9999 -9999 -9999 -9999 -9999 -9999 -9999 -9999 -9999 -9999 -9999 -9999 -9999 -9999 -9999 -9999 -9999 -9999 -9999 -9999 -9999 -9999 -9999 -9999 -9999 -9999 -9999 -9999 -9999 -9999 -9999 -9999 -9999 -9999
-9999 -9999 -9999 -9999 -9999 -9999 -9999 -9999 -9999 -9999 -9999 -9999 -9999 -9999 -9999 -9999 -9999 -9999 -9999 -9999 -9999 -9999 -9999 -9999 -9999 -9999 -9999 -9999 -9999 -9999 -9999 -9999 -9999 -9999 -9999 -9999 -9999 -9999 -9999 -9999 -9999 -9999 -9999 -9999 -9999 -9999 -9999 -9999 -9999 -9999 -9999 -9999 -9999 -9999 -9999 -9999 -9999 -9999 -9999 -9999 -9999 -9999 -9999 -9999 -9999 -9999 -9999 -9999 -9999 -9999
69.85550 68.58890 69.58990 68.27970 68.03090 68.62750 69.10990 70.65560 70.59670 -9999 -9999 -9999 -9999 -9999 -9999 -9999 -9999 -9999 -9999 -9999 -9999 -9999 -9999 -9999 -9999 -9999 -9999 -9999 -9999 -9999 -9999 -9999 -9999 -9999 -9999 -9999 -9999 -9999 -9999 -9999 -9999 -9999 -9999 -9999 -9999 -9999 -9999 -9999 -9999 -9999 58.48580 -9999 -9999 -9999 -9999 -9999 -9999 -9999 -9999 -9999 -9999 -9999 -9999 -9999 -9999 -9999 -9999 -9999 -9999 -9999
71.43030 73.05420 73.73840 74.47090 76.03800 75.23090 75.02660 75.60900 75.76790 62.96800 63.14330 63.41890 63.12310 64.67970 65.08330 65.27590 64.11560 64.02040 64.68070 63.94210 62.17070 76.00490 -9999 -9999 -9999 -9999 -9999 -9999 -9999 -9999 -9999 -9999 -9999 -9999 -9999 -9999 -9999 -9999 -9999 -9999 -9999 -9999 -9999 -9999 -9999 66.31500 64.35010 63.65570 65.49940 67.06850 65.12640 63.00060 -9999 -9999 -9999 55.78010 -9999 -9999 -9999 58.23660 59.79750 60.81820 -9999 -9999 -9999 -9999 -9999 -9999 -9999 -9999
75.92370 76.85420 76.96500 78.68750 78.92960 78.85110 79.45460 79.99470 80.28240 67.54420 83.53980 83.76090 84.44820 84.69930 87.13950 87.63200 89.10560 90.37250 86.62290 85.45230 84.80490 82.95780 83.01950 80.74970 80.32170 78.88130 75.39610 74.03150 -9999 -9999 -9999 -9999 -9999 72.04870 71.29860 70.88660 70.15070 68.54980 67.16840 66.59480 67.53310 68.12910 69.00270 68.39650 68.66700 70.63440 70.84200 70.72150 70.08890 71.07180 70.48110 66.55870 66.92300 63.39500 62.06860 61.38800 62.28940 59.37710 59.27560 62.16530 63.74280 66.05330 65.72370 63.94170 63.68100 64.93580 63.10650 -9999 -9999 -9999
81.22820 82.30060 82.93500 83.44260 84.59850 84.26130 85.94390 86.75410 87.70460 88.28390 89.55210 90.73470 89.86130 91.04340 91.52820 90.67840 92.56590 89.58940 89.32730 87.45630 86.62610 86.67240 83.23600 83.48390 84.42640 82.79720 83.24060 80.77830 80.10640 79.93550 80.03730 78.48110 77.19460 76.41550 75.58600 76.18370 76.35920 75.65570 75.10160 74.16690 73.95430 75.04880 74.33840 75.24870 75.19410 75.15390 73.95900 73.19820 73.10390 74.17190 74.09800 72.90250 71.21470 69.52980 69.11340 67.90340 66.64680 65.44280 66.28850 66.04580 66.36370 67.89310 67.81400 68.49800 68.66910 68.97360 68.19580 67.37730 65.76780 64.95260
88.66300 89.42930 91.34600 95.71400 96.98140 97.62060 95.13110 94.40930 96.60700 93.78010 93.34280 92.97680 91.96930 91.21110 90.53750 92.03480 91.11860 90.32750 89.25390 77.81650 71.52120 83.65610 83.37300 83.45100 83.63240 83.62930 84.16580 84.06350 84.38000 86.25590 87.40880 86.34700 84.92540 82.37030 79.99500 79.77950 80.38400 80.86180 81.12190 79.94440 80.22510 80.04630 79.74330 79.61700 78.88540 79.09170 78.11600 77.31700 77.51090 78.53800 77.71930 76.64600 75.28350 75.19120 73.34690 72.12940 71.60130 68.78370 70.18170 70.23360 69.87630 71.05990 71.04530 71.59100 71.79450 71.94220 72.30230 70.27420 69.33490 69.01150
87.74450 90.40900 91.83310 90.85790 93.78050 93.97780 95.55510 96.50680 93.57300 91.91490 93.52070 92.42600 90.99810 91.89500 91.69830 91.25180 88.40150 91.12580 87.60680 87.56750 86.39010 87.21410 88.34140 87.33880 86.92770 85.99540 86.54470 86.26950 87.60530 87.79570 90.28510 90.22680 90.05960 87.03790 83.13590 83.03560 83.13440 83.74470 83.82550 83.61380 82.83340 82.74910 82.66830 83.58340 84.06810 82.66900 82.86180 83.28490 82.60890 82.53930 82.24570 80.97100 79.61000 78.03650 77.75700 75.61790 75.07650 75.06610 74.49330 75.58030 75.09420 75.96980 75.80660 75.96280 76.29770 75.75490 74.47260 73.64680 73.26620 72.18920
89.85750 89.50380 90.23010 89.21300 91.32150 95.32230 94.95510 95.09280 93.85430 91.81480 92.09740 91.19080 90.18940 88.93210 89.01440 89.78090 89.81300 88.81740 89.08450 89.27950 89.37740 88.31290 88.98040 89.61960 89.82500 92.13490 91.27510 91.72510 91.52670 89.51390 89.49600 90.96840 94.12700 91.03670 89.05640 87.82400 87.09670 86.82880 86.74020 86.35410 86.06090 86.14330 86.67700 87.29760 87.26350 87.19700 87.67850 87.61730 86.70220 86.71190 85.40690 84.46670 84.00210 82.21960 82.63940 79.54250 79.11530 79.04220 79.20190 79.88530 79.22940 79.15720 78.90940 79.81690 79.05760 77.22020 77.53230 77.58710 76.70040 75.33190
89.13980 88.48220 89.51610 91.46680 95.49290 96.30170 93.07060 92.97900 91.73870 91.03090 91.06700 90.86950 90.42350 88.97300 88.96640 90.02620 90.00580 90.12710 90.51210 90.90850 90.90370 90.96430 91.56130 92.45920 93.41910 94.41970 95.63390 95.47170 93.63080 93.08170 93.04870 93.99240 95.40850 95.76990 93.16210 91.65480 90.55730 89.47270 88.48400 89.65270 89.68070 89.50200 89.59790 89.90700 89.35190 89.31600 90.38860 90.55620 89.81360 89.32900 88.87190 87.80620 87.55930 86.60840 85.94340 85.23580 84.32260 83.65650 84.24400 83.65510 83.54000 83.37060 82.04530 83.02850 82.48390 81.58690 81.57300 81.40560 80.30060 79.87660
91.08010 91.71860 93.66700 95.36000 95.00700 93.57730 91.63470 93.23950 92.84970 93.13640 92.62440 93.35710 93.01790 92.04730 92.00010 92.02900 92.18600 92.96360 92.39940 93.10600 93.05990 92.85420 93.69900 96.65430 98.38930 99.77270 99.08810 98.54530 97.43460 97.80350 97.78600 97.91150 98.27700 100.91300 98.21650 96.36700 95.09310 92.84070 92.55470 92.60580 92.31490 93.01730 92.74690 92.43090 92.54080 92.83150 92.73290 92.95450 92.72470 92.50100 91.53990 90.94870 90.97220 89.77820 88.66390 87.80450 87.54120 86.94540 86.49630 86.78330 86.50560 87.13860 86.36740 86.35070 85.97460 85.42030 85.43990 85.06270 84.52520 82.88370
95.84710 96.47020 97.32590 98.16820 96.68060 97.14660 97.58400 98.02460 98.28460 99.31430 100.38300 99.62460 98.61030 99.02040 97.64500 97.20180 96.51330 97.15560 97.60860 98.10300 97.58410 98.60970 99.42270 102.89300 104.78200 103.47900 104.30900 103.85100 102.05600 102.15700 102.12700 101.23000 100.77300 99.66720 97.62190 98.10320 98.39650 97.68940 96.91740 97.18310 97.26700 97.50480 96.97280 97.07740 95.58110 94.96290 95.21360 95.47040 95.01920 94.85160 94.89860 94.89970 94.59690 94.04900 93.67020 92.46440 92.74600 92.02290 92.36970 91.53100 91.56810 90.47730 89.91040 89.80940 89.45860 89.13250 89.38150 88.78960 87.96980 87.78700
96.18560 96.27080 96.60130 97.60850 98.92750 100.59500 99.47110 99.23860 99.99760 101.36700 101.96300 102.96700 103.49700 104.01600 104.56200 104.52100 102.89600 103.42700 102.26000 101.51300 101.39500 102.03600 103.10900 105.81200 107.88600 107.58000 107.10300 107.35700 107.67500 107.98900 107.65300 107.21900 106.78700 105.10000 103.49000 103.53200 104.36100 106.16700 104.95500 106.25900 106.15500 105.33100 103.59100 105.87900 105.31400 102.86200 101.83100 101.09300 99.62450 98.27970 96.47320 96.64540 97.22820 96.54330 95.39120 95.82590 96.18680 95.62590 95.20350 94.92730 94.09290 94.25400 95.67990 94.54970 93.64510 92.99940 92.81630 92.26620 92.31530 90.80910
98.31860 97.80050 97.89880 99.13690 99.22490 100.47200 100.06600 101.76100 101.96600 101.28800 101.05800 101.48500 102.01600 102.08400 103.87700 107.78600 108.10400 110.60600 109.56600 114.32800 108.15700 107.75700 105.89500 106.18400 110.00100 112.93800 117.41300 114.34700 114.62300 114.31400 111.21800 112.64300 113.14300 111.93900 111.73200 110.10700 110.39700 110.61100 110.70700 109.60900 110.22900 111.48100 109.31000 130.83299 146.17999 157.31700 156.51601 156.27699 156.82500 156.26401 114.63400 99.87370 99.01190 99.25020 98.40260 98.62850 99.14700 99.65950 99.06350 98.49350 98.25710 97.71580 97.39950 98.22850 98.79440 98.09140 98.04860 96.79220 95.69120 92.64000
100.36300 100.60200 100.58700 101.36200 101.63500 104.01300 104.07000 105.98300 106.37100 105.53100 104.67200 104.31400 103.39900 101.87500 103.04500 105.70300 108.77600 111.87800 110.73400 110.63800 110.72400 109.55300 110.50700 110.16500 110.07500 111.84600 112.69900 116.01200 117.42600 116.66300 115.66200 116.27400 114.40700 112.86300 111.50000 111.79300 110.72300 112.22300 111.73400 110.17700 112.15900 112.02600 114.28900 122.26600 160.83299 160.20799 159.97900 158.57700 158.49500 158.76700 157.75200 117.20900 104.36900 103.87900 103.01600 102.37700 104.28100 105.31800 103.09300 103.04300 102.34900 101.80000 101.48400 102.38900 102.45300 101.08400 100.52700 100.05500 99.58370 97.47930
101.38300 102.27500 103.04200 107.26800 109.05500 110.95300 111.96500 112.33700 116.89100 129.52400 148.19200 117.69300 112.76600 109.29800 112.85700 110.59900 110.26100 110.65700 111.14700 110.99400 111.87600 111.80100 113.48000 115.63400 115.62600 113.88500 114.48200 114.77700 114.90100 112.56600 113.77000 113.75300 111.62600 111.48900 112.53300 112.75300 111.72400 111.21300 111.46300 112.15900 111.99600 113.09500 115.65700 122.03900 142.87801 161.02400 161.20000 160.78000 159.32800 159.52100 159.88600 159.66499 113.96900 107.77500 106.65500 105.68400 105.03900 104.63700 105.53600 105.71000 104.64400 105.65600 104.96500 105.96000 105.98500 105.65500 105.32300 104.55000 103.65800 101.63900
105.50800 108.99400 164.31500 167.69501 167.08400 152.02901 117.67200 119.02300 117.64800 116.01700 119.75400 129.87399 165.33200 120.45300 170.46800 157.01300 129.74100 116.75300 113.89300 113.30200 113.84400 113.61700 114.59700 117.08600 118.41000 116.83200 117.17100 117.97600 118.11900 116.35800 116.45100 115.16300 114.16400 116.64600 116.08000 114.70600 113.67900 115.51400 115.95700 113.07800 113.62900 114.57000 116.05000 120.58600 164.63600 163.52100 162.51300 162.45200 161.91499 163.01401 163.36700 163.04601 137.65300 126.67900 114.50200 111.17500 110.23100 107.65600 109.18400 109.99800 108.08500 109.06000 108.89600 109.55000 109.41300 108.49100 107.46500 107.87300 106.81400 104.73700
121.11800 165.14301 166.87199 164.34399 125.21000 115.43100 116.59000 116.10000 116.86400 116.92600 115.12600 115.45700 115.93600 115.52800 115.99900 114.24700 115.22300 115.67900 117.76400 116.27400 113.63900 112.85200 113.71600 117.09800 123.56400 119.79500 119.66600 121.59400 122.60500 119.41500 118.33300 117.40000 116.03000 116.97200 116.08400 116.13500 116.88000 117.36000 116.78200 114.92800 115.00000 116.21600 116.58600 121.61500 159.56300 162.73801 162.15401 163.03200 162.87601 164.95799 165.89000 165.45100 166.24001 166.56700 165.47301 116.03600 112.95300 112.76400 111.09200 112.60600 111.52300 111.09500 110.87500 111.49200 111.26800 111.23200 110.72800 110.42200 110.23900 109.24700
120.60900 108.10000 108.08500 108.68300 107.91900 112.39500 164.42500 171.27499 150.36501 121.56600 117.92300 116.90100 117.89100 116.86000 116.26500 118.25200 175.03999 174.73900 173.73801 130.26300 123.24900 121.18200 122.22400 120.54400 167.54401 147.73199 122.22600 124.29600 126.19300 124.56100 123.63300 121.43200 118.58100 119.89000 119.50900 119.23700 120.31200 119.81600 120.12700 116.98200 116.87800 117.70800 117.93500 121.87700 156.45200 164.62399 164.42700 163.93600 164.96700 165.34900 166.60400 168.76900 169.63300 170.19200 169.47800 134.11099 118.06800 116.36100 113.70300 114.46700 114.53400 114.02300 113.91800 116.17400 117.32000 117.57100 117.11300 116.10000 114.39000 113.17400
168.88000 164.13300 109.61600 109.73500 109.26300 111.41700 115.69100 121.54300 122.39000 157.43300 173.95799 173.24899 123.42600 120.66300 119.29800 120.35900 124.18700 178.76401 179.62801 179.24699 178.52499 179.00900 177.13400 177.58800 178.82500 174.49001 140.05400 130.18401 130.76700 132.80099 131.21500 129.86099 127.01500 124.55400 122.72900 121.67600 124.19000 124.82900 125.93900 124.14900 122.50600 118.81700 119.28800 120.34300 143.74500 128.70000 167.20100 167.68300 167.25700 170.66100 170.03500 170.73900 141.11099 128.60400 131.75101 153.16701 121.98200 120.42000 119.23400 119.07500 119.15800 117.23800 116.68200 117.35700 117.51900 117.34500 117.67200 118.10500 117.63700 116.63400
