data/hydroclimate-scenarios/1948-2000.Pcorr55N_Pref_Tref/monthly_summaries/isr_monthly_avg_feb.asc
ncols	311
nrows	91
xllcenter	102.75
yllcenter	31.75
cellsize	0.5
NODATA_value	-9999
[rows 31 to 61 of 91, columns 0 to 69 of 311]
-9999 -9999 -9999 -9999 -9999 -9999 -9999 -9999 -9999 -9999 -9999 65.25100 65.42950 65.76000 66.10980 67.00180 67.60750 67.36380 67.65890 67.10400 67.01720 67.26980 66.71150 66.73780 66.38610 65.77220 64.82090 64.45880 63.98620 63.94940 63.34560 62.80100 62.52960 62.47290 62.25460 61.67280 61.72280 62.24330 62.14990 62.22490 62.17830 61.62010 61.58320 61.44620 60.98270 61.23370 61.16230 60.88970 60.88380 61.80880 61.91550 62.40350 62.33350 62.48930 62.41890 62.37790 62.59550 62.76810 62.90700 62.30210 62.40060 62.74600 62.69020 62.80270 62.71500 62.74030 63.26080 61.11990 62.22680 64.10760
-9999 -9999 -9999 -9999 -9999 -9999 -9999 -9999 -9999 -9999 -9999 68.27360 68.41780 67.98260 68.41780 68.63400 69.69750 69.06100 69.88350 69.82100 69.83810 68.92580 68.30290 68.16880 67.51650 68.37920 67.65890 67.17340 66.34640 66.57710 66.01350 65.49980 65.07740 64.62110 64.52220 63.73090 63.78340 63.33450 63.53040 63.87250 63.65620 63.02270 63.06770 63.01370 62.88280 62.97710 63.27020 63.34110 63.35760 64.49830 64.37260 64.99680 64.87060 65.74490 65.63420 65.28500 65.22700 65.52020 65.46190 65.16970 65.19940 65.14600 65.12100 64.93140 64.67350 64.88390 65.38950 63.39330 64.47480 65.48890
-9999 -9999 -9999 -9999 -9999 -9999 -9999 -9999 -9999 -9999 -9999 71.51870 71.63270 70.69100 70.93490 71.20960 71.36000 71.38950 72.17610 71.62070 71.67790 71.43220 70.50790 70.45980 70.28240 70.86300 70.63090 69.48110 68.52070 68.55990 68.22120 67.77520 67.55260 66.65410 66.56920 65.75630 66.07520 65.94450 66.18040 67.01440 66.69770 66.18980 65.93100 65.96710 66.21100 66.29750 66.53450 66.50130 66.61650 67.73280 67.49480 67.76430 67.63510 68.17990 68.17170 67.99850 68.03400 68.37790 68.52540 67.80060 67.89500 67.78350 67.62880 67.41460 67.38390 68.06520 67.93730 65.90450 66.38800 67.40890
-9999 -9999 -9999 -9999 -9999 -9999 -9999 -9999 -9999 -9999 -9999 -9999 73.57210 73.02550 73.02300 73.80590 74.36380 74.03110 74.41790 74.08720 73.99930 73.74050 73.67680 73.68690 72.97290 73.80860 73.12680 73.00210 71.35480 71.26580 70.77740 70.27820 70.13070 69.47250 69.06700 68.02980 68.62650 68.39740 68.66160 69.65390 69.79090 69.52760 69.37790 68.58950 68.70090 68.45040 68.72150 69.26170 69.29260 70.53560 70.16140 70.35690 70.29360 70.98390 70.88490 70.33810 70.29020 70.55670 70.48280 70.60690 70.40800 70.90630 71.00540 71.11170 70.89800 70.40310 70.16230 70.10670 71.40000 71.38850
-9999 -9999 -9999 -9999 -9999 -9999 -9999 -9999 -9999 -9999 -9999 -9999 75.15690 74.91250 75.72260 75.97820 76.24840 75.97040 76.32970 75.93280 76.20090 77.60440 77.09220 77.08340 76.70770 76.29090 75.31610 74.90890 74.11190 74.13940 73.84970 72.84560 72.08840 71.45320 71.56140 70.87130 71.19690 70.76450 70.91530 71.79050 72.59120 72.50940 71.98710 71.41750 71.24870 71.23460 71.37970 72.17690 72.03840 73.26480 73.29400 72.87790 72.62890 73.54080 73.34910 72.85530 72.61320 72.63290 72.50440 72.95900 73.28830 74.03030 74.29560 74.14040 73.43120 72.53060 73.01130 72.70950 73.18960 73.22720
-9999 -9999 -9999 -9999 -9999 -9999 -9999 -9999 -9999 -9999 -9999 -9999 77.86010 77.14640 76.60290 77.51210 78.12160 77.89590 78.73710 79.78580 80.71870 81.22540 80.85490 79.37820 78.17330 79.07820 77.78750 76.51440 76.58640 76.78550 76.11120 75.45950 75.44700 75.30640 74.76480 74.27330 74.15240 73.36210 73.51430 74.78510 75.76720 75.17660 74.40800 73.61220 73.55580 74.20650 74.38810 75.03420 74.40640 75.93050 75.88860 74.94780 74.70280 75.39450 75.37700 75.03800 74.95470 75.21560 75.50480 76.17880 76.47320 76.69460 76.62910 76.18740 76.36240 76.24950 76.31720 75.29900 76.44910 76.01150
-9999 -9999 -9999 80.64300 80.39260 80.25300 80.39940 80.77400 80.60920 -9999 80.25480 80.26100 79.56580 78.72020 78.62110 79.05580 79.40990 79.10660 80.14510 81.57330 81.63890 81.93540 80.72870 79.59020 79.17130 79.98930 79.28860 80.08040 79.53770 81.06780 79.37110 77.74260 78.81130 79.18240 78.20170 77.30040 77.46830 76.27070 76.25770 78.04380 78.53600 76.98080 76.42590 75.75500 76.61960 77.93520 79.02470 78.68050 78.06060 79.45780 79.34430 78.51200 78.38410 80.17360 79.72330 80.18510 80.19250 78.90130 79.55460 79.81300 79.21550 79.35730 79.28550 79.74780 79.55280 79.17980 79.61210 78.73490 78.56200 78.77790
-9999 -9999 -9999 82.14650 81.75660 81.74120 82.18170 81.84810 81.98390 82.09190 81.85190 81.62510 81.60010 80.75220 80.95980 81.45460 81.94670 80.86790 81.01110 81.17230 80.67150 81.38450 79.81620 79.55250 79.96350 81.03850 81.46380 81.83040 82.40100 83.61760 81.82250 81.67100 81.63910 82.19410 81.69740 80.71090 81.55370 81.08570 80.24710 80.56860 80.66020 79.44610 78.55990 78.92940 80.22740 81.20900 81.68810 81.39520 81.05510 82.31320 82.23960 81.63910 82.77140 83.00740 81.72300 81.63800 81.40370 82.19410 83.39050 83.24730 82.55530 82.42000 82.71110 82.66900 82.73980 82.00710 82.05680 80.92560 81.24380 82.27990
-9999 -9999 -9999 82.58650 82.37790 83.19640 84.30190 83.97130 83.58020 83.39240 83.32020 83.30370 83.77130 84.37010 85.31850 84.35440 84.90600 83.93050 82.81050 82.61480 82.75410 83.45560 82.40280 82.64760 83.50960 83.75130 83.95960 83.97530 84.24760 86.13750 87.54440 86.74410 84.99790 84.58790 85.32610 84.48170 84.02160 82.85830 82.69250 82.97430 83.48120 82.09150 81.81010 81.03080 81.69180 82.67860 83.14980 83.33930 83.57630 85.56930 86.10690 84.15060 83.90070 84.58350 83.96800 84.11150 84.04080 84.59260 85.60800 86.09810 85.46320 85.21470 85.26850 86.07870 85.48030 85.62540 85.47780 85.17460 86.35170 87.01660
-9999 -9999 -9999 85.48730 85.19600 86.53890 87.72860 87.31790 86.66530 86.48410 85.54060 85.31190 87.85840 88.89880 89.47930 88.39670 88.65840 88.93240 88.31460 87.08210 87.95820 88.22200 89.02690 88.66100 87.62700 87.65170 87.45230 88.49710 90.14170 91.25350 89.90270 86.08830 87.67370 89.75940 89.52530 88.01270 86.35330 84.98060 85.72720 86.29790 87.07770 87.24250 87.97970 87.34830 86.42810 87.14950 87.89280 87.86980 88.88680 89.48460 89.33990 88.07930 87.80660 89.15840 88.38430 87.51710 87.78390 87.92150 88.65880 89.36030 90.72080 89.05900 89.21240 89.41970 89.72570 90.05420 90.44090 89.93470 91.27920 91.74340
-9999 -9999 -9999 86.92190 87.35870 88.64010 88.11760 88.46810 88.99390 88.20340 87.05460 88.35520 90.43820 92.34900 92.44360 92.28090 92.40330 91.60110 89.15060 87.58800 88.77420 90.05150 90.51470 88.44450 88.04310 88.56130 87.95090 88.35710 90.33050 92.01240 92.44550 91.51210 91.39140 91.10960 90.72210 91.17440 90.32590 88.32990 87.98540 88.35420 89.08310 88.84170 89.56910 90.15900 88.80700 88.62770 89.17380 89.43380 89.61680 90.85310 90.96810 89.71630 89.79870 92.26880 90.73710 90.90440 90.27040 90.35820 91.29770 92.92300 93.39280 92.39960 92.65700 94.91760 95.12500 94.30480 94.81300 95.05390 95.34380 92.76580
-9999 -9999 -9999 -9999 89.88100 91.26910 90.69380 92.01320 92.58490 91.47840 90.10010 90.24870 93.88980 92.03090 -9999 -9999 -9999 -9999 -9999 92.29820 92.55200 92.85150 93.09400 93.19960 92.57940 90.83670 88.90580 90.13160 91.55960 91.52500 91.92830 94.21410 94.27790 92.28430 91.32770 90.87770 90.84910 90.57400 90.76440 91.13730 90.85690 90.93730 91.37810 91.36840 90.90600 90.24240 91.05880 92.24950 91.94610 92.04210 92.19300 92.71850 92.49180 94.32130 94.83330 96.32230 96.40470 96.17830 95.76840 95.57330 96.73060 98.08630 98.71060 98.46720 98.75650 99.19630 98.39270 95.65990 94.44090 -9999
-9999 -9999 92.30570 92.06240 92.38210 92.61260 93.17020 94.36510 93.74750 93.54910 92.25380 92.98030 96.46570 -9999 -9999 -9999 -9999 -9999 98.46700 95.42870 95.16920 93.88950 93.77780 94.30590 94.16840 93.31900 91.58470 92.13870 92.63200 92.52670 92.92350 94.56840 94.93070 93.33460 93.51440 92.77270 93.05020 93.29720 93.13340 93.38720 93.76170 93.15830 93.36080 92.52520 91.79570 91.47610 92.16190 92.55710 91.68210 92.27620 92.45110 92.82950 93.62740 94.24030 95.32070 95.54580 96.54100 97.47830 98.05010 97.20370 97.95600 99.02700 99.45070 99.82360 99.90000 100.05600 99.82570 -9999 -9999 -9999
-9999 -9999 96.46020 95.60600 94.75900 94.76440 94.78060 96.51430 96.25410 96.09400 97.26160 97.70860 98.02060 -9999 -9999 -9999 -9999 95.55830 98.82690 97.64080 97.06300 96.08540 95.52860 96.28200 94.97970 94.73540 94.92380 94.85800 94.53020 94.95420 95.09100 95.84760 95.72180 96.23480 96.57360 96.34360 96.15270 96.27800 97.00780 96.84630 96.85720 97.21050 97.31510 96.89310 96.87970 96.40090 96.18040 95.77940 94.85020 94.36730 94.31510 94.16540 94.39680 94.58260 95.17160 95.90000 96.91010 99.52260 100.68400 99.84720 99.91660 100.84300 100.20400 99.59790 99.24800 -9999 -9999 -9999 -9999 -9999
-9999 -9999 98.47950 98.24490 97.50120 97.26090 97.30600 97.92120 98.23340 98.92340 100.67500 101.13400 94.32870 -9999 -9999 -9999 -9999 100.41700 100.40700 99.82990 99.86940 97.89990 96.85510 96.98410 96.90860 97.22540 97.63900 97.05300 97.21450 97.59260 98.76810 97.18440 97.97440 99.70340 99.53670 99.38220 99.44340 100.06900 100.57700 99.29640 98.83260 99.07420 98.77510 99.05260 98.46600 99.31840 99.46930 98.31950 97.74060 97.76830 96.48950 96.91680 97.49810 97.69440 98.20980 98.02170 98.68360 100.31900 100.58200 100.40600 99.47630 99.41920 99.65130 101.51600 103.78100 104.00200 101.71500 101.93000 100.51700 -9999
-9999 -9999 -9999 101.61500 101.18200 100.75100 100.04000 99.75420 101.15600 103.48500 103.17300 98.42630 -9999 -9999 -9999 -9999 104.40800 104.90700 102.20100 102.20200 101.64400 100.72200 100.40100 99.46130 99.65050 100.30300 99.19280 99.35030 99.40370 100.70100 100.40000 100.81700 100.56900 100.93100 101.12000 101.90300 101.50000 100.61900 100.56400 100.18100 99.99950 99.76100 99.95730 100.41300 99.79250 99.44720 99.14180 100.04700 99.64860 99.75210 101.23500 100.10100 99.68970 100.27700 101.68700 102.88100 103.18800 103.56000 103.73900 103.33000 102.86900 101.74400 103.82000 109.52300 114.65200 105.73600 103.62300 103.79700 102.27600 99.16890
-9999 -9999 -9999 -9999 103.31100 102.74800 102.09100 103.07100 104.41900 103.77000 99.84330 -9999 -9999 -9999 -9999 106.85500 107.18400 105.18300 103.46700 103.48700 103.08000 102.62400 103.24500 102.15500 102.70900 102.13200 101.92400 101.66700 101.85200 101.70800 101.64400 101.95900 101.64700 102.36400 103.45100 104.02000 103.96000 104.09400 103.68700 103.05800 102.77300 102.64700 102.08800 102.34100 101.73700 101.49600 102.00700 102.22100 101.63100 102.23000 102.16800 101.03100 101.79500 103.31800 103.38700 103.58800 104.45500 105.40100 105.87100 106.25100 107.51100 107.38800 107.56700 110.01900 111.51200 108.34300 105.38000 103.56300 104.41900 103.42200
-9999 -9999 -9999 -9999 -9999 -9999 106.14300 106.63000 103.84900 103.23500 106.18700 -9999 -9999 -9999 -9999 -9999 107.31300 106.51900 105.87200 105.60100 105.65400 105.66300 105.94000 105.35300 104.96900 103.47900 103.09200 103.20200 102.21000 104.11300 104.17900 104.18800 103.86300 105.89200 105.38100 106.00600 106.84900 107.45300 106.92800 106.15000 106.16100 106.67700 106.36700 106.27900 105.76200 104.95200 103.95600 104.34500 104.94500 104.76600 104.45800 103.92700 103.88200 104.27600 105.79100 104.44000 104.04300 106.83400 107.33800 108.39000 109.51400 109.27600 110.02600 112.72300 113.82900 111.25700 107.52200 106.04200 106.40700 104.88800
-9999 -9999 -9999 -9999 -9999 -9999 -9999 -9999 -9999 -9999 -9999 -9999 -9999 -9999 -9999 -9999 -9999 -9999 -9999 108.36100 107.89600 108.24900 108.02000 106.16300 106.02800 106.08800 105.79600 104.71800 103.99500 105.90400 106.33300 105.94700 107.31000 108.40000 107.99600 108.96200 108.35700 110.00500 110.07300 109.02200 109.44900 109.47000 108.53500 109.65100 108.47300 107.74000 107.20100 106.63300 106.70200 107.28200 107.50100 105.93100 106.23600 105.76600 106.77500 106.05100 106.48800 108.98100 109.38500 110.27400 112.32800 110.54000 111.67400 114.68900 115.08400 110.83700 107.80300 107.62000 107.83000 107.05100
-9999 -9999 -9999 -9999 -9999 -9999 -9999 -9999 -9999 -9999 -9999 -9999 -9999 -9999 -9999 -9999 -9999 -9999 108.23400 110.14300 110.50400 109.79600 109.06200 108.21800 108.00200 107.31200 106.71400 108.49700 108.16100 108.54200 109.22600 108.46200 109.09100 110.66600 111.18800 111.00200 111.78700 111.37500 111.84700 114.04000 114.45600 112.37200 112.57600 111.75800 110.97100 109.88600 108.65000 107.86800 106.67900 108.02200 108.09000 108.72400 108.98500 108.59000 109.45500 110.69100 111.47700 112.31500 112.70700 110.69300 110.42800 111.31400 112.60200 114.18800 115.27500 110.84100 109.31900 108.82100 108.52000 108.44100
-9999 -9999 -9999 -9999 -9999 -9999 -9999 -9999 -9999 -9999 -9999 -9999 -9999 -9999 -9999 -9999 -9999 110.50600 110.41400 110.88800 112.26700 112.12100 111.44700 110.57300 109.79500 109.44500 109.15400 110.72000 111.53600 111.89800 111.87200 110.71200 111.47700 112.48200 112.23500 113.78200 115.06800 114.83300 115.06500 116.93100 116.52600 115.14500 114.62500 113.78600 113.20000 112.03000 111.19400 110.07200 108.93500 109.77400 109.75200 110.02100 111.12800 110.86500 111.40400 113.09300 114.23600 114.78700 114.19400 112.15900 110.01900 112.61400 115.89800 117.49600 113.34800 111.55600 111.28500 110.82300 110.56300 109.82900
-9999 -9999 -9999 -9999 -9999 -9999 -9999 -9999 -9999 -9999 -9999 -9999 -9999 -9999 -9999 -9999 -9999 113.59800 113.34100 113.21800 114.59400 113.80300 112.44300 112.31900 112.41600 111.43300 111.47300 113.31400 114.00100 114.87300 114.98600 112.83000 112.85800 112.65500 113.08600 116.11400 117.19000 117.41900 118.35700 117.88200 117.04800 115.13200 114.52300 117.09900 116.46000 114.68900 113.87700 114.28900 113.17600 111.26300 111.60400 111.25600 112.37400 113.07100 113.50200 113.95800 115.96300 116.22500 115.39300 113.46700 113.43100 115.66400 116.24400 117.01400 119.06900 116.87600 113.78100 115.75000 112.90300 112.65900
-9999 -9999 -9999 -9999 -9999 -9999 -9999 -9999 -9999 -9999 -9999 -9999 -9999 -9999 -9999 -9999 120.12000 119.53700 119.40300 117.40500 115.87300 115.19100 115.06500 114.38000 114.14600 113.09700 112.99900 115.23900 115.80700 116.46600 116.42100 114.40600 114.59600 112.92200 113.47100 117.36600 117.96700 119.51000 120.32300 119.42900 118.49600 117.23100 116.72400 118.91400 118.22600 116.53600 115.88400 117.17300 115.91900 113.54900 112.99800 113.70100 114.69900 115.29400 115.64800 115.93300 116.01300 117.07900 116.88400 115.83700 115.58600 116.28200 117.58000 121.43300 119.10900 117.16100 116.49300 116.04000 113.74300 114.20200
-9999 -9999 -9999 -9999 -9999 -9999 -9999 -9999 -9999 -9999 -9999 -9999 -9999 119.98000 122.80500 123.74700 124.05700 123.25800 121.54200 120.72000 118.32900 118.92600 116.44800 118.24900 117.75400 117.25700 117.84400 114.43700 114.93400 116.50000 116.65200 115.35700 115.76000 115.96700 115.99500 118.86500 119.52000 116.41700 116.82200 119.26400 119.03900 117.75200 118.02100 120.18400 119.49500 118.67000 118.40300 117.56500 117.45900 118.89900 117.96000 117.51800 117.93700 117.55600 118.02800 117.96500 117.88100 119.24700 119.05600 119.22600 119.40300 118.30600 118.17100 116.48000 115.58700 114.99500 114.60600 115.35500 115.44800 116.42100
-9999 -9999 -9999 -9999 -9999 -9999 -9999 -9999 -9999 -9999 -9999 -9999 122.66700 125.19200 126.05000 127.00400 126.15000 125.36200 123.25500 121.60200 120.12800 119.34100 119.14400 119.81700 119.40700 119.16300 118.63000 115.70800 115.29600 117.53700 117.45600 117.17500 117.31000 118.07700 116.64600 119.64600 120.24100 116.78700 117.05700 119.53300 120.97800 120.30700 120.18800 122.09300 121.74900 121.63300 121.36800 119.56000 120.06700 122.68300 122.20200 120.96900 120.72600 120.26400 119.50400 119.12700 119.77700 121.61600 121.94500 122.00400 121.22900 119.48500 119.32700 117.72200 116.43300 116.69300 115.97400 116.69500 117.45500 119.80500
-9999 -9999 -9999 -9999 -9999 -9999 -9999 -9999 -9999 -9999 -9999 127.49700 127.77600 129.36800 128.17799 127.86700 126.97300 128.19901 127.73800 125.03600 122.84700 122.65300 121.64700 120.02000 119.89500 121.09800 121.12600 118.02800 116.82800 117.82000 118.63500 118.66700 119.31400 120.07600 119.66200 120.76600 120.97200 120.64600 118.99200 121.67400 122.81800 122.15300 122.47600 122.05300 121.60700 122.19600 122.01300 121.82800 122.52700 124.11800 124.59400 123.85100 123.46500 123.52000 123.34000 122.39200 122.32100 121.83400 121.14100 120.09300 119.88900 119.79000 119.72600 118.93100 118.71400 117.83600 118.13900 118.55300 120.45300 123.54500
-9999 -9999 -9999 -9999 -9999 -9999 -9999 -9999 -9999 -9999 131.67400 130.81000 129.69701 130.43800 130.67999 129.28300 129.15500 130.83200 128.08200 126.43400 124.82400 123.92700 123.62900 122.36700 121.41400 123.19900 123.30200 120.41800 119.77000 120.69900 121.39100 121.20500 122.03100 121.71100 122.82300 123.84700 124.53400 123.95500 121.68700 123.09300 123.86700 123.21100 123.58300 123.08400 122.39400 123.12700 122.70400 122.86500 123.53700 125.33900 126.48600 125.80900 125.86800 126.30500 126.37800 125.41000 124.53100 123.55700 122.03800 121.24000 121.49600 121.50000 121.09500 120.35400 120.10300 119.79600 120.00300 121.34700 124.82000 127.70300
-9999 -9999 -9999 -9999 -9999 -9999 -9999 -9999 -9999 127.75100 129.23000 129.97900 130.94901 131.37601 131.67799 131.54300 131.60100 130.06799 126.91200 129.36600 127.46000 126.22300 126.11300 125.74300 125.38400 124.91100 124.81000 120.74000 120.85500 125.86800 126.70300 126.36300 127.19500 130.31300 131.15601 129.28200 129.87801 126.83200 125.44000 123.75900 123.31400 119.95500 120.62600 122.34500 122.48200 125.02100 123.51600 123.07200 122.11100 124.15100 125.97300 127.64400 127.68300 127.83600 129.15601 126.14500 125.35200 123.15800 122.96400 120.95200 120.86100 120.29500 120.32800 121.91300 120.93800 121.89200 123.13200 124.95400 128.05701 132.05499
-9999 -9999 -9999 -9999 -9999 -9999 -9999 -9999 -9999 -9999 131.00500 131.32700 131.32401 132.25700 132.52000 133.48500 134.11301 132.28300 129.66901 131.89500 130.76401 129.82401 128.62700 -9999 -9999 -9999 -9999 -9999 -9999 129.34100 129.38800 129.09300 129.94701 133.48000 134.23801 132.41000 131.59300 129.04601 126.99000 125.27600 126.37800 122.46100 122.32700 123.39900 123.75000 126.36300 126.25600 124.89000 125.32800 125.93000 128.10001 128.72301 130.76801 130.97701 130.90199 127.90800 126.48100 125.79900 124.55000 123.09100 123.24300 123.11000 123.36000 124.74600 125.82600 126.06600 127.52000 128.37000 134.62801 137.77901
-9999 -9999 -9999 -9999 -9999 -9999 -9999 -9999 -9999 -9999 -9999 -9999 134.24600 134.67799 136.43300 135.86400 136.26401 136.78600 134.57300 -9999 -9999 -9999 -9999 -9999 -9999 -9999 -9999 -9999 -9999 -9999 -9999 -9999 -9999 135.58000 136.50700 133.86900 132.58099 130.74400 129.18201 128.47600 128.77000 125.92600 125.97700 128.20000 128.53700 128.64400 128.31599 126.98000 127.69700 129.63800 131.15100 131.48801 133.07100 132.07100 130.16000 130.22900 129.98599 130.53600 129.60300 126.32900 126.43400 128.56700 128.72099 129.09200 128.46201 129.44800 131.69000 133.65500 136.47701 137.09599
-9999 -9999 -9999 -9999 -9999 -9999 -9999 -9999 -9999 -9999 -9999 -9999 -9999 -9999 -9999 -9999 -9999 -9999 -9999 -9999 -9999 -9999 -9999 -9999 -9999 -9999 -9999 -9999 -9999 -9999 -9999 -9999 -9999 -9999 137.76601 135.06500 133.34900 132.13200 133.35500 131.94800 131.27901 128.10699 129.12199 130.31500 130.87801 130.96001 131.05200 129.51900 129.36501 132.42999 133.80299 134.05400 134.80000 132.83600 132.02200 132.82899 132.63200 134.43201 133.65500 130.07401 129.72400 131.26601 131.59300 131.97800 131.54500 133.05901 136.42101 139.24699 142.20300 140.82401
