data/hydroclimate-scenarios/1948-2000.Pcorr55N_Pref_Tref/monthly_summaries/isr_monthly_avg_apr.1950-2000.asc
ncols	311
nrows	91
xllcenter	102.75
yllcenter	31.75
cellsize	0.5
NODATA_value	-9999
[rows 0 to 30 of 91, columns 70 to 139 of 311]
-9999 -9999 -9999 -9999 -9999 -9999 -9999 -9999 -9999 -9999 -9999 -9999 -9999 -9999 -9999 -9999 -9999 -9999 -9999 -9999 -9999 -9999 -9999 -9999 -9999 -9999 -9999 -9999 -9999 -9999 -9999 -9999 -9999 -9999 -9999 -9999 -9999 -9999 -9999 -9999 -9999 -9999 -9999 -9999 -9999 -9999 -9999 -9999 -9999 -9999 -9999 -9999 -9999 -9999 -9999 -9999 -9999 -9999 -9999 -9999 -9999 -9999 -9999 -9999 -9999 -9999 -9999 -9999 -9999 -9999
-9999 -9999 -9999 -9999 -9999 -9999 -9999 -9999 -9999 -9999 -9999 -9999 -9999 -9999 -9999 -9999 -9999 -9999 -9999 -9999 -9999 -9999 -9999 -9999 -9999 -9999 -9999 -9999 -9999 -9999 -9999 -9999 -9999 -9999 -9999 -9999 -9999 -9999 -9999 -9999 -9999 -9999 -9999 -9999 -9999 -9999 -9999 -9999 -9999 -9999 -9999 -9999 -9999 -9999 -9999 -9999 -9999 -9999 -9999 -9999 -9999 -9999 -9999 -9999 -9999 -9999 -9999 -9999 -9999 -9999
-9999 -9999 -9999 -9999 -9999 -9999 -9999 -9999 -9999 -9999 -9999 -9999 -9999 -9999 -9999 -9999 -9999 -9999 -9999 -9999 -9999 -9999 -9999 -9999 -9999 -9999 -9999 -9999 -9999 -9999 -9999 -9999 -9999 -9999 -9999 -9999 -9999 -9999 -9999 -9999 -9999 -9999 -9999 -9999 -9999 -9999 -9999 -9999 -9999 -9999 -9999 -9999 -9999 -9999 -9999 -9999 -9999 -9999 -9999 -9999 -9999 -9999 -9999 -9999 -9999 -9999 -9999 -9999 -9999 -9999
-9999 -9999 -9999 -9999 -9999 -9999 -9999 -9999 -9999 -9999 -9999 -9999 -9999 -9999 -9999 -9999 -9999 -9999 -9999 -9999 -9999 -9999 -9999 -9999 -9999 -9999 -9999 -9999 -9999 -9999 -9999 -9999 -9999 -9999 -9999 -9999 -9999 -9999 -9999 -9999 -9999 -9999 -9999 -9999 -9999 -9999 -9999 -9999 -9999 -9999 -9999 -9999 -9999 -9999 -9999 -9999 -9999 -9999 -9999 -9999 -9999 -9999 -9999 -9999 -9999 -9999 -9999 -9999 -9999 -9999
-9999 -9999 -9999 -9999 -9999 -9999 -9999 -9999 -9999 -9999 -9999 -9999 -9999 -9999 -9999 -9999 -9999 -9999 -9999 -9999 -9999 -9999 -9999 -9999 -9999 -9999 -9999 -9999 -9999 -9999 -9999 -9999 -9999 -9999 -9999 -9999 -9999 -9999 -9999 -9999 -9999 -9999 -9999 -9999 -9999 -9999 -9999 -9999 -9999 -9999 -9999 -9999 -9999 -9999 -9999 -9999 -9999 -9999 -9999 -9999 -9999 -9999 -9999 -9999 -9999 -9999 -9999 -9999 -9999 -9999
-9999 -9999 -9999 -9999 -9999 -9999 -9999 -9999 -9999 -9999 -9999 -9999 -9999 -9999 -9999 -9999 -9999 -9999 -9999 -9999 -9999 -9999 -9999 -9999 -9999 -9999 -9999 -9999 -9999 -9999 -9999 -9999 -9999 -9999 -9999 -9999 -9999 -9999 -9999 -9999 -9999 -9999 -9999 -9999 -9999 -9999 -9999 -9999 -9999 -9999 -9999 -9999 -9999 -9999 -9999 -9999 -9999 -9999 -9999 -9999 -9999 -9999 -9999 -9999 -9999 -9999 -9999 -9999 -9999 -9999
-9999 -9999 -9999 -9999 -9999 -9999 -9999 -9999 -9999 -9999 -9999 -9999 -9999 -9999 -9999 -9999 -9999 -9999 -9999 -9999 -9999 -9999 -9999 -9999 -9999 -9999 -9999 -9999 -9999 -9999 -9999 -9999 -9999 -9999 -9999 -9999 -9999 -9999 -9999 -9999 -9999 -9999 -9999 -9999 -9999 -9999 -9999 -9999 -9999 -9999 -9999 -9999 -9999 -9999 -9999 -9999 -9999 -9999 -9999 -9999 -9999 -9999 -9999 -9999 -9999 -9999 -9999 -9999 -9999 -9999
-9999 -9999 -9999 -9999 -9999 -9999 -9999 -9999 -9999 -9999 -9999 -9999 -9999 -9999 -9999 -9999 -9999 -9999 -9999 -9999 -9999 -9999 -9999 -9999 -9999 -9999 -9999 -9999 -9999 -9999 -9999 -9999 -9999 -9999 -9999 -9999 -9999 -9999 -9999 -9999 -9999 -9999 -9999 -9999 -9999 -9999 -9999 -9999 -9999 -9999 -9999 -9999 -9999 -9999 -9999 -9999 -9999 -9999 -9999 -9999 -9999 -9999 -9999 -9999 -9999 -9999 -9999 -9999 -9999 -9999
-9999 -9999 -9999 -9999 -9999 -9999 -9999 167.01601 -9999 -9999 -9999 -9999 -9999 -9999 -9999 -9999 -9999 -9999 -9999 -9999 -9999 -9999 -9999 -9999 -9999 -9999 -9999 -9999 -9999 -9999 -9999 -9999 -9999 -9999 -9999 -9999 -9999 -9999 -9999 -9999 -9999 -9999 -9999 -9999 -9999 -9999 -9999 -9999 -9999 -9999 -9999 -9999 -9999 -9999 -9999 -9999 -9999 -9999 -9999 -9999 -9999 -9999 -9999 -9999 -9999 -9999 -9999 -9999 -9999 -9999
-9999 -9999 -9999 167.29900 165.64301 168.11099 168.64200 170.06200 170.54500 170.54800 170.74200 169.36000 169.18201 165.91200 165.94099 164.22800 163.30701 166.23399 165.77800 165.95100 165.16400 162.22301 161.97701 -9999 -9999 -9999 -9999 -9999 -9999 -9999 -9999 -9999 -9999 -9999 -9999 -9999 -9999 -9999 -9999 -9999 -9999 -9999 -9999 -9999 -9999 -9999 -9999 -9999 -9999 -9999 -9999 -9999 -9999 -9999 -9999 -9999 -9999 -9999 -9999 -9999 -9999 -9999 -9999 -9999 -9999 -9999 -9999 -9999 -9999 -9999
-9999 -9999 -9999 -9999 -9999 169.87500 170.10100 172.86800 172.66100 172.49699 172.14500 171.80901 171.55499 171.57500 170.96700 170.95799 170.50500 169.00700 168.20200 168.29601 168.14500 167.58701 167.62900 -9999 -9999 -9999 -9999 -9999 -9999 -9999 -9999 -9999 -9999 -9999 -9999 -9999 -9999 -9999 -9999 -9999 -9999 -9999 -9999 -9999 -9999 -9999 -9999 -9999 -9999 -9999 -9999 -9999 -9999 -9999 -9999 -9999 -9999 -9999 -9999 -9999 -9999 -9999 -9999 -9999 -9999 -9999 -9999 -9999 -9999 -9999
174.82100 175.61600 175.35001 175.75101 175.62900 172.80600 172.58000 175.61400 175.94701 175.01199 175.02299 174.05800 174.19901 173.85400 173.53101 173.76801 173.03200 171.78999 171.44501 170.75101 170.28300 170.11800 170.06700 170.26601 170.10100 170.88600 170.73801 171.73000 171.83501 -9999 -9999 -9999 -9999 -9999 -9999 -9999 -9999 -9999 -9999 -9999 -9999 -9999 -9999 -9999 -9999 -9999 -9999 -9999 -9999 -9999 -9999 -9999 -9999 -9999 -9999 -9999 -9999 -9999 -9999 -9999 -9999 -9999 -9999 -9999 -9999 -9999 -9999 -9999 -9999 -9999
179.84700 179.87900 179.81700 178.31400 178.02699 176.86301 177.11400 178.77200 178.75400 177.86099 177.47501 176.80701 176.24899 176.92200 176.72099 174.52499 174.56799 173.28101 172.46001 172.44000 171.60400 172.61700 172.97200 173.55299 173.31700 174.12500 173.66400 174.02400 173.28101 172.42400 172.30600 173.74001 173.88000 170.59300 170.37601 169.55600 169.44901 170.69701 170.35100 171.20000 170.89301 172.50500 172.28600 167.50999 -9999 -9999 -9999 -9999 -9999 -9999 -9999 -9999 -9999 -9999 -9999 -9999 -9999 -9999 -9999 -9999 -9999 -9999 -9999 -9999 -9999 -9999 -9999 -9999 -9999 -9999
182.71700 183.25800 183.32300 182.16400 182.03400 180.08600 180.08800 181.17400 181.08000 180.83200 180.49400 179.94200 179.47800 180.01401 179.76300 177.61501 177.15300 176.29700 177.03500 175.71201 174.45599 175.90401 176.36400 176.75200 177.13400 177.34500 177.13699 177.16499 177.13200 175.81700 176.29401 177.48100 177.20900 173.01700 172.42799 172.25700 171.86800 173.74800 173.39301 173.96800 173.31100 175.23100 175.17400 170.17300 170.05000 -9999 -9999 -9999 -9999 -9999 -9999 -9999 -9999 -9999 -9999 -9999 -9999 -9999 -9999 -9999 -9999 -9999 -9999 -9999 -9999 -9999 -9999 -9999 -9999 -9999
187.04800 186.58701 186.27000 185.26199 186.27499 184.28000 183.59399 184.17400 183.16100 182.42300 181.92300 184.09599 183.40601 181.07001 180.50301 180.40700 179.77400 179.08701 178.24600 176.44200 176.55400 177.04500 177.61400 177.09399 177.41299 178.59300 178.58501 178.97301 178.12300 179.03200 178.84700 177.67700 177.13800 177.30400 176.97000 176.08099 175.71300 178.96400 178.45300 179.09900 178.92200 178.86000 178.26199 176.51300 176.40900 -9999 -9999 -9999 -9999 -9999 -9999 -9999 -9999 -9999 -9999 -9999 -9999 -9999 -9999 -9999 173.49300 173.87399 -9999 -9999 -9999 -9999 175.35699 176.75400 177.74699 176.44501
188.55299 188.69800 188.76300 188.15800 187.99001 185.77299 184.69600 185.32600 185.06100 184.43300 183.79500 185.80701 185.91000 183.88100 184.16299 183.74300 182.88499 182.16600 180.51401 178.98300 178.68600 180.18401 180.45200 179.80600 178.94901 180.00999 180.14301 180.98900 181.07300 181.71300 181.19000 180.19701 180.18800 179.93401 179.58600 178.78999 178.74300 181.94099 181.13300 182.05800 182.01401 181.56300 181.16800 178.90900 179.06400 178.90199 178.48900 176.43700 176.93900 180.67200 181.37500 179.12900 179.25700 178.37300 177.64900 177.36600 177.11200 176.38600 176.10201 176.18500 176.52100 176.24899 -9999 -9999 -9999 -9999 -9999 178.51500 179.05299 179.51300
189.32600 191.78300 189.34801 190.63800 191.78300 188.95200 187.54700 188.32201 187.89600 185.63300 185.16200 187.33800 187.71800 184.97701 184.93600 183.96201 183.40800 183.54500 182.65900 182.56500 182.25999 182.24800 182.29900 181.48199 181.77400 181.06599 181.49400 181.48900 181.55400 181.38100 181.56799 181.07600 180.41800 181.95399 181.84200 181.53400 181.14400 181.45700 181.51601 182.21300 181.82500 181.05200 180.58900 181.05701 180.50999 179.42400 179.20700 178.05299 178.14000 181.03000 181.71300 180.62399 179.70599 179.47501 180.83501 180.94400 179.90300 179.56599 179.52400 179.32500 179.02901 180.08299 180.39101 180.25700 179.67999 180.07100 179.66499 181.23100 182.27400 180.37700
190.47301 194.81700 222.11000 191.88400 195.13200 195.09700 192.51100 192.00400 191.64101 187.82899 187.49100 189.62100 190.22301 187.12801 187.31599 186.31500 186.10100 185.95500 185.51100 185.51100 186.08000 185.74500 184.98599 184.81900 184.38499 183.79601 183.52400 183.81400 184.70300 184.75600 184.47400 183.71899 183.44099 184.65500 184.73599 184.11400 183.27400 184.39101 184.21300 184.60899 184.52600 183.59700 183.29601 183.61200 182.84700 181.88699 181.37100 179.92500 180.56500 182.68300 182.78200 182.47200 181.86600 181.76900 182.16701 181.53799 182.60500 183.11700 182.56400 183.48700 183.99100 184.07001 185.72400 184.40900 183.45300 183.48500 183.34100 184.06000 183.22900 182.92900
195.64000 199.65100 203.68600 199.61501 196.33900 196.26500 195.36000 194.07600 195.00200 193.46001 192.02100 189.94299 189.49300 190.90500 190.93600 188.27600 187.81300 188.66400 188.17000 189.03799 190.05000 188.92999 188.13499 188.98000 189.21001 187.06900 186.73000 186.75999 187.08000 188.71201 189.40500 189.09000 188.26801 185.99699 185.16400 185.23199 184.51500 185.93500 185.80600 186.22301 185.90401 184.55901 184.39500 184.41100 184.24200 182.66600 181.81599 181.07700 180.84200 182.68300 182.86900 183.28999 184.64900 182.20399 182.64101 181.82401 181.61501 183.16901 184.87199 185.05800 185.75800 185.98500 187.20700 189.56100 185.28900 186.08200 185.45399 184.35699 183.89500 187.03900
194.14900 201.34300 203.71500 204.99100 204.66499 200.70799 198.25600 197.27000 198.03700 196.66901 195.39101 196.95100 196.46700 196.71899 194.89799 191.83400 190.69400 191.32300 191.02200 191.78300 192.20900 192.08900 190.89101 192.09300 191.40401 189.68500 189.17200 189.43201 189.22000 191.84599 191.63699 191.52600 191.56599 189.59100 189.16100 188.54201 188.35899 188.99800 188.29601 188.75400 188.77000 188.16701 186.81799 185.52600 185.28700 185.21800 184.73199 185.01500 183.77499 184.74400 185.57401 186.79100 187.08900 184.64700 184.83299 184.88800 186.08099 187.36200 189.70799 187.57201 187.09599 186.60400 186.71100 186.88200 189.22200 195.79201 191.19099 191.29900 189.21899 190.83600
193.94400 198.73500 201.32300 205.21400 207.92999 211.51300 200.72701 200.00000 199.24500 199.61400 198.20399 200.53300 203.99800 206.52400 242.32700 200.36099 197.30600 195.48399 193.99699 191.70399 191.77400 193.47200 193.11400 193.15300 193.25800 192.10001 192.23700 193.43401 193.20399 193.00301 193.19901 193.12100 192.80299 193.51100 192.88300 192.22400 192.02299 191.61301 192.09801 190.14700 189.54401 188.44501 188.78700 187.53700 187.17700 186.23100 185.93500 185.54800 185.07600 184.57100 184.89799 185.68900 186.05701 184.06200 184.48900 185.38499 186.51601 188.71001 189.47400 190.02600 193.41901 191.77800 190.69200 189.94501 190.44901 190.97600 191.00500 191.23801 191.41000 190.73599
200.06200 205.87900 206.02901 243.41901 249.41901 214.56000 209.69299 210.26401 206.74001 204.50101 202.68500 200.87801 201.67599 201.45700 203.48399 206.76100 206.50101 203.97400 201.40500 197.59300 196.37300 197.17300 196.49300 196.24001 196.23100 195.62700 195.59300 196.66800 197.31599 197.81599 197.69400 196.02000 196.55099 196.98100 197.04900 196.81300 195.88699 194.86900 194.83099 192.81799 192.69000 191.55099 190.95500 189.31799 189.84801 189.38000 189.29401 188.93100 189.39200 189.71100 188.35201 190.08600 190.38800 188.88100 189.22600 190.04201 190.32500 193.56799 192.71201 192.91000 195.88901 193.72701 194.40601 193.61400 193.25500 193.71899 194.03500 195.22800 193.58000 191.75200
208.55600 209.57201 213.14500 251.50301 218.39999 251.70700 252.13499 219.48199 210.86000 209.28500 208.73599 207.09200 206.57201 205.40100 204.89799 206.78900 206.79700 206.17599 207.62100 208.52800 206.94200 203.47900 201.97701 202.32201 201.48300 198.67101 199.20100 199.55200 200.19099 201.14200 200.34900 199.96201 199.12399 199.70700 198.24899 199.59300 196.63200 195.43300 195.43300 195.56700 194.73199 193.06900 191.92599 192.72301 191.97800 192.28900 192.66701 192.32899 191.77699 192.38000 193.40500 193.10400 193.01100 194.15401 201.11800 195.65401 204.59599 195.50700 197.82201 195.01300 195.09399 194.99400 195.49500 196.45300 196.56799 198.53799 197.26801 197.11800 196.37601 194.67999
212.01300 211.88000 212.38400 213.20300 213.56200 214.13499 252.75400 227.90700 225.47099 218.71600 212.98801 210.87300 216.84900 214.17101 211.28500 219.67500 252.18300 249.38800 206.38901 208.99500 247.52400 217.90900 208.32001 207.65401 203.74200 201.65601 201.35500 201.48500 202.15100 202.61700 202.75400 202.58200 201.92500 201.52699 200.41200 199.92400 198.50700 197.96300 197.38200 197.31599 197.29800 197.13699 195.35300 194.94501 194.70300 192.63699 191.88400 192.66000 193.24500 195.38100 196.27000 195.72501 195.77499 195.07700 196.45500 200.31100 204.44200 199.12199 200.19501 197.43201 197.16499 197.36000 197.66200 200.59100 201.13000 200.40300 198.98500 199.33000 197.85600 196.26401
216.43201 214.03700 213.14301 212.10800 212.70000 213.81599 213.37700 214.22400 214.70700 213.21201 213.52400 214.02100 214.32300 215.18700 213.24699 216.79300 218.85699 251.08299 216.64000 210.89301 208.74400 208.72400 208.82800 209.76199 207.87601 206.57001 206.17900 207.26900 208.16600 204.86700 204.59200 204.90199 204.03500 205.09000 203.97600 202.62801 200.48801 198.91400 198.18600 197.52699 198.22301 196.07401 195.58299 198.00600 197.07401 193.55400 192.24500 192.09300 193.34599 194.90700 196.76300 198.20599 195.47301 196.44299 199.44701 199.73300 199.35400 199.82700 199.39000 199.22900 199.57500 200.13200 199.41800 201.11700 200.42400 200.43700 200.92000 199.66800 199.87500 200.19901
218.67700 216.50200 217.01300 216.67700 216.40700 216.59700 215.50200 215.55200 215.16600 214.55600 214.29300 217.91400 221.49200 218.13600 214.74600 214.82600 216.23500 215.22099 215.31100 238.17200 215.72600 211.47000 210.12700 209.91200 210.60500 210.69299 210.73399 210.12199 210.51700 208.27800 208.61600 208.18800 206.68500 207.21001 205.80099 204.39799 204.17400 201.72800 202.17500 200.72800 201.69000 200.66299 198.58600 199.95300 201.73900 198.57401 195.25200 194.34000 195.34300 195.83000 197.32001 199.01401 196.64799 196.77000 197.13300 197.65601 199.65199 201.71800 202.20300 200.53999 201.68800 201.86900 202.13300 203.19600 203.32500 203.92300 202.83701 202.29100 201.74699 202.08299
219.09700 219.78900 225.16299 257.48599 257.56201 221.03000 218.93201 218.77100 218.55200 219.05200 221.04900 221.09200 221.59399 243.28799 221.41600 218.56000 217.74300 216.85600 218.19299 222.19501 218.90100 217.23500 216.33099 213.30099 212.79800 212.44701 211.64799 214.91600 215.12801 214.34700 214.68201 213.29300 212.66800 208.83400 209.97800 209.66000 206.19901 204.64700 205.44501 204.53600 203.71001 204.73100 204.85699 203.46100 201.16800 201.86099 200.53999 201.11501 203.05000 198.45000 199.77499 200.52499 201.02499 200.99100 201.92200 202.12900 203.46500 205.18800 204.28500 203.19099 201.80299 202.84801 204.87399 206.07500 205.85899 205.18100 204.06300 206.51801 206.04401 206.46400
220.43500 219.32600 221.53400 258.95599 259.49500 258.45801 221.27699 221.46500 220.39600 222.13600 222.40300 222.69701 222.00999 223.47099 224.89999 222.80499 220.52800 219.54500 217.31799 216.28200 215.08800 223.61900 217.42900 214.07201 213.59100 213.42101 215.31000 219.05200 218.60400 218.39301 217.67000 218.21500 215.84300 212.42700 211.67000 212.23100 209.19000 207.15100 207.29700 208.05499 207.68700 206.44800 207.05099 205.17300 204.23199 204.35600 203.70799 203.07100 204.48000 201.88901 203.75500 202.65199 203.46899 204.28200 204.31100 204.81000 205.33800 208.48300 208.42599 205.30099 203.81900 205.78700 207.64700 208.63400 207.92700 210.03200 209.30901 211.94000 211.32899 210.17400
218.64700 220.44600 220.95200 235.23300 260.11899 257.54700 260.04501 260.00299 223.07800 224.45300 224.37700 224.55499 224.79601 224.24699 223.85300 227.58600 221.50700 217.88200 216.27600 215.38100 214.46700 215.07899 216.38901 216.59500 216.24100 214.63600 214.75600 216.67900 218.07401 217.68600 217.25900 217.39200 216.47800 214.55800 213.91100 211.87300 209.37801 207.85500 209.15199 209.77200 216.63499 205.90401 205.64900 204.31799 201.34000 202.19400 201.41600 202.83299 203.10001 202.07700 203.11800 203.38699 204.47301 205.88400 207.04601 209.58701 211.50101 211.74200 209.58701 208.98599 209.56500 210.79601 211.13000 212.26100 216.06100 221.97701 217.83299 218.58299 218.56000 215.41299
219.95100 219.94200 221.43401 227.58800 226.56799 258.35699 259.44901 264.25101 261.57700 232.95399 262.08200 262.59299 232.61200 227.60600 230.98199 227.43800 223.21001 220.48399 219.14101 215.89500 215.16800 216.93401 217.98599 224.39999 218.07600 216.71800 216.32899 218.44901 219.42200 219.48000 219.47301 220.26801 219.01500 218.31599 217.17799 215.83099 212.51401 211.27100 210.87000 210.30800 210.78900 206.90601 203.72200 203.76300 202.33600 200.65199 200.45900 205.03600 205.55299 206.30701 205.92400 -9999 -9999 207.47099 207.72800 209.39500 212.28600 212.05200 211.91200 212.69200 214.30600 214.86200 217.65300 227.04500 231.91600 233.48700 233.55000 231.91600 230.54201 223.88699
224.22600 224.09000 222.29900 223.62900 230.63000 231.67000 225.91800 262.16400 228.97000 245.46800 263.72000 264.85999 238.76900 260.71500 260.94501 227.78300 225.53700 224.31799 221.75200 217.79700 218.82001 219.10100 218.49600 218.39000 218.59599 219.01900 217.17599 217.14500 218.31400 220.22301 221.31000 220.98500 219.20300 220.83701 220.90700 219.14999 216.64700 210.69400 208.54500 205.86900 -9999 -9999 -9999 -9999 203.62801 -9999 208.69099 213.70200 212.03400 214.46100 212.93401 -9999 -9999 214.98000 214.46800 214.95399 214.97099 215.13800 217.80099 220.12399 222.56300 224.88800 227.75200 230.08299 236.39700 228.28200 235.97800 235.80600 234.38000 225.23500
