data/hydroclimate-scenarios/1948-2000.Pcorr55N_Pref_Tref/monthly_summaries/isr_monthly_avg_oct.asc
ncols	311
nrows	91
xllcenter	102.75
yllcenter	31.75
cellsize	0.5
NODATA_value	-9999
[rows 0 to 30 of 91, columns 0 to 70 of 311]
-9999 -9999 -9999 -9999 -9999 -9999 -9999 -9999 -9999 -9999 -9999 -9999 -9999 -9999 -9999 -9999 -9999 -9999 -9999 -9999 -9999 -9999 -9999 -9999 -9999 -9999 -9999 -9999 -9999 -9999 -9999 -9999 -9999 -9999 -9999 -9999 -9999 -9999 -9999 -9999 -9999 -9999 -9999 -9999 -9999 -9999 -9999 -9999 -9999 -9999 -9999 -9999 -9999 -9999 -9999 -9999 -9999 -9999 -9999 -9999 -9999 -9999 -9999 -9999 -9999 -9999 -9999 -9999 -9999 -9999 -9999
-9999 -9999 -9999 -9999 -9999 -9999 -9999 -9999 -9999 -9999 -9999 -9999 -9999 -9999 -9999 -9999 -9999 -9999 -9999 -9999 -9999 -9999 -9999 -9999 -9999 -9999 -9999 -9999 -9999 -9999 -9999 -9999 -9999 -9999 -9999 -9999 -9999 -9999 -9999 -9999 -9999 -9999 -9999 -9999 -9999 -9999 -9999 -9999 -9999 -9999 -9999 -9999 -9999 -9999 -9999 -9999 -9999 -9999 -9999 -9999 -9999 -9999 -9999 -9999 -9999 -9999 -9999 -9999 -9999 -9999 -9999
-9999 -9999 -9999 -9999 -9999 -9999 -9999 -9999 -9999 -9999 -9999 -9999 -9999 -9999 -9999 -9999 -9999 -9999 -9999 -9999 -9999 -9999 -9999 -9999 -9999 -9999 -9999 -9999 -9999 -9999 -9999 -9999 -9999 -9999 -9999 -9999 -9999 -9999 -9999 -9999 -9999 -9999 -9999 -9999 -9999 -9999 -9999 -9999 -9999 -9999 -9999 -9999 -9999 -9999 -9999 -9999 -9999 -9999 -9999 -9999 -9999 -9999 -9999 -9999 -9999 -9999 -9999 -9999 -9999 -9999 -9999
-9999 -9999 -9999 -9999 -9999 -9999 -9999 -9999 -9999 -9999 -9999 -9999 -9999 -9999 -9999 -9999 -9999 -9999 -9999 -9999 -9999 -9999 -9999 -9999 -9999 -9999 -9999 -9999 -9999 -9999 -9999 -9999 -9999 -9999 -9999 -9999 -9999 -9999 -9999 -9999 -9999 -9999 -9999 -9999 -9999 -9999 -9999 -9999 -9999 -9999 -9999 -9999 -9999 -9999 -9999 -9999 -9999 -9999 -9999 -9999 -9999 -9999 -9999 -9999 -9999 -9999 -9999 -9999 -9999 -9999 -9999
-9999 -9999 -9999 -9999 -9999 -9999 -9999 -9999 -9999 -9999 -9999 -9999 -9999 -9999 -9999 -9999 -9999 -9999 -9999 -9999 -9999 -9999 -9999 -9999 -9999 -9999 -9999 -9999 -9999 -9999 -9999 -9999 -9999 -9999 -9999 -9999 -9999 -9999 -9999 -9999 -9999 -9999 -9999 -9999 -9999 -9999 -9999 -9999 -9999 -9999 -9999 -9999 -9999 -9999 -9999 -9999 -9999 -9999 -9999 -9999 -9999 -9999 -9999 -9999 -9999 -9999 -9999 -9999 -9999 -9999 -9999
-9999 -9999 -9999 -9999 -9999 -9999 -9999 -9999 -9999 -9999 -9999 -9999 -9999 -9999 -9999 -9999 -9999 -9999 -9999 -9999 -9999 -9999 -9999 -9999 -9999 -9999 -9999 -9999 -9999 -9999 -9999 -9999 -9999 -9999 -9999 -9999 -9999 -9999 -9999 -9999 -9999 -9999 -9999 -9999 -9999 -9999 -9999 -9999 -9999 -9999 -9999 -9999 -9999 -9999 -9999 -9999 -9999 -9999 -9999 -9999 -9999 -9999 -9999 -9999 -9999 -9999 -9999 -9999 -9999 -9999 -9999
-9999 -9999 -9999 -9999 -9999 -9999 -9999 -9999 -9999 -9999 -9999 -9999 -9999 -9999 -9999 -9999 -9999 -9999 -9999 -9999 -9999 -9999 -9999 -9999 -9999 -9999 -9999 -9999 -9999 -9999 -9999 -9999 -9999 -9999 -9999 -9999 -9999 -9999 -9999 -9999 -9999 -9999 -9999 -9999 -9999 -9999 -9999 -9999 -9999 -9999 -9999 -9999 -9999 -9999 -9999 -9999 -9999 -9999 -9999 -9999 -9999 -9999 -9999 -9999 -9999 -9999 -9999 -9999 -9999 -9999 -9999
-9999 -9999 -9999 -9999 -9999 -9999 -9999 -9999 -9999 -9999 -9999 -9999 -9999 -9999 -9999 -9999 -9999 -9999 -9999 -9999 -9999 -9999 -9999 -9999 -9999 -9999 -9999 -9999 -9999 -9999 -9999 -9999 -9999 -9999 -9999 -9999 -9999 -9999 -9999 -9999 -9999 -9999 23.85860 23.88240 23.96610 24.10080 23.91910 23.81270 23.78860 23.84130 23.84090 23.86710 -9999 -9999 -9999 -9999 -9999 -9999 -9999 -9999 -9999 -9999 -9999 -9999 -9999 -9999 -9999 -9999 -9999 -9999 -9999
-9999 -9999 -9999 -9999 -9999 -9999 -9999 -9999 -9999 -9999 -9999 -9999 -9999 -9999 -9999 -9999 -9999 -9999 -9999 -9999 -9999 -9999 -9999 -9999 -9999 -9999 -9999 -9999 -9999 -9999 -9999 -9999 -9999 -9999 -9999 -9999 -9999 -9999 24.83640 25.46040 25.35720 25.45610 25.37690 25.43540 25.37590 25.46230 25.47440 25.51620 25.39500 25.25780 25.15430 25.10190 25.04180 24.25220 -9999 -9999 -9999 -9999 -9999 -9999 -9999 -9999 -9999 -9999 -9999 -9999 -9999 -9999 -9999 -9999 -9999
-9999 -9999 -9999 -9999 -9999 -9999 -9999 -9999 -9999 -9999 -9999 -9999 -9999 -9999 -9999 -9999 -9999 -9999 -9999 -9999 -9999 -9999 -9999 -9999 -9999 -9999 -9999 -9999 -9999 -9999 -9999 -9999 -9999 -9999 -9999 -9999 -9999 -9999 -9999 -9999 26.21670 26.39080 26.77650 27.04300 27.04370 27.09610 26.91320 26.77330 26.61310 26.62150 26.51950 26.28280 26.13610 25.22740 -9999 -9999 -9999 -9999 -9999 -9999 -9999 -9999 -9999 -9999 -9999 -9999 -9999 -9999 -9999 -9999 -9999
-9999 -9999 -9999 -9999 -9999 -9999 -9999 -9999 -9999 -9999 -9999 -9999 -9999 -9999 -9999 -9999 -9999 -9999 -9999 -9999 -9999 -9999 -9999 -9999 -9999 -9999 -9999 -9999 -9999 -9999 -9999 -9999 -9999 -9999 -9999 -9999 -9999 -9999 -9999 -9999 -9999 -9999 -9999 -9999 28.90260 29.07010 29.52630 29.32000 29.14700 28.52590 28.46150 28.52960 27.73690 26.77460 -9999 -9999 -9999 -9999 -9999 -9999 27.56040 -9999 -9999 -9999 -9999 -9999 -9999 -9999 -9999 -9999 -9999
-9999 -9999 -9999 -9999 -9999 -9999 -9999 -9999 -9999 -9999 -9999 -9999 -9999 -9999 -9999 -9999 -9999 -9999 -9999 -9999 -9999 -9999 -9999 -9999 -9999 -9999 -9999 -9999 -9999 -9999 -9999 -9999 -9999 -9999 -9999 -9999 -9999 -9999 -9999 -9999 -9999 29.62020 29.58180 30.56420 30.57650 30.40770 30.56870 30.71830 30.58130 30.11270 30.32820 30.10650 29.27730 28.66880 -9999 -9999 -9999 -9999 -9999 28.63700 28.54500 28.71360 28.70060 28.31270 28.35530 28.22260 28.19290 27.88650 27.97440 27.92410 28.00450
-9999 -9999 -9999 -9999 -9999 -9999 -9999 -9999 -9999 -9999 -9999 -9999 -9999 -9999 -9999 -9999 -9999 -9999 -9999 -9999 -9999 -9999 -9999 -9999 -9999 -9999 -9999 -9999 -9999 -9999 -9999 -9999 -9999 -9999 -9999 -9999 -9999 -9999 -9999 -9999 -9999 30.78500 30.99470 31.35600 31.17840 31.11990 31.30700 31.62890 31.70600 31.59840 31.48470 31.73140 31.62590 30.87310 30.09060 29.95830 29.29250 -9999 28.97860 30.02710 30.01000 30.15680 30.12790 29.91280 29.95210 29.78440 29.52020 29.26360 29.25390 29.22630 29.27490
-9999 -9999 -9999 -9999 -9999 -9999 -9999 -9999 -9999 -9999 -9999 -9999 -9999 -9999 -9999 -9999 -9999 -9999 -9999 -9999 -9999 -9999 -9999 -9999 -9999 -9999 -9999 -9999 -9999 -9999 -9999 -9999 -9999 -9999 -9999 31.10630 31.16740 31.50800 31.58200 31.15330 31.28150 31.38870 31.68580 32.11290 32.19530 32.27040 32.20820 32.55010 32.92790 33.07910 33.38880 33.25130 33.91720 33.67960 33.44470 33.33750 31.36230 31.22180 30.55260 31.43970 31.40220 31.77260 31.71030 32.17720 32.04760 31.48590 31.48620 31.11290 30.75340 30.80930 30.83650
-9999 -9999 -9999 -9999 -9999 -9999 -9999 -9999 -9999 -9999 -9999 -9999 -9999 -9999 -9999 -9999 -9999 -9999 -9999 -9999 -9999 -9999 -9999 -9999 -9999 -9999 -9999 -9999 -9999 -9999 -9999 -9999 -9999 -9999 32.13410 32.67370 32.84680 32.57420 32.58250 32.25270 32.34320 32.19110 32.40930 32.24230 32.43410 32.59680 32.87390 33.55380 34.05810 34.49520 35.18710 35.00920 36.13480 36.67960 35.94140 34.91640 33.14130 32.86360 31.79710 32.78010 33.13640 33.71830 33.86290 34.46510 33.61860 33.48650 33.56520 33.13810 34.45480 33.28510 34.49080
-9999 -9999 -9999 -9999 -9999 -9999 -9999 -9999 -9999 -9999 -9999 -9999 -9999 -9999 -9999 -9999 -9999 -9999 -9999 -9999 -9999 -9999 -9999 -9999 -9999 -9999 -9999 -9999 -9999 -9999 -9999 -9999 -9999 33.77060 33.70330 33.93420 33.93060 33.59840 33.55440 33.41510 33.36270 33.58280 33.51900 33.54010 33.68590 33.92760 34.39780 35.02890 36.03340 36.98800 38.12070 40.28540 53.90580 39.10020 36.83610 36.21770 35.94140 34.29410 33.65950 34.86630 35.36850 34.85830 34.72290 34.67880 34.86160 35.25320 35.76470 35.64160 35.83910 34.82070 35.41610
-9999 -9999 -9999 -9999 -9999 -9999 -9999 -9999 -9999 -9999 -9999 -9999 -9999 -9999 -9999 -9999 -9999 -9999 -9999 -9999 -9999 -9999 -9999 -9999 -9999 -9999 -9999 -9999 -9999 -9999 -9999 34.11210 34.39560 34.66530 34.55260 34.71090 34.65860 34.46200 34.32300 34.20200 34.29600 34.29690 34.15220 34.20150 34.57260 35.02880 35.14940 35.38760 36.54020 37.73140 38.86270 40.66820 56.59200 43.29340 39.27540 38.19460 36.80710 36.40200 37.00160 37.25260 36.56760 36.72470 36.73100 36.13580 36.45920 36.99720 37.25660 36.65280 36.70270 37.79370 38.58950
-9999 -9999 -9999 -9999 -9999 -9999 -9999 -9999 -9999 -9999 -9999 -9999 -9999 -9999 -9999 -9999 -9999 -9999 -9999 -9999 -9999 -9999 -9999 -9999 -9999 -9999 -9999 -9999 -9999 35.62500 35.78560 36.16020 36.01500 35.97100 35.87310 36.12680 35.94280 35.53570 35.55080 35.24990 35.35850 35.03100 35.22870 35.20900 35.69040 36.45910 36.92110 37.42860 39.48980 40.79030 41.70150 58.16380 59.10800 42.67010 41.87060 40.50520 38.80250 38.79480 38.31350 38.11110 38.17260 38.53790 38.68530 38.46590 38.12880 38.45850 39.49710 39.90560 39.97020 39.73550 39.34170
-9999 -9999 -9999 -9999 -9999 -9999 -9999 -9999 -9999 -9999 -9999 -9999 -9999 -9999 -9999 -9999 -9999 -9999 -9999 -9999 -9999 -9999 -9999 -9999 37.79980 37.11200 36.81220 36.58520 36.72230 36.97540 37.14670 36.61730 36.61120 36.13260 36.08390 35.86710 36.06260 36.25890 36.30510 36.25020 35.92690 35.53250 35.78280 35.20090 35.93510 36.99730 37.15450 39.08020 41.02040 42.14860 42.37510 58.05040 53.33350 43.27300 42.04530 41.12060 40.38820 40.14590 40.29490 39.33630 38.92880 39.74760 39.53520 39.54240 39.62310 39.74910 39.36850 39.71200 40.30150 40.71690 43.43440
-9999 -9999 -9999 -9999 -9999 -9999 40.28920 40.11930 39.86910 39.96450 39.83300 -9999 -9999 -9999 -9999 -9999 -9999 -9999 -9999 -9999 -9999 39.15630 39.84810 39.82930 39.78440 39.36280 39.03670 39.14590 38.92710 38.79210 38.58710 38.05890 38.25220 37.22670 37.58360 37.63280 37.64870 37.49140 37.32970 37.47340 37.19740 36.63400 36.63330 36.37400 37.13180 38.08720 38.54620 40.47390 42.11060 43.55660 45.01130 47.31030 52.98370 45.22100 43.25560 42.49430 42.30760 42.05590 41.61870 40.73080 40.62270 41.50080 41.98000 42.41090 42.64160 41.19760 40.93520 41.79590 42.27160 41.86550 42.60600
-9999 -9999 -9999 -9999 -9999 41.83420 42.08140 42.56480 41.81140 41.63100 41.50910 42.48710 42.22630 42.18360 -9999 -9999 -9999 41.62340 41.50440 41.56960 41.27580 41.54900 41.52540 41.49800 41.60270 41.13270 40.92190 40.49810 40.23400 40.18210 39.80330 39.18210 39.23260 38.07780 37.98570 38.35910 38.40030 38.77360 38.57600 38.46840 38.14690 38.27660 38.13890 37.49590 38.24910 39.20500 40.76280 42.50090 43.84300 45.37190 45.91800 46.98560 46.32920 45.23880 44.38390 44.31680 44.16130 43.62280 42.72510 42.72040 42.37440 43.30310 43.53140 43.71270 44.83900 45.54630 45.00550 44.86470 44.16590 44.57510 44.59640
-9999 43.70140 43.78160 43.03710 43.95950 43.83740 44.10730 43.95550 44.14910 43.51940 43.89150 44.43610 44.63190 44.17100 43.77310 43.23660 42.48850 43.64070 43.42520 42.93870 42.77120 42.87740 42.77830 42.48820 42.35160 42.57920 42.33540 41.89780 41.92840 41.33090 40.80930 40.39150 40.41460 39.30850 39.28820 39.62560 39.67500 40.10630 39.84490 40.06780 40.06660 39.26240 39.30140 38.80970 39.38660 40.04610 41.87410 43.18750 44.45280 45.98930 46.94940 48.55500 48.18710 48.76240 47.93600 47.23840 46.59700 44.82060 45.21630 45.29360 44.93590 45.66020 46.74560 47.13590 47.81070 47.32970 46.69660 47.58210 46.50560 47.55670 48.94240
-9999 45.90620 45.41540 45.52730 45.40400 45.40520 45.55620 45.91300 45.78830 45.42640 45.62120 45.67560 46.17250 45.94800 45.54180 45.81290 45.53510 45.94640 45.23610 44.70440 44.86170 44.63700 44.31650 43.98690 43.89630 43.29340 43.56890 44.14210 43.97370 43.34780 43.10870 42.68150 42.87190 42.75620 42.36420 42.57640 42.58660 42.19890 42.07070 41.75960 41.62200 40.78070 41.00900 40.75690 41.11510 41.10180 42.15000 43.62580 45.06800 47.24940 47.96960 50.08090 50.44050 54.50320 52.59290 50.11250 48.60820 48.08570 47.52930 48.21510 47.64520 48.49670 48.94970 49.19220 49.63930 49.28310 49.59400 47.99520 48.23420 48.44760 48.76800
-9999 -9999 -9999 48.12330 48.28920 47.52420 47.69390 47.90350 48.07450 46.67020 46.95100 46.50080 46.29430 46.58330 47.11380 46.97600 46.82010 46.14100 46.52190 46.58490 46.64330 46.16810 45.76450 46.10420 45.50460 45.08050 44.61650 45.14520 44.82850 44.52250 44.28720 44.33880 44.05320 43.78820 43.74060 44.23150 44.38910 44.05790 43.86600 43.10630 43.14920 42.78690 42.46700 42.14460 42.03970 42.23260 43.32020 44.74180 45.65640 47.41370 49.10250 50.73080 52.21760 53.73070 53.08790 52.84170 50.86230 50.59820 50.95070 51.39080 50.08260 51.30530 51.62280 52.07530 51.78810 51.15190 50.86510 50.18440 50.67170 51.47130 51.69050
-9999 -9999 -9999 -9999 -9999 -9999 49.05320 49.02460 49.04650 48.74630 48.89600 47.91400 47.90390 47.87910 47.80430 47.67480 47.61930 47.42190 46.63650 46.94850 47.10830 47.28380 46.88890 47.08360 46.59320 47.26600 46.87100 46.11850 45.89470 46.21820 46.40790 46.37750 46.43020 46.05040 45.89040 46.15870 46.32250 46.10420 45.85540 45.42860 45.43790 44.70760 44.67860 44.26710 44.42950 43.77780 44.16830 46.37200 46.86760 49.19110 51.62850 53.66290 54.45750 53.78470 54.42290 54.48770 53.39900 55.06450 55.55700 54.26230 55.01680 54.63240 54.99870 55.28390 54.55860 54.48700 52.74790 51.82900 52.56350 52.78740 53.38860
-9999 -9999 -9999 -9999 -9999 -9999 50.81400 50.76700 50.16890 50.85870 50.51320 49.75060 49.26140 49.05940 48.96650 49.45160 49.36480 49.09620 48.70920 49.15160 48.92690 48.88610 48.93690 49.03420 48.75390 48.49960 48.02620 47.36250 47.27900 47.81550 47.73250 47.66880 47.94270 47.45060 47.71720 47.64820 47.28560 47.33820 47.39090 46.73260 46.74160 46.40690 46.10310 45.79840 46.03230 45.55240 45.68950 45.95200 47.21300 48.86070 50.66070 51.90150 52.50380 54.02970 54.42840 52.57400 53.74070 55.28610 55.27420 55.74870 57.93240 57.98090 57.86820 57.21880 57.28500 55.53100 54.80040 53.31820 53.60280 54.18570 55.53800
-9999 -9999 -9999 -9999 -9999 -9999 -9999 -9999 -9999 -9999 50.79580 52.31530 51.77290 50.66120 51.27560 51.11410 51.22250 51.50030 50.90460 50.54740 50.86720 50.77770 50.71330 51.20450 50.78470 51.18900 51.00820 49.31250 49.10750 49.88830 49.95470 49.92270 49.73310 49.55610 49.39920 48.71250 48.61240 48.47440 48.20770 47.57400 47.84120 47.88630 47.53190 47.46010 48.12010 47.96670 48.05730 47.74860 48.61000 48.95340 49.44380 49.71340 50.59530 50.28330 50.57450 51.58200 51.81970 52.10530 52.51360 53.83840 54.08560 55.31460 55.65920 57.15230 57.33830 56.23790 55.86650 55.86520 56.56750 56.84080 58.28680
-9999 -9999 -9999 -9999 -9999 -9999 -9999 -9999 -9999 -9999 51.89940 52.58500 53.17390 52.30630 52.38360 52.61130 52.71430 53.01870 53.13370 52.90030 52.60030 52.45060 52.18060 52.84360 52.73200 52.10710 51.81170 50.89220 50.90570 50.98160 51.02630 51.64800 51.29580 51.37100 51.37000 50.88640 50.70040 50.42670 50.30700 49.93490 50.00490 50.13710 49.81660 50.03800 50.13860 49.92770 50.20240 49.93920 50.05180 50.72600 50.79940 51.12110 51.34220 51.49690 51.36370 52.35380 52.51820 52.63630 52.77390 53.43890 53.57340 54.18060 54.44480 55.19900 55.32100 55.00060 55.26840 55.01320 55.38360 58.61600 59.87010
-9999 -9999 -9999 -9999 -9999 -9999 -9999 -9999 -9999 -9999 -9999 -9999 54.47210 54.67900 54.48770 54.29650 53.42970 52.59420 53.51010 53.61790 53.37620 53.82440 53.78200 54.02790 53.90380 53.38500 53.38230 53.09230 52.88290 52.68890 52.63590 53.86110 53.74040 53.46700 53.99580 52.94900 52.56750 53.00240 52.85960 52.86260 52.75590 52.61750 52.97190 51.14210 51.46560 52.26190 52.01320 52.12260 52.37170 53.30370 53.49440 53.86850 54.21120 54.05920 53.70380 53.50710 53.98360 55.45760 55.82090 55.66350 55.68090 55.90610 55.76950 56.12510 56.34200 56.06910 56.24830 56.30840 56.60590 58.71280 61.45030
-9999 -9999 -9999 -9999 -9999 -9999 -9999 -9999 -9999 -9999 -9999 -9999 55.82490 55.69000 55.83390 55.43360 55.15050 54.54830 55.62060 55.75450 55.24180 55.85790 55.41300 55.97730 56.42540 55.74320 55.18590 54.50100 54.73750 54.57900 54.27860 55.19180 55.65010 55.14710 55.78970 54.82460 55.09930 55.36590 55.14650 54.90170 54.39370 53.79290 53.85270 52.59050 53.12850 53.63960 54.02310 54.01170 54.17080 55.50250 55.83500 55.65050 56.04630 56.25250 55.62300 55.54690 56.00870 57.08390 57.60860 57.32900 57.73250 57.70710 57.79300 57.93760 57.96080 58.10490 58.15410 57.95810 59.48840 61.69590 63.08020
-9999 -9999 -9999 -9999 -9999 -9999 -9999 -9999 -9999 -9999 -9999 57.49960 57.68130 56.57990 56.30490 58.45010 58.44390 58.00830 57.95740 57.96850 56.18050 58.09440 57.47300 57.21090 57.61860 57.79090 57.62890 57.45040 56.91540 56.14930 56.01470 56.68910 56.53310 56.66740 56.92610 55.57570 56.51310 56.80560 57.34780 57.89630 57.56480 57.44780 57.36200 56.49850 55.50280 55.54140 55.58570 56.28850 56.55800 58.17050 58.93220 58.50330 58.99760 58.54330 57.95190 58.96180 59.48080 59.71480 60.26030 59.34690 59.77600 59.55170 59.59380 59.68140 59.66960 59.42950 60.54670 61.72860 63.89130 66.35940 68.46590
