data/hydroclimate-scenarios/1948-2000.Pcorr55N_Pref_Tref/monthly_summaries/isr_monthly_avg_nov.1950-2000.asc
ncols	311
nrows	91
xllcenter	102.75
yllcenter	31.75
cellsize	0.5
NODATA_value	-9999
[rows 0 to 31 of 91, columns 0 to 70 of 311]
-9999 -9999 -9999 -9999 -9999 -9999 -9999 -9999 -9999 -9999 -9999 -9999 -9999 -9999 -9999 -9999 -9999 -9999 -9999 -9999 -9999 -9999 -9999 -9999 -9999 -9999 -9999 -9999 -9999 -9999 -9999 -9999 -9999 -9999 -9999 -9999 -9999 -9999 -9999 -9999 -9999 -9999 -9999 -9999 -9999 -9999 -9999 -9999 -9999 -9999 -9999 -9999 -9999 -9999 -9999 -9999 -9999 -9999 -9999 -9999 -9999 -9999 -9999 -9999 -9999 -9999 -9999 -9999 -9999 -9999 -9999
-9999 -9999 -9999 -9999 -9999 -9999 -9999 -9999 -9999 -9999 -9999 -9999 -9999 -9999 -9999 -9999 -9999 -9999 -9999 -9999 -9999 -9999 -9999 -9999 -9999 -9999 -9999 -9999 -9999 -9999 -9999 -9999 -9999 -9999 -9999 -9999 -9999 -9999 -9999 -9999 -9999 -9999 -9999 -9999 -9999 -9999 -9999 -9999 -9999 -9999 -9999 -9999 -9999 -9999 -9999 -9999 -9999 -9999 -9999 -9999 -9999 -9999 -9999 -9999 -9999 -9999 -9999 -9999 -9999 -9999 -9999
-9999 -9999 -9999 -9999 -9999 -9999 -9999 -9999 -9999 -9999 -9999 -9999 -9999 -9999 -9999 -9999 -9999 -9999 -9999 -9999 -9999 -9999 -9999 -9999 -9999 -9999 -9999 -9999 -9999 -9999 -9999 -9999 -9999 -9999 -9999 -9999 -9999 -9999 -9999 -9999 -9999 -9999 -9999 -9999 -9999 -9999 -9999 -9999 -9999 -9999 -9999 -9999 -9999 -9999 -9999 -9999 -9999 -9999 -9999 -9999 -9999 -9999 -9999 -9999 -9999 -9999 -9999 -9999 -9999 -9999 -9999
-9999 -9999 -9999 -9999 -9999 -9999 -9999 -9999 -9999 -9999 -9999 -9999 -9999 -9999 -9999 -9999 -9999 -9999 -9999 -9999 -9999 -9999 -9999 -9999 -9999 -9999 -9999 -9999 -9999 -9999 -9999 -9999 -9999 -9999 -9999 -9999 -9999 -9999 -9999 -9999 -9999 -9999 -9999 -9999 -9999 -9999 -9999 -9999 -9999 -9999 -9999 -9999 -9999 -9999 -9999 -9999 -9999 -9999 -9999 -9999 -9999 -9999 -9999 -9999 -9999 -9999 -9999 -9999 -9999 -9999 -9999
-9999 -9999 -9999 -9999 -9999 -9999 -9999 -9999 -9999 -9999 -9999 -9999 -9999 -9999 -9999 -9999 -9999 -9999 -9999 -9999 -9999 -9999 -9999 -9999 -9999 -9999 -9999 -9999 -9999 -9999 -9999 -9999 -9999 -9999 -9999 -9999 -9999 -9999 -9999 -9999 -9999 -9999 -9999 -9999 -9999 -9999 -9999 -9999 -9999 -9999 -9999 -9999 -9999 -9999 -9999 -9999 -9999 -9999 -9999 -9999 -9999 -9999 -9999 -9999 -9999 -9999 -9999 -9999 -9999 -9999 -9999
-9999 -9999 -9999 -9999 -9999 -9999 -9999 -9999 -9999 -9999 -9999 -9999 -9999 -9999 -9999 -9999 -9999 -9999 -9999 -9999 -9999 -9999 -9999 -9999 -9999 -9999 -9999 -9999 -9999 -9999 -9999 -9999 -9999 -9999 -9999 -9999 -9999 -9999 -9999 -9999 -9999 -9999 -9999 -9999 -9999 -9999 -9999 -9999 -9999 -9999 -9999 -9999 -9999 -9999 -9999 -9999 -9999 -9999 -9999 -9999 -9999 -9999 -9999 -9999 -9999 -9999 -9999 -9999 -9999 -9999 -9999
-9999 -9999 -9999 -9999 -9999 -9999 -9999 -9999 -9999 -9999 -9999 -9999 -9999 -9999 -9999 -9999 -9999 -9999 -9999 -9999 -9999 -9999 -9999 -9999 -9999 -9999 -9999 -9999 -9999 -9999 -9999 -9999 -9999 -9999 -9999 -9999 -9999 -9999 -9999 -9999 -9999 -9999 -9999 -9999 -9999 -9999 -9999 -9999 -9999 -9999 -9999 -9999 -9999 -9999 -9999 -9999 -9999 -9999 -9999 -9999 -9999 -9999 -9999 -9999 -9999 -9999 -9999 -9999 -9999 -9999 -9999
-9999 -9999 -9999 -9999 -9999 -9999 -9999 -9999 -9999 -9999 -9999 -9999 -9999 -9999 -9999 -9999 -9999 -9999 -9999 -9999 -9999 -9999 -9999 -9999 -9999 -9999 -9999 -9999 -9999 -9999 -9999 -9999 -9999 -9999 -9999 -9999 -9999 -9999 -9999 -9999 -9999 -9999 1.51016 1.51015 1.51014 1.51011 1.51012 1.51006 1.51002 1.51012 1.51014 1.51025 -9999 -9999 -9999 -9999 -9999 -9999 -9999 -9999 -9999 -9999 -9999 -9999 -9999 -9999 -9999 -9999 -9999 -9999 -9999
-9999 -9999 -9999 -9999 -9999 -9999 -9999 -9999 -9999 -9999 -9999 -9999 -9999 -9999 -9999 -9999 -9999 -9999 -9999 -9999 -9999 -9999 -9999 -9999 -9999 -9999 -9999 -9999 -9999 -9999 -9999 -9999 -9999 -9999 -9999 -9999 -9999 -9999 2.36256 2.36299 2.36307 2.36281 2.36271 2.36263 2.36253 2.36251 2.36256 2.36252 2.36253 2.36262 2.36254 2.36277 2.36275 2.36259 -9999 -9999 -9999 -9999 -9999 -9999 -9999 -9999 -9999 -9999 -9999 -9999 -9999 -9999 -9999 -9999 -9999
-9999 -9999 -9999 -9999 -9999 -9999 -9999 -9999 -9999 -9999 -9999 -9999 -9999 -9999 -9999 -9999 -9999 -9999 -9999 -9999 -9999 -9999 -9999 -9999 -9999 -9999 -9999 -9999 -9999 -9999 -9999 -9999 -9999 -9999 -9999 -9999 -9999 -9999 -9999 -9999 3.32721 3.32696 3.32736 3.32752 3.32746 3.32730 3.32688 3.32641 3.32626 3.32688 3.32689 3.32703 3.32680 3.32480 -9999 -9999 -9999 -9999 -9999 -9999 -9999 -9999 -9999 -9999 -9999 -9999 -9999 -9999 -9999 -9999 -9999
-9999 -9999 -9999 -9999 -9999 -9999 -9999 -9999 -9999 -9999 -9999 -9999 -9999 -9999 -9999 -9999 -9999 -9999 -9999 -9999 -9999 -9999 -9999 -9999 -9999 -9999 -9999 -9999 -9999 -9999 -9999 -9999 -9999 -9999 -9999 -9999 -9999 -9999 -9999 -9999 -9999 -9999 -9999 -9999 4.39978 4.40050 4.40169 4.39978 4.39833 4.39884 4.39864 4.39896 4.39416 4.37282 -9999 -9999 -9999 -9999 -9999 -9999 4.37825 -9999 -9999 -9999 -9999 -9999 -9999 -9999 -9999 -9999 -9999
-9999 -9999 -9999 -9999 -9999 -9999 -9999 -9999 -9999 -9999 -9999 -9999 -9999 -9999 -9999 -9999 -9999 -9999 -9999 -9999 -9999 -9999 -9999 -9999 -9999 -9999 -9999 -9999 -9999 -9999 -9999 -9999 -9999 -9999 -9999 -9999 -9999 -9999 -9999 -9999 -9999 5.58883 5.58737 5.59165 5.59070 5.58657 5.58609 5.58619 5.58341 5.58023 5.58322 5.57903 5.56262 5.54603 -9999 -9999 -9999 -9999 -9999 5.50429 5.49345 5.49162 5.48111 5.46566 5.46502 5.46562 5.46704 5.44824 5.44910 5.45379 5.45378
-9999 -9999 -9999 -9999 -9999 -9999 -9999 -9999 -9999 -9999 -9999 -9999 -9999 -9999 -9999 -9999 -9999 -9999 -9999 -9999 -9999 -9999 -9999 -9999 -9999 -9999 -9999 -9999 -9999 -9999 -9999 -9999 -9999 -9999 -9999 -9999 -9999 -9999 -9999 -9999 -9999 6.87279 6.87788 6.87447 6.86527 6.85829 6.86081 6.85722 6.85275 6.85050 6.84849 6.85549 6.84379 6.80838 6.75988 6.74246 6.70634 -9999 6.64862 6.69653 6.67743 6.68617 6.66851 6.64979 6.64878 6.63297 6.61354 6.60473 6.60389 6.60854 6.61422
-9999 -9999 -9999 -9999 -9999 -9999 -9999 -9999 -9999 -9999 -9999 -9999 -9999 -9999 -9999 -9999 -9999 -9999 -9999 -9999 -9999 -9999 -9999 -9999 -9999 -9999 -9999 -9999 -9999 -9999 -9999 -9999 -9999 -9999 -9999 8.18266 8.19750 8.21597 8.22455 8.21808 8.22243 8.23455 8.24141 8.24165 8.24125 8.23506 8.22637 8.22222 8.22323 8.22016 8.23026 8.23165 8.23628 8.20949 8.16133 8.12413 7.99722 7.95638 7.87545 7.93671 7.90864 7.93588 7.90613 7.89827 7.88694 7.86988 7.85100 7.83435 7.81972 7.82984 7.83272
-9999 -9999 -9999 -9999 -9999 -9999 -9999 -9999 -9999 -9999 -9999 -9999 -9999 -9999 -9999 -9999 -9999 -9999 -9999 -9999 -9999 -9999 -9999 -9999 -9999 -9999 -9999 -9999 -9999 -9999 -9999 -9999 -9999 -9999 9.57886 9.63412 9.65437 9.67680 9.68666 9.66220 9.67667 9.69947 9.70647 9.71613 9.70638 9.70870 9.70183 9.71235 9.72242 9.70650 9.71780 9.70224 9.74555 9.73967 9.68807 9.56615 9.40695 9.35455 9.28421 9.26513 9.25986 9.28979 9.28931 9.28381 9.24568 9.25864 9.24160 9.19675 9.28371 9.21208 9.29778
-9999 -9999 -9999 -9999 -9999 -9999 -9999 -9999 -9999 -9999 -9999 -9999 -9999 -9999 -9999 -9999 -9999 -9999 -9999 -9999 -9999 -9999 -9999 -9999 -9999 -9999 -9999 -9999 -9999 -9999 -9999 -9999 -9999 11.11280 11.14360 11.19820 11.22360 11.24690 11.26230 11.24280 11.27170 11.30030 11.31190 11.33230 11.33230 11.32360 11.33900 11.35430 11.39140 11.40280 11.44180 11.54070 11.77180 11.42360 11.19460 11.04320 10.98010 10.81190 10.75010 10.75310 10.77610 10.67060 10.65290 10.64280 10.65480 10.71960 10.74650 10.69860 10.71160 10.63610 10.70580
-9999 -9999 -9999 -9999 -9999 -9999 -9999 -9999 -9999 -9999 -9999 -9999 -9999 -9999 -9999 -9999 -9999 -9999 -9999 -9999 -9999 -9999 -9999 -9999 -9999 -9999 -9999 -9999 -9999 -9999 -9999 12.75620 12.80980 12.82050 12.84270 12.88030 12.89960 12.94290 12.95730 12.92670 12.97070 13.01880 13.03070 13.02320 13.02150 13.04180 13.05000 13.00960 13.07940 13.09070 13.17380 13.25040 13.75540 13.28300 12.94030 12.75910 12.54780 12.47040 12.46940 12.38160 12.28710 12.24280 12.24620 12.18410 12.22600 12.30660 12.33160 12.22810 12.25800 12.31580 12.42380
-9999 -9999 -9999 -9999 -9999 -9999 -9999 -9999 -9999 -9999 -9999 -9999 -9999 -9999 -9999 -9999 -9999 -9999 -9999 -9999 -9999 -9999 -9999 -9999 -9999 -9999 -9999 -9999 -9999 14.48680 14.52400 14.67090 14.70400 14.67670 14.69520 14.73150 14.76230 14.78780 14.80690 14.76270 14.79450 14.82870 14.85130 14.86340 14.91420 14.96220 14.94830 14.96940 15.14680 15.18120 15.24090 15.89620 15.95400 15.13070 14.95720 14.67860 14.35180 14.29920 14.17830 14.04930 13.98070 13.97720 13.98200 13.96550 13.93440 14.00410 14.15110 14.17240 14.19430 14.15780 14.10030
-9999 -9999 -9999 -9999 -9999 -9999 -9999 -9999 -9999 -9999 -9999 -9999 -9999 -9999 -9999 -9999 -9999 -9999 -9999 -9999 -9999 -9999 -9999 -9999 16.43620 16.36220 16.30230 16.31130 16.37660 16.41520 16.48600 16.51470 16.53170 16.53710 16.60600 16.62170 16.67200 16.68020 16.72370 16.67870 16.65120 16.70700 16.72890 16.72610 16.75830 16.84930 16.81810 16.93790 17.15700 17.20190 17.18930 18.11720 17.97340 16.95880 16.58000 16.30120 16.05880 16.00620 15.93010 15.79190 15.66880 15.69160 15.65600 15.61810 15.64030 15.66830 15.62930 15.71630 15.80870 15.78970 16.29890
-9999 -9999 -9999 -9999 -9999 -9999 18.06390 18.12730 18.08120 18.09230 18.06580 -9999 -9999 -9999 -9999 -9999 -9999 -9999 -9999 -9999 -9999 17.94260 18.01760 18.02000 18.00520 17.94130 17.88730 17.92890 17.89970 17.96000 17.94480 17.99530 18.07250 18.05610 18.09830 18.15340 18.21880 18.18580 18.20010 18.15560 18.12900 18.15870 18.16340 18.17370 18.23760 18.25740 18.32380 18.43100 18.64460 18.74850 18.94950 19.04360 19.61970 18.52360 17.99670 17.70920 17.58100 17.44630 17.24490 17.11070 17.04080 17.14190 17.15700 17.16070 17.24000 17.03940 17.02180 17.13790 17.24010 17.16540 17.25840
-9999 -9999 -9999 -9999 -9999 19.41190 19.46500 19.55200 19.40230 19.40910 19.44020 19.52910 19.49660 19.50390 -9999 -9999 -9999 19.29420 19.30510 19.31700 19.27990 19.32750 19.26000 19.25010 19.26500 19.20120 19.19790 19.15430 19.14340 19.10440 19.12560 19.16410 19.22770 19.21240 19.26910 19.36530 19.37000 19.44840 19.50480 19.42590 19.40900 19.40090 19.38050 19.35380 19.47750 19.52720 19.70500 19.91500 20.06750 20.19380 20.23880 20.27710 20.04220 19.54630 19.31380 19.11970 18.97470 18.66320 18.37670 18.36440 18.23000 18.35830 18.39020 18.34820 18.48960 18.64990 18.56250 18.59450 18.51500 18.56010 18.58570
-9999 20.60070 20.64030 20.65670 20.75990 20.71650 20.79950 20.73180 20.83840 20.79220 20.82000 20.91030 20.92580 20.85900 20.72420 20.64250 20.49090 20.60530 20.62280 20.52290 20.49590 20.46660 20.39050 20.30380 20.23300 20.38480 20.34370 20.32710 20.35550 20.28930 20.26050 20.28070 20.27380 20.30810 20.33700 20.44580 20.51690 20.53390 20.57700 20.56720 20.54650 20.49310 20.50870 20.48620 20.54980 20.60150 20.84440 20.99440 21.09550 21.30630 21.34620 21.56230 21.26180 21.22230 20.84640 20.60930 20.26170 19.72110 19.67380 19.65690 19.47840 19.67800 19.88670 19.74880 19.97780 19.80220 19.74230 19.98070 19.76020 20.03900 20.50230
-9999 22.14310 22.04470 21.96270 21.91220 21.90570 21.91030 21.96620 21.95040 21.90610 21.93160 22.06100 22.22970 22.02540 21.95550 21.98520 21.89440 21.96340 21.82550 21.64110 21.69450 21.69680 21.60230 21.51460 21.45460 21.48400 21.48520 21.54490 21.49720 21.46400 21.39790 21.30550 21.29360 21.24980 21.29480 21.43220 21.51900 21.48650 21.57240 21.67580 21.60600 21.36530 21.45140 21.40960 21.38790 21.39450 21.53180 21.75510 21.98020 22.27590 22.28780 22.61730 22.59510 23.42300 22.98240 21.93140 21.39610 21.14890 20.93800 21.02690 20.90360 21.00520 21.09670 21.08570 21.19520 21.21710 21.38190 21.15970 21.28960 21.40230 21.46390
-9999 -9999 -9999 23.45690 23.45930 23.29950 23.24760 23.21290 23.23480 22.95740 23.11660 23.08660 23.13860 23.08250 23.09980 23.07190 23.00880 22.86800 22.95720 23.02720 22.92160 22.90500 22.74620 22.80960 22.63680 22.65250 22.51370 22.52190 22.46380 22.44110 22.37710 22.33240 22.27520 22.21770 22.22810 22.38510 22.40970 22.56360 22.57430 22.54510 22.53600 22.32460 22.35590 22.30870 22.28920 22.27250 22.54500 22.75810 22.84340 23.05940 23.32610 23.57600 23.83190 24.11080 23.71870 23.39780 22.69330 22.47010 22.59950 22.66050 22.18140 22.47930 22.52090 22.58300 22.43590 22.41070 22.35030 22.42570 22.62980 23.00090 23.04220
-9999 -9999 -9999 -9999 -9999 -9999 24.57980 24.39440 24.43370 24.34660 24.37050 24.14710 24.10990 24.12890 24.12800 24.19200 24.19120 24.09570 23.94190 24.08650 24.10860 24.00000 23.94370 23.87790 23.81110 23.99800 23.83160 23.51890 23.38840 23.39660 23.44330 23.42730 23.36780 23.28160 23.29800 23.39340 23.40800 23.50810 23.47160 23.42620 23.46180 23.31280 23.38340 23.29120 23.24210 23.25220 23.35280 23.63710 23.70560 24.14640 24.80320 25.01390 25.06470 24.60330 24.68590 24.58950 24.06270 24.53000 24.74060 24.23850 24.45370 24.24690 24.22780 24.24030 24.03540 23.92500 23.40670 23.48400 23.84990 24.16580 24.47730
-9999 -9999 -9999 -9999 -9999 -9999 25.67210 25.60280 25.47580 25.68460 25.54960 25.30460 25.19110 25.19810 25.24180 25.43920 25.47460 25.34660 25.28460 25.45310 25.43600 25.24140 25.19490 25.29060 25.13700 25.16410 24.83680 24.48450 24.38090 24.47120 24.48090 24.44920 24.35370 24.26910 24.29030 24.31620 24.27740 24.24860 24.29040 24.22680 24.24080 24.22020 24.30650 24.16600 24.22410 24.22010 24.31540 24.08940 24.39180 24.78300 25.04300 25.05340 24.91820 25.18200 25.11520 24.47140 24.72020 25.32760 25.16570 25.32630 26.12730 26.06780 26.00860 25.53070 25.72190 24.86370 24.73330 24.56410 24.68420 25.26770 25.85800
-9999 -9999 -9999 -9999 -9999 -9999 -9999 -9999 -9999 -9999 26.38010 26.89660 26.77570 26.28580 26.47880 26.47630 26.52450 26.67150 26.56150 26.48340 26.55890 26.72930 26.53850 26.41520 26.28430 26.28390 26.15050 25.86020 25.58310 25.58880 25.58420 25.48420 25.33970 25.23580 25.24050 24.98980 24.96740 24.83220 24.76410 24.72210 24.80340 24.70030 24.72720 24.72580 24.86250 25.16090 25.12730 25.07440 25.27110 25.38020 25.27860 25.01290 24.91630 24.64010 24.71670 24.67510 24.79270 24.99040 25.07660 25.16480 25.31800 25.73380 25.84860 25.89820 25.96980 25.60980 25.41100 25.59900 25.94500 26.21620 26.88820
-9999 -9999 -9999 -9999 -9999 -9999 -9999 -9999 -9999 -9999 27.28410 27.75010 27.87120 27.47230 27.61080 27.86400 27.88540 27.93770 27.97010 28.02220 27.94450 28.02770 27.88950 27.67320 27.52270 27.38880 27.20990 26.91050 26.73880 26.64420 26.59870 26.32180 26.26250 26.27400 26.20370 25.96730 25.97790 25.83080 25.86290 25.86900 25.84140 25.87390 25.85580 25.79580 25.93240 26.11220 26.10120 25.98500 25.96840 26.20010 25.98770 25.77910 25.51240 25.66600 25.52640 25.67780 25.71780 25.86480 25.80260 25.95890 25.94620 26.18140 26.22380 26.13670 26.08140 25.99800 26.06290 26.10600 26.16100 27.47230 27.93300
-9999 -9999 -9999 -9999 -9999 -9999 -9999 -9999 -9999 -9999 -9999 -9999 28.91610 28.87000 29.06970 29.13970 29.05350 28.49400 28.88350 28.80980 28.72160 28.92660 28.70790 28.60300 28.27730 27.96270 27.88920 27.87500 27.58630 27.55720 27.42040 27.44330 27.35520 27.24740 27.20830 27.09060 26.93510 26.93250 26.91730 26.81750 26.87620 26.79990 26.86290 26.58070 26.67120 27.03630 27.03960 26.96030 26.90760 26.99400 26.90410 27.07370 26.95430 26.79120 26.52700 26.60500 26.64340 26.84070 27.00890 27.17470 27.16960 27.25270 27.36740 27.28860 27.28830 27.12330 27.29460 27.14330 27.27030 28.14370 29.04250
-9999 -9999 -9999 -9999 -9999 -9999 -9999 -9999 -9999 -9999 -9999 -9999 30.09850 30.03160 30.22590 30.21270 30.23120 29.94710 30.22680 30.29640 30.11440 30.41320 30.08280 29.65100 29.55560 29.32180 29.11340 28.85190 28.68090 28.62730 28.44040 28.43020 28.42900 28.28400 28.32180 28.17230 28.24770 28.26630 28.25930 28.06000 27.91370 27.63620 27.77240 27.54530 27.57390 27.94220 28.04880 28.08510 28.13810 28.04220 28.16160 28.22100 28.14400 28.00790 27.78660 27.94850 27.95740 28.19910 28.35090 28.50410 28.60560 28.61300 28.71170 28.51200 28.58470 28.63250 28.49840 28.50580 28.91200 29.79590 30.22130
-9999 -9999 -9999 -9999 -9999 -9999 -9999 -9999 -9999 -9999 -9999 30.84900 31.08670 31.10110 31.19250 31.80050 32.09340 31.82210 31.97080 31.83490 31.12060 31.47520 31.06300 31.19370 30.89440 30.79430 30.47450 29.79370 29.37130 29.37320 29.03660 29.06830 28.91940 28.95440 28.84720 28.22030 28.47830 28.82260 29.05370 29.45410 29.37890 29.49530 29.49710 29.20080 29.07580 28.91950 28.91080 29.08980 29.18260 29.51160 29.70740 29.49640 29.53230 29.64290 29.39000 29.37390 29.40190 29.84500 29.82990 29.88250 29.95320 30.01520 30.08950 30.35260 30.25860 30.36510 30.67700 30.75770 31.55630 32.33350 33.29160
-9999 -9999 -9999 -9999 -9999 -9999 -9999 -9999 -9999 -9999 -9999 32.04350 32.06510 32.39070 32.42940 32.79780 33.03250 32.97360 32.94360 32.81560 32.69710 32.61850 32.22930 32.11240 31.88130 31.86680 31.52390 31.17170 30.80470 30.91850 30.72040 30.40630 30.30290 30.03310 30.07140 29.53110 29.46230 30.14660 30.43240 30.59260 30.59860 30.80890 30.91960 30.77280 30.58250 30.45510 30.35000 30.46700 30.51750 30.74920 30.93180 30.79550 30.80750 31.03100 31.13190 31.10740 31.16750 31.33550 31.41350 31.45170 31.45310 31.69240 31.65030 31.79590 31.73500 31.59420 32.20990 32.30710 33.32250 33.95120 33.97640
