data/hydroclimate-scenarios/1948-2000.Pcorr55N_Pref_Tref/monthly_summaries/isr_monthly_avg_jul.1950-2000.asc
ncols	311
nrows	91
xllcenter	102.75
yllcenter	31.75
cellsize	0.5
NODATA_value	-9999
[rows 31 to 61 of 91, columns 0 to 69 of 311]
-9999 -9999 -9999 -9999 -9999 -9999 -9999 -9999 -9999 -9999 -9999 270.85501 267.88800 265.70001 262.30200 260.26300 259.58899 256.96399 255.16499 253.96300 252.86099 253.86301 254.32001 255.85201 257.42700 259.48901 261.73599 263.88800 264.88400 267.03299 268.16800 267.30399 267.03400 267.05399 267.15302 263.07101 261.53601 265.10999 266.75299 266.71500 266.12900 266.54401 268.22900 264.23300 263.94400 266.29999 265.69400 263.98199 262.34601 263.01199 263.26901 261.29199 261.91901 263.10501 263.98499 264.81100 265.70499 267.67599 268.23499 267.69699 268.08899 269.20001 269.52600 268.30499 268.14899 265.22601 267.25201 264.07300 270.18701 276.09299
-9999 -9999 -9999 -9999 -9999 -9999 -9999 -9999 -9999 -9999 -9999 270.31201 268.32001 265.63400 263.91599 259.76401 257.47601 254.67700 252.71500 248.94901 249.71500 249.79601 249.61800 254.40700 256.62500 257.82001 260.95801 261.56201 263.51599 265.73999 266.83899 265.41101 265.05801 264.19400 263.84601 261.65201 261.14200 261.51501 262.53000 264.10001 263.87399 263.57501 262.21500 261.50500 261.84601 263.39899 263.16199 264.07700 264.52802 263.60800 262.98401 263.49399 263.69400 264.34000 264.39001 264.43301 264.23499 265.14401 264.60300 267.07501 267.39499 266.93301 266.63400 266.75601 265.09399 260.98099 262.81500 260.78699 265.45801 269.55899
-9999 -9999 -9999 -9999 -9999 -9999 -9999 -9999 -9999 -9999 -9999 270.68201 269.53101 266.49500 264.64600 258.91199 255.97800 252.69600 249.20300 245.66400 244.99400 247.53300 248.70900 254.61800 259.64700 262.64001 264.59000 264.98599 264.21899 264.06500 266.46701 266.19601 266.15701 264.48599 263.43301 261.84100 261.21799 262.67001 264.06299 266.87701 265.54599 266.16000 264.53400 261.82101 263.45801 263.89499 264.89600 265.51599 265.57401 264.91299 264.97299 263.67300 263.49600 263.93399 262.55801 263.09299 263.54501 265.82999 265.81699 266.55801 266.94299 267.03799 265.45999 265.23499 264.58899 262.52399 262.10101 259.35599 262.15601 263.85300
-9999 -9999 -9999 -9999 -9999 -9999 -9999 -9999 -9999 -9999 -9999 -9999 266.25900 263.29800 260.37500 257.38901 254.35001 248.12199 243.37100 240.86700 240.30499 245.75000 252.42700 257.57001 261.39600 271.28799 270.31500 271.06799 265.49301 265.71399 265.33099 266.43900 267.07401 263.91101 263.77200 260.03699 260.80499 259.26501 260.04199 265.49600 264.90601 262.54501 262.57401 261.63901 262.29999 262.26501 261.61499 261.52301 261.76999 262.73401 262.52899 261.19901 261.46301 263.52499 264.48099 266.97198 266.88501 266.89801 267.76401 266.04999 266.14200 263.91800 265.09698 264.84500 264.01700 260.45499 259.57999 257.66501 266.44901 267.58600
-9999 -9999 -9999 -9999 -9999 -9999 -9999 -9999 -9999 -9999 -9999 -9999 266.70300 264.04501 261.70499 257.90201 253.22200 247.89200 244.21300 241.69299 242.87000 258.36301 264.70999 270.17801 278.31699 274.84500 273.14700 275.36200 271.59000 271.84900 271.48599 272.23901 268.46399 264.33401 264.36700 261.10300 260.92401 260.08301 259.38901 264.74200 264.18900 263.87299 262.10199 261.54700 259.10001 259.12799 258.69000 260.00201 260.73099 263.87900 265.29599 262.59100 262.73599 264.51199 263.75601 266.78799 266.68301 265.95200 265.74600 265.47699 266.49799 268.35400 268.70401 268.01501 265.31900 260.03500 260.98999 257.35800 260.24200 258.00601
-9999 -9999 -9999 -9999 -9999 -9999 -9999 -9999 -9999 -9999 -9999 -9999 265.03000 261.47101 258.64999 255.95900 253.28000 250.19000 248.74400 250.77100 254.03101 262.27301 266.68201 272.37201 273.26901 275.20001 270.65701 266.54901 268.39700 267.89401 266.01099 265.64600 266.66400 267.29901 263.89200 258.38400 258.39401 258.46301 257.50601 261.26700 264.45599 264.42899 260.72501 258.09100 256.06601 254.94901 255.95100 261.23199 260.92001 258.34601 259.23801 259.66699 258.59601 260.39600 260.30200 262.88599 262.67899 264.97699 266.10501 267.08600 267.38300 267.87000 266.16400 262.68201 262.51401 260.00299 259.69800 254.13300 259.46899 255.94600
-9999 -9999 -9999 275.55301 275.17599 275.53101 273.92599 272.29901 272.30600 -9999 269.69400 267.63599 264.82401 262.25400 260.22198 258.28201 256.81201 254.32600 255.68900 260.27701 260.07101 263.19800 267.89600 270.21799 272.69199 271.04501 269.06299 272.62000 271.90201 279.72000 271.88199 268.33200 272.22101 276.56799 269.85501 264.51999 264.77100 263.59900 262.13000 263.60001 263.55499 263.59799 260.19800 258.45300 259.71500 262.38699 268.74600 264.58099 264.80899 263.37799 264.81900 265.17401 266.91400 272.25101 269.87701 277.80600 279.43600 270.40201 274.53500 270.28201 267.57501 267.72198 267.02802 265.95200 262.40799 258.91199 260.97699 255.50900 253.50600 253.45000
-9999 -9999 -9999 274.27600 273.51099 274.22900 275.21799 276.03400 274.68301 273.42099 271.56100 266.79599 267.27200 265.19501 265.46201 267.49301 267.23801 265.15100 264.72101 263.57901 262.81201 267.42099 265.93201 268.28601 272.12799 270.05301 273.28900 272.69299 275.60599 281.95599 274.11700 274.95499 274.12399 276.85199 274.78400 272.90701 274.63501 273.75900 267.03400 271.66599 270.24701 265.26001 262.12900 264.48001 267.86801 274.44601 275.52399 263.61801 267.09601 272.33401 273.82501 270.56500 274.21399 274.41101 267.47601 271.12399 268.49200 270.70499 275.02701 272.64401 269.93301 269.60400 269.93100 266.40500 265.76001 255.10800 254.60201 248.11400 247.91000 250.59700
-9999 -9999 -9999 273.21600 274.25000 275.78799 275.76801 276.48499 274.76901 272.81900 272.14999 269.86700 270.55600 272.76599 277.96399 273.44800 275.07101 272.18201 268.79099 266.54901 268.48300 273.19101 271.63000 275.86700 281.45801 276.26199 277.01199 274.11499 274.26001 285.89401 296.45801 287.98199 279.43799 277.82501 280.38699 278.71201 275.66599 272.04501 269.73001 273.20401 271.92300 268.60001 264.91901 262.99399 262.72000 267.14700 268.35699 266.78000 268.74701 278.04700 282.51300 269.59201 270.86200 270.37000 268.69699 270.93799 268.03900 269.01599 271.97699 273.62900 269.84601 269.46799 267.38400 267.97101 263.51801 257.04001 256.18701 255.22301 268.17001 267.83200
-9999 -9999 -9999 272.54300 271.37500 273.79501 272.10800 276.43900 276.53201 275.80801 273.52399 269.29901 277.02802 277.30200 279.81601 276.92599 280.34500 279.52399 276.31000 270.97900 277.56000 283.24701 291.87299 285.19699 281.29001 276.36700 274.71201 275.95401 286.41000 299.67700 289.31699 275.16000 280.93399 290.23801 288.73499 280.11099 272.22501 267.43399 269.53699 269.53900 268.76099 272.01199 274.63101 269.34601 259.69199 265.75400 270.72800 265.67801 274.62100 271.44601 278.44000 270.01700 270.85501 276.84698 271.16199 269.80499 268.74899 272.07300 274.25699 275.21399 281.28000 270.10800 267.87201 265.13599 265.62500 259.09299 260.82300 261.52100 277.51300 278.56201
-9999 -9999 -9999 272.20999 271.94601 275.40201 274.33600 278.85501 279.97400 277.41000 273.33401 273.98401 280.22198 284.93600 291.46100 288.10001 290.64899 282.22299 273.85400 268.93201 276.73999 281.28101 287.52802 276.83899 275.55200 273.16800 270.81100 271.58801 278.77701 289.21899 289.98199 286.30399 288.14999 282.91299 280.39600 280.74200 278.01001 272.07001 269.48199 268.46301 271.12701 271.36600 273.29401 274.05200 266.92401 267.45901 267.51199 267.38199 269.00800 271.45999 272.89801 266.69800 269.70999 280.01199 270.00500 275.88000 269.80701 269.95099 272.89099 283.27100 280.25900 275.54401 273.32001 281.64600 282.42200 264.60300 268.96701 277.43500 282.66699 259.66101
-9999 -9999 -9999 -9999 276.80600 279.68799 277.16000 281.12799 282.47299 280.20700 274.97501 276.71201 293.99399 280.34000 -9999 -9999 -9999 -9999 -9999 288.43799 289.26901 282.22501 286.11600 298.01199 288.95099 280.43701 273.10101 277.19800 280.35300 278.91699 280.98700 283.43900 283.35501 282.27301 276.88800 273.51599 274.33701 271.39801 270.94800 269.34799 268.02100 267.84399 269.44501 272.45300 270.03699 266.69800 267.83899 275.23401 271.56900 269.62601 271.44000 274.59299 272.99899 280.83600 282.70001 287.10800 289.79999 287.96201 285.28799 279.37100 285.20300 289.80399 287.85901 284.88699 284.02399 286.11099 278.20499 263.45599 252.25200 -9999
-9999 -9999 276.60400 276.50800 277.35001 277.73199 279.07501 283.79401 281.29401 280.50900 277.24701 279.30200 293.52100 -9999 -9999 -9999 -9999 -9999 312.34201 289.59799 288.29401 278.70801 278.96701 285.75601 285.59601 282.36200 274.41299 274.29001 275.38400 275.22800 276.83600 278.04599 277.45099 279.86600 277.84299 272.97000 274.28101 272.36301 271.91501 271.36499 270.74899 269.48199 269.68799 270.32599 266.91901 264.47800 265.41699 266.55801 263.74899 261.40900 263.44101 265.36700 267.34299 267.33701 273.05099 270.68799 273.37000 281.85001 283.04401 272.65701 273.46701 273.98099 272.87299 276.95999 272.90500 268.58600 261.95999 -9999 -9999 -9999
-9999 -9999 274.37100 275.32401 274.77301 277.12399 277.00500 280.74600 279.12900 278.65799 280.35901 281.08099 281.38400 -9999 -9999 -9999 -9999 281.72699 300.83401 282.31201 283.04099 281.19199 280.26901 279.55499 275.28699 270.72000 271.18799 273.50500 272.53699 271.92599 274.81799 278.42599 275.31699 274.11600 274.50101 272.20999 271.27802 270.72601 273.57700 276.01099 273.11401 274.43500 273.52600 272.39499 271.48001 268.82001 264.76300 266.44501 260.51199 260.48801 259.76001 261.02499 261.38101 262.23901 262.98199 260.54700 264.34500 273.30701 276.43600 268.96500 267.70999 272.65100 266.04999 260.16000 254.70900 -9999 -9999 -9999 -9999 -9999
-9999 -9999 271.70401 275.63501 276.17099 278.14401 277.61401 279.04199 278.77899 280.27301 283.83600 283.69000 271.89200 -9999 -9999 -9999 -9999 294.07599 292.54300 283.22699 283.15302 278.91101 275.90799 274.75699 274.57599 272.48001 274.62100 272.91000 273.55200 273.30200 275.75601 276.62000 277.10001 278.04099 275.10001 275.24399 274.74799 274.89499 276.73401 273.37299 272.05200 270.53601 270.36801 272.81900 269.76501 271.73801 269.56201 269.42599 265.70401 263.23300 258.27499 261.05499 261.79001 262.09799 263.20001 258.02802 258.51199 265.56100 264.96201 261.75201 256.14899 255.89400 254.60100 259.76401 266.66901 272.21701 256.62701 260.64200 252.64101 -9999
-9999 -9999 -9999 274.90900 277.49301 278.61801 276.63599 276.94699 278.80701 283.29001 280.43201 274.35101 -9999 -9999 -9999 -9999 291.07300 291.94000 285.82300 285.24100 284.77100 279.38901 279.39099 276.66199 275.96201 274.76999 274.02399 274.27802 272.82800 278.15701 278.24500 277.85199 275.07999 276.38599 274.62701 274.60901 272.75000 270.40100 269.78400 267.89001 268.08200 267.75400 268.45300 271.15601 267.11499 268.17999 266.05499 260.71899 261.70099 260.65601 263.53000 262.86301 260.66101 265.28000 268.17899 268.09100 267.54501 271.39499 270.62299 260.85300 259.54901 261.86301 268.82401 295.73901 319.73599 275.10400 262.48401 261.50601 255.53999 251.36000
-9999 -9999 -9999 -9999 274.52899 276.20200 276.24200 279.18201 281.10400 277.98199 273.89700 -9999 -9999 -9999 -9999 288.03101 291.15399 284.47000 282.64301 282.56799 281.21600 278.67499 279.69101 278.17801 278.09799 273.82300 272.97000 270.90302 273.15201 273.59299 274.44699 273.56299 271.94800 272.29800 274.30801 274.32599 273.16199 270.01001 270.32300 268.84100 269.52100 268.38800 267.14899 268.61200 265.81000 267.44601 264.90701 260.54599 259.44299 258.70200 256.80301 257.71201 259.30701 261.59399 260.72699 259.52499 259.72900 267.54599 268.32800 262.12799 266.53299 273.01999 275.29999 276.61600 288.13800 276.16501 263.90601 258.26300 262.18100 260.63501
-9999 -9999 -9999 -9999 -9999 -9999 274.68201 275.43900 272.64099 272.97699 274.72501 -9999 -9999 -9999 -9999 -9999 281.88800 276.88501 276.44000 278.07501 278.59698 272.09399 277.49799 275.55099 274.14600 272.83099 271.24799 270.01901 268.54199 269.39200 270.57501 270.57800 269.41800 273.77899 272.48999 270.13800 272.51300 272.59601 269.40201 270.39401 270.20599 273.13901 271.02802 271.84900 270.69901 266.79999 263.09500 259.90900 258.66501 258.38000 257.03699 258.42200 257.47699 257.99701 258.14801 257.82501 258.87601 262.85101 265.10101 264.38400 268.94101 275.02200 278.44299 284.22299 296.13501 283.04501 268.36600 260.53900 261.66501 265.63800
-9999 -9999 -9999 -9999 -9999 -9999 -9999 -9999 -9999 -9999 -9999 -9999 -9999 -9999 -9999 -9999 -9999 -9999 -9999 277.87799 277.68201 273.09399 275.21100 272.35699 271.14600 273.17200 271.56299 266.95200 265.89700 268.08301 267.95001 268.91299 272.46600 273.00699 272.88199 272.17599 271.11099 271.43799 271.91400 273.03500 274.28500 273.74799 270.87399 273.44299 270.45300 267.74500 262.85901 259.67700 257.85101 258.16400 256.95200 256.25699 256.68900 254.61900 255.67300 257.27802 258.83499 260.92099 264.82101 265.53299 274.07901 274.32501 277.62500 287.43100 291.59201 272.73801 264.12399 260.12701 260.80499 268.56201
-9999 -9999 -9999 -9999 -9999 -9999 -9999 -9999 -9999 -9999 -9999 -9999 -9999 -9999 -9999 -9999 -9999 -9999 276.44101 261.45700 259.44299 256.05301 255.52000 274.84299 273.90500 275.66101 272.03699 270.11401 271.47400 273.39999 271.70099 270.10300 271.15601 271.50101 271.12500 268.52600 269.57300 269.19800 272.60999 274.22101 275.10300 271.32101 269.95001 273.69299 270.82300 268.31000 263.48901 261.37900 257.08701 256.72699 254.77000 255.41600 254.56100 256.34799 257.37500 254.16200 257.02701 264.16199 269.81500 266.20401 267.09299 265.55701 270.72198 277.67700 281.45801 272.78900 266.96100 263.49100 264.03799 265.22601
-9999 -9999 -9999 -9999 -9999 -9999 -9999 -9999 -9999 -9999 -9999 -9999 -9999 -9999 -9999 -9999 -9999 276.46701 277.17801 258.56299 258.76099 257.05099 255.71001 274.62000 272.67401 273.12799 271.16501 270.16800 274.20499 275.40100 274.72800 269.64301 271.50101 268.00400 267.39499 269.99399 273.09900 272.53900 272.21799 274.09000 272.97400 271.14401 269.57999 271.08701 268.56000 266.87100 262.51700 263.16400 257.30499 256.11600 253.95700 253.36099 253.81500 256.03799 256.90399 254.11501 258.01199 265.25000 268.87900 264.27701 258.46399 264.00400 277.13199 283.22400 270.83600 269.14301 268.33899 264.09399 262.52701 263.86200
-9999 -9999 -9999 -9999 -9999 -9999 -9999 -9999 -9999 -9999 -9999 -9999 -9999 -9999 -9999 -9999 -9999 277.34601 276.92099 260.97501 259.10800 260.34000 257.59399 272.75201 267.87100 272.01801 271.82199 271.62900 272.51300 275.10699 275.24600 271.41000 270.04800 264.10400 267.07901 270.69501 272.38901 270.54700 274.01700 271.97800 270.37201 267.75101 265.75800 267.07300 264.72699 259.79901 258.11099 265.25101 261.58099 254.58600 252.05200 250.86900 251.16499 253.48900 252.95700 254.89900 262.73901 264.42099 263.36301 260.11801 264.22601 269.21100 271.38800 275.49301 283.79199 277.13699 267.36301 272.18600 263.09299 259.74100
-9999 -9999 -9999 -9999 -9999 -9999 -9999 -9999 -9999 -9999 -9999 -9999 -9999 -9999 -9999 -9999 283.39700 282.53500 282.51901 263.46301 257.50699 256.28299 256.26501 270.42401 265.42300 270.96899 269.42099 267.02899 269.69800 271.68701 272.38199 268.31799 268.67401 261.93100 263.50000 267.28201 269.99399 270.42801 273.68100 269.12201 266.64200 266.34601 264.27499 264.01501 260.83099 258.02802 256.28000 265.79599 262.30399 255.16299 251.29300 251.26700 253.29300 252.55000 252.53000 254.32800 256.26999 260.16199 261.19000 262.73199 262.86499 266.16199 269.87399 283.58499 276.03400 272.43900 268.26901 266.04401 257.85300 256.54901
-9999 -9999 -9999 -9999 -9999 -9999 -9999 -9999 -9999 -9999 -9999 -9999 -9999 281.44800 284.08899 285.64899 286.11401 285.92401 281.19400 276.86801 273.09799 275.66400 271.72501 268.68301 267.77802 267.59000 267.13199 267.33600 268.06201 269.15900 269.73901 270.72000 270.70901 266.77600 268.00699 268.94501 269.73099 267.79300 270.31699 271.25400 268.74899 267.03000 263.24600 260.64499 258.59000 259.36600 259.07199 260.39001 260.76700 260.12799 258.38199 253.83501 253.86099 250.08800 248.69901 254.82001 256.93600 260.55200 260.60999 261.15399 263.44000 263.65900 266.22501 265.18701 260.69000 256.35699 254.94200 254.60201 254.43100 256.38300
-9999 -9999 -9999 -9999 -9999 -9999 -9999 -9999 -9999 -9999 -9999 -9999 280.97000 284.06000 285.04300 286.21701 284.28299 280.23999 279.60999 273.42001 274.34100 272.87701 270.75400 269.23599 267.72101 268.85101 268.39600 268.97198 268.87299 269.45599 268.33099 270.06000 269.55600 266.26700 265.39801 265.87601 267.62500 266.06400 267.52899 266.31000 265.81699 263.57501 260.96600 259.22000 256.77899 257.37299 257.11899 259.51801 261.36099 262.03400 260.28500 256.28000 255.01601 252.03101 249.05701 251.63600 256.56000 262.45001 265.57700 264.56799 263.18100 260.49701 259.89099 260.15799 255.47600 253.02699 251.70599 252.17599 252.03101 258.27100
-9999 -9999 -9999 -9999 -9999 -9999 -9999 -9999 -9999 -9999 -9999 287.16400 287.18500 287.23199 284.34698 282.71201 281.65799 284.63400 284.70901 282.49301 280.05099 277.18600 274.73901 274.85400 275.12100 268.77301 270.19000 267.76300 265.24899 263.97900 265.75101 268.99200 269.52600 267.81799 266.71500 267.83701 270.03299 269.20001 266.27499 265.99899 262.92599 263.12701 258.26801 257.56100 256.28101 256.20099 255.89301 257.86499 258.78799 259.01401 259.71100 261.95801 259.47400 260.26300 257.92099 256.69901 255.73599 260.27499 258.05701 257.14499 257.41599 253.03500 252.08200 251.48399 250.64200 248.02800 249.60500 248.42400 253.48000 258.90100
-9999 -9999 -9999 -9999 -9999 -9999 -9999 -9999 -9999 -9999 290.45001 288.04199 284.14899 287.05301 282.70801 281.85400 281.04901 285.08701 285.01001 282.75299 279.29599 276.52701 275.56500 274.70300 274.65701 270.12500 269.29700 267.67001 266.53400 267.08801 266.38800 269.44699 270.68100 269.04001 269.04199 268.95700 270.99899 269.13699 264.42300 262.31699 259.55200 256.80399 252.67500 253.68300 253.58600 254.52499 253.32800 255.56000 256.34601 256.86499 258.37701 261.75000 261.00500 263.24600 259.73801 259.89200 261.23599 261.88699 254.83900 254.50800 254.60201 251.66200 252.19600 251.01900 250.16299 248.09399 247.50800 249.09599 256.12701 263.36700
-9999 -9999 -9999 -9999 -9999 -9999 -9999 -9999 -9999 281.88699 281.94101 282.02301 282.98499 284.19901 282.42001 284.07599 284.36200 285.01099 281.65900 280.45599 279.39600 279.64700 279.34500 278.06900 276.76599 272.29099 271.45200 254.94501 255.63400 251.04800 250.13699 266.20200 267.16199 268.59201 269.69400 273.94901 273.71500 268.60501 266.26001 262.09601 257.49701 253.46899 250.82300 249.24100 248.36900 250.60201 249.35500 252.60500 252.78101 254.11400 256.69199 259.57300 261.73300 269.79599 271.44400 260.81000 258.65500 255.46300 254.19000 252.59801 252.46500 253.08800 253.07800 249.91100 249.99300 247.87700 248.57600 250.84599 253.98399 258.58099
-9999 -9999 -9999 -9999 -9999 -9999 -9999 -9999 -9999 -9999 280.87000 282.42001 282.70401 282.68500 279.30899 283.23499 283.45200 284.81299 284.28000 284.39801 283.24301 281.58801 281.10599 -9999 -9999 -9999 -9999 -9999 -9999 251.60600 252.06100 266.84601 268.42200 269.59698 270.84500 274.59799 272.93201 267.01199 262.11801 259.34601 255.21800 251.23399 248.03500 247.45300 246.50101 250.52699 249.96899 250.04401 250.40199 250.19299 253.76700 256.21899 261.96500 268.82999 269.86401 260.28601 255.67700 254.76601 252.87399 252.59599 252.00700 253.25999 253.27699 251.39900 257.32001 251.42900 253.63499 253.90900 267.19101 266.08899
-9999 -9999 -9999 -9999 -9999 -9999 -9999 -9999 -9999 -9999 -9999 -9999 287.19501 288.23700 289.05499 286.36200 287.00699 287.43301 286.80301 -9999 -9999 -9999 -9999 -9999 -9999 -9999 -9999 -9999 -9999 -9999 -9999 -9999 -9999 266.74399 269.98401 270.31000 266.66400 265.01300 258.23999 257.89099 254.24200 250.71201 249.30200 248.17000 248.71201 247.04601 247.35201 246.11301 246.82100 246.75800 250.28500 258.80899 261.72299 264.47601 261.77100 257.45999 255.65800 254.72900 252.94200 249.56799 249.38600 251.06400 252.23000 250.51300 249.92300 248.56900 252.99800 253.98000 257.30701 249.49300
-9999 -9999 -9999 -9999 -9999 -9999 -9999 -9999 -9999 -9999 -9999 -9999 -9999 -9999 -9999 -9999 -9999 -9999 -9999 -9999 -9999 -9999 -9999 -9999 -9999 -9999 -9999 -9999 -9999 -9999 -9999 -9999 -9999 -9999 267.27600 269.41299 262.29800 263.73700 257.09601 256.23999 253.53900 252.52499 248.98199 247.79800 247.04900 247.99800 246.81100 245.54100 246.07700 247.44501 249.32201 255.67300 259.23700 260.14999 260.59500 255.96400 256.49600 259.74301 257.70200 252.82899 250.91400 252.27100 250.38800 247.87801 248.36600 250.49600 254.81300 256.69699 263.24100 252.27800
