data/hydroclimate-scenarios/1948-2000.Pcorr55N_Pref_Tref/monthly_summaries/isr_monthly_avg_feb.1950-2000.asc
ncols	311
nrows	91
xllcenter	102.75
yllcenter	31.75
cellsize	0.5
NODATA_value	-9999
[rows 31 to 61 of 91, columns 0 to 69 of 311]
-9999 -9999 -9999 -9999 -9999 -9999 -9999 -9999 -9999 -9999 -9999 65.29000 65.47130 65.79580 66.15680 67.05560 67.65880 67.43750 67.72610 67.14960 67.05410 67.30470 66.73790 66.72780 66.37010 65.75390 64.79930 64.41860 63.93820 63.95070 63.35520 62.80620 62.53250 62.45320 62.23270 61.64870 61.70360 62.19590 62.11410 62.19960 62.15880 61.63870 61.61710 61.49800 61.04450 61.29720 61.23480 60.94360 60.94200 61.81840 61.88790 62.37220 62.29460 62.50000 62.42900 62.40390 62.62060 62.78260 62.92230 62.32470 62.42540 62.76350 62.70800 62.83150 62.74440 62.76380 63.28650 61.12240 62.22050 64.11130
-9999 -9999 -9999 -9999 -9999 -9999 -9999 -9999 -9999 -9999 -9999 68.35790 68.51250 68.06030 68.49360 68.69260 69.75630 69.13740 69.95530 69.88710 69.89710 68.92520 68.31180 68.16080 67.50070 68.34810 67.61570 67.16640 66.34980 66.55650 66.00160 65.49970 65.09530 64.63870 64.52170 63.75200 63.79620 63.35750 63.56410 63.89340 63.68680 63.04070 63.10100 63.09320 62.97790 63.10300 63.41460 63.38160 63.35110 64.49390 64.34530 65.02090 64.89670 65.75360 65.64150 65.30710 65.24830 65.51650 65.45950 65.17490 65.20790 65.13430 65.10760 64.95480 64.69410 64.88910 65.39460 63.33970 64.43040 65.46640
-9999 -9999 -9999 -9999 -9999 -9999 -9999 -9999 -9999 -9999 -9999 71.62740 71.74450 70.77520 71.01610 71.27460 71.41910 71.46790 72.24830 71.68400 71.73370 71.45140 70.51770 70.45100 70.26340 70.81210 70.57090 69.48750 68.53140 68.54140 68.21290 67.78340 67.57800 66.68200 66.60020 65.79300 66.10540 65.98360 66.23000 67.03600 66.74460 66.23130 65.98200 66.06750 66.32370 66.44670 66.66290 66.49630 66.58260 67.70220 67.44120 67.78300 67.65920 68.18340 68.17690 68.02010 68.05510 68.37080 68.52190 67.80390 67.90010 67.76460 67.61180 67.43570 67.40460 68.07120 67.94750 65.85020 66.33510 67.37940
-9999 -9999 -9999 -9999 -9999 -9999 -9999 -9999 -9999 -9999 -9999 -9999 73.69600 73.14910 73.14470 73.89240 74.44910 74.11440 74.49500 74.12630 74.03050 73.76360 73.67800 73.70730 72.95300 73.80460 73.11290 73.01260 71.36690 71.25340 70.77050 70.27690 70.13750 69.49080 69.09140 68.07600 68.67020 68.46250 68.73940 69.70730 69.85730 69.56910 69.43280 68.69430 68.80980 68.56360 68.80930 69.30850 69.28510 70.49780 70.13480 70.36140 70.30580 70.99630 70.90100 70.28990 70.23930 70.50790 70.43420 70.61410 70.41700 70.93240 71.03740 71.15200 70.91710 70.41000 70.16870 70.10280 71.40760 71.38170
-9999 -9999 -9999 -9999 -9999 -9999 -9999 -9999 -9999 -9999 -9999 -9999 75.27100 75.03140 75.84410 76.06140 76.32750 76.05050 76.40760 75.97550 76.23130 77.62050 77.06990 77.08100 76.69010 76.28160 75.31170 74.93640 74.13940 74.13890 73.85370 72.85050 72.10120 71.47720 71.58930 70.91800 71.24150 70.83730 70.99960 71.84960 72.65920 72.53920 72.02120 71.51300 71.34870 71.33160 71.44030 72.19580 72.03530 73.22020 73.25790 72.88010 72.63670 73.55150 73.36530 72.79920 72.56160 72.58970 72.46230 72.96670 73.30160 74.06560 74.34960 74.20820 73.52470 72.58520 73.04660 72.70360 73.18880 73.21270
-9999 -9999 -9999 -9999 -9999 -9999 -9999 -9999 -9999 -9999 -9999 -9999 77.93230 77.26430 76.71640 77.61800 78.22790 77.97430 78.81670 79.84230 80.75910 81.25260 80.86800 79.39700 78.18080 79.10700 77.81760 76.52700 76.60670 76.79900 76.12910 75.46630 75.45050 75.35930 74.81380 74.29560 74.17190 73.37350 73.52810 74.81510 75.80150 75.19890 74.43060 73.66140 73.60810 74.27820 74.40470 74.98580 74.34570 75.89080 75.85830 74.95540 74.71740 75.37830 75.36710 75.01000 74.92820 75.14510 75.43800 76.15760 76.45800 76.73350 76.67920 76.24740 76.43350 76.33830 76.38380 75.33690 76.47050 76.23660
-9999 -9999 -9999 80.67840 80.42050 80.27650 80.41870 80.83130 80.66250 -9999 80.33990 80.33180 79.63270 78.83290 78.72980 79.15610 79.50990 79.17740 80.21810 81.62950 81.67330 81.95400 80.73730 79.60200 79.17820 80.01900 79.32160 80.10510 79.56710 81.10630 79.40260 77.74260 78.81760 79.23050 78.25410 77.32310 77.48580 76.28180 76.25330 78.04600 78.54200 76.97080 76.41500 75.77520 76.63590 77.98960 78.99220 78.60370 77.99420 79.40180 79.30010 78.52530 78.40610 80.16290 79.72100 80.14760 80.16210 78.84000 79.49880 79.80000 79.20850 79.39980 79.34490 79.80860 79.62370 79.27900 79.70090 78.79880 78.60040 79.03150
-9999 -9999 -9999 82.24080 81.84280 81.81440 82.25220 81.90810 82.04720 82.16970 81.92610 81.68200 81.65860 80.82060 81.02660 81.52130 82.01360 80.92640 81.06920 81.24560 80.72530 81.37620 79.79430 79.56410 79.96900 81.04650 81.48460 81.82810 82.40920 83.62850 81.83090 81.63910 81.61530 82.19030 81.70770 80.78460 81.62320 81.12590 80.27250 80.53790 80.62860 79.42380 78.53170 78.88970 80.19800 81.24140 81.66960 81.29210 80.95210 82.26840 82.20730 81.61650 82.76510 83.01000 81.73560 81.64330 81.41510 82.17690 83.38520 83.21170 82.53620 82.43360 82.73870 82.78200 82.87140 82.12940 82.18100 81.25000 81.55840 82.61530
-9999 -9999 -9999 82.67560 82.45230 83.26470 84.37240 84.03070 83.63490 83.46220 83.38570 83.35810 83.82850 84.43120 85.38330 84.42060 84.97260 83.99020 82.86090 82.67910 82.81110 83.44910 82.38130 82.66180 83.53860 83.77340 83.98980 83.98170 84.25620 86.15440 87.53630 86.73820 84.98070 84.58300 85.29530 84.56220 84.09160 82.89070 82.71770 82.94760 83.43680 82.05440 81.76350 80.96460 81.62310 82.67400 83.14130 83.25300 83.49410 85.54710 86.09410 84.12620 83.88450 84.57850 83.97810 84.12160 84.05760 84.57340 85.60160 86.07100 85.45250 85.21770 85.28050 86.19430 85.61370 85.75540 85.61760 85.55080 86.72620 87.42480
-9999 -9999 -9999 85.58700 85.28580 86.65230 87.84700 87.42940 86.76700 86.54110 85.60670 85.36130 87.88380 88.97850 89.56070 88.48030 88.74350 89.03240 88.40690 87.14720 88.02450 88.26190 89.03360 88.69930 87.66540 87.67350 87.47870 88.53390 90.20280 91.26900 89.93130 86.38760 87.98030 90.08420 89.83980 88.10280 86.42330 84.96780 85.71240 86.25800 87.02410 87.15520 87.86840 87.25170 86.31450 87.03520 87.78090 87.82020 88.83590 89.46340 89.31040 88.07280 87.79940 89.16380 88.39080 87.50970 87.79200 88.18200 88.91590 89.32880 90.68700 89.04700 89.21900 89.48420 89.79640 90.16990 90.57420 90.38380 91.74380 92.20970
-9999 -9999 -9999 87.01030 87.44360 88.74820 88.22070 88.56720 89.09340 88.25560 87.11650 88.40480 90.46830 92.43190 92.52520 92.37190 92.49400 91.69800 89.23180 87.64290 88.83400 90.08750 90.53160 88.48750 88.09010 88.58860 87.97850 88.39600 90.38950 92.03870 92.47470 91.85340 91.70050 91.43690 91.03630 91.25630 90.40090 88.31560 87.96380 88.31610 89.03440 88.75330 89.45810 90.04600 88.68860 88.51810 89.07070 89.38020 89.56810 90.81860 90.93520 89.72130 89.79380 92.27900 90.74040 90.89670 90.27530 90.29270 91.22460 92.86020 93.33960 92.38440 92.65200 95.00020 95.22240 94.42970 94.95860 95.54000 95.84780 93.25810
-9999 -9999 -9999 -9999 89.97940 91.41840 90.83780 92.13880 92.70660 91.52940 90.14650 90.28680 93.91170 92.09260 -9999 -9999 -9999 -9999 -9999 92.23420 92.48160 92.88810 93.14480 93.31050 92.67920 90.84540 88.90120 90.14720 91.58000 91.53820 91.92790 94.21700 94.24130 92.32020 91.35900 90.94240 90.91190 90.58850 90.78970 91.09490 90.79790 90.86050 91.28850 91.28950 90.82140 90.22820 91.05430 92.20040 91.90800 92.02760 92.17980 92.71820 92.47900 94.32450 94.83830 96.32110 96.41150 96.11340 95.70380 95.51490 96.66540 98.07850 98.72890 98.49360 98.80410 99.29100 98.50430 96.09390 94.88130 -9999
-9999 -9999 92.38060 92.16480 92.48040 92.75810 93.31610 94.49320 93.87500 93.60360 92.30280 93.02380 96.49060 -9999 -9999 -9999 -9999 -9999 98.46000 95.37130 95.11300 93.92200 93.81410 94.40690 94.26270 93.32660 91.58420 92.15830 92.66180 92.52960 92.93400 94.56010 94.91330 93.37110 93.54280 92.81770 93.11500 93.31350 93.14470 93.34430 93.71020 93.08720 93.29100 92.47810 91.73430 91.45900 92.14360 92.49500 91.62250 92.24800 92.41640 92.81190 93.60930 94.22060 95.31480 95.51940 96.52840 97.76600 98.34660 97.51880 98.28080 98.99670 99.43860 99.82920 99.92700 100.13800 99.91480 -9999 -9999 -9999
-9999 -9999 96.57570 95.67600 94.82150 94.85810 94.87240 96.62280 96.36520 96.14910 97.32660 97.78480 98.09410 -9999 -9999 -9999 -9999 95.60090 98.84650 97.65770 97.05510 96.10190 95.54960 96.38290 95.07200 94.78740 94.98000 94.90220 94.57550 94.99210 95.11810 95.86390 95.72960 96.25730 96.59550 96.38310 96.19580 96.30000 97.03300 96.77880 96.80060 97.54220 97.66560 96.87110 96.84350 96.41750 96.19330 95.79430 94.86230 94.63760 94.58130 94.15120 94.38610 94.53690 95.13070 95.90510 96.92590 99.51600 100.68200 99.81020 99.88520 100.80000 100.16100 99.70310 99.36870 -9999 -9999 -9999 -9999 -9999
-9999 -9999 98.60190 98.31830 97.56760 97.36340 97.40610 98.03530 98.34700 98.98900 100.75100 101.22600 94.35670 -9999 -9999 -9999 -9999 100.44200 100.44000 99.82600 99.87860 97.93470 96.88460 97.07320 96.99900 97.27240 97.69210 97.09270 97.25820 97.63280 98.80840 97.18360 97.97530 99.72660 99.54780 99.41670 99.47830 100.10800 100.60300 99.25020 98.77950 99.42760 99.13100 99.03370 98.44070 99.34320 99.48800 98.34160 97.75590 98.06540 96.76680 96.90200 97.49390 97.66180 98.17310 98.02230 98.69510 100.29200 100.55100 100.34400 99.45670 99.43200 99.68580 101.60200 103.84700 104.38600 102.17000 102.35500 100.94300 -9999
-9999 -9999 -9999 101.67500 101.23600 100.81400 100.10800 99.87970 101.28800 103.66200 103.34800 98.46040 -9999 -9999 -9999 -9999 104.45100 104.95900 102.24900 102.27400 101.73900 100.80200 100.48100 99.49620 99.68460 100.33200 99.20710 99.42720 99.48550 100.75900 100.44500 100.81700 100.55600 100.94400 101.13700 101.93500 101.53100 100.58000 100.52800 100.15600 99.97870 99.68180 99.88490 100.38500 99.76250 99.44740 99.13220 100.04700 99.64010 99.71840 101.20500 100.39400 99.97280 100.16600 101.56800 102.83300 103.13200 103.54600 103.71600 103.26100 102.80800 101.67400 103.77000 109.49200 114.70900 105.67300 103.67300 104.25900 102.74500 99.22910
-9999 -9999 -9999 -9999 103.37700 102.82900 102.16600 103.21800 104.56500 103.94500 99.97760 -9999 -9999 -9999 -9999 106.92000 107.24700 105.24000 103.50700 103.57700 103.16400 102.69100 103.32400 102.18400 102.74700 102.15300 101.95300 101.75100 101.93000 101.74700 101.67900 101.97600 101.64800 102.37700 103.47200 104.05200 103.98900 104.06600 103.65600 103.03300 102.74900 102.57000 102.00900 102.30600 101.70700 101.49400 102.00900 102.22600 101.62100 102.20100 102.13800 101.38600 102.11500 103.24600 103.30900 103.53500 104.39000 105.37600 105.83900 106.17100 107.45700 107.34800 107.53600 110.03000 111.49800 108.31200 105.44600 104.03100 104.88800 103.49100
-9999 -9999 -9999 -9999 -9999 -9999 106.20600 106.74400 103.92900 103.30000 106.28800 -9999 -9999 -9999 -9999 -9999 107.33900 106.55000 105.90200 105.62600 105.67700 105.70900 105.99100 105.37900 104.99700 103.50600 103.11900 103.26400 102.25100 104.17000 104.21900 104.20200 103.86700 105.88900 105.36300 106.03400 106.88300 107.43600 106.90700 106.08800 106.10100 106.64600 106.33800 106.27000 105.75400 104.96300 103.95500 104.34800 104.94500 104.76400 104.45500 103.93200 103.89000 104.23700 105.75700 104.41400 103.98500 106.85000 107.34400 108.34400 109.49500 109.23400 110.00000 112.72300 113.87200 111.29400 107.55700 106.16500 106.53600 105.00600
-9999 -9999 -9999 -9999 -9999 -9999 -9999 -9999 -9999 -9999 -9999 -9999 -9999 -9999 -9999 -9999 -9999 -9999 -9999 108.38100 107.90900 108.29400 108.06800 106.16200 106.02900 106.11400 105.82900 104.77600 104.03600 105.95300 106.36700 105.94000 107.31500 108.39400 107.98000 108.99600 108.38500 109.99600 110.06300 108.96300 109.38900 109.43400 108.50200 109.65500 108.46600 107.75100 107.21600 106.63900 106.71700 107.29700 107.52600 105.94900 106.26300 105.75600 106.75800 106.04400 106.46400 109.02700 109.41800 110.25100 112.31000 110.49800 111.66300 114.70500 115.13600 110.84900 107.85200 107.74100 107.95700 107.16300
-9999 -9999 -9999 -9999 -9999 -9999 -9999 -9999 -9999 -9999 -9999 -9999 -9999 -9999 -9999 -9999 -9999 -9999 108.20200 110.15000 110.51800 109.80900 109.06800 108.18700 107.97600 107.31900 106.72100 108.49300 108.14900 108.52300 109.19900 108.45500 109.08500 110.67500 111.19500 110.98500 111.77400 111.38000 111.85500 114.08200 114.50000 112.36200 112.59200 111.73900 110.95100 109.91300 108.67100 107.82400 106.62900 108.01000 108.08800 108.76000 109.04900 108.64100 109.49000 110.72400 111.49800 112.39300 112.74600 110.63400 110.35400 111.21800 112.53100 114.16500 115.27600 110.86200 109.40700 108.93000 108.62800 108.53700
-9999 -9999 -9999 -9999 -9999 -9999 -9999 -9999 -9999 -9999 -9999 -9999 -9999 -9999 -9999 -9999 -9999 110.46700 110.38000 110.87700 112.27800 112.13100 111.45100 110.54900 109.75700 109.44200 109.14700 110.69900 111.51700 111.86300 111.83700 110.70600 111.45600 112.50200 112.24200 113.76300 115.05700 114.84100 115.07400 116.97700 116.57300 115.14200 114.62500 113.76900 113.18500 112.06100 111.22100 110.02700 108.88900 109.77800 109.77200 110.07700 111.18000 110.89900 111.43000 113.14400 114.27300 114.87700 114.24500 112.09900 109.95800 112.51900 115.84400 117.48400 113.38200 111.56800 111.35100 110.92600 110.66700 109.92000
-9999 -9999 -9999 -9999 -9999 -9999 -9999 -9999 -9999 -9999 -9999 -9999 -9999 -9999 -9999 -9999 -9999 113.52300 113.27200 113.16400 114.56100 113.84300 112.47800 112.25400 112.35400 111.37700 111.41600 113.33200 114.00900 114.90800 115.02000 112.81700 112.86200 112.65800 113.07800 116.11600 117.19800 117.39500 118.33900 117.99400 117.15900 115.15700 114.54900 117.11300 116.47600 114.72400 113.90900 114.33600 113.22000 111.33000 111.70200 111.26500 112.38500 113.09300 113.51800 114.08700 116.08700 116.33000 115.47700 113.48200 113.44500 115.60800 116.20100 117.03500 119.11700 116.91900 113.88600 115.73900 112.88700 112.75600
-9999 -9999 -9999 -9999 -9999 -9999 -9999 -9999 -9999 -9999 -9999 -9999 -9999 -9999 -9999 -9999 120.12400 119.50000 119.36200 117.36900 115.84500 115.24600 115.11200 114.31900 114.07400 113.04600 112.94200 115.25000 115.81500 116.50500 116.46200 114.40100 114.59900 112.90300 113.44600 117.36300 117.95000 119.47600 120.29900 119.53900 118.59900 117.25100 116.74900 118.92300 118.23700 116.56800 115.91000 117.22800 115.97600 113.63400 113.07700 113.69700 114.69500 115.30400 115.65600 116.07400 116.12600 117.19300 116.98000 115.86600 115.61700 116.21600 117.52800 121.46000 119.13300 117.18500 116.57900 116.00400 113.71300 114.27900
-9999 -9999 -9999 -9999 -9999 -9999 -9999 -9999 -9999 -9999 -9999 -9999 -9999 120.44200 123.29900 123.79200 124.10500 123.24500 121.52900 121.20300 118.78400 119.41300 116.89600 118.35800 117.85600 117.31500 117.89900 114.42200 114.90900 116.48000 116.63700 115.34300 115.73800 115.94000 115.95100 118.80200 119.45000 116.32100 116.73000 119.19600 118.97800 117.67400 117.95700 120.16600 119.48100 118.66700 118.40300 117.58900 117.49100 118.99300 118.05200 117.58200 118.00000 117.67700 118.15800 117.96600 117.87600 119.27300 119.07600 119.33500 119.51000 118.28700 118.13600 116.37700 115.51200 115.00300 114.62800 115.32700 115.43400 116.41900
-9999 -9999 -9999 -9999 -9999 -9999 -9999 -9999 -9999 -9999 -9999 -9999 122.64700 125.71400 126.58300 127.07600 126.22000 125.38500 123.26000 122.09200 120.59400 119.82600 119.62100 119.92100 119.50100 119.21800 118.67300 115.70000 115.27600 117.53600 117.44700 117.16500 117.28900 118.05500 116.59600 119.58800 120.16400 116.67900 116.95200 119.46800 120.92900 120.23900 120.11500 122.06800 121.73600 121.64300 121.38000 119.57100 120.08600 122.77800 122.29800 121.03200 120.78400 120.37600 119.61500 119.13100 119.77800 121.63600 121.92400 122.11700 121.33400 119.46600 119.36900 117.62800 116.38600 116.69400 115.98900 116.66500 117.38100 119.75100
-9999 -9999 -9999 -9999 -9999 -9999 -9999 -9999 -9999 -9999 -9999 127.46900 127.75700 129.40199 128.21100 127.88000 126.98000 128.24200 127.78200 125.56000 123.34500 123.15700 122.14800 120.12800 119.99200 121.17700 121.20100 118.03100 116.83900 117.82700 118.62300 118.60500 119.23900 120.09200 119.66600 120.70300 120.90200 120.54100 118.87900 121.65000 122.80500 122.12500 122.47900 121.97800 121.54200 122.16400 121.97800 121.82900 122.53500 124.16500 124.65100 123.90700 123.52800 123.57700 123.40600 122.37400 122.30600 121.76300 121.10500 120.09300 119.87700 119.76000 119.70600 118.90200 118.70600 118.29200 118.61000 118.54100 120.39000 123.48300
-9999 -9999 -9999 -9999 -9999 -9999 -9999 -9999 -9999 -9999 131.73100 130.79201 129.69099 130.44701 130.71201 129.26900 129.14301 130.85899 128.06700 126.94800 125.33300 124.44000 124.14000 122.49300 121.51700 123.28300 123.37800 120.42500 119.78600 120.72600 121.39600 121.13500 121.94500 121.69700 122.81700 123.78300 124.47600 123.85100 121.57500 123.06100 123.84800 123.20800 123.58600 123.01100 122.31900 123.08200 122.66000 122.86200 123.54800 125.38300 126.54700 125.87000 125.91500 126.36600 126.44400 125.38500 124.49300 123.48400 122.00800 121.24200 121.48900 121.47800 121.05800 120.31000 120.08100 120.27500 120.47100 121.28500 124.70500 127.58000
-9999 -9999 -9999 -9999 -9999 -9999 -9999 -9999 -9999 127.71500 129.20700 129.94600 130.92200 131.35001 131.66901 131.59100 131.65199 130.03600 126.84400 129.91200 127.99400 126.27500 126.17700 125.80200 125.43700 124.97300 124.86500 120.71500 120.83400 125.98800 126.81300 126.33700 127.14300 130.29800 131.13300 129.24200 129.85300 126.76200 125.37300 123.66400 123.23000 119.77400 120.47000 122.29200 122.43900 124.98200 123.46000 122.98900 122.02600 124.13200 125.96500 127.65400 127.67500 127.84000 129.17599 126.09200 125.31100 123.10500 122.91300 120.87300 120.77200 120.18300 120.20500 121.77400 120.82200 121.77100 122.98300 125.33400 128.39900 132.04401
-9999 -9999 -9999 -9999 -9999 -9999 -9999 -9999 -9999 -9999 130.98000 131.28500 131.28600 132.22900 132.49800 133.52901 134.16100 132.23399 129.60001 132.44600 131.31400 129.90601 128.69501 -9999 -9999 -9999 -9999 -9999 -9999 129.46001 129.49400 129.08501 129.91000 133.47301 134.21800 132.37000 131.55901 128.97900 126.92300 125.16600 126.30700 122.28700 122.16500 123.32400 123.68400 126.30600 126.20500 124.80700 125.27900 125.92700 128.10800 128.75600 130.76700 131.00500 130.92500 127.85700 126.43100 125.76100 124.49200 123.01000 123.15700 123.00300 123.23800 124.61100 125.69600 125.95000 127.37500 128.76199 134.96700 137.78000
-9999 -9999 -9999 -9999 -9999 -9999 -9999 -9999 -9999 -9999 -9999 -9999 134.23500 134.68401 136.45300 135.93600 136.33701 136.85899 134.62399 -9999 -9999 -9999 -9999 -9999 -9999 -9999 -9999 -9999 -9999 -9999 -9999 -9999 -9999 135.54601 136.45500 133.83701 132.54401 130.63200 129.06100 128.36000 128.66100 125.77800 125.84600 128.18401 128.53000 128.66701 128.34599 126.94100 127.68800 129.66299 131.19400 131.56000 133.13000 132.00800 130.08900 130.21700 129.96800 130.61501 129.67799 126.28000 126.38500 128.53799 128.68300 129.08800 128.47701 129.47200 131.67700 133.58099 136.39700 137.14900
-9999 -9999 -9999 -9999 -9999 -9999 -9999 -9999 -9999 -9999 -9999 -9999 -9999 -9999 -9999 -9999 -9999 -9999 -9999 -9999 -9999 -9999 -9999 -9999 -9999 -9999 -9999 -9999 -9999 -9999 -9999 -9999 -9999 -9999 137.72900 135.05200 133.32500 132.02100 133.28200 131.86200 131.18600 127.95200 128.99300 130.30000 130.87300 130.97501 131.07201 129.47600 129.33299 132.45200 133.83900 134.15199 134.88400 132.78200 131.95900 132.82600 132.60500 134.50101 133.72701 130.03101 129.67599 131.24899 131.56200 131.99800 131.56799 133.08099 136.41901 139.19501 142.17300 140.97099
