data/hydroclimate-scenarios/1948-2000.Pcorr55N_Pref_Tref/monthly_summaries/isr_monthly_avg_oct.1950-2000.asc
ncols	311
nrows	91
xllcenter	102.75
yllcenter	31.75
cellsize	0.5
NODATA_value	-9999
[rows 0 to 30 of 91, columns 71 to 141 of 311]
-9999 -9999 -9999 -9999 -9999 -9999 -9999 -9999 -9999 -9999 -9999 -9999 -9999 -9999 -9999 -9999 -9999 -9999 -9999 -9999 -9999 -9999 -9999 -9999 -9999 -9999 -9999 -9999 -9999 -9999 -9999 -9999 -9999 -9999 -9999 -9999 -9999 -9999 -9999 -9999 -9999 -9999 -9999 -9999 -9999 -9999 -9999 -9999 -9999 -9999 -9999 -9999 -9999 -9999 -9999 -9999 -9999 -9999 -9999 -9999 -9999 -9999 -9999 -9999 -9999 -9999 -9999 -9999 -9999 -9999 -9999
-9999 -9999 -9999 -9999 -9999 -9999 -9999 -9999 -9999 -9999 -9999 -9999 -9999 -9999 -9999 -9999 -9999 -9999 -9999 -9999 -9999 -9999 -9999 -9999 -9999 -9999 -9999 -9999 -9999 -9999 -9999 -9999 -9999 -9999 -9999 -9999 -9999 -9999 -9999 -9999 -9999 -9999 -9999 -9999 -9999 -9999 -9999 -9999 -9999 -9999 -9999 -9999 -9999 -9999 -9999 -9999 -9999 -9999 -9999 -9999 -9999 -9999 -9999 -9999 -9999 -9999 -9999 -9999 -9999 -9999 -9999
-9999 -9999 -9999 -9999 -9999 -9999 -9999 -9999 -9999 -9999 -9999 -9999 -9999 -9999 -9999 -9999 -9999 -9999 -9999 -9999 -9999 -9999 -9999 -9999 -9999 -9999 -9999 -9999 -9999 -9999 -9999 -9999 -9999 -9999 -9999 -9999 -9999 -9999 -9999 -9999 -9999 -9999 -9999 -9999 -9999 -9999 -9999 -9999 -9999 -9999 -9999 -9999 -9999 -9999 -9999 -9999 -9999 -9999 -9999 -9999 -9999 -9999 -9999 -9999 -9999 -9999 -9999 -9999 -9999 -9999 -9999
-9999 -9999 -9999 -9999 -9999 -9999 -9999 -9999 -9999 -9999 -9999 -9999 -9999 -9999 -9999 -9999 -9999 -9999 -9999 -9999 -9999 -9999 -9999 -9999 -9999 -9999 -9999 -9999 -9999 -9999 -9999 -9999 -9999 -9999 -9999 -9999 -9999 -9999 -9999 -9999 -9999 -9999 -9999 -9999 -9999 -9999 -9999 -9999 -9999 -9999 -9999 -9999 -9999 -9999 -9999 -9999 -9999 -9999 -9999 -9999 -9999 -9999 -9999 -9999 -9999 -9999 -9999 -9999 -9999 -9999 -9999
-9999 -9999 -9999 -9999 -9999 -9999 -9999 -9999 -9999 -9999 -9999 -9999 -9999 -9999 -9999 -9999 -9999 -9999 -9999 -9999 -9999 -9999 -9999 -9999 -9999 -9999 -9999 -9999 -9999 -9999 -9999 -9999 -9999 -9999 -9999 -9999 -9999 -9999 -9999 -9999 -9999 -9999 -9999 -9999 -9999 -9999 -9999 -9999 -9999 -9999 -9999 -9999 -9999 -9999 -9999 -9999 -9999 -9999 -9999 -9999 -9999 -9999 -9999 -9999 -9999 -9999 -9999 -9999 -9999 -9999 -9999
-9999 -9999 -9999 -9999 -9999 -9999 -9999 -9999 -9999 -9999 -9999 -9999 -9999 -9999 -9999 -9999 -9999 -9999 -9999 -9999 -9999 -9999 -9999 -9999 -9999 -9999 -9999 -9999 -9999 -9999 -9999 -9999 -9999 -9999 -9999 -9999 -9999 -9999 -9999 -9999 -9999 -9999 -9999 -9999 -9999 -9999 -9999 -9999 -9999 -9999 -9999 -9999 -9999 -9999 -9999 -9999 -9999 -9999 -9999 -9999 -9999 -9999 -9999 -9999 -9999 -9999 -9999 -9999 -9999 -9999 -9999
-9999 -9999 -9999 -9999 -9999 -9999 -9999 -9999 -9999 -9999 -9999 -9999 -9999 -9999 -9999 -9999 -9999 -9999 -9999 -9999 -9999 -9999 -9999 -9999 -9999 -9999 -9999 -9999 -9999 -9999 -9999 -9999 -9999 -9999 -9999 -9999 -9999 -9999 -9999 -9999 -9999 -9999 -9999 -9999 -9999 -9999 -9999 -9999 -9999 -9999 -9999 -9999 -9999 -9999 -9999 -9999 -9999 -9999 -9999 -9999 -9999 -9999 -9999 -9999 -9999 -9999 -9999 -9999 -9999 -9999 -9999
-9999 -9999 -9999 -9999 -9999 -9999 -9999 -9999 -9999 -9999 -9999 -9999 -9999 -9999 -9999 -9999 -9999 -9999 -9999 -9999 -9999 -9999 -9999 -9999 -9999 -9999 -9999 -9999 -9999 -9999 -9999 -9999 -9999 -9999 -9999 -9999 -9999 -9999 -9999 -9999 -9999 -9999 -9999 -9999 -9999 -9999 -9999 -9999 -9999 -9999 -9999 -9999 -9999 -9999 -9999 -9999 -9999 -9999 -9999 -9999 -9999 -9999 -9999 -9999 -9999 -9999 -9999 -9999 -9999 -9999 -9999
-9999 -9999 -9999 -9999 -9999 -9999 24.52260 -9999 -9999 -9999 -9999 -9999 -9999 -9999 -9999 -9999 -9999 -9999 -9999 -9999 -9999 -9999 -9999 -9999 -9999 -9999 -9999 -9999 -9999 -9999 -9999 -9999 -9999 -9999 -9999 -9999 -9999 -9999 -9999 -9999 -9999 -9999 -9999 -9999 -9999 -9999 -9999 -9999 -9999 -9999 -9999 -9999 -9999 -9999 -9999 -9999 -9999 -9999 -9999 -9999 -9999 -9999 -9999 -9999 -9999 -9999 -9999 -9999 -9999 -9999 -9999
-9999 -9999 25.95440 25.70120 25.62580 25.67250 25.67670 25.76690 26.03110 26.13490 26.08780 25.97100 25.84900 25.87270 25.60430 25.56110 25.33480 25.37600 25.28200 25.21110 25.63390 25.52120 -9999 -9999 -9999 -9999 -9999 -9999 -9999 -9999 -9999 -9999 -9999 -9999 -9999 -9999 -9999 -9999 -9999 -9999 -9999 -9999 -9999 -9999 -9999 -9999 -9999 -9999 -9999 -9999 -9999 -9999 -9999 -9999 -9999 -9999 -9999 -9999 -9999 -9999 -9999 -9999 -9999 -9999 -9999 -9999 -9999 -9999 -9999 -9999 -9999
-9999 -9999 -9999 -9999 27.15630 27.29700 27.41370 27.41990 27.19700 27.08240 26.98990 26.91580 26.88980 27.05520 26.75130 26.82940 27.05310 27.03440 27.41060 27.44090 27.26250 27.17760 -9999 -9999 -9999 -9999 -9999 -9999 -9999 -9999 -9999 -9999 -9999 -9999 -9999 -9999 -9999 -9999 -9999 -9999 -9999 -9999 -9999 -9999 -9999 -9999 -9999 -9999 -9999 -9999 -9999 -9999 -9999 -9999 -9999 -9999 -9999 -9999 -9999 -9999 -9999 -9999 -9999 -9999 -9999 -9999 -9999 -9999 -9999 -9999 -9999
27.80460 27.82570 28.05000 27.96020 28.34770 28.41560 28.74310 28.66920 28.34740 28.37160 28.14000 28.16990 28.02310 28.10180 28.01330 27.94880 28.25470 28.27810 28.54880 28.60170 28.46740 28.34950 28.07180 28.08160 27.84240 27.92020 27.45570 27.45540 -9999 -9999 -9999 -9999 -9999 -9999 -9999 -9999 -9999 -9999 -9999 -9999 -9999 -9999 -9999 -9999 -9999 -9999 -9999 -9999 -9999 -9999 -9999 -9999 -9999 -9999 -9999 -9999 -9999 -9999 -9999 -9999 -9999 -9999 -9999 -9999 -9999 -9999 -9999 -9999 -9999 -9999 -9999
29.22130 29.19240 29.47780 29.42410 29.61830 29.72290 29.87080 29.95900 29.87540 29.69740 29.74220 29.67420 29.75680 29.69980 29.46130 29.55770 29.69860 29.63180 29.73350 29.67440 29.31340 29.35070 29.69510 29.40850 29.01270 28.99970 28.98430 28.86750 28.64250 28.76580 28.86460 28.82360 28.29990 28.25160 28.48020 28.45690 28.35090 28.22110 28.06290 27.97810 28.43960 28.26700 28.51770 -9999 -9999 -9999 -9999 -9999 -9999 -9999 -9999 -9999 -9999 -9999 -9999 -9999 -9999 -9999 -9999 -9999 -9999 -9999 -9999 -9999 -9999 -9999 -9999 -9999 -9999 -9999 -9999
30.77760 30.90290 31.23290 31.32890 31.43500 31.34790 31.40000 31.30960 31.15900 31.15500 31.08340 31.09970 30.97130 31.11920 30.69990 30.78020 30.98390 30.84740 30.98940 30.89340 30.71610 31.09510 31.15860 31.08310 30.77580 30.65660 30.32610 30.32640 30.09400 30.21930 30.23280 30.26770 29.58700 29.46210 29.87230 29.45910 29.68080 29.55540 29.37000 29.28540 29.70800 29.79360 29.86930 29.84670 -9999 -9999 -9999 -9999 -9999 -9999 -9999 -9999 -9999 -9999 -9999 -9999 -9999 -9999 -9999 -9999 -9999 -9999 -9999 -9999 -9999 -9999 -9999 -9999 -9999 -9999 -9999
34.61060 34.59030 34.08630 34.88870 34.29130 33.89960 33.92750 33.75690 33.29500 32.91070 32.94320 32.82920 32.93240 32.59820 32.61930 32.73430 32.42760 32.40880 31.79830 32.21880 31.54010 31.64050 31.78890 31.64100 32.03960 32.24840 31.58160 31.25220 31.31590 31.41830 30.86140 30.72390 30.59070 30.48430 30.56630 30.56920 30.65400 30.68080 30.80840 30.72280 30.84770 30.82690 31.17750 31.05190 -9999 -9999 -9999 -9999 -9999 -9999 -9999 -9999 -9999 -9999 -9999 -9999 -9999 -9999 -9999 31.13960 30.61900 -9999 -9999 -9999 -9999 31.35130 32.36870 32.89970 32.02560 30.80490 29.99230
35.91950 36.02460 35.67270 36.30810 35.27710 34.56780 35.05670 35.22210 34.75800 34.63400 34.14910 34.13820 34.37130 34.44480 34.60670 34.13950 34.01210 33.53610 33.35610 33.23520 32.74710 32.97970 32.76300 32.33310 32.70150 32.72360 32.80930 32.80110 32.67580 32.54500 31.96770 31.84440 31.69890 31.64470 31.87400 32.03310 31.93630 32.03430 32.28370 32.14500 32.20690 32.15270 32.36840 32.35050 32.00710 31.99130 32.49950 32.83240 33.16340 33.65680 33.75950 33.84980 34.27640 33.76290 34.01260 34.19230 33.25150 32.87280 32.71110 32.82980 32.26060 -9999 -9999 -9999 -9999 -9999 32.55130 33.33230 33.09650 33.41630 32.79670
39.11950 37.50400 38.00550 38.83820 37.76520 36.53960 36.41540 36.12530 35.95530 35.83570 35.33620 35.59740 35.49990 35.48680 35.33250 35.31620 34.72870 34.64520 34.27710 34.30830 33.41730 33.33410 33.38380 33.37180 33.93310 33.85950 34.10180 34.13580 33.37620 33.50580 33.76810 33.53730 33.43610 33.56350 33.20430 33.14260 33.31600 33.21500 33.41770 33.38460 33.34110 33.30840 34.13970 33.89870 33.70820 33.90020 33.91940 34.04430 34.66330 35.10820 34.72550 34.47320 35.10160 36.36810 37.85740 36.66140 36.56950 36.56810 36.45110 35.60940 34.69850 34.87800 34.39100 33.94500 33.44340 33.61510 33.82250 33.93180 34.48630 34.85530 34.92820
41.15930 56.49520 39.03350 40.98520 41.39040 40.09670 38.93010 38.95040 37.40040 37.15350 36.88090 36.93120 36.90760 36.92250 36.82740 36.75410 36.00580 36.05050 35.84660 36.44170 35.31340 34.73630 34.96400 34.80250 35.36060 35.32400 35.57000 35.58130 34.92500 34.77330 35.01850 34.97030 34.93920 34.89800 34.58450 34.64420 34.92230 34.70430 34.82510 34.85720 34.85860 34.87520 35.59190 35.25530 35.19220 35.14660 35.48140 35.36330 35.54230 35.70170 35.89080 35.87310 36.44890 36.45610 37.75350 39.20690 38.99450 38.57120 38.84840 39.06160 37.38230 38.78680 37.60420 36.52120 35.70560 35.27640 35.27790 35.19040 35.81780 36.65590 37.54590
44.03930 46.75790 42.61260 39.91120 40.19040 39.29910 39.76810 40.47010 40.11830 39.28900 38.79340 38.60050 37.91100 37.82420 37.84150 37.69580 37.54910 37.54830 36.73710 37.78350 37.50650 36.93710 36.95550 36.47930 37.18590 37.04630 36.93480 36.99900 37.00070 37.07110 37.12140 37.11300 36.69730 36.48020 36.20730 36.09820 35.91250 36.11080 36.10400 36.15640 36.21370 35.90130 37.93500 38.14610 37.97210 37.29630 36.40720 36.05540 36.06620 36.67060 37.21820 37.37620 37.51750 37.74170 38.12030 37.75420 38.11320 39.18650 39.35470 40.20540 40.55280 41.97150 44.65440 39.69280 38.48790 38.24190 38.13890 37.61690 38.56340 38.57370 38.58440
44.89310 46.66300 46.25520 45.99210 43.20230 41.27320 41.73230 42.44370 42.50980 41.71740 43.28650 43.13080 41.81950 40.55350 39.92680 39.56640 39.21120 39.06440 38.07420 38.68090 39.06160 38.43520 38.37470 38.04950 38.68370 38.52370 38.56220 38.74060 38.46210 38.43480 38.80770 39.02530 38.67850 38.25190 37.83400 38.44200 38.05880 38.04160 37.96220 38.45440 38.47580 38.11060 38.65530 38.87910 39.81720 39.71510 39.27710 38.65100 37.50710 38.64680 39.14720 39.06140 39.16040 38.60150 39.78210 40.71260 41.23970 43.43880 41.26710 40.64700 40.72170 40.66470 40.96380 42.32070 47.24170 41.39520 42.96530 40.87710 40.64820 40.33340 39.63650
45.53690 47.10790 48.60440 50.29370 53.51690 45.45800 44.23340 43.83700 43.74490 42.94210 44.39700 46.50190 50.09840 67.08840 45.57890 43.64050 41.35270 40.45860 39.40670 39.32540 39.48340 39.34370 40.00820 39.72310 39.94570 39.83640 40.03920 40.04480 40.27880 40.57990 41.12380 41.27410 41.12310 40.94050 39.83200 40.22070 39.43830 40.25280 39.58880 39.17650 40.08490 39.99010 40.32010 40.41460 41.09210 40.86470 40.97640 40.47140 39.26000 39.09620 38.86290 39.57380 39.47260 39.81680 40.14030 40.52250 41.76780 43.09650 42.90550 46.03300 44.53980 43.12470 42.95380 42.45970 42.57250 42.16230 41.99930 42.11820 41.94640 41.33030 40.62210
51.35130 51.08040 68.57200 70.02790 55.42740 51.89550 51.13820 48.76400 47.55860 45.54730 44.67980 45.76630 46.62560 47.85640 50.25340 50.63430 47.56070 46.07360 43.71990 42.89120 42.19190 41.52640 41.85930 41.73760 41.34630 41.37890 41.75070 41.94240 42.89260 43.30460 43.03090 44.32950 44.07500 43.84490 43.02390 42.97710 41.92290 42.15670 41.34160 41.52970 42.21330 41.95550 42.01010 42.62540 43.06900 43.34060 43.76740 43.49110 42.36610 42.26120 43.02970 43.25440 42.98810 43.30330 43.44050 43.46660 45.96100 43.88600 44.44710 47.39200 45.06720 45.13630 44.59900 43.34790 43.76500 43.73130 44.46490 43.31530 43.02390 42.52400 41.18880
51.05170 54.25990 72.32390 56.67570 72.01250 72.10750 57.73620 50.80570 50.34050 48.75440 48.49480 48.64960 48.22330 47.86840 47.68810 47.90710 47.37100 48.78840 49.39960 47.86320 47.79280 46.45730 45.08520 43.72770 43.32680 43.04970 43.29150 44.28900 45.38290 45.23900 45.14390 45.57060 45.56550 45.01360 44.86010 42.98740 42.66890 42.91930 43.88700 43.15720 42.50160 41.83350 43.71120 44.20530 45.67100 46.12190 46.22720 45.84340 46.11290 47.14670 47.57940 46.72380 47.07230 53.27060 47.87600 55.54520 46.70810 48.95200 46.37760 45.34720 45.89430 45.03820 45.49330 45.32210 46.77860 45.69310 44.68270 44.16410 44.07810 43.31580 42.10810
53.05100 53.26040 53.30150 53.30670 54.27530 74.22340 63.92870 61.32710 57.14650 52.12600 50.67960 56.45870 53.48210 51.81290 57.95300 74.07220 72.11370 47.80690 49.32890 71.37370 59.45240 52.21390 49.86290 45.44800 44.86660 44.80260 45.09070 45.94990 46.94360 46.92030 47.18390 47.04550 46.17110 46.21260 44.35400 44.53710 44.66530 44.55720 44.80930 45.10080 46.15460 44.71660 46.15400 46.56710 45.17520 45.26780 46.42180 47.41430 48.90910 49.00880 49.45150 48.36930 47.75340 48.10450 51.63030 54.78080 49.55910 50.25860 47.08200 46.35960 46.06150 45.97780 47.49930 47.61720 46.72760 45.54620 45.32590 44.63530 44.37500 44.52460 44.00210
55.10630 54.62460 55.09500 54.85080 54.64380 54.36910 53.94930 54.27210 54.17410 54.12890 53.56850 53.90970 54.78020 53.75940 56.04060 58.87890 75.04050 57.97060 52.27670 51.22270 52.17490 52.40260 51.51810 50.37940 48.54110 47.41040 47.30770 47.85420 48.51600 48.19890 48.84940 48.49510 47.57440 47.74600 47.47190 46.99340 46.62160 46.92420 46.65250 47.28040 47.92570 47.64860 49.23490 48.90380 46.81220 46.37810 47.90230 48.78410 49.89170 51.62200 52.32610 50.06650 48.75780 52.00290 50.24320 49.22360 49.26450 48.47880 50.76670 49.37280 48.23180 47.56880 47.44630 46.57080 47.12110 47.09770 47.17280 47.11190 47.31650 46.11310 45.62020
57.47270 57.91700 58.72440 58.20330 57.21060 55.79420 55.51390 54.95150 55.00810 54.51310 56.09650 59.24910 57.23580 55.47400 55.43880 56.36240 56.12430 56.52560 72.66190 57.29750 54.45770 53.10050 51.91860 51.88840 52.97220 52.21770 50.57260 50.56440 51.20850 51.66500 50.88690 50.66010 48.77000 49.09850 49.20460 49.95340 49.58700 50.80530 49.02140 50.72430 52.79440 50.59280 51.56040 53.02150 52.00160 50.10920 50.69120 50.62150 50.29830 51.40500 52.68140 50.38940 48.75920 48.48600 48.19550 48.84870 49.64390 50.52340 50.12190 51.15550 49.26140 49.11650 49.17890 48.78530 49.35830 48.65410 48.47250 48.34350 48.22930 48.80340 48.72210
60.14930 64.51500 81.25490 81.23610 62.10120 60.03210 58.49210 58.22410 57.56470 58.52550 58.24710 59.20140 74.87000 59.84580 57.90330 57.57350 58.46240 59.96300 65.40990 62.74980 59.19730 57.94770 57.31840 56.05390 55.99250 54.82490 54.99420 54.05140 53.40620 53.94280 52.01130 52.84370 51.68690 54.23930 54.26710 51.76140 53.05150 54.93580 54.10410 53.75330 55.81480 56.76540 56.25230 54.33080 54.67250 53.80380 53.59630 53.96740 52.59880 53.21270 53.89880 53.89780 52.93240 53.08710 53.06320 52.94170 51.87760 50.67780 49.55040 48.79810 48.77330 49.79040 50.03810 50.31630 49.85560 49.73320 49.81440 50.13510 51.53980 52.25760 52.80210
60.69870 61.88850 84.06950 84.18980 83.59500 62.33540 61.49110 59.93930 60.40190 59.81550 59.40150 59.79390 60.80610 63.01520 61.58500 60.87130 61.31030 59.97070 60.05900 59.49450 65.21420 59.76600 58.78950 58.04240 57.62150 58.37740 59.01480 57.69280 56.43300 55.26190 56.29260 55.01310 54.82400 56.36860 57.41460 54.84510 55.15970 56.44590 57.43040 57.18110 57.43410 58.06080 56.52210 56.47030 56.65710 56.61800 54.09000 54.76420 54.84590 54.85210 54.32050 54.56190 53.47740 52.33480 52.66720 51.89820 51.76530 51.19370 49.86490 49.61610 50.06940 51.03060 51.58100 52.21440 54.93780 53.67560 54.26160 53.87920 54.03070 51.90850 52.49800
63.46680 63.50730 74.37610 86.52360 86.16240 87.22490 86.43820 64.84790 63.95220 63.56040 62.68520 63.12430 62.19430 62.73010 68.06180 63.41190 61.48450 60.74790 61.39810 61.17500 60.53450 61.46220 61.38540 60.28710 58.05700 57.14430 58.00460 57.97190 55.87150 56.29410 56.12680 56.22060 56.99480 57.22440 58.24820 57.88650 56.89820 58.36510 61.15460 67.24390 59.18460 58.75640 59.06490 56.31300 56.30820 54.98660 53.31760 52.28550 52.30090 51.69730 51.22520 51.21720 51.06050 51.76900 52.61610 52.84300 51.68250 50.44210 50.08910 50.76230 52.24460 53.06940 55.73780 60.76110 66.40570 61.10410 63.20600 61.68010 57.22440 55.11960 54.95890
63.24800 65.07630 70.68920 69.02720 88.52920 88.91500 90.61450 89.34500 72.18460 88.16420 88.86750 71.56160 66.05080 70.12600 67.79520 65.30170 64.62170 64.00130 62.65530 62.36280 62.73940 63.64390 68.29940 62.70620 60.13360 59.52760 61.18760 60.34390 59.79500 60.47490 59.15620 58.16030 59.28440 59.78960 60.85550 59.94110 59.44240 59.10730 61.30950 62.54810 60.05310 57.19420 58.25610 56.32700 53.34900 52.99940 54.18240 53.88550 55.39380 53.78250 -9999 -9999 51.84800 51.23910 50.45850 52.69850 52.02520 52.02500 51.79250 53.79880 55.00860 59.26310 75.22260 83.69820 84.28060 84.43790 83.90680 83.19480 68.55450 59.00580 59.46530
69.94040 68.24380 69.57020 74.56960 75.94670 71.98800 91.77190 71.72910 82.28500 91.58480 91.92500 77.26800 91.16670 91.39060 69.78090 67.90880 68.89750 67.19970 64.92680 65.77460 65.31180 64.33660 64.58820 64.60050 66.65840 64.10160 63.51190 62.37050 62.89100 62.50040 63.30980 61.61250 62.35570 63.71130 64.42480 63.89900 63.03280 60.45660 58.80960 -9999 -9999 -9999 -9999 55.06590 -9999 57.92360 62.08780 59.03880 58.73730 55.66770 -9999 -9999 56.18670 55.37320 54.29900 54.04590 52.56580 54.09320 56.62690 58.78050 61.05730 65.03560 72.06190 85.75890 68.79350 86.94750 86.79080 85.96120 66.05830 60.74680 57.80570
