data/hydroclimate-scenarios/1948-2000.Pcorr55N_Pref_Tref/monthly_summaries/isr_monthly_avg_mar.1950-2000.asc
ncols	311
nrows	91
xllcenter	102.75
yllcenter	31.75
cellsize	0.5
NODATA_value	-9999
[rows 0 to 30 of 91, columns 70 to 139 of 311]
-9999 -9999 -9999 -9999 -9999 -9999 -9999 -9999 -9999 -9999 -9999 -9999 -9999 -9999 -9999 -9999 -9999 -9999 -9999 -9999 -9999 -9999 -9999 -9999 -9999 -9999 -9999 -9999 -9999 -9999 -9999 -9999 -9999 -9999 -9999 -9999 -9999 -9999 -9999 -9999 -9999 -9999 -9999 -9999 -9999 -9999 -9999 -9999 -9999 -9999 -9999 -9999 -9999 -9999 -9999 -9999 -9999 -9999 -9999 -9999 -9999 -9999 -9999 -9999 -9999 -9999 -9999 -9999 -9999 -9999
-9999 -9999 -9999 -9999 -9999 -9999 -9999 -9999 -9999 -9999 -9999 -9999 -9999 -9999 -9999 -9999 -9999 -9999 -9999 -9999 -9999 -9999 -9999 -9999 -9999 -9999 -9999 -9999 -9999 -9999 -9999 -9999 -9999 -9999 -9999 -9999 -9999 -9999 -9999 -9999 -9999 -9999 -9999 -9999 -9999 -9999 -9999 -9999 -9999 -9999 -9999 -9999 -9999 -9999 -9999 -9999 -9999 -9999 -9999 -9999 -9999 -9999 -9999 -9999 -9999 -9999 -9999 -9999 -9999 -9999
-9999 -9999 -9999 -9999 -9999 -9999 -9999 -9999 -9999 -9999 -9999 -9999 -9999 -9999 -9999 -9999 -9999 -9999 -9999 -9999 -9999 -9999 -9999 -9999 -9999 -9999 -9999 -9999 -9999 -9999 -9999 -9999 -9999 -9999 -9999 -9999 -9999 -9999 -9999 -9999 -9999 -9999 -9999 -9999 -9999 -9999 -9999 -9999 -9999 -9999 -9999 -9999 -9999 -9999 -9999 -9999 -9999 -9999 -9999 -9999 -9999 -9999 -9999 -9999 -9999 -9999 -9999 -9999 -9999 -9999
-9999 -9999 -9999 -9999 -9999 -9999 -9999 -9999 -9999 -9999 -9999 -9999 -9999 -9999 -9999 -9999 -9999 -9999 -9999 -9999 -9999 -9999 -9999 -9999 -9999 -9999 -9999 -9999 -9999 -9999 -9999 -9999 -9999 -9999 -9999 -9999 -9999 -9999 -9999 -9999 -9999 -9999 -9999 -9999 -9999 -9999 -9999 -9999 -9999 -9999 -9999 -9999 -9999 -9999 -9999 -9999 -9999 -9999 -9999 -9999 -9999 -9999 -9999 -9999 -9999 -9999 -9999 -9999 -9999 -9999
-9999 -9999 -9999 -9999 -9999 -9999 -9999 -9999 -9999 -9999 -9999 -9999 -9999 -9999 -9999 -9999 -9999 -9999 -9999 -9999 -9999 -9999 -9999 -9999 -9999 -9999 -9999 -9999 -9999 -9999 -9999 -9999 -9999 -9999 -9999 -9999 -9999 -9999 -9999 -9999 -9999 -9999 -9999 -9999 -9999 -9999 -9999 -9999 -9999 -9999 -9999 -9999 -9999 -9999 -9999 -9999 -9999 -9999 -9999 -9999 -9999 -9999 -9999 -9999 -9999 -9999 -9999 -9999 -9999 -9999
-9999 -9999 -9999 -9999 -9999 -9999 -9999 -9999 -9999 -9999 -9999 -9999 -9999 -9999 -9999 -9999 -9999 -9999 -9999 -9999 -9999 -9999 -9999 -9999 -9999 -9999 -9999 -9999 -9999 -9999 -9999 -9999 -9999 -9999 -9999 -9999 -9999 -9999 -9999 -9999 -9999 -9999 -9999 -9999 -9999 -9999 -9999 -9999 -9999 -9999 -9999 -9999 -9999 -9999 -9999 -9999 -9999 -9999 -9999 -9999 -9999 -9999 -9999 -9999 -9999 -9999 -9999 -9999 -9999 -9999
-9999 -9999 -9999 -9999 -9999 -9999 -9999 -9999 -9999 -9999 -9999 -9999 -9999 -9999 -9999 -9999 -9999 -9999 -9999 -9999 -9999 -9999 -9999 -9999 -9999 -9999 -9999 -9999 -9999 -9999 -9999 -9999 -9999 -9999 -9999 -9999 -9999 -9999 -9999 -9999 -9999 -9999 -9999 -9999 -9999 -9999 -9999 -9999 -9999 -9999 -9999 -9999 -9999 -9999 -9999 -9999 -9999 -9999 -9999 -9999 -9999 -9999 -9999 -9999 -9999 -9999 -9999 -9999 -9999 -9999
-9999 -9999 -9999 -9999 -9999 -9999 -9999 -9999 -9999 -9999 -9999 -9999 -9999 -9999 -9999 -9999 -9999 -9999 -9999 -9999 -9999 -9999 -9999 -9999 -9999 -9999 -9999 -9999 -9999 -9999 -9999 -9999 -9999 -9999 -9999 -9999 -9999 -9999 -9999 -9999 -9999 -9999 -9999 -9999 -9999 -9999 -9999 -9999 -9999 -9999 -9999 -9999 -9999 -9999 -9999 -9999 -9999 -9999 -9999 -9999 -9999 -9999 -9999 -9999 -9999 -9999 -9999 -9999 -9999 -9999
-9999 -9999 -9999 -9999 -9999 -9999 -9999 69.32970 -9999 -9999 -9999 -9999 -9999 -9999 -9999 -9999 -9999 -9999 -9999 -9999 -9999 -9999 -9999 -9999 -9999 -9999 -9999 -9999 -9999 -9999 -9999 -9999 -9999 -9999 -9999 -9999 -9999 -9999 -9999 -9999 -9999 -9999 -9999 -9999 -9999 -9999 -9999 -9999 -9999 -9999 -9999 -9999 -9999 -9999 -9999 -9999 -9999 -9999 -9999 -9999 -9999 -9999 -9999 -9999 -9999 -9999 -9999 -9999 -9999 -9999
-9999 -9999 -9999 72.05290 70.51750 71.20490 71.47350 71.82340 72.46120 73.26460 73.98610 73.75030 73.81870 72.51680 72.46450 71.94220 71.53120 71.60230 71.45210 71.42030 71.16800 70.45970 70.50670 -9999 -9999 -9999 -9999 -9999 -9999 -9999 -9999 -9999 -9999 -9999 -9999 -9999 -9999 -9999 -9999 -9999 -9999 -9999 -9999 -9999 -9999 -9999 -9999 -9999 -9999 -9999 -9999 -9999 -9999 -9999 -9999 -9999 -9999 -9999 -9999 -9999 -9999 -9999 -9999 -9999 -9999 -9999 -9999 -9999 -9999 -9999
-9999 -9999 -9999 -9999 -9999 74.42600 74.85920 75.08200 75.14180 76.46920 76.55970 76.33290 76.64570 76.53570 76.51900 75.95830 75.85140 76.09680 75.61380 75.77050 75.52620 74.66980 74.59580 -9999 -9999 -9999 -9999 -9999 -9999 -9999 -9999 -9999 -9999 -9999 -9999 -9999 -9999 -9999 -9999 -9999 -9999 -9999 -9999 -9999 -9999 -9999 -9999 -9999 -9999 -9999 -9999 -9999 -9999 -9999 -9999 -9999 -9999 -9999 -9999 -9999 -9999 -9999 -9999 -9999 -9999 -9999 -9999 -9999 -9999 -9999
78.65590 77.11570 76.96080 77.12360 77.19160 77.25830 77.41400 77.92690 78.02300 78.99640 79.08210 79.08050 79.15020 78.99800 79.02300 78.77490 78.40670 78.54900 78.58390 78.33840 78.06930 77.17140 77.36880 78.11700 78.43540 78.43390 78.56450 78.30630 78.37240 -9999 -9999 -9999 -9999 -9999 -9999 -9999 -9999 -9999 -9999 -9999 -9999 -9999 -9999 -9999 -9999 -9999 -9999 -9999 -9999 -9999 -9999 -9999 -9999 -9999 -9999 -9999 -9999 -9999 -9999 -9999 -9999 -9999 -9999 -9999 -9999 -9999 -9999 -9999 -9999 -9999
81.55460 81.39050 81.11020 80.56200 80.46130 80.38200 80.87380 80.72800 81.09900 81.62680 81.88090 82.10610 81.96450 82.28970 82.34870 81.60420 81.89650 81.83920 81.27320 81.06520 80.56150 80.16720 80.44010 81.09470 81.19300 81.57140 81.46090 81.34850 81.02780 80.41410 80.45150 80.86060 81.07330 79.93200 79.88270 80.14940 80.05150 79.30480 79.26260 79.20980 78.84960 79.42070 79.33370 76.85580 -9999 -9999 -9999 -9999 -9999 -9999 -9999 -9999 -9999 -9999 -9999 -9999 -9999 -9999 -9999 -9999 -9999 -9999 -9999 -9999 -9999 -9999 -9999 -9999 -9999 -9999
84.44170 84.30760 84.14430 83.74920 83.78410 83.54860 83.54570 83.21440 83.49900 84.47040 84.75130 85.14490 85.16650 85.20360 85.34720 84.71830 84.50580 84.75040 84.48760 83.74530 83.80950 83.52540 83.72400 84.13730 84.31830 84.57080 84.70800 84.43280 84.56330 83.77300 83.87700 84.49030 84.47010 82.53680 82.18610 83.19750 83.01470 82.53900 82.28950 81.97940 81.67400 82.56750 82.24420 79.58150 79.44290 -9999 -9999 -9999 -9999 -9999 -9999 -9999 -9999 -9999 -9999 -9999 -9999 -9999 -9999 -9999 -9999 -9999 -9999 -9999 -9999 -9999 -9999 -9999 -9999 -9999
88.55900 87.35940 87.20040 85.88770 86.28910 87.23010 86.86730 86.74720 86.48900 87.65950 87.43510 87.69760 87.55100 86.80830 86.62380 86.93220 86.86070 86.42840 85.94080 85.49180 85.84080 83.91220 84.22110 84.47190 84.56640 85.56330 85.73270 86.34470 86.05980 86.29450 85.93020 86.62850 86.36750 86.17650 86.10150 86.07590 85.74950 85.92610 85.42040 85.67940 85.50650 85.63690 85.29500 84.25950 84.20350 -9999 -9999 -9999 -9999 -9999 -9999 -9999 -9999 -9999 -9999 -9999 -9999 -9999 -9999 -9999 82.73250 83.36560 -9999 -9999 -9999 -9999 84.56230 84.85800 85.41390 85.57760
90.55410 89.56610 89.64630 88.70980 88.66900 89.12430 88.84410 88.74290 88.88230 89.79870 89.76770 89.91040 90.28100 89.41750 89.78240 90.28770 89.46270 89.35380 88.70140 88.50520 88.24240 86.83660 86.94490 87.08850 86.89010 87.79050 88.04390 88.94550 89.11730 89.28490 88.95100 89.69900 89.37880 89.34140 89.01590 89.06780 88.98190 88.64880 88.36220 88.83900 88.63420 88.52160 88.16580 87.31000 86.99620 87.22390 86.98030 85.77960 86.05070 86.39990 86.82860 86.18430 86.22580 86.66840 86.49300 87.02120 86.91370 86.11100 86.25710 85.81330 85.86250 86.54100 -9999 -9999 -9999 -9999 -9999 87.66190 88.05370 88.60040
93.22040 92.33860 91.15700 91.99150 92.56760 91.74790 91.02220 91.02600 91.07940 90.47870 90.67140 91.22730 91.87220 91.45240 91.71120 91.54180 91.50420 91.86220 91.41650 90.19170 90.02310 88.52310 88.87620 88.65420 88.50840 89.41660 89.67100 89.90580 90.19530 91.61820 91.57890 91.38130 91.01880 90.71110 90.73550 91.33340 90.65290 90.26440 90.29390 90.28560 90.04890 89.43110 89.38730 89.30860 89.21720 89.13590 88.75270 89.29990 89.33160 89.02450 89.68210 89.40490 89.31130 89.01310 89.63660 90.83580 90.40420 89.69210 89.59710 89.81120 89.49360 89.73980 89.72400 89.85850 89.93190 90.29210 90.54000 90.20100 90.63990 92.46020
95.43910 95.49140 115.56300 94.06330 95.84330 96.61670 95.13320 94.30940 94.39920 93.22610 93.33240 93.80210 94.44730 93.74500 94.43240 94.18500 94.28060 94.26660 94.43460 93.16750 93.40510 91.94270 91.64210 91.42770 91.61620 92.35150 92.35830 92.63770 92.98150 94.38370 94.42160 94.48520 94.32700 93.91180 93.76760 94.01730 93.65180 93.42970 93.05850 92.86210 92.86300 92.59950 92.62590 92.39540 92.16650 91.86430 91.60400 92.55560 92.28450 91.67720 91.95560 92.19440 92.33320 91.80670 92.24070 92.54810 93.60820 93.28080 93.34580 94.22430 94.32630 93.15950 94.89860 94.23070 93.91120 93.87610 94.04410 93.38170 93.13290 94.67530
97.70480 97.83170 100.91300 97.03100 95.75050 96.91260 96.54060 96.64340 97.22640 96.61280 96.02870 95.67010 95.82200 96.58830 96.95790 96.85640 96.92510 97.76420 97.57350 96.03150 96.55640 95.93740 95.87530 92.58300 92.80280 94.05240 93.96140 93.32510 93.84080 94.95000 95.07850 95.07490 94.85970 94.26610 93.77510 94.12310 93.83460 92.58510 92.81510 92.74240 92.48030 91.69450 91.18460 93.66520 93.70600 94.55790 93.62340 93.95850 93.67720 94.06940 94.31320 94.49890 94.88430 95.09360 95.06750 94.88190 94.86340 95.20230 96.26760 96.52460 96.92000 97.99440 99.06800 101.15400 97.75360 97.84880 97.77070 98.07600 98.05130 98.75250
98.26990 100.30800 101.77100 102.15500 101.73700 100.91900 99.55000 99.63490 100.09900 99.70750 99.29840 100.94400 100.94800 100.50800 100.08600 99.99070 99.92140 100.44600 100.49200 99.13700 99.47720 99.05700 98.49350 95.66650 95.69060 97.02220 96.60780 96.09180 96.24320 97.36350 97.54290 97.82520 97.79380 97.07150 96.72910 97.09490 96.47310 95.89830 95.80510 95.57640 95.61630 94.61660 94.38180 95.81100 95.69480 97.29270 97.33910 97.70170 97.17660 97.07960 97.16540 97.70320 98.10630 97.89000 97.88350 97.93130 98.59540 99.49510 100.83000 99.77500 99.21860 99.74040 99.90890 100.06400 101.82000 105.91300 102.95700 104.09300 102.69200 102.80500
99.81520 100.14000 101.71300 104.73700 106.40200 112.49700 104.20500 103.26400 102.81700 102.84300 101.96700 103.99100 106.08400 109.30600 131.06900 105.82400 104.54700 102.61200 102.34100 101.85000 101.90700 100.55900 100.71700 97.54240 97.45850 98.93230 99.26380 98.30120 98.35870 99.19310 99.56880 99.85500 99.88120 99.44030 98.89870 98.14270 98.04400 96.72710 97.17740 96.65760 96.40250 95.83760 95.55450 97.78980 97.38570 98.52330 98.45270 99.24790 98.84320 99.19510 99.38170 98.59850 99.28650 100.20500 100.10300 99.51440 100.00900 100.63300 101.44200 101.21100 103.95900 103.29500 102.61100 103.04900 103.68000 103.73000 103.91900 104.30900 104.94400 105.17600
104.90600 106.37900 106.27400 131.55200 133.75700 115.83700 111.70700 111.12500 108.65400 106.95400 105.82300 105.51300 106.60700 107.51400 108.39100 111.36100 111.85900 108.81000 107.64200 106.03300 105.75600 104.10600 104.13700 100.47000 100.71100 102.43300 102.66900 101.95600 102.30100 103.47000 103.41100 103.35400 103.49300 103.01900 102.55200 101.79400 101.55800 100.42300 99.94170 99.89620 99.55370 99.01560 98.61520 100.55100 100.67100 102.03800 101.82000 102.99800 102.75200 103.71000 103.23400 102.99800 103.55100 104.15200 104.78800 103.88300 103.76600 105.47700 104.38200 104.51400 106.88400 105.91100 106.47100 106.91400 106.74800 107.01000 107.23900 108.17000 107.53200 107.14400
111.48200 111.83500 114.93800 138.82800 117.64000 139.57800 139.51100 119.61600 112.46400 111.41000 111.00700 110.34600 110.53100 110.41100 110.65300 109.92300 110.25200 111.49700 112.84900 112.62400 111.45300 110.68400 109.94800 109.31100 109.12500 110.00600 110.47200 110.35300 110.99500 111.04200 110.70000 109.41500 109.23100 109.87600 109.21700 108.95700 107.41000 106.64800 106.36900 107.14900 106.55900 105.56200 105.19800 105.96400 105.34100 106.94600 106.70700 107.06100 106.76300 107.07800 107.81200 108.30900 107.98100 109.15000 113.80000 108.74700 114.73600 107.18800 109.30900 104.95100 104.94300 106.79800 106.89000 109.65200 110.12000 111.35000 111.15000 110.88400 110.55300 110.31800
115.09100 115.08300 115.29800 114.65600 114.68600 116.58000 141.91400 127.45700 124.55100 120.02100 115.26900 113.91600 118.72100 117.16500 115.66200 120.61500 140.06000 139.88499 113.72900 113.66600 138.07401 122.39000 115.86100 113.99200 112.35000 112.99700 113.66300 113.85300 114.30600 113.87000 113.50300 112.93800 112.44200 112.43600 111.82100 110.88300 110.29400 109.93200 109.48800 109.57100 109.61500 108.94600 108.28100 108.04900 108.34600 108.61800 108.34000 109.12600 109.56600 110.67000 111.43100 111.04200 110.44900 111.15100 111.84900 114.00100 116.20200 111.49500 112.22800 107.88400 107.79600 109.61800 110.33200 113.80700 114.40700 114.08800 113.42500 113.73900 112.91500 112.57700
118.56600 117.89900 117.23600 116.90200 117.03300 118.10200 117.98400 117.56500 117.68000 117.19000 117.38500 117.11300 117.83400 118.66000 117.93100 119.10600 121.79300 143.59700 123.29800 118.10900 117.42300 116.39700 116.86100 116.83600 115.81600 116.42900 116.77300 116.30300 116.91200 117.98000 118.04800 116.98500 116.19200 115.83600 114.63300 114.71300 113.95600 112.85100 112.45800 112.76900 112.96200 111.93100 111.78400 111.11800 110.84000 111.30100 110.83800 111.85000 112.25300 113.60900 115.04200 115.34000 114.03200 113.95800 116.21100 113.76600 113.75200 110.15000 110.37500 109.65000 109.42200 111.25100 111.73800 113.38700 113.50700 116.37400 116.12000 116.55100 115.95600 116.34100
121.83000 121.22900 121.48300 121.64900 121.26300 121.61100 120.71900 120.20500 119.47500 119.50500 119.02000 120.87300 123.97000 121.98700 120.44600 119.10100 120.53600 122.61000 122.80500 140.49500 123.80800 119.55800 119.26100 118.73400 119.26300 120.68800 120.97500 119.83500 120.17200 121.74300 122.07400 120.50200 119.44300 118.47200 117.89200 118.01800 117.70700 116.41900 116.64100 116.14400 116.78900 116.97200 115.08500 114.50500 115.17900 116.34100 114.87000 115.03900 115.36900 115.80600 116.40600 117.42400 115.79400 115.42900 115.42100 114.57500 115.21600 112.56300 113.53300 111.62000 112.45100 114.26000 114.97200 116.56700 116.92100 120.13600 119.81900 119.68300 119.32200 119.06200
124.96900 125.04300 129.61600 150.22900 150.11301 125.68900 123.65700 123.31000 122.96400 122.97300 123.81100 123.58000 124.53600 142.44800 125.68900 123.71600 124.17400 124.78000 125.91000 130.79601 128.36800 124.87500 124.19600 123.49900 123.59600 122.73000 122.52800 124.30700 124.69800 124.71100 125.01000 124.50600 123.77200 122.15600 122.77200 122.30100 120.46300 120.08500 120.65200 119.82900 119.64900 121.00500 121.44400 120.27700 118.57000 119.69400 119.10200 118.33900 119.12800 119.79300 120.44000 119.99200 120.11900 120.28300 120.01700 119.69600 120.53500 120.44300 120.54100 120.80500 120.56000 121.58200 122.83900 123.25900 123.53400 123.86400 123.54400 125.04000 124.73400 125.25900
127.84500 126.54500 127.84700 153.51801 153.64900 151.96500 126.97900 126.90100 125.98300 126.62900 126.37600 126.08400 126.32900 128.20500 129.88600 128.78101 127.84900 128.16000 126.96500 126.58500 126.27100 131.37199 126.92400 125.91300 126.06500 125.42000 127.15000 128.46100 128.68900 128.75200 128.40100 128.86301 127.72100 125.96100 125.93000 126.37000 124.11400 123.20300 123.52300 124.23600 123.95700 124.02500 124.53700 122.14500 122.26800 122.97400 122.68900 120.49800 122.08500 123.67900 123.83100 122.76600 123.38400 123.39100 123.64400 123.42700 124.13800 124.36500 124.03100 123.30600 123.85100 125.07600 126.26200 126.44200 126.87800 128.79401 128.46800 130.36400 130.47900 129.06400
129.29201 129.68800 129.68700 140.97000 155.80299 154.67101 155.97000 155.77800 131.12399 131.22099 130.92000 130.21001 130.58900 131.11200 131.43500 135.53101 130.91600 129.82800 129.16200 128.98900 128.92999 129.06300 129.85201 129.10100 129.30901 128.31700 128.73000 128.77000 129.81100 132.60300 132.54300 130.81799 129.95100 129.35800 128.62500 128.20599 126.61700 125.95000 126.58300 128.22301 133.68201 124.90200 124.61400 125.55700 123.39500 123.52100 122.93900 123.70900 122.99700 124.71900 124.98100 124.28500 124.89100 125.87700 127.18600 127.75900 128.35201 127.99400 127.52700 127.36900 128.05499 129.09700 129.66701 130.50400 132.82201 136.30901 134.41600 134.71700 134.26801 132.39500
131.95300 131.25000 132.39000 137.47501 135.64200 157.11400 157.42900 160.74600 159.09399 139.75101 158.63400 158.95599 139.56700 135.39400 139.06900 136.21600 134.40100 133.57100 133.14101 131.92300 131.65500 132.00101 133.45599 136.49300 132.29900 131.58701 132.09900 131.98700 132.59300 135.20100 135.70799 134.48399 133.37700 133.43700 133.00301 133.02800 130.93600 129.96300 130.19901 130.65300 131.32500 127.77600 125.17900 127.33300 125.89100 124.25200 123.93700 126.18400 126.79800 129.31599 128.69200 -9999 -9999 129.09399 128.73700 128.69200 129.61501 129.53900 129.70500 130.18500 131.85500 132.87700 135.66299 139.56900 141.56100 143.55400 143.40900 142.18401 141.57201 138.21400
137.03700 137.51700 135.75900 137.41400 142.76199 143.84900 139.45100 161.62500 139.81100 152.34100 162.81900 162.92400 146.87601 160.72000 160.48000 139.12000 137.74699 138.01700 137.22800 136.25000 136.23599 135.64600 135.69701 134.27299 134.98000 138.76199 136.97800 137.48500 137.50200 138.14600 138.87399 139.50101 138.91100 137.93401 138.46500 137.98199 135.80800 133.27299 131.82800 129.78600 -9999 -9999 -9999 -9999 128.37100 -9999 131.71300 135.33400 134.32600 134.68500 133.46600 -9999 -9999 133.58501 133.18201 131.26700 130.38200 132.28999 134.13699 135.44000 137.07001 138.79100 140.13901 142.10699 144.14500 141.38499 144.53000 144.17300 143.34399 140.29401
