data/hydroclimate-scenarios/1948-2000.Pcorr55N_Pref_Tref/monthly_summaries/isr_monthly_avg_nov.asc
ncols	311
nrows	91
xllcenter	102.75
yllcenter	31.75
cellsize	0.5
NODATA_value	-9999
[rows 0 to 31 of 91, columns 71 to 141 of 311]
-9999 -9999 -9999 -9999 -9999 -9999 -9999 -9999 -9999 -9999 -9999 -9999 -9999 -9999 -9999 -9999 -9999 -9999 -9999 -9999 -9999 -9999 -9999 -9999 -9999 -9999 -9999 -9999 -9999 -9999 -9999 -9999 -9999 -9999 -9999 -9999 -9999 -9999 -9999 -9999 -9999 -9999 -9999 -9999 -9999 -9999 -9999 -9999 -9999 -9999 -9999 -9999 -9999 -9999 -9999 -9999 -9999 -9999 -9999 -9999 -9999 -9999 -9999 -9999 -9999 -9999 -9999 -9999 -9999 -9999 -9999
-9999 -9999 -9999 -9999 -9999 -9999 -9999 -9999 -9999 -9999 -9999 -9999 -9999 -9999 -9999 -9999 -9999 -9999 -9999 -9999 -9999 -9999 -9999 -9999 -9999 -9999 -9999 -9999 -9999 -9999 -9999 -9999 -9999 -9999 -9999 -9999 -9999 -9999 -9999 -9999 -9999 -9999 -9999 -9999 -9999 -9999 -9999 -9999 -9999 -9999 -9999 -9999 -9999 -9999 -9999 -9999 -9999 -9999 -9999 -9999 -9999 -9999 -9999 -9999 -9999 -9999 -9999 -9999 -9999 -9999 -9999
-9999 -9999 -9999 -9999 -9999 -9999 -9999 -9999 -9999 -9999 -9999 -9999 -9999 -9999 -9999 -9999 -9999 -9999 -9999 -9999 -9999 -9999 -9999 -9999 -9999 -9999 -9999 -9999 -9999 -9999 -9999 -9999 -9999 -9999 -9999 -9999 -9999 -9999 -9999 -9999 -9999 -9999 -9999 -9999 -9999 -9999 -9999 -9999 -9999 -9999 -9999 -9999 -9999 -9999 -9999 -9999 -9999 -9999 -9999 -9999 -9999 -9999 -9999 -9999 -9999 -9999 -9999 -9999 -9999 -9999 -9999
-9999 -9999 -9999 -9999 -9999 -9999 -9999 -9999 -9999 -9999 -9999 -9999 -9999 -9999 -9999 -9999 -9999 -9999 -9999 -9999 -9999 -9999 -9999 -9999 -9999 -9999 -9999 -9999 -9999 -9999 -9999 -9999 -9999 -9999 -9999 -9999 -9999 -9999 -9999 -9999 -9999 -9999 -9999 -9999 -9999 -9999 -9999 -9999 -9999 -9999 -9999 -9999 -9999 -9999 -9999 -9999 -9999 -9999 -9999 -9999 -9999 -9999 -9999 -9999 -9999 -9999 -9999 -9999 -9999 -9999 -9999
-9999 -9999 -9999 -9999 -9999 -9999 -9999 -9999 -9999 -9999 -9999 -9999 -9999 -9999 -9999 -9999 -9999 -9999 -9999 -9999 -9999 -9999 -9999 -9999 -9999 -9999 -9999 -9999 -9999 -9999 -9999 -9999 -9999 -9999 -9999 -9999 -9999 -9999 -9999 -9999 -9999 -9999 -9999 -9999 -9999 -9999 -9999 -9999 -9999 -9999 -9999 -9999 -9999 -9999 -9999 -9999 -9999 -9999 -9999 -9999 -9999 -9999 -9999 -9999 -9999 -9999 -9999 -9999 -9999 -9999 -9999
-9999 -9999 -9999 -9999 -9999 -9999 -9999 -9999 -9999 -9999 -9999 -9999 -9999 -9999 -9999 -9999 -9999 -9999 -9999 -9999 -9999 -9999 -9999 -9999 -9999 -9999 -9999 -9999 -9999 -9999 -9999 -9999 -9999 -9999 -9999 -9999 -9999 -9999 -9999 -9999 -9999 -9999 -9999 -9999 -9999 -9999 -9999 -9999 -9999 -9999 -9999 -9999 -9999 -9999 -9999 -9999 -9999 -9999 -9999 -9999 -9999 -9999 -9999 -9999 -9999 -9999 -9999 -9999 -9999 -9999 -9999
-9999 -9999 -9999 -9999 -9999 -9999 -9999 -9999 -9999 -9999 -9999 -9999 -9999 -9999 -9999 -9999 -9999 -9999 -9999 -9999 -9999 -9999 -9999 -9999 -9999 -9999 -9999 -9999 -9999 -9999 -9999 -9999 -9999 -9999 -9999 -9999 -9999 -9999 -9999 -9999 -9999 -9999 -9999 -9999 -9999 -9999 -9999 -9999 -9999 -9999 -9999 -9999 -9999 -9999 -9999 -9999 -9999 -9999 -9999 -9999 -9999 -9999 -9999 -9999 -9999 -9999 -9999 -9999 -9999 -9999 -9999
-9999 -9999 -9999 -9999 -9999 -9999 -9999 -9999 -9999 -9999 -9999 -9999 -9999 -9999 -9999 -9999 -9999 -9999 -9999 -9999 -9999 -9999 -9999 -9999 -9999 -9999 -9999 -9999 -9999 -9999 -9999 -9999 -9999 -9999 -9999 -9999 -9999 -9999 -9999 -9999 -9999 -9999 -9999 -9999 -9999 -9999 -9999 -9999 -9999 -9999 -9999 -9999 -9999 -9999 -9999 -9999 -9999 -9999 -9999 -9999 -9999 -9999 -9999 -9999 -9999 -9999 -9999 -9999 -9999 -9999 -9999
-9999 -9999 -9999 -9999 -9999 -9999 2.35524 -9999 -9999 -9999 -9999 -9999 -9999 -9999 -9999 -9999 -9999 -9999 -9999 -9999 -9999 -9999 -9999 -9999 -9999 -9999 -9999 -9999 -9999 -9999 -9999 -9999 -9999 -9999 -9999 -9999 -9999 -9999 -9999 -9999 -9999 -9999 -9999 -9999 -9999 -9999 -9999 -9999 -9999 -9999 -9999 -9999 -9999 -9999 -9999 -9999 -9999 -9999 -9999 -9999 -9999 -9999 -9999 -9999 -9999 -9999 -9999 -9999 -9999 -9999 -9999
-9999 -9999 3.31683 3.31620 3.31685 3.31712 3.31714 3.31759 3.31756 3.31808 3.31768 3.31758 3.31764 3.31752 3.31710 3.31716 3.31713 3.31715 3.31753 3.31750 3.31776 3.31775 -9999 -9999 -9999 -9999 -9999 -9999 -9999 -9999 -9999 -9999 -9999 -9999 -9999 -9999 -9999 -9999 -9999 -9999 -9999 -9999 -9999 -9999 -9999 -9999 -9999 -9999 -9999 -9999 -9999 -9999 -9999 -9999 -9999 -9999 -9999 -9999 -9999 -9999 -9999 -9999 -9999 -9999 -9999 -9999 -9999 -9999 -9999 -9999 -9999
-9999 -9999 -9999 -9999 4.35977 4.36031 4.36634 4.36585 4.37123 4.37170 4.37413 4.37358 4.37431 4.37660 4.37557 4.37499 4.37736 4.37614 4.37859 4.37894 4.37834 4.37726 -9999 -9999 -9999 -9999 -9999 -9999 -9999 -9999 -9999 -9999 -9999 -9999 -9999 -9999 -9999 -9999 -9999 -9999 -9999 -9999 -9999 -9999 -9999 -9999 -9999 -9999 -9999 -9999 -9999 -9999 -9999 -9999 -9999 -9999 -9999 -9999 -9999 -9999 -9999 -9999 -9999 -9999 -9999 -9999 -9999 -9999 -9999 -9999 -9999
5.44579 5.44751 5.45381 5.45580 5.46354 5.46477 5.48084 5.48138 5.49175 5.49509 5.50224 5.50094 5.50178 5.51039 5.50788 5.51412 5.51299 5.51669 5.51752 5.52460 5.51678 5.51975 5.51537 5.51917 5.50790 5.50854 5.49626 5.49569 -9999 -9999 -9999 -9999 -9999 -9999 -9999 -9999 -9999 -9999 -9999 -9999 -9999 -9999 -9999 -9999 -9999 -9999 -9999 -9999 -9999 -9999 -9999 -9999 -9999 -9999 -9999 -9999 -9999 -9999 -9999 -9999 -9999 -9999 -9999 -9999 -9999 -9999 -9999 -9999 -9999 -9999 -9999
6.60885 6.60596 6.61635 6.61927 6.62315 6.64294 6.65503 6.65802 6.66956 6.67161 6.67782 6.68239 6.69987 6.71459 6.71103 6.72380 6.70967 6.71482 6.72820 6.74297 6.73362 6.72694 6.72755 6.71616 6.71383 6.69921 6.69582 6.68193 6.67946 6.68317 6.66274 6.66133 6.65516 6.64029 6.64832 6.65106 6.62108 6.62419 6.62626 6.60728 6.61096 6.60842 6.61441 -9999 -9999 -9999 -9999 -9999 -9999 -9999 -9999 -9999 -9999 -9999 -9999 -9999 -9999 -9999 -9999 -9999 -9999 -9999 -9999 -9999 -9999 -9999 -9999 -9999 -9999 -9999 -9999
7.82541 7.83188 7.84143 7.85592 7.86091 7.87943 7.89638 7.88853 7.91439 7.91964 7.93250 7.93467 7.96537 7.99069 7.98216 7.99358 7.99957 7.98474 8.00363 8.01473 8.02008 8.01502 8.01664 8.00251 7.99729 7.99336 7.96304 7.96279 7.96042 7.94868 7.93596 7.93293 7.88759 7.88482 7.89640 7.86891 7.87470 7.87308 7.84954 7.84512 7.85273 7.85218 7.86139 7.86355 -9999 -9999 -9999 -9999 -9999 -9999 -9999 -9999 -9999 -9999 -9999 -9999 -9999 -9999 -9999 -9999 -9999 -9999 -9999 -9999 -9999 -9999 -9999 -9999 -9999 -9999 -9999
9.29151 9.29119 9.22462 9.28229 9.25393 9.24116 9.24908 9.27358 9.24320 9.25473 9.27989 9.30213 9.33748 9.33154 9.35246 9.36760 9.37010 9.37619 9.33450 9.37668 9.36327 9.38172 9.38524 9.35597 9.34815 9.33937 9.31343 9.29814 9.31603 9.31551 9.28532 9.24270 9.24019 9.23989 9.21510 9.22298 9.21799 9.17831 9.20634 9.20753 9.21984 9.18041 9.16553 9.16190 -9999 -9999 -9999 -9999 -9999 -9999 -9999 -9999 -9999 -9999 -9999 -9999 -9999 -9999 -9999 9.09580 9.09170 -9999 -9999 -9999 -9999 9.20515 9.25460 9.30327 9.28335 9.25519 9.23051
10.73010 10.74210 10.67940 10.74500 10.67610 10.65390 10.67780 10.70580 10.65990 10.68220 10.70300 10.74260 10.77300 10.82000 10.88140 10.82850 10.85750 10.81700 10.83530 10.82190 10.84430 10.86030 10.82440 10.79810 10.77250 10.78100 10.81000 10.81530 10.82890 10.78840 10.74610 10.73520 10.73210 10.69470 10.70430 10.70890 10.65720 10.65610 10.68560 10.69500 10.66930 10.66470 10.63930 10.63880 10.63500 10.62410 10.62440 10.64540 10.68470 10.72060 10.70950 10.68170 10.71210 10.68340 10.64420 10.65410 10.57880 10.57100 10.56030 10.59710 10.57790 -9999 -9999 -9999 -9999 -9999 10.71440 10.76240 10.80150 10.85320 10.83020
12.47690 12.30630 12.37250 12.46860 12.33870 12.23580 12.21950 12.21890 12.16840 12.18920 12.21540 12.29820 12.31610 12.37230 12.42520 12.41460 12.41110 12.40470 12.36450 12.36330 12.41870 12.43030 12.36740 12.37200 12.37440 12.38050 12.40520 12.40850 12.39500 12.37650 12.38110 12.36710 12.37170 12.35800 12.33210 12.29310 12.28650 12.29620 12.26320 12.25380 12.25710 12.25140 12.26160 12.25770 12.28380 12.28500 12.26210 12.22870 12.28330 12.33190 12.31170 12.29410 12.29310 12.36600 12.54410 12.37950 12.35390 12.36490 12.32240 12.23370 12.28430 12.29450 12.27080 12.29280 12.29550 12.35430 12.38630 12.45130 12.48690 12.52430 12.62370
14.33610 15.75550 14.04860 14.33080 14.40980 14.17540 13.99180 13.99970 13.84250 13.88520 13.92520 13.97270 14.01940 14.10620 14.17050 14.17850 14.12520 14.16150 14.13410 14.17950 14.20590 14.16750 14.13810 14.11470 14.09960 14.10130 14.12700 14.16740 14.17810 14.18170 14.18680 14.17610 14.12940 14.12800 14.05470 14.06710 14.07130 14.02030 14.03080 14.03400 14.03920 14.06060 14.05860 13.99520 14.02320 14.02150 13.99240 13.99640 13.98480 14.01130 14.04500 14.07880 14.07960 14.10580 14.18380 14.34600 14.29470 14.24650 14.25590 14.30430 14.14920 14.33200 14.18400 14.18410 14.20650 14.19220 14.23070 14.20750 14.23540 14.35700 14.58150
16.47530 17.06640 16.13200 15.69800 15.83920 15.72610 15.72620 15.80020 15.77680 15.69890 15.70320 15.72620 15.74370 15.76780 15.91890 15.91980 15.98060 15.95870 16.00070 16.08700 16.07120 16.01530 15.95100 15.98260 16.00080 15.97080 16.01370 16.07270 16.11980 16.10350 16.07500 16.10590 16.06770 16.05110 15.97330 15.96280 15.86540 15.87890 15.93290 15.90760 15.85560 15.84420 15.97420 15.97350 15.96370 15.89290 15.82300 15.80490 15.79370 15.86810 15.91650 15.96790 16.00450 16.02430 16.01720 16.02020 16.02620 16.16290 16.15050 16.23840 16.29590 16.53280 16.81640 16.30160 16.28350 16.29670 16.34730 16.32550 16.37340 16.41490 16.39200
17.70010 18.21170 18.06830 17.98630 17.44300 17.16470 17.10880 17.20260 17.24700 17.14870 17.43380 17.36820 17.28040 17.19150 17.27850 17.35270 17.31690 17.38750 17.42180 17.45710 17.47600 17.43370 17.37650 17.40300 17.42890 17.33930 17.46540 17.46880 17.47260 17.51130 17.53220 17.53720 17.51600 17.46620 17.44570 17.39720 17.36780 17.30670 17.34810 17.40980 17.37570 17.32710 17.35410 17.37380 17.39610 17.38970 17.31710 17.23570 17.23740 17.28910 17.42460 17.46610 17.47000 17.40490 17.52040 17.61220 17.76410 18.08340 17.73260 17.58800 17.58560 17.60360 17.67620 17.98380 18.75400 18.07630 18.48170 18.09400 18.12200 18.03560 17.97430
18.84560 19.23030 19.51640 20.05680 20.60390 18.82640 18.48170 18.34650 18.47430 18.26820 18.43560 18.91160 19.79550 21.97610 18.93130 18.68590 18.55110 18.53870 18.54340 18.57990 18.55350 18.57950 18.54200 18.59630 18.62230 18.64600 18.76700 18.76090 18.78480 18.83600 18.90580 18.93610 18.89690 18.90360 18.69800 18.69590 18.64870 18.74350 18.61860 18.58950 18.61970 18.59700 18.65050 18.58810 18.53980 18.51740 18.55030 18.48380 18.40500 18.43350 18.43390 18.50800 18.55760 18.59320 18.65290 18.70860 18.84590 19.09100 19.06610 19.69100 19.43750 19.31370 19.20740 19.21540 19.33130 19.32610 19.28020 19.39680 19.37350 19.27970 19.22070
21.27290 21.13440 23.59530 23.73880 22.01940 21.29520 20.88460 20.20860 19.95950 19.53930 19.24970 19.49900 19.71620 20.02900 20.90480 21.01800 20.54550 20.18050 19.91960 19.88550 19.77720 19.80600 19.69470 19.78310 19.82890 19.91900 20.00000 20.04740 20.13550 20.20690 20.14740 20.26920 20.25500 20.19040 20.03370 19.99460 19.90900 19.93190 19.80170 19.79380 19.84030 19.80230 19.79850 19.85300 19.78470 19.86210 19.90860 19.86900 19.84380 19.76350 19.92090 19.97030 20.09370 20.13580 20.12070 20.13450 20.63950 20.28240 20.33560 21.00200 20.59690 20.68200 20.61620 20.46880 20.60940 20.66180 20.80370 20.63550 20.52380 20.51210 20.28990
21.94390 22.90390 25.52890 23.43610 25.59150 25.59880 23.39230 21.60730 21.26630 20.87260 20.66720 20.67340 20.74200 20.71620 20.75880 20.82420 21.04460 21.51390 22.03980 21.53970 21.38360 21.18890 21.10500 21.03530 21.18460 21.15010 21.12830 21.21520 21.44100 21.37070 21.37470 21.44880 21.31570 21.24230 21.17940 20.94150 20.86070 20.90050 21.08950 20.98560 20.96830 20.82830 20.95110 20.95070 21.24320 21.30530 21.28080 21.14080 21.15180 21.38920 21.55870 21.35910 21.57600 22.79420 21.81510 23.28450 21.51200 22.25900 21.57490 21.40760 21.74790 21.72020 21.90730 21.91810 22.08480 21.95310 21.76600 21.62550 21.56610 21.53480 21.17760
23.19680 23.33400 23.15060 23.05400 23.65450 27.25340 25.82440 25.26620 23.92530 22.19630 21.77890 23.61000 22.83050 22.23820 24.31150 27.06660 27.01640 21.99050 22.39480 27.02620 25.34630 23.58350 22.66590 22.08180 22.28030 22.30090 22.28470 22.41130 22.47250 22.43310 22.60440 22.59370 22.33600 22.27140 22.04010 21.98400 22.09730 22.02480 22.09930 22.19630 22.47670 22.26880 22.17590 22.18240 22.00940 21.98190 22.15100 22.32900 22.50050 22.66330 22.83520 22.56460 22.48950 22.65040 23.70570 24.18780 23.08170 23.36290 22.64100 22.58100 22.82700 22.90430 23.23010 23.38400 23.04290 22.92370 22.84380 22.65750 22.47170 22.57830 22.44360
24.48260 24.32370 24.29310 24.08470 24.10430 24.05470 23.77340 23.75180 23.44450 23.40050 22.94060 23.19810 23.53180 23.24890 24.30790 25.18790 28.76920 25.51610 23.72750 23.35750 23.57760 23.75060 23.75280 23.59780 23.46210 23.38120 23.29870 23.51370 23.60580 23.60630 23.68520 23.52070 23.49890 23.38620 23.40380 23.27130 23.07620 23.13960 23.11990 23.32920 23.59450 23.60870 23.54660 23.32830 22.96690 22.81810 23.03120 23.22620 23.59440 24.20470 24.48570 23.92270 23.74960 24.66840 23.91940 23.79600 23.74420 23.66210 24.17470 23.97560 24.15850 24.11680 24.29450 24.28110 23.99830 24.00380 23.76810 23.84300 24.14330 23.94000 23.73930
26.01640 26.07660 26.14540 26.00550 25.59910 25.06390 24.82630 24.44090 24.26530 23.92660 24.16150 25.63550 24.77090 24.24400 24.31930 24.81360 25.15120 25.43110 30.27600 26.07120 24.70370 24.59870 24.64120 24.80740 25.01690 24.97410 24.65050 24.70690 24.93860 25.09790 24.90540 24.80310 24.53590 24.56450 24.61400 24.67600 24.47270 24.74370 24.51170 24.94910 25.79540 25.03620 24.87290 25.31260 24.96300 24.40930 24.45640 24.46610 24.57900 24.82920 25.37730 24.66550 24.35410 24.32340 24.14850 24.33060 24.59030 24.88200 24.96860 25.24670 25.27900 25.39300 25.58050 25.50850 25.22240 25.20540 25.00220 24.99390 25.22740 25.54900 25.34620
27.73080 29.23080 32.44040 32.40810 28.07480 27.15280 26.32890 26.01640 25.68350 25.90510 25.74790 26.12610 31.30740 26.51810 25.81220 25.79410 26.41670 27.12830 29.16490 28.32230 26.68220 26.46900 26.33870 26.16140 26.34790 26.19960 26.29070 26.27000 26.08380 26.25890 25.85480 25.99630 25.73340 26.34860 26.18420 25.75160 25.76220 26.32990 26.28690 26.20220 26.91870 27.30480 27.12870 26.40530 26.34390 26.07190 25.97280 26.15370 26.05450 26.27110 26.39130 26.39820 26.10390 26.16010 26.17440 26.20100 26.07180 25.84810 25.75050 25.70690 25.61950 26.05870 26.38630 26.51590 26.40770 26.35080 26.53010 26.56620 27.00400 27.21870 27.29060
28.35760 28.88890 34.39100 34.40830 34.29480 28.71650 27.96960 27.35780 27.38240 27.02160 26.58900 26.80910 27.31370 28.49580 27.65060 27.42800 28.11960 27.57190 27.49580 27.44940 29.90920 27.75800 27.39690 27.44500 27.57410 27.90760 28.21540 27.91010 27.70770 27.50160 27.85940 27.48380 27.30890 27.71810 27.81250 27.28720 27.15060 27.52190 28.12820 28.18400 28.27450 28.53140 27.96600 28.03570 27.77620 27.77280 26.99190 27.31180 27.55980 27.63920 27.54940 27.67880 27.21830 27.03560 26.99260 26.78740 26.99290 26.81330 26.63940 26.69250 26.81420 27.26020 27.66780 27.93110 28.57180 28.38550 28.64640 28.58910 28.52410 27.97890 28.17750
29.95450 29.92020 33.79940 36.29750 36.25630 36.61110 36.19360 29.97040 29.65630 29.35500 28.62630 28.95860 28.79100 29.05730 30.98030 29.00930 28.92880 28.62470 28.96450 28.96160 28.69670 29.19790 29.14140 29.01630 28.61290 28.54320 28.57490 28.71330 28.63730 28.81520 28.60900 28.69590 28.78350 28.79150 29.08530 28.85210 28.53460 29.03120 30.37760 32.49500 30.00780 29.89700 29.86920 28.74680 28.52540 28.17490 27.82480 27.42870 27.57630 27.54700 27.60950 27.73150 27.69450 28.00610 28.18000 28.28160 28.28730 27.98220 27.94420 28.22550 28.43140 28.69010 29.42670 31.13280 32.71240 31.33790 32.27560 31.76530 30.34450 29.96180 29.98510
30.65880 31.02900 33.32090 32.69570 38.07750 38.19950 38.81460 38.24010 33.70320 37.94260 37.92090 33.53420 30.96310 33.08130 31.53780 30.46330 30.77710 30.57890 30.03540 30.24850 30.22540 30.81260 32.76980 30.73720 30.24000 30.13520 30.37390 30.28010 30.49470 30.84840 30.51580 30.33990 30.55300 30.61440 31.17980 30.64850 30.32870 30.49990 31.45330 32.00690 31.24440 30.13390 30.40770 29.59570 28.43730 28.30520 28.71670 28.94050 29.52680 29.02130 -9999 -9999 28.65970 28.56660 28.50790 29.08510 29.24190 29.10610 29.29470 30.00570 30.01390 31.62870 35.82800 37.09830 37.09840 37.16430 37.05760 36.90220 34.56440 32.13850 32.33190
33.79950 32.72960 33.38890 35.21110 35.85570 34.57210 40.22530 34.44440 38.20480 40.20230 40.24990 36.43300 39.68690 39.56490 33.41780 32.53630 32.84920 32.27640 31.60300 32.29020 32.40570 32.32460 32.56640 32.79970 33.90670 32.93890 32.66870 32.34700 32.51170 32.73190 33.07260 32.47790 32.69080 33.15230 33.65910 33.22020 33.30420 32.39480 32.07110 -9999 -9999 -9999 -9999 30.44520 -9999 31.34750 32.57730 31.83870 31.65210 30.70880 -9999 -9999 31.00060 30.77160 30.33760 30.28580 30.08110 30.89700 31.56850 32.58470 33.55740 34.67260 36.49720 38.66090 35.12110 38.42150 38.57270 38.39310 35.17990 33.88180 32.95200
33.79380 34.06600 34.59780 36.32250 34.96870 33.63540 37.82370 34.78200 33.96250 34.38390 33.72720 33.81590 35.25870 35.90850 34.66910 33.19490 33.73480 34.36560 34.54460 34.14760 34.96770 34.14830 34.61540 34.40730 34.78990 34.44880 34.21470 34.60500 34.52150 34.49780 34.99990 35.37210 35.82160 35.36130 36.88570 34.65580 34.30690 -9999 -9999 -9999 -9999 -9999 -9999 -9999 32.81320 33.04920 33.03760 -9999 -9999 -9999 -9999 -9999 30.61600 31.00690 32.69100 32.07460 32.96890 32.86530 32.57900 33.82510 33.17720 33.76300 34.95640 36.99350 34.29950 34.20450 36.99940 39.76580 36.18440 33.73040 -9999
