data/hydroclimate-scenarios/1948-2000.Pcorr55N_Pref_Tref/monthly_summaries/isr_monthly_avg_jul.asc
ncols	311
nrows	91
xllcenter	102.75
yllcenter	31.75
cellsize	0.5
NODATA_value	-9999
[rows 0 to 30 of 91, columns 210 to 279 of 311]
-9999 -9999 -9999 -9999 -9999 -9999 -9999 -9999 -9999 -9999 -9999 -9999 -9999 -9999 -9999 -9999 -9999 -9999 -9999 -9999 -9999 -9999 -9999 -9999 -9999 -9999 -9999 -9999 -9999 -9999 -9999 -9999 -9999 -9999 -9999 -9999 -9999 -9999 -9999 -9999 -9999 -9999 -9999 -9999 -9999 -9999 -9999 -9999 -9999 -9999 -9999 -9999 -9999 -9999 -9999 -9999 -9999 -9999 -9999 -9999 -9999 -9999 -9999 -9999 -9999 -9999 -9999 -9999 -9999 -9999
-9999 -9999 -9999 -9999 -9999 -9999 -9999 -9999 -9999 -9999 -9999 -9999 -9999 -9999 -9999 -9999 -9999 -9999 -9999 -9999 -9999 -9999 -9999 -9999 -9999 -9999 -9999 -9999 -9999 -9999 -9999 -9999 -9999 -9999 -9999 -9999 -9999 -9999 -9999 -9999 -9999 -9999 -9999 -9999 -9999 -9999 -9999 -9999 -9999 -9999 -9999 -9999 -9999 -9999 -9999 -9999 -9999 -9999 -9999 -9999 -9999 -9999 -9999 -9999 -9999 -9999 -9999 -9999 -9999 -9999
-9999 -9999 -9999 -9999 -9999 -9999 -9999 -9999 -9999 -9999 -9999 -9999 -9999 -9999 -9999 -9999 -9999 -9999 -9999 -9999 -9999 -9999 -9999 -9999 -9999 -9999 -9999 -9999 -9999 -9999 -9999 -9999 -9999 -9999 -9999 -9999 -9999 -9999 -9999 -9999 -9999 -9999 -9999 -9999 -9999 -9999 -9999 -9999 -9999 -9999 -9999 -9999 -9999 -9999 -9999 -9999 -9999 -9999 -9999 -9999 -9999 -9999 -9999 -9999 -9999 -9999 -9999 -9999 -9999 -9999
-9999 -9999 -9999 -9999 -9999 -9999 -9999 -9999 -9999 -9999 -9999 -9999 -9999 -9999 -9999 -9999 -9999 -9999 -9999 -9999 -9999 -9999 -9999 -9999 -9999 -9999 -9999 -9999 -9999 -9999 -9999 -9999 -9999 -9999 -9999 -9999 -9999 -9999 -9999 -9999 -9999 -9999 -9999 -9999 -9999 -9999 -9999 -9999 -9999 -9999 -9999 -9999 -9999 -9999 -9999 -9999 -9999 -9999 -9999 -9999 -9999 -9999 -9999 -9999 -9999 -9999 -9999 -9999 -9999 -9999
-9999 -9999 -9999 -9999 -9999 -9999 -9999 -9999 -9999 -9999 -9999 -9999 -9999 -9999 -9999 -9999 -9999 -9999 -9999 -9999 -9999 -9999 -9999 -9999 -9999 -9999 -9999 -9999 -9999 -9999 -9999 -9999 -9999 -9999 -9999 -9999 -9999 -9999 -9999 -9999 -9999 -9999 -9999 -9999 -9999 -9999 -9999 -9999 -9999 -9999 -9999 -9999 -9999 -9999 -9999 -9999 -9999 -9999 -9999 -9999 -9999 -9999 -9999 -9999 -9999 -9999 -9999 -9999 -9999 -9999
-9999 -9999 -9999 -9999 -9999 -9999 -9999 -9999 -9999 -9999 -9999 -9999 -9999 -9999 -9999 -9999 -9999 -9999 -9999 -9999 -9999 -9999 -9999 -9999 -9999 -9999 -9999 -9999 -9999 -9999 -9999 -9999 -9999 -9999 -9999 -9999 -9999 -9999 -9999 -9999 -9999 -9999 -9999 -9999 -9999 -9999 -9999 -9999 -9999 -9999 -9999 -9999 -9999 -9999 -9999 -9999 -9999 -9999 -9999 -9999 -9999 -9999 -9999 -9999 -9999 -9999 -9999 -9999 -9999 -9999
-9999 -9999 -9999 -9999 -9999 -9999 -9999 -9999 -9999 -9999 -9999 -9999 -9999 -9999 -9999 -9999 -9999 -9999 -9999 -9999 -9999 -9999 -9999 -9999 -9999 -9999 -9999 -9999 -9999 -9999 -9999 -9999 -9999 -9999 -9999 -9999 -9999 -9999 -9999 -9999 -9999 -9999 -9999 -9999 -9999 -9999 -9999 -9999 -9999 -9999 -9999 -9999 -9999 -9999 -9999 -9999 -9999 -9999 -9999 -9999 -9999 -9999 -9999 -9999 -9999 -9999 -9999 -9999 -9999 -9999
-9999 -9999 -9999 -9999 -9999 -9999 -9999 -9999 -9999 -9999 -9999 -9999 -9999 -9999 -9999 -9999 -9999 -9999 -9999 -9999 -9999 -9999 -9999 -9999 -9999 -9999 -9999 -9999 -9999 -9999 -9999 -9999 -9999 -9999 -9999 -9999 -9999 -9999 -9999 -9999 -9999 -9999 -9999 -9999 -9999 -9999 -9999 -9999 -9999 -9999 -9999 -9999 -9999 -9999 -9999 -9999 -9999 -9999 -9999 -9999 -9999 -9999 -9999 -9999 -9999 -9999 -9999 -9999 -9999 -9999
-9999 -9999 -9999 -9999 -9999 -9999 -9999 -9999 -9999 -9999 -9999 -9999 -9999 -9999 -9999 -9999 -9999 -9999 -9999 -9999 -9999 -9999 -9999 -9999 -9999 -9999 -9999 -9999 -9999 -9999 -9999 -9999 -9999 -9999 -9999 -9999 -9999 -9999 -9999 -9999 -9999 -9999 -9999 -9999 -9999 -9999 -9999 -9999 -9999 -9999 -9999 -9999 -9999 -9999 -9999 -9999 -9999 -9999 -9999 -9999 -9999 -9999 -9999 -9999 -9999 -9999 -9999 -9999 -9999 -9999
-9999 -9999 -9999 -9999 -9999 -9999 -9999 -9999 -9999 -9999 -9999 -9999 -9999 -9999 -9999 -9999 -9999 -9999 -9999 -9999 -9999 -9999 -9999 -9999 -9999 -9999 -9999 -9999 -9999 -9999 -9999 -9999 -9999 -9999 -9999 -9999 -9999 -9999 -9999 -9999 -9999 -9999 -9999 -9999 -9999 -9999 -9999 -9999 -9999 -9999 -9999 -9999 -9999 -9999 -9999 -9999 -9999 -9999 -9999 -9999 -9999 -9999 -9999 -9999 -9999 -9999 -9999 -9999 -9999 -9999
-9999 -9999 -9999 -9999 -9999 -9999 -9999 -9999 -9999 -9999 -9999 -9999 -9999 -9999 -9999 -9999 -9999 -9999 -9999 -9999 -9999 -9999 -9999 -9999 -9999 -9999 -9999 -9999 -9999 -9999 -9999 -9999 -9999 -9999 -9999 -9999 -9999 -9999 -9999 -9999 -9999 -9999 -9999 -9999 -9999 -9999 -9999 -9999 -9999 -9999 -9999 -9999 -9999 -9999 -9999 -9999 -9999 -9999 -9999 -9999 -9999 -9999 -9999 -9999 -9999 -9999 -9999 -9999 -9999 -9999
-9999 -9999 -9999 -9999 -9999 -9999 -9999 -9999 -9999 -9999 -9999 -9999 -9999 -9999 -9999 -9999 -9999 -9999 -9999 -9999 -9999 -9999 -9999 -9999 -9999 -9999 -9999 -9999 -9999 -9999 -9999 -9999 -9999 -9999 -9999 -9999 -9999 -9999 -9999 -9999 -9999 -9999 -9999 -9999 -9999 -9999 -9999 -9999 -9999 -9999 -9999 -9999 -9999 -9999 -9999 -9999 -9999 -9999 -9999 -9999 -9999 -9999 -9999 -9999 -9999 -9999 -9999 -9999 -9999 -9999
-9999 -9999 -9999 -9999 -9999 -9999 -9999 -9999 -9999 -9999 -9999 -9999 -9999 -9999 -9999 -9999 -9999 -9999 -9999 -9999 -9999 -9999 -9999 -9999 -9999 -9999 -9999 -9999 -9999 -9999 -9999 -9999 -9999 -9999 -9999 -9999 -9999 -9999 -9999 -9999 -9999 -9999 -9999 -9999 -9999 -9999 -9999 -9999 -9999 -9999 -9999 -9999 -9999 -9999 -9999 -9999 -9999 -9999 -9999 -9999 -9999 -9999 -9999 -9999 -9999 -9999 -9999 -9999 -9999 -9999
251.65401 244.56500 245.32401 244.65199 244.98500 247.05200 248.32700 245.17400 246.19000 -9999 -9999 -9999 -9999 -9999 -9999 -9999 -9999 -9999 -9999 -9999 -9999 -9999 -9999 -9999 -9999 -9999 -9999 -9999 -9999 -9999 -9999 -9999 -9999 -9999 -9999 -9999 -9999 -9999 -9999 -9999 -9999 -9999 -9999 -9999 -9999 -9999 -9999 -9999 -9999 -9999 234.77400 -9999 -9999 -9999 -9999 -9999 -9999 -9999 -9999 -9999 -9999 -9999 -9999 -9999 -9999 -9999 -9999 -9999 -9999 -9999
250.22099 251.07201 251.98500 250.91299 250.74600 251.29401 252.21500 251.86000 251.51700 249.17400 249.63600 250.28500 250.10800 251.27901 250.94000 250.38600 255.95599 258.97501 258.85001 256.95599 254.47600 272.14999 -9999 -9999 -9999 -9999 -9999 -9999 -9999 -9999 -9999 -9999 -9999 -9999 -9999 -9999 -9999 -9999 -9999 -9999 -9999 -9999 -9999 -9999 -9999 249.73500 250.00999 248.22800 245.24300 244.56200 244.79601 244.81400 -9999 -9999 -9999 241.22301 -9999 -9999 -9999 245.00301 250.67900 251.48000 -9999 -9999 -9999 -9999 -9999 -9999 -9999 -9999
253.16600 253.00101 253.97800 252.57700 251.17400 251.87199 251.67999 251.00800 250.57401 249.14700 249.59300 251.01199 251.74100 251.77800 254.43600 253.27000 256.16599 257.37000 254.61600 254.10100 254.31900 253.07001 253.78500 254.39500 252.91200 253.63000 252.77400 250.15900 -9999 -9999 -9999 -9999 -9999 244.45000 244.29201 244.17999 247.80099 253.65800 254.55000 256.69601 256.82501 255.71700 256.04999 254.91800 255.31500 251.01801 251.42700 249.27901 247.81300 249.27800 248.58600 248.15601 245.99699 246.52100 245.22501 247.16400 248.23700 247.83701 248.66100 254.47301 257.05801 256.61899 259.20099 255.18201 254.02100 256.96301 255.90100 -9999 -9999 -9999
252.23399 252.94200 253.42400 254.38100 254.57600 254.76401 253.93500 253.60800 254.10300 251.68500 253.57800 254.68600 254.92500 253.89500 255.66499 255.51300 257.50699 257.37799 258.09000 254.83501 253.66400 255.34399 256.16699 257.77802 257.18100 258.28400 253.88600 254.68500 253.22099 249.88600 249.91499 248.47900 244.86900 244.28999 243.18900 242.97000 247.58200 255.03999 255.09200 256.34799 257.45700 258.69501 256.82599 254.27800 255.05000 250.26601 251.10400 255.65300 253.86000 251.45100 250.90800 248.62700 247.78600 249.57700 248.70200 248.00700 250.02299 251.54500 256.76801 257.92599 259.91901 263.86899 264.57800 263.33200 266.12100 265.44000 265.73700 262.56000 258.05600 257.67300
258.09900 255.59000 259.41699 260.21701 259.13000 265.27301 258.53000 259.77100 260.20099 256.66501 254.59700 254.68800 252.91400 251.47200 250.80000 253.87900 253.96500 254.31300 253.60201 253.52499 251.98500 251.96899 253.10899 255.42799 254.67999 262.09399 264.62500 256.34698 256.90201 258.56500 262.92499 261.65500 260.64999 255.69000 245.13600 245.06400 250.03101 257.71201 261.72198 262.74399 263.82700 262.57199 262.21100 257.65799 259.08899 251.80901 250.38901 254.82100 253.62500 253.40800 251.43900 250.66800 248.97200 251.32001 251.21800 250.51199 253.86700 255.92500 259.99899 261.78601 261.00201 263.56699 265.43900 267.19601 270.29300 268.46100 269.26001 263.07800 263.14499 260.74600
250.93201 255.35400 258.00601 255.43100 257.71301 253.97000 255.33200 255.63200 253.84000 253.22000 253.43900 252.12399 251.60800 253.95500 253.70500 255.23599 253.44501 253.91901 253.12500 253.96899 253.30299 252.85400 255.27299 255.58900 257.43701 258.76300 259.64301 256.01001 255.77299 257.37799 260.14999 262.02399 264.92401 266.35999 251.31000 253.27000 255.03600 256.45001 260.35800 263.95300 262.01901 261.20099 262.76999 261.80801 261.72198 259.08600 259.88699 257.12799 256.54501 254.88499 254.67900 254.66299 252.91200 250.30800 249.33299 251.18300 251.96899 253.91901 253.02699 256.74899 259.94000 263.65100 265.66501 266.54199 267.07501 263.36499 262.62701 261.82599 263.39499 265.30301
251.11400 251.13200 252.09801 251.52901 253.54300 251.16600 252.46600 252.79700 251.31000 251.73199 252.66400 251.33000 251.33701 251.89999 252.13901 253.23599 252.34599 252.85699 251.83900 252.73199 254.47501 252.69600 255.81500 256.60101 258.79999 257.36099 261.06100 258.85101 257.58899 257.20700 256.37299 263.48901 272.24100 273.00201 266.45700 260.57800 260.72699 258.12100 260.03799 262.20599 260.79901 262.37100 263.50000 262.49200 262.18600 261.47198 263.48801 260.28201 258.37701 256.68600 255.78500 256.51901 253.25000 251.11900 253.75700 253.00400 251.54800 254.27400 256.25201 259.87799 262.41501 264.48499 264.39001 262.59698 262.47299 260.33401 262.44800 264.74701 265.88101 267.29300
246.37000 248.42799 248.75200 246.12601 253.30099 252.45000 248.00600 245.38699 245.21201 247.47501 247.37700 248.29900 249.08600 249.50000 249.96001 249.98000 250.75200 251.06400 248.61400 251.87900 251.76601 252.84801 254.41400 256.41299 257.37100 254.83299 254.09200 256.64401 255.11200 256.35901 257.09900 260.85101 269.57001 268.91400 261.75900 260.05600 259.44601 256.07501 256.40302 258.33899 259.06601 260.86899 260.17200 259.48199 258.02802 257.38800 257.10101 257.78400 255.82500 253.00200 252.82700 253.86099 252.53101 253.00500 251.81700 252.62900 253.40100 256.82599 256.91501 263.00500 260.75500 260.69299 259.25699 259.46701 259.01599 256.51801 258.01199 259.46799 262.07999 264.34201
245.68300 247.87100 248.85100 250.10400 247.93800 245.64200 247.11800 246.60699 245.89600 248.31000 247.27800 247.21700 248.15401 249.15199 249.46201 250.56200 251.09500 251.00000 251.03000 251.73199 251.69400 251.93100 253.64400 258.88199 261.69800 257.72900 257.01199 257.93900 258.10699 261.38101 262.73001 262.59601 267.94501 273.58899 271.48401 270.08401 263.73099 259.82800 259.00299 261.05499 259.32501 261.00400 260.99399 259.98001 259.14999 257.17001 257.19699 256.94400 255.22400 254.14500 251.97600 252.95399 251.29900 251.74500 251.69600 252.70900 253.24899 255.73500 255.25200 259.25400 260.26501 261.10199 259.54300 259.08600 259.64999 256.11099 256.77499 256.71799 255.61501 258.74200
246.55800 251.82700 253.73599 251.96001 250.71001 250.02499 249.66400 249.50800 248.88000 246.69299 248.12300 249.73399 249.86400 249.55400 248.15900 247.93201 249.40900 249.69501 249.24300 250.87700 250.18900 253.66299 255.42900 259.02802 261.89200 262.35400 263.86600 263.11200 260.95499 261.60300 261.73099 262.76999 264.38000 265.21399 262.60199 264.02399 267.65900 265.99701 264.57599 268.45499 268.64600 269.04099 266.16599 266.91199 261.73001 257.39001 255.96800 252.88000 251.82401 250.99699 252.69200 254.74001 254.18800 256.23401 256.18500 256.89001 256.88699 257.20401 258.87000 261.14801 260.55899 260.66299 260.51099 260.57501 260.88400 261.04199 261.96301 260.77100 260.55099 262.25299
246.05499 248.65700 248.94501 251.31200 251.85600 250.97099 249.91100 249.13800 247.99500 247.47200 248.30200 251.20799 252.74899 253.29500 252.79100 253.52100 252.84200 251.90500 251.28999 251.75000 253.06300 255.31799 258.02802 262.04001 263.83200 263.67499 263.26099 265.54599 265.25299 266.57901 265.95901 268.50101 270.61899 271.96399 270.01300 273.54300 274.20401 282.30200 277.82199 282.32999 286.78500 290.60599 281.51700 290.54099 291.39600 287.99701 284.65701 278.03699 273.96201 259.60101 253.14000 254.78700 256.35199 255.50600 253.79601 257.56400 257.51099 258.22000 260.29999 259.62701 258.36801 260.91901 266.90701 266.63199 264.23401 262.48001 264.55600 262.89999 263.12900 261.17001
243.43100 247.43100 247.93300 247.98000 247.36000 244.49899 245.19701 247.02200 247.32600 246.72900 246.14400 247.37100 247.65300 248.08701 250.08299 252.64400 254.59700 255.25500 255.26700 257.50900 255.99001 256.32700 256.13101 262.40201 262.72601 264.59000 265.76700 267.97299 269.28900 269.92001 268.83301 269.21799 270.00101 271.63101 272.71301 272.60199 275.80600 273.91101 276.08401 279.39401 280.24701 287.53900 288.25900 311.70801 329.74600 344.60101 343.72699 342.00000 341.76901 337.84299 290.31900 263.95300 251.48000 252.99001 251.09300 253.75900 257.86499 258.56299 257.17300 260.40601 260.27701 261.51001 262.13000 263.79300 266.78500 267.18201 266.52399 264.07700 261.54001 259.09100
243.04201 247.29900 246.67799 246.88100 246.87700 245.34500 247.00700 248.62801 249.20799 248.91901 247.84000 247.45700 248.65500 246.63300 248.91901 250.63400 253.57001 255.72200 256.62601 256.73599 256.99701 256.60901 258.13599 260.47101 261.28400 261.64200 261.78699 266.73199 269.09500 271.81299 271.79300 271.32501 271.71399 271.99899 271.02301 272.79199 272.37500 272.66599 273.22198 274.61801 279.88000 287.28299 295.81299 302.49701 349.80301 346.38901 344.61200 342.72198 341.89700 339.24600 336.22400 296.85101 273.48999 267.23300 257.69000 255.68500 264.24500 270.34299 261.88300 262.49600 263.22299 263.21899 263.62500 265.68900 268.86200 265.74399 264.15900 266.06000 264.71799 260.92999
246.21300 243.99400 244.20700 245.72000 248.46800 249.93500 251.49800 251.09300 262.18600 284.68100 309.12000 271.22400 257.98801 254.37700 266.74301 254.62100 253.94701 256.20200 257.49100 257.58401 258.23001 258.01901 260.94101 263.09000 261.67999 262.66599 264.42499 266.46201 269.00201 269.69601 272.43301 274.55899 274.12900 272.37100 272.06000 273.42200 273.53299 269.44901 270.56400 273.06000 277.94199 285.52600 293.98199 302.45401 324.30600 345.09000 345.34201 342.85001 340.52701 340.56201 341.06400 340.21301 292.87500 280.34201 270.54800 261.80301 259.23499 260.67300 265.66501 264.81201 264.32501 264.30301 263.42001 263.85101 265.85199 265.50400 267.25800 267.01901 264.86200 264.48001
247.98399 247.99300 329.88101 329.30600 327.92099 311.29901 268.47800 265.37201 259.82800 261.86801 277.95001 292.69299 333.44400 284.20801 340.12500 323.70200 291.55600 269.10501 257.56699 257.70599 258.18201 260.24100 263.84201 265.34100 268.40302 265.21100 268.09000 269.29901 270.77499 271.56299 274.95999 274.02200 274.21899 275.65701 274.17801 274.54099 273.03299 273.74200 273.17099 273.38199 277.21500 282.52600 292.53400 299.57001 347.25400 346.19101 344.24301 342.46899 342.15201 343.13199 342.66400 341.66000 315.97000 306.05399 289.04199 277.86099 268.44000 262.09299 265.99301 266.83499 267.23199 264.95499 265.88599 265.63101 266.74100 264.97198 264.10999 266.04401 264.66400 266.48401
281.62701 322.64099 327.23499 320.39700 283.59601 261.08600 260.14700 252.87900 251.04300 255.70399 248.78000 250.78500 252.57001 256.13199 258.55099 258.06500 257.52100 256.53601 259.67999 256.63599 253.28600 255.04700 261.89999 270.79700 284.96301 275.82101 267.66800 273.09000 275.41699 274.68900 274.46899 273.97501 274.48300 274.39801 274.21899 275.40900 276.46301 276.57901 275.56100 276.23401 280.24399 283.74301 289.08200 298.67599 339.89401 345.29199 343.51599 340.98499 341.34299 342.88599 343.74600 341.06000 341.04300 340.75400 339.66599 288.05099 268.45200 263.37399 258.01801 263.08099 263.54700 260.57199 261.27499 262.65100 262.73199 264.01099 263.13699 265.59100 266.17899 267.09100
282.72299 250.05499 249.77400 246.09801 239.32001 252.36600 317.50000 325.54501 299.71201 259.58899 251.53999 252.02600 253.47000 255.93201 256.87201 263.00299 339.88800 339.39200 338.51599 286.14001 262.55301 267.57700 274.69101 271.12500 332.03000 317.91101 278.74301 274.06000 277.06400 280.20599 280.10999 278.60800 275.81400 277.05499 278.22699 279.43399 278.99399 277.68399 279.28601 278.46399 283.32300 286.02200 289.14899 300.16599 334.31000 344.59601 344.75601 340.86700 341.30701 340.73801 341.89099 342.44000 343.18900 341.84000 340.44501 308.44601 283.30301 268.11200 258.01700 261.39999 262.86499 260.69501 263.31799 268.72400 278.36301 281.00900 280.74399 279.53799 271.40701 269.35599
323.06601 320.06601 252.10699 241.30099 239.67799 229.09399 244.32800 250.77499 241.82700 292.20801 308.38000 316.54501 268.71500 268.13501 258.23801 260.06900 282.18399 340.79001 339.22101 336.96701 338.65799 334.59698 334.79401 334.37100 336.02600 339.97000 304.82300 285.45801 284.20401 286.77301 287.09601 287.36401 281.32199 277.64401 277.21301 277.44400 280.32401 282.36899 285.13901 286.73700 287.76401 285.45200 290.21201 296.87100 323.26801 308.23300 345.58301 343.76099 344.10501 343.38400 341.60300 339.32501 311.75500 296.77701 299.65201 321.89600 283.31000 269.27301 263.11200 262.44199 263.22198 260.13400 259.67801 263.61801 265.27301 266.11200 266.82901 270.92200 271.34000 272.49200
