data/hydroclimate-scenarios/1948-2000.Pcorr55N_Pref_Tref/monthly_summaries/isr_monthly_avg_jun.1950-2000.asc
ncols	311
nrows	91
xllcenter	102.75
yllcenter	31.75
cellsize	0.5
NODATA_value	-9999
[rows 31 to 61 of 91, columns 0 to 69 of 311]
-9999 -9999 -9999 -9999 -9999 -9999 -9999 -9999 -9999 -9999 -9999 313.83401 313.95901 314.52499 314.45099 315.11899 317.08600 316.51700 317.05600 316.86899 315.18399 317.29700 314.53699 309.83401 308.30399 307.68100 306.35999 306.29300 303.74500 303.53799 302.33600 303.93399 302.77600 300.40500 302.01700 296.13101 295.00900 298.37399 300.44901 301.06699 300.19299 300.18900 300.67499 298.58899 297.70599 296.33099 295.88300 294.11401 292.58401 293.86099 294.51199 293.13599 292.95401 294.37900 295.34601 296.01700 296.76199 298.72299 299.58801 300.18301 300.43701 301.91699 301.54901 302.95700 302.16599 300.45001 305.74701 305.80701 318.88199 325.01199
-9999 -9999 -9999 -9999 -9999 -9999 -9999 -9999 -9999 -9999 -9999 318.63699 319.22400 317.03699 317.83401 316.30301 318.32800 317.43701 318.51099 318.44501 318.39200 314.28400 308.96500 308.81799 305.74899 304.72699 305.09299 305.22601 303.11600 300.37900 301.27100 303.03299 301.24899 300.38101 302.39899 295.95499 294.26901 293.23700 294.46301 296.69800 297.04199 296.18701 296.19901 293.35901 294.11099 295.07901 295.49500 298.01801 298.56299 298.71100 297.69601 298.10800 297.79300 299.78900 298.13800 297.57001 297.85800 297.14801 296.90302 298.05499 299.02200 300.58499 300.31699 299.42300 297.90201 297.33301 300.93701 303.11301 312.62201 318.24899
-9999 -9999 -9999 -9999 -9999 -9999 -9999 -9999 -9999 -9999 -9999 320.90701 322.63800 319.56400 320.84601 317.03299 317.56299 317.08899 316.71100 315.48700 315.28699 313.05099 308.91901 309.01599 310.47101 312.14099 312.05099 310.29199 304.40100 299.59900 301.27301 304.38501 302.87201 300.36401 300.66101 295.85300 295.05099 294.72299 296.11499 303.16699 299.06900 302.55099 299.44800 296.12100 298.79901 300.17499 302.12799 302.45999 302.45200 302.94800 302.02200 298.95401 299.00800 298.10800 296.34201 296.80399 297.65201 298.06699 298.42499 298.76001 299.28400 302.03299 299.15900 298.50699 298.50699 300.54300 302.39401 303.09201 308.89899 314.01300
-9999 -9999 -9999 -9999 -9999 -9999 -9999 -9999 -9999 -9999 -9999 -9999 317.80399 316.51199 316.79001 317.45499 317.66299 315.49399 314.26001 312.29001 313.33499 311.62399 315.58200 316.62799 316.27301 325.84500 322.46701 321.36499 310.11600 305.45401 303.39999 297.99100 297.63699 297.82300 297.92001 297.09500 298.90100 296.73801 297.83801 303.39401 303.20901 303.04800 303.83600 298.31900 299.28299 300.33899 298.97800 298.57800 298.57199 298.52301 296.74500 296.66199 296.51401 298.18399 299.15900 301.98499 301.20001 299.45901 300.71799 296.55701 295.62399 298.87000 300.71600 302.48199 301.25800 301.46301 300.83099 304.97299 320.15399 318.93900
-9999 -9999 -9999 -9999 -9999 -9999 -9999 -9999 -9999 -9999 -9999 -9999 316.92200 315.50601 317.14999 316.05801 314.06299 312.12399 313.03601 313.94601 313.94400 324.90201 327.69699 327.99701 331.97400 327.89200 323.26099 325.05499 315.86401 314.14700 312.31400 307.44299 298.88599 297.51401 297.96500 297.24701 299.32199 296.72601 296.32300 301.34900 303.25500 306.43399 305.08401 300.69000 298.64200 297.12500 295.93799 298.92999 298.64700 301.42899 301.79999 298.42300 297.66901 299.62399 297.76901 300.35599 299.80499 298.81400 298.61499 295.93201 297.43701 306.75299 306.81100 309.53201 305.61200 299.68500 304.69901 305.15500 312.26501 310.01300
-9999 -9999 -9999 -9999 -9999 -9999 -9999 -9999 -9999 -9999 -9999 -9999 316.62500 311.08600 310.04800 312.75000 313.23999 312.20599 315.58401 320.35300 323.70099 326.67999 327.85300 327.03500 324.56201 326.65500 320.72198 311.54800 312.97800 307.56400 303.01099 297.48999 298.58499 298.84299 293.71500 293.45801 293.62399 294.04401 293.11401 296.59299 304.47900 309.39200 303.28201 299.50500 298.03500 301.25601 302.32199 305.09201 302.82800 296.96399 296.85300 295.77399 294.50800 295.36700 293.43399 297.36899 297.02600 299.39200 300.94000 298.75601 300.31400 305.12399 303.25000 302.97198 305.73099 305.97900 307.22000 303.85699 313.07999 310.14600
-9999 -9999 -9999 318.29099 318.66699 320.92999 319.74301 320.22400 320.92099 -9999 318.50000 315.99899 312.57199 309.70200 308.92999 312.39999 313.08099 311.51199 318.75299 324.81100 324.65701 323.03101 324.18799 321.01001 321.20099 319.45499 313.29901 320.16800 316.98499 325.61899 311.42300 300.36499 305.08301 313.48901 302.76901 300.24899 301.63101 301.91299 298.99399 300.00800 300.89700 306.19101 302.41199 300.53101 304.28400 312.39899 319.33301 308.87100 307.68100 305.27899 306.32501 306.90701 307.68799 316.25500 310.82300 323.26099 326.06900 308.45901 315.90201 304.72699 301.14001 305.16299 304.76801 309.94000 307.42801 306.79999 310.86801 309.90201 309.13101 310.87299
-9999 -9999 -9999 320.20499 320.14899 321.73401 324.25000 320.14301 319.41901 319.07101 315.14301 312.66599 314.28799 312.76801 316.48599 320.94800 324.43100 321.60001 322.96899 324.98099 322.56201 325.36899 317.98300 309.09799 313.80301 312.29300 315.45801 314.88800 318.56601 325.92499 312.84201 312.26901 310.96301 315.27600 310.66800 308.11600 309.53000 316.09799 303.81601 314.78699 314.15799 306.39801 301.20801 307.09399 313.34900 320.88101 320.13000 308.12100 312.73599 315.32599 316.97000 315.15399 319.82101 321.55701 309.92999 315.78201 309.62299 310.81299 319.04901 314.83801 310.59000 313.05600 314.41800 310.90500 312.04501 304.62900 306.64600 301.40302 305.46701 309.86600
-9999 -9999 -9999 315.24200 317.16199 321.74500 324.43100 319.27600 315.88501 314.30600 314.79300 313.42899 317.85999 324.27200 333.46899 327.39401 331.91101 328.63901 322.20901 322.79700 325.54599 327.95700 322.91101 319.92499 325.67401 318.32901 317.84500 316.35400 315.16199 329.95200 337.17499 330.41400 317.47601 314.87000 319.29199 317.32999 311.58401 310.29599 307.76999 315.19400 316.63800 311.40399 306.91199 303.46399 302.73901 311.00900 312.81299 312.97601 314.04999 321.32501 326.47299 312.82501 314.19601 316.14099 311.38101 312.92401 309.45999 308.85999 316.79300 318.38400 310.60101 311.72800 309.15201 314.49399 310.90302 310.82001 310.92499 313.79901 323.13101 322.96701
-9999 -9999 -9999 316.15500 313.93399 321.40701 321.03900 320.99200 320.54800 318.93500 314.79700 312.43100 327.04099 331.44699 335.61899 332.69501 336.79099 335.97198 332.69699 328.73901 336.96500 339.84100 344.66699 334.44199 328.99701 320.58200 315.41101 316.91901 330.74500 339.69699 332.80701 310.03900 322.68600 332.95999 331.66699 322.78299 310.58499 301.52499 307.33401 309.01801 311.80200 319.92200 325.25201 313.59201 298.61899 310.51199 317.10300 311.61700 323.07401 316.88699 322.92300 313.65601 313.90799 320.86801 314.79501 314.40201 312.25500 315.81201 319.76099 320.05200 328.97699 316.36499 314.12299 313.90201 315.35101 314.26199 317.77701 318.33099 329.82199 332.18301
-9999 -9999 -9999 314.68701 314.40601 322.67200 321.85001 320.66400 323.95700 319.36700 313.06799 319.25601 331.80399 339.33401 344.72699 341.24399 344.31601 337.41800 325.10400 318.85599 329.61401 336.40399 340.59698 321.14301 316.72400 311.05200 304.76099 308.70700 321.00800 332.84201 334.09000 329.38501 332.38101 326.59900 322.72800 321.40701 319.34299 308.41299 304.74799 307.95099 313.74701 319.32101 322.17001 319.13699 307.83200 308.55200 310.32700 312.87299 314.32001 316.06201 317.44699 306.60199 311.74200 324.93799 310.81000 322.17700 312.07300 311.79501 317.21899 329.17499 327.39700 322.82999 321.13000 329.96100 330.51599 322.13300 324.78299 330.58701 333.99600 320.12000
-9999 -9999 -9999 -9999 319.26801 325.60901 322.46301 327.98499 329.18399 322.40302 313.39899 321.27499 346.63501 332.03699 -9999 -9999 -9999 -9999 -9999 340.66800 341.97101 335.50000 339.12799 346.50400 339.89099 327.47699 311.22501 314.62799 320.60101 318.48499 323.01801 325.82599 328.26401 320.26401 311.34601 306.71701 310.10199 304.45099 305.41299 306.81000 304.14600 305.55301 309.19400 317.03900 312.65799 309.42899 311.87299 321.85001 316.98099 312.29401 317.22101 317.89499 312.78101 325.93100 328.80701 332.31500 333.51599 334.24200 332.85501 329.02701 333.99701 336.45901 336.42401 334.46799 333.39700 337.10400 331.72198 322.89600 313.64001 -9999
-9999 -9999 315.01199 317.53500 320.87100 322.06299 323.87201 331.91199 324.12299 320.76901 314.09201 323.68900 346.16501 -9999 -9999 -9999 -9999 -9999 351.23199 341.39899 340.24701 327.08801 325.82199 335.44000 333.18100 326.66800 311.84799 308.86200 309.47000 310.14401 312.55499 315.84201 315.13000 314.92099 311.45801 303.82901 306.97000 306.12201 306.10901 306.09698 307.99200 305.30399 307.56400 307.18100 302.40701 302.54999 305.05399 306.67700 300.91501 297.25201 299.64700 299.75400 303.99500 303.08099 312.36401 306.08499 314.85001 328.76501 331.07101 318.49600 321.44400 323.24899 323.71100 328.21799 325.01999 325.02301 319.07300 -9999 -9999 -9999
-9999 -9999 313.07700 318.61301 318.11499 319.07501 318.87500 325.82101 322.56000 319.37601 324.14200 329.52301 328.84500 -9999 -9999 -9999 -9999 327.12399 347.00699 335.42401 334.54599 327.73401 326.28299 322.76599 315.80399 310.67200 311.56500 312.98700 310.64099 309.22101 312.13599 319.76501 314.27802 309.80099 311.90399 309.01300 307.95401 306.61700 312.59601 317.88199 313.43399 315.05801 315.23099 311.77600 312.25400 306.16199 301.30899 305.11099 294.10101 296.66400 294.29199 293.23300 293.46799 295.80899 296.95099 291.31100 296.29099 313.41101 320.58899 312.93201 310.57001 321.74399 315.60501 307.15399 301.32999 -9999 -9999 -9999 -9999 -9999
-9999 -9999 310.49100 319.83801 319.08200 319.94901 318.90500 319.47800 320.45099 322.11801 329.81500 333.87100 311.26199 -9999 -9999 -9999 -9999 341.97000 339.80600 334.63501 331.71399 321.20001 316.29199 313.62799 313.41199 311.59100 315.25400 311.45499 311.88199 311.00900 314.52200 315.40799 316.13300 316.25000 312.02802 313.01099 313.78699 313.65500 317.42300 310.87900 310.29599 307.00400 305.24301 311.45801 306.90900 310.38501 308.54001 307.06500 300.87100 299.19699 292.68201 293.78101 293.12701 295.70401 297.06699 289.95999 290.77802 299.15900 298.98499 300.05600 291.40900 292.46500 292.40302 303.25800 316.34100 324.59900 307.56601 319.68600 311.26700 -9999
-9999 -9999 -9999 315.00900 318.13000 317.97299 315.13300 315.83401 319.78799 326.68799 321.08600 310.86099 -9999 -9999 -9999 -9999 339.34100 342.45300 329.82700 330.60400 326.64401 320.51401 320.31100 315.24301 315.90201 316.20801 315.70999 316.35101 315.07199 322.85400 322.02200 313.30600 309.42099 311.11200 310.26401 308.97101 306.65201 306.83701 306.10101 306.97800 307.01700 304.42300 305.50800 305.89401 301.24600 299.05899 295.62900 294.88699 294.67200 293.96201 297.81000 297.76099 294.26599 298.41101 303.95700 302.78101 302.71399 310.18301 308.64600 296.77100 295.68799 298.66901 315.19199 338.47000 355.36600 326.31299 308.13400 310.97400 302.90100 299.17401
-9999 -9999 -9999 -9999 313.03900 314.37000 313.39001 318.76501 323.13000 314.70300 309.83099 -9999 -9999 -9999 -9999 333.96301 339.14099 327.44800 321.15900 324.30899 321.06100 320.13699 320.18900 318.05801 318.04001 314.86600 313.14999 312.95499 314.44901 314.65799 316.26901 306.73401 306.22299 307.34299 309.97699 309.02600 307.56000 307.08499 307.32599 308.60101 308.68500 306.66101 304.87601 303.76700 300.50400 297.76700 295.67599 295.48999 293.34299 292.22501 292.59698 291.76300 293.80301 294.60101 294.31500 292.72101 292.73099 302.51700 304.76901 296.71100 306.28400 319.30099 323.74600 323.29599 334.27600 325.52899 305.97400 301.56000 308.49899 307.41299
-9999 -9999 -9999 -9999 -9999 -9999 312.34399 313.40399 308.30600 309.23499 311.57199 -9999 -9999 -9999 -9999 -9999 326.15399 322.63400 320.13699 322.76999 323.12000 319.56400 322.62000 321.35199 319.68900 313.82199 312.19699 311.89600 310.89899 310.61200 311.44501 309.06201 307.13800 304.62399 303.73801 304.06100 306.25900 309.23901 305.63000 308.34799 308.04001 311.71899 308.70200 303.86499 301.18600 300.23199 296.96301 294.75101 294.01099 291.44501 289.67300 293.44901 292.77499 291.62701 292.25400 290.90900 292.38400 295.42700 298.66901 300.87299 311.26001 321.15399 326.39700 333.81400 342.50101 331.48901 308.68399 297.95901 301.30801 308.18701
-9999 -9999 -9999 -9999 -9999 -9999 -9999 -9999 -9999 -9999 -9999 -9999 -9999 -9999 -9999 -9999 -9999 -9999 -9999 322.59698 322.39999 320.44000 320.87500 317.64600 316.96301 314.05200 313.10901 308.57800 308.03799 308.64401 309.65302 307.45700 309.97501 303.73901 304.31699 306.45300 305.22501 308.12701 308.20200 312.11700 314.35800 312.65302 307.47400 305.16299 301.72198 301.79199 297.08701 294.10999 292.64099 291.19400 290.09799 292.03000 291.58899 288.55099 289.76401 289.60199 290.84900 291.09698 297.31201 300.10800 317.77499 316.49500 323.78201 335.28101 338.89700 313.78500 299.70099 295.90900 297.81799 312.22198
-9999 -9999 -9999 -9999 -9999 -9999 -9999 -9999 -9999 -9999 -9999 -9999 -9999 -9999 -9999 -9999 -9999 -9999 320.16800 321.63501 319.44601 318.14899 317.89700 317.52200 315.96899 314.02100 312.74200 312.34201 312.91101 312.31299 312.92001 313.27802 314.91299 310.69699 310.48499 286.55301 287.62299 278.39301 282.32101 287.64499 289.21600 291.30200 289.04300 308.70099 304.60599 303.29800 297.30701 294.03101 290.17599 290.43900 288.94400 288.54401 287.47501 289.16599 290.91000 286.70099 287.97501 297.52301 304.92700 302.74200 302.79599 303.20999 312.73001 319.60699 328.12201 311.13901 302.18900 296.38901 296.72501 298.53000
-9999 -9999 -9999 -9999 -9999 -9999 -9999 -9999 -9999 -9999 -9999 -9999 -9999 -9999 -9999 -9999 -9999 318.33899 318.75101 316.95099 317.71600 318.27802 317.91800 316.44501 314.66501 312.93100 311.96500 312.95401 316.64099 314.81400 314.46899 313.22800 314.26501 307.91501 307.79001 288.20999 292.06601 282.83099 282.54800 287.64200 287.48801 290.09500 288.62701 306.14499 302.86899 300.82401 297.26700 295.89899 289.70200 288.54501 285.89700 285.31601 287.14301 289.16599 288.81799 286.46500 288.89099 296.66000 301.44101 299.26999 292.34299 298.79099 323.88901 328.82901 305.13599 303.26801 302.92401 295.52899 294.29300 295.45901
-9999 -9999 -9999 -9999 -9999 -9999 -9999 -9999 -9999 -9999 -9999 -9999 -9999 -9999 -9999 -9999 -9999 317.37900 317.36700 321.33499 320.65100 318.89401 316.55399 314.66901 310.24100 312.63300 312.63000 313.32401 314.89301 314.31500 314.10199 314.99899 314.78299 306.01401 308.74701 292.35001 296.04199 280.87701 286.31299 286.29999 283.14099 289.10101 286.49799 303.51700 300.12100 298.37701 295.61301 297.84201 293.76501 285.80701 283.64200 285.89600 287.53101 286.23801 286.06201 288.17499 294.86700 295.26999 293.70001 293.83401 296.17599 301.76099 304.53601 310.92401 326.43701 314.20200 298.92700 304.06799 293.32901 290.16901
-9999 -9999 -9999 -9999 -9999 -9999 -9999 -9999 -9999 -9999 -9999 -9999 -9999 -9999 -9999 -9999 321.77899 322.67401 323.34900 322.85599 318.01199 314.79599 314.58200 312.76999 309.34698 311.42499 310.70001 310.71500 312.60699 312.34201 312.25101 312.96799 312.16901 303.62701 304.91699 289.26801 292.72299 280.67099 284.93301 281.23801 278.53601 287.35599 284.80801 300.51099 297.32001 296.58200 294.92300 298.82001 295.73801 286.42200 283.79800 286.05701 287.20700 285.82999 285.20901 286.10800 287.56201 289.84799 290.62799 295.25299 294.53201 294.26501 301.89801 323.13400 310.16699 303.59399 298.70401 294.33899 286.46600 285.88901
-9999 -9999 -9999 -9999 -9999 -9999 -9999 -9999 -9999 -9999 -9999 -9999 -9999 317.65100 322.31201 321.13699 323.06900 329.38501 322.42700 319.87500 316.52499 318.66699 314.95901 312.65701 311.54700 310.53799 309.97601 312.21399 312.67899 313.27802 313.70801 312.35599 312.77499 306.15399 307.18500 306.16299 308.47299 309.20099 312.01001 311.69800 309.04800 305.07101 301.70901 299.99100 296.56699 298.04700 297.76700 296.78699 296.01501 293.61700 291.15302 289.45001 287.27399 283.82599 281.61700 284.66299 285.48499 286.38300 287.91901 290.66000 292.14200 291.04599 292.33701 276.14499 271.79199 262.47101 260.17300 262.38901 261.64899 264.44299
-9999 -9999 -9999 -9999 -9999 -9999 -9999 -9999 -9999 -9999 -9999 -9999 316.53699 320.10199 322.72501 320.42300 319.22699 320.97601 319.58301 316.20300 316.84601 315.50601 313.69101 312.09698 311.44800 309.85001 309.34201 310.65601 311.77899 310.54700 310.95901 311.51999 312.35001 305.85901 304.85699 304.17899 306.08099 307.23401 309.04999 306.72699 305.65500 302.82501 300.46701 298.76401 294.75299 295.56000 294.85699 294.43500 296.34201 297.11499 293.59100 290.82401 288.71399 284.65100 280.86200 281.51401 282.64600 288.24200 291.19699 292.61700 291.79700 286.19000 285.96799 270.39301 266.86899 257.53799 257.79599 258.27899 258.74301 266.59100
-9999 -9999 -9999 -9999 -9999 -9999 -9999 -9999 -9999 -9999 -9999 326.86099 325.13901 325.28500 320.60300 317.35901 317.31100 316.71301 316.94601 318.16400 316.32700 314.66501 313.06601 311.58600 311.45901 310.04999 310.29999 311.83200 309.20599 310.44601 311.76001 311.83701 312.15201 312.24301 311.03299 312.17099 315.03400 314.80899 313.50500 310.76999 307.87399 306.64899 302.46100 301.66501 298.46301 294.86401 294.98700 295.29700 295.80499 295.10400 294.26801 295.72299 292.42300 289.15302 287.12799 284.77399 282.94501 287.10199 284.50900 283.52899 283.77301 277.70999 276.31601 264.60101 263.21799 251.56700 251.06100 252.14000 257.22501 266.92001
-9999 -9999 -9999 -9999 -9999 -9999 -9999 -9999 -9999 -9999 325.51001 326.35800 321.59900 322.95599 319.06500 316.38501 316.67999 317.01700 316.88000 317.08499 315.94501 312.90100 311.77499 311.81299 310.73599 308.94901 309.60199 310.87201 310.54001 311.48599 312.92899 312.04599 313.89600 313.04599 313.71701 313.72699 316.18399 314.34299 310.73001 306.26801 302.73401 299.94901 296.33301 296.96799 295.10599 292.24899 291.49799 291.33200 291.44601 291.17999 291.88199 295.30600 292.85199 291.22501 289.09500 286.96500 286.07999 287.26999 282.32901 281.71399 281.79199 275.67599 275.35901 262.59299 261.94299 249.69600 249.84399 251.09000 258.01999 273.16400
-9999 -9999 -9999 -9999 -9999 -9999 -9999 -9999 -9999 320.11600 321.39001 320.12000 321.71701 321.42999 320.15601 321.65201 321.81699 319.94699 319.05099 316.26401 314.55099 314.48999 314.44501 313.42499 312.79099 311.74200 310.04700 310.32101 309.78601 309.25900 310.14001 311.62601 313.10001 312.81601 315.17599 317.31100 317.71899 309.30099 305.72299 303.89999 298.65601 295.67200 291.60999 292.23401 291.76901 291.57501 289.61099 288.73199 289.56799 289.03400 292.94400 290.29999 292.33301 296.07901 296.53101 285.23801 282.29501 279.49100 278.20901 277.74399 277.93701 273.62299 272.75601 271.04999 269.87701 271.73300 271.61600 253.81599 261.67300 268.61099
-9999 -9999 -9999 -9999 -9999 -9999 -9999 -9999 -9999 -9999 321.62399 320.08099 319.41101 319.28799 318.31100 320.39899 321.46899 320.36099 320.10699 318.43600 317.55099 315.71399 314.68301 -9999 -9999 -9999 -9999 -9999 -9999 311.25699 311.76901 311.91199 313.76001 314.43500 316.51401 317.50601 315.34500 306.37399 302.64700 298.97601 294.56000 291.54901 287.61700 289.00000 289.29001 288.85599 288.94601 287.55399 287.31799 286.41501 289.69000 287.89700 292.68701 295.28201 294.81201 282.86801 279.48199 279.32901 277.71500 276.60699 276.78400 273.79001 273.06900 272.10001 277.02200 272.57901 275.87900 256.89301 285.39099 280.81500
-9999 -9999 -9999 -9999 -9999 -9999 -9999 -9999 -9999 -9999 -9999 -9999 322.75000 323.06000 322.88000 324.20700 324.39001 323.91000 323.57401 -9999 -9999 -9999 -9999 -9999 -9999 -9999 -9999 -9999 -9999 -9999 -9999 -9999 -9999 313.93100 316.79001 312.68100 309.51599 305.27701 300.65302 297.25299 292.11801 290.37701 286.80499 289.58801 288.95499 287.13101 285.88901 285.12601 285.70599 281.66901 283.66901 286.36801 288.66299 288.08701 285.70700 278.73499 278.69000 277.99301 275.27301 274.43500 275.17099 274.63300 276.10400 273.06400 272.65601 272.82300 275.81201 259.82401 268.87799 264.69199
-9999 -9999 -9999 -9999 -9999 -9999 -9999 -9999 -9999 -9999 -9999 -9999 -9999 -9999 -9999 -9999 -9999 -9999 -9999 -9999 -9999 -9999 -9999 -9999 -9999 -9999 -9999 -9999 -9999 -9999 -9999 -9999 -9999 -9999 313.43399 309.99799 304.95099 303.03400 297.15100 294.51401 289.54501 289.20099 287.44501 288.48001 288.56201 286.32401 285.27600 284.38800 285.84201 281.01901 283.27600 283.36301 285.27701 285.28900 283.91901 277.47800 278.58801 282.07700 279.19199 277.43500 275.81799 274.62601 273.34500 271.30399 270.07599 273.25299 279.55600 265.67999 280.14600 269.10101
