data/hydroclimate-scenarios/1948-2000.Pcorr55N_Pref_Tref/monthly_summaries/isr_monthly_avg_dec.asc
ncols	311
nrows	91
xllcenter	102.75
yllcenter	31.75
cellsize	0.5
NODATA_value	-9999
[rows 32 to 63 of 91, columns 0 to 70 of 311]
-9999 -9999 -9999 -9999 -9999 -9999 -9999 -9999 -9999 -9999 -9999 25.45160 25.48160 25.30160 25.40300 25.50290 25.66350 25.52920 25.60150 25.56750 25.57250 25.46440 25.30450 25.23750 25.14780 25.29920 25.22470 24.95840 24.81170 24.69800 24.56610 24.58000 24.44490 24.20130 24.34630 24.05910 24.30550 24.28860 24.39570 24.50290 24.48910 24.50960 24.44420 24.41670 24.34840 24.24670 24.28810 24.44770 24.48070 24.65780 24.50640 24.68240 24.58860 24.62820 24.54000 24.37640 24.31810 24.16910 24.13220 24.20220 24.17040 24.14820 24.15870 24.19780 24.05920 23.94740 24.29610 24.32680 24.76500 24.92370 24.91760
-9999 -9999 -9999 -9999 -9999 -9999 -9999 -9999 -9999 -9999 -9999 26.94320 27.00890 26.68350 26.75040 26.87740 26.83460 26.82340 26.88710 26.81890 26.80050 26.75900 26.54660 26.53310 26.56320 26.72450 26.68120 26.22520 25.83390 25.60750 25.49550 25.49390 25.40770 24.99730 25.04350 24.96310 25.17520 25.28090 25.42480 25.82170 25.72100 25.85230 25.84160 25.68710 25.83520 25.74660 25.78240 25.90570 25.95640 26.09780 25.92170 26.00680 25.78770 25.69880 25.60550 25.49610 25.47520 25.44460 25.39980 25.34870 25.31410 25.27340 25.20560 25.15510 25.23350 25.36550 25.25850 25.41530 25.69570 25.93670 25.89470
-9999 -9999 -9999 -9999 -9999 -9999 -9999 -9999 -9999 -9999 -9999 -9999 28.01360 27.96430 27.96140 28.24640 28.32870 28.22290 28.21410 28.10810 28.09130 28.04390 28.14860 28.20340 28.09370 28.38920 28.14300 27.86960 27.08760 26.71270 26.47300 26.26500 26.27000 26.12070 26.04680 25.91590 26.26010 26.35030 26.55330 26.92840 27.20920 27.30380 27.35200 27.23260 27.31240 27.29340 27.36460 27.09150 26.96880 27.25940 27.03470 27.05660 26.92140 26.96910 26.91750 26.57500 26.52520 26.54180 26.45610 26.48040 26.46460 26.60600 26.65520 26.57530 26.48840 26.42670 26.33920 26.54690 27.27570 27.42970 26.86670
-9999 -9999 -9999 -9999 -9999 -9999 -9999 -9999 -9999 -9999 -9999 -9999 28.91640 28.96070 29.27600 29.44610 29.38020 29.31250 29.39570 29.25640 29.40630 30.03270 30.02130 30.04190 30.06820 29.57840 29.10110 28.87180 28.28170 28.10450 27.91610 27.42570 27.04120 26.92240 26.90510 26.96700 27.05090 27.22670 27.41680 27.79860 28.36900 28.76400 28.76240 28.70570 28.81280 28.73130 28.75870 28.51180 28.37360 28.66330 28.55580 28.21110 28.09140 28.15310 28.01770 27.70680 27.53010 27.50590 27.42900 27.65360 27.72790 28.17230 28.25920 28.13800 27.84040 27.53200 27.73630 27.91510 28.14310 28.16390 28.46250
-9999 -9999 -9999 -9999 -9999 -9999 -9999 -9999 -9999 -9999 -9999 -9999 30.12820 30.02220 29.81540 29.98620 30.19480 30.30030 30.66070 30.84920 31.22280 31.47100 31.33230 31.39940 30.75690 30.86860 30.00990 29.09670 29.12250 28.94780 28.51570 28.11610 28.08000 28.26290 27.93060 27.95830 28.04510 27.98370 28.25880 29.04440 29.89130 30.28780 30.01710 30.04600 30.12940 30.64570 30.65810 30.44840 30.01900 29.95120 29.71420 29.47540 29.06460 29.24680 28.91920 28.79670 28.64750 28.69700 28.76980 29.15270 29.27720 29.47610 29.49860 29.05430 29.10030 29.15570 29.21260 29.23710 29.74900 29.89370 30.04130
-9999 -9999 -9999 31.19040 31.10990 30.97820 31.04840 31.00230 31.03130 -9999 31.03040 31.33050 30.99290 30.86610 30.74950 30.77910 31.03200 31.10640 31.78330 32.10600 32.18210 32.02380 31.55600 31.51030 31.17730 31.25340 30.79900 30.79350 30.44490 31.19010 30.13610 29.21680 29.70050 30.24830 29.71290 29.38870 29.72480 29.55780 29.69270 30.42590 30.83130 31.08230 31.01840 31.24800 31.79700 32.65880 33.07330 32.16610 31.73350 31.71090 31.56810 31.44390 31.22230 31.78130 31.32040 31.69050 31.62810 30.54510 31.06960 30.98540 30.76700 30.96760 30.94070 30.98910 30.73640 30.66820 30.96350 31.12510 31.01410 31.64370 31.90550
-9999 -9999 -9999 32.16340 32.01990 31.79190 32.13920 32.10120 32.13000 31.99880 31.82600 31.89650 32.03760 31.79620 31.89920 32.38720 32.67360 32.31510 32.42450 32.46950 32.24520 32.50660 31.56010 31.42190 31.66740 31.74480 31.94750 31.72360 32.03840 32.77870 31.51070 31.55320 31.51000 31.83730 31.53610 31.25560 31.66010 32.01760 31.41270 32.15680 32.49950 32.03160 31.85210 32.70870 33.57050 34.45930 34.59540 33.13520 33.09100 33.40050 33.29780 33.11180 33.44130 33.37100 32.33760 32.55440 32.05990 32.33840 32.99350 32.94890 32.69720 32.49510 32.69190 32.56230 32.66970 32.31750 32.42070 32.36660 32.81310 33.27240 33.81960
-9999 -9999 -9999 32.49280 32.28180 32.70460 33.31190 33.22790 32.84310 32.68730 32.73440 32.99230 33.39190 33.88670 34.63060 34.13890 34.40920 34.15190 33.32100 33.25790 33.33840 33.59460 32.87860 33.25700 33.64710 33.35240 33.33150 32.96670 32.98220 34.35260 35.50450 34.71500 33.36110 33.26820 33.75620 33.37080 33.03350 32.77140 32.82950 33.40360 33.87710 33.48510 33.60950 33.57940 33.96610 35.18230 35.24880 34.62360 34.57230 35.35270 35.49950 34.48770 34.23720 34.35270 33.81740 33.86460 33.52010 33.69490 34.28750 34.66220 34.24460 34.04110 34.02310 34.56560 34.35580 34.37820 34.35790 35.02390 35.88840 36.15840 36.67190
-9999 -9999 -9999 33.67040 33.29830 34.23410 34.83160 34.63230 34.36200 34.25230 33.73420 33.84010 35.38470 36.15520 36.60720 36.06930 36.37820 36.77940 36.24280 35.44660 35.78660 36.25990 36.85000 36.37540 35.59020 35.09360 34.75070 35.38720 36.66400 37.71470 36.66100 33.90960 35.26390 36.61710 36.57190 35.48140 34.36230 33.50550 34.13950 34.54370 35.25980 35.89170 36.79170 36.55870 35.99620 36.68750 37.29410 36.72640 37.57810 37.17020 37.19390 36.35750 36.05530 36.65990 35.98030 35.50770 35.49320 35.83720 36.26720 36.62630 37.57290 36.32870 36.43910 36.55660 36.73940 36.82210 37.07950 37.69450 38.69270 38.84340 37.54120
-9999 -9999 -9999 34.47140 34.56490 35.42210 35.20020 35.33070 35.75540 35.27370 34.69670 35.77240 37.03320 38.33240 38.82220 38.69600 38.87410 38.40000 36.79250 35.81030 36.41150 37.25890 37.62640 36.05200 35.56230 35.54430 35.00280 35.48690 36.78180 38.19120 38.35170 37.53820 37.97420 37.27640 36.85480 37.06890 36.71530 35.54380 35.35250 35.85840 36.53840 36.86980 37.44740 37.82230 37.08690 37.22920 37.64350 37.83320 37.99780 38.30830 38.27940 37.29830 37.26390 38.77220 37.45410 37.90090 37.08040 36.99270 37.65610 39.07830 39.19700 38.47290 38.76630 39.93380 40.12370 39.40190 39.72520 40.80460 41.27000 39.67540 37.84080
-9999 -9999 -9999 -9999 35.80280 36.44770 36.07770 37.42650 37.69300 37.15720 36.37760 36.77980 39.65420 38.47440 -9999 -9999 -9999 -9999 -9999 39.53680 39.49180 38.84900 39.17810 40.07270 39.16800 37.75090 36.19710 36.63340 37.42600 37.32840 37.77430 38.41210 38.52690 37.53450 36.87730 36.74190 36.83050 36.43270 36.72010 36.94100 36.95580 36.98820 37.49220 38.10210 37.97450 37.91450 38.70080 39.28550 39.09090 38.96870 39.07660 39.25340 38.70260 39.98140 40.14500 40.93070 40.95080 40.78520 40.51130 40.67750 41.44020 42.03150 42.27010 42.22220 42.42350 42.87190 42.20170 41.10990 40.43420 -9999 -9999
-9999 -9999 37.76000 37.10840 37.43290 37.18850 37.55000 39.03960 38.56120 38.55090 37.83470 38.77600 41.30860 -9999 -9999 -9999 -9999 -9999 43.25620 41.25710 40.76180 39.38590 39.26890 40.13290 39.79410 39.41810 37.86510 37.68940 37.88980 38.00430 38.20080 38.68200 38.84070 38.43410 38.29780 37.97430 38.39190 38.31220 38.28310 38.36000 38.70830 38.36280 38.70460 38.83980 38.37470 38.54440 39.15730 39.03860 38.58080 38.86150 38.97790 39.21820 39.65260 39.77970 40.43430 39.97590 40.66890 42.06840 42.25400 41.44250 42.07580 42.52580 42.90490 43.47140 43.42970 43.17150 42.92500 -9999 -9999 -9999 -9999
-9999 -9999 40.19290 39.15340 38.62870 38.17460 38.33450 39.75430 39.73020 39.51530 40.38000 41.23790 41.56160 -9999 -9999 -9999 -9999 42.18340 44.36780 42.10450 41.82260 41.19640 40.65780 40.66440 39.66650 39.45040 39.53470 39.22480 38.99720 38.91630 39.45370 40.24130 39.71110 39.80650 40.04760 40.01390 39.86290 39.99940 40.65730 41.12350 41.07430 40.95340 41.24500 41.33920 41.48940 40.99430 40.93320 40.69510 39.96270 40.12040 40.01570 39.92380 40.14000 40.25760 40.44610 39.91670 40.56410 42.13050 42.73450 42.38790 42.32580 43.53040 43.06200 42.75590 42.57580 -9999 -9999 -9999 -9999 -9999 43.11970
-9999 -9999 41.55350 40.98120 40.52980 40.06410 40.04050 40.60120 40.91640 41.53100 42.98390 43.79300 38.90720 -9999 -9999 -9999 -9999 45.80090 45.35460 44.06680 43.36720 42.17440 41.40420 41.25380 41.04620 41.24160 41.63510 40.82410 40.93640 40.81490 41.46810 41.41100 41.68020 42.16800 41.97630 42.06770 42.20550 42.35580 42.90080 42.38330 42.20200 41.89060 41.98140 42.95630 42.63520 42.97910 43.24870 42.46120 42.07870 42.05190 41.49370 41.68030 41.66520 41.92830 42.24110 41.39650 41.61120 42.64480 42.55800 42.58520 41.85290 41.92430 42.32760 44.17800 45.90390 46.72070 45.14470 46.60880 45.41730 -9999 -9999
-9999 -9999 -9999 42.84920 42.75170 42.29500 41.80990 42.31270 43.21860 44.75380 44.50180 40.99500 -9999 -9999 -9999 -9999 46.66810 47.49980 45.59280 45.03760 44.49030 43.34730 43.04390 42.92160 42.87320 42.94930 42.81250 43.03330 43.02300 43.67770 43.50850 42.91560 42.65290 42.77840 42.63300 43.29920 43.02170 42.88460 42.94880 43.23860 43.36070 43.11140 43.60140 43.74340 43.36290 43.74440 43.50490 43.00280 42.93710 42.78850 43.78560 43.91070 43.59030 43.94960 44.93080 45.00370 44.88220 45.17330 44.97870 43.47800 43.08490 43.95150 45.72170 50.28880 53.44990 48.28000 46.26160 47.25140 46.35110 44.24710 -9999
-9999 -9999 -9999 -9999 44.14860 43.76750 43.40230 44.61320 45.60350 44.80800 42.39930 -9999 -9999 -9999 -9999 48.50890 48.70650 47.92940 46.63950 46.31440 45.58290 45.00200 45.03790 45.20650 45.22610 44.78320 44.19520 44.48120 44.88060 44.59900 44.56670 43.78930 43.72080 43.66990 44.19920 44.89020 44.91960 44.74620 44.93290 45.28180 45.37480 45.10800 45.04420 45.24140 44.80720 45.20150 45.33810 44.58540 44.27550 44.25030 44.48960 44.50010 45.20160 45.30500 45.23130 45.35190 45.70850 46.44180 46.64150 45.18120 46.11270 47.79470 48.55850 50.07440 51.66570 49.98200 47.42070 47.44370 48.30700 47.47020 47.34250
-9999 -9999 -9999 -9999 -9999 -9999 46.98780 46.91960 45.21670 44.98910 46.84090 -9999 -9999 -9999 -9999 -9999 49.18850 48.86850 48.14670 47.52290 47.25950 46.23130 46.95320 47.59030 47.40340 46.42700 46.03090 46.21150 46.16590 46.06020 46.30440 45.65830 45.41040 45.76720 45.70340 46.25610 46.88460 47.63960 47.17210 47.75560 47.87920 48.30040 48.17010 47.75530 47.31970 46.84590 46.47680 46.33210 46.53000 46.11660 46.32190 46.41400 46.57050 46.42250 46.77510 46.77070 46.90390 47.60000 47.65620 47.56980 48.29450 49.46510 50.44590 53.09800 54.27050 52.33860 49.47800 48.15420 48.77320 48.83270 48.99880
-9999 -9999 -9999 -9999 -9999 -9999 -9999 -9999 -9999 -9999 -9999 -9999 -9999 -9999 -9999 -9999 -9999 -9999 -9999 49.39020 49.05870 48.36870 48.28870 49.07030 48.70710 48.38610 48.35850 47.64240 47.69660 47.76520 47.95680 47.56790 48.13190 47.80200 47.85250 48.57940 48.55280 49.68990 49.83240 50.53510 51.03770 50.66020 50.02230 49.81570 49.55450 48.99200 48.34180 48.08290 47.88220 48.04990 48.30760 47.95010 48.46030 48.05610 48.45990 48.45480 48.51430 48.87850 49.34350 49.04850 51.01240 50.63290 51.92620 54.69610 55.07150 52.00880 49.74200 49.54020 49.91460 50.84830 51.43120
-9999 -9999 -9999 -9999 -9999 -9999 -9999 -9999 -9999 -9999 -9999 -9999 -9999 -9999 -9999 -9999 -9999 -9999 52.08160 51.76040 51.11460 50.63910 50.28760 50.48370 50.52960 50.59160 50.21660 50.29380 50.14150 50.20710 50.38310 50.27240 50.58590 50.36560 50.63380 50.77590 51.38140 51.51240 52.08880 52.88070 53.29110 52.66360 52.55880 52.42650 51.83870 51.53160 50.59220 49.85390 49.38550 49.72270 49.86480 50.09670 50.26700 50.12650 50.63410 50.71210 50.99710 51.73420 52.57340 51.52370 51.55990 51.44590 52.74800 53.95760 54.75850 53.02730 51.89330 51.02860 51.36360 51.53910 52.21120
-9999 -9999 -9999 -9999 -9999 -9999 -9999 -9999 -9999 -9999 -9999 -9999 -9999 -9999 -9999 -9999 -9999 54.27200 54.33660 53.18790 52.99960 52.88420 52.61710 52.58530 52.40480 51.99980 51.94930 52.42710 52.96300 53.00240 52.83410 52.37230 52.67280 51.97300 51.91230 53.15790 54.09990 54.47370 54.65960 55.33150 55.21620 55.00770 54.79420 54.04640 53.76370 53.29350 52.67070 52.31570 51.49420 51.29350 51.41610 51.44280 52.12350 52.25940 52.45190 52.45790 52.99530 53.53990 54.00260 52.79440 51.57250 52.82070 55.69190 56.95090 53.75810 54.03880 53.99820 53.24550 53.06900 53.05750 54.78950
-9999 -9999 -9999 -9999 -9999 -9999 -9999 -9999 -9999 -9999 -9999 -9999 -9999 -9999 -9999 -9999 -9999 56.31810 56.09690 56.29630 55.88980 54.88770 54.13250 54.12390 53.70130 54.58140 54.56360 54.45780 54.98900 54.82660 54.86780 54.11280 53.76220 53.58520 54.33880 55.02140 55.77660 56.40680 57.33590 57.33050 56.87600 56.60340 56.17340 55.72960 55.32270 54.66010 54.11020 55.19150 54.30250 52.45090 52.37320 53.08250 53.69820 54.00690 54.19330 54.58800 55.98590 55.39540 54.86620 54.54490 54.88460 55.90720 56.38110 57.24660 59.21850 57.74060 55.80010 56.93680 54.95990 54.63110 54.95950
-9999 -9999 -9999 -9999 -9999 -9999 -9999 -9999 -9999 -9999 -9999 -9999 -9999 -9999 -9999 -9999 59.18890 59.56570 59.43490 58.91980 57.33950 55.98990 56.01800 55.90170 55.51670 56.14900 56.06410 56.13920 56.31860 56.50020 56.38110 55.65400 55.35620 55.06590 55.51660 56.38010 57.16640 58.30050 59.21740 58.61530 58.35770 58.53210 58.26370 57.31430 56.81660 56.25280 56.27360 57.48790 56.63940 54.25900 54.29600 55.15450 55.79410 55.99420 56.03500 56.46950 56.37540 56.31910 56.32900 56.80090 56.56160 56.72860 58.02590 60.84290 59.33870 58.42230 58.05860 57.63560 55.93650 55.88730 57.14500
-9999 -9999 -9999 -9999 -9999 -9999 -9999 -9999 -9999 -9999 -9999 -9999 -9999 60.87670 62.11370 62.31880 62.62980 62.32480 60.76660 59.84900 58.65910 58.44510 56.95630 58.68970 58.44590 57.64100 57.44880 57.45650 57.76330 58.36200 58.09580 57.61610 57.91820 57.79210 58.12840 58.34360 58.74980 59.47530 59.92020 59.99540 59.91160 60.55230 60.42210 59.53970 58.88880 58.54460 58.41430 58.19940 58.61750 58.51160 57.86850 57.56260 57.76590 58.01340 57.96590 58.21020 57.97470 57.87600 57.70190 57.49540 57.85120 57.66160 58.06930 58.40570 57.73280 57.07140 57.04470 57.52100 57.64030 58.29950 60.23530
-9999 -9999 -9999 -9999 -9999 -9999 -9999 -9999 -9999 -9999 -9999 -9999 62.64850 63.98430 64.71720 64.77970 64.41390 63.32040 63.47840 61.76420 61.69180 60.69310 58.99400 60.84200 60.55260 59.60130 59.36670 58.96640 58.95100 59.76510 59.54520 59.39400 59.72650 59.72080 59.57590 59.72360 60.10290 60.36400 60.91360 60.48990 61.41660 62.53910 62.76840 61.75740 60.82500 60.33740 60.15780 60.16650 61.05640 61.65040 61.02710 60.32270 60.39730 60.27550 59.98780 59.83810 59.99260 60.29810 60.38450 60.21950 59.81980 58.72850 58.81960 59.26470 58.79840 58.31900 58.80970 59.10270 59.78270 61.76250 63.95060
-9999 -9999 -9999 -9999 -9999 -9999 -9999 -9999 -9999 -9999 -9999 66.85960 66.77760 67.21060 66.24120 65.81670 65.40790 65.29270 65.00930 64.37590 63.40140 61.84470 61.15210 61.72780 61.83790 61.88310 61.74130 60.40200 59.40460 60.77870 61.56790 61.70400 62.04950 62.71810 62.49940 62.25320 62.57840 62.34550 60.86550 61.03620 62.13790 62.54000 62.63040 62.85000 62.20340 61.37830 61.51470 62.68330 63.16790 63.60570 63.91450 64.17880 63.58970 63.76600 63.29780 61.78080 61.69750 62.35300 61.68090 60.55760 60.60530 59.43850 59.12910 59.39230 59.20670 59.69050 60.44490 60.86200 63.07800 65.05940 67.75760
-9999 -9999 -9999 -9999 -9999 -9999 -9999 -9999 -9999 -9999 69.73760 69.67410 68.65000 69.40090 68.43460 67.42650 67.95620 67.63740 67.29790 66.14730 65.06820 63.87640 63.26100 63.68080 63.39970 63.84740 63.81850 62.09150 61.61910 63.35120 64.00450 64.45280 65.08320 65.51830 65.81140 65.24220 65.23820 64.74500 63.33390 62.92290 63.48620 63.40250 63.69970 63.91830 63.51110 62.96870 62.62650 64.02460 64.60260 64.86990 65.81310 66.11390 66.31960 66.28780 65.71830 64.31460 63.88700 64.19800 62.97700 62.18760 62.37300 61.56800 61.35880 61.33480 61.36970 61.58300 61.79170 63.38090 66.37320 68.46720 70.85770
-9999 -9999 -9999 -9999 -9999 -9999 -9999 -9999 -9999 69.48670 70.08440 69.24040 69.74980 70.32210 69.76730 69.82490 69.78790 67.49240 66.12510 66.76850 66.38340 65.97620 65.23380 66.02690 65.29960 64.81000 64.57690 64.79520 64.53640 66.11300 66.53400 67.90890 68.64630 68.41190 69.27500 69.20720 68.86250 67.33380 66.40380 65.94110 65.65070 63.98460 64.10010 64.45830 64.51630 64.82450 64.44270 64.30980 64.74060 65.05220 66.28620 68.03830 68.50570 69.84540 70.17480 66.81770 65.86740 64.58000 64.29810 64.53670 64.42390 64.22800 64.24690 63.47260 63.23510 64.08580 64.49870 67.03060 69.42440 71.21580 71.22580
-9999 -9999 -9999 -9999 -9999 -9999 -9999 -9999 -9999 -9999 72.01740 70.88490 71.03700 71.38950 71.25810 71.59720 71.86390 69.57990 68.84380 69.41030 69.17830 68.10330 67.68820 -9999 -9999 -9999 -9999 -9999 -9999 68.86940 69.71700 70.50080 71.30710 71.25010 71.88400 72.14770 71.00500 69.08350 68.55170 67.99740 67.68100 65.88500 65.63320 65.82890 66.07800 66.51370 66.66360 66.30340 66.53850 66.46710 67.79640 69.76440 71.47850 71.77350 72.07110 68.54590 67.88420 66.44580 66.21800 66.55590 66.88910 67.23800 66.85340 66.23450 67.48840 67.11990 68.91290 70.45960 75.44800 75.86660 76.24740
-9999 -9999 -9999 -9999 -9999 -9999 -9999 -9999 -9999 -9999 -9999 -9999 72.59450 72.09150 72.63430 71.75920 72.20210 72.02680 71.46620 -9999 -9999 -9999 -9999 -9999 -9999 -9999 -9999 -9999 -9999 -9999 -9999 -9999 -9999 73.77680 74.71240 73.21050 72.23320 70.39240 69.65350 69.88760 69.71420 68.11020 67.62490 68.49810 68.58160 68.22940 68.20380 67.96230 68.17360 68.71700 69.80550 71.70130 72.61800 72.87740 71.57900 69.89160 69.88290 69.23970 68.87590 69.27200 69.69350 69.80440 70.15180 69.21990 68.97520 69.52640 71.59770 73.26810 75.52840 74.95280 75.57360
-9999 -9999 -9999 -9999 -9999 -9999 -9999 -9999 -9999 -9999 -9999 -9999 -9999 -9999 -9999 -9999 -9999 -9999 -9999 -9999 -9999 -9999 -9999 -9999 -9999 -9999 -9999 -9999 -9999 -9999 -9999 -9999 -9999 -9999 76.35220 74.83780 73.45760 72.89680 71.60530 71.99250 71.76620 70.43320 70.22090 70.17790 71.00670 70.73110 70.74300 70.31490 70.57120 71.43470 72.49940 73.63900 74.19840 74.23370 73.64560 71.89800 72.08800 73.18020 73.19550 72.88190 72.71090 72.64150 72.40660 71.85130 71.55410 72.48750 74.87540 77.76540 79.73430 77.78080 76.08590
-9999 -9999 -9999 -9999 -9999 -9999 -9999 -9999 -9999 -9999 -9999 -9999 -9999 -9999 -9999 -9999 -9999 -9999 -9999 -9999 -9999 -9999 -9999 -9999 -9999 -9999 -9999 -9999 -9999 -9999 -9999 -9999 -9999 -9999 77.59830 77.24010 76.91160 73.34570 71.55690 70.75980 70.77810 71.57410 71.70390 73.03640 72.17640 73.78040 74.26780 74.17290 74.28980 73.95220 74.60300 75.87650 75.77700 77.43730 76.81170 75.35000 74.32950 74.29370 74.63650 74.39620 74.19380 73.85200 74.80990 74.77780 74.93560 76.54950 77.78200 79.94010 81.42460 79.76220 -9999
-9999 -9999 -9999 -9999 -9999 -9999 -9999 -9999 -9999 -9999 -9999 -9999 -9999 -9999 -9999 -9999 -9999 -9999 -9999 -9999 -9999 -9999 -9999 -9999 -9999 -9999 -9999 -9999 -9999 -9999 -9999 -9999 -9999 -9999 -9999 -9999 -9999 -9999 72.61710 73.11920 73.00540 74.44230 74.18220 74.99620 75.05080 75.61020 76.49090 76.86450 77.48200 77.00060 77.76050 78.73130 78.84780 80.91030 79.74810 77.75350 76.89380 75.87840 76.39320 76.15300 76.15430 75.39580 77.02850 77.84190 79.60250 80.00510 80.60130 81.72940 80.47980 -9999 -9999
