data/hydroclimate-scenarios/1948-2000.Pcorr55N_Pref_Tref/monthly_summaries/isr_monthly_avg_jan.1950-2000.asc
ncols	311
nrows	91
xllcenter	102.75
yllcenter	31.75
cellsize	0.5
NODATA_value	-9999
[rows 0 to 31 of 91, columns 213 to 283 of 311]
-9999 -9999 -9999 -9999 -9999 -9999 -9999 -9999 -9999 -9999 -9999 -9999 -9999 -9999 -9999 -9999 -9999 -9999 -9999 -9999 -9999 -9999 -9999 -9999 -9999 -9999 -9999 -9999 -9999 -9999 -9999 -9999 -9999 -9999 -9999 -9999 -9999 -9999 -9999 -9999 -9999 -9999 -9999 -9999 -9999 -9999 -9999 -9999 -9999 -9999 -9999 -9999 -9999 -9999 -9999 -9999 -9999 -9999 -9999 -9999 -9999 -9999 -9999 -9999 -9999 -9999 -9999 -9999 -9999 -9999 -9999
-9999 -9999 -9999 -9999 -9999 -9999 -9999 -9999 -9999 -9999 -9999 -9999 -9999 -9999 -9999 -9999 -9999 -9999 -9999 -9999 -9999 -9999 -9999 -9999 -9999 -9999 -9999 -9999 -9999 -9999 -9999 -9999 -9999 -9999 -9999 -9999 -9999 -9999 -9999 -9999 -9999 -9999 -9999 -9999 -9999 -9999 -9999 -9999 -9999 -9999 -9999 -9999 -9999 -9999 -9999 -9999 -9999 -9999 -9999 -9999 -9999 -9999 -9999 -9999 -9999 -9999 -9999 -9999 -9999 -9999 -9999
-9999 -9999 -9999 -9999 -9999 -9999 -9999 -9999 -9999 -9999 -9999 -9999 -9999 -9999 -9999 -9999 -9999 -9999 -9999 -9999 -9999 -9999 -9999 -9999 -9999 -9999 -9999 -9999 -9999 -9999 -9999 -9999 -9999 -9999 -9999 -9999 -9999 -9999 -9999 -9999 -9999 -9999 -9999 -9999 -9999 -9999 -9999 -9999 -9999 -9999 -9999 -9999 -9999 -9999 -9999 -9999 -9999 -9999 -9999 -9999 -9999 -9999 -9999 -9999 -9999 -9999 -9999 -9999 -9999 -9999 -9999
-9999 -9999 -9999 -9999 -9999 -9999 -9999 -9999 -9999 -9999 -9999 -9999 -9999 -9999 -9999 -9999 -9999 -9999 -9999 -9999 -9999 -9999 -9999 -9999 -9999 -9999 -9999 -9999 -9999 -9999 -9999 -9999 -9999 -9999 -9999 -9999 -9999 -9999 -9999 -9999 -9999 -9999 -9999 -9999 -9999 -9999 -9999 -9999 -9999 -9999 -9999 -9999 -9999 -9999 -9999 -9999 -9999 -9999 -9999 -9999 -9999 -9999 -9999 -9999 -9999 -9999 -9999 -9999 -9999 -9999 -9999
-9999 -9999 -9999 -9999 -9999 -9999 -9999 -9999 -9999 -9999 -9999 -9999 -9999 -9999 -9999 -9999 -9999 -9999 -9999 -9999 -9999 -9999 -9999 -9999 -9999 -9999 -9999 -9999 -9999 -9999 -9999 -9999 -9999 -9999 -9999 -9999 -9999 -9999 -9999 -9999 -9999 -9999 -9999 -9999 -9999 -9999 -9999 -9999 -9999 -9999 -9999 -9999 -9999 -9999 -9999 -9999 -9999 -9999 -9999 -9999 -9999 -9999 -9999 -9999 -9999 -9999 -9999 -9999 -9999 -9999 -9999
-9999 -9999 -9999 -9999 -9999 -9999 -9999 -9999 -9999 -9999 -9999 -9999 -9999 -9999 -9999 -9999 -9999 -9999 -9999 -9999 -9999 -9999 -9999 -9999 -9999 -9999 -9999 -9999 -9999 -9999 -9999 -9999 -9999 -9999 -9999 -9999 -9999 -9999 -9999 -9999 -9999 -9999 -9999 -9999 -9999 -9999 -9999 -9999 -9999 -9999 -9999 -9999 -9999 -9999 -9999 -9999 -9999 -9999 -9999 -9999 -9999 -9999 -9999 -9999 -9999 -9999 -9999 -9999 -9999 -9999 -9999
-9999 -9999 -9999 -9999 -9999 -9999 -9999 -9999 -9999 -9999 -9999 -9999 -9999 -9999 -9999 -9999 -9999 -9999 -9999 -9999 -9999 -9999 -9999 -9999 -9999 -9999 -9999 -9999 -9999 -9999 -9999 -9999 -9999 -9999 -9999 -9999 -9999 -9999 -9999 -9999 -9999 -9999 -9999 -9999 -9999 -9999 -9999 -9999 -9999 -9999 -9999 -9999 -9999 -9999 -9999 -9999 -9999 -9999 -9999 -9999 -9999 -9999 -9999 -9999 -9999 -9999 -9999 -9999 -9999 -9999 -9999
-9999 -9999 -9999 -9999 -9999 -9999 -9999 -9999 -9999 -9999 -9999 -9999 -9999 -9999 -9999 -9999 -9999 -9999 -9999 -9999 -9999 -9999 -9999 -9999 -9999 -9999 -9999 -9999 -9999 -9999 -9999 -9999 -9999 -9999 -9999 -9999 -9999 -9999 -9999 -9999 -9999 -9999 -9999 -9999 -9999 -9999 -9999 -9999 -9999 -9999 -9999 -9999 -9999 -9999 -9999 -9999 -9999 -9999 -9999 -9999 -9999 -9999 -9999 -9999 -9999 -9999 -9999 -9999 -9999 -9999 -9999
-9999 -9999 -9999 -9999 -9999 -9999 -9999 -9999 -9999 -9999 -9999 -9999 -9999 -9999 -9999 -9999 -9999 -9999 -9999 -9999 -9999 -9999 -9999 -9999 -9999 -9999 -9999 -9999 -9999 -9999 -9999 -9999 -9999 -9999 -9999 -9999 -9999 -9999 -9999 -9999 -9999 -9999 -9999 -9999 -9999 -9999 -9999 -9999 -9999 -9999 -9999 -9999 -9999 -9999 -9999 -9999 -9999 -9999 -9999 -9999 -9999 -9999 -9999 -9999 -9999 -9999 -9999 -9999 -9999 -9999 -9999
-9999 -9999 -9999 -9999 -9999 -9999 -9999 -9999 -9999 -9999 -9999 -9999 -9999 -9999 -9999 -9999 -9999 -9999 -9999 -9999 -9999 -9999 -9999 -9999 -9999 -9999 -9999 -9999 -9999 -9999 -9999 -9999 -9999 -9999 -9999 -9999 -9999 -9999 -9999 -9999 -9999 -9999 -9999 -9999 -9999 -9999 -9999 -9999 -9999 -9999 -9999 -9999 -9999 -9999 -9999 -9999 -9999 -9999 -9999 -9999 -9999 -9999 -9999 -9999 -9999 -9999 -9999 -9999 -9999 -9999 -9999
-9999 -9999 -9999 -9999 -9999 -9999 -9999 -9999 -9999 -9999 -9999 -9999 -9999 -9999 -9999 -9999 -9999 -9999 -9999 -9999 -9999 -9999 -9999 -9999 -9999 -9999 -9999 -9999 -9999 -9999 -9999 -9999 -9999 -9999 -9999 -9999 -9999 -9999 -9999 -9999 -9999 -9999 -9999 -9999 -9999 -9999 -9999 -9999 -9999 -9999 -9999 -9999 -9999 -9999 -9999 -9999 -9999 -9999 -9999 -9999 -9999 -9999 -9999 -9999 -9999 -9999 -9999 -9999 -9999 -9999 -9999
-9999 -9999 -9999 -9999 -9999 -9999 -9999 -9999 -9999 -9999 -9999 -9999 -9999 -9999 -9999 -9999 -9999 -9999 -9999 -9999 -9999 -9999 -9999 -9999 -9999 -9999 -9999 -9999 -9999 -9999 -9999 -9999 -9999 -9999 -9999 -9999 -9999 -9999 -9999 -9999 -9999 -9999 -9999 -9999 -9999 -9999 -9999 -9999 -9999 -9999 -9999 -9999 -9999 -9999 -9999 -9999 -9999 -9999 -9999 -9999 -9999 -9999 -9999 -9999 -9999 -9999 -9999 -9999 -9999 -9999 -9999
-9999 -9999 -9999 -9999 -9999 -9999 -9999 -9999 -9999 -9999 -9999 -9999 -9999 -9999 -9999 -9999 -9999 -9999 -9999 -9999 -9999 -9999 -9999 -9999 -9999 -9999 -9999 -9999 -9999 -9999 -9999 -9999 -9999 -9999 -9999 -9999 -9999 -9999 -9999 -9999 -9999 -9999 -9999 -9999 -9999 -9999 -9999 -9999 -9999 -9999 -9999 -9999 -9999 -9999 -9999 -9999 -9999 -9999 -9999 -9999 -9999 -9999 -9999 -9999 -9999 -9999 -9999 -9999 -9999 -9999 -9999
2.81520 2.81532 2.81528 2.81521 2.81546 2.81546 -9999 -9999 -9999 -9999 -9999 -9999 -9999 -9999 -9999 -9999 -9999 -9999 -9999 -9999 -9999 -9999 -9999 -9999 -9999 -9999 -9999 -9999 -9999 -9999 -9999 -9999 -9999 -9999 -9999 -9999 -9999 -9999 -9999 -9999 -9999 -9999 -9999 -9999 -9999 -9999 -9999 2.81523 -9999 -9999 -9999 -9999 -9999 -9999 -9999 -9999 -9999 -9999 -9999 -9999 -9999 -9999 -9999 -9999 -9999 -9999 -9999 -9999 -9999 -9999 -9999
3.92355 3.92391 3.92531 3.92539 3.92519 3.92552 3.92056 3.92063 3.92105 3.92077 3.84414 3.84557 3.84422 3.91886 3.91823 3.91803 3.91786 3.91767 3.91902 -9999 -9999 -9999 -9999 -9999 -9999 -9999 -9999 -9999 -9999 -9999 -9999 -9999 -9999 -9999 -9999 -9999 -9999 -9999 -9999 -9999 -9999 -9999 3.91521 3.92147 3.91901 3.81347 0.70586 3.91934 3.92361 -9999 -9999 -9999 3.92094 -9999 -9999 -9999 3.92367 3.92593 3.92560 -9999 -9999 -9999 -9999 -9999 -9999 -9999 -9999 -9999 -9999 -9999 -9999
5.18980 5.18988 5.19427 5.19491 5.19467 5.19501 5.17142 0.05575 0.05904 0.06158 0.06337 0.07324 0.37006 0.47565 0.77350 0.17012 0.26478 0.16592 0.06213 0.06378 1.13442 1.92711 5.18787 5.19317 5.18647 -9999 -9999 -9999 -9999 -9999 5.18804 5.18841 5.18857 5.18850 5.18850 5.18780 5.18667 5.18699 5.18842 5.18820 5.18715 5.18681 5.02958 5.07163 0.92617 5.03440 1.22373 5.06692 5.18517 5.18524 5.18448 5.18270 5.18237 5.18440 5.18386 5.18480 5.19023 5.19381 5.18593 5.18860 5.19257 5.19198 5.19161 5.18965 -9999 -9999 -9999 -9999 -9999 -9999 -9999
6.62497 6.62771 6.62890 6.60832 6.59953 6.56989 0.12160 0.13337 0.25928 0.25717 0.38245 0.38298 0.13620 0.63605 0.13459 0.13489 0.12725 0.12368 0.24471 0.96613 2.07664 2.31953 6.60840 6.01599 6.56437 6.59265 6.60517 6.61057 6.61041 6.61034 6.60899 6.60917 6.60898 6.61105 6.61293 6.60934 6.60608 6.60855 6.60997 6.60769 6.60560 6.60495 6.59678 6.59767 6.59552 6.59139 6.59770 6.59931 6.59975 6.59860 6.59966 6.59782 6.59881 6.60051 6.59961 6.60699 6.60798 6.61270 6.61845 6.62155 6.61789 6.62283 6.62192 6.62216 6.61782 6.61192 6.60885 6.60889 6.60394 6.60220 6.60761
8.24489 6.16744 8.29101 0.53358 0.22875 0.68990 0.22558 0.21891 0.36465 0.20988 0.20131 0.19969 0.20815 0.20432 0.19349 0.18957 0.92469 1.69305 6.61731 7.10779 7.58168 8.14587 8.25371 8.25767 8.19784 8.21163 8.19789 8.24705 8.26605 8.26801 8.25806 8.23912 8.23630 8.23648 8.24185 8.24335 8.24473 8.24566 8.24341 8.24118 8.23766 8.23918 8.22601 8.21972 8.21527 8.21235 8.21686 8.22172 8.22500 8.22355 8.22255 8.22464 8.22681 8.23058 8.22969 8.23105 8.23844 8.23724 8.24024 8.24687 8.25577 8.26371 8.25586 8.25727 8.24817 8.24525 8.23945 8.24567 8.24661 8.24531 8.24884
10.19610 10.20790 10.07730 9.99161 9.98738 9.85300 9.80957 9.39236 9.37203 9.54319 9.52706 9.50844 8.69355 8.83561 0.46312 9.19741 9.95329 8.89716 8.38132 8.33834 10.06280 10.14960 10.17660 10.17550 10.11780 10.10800 10.16600 9.99915 9.95576 10.14010 10.19950 10.16190 10.15950 10.15690 10.16400 10.16160 10.16920 10.16570 10.15850 10.15830 10.14770 10.14520 10.13820 10.13960 10.14340 10.14210 10.15010 10.15120 10.14360 10.14240 10.13700 10.13320 10.13420 10.13070 10.12650 10.11480 10.11860 10.13210 10.15120 10.16130 10.16860 10.17510 10.15790 10.16190 10.17390 10.17910 10.17390 10.16840 10.15220 10.14740 10.15850
12.41160 12.42400 12.40110 12.33640 12.27980 12.23870 12.17630 11.96930 12.21850 12.18830 12.16920 12.13950 12.14470 12.10140 12.11270 12.10340 12.13950 12.20840 12.37640 12.38070 12.34570 12.36560 12.36650 12.40270 12.16700 12.26720 12.36950 12.36830 12.40220 12.43130 12.43010 12.39840 12.37410 12.37120 12.37370 12.35940 12.35780 12.35630 12.36530 12.37780 12.35150 12.33650 12.36000 12.36810 12.36090 12.35530 12.36650 12.36430 12.35720 12.34390 12.33550 12.35270 12.34150 12.33140 12.31770 12.30890 12.32510 12.33250 12.34020 12.34110 12.35110 12.35130 12.35280 12.36650 12.38690 12.39050 12.39300 12.40050 12.39980 12.38890 12.39680
14.90250 14.97450 14.98060 14.94310 14.89260 14.79840 14.73800 14.70380 14.54190 14.49220 14.50830 14.50810 14.50400 14.52170 14.54950 14.63520 14.72130 14.73710 14.90230 14.79540 13.67100 13.67450 14.39160 14.13820 14.29970 14.72970 14.84560 14.91080 14.94880 15.00810 14.98870 14.94270 14.90450 14.89460 14.87710 14.84880 14.85460 14.86380 14.88540 14.88890 14.87550 14.85110 14.86500 14.86340 14.86410 14.85420 14.85460 14.86210 14.86860 14.86860 14.86760 14.85790 14.85750 14.85040 14.83720 14.82360 14.83450 14.81930 14.82600 14.81410 14.82550 14.82530 14.83010 14.85680 14.87100 14.88930 14.90800 14.92710 14.92700 14.92490 14.92010
16.87120 16.86400 16.77660 16.49930 16.37350 16.40140 16.37500 16.39580 16.32490 16.30580 16.30840 16.32960 16.37360 16.40930 16.43990 16.43190 16.49780 16.51760 16.83710 16.84800 14.90500 2.10400 1.54849 14.32890 15.80670 16.68590 16.89230 16.93570 16.88390 16.93510 16.96050 16.94680 16.89340 16.85690 16.81500 16.79010 16.78440 16.76920 16.79950 16.79770 16.77840 16.74840 16.74750 16.73130 16.72840 16.74190 16.76470 16.76370 16.76990 16.77540 16.77150 16.76150 16.73270 16.72690 16.70410 16.67500 16.66090 16.69850 16.71830 16.71550 16.70650 16.71910 16.70500 16.73430 16.73750 16.71420 16.75750 16.79030 16.83780 16.85780 16.87020
18.58780 18.38000 18.25930 18.28600 18.23850 18.36640 18.53410 18.52390 18.40170 18.45950 17.64510 17.55170 17.79590 17.77950 18.13790 18.15200 18.16920 18.06460 18.43140 18.53700 15.91360 3.16906 2.56257 15.32570 15.98510 17.59590 18.15970 18.33050 18.60120 18.65550 18.62140 18.58400 18.58870 18.61390 18.56160 18.57040 18.56270 18.56010 18.58160 18.56180 18.52530 18.47910 18.39720 18.36710 18.38620 18.42990 18.47170 18.51040 18.53100 18.52620 18.52000 18.51790 18.46460 18.44020 18.40210 18.43080 18.39400 18.39020 18.34630 18.31500 18.37620 18.34090 18.36500 18.40610 18.40930 18.44110 18.46960 18.49530 18.54510 18.57110 18.60580
19.70360 19.69940 19.91690 19.64320 19.25670 19.71270 19.93430 19.96220 19.86150 18.37820 18.62190 18.02140 4.45360 15.90730 16.82280 17.09430 19.62030 19.63740 20.03070 20.18760 17.97990 3.71675 16.31210 16.82950 17.50670 17.54810 18.59950 18.83640 19.57250 20.16880 20.30310 20.30960 20.34230 20.28440 20.38290 20.18530 19.92360 20.24750 20.43840 20.31540 20.33770 20.32760 20.24930 20.19010 20.20200 20.16370 20.10100 20.04700 20.09290 20.11380 20.07640 20.01470 20.05780 20.03870 19.97040 20.00530 19.94440 19.87070 19.87550 19.99550 20.05720 19.94460 19.94230 20.00310 19.98400 20.03260 20.00490 20.05700 20.10680 20.14260 20.15210
20.66600 20.63520 20.85520 20.73630 20.65220 20.72450 20.67590 20.78710 21.10950 21.16520 19.54910 18.74370 5.14715 4.83905 3.63796 6.22696 2.50790 4.25203 4.53834 21.85020 21.94710 4.01911 3.20309 2.69727 3.29916 18.18190 3.89083 18.60810 19.03150 19.57590 19.00920 19.08200 19.49280 19.44250 18.93320 19.45760 19.62080 19.54570 20.94500 21.59960 21.97170 22.02870 22.01650 21.94980 21.97280 21.99300 22.10200 21.90840 21.74520 21.63860 21.59690 21.49670 21.51180 21.61460 21.59300 21.51140 21.47980 21.46050 21.35440 21.39480 21.51380 21.63670 21.67540 21.66140 21.57350 21.43350 21.52350 21.59310 21.59480 21.61210 21.62400
21.65750 21.74210 21.99620 22.02400 22.21900 22.21830 22.32140 21.95180 21.75750 21.81970 21.52970 21.74160 20.76120 19.97460 8.01364 7.06310 5.29962 5.01493 19.07590 20.73650 20.99700 22.86150 18.70610 20.58480 19.35700 18.93420 19.02990 19.43150 20.07430 22.11260 21.96160 22.43540 20.99150 21.37880 20.14700 20.58890 21.80090 21.69510 23.03540 23.63590 23.58320 23.77030 23.62070 23.62420 23.54630 23.55810 23.76990 23.66770 23.55430 23.39620 23.30300 23.18750 23.03510 23.27250 23.36530 23.16590 23.09370 23.04950 22.95750 22.98960 23.04660 23.20280 23.17820 23.11110 23.13890 23.17450 23.11130 23.06160 23.11800 23.10400 23.14790
24.39020 24.54380 24.68570 24.74390 24.63380 25.30460 25.68070 25.77800 24.38160 24.91950 24.84870 24.99110 24.24720 23.47280 23.05810 23.19970 23.06290 23.20480 23.04310 20.62320 23.49490 22.05800 22.84580 23.89590 23.60120 24.15810 24.79230 24.90580 24.97030 25.15030 25.15070 24.69510 24.18920 24.21710 24.06250 24.38930 23.26610 24.20420 24.80270 25.27240 25.26550 25.26440 25.31910 25.34830 25.33890 25.22050 25.48350 25.56920 25.39810 25.14740 24.89680 24.76500 24.67200 24.55470 24.73830 24.86740 24.74900 24.66750 24.53560 24.52820 24.47880 24.60340 24.72220 24.74150 24.78660 24.71190 24.68070 24.64880 24.63000 24.70390 24.68000
27.38560 27.25750 27.05290 26.82730 26.93820 26.85610 26.91840 27.10430 27.24660 27.33270 26.98870 27.70010 27.52450 27.04090 26.72700 25.47900 23.90770 23.83710 26.80730 26.79230 26.82030 26.78660 26.35770 26.80630 25.17390 25.72710 26.17310 26.77850 26.44140 26.55820 26.51920 24.96680 23.62000 24.52200 23.05060 23.91110 25.07400 25.88210 26.30260 26.74700 26.73070 26.94670 27.00890 26.90040 26.93780 26.93880 27.40120 27.41030 27.16030 26.95670 26.72300 26.58950 26.51770 26.36300 26.20740 26.42790 26.35870 26.26470 26.03750 26.14050 26.07650 26.14480 26.18480 26.03550 26.16250 26.24650 26.27300 26.30250 26.16390 26.14750 25.97730
28.60400 28.08940 28.13700 28.33570 28.26040 28.38690 28.46330 27.51060 27.62480 27.79370 27.48090 27.28720 26.50710 27.19810 27.53650 28.07720 27.44190 24.84840 28.23510 28.39230 28.58450 28.71150 28.43720 27.89950 23.17180 22.10650 26.87790 27.52860 26.97320 27.59950 27.50510 25.92730 24.89180 22.91420 23.06090 25.10030 26.86000 27.25260 28.01820 28.29950 28.16480 28.35040 28.50500 28.44560 28.74270 28.73020 29.19200 29.30960 29.08750 29.17980 28.64490 28.47740 28.30870 27.99350 28.09330 27.62730 27.85760 27.80030 27.36980 27.30790 27.41020 27.43850 27.52120 27.61040 27.71110 27.86010 27.93580 27.98480 27.84930 27.51770 27.36250
28.95730 28.42080 29.52130 30.42950 30.93080 30.85750 30.52040 29.43750 28.28050 28.30880 27.64420 27.35850 29.58240 31.12920 31.13670 30.98690 30.84410 30.25260 30.59960 30.59950 30.32360 30.41040 30.02740 30.13280 29.71040 27.53560 27.50050 26.40830 27.86570 28.34300 27.68100 25.81520 25.81630 23.63530 24.86860 26.24630 28.82730 29.23410 29.84940 29.95540 29.84380 29.93940 30.08980 30.28910 30.35760 30.47230 30.69690 30.85670 31.09990 31.06790 30.49430 30.33950 30.21190 29.88860 29.81170 29.05450 29.17640 29.30720 28.82820 29.00470 29.46660 29.90800 29.95810 29.97250 29.93930 29.66790 29.30880 29.33960 29.36570 29.25170 28.88970
30.41890 29.74930 29.80790 31.09380 31.93740 32.17280 32.43790 32.52380 32.09110 31.75860 31.73580 30.63210 31.47880 32.33660 33.24310 33.65720 33.58700 33.39390 33.32760 33.08270 32.80140 32.86740 32.62770 32.77930 32.32040 31.31440 32.29830 32.50820 31.46150 30.63130 28.18210 26.41620 26.38670 26.21380 27.43740 29.42320 30.67660 31.50750 31.57740 31.90870 32.08270 32.34100 32.03650 32.36870 32.45960 32.30760 32.80540 32.57350 32.48170 32.29280 32.05070 32.20600 32.57040 31.98540 31.33610 31.28440 30.98250 30.99380 30.06890 30.11770 30.28520 30.60940 30.77390 30.85980 30.90150 30.83090 30.51220 30.64850 30.73340 30.80750 30.69430
29.20950 -9999 29.47410 32.33630 33.65950 34.20920 -9999 34.46890 33.65310 33.57950 34.15010 34.09080 34.08560 34.00330 34.00260 33.94920 33.64710 34.61060 35.73130 36.27110 36.43130 36.44360 35.47510 35.10510 34.95270 35.11370 35.21170 34.84200 34.74900 34.28320 33.25730 30.70200 28.40770 29.03330 31.02120 32.27210 33.50390 33.77720 34.06830 34.19410 34.34530 34.31620 33.94390 33.73270 34.25040 34.07890 34.56530 34.34560 34.17030 33.95790 33.79990 33.70140 33.97370 33.72580 32.80260 32.54940 31.73880 31.73400 31.78830 31.87220 31.79520 31.52210 31.54820 31.63520 31.97550 32.12780 31.95110 31.85020 31.86160 31.91580 31.86240
