data/hydroclimate-scenarios/1948-2000.Pcorr55N_Pref_Tref/monthly_summaries/isr_monthly_avg_mar.asc
ncols	311
nrows	91
xllcenter	102.75
yllcenter	31.75
cellsize	0.5
NODATA_value	-9999
[rows 0 to 30 of 91, columns 210 to 279 of 311]
-9999 -9999 -9999 -9999 -9999 -9999 -9999 -9999 -9999 -9999 -9999 -9999 -9999 -9999 -9999 -9999 -9999 -9999 -9999 -9999 -9999 -9999 -9999 -9999 -9999 -9999 -9999 -9999 -9999 -9999 -9999 -9999 -9999 -9999 -9999 -9999 -9999 -9999 -9999 -9999 -9999 -9999 -9999 -9999 -9999 -9999 -9999 -9999 -9999 -9999 -9999 -9999 -9999 -9999 -9999 -9999 -9999 -9999 -9999 -9999 -9999 -9999 -9999 -9999 -9999 -9999 -9999 -9999 -9999 -9999
-9999 -9999 -9999 -9999 -9999 -9999 -9999 -9999 -9999 -9999 -9999 -9999 -9999 -9999 -9999 -9999 -9999 -9999 -9999 -9999 -9999 -9999 -9999 -9999 -9999 -9999 -9999 -9999 -9999 -9999 -9999 -9999 -9999 -9999 -9999 -9999 -9999 -9999 -9999 -9999 -9999 -9999 -9999 -9999 -9999 -9999 -9999 -9999 -9999 -9999 -9999 -9999 -9999 -9999 -9999 -9999 -9999 -9999 -9999 -9999 -9999 -9999 -9999 -9999 -9999 -9999 -9999 -9999 -9999 -9999
-9999 -9999 -9999 -9999 -9999 -9999 -9999 -9999 -9999 -9999 -9999 -9999 -9999 -9999 -9999 -9999 -9999 -9999 -9999 -9999 -9999 -9999 -9999 -9999 -9999 -9999 -9999 -9999 -9999 -9999 -9999 -9999 -9999 -9999 -9999 -9999 -9999 -9999 -9999 -9999 -9999 -9999 -9999 -9999 -9999 -9999 -9999 -9999 -9999 -9999 -9999 -9999 -9999 -9999 -9999 -9999 -9999 -9999 -9999 -9999 -9999 -9999 -9999 -9999 -9999 -9999 -9999 -9999 -9999 -9999
-9999 -9999 -9999 -9999 -9999 -9999 -9999 -9999 -9999 -9999 -9999 -9999 -9999 -9999 -9999 -9999 -9999 -9999 -9999 -9999 -9999 -9999 -9999 -9999 -9999 -9999 -9999 -9999 -9999 -9999 -9999 -9999 -9999 -9999 -9999 -9999 -9999 -9999 -9999 -9999 -9999 -9999 -9999 -9999 -9999 -9999 -9999 -9999 -9999 -9999 -9999 -9999 -9999 -9999 -9999 -9999 -9999 -9999 -9999 -9999 -9999 -9999 -9999 -9999 -9999 -9999 -9999 -9999 -9999 -9999
-9999 -9999 -9999 -9999 -9999 -9999 -9999 -9999 -9999 -9999 -9999 -9999 -9999 -9999 -9999 -9999 -9999 -9999 -9999 -9999 -9999 -9999 -9999 -9999 -9999 -9999 -9999 -9999 -9999 -9999 -9999 -9999 -9999 -9999 -9999 -9999 -9999 -9999 -9999 -9999 -9999 -9999 -9999 -9999 -9999 -9999 -9999 -9999 -9999 -9999 -9999 -9999 -9999 -9999 -9999 -9999 -9999 -9999 -9999 -9999 -9999 -9999 -9999 -9999 -9999 -9999 -9999 -9999 -9999 -9999
-9999 -9999 -9999 -9999 -9999 -9999 -9999 -9999 -9999 -9999 -9999 -9999 -9999 -9999 -9999 -9999 -9999 -9999 -9999 -9999 -9999 -9999 -9999 -9999 -9999 -9999 -9999 -9999 -9999 -9999 -9999 -9999 -9999 -9999 -9999 -9999 -9999 -9999 -9999 -9999 -9999 -9999 -9999 -9999 -9999 -9999 -9999 -9999 -9999 -9999 -9999 -9999 -9999 -9999 -9999 -9999 -9999 -9999 -9999 -9999 -9999 -9999 -9999 -9999 -9999 -9999 -9999 -9999 -9999 -9999
-9999 -9999 -9999 -9999 -9999 -9999 -9999 -9999 -9999 -9999 -9999 -9999 -9999 -9999 -9999 -9999 -9999 -9999 -9999 -9999 -9999 -9999 -9999 -9999 -9999 -9999 -9999 -9999 -9999 -9999 -9999 -9999 -9999 -9999 -9999 -9999 -9999 -9999 -9999 -9999 -9999 -9999 -9999 -9999 -9999 -9999 -9999 -9999 -9999 -9999 -9999 -9999 -9999 -9999 -9999 -9999 -9999 -9999 -9999 -9999 -9999 -9999 -9999 -9999 -9999 -9999 -9999 -9999 -9999 -9999
-9999 -9999 -9999 -9999 -9999 -9999 -9999 -9999 -9999 -9999 -9999 -9999 -9999 -9999 -9999 -9999 -9999 -9999 -9999 -9999 -9999 -9999 -9999 -9999 -9999 -9999 -9999 -9999 -9999 -9999 -9999 -9999 -9999 -9999 -9999 -9999 -9999 -9999 -9999 -9999 -9999 -9999 -9999 -9999 -9999 -9999 -9999 -9999 -9999 -9999 -9999 -9999 -9999 -9999 -9999 -9999 -9999 -9999 -9999 -9999 -9999 -9999 -9999 -9999 -9999 -9999 -9999 -9999 -9999 -9999
-9999 -9999 -9999 -9999 -9999 -9999 -9999 -9999 -9999 -9999 -9999 -9999 -9999 -9999 -9999 -9999 -9999 -9999 -9999 -9999 -9999 -9999 -9999 -9999 -9999 -9999 -9999 -9999 -9999 -9999 -9999 -9999 -9999 -9999 -9999 -9999 -9999 -9999 -9999 -9999 -9999 -9999 -9999 -9999 -9999 -9999 -9999 -9999 -9999 -9999 -9999 -9999 -9999 -9999 -9999 -9999 -9999 -9999 -9999 -9999 -9999 -9999 -9999 -9999 -9999 -9999 -9999 -9999 -9999 -9999
-9999 -9999 -9999 -9999 -9999 -9999 -9999 -9999 -9999 -9999 -9999 -9999 -9999 -9999 -9999 -9999 -9999 -9999 -9999 -9999 -9999 -9999 -9999 -9999 -9999 -9999 -9999 -9999 -9999 -9999 -9999 -9999 -9999 -9999 -9999 -9999 -9999 -9999 -9999 -9999 -9999 -9999 -9999 -9999 -9999 -9999 -9999 -9999 -9999 -9999 -9999 -9999 -9999 -9999 -9999 -9999 -9999 -9999 -9999 -9999 -9999 -9999 -9999 -9999 -9999 -9999 -9999 -9999 -9999 -9999
-9999 -9999 -9999 -9999 -9999 -9999 -9999 -9999 -9999 -9999 -9999 -9999 -9999 -9999 -9999 -9999 -9999 -9999 -9999 -9999 -9999 -9999 -9999 -9999 -9999 -9999 -9999 -9999 -9999 -9999 -9999 -9999 -9999 -9999 -9999 -9999 -9999 -9999 -9999 -9999 -9999 -9999 -9999 -9999 -9999 -9999 -9999 -9999 -9999 -9999 -9999 -9999 -9999 -9999 -9999 -9999 -9999 -9999 -9999 -9999 -9999 -9999 -9999 -9999 -9999 -9999 -9999 -9999 -9999 -9999
-9999 -9999 -9999 -9999 -9999 -9999 -9999 -9999 -9999 -9999 -9999 -9999 -9999 -9999 -9999 -9999 -9999 -9999 -9999 -9999 -9999 -9999 -9999 -9999 -9999 -9999 -9999 -9999 -9999 -9999 -9999 -9999 -9999 -9999 -9999 -9999 -9999 -9999 -9999 -9999 -9999 -9999 -9999 -9999 -9999 -9999 -9999 -9999 -9999 -9999 -9999 -9999 -9999 -9999 -9999 -9999 -9999 -9999 -9999 -9999 -9999 -9999 -9999 -9999 -9999 -9999 -9999 -9999 -9999 -9999
-9999 -9999 -9999 -9999 -9999 -9999 -9999 -9999 -9999 -9999 -9999 -9999 -9999 -9999 -9999 -9999 -9999 -9999 -9999 -9999 -9999 -9999 -9999 -9999 -9999 -9999 -9999 -9999 -9999 -9999 -9999 -9999 -9999 -9999 -9999 -9999 -9999 -9999 -9999 -9999 -9999 -9999 -9999 -9999 -9999 -9999 -9999 -9999 -9999 -9999 -9999 -9999 -9999 -9999 -9999 -9999 -9999 -9999 -9999 -9999 -9999 -9999 -9999 -9999 -9999 -9999 -9999 -9999 -9999 -9999
79.96910 79.99350 80.28690 79.57670 79.99010 80.64800 80.45050 78.88480 78.91580 -9999 -9999 -9999 -9999 -9999 -9999 -9999 -9999 -9999 -9999 -9999 -9999 -9999 -9999 -9999 -9999 -9999 -9999 -9999 -9999 -9999 -9999 -9999 -9999 -9999 -9999 -9999 -9999 -9999 -9999 -9999 -9999 -9999 -9999 -9999 -9999 -9999 -9999 -9999 -9999 -9999 72.95750 -9999 -9999 -9999 -9999 -9999 -9999 -9999 -9999 -9999 -9999 -9999 -9999 -9999 -9999 -9999 -9999 -9999 -9999 -9999
83.88760 84.22530 83.58460 83.40730 83.52720 81.24170 81.17800 81.15370 81.23570 80.03020 79.50830 79.22770 79.21220 78.79740 79.05250 79.28610 84.06700 82.55460 81.97710 80.32030 77.96260 95.81950 -9999 -9999 -9999 -9999 -9999 -9999 -9999 -9999 -9999 -9999 -9999 -9999 -9999 -9999 -9999 -9999 -9999 -9999 -9999 -9999 -9999 -9999 -9999 71.31480 72.35420 71.20070 70.10440 71.17240 73.15640 76.84790 -9999 -9999 -9999 73.59530 -9999 -9999 -9999 75.23090 77.60800 77.35090 -9999 -9999 -9999 -9999 -9999 -9999 -9999 -9999
88.82100 88.48040 88.04590 87.02570 86.71710 84.94290 85.18290 84.92390 85.13200 79.04740 73.45060 73.21400 73.77090 74.95890 76.50510 76.93640 77.75250 71.17040 76.10090 73.96770 73.16340 70.83690 70.88620 70.93440 73.89800 79.67390 83.67350 78.77290 -9999 -9999 -9999 -9999 -9999 83.26540 83.40120 84.74220 85.16420 83.96330 81.96540 80.37300 80.64460 80.54140 80.37770 80.18730 80.54120 74.89080 75.24140 73.73140 73.79930 75.57540 76.43190 81.93110 81.88610 81.39530 79.86310 79.33960 80.27560 80.79330 79.98060 82.62680 82.90930 80.16470 80.62680 81.45700 81.49250 82.16650 81.32440 -9999 -9999 -9999
91.20160 91.23350 90.77830 89.44410 89.71160 89.11100 85.52500 86.48760 85.20010 75.90130 77.14480 77.43150 77.14490 72.34670 79.49370 79.21590 80.14160 78.83320 78.26590 77.41680 76.65230 75.49270 75.52910 73.84580 75.82390 83.13300 77.73330 80.23240 82.10480 83.84170 85.83720 88.81320 88.37240 88.03410 88.30680 88.18590 89.86960 90.20120 88.09200 85.90870 86.09790 86.94880 86.29710 85.58480 85.74630 85.37680 85.49620 85.55670 85.15110 85.75760 85.54510 85.35290 85.04900 84.47000 83.90670 84.27370 84.77430 85.17790 87.08800 87.95310 87.90470 89.99950 90.45260 88.87900 90.41200 88.41610 87.90440 86.30440 85.01030 84.95040
98.27410 95.32660 96.45140 92.13950 89.47930 93.82530 87.63780 88.45080 83.42080 80.21390 79.61220 79.33710 78.45270 80.35970 79.95160 81.09430 80.29640 79.42770 78.78000 79.23170 78.88520 84.13250 83.65950 81.88350 83.42730 94.18880 95.39530 85.83190 87.21080 87.91880 91.61390 95.08620 96.09850 97.01660 92.74860 92.73920 94.09600 96.26430 96.83190 95.82030 95.05100 94.42370 93.37110 91.68620 91.69670 90.43200 89.64230 89.29390 89.04490 89.16090 89.40670 89.82820 89.31560 88.84560 89.02690 89.27980 90.14910 90.24420 91.74160 93.29890 91.91120 92.77630 93.36220 94.63420 96.23460 92.50760 92.78320 90.63030 90.20800 89.92060
96.84230 96.72460 99.65150 95.89370 96.43810 94.13450 93.24460 94.51340 92.23900 90.49700 88.78260 86.12210 85.41420 86.48220 88.36920 86.81190 85.68470 81.04160 85.81630 88.73350 85.57900 86.97890 86.28340 87.96990 92.47780 94.83930 95.69870 89.31050 89.63420 95.09410 93.34280 93.89060 97.03600 103.97100 98.95400 98.34870 98.30750 99.51170 100.27300 101.13500 99.37090 98.62900 97.74110 96.40820 95.50250 94.12610 94.32860 94.91750 94.73910 96.01930 96.36210 95.00980 94.46710 94.43080 93.12320 93.44740 93.17710 94.78000 94.22490 94.22350 95.23180 97.57190 97.91510 96.26080 96.58770 94.82670 95.20200 95.94980 97.22760 97.87540
103.04200 99.66180 100.75900 100.55500 103.05400 101.47200 98.60610 97.94100 97.10270 94.73830 93.34650 92.71720 91.92680 91.69130 91.09780 92.42670 91.57810 92.38220 92.46710 92.71470 93.48430 106.96400 106.42100 95.78340 98.19640 93.49880 95.76650 91.52630 92.91050 98.88060 100.24400 103.84000 104.06600 110.88300 109.18700 105.36400 104.21700 102.87700 101.51400 101.81500 100.93300 101.76500 102.60600 100.28900 99.04840 100.13800 101.31600 100.94100 100.37500 101.76700 101.58000 99.97240 98.53610 98.38020 99.60560 98.23490 97.66140 98.59530 98.74460 99.70480 100.28800 100.88700 99.94340 98.07960 97.79980 98.34890 99.64570 101.06900 101.97900 102.41900
103.39200 101.08700 101.62100 103.85400 111.12500 112.11800 107.47200 102.06700 99.38230 97.45510 96.80280 96.60870 95.77510 95.78430 96.00790 95.23480 95.25580 94.59290 95.43290 96.98380 96.78000 103.99900 99.50640 92.53310 92.85290 94.18920 93.44550 94.79190 97.52020 102.89800 105.08600 107.86600 110.62000 109.85200 111.36200 109.75100 107.96700 105.53600 103.72000 104.11400 104.51100 104.98100 104.65300 104.05700 102.27900 103.29300 103.04800 102.98300 102.65900 102.74000 103.44900 103.70500 103.22600 104.04100 102.95000 102.56800 102.54200 102.60400 102.73100 104.65200 102.68700 102.09200 101.33300 100.43800 100.05400 100.46700 101.23700 102.28000 103.21900 104.10800
104.25700 103.20900 106.09000 110.58900 109.19300 106.50100 101.22700 99.42240 99.40410 98.36920 98.39980 99.87640 99.92700 99.62540 99.87900 99.46950 99.96870 100.27800 98.80490 99.43290 99.32300 111.48400 108.67000 95.90720 96.04620 93.76240 94.34320 97.67900 102.66600 110.29800 112.42600 111.07500 113.43400 112.89500 116.26700 115.61300 113.08300 110.67100 109.24500 109.10600 107.81800 108.52300 108.24800 107.29800 105.67500 105.75700 105.32400 105.02300 105.67900 107.01600 107.13400 107.40800 107.41100 108.05600 107.21800 105.64300 105.07300 104.74300 104.17400 104.97100 105.95900 105.80400 105.60300 103.62200 103.58900 103.63500 104.35000 104.30800 103.15600 104.15700
113.86800 117.87700 117.58000 113.85400 107.33700 104.91200 105.25800 105.21200 106.72400 112.13800 111.59300 109.49600 110.20300 99.90720 101.98100 105.34200 104.31100 108.23100 108.84700 107.97700 106.28900 108.08100 110.51200 99.39470 100.50900 98.57050 100.08400 101.82000 105.87900 108.43800 109.76400 111.44400 113.93200 116.70400 115.93700 115.71000 116.72300 115.21600 115.52700 116.91800 115.91100 117.68200 116.46100 116.94200 114.77300 112.35200 111.16700 110.08100 112.93800 113.95000 116.71400 117.84400 116.86400 114.79600 113.89300 112.11600 110.84800 108.50400 109.69900 110.69500 110.61100 108.89300 107.77100 107.46100 106.20400 107.93200 108.45800 108.19100 108.56700 109.13200
109.83000 112.03000 111.91600 108.49700 108.69200 110.23800 107.67300 105.25300 108.08000 112.18000 112.23600 111.43500 107.17200 102.06500 105.14200 92.84170 105.35100 105.54500 105.85300 111.24100 110.54600 112.91000 115.45800 103.57300 103.83700 103.28600 103.84300 106.26500 107.21700 110.79500 110.94500 112.57500 115.45900 119.78700 120.98000 121.13800 119.74900 121.82600 118.37300 118.62400 121.28800 125.17600 121.75800 124.42700 126.33600 129.21899 128.51801 128.47501 127.33000 124.68000 121.67700 123.55100 122.36900 118.53300 114.53600 116.88300 115.23000 112.26700 113.53900 114.18700 111.91400 111.99700 114.19800 113.58200 110.29200 111.48800 112.67300 111.99100 112.82600 112.01800
110.83100 110.29400 110.65100 111.15200 110.86400 108.18900 107.89900 109.96400 110.46200 108.33900 108.59400 112.96400 112.72700 107.05900 105.53900 96.64320 96.47610 95.53840 97.39450 95.49380 96.51920 108.42700 123.03900 125.83800 108.16400 109.41000 110.38400 110.05700 110.89700 110.54700 110.98800 112.12300 113.53200 114.83600 115.88300 113.54200 114.70600 115.19300 116.92600 117.84000 117.36300 121.48700 122.97300 134.25700 137.06599 137.92500 137.09000 136.67900 137.10300 136.82700 133.03700 128.79900 124.03000 121.40800 116.93200 117.01100 119.99700 118.37000 116.81100 116.23500 116.07100 114.41800 114.98500 115.43200 117.64400 119.04900 118.25000 115.72400 114.08700 113.32900
112.88800 114.08400 112.91400 113.04600 113.30500 110.40800 110.84100 113.97200 114.61500 113.57800 112.01300 112.85100 112.72500 112.04200 113.83400 112.02500 112.02900 112.51600 111.70000 110.36100 99.60350 112.57600 113.52200 113.51300 119.62600 110.70400 115.57800 113.81000 113.21800 114.17100 114.51700 115.68100 119.15800 120.86300 121.53300 116.40800 116.69900 117.25200 118.30000 120.81700 121.53700 125.98000 130.90900 133.70799 142.31700 141.14200 140.83299 139.77100 139.87700 139.94299 139.44501 138.03400 134.73300 132.06599 127.42100 122.03200 127.66900 129.09900 122.92400 121.80900 121.44200 119.88000 119.97900 119.77900 121.67100 121.70500 119.99600 120.41900 120.58300 118.59300
113.98000 115.74400 117.82300 122.89400 124.97100 124.11700 124.07800 123.73000 131.67700 138.89101 141.39600 130.02100 130.23000 132.47400 134.51199 125.00200 118.14300 116.81300 117.77200 117.15200 117.96200 119.61700 116.27500 122.95700 119.75800 120.87800 124.58300 121.32900 123.34900 127.26400 127.18400 128.86400 130.93500 131.38800 125.08900 123.44900 123.02900 121.49300 123.19900 122.71500 126.22000 130.11800 135.22099 138.94600 143.27400 143.93700 143.91901 143.74001 142.88100 142.81599 143.45500 142.49400 139.66499 138.20799 135.86301 130.77299 127.49000 127.61200 130.07201 126.35800 125.36200 125.25700 124.38900 123.56200 124.47500 125.34200 125.63400 124.57200 123.26900 122.35100
120.83300 128.63499 145.43100 146.65800 145.55800 141.97800 134.69501 136.07401 135.29500 136.45200 141.08200 144.72900 147.20700 143.61099 149.95399 146.13000 140.17700 134.78200 123.84800 118.76400 119.16800 136.14600 135.88800 134.42300 135.23300 130.88499 135.57600 124.62900 126.59000 129.29700 133.22501 131.34300 132.42599 132.37700 125.53200 121.74300 122.40100 120.72600 122.44800 126.30300 129.91499 132.16901 137.28600 141.34599 147.40300 146.94200 146.38800 146.23399 146.27000 147.17300 146.65500 145.76300 144.15199 144.37601 142.73801 139.92400 136.26401 129.79900 133.00800 130.67200 129.38300 128.02000 129.47200 128.51801 128.42000 127.92200 126.20200 126.67600 126.71200 126.25300
142.17101 146.82001 147.98000 145.33501 142.10201 140.41600 139.14400 135.55000 135.40300 137.77299 129.70799 129.43900 131.34100 132.49001 132.64000 126.63700 129.72600 130.17599 132.86400 129.44000 121.52400 139.20200 142.59700 145.46300 147.42999 139.08299 131.54800 123.94200 123.05300 129.20700 130.81900 128.55299 129.99699 127.91200 123.09100 124.04500 121.13400 122.12500 125.31200 129.09300 131.11301 136.62500 141.46800 143.05400 148.31500 148.63400 148.36099 148.35001 148.40300 149.66299 150.25800 148.53900 149.47800 149.11200 148.48300 144.99699 139.67900 137.50101 130.62300 133.14500 132.72701 128.80499 128.23199 128.43300 128.50900 129.80099 129.55499 129.97000 130.85201 131.09100
143.13000 137.34100 137.31900 137.23801 131.91100 141.16100 146.98900 150.61501 149.45100 139.67300 133.28999 128.59399 129.55499 129.09900 128.88000 139.07401 153.74699 153.22400 152.69800 147.45200 137.74001 143.46300 146.03700 146.93700 151.81599 148.42101 144.08099 135.88200 132.31900 131.64700 129.43800 130.68800 130.37300 126.64600 124.94000 126.13300 123.86400 125.74000 129.01300 133.99300 136.59599 142.39400 145.54401 147.79300 150.68300 151.09300 151.83701 150.80499 151.14900 151.02699 152.11700 152.61099 152.58099 152.83800 152.10300 150.37601 146.66100 142.22701 133.02400 134.23599 135.60300 131.76100 133.72099 137.57001 142.23599 143.37100 143.04401 142.16200 137.27901 133.06100
148.67599 145.16200 139.83900 134.30200 127.91300 130.88499 141.45700 147.15401 144.07100 154.52699 155.65401 155.23100 152.02600 147.25200 137.23000 142.03000 151.59399 158.31300 159.30400 157.69000 157.68700 154.58299 153.89999 153.94099 154.74500 155.65500 155.30099 142.27499 138.86900 142.47600 144.81599 138.68600 134.26100 129.65199 126.68600 125.85000 127.09900 132.48900 136.78000 138.64101 141.42400 142.81100 147.37100 149.22000 153.40900 151.81799 154.31100 154.39200 153.74500 155.21001 154.20399 154.21899 153.37601 151.49200 152.36900 154.50101 148.44800 140.46201 140.09200 136.49200 137.30901 132.68401 132.85001 134.32300 135.99400 137.26300 137.52200 136.75101 136.42599 136.24899
