data/hydroclimate-scenarios/1948-2000.Pcorr55N_Pref_Tref/monthly_summaries/isr_monthly_avg_may.asc
ncols	311
nrows	91
xllcenter	102.75
yllcenter	31.75
cellsize	0.5
NODATA_value	-9999
[rows 0 to 30 of 91, columns 210 to 279 of 311]
-9999 -9999 -9999 -9999 -9999 -9999 -9999 -9999 -9999 -9999 -9999 -9999 -9999 -9999 -9999 -9999 -9999 -9999 -9999 -9999 -9999 -9999 -9999 -9999 -9999 -9999 -9999 -9999 -9999 -9999 -9999 -9999 -9999 -9999 -9999 -9999 -9999 -9999 -9999 -9999 -9999 -9999 -9999 -9999 -9999 -9999 -9999 -9999 -9999 -9999 -9999 -9999 -9999 -9999 -9999 -9999 -9999 -9999 -9999 -9999 -9999 -9999 -9999 -9999 -9999 -9999 -9999 -9999 -9999 -9999
-9999 -9999 -9999 -9999 -9999 -9999 -9999 -9999 -9999 -9999 -9999 -9999 -9999 -9999 -9999 -9999 -9999 -9999 -9999 -9999 -9999 -9999 -9999 -9999 -9999 -9999 -9999 -9999 -9999 -9999 -9999 -9999 -9999 -9999 -9999 -9999 -9999 -9999 -9999 -9999 -9999 -9999 -9999 -9999 -9999 -9999 -9999 -9999 -9999 -9999 -9999 -9999 -9999 -9999 -9999 -9999 -9999 -9999 -9999 -9999 -9999 -9999 -9999 -9999 -9999 -9999 -9999 -9999 -9999 -9999
-9999 -9999 -9999 -9999 -9999 -9999 -9999 -9999 -9999 -9999 -9999 -9999 -9999 -9999 -9999 -9999 -9999 -9999 -9999 -9999 -9999 -9999 -9999 -9999 -9999 -9999 -9999 -9999 -9999 -9999 -9999 -9999 -9999 -9999 -9999 -9999 -9999 -9999 -9999 -9999 -9999 -9999 -9999 -9999 -9999 -9999 -9999 -9999 -9999 -9999 -9999 -9999 -9999 -9999 -9999 -9999 -9999 -9999 -9999 -9999 -9999 -9999 -9999 -9999 -9999 -9999 -9999 -9999 -9999 -9999
-9999 -9999 -9999 -9999 -9999 -9999 -9999 -9999 -9999 -9999 -9999 -9999 -9999 -9999 -9999 -9999 -9999 -9999 -9999 -9999 -9999 -9999 -9999 -9999 -9999 -9999 -9999 -9999 -9999 -9999 -9999 -9999 -9999 -9999 -9999 -9999 -9999 -9999 -9999 -9999 -9999 -9999 -9999 -9999 -9999 -9999 -9999 -9999 -9999 -9999 -9999 -9999 -9999 -9999 -9999 -9999 -9999 -9999 -9999 -9999 -9999 -9999 -9999 -9999 -9999 -9999 -9999 -9999 -9999 -9999
-9999 -9999 -9999 -9999 -9999 -9999 -9999 -9999 -9999 -9999 -9999 -9999 -9999 -9999 -9999 -9999 -9999 -9999 -9999 -9999 -9999 -9999 -9999 -9999 -9999 -9999 -9999 -9999 -9999 -9999 -9999 -9999 -9999 -9999 -9999 -9999 -9999 -9999 -9999 -9999 -9999 -9999 -9999 -9999 -9999 -9999 -9999 -9999 -9999 -9999 -9999 -9999 -9999 -9999 -9999 -9999 -9999 -9999 -9999 -9999 -9999 -9999 -9999 -9999 -9999 -9999 -9999 -9999 -9999 -9999
-9999 -9999 -9999 -9999 -9999 -9999 -9999 -9999 -9999 -9999 -9999 -9999 -9999 -9999 -9999 -9999 -9999 -9999 -9999 -9999 -9999 -9999 -9999 -9999 -9999 -9999 -9999 -9999 -9999 -9999 -9999 -9999 -9999 -9999 -9999 -9999 -9999 -9999 -9999 -9999 -9999 -9999 -9999 -9999 -9999 -9999 -9999 -9999 -9999 -9999 -9999 -9999 -9999 -9999 -9999 -9999 -9999 -9999 -9999 -9999 -9999 -9999 -9999 -9999 -9999 -9999 -9999 -9999 -9999 -9999
-9999 -9999 -9999 -9999 -9999 -9999 -9999 -9999 -9999 -9999 -9999 -9999 -9999 -9999 -9999 -9999 -9999 -9999 -9999 -9999 -9999 -9999 -9999 -9999 -9999 -9999 -9999 -9999 -9999 -9999 -9999 -9999 -9999 -9999 -9999 -9999 -9999 -9999 -9999 -9999 -9999 -9999 -9999 -9999 -9999 -9999 -9999 -9999 -9999 -9999 -9999 -9999 -9999 -9999 -9999 -9999 -9999 -9999 -9999 -9999 -9999 -9999 -9999 -9999 -9999 -9999 -9999 -9999 -9999 -9999
-9999 -9999 -9999 -9999 -9999 -9999 -9999 -9999 -9999 -9999 -9999 -9999 -9999 -9999 -9999 -9999 -9999 -9999 -9999 -9999 -9999 -9999 -9999 -9999 -9999 -9999 -9999 -9999 -9999 -9999 -9999 -9999 -9999 -9999 -9999 -9999 -9999 -9999 -9999 -9999 -9999 -9999 -9999 -9999 -9999 -9999 -9999 -9999 -9999 -9999 -9999 -9999 -9999 -9999 -9999 -9999 -9999 -9999 -9999 -9999 -9999 -9999 -9999 -9999 -9999 -9999 -9999 -9999 -9999 -9999
-9999 -9999 -9999 -9999 -9999 -9999 -9999 -9999 -9999 -9999 -9999 -9999 -9999 -9999 -9999 -9999 -9999 -9999 -9999 -9999 -9999 -9999 -9999 -9999 -9999 -9999 -9999 -9999 -9999 -9999 -9999 -9999 -9999 -9999 -9999 -9999 -9999 -9999 -9999 -9999 -9999 -9999 -9999 -9999 -9999 -9999 -9999 -9999 -9999 -9999 -9999 -9999 -9999 -9999 -9999 -9999 -9999 -9999 -9999 -9999 -9999 -9999 -9999 -9999 -9999 -9999 -9999 -9999 -9999 -9999
-9999 -9999 -9999 -9999 -9999 -9999 -9999 -9999 -9999 -9999 -9999 -9999 -9999 -9999 -9999 -9999 -9999 -9999 -9999 -9999 -9999 -9999 -9999 -9999 -9999 -9999 -9999 -9999 -9999 -9999 -9999 -9999 -9999 -9999 -9999 -9999 -9999 -9999 -9999 -9999 -9999 -9999 -9999 -9999 -9999 -9999 -9999 -9999 -9999 -9999 -9999 -9999 -9999 -9999 -9999 -9999 -9999 -9999 -9999 -9999 -9999 -9999 -9999 -9999 -9999 -9999 -9999 -9999 -9999 -9999
-9999 -9999 -9999 -9999 -9999 -9999 -9999 -9999 -9999 -9999 -9999 -9999 -9999 -9999 -9999 -9999 -9999 -9999 -9999 -9999 -9999 -9999 -9999 -9999 -9999 -9999 -9999 -9999 -9999 -9999 -9999 -9999 -9999 -9999 -9999 -9999 -9999 -9999 -9999 -9999 -9999 -9999 -9999 -9999 -9999 -9999 -9999 -9999 -9999 -9999 -9999 -9999 -9999 -9999 -9999 -9999 -9999 -9999 -9999 -9999 -9999 -9999 -9999 -9999 -9999 -9999 -9999 -9999 -9999 -9999
-9999 -9999 -9999 -9999 -9999 -9999 -9999 -9999 -9999 -9999 -9999 -9999 -9999 -9999 -9999 -9999 -9999 -9999 -9999 -9999 -9999 -9999 -9999 -9999 -9999 -9999 -9999 -9999 -9999 -9999 -9999 -9999 -9999 -9999 -9999 -9999 -9999 -9999 -9999 -9999 -9999 -9999 -9999 -9999 -9999 -9999 -9999 -9999 -9999 -9999 -9999 -9999 -9999 -9999 -9999 -9999 -9999 -9999 -9999 -9999 -9999 -9999 -9999 -9999 -9999 -9999 -9999 -9999 -9999 -9999
-9999 -9999 -9999 -9999 -9999 -9999 -9999 -9999 -9999 -9999 -9999 -9999 -9999 -9999 -9999 -9999 -9999 -9999 -9999 -9999 -9999 -9999 -9999 -9999 -9999 -9999 -9999 -9999 -9999 -9999 -9999 -9999 -9999 -9999 -9999 -9999 -9999 -9999 -9999 -9999 -9999 -9999 -9999 -9999 -9999 -9999 -9999 -9999 -9999 -9999 -9999 -9999 -9999 -9999 -9999 -9999 -9999 -9999 -9999 -9999 -9999 -9999 -9999 -9999 -9999 -9999 -9999 -9999 -9999 -9999
241.41000 240.88400 241.73900 240.34300 241.03400 241.52000 241.47000 242.03500 240.67999 -9999 -9999 -9999 -9999 -9999 -9999 -9999 -9999 -9999 -9999 -9999 -9999 -9999 -9999 -9999 -9999 -9999 -9999 -9999 -9999 -9999 -9999 -9999 -9999 -9999 -9999 -9999 -9999 -9999 -9999 -9999 -9999 -9999 -9999 -9999 -9999 -9999 -9999 -9999 -9999 -9999 222.48900 -9999 -9999 -9999 -9999 -9999 -9999 -9999 -9999 -9999 -9999 -9999 -9999 -9999 -9999 -9999 -9999 -9999 -9999 -9999
242.86099 245.44901 246.75301 247.75800 248.42000 247.57700 246.77499 247.18500 247.09599 239.47800 237.24400 235.44299 234.02200 236.80499 234.30200 231.45500 237.80901 239.83600 236.96899 227.38200 223.16299 254.71899 -9999 -9999 -9999 -9999 -9999 -9999 -9999 -9999 -9999 -9999 -9999 -9999 -9999 -9999 -9999 -9999 -9999 -9999 -9999 -9999 -9999 -9999 -9999 227.38200 232.82100 227.78900 224.25700 216.42500 220.91100 230.68900 -9999 -9999 -9999 215.83701 -9999 -9999 -9999 222.08501 225.81500 225.78999 -9999 -9999 -9999 -9999 -9999 -9999 -9999 -9999
247.72301 251.15700 250.92101 252.82600 251.95799 250.60001 250.02600 250.45000 249.86099 232.63200 224.09300 225.32600 224.86000 230.65100 227.89600 227.56000 231.49500 222.56599 221.33900 214.84900 208.18700 206.40601 206.46100 206.16299 211.45300 218.91800 227.92400 229.74100 -9999 -9999 -9999 -9999 -9999 247.02901 247.16499 248.38100 247.05000 245.65601 242.08400 244.06700 242.51700 243.85201 244.67599 242.84599 244.34700 230.18900 232.83400 227.74600 229.97701 222.43300 223.23199 236.57001 234.46500 228.40100 226.39200 224.53900 224.73900 230.91600 229.13000 229.26700 227.52200 221.51500 223.61200 224.92900 227.73599 231.50999 234.89799 -9999 -9999 -9999
255.58800 254.86301 254.54401 254.55400 253.71800 248.03300 243.20399 243.19901 239.72900 230.55000 231.54601 228.29401 227.90401 228.68500 234.15100 236.58800 233.86099 232.68700 229.34399 221.46300 216.58600 206.81700 206.84599 213.18401 217.58701 225.56400 221.48300 230.27901 235.66200 241.01199 246.80299 251.58200 251.88600 254.63800 255.21700 251.76300 253.15900 253.40401 250.92300 249.45100 250.23900 253.95399 253.14700 254.06000 253.75700 253.10300 251.68201 249.20000 246.90401 243.47099 242.21700 242.02901 239.20000 235.95599 234.71300 231.58400 232.68800 235.91499 240.43600 241.62000 242.37199 242.50200 243.00400 240.82300 242.46400 237.45200 235.75600 236.72600 234.86400 234.46300
260.26001 254.19000 258.12299 252.94600 249.34100 252.13200 239.99200 242.36600 238.18900 239.10300 235.08200 230.05499 227.40900 230.64999 229.86700 232.91200 229.36900 227.26100 225.90500 221.26900 217.95599 215.00500 217.97900 223.69000 231.61200 241.34000 247.06900 239.14600 242.90401 245.62700 251.86200 256.79599 258.99701 264.38000 259.04401 258.91599 258.09698 261.58099 261.48999 261.06601 260.70499 262.82199 262.23001 261.87201 261.20001 258.71600 258.43399 254.26700 253.95700 248.48300 249.31100 249.41499 246.87601 243.35800 241.68300 240.63901 241.28200 247.27901 246.62000 250.41600 249.58000 244.52400 248.73300 249.76401 249.79100 241.72600 242.72099 243.59700 243.09900 241.40401
255.05299 258.87601 264.38901 260.92200 262.28900 254.09700 255.56900 260.15500 256.64401 246.63200 242.30600 238.61900 235.63901 239.79100 238.12601 231.00200 228.78500 224.57300 225.80800 229.57201 221.23900 223.35400 224.86800 239.47200 247.55701 257.17401 261.06000 254.78900 256.55301 262.04001 260.90799 258.61200 262.19601 267.97198 263.26199 263.14499 261.03900 260.66901 260.82599 263.36700 261.04501 260.54501 259.93201 257.22501 257.00000 259.29700 258.54300 262.16901 261.48401 261.08200 259.62701 254.05200 252.10201 255.62000 251.96800 251.82201 251.69901 253.39500 252.64600 253.85300 254.18300 251.92900 252.79700 254.72501 254.55000 249.74699 250.88200 251.45399 253.71400 252.97099
263.46500 260.76501 261.84299 264.04999 267.78000 261.29001 260.10800 264.57300 263.02701 252.42999 246.40900 244.89000 242.48900 245.58701 243.28900 245.53799 241.36301 241.44501 238.90401 235.37601 235.89200 252.94600 254.10100 250.72000 255.82500 257.87601 262.69800 258.55600 261.36600 267.44199 270.74899 272.27600 271.53000 277.27301 274.64099 269.97101 268.72400 265.19601 263.47400 265.18701 263.98999 263.68399 266.32401 262.89200 261.16299 265.90100 267.12201 269.43701 267.94299 268.00000 265.99100 260.68701 257.60800 260.57101 260.98199 259.33401 256.60599 259.17001 260.01001 261.22400 261.56799 257.85800 257.20001 257.44901 256.42801 255.42799 257.17700 259.30099 258.11499 258.07999
262.78299 260.64999 261.75601 264.86401 273.87601 274.23300 268.18701 258.65500 254.46899 252.64301 247.95100 243.02800 242.39200 248.02499 249.70100 247.67000 250.04700 249.92101 249.35899 245.97900 245.04900 251.95300 246.43600 243.00500 249.45399 261.04001 260.34000 262.57999 267.88000 271.35001 274.89801 277.20599 280.44699 273.32401 276.26700 273.67801 271.93301 270.05899 266.95599 267.68900 268.73099 264.91901 265.07800 265.16699 263.24600 267.25101 267.91699 271.62701 270.16800 270.30301 269.51401 267.85199 265.93201 267.28601 265.38400 266.93799 265.90100 264.47101 264.88599 267.06500 264.04599 259.54099 258.17099 261.42599 261.28201 259.81699 260.67599 261.04300 261.62799 262.38400
258.65799 259.77100 264.94101 272.37299 270.65900 264.71100 258.32401 254.61400 254.71400 253.57600 252.28900 250.50999 250.75900 253.57300 252.54401 252.57899 254.87700 255.28600 251.04800 246.15100 245.72200 257.65399 258.66800 245.06799 248.71800 255.44600 260.94800 267.14301 274.51501 280.46399 283.10400 281.00800 283.81601 276.81000 281.22400 280.58099 277.57199 275.08801 272.85501 272.51199 271.58099 269.37000 269.27200 268.56100 267.23700 269.63199 270.03299 273.12900 272.17001 274.04700 271.56000 270.82401 269.07300 270.81699 269.70599 270.91699 269.50900 268.10800 267.03400 267.35599 269.39600 263.23099 263.47198 264.12100 264.80600 263.00900 264.32300 263.05801 261.76901 262.77802
270.32101 276.52499 279.40399 275.14200 267.99799 264.23801 265.12900 264.71600 265.07101 266.48401 266.89200 262.07599 261.81799 252.69200 250.23000 255.70799 258.11301 258.20099 254.71201 255.19200 253.24300 262.07300 269.40900 256.46399 259.19299 258.95200 265.42801 264.74799 270.70801 273.12701 275.97699 280.59201 284.04999 283.14099 282.02399 279.82199 281.39001 283.41501 283.41299 284.35001 282.62100 281.73001 280.85300 282.09000 278.82800 278.97601 277.69800 278.96201 280.54099 280.89001 281.93799 281.38300 279.86801 276.82599 275.66800 274.23801 273.28201 271.02701 272.69299 272.70300 273.54999 270.41000 267.71600 271.04300 269.46701 270.16101 269.38699 268.59900 268.57001 267.01001
262.81100 267.00900 267.97101 266.44601 266.31299 265.77499 266.32999 261.79599 263.26099 262.67700 261.54700 262.03201 257.65601 257.63300 256.01901 248.12801 250.32500 246.92999 245.38000 257.61899 258.02600 267.65500 274.98801 265.68301 263.35001 264.91199 268.35901 270.13699 271.62399 276.82501 277.76099 281.97198 285.48001 285.64301 286.60101 285.89301 285.11700 290.55301 285.48599 285.82800 288.85199 290.20200 285.60800 290.00500 290.78000 298.89700 298.02701 301.05600 298.72900 292.18201 285.56699 286.57999 284.42300 279.03299 274.67001 278.87100 277.35800 273.67401 275.93201 275.35901 272.23599 271.72601 275.54199 277.79199 273.82501 273.45200 273.84201 271.82401 271.63300 269.80499
259.92999 261.60999 263.90302 265.49701 266.60501 264.95700 265.08801 265.41800 265.47900 260.28101 261.03101 265.59399 264.64099 256.85300 251.92700 250.94800 251.19400 252.12900 251.75800 252.82500 250.50800 253.61400 281.31000 287.08200 264.88400 264.53299 268.42999 272.93399 274.30200 274.39499 275.31900 280.73700 282.65302 278.17700 279.59601 278.64700 280.07800 278.84601 282.58600 284.00400 281.22800 283.69699 285.03900 303.54700 314.39401 322.59900 320.06601 321.76099 321.67899 322.74600 306.31201 292.66699 283.79401 281.39301 276.62500 275.00900 278.76999 278.32101 276.63501 277.97900 277.57501 275.35501 276.76700 278.19199 279.54501 279.81299 279.13199 280.21399 277.95499 274.10501
258.74600 261.60901 262.60699 265.01599 266.48401 266.16599 267.46500 270.83701 271.42801 268.52200 264.25900 263.30099 261.77200 262.53799 264.06201 260.38901 261.44000 259.88501 257.10400 256.70999 255.01100 259.99399 267.79700 270.67401 281.19800 264.48300 274.57700 276.18301 275.24100 278.37500 278.32501 284.58499 288.36899 284.47000 285.13901 281.74899 282.28900 282.22800 283.31699 285.62100 286.14401 288.33301 293.94800 298.89099 323.65799 324.94199 322.49301 323.54099 322.70599 323.60300 322.87500 312.37601 300.47699 296.03101 288.42300 279.12500 286.89001 290.07300 283.30399 284.05499 282.87299 280.92899 282.26001 281.96201 283.72000 283.25201 281.35800 284.36600 283.90900 278.13000
259.03699 260.96301 266.34399 275.39600 280.39401 285.16199 285.98801 284.50900 294.15900 303.72501 316.25400 286.94000 283.76501 288.78000 295.07199 280.11801 270.16901 266.48700 267.02600 265.47000 268.51599 268.44199 267.25800 277.46100 274.05301 280.84201 285.07599 287.34799 289.22400 288.27701 290.45599 289.10199 290.55399 297.35901 292.46600 292.49301 293.57001 291.26300 292.79300 286.96399 290.13300 293.42001 298.32901 307.74701 319.63101 327.16800 326.33099 323.42200 323.21600 327.34299 326.46799 326.07199 312.27200 303.34698 299.12000 290.39801 286.50699 289.92499 293.93799 289.94101 288.29099 288.51401 287.27802 288.00101 289.21799 291.42899 292.62500 291.33600 289.33301 286.18399
268.64499 280.07901 323.99600 316.87000 317.25299 323.34201 298.32501 299.29800 297.23901 297.07300 307.65399 310.29401 324.37100 308.49799 328.80200 325.47000 308.77100 293.21301 277.32901 268.34601 267.79199 288.78699 290.85901 287.71301 289.57199 289.64700 295.43201 290.48001 292.11801 289.58899 294.40799 290.67700 291.50299 298.34799 292.06400 289.44699 290.32800 289.57199 291.69199 289.77399 293.59698 293.78299 298.81900 307.06900 328.90100 327.26199 326.86899 324.00101 323.99701 326.52499 327.17300 328.51599 323.53799 318.74200 309.05200 303.54401 296.95499 290.87000 295.55200 293.68399 291.87399 289.97800 292.34100 291.87799 292.31299 293.00800 291.60101 292.34799 291.92300 290.21600
299.77301 311.98099 317.44601 318.01300 313.86200 305.94000 302.19901 293.17599 292.29999 293.87601 285.18301 283.50699 285.74799 289.26501 290.24301 281.77802 283.34399 283.53101 286.01199 274.55600 261.99100 286.44000 294.63501 299.30899 306.62000 300.83801 293.10101 287.57001 285.93799 287.03000 288.31000 289.41800 290.55301 292.36301 286.59500 286.94699 285.35101 287.73499 291.41501 296.44299 297.42999 300.81100 306.09000 307.94601 325.56000 323.56299 321.89301 322.62100 321.56400 324.48199 325.10199 325.60501 326.85800 326.56100 326.12500 309.28601 298.93799 298.68399 289.63400 294.35999 293.60901 288.73999 288.56100 290.92499 291.32700 292.39001 292.28799 294.26999 294.88501 292.16800
304.86200 290.07999 289.20099 291.23999 281.55899 301.94299 325.91901 329.69299 319.67999 294.44501 288.53201 282.38800 283.17300 283.23300 280.60901 291.02399 326.14899 329.17499 329.00500 300.59299 283.79401 289.58401 296.61200 297.59601 326.23499 328.81299 306.79901 299.07199 297.67899 290.87299 287.96899 292.41800 290.46100 289.94400 287.15500 289.40701 286.74600 291.12701 294.64600 301.49100 302.80899 306.64899 310.04099 315.00699 326.78101 325.87399 321.71600 322.14001 321.69400 324.75601 326.07199 327.44501 329.23599 328.74899 329.04300 322.28900 308.69400 302.83401 290.23999 292.86200 294.60901 289.44901 291.78201 300.67700 307.99899 309.05399 308.82599 309.17200 302.13101 293.18100
315.44000 320.32700 295.62701 282.51700 274.96100 280.28601 300.53000 309.29099 299.72699 326.86301 330.25400 331.65302 315.84698 305.87201 292.95499 295.33200 312.06601 332.28699 326.08899 324.39700 328.84500 323.85699 325.41699 326.85101 331.20099 332.64801 324.15701 305.13101 303.49899 306.66000 308.29001 300.23001 296.07401 294.46799 289.75699 288.05200 291.75699 298.81400 303.44901 304.28000 305.69501 305.36499 309.69101 312.61700 326.14600 318.99399 328.11700 328.44800 327.63501 328.37201 326.67700 329.17300 324.22501 318.56699 322.61899 332.72800 312.16000 299.51801 298.39700 294.30200 294.05200 289.43900 289.21799 289.92599 293.21500 298.10599 299.71500 298.61801 298.63699 296.47800
