data/hydroclimate-scenarios/1948-2000.Pcorr55N_Pref_Tref/monthly_summaries/isr_monthly_avg_may.1950-2000.asc
ncols	311
nrows	91
xllcenter	102.75
yllcenter	31.75
cellsize	0.5
NODATA_value	-9999
[rows 0 to 30 of 91, columns 70 to 139 of 311]
-9999 -9999 -9999 -9999 -9999 -9999 -9999 -9999 -9999 -9999 -9999 -9999 -9999 -9999 -9999 -9999 -9999 -9999 -9999 -9999 -9999 -9999 -9999 -9999 -9999 -9999 -9999 -9999 -9999 -9999 -9999 -9999 -9999 -9999 -9999 -9999 -9999 -9999 -9999 -9999 -9999 -9999 -9999 -9999 -9999 -9999 -9999 -9999 -9999 -9999 -9999 -9999 -9999 -9999 -9999 -9999 -9999 -9999 -9999 -9999 -9999 -9999 -9999 -9999 -9999 -9999 -9999 -9999 -9999 -9999
-9999 -9999 -9999 -9999 -9999 -9999 -9999 -9999 -9999 -9999 -9999 -9999 -9999 -9999 -9999 -9999 -9999 -9999 -9999 -9999 -9999 -9999 -9999 -9999 -9999 -9999 -9999 -9999 -9999 -9999 -9999 -9999 -9999 -9999 -9999 -9999 -9999 -9999 -9999 -9999 -9999 -9999 -9999 -9999 -9999 -9999 -9999 -9999 -9999 -9999 -9999 -9999 -9999 -9999 -9999 -9999 -9999 -9999 -9999 -9999 -9999 -9999 -9999 -9999 -9999 -9999 -9999 -9999 -9999 -9999
-9999 -9999 -9999 -9999 -9999 -9999 -9999 -9999 -9999 -9999 -9999 -9999 -9999 -9999 -9999 -9999 -9999 -9999 -9999 -9999 -9999 -9999 -9999 -9999 -9999 -9999 -9999 -9999 -9999 -9999 -9999 -9999 -9999 -9999 -9999 -9999 -9999 -9999 -9999 -9999 -9999 -9999 -9999 -9999 -9999 -9999 -9999 -9999 -9999 -9999 -9999 -9999 -9999 -9999 -9999 -9999 -9999 -9999 -9999 -9999 -9999 -9999 -9999 -9999 -9999 -9999 -9999 -9999 -9999 -9999
-9999 -9999 -9999 -9999 -9999 -9999 -9999 -9999 -9999 -9999 -9999 -9999 -9999 -9999 -9999 -9999 -9999 -9999 -9999 -9999 -9999 -9999 -9999 -9999 -9999 -9999 -9999 -9999 -9999 -9999 -9999 -9999 -9999 -9999 -9999 -9999 -9999 -9999 -9999 -9999 -9999 -9999 -9999 -9999 -9999 -9999 -9999 -9999 -9999 -9999 -9999 -9999 -9999 -9999 -9999 -9999 -9999 -9999 -9999 -9999 -9999 -9999 -9999 -9999 -9999 -9999 -9999 -9999 -9999 -9999
-9999 -9999 -9999 -9999 -9999 -9999 -9999 -9999 -9999 -9999 -9999 -9999 -9999 -9999 -9999 -9999 -9999 -9999 -9999 -9999 -9999 -9999 -9999 -9999 -9999 -9999 -9999 -9999 -9999 -9999 -9999 -9999 -9999 -9999 -9999 -9999 -9999 -9999 -9999 -9999 -9999 -9999 -9999 -9999 -9999 -9999 -9999 -9999 -9999 -9999 -9999 -9999 -9999 -9999 -9999 -9999 -9999 -9999 -9999 -9999 -9999 -9999 -9999 -9999 -9999 -9999 -9999 -9999 -9999 -9999
-9999 -9999 -9999 -9999 -9999 -9999 -9999 -9999 -9999 -9999 -9999 -9999 -9999 -9999 -9999 -9999 -9999 -9999 -9999 -9999 -9999 -9999 -9999 -9999 -9999 -9999 -9999 -9999 -9999 -9999 -9999 -9999 -9999 -9999 -9999 -9999 -9999 -9999 -9999 -9999 -9999 -9999 -9999 -9999 -9999 -9999 -9999 -9999 -9999 -9999 -9999 -9999 -9999 -9999 -9999 -9999 -9999 -9999 -9999 -9999 -9999 -9999 -9999 -9999 -9999 -9999 -9999 -9999 -9999 -9999
-9999 -9999 -9999 -9999 -9999 -9999 -9999 -9999 -9999 -9999 -9999 -9999 -9999 -9999 -9999 -9999 -9999 -9999 -9999 -9999 -9999 -9999 -9999 -9999 -9999 -9999 -9999 -9999 -9999 -9999 -9999 -9999 -9999 -9999 -9999 -9999 -9999 -9999 -9999 -9999 -9999 -9999 -9999 -9999 -9999 -9999 -9999 -9999 -9999 -9999 -9999 -9999 -9999 -9999 -9999 -9999 -9999 -9999 -9999 -9999 -9999 -9999 -9999 -9999 -9999 -9999 -9999 -9999 -9999 -9999
-9999 -9999 -9999 -9999 -9999 -9999 -9999 -9999 -9999 -9999 -9999 -9999 -9999 -9999 -9999 -9999 -9999 -9999 -9999 -9999 -9999 -9999 -9999 -9999 -9999 -9999 -9999 -9999 -9999 -9999 -9999 -9999 -9999 -9999 -9999 -9999 -9999 -9999 -9999 -9999 -9999 -9999 -9999 -9999 -9999 -9999 -9999 -9999 -9999 -9999 -9999 -9999 -9999 -9999 -9999 -9999 -9999 -9999 -9999 -9999 -9999 -9999 -9999 -9999 -9999 -9999 -9999 -9999 -9999 -9999
-9999 -9999 -9999 -9999 -9999 -9999 -9999 242.49699 -9999 -9999 -9999 -9999 -9999 -9999 -9999 -9999 -9999 -9999 -9999 -9999 -9999 -9999 -9999 -9999 -9999 -9999 -9999 -9999 -9999 -9999 -9999 -9999 -9999 -9999 -9999 -9999 -9999 -9999 -9999 -9999 -9999 -9999 -9999 -9999 -9999 -9999 -9999 -9999 -9999 -9999 -9999 -9999 -9999 -9999 -9999 -9999 -9999 -9999 -9999 -9999 -9999 -9999 -9999 -9999 -9999 -9999 -9999 -9999 -9999 -9999
-9999 -9999 -9999 239.86700 236.51700 242.28300 242.64799 243.70300 244.43300 243.34000 243.43800 241.40300 240.74001 237.16299 235.84000 231.83099 230.72600 225.05200 224.74500 225.58099 225.31100 225.95599 225.79900 -9999 -9999 -9999 -9999 -9999 -9999 -9999 -9999 -9999 -9999 -9999 -9999 -9999 -9999 -9999 -9999 -9999 -9999 -9999 -9999 -9999 -9999 -9999 -9999 -9999 -9999 -9999 -9999 -9999 -9999 -9999 -9999 -9999 -9999 -9999 -9999 -9999 -9999 -9999 -9999 -9999 -9999 -9999 -9999 -9999 -9999 -9999
-9999 -9999 -9999 -9999 -9999 243.51199 244.00101 241.56599 240.72400 237.81500 237.94901 239.71100 240.34399 238.10001 237.25500 235.02200 233.32899 234.46700 233.49699 234.47800 232.96899 234.24001 232.48199 -9999 -9999 -9999 -9999 -9999 -9999 -9999 -9999 -9999 -9999 -9999 -9999 -9999 -9999 -9999 -9999 -9999 -9999 -9999 -9999 -9999 -9999 -9999 -9999 -9999 -9999 -9999 -9999 -9999 -9999 -9999 -9999 -9999 -9999 -9999 -9999 -9999 -9999 -9999 -9999 -9999 -9999 -9999 -9999 -9999 -9999 -9999
241.48801 242.37000 242.01601 244.04900 243.91901 245.74001 245.19299 242.91200 242.82600 239.68600 239.75301 242.39700 241.47099 240.29700 238.65401 236.87100 235.93300 236.10800 234.50301 236.01700 234.70200 234.66600 234.65199 235.21400 237.14301 233.60300 233.48199 229.23100 229.85001 -9999 -9999 -9999 -9999 -9999 -9999 -9999 -9999 -9999 -9999 -9999 -9999 -9999 -9999 -9999 -9999 -9999 -9999 -9999 -9999 -9999 -9999 -9999 -9999 -9999 -9999 -9999 -9999 -9999 -9999 -9999 -9999 -9999 -9999 -9999 -9999 -9999 -9999 -9999 -9999 -9999
244.92500 248.45599 247.76700 246.97301 246.98000 247.49800 247.79300 244.53101 244.12100 240.67200 240.30299 243.76199 242.15300 238.00400 236.47900 238.80200 237.52200 238.56300 237.92999 237.80701 237.29100 237.65800 238.26500 238.90700 240.19400 236.67999 236.78900 229.07300 230.81799 229.60300 230.17999 230.12500 230.97900 230.27800 231.23199 234.64400 234.52200 233.28200 232.41000 238.85500 238.46300 238.57201 238.85500 238.22600 -9999 -9999 -9999 -9999 -9999 -9999 -9999 -9999 -9999 -9999 -9999 -9999 -9999 -9999 -9999 -9999 -9999 -9999 -9999 -9999 -9999 -9999 -9999 -9999 -9999 -9999
248.05099 251.37900 251.03000 250.68300 250.85100 250.92700 250.47600 246.06000 245.16600 242.20599 241.94200 246.44901 244.82700 240.55099 239.16000 241.52000 239.89101 241.16701 239.82001 240.10699 239.70900 241.17999 243.09200 242.20399 242.48399 240.63400 239.66299 232.59599 232.05400 231.78799 232.92200 234.13000 233.93600 233.13200 232.59399 237.12399 236.84700 234.87601 234.55600 240.66000 240.65601 241.07201 239.78101 239.48300 240.42900 -9999 -9999 -9999 -9999 -9999 -9999 -9999 -9999 -9999 -9999 -9999 -9999 -9999 -9999 -9999 -9999 -9999 -9999 -9999 -9999 -9999 -9999 -9999 -9999 -9999
256.82999 255.37199 255.68900 256.50699 258.75299 256.70401 255.93500 255.41600 253.85899 252.86700 250.57899 249.02699 247.12199 242.76700 240.50301 240.84500 239.27600 241.06599 239.04800 238.56700 239.55000 240.72301 241.73700 242.48399 243.27600 242.42999 242.26199 242.04100 240.87300 242.13699 243.84200 243.67200 243.16800 242.23500 242.03200 243.04800 243.10001 244.97800 243.26300 244.41000 244.32001 246.36400 245.34100 244.20900 244.08299 -9999 -9999 -9999 -9999 -9999 -9999 -9999 -9999 -9999 -9999 -9999 -9999 -9999 -9999 -9999 237.36600 234.06599 -9999 -9999 -9999 -9999 233.25800 235.06000 236.94501 239.35699
257.88400 256.60699 257.38501 259.26999 259.28500 257.07501 254.84801 255.89999 256.37500 253.74001 252.75900 249.40300 248.98900 243.96300 244.78999 244.35699 241.44400 243.40500 241.31300 242.87399 241.32001 244.07201 244.86400 244.39101 244.28799 242.36400 243.00800 242.98199 243.55400 244.99899 245.66800 245.33200 245.80800 245.23801 244.88499 245.36400 245.20100 246.93401 245.74100 245.61301 246.47200 247.64799 246.21500 245.55099 244.28799 241.24300 241.46700 238.84900 239.62100 246.29700 247.38100 244.13300 244.64500 245.20900 243.24100 244.35001 244.06900 241.23300 240.83200 239.35800 239.46700 236.11900 -9999 -9999 -9999 -9999 -9999 234.92500 236.43700 240.04700
258.61200 259.49301 255.72400 256.05499 257.48801 256.44000 253.54401 253.48599 253.31100 250.50999 248.73500 249.93201 250.81700 246.82800 246.51500 244.97000 244.45900 245.51900 243.17000 245.96700 244.77499 245.55000 245.17200 245.07800 245.60699 245.24600 244.96400 247.63699 246.61000 247.31799 247.99300 248.00600 246.42799 245.57401 245.47200 248.03600 246.44600 247.63499 246.80000 248.28600 246.98801 246.34100 247.60100 245.74600 245.82800 243.90601 242.71800 241.65500 242.01100 244.75301 246.07300 247.75800 246.58000 247.36200 249.16800 250.00999 246.88901 248.03999 247.92700 245.81000 242.48900 240.00600 240.11800 238.75900 238.02499 236.15300 237.17300 235.45200 236.35600 242.26801
258.81500 262.74899 293.04300 255.37199 260.82599 264.07999 260.09799 258.87201 258.36499 251.52499 251.20500 252.51401 253.05299 249.11400 247.54500 246.92999 246.28600 246.99800 246.36700 249.09801 248.67200 249.31300 248.08701 246.86700 248.08000 246.58800 247.26300 249.21201 249.74001 249.65100 249.40900 251.06599 249.69099 248.51100 248.37100 249.70200 248.57800 249.83501 248.54500 250.22400 249.24500 250.30200 249.27901 247.61400 247.73100 245.31000 245.46001 243.18700 243.13400 245.25600 245.93800 247.97600 248.18300 248.47701 247.98300 248.07401 250.28900 252.33200 252.14600 249.80901 250.01900 245.37700 248.08600 244.48801 240.74001 239.42599 239.05800 238.46700 238.28700 244.65800
251.43500 251.64600 256.30701 247.32001 241.85699 240.72000 239.22301 248.38400 249.96600 254.27299 252.38000 254.41100 254.28999 251.07800 250.94099 251.31200 250.85699 249.63800 248.76401 250.63499 253.28101 254.06400 253.92101 253.07300 252.69099 252.88600 252.45300 254.00999 253.30499 251.24500 252.10899 249.84500 249.52400 247.74200 246.53700 246.33900 246.25000 247.19501 247.14200 249.63000 250.08400 247.99200 246.54700 250.09700 249.94901 247.62399 245.09000 243.16000 241.59200 238.19701 239.69299 242.71600 243.60899 244.62100 245.22501 246.29201 245.89101 243.61301 246.68900 247.07001 248.01300 248.18300 249.51801 251.56300 245.58600 243.17400 241.61200 242.29700 240.93201 243.64301
246.48500 252.32401 255.65700 253.05299 252.14900 245.04900 241.80400 250.28900 252.29800 259.36801 257.06299 264.28699 263.29599 258.20401 254.99800 254.85100 253.25000 251.58400 250.74899 252.37000 253.61700 256.98999 254.72900 255.23500 255.30901 255.04900 254.39700 255.24300 256.01099 253.19400 252.56200 253.57600 252.57700 250.06700 248.44099 249.82201 249.87000 250.58800 249.92999 252.32800 253.64400 252.51700 250.18700 249.34000 249.84801 250.65900 248.77901 248.38901 245.59000 240.19701 241.58200 245.21400 244.46201 247.72900 245.94701 246.96400 250.48500 249.16100 252.39101 249.48300 247.67101 247.61800 247.44600 247.23300 250.08600 254.85800 249.08900 250.32600 247.32300 246.89400
249.99200 249.47600 253.27400 254.55400 257.08801 257.33801 245.05800 251.30000 249.83900 259.75699 258.10400 263.53400 268.57999 272.95999 322.38199 264.49301 259.99100 256.64200 254.24400 252.86900 252.67999 252.62900 253.28200 254.48599 254.29601 255.34599 255.33099 257.12000 258.45599 257.08099 257.82999 256.50601 256.21301 255.43500 255.28799 252.08701 251.84900 251.05499 251.75301 252.37100 251.44800 252.09700 251.62100 248.81900 248.54800 248.99500 247.46700 246.85001 245.75500 241.09200 241.41400 238.55400 240.05600 243.17599 243.38699 245.98000 245.54500 247.83900 249.58400 249.08900 253.67900 250.13300 247.49100 249.86501 248.74500 247.26900 247.99001 245.29100 246.36501 246.38400
256.62000 258.15900 257.69199 299.05701 312.90900 259.75299 254.50400 263.88000 258.73499 265.36099 262.36899 261.47101 263.86401 265.19299 266.77301 271.29401 271.26501 268.17899 265.64301 260.05499 258.76599 257.66000 256.97101 258.31900 257.63101 258.34299 257.90201 261.72601 261.84799 261.70999 263.56699 259.07999 261.89401 260.66199 259.34000 257.57199 256.90799 256.14401 254.57700 255.50500 255.00700 254.49200 253.55000 251.49600 251.45799 250.30499 251.20900 251.89900 251.06799 246.12100 245.49300 245.32401 245.85800 249.45900 249.78300 250.45900 250.73100 252.94501 250.96600 250.97200 254.49600 251.20399 251.23300 252.11501 249.55000 249.03900 250.40700 249.82201 248.68401 248.67599
271.67300 270.96799 276.82001 321.06500 278.34698 323.27399 327.84201 280.17700 270.04300 269.45801 267.79999 270.23599 269.64899 267.51199 266.01501 265.64999 266.02399 268.09799 269.22800 271.41699 268.58301 265.25900 263.11600 261.58401 260.55099 260.08301 260.28201 260.99500 264.15900 267.80301 267.49100 266.17001 266.42899 265.43301 263.72198 263.34500 259.96899 259.40500 258.33499 259.74600 258.08899 253.53999 251.88499 252.75101 254.17300 254.27699 253.68100 254.45900 252.51801 247.73000 249.35600 251.28101 249.62000 253.00600 258.92700 253.75101 264.78601 253.99899 257.48099 251.97600 250.78400 252.60100 251.58900 254.29100 254.33200 257.10300 255.52800 252.76801 250.72000 247.58900
274.60501 272.87100 273.30701 270.90799 270.74100 274.51999 323.99799 287.33801 284.75201 279.83099 272.90601 273.34201 281.48099 277.50101 273.19000 280.40701 325.30200 324.35001 264.31699 269.38199 321.92499 282.61200 271.19400 269.59500 262.64499 262.52600 263.66901 264.06299 266.04501 269.48700 268.43799 269.48001 268.94400 265.67300 264.85001 261.47699 261.32101 262.04901 260.04199 259.08099 260.15201 258.75699 256.76599 256.34100 256.63901 251.55000 251.99100 252.38400 254.43700 251.75700 252.96300 253.40100 251.44901 253.68800 251.96899 257.63199 261.37900 256.35300 258.12601 252.87700 251.70000 252.19400 252.15700 257.39499 257.55399 256.06201 254.50700 253.15401 249.67700 247.24699
277.63300 274.05200 273.04199 271.90900 271.85901 272.31299 272.72900 273.11200 273.83701 275.13599 275.57401 275.58499 276.20300 274.31100 272.17700 276.45001 278.45499 323.59799 276.33099 269.28601 266.81699 267.05600 267.32199 268.81900 266.74301 266.96799 264.63300 266.88599 268.25201 269.63400 269.65500 270.59601 268.19901 265.11700 264.29800 263.90900 262.98901 260.14401 260.25500 258.70700 259.93399 259.47101 258.77600 257.62601 257.03101 252.12199 251.00500 251.47099 253.18500 252.40100 254.93100 256.87299 254.75000 253.21899 256.49301 253.56700 253.19000 254.61099 252.99001 254.81500 252.00800 255.34100 254.38600 254.45399 254.12300 256.76401 255.96899 253.85100 254.33800 251.84801
279.54300 276.31400 276.48499 274.85501 275.03299 273.94400 272.00000 273.26199 272.26099 273.81000 273.38800 278.22000 282.76401 277.36600 272.87399 271.29700 273.67300 273.97400 272.88901 299.63101 274.44601 268.82501 266.24600 266.91599 268.63400 271.66000 271.92300 270.46301 272.06500 273.55099 274.79999 272.14899 271.67099 266.52399 265.67200 267.14301 267.65100 264.58899 264.92899 262.18701 264.71899 266.15100 261.64401 260.73599 263.38800 261.11099 255.55000 254.74500 254.39999 251.76500 253.74800 256.23099 251.58800 251.37199 249.89799 250.51900 251.83800 254.54500 256.12701 252.30099 253.16701 256.62399 256.21301 256.27301 256.50699 257.44800 256.49600 255.42799 255.42599 253.59599
279.78601 279.47198 285.05801 326.48599 325.44501 275.93399 273.72299 273.80099 273.93399 276.22601 279.05801 281.94299 282.03000 304.40100 279.73099 273.23401 271.95200 272.02600 273.35901 279.56500 276.23300 272.51099 270.63800 271.29300 271.68399 270.76599 270.16299 275.14099 274.83801 275.13300 276.55600 274.50500 274.02499 270.31000 273.00800 271.19501 267.39001 268.21701 269.99500 268.60001 268.27802 270.87601 271.31799 269.71799 267.06900 264.80899 263.52301 262.03699 261.43399 260.41800 262.01801 263.57901 264.21500 259.84299 259.11899 258.94299 257.11700 258.46799 256.10800 254.43800 253.50999 252.74300 254.96899 256.05399 257.17999 255.33400 254.53500 254.60800 254.43800 255.74600
279.76099 276.22101 278.90302 325.53299 326.38300 322.39700 273.97800 275.54700 273.42899 278.32300 277.42599 280.41299 279.04800 279.03799 280.87201 277.00699 274.84000 273.44601 270.65399 270.57001 269.24301 277.96399 271.00500 271.77100 271.45700 270.82401 274.89301 279.77899 278.02701 279.42899 277.97900 279.86301 276.78799 273.22800 274.56299 275.89899 270.81601 269.69101 271.04599 273.16000 273.20401 272.39001 273.53699 270.47501 269.12000 266.49899 265.36099 259.94699 262.85001 263.86600 263.19501 261.95099 263.13699 260.47000 260.38699 259.19299 258.47101 259.21100 256.98401 254.09200 254.95500 254.26700 256.17099 257.19501 259.21201 261.98499 260.65701 262.55399 262.14999 259.14200
278.16599 276.42599 276.54800 292.08401 325.08301 321.53500 323.93301 322.91299 275.89301 278.75900 277.91699 278.20499 279.14301 274.07999 274.54800 279.90900 272.81201 269.13501 267.01599 267.72601 268.01401 268.31100 270.23499 271.64899 269.06100 267.73001 268.48300 273.13101 274.97198 277.29300 277.97400 276.42099 276.14801 275.70599 274.97400 274.68399 272.78900 268.95599 271.32199 274.25699 282.42001 271.04999 271.67599 270.51801 265.89401 263.49799 260.31100 262.39600 260.36200 261.01501 260.48801 259.01401 260.33701 259.52701 262.15302 262.63501 263.75900 260.02600 257.94400 256.81799 258.18600 258.12799 258.74500 261.20099 268.21500 272.74701 267.98801 271.45200 268.96899 262.86899
277.87601 273.48999 275.10800 282.35599 279.42801 320.27200 320.55200 325.60300 323.10001 284.32501 323.66299 326.67899 285.26999 274.94199 279.76501 275.69699 271.64301 271.00699 268.61099 267.71100 267.32901 268.26599 271.36200 277.97501 269.19601 268.83401 269.10999 274.50699 275.61301 279.45801 282.07101 278.88800 277.61700 278.23401 278.09500 278.82300 274.76801 272.74100 273.02701 274.11200 274.53699 272.16000 267.48300 270.07199 265.79901 258.42401 257.40799 262.47699 263.50900 266.23901 263.19299 -9999 -9999 261.56699 260.58701 259.20401 262.38699 262.21600 261.56900 260.85699 264.21201 263.12100 269.30399 283.55899 293.62100 290.46399 290.82199 292.59601 290.87299 274.57901
283.37500 283.29999 278.01599 277.88501 285.09000 284.07199 276.87201 320.56500 278.01700 293.06100 318.51801 320.25500 285.27499 313.76501 314.70401 275.70300 273.32800 276.03299 272.64801 270.82800 273.72400 271.89700 271.00101 272.25299 271.79401 276.06100 272.85199 274.92099 275.10101 278.49799 278.65799 280.78799 278.17300 281.58600 283.84399 281.87100 280.13000 275.40399 270.93600 267.94800 -9999 -9999 -9999 -9999 264.13501 -9999 272.51599 280.84500 276.96799 275.28500 271.24500 -9999 -9999 271.47501 270.98401 269.19501 267.89499 264.67999 268.75699 269.80801 274.32599 277.11499 280.97400 284.87601 296.34100 281.42300 299.47400 301.77301 298.42801 283.03900
