data/hydroclimate-scenarios/1948-2000.Pcorr55N_Pref_Tref/monthly_summaries/isr_monthly_avg_jun.asc
ncols	311
nrows	91
xllcenter	102.75
yllcenter	31.75
cellsize	0.5
NODATA_value	-9999
[rows 0 to 30 of 91, columns 70 to 139 of 311]
-9999 -9999 -9999 -9999 -9999 -9999 -9999 -9999 -9999 -9999 -9999 -9999 -9999 -9999 -9999 -9999 -9999 -9999 -9999 -9999 -9999 -9999 -9999 -9999 -9999 -9999 -9999 -9999 -9999 -9999 -9999 -9999 -9999 -9999 -9999 -9999 -9999 -9999 -9999 -9999 -9999 -9999 -9999 -9999 -9999 -9999 -9999 -9999 -9999 -9999 -9999 -9999 -9999 -9999 -9999 -9999 -9999 -9999 -9999 -9999 -9999 -9999 -9999 -9999 -9999 -9999 -9999 -9999 -9999 -9999
-9999 -9999 -9999 -9999 -9999 -9999 -9999 -9999 -9999 -9999 -9999 -9999 -9999 -9999 -9999 -9999 -9999 -9999 -9999 -9999 -9999 -9999 -9999 -9999 -9999 -9999 -9999 -9999 -9999 -9999 -9999 -9999 -9999 -9999 -9999 -9999 -9999 -9999 -9999 -9999 -9999 -9999 -9999 -9999 -9999 -9999 -9999 -9999 -9999 -9999 -9999 -9999 -9999 -9999 -9999 -9999 -9999 -9999 -9999 -9999 -9999 -9999 -9999 -9999 -9999 -9999 -9999 -9999 -9999 -9999
-9999 -9999 -9999 -9999 -9999 -9999 -9999 -9999 -9999 -9999 -9999 -9999 -9999 -9999 -9999 -9999 -9999 -9999 -9999 -9999 -9999 -9999 -9999 -9999 -9999 -9999 -9999 -9999 -9999 -9999 -9999 -9999 -9999 -9999 -9999 -9999 -9999 -9999 -9999 -9999 -9999 -9999 -9999 -9999 -9999 -9999 -9999 -9999 -9999 -9999 -9999 -9999 -9999 -9999 -9999 -9999 -9999 -9999 -9999 -9999 -9999 -9999 -9999 -9999 -9999 -9999 -9999 -9999 -9999 -9999
-9999 -9999 -9999 -9999 -9999 -9999 -9999 -9999 -9999 -9999 -9999 -9999 -9999 -9999 -9999 -9999 -9999 -9999 -9999 -9999 -9999 -9999 -9999 -9999 -9999 -9999 -9999 -9999 -9999 -9999 -9999 -9999 -9999 -9999 -9999 -9999 -9999 -9999 -9999 -9999 -9999 -9999 -9999 -9999 -9999 -9999 -9999 -9999 -9999 -9999 -9999 -9999 -9999 -9999 -9999 -9999 -9999 -9999 -9999 -9999 -9999 -9999 -9999 -9999 -9999 -9999 -9999 -9999 -9999 -9999
-9999 -9999 -9999 -9999 -9999 -9999 -9999 -9999 -9999 -9999 -9999 -9999 -9999 -9999 -9999 -9999 -9999 -9999 -9999 -9999 -9999 -9999 -9999 -9999 -9999 -9999 -9999 -9999 -9999 -9999 -9999 -9999 -9999 -9999 -9999 -9999 -9999 -9999 -9999 -9999 -9999 -9999 -9999 -9999 -9999 -9999 -9999 -9999 -9999 -9999 -9999 -9999 -9999 -9999 -9999 -9999 -9999 -9999 -9999 -9999 -9999 -9999 -9999 -9999 -9999 -9999 -9999 -9999 -9999 -9999
-9999 -9999 -9999 -9999 -9999 -9999 -9999 -9999 -9999 -9999 -9999 -9999 -9999 -9999 -9999 -9999 -9999 -9999 -9999 -9999 -9999 -9999 -9999 -9999 -9999 -9999 -9999 -9999 -9999 -9999 -9999 -9999 -9999 -9999 -9999 -9999 -9999 -9999 -9999 -9999 -9999 -9999 -9999 -9999 -9999 -9999 -9999 -9999 -9999 -9999 -9999 -9999 -9999 -9999 -9999 -9999 -9999 -9999 -9999 -9999 -9999 -9999 -9999 -9999 -9999 -9999 -9999 -9999 -9999 -9999
-9999 -9999 -9999 -9999 -9999 -9999 -9999 -9999 -9999 -9999 -9999 -9999 -9999 -9999 -9999 -9999 -9999 -9999 -9999 -9999 -9999 -9999 -9999 -9999 -9999 -9999 -9999 -9999 -9999 -9999 -9999 -9999 -9999 -9999 -9999 -9999 -9999 -9999 -9999 -9999 -9999 -9999 -9999 -9999 -9999 -9999 -9999 -9999 -9999 -9999 -9999 -9999 -9999 -9999 -9999 -9999 -9999 -9999 -9999 -9999 -9999 -9999 -9999 -9999 -9999 -9999 -9999 -9999 -9999 -9999
-9999 -9999 -9999 -9999 -9999 -9999 -9999 -9999 -9999 -9999 -9999 -9999 -9999 -9999 -9999 -9999 -9999 -9999 -9999 -9999 -9999 -9999 -9999 -9999 -9999 -9999 -9999 -9999 -9999 -9999 -9999 -9999 -9999 -9999 -9999 -9999 -9999 -9999 -9999 -9999 -9999 -9999 -9999 -9999 -9999 -9999 -9999 -9999 -9999 -9999 -9999 -9999 -9999 -9999 -9999 -9999 -9999 -9999 -9999 -9999 -9999 -9999 -9999 -9999 -9999 -9999 -9999 -9999 -9999 -9999
-9999 -9999 -9999 -9999 -9999 -9999 -9999 302.12701 -9999 -9999 -9999 -9999 -9999 -9999 -9999 -9999 -9999 -9999 -9999 -9999 -9999 -9999 -9999 -9999 -9999 -9999 -9999 -9999 -9999 -9999 -9999 -9999 -9999 -9999 -9999 -9999 -9999 -9999 -9999 -9999 -9999 -9999 -9999 -9999 -9999 -9999 -9999 -9999 -9999 -9999 -9999 -9999 -9999 -9999 -9999 -9999 -9999 -9999 -9999 -9999 -9999 -9999 -9999 -9999 -9999 -9999 -9999 -9999 -9999 -9999
-9999 -9999 -9999 311.28201 295.23901 298.64600 300.64700 302.08801 303.58401 304.11099 305.88101 301.81699 302.46399 291.65799 292.05499 283.91000 284.01300 287.99701 287.20200 289.00601 287.80301 287.81000 287.64401 -9999 -9999 -9999 -9999 -9999 -9999 -9999 -9999 -9999 -9999 -9999 -9999 -9999 -9999 -9999 -9999 -9999 -9999 -9999 -9999 -9999 -9999 -9999 -9999 -9999 -9999 -9999 -9999 -9999 -9999 -9999 -9999 -9999 -9999 -9999 -9999 -9999 -9999 -9999 -9999 -9999 -9999 -9999 -9999 -9999 -9999 -9999
-9999 -9999 -9999 -9999 -9999 297.94299 297.58200 296.66299 297.32199 298.83200 299.24701 296.68201 296.63501 296.31601 295.99200 297.00201 297.13501 297.69400 297.30801 299.34299 298.68900 296.16800 296.09201 -9999 -9999 -9999 -9999 -9999 -9999 -9999 -9999 -9999 -9999 -9999 -9999 -9999 -9999 -9999 -9999 -9999 -9999 -9999 -9999 -9999 -9999 -9999 -9999 -9999 -9999 -9999 -9999 -9999 -9999 -9999 -9999 -9999 -9999 -9999 -9999 -9999 -9999 -9999 -9999 -9999 -9999 -9999 -9999 -9999 -9999 -9999
300.70401 299.14899 299.46799 299.06699 298.31699 296.88000 296.96600 296.82700 297.43100 297.46399 297.73099 295.92300 296.21201 296.29501 296.54599 297.86301 296.78799 297.59500 298.00601 298.70300 298.39801 295.97900 295.98401 298.35199 298.29401 299.51199 300.93201 303.77899 303.97101 -9999 -9999 -9999 -9999 -9999 -9999 -9999 -9999 -9999 -9999 -9999 -9999 -9999 -9999 -9999 -9999 -9999 -9999 -9999 -9999 -9999 -9999 -9999 -9999 -9999 -9999 -9999 -9999 -9999 -9999 -9999 -9999 -9999 -9999 -9999 -9999 -9999 -9999 -9999 -9999 -9999
302.28900 300.44299 299.33600 298.64899 299.14499 296.50800 296.97900 296.02600 297.33401 295.56299 295.83899 297.89600 298.90100 297.87201 297.74799 301.03799 302.00101 301.95700 300.87601 302.41400 301.36099 297.78500 300.33301 302.07800 301.24799 302.60999 302.72501 306.16199 305.61600 307.12701 307.95200 309.96600 310.47601 312.02499 311.74100 307.28900 307.18301 308.53500 308.98700 309.14899 308.04401 305.50500 305.61700 308.28900 -9999 -9999 -9999 -9999 -9999 -9999 -9999 -9999 -9999 -9999 -9999 -9999 -9999 -9999 -9999 -9999 -9999 -9999 -9999 -9999 -9999 -9999 -9999 -9999 -9999 -9999
304.59698 300.75400 301.31201 300.94901 301.87100 299.65701 298.29300 296.26401 296.12500 295.82599 296.49399 298.40799 298.41599 297.08301 298.71899 301.70499 301.89600 301.38199 301.69501 301.17401 302.35001 300.41101 303.48700 303.66299 303.80801 304.99899 305.88501 306.55899 308.65799 309.93701 311.67801 311.96799 312.29199 312.16199 311.46600 308.17099 307.20599 309.50500 308.28900 309.76599 308.82999 306.03400 305.36301 309.05600 307.62701 -9999 -9999 -9999 -9999 -9999 -9999 -9999 -9999 -9999 -9999 -9999 -9999 -9999 -9999 -9999 -9999 -9999 -9999 -9999 -9999 -9999 -9999 -9999 -9999 -9999
313.58899 314.34799 314.51300 310.82501 316.62299 311.79300 309.52899 311.09900 308.97198 312.23901 309.31000 308.46301 306.44800 306.96500 305.79599 300.74899 301.02802 301.25500 300.51599 302.11801 302.90500 303.15399 304.10800 303.30801 303.42499 303.85300 307.85300 308.77701 307.31601 307.58499 308.21100 309.53299 308.89999 308.49600 309.28500 311.28400 311.00800 310.37201 309.18100 311.86801 311.90399 311.10999 309.39499 304.21500 303.28101 -9999 -9999 -9999 -9999 -9999 -9999 -9999 -9999 -9999 -9999 -9999 -9999 -9999 -9999 -9999 299.25299 298.08099 -9999 -9999 -9999 -9999 306.15500 311.06699 313.41501 307.78400
310.89700 312.84000 313.16000 312.23099 315.07800 307.48001 303.02499 305.50800 308.43301 311.99899 312.22900 305.36700 305.37201 307.04401 308.16699 304.40201 301.98300 301.77600 299.92001 302.18500 302.24799 302.10501 304.10101 303.51300 299.99799 300.98700 302.42001 306.92401 306.91800 307.80801 307.71301 309.04599 309.18100 308.83200 307.76901 311.96399 311.35699 310.35001 309.60199 313.53000 312.41400 309.95099 310.45599 304.08600 304.33801 306.00500 304.85999 301.86200 303.88400 309.82800 312.29199 311.35800 312.84500 310.72800 308.39999 309.79901 309.39499 303.14001 302.83499 300.43100 301.02600 299.74399 -9999 -9999 -9999 -9999 -9999 308.05600 309.09799 308.08600
309.36099 311.29099 302.18500 305.37799 311.03699 306.25299 299.46100 303.43900 302.50601 303.04999 301.43100 300.04901 301.95001 299.79001 301.24899 298.84500 299.02701 301.40302 301.10501 301.77399 301.75800 299.27802 300.35901 299.39401 299.46100 300.46500 301.67700 305.19800 306.17001 306.45300 306.99600 306.81500 306.22299 306.70401 306.93399 305.43201 304.59399 303.68100 303.84900 303.93500 304.82599 305.73901 304.89600 303.72699 302.23599 303.92899 303.33200 301.30301 300.62000 311.03299 314.06100 310.88901 308.99899 309.67599 314.94501 317.73001 314.06900 312.89600 314.01001 311.42700 308.50900 309.31699 309.76001 306.21399 304.44800 305.90500 305.59698 304.81900 304.20499 306.07999
302.43100 312.67300 350.64700 299.71100 313.49701 317.54700 310.66199 309.09100 309.53500 301.05200 299.55801 299.23401 300.88400 298.97000 300.55701 298.13800 298.65302 301.33099 300.68201 302.43900 305.39200 303.05499 300.23099 300.37399 300.20801 300.28799 302.48099 306.39301 306.76199 306.61600 307.19199 306.63199 307.29099 306.73801 306.63300 305.43201 305.30499 304.58499 305.13599 303.91000 304.45401 305.69699 306.04800 304.62201 303.47800 304.76901 303.04999 301.49100 301.20499 306.85300 308.64499 310.35199 308.69000 308.53799 309.78201 311.97400 317.56000 317.36301 316.43701 315.95999 316.95599 314.75201 320.50800 316.42499 310.57800 309.17899 308.80099 306.04401 304.71701 307.36200
319.96701 316.70700 324.75201 314.44501 296.18701 304.84799 298.50101 301.89700 308.96301 304.12000 301.08801 300.36700 299.26999 297.82401 298.47198 297.48001 298.58200 297.85001 297.76001 300.03601 308.85101 307.20300 304.24100 304.80801 303.09100 304.60699 305.71201 307.46301 308.48499 307.71399 308.79599 310.75000 309.88501 309.53699 309.33499 308.04099 307.09299 307.70300 309.30899 309.58499 310.12299 307.98499 307.47501 309.70901 311.53201 308.23801 303.95901 300.97000 299.28799 303.71701 308.01099 309.23999 310.33600 310.71201 310.52100 310.80899 309.06201 307.34299 313.92401 316.49100 318.23700 322.07999 324.87799 329.75601 321.30899 319.09601 316.37399 314.63901 314.89001 313.78500
304.08301 314.04800 321.36499 321.65399 320.95700 312.26099 299.96899 305.40201 311.23999 311.41501 304.33301 319.38599 317.56000 310.99500 304.31699 300.18799 299.53699 297.42999 297.99399 300.80399 304.95001 307.99899 304.23999 304.99100 303.89899 305.23300 306.15701 307.90701 307.91699 307.51801 308.05499 310.22601 311.80099 312.18500 311.13300 308.53699 309.31900 311.67300 311.68900 312.53699 313.55399 312.47900 309.86499 306.89899 307.32700 309.83701 310.05399 308.06500 304.76199 305.34799 310.29999 312.19400 312.26099 311.27100 309.36499 312.80499 316.47299 315.66800 320.70801 317.03601 313.94901 317.49100 317.54501 320.72501 325.31100 332.88000 323.98401 326.91901 321.45300 319.17700
306.35001 310.61801 317.14001 323.15900 328.21899 335.86600 313.50800 307.98599 305.15399 306.91699 302.85199 310.17001 322.39200 329.56299 393.13699 317.40799 307.13101 301.16699 297.37500 296.11801 296.85599 296.54999 296.43701 299.12000 300.01300 303.99100 304.86099 307.79199 308.64099 307.77301 310.03601 310.95401 312.60400 314.13501 314.17099 309.12299 310.76300 310.88901 313.91699 313.44199 311.00601 309.03400 309.80499 307.16501 306.22501 308.24301 306.00699 307.05200 306.93799 304.80301 303.17599 301.98901 304.60999 305.50201 306.22299 307.32300 309.45300 310.70901 314.98700 316.80600 324.77399 324.49500 322.05600 322.87900 321.50299 319.55499 319.24600 320.08099 320.62299 320.03699
322.54099 325.41599 324.99701 371.32599 395.90399 338.11600 331.45401 332.98700 326.45200 319.06201 310.29300 302.11899 308.62500 313.71399 320.07800 327.73999 327.80801 324.98801 320.15302 311.49701 307.28299 301.89700 300.60400 301.12799 302.10699 304.23300 306.05801 308.90201 309.96100 313.81299 316.26501 312.76901 320.79999 323.44800 322.26099 317.82700 317.04300 315.16901 315.65500 314.32101 314.57199 312.00900 310.88101 307.32199 310.36700 310.87299 312.71399 313.31100 312.45401 312.94199 310.82800 312.85300 313.82501 314.94400 315.70700 315.75400 315.23599 318.42499 314.92899 318.29001 325.40399 322.80200 323.15100 324.48300 320.83801 319.07401 319.42599 324.15201 320.74100 318.00500
315.65500 321.14200 330.39401 385.28699 334.50201 390.13000 398.67001 341.43600 329.73300 326.06900 320.16699 318.28699 319.29401 314.75400 312.94901 313.50601 314.56000 317.35699 323.81201 327.35501 323.27600 318.96201 314.93900 310.60501 305.64401 305.88800 306.59201 309.61801 314.44199 319.46201 318.90601 318.63901 319.94601 324.82901 321.05099 323.03500 313.93100 313.75500 314.88400 318.91699 316.67801 311.72501 307.83899 308.61700 310.89899 317.92200 319.50601 319.19501 316.75800 313.81400 317.76300 319.40799 318.13199 319.67700 329.53299 321.23999 332.51501 321.29401 325.95999 319.80099 317.83600 321.49301 320.37201 324.32300 323.44800 327.72000 325.06500 320.45200 318.29300 315.86200
321.27301 322.07501 323.37701 322.73001 321.48901 330.55301 388.55099 349.29599 346.63800 338.07300 326.87000 319.16400 337.12900 330.55200 324.41800 337.33099 395.67300 392.25800 310.29300 323.07599 393.89600 341.22198 328.12799 325.35400 307.26700 306.53201 306.40201 310.91699 314.98700 318.19400 318.75201 321.30099 321.44199 321.08701 320.00000 312.76001 312.88400 316.34100 315.97000 318.25500 318.56201 322.06799 315.34201 313.20499 315.13800 308.81100 307.85400 313.57800 317.39401 317.87601 319.84698 321.15100 318.64801 316.78699 318.50500 325.84500 330.33301 324.24200 325.55399 318.78699 318.32300 317.67999 317.38400 324.85501 327.48001 321.67499 319.52100 318.73801 315.81699 312.85699
324.04901 321.53400 320.12399 318.89600 317.94601 323.60101 324.10800 324.26199 326.15701 325.28400 326.50400 325.12000 326.75601 324.67801 320.90302 328.48999 331.78101 392.64700 333.25299 325.16699 320.35999 321.62201 322.57101 322.71301 317.60699 313.18600 308.49100 311.73801 313.73801 315.01901 315.04999 318.85300 317.12299 316.34698 316.44699 315.21500 313.33701 310.63901 311.50101 311.91400 315.00000 321.71899 320.91901 320.22800 318.93600 308.91599 306.76300 311.67001 315.45099 317.72699 322.12399 323.85599 317.63101 316.47101 323.47800 320.59299 319.23099 318.29401 316.98901 325.24799 321.13300 320.45901 318.78799 321.16101 318.23099 318.58401 317.99200 318.47601 319.53799 320.29199
325.19101 323.39499 324.74200 325.94000 325.39999 326.30899 321.41699 320.61401 318.63000 319.74100 319.08701 327.01801 335.04401 326.59900 319.99899 318.76700 324.08200 327.19601 329.23700 362.38800 333.27100 323.49100 317.42801 316.06799 317.58899 323.32599 320.36499 316.13101 317.59698 319.23499 322.46301 320.41199 318.98199 314.18900 315.95801 315.75000 319.01501 317.11099 321.53000 316.84698 323.22699 330.07599 324.02100 322.82599 327.42499 322.50500 314.88400 315.37799 317.44901 314.87399 318.08899 321.03101 314.08099 309.86899 309.46600 308.13699 310.97198 314.11099 317.21399 318.02301 321.03299 319.44101 319.65302 322.09698 321.02399 320.09000 319.46701 319.41400 319.44901 318.62701
323.45901 325.31500 332.99500 385.12701 385.53699 327.41599 323.53400 321.08801 318.49100 318.46301 324.83801 325.54001 328.60599 356.17401 327.29700 320.08401 318.32599 325.28400 329.10400 339.78299 336.23099 331.59601 328.76401 328.50400 323.92999 321.33600 317.76401 325.49701 323.22101 321.27802 324.83401 319.24301 321.45901 316.90500 324.32001 324.52301 317.02802 317.51599 324.18799 322.03101 320.42200 327.02301 329.32401 327.96100 322.81799 324.94000 322.36801 322.30899 324.79599 322.65701 324.61301 323.76001 323.44501 318.00500 318.67499 320.05600 320.89200 318.81201 314.93799 314.20099 313.48499 313.16901 315.99301 319.46799 319.26599 318.52499 318.07401 317.46500 318.29800 324.56799
320.54401 317.29300 323.67599 385.47900 385.59000 384.23199 324.24200 323.17700 316.59500 321.67099 320.04501 317.58801 320.07700 323.07300 329.62701 326.14700 323.81699 326.98801 322.27701 326.36899 324.27200 339.07300 328.21701 326.47400 323.87601 320.81900 325.81900 334.20901 328.87799 326.46500 323.34299 328.27200 324.70901 321.72299 325.99799 330.23999 320.89401 319.81400 323.24301 328.32101 327.77399 327.84799 329.86600 326.14999 325.84399 325.04300 325.66501 319.42801 322.55600 325.73999 324.95700 322.63400 323.37100 316.97000 314.14001 316.36600 314.65900 315.64999 314.21899 310.25699 310.92899 314.03500 317.52600 319.90701 322.14600 328.40701 327.47601 328.05600 326.55701 328.33200
319.79800 322.99399 323.24600 341.78000 384.47101 382.95599 386.40500 384.77899 325.23801 328.61401 326.87100 319.97501 323.73499 320.83801 324.06000 334.67401 324.26999 320.51700 318.12601 321.73599 321.04300 322.98001 328.31400 328.68600 324.59100 318.53400 315.17801 321.57800 321.40100 318.50400 322.16000 320.94101 322.10800 323.93399 325.15201 327.59698 325.27301 318.87399 324.76501 328.32599 338.09900 322.65900 322.84601 326.11401 316.27399 316.98801 313.78201 311.63400 307.98999 312.31900 311.53000 310.06299 310.13501 308.51401 312.36401 316.06699 316.14801 314.06799 311.65900 311.47101 313.66199 316.60999 319.29099 325.29501 337.32700 343.69299 335.36099 338.59299 336.62500 331.37399
318.79099 313.66800 319.82700 330.38901 327.82800 380.81500 382.07901 388.78201 384.71399 338.23499 387.20200 385.63699 336.98599 327.20200 334.39700 330.06299 323.51501 324.33600 322.43500 317.67801 317.85599 322.52701 328.11301 339.20099 326.45300 319.14301 317.49600 326.07700 325.03000 327.23499 331.27100 326.62399 324.02701 328.62900 329.19199 331.17599 327.26999 323.48700 323.09299 325.80200 327.73199 322.83499 311.91599 317.92899 311.02301 303.98901 302.53201 308.87000 310.85800 319.12100 314.84799 -9999 -9999 306.84500 306.50101 304.90701 309.89401 311.27399 309.43701 310.43500 316.53500 321.04300 332.70300 357.71600 375.62299 372.22000 373.41101 372.17300 371.27100 347.60400
328.40900 326.93201 321.68799 323.86700 333.42999 338.12000 330.60199 386.22800 333.25400 354.19400 386.19299 387.50201 344.36401 372.75000 375.67099 328.95099 323.17401 326.80600 322.16199 319.05200 323.48300 322.29599 319.04800 321.72699 323.13199 333.31500 327.85999 328.98499 325.85501 327.39999 327.89200 332.56100 326.67001 329.58499 333.10599 331.77200 329.40900 322.20801 313.75900 304.35001 -9999 -9999 -9999 -9999 295.94199 -9999 317.85901 331.04599 324.87799 321.85800 311.64700 -9999 -9999 315.39401 313.39999 309.67999 308.69901 307.82101 312.25299 318.28201 326.88199 330.94800 339.89600 350.49100 371.66000 348.77600 377.91400 377.09000 374.51001 342.92200
