data/hydroclimate-scenarios/1948-2000.Pcorr55N_Pref_Tref/monthly_summaries/isr_monthly_avg_dec.1950-2000.asc
ncols	311
nrows	91
xllcenter	102.75
yllcenter	31.75
cellsize	0.5
NODATA_value	-9999
[rows 32 to 63 of 91, columns 0 to 70 of 311]
-9999 -9999 -9999 -9999 -9999 -9999 -9999 -9999 -9999 -9999 -9999 25.47630 25.51460 25.33160 25.42830 25.53810 25.68780 25.55910 25.62110 25.57800 25.58120 25.46440 25.31140 25.23500 25.14380 25.29300 25.21590 24.94260 24.79710 24.68630 24.55700 24.56670 24.44670 24.21700 24.34580 24.05450 24.29920 24.29370 24.40710 24.51520 24.50670 24.52520 24.46890 24.45370 24.39060 24.29260 24.34360 24.48560 24.49190 24.65500 24.49280 24.66770 24.57570 24.62610 24.53550 24.37770 24.31630 24.14490 24.10830 24.17810 24.14660 24.12090 24.13090 24.18480 24.04220 23.92690 24.28050 24.31960 24.76340 24.91800 24.91290
-9999 -9999 -9999 -9999 -9999 -9999 -9999 -9999 -9999 -9999 -9999 26.99180 27.05810 26.72440 26.78840 26.92170 26.87340 26.86200 26.91520 26.83880 26.81550 26.77590 26.56160 26.52990 26.55690 26.71180 26.66670 26.20680 25.81660 25.59440 25.48900 25.48640 25.41480 25.01970 25.06530 24.96830 25.17910 25.29560 25.44590 25.82430 25.74580 25.87940 25.87420 25.73550 25.88840 25.80240 25.83220 25.91440 25.94720 26.07970 25.89510 25.98610 25.77190 25.69320 25.59790 25.49470 25.47050 25.41340 25.36980 25.31760 25.28510 25.23780 25.16960 25.14600 25.22080 25.34470 25.24100 25.41090 25.69320 25.92980 25.89140
-9999 -9999 -9999 -9999 -9999 -9999 -9999 -9999 -9999 -9999 -9999 -9999 28.08360 28.01790 28.01180 28.31220 28.38920 28.27470 28.25740 28.12250 28.10110 28.07040 28.15510 28.21530 28.07950 28.38050 28.12900 27.85130 27.06960 26.70710 26.47150 26.26750 26.27570 26.14020 26.06900 25.93940 26.28290 26.37010 26.58030 26.95720 27.24420 27.33960 27.39600 27.27870 27.35880 27.32610 27.38410 27.09000 26.94090 27.23210 27.01240 27.05700 26.92780 26.95910 26.90810 26.54450 26.49060 26.50910 26.42290 26.44700 26.43450 26.59880 26.65470 26.57250 26.47740 26.42510 26.33760 26.56900 27.30900 27.44900 26.88240
-9999 -9999 -9999 -9999 -9999 -9999 -9999 -9999 -9999 -9999 -9999 -9999 28.98390 29.01290 29.32670 29.51470 29.44350 29.36900 29.44570 29.27900 29.41780 30.04640 30.00690 30.03160 30.04930 29.56450 29.09230 28.86440 28.27300 28.10740 27.92250 27.42770 27.04830 26.94290 26.92910 26.98920 27.07890 27.25460 27.44840 27.83080 28.40540 28.79130 28.79230 28.74320 28.84690 28.74880 28.75740 28.48790 28.34010 28.62870 28.52380 28.21010 28.09370 28.14080 28.00560 27.66810 27.49460 27.47950 27.40450 27.62040 27.70030 28.17270 28.27290 28.15590 27.87660 27.56350 27.75660 27.94310 28.17240 28.18060 28.49140
-9999 -9999 -9999 -9999 -9999 -9999 -9999 -9999 -9999 -9999 -9999 -9999 30.17440 30.08960 29.87900 30.03980 30.24630 30.34850 30.70770 30.86290 31.21990 31.46830 31.32000 31.39060 30.74220 30.87920 30.02200 29.10030 29.13350 28.95590 28.52630 28.13840 28.09500 28.28910 27.95710 27.97420 28.06480 27.99440 28.26700 29.06250 29.90470 30.29580 30.01980 30.05880 30.13740 30.65030 30.63730 30.41540 29.98060 29.93610 29.70490 29.48000 29.07210 29.22980 28.90330 28.78350 28.63630 28.66670 28.74700 29.15470 29.28670 29.49760 29.53510 29.09740 29.15950 29.23650 29.27640 29.29310 29.79350 29.90900 30.06940
-9999 -9999 -9999 31.23970 31.15400 31.03240 31.09850 31.03840 31.06420 -9999 31.07870 31.37380 31.03300 30.92710 30.80710 30.82510 31.07820 31.15120 31.83000 32.12980 32.17440 32.01200 31.53600 31.49330 31.15550 31.25790 30.80650 30.80170 30.45790 31.21720 30.15650 29.23010 29.71700 30.26800 29.74110 29.40530 29.74170 29.56640 29.69110 30.42650 30.82930 31.07260 31.00000 31.23520 31.77020 32.64730 33.03740 32.12170 31.68770 31.67700 31.54340 31.45040 31.23400 31.76560 31.30990 31.66750 31.61330 30.52570 31.05610 30.99420 30.78200 30.99780 30.98590 31.04030 30.79380 30.75540 31.04190 31.19830 31.07000 31.67340 31.95060
-9999 -9999 -9999 32.22030 32.07180 31.84140 32.18800 32.15740 32.18290 32.05650 31.87810 31.94600 32.08750 31.84880 31.95120 32.42150 32.70790 32.34340 32.45190 32.50690 32.25730 32.49240 31.52960 31.40320 31.64260 31.73170 31.94490 31.72670 32.05380 32.81230 31.54170 31.56940 31.52910 31.86290 31.57960 31.29920 31.70340 32.06050 31.44390 32.13960 32.47840 32.00150 31.81130 32.67490 33.53210 34.45390 34.56260 33.06440 33.02230 33.35840 33.26730 33.11160 33.45210 33.36490 32.33640 32.54730 32.05770 32.33900 33.00520 32.94170 32.70010 32.52140 32.72780 32.64740 32.76160 32.41320 32.51690 32.41700 32.85830 33.33950 33.89990
-9999 -9999 -9999 32.54690 32.32380 32.74870 33.35680 33.27980 32.88760 32.73520 32.77970 33.03780 33.44020 33.93440 34.68240 34.17280 34.44440 34.18030 33.33940 33.28880 33.35480 33.58440 32.84210 33.22970 33.63470 33.34550 33.33150 32.97420 32.99310 34.38910 35.51530 34.75880 33.39010 33.29660 33.76240 33.41830 33.07430 32.80490 32.85940 33.38520 33.84640 33.44640 33.55700 33.53160 33.90750 35.15800 35.22930 34.55010 34.49770 35.33100 35.48480 34.48990 34.24290 34.34220 33.81890 33.86090 33.52210 33.69310 34.29910 34.66000 34.24800 34.05990 34.04530 34.65460 34.44860 34.47890 34.46540 35.10580 35.96100 36.26480 36.78770
-9999 -9999 -9999 33.73460 33.35440 34.30710 34.90720 34.68780 34.41180 34.27880 33.77130 33.87590 35.39930 36.19010 36.64320 36.09420 36.40480 36.83670 36.29300 35.46800 35.80460 36.28010 36.82690 36.36820 35.58280 35.08100 34.74390 35.39620 36.70200 37.74390 36.70310 33.93970 35.30700 36.66590 36.61790 35.53790 34.40050 33.51970 34.15560 34.52360 35.23000 35.86240 36.73520 36.49480 35.91250 36.63880 37.24860 36.74560 37.59540 37.18960 37.20430 36.38800 36.08430 36.67660 35.99500 35.52670 35.52210 35.83090 36.25350 36.64470 37.58670 36.33890 36.45990 36.61650 36.80110 36.92670 37.19420 37.82110 38.82670 38.97500 37.65760
-9999 -9999 -9999 34.52570 34.61530 35.48920 35.26350 35.37500 35.80120 35.29470 34.73120 35.81300 37.05550 38.37190 38.86200 38.72840 38.90770 38.45690 36.83250 35.82390 36.42660 37.27700 37.61580 36.05530 35.56420 35.53980 34.99550 35.49700 36.81330 38.23000 38.39370 37.58960 38.00450 37.31880 36.89180 37.11600 36.75890 35.56030 35.36220 35.83790 36.51180 36.84060 37.40010 37.75650 37.01390 37.20410 37.62300 37.85010 38.02330 38.32550 38.29940 37.34590 37.29940 38.79920 37.47050 37.92720 37.11270 36.98470 37.63880 39.07430 39.19840 38.48370 38.78370 39.99630 40.19170 39.50990 39.84610 40.94310 41.42120 39.81940 37.98130
-9999 -9999 -9999 -9999 35.84160 36.50200 36.12910 37.46700 37.72950 37.18940 36.40700 36.81320 39.67750 38.48870 -9999 -9999 -9999 -9999 -9999 39.52040 39.46620 38.88360 39.22080 40.09940 39.19110 37.78120 36.21030 36.66680 37.45470 37.36290 37.79950 38.43540 38.51120 37.54490 36.87710 36.78590 36.87670 36.44830 36.73580 36.90980 36.91200 36.94570 37.44310 38.08170 37.95230 37.96390 38.75950 39.31350 39.12180 39.00920 39.12280 39.29500 38.73000 40.03030 40.19300 40.95760 40.98240 40.78410 40.50470 40.66340 41.41680 42.02770 42.27910 42.23440 42.44320 42.95100 42.28820 41.19820 40.53070 -9999 -9999
-9999 -9999 37.80660 37.14650 37.46840 37.23470 37.59870 39.07670 38.59960 38.58580 37.86560 38.81480 41.33240 -9999 -9999 -9999 -9999 -9999 43.26350 41.24030 40.73810 39.41600 39.29840 40.15220 39.81360 39.45340 37.88550 37.72070 37.92390 38.03100 38.23200 38.70130 38.85540 38.44010 38.29960 38.01720 38.44070 38.33180 38.30170 38.33100 38.67300 38.32810 38.67360 38.84650 38.37120 38.59400 39.21160 39.06510 38.60250 38.89560 39.01300 39.24840 39.68030 39.80970 40.47650 39.98000 40.68630 42.06940 42.25180 41.44060 42.07600 42.50110 42.88930 43.46760 43.43060 43.23150 42.98690 -9999 -9999 -9999 -9999
-9999 -9999 40.24430 39.20490 38.67290 38.21380 38.37380 39.79960 39.78260 39.54530 40.42380 41.30470 41.63090 -9999 -9999 -9999 -9999 42.21980 44.37740 42.13320 41.84400 41.21540 40.67530 40.70410 39.69540 39.47520 39.56120 39.25460 39.02790 38.93950 39.48100 40.25380 39.71280 39.80870 40.05040 40.04450 39.89470 40.03800 40.70250 41.11800 41.08190 40.97500 41.28500 41.37660 41.51720 41.04450 40.98490 40.73620 39.99990 40.10340 39.99470 39.95990 40.17700 40.27390 40.46350 39.93510 40.58150 42.17650 42.78280 42.39120 42.32450 43.49310 43.01320 42.85100 42.67450 -9999 -9999 -9999 -9999 -9999 43.22640
-9999 -9999 41.60450 41.03180 40.57480 40.10600 40.08370 40.64740 40.96960 41.56870 43.03620 43.87220 38.93130 -9999 -9999 -9999 -9999 45.81910 45.36970 44.09770 43.39100 42.20220 41.42520 41.28380 41.07400 41.26560 41.66530 40.85350 40.96880 40.84430 41.50120 41.41810 41.68880 42.17810 41.97760 42.10430 42.24300 42.40060 42.95160 42.39600 42.21080 41.91670 42.01200 42.99910 42.67180 43.03600 43.30240 42.50120 42.11760 42.04180 41.47710 41.71520 41.70200 41.95170 42.26550 41.41810 41.63470 42.67880 42.59150 42.58160 41.87850 41.95770 42.36780 44.26860 45.95520 46.72570 45.21840 46.66530 45.46830 -9999 -9999
-9999 -9999 -9999 42.89280 42.78800 42.32620 41.85220 42.35370 43.26950 44.81070 44.56110 41.03820 -9999 -9999 -9999 -9999 46.74880 47.58230 45.66860 45.06280 44.53130 43.38770 43.08440 42.94140 42.89110 42.99110 42.85240 43.06530 43.05690 43.71370 43.54480 42.91490 42.65060 42.80400 42.65790 43.35840 43.07970 42.92320 42.98880 43.27060 43.39370 43.13310 43.63090 43.77040 43.38600 43.81230 43.56350 43.04470 42.97350 42.82070 43.82760 43.90220 43.57540 43.94910 44.92070 45.04110 44.91490 45.22350 45.02740 43.48020 43.08640 43.93400 45.71230 50.27270 53.46520 48.22600 46.29550 47.32300 46.43020 44.31470 -9999
-9999 -9999 -9999 -9999 44.18140 43.80780 43.44350 44.66000 45.66140 44.85320 42.41980 -9999 -9999 -9999 -9999 48.61130 48.80300 48.01860 46.70900 46.35830 45.61200 45.03670 45.07610 45.22970 45.25030 44.83140 44.23620 44.51290 44.91350 44.62780 44.60240 43.81400 43.75210 43.69860 44.22980 44.95830 44.98410 44.78680 44.97480 45.31580 45.40670 45.13550 45.06850 45.25860 44.83180 45.27030 45.40200 44.63220 44.31070 44.27660 44.52510 44.53670 45.20540 45.31430 45.23580 45.38540 45.73990 46.49070 46.69060 45.18830 46.13430 47.80390 48.56840 50.09180 51.65150 49.96010 47.46870 47.51580 48.37960 47.54080 47.41150
-9999 -9999 -9999 -9999 -9999 -9999 47.05460 46.97490 45.25720 45.00760 46.88820 -9999 -9999 -9999 -9999 -9999 49.26570 48.92410 48.19160 47.53730 47.26660 46.23380 46.96510 47.60150 47.41710 46.44810 46.05120 46.25200 46.20260 46.08660 46.33890 45.68360 45.43900 45.77510 45.70380 46.29320 46.91980 47.65770 47.18280 47.73840 47.86010 48.29750 48.16710 47.75720 47.31530 46.88080 46.51010 46.35490 46.54790 46.13690 46.34890 46.44480 46.61150 46.43650 46.78090 46.76920 46.89910 47.63050 47.68370 47.60380 48.34130 49.48520 50.46560 53.08770 54.29320 52.36250 49.48110 48.19150 48.81260 48.91440 49.08130
-9999 -9999 -9999 -9999 -9999 -9999 -9999 -9999 -9999 -9999 -9999 -9999 -9999 -9999 -9999 -9999 -9999 -9999 -9999 49.39330 49.05550 48.36620 48.29210 49.06870 48.70780 48.40280 48.38210 47.68260 47.73550 47.79580 47.98990 47.59120 48.15850 47.80890 47.85540 48.61730 48.58670 49.70870 49.84930 50.52660 51.02660 50.66060 50.02200 49.81720 49.55350 49.02200 48.36720 48.09910 47.90200 48.07630 48.34320 47.98720 48.50770 48.09390 48.48720 48.47220 48.51840 48.91080 49.37610 49.08640 51.06060 50.64510 51.96160 54.70070 55.09260 52.00210 49.75440 49.57150 49.94790 50.92580 51.51110
-9999 -9999 -9999 -9999 -9999 -9999 -9999 -9999 -9999 -9999 -9999 -9999 -9999 -9999 -9999 -9999 -9999 -9999 52.11220 51.78470 51.12680 50.64290 50.29460 50.48740 50.54330 50.60840 50.23550 50.35880 50.20180 50.24200 50.41760 50.27740 50.59460 50.37700 50.64360 50.80480 51.40690 51.52140 52.09660 52.86040 53.27110 52.64210 52.55330 52.42880 51.83830 51.56420 50.61570 49.88180 49.41710 49.75830 49.90780 50.10930 50.30200 50.16350 50.65810 50.74290 51.02010 51.80920 52.63320 51.54380 51.57100 51.43520 52.75060 53.92510 54.72630 53.01770 51.93070 51.04090 51.37620 51.54870 52.22130
-9999 -9999 -9999 -9999 -9999 -9999 -9999 -9999 -9999 -9999 -9999 -9999 -9999 -9999 -9999 -9999 -9999 54.29890 54.36690 53.20640 53.01340 52.88980 52.63040 52.59490 52.41600 52.00550 51.95340 52.48030 53.01870 53.02210 52.86170 52.37410 52.68430 51.99400 51.93060 53.18990 54.12940 54.48760 54.66830 55.31380 55.19600 54.98780 54.77410 54.04810 53.76450 53.32700 52.69640 52.35100 51.52640 51.32690 51.45740 51.44940 52.13310 52.27250 52.45520 52.48160 53.01260 53.61130 54.07230 52.80900 51.58780 52.80390 55.70810 56.91740 53.76060 54.02440 54.03010 53.25460 53.07520 53.05790 54.79600
-9999 -9999 -9999 -9999 -9999 -9999 -9999 -9999 -9999 -9999 -9999 -9999 -9999 -9999 -9999 -9999 -9999 56.30990 56.09080 56.31160 55.90120 54.88880 54.14290 54.12130 53.69740 54.59170 54.57130 54.47790 55.01730 54.84770 54.90010 54.11550 53.77550 53.77490 54.52770 55.03720 55.78790 56.41270 57.33970 57.35060 56.89240 56.59470 56.16180 55.70990 55.30100 54.67440 54.11910 55.22330 54.32660 52.46400 52.39440 53.06850 53.68890 53.98400 54.16670 54.59570 55.99150 55.40850 54.88250 54.52500 54.86470 55.87770 56.35700 57.22200 59.21760 57.74020 55.84770 56.89850 54.90690 54.62960 54.95480
-9999 -9999 -9999 -9999 -9999 -9999 -9999 -9999 -9999 -9999 -9999 -9999 -9999 -9999 -9999 -9999 59.37110 59.54720 59.41370 58.93510 57.35340 56.00120 56.02590 55.89290 55.50200 56.15210 56.06430 56.14700 56.33950 56.52020 56.41230 55.66380 55.37190 55.26320 55.71120 56.39810 57.17710 58.30750 59.22420 58.62760 58.36650 58.52000 58.25090 57.28900 56.79120 56.26210 56.28390 57.52270 56.66540 54.27160 54.30780 55.12360 55.76900 55.95590 55.99670 56.48490 56.36540 56.32900 56.34030 56.77840 56.53890 56.69100 58.00000 60.83330 59.32380 58.41140 58.08870 57.57510 55.86480 55.87310 57.11980
-9999 -9999 -9999 -9999 -9999 -9999 -9999 -9999 -9999 -9999 -9999 -9999 -9999 60.86450 62.10770 62.31490 62.63040 62.53040 60.96470 59.82210 58.63460 58.42630 56.91680 58.67440 58.42330 57.62100 57.42410 57.45380 57.76710 58.38720 58.12760 57.64610 57.94830 57.79940 58.13520 58.34780 58.75180 59.49270 59.93070 59.99400 59.90810 60.56930 60.43860 59.51270 58.86110 58.72800 58.59430 58.41080 58.83540 58.53820 57.88990 57.56000 57.76180 58.01040 57.96680 58.22530 57.98590 57.87570 57.70380 57.54730 57.90730 57.65600 58.06970 58.39940 57.74010 57.12210 57.09520 57.48730 57.60030 58.28990 60.20970
-9999 -9999 -9999 -9999 -9999 -9999 -9999 -9999 -9999 -9999 -9999 -9999 62.66040 63.97550 64.71120 64.78260 64.41990 63.53490 63.47610 61.74270 61.67530 60.68320 58.96020 60.82470 60.53180 59.58430 59.34650 58.97130 58.96670 59.80110 59.58930 59.42420 59.75140 59.72470 59.57930 59.73900 60.10330 60.38820 60.92840 60.49040 61.41180 62.55250 62.78030 61.72580 60.79170 60.52460 60.34110 60.38220 61.27960 61.67080 61.17150 60.31560 60.38890 60.26120 59.97240 59.85350 60.00910 60.29000 60.33870 60.27260 59.87380 58.73080 58.88910 59.26260 58.85580 58.36980 58.86000 59.06550 59.70060 61.71670 63.87370
-9999 -9999 -9999 -9999 -9999 -9999 -9999 -9999 -9999 -9999 -9999 66.85590 66.77460 67.21810 66.24450 65.80800 65.39880 65.29690 65.01420 64.37350 63.39570 61.81570 61.12010 61.71440 61.82020 61.86500 61.72430 60.41780 59.42810 60.83700 61.63040 61.72890 62.07030 62.73730 62.51490 62.27070 62.59410 62.36810 60.88740 61.07330 62.16920 62.51870 62.63180 62.83260 62.18700 61.33140 61.46340 62.63920 63.12150 63.64200 63.95650 64.13420 63.54600 63.74170 63.27280 61.75760 61.68540 62.32220 61.68780 60.57700 60.62750 59.45220 59.15960 59.44670 59.26980 59.75030 60.50310 60.86470 63.03670 65.00570 67.67860
-9999 -9999 -9999 -9999 -9999 -9999 -9999 -9999 -9999 -9999 69.73150 69.68550 68.66450 69.40800 68.43800 67.40860 67.94320 67.63400 67.29600 66.13820 65.05360 63.85320 63.23120 63.66910 63.38570 63.83430 63.80410 62.11020 61.64670 63.41310 64.06690 64.47140 65.10140 65.53180 65.82130 65.25550 65.25180 64.76160 63.34900 62.96520 63.52040 63.40170 63.69720 63.89850 63.49030 62.91880 62.57110 63.97760 64.55310 64.89990 65.84650 66.06590 66.27060 66.26580 65.69300 64.29110 63.84730 64.16150 62.98510 62.20520 62.39420 61.59070 61.38650 61.38670 61.42220 61.64980 61.84890 63.34590 66.28840 68.37400 70.81580
-9999 -9999 -9999 -9999 -9999 -9999 -9999 -9999 -9999 69.46930 70.06370 69.21610 69.72610 70.31730 69.75500 69.79920 69.75740 67.43370 66.05650 66.74730 66.36830 65.95320 65.20960 66.02590 65.28270 64.81290 64.57960 64.82510 64.56900 66.18570 66.59870 67.95120 68.67490 68.40480 69.26960 69.22200 68.88090 67.34350 66.42150 65.98860 65.69040 63.96900 64.08730 64.44290 64.50310 64.79250 64.40680 64.28700 64.71460 64.98290 66.21230 67.98690 68.46480 69.82280 70.15110 66.81610 65.85740 64.54280 64.26580 64.52250 64.41260 64.23250 64.25790 63.48530 63.25170 64.08550 64.46640 66.98680 69.33860 71.17230 71.20870
-9999 -9999 -9999 -9999 -9999 -9999 -9999 -9999 -9999 -9999 71.99430 70.86130 71.01680 71.37860 71.24730 71.56910 71.83260 69.51390 68.77030 69.38630 69.16510 68.07730 67.66870 -9999 -9999 -9999 -9999 -9999 -9999 68.94320 69.79120 70.54210 71.33890 71.24000 71.87580 72.16440 71.02330 69.08780 68.56880 68.04350 67.72250 65.87640 65.62100 65.80750 66.05970 66.47280 66.62650 66.28430 66.51440 66.39790 67.72150 69.74010 71.43840 71.75450 72.05270 68.54960 67.88680 66.40790 66.18300 66.53630 66.87590 67.24550 66.86440 66.24390 67.48950 67.12120 68.89270 70.42220 75.35480 75.81700 76.24290
-9999 -9999 -9999 -9999 -9999 -9999 -9999 -9999 -9999 -9999 -9999 -9999 72.57750 72.06610 72.60410 71.69740 72.13940 71.97220 71.40740 -9999 -9999 -9999 -9999 -9999 -9999 -9999 -9999 -9999 -9999 -9999 -9999 -9999 -9999 73.83350 74.76930 73.22790 72.24670 70.42610 69.68810 69.94510 69.77430 68.08750 67.58990 68.46730 68.54990 68.21160 68.18420 67.97970 68.18490 68.68810 69.77510 71.62230 72.53780 72.81210 71.51470 69.84310 69.83210 69.19500 68.82680 69.22150 69.64870 69.81010 70.15440 69.22950 68.98760 69.53490 71.56180 73.19180 75.43570 74.91210 75.58720
-9999 -9999 -9999 -9999 -9999 -9999 -9999 -9999 -9999 -9999 -9999 -9999 -9999 -9999 -9999 -9999 -9999 -9999 -9999 -9999 -9999 -9999 -9999 -9999 -9999 -9999 -9999 -9999 -9999 -9999 -9999 -9999 -9999 -9999 76.41140 74.85700 73.48560 72.93980 71.64340 72.05150 71.82630 70.40950 70.18940 70.14050 70.97440 70.70640 70.71760 70.32680 70.58220 71.41220 72.47800 73.56530 74.12650 74.16710 73.59020 71.85730 72.03820 73.13150 73.14950 72.82350 72.66540 72.64830 72.40860 71.86560 71.56750 72.49120 74.84280 77.69740 79.66240 77.79310 76.08210
-9999 -9999 -9999 -9999 -9999 -9999 -9999 -9999 -9999 -9999 -9999 -9999 -9999 -9999 -9999 -9999 -9999 -9999 -9999 -9999 -9999 -9999 -9999 -9999 -9999 -9999 -9999 -9999 -9999 -9999 -9999 -9999 -9999 -9999 77.63380 77.24540 76.91750 73.31310 71.51210 70.76080 70.77620 71.53150 71.65750 73.01040 72.12970 73.74820 74.23970 74.22710 74.34540 73.91400 74.56660 75.84760 75.74970 77.41020 76.79990 75.31420 74.28770 74.27770 74.61220 74.40220 74.20820 73.85450 74.80910 74.79570 74.95290 76.55920 77.79680 79.90140 81.44210 79.79550 -9999
-9999 -9999 -9999 -9999 -9999 -9999 -9999 -9999 -9999 -9999 -9999 -9999 -9999 -9999 -9999 -9999 -9999 -9999 -9999 -9999 -9999 -9999 -9999 -9999 -9999 -9999 -9999 -9999 -9999 -9999 -9999 -9999 -9999 -9999 -9999 -9999 -9999 -9999 72.57370 73.11610 72.99900 74.40060 74.13150 74.95620 75.00770 75.76850 76.65700 76.91700 77.53980 76.96440 77.72580 78.70950 78.82660 80.88640 79.72890 77.72780 76.86190 75.86320 76.37230 76.16210 76.16630 75.38260 77.01660 77.84990 79.60850 80.01180 80.61900 81.74180 80.50190 -9999 -9999
