data/hydroclimate-scenarios/1948-2000.Pcorr55N_Pref_Tref/monthly_summaries/isr_monthly_avg_apr.asc
ncols	311
nrows	91
xllcenter	102.75
yllcenter	31.75
cellsize	0.5
NODATA_value	-9999
[rows 0 to 30 of 91, columns 70 to 139 of 311]
-9999 -9999 -9999 -9999 -9999 -9999 -9999 -9999 -9999 -9999 -9999 -9999 -9999 -9999 -9999 -9999 -9999 -9999 -9999 -9999 -9999 -9999 -9999 -9999 -9999 -9999 -9999 -9999 -9999 -9999 -9999 -9999 -9999 -9999 -9999 -9999 -9999 -9999 -9999 -9999 -9999 -9999 -9999 -9999 -9999 -9999 -9999 -9999 -9999 -9999 -9999 -9999 -9999 -9999 -9999 -9999 -9999 -9999 -9999 -9999 -9999 -9999 -9999 -9999 -9999 -9999 -9999 -9999 -9999 -9999
-9999 -9999 -9999 -9999 -9999 -9999 -9999 -9999 -9999 -9999 -9999 -9999 -9999 -9999 -9999 -9999 -9999 -9999 -9999 -9999 -9999 -9999 -9999 -9999 -9999 -9999 -9999 -9999 -9999 -9999 -9999 -9999 -9999 -9999 -9999 -9999 -9999 -9999 -9999 -9999 -9999 -9999 -9999 -9999 -9999 -9999 -9999 -9999 -9999 -9999 -9999 -9999 -9999 -9999 -9999 -9999 -9999 -9999 -9999 -9999 -9999 -9999 -9999 -9999 -9999 -9999 -9999 -9999 -9999 -9999
-9999 -9999 -9999 -9999 -9999 -9999 -9999 -9999 -9999 -9999 -9999 -9999 -9999 -9999 -9999 -9999 -9999 -9999 -9999 -9999 -9999 -9999 -9999 -9999 -9999 -9999 -9999 -9999 -9999 -9999 -9999 -9999 -9999 -9999 -9999 -9999 -9999 -9999 -9999 -9999 -9999 -9999 -9999 -9999 -9999 -9999 -9999 -9999 -9999 -9999 -9999 -9999 -9999 -9999 -9999 -9999 -9999 -9999 -9999 -9999 -9999 -9999 -9999 -9999 -9999 -9999 -9999 -9999 -9999 -9999
-9999 -9999 -9999 -9999 -9999 -9999 -9999 -9999 -9999 -9999 -9999 -9999 -9999 -9999 -9999 -9999 -9999 -9999 -9999 -9999 -9999 -9999 -9999 -9999 -9999 -9999 -9999 -9999 -9999 -9999 -9999 -9999 -9999 -9999 -9999 -9999 -9999 -9999 -9999 -9999 -9999 -9999 -9999 -9999 -9999 -9999 -9999 -9999 -9999 -9999 -9999 -9999 -9999 -9999 -9999 -9999 -9999 -9999 -9999 -9999 -9999 -9999 -9999 -9999 -9999 -9999 -9999 -9999 -9999 -9999
-9999 -9999 -9999 -9999 -9999 -9999 -9999 -9999 -9999 -9999 -9999 -9999 -9999 -9999 -9999 -9999 -9999 -9999 -9999 -9999 -9999 -9999 -9999 -9999 -9999 -9999 -9999 -9999 -9999 -9999 -9999 -9999 -9999 -9999 -9999 -9999 -9999 -9999 -9999 -9999 -9999 -9999 -9999 -9999 -9999 -9999 -9999 -9999 -9999 -9999 -9999 -9999 -9999 -9999 -9999 -9999 -9999 -9999 -9999 -9999 -9999 -9999 -9999 -9999 -9999 -9999 -9999 -9999 -9999 -9999
-9999 -9999 -9999 -9999 -9999 -9999 -9999 -9999 -9999 -9999 -9999 -9999 -9999 -9999 -9999 -9999 -9999 -9999 -9999 -9999 -9999 -9999 -9999 -9999 -9999 -9999 -9999 -9999 -9999 -9999 -9999 -9999 -9999 -9999 -9999 -9999 -9999 -9999 -9999 -9999 -9999 -9999 -9999 -9999 -9999 -9999 -9999 -9999 -9999 -9999 -9999 -9999 -9999 -9999 -9999 -9999 -9999 -9999 -9999 -9999 -9999 -9999 -9999 -9999 -9999 -9999 -9999 -9999 -9999 -9999
-9999 -9999 -9999 -9999 -9999 -9999 -9999 -9999 -9999 -9999 -9999 -9999 -9999 -9999 -9999 -9999 -9999 -9999 -9999 -9999 -9999 -9999 -9999 -9999 -9999 -9999 -9999 -9999 -9999 -9999 -9999 -9999 -9999 -9999 -9999 -9999 -9999 -9999 -9999 -9999 -9999 -9999 -9999 -9999 -9999 -9999 -9999 -9999 -9999 -9999 -9999 -9999 -9999 -9999 -9999 -9999 -9999 -9999 -9999 -9999 -9999 -9999 -9999 -9999 -9999 -9999 -9999 -9999 -9999 -9999
-9999 -9999 -9999 -9999 -9999 -9999 -9999 -9999 -9999 -9999 -9999 -9999 -9999 -9999 -9999 -9999 -9999 -9999 -9999 -9999 -9999 -9999 -9999 -9999 -9999 -9999 -9999 -9999 -9999 -9999 -9999 -9999 -9999 -9999 -9999 -9999 -9999 -9999 -9999 -9999 -9999 -9999 -9999 -9999 -9999 -9999 -9999 -9999 -9999 -9999 -9999 -9999 -9999 -9999 -9999 -9999 -9999 -9999 -9999 -9999 -9999 -9999 -9999 -9999 -9999 -9999 -9999 -9999 -9999 -9999
-9999 -9999 -9999 -9999 -9999 -9999 -9999 167.01300 -9999 -9999 -9999 -9999 -9999 -9999 -9999 -9999 -9999 -9999 -9999 -9999 -9999 -9999 -9999 -9999 -9999 -9999 -9999 -9999 -9999 -9999 -9999 -9999 -9999 -9999 -9999 -9999 -9999 -9999 -9999 -9999 -9999 -9999 -9999 -9999 -9999 -9999 -9999 -9999 -9999 -9999 -9999 -9999 -9999 -9999 -9999 -9999 -9999 -9999 -9999 -9999 -9999 -9999 -9999 -9999 -9999 -9999 -9999 -9999 -9999 -9999
-9999 -9999 -9999 167.22900 165.56300 168.02200 168.55499 170.06500 170.54601 170.39900 170.57201 169.24400 169.04700 165.78799 165.81100 164.12801 163.20399 166.11700 165.66100 165.88300 165.09801 162.12000 161.87500 -9999 -9999 -9999 -9999 -9999 -9999 -9999 -9999 -9999 -9999 -9999 -9999 -9999 -9999 -9999 -9999 -9999 -9999 -9999 -9999 -9999 -9999 -9999 -9999 -9999 -9999 -9999 -9999 -9999 -9999 -9999 -9999 -9999 -9999 -9999 -9999 -9999 -9999 -9999 -9999 -9999 -9999 -9999 -9999 -9999 -9999 -9999
-9999 -9999 -9999 -9999 -9999 169.81599 170.04300 172.82401 172.61700 172.49500 172.12500 171.78300 171.50600 171.54100 170.91400 170.86800 170.40900 168.73900 167.93201 168.07100 167.91600 167.56400 167.60699 -9999 -9999 -9999 -9999 -9999 -9999 -9999 -9999 -9999 -9999 -9999 -9999 -9999 -9999 -9999 -9999 -9999 -9999 -9999 -9999 -9999 -9999 -9999 -9999 -9999 -9999 -9999 -9999 -9999 -9999 -9999 -9999 -9999 -9999 -9999 -9999 -9999 -9999 -9999 -9999 -9999 -9999 -9999 -9999 -9999 -9999 -9999
174.93700 175.58800 175.32500 175.69200 175.57500 172.74699 172.51900 175.57300 175.90401 175.01601 175.01900 174.04700 174.16299 173.83701 173.49001 173.67300 172.92700 171.50301 171.14999 170.51100 170.03600 170.08299 170.03600 170.19000 170.03000 170.78600 170.64400 171.54900 171.66200 -9999 -9999 -9999 -9999 -9999 -9999 -9999 -9999 -9999 -9999 -9999 -9999 -9999 -9999 -9999 -9999 -9999 -9999 -9999 -9999 -9999 -9999 -9999 -9999 -9999 -9999 -9999 -9999 -9999 -9999 -9999 -9999 -9999 -9999 -9999 -9999 -9999 -9999 -9999 -9999 -9999
179.92400 179.88300 179.82300 178.31300 178.03000 176.82401 177.08099 178.81500 178.80000 177.91100 177.52299 176.94501 176.36501 176.95000 176.72099 174.53200 174.54700 173.08900 172.25999 172.25999 171.41499 172.59200 172.95599 173.47701 173.24899 173.98300 173.53500 173.87801 173.14700 172.37399 172.26300 173.63699 173.78300 170.47000 170.26100 169.46700 169.36200 170.62601 170.28300 171.15401 170.84700 172.44200 172.22501 167.53000 -9999 -9999 -9999 -9999 -9999 -9999 -9999 -9999 -9999 -9999 -9999 -9999 -9999 -9999 -9999 -9999 -9999 -9999 -9999 -9999 -9999 -9999 -9999 -9999 -9999 -9999
182.79601 183.26300 183.32600 182.16400 182.03799 180.04900 180.05400 181.21899 181.12900 180.88800 180.55000 180.10201 179.61600 180.06200 179.78700 177.64101 177.15199 176.11301 176.79201 175.50999 174.26401 175.86900 176.34000 176.67300 177.06700 177.20100 177.00200 177.01700 176.99200 175.76500 176.24899 177.37500 177.11200 172.89400 172.31200 172.16499 171.78300 173.67700 173.33299 173.92101 173.27299 175.16901 175.12100 170.19501 170.07899 -9999 -9999 -9999 -9999 -9999 -9999 -9999 -9999 -9999 -9999 -9999 -9999 -9999 -9999 -9999 -9999 -9999 -9999 -9999 -9999 -9999 -9999 -9999 -9999 -9999
187.09200 186.61900 186.30299 185.26100 186.27800 184.30299 183.62300 184.16800 183.16000 182.45399 181.95799 184.21201 183.51801 181.12399 180.53500 180.43800 179.78101 179.03400 178.16499 176.29401 176.40401 176.82100 177.39400 176.90401 177.22900 178.47400 178.47800 178.76401 177.92700 178.96600 178.78999 177.53300 177.00500 177.05800 176.73000 175.97000 175.61400 178.85400 178.35699 179.03101 178.86301 178.82899 178.23700 176.48801 176.39301 -9999 -9999 -9999 -9999 -9999 -9999 -9999 -9999 -9999 -9999 -9999 -9999 -9999 -9999 -9999 173.65100 173.95300 -9999 -9999 -9999 -9999 175.37801 176.80800 177.79500 176.31400
188.59599 188.73000 188.79401 188.15500 187.99600 185.79800 184.72800 185.32201 185.05800 184.46400 183.82700 185.92400 186.02901 183.94400 184.20399 183.78999 182.91299 182.13901 180.46600 178.85400 178.54300 179.96700 180.23399 179.62000 178.76401 179.88000 180.02499 180.77699 180.87300 181.64400 181.13400 180.05400 180.05099 179.68500 179.34200 178.68600 178.64400 181.83900 181.03500 181.99699 181.95500 181.54100 181.15500 178.89700 179.06000 178.98599 178.58600 176.54800 177.05400 180.76700 181.47301 179.20300 179.34100 178.41299 177.69299 177.42700 177.18300 176.50999 176.22800 176.35400 176.68600 176.33099 -9999 -9999 -9999 -9999 -9999 178.56799 179.09599 179.38100
189.42700 191.78400 189.35201 190.64799 191.78999 188.87601 187.47600 188.24200 187.81500 185.62700 185.15900 187.38200 187.76100 185.07001 185.01801 184.09599 183.52299 182.85899 181.96001 182.50200 182.17900 182.04900 182.09500 181.21700 181.51500 180.92101 181.35899 181.30099 181.37399 181.30600 181.50400 180.92400 180.27499 181.81000 181.70200 181.42500 181.04500 181.43100 181.49600 182.15800 181.77200 180.91499 180.45399 181.03400 180.49001 179.49600 179.28500 178.20200 178.29800 181.16100 181.85600 180.70200 179.78600 179.57700 180.94701 181.11600 180.08800 179.80499 179.77400 179.54100 179.23599 180.23100 180.54700 180.40500 179.82800 180.15300 179.74500 181.26500 182.29401 180.43500
190.57401 194.81599 221.94701 191.89400 195.13200 195.00900 192.43600 191.91100 191.55000 187.81599 187.48100 189.65700 190.25800 187.22200 187.40601 186.46500 186.23599 185.27400 184.81500 185.47301 186.02400 185.56300 184.80000 184.56200 184.12801 183.65700 183.39000 183.62801 184.52299 184.67700 184.39999 183.56400 183.30200 184.50900 184.60300 184.00700 183.17900 184.36400 184.20000 184.55800 184.48100 183.47000 183.17000 183.60201 182.83800 181.97800 181.46201 180.08800 180.72900 182.83099 182.92700 182.56500 181.95500 181.88800 182.28799 181.72400 182.79500 183.37399 182.82500 183.71400 184.21201 184.23700 185.89600 184.58000 183.60600 183.56799 183.42599 184.10300 183.26900 183.00101
195.69299 199.64799 203.64999 199.50900 196.24400 196.17999 195.28700 194.07700 195.00301 193.50500 192.06599 190.02800 189.57899 190.91400 190.93800 188.41299 187.94000 188.74400 188.23500 189.04100 190.03600 188.79201 187.99400 188.83800 189.06400 186.94400 186.60400 186.63600 186.95700 188.47099 189.16100 188.96500 188.17300 186.05299 185.25200 185.24699 184.54401 185.87500 185.75600 186.15500 185.84900 184.48500 184.33000 184.40500 184.24600 182.81900 181.96600 181.16499 180.93500 182.81300 182.99899 183.45200 184.81200 182.30901 182.74100 181.97301 181.75500 183.38300 185.09599 185.22501 185.92101 186.08900 187.30200 189.70599 185.34500 186.14301 185.52000 184.42000 183.95300 187.17101
194.21201 201.35300 203.71400 204.86400 204.54401 200.61400 198.18201 197.26401 198.03101 196.71100 195.43500 197.03600 196.54900 196.71899 194.89000 191.95500 190.81000 191.42101 191.10400 191.80800 192.21500 191.96400 190.75301 191.96400 191.27200 189.56900 189.06200 189.31200 189.10201 191.59200 191.39101 191.39900 191.46300 189.63901 189.22301 188.54601 188.38000 188.94400 188.25600 188.69400 188.72501 188.10100 186.76500 185.53700 185.31000 185.37700 184.91200 185.10699 183.88100 184.88000 185.71800 186.97501 187.27499 184.77000 184.92000 185.05600 186.25200 187.60500 189.92599 187.74300 187.26100 186.71800 186.83299 186.95000 189.28200 195.92799 191.25800 191.36000 189.27400 191.02499
193.98700 198.77800 201.35500 205.23599 207.93900 211.44400 200.68700 200.00800 199.25999 199.56500 198.15300 200.59599 204.05099 206.46800 242.25400 200.36700 197.29300 195.49300 194.01700 191.74200 191.79700 193.36000 192.98199 192.96600 193.07600 192.01500 192.15100 193.26401 193.03600 192.85100 193.05400 193.06200 192.75800 193.54300 192.92900 192.26700 192.07300 191.63000 192.12700 190.19901 189.61200 188.52200 188.87700 187.59500 187.24500 186.24699 185.97701 185.59599 185.13400 184.60201 184.93600 185.79401 186.16800 184.12801 184.55800 185.50400 186.63499 188.87199 189.62199 190.22200 193.59599 191.82201 190.75700 190.03300 190.53500 191.11301 191.13699 191.35400 191.51900 190.92300
200.08900 205.87801 206.03700 243.20599 249.41200 214.47900 209.64101 210.25700 206.74500 204.44501 202.63300 200.94299 201.73199 201.41800 203.43600 206.73900 206.45900 203.99600 201.43401 197.61301 196.40199 197.08000 196.38499 196.06799 196.06100 195.54201 195.51401 196.50700 197.16499 197.66800 197.54900 195.96300 196.54401 197.04700 197.11800 196.86800 195.94800 194.89301 194.87000 192.88400 192.76900 191.63901 191.06100 189.39000 189.92799 189.42799 189.36200 189.00800 189.47301 189.75200 188.40401 190.21300 190.52200 188.99001 189.33600 190.19099 190.47800 193.73700 192.87199 193.11501 196.07600 193.78799 194.47301 193.69800 193.33701 193.85300 194.16701 195.34399 193.70900 191.94099
208.48100 209.46400 212.99699 251.19800 218.20599 251.59000 252.04500 219.34100 210.78999 209.21300 208.67200 207.05000 206.52100 205.28900 204.78200 206.74400 206.74100 206.14000 207.57300 208.50700 206.93300 203.33000 201.85201 202.21500 201.37000 198.50500 199.04100 199.49400 200.13300 201.04300 200.24400 199.94901 199.14200 199.82500 198.38000 199.73801 196.77901 195.52100 195.53799 195.73801 194.91200 193.22099 192.09000 192.86501 192.13300 192.52699 192.91299 192.40800 191.86400 192.39799 193.42599 193.14799 193.06000 194.18401 201.23399 195.75200 204.78600 195.73801 198.07700 195.24500 195.30600 195.27400 195.76100 195.91400 196.03799 198.74100 197.47099 197.24100 196.49100 194.83600
211.92799 211.75200 212.26199 213.05701 213.42599 214.08299 252.64400 227.75200 225.32100 218.56900 212.90601 210.82300 216.73399 214.03101 211.15401 219.55299 252.14200 249.37000 206.33099 208.96100 247.54601 217.68201 208.15900 207.53999 203.63400 201.49699 201.20799 201.44200 202.11301 202.53600 202.67400 202.58400 201.95200 201.64600 200.55000 200.07001 198.67400 198.08600 197.51300 197.51300 197.50800 197.31900 195.56000 195.10400 194.87601 192.83600 192.09801 192.74699 193.35100 195.41499 196.31000 195.78600 195.84100 195.13400 196.50301 200.45900 204.62100 199.37000 200.44000 197.67900 197.40199 197.64900 197.94501 200.04601 200.58701 200.58000 199.16400 199.45900 197.98300 196.42500
216.31900 213.99800 213.11099 212.10001 212.70300 213.70399 213.27299 214.23700 214.72501 213.23801 213.54500 213.91701 214.20900 215.06500 213.12199 216.75700 218.76401 251.04100 216.50000 210.79500 208.64700 208.65199 208.76300 209.67700 207.80800 206.41400 206.02499 207.15199 208.04300 204.88000 204.61200 204.99899 204.15300 205.23599 204.14301 202.78400 200.66299 199.11301 198.40300 197.70700 198.40900 196.36700 195.91299 198.18900 197.27800 193.63800 192.34399 192.19099 193.45000 195.06200 196.91000 198.32100 195.60699 196.52200 199.51700 199.85001 199.46001 200.11099 199.65800 199.54500 199.87700 200.47301 199.75000 201.42300 200.72701 200.71800 201.19000 199.92101 200.12000 200.44800
218.55400 216.44501 216.96100 216.64900 216.39400 216.46300 215.38100 215.54800 215.16701 214.57401 214.31300 217.80200 221.33800 218.00500 214.64500 214.78300 216.18300 215.16299 215.24300 237.93401 215.62900 211.40700 210.07201 209.80901 210.52499 210.52000 210.58200 210.00400 210.40199 208.30600 208.64301 208.29700 206.81200 207.35600 205.97701 204.55901 204.36099 201.95599 202.41400 200.93600 201.90601 200.98801 198.92799 200.15601 201.94800 198.66499 195.36700 194.45300 195.46300 196.00200 197.49400 199.15601 196.79500 196.85699 197.22900 197.78300 199.79100 202.03400 202.50700 200.89500 202.02600 202.25301 202.49899 203.53799 203.65199 204.22200 203.13300 202.55901 201.99899 202.32300
218.98100 219.79201 225.09100 257.43701 257.52200 220.94299 218.87801 218.70399 218.49800 219.07600 221.07100 221.08501 221.57700 243.08900 221.33600 218.35201 217.51900 216.81900 218.14400 222.03200 218.77400 217.01801 216.14301 213.23399 212.75800 212.40601 211.63100 214.90401 215.10400 214.32899 214.67500 213.31000 212.71400 209.00000 210.17599 209.87500 206.42599 204.87601 205.71001 204.80299 203.99100 204.88300 205.01300 203.60500 201.34399 202.03600 200.74300 201.24600 203.18600 198.68500 200.04100 200.70100 201.20900 201.19400 202.13100 202.41800 203.75800 205.37000 204.46500 203.55800 202.17500 203.13400 205.14799 206.39200 206.16100 205.51601 204.39400 206.77299 206.28999 206.72701
220.31599 219.33900 221.53500 258.89999 259.44699 258.41800 221.20100 221.37700 220.31000 222.14000 222.41100 222.68600 221.98599 223.38800 224.78400 222.56900 220.28200 219.49100 217.26100 216.21001 215.00400 223.34100 217.22200 213.99300 213.52901 213.35899 215.27499 219.02800 218.59100 218.38499 217.66000 218.23500 215.86700 212.59000 211.86000 212.44099 209.41200 207.37000 207.53500 208.31500 207.95399 206.59700 207.20799 205.32300 204.39999 204.52901 203.89700 203.19099 204.61000 202.11000 203.96800 202.83299 203.68300 204.49100 204.53600 205.14200 205.67700 208.69800 208.63100 205.70399 204.22701 206.10001 207.94600 208.96001 208.26300 210.37399 209.66400 212.24300 211.58400 210.45900
218.63600 220.44600 220.94800 235.13800 260.08301 257.48199 259.99301 259.93701 222.95399 224.39600 224.33299 224.52901 224.75900 224.12601 223.72000 227.38901 221.34900 217.86900 216.25101 215.37500 214.45799 215.04900 216.35800 216.54201 216.21500 214.57401 214.72900 216.69400 218.10899 217.75101 217.33501 216.55200 215.64700 214.68700 214.07300 212.10001 209.63000 207.80600 209.11200 209.80800 216.64101 205.96600 205.72000 204.47800 201.52200 202.40700 201.64700 203.06500 203.34000 202.28600 203.35600 203.64600 204.77400 206.16600 207.34700 209.87399 211.78999 212.05099 209.90401 209.31599 209.86800 211.07001 211.38100 212.66200 216.41000 222.34599 218.08900 218.79900 218.73000 215.73599
219.95700 219.93500 221.39600 227.39700 226.42101 258.28601 259.38000 264.17200 261.50299 232.77299 262.06799 262.58301 232.44901 227.42200 230.72400 227.23900 223.02499 220.44000 219.09500 215.87900 215.14500 216.89999 217.93401 224.24699 218.01801 216.63400 216.26801 218.43500 219.44600 219.55299 219.53600 219.44000 218.16901 218.44800 217.32700 216.03600 212.74699 211.19099 210.81400 210.34599 210.81100 206.96400 203.80600 203.92500 202.51601 200.88000 200.69901 205.26100 205.78799 206.51601 206.17900 -9999 -9999 207.80299 208.08000 209.74100 212.62900 212.42400 212.27000 213.04500 214.61900 215.14500 217.90300 227.63100 232.43201 233.92101 233.97501 232.26900 230.89400 224.35699
223.33600 224.07001 222.26300 223.45900 230.33800 231.41400 225.74600 262.16400 228.84200 245.34100 263.70599 264.81400 238.50500 260.53500 260.81299 227.59700 225.36200 224.16400 221.61900 217.76601 218.76900 218.97701 218.37399 218.23900 218.44800 218.96201 217.17300 217.24699 218.44099 220.28400 221.38200 221.10100 219.29601 220.93900 221.01199 219.24899 216.74500 210.50800 208.39101 205.63901 -9999 -9999 -9999 -9999 203.67500 -9999 208.91100 213.87900 212.25500 214.74899 213.27299 -9999 -9999 215.33400 214.85001 215.21100 215.23599 215.39799 218.02499 220.32700 222.71400 225.16100 227.99600 230.69600 236.91600 228.73000 236.49600 236.30099 234.87000 225.57700
