data/hydroclimate-scenarios/1948-2000.Pcorr55N_Pref_Tref/monthly_summaries/isr_monthly_avg_sep.asc
ncols	311
nrows	91
xllcenter	102.75
yllcenter	31.75
cellsize	0.5
NODATA_value	-9999
[rows 31 to 61 of 91, columns 0 to 69 of 311]
-9999 -9999 -9999 -9999 -9999 -9999 -9999 -9999 -9999 -9999 -9999 115.29000 115.04800 114.79000 114.51900 116.47700 116.62200 116.66500 115.99400 115.30000 114.81900 115.15000 114.32200 115.52600 115.38800 115.55900 115.79600 116.90600 116.14500 117.40600 117.64600 117.20700 116.95700 116.59100 116.62100 115.47500 115.08400 116.34100 116.88100 116.15400 115.62600 116.03000 115.52500 116.75600 116.26100 116.64900 115.99600 114.99300 114.60700 115.91000 116.24900 115.80600 116.01700 117.21100 118.39000 118.60900 118.70200 118.91900 119.72400 118.52900 119.05900 119.55200 118.99600 117.85200 117.89300 117.82200 119.79900 120.72200 124.40200 127.98400
-9999 -9999 -9999 -9999 -9999 -9999 -9999 -9999 -9999 -9999 -9999 118.17600 118.03800 117.22200 117.10200 119.35400 119.12800 118.07900 117.82600 117.36900 117.51900 116.65100 115.47400 116.52000 116.53300 117.14900 117.67900 117.65800 118.32600 119.27200 119.44300 120.02300 119.40300 118.98600 120.16300 117.97500 117.46700 116.73100 117.40500 117.97100 117.63600 117.03200 116.25500 116.87400 117.31800 117.51900 117.55000 118.08100 118.63100 119.04400 119.06000 119.59700 119.84000 120.65900 120.28800 120.39300 120.83800 120.65500 120.53100 120.08600 120.19600 119.95300 119.59400 119.13500 118.64600 118.04700 119.69600 121.55900 124.48400 128.04700
-9999 -9999 -9999 -9999 -9999 -9999 -9999 -9999 -9999 -9999 -9999 120.94800 120.98100 120.33700 120.04300 121.42200 121.08400 119.95200 119.54700 119.74000 119.40400 118.26800 117.84600 119.32600 120.03300 121.52600 121.89100 121.96500 121.03600 121.52600 122.14200 122.48400 122.38300 122.28500 121.78900 120.20800 120.08900 119.99300 121.28300 122.64800 120.78300 121.04800 119.79200 120.21900 120.53400 121.32300 121.95200 121.69400 122.47000 122.69900 122.41400 122.67300 122.69100 122.36600 122.28500 122.62900 122.98500 123.13500 122.79400 122.86800 122.41600 122.25200 121.40000 120.81100 120.47500 121.38600 121.90200 123.42700 124.75500 126.96200
-9999 -9999 -9999 -9999 -9999 -9999 -9999 -9999 -9999 -9999 -9999 -9999 124.51700 124.41900 123.99600 122.73700 122.50400 122.41200 121.67600 120.31000 120.26400 120.47700 121.64200 123.23900 123.48600 127.68900 127.56400 128.53999 125.48400 125.72300 125.02000 126.32800 126.21500 125.75800 125.48900 124.11900 124.94100 123.03000 123.72100 125.23600 124.85500 124.76700 124.61200 121.56300 121.53000 121.70800 121.59400 121.39700 121.66500 122.67500 122.59700 124.26100 124.52400 125.54700 126.10600 125.00800 124.59000 124.50200 124.57300 124.27200 123.52800 124.17600 124.22000 123.82500 122.83600 123.91800 123.30300 125.68500 130.67900 131.57100
-9999 -9999 -9999 -9999 -9999 -9999 -9999 -9999 -9999 -9999 -9999 -9999 127.53400 127.10600 126.84800 125.63700 125.05100 124.51400 123.60100 123.42800 123.28800 126.75800 128.85699 130.30600 133.24001 131.66499 131.69600 133.49800 131.13000 131.79201 131.45700 132.13300 129.85500 128.11400 128.53900 127.89400 128.13400 125.96700 125.75300 127.62500 127.24700 128.13499 127.72000 125.10000 123.70600 122.88200 122.87400 123.82600 124.26000 126.07300 126.69800 127.46700 128.03900 128.48801 127.91700 127.16000 126.72700 126.18300 125.99200 126.21900 126.29100 129.27299 129.08400 127.95500 126.71700 125.62000 127.08100 128.47200 130.14799 130.55800
-9999 -9999 -9999 -9999 -9999 -9999 -9999 -9999 -9999 -9999 -9999 -9999 129.72099 129.31300 129.34100 128.31100 127.76900 127.21700 127.43300 126.78100 128.09100 130.17599 131.73300 133.31100 134.04401 136.11600 134.66600 132.51100 134.14999 133.51100 132.67900 132.59500 133.39600 133.81700 132.13499 129.47600 129.38000 128.87399 128.59500 129.44701 131.27499 132.03700 129.23300 127.20200 126.35300 125.33000 125.94300 127.75000 127.11200 127.12600 127.36600 128.55800 128.16701 129.52499 129.03000 127.57400 127.53800 128.40800 128.87399 129.77299 129.74300 130.42000 129.75700 128.74500 129.22800 129.24800 129.92599 130.39600 132.74500 131.53101
-9999 -9999 -9999 133.12801 133.09900 133.17400 132.63300 132.57401 132.74400 -9999 132.59300 132.23500 131.11099 131.65500 131.63600 131.21500 131.95799 129.94901 131.93800 132.69099 132.09700 132.16400 133.31900 133.95700 135.78300 135.84700 135.14999 139.02299 139.29500 143.86700 138.42200 137.16400 140.16800 142.64700 138.61900 136.15100 135.77400 134.85100 133.12801 133.57800 133.28300 133.48900 131.69099 130.11000 130.95900 132.58900 135.13100 132.00900 132.15401 131.69501 132.64700 134.62100 135.85400 139.09200 137.19000 139.09801 139.90300 134.11800 135.92500 134.00301 132.39700 132.56000 132.24400 132.60201 131.81000 131.20300 132.54100 133.80400 132.78500 133.17000
-9999 -9999 -9999 135.22099 135.21700 134.82800 135.43900 134.34200 134.18201 134.04601 133.14900 133.69299 134.34500 134.74800 136.04601 137.87199 138.52800 137.95100 138.67300 138.26100 136.62801 137.21400 135.13800 136.51401 138.92300 140.06500 142.38300 143.26199 145.82300 150.19701 145.66200 145.88100 144.75500 147.12100 145.18900 143.15401 144.04800 144.38800 139.53500 140.00999 139.65199 136.45000 134.41100 134.26401 135.71100 139.19400 139.28101 136.07700 137.81700 137.90900 138.56200 138.43900 140.44099 140.91800 136.32700 140.30400 138.16100 138.32001 140.90401 138.38499 136.44501 135.78101 136.11800 136.17799 136.01199 133.52000 134.10001 133.62500 134.05299 133.84599
-9999 -9999 -9999 136.77901 137.15700 137.88200 138.23000 137.03700 136.00101 135.85300 135.51801 136.85800 138.34399 141.16100 144.85400 142.74001 144.13600 143.48900 141.37801 140.44200 141.29900 142.05000 140.53799 144.27200 147.23700 145.90500 146.56300 147.01700 146.99400 155.01199 161.17000 156.19501 151.37300 149.28200 151.69501 150.58701 147.94299 145.88699 144.04700 143.69400 143.60800 141.38699 138.42200 136.18500 135.59000 138.11400 138.88901 139.89200 141.04500 143.26900 145.76601 139.78101 140.60400 141.45599 139.83299 142.39900 140.74200 140.05701 141.86200 141.53200 138.51900 138.43300 137.33000 139.05200 137.74400 136.99899 137.04800 137.90401 140.19400 139.81900
-9999 -9999 -9999 140.62399 139.92101 141.10001 140.48801 140.11700 140.36501 140.35600 139.53900 140.83000 145.74600 147.39101 149.20399 148.25400 150.02299 150.58800 149.75999 147.21400 150.66800 153.33701 156.58701 155.98399 153.71500 151.67400 150.75400 153.13300 159.53600 165.48801 161.16299 152.04500 156.87601 161.57700 160.78000 156.44600 150.23900 145.78101 147.20000 145.65199 145.81400 146.86000 147.86099 142.62199 137.88901 140.30099 143.14101 141.95100 146.44400 145.15601 147.44600 143.18600 143.50400 147.30400 144.08000 145.38300 144.65100 145.73599 146.37900 144.74400 147.46800 141.72200 140.38100 139.98500 139.71100 138.56200 139.24899 140.23500 144.22301 144.69600
-9999 -9999 -9999 143.38699 143.23700 144.65800 143.96500 143.52000 144.48801 143.39200 141.46001 145.85201 150.45799 154.23000 156.45300 155.23599 157.18201 155.30800 150.07001 146.69901 151.56000 155.10699 158.40700 153.52400 152.89500 151.95900 149.66800 152.74800 158.13499 163.81200 165.36600 163.13499 164.51601 161.37199 159.53900 158.74899 156.59500 151.39700 148.76700 148.30400 149.46600 149.56000 149.86900 148.13200 144.44000 143.79401 144.53400 145.72000 146.05600 147.52100 147.94299 144.05099 146.14200 151.37300 145.71100 151.39400 147.23300 146.52200 147.63200 150.37399 148.18401 145.52000 144.59399 146.71899 145.83600 142.53200 143.29201 145.31400 147.36501 141.12801
-9999 -9999 -9999 -9999 148.18500 149.10400 148.24001 150.61501 151.60001 150.46300 147.90199 149.61099 159.04300 153.78999 -9999 -9999 -9999 -9999 -9999 161.92700 163.37601 161.43900 163.46899 168.00999 164.66200 160.55499 153.68900 157.94501 160.91299 161.12100 163.20000 163.68600 165.02200 161.55701 156.74500 153.97900 154.30800 151.99500 151.22200 150.30299 149.02400 148.76500 149.66000 151.18300 149.26401 147.75500 148.31900 151.34000 150.20100 149.54900 150.77699 151.03600 149.75900 154.42400 155.84000 159.71800 158.88800 157.81900 155.73199 151.24600 152.36600 152.86099 150.74200 149.36800 147.89900 148.22501 145.77800 142.33501 140.32401 -9999
-9999 -9999 149.67900 150.75200 151.55600 151.01801 151.28400 154.26500 153.29100 152.93300 150.75900 152.95500 162.09900 -9999 -9999 -9999 -9999 -9999 170.90500 166.06300 166.25500 162.24500 161.70700 164.94800 165.20700 163.85699 157.32600 158.15100 159.17101 160.22099 161.88699 161.89101 161.65800 161.68900 159.85800 154.89500 156.36400 155.18100 155.06500 153.47099 153.29500 151.81599 151.83299 150.40800 148.64000 148.28300 149.17599 149.12199 147.77000 147.06100 147.83099 148.12700 149.42599 150.42500 152.92700 152.37399 154.36400 157.53799 157.17000 150.51401 151.05701 149.45900 147.84801 148.15900 146.76500 145.93100 144.44400 -9999 -9999 -9999
-9999 -9999 153.19701 152.52499 151.77499 153.95500 154.21201 158.00301 156.61900 155.96899 157.37199 158.78999 158.96100 -9999 -9999 -9999 -9999 161.42599 171.76500 166.42799 167.88699 165.97800 165.74001 164.44099 161.35500 159.42101 159.81700 161.15700 160.78500 161.27499 163.58200 166.03101 163.23700 162.01801 161.85201 160.57500 159.82800 158.36900 160.31000 161.23100 158.90800 158.58000 157.55400 154.82300 155.43300 151.92799 151.05299 151.57899 148.97600 149.43600 149.12700 149.14200 149.33900 150.31000 150.85500 149.49600 151.23199 153.58200 154.84100 151.13000 149.30901 150.68300 147.58600 144.63699 142.42000 -9999 -9999 -9999 -9999 -9999
-9999 -9999 154.47000 155.86600 155.70700 157.33501 157.46400 158.94400 159.33099 159.71800 162.40800 163.36800 155.24800 -9999 -9999 -9999 -9999 171.05800 170.78900 169.69600 169.84500 166.68300 164.81500 162.78900 163.25101 162.79100 164.74899 163.36200 164.27000 164.89400 167.00999 166.51500 166.46300 166.89200 164.35300 165.12700 164.81900 163.71001 164.93100 161.92700 160.71500 157.72301 155.95399 157.18800 155.87399 156.27800 155.83200 155.34801 154.13600 153.24600 151.03200 151.89301 151.72501 152.67599 153.34900 150.85699 150.89900 151.48300 150.74100 148.33299 145.79100 144.63699 144.04300 146.13400 148.58299 149.67700 144.36400 146.95300 144.55600 -9999
-9999 -9999 -9999 159.47800 160.58099 161.16000 160.49300 160.32700 161.81400 164.73900 162.91100 159.78101 -9999 -9999 -9999 -9999 173.47000 176.08400 172.05701 171.02200 170.24899 166.88100 167.19901 166.44400 166.40700 168.21400 168.70399 168.66600 168.11000 172.48500 172.10001 168.03700 165.94000 167.33501 166.30000 166.20100 165.05099 163.80400 163.36900 163.64999 162.53900 159.86400 158.89900 158.42500 156.45500 156.43100 155.75700 153.99899 154.59801 153.76601 155.59300 156.65300 155.36700 156.03000 157.71001 156.45500 155.93201 156.69000 155.12500 151.09300 149.53400 149.73599 152.83099 160.27499 173.81599 154.39500 149.57700 148.06400 145.22701 145.27499
-9999 -9999 -9999 -9999 161.99699 163.26100 162.86000 164.65500 166.06000 164.34000 161.61000 -9999 -9999 -9999 -9999 172.37900 175.68100 173.01700 171.18800 171.44000 170.50101 169.23100 170.08600 170.29500 171.02400 170.64600 169.74200 169.60600 170.71300 170.99800 172.13000 167.16200 166.18800 166.94000 168.04601 168.19800 167.11900 166.02299 166.33800 166.98700 166.26500 163.65401 161.71300 160.31000 158.86900 158.44000 158.69600 156.73500 156.22501 155.31200 155.55901 156.76700 157.21600 157.15601 156.08299 154.69501 154.22900 156.88901 156.34900 154.44701 155.67999 156.82500 157.40199 158.11000 160.65300 156.73100 151.44299 147.97000 148.96001 148.08400
-9999 -9999 -9999 -9999 -9999 -9999 166.03900 167.17101 164.88100 165.14400 165.97301 -9999 -9999 -9999 -9999 -9999 172.58501 173.69200 173.34500 173.33600 174.16400 170.73399 174.13600 174.47400 173.97501 171.96001 171.08900 171.78999 171.53799 170.90100 171.42900 169.34599 168.15500 170.03700 169.50500 169.09500 170.41200 171.34801 169.54601 170.76401 170.38499 170.43900 168.58400 165.74699 164.56000 162.44800 161.37900 159.51601 159.72600 158.83299 158.26900 160.09100 159.55000 158.76700 158.68700 156.21400 155.91299 156.84900 156.89799 156.97099 159.29800 160.24200 161.62801 163.45000 166.20700 159.74800 153.91499 150.87801 151.33501 151.08900
-9999 -9999 -9999 -9999 -9999 -9999 -9999 -9999 -9999 -9999 -9999 -9999 -9999 -9999 -9999 -9999 -9999 -9999 -9999 176.43201 176.14000 173.97701 174.89301 174.70100 174.31799 174.57700 174.08000 171.85800 172.20000 171.90900 173.03200 171.22900 172.87500 172.37801 171.85100 172.88100 171.92400 172.98700 173.27901 175.00500 175.85001 174.00999 171.55800 169.41701 167.50600 166.01601 164.79401 162.28500 162.05000 161.39500 160.91901 161.76300 161.23500 159.97800 160.00999 158.41499 158.04601 158.27699 159.12700 160.06599 164.46400 162.31500 163.43401 166.68201 167.18500 158.72200 153.35800 151.32300 151.46201 154.27400
-9999 -9999 -9999 -9999 -9999 -9999 -9999 -9999 -9999 -9999 -9999 -9999 -9999 -9999 -9999 -9999 -9999 -9999 177.89301 176.32401 175.48100 174.60600 173.82700 175.21899 174.60400 176.06400 174.89700 174.35400 175.03700 175.97099 175.72000 175.49699 176.22900 175.31900 175.22200 174.91701 174.86400 175.02200 176.77600 177.01801 177.96500 174.80901 173.85300 173.72701 172.60400 170.74800 168.03999 165.10899 164.11200 163.56400 162.58900 163.06300 162.16100 161.96899 162.12500 160.92999 161.24600 163.36099 165.42999 162.92799 162.68300 162.08000 164.53200 166.09399 167.25000 161.71300 157.33099 154.46899 153.67700 154.31200
-9999 -9999 -9999 -9999 -9999 -9999 -9999 -9999 -9999 -9999 -9999 -9999 -9999 -9999 -9999 -9999 -9999 180.03400 180.69600 176.96700 176.88400 177.50900 177.13901 177.55000 176.80600 177.27800 176.57201 177.11800 178.99800 179.73700 179.89400 177.59200 178.23801 176.02800 175.77299 178.57600 179.61600 179.73300 179.31799 178.99699 178.94600 176.92599 176.23300 175.35800 174.21899 171.69501 170.42999 168.16600 166.34300 165.31700 164.52901 164.14700 164.12300 164.53900 164.33400 163.64000 165.06100 165.85899 166.49100 164.54700 161.28200 162.80499 169.72900 170.41901 163.54800 161.76500 160.82600 156.93100 155.53000 155.67200
-9999 -9999 -9999 -9999 -9999 -9999 -9999 -9999 -9999 -9999 -9999 -9999 -9999 -9999 -9999 -9999 -9999 183.50200 183.14400 183.31799 182.92900 180.93401 179.34599 178.55800 176.12700 178.75101 178.90100 178.42599 179.72000 179.92000 180.27299 179.35800 178.55099 176.05901 177.71201 180.34399 180.90900 180.81100 183.27400 181.23700 180.03500 177.88699 176.65800 176.39500 175.41901 171.79201 170.77100 171.64200 170.28101 166.92599 166.14500 165.51900 165.61700 165.50101 164.85201 165.26900 168.13300 167.08600 165.83299 165.14700 166.10300 167.85600 168.17000 168.92300 172.63600 167.93500 163.12100 163.32800 159.38000 157.09599
-9999 -9999 -9999 -9999 -9999 -9999 -9999 -9999 -9999 -9999 -9999 -9999 -9999 -9999 -9999 -9999 189.28500 188.93300 189.36501 187.00900 184.12900 180.83400 180.62801 179.74100 177.48900 180.49600 180.07401 178.76500 180.03400 180.78799 180.88699 179.84200 179.54500 177.80000 177.92999 180.26601 181.52000 182.95200 184.99001 181.27699 180.06599 178.99600 178.30099 177.49500 175.99001 173.15700 173.09801 174.35899 172.32600 169.33600 167.59100 167.68401 167.53300 167.62300 167.23801 166.62500 167.30701 167.04300 166.80901 168.52100 167.57700 168.58000 170.38901 175.18800 171.24200 168.78000 165.90900 163.42700 159.40900 158.31700
-9999 -9999 -9999 -9999 -9999 -9999 -9999 -9999 -9999 -9999 -9999 -9999 -9999 189.49899 191.93600 192.25800 193.06400 194.01500 190.28700 189.33400 187.07500 187.56000 185.90800 184.66499 184.37601 181.92999 181.88600 181.62100 181.64200 182.17200 181.67400 181.83600 182.05800 182.25200 183.01300 180.26700 180.79100 182.15900 183.28200 184.47800 182.66600 180.98199 179.64999 177.10400 176.38000 175.29500 175.18201 174.73300 174.75800 172.10001 171.17500 169.04900 169.29601 167.97301 167.37900 168.45700 168.74300 169.18500 168.99500 167.76900 168.09900 167.82001 168.28200 167.78600 165.09100 161.52901 160.86501 162.50600 161.89799 161.47701
-9999 -9999 -9999 -9999 -9999 -9999 -9999 -9999 -9999 -9999 -9999 -9999 190.57600 193.31799 195.04800 194.75999 193.91901 191.85899 191.38200 189.25600 189.73599 188.46300 187.11000 186.82600 186.67200 184.67900 184.23801 183.86099 184.35699 183.87300 182.95100 183.32001 183.67700 184.10699 183.97400 181.08400 181.84500 183.21400 185.21001 184.24400 183.99001 182.85100 181.10400 179.08200 177.75400 176.86301 176.57100 175.69299 175.38600 173.79700 173.39999 171.28300 171.53200 170.18600 169.34700 168.56799 170.07500 171.83800 172.48100 171.59801 170.18900 168.32201 168.20000 167.46400 165.62601 163.56200 162.85300 163.86200 164.09100 166.20500
-9999 -9999 -9999 -9999 -9999 -9999 -9999 -9999 -9999 -9999 -9999 198.63901 198.19600 199.38300 195.68700 194.19501 193.11501 193.82600 193.97301 193.01401 192.01900 190.35600 189.32001 189.57001 189.53600 188.23199 187.87700 185.93600 184.60699 184.73100 185.22301 186.77600 187.64000 186.75400 186.47000 186.23500 188.03300 187.68100 186.91701 186.37399 184.42799 183.89101 181.83600 179.89301 179.29100 177.90800 177.54601 176.75301 176.64500 176.55299 176.27400 176.67400 176.16800 175.51801 174.13600 173.07401 172.77000 173.54401 171.48199 170.30901 169.37100 166.69299 165.86501 166.38300 165.28500 164.70500 164.34801 165.35400 167.90300 170.50500
-9999 -9999 -9999 -9999 -9999 -9999 -9999 -9999 -9999 -9999 203.38200 201.58099 198.72501 200.07401 196.62700 195.33400 195.22200 196.08200 196.67300 194.67500 193.92101 192.14400 191.32100 191.53999 190.99100 189.51601 189.60699 187.25800 187.05800 187.91800 187.48900 189.20599 189.57401 188.62000 189.25800 189.13800 190.36900 189.38499 187.63901 187.21300 185.17300 183.18800 181.44400 180.70599 180.20700 179.31599 178.87700 178.25400 178.23700 177.81000 178.75800 178.83299 178.18700 178.51801 177.70399 176.41000 176.73399 175.92700 172.16100 171.21201 170.68900 168.86099 168.36800 168.42700 167.58099 167.31900 166.68100 168.43401 171.53799 175.17500
-9999 -9999 -9999 -9999 -9999 -9999 -9999 -9999 -9999 201.33000 201.71100 200.25301 201.05099 202.29300 200.58200 198.76900 198.11099 197.83701 196.24001 195.54300 195.26401 195.30701 194.94501 192.99200 192.60100 192.75700 192.19200 191.99500 192.03999 192.65401 192.29601 192.07001 192.03400 192.94299 194.29201 196.03900 196.76900 193.11900 191.84200 188.18900 186.31900 183.08900 181.83900 181.09599 180.89000 180.13901 179.65401 180.55400 180.21500 179.38901 180.54300 182.45700 182.66701 184.44000 185.35800 179.26801 177.87199 176.00600 175.61400 173.23900 172.35699 171.62500 170.83701 171.24100 170.80800 170.75500 171.38499 174.17101 176.25999 177.56200
-9999 -9999 -9999 -9999 -9999 -9999 -9999 -9999 -9999 -9999 202.63000 201.45700 201.62500 202.30299 200.97200 199.33701 199.50500 200.12100 199.60600 199.32001 199.46500 198.69400 197.83701 -9999 -9999 -9999 -9999 -9999 -9999 195.25500 195.10800 193.80299 194.21899 195.33299 196.21001 198.03400 197.80099 193.71500 191.73399 189.11000 187.08400 183.75600 182.93700 182.48000 182.00999 181.09599 181.14200 181.88100 182.11400 180.94901 181.92101 183.58600 186.11200 186.45700 186.72200 180.32401 178.01300 178.18100 177.45000 174.77100 174.08800 174.05299 173.56599 173.45100 176.16901 174.02600 175.76500 178.25999 182.98700 181.76199
-9999 -9999 -9999 -9999 -9999 -9999 -9999 -9999 -9999 -9999 -9999 -9999 204.38300 204.47600 204.23500 198.24001 198.63800 200.35300 200.53900 -9999 -9999 -9999 -9999 -9999 -9999 -9999 -9999 -9999 -9999 -9999 -9999 -9999 -9999 199.16901 200.51801 199.42999 198.11600 195.58701 192.89101 191.06599 189.21201 187.53799 187.20799 185.92900 184.83900 182.99600 182.96300 183.09801 183.22099 182.90800 183.92300 187.20799 188.66800 188.75000 186.63800 184.16701 183.63499 181.75101 180.12801 178.87601 177.77499 177.91800 177.86099 176.47200 176.04601 174.51300 176.13400 179.79900 181.74200 179.46100
-9999 -9999 -9999 -9999 -9999 -9999 -9999 -9999 -9999 -9999 -9999 -9999 -9999 -9999 -9999 -9999 -9999 -9999 -9999 -9999 -9999 -9999 -9999 -9999 -9999 -9999 -9999 -9999 -9999 -9999 -9999 -9999 -9999 -9999 201.92700 200.47701 197.56599 196.78200 194.04700 192.08501 190.66600 189.14999 188.75700 187.21800 186.74001 184.47000 184.83200 184.86600 185.47301 184.67300 185.52499 188.48100 189.33000 189.33800 187.96899 185.90700 186.37900 186.85899 185.25301 181.83701 180.66800 179.80499 178.03700 177.66400 177.00600 177.19701 180.30200 183.97301 185.23300 181.63901
