data/hydroclimate-scenarios/1948-2000.Pcorr55N_Pref_Tref/monthly_summaries/olr_monthly_avg_mar.1950-2000.asc
ncols	311
nrows	91
xllcenter	102.75
yllcenter	31.75
cellsize	0.5
NODATA_value	-9999
[rows 0 to 30 of 91, columns 70 to 139 of 311]
-9999 -9999 -9999 -9999 -9999 -9999 -9999 -9999 -9999 -9999 -9999 -9999 -9999 -9999 -9999 -9999 -9999 -9999 -9999 -9999 -9999 -9999 -9999 -9999 -9999 -9999 -9999 -9999 -9999 -9999 -9999 -9999 -9999 -9999 -9999 -9999 -9999 -9999 -9999 -9999 -9999 -9999 -9999 -9999 -9999 -9999 -9999 -9999 -9999 -9999 -9999 -9999 -9999 -9999 -9999 -9999 -9999 -9999 -9999 -9999 -9999 -9999 -9999 -9999 -9999 -9999 -9999 -9999 -9999 -9999
-9999 -9999 -9999 -9999 -9999 -9999 -9999 -9999 -9999 -9999 -9999 -9999 -9999 -9999 -9999 -9999 -9999 -9999 -9999 -9999 -9999 -9999 -9999 -9999 -9999 -9999 -9999 -9999 -9999 -9999 -9999 -9999 -9999 -9999 -9999 -9999 -9999 -9999 -9999 -9999 -9999 -9999 -9999 -9999 -9999 -9999 -9999 -9999 -9999 -9999 -9999 -9999 -9999 -9999 -9999 -9999 -9999 -9999 -9999 -9999 -9999 -9999 -9999 -9999 -9999 -9999 -9999 -9999 -9999 -9999
-9999 -9999 -9999 -9999 -9999 -9999 -9999 -9999 -9999 -9999 -9999 -9999 -9999 -9999 -9999 -9999 -9999 -9999 -9999 -9999 -9999 -9999 -9999 -9999 -9999 -9999 -9999 -9999 -9999 -9999 -9999 -9999 -9999 -9999 -9999 -9999 -9999 -9999 -9999 -9999 -9999 -9999 -9999 -9999 -9999 -9999 -9999 -9999 -9999 -9999 -9999 -9999 -9999 -9999 -9999 -9999 -9999 -9999 -9999 -9999 -9999 -9999 -9999 -9999 -9999 -9999 -9999 -9999 -9999 -9999
-9999 -9999 -9999 -9999 -9999 -9999 -9999 -9999 -9999 -9999 -9999 -9999 -9999 -9999 -9999 -9999 -9999 -9999 -9999 -9999 -9999 -9999 -9999 -9999 -9999 -9999 -9999 -9999 -9999 -9999 -9999 -9999 -9999 -9999 -9999 -9999 -9999 -9999 -9999 -9999 -9999 -9999 -9999 -9999 -9999 -9999 -9999 -9999 -9999 -9999 -9999 -9999 -9999 -9999 -9999 -9999 -9999 -9999 -9999 -9999 -9999 -9999 -9999 -9999 -9999 -9999 -9999 -9999 -9999 -9999
-9999 -9999 -9999 -9999 -9999 -9999 -9999 -9999 -9999 -9999 -9999 -9999 -9999 -9999 -9999 -9999 -9999 -9999 -9999 -9999 -9999 -9999 -9999 -9999 -9999 -9999 -9999 -9999 -9999 -9999 -9999 -9999 -9999 -9999 -9999 -9999 -9999 -9999 -9999 -9999 -9999 -9999 -9999 -9999 -9999 -9999 -9999 -9999 -9999 -9999 -9999 -9999 -9999 -9999 -9999 -9999 -9999 -9999 -9999 -9999 -9999 -9999 -9999 -9999 -9999 -9999 -9999 -9999 -9999 -9999
-9999 -9999 -9999 -9999 -9999 -9999 -9999 -9999 -9999 -9999 -9999 -9999 -9999 -9999 -9999 -9999 -9999 -9999 -9999 -9999 -9999 -9999 -9999 -9999 -9999 -9999 -9999 -9999 -9999 -9999 -9999 -9999 -9999 -9999 -9999 -9999 -9999 -9999 -9999 -9999 -9999 -9999 -9999 -9999 -9999 -9999 -9999 -9999 -9999 -9999 -9999 -9999 -9999 -9999 -9999 -9999 -9999 -9999 -9999 -9999 -9999 -9999 -9999 -9999 -9999 -9999 -9999 -9999 -9999 -9999
-9999 -9999 -9999 -9999 -9999 -9999 -9999 -9999 -9999 -9999 -9999 -9999 -9999 -9999 -9999 -9999 -9999 -9999 -9999 -9999 -9999 -9999 -9999 -9999 -9999 -9999 -9999 -9999 -9999 -9999 -9999 -9999 -9999 -9999 -9999 -9999 -9999 -9999 -9999 -9999 -9999 -9999 -9999 -9999 -9999 -9999 -9999 -9999 -9999 -9999 -9999 -9999 -9999 -9999 -9999 -9999 -9999 -9999 -9999 -9999 -9999 -9999 -9999 -9999 -9999 -9999 -9999 -9999 -9999 -9999
-9999 -9999 -9999 -9999 -9999 -9999 -9999 -9999 -9999 -9999 -9999 -9999 -9999 -9999 -9999 -9999 -9999 -9999 -9999 -9999 -9999 -9999 -9999 -9999 -9999 -9999 -9999 -9999 -9999 -9999 -9999 -9999 -9999 -9999 -9999 -9999 -9999 -9999 -9999 -9999 -9999 -9999 -9999 -9999 -9999 -9999 -9999 -9999 -9999 -9999 -9999 -9999 -9999 -9999 -9999 -9999 -9999 -9999 -9999 -9999 -9999 -9999 -9999 -9999 -9999 -9999 -9999 -9999 -9999 -9999
-9999 -9999 -9999 -9999 -9999 -9999 -9999 145.61099 -9999 -9999 -9999 -9999 -9999 -9999 -9999 -9999 -9999 -9999 -9999 -9999 -9999 -9999 -9999 -9999 -9999 -9999 -9999 -9999 -9999 -9999 -9999 -9999 -9999 -9999 -9999 -9999 -9999 -9999 -9999 -9999 -9999 -9999 -9999 -9999 -9999 -9999 -9999 -9999 -9999 -9999 -9999 -9999 -9999 -9999 -9999 -9999 -9999 -9999 -9999 -9999 -9999 -9999 -9999 -9999 -9999 -9999 -9999 -9999 -9999 -9999
-9999 -9999 -9999 157.38300 147.33501 146.38800 146.02699 146.58099 146.67900 146.57500 146.68900 148.07300 148.24001 150.77499 151.48599 152.82001 153.55299 153.88800 154.56799 155.13400 155.93201 156.91901 156.82600 -9999 -9999 -9999 -9999 -9999 -9999 -9999 -9999 -9999 -9999 -9999 -9999 -9999 -9999 -9999 -9999 -9999 -9999 -9999 -9999 -9999 -9999 -9999 -9999 -9999 -9999 -9999 -9999 -9999 -9999 -9999 -9999 -9999 -9999 -9999 -9999 -9999 -9999 -9999 -9999 -9999 -9999 -9999 -9999 -9999 -9999 -9999
-9999 -9999 -9999 -9999 -9999 146.99200 147.06400 147.40800 147.92599 147.94800 147.80400 149.08400 149.43300 150.13699 151.07500 152.28799 153.15700 153.87399 154.48100 154.59300 155.81700 156.86400 156.78700 -9999 -9999 -9999 -9999 -9999 -9999 -9999 -9999 -9999 -9999 -9999 -9999 -9999 -9999 -9999 -9999 -9999 -9999 -9999 -9999 -9999 -9999 -9999 -9999 -9999 -9999 -9999 -9999 -9999 -9999 -9999 -9999 -9999 -9999 -9999 -9999 -9999 -9999 -9999 -9999 -9999 -9999 -9999 -9999 -9999 -9999 -9999
147.23399 147.99500 147.83000 147.85600 148.16800 147.68800 147.99200 148.45200 148.82600 148.55200 148.68201 149.71400 150.39400 150.98801 151.73801 152.95399 153.99500 154.68201 155.53000 156.50200 157.48500 158.54500 158.24800 157.33501 156.79401 156.35300 156.47701 156.42300 156.35800 -9999 -9999 -9999 -9999 -9999 -9999 -9999 -9999 -9999 -9999 -9999 -9999 -9999 -9999 -9999 -9999 -9999 -9999 -9999 -9999 -9999 -9999 -9999 -9999 -9999 -9999 -9999 -9999 -9999 -9999 -9999 -9999 -9999 -9999 -9999 -9999 -9999 -9999 -9999 -9999 -9999
147.18800 147.34000 147.48000 147.90401 147.71899 148.64101 148.89999 148.98801 149.53999 149.40900 149.58000 150.39799 151.12199 151.83800 152.67200 153.88699 155.01700 155.04900 156.61000 158.09300 159.59900 159.66200 158.57500 157.24500 157.30600 157.52200 157.29601 156.80200 156.70000 157.42500 157.04201 156.52699 156.38200 157.29201 157.54201 156.42500 156.75400 157.14999 157.24200 157.11301 157.20900 157.26100 157.68100 159.92000 -9999 -9999 -9999 -9999 -9999 -9999 -9999 -9999 -9999 -9999 -9999 -9999 -9999 -9999 -9999 -9999 -9999 -9999 -9999 -9999 -9999 -9999 -9999 -9999 -9999 -9999
146.89999 147.55000 146.88800 147.54800 147.40500 147.52100 148.41600 149.37100 149.89101 149.77901 150.15800 150.75900 151.93300 152.74899 153.75600 154.65199 155.82401 156.15601 157.13300 158.33501 159.46600 158.99600 156.82001 156.93500 156.50600 156.61099 157.19099 157.46300 157.33000 156.95100 156.69501 157.12399 157.10699 158.43201 158.17700 157.40401 157.66701 158.17200 158.42000 158.34700 158.42900 157.96700 158.41400 160.77299 161.36900 -9999 -9999 -9999 -9999 -9999 -9999 -9999 -9999 -9999 -9999 -9999 -9999 -9999 -9999 -9999 -9999 -9999 -9999 -9999 -9999 -9999 -9999 -9999 -9999 -9999
141.74100 142.47800 142.28999 144.08800 141.10899 143.66800 144.71201 145.29500 146.59399 146.17999 148.53700 148.62900 150.09200 152.95799 154.15601 155.71001 156.58099 157.53799 158.26801 158.93201 159.25600 159.42700 159.10600 158.87399 158.88000 158.73100 156.68800 157.69600 158.64400 158.22099 157.37100 157.55400 157.77699 158.16200 158.15401 158.09599 158.54500 157.94400 158.28500 158.40700 158.70399 158.70100 159.10300 160.01401 160.56300 -9999 -9999 -9999 -9999 -9999 -9999 -9999 -9999 -9999 -9999 -9999 -9999 -9999 -9999 -9999 164.63400 164.14400 -9999 -9999 -9999 -9999 162.52000 159.86099 158.13901 159.43700
142.61800 143.58501 143.16800 144.25301 142.35899 145.31300 147.50700 147.60300 146.42900 146.33600 146.64900 150.26601 151.43900 153.47501 153.69901 154.36800 156.85899 157.19600 158.87199 159.16100 160.03300 160.12900 159.86200 159.58701 160.82700 160.21899 160.06000 159.66701 159.53500 159.68100 159.69701 158.94600 159.02100 159.30499 159.36600 159.21100 159.26700 159.36600 159.62500 159.62601 160.03700 160.36200 160.42101 161.49200 161.98801 162.69501 163.09000 164.31300 163.59300 159.74699 158.52600 160.12601 159.17599 159.34700 160.71500 159.91499 159.72600 163.84000 164.55901 165.14400 165.05400 165.24100 -9999 -9999 -9999 -9999 -9999 164.43300 162.77400 161.41701
140.64000 140.50301 144.19501 143.39500 140.55600 143.42101 146.89700 147.69099 148.52699 150.64301 152.67900 153.50101 153.89700 155.45399 156.23599 156.97501 158.25800 158.48300 159.05299 160.33299 160.89999 162.19901 162.24500 162.35300 162.47800 161.91600 161.63200 161.86700 161.83501 160.80901 160.80800 160.84700 160.82401 161.01100 161.03600 160.91299 161.35699 161.63300 161.96201 162.39400 162.45599 163.35201 163.66100 163.87801 164.17300 164.36700 164.52901 164.38100 164.16499 161.64700 160.04601 162.22400 163.58099 162.42101 158.54800 155.95900 160.23300 158.98100 158.76700 159.40900 161.64900 162.43300 162.00000 164.69200 166.94299 166.73500 166.84200 166.90700 167.30400 164.90199
144.38300 140.20100 132.89101 146.22301 140.24899 139.52400 142.92700 145.39799 145.42799 152.96400 154.03101 154.34200 154.96100 156.02901 156.63300 157.71800 158.48399 159.03000 159.73000 160.72701 159.37700 160.57201 162.35400 162.89301 163.13400 162.71201 162.90700 162.72701 162.69600 161.85201 161.81900 161.75700 161.82201 161.94299 162.32700 162.22200 162.49600 162.91200 163.59900 163.85800 164.17200 164.71700 164.42599 165.07700 165.34700 165.85899 166.25400 165.83800 166.35699 166.34801 165.79800 164.41200 165.56000 164.11000 164.22501 161.92799 158.70000 158.26300 159.09900 158.86501 158.44901 160.35699 157.37900 160.81100 165.17300 166.60300 167.62300 168.33600 168.71800 166.56100
140.26100 138.78500 135.55701 140.36400 149.66200 145.66901 148.69200 150.37399 146.64700 150.20100 152.62000 154.29201 155.89500 156.39301 156.80600 157.81000 158.58701 158.75800 159.31599 160.36700 156.28500 157.87700 159.59000 162.13600 164.13200 164.25200 164.18500 164.90800 164.90700 164.45000 164.14301 164.25999 164.71500 165.31700 165.42200 165.51100 166.08200 167.08501 166.80400 166.76801 166.10699 167.07800 168.45399 164.32401 163.82700 164.51601 167.21001 168.36301 169.85201 169.79800 168.00000 165.76300 165.69099 165.15900 165.39400 165.22501 166.08099 165.59500 161.72200 160.56900 159.32001 157.72200 155.87801 155.12900 159.92599 162.03799 163.95200 164.06100 165.18201 164.09801
149.08900 142.21201 138.52800 137.96600 138.73000 143.09599 149.58099 149.95399 146.74600 146.82100 150.84599 144.86800 146.63600 149.57001 154.26100 156.75999 158.30499 159.33501 160.13100 160.74699 158.86600 158.50400 160.73500 163.44800 164.96500 165.02600 165.34300 165.79300 165.45100 165.13400 165.45300 165.26401 165.33099 164.66200 165.82600 166.28000 165.66701 166.44099 166.41100 166.49800 165.28400 165.84200 168.13499 167.93600 167.81400 165.18600 165.47800 166.61600 168.37900 170.39000 167.83400 166.52100 166.58299 166.97701 168.36400 165.89301 163.45599 162.02400 159.01100 161.71300 163.53900 162.58501 162.60001 162.32600 160.00500 157.84200 162.25200 159.86400 162.84900 164.13699
148.55800 144.44600 141.94099 139.02800 136.81300 134.65700 142.91299 146.94901 148.70000 149.39700 151.46001 147.41400 141.40800 138.40401 136.82100 144.89700 151.27800 156.03101 160.23500 162.00400 162.85800 163.98199 164.36700 166.33900 167.32300 166.49400 166.22900 167.22301 167.30499 166.84900 165.96600 165.99200 165.50700 165.21800 165.92300 168.16499 166.83200 166.96201 165.14200 167.62700 168.87100 168.28799 168.60800 169.32600 169.96600 167.79300 169.44099 169.14600 169.71001 170.99100 172.21001 173.35400 172.32300 170.78500 170.39799 170.01401 169.26300 165.61000 163.27000 164.91701 160.84000 161.84200 163.41000 163.28700 165.13901 166.57500 166.62000 165.15401 165.08299 166.27200
142.73000 139.21700 139.72000 135.69800 135.06500 135.27600 136.45399 136.58200 138.94600 143.65199 148.32600 152.48801 149.53400 146.58200 144.24600 141.17900 142.04601 144.34399 147.69299 154.03900 157.32600 162.19200 163.62801 167.00600 167.45799 167.51199 167.29900 168.22301 167.66100 165.53600 164.31599 166.63200 162.17000 161.67000 162.55901 164.59000 165.22099 165.98300 166.33400 167.83501 168.41400 168.90700 169.95100 171.25000 169.46500 168.91701 168.07800 167.60899 168.68500 169.74500 170.52800 168.61501 168.28500 166.56300 165.53000 166.94501 167.19099 163.50999 166.60699 166.82201 162.94299 165.05600 165.57401 165.52000 169.13100 168.47501 168.26801 165.33800 167.59100 169.62300
144.91600 141.32201 137.57100 135.66901 137.30000 135.45599 134.35300 135.87500 138.68500 138.53400 143.06599 144.89200 144.89900 145.94901 148.98000 149.60500 150.36600 148.80800 145.77299 145.98100 148.60500 151.97400 154.62801 160.42400 163.72701 165.67700 166.02000 165.99300 163.84100 161.45000 161.76601 162.65401 162.45700 159.60600 161.87399 160.66600 166.25301 166.93800 166.35600 163.89000 165.97600 169.63699 171.51601 170.53900 169.98300 165.23900 164.91800 165.19000 166.83200 167.12399 164.71600 163.60400 165.37700 163.71400 160.98399 164.38400 162.38200 167.80099 164.69901 170.57201 172.39600 171.07600 172.88000 170.48199 171.02000 167.62900 170.41400 172.63200 174.08900 174.09500
143.73199 143.17700 142.46700 142.41000 143.14200 138.87601 136.17599 136.23199 136.50999 136.58400 140.78200 146.67700 138.17000 139.62100 144.08900 140.35500 138.48199 140.51500 156.55499 150.18500 143.38100 145.50800 148.81700 153.50400 164.64600 166.77400 167.24800 167.24200 165.11099 163.46300 163.64799 162.75900 163.25200 163.24001 164.18401 168.39900 168.08299 166.78999 168.06000 166.47099 166.35400 165.27499 169.24200 170.16901 168.78900 172.71700 173.15401 170.84700 168.81799 167.29500 166.18401 165.24699 167.68300 167.40300 167.23100 165.51401 164.87199 168.00200 167.40601 174.20700 174.61099 176.61301 176.73000 173.15700 171.06300 175.09100 176.63600 176.46500 178.11301 178.69600
144.29601 144.28101 144.52800 144.69299 145.21100 143.30000 142.81900 142.16600 140.54601 140.89301 140.40100 141.38699 141.17700 142.92799 146.00101 143.47800 143.45300 140.20300 144.71400 150.20500 153.82600 152.61800 152.50900 155.98300 157.89799 163.78300 167.03600 168.04900 167.49500 165.07001 165.34700 164.06400 165.26801 167.48199 167.50500 167.44299 168.36900 169.24100 169.45799 169.13600 167.60899 165.89000 166.63901 167.21400 168.28200 174.27400 175.54800 172.96700 171.28799 170.34801 167.41499 166.88901 169.71100 171.61700 167.49100 170.68100 171.82600 175.04700 176.50999 174.20900 177.19701 177.92799 179.28200 178.27901 180.81900 179.63800 179.53300 179.48100 179.09200 176.50600
145.49899 145.52400 144.58900 143.48100 143.46800 143.79201 145.96800 145.50400 145.77400 145.12900 145.12300 141.81799 139.27499 142.43401 147.48300 149.94600 148.12900 147.50999 147.97800 145.26401 148.82800 152.82500 158.10100 161.38800 160.67799 159.67500 161.52200 166.18600 165.89600 163.99001 162.47000 164.62700 165.09801 170.10400 169.77600 168.65100 166.37601 168.00999 165.22600 168.61700 164.84599 162.19099 166.50400 167.98801 165.25200 167.38400 172.28500 172.73801 172.70300 174.10400 172.64301 170.58600 175.74001 177.47900 178.14500 179.95399 180.24699 180.80901 178.99600 181.70599 179.28600 181.52499 181.19701 180.49100 181.09000 180.31200 181.31400 181.68600 181.21300 180.01801
149.59500 145.61900 143.24600 141.03700 140.56500 143.56700 144.55800 145.70500 146.12601 147.43600 143.58701 143.56599 142.95100 139.97800 144.70500 150.95200 153.15199 150.88000 149.56599 147.95100 149.61301 153.18100 155.06000 157.30000 160.16901 162.33900 164.15100 162.21201 164.36700 165.39799 163.57600 167.26700 166.14799 169.68300 165.23100 164.77600 169.68900 167.07700 163.75900 166.34801 168.46100 165.25800 164.59300 165.70799 169.07001 169.09200 170.97099 173.16400 173.21201 174.72301 173.27000 174.51401 174.65800 175.93401 176.21100 176.98500 178.23100 179.24300 182.43500 184.07500 185.60600 185.18401 183.48599 182.29401 182.71899 182.11700 182.79401 182.15700 182.04300 178.29201
153.36800 151.55600 148.85699 142.52000 141.82500 142.20700 146.79100 146.70000 149.67799 147.50700 147.95300 149.62199 149.59200 148.69600 146.20700 149.42900 151.61400 151.91200 155.42900 155.57001 158.00999 152.44800 157.94600 161.26900 163.45700 165.29500 162.77400 159.30600 162.30701 164.71201 166.38901 163.47400 166.65300 168.88800 165.93201 164.40300 169.38600 167.93100 167.08400 164.86200 166.55299 167.76900 167.30901 170.05299 170.14301 172.00800 171.85500 177.65300 176.55701 175.89799 176.79100 178.46001 178.31599 180.57600 183.40199 183.39000 185.80901 185.75700 187.10400 189.10800 189.06799 187.91800 186.16600 185.34000 184.13200 178.41400 179.96700 178.68201 179.57201 179.59100
155.49300 151.45500 151.49899 146.49400 143.62399 143.46800 140.87700 142.55600 147.57700 147.29900 147.48900 150.24699 148.91800 151.70599 151.64400 148.50600 152.95399 157.82500 160.43600 160.12601 161.63499 163.21899 159.86501 161.14301 165.20799 168.73000 171.35899 167.79300 167.89999 170.02299 167.92400 170.06700 170.30800 168.99001 168.48599 167.70599 167.58099 170.36400 167.85899 165.55499 164.39500 170.92700 172.60800 171.75000 176.66299 179.83701 182.15300 185.40199 188.48900 188.09000 189.66100 190.98100 192.00600 192.15199 190.72501 189.31000 189.72800 190.73900 192.79401 192.43100 191.65100 189.76401 188.73500 185.31700 179.91100 177.13901 178.34200 178.55800 179.92999 182.61301
158.16901 158.74400 155.62000 150.23900 150.59100 146.75000 146.02600 140.27800 144.28799 147.94501 145.67599 145.53799 148.32899 151.54500 150.03101 152.38100 156.58900 157.44200 159.97301 163.95900 165.47701 165.28400 163.17400 160.08800 167.39400 172.06900 172.29900 168.03000 169.28400 168.24500 165.52901 170.74600 172.76401 170.34300 169.63300 168.49699 170.32001 170.75800 171.79700 169.18201 169.60001 174.90900 181.39799 179.10201 183.51601 189.77800 191.00000 190.03400 190.10600 187.17400 190.33900 -9999 -9999 195.90500 196.16100 197.81100 195.25999 195.07201 195.93100 194.91701 192.20799 190.58299 184.98700 180.94901 177.08200 177.67999 175.21899 174.70599 174.40601 182.14500
154.54700 153.33400 156.68600 154.42200 151.94901 151.65199 152.41701 147.15300 152.15199 149.19800 147.51100 146.88901 150.74600 150.62300 151.79300 156.28000 159.30600 157.59900 161.98500 165.91299 164.30400 167.45700 170.58701 171.78300 170.43201 164.94600 169.13499 168.34500 170.13300 169.38400 170.00500 169.33299 174.50200 173.17799 170.97400 170.92900 171.44800 171.86301 179.22200 185.34399 -9999 -9999 -9999 -9999 193.25301 -9999 186.99100 181.70799 186.81700 188.41400 195.14700 -9999 -9999 195.07600 196.76900 198.77499 199.27000 199.67101 197.36301 194.84801 191.63600 189.74800 187.37700 184.02901 182.25800 184.95200 175.47701 175.41200 178.07600 187.13300
