data/hydroclimate-scenarios/1948-2000.Pcorr55N_Pref_Tref/monthly_summaries/olr_monthly_avg_jun.asc
ncols	311
nrows	91
xllcenter	102.75
yllcenter	31.75
cellsize	0.5
NODATA_value	-9999
[rows 0 to 30 of 91, columns 70 to 139 of 311]
-9999 -9999 -9999 -9999 -9999 -9999 -9999 -9999 -9999 -9999 -9999 -9999 -9999 -9999 -9999 -9999 -9999 -9999 -9999 -9999 -9999 -9999 -9999 -9999 -9999 -9999 -9999 -9999 -9999 -9999 -9999 -9999 -9999 -9999 -9999 -9999 -9999 -9999 -9999 -9999 -9999 -9999 -9999 -9999 -9999 -9999 -9999 -9999 -9999 -9999 -9999 -9999 -9999 -9999 -9999 -9999 -9999 -9999 -9999 -9999 -9999 -9999 -9999 -9999 -9999 -9999 -9999 -9999 -9999 -9999
-9999 -9999 -9999 -9999 -9999 -9999 -9999 -9999 -9999 -9999 -9999 -9999 -9999 -9999 -9999 -9999 -9999 -9999 -9999 -9999 -9999 -9999 -9999 -9999 -9999 -9999 -9999 -9999 -9999 -9999 -9999 -9999 -9999 -9999 -9999 -9999 -9999 -9999 -9999 -9999 -9999 -9999 -9999 -9999 -9999 -9999 -9999 -9999 -9999 -9999 -9999 -9999 -9999 -9999 -9999 -9999 -9999 -9999 -9999 -9999 -9999 -9999 -9999 -9999 -9999 -9999 -9999 -9999 -9999 -9999
-9999 -9999 -9999 -9999 -9999 -9999 -9999 -9999 -9999 -9999 -9999 -9999 -9999 -9999 -9999 -9999 -9999 -9999 -9999 -9999 -9999 -9999 -9999 -9999 -9999 -9999 -9999 -9999 -9999 -9999 -9999 -9999 -9999 -9999 -9999 -9999 -9999 -9999 -9999 -9999 -9999 -9999 -9999 -9999 -9999 -9999 -9999 -9999 -9999 -9999 -9999 -9999 -9999 -9999 -9999 -9999 -9999 -9999 -9999 -9999 -9999 -9999 -9999 -9999 -9999 -9999 -9999 -9999 -9999 -9999
-9999 -9999 -9999 -9999 -9999 -9999 -9999 -9999 -9999 -9999 -9999 -9999 -9999 -9999 -9999 -9999 -9999 -9999 -9999 -9999 -9999 -9999 -9999 -9999 -9999 -9999 -9999 -9999 -9999 -9999 -9999 -9999 -9999 -9999 -9999 -9999 -9999 -9999 -9999 -9999 -9999 -9999 -9999 -9999 -9999 -9999 -9999 -9999 -9999 -9999 -9999 -9999 -9999 -9999 -9999 -9999 -9999 -9999 -9999 -9999 -9999 -9999 -9999 -9999 -9999 -9999 -9999 -9999 -9999 -9999
-9999 -9999 -9999 -9999 -9999 -9999 -9999 -9999 -9999 -9999 -9999 -9999 -9999 -9999 -9999 -9999 -9999 -9999 -9999 -9999 -9999 -9999 -9999 -9999 -9999 -9999 -9999 -9999 -9999 -9999 -9999 -9999 -9999 -9999 -9999 -9999 -9999 -9999 -9999 -9999 -9999 -9999 -9999 -9999 -9999 -9999 -9999 -9999 -9999 -9999 -9999 -9999 -9999 -9999 -9999 -9999 -9999 -9999 -9999 -9999 -9999 -9999 -9999 -9999 -9999 -9999 -9999 -9999 -9999 -9999
-9999 -9999 -9999 -9999 -9999 -9999 -9999 -9999 -9999 -9999 -9999 -9999 -9999 -9999 -9999 -9999 -9999 -9999 -9999 -9999 -9999 -9999 -9999 -9999 -9999 -9999 -9999 -9999 -9999 -9999 -9999 -9999 -9999 -9999 -9999 -9999 -9999 -9999 -9999 -9999 -9999 -9999 -9999 -9999 -9999 -9999 -9999 -9999 -9999 -9999 -9999 -9999 -9999 -9999 -9999 -9999 -9999 -9999 -9999 -9999 -9999 -9999 -9999 -9999 -9999 -9999 -9999 -9999 -9999 -9999
-9999 -9999 -9999 -9999 -9999 -9999 -9999 -9999 -9999 -9999 -9999 -9999 -9999 -9999 -9999 -9999 -9999 -9999 -9999 -9999 -9999 -9999 -9999 -9999 -9999 -9999 -9999 -9999 -9999 -9999 -9999 -9999 -9999 -9999 -9999 -9999 -9999 -9999 -9999 -9999 -9999 -9999 -9999 -9999 -9999 -9999 -9999 -9999 -9999 -9999 -9999 -9999 -9999 -9999 -9999 -9999 -9999 -9999 -9999 -9999 -9999 -9999 -9999 -9999 -9999 -9999 -9999 -9999 -9999 -9999
-9999 -9999 -9999 -9999 -9999 -9999 -9999 -9999 -9999 -9999 -9999 -9999 -9999 -9999 -9999 -9999 -9999 -9999 -9999 -9999 -9999 -9999 -9999 -9999 -9999 -9999 -9999 -9999 -9999 -9999 -9999 -9999 -9999 -9999 -9999 -9999 -9999 -9999 -9999 -9999 -9999 -9999 -9999 -9999 -9999 -9999 -9999 -9999 -9999 -9999 -9999 -9999 -9999 -9999 -9999 -9999 -9999 -9999 -9999 -9999 -9999 -9999 -9999 -9999 -9999 -9999 -9999 -9999 -9999 -9999
-9999 -9999 -9999 -9999 -9999 -9999 -9999 284.55399 -9999 -9999 -9999 -9999 -9999 -9999 -9999 -9999 -9999 -9999 -9999 -9999 -9999 -9999 -9999 -9999 -9999 -9999 -9999 -9999 -9999 -9999 -9999 -9999 -9999 -9999 -9999 -9999 -9999 -9999 -9999 -9999 -9999 -9999 -9999 -9999 -9999 -9999 -9999 -9999 -9999 -9999 -9999 -9999 -9999 -9999 -9999 -9999 -9999 -9999 -9999 -9999 -9999 -9999 -9999 -9999 -9999 -9999 -9999 -9999 -9999 -9999
-9999 -9999 -9999 265.22699 288.98199 287.00800 285.22800 285.26700 284.73700 284.32800 283.63501 284.44800 283.61200 286.01801 285.02200 286.18600 285.28101 283.41501 283.00900 281.64600 281.37100 281.30499 281.14499 -9999 -9999 -9999 -9999 -9999 -9999 -9999 -9999 -9999 -9999 -9999 -9999 -9999 -9999 -9999 -9999 -9999 -9999 -9999 -9999 -9999 -9999 -9999 -9999 -9999 -9999 -9999 -9999 -9999 -9999 -9999 -9999 -9999 -9999 -9999 -9999 -9999 -9999 -9999 -9999 -9999 -9999 -9999 -9999 -9999 -9999 -9999
-9999 -9999 -9999 -9999 -9999 288.60901 288.18900 288.51300 288.04401 287.30301 286.72198 287.14001 286.55200 285.94601 285.13800 283.93701 283.09698 282.18100 280.98801 279.48901 279.25900 279.31299 279.60101 -9999 -9999 -9999 -9999 -9999 -9999 -9999 -9999 -9999 -9999 -9999 -9999 -9999 -9999 -9999 -9999 -9999 -9999 -9999 -9999 -9999 -9999 -9999 -9999 -9999 -9999 -9999 -9999 -9999 -9999 -9999 -9999 -9999 -9999 -9999 -9999 -9999 -9999 -9999 -9999 -9999 -9999 -9999 -9999 -9999 -9999 -9999
291.76401 291.61301 290.81000 290.73901 290.99500 290.02600 289.68701 289.50101 289.15900 288.67300 288.42700 288.43799 287.19101 286.53900 285.62399 284.52701 283.45801 282.45099 281.59201 280.41400 279.67200 280.19299 280.60101 280.04800 280.33200 280.23599 280.92599 280.00800 280.53299 -9999 -9999 -9999 -9999 -9999 -9999 -9999 -9999 -9999 -9999 -9999 -9999 -9999 -9999 -9999 -9999 -9999 -9999 -9999 -9999 -9999 -9999 -9999 -9999 -9999 -9999 -9999 -9999 -9999 -9999 -9999 -9999 -9999 -9999 -9999 -9999 -9999 -9999 -9999 -9999 -9999
291.96100 292.11401 292.40601 291.81100 291.07199 291.43500 291.32001 291.48300 290.58401 290.85599 290.18900 289.20099 287.77701 287.35599 286.61499 284.88901 283.93399 282.53799 281.92300 280.39801 279.62201 280.82999 279.81601 279.47800 280.56500 281.18701 281.29199 280.57199 280.98599 281.30801 280.80600 280.87399 280.76501 280.29001 280.33499 280.82199 280.78799 279.72198 279.60101 279.53000 279.28201 279.82901 279.80499 278.99899 -9999 -9999 -9999 -9999 -9999 -9999 -9999 -9999 -9999 -9999 -9999 -9999 -9999 -9999 -9999 -9999 -9999 -9999 -9999 -9999 -9999 -9999 -9999 -9999 -9999 -9999
291.02399 292.35300 291.29501 291.35599 290.27100 290.12399 290.88800 291.76001 291.81900 291.53900 290.81000 290.32700 289.53799 289.57800 287.98099 286.03000 285.10800 284.27399 282.94299 282.14401 280.96701 280.56900 278.15302 278.96301 279.60300 280.31100 281.75699 281.88300 281.68500 281.34299 279.89801 281.43201 281.56799 280.96600 280.93100 281.91599 281.99500 281.01199 281.10999 280.23099 280.35999 280.74701 280.74200 279.29599 279.97198 -9999 -9999 -9999 -9999 -9999 -9999 -9999 -9999 -9999 -9999 -9999 -9999 -9999 -9999 -9999 -9999 -9999 -9999 -9999 -9999 -9999 -9999 -9999 -9999 -9999
283.23901 282.73001 281.90799 283.83499 278.89600 283.20300 283.95801 283.50699 284.51999 283.82101 286.03601 284.34799 285.83801 286.08499 285.81400 287.14401 286.21201 285.13501 283.94601 282.58899 281.78000 280.28299 280.22101 280.35901 281.09900 282.07800 279.38199 281.34799 283.23700 283.25699 282.18799 282.61600 282.90601 283.27100 282.63800 281.88901 281.90799 281.89401 281.51401 281.00000 280.47299 280.23700 280.49399 281.22000 281.77100 -9999 -9999 -9999 -9999 -9999 -9999 -9999 -9999 -9999 -9999 -9999 -9999 -9999 -9999 -9999 277.45499 277.27399 -9999 -9999 -9999 -9999 272.05701 267.36200 264.10800 266.77899
284.44101 283.79700 282.82599 283.35300 280.45901 285.54901 289.07501 287.71600 284.73599 283.85999 282.95401 287.55499 288.09698 287.09799 285.69800 286.28500 287.15601 285.75601 285.97699 284.54300 284.05701 283.38901 282.38599 282.22198 285.17401 285.18900 285.24600 284.51599 284.95200 284.74799 285.41299 284.34698 284.05301 284.48599 284.60800 283.42999 283.19199 283.13901 282.75900 281.55600 281.77802 281.93100 281.25900 282.28299 282.13901 281.67999 281.53000 282.29700 280.84299 275.20099 272.65799 274.00800 271.80200 271.99500 273.86200 272.72101 271.46600 276.73099 276.93500 277.66800 277.19299 278.06799 -9999 -9999 -9999 -9999 -9999 272.92599 270.56500 269.14899
281.58801 279.62000 286.29901 284.79401 279.27200 283.47900 288.86600 287.93201 288.42499 290.19101 291.07101 292.45401 291.16699 291.53101 290.54700 290.28101 289.43100 288.02802 287.20401 286.55701 285.77499 286.71899 286.22000 286.64700 287.01700 287.23401 287.03500 286.56100 286.75699 286.77399 286.99701 286.85800 287.20200 286.93301 286.41699 286.63699 286.25000 286.39999 286.01501 285.70499 284.87399 284.03601 284.25500 283.94000 283.85699 282.90100 282.60501 282.98099 282.35599 276.14099 273.57999 275.71100 277.09399 274.67801 269.24200 265.33701 270.73901 268.67899 267.10999 268.67700 271.86600 272.80899 271.36200 275.54800 278.01901 277.30600 277.12399 276.92401 276.59799 273.91199
287.62399 279.20001 267.03900 289.29901 278.66699 276.79999 281.52301 284.20599 283.73999 292.92300 294.47800 293.60599 292.77499 292.86899 292.01999 291.76700 291.01599 289.41699 289.20401 287.99600 284.91400 285.36899 287.24500 287.94601 288.44699 288.87299 288.28601 287.89200 288.27701 288.37000 288.06699 288.66599 288.37201 288.26999 288.28900 288.00900 287.42899 287.31799 287.10800 286.90799 286.40201 285.67099 284.43600 284.52802 284.72000 283.65201 284.02899 283.95801 283.42700 281.11801 279.26199 277.20901 278.73700 276.40701 275.85400 272.34201 267.16000 265.76501 267.12399 267.46100 266.12299 268.45700 264.26001 268.76501 275.53000 276.87201 277.45599 278.21899 278.28400 275.32599
276.44501 274.88199 269.78500 277.82300 293.19199 286.45099 291.19601 291.85300 285.37201 289.78799 292.31400 292.85999 293.90500 293.86499 293.48300 292.95499 292.06201 291.59399 290.91000 289.83801 281.73099 283.16199 285.16101 285.94601 288.22800 288.98401 289.01901 289.37000 289.56601 289.96600 289.36200 289.49899 289.66101 289.05899 288.92999 288.66699 288.34000 287.71701 286.45099 285.66699 284.19901 284.58600 284.80099 280.59900 278.93201 280.76901 283.30301 284.58099 285.75400 284.11099 280.50900 277.81400 277.12799 275.89301 275.58499 274.57101 275.85901 275.58200 269.79401 268.00500 266.09201 263.77600 261.42599 259.73199 266.42099 269.15601 271.52499 272.05399 271.78900 270.50201
289.82800 279.73599 273.41800 273.58899 274.03201 281.88400 292.14001 290.47699 285.19000 284.14401 290.44601 278.52899 280.29199 283.74200 289.44501 291.72601 292.20999 293.24100 293.14700 290.82501 286.86899 284.31299 287.00500 287.86099 290.02100 290.86700 290.71201 290.68399 290.69199 291.31299 291.24301 291.18799 290.19501 288.17899 289.34799 289.72101 287.29700 285.99600 285.34799 284.44501 282.31299 281.72000 283.50400 284.50601 283.38101 279.36200 279.15500 280.66101 282.30099 283.32101 278.91101 276.61899 276.64999 276.61700 278.10400 273.95001 270.37701 268.86401 264.16800 268.29199 271.17200 270.03699 270.15500 269.00201 266.69800 262.51001 268.67001 264.76099 268.45901 269.77100
287.69800 281.29999 277.59799 272.94400 269.54999 267.12500 280.89700 286.91699 289.31100 288.88501 291.14600 285.04001 274.34100 267.59201 263.33701 275.20801 283.74301 288.72198 292.26001 293.62299 293.91501 293.49799 293.58200 293.31000 293.90601 293.12000 293.40500 292.61899 292.75400 293.40701 291.49701 291.81500 289.95099 288.43201 287.54800 290.07300 287.30801 285.82599 282.62201 284.19101 285.00101 283.31100 282.21500 283.93301 284.02600 280.91800 282.45901 281.09000 281.24701 282.44901 283.54099 283.71799 282.02100 280.22400 278.89401 278.31900 276.51199 272.55801 268.49399 270.27100 264.21201 265.87601 268.11301 269.37100 272.60300 274.43500 273.88199 271.45999 270.22900 271.46899
276.45401 271.26599 271.83099 266.76801 265.35699 267.35800 269.55301 269.37701 273.12100 279.92401 286.86200 292.52200 286.91000 281.29501 275.81601 268.88199 268.59299 269.67700 273.64899 281.36499 285.07599 290.74399 292.14700 293.49399 294.23001 295.12701 295.45401 294.43799 294.33499 291.48300 289.19299 292.59201 284.64499 282.12201 282.66199 284.32101 283.72000 283.67801 282.62601 283.73999 283.01901 282.58301 282.28699 285.30200 281.46201 280.44501 278.15500 277.64600 277.83600 278.79099 279.21799 275.50900 274.60001 272.16501 270.77802 271.72400 271.81601 266.94400 271.17401 271.32199 266.36801 269.80200 270.64001 271.26999 277.18500 276.74701 276.23801 271.02899 273.18100 275.01999
282.49500 276.49899 269.99600 266.65201 269.52399 265.95200 264.70300 267.22299 271.85101 272.41599 279.24100 281.20901 279.50699 280.68900 283.20099 282.12100 280.65799 277.41800 271.04700 268.64700 271.77600 276.07001 279.89999 287.51999 292.95901 295.82199 296.80399 296.03699 292.60699 288.63101 289.06201 288.57001 287.26099 282.18399 284.56900 280.75299 287.52399 286.82501 284.57901 279.58899 281.34399 284.47400 286.59500 284.34399 281.60300 274.90799 272.99799 272.68701 274.33200 274.27301 270.00699 267.92999 269.47101 267.33499 262.63599 266.34900 263.35999 269.26700 265.73401 272.23700 275.79501 275.38199 278.23801 277.14200 278.93799 274.84900 278.23801 281.02802 281.38400 280.35400
278.57199 277.38000 276.48901 276.81601 277.84601 270.94901 266.44199 266.68399 267.06000 268.77200 275.55399 283.64099 267.95200 270.66199 275.45099 266.22900 260.76401 262.93399 285.69800 273.46100 261.44199 264.77899 269.44501 275.33801 292.80701 296.63901 298.11401 297.14200 294.75699 291.33600 291.14700 288.84900 288.06699 287.05499 286.72501 291.40799 289.51599 285.79001 285.35599 282.06900 280.62299 276.55899 280.90302 281.15701 278.70599 283.75601 282.93399 278.67200 274.85599 272.04099 269.89899 267.62399 269.79901 270.67300 269.25400 266.07901 264.76501 267.59299 267.14899 274.94299 277.04099 282.07101 284.04199 280.60699 278.70001 285.38699 286.76001 286.23801 286.19000 285.74200
277.12201 277.47400 277.92599 278.64801 280.35101 276.92700 276.35599 276.14899 274.35101 275.98801 274.48999 275.81201 274.23401 275.04099 277.80701 270.39401 268.08899 260.63000 266.40601 272.55499 277.29199 273.92499 273.91699 277.74301 281.83499 290.81000 297.38699 297.57401 297.04001 295.32101 295.70801 291.88599 292.43900 293.11801 290.77701 289.71799 289.47101 288.97699 287.38000 285.47601 282.01801 275.71100 275.49399 274.52100 275.43701 283.77499 284.25299 279.84601 276.03400 273.91299 268.52701 267.31900 271.00900 273.19299 267.02499 270.16400 271.79099 273.47501 276.36899 271.22699 276.80801 280.60901 284.15900 285.02100 289.72299 291.43201 290.79700 288.74399 285.44000 280.91699
276.87701 276.83600 275.92499 273.93500 274.69501 274.93100 279.63199 280.28900 281.39999 281.60599 282.54800 276.24799 270.01599 273.90399 278.68600 278.56000 273.28601 270.75500 268.86401 262.03400 266.29099 272.23999 279.59100 283.96799 283.60400 282.68201 287.62799 294.39899 295.04901 293.77701 290.99500 292.67801 291.57300 296.04599 292.82001 289.97900 285.31400 285.19101 278.99701 282.85800 275.45001 268.62601 273.47800 273.26199 268.27802 271.88300 277.53101 276.98999 275.29501 276.38199 273.46701 270.14099 276.22000 278.81201 279.31299 281.01599 280.38199 278.86499 276.69501 279.47800 277.08801 283.33801 284.40100 285.96399 288.32800 290.36200 290.96399 289.52100 287.49301 284.29901
280.84100 274.65799 270.71701 267.68500 267.56201 272.62900 274.71899 278.38000 280.84601 284.21600 279.05301 278.66101 275.41699 267.27701 272.38101 278.75000 279.41699 273.00699 268.57501 263.69501 264.62201 268.83200 271.39801 274.85501 280.36301 283.88699 288.73801 287.03101 291.73199 295.10101 291.91299 295.95499 291.73499 294.23999 284.91501 282.08099 287.58301 282.61200 275.21799 277.19901 278.65500 272.16400 269.64301 268.97699 272.17200 271.42899 272.80701 273.84601 272.55099 274.22699 271.58600 271.86700 271.55701 273.87900 273.55499 273.36200 274.90500 276.32999 281.79401 284.98001 288.37701 290.27499 289.03299 288.86200 289.86600 290.38800 290.70700 290.00400 287.72800 280.56299
283.95901 281.38501 276.70999 266.66901 266.27100 266.71100 275.38901 276.66501 283.02701 281.51401 284.02701 287.85699 283.86401 278.42499 270.98999 272.76700 273.28900 270.43399 274.01199 271.64999 273.38901 264.19699 272.16400 276.42700 280.79501 284.56100 282.89401 279.35300 287.50900 292.77200 295.62000 288.61600 290.60599 290.59201 283.28299 278.16901 284.25500 280.93201 277.93500 272.81201 273.03601 272.72601 270.60699 272.51999 271.79501 273.03400 271.60800 277.49200 275.16599 273.14999 273.42200 274.33499 273.72101 277.25101 280.64700 279.61401 282.70300 282.59299 285.01199 289.40100 290.58801 290.31100 289.17899 288.65900 287.93201 280.79001 282.43201 281.23001 281.53500 278.98700
283.70200 277.13300 277.09698 269.29501 264.66901 264.85101 260.54800 264.68799 274.60501 275.09799 276.50601 281.99399 277.39200 278.59201 274.39600 266.65601 270.90201 275.72198 277.48999 274.27301 275.57599 276.24100 271.46100 272.95200 279.36600 285.87601 291.57300 288.75400 292.10901 300.18701 295.60699 294.42300 291.41299 287.23801 283.61301 279.58200 277.78201 280.82501 275.65399 270.65302 267.79501 274.77301 275.18600 272.63501 278.94101 280.77600 283.03201 286.58801 289.06201 287.91400 288.26700 288.78500 288.84601 289.36301 286.83701 284.62100 284.94601 286.96500 290.10101 291.18600 290.85999 289.73700 289.45999 284.70099 277.36401 274.92801 276.72699 275.94601 277.06900 279.70999
284.91299 285.24899 279.44000 271.03900 271.91199 265.34399 264.34500 256.06699 262.53601 268.85999 265.25201 264.92599 267.63000 271.39099 266.79001 267.65701 271.77499 271.11301 272.81299 277.16501 277.23700 275.73001 272.13400 266.13901 276.85400 285.23001 287.85800 282.31699 286.71100 288.09900 283.67801 289.00900 289.71399 283.58701 280.78799 277.05899 277.98801 277.57300 277.91199 273.22800 271.96799 276.88800 284.71899 281.18500 286.04999 292.58301 292.82599 290.23001 288.47699 284.16199 287.28601 -9999 -9999 291.60999 291.47800 292.98700 289.48401 289.46799 291.60400 291.25500 287.99100 286.79199 280.11099 274.40302 268.61099 271.81201 268.19501 266.98401 265.75500 275.81201
275.67300 273.38000 277.37799 273.91800 269.48499 268.50201 269.76099 260.87299 269.16199 265.26401 262.04501 259.83301 265.12701 263.57700 263.24701 267.75201 271.11401 267.11801 271.92499 275.51501 271.66901 274.43399 278.13800 277.54800 276.56201 269.57599 276.19199 276.74600 282.18900 281.88699 283.55801 281.10101 286.97400 282.95300 277.80801 276.88901 276.20099 275.61200 284.73999 292.53000 -9999 -9999 -9999 -9999 298.38199 -9999 285.52899 277.12100 282.26001 284.04199 292.00601 -9999 -9999 287.15500 288.10800 289.98499 289.91901 291.77701 290.02200 286.92401 283.39200 282.07700 279.11401 275.99701 273.35800 277.05200 263.62500 262.73401 265.62201 279.31400
