data/hydroclimate-scenarios/1948-2000.Pcorr55N_Pref_Tref/monthly_summaries/olr_monthly_avg_jan.asc
ncols	311
nrows	91
xllcenter	102.75
yllcenter	31.75
cellsize	0.5
NODATA_value	-9999
[rows 31 to 61 of 91, columns 0 to 69 of 311]
-9999 -9999 -9999 -9999 -9999 -9999 -9999 -9999 -9999 -9999 -9999 157.30800 157.34200 156.37100 156.41400 154.58200 154.05499 154.11200 154.10201 153.50999 153.88100 153.27400 153.68800 153.81799 153.66901 153.10100 152.21500 152.07001 152.80099 152.98100 152.74400 152.44800 152.54700 153.19701 153.06599 154.91100 155.16200 153.40199 151.58200 151.58600 151.30400 150.73599 149.90700 148.72000 147.91600 146.82100 146.86200 147.64999 147.28000 146.24500 145.15100 143.72900 142.30200 139.68600 138.48300 137.23599 136.14000 134.11200 132.92999 131.98500 131.17700 130.62801 130.54800 131.26199 132.25999 133.58800 133.59500 135.06200 132.84399 129.56900
-9999 -9999 -9999 -9999 -9999 -9999 -9999 -9999 -9999 -9999 -9999 158.50800 157.78700 157.98700 157.65700 155.31100 155.51401 156.68500 156.33299 156.40900 155.72400 155.65300 156.50400 155.51100 155.88100 154.42999 153.25000 153.75999 153.56599 154.39101 153.20000 153.26300 153.89200 154.60600 154.34100 157.59399 157.16600 157.23199 156.12399 155.34300 154.71800 155.11200 155.10500 153.52100 151.80701 149.96001 149.52901 149.25600 148.11501 146.71100 145.61700 143.97900 142.44701 139.48199 138.97099 138.44600 137.05000 135.34700 135.22301 133.70900 132.91400 132.23199 132.26300 133.07201 134.81799 137.63800 138.17999 138.35800 137.15800 135.42200
-9999 -9999 -9999 -9999 -9999 -9999 -9999 -9999 -9999 -9999 -9999 158.61200 157.83299 158.33200 157.80099 156.72301 156.77400 158.17101 158.75999 158.37801 158.24899 157.67599 158.01700 156.87601 155.48900 152.85001 151.95000 153.03500 154.09000 156.09200 154.69400 154.30200 154.56799 155.61600 156.69800 158.97200 158.99500 158.63400 157.77499 154.59500 156.61400 155.24200 156.67500 155.95399 155.25000 153.60800 152.07500 151.46300 150.17300 148.60400 146.81100 146.34900 144.71600 142.48100 141.86600 140.60100 139.33900 136.42599 136.11099 135.27600 134.80499 133.79300 134.77600 135.58099 136.49300 138.00301 139.91100 141.29900 141.66600 140.49300
-9999 -9999 -9999 -9999 -9999 -9999 -9999 -9999 -9999 -9999 -9999 -9999 158.94000 160.13699 160.13699 159.48700 159.65700 160.72301 161.21201 162.03700 161.61900 159.67000 157.32300 155.05600 153.70799 148.67999 149.42101 149.00500 151.88400 152.26100 152.83400 154.83400 154.87900 155.73500 156.03400 156.47099 156.27800 157.19400 156.79300 155.14600 155.51700 156.23399 156.90800 159.13600 159.09100 158.10699 156.99300 156.98399 154.55499 152.40500 150.80099 149.25200 147.06200 144.72900 142.64700 139.78400 139.05701 138.62900 137.66600 137.39101 137.08200 136.48700 135.87399 136.08900 137.84100 139.38400 142.32300 142.05299 139.85300 140.67500
-9999 -9999 -9999 -9999 -9999 -9999 -9999 -9999 -9999 -9999 -9999 -9999 159.99899 160.94099 161.03799 160.59599 161.74200 162.51900 162.60001 162.75500 162.41701 156.48500 154.52100 152.26199 149.49800 149.59700 150.30099 147.60500 149.99899 149.45000 150.00999 150.65401 154.26801 156.11301 156.43201 156.80701 156.66901 158.23801 158.32300 157.34399 157.57700 157.28400 159.12100 161.46500 163.83701 164.07500 163.25999 161.61099 158.13901 153.66800 151.14600 150.51401 148.34300 145.78300 145.02299 141.96700 141.46300 140.88901 140.38400 139.40601 138.80299 136.25999 136.28400 136.65199 139.48300 142.82600 143.56400 145.41200 146.31700 147.96300
-9999 -9999 -9999 -9999 -9999 -9999 -9999 -9999 -9999 -9999 -9999 -9999 160.36400 162.80800 162.77000 162.37601 162.62199 161.79100 161.32899 159.74600 158.88400 155.09700 153.73300 151.16400 150.61200 147.69701 148.67599 150.83600 149.67799 150.15401 150.94299 153.35300 152.53799 152.82201 155.45100 156.72301 156.98599 157.69600 158.96400 158.86301 156.91000 156.62100 159.94800 163.46700 166.28200 168.22200 166.13901 160.83900 158.14500 155.96400 153.44000 151.85899 150.60800 147.00500 146.27499 143.95599 143.23700 141.83299 140.38600 139.02499 139.00301 137.24400 138.56900 141.14101 141.87500 143.30701 145.75500 148.46100 148.51199 151.99200
-9999 -9999 -9999 163.33200 162.31799 161.35100 161.90900 160.93700 160.40199 -9999 161.37500 161.01199 162.17900 163.40500 163.78300 162.87601 162.61700 162.13699 159.92000 158.84300 159.04201 156.77299 155.00600 153.72800 152.70700 150.85500 151.37399 148.98900 149.00999 144.82700 148.42200 151.65700 150.66200 147.76199 152.09801 153.56300 153.55200 154.91400 156.72200 158.81000 159.29401 159.01199 161.27100 163.61099 164.86400 164.75101 159.93500 161.37000 158.58200 155.19701 151.65800 150.04100 147.06500 141.81000 142.01801 137.16200 135.51900 140.50700 137.63499 139.65401 140.95700 139.86301 140.29201 141.61200 144.81799 146.66000 148.08600 150.53000 153.98801 156.30099
-9999 -9999 -9999 165.51801 164.67200 164.01300 162.75700 162.33400 163.02800 163.67799 164.96600 164.92799 163.77100 164.53300 163.07100 161.90700 161.30400 161.37199 160.90500 161.15401 161.90100 158.33099 159.58299 160.72099 158.03600 155.20000 153.42599 149.72301 147.52600 144.13300 146.80000 145.93600 146.52200 145.57700 147.41701 149.04300 149.98000 148.73300 154.11800 153.02499 154.05901 158.09300 160.67799 160.79900 159.94901 158.09500 157.56599 160.42300 155.06100 151.05000 147.82100 145.49001 142.47600 140.47000 142.45599 139.48801 141.22099 140.45200 137.64799 138.04700 139.44901 139.54201 140.53999 142.38300 144.23599 149.65700 152.29700 156.95100 159.13100 161.30800
-9999 -9999 -9999 167.08000 165.83900 163.89000 163.24100 163.09801 164.10400 165.35899 165.36900 164.50700 162.81700 161.22099 158.58099 160.22600 159.33800 159.85800 161.58000 162.46800 161.53600 157.99001 158.95000 158.13400 155.28300 154.05400 152.85699 149.44200 149.24100 143.42900 139.70900 141.27200 144.69200 145.55400 145.20799 147.48900 149.44501 151.02600 152.70799 152.98801 153.69901 156.63901 158.92799 160.52100 161.82700 159.49400 159.02499 156.50900 154.38300 149.28999 145.72400 147.14600 144.37500 142.96300 143.30800 142.12500 142.67300 142.27299 139.64799 138.95700 141.94200 142.70700 145.15500 144.27699 147.73000 151.21500 154.17599 156.19299 155.76401 159.83000
-9999 -9999 -9999 165.85300 166.05901 163.02499 163.48599 162.03999 161.57500 161.93201 162.94800 163.34200 159.13100 157.20599 156.26601 157.21899 156.35001 154.33600 155.53101 157.74001 155.21001 151.60600 148.83701 151.65199 151.89700 151.03700 151.24200 149.37000 143.97400 139.30701 140.52901 145.77100 143.10300 140.06599 140.94600 143.38200 147.93201 152.46700 150.92500 152.97099 152.90900 151.53400 150.52299 154.13499 159.41200 155.60201 153.25000 155.30901 149.66600 149.02000 144.66800 145.34399 143.28700 139.99200 141.15601 141.39500 141.46201 139.94200 138.65300 138.95000 137.25400 142.21800 144.88600 146.56599 148.66800 152.71800 154.59801 156.67000 156.02901 159.88000
-9999 -9999 -9999 167.42101 167.47800 162.71500 162.22099 162.15800 160.75600 161.94099 164.05701 161.41701 157.96700 155.48000 153.13800 154.89600 154.06799 154.68401 158.41299 161.19200 158.02699 154.29900 151.76199 156.32700 156.24800 154.63800 155.54500 151.60600 146.44299 141.95599 140.90300 142.06799 140.82100 143.22701 144.75900 145.81400 146.45399 150.46899 152.43900 152.68600 151.46100 151.29601 151.06700 152.01900 154.84000 154.71500 154.31700 153.13300 151.35300 148.24800 146.41299 148.01700 144.64700 139.40199 142.63499 139.19299 142.25700 141.99699 140.87500 137.33200 139.50400 141.87000 144.13600 143.63901 146.21899 152.85001 154.50400 154.67200 157.15199 167.74100
-9999 -9999 -9999 -9999 163.07899 161.28101 161.44099 158.90199 158.74699 159.88200 162.74899 160.63100 152.79800 156.90601 -9999 -9999 -9999 -9999 -9999 152.13600 152.25999 153.76700 151.38400 148.66299 150.29300 151.01601 154.80000 152.16800 149.27299 147.93401 145.71001 144.65601 144.22301 146.62100 149.70000 150.73100 149.81300 152.60800 152.62399 153.32700 154.40700 154.81599 153.60500 152.12399 153.12500 153.95000 152.98399 149.90800 151.37700 151.32201 148.25800 145.59700 145.98000 140.93800 139.52499 138.22301 137.16000 137.16800 138.05400 139.64000 139.08200 139.51401 141.95200 144.55600 147.65300 149.71001 154.50200 162.47099 168.83299 -9999
-9999 -9999 168.97900 166.16000 163.72501 163.01199 161.95300 158.82600 160.69600 161.10699 163.04700 160.49699 153.62000 -9999 -9999 -9999 -9999 -9999 149.22301 153.09700 153.92400 157.46001 156.88901 153.55701 152.52200 152.15300 155.77499 155.19600 153.33000 151.37601 149.53999 148.20900 148.91000 148.60201 149.79201 152.59500 150.99100 152.13800 151.98000 153.24300 152.95900 154.61900 154.43900 155.26401 156.55701 156.11501 154.64999 154.99800 155.81799 156.23100 153.95399 151.16901 148.62199 148.41400 144.31500 146.37700 143.00900 139.55000 139.77000 144.34900 144.52699 145.17500 146.81000 147.60300 151.45900 154.77499 159.75500 -9999 -9999 -9999
-9999 -9999 170.08099 167.59300 165.65100 163.41400 163.54700 160.28400 160.83501 161.64101 159.99699 158.94099 158.75999 -9999 -9999 -9999 -9999 155.77600 150.80600 156.25600 156.92599 158.93100 157.32700 156.18401 157.33000 159.04300 157.57899 154.49600 154.10899 154.09300 152.22800 148.56300 150.49001 152.14600 151.83400 151.84399 152.46500 152.17400 149.97900 149.00900 151.68800 151.38100 152.21400 153.71100 152.96500 154.14999 155.46500 154.02100 158.45000 155.59700 155.19000 154.17799 153.02800 151.32800 149.97400 152.53900 150.07800 144.14799 142.96400 146.14301 147.82201 145.37801 149.07899 154.21899 158.27901 -9999 -9999 -9999 -9999 -9999
-9999 -9999 173.45399 169.22701 168.03600 165.99001 165.04401 163.82401 162.80499 161.88800 159.42999 159.25999 174.74699 -9999 -9999 -9999 -9999 152.19400 154.26100 156.71600 157.98801 160.49300 161.35500 160.36400 158.32700 159.48599 155.68800 155.58099 154.28400 153.70200 151.70000 150.85500 150.63300 151.25999 153.94901 152.24300 151.28000 150.63901 148.55400 150.98599 151.68201 154.45100 156.29500 154.57500 155.09700 153.30200 153.32500 153.18800 155.50900 155.08900 156.86200 154.35899 153.01300 151.35500 150.26100 154.12900 154.16200 149.46800 149.95200 150.46300 154.86800 155.75900 156.66299 155.26801 153.68900 154.10300 162.05701 161.51900 167.27100 -9999
-9999 -9999 -9999 173.09500 170.43401 168.68401 168.38699 167.90300 165.12500 162.55200 164.09801 173.60100 -9999 -9999 -9999 -9999 155.92101 154.99001 158.09599 159.43700 159.65401 161.96500 160.56100 160.54800 159.06100 157.47701 155.85500 154.25301 154.13800 149.78500 149.39301 151.48399 153.62000 154.74200 155.45000 155.56500 155.23900 154.28999 153.33200 153.51500 154.13699 156.22701 157.47600 158.42999 159.57300 158.01500 158.42799 159.11501 157.47400 157.54100 154.45200 153.84700 153.57300 150.60600 148.00301 148.56000 149.61900 147.13100 148.19800 152.13100 153.40199 154.38901 150.57800 143.94000 140.68600 151.62399 158.92500 159.82600 164.49100 170.63901
-9999 -9999 -9999 -9999 176.15100 173.76500 171.77000 168.53999 166.01300 168.56799 175.82401 -9999 -9999 -9999 -9999 158.52699 157.20000 159.33701 161.39600 161.14900 162.29900 162.95399 161.56500 158.37100 157.24500 158.90401 158.04900 156.89101 154.54100 153.45599 151.68401 154.69701 155.72800 155.96001 154.73100 155.20700 154.71700 154.32300 153.12601 153.25900 153.22000 155.39200 157.50101 158.88400 160.45399 159.96700 159.27499 159.69600 159.41600 159.12801 158.33000 156.95399 154.83299 152.69200 152.26100 153.67200 154.81700 149.62399 149.86600 152.97301 150.67799 148.38200 148.61200 149.82700 147.29800 151.65199 158.59000 160.75000 160.68401 165.10001
-9999 -9999 -9999 -9999 -9999 -9999 173.79401 172.21001 174.64000 174.68600 168.62801 -9999 -9999 -9999 -9999 -9999 162.02699 162.36400 162.64900 161.41901 161.10800 167.00500 160.61900 158.72000 158.37199 160.78000 160.51199 158.53600 158.07600 155.95000 154.30701 155.33600 157.17900 154.35201 155.29601 156.67300 154.59000 152.36900 153.74800 152.66100 153.13300 151.98100 153.98599 156.17400 156.92200 159.95300 160.32899 160.16200 159.44000 159.09200 159.42999 158.09100 156.85699 155.53600 154.07001 154.13100 153.73199 152.57201 151.90100 151.71001 149.17300 148.55800 148.08400 146.91600 145.30701 150.10600 156.79500 160.95500 161.79100 163.43401
-9999 -9999 -9999 -9999 -9999 -9999 -9999 -9999 -9999 -9999 -9999 -9999 -9999 -9999 -9999 -9999 -9999 -9999 -9999 162.85699 162.19600 165.57600 163.02600 161.72099 161.07500 161.33099 159.98700 161.48399 160.92799 156.26300 155.50200 157.14900 155.21800 155.38600 155.15401 155.69299 155.89500 153.60500 153.08800 151.73700 151.24300 152.62199 154.98700 155.67300 157.06200 159.44901 161.46001 161.17300 160.40500 160.30299 160.40300 160.17200 158.59300 158.58900 156.15601 155.02699 154.79601 154.84900 153.21700 152.41499 148.43800 149.90401 148.93600 146.48900 146.29900 154.64301 160.10300 162.46300 163.00600 161.84100
-9999 -9999 -9999 -9999 -9999 -9999 -9999 -9999 -9999 -9999 -9999 -9999 -9999 -9999 -9999 -9999 -9999 -9999 165.68401 164.66299 165.30600 166.14301 165.39900 165.14700 165.09300 164.66701 164.09599 162.34801 160.99300 157.98399 157.59801 155.89700 155.18100 155.89101 155.71100 157.03300 156.07500 156.03300 153.64301 151.82800 151.65900 153.69200 154.54700 155.38400 156.81400 157.96001 160.33501 162.24400 163.42999 163.16299 163.30701 162.27699 161.30200 159.62300 157.34801 158.02400 157.44600 153.66600 151.18700 153.35500 154.65199 155.01900 152.75700 151.76900 150.63000 157.72501 161.94099 164.44099 165.45000 168.11501
-9999 -9999 -9999 -9999 -9999 -9999 -9999 -9999 -9999 -9999 -9999 -9999 -9999 -9999 -9999 -9999 -9999 167.76700 167.58701 168.70799 167.97400 167.84200 167.38300 166.56900 167.37199 166.56599 165.41100 162.99800 159.69501 157.69501 157.49200 156.97800 156.48300 158.57201 158.65199 156.37601 154.39101 154.47600 155.20599 153.12500 153.38901 155.70100 155.78400 157.43700 158.11800 160.41100 161.54300 162.30099 165.39400 165.95300 166.85300 165.43500 163.09300 160.22600 159.53101 158.68700 157.20100 154.60400 153.40100 155.64400 160.08299 157.24300 150.24200 150.30600 157.88400 161.66600 162.91800 166.89900 168.77699 171.16499
-9999 -9999 -9999 -9999 -9999 -9999 -9999 -9999 -9999 -9999 -9999 -9999 -9999 -9999 -9999 -9999 -9999 169.46800 170.45799 168.10699 168.70399 168.58900 168.31500 169.76700 171.97099 167.59399 165.95500 164.36700 162.58501 159.99699 159.57300 159.66000 160.07201 161.67999 159.33000 158.40500 157.17500 155.98900 153.85699 154.29900 155.54700 157.36900 158.04401 158.94000 159.46500 164.44901 165.76500 162.30400 164.81000 169.63000 169.63800 167.52200 164.65199 162.50000 161.10899 160.03200 156.02100 156.64400 158.38600 159.45799 158.67000 156.04100 155.90401 155.80200 153.34100 158.11400 164.47099 163.71100 170.09300 174.36501
-9999 -9999 -9999 -9999 -9999 -9999 -9999 -9999 -9999 -9999 -9999 -9999 -9999 -9999 -9999 -9999 167.06000 167.34000 167.80901 168.89900 171.76199 173.71001 171.89999 173.47099 176.26700 169.98100 169.17799 170.17599 167.03600 163.42599 162.50200 162.97501 162.28400 164.39600 162.68900 162.27699 160.42599 158.28200 156.98500 158.71100 160.17300 159.95799 160.07201 161.37801 162.73300 165.80299 167.49800 163.65300 165.93201 171.88000 172.36600 169.44701 165.55800 164.27200 162.41000 161.76401 161.03600 160.57100 161.12000 160.10400 161.19200 160.27800 158.20100 154.34801 158.97400 162.87000 166.35699 169.71500 175.77699 178.36900
-9999 -9999 -9999 -9999 -9999 -9999 -9999 -9999 -9999 -9999 -9999 -9999 -9999 168.64101 166.84900 166.12700 166.09000 162.98199 168.48000 173.92000 174.43900 171.42700 173.42000 172.84200 171.13699 174.04300 172.93100 171.31300 170.06400 169.44000 168.28900 166.77800 165.91600 165.69000 164.59200 162.81900 163.45399 164.52901 163.69800 164.58800 164.50500 166.07001 166.18900 166.72400 166.91100 168.49500 169.24300 169.01199 169.78300 170.02000 169.72000 168.04900 166.27400 166.96500 165.63800 163.89799 164.14900 164.71600 165.31500 164.81000 164.61099 165.45799 164.93100 166.67999 170.60100 174.72200 177.11900 178.01700 179.33501 181.21201
-9999 -9999 -9999 -9999 -9999 -9999 -9999 -9999 -9999 -9999 -9999 -9999 170.15500 167.94701 165.82300 166.53101 167.42500 169.01100 167.60400 178.02600 174.95599 174.98801 175.70100 175.05400 173.85899 176.65401 175.81400 175.26300 173.58400 172.77600 171.33099 169.63499 168.55400 167.49600 167.48100 166.57500 167.79900 169.98000 170.95300 171.75301 169.16400 169.82700 169.07800 168.64799 168.95399 170.19501 170.88699 170.55299 169.90900 169.74100 169.52901 168.37601 167.36099 168.15900 167.61900 167.30600 167.60899 166.17000 164.84399 165.90700 166.75600 168.82700 169.90700 170.84399 174.68401 178.71400 180.60400 181.55701 183.52200 181.62500
-9999 -9999 -9999 -9999 -9999 -9999 -9999 -9999 -9999 -9999 -9999 164.61600 165.50301 164.80901 166.52100 169.38300 170.40500 172.72200 174.31000 174.93300 176.26700 179.27400 178.84399 178.03200 177.08299 175.36099 174.29300 177.02600 178.41100 176.84599 173.64700 171.72400 170.64200 169.75800 170.06700 168.20399 168.53300 173.40500 178.06900 177.39000 175.70900 173.82899 173.69099 174.22400 174.13901 173.19901 173.69200 173.03101 172.78000 172.08900 171.39301 166.28500 166.71700 166.35800 166.75999 168.56700 171.37199 170.17500 172.99400 173.46201 173.41000 176.70900 177.58099 179.20500 181.02901 182.73900 183.82800 185.79800 184.34599 182.94800
-9999 -9999 -9999 -9999 -9999 -9999 -9999 -9999 -9999 -9999 167.79700 165.85699 168.22099 165.06500 168.68900 170.64400 171.46899 172.98100 173.87700 174.82300 176.44400 179.78999 180.41400 179.95900 180.02000 178.31100 176.86400 180.14999 179.52000 177.51801 175.24300 174.00400 172.55099 171.83299 171.34399 169.52699 170.41299 175.08701 179.17799 179.88901 179.29800 179.42900 179.17500 178.01199 176.88800 175.97600 176.03700 175.75600 174.90900 174.21001 173.10600 167.23801 168.38300 167.34801 169.03600 171.53799 172.04800 173.78600 177.93500 177.35201 177.43500 179.04800 180.59200 181.89400 183.86800 185.54601 187.16400 187.88400 186.30800 182.99200
-9999 -9999 -9999 -9999 -9999 -9999 -9999 -9999 -9999 174.39101 172.87601 172.53999 171.97400 171.17799 171.55000 169.84000 170.32201 171.76199 174.62300 176.82700 178.58600 178.50500 178.26900 180.28900 181.21300 181.15500 181.43900 179.10201 177.74300 177.66200 177.68700 172.97600 170.80499 168.66299 167.29500 168.77400 169.95799 177.81000 181.27299 183.68800 184.00101 185.54201 184.99200 182.80299 181.79900 180.23801 180.87500 177.72000 176.67900 175.81799 174.11700 170.30499 168.21500 164.72099 165.42000 175.59000 178.86400 181.55200 181.19600 180.71300 180.30600 181.51900 182.67101 183.98300 185.56500 187.10600 188.72200 187.18100 186.42300 187.31300
-9999 -9999 -9999 -9999 -9999 -9999 -9999 -9999 -9999 -9999 173.78500 174.74100 170.99600 174.14400 174.97400 171.36000 171.13901 172.51601 174.84000 175.92000 176.62399 178.05600 178.97099 -9999 -9999 -9999 -9999 -9999 -9999 178.67000 177.78300 174.47301 172.72000 170.29700 167.57300 169.76700 172.50999 179.90500 182.19701 186.35800 186.94299 188.56799 188.16400 185.82100 184.32899 182.32500 181.67500 179.67999 178.80299 178.26700 176.24200 173.42200 170.47200 166.66800 167.43401 178.88499 183.02400 184.03500 183.82600 183.51900 183.01100 183.24400 183.59700 184.72800 182.04201 187.53799 187.56500 186.75200 182.08900 187.02499
-9999 -9999 -9999 -9999 -9999 -9999 -9999 -9999 -9999 -9999 -9999 -9999 173.29100 173.63499 174.04201 179.23000 177.11700 177.70700 178.49600 -9999 -9999 -9999 -9999 -9999 -9999 -9999 -9999 -9999 -9999 -9999 -9999 -9999 -9999 174.03900 170.20500 173.94400 176.75700 182.62601 186.67000 189.09200 190.29601 190.01500 189.24300 188.09200 185.89900 183.53000 182.57899 182.83501 182.14600 180.70000 178.60300 172.35899 171.38100 172.49200 174.26700 181.32600 183.00999 185.05600 186.26100 186.08299 185.08400 183.33000 182.88300 184.95300 187.03200 189.44600 189.41800 189.75700 190.08701 196.83000
-9999 -9999 -9999 -9999 -9999 -9999 -9999 -9999 -9999 -9999 -9999 -9999 -9999 -9999 -9999 -9999 -9999 -9999 -9999 -9999 -9999 -9999 -9999 -9999 -9999 -9999 -9999 -9999 -9999 -9999 -9999 -9999 -9999 -9999 175.89500 177.08701 183.00900 184.92101 189.05099 191.21001 191.67599 190.67200 189.82201 189.49500 187.59000 185.53799 184.51700 185.03500 183.83701 182.10899 179.85001 174.71001 173.47099 174.60201 176.47099 184.67400 185.73199 184.64000 186.43300 186.99200 185.75101 183.99300 185.24400 187.79601 190.88699 191.56200 191.10100 190.69400 190.33900 197.56799
