data/hydroclimate-scenarios/1948-2000.Pcorr55N_Pref_Tref/monthly_summaries/olr_monthly_avg_oct.asc
ncols	311
nrows	91
xllcenter	102.75
yllcenter	31.75
cellsize	0.5
NODATA_value	-9999
[rows 0 to 30 of 91, columns 70 to 139 of 311]
-9999 -9999 -9999 -9999 -9999 -9999 -9999 -9999 -9999 -9999 -9999 -9999 -9999 -9999 -9999 -9999 -9999 -9999 -9999 -9999 -9999 -9999 -9999 -9999 -9999 -9999 -9999 -9999 -9999 -9999 -9999 -9999 -9999 -9999 -9999 -9999 -9999 -9999 -9999 -9999 -9999 -9999 -9999 -9999 -9999 -9999 -9999 -9999 -9999 -9999 -9999 -9999 -9999 -9999 -9999 -9999 -9999 -9999 -9999 -9999 -9999 -9999 -9999 -9999 -9999 -9999 -9999 -9999 -9999 -9999
-9999 -9999 -9999 -9999 -9999 -9999 -9999 -9999 -9999 -9999 -9999 -9999 -9999 -9999 -9999 -9999 -9999 -9999 -9999 -9999 -9999 -9999 -9999 -9999 -9999 -9999 -9999 -9999 -9999 -9999 -9999 -9999 -9999 -9999 -9999 -9999 -9999 -9999 -9999 -9999 -9999 -9999 -9999 -9999 -9999 -9999 -9999 -9999 -9999 -9999 -9999 -9999 -9999 -9999 -9999 -9999 -9999 -9999 -9999 -9999 -9999 -9999 -9999 -9999 -9999 -9999 -9999 -9999 -9999 -9999
-9999 -9999 -9999 -9999 -9999 -9999 -9999 -9999 -9999 -9999 -9999 -9999 -9999 -9999 -9999 -9999 -9999 -9999 -9999 -9999 -9999 -9999 -9999 -9999 -9999 -9999 -9999 -9999 -9999 -9999 -9999 -9999 -9999 -9999 -9999 -9999 -9999 -9999 -9999 -9999 -9999 -9999 -9999 -9999 -9999 -9999 -9999 -9999 -9999 -9999 -9999 -9999 -9999 -9999 -9999 -9999 -9999 -9999 -9999 -9999 -9999 -9999 -9999 -9999 -9999 -9999 -9999 -9999 -9999 -9999
-9999 -9999 -9999 -9999 -9999 -9999 -9999 -9999 -9999 -9999 -9999 -9999 -9999 -9999 -9999 -9999 -9999 -9999 -9999 -9999 -9999 -9999 -9999 -9999 -9999 -9999 -9999 -9999 -9999 -9999 -9999 -9999 -9999 -9999 -9999 -9999 -9999 -9999 -9999 -9999 -9999 -9999 -9999 -9999 -9999 -9999 -9999 -9999 -9999 -9999 -9999 -9999 -9999 -9999 -9999 -9999 -9999 -9999 -9999 -9999 -9999 -9999 -9999 -9999 -9999 -9999 -9999 -9999 -9999 -9999
-9999 -9999 -9999 -9999 -9999 -9999 -9999 -9999 -9999 -9999 -9999 -9999 -9999 -9999 -9999 -9999 -9999 -9999 -9999 -9999 -9999 -9999 -9999 -9999 -9999 -9999 -9999 -9999 -9999 -9999 -9999 -9999 -9999 -9999 -9999 -9999 -9999 -9999 -9999 -9999 -9999 -9999 -9999 -9999 -9999 -9999 -9999 -9999 -9999 -9999 -9999 -9999 -9999 -9999 -9999 -9999 -9999 -9999 -9999 -9999 -9999 -9999 -9999 -9999 -9999 -9999 -9999 -9999 -9999 -9999
-9999 -9999 -9999 -9999 -9999 -9999 -9999 -9999 -9999 -9999 -9999 -9999 -9999 -9999 -9999 -9999 -9999 -9999 -9999 -9999 -9999 -9999 -9999 -9999 -9999 -9999 -9999 -9999 -9999 -9999 -9999 -9999 -9999 -9999 -9999 -9999 -9999 -9999 -9999 -9999 -9999 -9999 -9999 -9999 -9999 -9999 -9999 -9999 -9999 -9999 -9999 -9999 -9999 -9999 -9999 -9999 -9999 -9999 -9999 -9999 -9999 -9999 -9999 -9999 -9999 -9999 -9999 -9999 -9999 -9999
-9999 -9999 -9999 -9999 -9999 -9999 -9999 -9999 -9999 -9999 -9999 -9999 -9999 -9999 -9999 -9999 -9999 -9999 -9999 -9999 -9999 -9999 -9999 -9999 -9999 -9999 -9999 -9999 -9999 -9999 -9999 -9999 -9999 -9999 -9999 -9999 -9999 -9999 -9999 -9999 -9999 -9999 -9999 -9999 -9999 -9999 -9999 -9999 -9999 -9999 -9999 -9999 -9999 -9999 -9999 -9999 -9999 -9999 -9999 -9999 -9999 -9999 -9999 -9999 -9999 -9999 -9999 -9999 -9999 -9999
-9999 -9999 -9999 -9999 -9999 -9999 -9999 -9999 -9999 -9999 -9999 -9999 -9999 -9999 -9999 -9999 -9999 -9999 -9999 -9999 -9999 -9999 -9999 -9999 -9999 -9999 -9999 -9999 -9999 -9999 -9999 -9999 -9999 -9999 -9999 -9999 -9999 -9999 -9999 -9999 -9999 -9999 -9999 -9999 -9999 -9999 -9999 -9999 -9999 -9999 -9999 -9999 -9999 -9999 -9999 -9999 -9999 -9999 -9999 -9999 -9999 -9999 -9999 -9999 -9999 -9999 -9999 -9999 -9999 -9999
-9999 -9999 -9999 -9999 -9999 -9999 -9999 199.86501 -9999 -9999 -9999 -9999 -9999 -9999 -9999 -9999 -9999 -9999 -9999 -9999 -9999 -9999 -9999 -9999 -9999 -9999 -9999 -9999 -9999 -9999 -9999 -9999 -9999 -9999 -9999 -9999 -9999 -9999 -9999 -9999 -9999 -9999 -9999 -9999 -9999 -9999 -9999 -9999 -9999 -9999 -9999 -9999 -9999 -9999 -9999 -9999 -9999 -9999 -9999 -9999 -9999 -9999 -9999 -9999 -9999 -9999 -9999 -9999 -9999 -9999
-9999 -9999 -9999 215.25301 201.90601 200.01801 199.66200 200.17101 200.68100 201.26801 202.02200 203.04700 203.71700 206.11900 206.45799 207.43500 207.83800 208.60500 209.07401 208.41800 208.80701 208.74500 209.17599 -9999 -9999 -9999 -9999 -9999 -9999 -9999 -9999 -9999 -9999 -9999 -9999 -9999 -9999 -9999 -9999 -9999 -9999 -9999 -9999 -9999 -9999 -9999 -9999 -9999 -9999 -9999 -9999 -9999 -9999 -9999 -9999 -9999 -9999 -9999 -9999 -9999 -9999 -9999 -9999 -9999 -9999 -9999 -9999 -9999 -9999 -9999
-9999 -9999 -9999 -9999 -9999 200.70599 201.00600 201.33800 201.59200 202.40900 203.16400 204.23000 204.63300 205.50000 205.92200 206.87399 207.34801 208.24200 208.53999 208.52400 208.75999 209.38699 209.05400 -9999 -9999 -9999 -9999 -9999 -9999 -9999 -9999 -9999 -9999 -9999 -9999 -9999 -9999 -9999 -9999 -9999 -9999 -9999 -9999 -9999 -9999 -9999 -9999 -9999 -9999 -9999 -9999 -9999 -9999 -9999 -9999 -9999 -9999 -9999 -9999 -9999 -9999 -9999 -9999 -9999 -9999 -9999 -9999 -9999 -9999 -9999
201.63600 201.78799 201.43401 201.54500 201.91600 201.77499 202.13901 201.79900 202.35500 203.84000 204.08800 205.29201 205.49800 206.33200 207.08299 207.45500 208.08600 208.72301 209.38699 209.96700 210.42500 210.47099 210.57500 209.66100 209.35201 209.31500 209.33200 209.08600 209.09300 -9999 -9999 -9999 -9999 -9999 -9999 -9999 -9999 -9999 -9999 -9999 -9999 -9999 -9999 -9999 -9999 -9999 -9999 -9999 -9999 -9999 -9999 -9999 -9999 -9999 -9999 -9999 -9999 -9999 -9999 -9999 -9999 -9999 -9999 -9999 -9999 -9999 -9999 -9999 -9999 -9999
201.06799 201.60800 201.60001 201.13400 201.39301 202.61800 202.86200 203.33501 203.65800 204.37900 205.04401 205.67000 206.63499 206.61700 207.25800 208.18201 208.78300 209.64900 210.27100 210.79500 211.94099 212.31500 211.17999 210.08200 211.09100 211.11099 210.55901 210.24699 210.29700 210.78999 210.81100 210.44600 210.52699 210.31400 210.32001 209.07001 209.46100 209.67000 210.29300 210.17900 210.20900 210.33299 211.06900 211.69099 -9999 -9999 -9999 -9999 -9999 -9999 -9999 -9999 -9999 -9999 -9999 -9999 -9999 -9999 -9999 -9999 -9999 -9999 -9999 -9999 -9999 -9999 -9999 -9999 -9999 -9999
201.02200 201.75600 200.87300 201.38400 201.09300 200.78999 201.80000 203.26900 204.28101 204.78900 205.25700 206.43100 206.91701 207.43600 208.09700 209.25800 209.63100 210.51199 211.15601 211.83200 212.24500 212.15401 209.54500 209.74300 209.66800 209.77200 210.76199 211.14400 211.15900 210.69099 209.76601 210.98801 210.97900 210.90800 211.48900 210.26700 210.57001 210.81300 211.79401 211.33501 211.88100 211.79100 211.54500 212.42101 213.45700 -9999 -9999 -9999 -9999 -9999 -9999 -9999 -9999 -9999 -9999 -9999 -9999 -9999 -9999 -9999 -9999 -9999 -9999 -9999 -9999 -9999 -9999 -9999 -9999 -9999
194.91200 194.74100 194.59500 195.91100 192.77200 196.49500 197.56599 197.99300 199.39200 200.54100 203.02299 203.19200 204.76199 206.83900 208.42500 209.10600 209.85800 211.14900 211.85699 212.75000 212.56799 212.22400 211.87700 211.51900 211.60300 211.41000 209.60201 210.45900 212.06100 211.40100 210.43300 212.13499 212.75999 213.07800 213.08800 212.70000 212.77000 212.33299 212.39000 212.09599 213.08200 214.22200 213.78600 213.41299 214.14400 -9999 -9999 -9999 -9999 -9999 -9999 -9999 -9999 -9999 -9999 -9999 -9999 -9999 -9999 -9999 216.29401 216.28600 -9999 -9999 -9999 -9999 214.25900 211.48199 209.16000 213.55400
195.86501 196.10600 195.50200 195.84900 193.68900 197.89200 200.82700 200.88000 199.48399 200.08000 200.64600 204.90900 205.87399 207.31100 207.67799 208.20700 210.13901 210.79500 212.47701 212.67400 213.47701 213.51801 212.48500 212.39900 214.27600 213.55400 213.19701 212.62000 212.61400 212.45900 212.48700 213.85400 213.88400 213.91400 214.23700 213.79201 213.86501 213.72900 213.25800 213.32600 214.02100 214.92300 215.30000 215.23500 215.25200 215.86700 216.26401 216.50000 215.64600 211.37900 210.12900 210.92500 209.88800 209.79700 211.29401 210.63300 210.02499 215.43800 216.34801 216.25900 216.11501 217.39301 -9999 -9999 -9999 -9999 -9999 216.49600 214.48500 215.60899
192.28400 190.60400 196.04100 194.64900 191.03999 195.44501 199.48801 199.92799 201.32500 203.61099 206.27901 208.02499 207.73700 208.77800 209.19701 210.72501 211.02699 211.86099 212.29601 212.75500 212.91600 216.19400 216.41000 216.32201 215.95399 214.42200 214.43401 213.71800 213.69701 213.70599 213.40700 214.43300 214.73000 215.06100 214.79300 215.61700 215.98500 216.12601 216.42599 216.27699 216.57700 217.21400 217.45200 216.33501 217.00000 216.66299 216.42599 217.30099 216.59399 212.55901 210.93201 213.15100 214.77800 213.04201 208.59700 205.24899 210.17200 208.50301 208.14400 209.20100 211.66299 213.30600 212.60899 215.93100 219.19501 219.28900 218.91200 219.12199 219.26300 219.08900
196.18600 190.18900 181.99100 197.77699 190.72099 190.38000 194.03500 196.88400 197.19901 206.02800 208.02901 208.40601 208.58900 209.35500 209.81500 211.25400 212.01199 212.47200 213.28700 213.35800 211.56900 214.20599 216.65700 216.47701 216.82300 215.25900 215.24200 214.49200 214.20000 214.21500 214.84500 215.46001 215.47900 215.66200 215.99100 216.36501 216.67400 216.85800 217.22701 217.70900 217.96600 218.27400 217.99800 217.35899 218.07600 218.09200 218.39799 218.36400 219.01801 217.70000 216.86000 215.17599 216.79800 214.78700 214.84100 212.09399 207.61900 207.15601 208.35699 208.21800 207.52100 209.93700 206.63000 210.71100 216.35600 217.92101 219.48900 220.41000 220.54300 220.09399
189.30099 187.85600 184.16400 190.29500 201.30800 197.72701 201.61501 203.24899 199.15100 202.75600 205.75600 207.55800 209.18300 210.03900 210.81799 212.17700 212.91901 214.91100 214.98700 216.43900 211.25400 212.14500 214.63400 214.69600 216.90601 215.56200 215.85100 215.64301 215.59500 215.68600 215.52200 215.20399 215.50900 215.82500 216.40401 216.12199 216.85201 219.12700 219.08600 219.28900 218.69501 216.53300 217.80901 214.55600 213.95500 215.29401 218.28300 219.71600 220.85500 221.66901 219.71201 217.08600 217.07899 216.11501 215.53200 215.41400 216.09100 215.94701 211.61900 210.14500 208.29900 207.03900 205.19400 203.90800 209.23500 212.26801 214.05400 215.56400 217.28900 216.69099
199.31900 191.59000 187.47600 187.55299 188.31799 195.00800 202.35300 202.79500 198.91701 198.59900 203.86099 196.38699 198.41701 201.91200 207.39600 210.98399 212.65700 215.19200 216.02000 217.31100 214.64600 213.07899 215.51700 215.92400 217.47800 216.44600 216.70599 216.86600 216.18700 216.45700 216.82899 216.03700 215.67101 215.12199 216.64500 216.93401 215.18800 218.12801 218.16299 218.41800 216.79401 214.66000 216.90700 219.21700 218.64900 214.71300 215.41200 217.90800 219.22501 222.19701 219.57899 217.75700 217.90300 217.59200 218.60600 215.57899 212.60400 211.49300 207.77699 210.97099 213.26700 212.30600 212.68700 211.65401 208.56200 206.60201 211.77299 210.29500 213.70300 216.35001
198.42599 193.66299 190.85800 187.67300 185.17799 184.12500 194.56000 199.21700 201.26199 201.25600 203.61700 199.68600 192.47600 188.35300 186.02499 196.57001 203.94600 210.91600 215.18600 218.38100 219.01100 218.92101 219.60699 217.79800 218.65199 217.27699 217.34100 216.90300 216.85300 216.64301 215.39101 215.78400 215.07001 215.00999 215.51700 218.10001 216.48599 217.38600 215.38100 218.79700 220.17101 216.41499 216.63901 219.03900 219.79500 217.71500 219.35899 218.98300 220.12199 222.82800 223.84200 224.36301 223.21600 221.69099 220.73599 220.06900 218.84801 214.66100 211.75999 213.70599 208.73199 209.87801 211.85201 212.54601 214.37300 215.92700 216.46899 215.53500 215.51500 218.14301
191.60001 187.14799 187.97000 183.92300 183.15401 184.89400 186.34300 186.37700 189.62900 194.23199 200.22099 205.39999 201.93201 198.13499 195.01801 191.90800 192.63000 196.44901 200.09300 208.53000 212.09900 216.28000 218.52499 218.35600 218.62601 218.41400 218.37100 217.81799 217.02699 214.69200 213.25200 216.39600 210.27800 210.69501 211.59300 213.42999 214.02499 216.19000 215.81900 218.84399 218.89000 216.71500 217.28600 221.05400 218.17500 218.72200 217.88000 216.79500 217.88499 220.87100 221.02699 218.22200 217.48100 215.50301 214.94701 215.94501 215.98399 211.82300 215.69701 215.19299 210.55499 213.25800 213.49899 214.13000 218.19600 217.78300 218.07600 215.48900 218.61301 221.04500
198.69099 192.23399 188.03700 185.01199 186.65401 185.54800 184.21700 186.04601 189.03500 189.53600 195.10899 196.92400 196.47600 197.45799 200.78999 201.47800 201.80901 202.22000 198.30701 198.63400 201.65401 203.81200 207.36000 212.99200 217.07700 219.13300 219.44099 219.05600 216.12500 213.31200 213.67000 213.95000 213.56200 210.71500 213.52200 212.34100 218.67900 219.64000 218.94901 216.23000 218.88100 221.80800 224.52901 221.61099 220.04201 215.50700 215.08501 215.12000 216.45200 216.99300 213.85500 212.27800 214.19501 211.86900 208.87601 211.75101 209.06100 214.88699 212.03900 215.77400 218.38200 217.93500 219.83701 218.81500 219.65100 216.37900 219.86800 223.30099 224.91499 225.05000
196.57100 194.09500 193.50999 193.08000 193.12700 189.30099 186.21001 186.47200 186.35800 187.68700 192.31400 198.55600 188.20599 190.10100 194.95399 190.40100 187.68300 192.12700 210.81599 202.90401 194.83900 195.61000 199.70599 204.72800 218.01500 220.34000 220.39999 220.32800 217.39900 214.89900 215.19600 214.15300 214.41299 215.07700 215.60201 221.58000 220.75301 220.15700 221.13300 219.94299 219.26500 217.02200 221.30000 220.13300 218.79900 223.93800 223.98801 221.43100 218.54401 216.08701 215.14301 213.72000 216.23500 216.27800 215.25101 212.82700 211.60800 214.33099 213.59300 219.42101 220.50101 223.77200 224.18300 221.35400 219.53300 223.66400 226.20000 227.32600 228.77100 229.64600
197.98700 195.81100 196.17500 195.45599 196.14400 194.65601 193.78400 193.35201 191.23199 192.01900 191.62000 193.34500 192.72000 193.39200 197.17101 193.23399 192.75999 190.89000 195.83501 202.56200 206.65100 203.10600 203.31200 206.44901 209.20700 215.75500 220.20900 220.59200 219.59000 217.59200 218.47900 216.16701 217.84700 220.41600 219.58000 220.35699 221.85300 222.78600 222.69600 222.85300 221.06000 218.00301 218.59900 217.25000 218.21001 225.53000 226.67101 223.48700 221.54800 219.16000 215.69600 214.24500 218.28900 220.23199 215.33701 217.74899 219.04100 219.67599 221.88499 217.29900 220.84900 223.40601 225.89101 225.71400 228.96300 228.88100 228.73300 229.11700 228.74899 226.60201
198.94701 196.47400 195.71600 193.62700 193.85699 195.03900 197.65500 197.08800 197.04401 197.04201 197.41100 193.26401 190.26300 193.01601 198.25900 200.36099 198.23199 198.92900 198.90800 195.97000 199.59599 202.90800 209.24400 212.59801 211.75400 210.28101 212.82001 218.32899 218.15199 216.61600 214.82600 217.00700 217.35800 223.42599 222.64999 221.82700 219.60400 221.28300 217.53799 222.55200 217.54401 213.29500 218.17300 218.02200 214.10201 217.32600 223.05000 222.48399 222.61600 223.55901 220.75800 218.55499 224.02299 226.67700 227.71001 228.51900 227.67700 226.38100 223.68300 225.46300 222.86600 227.64799 227.42400 227.93201 228.72400 229.04700 230.61501 231.57600 231.61700 230.12100
201.98900 196.26300 193.71300 191.02800 190.37601 193.83501 194.83000 196.89999 197.30800 198.71700 195.08000 194.68500 193.56799 189.85899 194.97501 201.62199 204.03101 200.97501 198.92700 196.42400 197.78600 201.37700 203.86000 205.63200 209.18700 210.58200 213.53200 211.78200 214.29900 216.37399 214.67999 219.51801 217.69501 221.18800 215.64400 215.28600 221.00600 218.35600 213.75700 216.84599 219.01700 214.92700 214.00101 214.64799 218.17500 218.61501 220.36099 221.66299 221.39200 223.44800 221.50900 221.10699 221.18300 223.45000 222.83900 223.52200 224.68800 226.19000 229.95100 232.21100 233.95900 234.62500 232.69000 231.34100 231.07700 231.17200 231.74400 232.76601 232.19600 228.35600
205.64600 202.84900 199.89101 192.21400 191.54800 191.68700 197.45000 197.53200 200.64600 198.59700 199.88600 201.40199 201.04300 199.52699 195.92599 199.46100 201.57401 201.17500 204.97501 204.51500 206.69701 200.12601 206.24100 209.39000 211.86099 213.44400 211.30701 207.61800 211.59700 215.28400 217.53999 214.48801 218.44501 219.77699 216.25000 214.42000 220.46100 219.04300 217.35899 214.94501 216.50999 217.36200 217.01401 219.59200 219.63499 221.40601 221.08299 226.77699 225.51601 224.22301 224.64000 225.77600 225.19800 227.91200 230.69600 230.11700 233.02200 233.20500 233.91901 236.86400 237.24100 236.47200 235.06799 233.69501 232.28600 226.03999 228.37700 227.62199 228.83299 228.90601
207.09500 201.83900 202.20000 196.02200 192.69200 192.80800 189.17500 191.44000 197.63200 197.79700 198.33800 201.46100 199.93700 203.21800 202.19200 197.34500 202.24300 208.14200 210.64500 209.14999 210.56100 212.07700 208.22400 209.67500 214.32600 218.67000 221.39700 217.44600 217.96201 222.80600 220.62100 222.33800 222.48900 220.32300 219.47000 218.25301 218.75000 221.25301 219.20399 215.68500 214.31400 220.54401 222.17101 220.72600 226.81100 229.48000 231.79401 235.75200 238.80099 238.09100 239.64700 240.04300 240.22600 240.11301 238.35001 236.53700 236.50400 238.09900 240.73000 240.77699 240.12801 238.29100 237.16800 232.39700 226.55299 223.77600 225.80099 225.83600 227.39200 231.27000
209.78900 210.43500 206.21899 199.94299 200.23000 195.97800 194.59300 188.61200 192.96500 197.49200 195.42400 194.77200 197.61800 201.60500 199.50400 201.31100 206.02699 207.21201 209.76900 213.78500 214.80600 213.58701 211.22701 207.29800 215.03999 221.25800 222.55400 216.97501 218.63100 219.14700 216.58200 221.92599 224.50700 221.31000 220.49100 219.24699 221.63300 221.62300 223.21001 219.88100 220.15100 224.99300 231.73199 229.56000 234.22400 241.13800 241.45500 240.53600 240.66400 236.72200 239.94200 -9999 -9999 243.77800 243.93900 245.37500 241.38100 242.49300 242.88300 242.08600 239.14400 238.01100 232.29401 227.22701 222.78400 223.81799 221.91100 221.12100 221.13300 230.62801
204.87500 203.02299 206.68201 204.24899 201.22301 200.44501 201.62399 195.60400 201.60001 198.94099 196.74899 195.68500 199.87300 199.09599 200.05200 204.71201 208.35300 206.16499 210.85400 215.42900 212.97099 215.24200 218.25700 218.74001 217.73801 213.00301 217.84100 217.27000 220.39101 219.30400 220.40401 219.12199 225.39200 223.50200 220.79100 220.65601 221.28000 221.45100 229.64999 236.72800 -9999 -9999 -9999 -9999 244.48000 -9999 237.54300 230.30901 235.93500 237.38800 244.34000 -9999 -9999 241.46800 242.68900 244.46001 244.19800 246.59399 243.82500 240.63600 237.14600 235.33299 232.78101 229.45300 228.28101 231.39799 220.66000 220.31300 223.61099 234.55600
