data/hydroclimate-scenarios/1948-2000.Pcorr55N_Pref_Tref/monthly_summaries/olr_monthly_avg_aug.1950-2000.asc
ncols	311
nrows	91
xllcenter	102.75
yllcenter	31.75
cellsize	0.5
NODATA_value	-9999
[rows 0 to 30 of 91, columns 70 to 139 of 311]
-9999 -9999 -9999 -9999 -9999 -9999 -9999 -9999 -9999 -9999 -9999 -9999 -9999 -9999 -9999 -9999 -9999 -9999 -9999 -9999 -9999 -9999 -9999 -9999 -9999 -9999 -9999 -9999 -9999 -9999 -9999 -9999 -9999 -9999 -9999 -9999 -9999 -9999 -9999 -9999 -9999 -9999 -9999 -9999 -9999 -9999 -9999 -9999 -9999 -9999 -9999 -9999 -9999 -9999 -9999 -9999 -9999 -9999 -9999 -9999 -9999 -9999 -9999 -9999 -9999 -9999 -9999 -9999 -9999 -9999
-9999 -9999 -9999 -9999 -9999 -9999 -9999 -9999 -9999 -9999 -9999 -9999 -9999 -9999 -9999 -9999 -9999 -9999 -9999 -9999 -9999 -9999 -9999 -9999 -9999 -9999 -9999 -9999 -9999 -9999 -9999 -9999 -9999 -9999 -9999 -9999 -9999 -9999 -9999 -9999 -9999 -9999 -9999 -9999 -9999 -9999 -9999 -9999 -9999 -9999 -9999 -9999 -9999 -9999 -9999 -9999 -9999 -9999 -9999 -9999 -9999 -9999 -9999 -9999 -9999 -9999 -9999 -9999 -9999 -9999
-9999 -9999 -9999 -9999 -9999 -9999 -9999 -9999 -9999 -9999 -9999 -9999 -9999 -9999 -9999 -9999 -9999 -9999 -9999 -9999 -9999 -9999 -9999 -9999 -9999 -9999 -9999 -9999 -9999 -9999 -9999 -9999 -9999 -9999 -9999 -9999 -9999 -9999 -9999 -9999 -9999 -9999 -9999 -9999 -9999 -9999 -9999 -9999 -9999 -9999 -9999 -9999 -9999 -9999 -9999 -9999 -9999 -9999 -9999 -9999 -9999 -9999 -9999 -9999 -9999 -9999 -9999 -9999 -9999 -9999
-9999 -9999 -9999 -9999 -9999 -9999 -9999 -9999 -9999 -9999 -9999 -9999 -9999 -9999 -9999 -9999 -9999 -9999 -9999 -9999 -9999 -9999 -9999 -9999 -9999 -9999 -9999 -9999 -9999 -9999 -9999 -9999 -9999 -9999 -9999 -9999 -9999 -9999 -9999 -9999 -9999 -9999 -9999 -9999 -9999 -9999 -9999 -9999 -9999 -9999 -9999 -9999 -9999 -9999 -9999 -9999 -9999 -9999 -9999 -9999 -9999 -9999 -9999 -9999 -9999 -9999 -9999 -9999 -9999 -9999
-9999 -9999 -9999 -9999 -9999 -9999 -9999 -9999 -9999 -9999 -9999 -9999 -9999 -9999 -9999 -9999 -9999 -9999 -9999 -9999 -9999 -9999 -9999 -9999 -9999 -9999 -9999 -9999 -9999 -9999 -9999 -9999 -9999 -9999 -9999 -9999 -9999 -9999 -9999 -9999 -9999 -9999 -9999 -9999 -9999 -9999 -9999 -9999 -9999 -9999 -9999 -9999 -9999 -9999 -9999 -9999 -9999 -9999 -9999 -9999 -9999 -9999 -9999 -9999 -9999 -9999 -9999 -9999 -9999 -9999
-9999 -9999 -9999 -9999 -9999 -9999 -9999 -9999 -9999 -9999 -9999 -9999 -9999 -9999 -9999 -9999 -9999 -9999 -9999 -9999 -9999 -9999 -9999 -9999 -9999 -9999 -9999 -9999 -9999 -9999 -9999 -9999 -9999 -9999 -9999 -9999 -9999 -9999 -9999 -9999 -9999 -9999 -9999 -9999 -9999 -9999 -9999 -9999 -9999 -9999 -9999 -9999 -9999 -9999 -9999 -9999 -9999 -9999 -9999 -9999 -9999 -9999 -9999 -9999 -9999 -9999 -9999 -9999 -9999 -9999
-9999 -9999 -9999 -9999 -9999 -9999 -9999 -9999 -9999 -9999 -9999 -9999 -9999 -9999 -9999 -9999 -9999 -9999 -9999 -9999 -9999 -9999 -9999 -9999 -9999 -9999 -9999 -9999 -9999 -9999 -9999 -9999 -9999 -9999 -9999 -9999 -9999 -9999 -9999 -9999 -9999 -9999 -9999 -9999 -9999 -9999 -9999 -9999 -9999 -9999 -9999 -9999 -9999 -9999 -9999 -9999 -9999 -9999 -9999 -9999 -9999 -9999 -9999 -9999 -9999 -9999 -9999 -9999 -9999 -9999
-9999 -9999 -9999 -9999 -9999 -9999 -9999 -9999 -9999 -9999 -9999 -9999 -9999 -9999 -9999 -9999 -9999 -9999 -9999 -9999 -9999 -9999 -9999 -9999 -9999 -9999 -9999 -9999 -9999 -9999 -9999 -9999 -9999 -9999 -9999 -9999 -9999 -9999 -9999 -9999 -9999 -9999 -9999 -9999 -9999 -9999 -9999 -9999 -9999 -9999 -9999 -9999 -9999 -9999 -9999 -9999 -9999 -9999 -9999 -9999 -9999 -9999 -9999 -9999 -9999 -9999 -9999 -9999 -9999 -9999
-9999 -9999 -9999 -9999 -9999 -9999 -9999 286.91800 -9999 -9999 -9999 -9999 -9999 -9999 -9999 -9999 -9999 -9999 -9999 -9999 -9999 -9999 -9999 -9999 -9999 -9999 -9999 -9999 -9999 -9999 -9999 -9999 -9999 -9999 -9999 -9999 -9999 -9999 -9999 -9999 -9999 -9999 -9999 -9999 -9999 -9999 -9999 -9999 -9999 -9999 -9999 -9999 -9999 -9999 -9999 -9999 -9999 -9999 -9999 -9999 -9999 -9999 -9999 -9999 -9999 -9999 -9999 -9999 -9999 -9999
-9999 -9999 -9999 275.42700 291.82800 287.83200 287.23499 287.68600 287.11301 287.07300 286.92499 287.34201 287.47501 291.21600 291.05399 291.38000 291.13501 291.23801 291.04300 289.40799 289.09399 288.51199 288.48300 -9999 -9999 -9999 -9999 -9999 -9999 -9999 -9999 -9999 -9999 -9999 -9999 -9999 -9999 -9999 -9999 -9999 -9999 -9999 -9999 -9999 -9999 -9999 -9999 -9999 -9999 -9999 -9999 -9999 -9999 -9999 -9999 -9999 -9999 -9999 -9999 -9999 -9999 -9999 -9999 -9999 -9999 -9999 -9999 -9999 -9999 -9999
-9999 -9999 -9999 -9999 -9999 289.74399 289.39899 289.22800 288.55399 289.40302 289.12201 289.98300 289.75699 289.28000 289.60800 289.86099 289.54700 289.36200 289.04599 288.99500 288.73199 289.12100 289.01999 -9999 -9999 -9999 -9999 -9999 -9999 -9999 -9999 -9999 -9999 -9999 -9999 -9999 -9999 -9999 -9999 -9999 -9999 -9999 -9999 -9999 -9999 -9999 -9999 -9999 -9999 -9999 -9999 -9999 -9999 -9999 -9999 -9999 -9999 -9999 -9999 -9999 -9999 -9999 -9999 -9999 -9999 -9999 -9999 -9999 -9999 -9999
293.32401 293.27100 292.35999 291.90900 292.06201 290.91199 290.63599 290.82199 290.23401 290.74600 290.62299 291.17001 291.36401 290.67401 290.37000 290.55301 290.36499 289.93600 289.78799 290.27100 290.21600 290.76099 290.25601 289.29401 289.20499 287.72400 288.69199 288.06601 288.32101 -9999 -9999 -9999 -9999 -9999 -9999 -9999 -9999 -9999 -9999 -9999 -9999 -9999 -9999 -9999 -9999 -9999 -9999 -9999 -9999 -9999 -9999 -9999 -9999 -9999 -9999 -9999 -9999 -9999 -9999 -9999 -9999 -9999 -9999 -9999 -9999 -9999 -9999 -9999 -9999 -9999
292.68399 292.69299 292.42801 292.53799 291.77301 292.04800 291.75299 291.94400 292.29199 293.13800 292.56500 291.85101 291.89499 291.22198 290.92300 291.04599 290.78601 291.03201 290.95001 291.29999 290.90500 291.92700 290.99701 288.23001 289.62100 289.46701 289.22800 288.47198 289.04099 289.26501 289.21701 288.48901 288.97601 289.03400 289.03299 288.47601 288.16501 287.85699 287.36301 286.88000 287.06799 286.96500 287.02200 286.97000 -9999 -9999 -9999 -9999 -9999 -9999 -9999 -9999 -9999 -9999 -9999 -9999 -9999 -9999 -9999 -9999 -9999 -9999 -9999 -9999 -9999 -9999 -9999 -9999 -9999 -9999
291.61301 292.53601 290.81799 291.87100 290.69501 290.14801 290.89301 292.48099 292.97000 293.82199 292.82700 293.22900 292.96301 292.34601 292.07700 291.95401 291.85901 292.13199 292.04300 292.03799 292.13400 291.33499 288.49100 287.38400 287.97400 288.35101 289.45401 290.12000 290.15201 289.03799 287.90601 290.04300 289.60800 289.61899 289.58801 289.71600 289.15900 289.10400 288.86301 288.93900 288.34399 287.88400 287.78400 287.82999 288.69199 -9999 -9999 -9999 -9999 -9999 -9999 -9999 -9999 -9999 -9999 -9999 -9999 -9999 -9999 -9999 -9999 -9999 -9999 -9999 -9999 -9999 -9999 -9999 -9999 -9999
282.98099 281.79999 280.85300 283.66000 277.81900 283.41599 285.06500 284.25101 285.59500 285.02200 287.76999 288.13699 289.39600 292.62701 293.59100 293.98001 293.22900 292.64001 292.31601 291.68701 290.44299 288.99399 288.81601 288.59399 288.80301 289.52399 286.22000 288.80399 290.85199 290.84601 288.39001 289.68100 290.10101 290.60400 290.07300 290.52100 290.28500 289.94400 290.18201 289.36600 289.56299 289.08200 289.21201 289.46201 290.03000 -9999 -9999 -9999 -9999 -9999 -9999 -9999 -9999 -9999 -9999 -9999 -9999 -9999 -9999 -9999 289.12900 288.40500 -9999 -9999 -9999 -9999 283.31900 279.09201 275.42300 280.56299
284.25699 283.44400 282.05099 283.29901 279.62799 286.00101 289.64200 288.75299 285.62500 284.18600 284.04001 291.18799 292.50900 293.74100 293.20099 292.55099 294.21301 292.97400 293.74399 292.42001 292.70001 291.65500 290.11401 290.37500 292.76099 291.86200 292.12500 292.09000 291.90201 292.70999 292.12399 292.15701 291.64001 291.65201 291.74600 291.39899 291.48599 291.37299 291.34000 291.21301 290.50800 290.47699 290.62799 290.83200 290.53699 290.47900 290.80701 291.39700 289.74600 284.06900 281.85901 283.50699 281.26901 281.43701 283.48599 283.09201 282.23199 288.52399 288.66400 288.85199 288.87000 289.18301 -9999 -9999 -9999 -9999 -9999 285.74600 282.70901 283.09698
279.48999 277.28101 283.88501 282.78699 277.54599 282.76401 288.17700 289.17300 289.68600 292.60001 294.86899 295.74301 295.45700 297.46899 297.35001 296.78601 296.53201 295.79501 295.53201 295.17499 294.73700 294.66800 294.75201 294.55200 294.36600 293.73001 294.19800 293.57999 293.60901 293.27499 293.79199 293.25900 293.23801 293.39099 293.22900 292.63400 292.76599 292.38199 292.56299 292.85001 292.29901 291.87201 291.98999 291.57501 291.46399 291.00500 290.45901 291.46100 290.60599 285.19601 282.68799 285.02499 286.85101 284.40701 278.75800 274.36899 280.66901 278.07999 277.47400 278.72299 282.54901 283.42801 281.70499 286.20599 289.09900 290.33499 289.52600 289.48001 289.43701 289.45801
285.47800 276.32199 263.70200 287.90302 276.92099 276.27899 281.61700 284.93201 284.59299 296.16501 297.55899 297.26199 297.03601 298.48901 298.23499 297.79901 297.78699 297.45901 297.25000 296.84201 293.33499 292.51999 294.66800 295.42300 295.92001 294.97000 294.96301 294.75299 294.64999 294.83099 294.81699 293.91199 294.28799 294.52600 294.42599 294.08801 294.02301 293.79099 293.98300 293.84000 293.80899 293.85400 292.55200 292.83401 292.72501 291.99200 292.14099 292.45901 291.99100 291.46500 290.25101 287.54099 289.46301 286.38800 286.24301 282.17300 276.54099 275.69800 277.46201 277.53601 276.05499 277.79199 273.69699 279.46701 286.77200 289.60901 290.44400 290.21399 290.40601 291.01001
276.01999 273.88901 268.47299 280.24200 296.20200 290.45300 295.33200 295.36401 289.11301 291.30701 295.59799 295.85400 297.03900 297.60599 297.68100 298.74500 298.50201 298.15900 297.48499 295.19299 287.25000 287.89600 290.32101 291.17499 293.99899 295.56900 295.30399 295.47601 295.48401 295.69601 295.52100 295.82901 295.62000 295.48401 294.99799 294.68301 294.38501 295.46899 294.09799 293.49799 292.13699 292.63101 293.92200 288.03299 286.67001 288.71600 291.73001 293.52499 294.89099 294.84000 291.16101 288.37500 287.77399 285.78500 285.28299 285.01300 286.38599 285.05899 279.58200 277.55801 275.76801 273.47198 271.03601 270.35300 277.36600 282.66501 284.77499 286.38501 287.16000 282.82800
290.35699 279.44501 272.97000 275.85400 276.24899 286.24200 297.21100 295.01999 289.01199 286.09201 292.55701 280.31601 282.77899 286.74600 292.73901 297.01199 297.83801 299.12399 298.38501 296.37799 292.14899 289.01001 291.79599 293.10001 295.12900 297.14499 296.86401 297.24701 297.25500 296.90100 297.12900 296.88000 296.07999 293.79300 295.29700 294.95700 292.64899 293.16299 292.79199 291.81201 289.42401 289.48700 292.11499 292.25101 291.63800 287.64301 287.28699 289.21100 291.29099 294.63199 289.55301 287.40302 287.32101 286.35300 288.20599 283.92599 280.13699 278.44800 273.50400 278.15799 281.34201 280.03400 280.77600 280.35199 276.72000 274.82001 281.83200 279.03601 283.07901 282.16501
288.22101 282.18701 277.92599 275.95200 272.18799 270.70901 285.75500 290.79001 293.72299 291.51599 294.49799 286.41800 275.50299 269.20700 265.50400 277.46799 286.29901 292.06500 297.35999 298.59299 299.08499 299.31100 299.16199 297.75500 298.41199 298.94400 298.30301 298.97501 298.73499 298.79501 296.97601 296.57199 295.27499 292.64099 293.32599 295.04800 292.69299 291.09799 288.38101 290.92200 291.95200 289.87000 289.31100 291.18100 292.30099 289.46600 291.65100 291.62900 291.94400 294.69800 295.21600 294.72101 293.19800 290.45801 289.28101 288.73599 286.82001 281.54999 277.88501 280.80301 274.91400 276.82001 278.93900 281.07401 283.54199 287.48999 287.40900 286.34399 285.26401 284.73901
277.45599 272.27200 273.57800 269.31601 269.10300 272.38599 273.79999 272.62900 276.77499 281.58301 289.27100 294.91400 289.57901 284.51001 278.47501 271.05600 270.87799 272.28799 276.73099 285.03500 289.07001 295.91901 297.37000 297.90201 298.80200 299.81400 300.67700 299.98199 299.50201 296.43100 294.12299 297.32800 288.82599 286.32401 286.64099 288.20300 287.92401 288.81500 288.13800 290.10199 289.27701 289.31799 288.70700 293.15500 289.77802 289.88501 288.03699 287.92999 288.51199 290.57501 290.89099 286.35699 285.64700 282.20099 281.35300 282.92001 283.13199 276.99500 281.53000 282.08600 276.81400 280.97299 280.78000 282.80600 289.25400 290.22101 289.46301 285.55801 288.60699 288.57001
283.39200 276.51999 270.77499 266.64099 269.01501 266.47000 265.11600 268.02701 273.15900 273.38501 280.96301 282.72299 281.43201 282.83600 286.42899 285.23901 284.59000 279.69501 274.10101 271.64801 274.98999 281.28299 285.27899 294.72800 300.22800 303.44400 303.86301 302.54401 297.70001 293.38800 292.84299 292.26501 291.47501 287.15900 289.57599 288.49200 296.25000 295.75101 293.53799 289.22000 291.68500 295.29300 297.45001 295.62601 293.26501 286.72800 285.31699 283.70901 285.68600 284.81500 280.15900 277.92599 279.72501 277.20401 272.82901 276.87100 273.39401 280.99399 276.92499 282.27301 286.20401 285.55200 288.46899 288.63400 290.09698 285.82001 289.77200 293.73901 295.07501 294.43399
280.00900 278.86499 277.87500 277.48099 278.85599 272.13699 267.29401 268.38101 268.81201 269.92999 277.73999 285.46600 270.04300 272.21201 277.57300 268.45300 263.13599 265.14700 289.85800 276.95801 264.89200 269.30099 274.08301 282.30399 300.60501 304.27499 305.05701 303.10001 299.45099 294.89600 294.77301 291.98401 291.63599 292.40900 292.68600 300.36801 298.67599 294.67700 294.97900 292.17899 291.14700 286.83401 291.97000 292.76099 290.44101 296.75000 296.38199 290.61899 286.72501 282.26901 280.51999 278.05099 281.07901 280.57199 280.08099 276.84900 275.23199 279.02600 278.63199 285.89499 287.79300 292.67099 294.08401 291.65302 289.07999 296.07101 298.24301 298.68600 300.01801 299.70099
278.77100 279.02701 279.60901 280.00500 281.28900 279.07101 278.51599 277.94901 275.55399 276.95801 276.03101 277.78101 276.47101 276.87601 279.85501 272.48801 270.89801 263.63901 269.34799 277.13800 282.57101 280.13101 279.45901 285.51501 289.28201 298.10999 304.92801 303.26401 302.61801 298.86200 298.98700 295.16699 295.88000 299.51599 297.33301 298.52399 298.93301 298.44000 297.21701 295.73901 292.58899 287.14301 287.28299 286.66299 287.98099 297.50299 298.40500 292.10699 289.09698 284.59900 279.30701 277.90201 282.30701 284.73901 278.22000 282.03201 284.05099 285.53299 288.55200 283.63199 289.01300 291.28101 295.14099 295.53500 300.54099 301.91400 301.62601 300.78101 298.73599 294.64301
279.40601 278.76401 278.26999 275.83899 276.79199 278.25900 282.41800 282.28000 283.52200 283.58099 284.30301 278.04501 272.16901 276.23001 281.59299 281.89801 276.97900 274.41699 273.17401 266.76199 271.59100 278.98901 286.67200 292.99200 291.85300 290.08801 294.37399 300.62500 299.78299 296.90900 293.87799 296.18100 295.30301 302.34500 300.28699 299.14099 294.47400 295.14700 288.70499 293.21701 286.28000 279.75400 285.26599 286.67899 280.82599 285.35901 292.10001 289.68600 288.81900 288.07599 285.63199 282.10800 288.87799 291.51300 292.37799 294.29700 293.48801 292.27200 290.11899 292.39700 289.80099 294.85001 295.84201 296.98801 298.82599 300.67001 302.96899 302.35101 301.42801 298.88800
285.11200 277.15100 273.21399 269.59299 269.52399 275.19101 277.12000 280.54700 282.22198 285.93600 280.46100 279.80801 277.19199 269.77701 276.00601 283.28201 285.09201 278.49100 274.49600 270.00699 270.98901 276.57999 279.47900 281.54901 286.17001 288.45801 292.76099 291.82401 295.88199 298.41800 294.92401 299.54700 295.97101 300.27499 290.92700 287.56100 293.95901 289.39200 282.35001 284.59399 287.00000 280.39001 278.08801 278.09799 281.88699 282.13599 284.00900 286.01999 285.24701 287.05801 283.89200 284.23199 284.32800 286.91101 286.76599 287.37201 289.38000 290.66000 296.49200 300.16599 303.10599 303.24200 301.03601 300.22699 301.20700 302.04700 303.47198 303.38800 302.03799 294.75601
289.34799 285.09601 280.71201 269.95300 269.34601 270.23499 278.61600 279.89301 285.78299 284.08499 286.22299 289.72900 286.79300 283.00000 275.78400 278.85699 279.73499 277.22800 280.99799 279.72101 281.76999 273.17700 281.37201 285.24301 288.39700 290.51700 288.36499 284.10101 290.99200 296.51099 299.46600 292.10199 295.17200 297.04001 289.65701 285.05301 291.41800 288.44000 285.35300 280.74200 281.84900 281.58701 280.16800 282.86301 282.01599 284.45300 283.54501 291.31400 289.28900 286.72800 287.35901 288.46301 287.69699 291.26901 294.91501 294.43399 298.10999 297.87399 300.43201 304.08099 305.40701 304.18799 302.66501 301.55200 300.20599 293.45099 295.89700 294.76199 296.19601 294.53500
290.23199 282.05499 282.49200 273.92300 269.18600 269.54700 265.35699 269.88300 279.66800 279.71399 281.39499 286.01700 281.97400 285.58099 282.09100 274.48001 279.07800 284.82901 286.94299 284.20901 285.25500 287.01901 281.61200 282.99799 289.20999 294.69901 299.57501 294.66901 296.86200 304.10599 300.23700 299.99399 298.25101 293.81100 290.39200 287.70200 286.35800 289.55801 284.42401 279.89499 276.38000 284.45499 285.41800 283.77899 290.46600 293.23401 296.10400 301.22299 304.36200 302.93799 304.16299 305.07800 305.60999 306.07800 303.69000 301.25000 301.53500 303.32901 307.25800 306.67899 306.34299 304.26599 304.10699 299.08600 291.60300 288.04001 290.31299 289.84601 292.33200 295.82901
292.98300 291.64600 286.22900 277.35300 278.19501 271.69101 270.68201 262.51300 269.11801 276.05399 272.29999 271.42999 274.90500 280.23001 275.81400 276.74100 282.32101 281.34698 282.95901 287.94101 288.61801 287.43301 283.56299 277.27701 288.39700 296.01300 297.75101 290.29599 293.97400 294.48099 289.94901 296.44800 298.27200 292.08401 289.33099 285.82999 287.59500 287.10599 287.68900 282.82800 282.21100 288.06299 296.61801 292.80499 298.48499 306.29199 307.04599 305.22400 304.16199 299.40399 303.36401 -9999 -9999 308.56799 308.38699 310.02701 305.69501 305.87701 308.03101 306.65701 303.64999 301.94901 294.66800 288.76099 283.57800 286.20300 282.62201 281.45999 280.75900 292.42999
282.85001 281.35699 285.40701 282.48401 278.54401 277.53900 278.96600 270.17599 278.78000 275.09100 271.69601 269.64499 274.94699 274.30301 273.75699 279.20300 281.96500 278.70999 284.22400 288.68900 284.30899 286.78699 290.63901 290.78900 288.48001 280.88400 287.65100 286.05399 291.26001 290.31699 292.23599 289.77100 296.90701 292.34100 286.97501 286.33701 285.79001 285.96701 295.48300 304.25800 -9999 -9999 -9999 -9999 311.45200 -9999 300.49701 291.47198 297.62701 300.46899 309.57101 -9999 -9999 305.45599 306.29300 308.74399 308.48499 309.94501 307.84399 304.29099 300.25299 297.93600 295.23300 291.88000 289.36099 294.16199 279.48999 278.75101 282.63199 296.75601
