data/hydroclimate-scenarios/1948-2000.Pcorr55N_Pref_Tref/monthly_summaries/olr_monthly_avg_jul.1950-2000.asc
ncols	311
nrows	91
xllcenter	102.75
yllcenter	31.75
cellsize	0.5
NODATA_value	-9999
[rows 31 to 61 of 91, columns 0 to 69 of 311]
-9999 -9999 -9999 -9999 -9999 -9999 -9999 -9999 -9999 -9999 -9999 328.39099 330.31100 331.07999 333.58401 330.51599 330.35501 331.13599 332.65399 332.96701 334.23901 333.43799 333.71600 335.22601 335.29999 334.54999 332.76501 331.68301 332.75900 331.57101 330.77200 331.49301 331.57999 331.94101 331.48199 334.76001 336.22299 331.91101 328.59299 329.03400 329.76801 328.66101 327.22400 327.79099 328.31201 329.08099 330.20801 332.59201 335.01999 335.77499 336.12701 337.59399 337.19501 336.28500 335.01099 334.24899 333.11401 332.06201 331.44699 331.55701 330.33899 329.69800 328.51300 328.80399 327.89001 327.31400 321.84100 319.09201 308.33401 299.33801
-9999 -9999 -9999 -9999 -9999 -9999 -9999 -9999 -9999 -9999 -9999 327.56601 328.21201 330.03500 331.09299 331.01599 332.34299 333.55801 335.32401 337.41101 335.72601 336.94699 339.89801 337.51001 337.28299 336.97501 333.99799 334.14301 333.06000 333.33899 331.12201 331.97299 333.14801 332.84799 331.05899 336.18301 336.29099 336.24500 334.64499 332.70300 332.30099 332.83600 333.74301 331.95999 330.88000 330.41901 330.51700 328.86401 328.14600 330.87000 332.01801 331.26099 331.51300 330.74399 332.19199 333.54001 333.06299 333.11200 333.78400 331.64301 331.03400 331.17999 331.67001 331.55399 332.05600 332.31799 326.66800 320.09000 311.44400 304.04700
-9999 -9999 -9999 -9999 -9999 -9999 -9999 -9999 -9999 -9999 -9999 328.56100 327.49701 329.72699 329.89899 332.55600 333.86600 336.30701 339.38400 340.37799 341.21600 340.99500 341.51801 338.84601 334.49899 331.08401 329.58499 330.32901 332.75400 336.72699 333.09900 332.76999 332.88501 333.70801 334.99500 336.98999 337.14999 335.98499 334.85800 328.59900 332.48599 328.30399 331.81500 332.54099 330.17899 329.19000 327.90500 328.18600 328.64801 329.25500 329.49701 332.17300 331.97601 333.24100 335.57700 335.38400 334.69000 332.96899 332.99899 332.74399 332.11499 331.53500 334.32599 334.28299 332.52499 328.86401 325.75500 320.22800 314.63000 307.92200
-9999 -9999 -9999 -9999 -9999 -9999 -9999 -9999 -9999 -9999 -9999 -9999 331.25500 332.51901 334.32901 335.67200 337.61801 341.42999 344.80399 347.21301 347.49399 343.28500 337.41800 332.70200 329.12299 319.94501 321.20999 319.98901 327.58301 330.27899 331.86401 335.52600 334.91400 335.80899 335.19101 336.40100 335.42300 336.37900 335.31400 330.43900 330.63800 330.84698 330.91199 334.84299 333.14999 331.74301 332.84299 333.74301 333.57401 333.75400 335.17999 334.30701 334.07300 334.43201 333.15701 332.85999 333.30899 334.69601 333.43900 334.71701 334.55099 334.73401 331.94299 330.13501 329.29800 328.00299 326.33701 319.76501 307.38699 302.76199
-9999 -9999 -9999 -9999 -9999 -9999 -9999 -9999 -9999 -9999 -9999 -9999 331.95401 334.12201 334.85400 337.45700 341.28699 344.26999 345.81400 346.70801 346.52899 332.41699 327.70499 323.05801 315.91501 319.72400 321.60800 316.08401 322.32599 322.98901 323.97501 325.45300 333.45901 336.51599 336.16400 336.70099 335.31500 336.92499 337.29700 332.96799 332.74600 330.00500 331.53601 334.29501 337.60199 337.14801 338.26001 335.64899 335.38400 331.39001 330.92599 334.10501 333.84601 333.68301 335.79001 334.80099 335.15100 336.21799 335.71899 335.14001 333.46399 327.30801 324.74200 322.96600 324.61499 327.40399 321.83600 318.70499 312.33701 309.57800
-9999 -9999 -9999 -9999 -9999 -9999 -9999 -9999 -9999 -9999 -9999 -9999 332.71600 337.18399 338.35199 340.18301 341.46100 341.71399 341.20801 338.34201 336.41199 328.81799 325.94501 320.36600 319.26300 316.01999 319.75101 325.29501 322.27899 327.14001 329.50800 334.56500 332.37399 331.19199 337.05200 340.36301 339.32199 337.88699 339.18900 336.35901 330.20099 326.52200 331.35300 335.11600 336.82700 336.23599 335.52200 329.92001 330.65900 335.30399 334.85400 335.61700 337.35800 335.66501 337.52802 336.57901 336.64700 335.54300 333.32800 330.98499 330.01599 324.36899 325.29099 327.60199 323.73999 321.47699 318.85300 318.47299 310.16599 310.90100
-9999 -9999 -9999 326.54599 327.01099 326.43701 328.26901 330.09500 328.69800 -9999 330.78101 332.35699 335.98999 338.21899 339.19199 339.30099 338.15601 339.32901 334.53799 331.86200 332.48599 329.76300 325.71100 323.15399 320.61401 321.35101 324.50500 318.57300 320.13199 312.30399 322.67401 330.56500 327.15399 318.41101 328.17001 332.73801 330.69101 330.93100 331.90799 334.92599 334.55801 329.43799 333.31000 334.95300 332.90100 328.79401 322.73499 329.54599 329.76401 330.15799 328.13101 327.79901 325.30701 319.37701 323.52499 315.37601 312.78400 328.51599 321.16699 327.00201 329.91501 324.78000 323.42300 321.79401 323.09698 322.12201 316.55801 314.47699 313.81201 311.00601
-9999 -9999 -9999 329.42499 329.63300 329.43100 327.72601 327.96301 329.84100 331.13199 333.47400 337.29300 334.59100 335.04700 332.19400 329.36600 327.14899 328.20300 327.35101 328.59799 329.70901 324.39700 328.38000 328.77802 323.56100 324.92401 321.47601 320.18301 315.91400 309.64200 318.80099 318.58600 319.82001 315.98099 319.69101 320.95801 321.01801 316.91800 327.66299 321.33801 321.76801 328.47699 332.77600 328.99899 325.62601 319.60300 318.72800 331.41400 324.10800 320.78000 318.52499 320.01999 316.59601 315.71600 324.36600 317.97800 323.92099 323.36801 317.36600 319.72400 321.67001 319.54199 318.19601 319.41400 317.70999 323.43301 320.29599 321.85901 317.08301 312.53601
-9999 -9999 -9999 330.81500 330.05099 327.74301 327.37701 329.19400 332.49899 335.00900 334.57999 333.62701 330.61301 326.07800 319.25400 323.16699 320.75000 322.19299 326.06500 327.45300 325.72601 320.01001 322.62701 318.89801 313.20901 318.70901 318.06100 317.59000 318.67899 307.00101 299.41800 305.82199 314.80399 315.92599 313.26901 316.00201 320.06799 322.28201 324.28900 320.79999 320.84100 324.59900 329.45499 330.98700 334.10199 327.64001 325.83499 325.16000 323.23401 316.01700 312.60199 322.42899 319.48199 320.37900 322.96500 321.36200 324.43600 325.54300 320.12900 318.94400 323.04999 322.64401 324.04700 318.69400 319.97501 321.20999 318.59100 315.19601 305.22400 303.83499
-9999 -9999 -9999 331.02701 335.35599 329.80899 333.22000 329.56799 329.49399 329.72000 332.43600 334.59601 324.55499 320.45599 318.34900 319.18399 315.79300 314.19400 316.87601 321.63901 314.89600 309.11499 303.34601 308.65900 311.11301 316.13199 318.77100 318.52802 306.71100 298.16101 303.37000 320.12000 312.66000 303.01501 303.58301 309.74100 319.13101 327.26501 322.54099 325.42499 324.39700 317.56900 315.57901 322.78900 336.67001 326.95200 321.20700 328.12799 318.27600 321.40799 313.34201 319.58099 318.41101 313.63000 318.63599 320.69299 321.84500 318.16299 315.46899 316.21799 310.21500 319.22101 320.60199 320.73901 318.39499 320.35199 316.79700 312.48001 302.27200 300.15500
-9999 -9999 -9999 332.95300 336.70401 328.83801 329.97198 328.37299 325.23999 328.05701 333.80600 328.66800 320.14499 314.97101 308.83499 311.26099 308.78201 313.43201 320.96899 325.76199 317.03400 311.41299 306.03500 316.38199 318.52100 321.98700 326.87701 321.83401 311.58899 303.36301 303.04501 307.36200 304.92001 308.82700 312.00201 313.35599 314.14001 322.14600 325.17899 325.59799 320.71301 318.13599 316.13300 317.77100 325.79901 325.52899 325.10800 324.69501 322.26999 319.82800 318.01999 325.32999 320.20700 311.72101 321.55399 313.17899 321.86401 322.14600 317.30099 309.35901 311.87100 314.16199 316.10599 310.75101 309.55801 318.78699 313.93600 306.95901 302.54800 311.50800
-9999 -9999 -9999 -9999 328.25500 325.71100 328.17300 323.23401 322.16400 325.33401 332.84500 328.84900 308.40701 320.08401 -9999 -9999 -9999 -9999 -9999 304.30399 303.67801 308.09500 304.02499 298.27802 304.79001 311.22400 324.04700 318.91199 314.18100 315.96201 312.25601 310.06601 309.26901 314.87799 322.70200 325.82700 322.57199 327.26999 326.48300 326.35400 328.16699 326.49100 322.87100 319.00000 322.40500 325.75400 324.55399 317.60901 322.13199 325.96301 321.41101 319.21301 323.07501 313.48300 312.27802 308.81500 306.49500 307.97501 309.35800 312.95901 309.24899 306.69800 308.82101 311.62299 311.60001 309.05600 312.10501 318.94901 322.89801 -9999
-9999 -9999 330.68799 328.71100 327.62399 328.88901 327.10599 319.61200 325.15500 326.75601 332.30099 325.69901 309.69901 -9999 -9999 -9999 -9999 -9999 293.20901 303.17099 303.04700 312.79001 313.21899 306.34500 308.17401 311.49701 324.49701 325.56601 323.36401 323.02899 319.26501 317.15799 318.30399 318.04001 320.91400 328.51199 325.23001 327.29199 325.91901 326.55399 324.77100 325.21500 323.27200 324.06601 328.37500 329.55499 328.37701 328.60300 333.25900 339.31500 336.04599 332.80600 329.21899 331.33301 323.47699 327.65900 321.03201 312.49100 312.03500 321.94601 321.05200 319.36099 319.24200 316.56201 319.86200 322.49799 325.66699 -9999 -9999 -9999
-9999 -9999 330.88501 330.21399 331.99301 330.03400 330.71399 323.12701 326.01199 329.48901 326.20200 323.96201 324.41299 -9999 -9999 -9999 -9999 314.40201 299.08099 310.43500 309.22101 312.42300 312.51199 315.54099 321.64899 329.02802 328.02899 325.02701 326.13501 328.03799 324.05200 317.44101 322.87100 326.04800 325.00400 327.13901 328.77600 329.94199 323.78601 318.89099 323.21500 318.46899 318.59500 321.77200 322.16000 327.22800 332.79501 330.19400 342.80399 339.97501 341.62399 341.26199 340.63800 339.28799 338.05301 345.85300 340.09500 323.58701 319.20999 326.79901 328.59399 320.06799 325.77701 332.88699 337.18100 -9999 -9999 -9999 -9999 -9999
-9999 -9999 333.91800 328.53101 329.24200 327.61401 329.75400 327.39200 327.03299 327.15399 321.79599 321.48300 335.40302 -9999 -9999 -9999 -9999 303.55600 305.31601 310.49399 310.23599 316.66400 321.57199 324.83499 324.41699 328.04800 323.12000 327.43399 325.84698 326.91501 323.14301 322.37100 321.25299 321.67401 326.19101 324.65100 324.29401 324.19699 320.94901 326.15900 325.36600 327.11301 325.54800 321.13000 325.38000 323.68399 326.94400 327.73801 334.82300 337.54999 345.96899 342.46500 340.64099 338.98401 338.74799 351.03699 349.87299 336.12201 335.73599 337.56900 345.77301 345.12299 344.87299 336.14401 327.09900 322.90302 334.98599 327.10501 333.65399 -9999
-9999 -9999 -9999 330.76901 327.50000 328.16599 330.94299 333.18799 329.42999 324.64801 330.49100 333.13599 -9999 -9999 -9999 -9999 310.32300 307.22501 313.22800 314.64600 315.92899 322.94101 321.45401 323.73599 324.04599 325.03500 325.10101 324.02301 325.83899 317.45599 317.87000 322.65601 327.15601 326.56601 327.77200 329.75101 332.66400 333.79901 334.31699 335.43500 333.34601 332.38199 328.08701 329.16400 335.89001 334.56400 338.83899 344.58401 342.07199 344.00299 339.13000 341.54001 344.50400 338.48199 333.69901 336.00900 337.18100 329.94299 330.98700 340.68799 341.21100 339.75601 327.38000 307.30801 295.91299 319.71600 331.03500 330.42801 334.51599 331.65302
-9999 -9999 -9999 -9999 332.84000 330.81900 332.07999 329.37500 326.52899 335.88400 339.59698 -9999 -9999 -9999 -9999 316.38699 311.53699 316.42700 320.94800 319.63699 322.70599 326.43301 324.76700 320.92499 321.50800 328.42499 329.49500 330.57599 327.11700 326.49600 323.16199 331.11899 333.48999 332.37000 327.38800 330.94699 332.63901 335.51901 334.52301 336.13101 332.29901 332.04300 332.32999 334.46899 339.50699 339.63599 341.47400 345.93399 347.75400 348.41000 349.52100 349.98401 346.80701 344.46799 346.17099 349.33801 351.12601 336.73001 335.44299 342.41699 333.92300 324.86401 321.75000 321.73199 312.83099 320.49600 333.50299 337.66501 330.96701 332.15100
-9999 -9999 -9999 -9999 -9999 -9999 333.17099 334.14499 339.97299 341.42200 339.61600 -9999 -9999 -9999 -9999 -9999 321.81299 324.41800 325.70700 323.19901 322.88501 339.71701 324.75400 323.41000 325.76001 332.19101 335.17401 334.11700 335.51999 334.29199 330.78101 333.74399 337.31799 329.75699 331.55200 336.77399 333.76199 330.42001 335.84100 331.44400 330.53601 324.74399 326.26700 331.72601 334.01700 341.26700 345.44800 347.37500 348.31601 349.47400 351.97101 350.71399 352.16199 351.26801 350.59698 351.72299 349.88501 344.52499 341.16101 337.73001 330.09698 323.32700 319.39700 314.32999 307.39401 315.31201 330.50500 341.91000 337.25400 331.08499
-9999 -9999 -9999 -9999 -9999 -9999 -9999 -9999 -9999 -9999 -9999 -9999 -9999 -9999 -9999 -9999 -9999 -9999 -9999 325.13300 325.95401 336.57700 330.35001 330.83499 331.10901 332.50900 333.28201 340.99301 341.93201 336.16901 335.26501 339.03900 333.47400 332.77499 332.29001 334.57700 336.37000 332.98401 332.99701 327.70099 325.01801 326.66199 329.27600 331.77301 335.02802 340.84399 347.40500 349.33899 351.09000 351.04599 352.56699 354.42599 353.80801 357.68500 355.59601 354.01801 351.37000 349.65399 342.16199 337.83401 325.37900 325.58801 320.64999 312.16101 308.50299 327.20599 338.43701 345.31100 341.70401 328.00101
-9999 -9999 -9999 -9999 -9999 -9999 -9999 -9999 -9999 -9999 -9999 -9999 -9999 -9999 -9999 -9999 -9999 -9999 328.29001 330.97699 335.37799 340.10599 340.74399 336.35999 337.59698 336.63101 340.61801 340.73001 338.82599 335.68500 336.60901 334.93100 332.55200 332.94901 334.02600 337.39200 335.19299 336.46301 330.07999 326.41901 324.82001 328.64600 330.00000 329.95499 333.20801 336.46799 343.88699 350.30701 355.40601 354.59000 356.94601 356.19901 358.20401 356.45801 354.37000 358.62100 355.57901 342.19800 334.00500 337.89899 338.23001 338.01099 330.15900 322.50601 317.06500 331.42099 338.98801 344.31299 341.77499 337.79999
-9999 -9999 -9999 -9999 -9999 -9999 -9999 -9999 -9999 -9999 -9999 -9999 -9999 -9999 -9999 -9999 -9999 329.63501 328.80600 337.84000 338.20499 339.61600 341.00101 338.22198 340.79700 340.06299 342.53400 340.37601 333.91299 333.01199 333.15399 336.23499 334.68701 339.48901 339.81299 334.26999 329.69299 330.95599 332.22000 327.80899 327.54300 331.04501 330.79001 334.42401 337.16101 341.19901 345.72198 347.07700 355.81500 356.18301 359.76099 361.02200 359.75000 356.31601 356.54099 357.77600 352.90399 342.34900 336.57599 341.21701 350.15799 341.15900 320.46100 316.51599 332.05499 336.43900 336.45200 343.58600 342.56601 339.50101
-9999 -9999 -9999 -9999 -9999 -9999 -9999 -9999 -9999 -9999 -9999 -9999 -9999 -9999 -9999 -9999 -9999 329.64099 330.66501 332.03601 335.52701 337.42999 341.17200 341.00000 350.10699 344.20001 344.73700 343.08600 342.11200 337.17099 337.03900 339.39700 341.07001 345.84100 339.74899 334.89999 331.46600 332.03601 325.74500 327.47699 329.25299 333.89899 336.37701 339.66400 341.85300 353.76099 356.01999 345.83499 350.14600 359.15399 362.26199 362.53400 361.38800 360.18701 360.31500 357.36801 346.03299 344.35001 347.16199 349.53799 344.08600 334.56799 332.11499 327.97800 317.09601 324.52499 336.60101 330.85901 340.48099 341.61499
-9999 -9999 -9999 -9999 -9999 -9999 -9999 -9999 -9999 -9999 -9999 -9999 -9999 -9999 -9999 -9999 321.90399 322.20801 322.65100 329.13599 338.27899 344.55701 344.14899 346.42300 357.28101 347.05099 349.49500 354.26999 349.46701 342.00201 341.29800 344.87500 344.61499 350.31900 347.11801 341.16199 335.36301 331.84399 327.16101 332.32300 336.04999 337.53900 338.99500 344.87900 349.47101 356.58600 358.52499 345.45001 349.73099 359.95700 363.19199 363.29999 360.43701 361.78799 361.23199 358.88699 355.97900 351.57901 350.63400 345.72800 346.91299 341.85999 333.63901 319.26999 327.13199 330.81000 335.38000 338.94101 346.92099 344.43500
-9999 -9999 -9999 -9999 -9999 -9999 -9999 -9999 -9999 -9999 -9999 -9999 -9999 325.99301 322.03299 321.47400 319.79199 314.22501 320.58801 332.06100 336.28900 333.58401 340.75299 343.12500 343.30200 353.15799 353.64200 353.64200 353.04700 352.25601 350.96301 349.51700 348.51001 349.79401 347.36700 341.50299 338.89200 338.41901 334.91299 334.70300 337.82401 342.81900 347.43701 355.24899 356.38101 355.81699 356.73499 356.16199 355.58801 354.79401 355.55499 358.52200 358.53201 364.92801 365.87201 361.42499 359.47900 357.97400 356.69501 354.19299 350.84900 349.62399 346.36099 345.60901 350.35001 356.32300 355.41599 352.22601 348.82599 344.04001
-9999 -9999 -9999 -9999 -9999 -9999 -9999 -9999 -9999 -9999 -9999 -9999 328.90799 324.75000 322.41101 322.41501 322.39401 323.37100 322.83301 339.41699 335.45599 340.32501 343.92700 345.09799 345.40100 354.95001 354.03500 355.29300 353.97800 354.70300 354.25500 352.83099 352.00101 351.60699 351.16901 346.14001 342.33801 340.79999 338.09900 340.22400 340.82901 346.65701 350.92599 357.01999 358.74200 358.76501 359.08301 357.65601 356.18201 354.41400 356.02100 358.17801 359.01001 364.57599 367.08600 366.95300 362.75400 355.51700 350.11099 350.42801 349.45700 353.72299 354.01700 350.50400 355.69501 360.50400 357.88699 353.80600 349.46301 337.83200
-9999 -9999 -9999 -9999 -9999 -9999 -9999 -9999 -9999 -9999 -9999 315.68600 319.47900 318.89801 323.98300 329.40701 331.22601 331.34601 331.65302 332.69901 336.14999 343.83499 345.86899 345.80200 345.79999 347.45599 346.68100 353.96701 357.81500 359.86099 356.72400 353.53000 353.14200 351.80099 351.60199 344.45801 338.13599 337.43301 340.29800 342.88800 348.32800 350.22299 357.43900 360.40601 360.78400 361.73099 361.49600 360.29001 358.97299 357.75900 357.64700 349.75500 354.27200 354.64099 357.41000 360.44800 364.27499 358.38101 362.82501 363.44101 361.59399 366.82101 366.56400 365.61099 365.38800 364.45001 358.80301 355.69101 344.23199 332.11899
-9999 -9999 -9999 -9999 -9999 -9999 -9999 -9999 -9999 -9999 317.82901 317.16501 325.63300 321.80701 329.82700 334.11200 336.18100 335.54599 334.88699 336.24301 339.34698 345.82401 346.39099 347.69400 347.62500 348.01199 348.18301 357.38599 358.96100 358.15601 357.82401 355.85101 354.18500 352.87500 349.75101 342.46500 338.27600 338.97900 344.24701 347.70901 353.76001 359.30701 365.42001 363.96799 364.05899 364.13199 364.64301 362.79999 362.07199 360.74701 359.83899 349.89099 353.38699 352.79800 356.64899 359.24600 357.01001 358.08701 366.56299 366.48300 365.35199 367.94199 367.25601 366.53601 365.10599 363.49701 359.69501 353.17099 339.76901 324.33401
-9999 -9999 -9999 -9999 -9999 -9999 -9999 -9999 -9999 330.50101 331.45300 329.50201 329.90601 331.45200 334.56100 335.34900 337.11099 338.06000 342.13800 343.99799 346.13101 344.75201 345.12601 348.82199 349.01300 352.25601 354.40201 358.64401 358.25000 360.28201 363.91199 353.84299 351.18900 344.36801 339.03799 336.02600 333.34601 341.73001 346.04199 355.70999 361.71600 368.50601 372.64099 373.11600 373.41299 371.06601 372.81000 366.16501 364.88901 364.44501 361.97299 354.29401 350.15601 338.83301 338.09000 362.96500 365.81201 369.35101 369.67599 369.52200 368.39600 367.76999 367.20099 366.35400 364.04099 359.60699 354.58401 343.81699 333.81299 325.35001
-9999 -9999 -9999 -9999 -9999 -9999 -9999 -9999 -9999 -9999 333.24799 332.70099 333.16199 335.96799 343.79501 339.83401 339.62799 340.63599 342.09299 342.50101 342.25000 345.60400 345.99701 -9999 -9999 -9999 -9999 -9999 -9999 361.25500 362.00800 354.60599 351.29800 344.47900 337.42300 336.08899 336.18201 345.69101 351.29700 360.92801 366.53101 372.79599 376.80801 376.33401 376.59000 373.67200 372.69601 369.31100 367.36600 367.88699 364.38599 359.16800 351.60501 340.05499 339.32101 364.59698 370.03799 370.26700 370.84799 370.27301 369.92599 367.85101 366.05399 363.73099 350.51501 354.48099 345.23700 336.77899 317.56699 318.20401
-9999 -9999 -9999 -9999 -9999 -9999 -9999 -9999 -9999 -9999 -9999 -9999 334.23901 338.27301 339.39600 352.57300 350.90100 350.59500 350.64700 -9999 -9999 -9999 -9999 -9999 -9999 -9999 -9999 -9999 -9999 -9999 -9999 -9999 -9999 348.84698 339.03500 341.79800 343.87500 352.37900 360.75601 365.97101 371.03799 375.63699 377.27499 378.14200 377.32300 377.16299 376.60501 375.74500 374.96100 373.72000 369.66199 353.39899 351.22198 350.92700 352.20999 367.19800 367.29001 368.04800 370.17599 371.74701 370.62000 366.87201 363.00900 361.14700 357.44699 353.56799 341.62399 334.26801 326.13101 329.25601
-9999 -9999 -9999 -9999 -9999 -9999 -9999 -9999 -9999 -9999 -9999 -9999 -9999 -9999 -9999 -9999 -9999 -9999 -9999 -9999 -9999 -9999 -9999 -9999 -9999 -9999 -9999 -9999 -9999 -9999 -9999 -9999 -9999 -9999 345.05301 342.85001 353.60599 355.34601 364.33701 370.55200 373.77600 375.34500 376.99500 380.29901 379.81699 377.67401 377.62100 377.44901 375.96899 374.33600 371.34900 357.32700 354.02600 353.56201 353.86899 370.45001 368.04199 361.91599 364.62701 367.53000 368.07101 365.32001 366.46201 363.74899 359.75000 350.49600 338.39999 330.02802 320.67200 325.84698
