data/hydroclimate-scenarios/1948-2000.Pcorr55N_Pref_Tref/monthly_summaries/olr_monthly_avg_jan.1950-2000.asc
ncols	311
nrows	91
xllcenter	102.75
yllcenter	31.75
cellsize	0.5
NODATA_value	-9999
[rows 0 to 30 of 91, columns 210 to 279 of 311]
-9999 -9999 -9999 -9999 -9999 -9999 -9999 -9999 -9999 -9999 -9999 -9999 -9999 -9999 -9999 -9999 -9999 -9999 -9999 -9999 -9999 -9999 -9999 -9999 -9999 -9999 -9999 -9999 -9999 -9999 -9999 -9999 -9999 -9999 -9999 -9999 -9999 -9999 -9999 -9999 -9999 -9999 -9999 -9999 -9999 -9999 -9999 -9999 -9999 -9999 -9999 -9999 -9999 -9999 -9999 -9999 -9999 -9999 -9999 -9999 -9999 -9999 -9999 -9999 -9999 -9999 -9999 -9999 -9999 -9999
-9999 -9999 -9999 -9999 -9999 -9999 -9999 -9999 -9999 -9999 -9999 -9999 -9999 -9999 -9999 -9999 -9999 -9999 -9999 -9999 -9999 -9999 -9999 -9999 -9999 -9999 -9999 -9999 -9999 -9999 -9999 -9999 -9999 -9999 -9999 -9999 -9999 -9999 -9999 -9999 -9999 -9999 -9999 -9999 -9999 -9999 -9999 -9999 -9999 -9999 -9999 -9999 -9999 -9999 -9999 -9999 -9999 -9999 -9999 -9999 -9999 -9999 -9999 -9999 -9999 -9999 -9999 -9999 -9999 -9999
-9999 -9999 -9999 -9999 -9999 -9999 -9999 -9999 -9999 -9999 -9999 -9999 -9999 -9999 -9999 -9999 -9999 -9999 -9999 -9999 -9999 -9999 -9999 -9999 -9999 -9999 -9999 -9999 -9999 -9999 -9999 -9999 -9999 -9999 -9999 -9999 -9999 -9999 -9999 -9999 -9999 -9999 -9999 -9999 -9999 -9999 -9999 -9999 -9999 -9999 -9999 -9999 -9999 -9999 -9999 -9999 -9999 -9999 -9999 -9999 -9999 -9999 -9999 -9999 -9999 -9999 -9999 -9999 -9999 -9999
-9999 -9999 -9999 -9999 -9999 -9999 -9999 -9999 -9999 -9999 -9999 -9999 -9999 -9999 -9999 -9999 -9999 -9999 -9999 -9999 -9999 -9999 -9999 -9999 -9999 -9999 -9999 -9999 -9999 -9999 -9999 -9999 -9999 -9999 -9999 -9999 -9999 -9999 -9999 -9999 -9999 -9999 -9999 -9999 -9999 -9999 -9999 -9999 -9999 -9999 -9999 -9999 -9999 -9999 -9999 -9999 -9999 -9999 -9999 -9999 -9999 -9999 -9999 -9999 -9999 -9999 -9999 -9999 -9999 -9999
-9999 -9999 -9999 -9999 -9999 -9999 -9999 -9999 -9999 -9999 -9999 -9999 -9999 -9999 -9999 -9999 -9999 -9999 -9999 -9999 -9999 -9999 -9999 -9999 -9999 -9999 -9999 -9999 -9999 -9999 -9999 -9999 -9999 -9999 -9999 -9999 -9999 -9999 -9999 -9999 -9999 -9999 -9999 -9999 -9999 -9999 -9999 -9999 -9999 -9999 -9999 -9999 -9999 -9999 -9999 -9999 -9999 -9999 -9999 -9999 -9999 -9999 -9999 -9999 -9999 -9999 -9999 -9999 -9999 -9999
-9999 -9999 -9999 -9999 -9999 -9999 -9999 -9999 -9999 -9999 -9999 -9999 -9999 -9999 -9999 -9999 -9999 -9999 -9999 -9999 -9999 -9999 -9999 -9999 -9999 -9999 -9999 -9999 -9999 -9999 -9999 -9999 -9999 -9999 -9999 -9999 -9999 -9999 -9999 -9999 -9999 -9999 -9999 -9999 -9999 -9999 -9999 -9999 -9999 -9999 -9999 -9999 -9999 -9999 -9999 -9999 -9999 -9999 -9999 -9999 -9999 -9999 -9999 -9999 -9999 -9999 -9999 -9999 -9999 -9999
-9999 -9999 -9999 -9999 -9999 -9999 -9999 -9999 -9999 -9999 -9999 -9999 -9999 -9999 -9999 -9999 -9999 -9999 -9999 -9999 -9999 -9999 -9999 -9999 -9999 -9999 -9999 -9999 -9999 -9999 -9999 -9999 -9999 -9999 -9999 -9999 -9999 -9999 -9999 -9999 -9999 -9999 -9999 -9999 -9999 -9999 -9999 -9999 -9999 -9999 -9999 -9999 -9999 -9999 -9999 -9999 -9999 -9999 -9999 -9999 -9999 -9999 -9999 -9999 -9999 -9999 -9999 -9999 -9999 -9999
-9999 -9999 -9999 -9999 -9999 -9999 -9999 -9999 -9999 -9999 -9999 -9999 -9999 -9999 -9999 -9999 -9999 -9999 -9999 -9999 -9999 -9999 -9999 -9999 -9999 -9999 -9999 -9999 -9999 -9999 -9999 -9999 -9999 -9999 -9999 -9999 -9999 -9999 -9999 -9999 -9999 -9999 -9999 -9999 -9999 -9999 -9999 -9999 -9999 -9999 -9999 -9999 -9999 -9999 -9999 -9999 -9999 -9999 -9999 -9999 -9999 -9999 -9999 -9999 -9999 -9999 -9999 -9999 -9999 -9999
-9999 -9999 -9999 -9999 -9999 -9999 -9999 -9999 -9999 -9999 -9999 -9999 -9999 -9999 -9999 -9999 -9999 -9999 -9999 -9999 -9999 -9999 -9999 -9999 -9999 -9999 -9999 -9999 -9999 -9999 -9999 -9999 -9999 -9999 -9999 -9999 -9999 -9999 -9999 -9999 -9999 -9999 -9999 -9999 -9999 -9999 -9999 -9999 -9999 -9999 -9999 -9999 -9999 -9999 -9999 -9999 -9999 -9999 -9999 -9999 -9999 -9999 -9999 -9999 -9999 -9999 -9999 -9999 -9999 -9999
-9999 -9999 -9999 -9999 -9999 -9999 -9999 -9999 -9999 -9999 -9999 -9999 -9999 -9999 -9999 -9999 -9999 -9999 -9999 -9999 -9999 -9999 -9999 -9999 -9999 -9999 -9999 -9999 -9999 -9999 -9999 -9999 -9999 -9999 -9999 -9999 -9999 -9999 -9999 -9999 -9999 -9999 -9999 -9999 -9999 -9999 -9999 -9999 -9999 -9999 -9999 -9999 -9999 -9999 -9999 -9999 -9999 -9999 -9999 -9999 -9999 -9999 -9999 -9999 -9999 -9999 -9999 -9999 -9999 -9999
-9999 -9999 -9999 -9999 -9999 -9999 -9999 -9999 -9999 -9999 -9999 -9999 -9999 -9999 -9999 -9999 -9999 -9999 -9999 -9999 -9999 -9999 -9999 -9999 -9999 -9999 -9999 -9999 -9999 -9999 -9999 -9999 -9999 -9999 -9999 -9999 -9999 -9999 -9999 -9999 -9999 -9999 -9999 -9999 -9999 -9999 -9999 -9999 -9999 -9999 -9999 -9999 -9999 -9999 -9999 -9999 -9999 -9999 -9999 -9999 -9999 -9999 -9999 -9999 -9999 -9999 -9999 -9999 -9999 -9999
-9999 -9999 -9999 -9999 -9999 -9999 -9999 -9999 -9999 -9999 -9999 -9999 -9999 -9999 -9999 -9999 -9999 -9999 -9999 -9999 -9999 -9999 -9999 -9999 -9999 -9999 -9999 -9999 -9999 -9999 -9999 -9999 -9999 -9999 -9999 -9999 -9999 -9999 -9999 -9999 -9999 -9999 -9999 -9999 -9999 -9999 -9999 -9999 -9999 -9999 -9999 -9999 -9999 -9999 -9999 -9999 -9999 -9999 -9999 -9999 -9999 -9999 -9999 -9999 -9999 -9999 -9999 -9999 -9999 -9999
-9999 -9999 -9999 -9999 -9999 -9999 -9999 -9999 -9999 -9999 -9999 -9999 -9999 -9999 -9999 -9999 -9999 -9999 -9999 -9999 -9999 -9999 -9999 -9999 -9999 -9999 -9999 -9999 -9999 -9999 -9999 -9999 -9999 -9999 -9999 -9999 -9999 -9999 -9999 -9999 -9999 -9999 -9999 -9999 -9999 -9999 -9999 -9999 -9999 -9999 -9999 -9999 -9999 -9999 -9999 -9999 -9999 -9999 -9999 -9999 -9999 -9999 -9999 -9999 -9999 -9999 -9999 -9999 -9999 -9999
167.06300 164.59100 164.68300 164.05800 164.40199 164.07899 163.88800 163.00999 163.00000 -9999 -9999 -9999 -9999 -9999 -9999 -9999 -9999 -9999 -9999 -9999 -9999 -9999 -9999 -9999 -9999 -9999 -9999 -9999 -9999 -9999 -9999 -9999 -9999 -9999 -9999 -9999 -9999 -9999 -9999 -9999 -9999 -9999 -9999 -9999 -9999 -9999 -9999 -9999 -9999 -9999 165.21800 -9999 -9999 -9999 -9999 -9999 -9999 -9999 -9999 -9999 -9999 -9999 -9999 -9999 -9999 -9999 -9999 -9999 -9999 -9999
164.94701 163.91400 164.07700 162.52400 163.84200 162.09700 162.47501 163.14400 163.57401 173.03999 173.52200 174.25900 174.70399 176.97800 176.13600 178.99699 178.56799 177.83000 177.77699 178.25900 178.65500 184.31400 -9999 -9999 -9999 -9999 -9999 -9999 -9999 -9999 -9999 -9999 -9999 -9999 -9999 -9999 -9999 -9999 -9999 -9999 -9999 -9999 -9999 -9999 -9999 161.73300 164.36900 163.01700 158.73700 158.14101 161.25200 164.81400 -9999 -9999 -9999 167.28999 -9999 -9999 -9999 166.66600 166.90900 168.53000 -9999 -9999 -9999 -9999 -9999 -9999 -9999 -9999
166.78400 165.42200 165.47200 163.71899 164.47501 164.45000 165.34300 165.91000 166.33701 166.62300 168.11000 168.48700 167.82700 168.10201 166.87000 166.91600 165.70100 164.42999 166.53700 167.45000 167.13800 164.29800 163.27901 163.94200 163.86400 165.41800 168.22701 168.89999 -9999 -9999 -9999 -9999 -9999 165.46899 164.58400 164.20399 165.15199 165.91499 167.12700 167.16400 166.66100 165.09801 164.34399 165.34000 165.06100 159.66800 160.19901 157.17300 159.76300 156.97200 158.54900 164.19099 164.45200 165.12500 165.09599 166.02000 166.61501 166.40800 165.76300 165.73599 165.02800 163.89200 165.07300 165.53500 166.06599 164.32100 164.07700 -9999 -9999 -9999
169.23199 169.61099 171.35800 170.96300 173.03999 174.31599 174.15500 173.90199 171.01601 171.17900 168.71800 168.79300 168.37100 166.80299 166.08000 165.56100 165.19000 166.41200 167.65300 168.29300 168.87900 165.06700 165.19800 163.91400 163.16000 164.77200 163.32001 165.02200 165.18100 167.23700 167.15401 166.57800 165.45300 164.38400 163.50301 163.01900 163.04800 163.27100 164.81200 164.89900 164.20000 164.24500 163.86400 164.00000 163.82300 165.42999 165.05099 164.90100 165.17000 163.34399 163.34900 163.25700 163.39999 163.41701 164.14700 164.90900 164.78101 165.86800 165.64799 166.76100 166.90199 167.51100 167.52600 166.14200 165.20500 164.09300 161.90300 161.41499 160.92599 161.41400
174.24400 174.32201 174.43700 168.42400 168.79300 169.69600 169.24300 169.32600 167.29601 168.40300 167.06000 167.34300 164.96800 162.45799 161.56500 167.59399 171.00301 172.09700 171.27901 172.10800 170.28600 168.13800 167.31500 165.79500 175.02699 170.34100 168.93100 165.47200 163.92599 161.88300 161.34200 160.60100 160.15900 160.36800 161.84500 161.75500 161.85800 161.78900 162.34000 162.76700 163.15300 163.71899 163.56799 162.72301 162.40700 164.08800 164.11301 164.28900 164.15401 162.46700 162.80701 162.93100 163.18900 163.51401 164.13000 164.57800 164.70200 164.86700 165.61700 166.33600 166.33400 166.65700 166.94299 164.71500 164.34000 162.78101 161.83701 161.40401 161.16499 160.75400
167.32600 166.72600 166.65401 168.73801 170.82899 170.53101 168.68500 168.43401 168.15601 167.84500 168.29100 168.17500 164.84000 166.29401 170.36099 176.07899 174.57201 176.28200 175.18300 176.04900 169.11301 168.25800 166.76300 170.52901 170.64101 170.52100 170.17500 167.28300 165.13300 161.98399 157.84900 156.82600 156.41499 159.01500 160.83900 160.21201 160.89999 161.41800 162.48700 162.04900 162.46500 162.88200 162.60300 162.20500 161.93100 162.65401 162.35400 162.04900 162.37199 161.86000 161.97400 162.88200 163.32001 163.47200 162.86099 163.52600 164.07100 164.56900 165.12399 165.61600 165.53700 165.25500 165.46100 165.81500 165.11301 163.58501 163.12700 162.46300 161.30099 161.26199
166.37199 167.72800 167.19600 166.68401 166.73900 169.02800 170.20000 173.15700 172.99600 172.57201 172.12399 171.21700 169.40900 169.01801 168.39101 169.24001 166.18600 167.89799 169.37900 169.26300 170.43600 176.36000 174.98801 171.64600 171.80901 168.38400 166.57001 164.26900 164.06500 163.14500 161.87100 160.18900 156.41499 158.93100 159.09700 159.35300 160.22200 160.70000 161.94000 161.93500 162.31700 162.03300 162.05200 161.93300 161.47400 161.30200 160.86501 161.71899 161.61800 161.72200 162.13000 162.19800 163.08299 163.70100 163.37900 163.71001 163.57100 164.27800 164.66000 164.84700 164.99300 164.97200 164.58000 164.67101 164.06200 163.79800 163.09900 162.05099 161.34700 161.09300
167.46600 172.92300 173.58200 171.30099 169.44200 171.71400 177.07100 179.41901 179.22000 174.02901 168.99200 164.24001 163.65601 163.16400 162.66499 161.82001 156.99400 156.62100 160.24001 167.30701 169.90900 175.45100 172.56700 167.80400 164.85100 163.63600 161.62000 162.54900 163.43900 161.44000 161.01801 159.40800 157.07600 156.43900 158.82300 160.62601 161.61900 161.69901 162.27000 163.05901 163.00999 162.62601 162.27600 162.37000 162.09000 162.06000 160.61800 160.50101 161.20500 161.52499 162.37199 162.61800 163.20900 163.53600 163.68401 163.99400 163.78700 163.93500 164.60100 164.34500 164.31200 164.65100 164.81500 164.49200 164.59700 164.61099 163.87900 162.31200 161.78300 161.11000
172.82300 175.53500 174.40401 170.17900 168.72099 169.20100 170.48900 171.01801 170.12500 168.10400 166.66100 165.56200 168.23399 170.49400 171.05099 169.95900 165.92599 167.96201 172.72200 177.16200 176.36400 178.33299 175.47301 168.06000 163.56000 160.33600 160.12300 162.70200 163.03300 161.28000 160.27499 158.59500 157.65300 156.30600 157.63699 159.90601 161.62500 162.23500 162.27901 162.72501 163.44501 162.55800 163.25800 162.34801 162.21899 161.85899 161.62601 160.52200 161.45799 162.14600 162.94800 163.44800 163.30299 163.77200 164.30800 164.59000 164.22900 164.48000 165.03700 164.46500 164.31200 164.13699 164.48399 165.26500 164.67999 165.28400 164.08000 162.61900 162.90800 161.06200
176.36501 176.58501 175.04100 172.82401 168.64101 166.37300 165.50200 170.57401 178.92799 183.76100 184.71700 183.73100 184.70599 183.52800 191.47200 186.51401 176.53799 176.92400 181.38600 186.49100 184.00101 177.61600 176.32100 168.41000 163.14700 160.61700 159.88300 158.16800 170.16499 160.78000 159.84801 158.72600 158.96899 159.33800 159.92999 160.56900 160.12000 160.92000 161.67700 162.56900 162.51100 162.80600 162.99001 164.11700 164.72400 165.95399 165.61700 163.77299 164.08600 163.86099 163.86000 164.21700 164.36200 164.00400 163.99400 164.42599 164.01900 163.72900 163.24200 162.95000 163.14400 163.47701 163.88400 162.98300 163.34000 162.27699 161.78900 161.23300 160.95000 159.62700
177.49600 179.58900 176.87100 179.75600 182.68800 181.81900 178.36301 181.14200 186.37399 190.11900 191.56599 188.76601 184.97200 187.11400 187.61600 187.76401 183.08900 183.63699 184.02901 185.47900 184.58501 178.29900 175.25800 168.17700 163.17999 161.62300 160.73199 158.70700 164.86000 159.25800 158.44800 156.54900 156.85699 157.85800 159.37801 159.64000 158.94501 158.31799 158.07700 159.02100 159.90601 159.88000 160.75200 161.48399 161.46700 163.25000 164.28500 163.28300 163.51900 165.44501 166.23199 166.32001 165.82001 165.77000 165.47701 164.79401 164.03000 163.68300 162.74400 162.98700 164.33099 163.78200 161.85300 161.20000 161.56300 161.16901 160.69501 160.50500 160.13300 159.89200
183.86099 185.16600 183.76300 181.21700 180.61200 179.50200 180.88699 182.59900 183.38901 180.79401 180.20100 186.23900 184.30299 187.34300 189.61400 191.99100 192.04500 191.52100 187.58900 182.43900 181.92799 173.64500 175.02901 172.87900 163.70100 161.57001 159.32899 157.80701 156.48199 154.11301 156.01300 155.16901 155.43900 154.96500 155.30600 156.93401 157.16901 155.80701 156.57100 158.55200 158.19800 158.91000 159.86501 162.19701 162.39700 163.74699 163.75600 163.82800 164.66600 162.75900 163.72800 166.03400 167.65500 167.30099 166.75000 165.98801 164.57401 163.51100 163.25200 162.51900 162.51700 163.00200 163.11000 162.14400 161.07201 160.77800 160.90199 161.16000 162.01100 161.15601
186.63000 191.94501 189.35201 186.73100 188.33400 186.93100 187.43800 188.03000 188.70900 190.32201 192.40800 191.37500 186.48801 195.43100 196.27800 188.23599 189.71899 189.88699 186.62900 178.72301 171.25700 172.54300 170.43700 170.25800 170.34000 164.21700 173.07899 167.30400 157.54800 155.36900 154.64700 156.42500 157.25900 158.52299 159.21600 159.29401 160.09000 158.65500 158.93401 161.45799 161.20599 161.14700 161.52000 163.90700 164.07001 165.70100 166.01700 166.76801 166.88800 164.54201 165.37000 166.31500 167.26700 167.55400 167.56200 167.03900 164.46400 162.80099 162.50101 162.13000 162.41100 162.87000 162.82100 162.03600 161.80099 161.87900 161.84900 161.77100 161.27499 161.02800
185.70399 188.30400 190.67200 194.57500 199.04900 196.77699 195.21899 195.02400 191.92799 188.39799 184.60400 184.84900 185.70100 188.60400 185.93300 178.28400 176.34599 182.70300 188.94600 184.15601 177.15300 174.55299 169.73000 170.49400 169.62500 168.20300 166.80600 164.52299 163.18401 162.11900 159.98300 161.06300 162.63100 163.37199 163.32600 165.74200 165.17000 166.09801 165.76700 164.89799 165.29900 164.28500 164.28500 167.31900 168.01801 167.53300 168.29300 168.31500 169.70300 166.95300 166.17900 166.29300 167.71201 168.97099 169.13400 167.78799 167.47800 163.85001 162.82401 161.65601 162.20599 162.50500 162.35500 163.50900 162.78700 162.68500 162.96300 161.97301 162.39900 161.56200
192.15700 198.57700 195.72400 192.62399 196.17700 193.85500 189.49500 193.62801 191.79201 189.82300 188.19099 187.98000 189.27800 190.06000 184.91800 182.16000 179.93700 179.15900 173.64301 173.27901 175.45399 176.44299 174.64999 172.01100 171.78101 169.71700 168.66100 165.28400 163.03500 161.52100 161.05099 162.41400 164.36400 164.54500 164.88600 167.52499 167.99800 166.02000 165.79700 167.88699 168.19299 166.70200 166.76300 169.92000 170.18401 169.97400 171.57201 171.64700 172.21300 167.98700 167.63200 168.62000 168.74200 169.77200 169.27299 167.69400 167.51500 165.28101 163.22701 162.77000 162.65199 163.18100 163.64500 163.55499 163.48300 163.88901 164.73700 164.18201 163.88600 162.65300
194.46600 193.68300 191.31799 196.61501 207.74001 199.39101 191.29401 193.24600 191.03600 187.45900 185.37801 186.87601 186.37500 188.69901 188.93401 187.68100 189.62199 188.48300 187.67000 182.96100 173.70200 182.63901 180.63400 178.39200 174.44901 174.34300 172.06200 166.65700 163.78400 163.10300 163.28101 164.52699 167.09300 170.43401 171.04201 172.06500 170.06599 168.14200 169.13100 170.78600 170.11200 169.27600 170.70399 172.01801 172.94901 172.24200 173.77000 173.09801 173.94901 170.64101 169.14900 168.83900 168.40700 169.88699 169.63499 169.64101 169.37300 166.23599 166.64999 164.77499 164.31500 165.33800 164.79900 165.14799 165.48599 165.99699 165.83900 165.63000 164.69000 164.11400
205.45500 213.42900 212.27499 214.51700 213.52600 201.78999 195.88499 190.72501 191.10800 187.32300 182.69701 181.32600 183.13600 187.82100 187.31799 191.46400 186.00999 182.18600 184.44701 181.91600 183.81000 179.82899 179.12801 181.31000 179.34801 180.30499 174.94200 170.30000 167.88100 165.65300 164.74899 167.30200 170.42101 173.05200 172.98500 174.75900 172.43800 171.51500 170.64600 174.11099 173.25600 172.89999 173.74001 175.83299 176.02699 175.70799 175.06700 175.88200 176.17101 173.66600 172.83099 170.25000 170.16600 171.68600 172.06500 171.44501 171.05200 168.66701 169.38200 167.33099 166.95900 166.67500 166.17300 166.20000 165.03700 165.22200 165.31400 165.47900 166.16701 166.45399
203.56700 216.32401 212.00600 209.56599 204.97301 212.79100 213.83900 205.40601 199.13100 196.88100 189.76401 189.62801 192.18300 188.66000 185.59500 188.18201 189.67500 183.82001 179.67700 180.78500 182.91800 178.52600 179.73700 179.84300 178.95500 177.46600 173.53999 169.52100 167.83000 167.69901 168.87900 169.18201 171.62000 173.95900 175.66499 177.10800 174.95100 174.37399 173.56700 173.84700 174.06799 175.13499 176.64101 176.44299 176.74300 178.11301 177.89799 179.34300 181.28999 178.28600 177.43201 176.71001 177.80800 177.19200 176.29300 174.35400 173.84300 172.16800 172.49100 171.27100 169.54100 170.18100 169.42900 169.94501 170.42799 169.96700 170.16901 169.92700 169.85001 169.62801
