data/hydroclimate-scenarios/1948-2000.Pcorr55N_Pref_Tref/monthly_summaries/olr_monthly_avg_jul.asc
ncols	311
nrows	91
xllcenter	102.75
yllcenter	31.75
cellsize	0.5
NODATA_value	-9999
[rows 31 to 61 of 91, columns 0 to 69 of 311]
-9999 -9999 -9999 -9999 -9999 -9999 -9999 -9999 -9999 -9999 -9999 328.36899 330.29999 331.13101 333.66299 330.56900 330.43399 331.19501 332.74799 333.14801 334.43100 333.56699 333.82999 335.34601 335.40302 334.58801 332.80099 331.70801 332.76700 331.57901 330.77399 331.45700 331.53000 331.87000 331.40900 334.73401 336.20999 331.92499 328.61801 329.11700 329.86499 328.78799 327.35999 327.89301 328.42300 329.20200 330.32001 332.75699 335.17599 335.90601 336.23401 337.63101 337.21799 336.29901 335.02802 334.23801 333.10800 332.08301 331.47501 331.62000 330.40399 329.76700 328.59399 328.88901 327.99301 327.42899 321.96500 319.23199 308.47299 299.53000
-9999 -9999 -9999 -9999 -9999 -9999 -9999 -9999 -9999 -9999 -9999 327.56601 328.23901 330.07101 331.15701 331.10901 332.46500 333.66599 335.44901 337.56299 335.87500 337.13400 340.08200 337.67099 337.43100 337.06201 334.07001 334.17300 333.08801 333.38800 331.16400 331.96701 333.13000 332.83200 331.02802 336.17001 336.29300 336.30099 334.71500 332.73901 332.34601 332.92801 333.85101 332.06699 330.99600 330.53101 330.63400 329.01599 328.28900 331.01501 332.14801 331.32901 331.57901 330.81601 332.26801 333.56201 333.08801 333.16699 333.84100 331.75601 331.14899 331.30701 331.80801 331.60001 332.12299 332.42599 326.78500 320.31699 311.65701 304.23599
-9999 -9999 -9999 -9999 -9999 -9999 -9999 -9999 -9999 -9999 -9999 328.59000 327.55200 329.79001 329.98499 332.68799 334.01099 336.44501 339.55099 340.56299 341.40100 341.20700 341.71899 339.02399 334.65201 331.17801 329.66400 330.38300 332.81201 336.80399 333.17001 332.79099 332.89099 333.71500 334.98999 336.99899 337.17401 336.06500 334.95200 328.65399 332.55600 328.41599 331.94000 332.67001 330.32300 329.34399 328.03601 328.35001 328.78900 329.40701 329.63699 332.26099 332.05200 333.33499 335.67801 335.42999 334.74100 333.04800 333.07800 332.88000 332.25201 331.68399 334.47299 334.33899 332.60400 328.96899 325.85999 320.43600 314.83801 308.10400
-9999 -9999 -9999 -9999 -9999 -9999 -9999 -9999 -9999 -9999 -9999 -9999 331.42001 332.65900 334.49399 335.74799 337.72501 341.53799 344.95001 347.46201 347.72699 343.47299 337.58200 332.82800 329.22900 320.04300 321.29300 320.01999 327.63300 330.35800 331.93799 335.61200 334.98599 335.88000 335.23801 336.42999 335.46301 336.39999 335.35001 330.53000 330.74301 330.92999 331.00601 334.91199 333.23300 331.83701 332.92001 333.81601 333.62399 333.82300 335.25000 334.36499 334.12799 334.47299 333.20401 332.97900 333.44601 334.91199 333.66000 334.85901 334.69199 334.84201 332.03601 330.23901 329.40701 328.13901 326.48300 319.90701 307.51599 302.88699
-9999 -9999 -9999 -9999 -9999 -9999 -9999 -9999 -9999 -9999 -9999 -9999 332.14801 334.29199 335.04999 337.56799 341.42999 344.41101 345.98599 346.98300 346.78400 332.60400 327.86200 323.18399 316.02100 319.82901 321.72000 316.14099 322.38901 323.09000 324.07199 325.56000 333.55701 336.61401 336.24600 336.75800 335.37000 336.95901 337.32599 333.05600 332.84299 330.07800 331.62399 334.35199 337.67700 337.25101 338.34299 335.72400 335.45700 331.48001 331.00299 334.18600 333.92401 333.74701 335.85901 334.94601 335.30301 336.44699 335.96399 335.30301 333.62201 327.41400 324.83600 323.06100 324.70599 327.53000 321.95499 318.82101 312.44101 309.68500
-9999 -9999 -9999 -9999 -9999 -9999 -9999 -9999 -9999 -9999 -9999 -9999 332.88101 337.32001 338.51700 340.28500 341.59201 341.88300 341.40399 338.60101 336.64899 329.01901 326.12100 320.51099 319.40399 316.12399 319.87201 325.44199 322.42801 327.29800 329.67300 334.69800 332.48999 331.29999 337.15100 340.44601 339.40399 337.91400 339.22501 336.47699 330.32599 326.62299 331.47000 335.17599 336.89899 336.31299 335.58401 329.98401 330.71399 335.38501 334.93201 335.69101 337.44101 335.76599 337.64301 336.76099 336.83200 335.77802 333.55801 331.12900 330.14600 324.46600 325.38800 327.72900 323.86099 321.57401 318.93799 318.57800 310.26901 310.99100
-9999 -9999 -9999 326.61401 327.07999 326.53900 328.37100 330.15100 328.75699 -9999 330.87100 332.51001 336.17099 338.36899 339.37000 339.41199 338.27802 339.50201 334.72198 332.12000 332.73700 329.98001 325.90799 323.32199 320.76401 321.48599 324.64600 318.74301 320.30600 312.47699 322.86099 330.72601 327.29401 318.53900 328.29099 332.85800 330.79800 330.98700 331.95599 335.06400 334.69000 329.54501 333.42801 335.00201 332.96399 328.85800 322.80801 329.62100 329.83801 330.25601 328.21701 327.89001 325.39200 319.47900 323.64001 315.56400 312.97299 328.75500 321.39801 327.14499 330.01999 324.88901 323.52399 321.91699 323.20801 322.19400 316.61801 314.56000 313.88501 311.06100
-9999 -9999 -9999 329.55499 329.75800 329.54300 327.84500 328.10101 329.98099 331.28101 333.61899 337.44199 334.76099 335.20401 332.37500 329.54800 327.34000 328.45901 327.62100 328.81601 329.92099 324.62900 328.60001 329.00699 323.78799 325.15601 321.70599 320.37900 316.12000 309.85501 319.02499 318.73001 319.95001 316.09500 319.79901 321.09399 321.14401 317.02301 327.77200 321.48199 321.91800 328.60400 332.91299 329.14899 325.76999 319.73001 318.85199 331.50800 324.19601 320.90500 318.64499 320.17200 316.75201 315.92499 324.58701 318.16199 324.10901 323.54901 317.54099 319.81799 321.75000 319.67001 318.31601 319.56500 317.83701 323.56299 320.41000 321.91599 317.12201 312.53000
-9999 -9999 -9999 330.95499 330.19101 327.86600 327.50900 329.34698 332.65500 335.17099 334.74200 333.78799 330.78500 326.23999 319.42300 323.34299 320.93600 322.43500 326.33801 327.66800 325.94501 320.24899 322.86200 319.13400 313.44299 318.96201 318.31699 317.81100 318.90500 307.22900 299.65201 305.98099 314.95700 316.06900 313.39899 316.16501 320.22299 322.43100 324.42801 320.97601 321.00900 324.74500 329.60001 331.14499 334.27499 327.78799 325.98401 325.25601 323.32599 316.15701 312.72699 322.59900 319.66000 320.60699 323.20401 321.56500 324.63300 325.72601 320.27499 319.03699 323.13599 322.76401 324.15799 318.82300 320.09000 321.32901 318.69299 315.22699 305.23999 303.81299
-9999 -9999 -9999 331.14200 335.47400 329.94000 333.35101 329.75601 329.68201 329.91000 332.62900 334.75400 324.71701 320.62299 318.52802 319.37000 315.98999 314.42200 317.13300 321.88101 315.13199 309.33499 303.55200 308.92801 311.39801 316.38000 319.03699 318.78699 306.96100 298.37201 303.59000 320.35001 312.87900 303.19800 303.75699 309.92300 319.31299 327.46899 322.72800 325.60901 324.57401 317.69199 315.71201 322.93600 336.83600 327.08899 321.33801 328.25000 318.38800 321.53101 313.46100 319.74600 318.58301 313.84698 318.87299 320.90302 322.04700 318.26199 315.54901 316.31699 310.29999 319.32599 320.68799 320.83099 318.47699 320.42001 316.83600 312.48300 302.25900 300.12500
-9999 -9999 -9999 333.08099 336.83499 328.97800 330.11301 328.57199 325.43500 328.25699 333.99899 328.81299 320.29999 315.13501 309.00601 311.44299 308.97501 313.66400 321.23199 326.01001 317.27701 311.63901 306.25800 316.67001 318.81000 322.24701 327.15799 322.11301 311.86099 303.60599 303.29099 307.60501 305.16000 309.04300 312.21201 313.57101 314.34399 322.37601 325.39899 325.82700 320.92099 318.29300 316.28400 317.92700 325.96500 325.67200 325.25400 324.82101 322.39401 319.96899 318.14700 325.51999 320.39801 311.95200 321.79501 313.38599 322.04501 322.22699 317.37000 309.45300 311.94601 314.24799 316.18100 310.83499 309.62900 318.83499 313.96701 306.96100 302.52802 311.44199
-9999 -9999 -9999 -9999 328.33499 325.81400 328.27899 323.38599 322.32199 325.51401 333.03201 328.95001 308.50699 320.20700 -9999 -9999 -9999 -9999 -9999 304.53000 303.91599 308.32101 304.23300 298.55600 305.07300 311.49200 324.33801 319.18500 314.46100 316.21500 312.51001 310.31400 309.51401 315.09299 322.92700 326.08499 322.81500 327.48300 326.68100 326.56400 328.36301 326.60599 322.97900 319.05200 322.47198 325.83200 324.63501 317.75201 322.27701 326.13699 321.57800 319.37900 323.25101 313.68701 312.48001 308.94000 306.59201 308.02399 309.38101 312.95401 309.23401 306.70999 308.82501 311.63501 311.59100 309.03699 312.06900 318.91599 322.82101 -9999
-9999 -9999 330.85901 328.79001 327.71500 329.00601 327.22000 319.76801 325.31699 326.93600 332.49100 325.79800 309.79401 -9999 -9999 -9999 -9999 -9999 293.44601 303.39999 303.29099 313.02600 313.45099 306.64499 308.47400 311.76901 324.79501 325.85001 323.65100 323.27200 319.50900 317.40100 318.54199 318.23999 321.11401 328.74701 325.46201 327.48001 326.09201 326.74100 324.94299 325.32199 323.37201 324.13300 328.45599 329.65399 328.47601 328.76901 333.42801 339.51801 336.23401 332.98599 329.40201 331.55899 323.65302 327.76199 321.11301 312.52899 312.05200 321.92599 321.01401 319.35400 319.21899 316.54800 319.83701 322.45999 325.61301 -9999 -9999 -9999
-9999 -9999 331.04099 330.30899 332.10901 330.12201 330.80801 323.26199 326.15201 329.66800 326.38199 324.04300 324.50201 -9999 -9999 -9999 -9999 314.66699 299.35901 310.65201 309.44800 312.67401 312.76901 315.79099 321.91299 329.26501 328.26099 325.23401 326.34601 328.24100 324.25299 317.63599 323.06100 326.23499 325.17499 327.29099 328.91699 330.05701 323.89899 319.00601 323.32401 318.54999 318.69299 321.84100 322.24701 327.32300 332.90500 330.33701 342.95599 340.14499 341.79001 341.48300 340.85400 339.39801 338.12900 345.89801 340.12299 323.64099 319.23499 326.75800 328.53900 320.02100 325.71301 332.85501 337.13699 -9999 -9999 -9999 -9999 -9999
-9999 -9999 334.07999 328.62100 329.34000 327.71899 329.85001 327.54700 327.17599 327.34698 321.97000 321.56500 335.50400 -9999 -9999 -9999 -9999 303.81299 305.59299 310.70200 310.46301 316.92899 321.85001 325.09000 324.66800 328.25601 323.30701 327.61899 326.03500 327.09698 323.32300 322.54001 321.42899 321.83301 326.35901 324.78500 324.41299 324.30499 321.04401 326.26401 325.47198 327.19299 325.64700 321.19299 325.46799 323.77301 327.04300 327.87601 334.96100 337.72000 346.13901 342.69501 340.84000 339.06699 338.80301 351.05499 349.87799 336.16000 335.75400 337.52499 345.69699 345.06201 344.79099 336.09399 327.04199 322.87201 334.93900 327.06299 333.59601 -9999
-9999 -9999 -9999 330.86600 327.60501 328.29999 331.08701 333.36801 329.59399 324.82999 330.67001 333.26901 -9999 -9999 -9999 -9999 310.54199 307.43900 313.46799 314.87701 316.17899 323.17999 321.67999 323.96899 324.26099 325.21100 325.26099 324.17499 326.00400 317.60800 318.01801 322.78101 327.28299 326.68399 327.88800 329.85901 332.77600 333.87000 334.38199 335.50500 333.40601 332.43500 328.15500 329.27301 336.02600 334.71799 338.99399 344.73599 342.22501 344.15302 339.27399 341.65701 344.58701 338.52301 333.70999 335.98001 337.14700 329.89600 330.93201 340.63101 341.14200 339.71701 327.32901 307.26599 295.86401 319.70001 331.01599 330.42200 334.50900 331.64801
-9999 -9999 -9999 -9999 332.92001 330.93301 332.19901 329.52701 326.68701 336.06500 339.79099 -9999 -9999 -9999 -9999 316.59900 311.76001 316.66501 321.22000 319.89099 322.96899 326.66000 324.96899 321.13101 321.69501 328.57199 329.63101 330.70099 327.26099 326.63501 323.28900 331.23001 333.60101 332.46701 327.48001 331.04901 332.74200 335.58200 334.58499 336.18500 332.35001 332.07800 332.36600 334.55899 339.62201 339.77499 341.61301 346.06601 347.89499 348.54800 349.65500 350.09100 346.88199 344.48801 346.16400 349.28699 351.06601 336.67599 335.37799 342.35800 333.85001 324.83701 321.72501 321.69400 312.80099 320.49600 333.50201 337.68301 330.97400 332.16599
-9999 -9999 -9999 -9999 -9999 -9999 333.26199 334.25299 340.09100 341.56699 339.76700 -9999 -9999 -9999 -9999 -9999 322.07101 324.67401 325.98300 323.46600 323.15302 339.88901 324.89001 323.54501 325.86899 332.23001 335.20300 334.13901 335.57501 334.32401 330.79901 333.81100 337.39801 329.84900 331.65500 336.82001 333.81699 330.50800 335.92001 331.47900 330.56000 324.78299 326.30899 331.77301 334.08401 341.35800 345.56201 347.52200 348.47000 349.59399 352.09201 350.80899 352.22101 351.26099 350.54800 351.66400 349.81601 344.45499 341.09000 337.70700 330.07401 323.33301 319.40201 314.32300 307.37900 315.32901 330.52200 341.94699 337.27802 331.08401
-9999 -9999 -9999 -9999 -9999 -9999 -9999 -9999 -9999 -9999 -9999 -9999 -9999 -9999 -9999 -9999 -9999 -9999 -9999 325.42499 326.21399 336.74500 330.47699 330.95300 331.20700 332.53500 333.28900 340.98599 341.95999 336.17599 335.26599 339.10599 333.56500 332.87701 332.38699 334.62500 336.41199 333.06000 333.07401 327.72198 325.03900 326.69000 329.30499 331.81400 335.07101 340.91199 347.49701 349.46899 351.20599 351.14001 352.66101 354.50000 353.85501 357.65399 355.53201 353.94800 351.26599 349.56000 342.07001 337.80099 325.35400 325.60300 320.66101 312.15900 308.50500 327.22900 338.45901 345.35800 341.73901 328.01401
-9999 -9999 -9999 -9999 -9999 -9999 -9999 -9999 -9999 -9999 -9999 -9999 -9999 -9999 -9999 -9999 -9999 -9999 328.57199 331.26001 335.61700 340.24500 340.84500 336.48099 337.69000 336.64801 340.62000 340.72299 338.85001 335.69299 336.63501 334.95700 332.61200 332.99600 334.06500 337.42200 335.22601 336.47198 330.07199 326.47000 324.86200 328.64999 330.00601 330.00299 333.25800 336.50900 343.94800 350.43600 355.51599 354.71399 357.06000 356.20099 358.19199 356.45401 354.32101 358.55399 355.48499 342.14801 333.97101 337.87100 338.21799 338.02802 330.17801 322.55801 317.10800 331.47900 339.05701 344.29401 341.74399 337.79700
-9999 -9999 -9999 -9999 -9999 -9999 -9999 -9999 -9999 -9999 -9999 -9999 -9999 -9999 -9999 -9999 -9999 329.88199 329.08099 338.10501 338.43701 339.73199 341.08600 338.32401 340.87701 340.08200 342.54199 340.37299 333.93399 333.01801 333.18600 336.28601 334.76300 339.55200 339.85999 334.29901 329.71201 330.95099 332.21701 327.85300 327.58499 331.03799 330.78201 334.46899 337.20801 341.24399 345.76501 347.19101 355.91599 356.28500 359.83899 360.98099 359.71899 356.29300 356.48700 357.71600 352.82800 342.31500 336.53699 341.19299 350.13800 341.18100 320.47601 316.56000 332.10300 336.50601 336.52399 343.56201 342.53601 339.49301
-9999 -9999 -9999 -9999 -9999 -9999 -9999 -9999 -9999 -9999 -9999 -9999 -9999 -9999 -9999 -9999 -9999 329.82901 330.87100 332.19101 335.64301 337.48099 341.18701 341.05499 350.14801 344.19101 344.72800 343.13800 342.17899 337.21100 337.10501 339.46600 341.16599 346.28799 340.17099 334.92001 331.48401 332.03799 325.73700 327.51001 329.27701 333.90500 336.38400 339.72501 341.91501 353.84698 356.10400 345.95099 350.25900 359.22400 362.30099 362.53299 361.38300 360.20300 360.32599 357.40302 346.06201 344.31900 347.12701 349.56299 344.12601 334.60999 332.16101 328.03601 317.15701 324.61301 336.68201 330.86401 340.47101 341.56100
-9999 -9999 -9999 -9999 -9999 -9999 -9999 -9999 -9999 -9999 -9999 -9999 -9999 -9999 -9999 -9999 322.10599 322.38300 322.81601 329.26099 338.35999 344.56699 344.14801 346.43701 357.30301 347.04001 349.49500 354.32901 349.53699 342.04901 341.38599 344.95401 344.72299 350.76099 347.53699 341.18799 335.37100 331.83301 327.15201 332.35101 336.07999 337.53799 338.99600 344.94601 349.54099 356.67801 358.60999 345.55301 349.83401 360.02499 363.23901 363.31100 360.42700 361.80701 361.23901 358.92300 356.01099 351.55701 350.59500 345.75699 346.94601 341.92300 333.70700 319.34799 327.21701 330.90302 335.46399 338.95001 346.89001 344.36600
-9999 -9999 -9999 -9999 -9999 -9999 -9999 -9999 -9999 -9999 -9999 -9999 -9999 326.14499 322.20801 321.62900 319.98099 314.41699 320.74899 332.16199 336.36899 333.61401 340.76901 343.14099 343.31000 353.14099 353.64200 353.63501 353.06201 352.31601 351.04800 349.62601 348.63199 349.88599 347.43701 341.53799 338.91000 338.46301 334.94699 334.75101 337.86301 342.85199 347.47101 355.31100 356.44299 355.87000 356.78500 356.29700 355.72299 354.95499 355.70599 358.59399 358.58899 364.97501 365.91501 361.45300 359.48801 357.98801 356.70200 354.19800 350.86801 349.68701 346.43600 345.69800 350.45901 356.43900 355.50699 352.25101 348.81699 344.03000
-9999 -9999 -9999 -9999 -9999 -9999 -9999 -9999 -9999 -9999 -9999 -9999 329.08600 324.91699 322.58499 322.56299 322.56500 323.53601 322.97699 339.51801 335.55499 340.38300 343.96100 345.13000 345.41199 354.94800 354.04700 355.30701 354.00299 354.77600 354.36700 352.95700 352.13599 351.70901 351.25500 346.18500 342.35800 340.84000 338.13101 340.26300 340.87000 346.67999 350.95300 357.08401 358.80701 358.82300 359.14200 357.79700 356.33600 354.60001 356.18600 358.26700 359.07501 364.64401 367.12799 366.97299 362.76001 355.53601 350.13699 350.45300 349.49200 353.81201 354.11499 350.61700 355.80801 360.61801 357.95801 353.82401 349.44901 337.81000
-9999 -9999 -9999 -9999 -9999 -9999 -9999 -9999 -9999 -9999 -9999 315.84399 319.64099 319.10901 324.20401 329.58600 331.40500 331.52600 331.82001 332.89099 336.32300 343.95999 345.98300 345.82401 345.80301 347.51300 346.73801 354.01801 357.89401 359.97299 356.87399 353.72501 353.33499 351.96301 351.74399 344.60101 338.25201 337.47800 340.33499 342.96201 348.39899 350.27802 357.49899 360.44501 360.82001 361.75500 361.53500 360.37900 359.08801 357.92899 357.81400 349.85599 354.36700 354.72198 357.47800 360.51199 364.33200 358.37900 362.83600 363.46100 361.64200 366.93900 366.68500 365.73700 365.51901 364.56699 358.87601 355.65701 344.15900 332.06299
-9999 -9999 -9999 -9999 -9999 -9999 -9999 -9999 -9999 -9999 318.02399 317.34601 325.82999 322.05200 330.08401 334.32199 336.39499 335.74600 335.08701 336.45999 339.54700 345.97000 346.52200 347.74500 347.64999 348.08301 348.26801 357.46100 359.05499 358.28201 357.99301 356.05399 354.38101 353.04401 349.89801 342.61401 338.38599 339.02899 344.28699 347.77499 353.83801 359.36099 365.47400 364.00800 364.09500 364.17200 364.69601 362.90399 362.19299 360.93500 360.01300 350.01401 353.49301 352.90500 356.72601 359.32300 357.07700 358.10999 366.60699 366.54300 365.42200 368.07401 367.40500 366.68600 365.23401 363.60501 359.75900 353.12399 339.69699 324.27100
-9999 -9999 -9999 -9999 -9999 -9999 -9999 -9999 -9999 330.66599 331.63800 329.67499 330.09500 331.67200 334.79800 335.63501 337.39700 338.32901 342.39801 344.21701 346.33099 344.92099 345.28400 348.91501 349.10199 352.29199 354.45300 358.76099 358.39200 360.34100 364.00400 354.03000 351.36899 344.49100 339.12399 336.17001 333.46799 341.82401 346.12201 355.79099 361.80200 368.59799 372.73300 373.14899 373.45499 371.14899 372.90701 366.31601 365.05600 364.56601 362.09399 354.40601 350.26199 338.91800 338.16101 363.04901 365.88000 369.45700 369.79001 369.60001 368.48099 367.87000 367.30701 366.54700 364.19601 359.70901 354.65701 343.77701 333.73099 325.20499
-9999 -9999 -9999 -9999 -9999 -9999 -9999 -9999 -9999 -9999 333.43500 332.86499 333.32501 336.17099 344.03601 340.11200 339.89401 340.89999 342.33600 342.70200 342.43201 345.75201 346.11801 -9999 -9999 -9999 -9999 -9999 -9999 361.34500 362.11600 354.80099 351.46899 344.59500 337.51700 336.24399 336.31601 345.80301 351.39801 361.02701 366.62299 372.88599 376.90500 376.37601 376.65799 373.78201 372.81900 369.48499 367.54099 368.02600 364.51599 359.30399 351.71301 340.15701 339.40100 364.69400 370.14600 370.38300 370.96500 370.34698 370.00800 367.92401 366.13101 363.87900 350.63000 354.55399 345.28201 336.72400 317.50101 318.06900
-9999 -9999 -9999 -9999 -9999 -9999 -9999 -9999 -9999 -9999 -9999 -9999 334.46301 338.54401 339.67300 352.83401 351.15100 350.85599 350.89600 -9999 -9999 -9999 -9999 -9999 -9999 -9999 -9999 -9999 -9999 -9999 -9999 -9999 -9999 348.96600 339.13000 341.95700 344.01599 352.50900 360.87601 366.04501 371.08401 375.67499 377.33801 378.22501 377.41901 377.26700 376.73700 375.93900 375.15500 373.87399 369.82001 353.51199 351.32101 351.00500 352.27899 367.22800 367.28500 368.10501 370.22198 371.77600 370.65799 366.88199 363.02399 361.24701 357.50500 353.58600 341.61700 334.17099 326.02100 329.12500
-9999 -9999 -9999 -9999 -9999 -9999 -9999 -9999 -9999 -9999 -9999 -9999 -9999 -9999 -9999 -9999 -9999 -9999 -9999 -9999 -9999 -9999 -9999 -9999 -9999 -9999 -9999 -9999 -9999 -9999 -9999 -9999 -9999 -9999 345.14001 342.99301 353.74301 355.45901 364.44101 370.60599 373.81400 375.34900 377.04901 380.41299 379.94299 377.80899 377.76199 377.65100 376.17200 374.51401 371.50601 357.45801 354.14499 353.67001 353.98099 370.51801 368.05499 361.94501 364.64401 367.52802 368.07700 365.30399 366.45001 363.80899 359.76199 350.48700 338.36600 329.90500 320.53699 325.69000
