data/hydroclimate-scenarios/1948-2000.Pcorr55N_Pref_Tref/monthly_summaries/olr_monthly_avg_feb.1950-2000.asc
ncols	311
nrows	91
xllcenter	102.75
yllcenter	31.75
cellsize	0.5
NODATA_value	-9999
[rows 0 to 30 of 91, columns 210 to 279 of 311]
-9999 -9999 -9999 -9999 -9999 -9999 -9999 -9999 -9999 -9999 -9999 -9999 -9999 -9999 -9999 -9999 -9999 -9999 -9999 -9999 -9999 -9999 -9999 -9999 -9999 -9999 -9999 -9999 -9999 -9999 -9999 -9999 -9999 -9999 -9999 -9999 -9999 -9999 -9999 -9999 -9999 -9999 -9999 -9999 -9999 -9999 -9999 -9999 -9999 -9999 -9999 -9999 -9999 -9999 -9999 -9999 -9999 -9999 -9999 -9999 -9999 -9999 -9999 -9999 -9999 -9999 -9999 -9999 -9999 -9999
-9999 -9999 -9999 -9999 -9999 -9999 -9999 -9999 -9999 -9999 -9999 -9999 -9999 -9999 -9999 -9999 -9999 -9999 -9999 -9999 -9999 -9999 -9999 -9999 -9999 -9999 -9999 -9999 -9999 -9999 -9999 -9999 -9999 -9999 -9999 -9999 -9999 -9999 -9999 -9999 -9999 -9999 -9999 -9999 -9999 -9999 -9999 -9999 -9999 -9999 -9999 -9999 -9999 -9999 -9999 -9999 -9999 -9999 -9999 -9999 -9999 -9999 -9999 -9999 -9999 -9999 -9999 -9999 -9999 -9999
-9999 -9999 -9999 -9999 -9999 -9999 -9999 -9999 -9999 -9999 -9999 -9999 -9999 -9999 -9999 -9999 -9999 -9999 -9999 -9999 -9999 -9999 -9999 -9999 -9999 -9999 -9999 -9999 -9999 -9999 -9999 -9999 -9999 -9999 -9999 -9999 -9999 -9999 -9999 -9999 -9999 -9999 -9999 -9999 -9999 -9999 -9999 -9999 -9999 -9999 -9999 -9999 -9999 -9999 -9999 -9999 -9999 -9999 -9999 -9999 -9999 -9999 -9999 -9999 -9999 -9999 -9999 -9999 -9999 -9999
-9999 -9999 -9999 -9999 -9999 -9999 -9999 -9999 -9999 -9999 -9999 -9999 -9999 -9999 -9999 -9999 -9999 -9999 -9999 -9999 -9999 -9999 -9999 -9999 -9999 -9999 -9999 -9999 -9999 -9999 -9999 -9999 -9999 -9999 -9999 -9999 -9999 -9999 -9999 -9999 -9999 -9999 -9999 -9999 -9999 -9999 -9999 -9999 -9999 -9999 -9999 -9999 -9999 -9999 -9999 -9999 -9999 -9999 -9999 -9999 -9999 -9999 -9999 -9999 -9999 -9999 -9999 -9999 -9999 -9999
-9999 -9999 -9999 -9999 -9999 -9999 -9999 -9999 -9999 -9999 -9999 -9999 -9999 -9999 -9999 -9999 -9999 -9999 -9999 -9999 -9999 -9999 -9999 -9999 -9999 -9999 -9999 -9999 -9999 -9999 -9999 -9999 -9999 -9999 -9999 -9999 -9999 -9999 -9999 -9999 -9999 -9999 -9999 -9999 -9999 -9999 -9999 -9999 -9999 -9999 -9999 -9999 -9999 -9999 -9999 -9999 -9999 -9999 -9999 -9999 -9999 -9999 -9999 -9999 -9999 -9999 -9999 -9999 -9999 -9999
-9999 -9999 -9999 -9999 -9999 -9999 -9999 -9999 -9999 -9999 -9999 -9999 -9999 -9999 -9999 -9999 -9999 -9999 -9999 -9999 -9999 -9999 -9999 -9999 -9999 -9999 -9999 -9999 -9999 -9999 -9999 -9999 -9999 -9999 -9999 -9999 -9999 -9999 -9999 -9999 -9999 -9999 -9999 -9999 -9999 -9999 -9999 -9999 -9999 -9999 -9999 -9999 -9999 -9999 -9999 -9999 -9999 -9999 -9999 -9999 -9999 -9999 -9999 -9999 -9999 -9999 -9999 -9999 -9999 -9999
-9999 -9999 -9999 -9999 -9999 -9999 -9999 -9999 -9999 -9999 -9999 -9999 -9999 -9999 -9999 -9999 -9999 -9999 -9999 -9999 -9999 -9999 -9999 -9999 -9999 -9999 -9999 -9999 -9999 -9999 -9999 -9999 -9999 -9999 -9999 -9999 -9999 -9999 -9999 -9999 -9999 -9999 -9999 -9999 -9999 -9999 -9999 -9999 -9999 -9999 -9999 -9999 -9999 -9999 -9999 -9999 -9999 -9999 -9999 -9999 -9999 -9999 -9999 -9999 -9999 -9999 -9999 -9999 -9999 -9999
-9999 -9999 -9999 -9999 -9999 -9999 -9999 -9999 -9999 -9999 -9999 -9999 -9999 -9999 -9999 -9999 -9999 -9999 -9999 -9999 -9999 -9999 -9999 -9999 -9999 -9999 -9999 -9999 -9999 -9999 -9999 -9999 -9999 -9999 -9999 -9999 -9999 -9999 -9999 -9999 -9999 -9999 -9999 -9999 -9999 -9999 -9999 -9999 -9999 -9999 -9999 -9999 -9999 -9999 -9999 -9999 -9999 -9999 -9999 -9999 -9999 -9999 -9999 -9999 -9999 -9999 -9999 -9999 -9999 -9999
-9999 -9999 -9999 -9999 -9999 -9999 -9999 -9999 -9999 -9999 -9999 -9999 -9999 -9999 -9999 -9999 -9999 -9999 -9999 -9999 -9999 -9999 -9999 -9999 -9999 -9999 -9999 -9999 -9999 -9999 -9999 -9999 -9999 -9999 -9999 -9999 -9999 -9999 -9999 -9999 -9999 -9999 -9999 -9999 -9999 -9999 -9999 -9999 -9999 -9999 -9999 -9999 -9999 -9999 -9999 -9999 -9999 -9999 -9999 -9999 -9999 -9999 -9999 -9999 -9999 -9999 -9999 -9999 -9999 -9999
-9999 -9999 -9999 -9999 -9999 -9999 -9999 -9999 -9999 -9999 -9999 -9999 -9999 -9999 -9999 -9999 -9999 -9999 -9999 -9999 -9999 -9999 -9999 -9999 -9999 -9999 -9999 -9999 -9999 -9999 -9999 -9999 -9999 -9999 -9999 -9999 -9999 -9999 -9999 -9999 -9999 -9999 -9999 -9999 -9999 -9999 -9999 -9999 -9999 -9999 -9999 -9999 -9999 -9999 -9999 -9999 -9999 -9999 -9999 -9999 -9999 -9999 -9999 -9999 -9999 -9999 -9999 -9999 -9999 -9999
-9999 -9999 -9999 -9999 -9999 -9999 -9999 -9999 -9999 -9999 -9999 -9999 -9999 -9999 -9999 -9999 -9999 -9999 -9999 -9999 -9999 -9999 -9999 -9999 -9999 -9999 -9999 -9999 -9999 -9999 -9999 -9999 -9999 -9999 -9999 -9999 -9999 -9999 -9999 -9999 -9999 -9999 -9999 -9999 -9999 -9999 -9999 -9999 -9999 -9999 -9999 -9999 -9999 -9999 -9999 -9999 -9999 -9999 -9999 -9999 -9999 -9999 -9999 -9999 -9999 -9999 -9999 -9999 -9999 -9999
-9999 -9999 -9999 -9999 -9999 -9999 -9999 -9999 -9999 -9999 -9999 -9999 -9999 -9999 -9999 -9999 -9999 -9999 -9999 -9999 -9999 -9999 -9999 -9999 -9999 -9999 -9999 -9999 -9999 -9999 -9999 -9999 -9999 -9999 -9999 -9999 -9999 -9999 -9999 -9999 -9999 -9999 -9999 -9999 -9999 -9999 -9999 -9999 -9999 -9999 -9999 -9999 -9999 -9999 -9999 -9999 -9999 -9999 -9999 -9999 -9999 -9999 -9999 -9999 -9999 -9999 -9999 -9999 -9999 -9999
-9999 -9999 -9999 -9999 -9999 -9999 -9999 -9999 -9999 -9999 -9999 -9999 -9999 -9999 -9999 -9999 -9999 -9999 -9999 -9999 -9999 -9999 -9999 -9999 -9999 -9999 -9999 -9999 -9999 -9999 -9999 -9999 -9999 -9999 -9999 -9999 -9999 -9999 -9999 -9999 -9999 -9999 -9999 -9999 -9999 -9999 -9999 -9999 -9999 -9999 -9999 -9999 -9999 -9999 -9999 -9999 -9999 -9999 -9999 -9999 -9999 -9999 -9999 -9999 -9999 -9999 -9999 -9999 -9999 -9999
159.08200 160.67999 161.29500 161.54800 161.88200 161.73300 161.87500 161.26401 161.96300 -9999 -9999 -9999 -9999 -9999 -9999 -9999 -9999 -9999 -9999 -9999 -9999 -9999 -9999 -9999 -9999 -9999 -9999 -9999 -9999 -9999 -9999 -9999 -9999 -9999 -9999 -9999 -9999 -9999 -9999 -9999 -9999 -9999 -9999 -9999 -9999 -9999 -9999 -9999 -9999 -9999 163.11501 -9999 -9999 -9999 -9999 -9999 -9999 -9999 -9999 -9999 -9999 -9999 -9999 -9999 -9999 -9999 -9999 -9999 -9999 -9999
156.00500 156.04900 155.88901 157.28900 158.94000 160.44299 161.38200 162.42300 163.10100 160.81500 161.14900 161.75200 161.56700 162.49400 162.29201 162.14400 169.91901 169.66100 169.17400 169.93100 170.36900 182.30499 -9999 -9999 -9999 -9999 -9999 -9999 -9999 -9999 -9999 -9999 -9999 -9999 -9999 -9999 -9999 -9999 -9999 -9999 -9999 -9999 -9999 -9999 -9999 160.52100 162.58400 161.33299 159.46201 157.88800 159.77800 164.84399 -9999 -9999 -9999 170.20100 -9999 -9999 -9999 169.71001 169.41499 168.36501 -9999 -9999 -9999 -9999 -9999 -9999 -9999 -9999
157.49500 156.82100 156.86900 157.25101 157.94400 160.71600 161.89600 162.96500 163.66000 163.11900 164.43100 164.97301 164.89600 165.12199 164.04800 164.46899 162.93800 161.49600 163.84200 165.30000 166.04500 164.88499 163.28700 162.90500 168.75600 165.32201 166.55299 165.36700 -9999 -9999 -9999 -9999 -9999 165.14999 164.97099 165.47701 165.11900 164.29300 165.46400 165.08200 164.75600 164.54900 164.19400 164.23000 163.79601 158.57899 159.51601 157.95900 158.44400 156.93700 157.22600 164.37399 163.90700 167.74500 167.83200 169.63699 170.52400 170.44501 169.80800 168.09599 166.71100 164.42101 164.96800 167.40199 167.88000 166.86900 166.96300 -9999 -9999 -9999
161.26700 161.81100 162.83900 163.70200 165.40700 167.30800 167.99200 167.96500 168.60201 165.63200 165.01900 165.38600 165.19000 163.60899 162.09300 162.26500 160.13800 163.19099 164.23599 167.30000 169.24500 167.41701 167.25800 164.91400 170.71400 167.53999 165.52100 163.53400 163.52800 164.28400 164.99100 164.97200 165.39900 166.42101 166.93800 165.22099 163.97701 163.54100 163.52200 163.59700 163.30600 163.17500 163.63200 163.21700 163.25200 164.99600 165.06599 164.20200 164.73000 162.23599 163.06400 163.72301 164.12700 165.25600 165.54500 167.68201 168.18800 168.40500 168.96600 167.96300 168.53600 168.22900 168.46300 167.75000 167.09300 164.78200 162.71600 160.79800 160.64400 161.00999
167.08600 167.09300 166.94000 166.87199 167.22301 168.72701 168.37300 169.39799 165.78900 166.39799 165.48599 166.16200 164.59200 163.39799 163.64900 167.91299 172.41000 175.62601 175.96700 175.83501 176.59700 182.98801 179.52200 178.65601 178.02000 172.42599 170.88499 165.07600 163.57600 161.48199 161.32600 160.59900 161.28400 163.37000 166.46899 166.11800 164.22900 162.90401 162.51500 162.71600 162.93401 163.84000 163.51900 163.59900 163.55901 164.83800 165.29601 165.02299 164.99600 162.85001 163.03200 164.02499 164.20500 165.57300 165.90601 168.34300 168.77901 168.79201 168.89000 168.22501 168.85699 168.23599 168.18800 167.66200 166.99200 164.09801 163.14999 162.47701 161.67400 160.83299
169.99400 168.08400 168.14900 170.78500 172.55901 171.86099 170.34200 169.97000 170.62300 171.56900 169.27800 170.93800 170.02600 170.50400 174.80000 182.41100 182.50101 183.63499 183.45900 184.43401 181.86600 180.87500 178.92300 176.47800 175.45599 174.17599 173.03900 168.80000 166.11000 165.02499 161.22301 160.08701 159.29700 162.29500 165.03799 164.42200 164.23599 163.20700 163.57500 164.04300 164.19200 164.95100 165.18100 164.34801 163.47200 164.45500 164.44000 164.16499 163.86700 163.34500 163.49200 163.99899 164.75000 164.99600 165.24400 165.92999 166.48700 166.80000 166.94200 166.96100 166.99600 167.32700 167.36400 166.77200 165.70200 163.28200 163.24300 162.87100 162.17101 161.11000
171.57401 172.17599 172.08000 172.43401 172.61099 173.64999 172.82700 174.54201 175.91800 177.94901 179.10699 182.53101 181.89301 180.37900 177.05701 181.35001 178.56700 176.88000 178.21800 178.73500 180.90900 187.12900 184.56400 180.15601 177.78799 173.47000 172.40300 167.10001 167.53900 168.00101 167.62900 165.43100 161.38100 163.09300 163.54100 163.99899 164.66000 164.97800 165.18401 165.37700 166.07700 166.64900 165.91701 164.83501 165.13200 164.20799 163.70900 163.78500 163.80200 163.49800 164.11400 164.70200 165.14200 165.56100 165.76601 166.49500 166.61600 166.99600 166.72501 167.39200 167.37801 167.11099 166.95900 166.22000 166.51700 164.96300 164.33200 162.94701 162.64400 161.88600
171.07700 176.25500 176.95700 173.56000 171.28700 172.75500 176.90700 180.44501 181.42700 181.95599 183.52800 184.50999 183.25700 176.47000 171.90601 170.73399 166.22900 165.82500 169.26100 176.48399 180.48000 184.53700 181.26500 177.26900 172.56200 170.80701 169.00600 167.05000 168.08501 168.47301 168.25000 166.51700 163.92101 162.30701 165.08600 166.46001 166.60201 166.97701 167.18401 167.85600 167.68500 167.30200 167.53300 167.11900 166.55499 165.46300 164.38300 163.93500 164.65601 164.95300 165.12199 165.62601 165.90500 165.56200 166.44501 166.86900 167.15401 167.18600 167.39400 167.08400 167.13200 168.00000 168.71899 167.86000 167.58000 166.92000 165.59900 164.59900 163.87100 162.41299
181.95900 184.61700 180.63800 174.83800 172.03600 172.84300 175.77699 177.91701 178.07700 179.07300 178.74400 176.69200 176.45500 179.77499 182.81300 182.03300 173.36000 174.24300 180.97501 186.33000 185.89500 187.71800 184.91400 177.37700 172.41600 168.17200 167.91800 167.99600 169.73199 170.02800 168.81100 167.57500 166.26401 162.82001 164.83501 166.73500 168.21400 169.27299 169.25900 169.52200 169.67400 169.52499 168.98500 168.71800 168.07300 166.96201 166.50500 165.07500 165.06000 166.17599 166.25101 167.29201 167.64799 166.70000 167.47000 168.59500 168.70799 168.18401 168.88300 169.19800 168.49001 168.13699 168.89799 168.80200 168.21800 166.97701 166.03101 165.31700 164.85899 163.96100
183.00400 182.87500 178.28999 175.90300 173.12500 172.53000 172.30099 178.44501 187.88901 192.39200 193.36700 192.02901 193.53900 194.00800 194.24800 194.67101 177.20100 177.72099 186.86800 194.09599 193.02901 188.92500 185.41100 179.41200 173.75301 170.53900 169.85500 168.37399 170.11000 168.09700 168.05400 168.18100 168.21600 167.79201 169.48000 169.42900 168.67799 168.85300 169.29201 168.72600 167.81300 169.49800 169.00000 168.11800 168.88200 168.99100 168.52299 168.30000 168.07100 168.38699 167.37801 167.93500 167.61900 168.71800 169.14600 168.26601 168.45500 168.47400 167.77800 167.99300 168.08501 168.63200 168.41100 167.87100 167.42500 166.12700 165.62601 165.68100 164.64500 162.38600
183.78999 185.31000 184.42300 186.09200 188.61099 189.18800 185.94701 188.88100 195.27100 198.55701 200.33299 197.24100 195.49400 193.12000 192.27699 194.27000 189.77499 191.17900 193.73300 195.84801 194.37100 189.82201 185.27800 180.44099 174.97000 172.44501 171.84100 170.02901 169.25600 167.87500 167.08501 166.62700 167.15900 168.47301 169.64600 169.90800 168.24800 166.97800 166.55600 165.29201 165.70900 167.20700 167.58900 165.24899 165.50900 166.81000 166.84200 167.59599 167.81100 169.94200 170.60500 170.46800 170.11099 171.36400 171.22701 169.74500 169.75500 169.75999 168.96500 169.34801 170.36000 168.89301 167.15300 166.66200 167.66400 166.50800 165.00800 164.92799 164.29601 163.28400
189.84599 186.60300 185.56500 184.29300 183.25000 183.40199 183.74400 187.03000 189.86000 188.49001 187.45300 191.58099 191.22900 199.62900 191.93201 194.82401 196.70799 199.10699 196.90401 193.75999 195.59200 187.63100 186.45500 183.70399 176.19000 173.29700 171.15100 169.26801 168.64799 167.34599 167.42200 166.65500 166.96600 166.05701 166.28300 166.93300 166.73801 165.69400 165.66000 165.78900 165.08200 165.17700 165.92999 164.87601 164.78400 166.08800 165.67300 165.22900 165.70399 166.85201 168.31200 171.49600 173.08299 172.19901 172.72200 172.57700 170.30299 169.75301 170.01900 169.56900 169.74100 169.55701 169.21001 168.75200 167.26199 166.13400 164.99300 166.17400 165.72000 165.83000
196.82001 196.37700 190.96600 186.86501 185.58501 187.75301 188.43500 189.89999 190.86000 192.44299 193.64900 192.88400 192.75800 203.10100 202.90900 204.62000 207.41901 198.33000 199.85600 194.91200 185.49800 187.98500 184.47099 181.52299 180.76601 176.67101 176.41200 172.32100 170.70900 168.92599 168.92900 168.59300 170.76100 171.18500 171.94701 171.40500 171.43201 169.82700 169.22200 169.97701 168.55000 169.04601 168.91600 167.88400 167.49300 168.83000 168.85500 169.13901 168.78500 169.89799 171.23199 171.97900 172.86800 172.65900 173.55400 173.60699 171.26199 169.46500 170.28200 170.32001 169.68401 170.24400 169.95500 169.40500 168.33400 167.07500 167.04601 166.57201 165.89500 165.93700
192.62100 191.54601 192.11900 193.38800 197.10400 198.01500 196.67700 197.05499 194.91600 192.38400 190.74800 190.94099 193.72099 195.65500 193.56200 192.52499 194.42300 199.34599 204.67599 199.67500 191.67400 188.77400 183.51300 180.41499 179.14000 179.52400 178.39799 177.45300 176.09399 174.94800 174.09399 174.83501 177.96600 180.60600 178.50600 177.71201 177.28600 178.30200 177.77100 174.39900 173.93500 172.53999 172.08200 172.38901 172.34399 172.55400 172.51100 172.17799 173.69600 172.93600 172.10699 172.07100 173.16901 173.22099 173.68500 173.62500 173.82600 173.08501 170.90500 171.34801 170.91800 171.06100 171.04300 170.88400 169.52100 168.54100 167.67700 167.93700 167.56100 166.93300
196.49200 196.80000 193.54900 192.99001 197.06400 198.79500 195.25800 194.62500 194.86400 195.50600 195.36900 193.97501 194.36200 196.55000 194.48399 194.96700 194.27901 193.24699 188.88400 187.37900 188.25999 191.08000 186.85100 182.51601 182.45399 181.73801 181.07100 178.55200 177.69400 175.66400 176.10600 178.18100 180.40300 181.75500 180.89500 180.06300 180.99001 178.96300 178.10600 178.82100 178.08299 176.22301 175.48801 175.80400 174.92500 175.76199 176.90601 176.74699 175.81900 173.90500 174.06400 174.48599 174.86700 173.95599 173.59599 173.57500 173.31900 174.44600 172.40700 172.21800 172.13901 172.84900 172.38699 171.87700 170.92700 171.11200 170.85300 170.05800 169.33400 168.52100
194.28600 195.16701 194.18100 201.00800 210.92799 208.31300 204.01300 201.73500 198.07700 195.78799 195.25000 195.59000 195.42400 194.79500 195.17900 197.73199 199.02600 199.66901 199.75101 198.88699 191.62500 196.06700 193.47900 189.69299 185.87601 183.52400 182.14999 177.59100 175.80499 177.37199 177.82201 180.65500 183.62900 187.78799 187.07401 185.96201 183.28400 181.77299 181.97600 181.58501 179.94800 179.43900 180.26801 179.06599 178.56500 178.74400 179.87399 180.08900 179.20799 177.09500 174.90800 174.77901 173.40500 173.75101 173.24899 174.95799 175.61200 175.28700 175.84500 174.56100 174.33000 175.04401 175.06400 174.52499 174.37700 172.87399 172.33400 171.26100 170.64200 170.39900
205.24600 212.79300 212.81000 215.78400 216.11400 208.38901 203.77000 196.81300 195.41000 194.38200 193.63400 193.37100 194.32899 195.02200 195.88100 200.52600 196.35400 192.46600 194.35699 195.07600 199.92700 192.48000 190.80800 192.62100 191.66901 190.34599 185.59399 182.82899 181.32800 179.25500 179.34900 183.22600 187.26300 189.97099 190.29900 189.44000 186.14500 185.12601 184.32600 185.56599 183.97200 183.73100 184.01500 183.62100 182.58900 182.97099 181.20300 183.49200 182.49100 181.49500 179.80000 176.99800 175.71300 175.66299 175.35899 175.73700 176.43300 176.81400 178.19800 177.11099 176.77000 177.20700 176.96100 175.23700 173.77499 171.50301 172.03500 171.47501 171.93700 172.81799
203.52901 214.15300 213.45799 212.35300 212.52499 216.82100 217.52100 209.62300 203.07201 199.89000 195.80099 195.39799 198.42999 198.95700 197.84500 202.79700 202.30000 196.03101 192.10300 193.12700 193.13800 190.65401 191.29201 191.36600 190.39000 189.88800 186.17999 182.48000 181.89400 183.23399 186.65700 186.79500 189.96300 192.20100 193.65800 195.43900 192.02299 190.24400 188.22900 187.98100 188.32600 188.94099 189.20399 188.35300 187.25600 187.97099 186.57300 188.05901 189.39101 186.62300 184.89799 183.84200 184.01601 182.28400 180.80800 179.23599 179.10201 177.61501 178.72501 179.92101 178.57600 180.76601 180.36900 179.85899 178.72400 176.84300 176.96899 176.29100 175.80701 175.29300
