data/hydroclimate-scenarios/1948-2000.Pcorr55N_Pref_Tref/monthly_summaries/olr_monthly_avg_apr.asc
ncols	311
nrows	91
xllcenter	102.75
yllcenter	31.75
cellsize	0.5
NODATA_value	-9999
[rows 0 to 30 of 91, columns 210 to 279 of 311]
-9999 -9999 -9999 -9999 -9999 -9999 -9999 -9999 -9999 -9999 -9999 -9999 -9999 -9999 -9999 -9999 -9999 -9999 -9999 -9999 -9999 -9999 -9999 -9999 -9999 -9999 -9999 -9999 -9999 -9999 -9999 -9999 -9999 -9999 -9999 -9999 -9999 -9999 -9999 -9999 -9999 -9999 -9999 -9999 -9999 -9999 -9999 -9999 -9999 -9999 -9999 -9999 -9999 -9999 -9999 -9999 -9999 -9999 -9999 -9999 -9999 -9999 -9999 -9999 -9999 -9999 -9999 -9999 -9999 -9999
-9999 -9999 -9999 -9999 -9999 -9999 -9999 -9999 -9999 -9999 -9999 -9999 -9999 -9999 -9999 -9999 -9999 -9999 -9999 -9999 -9999 -9999 -9999 -9999 -9999 -9999 -9999 -9999 -9999 -9999 -9999 -9999 -9999 -9999 -9999 -9999 -9999 -9999 -9999 -9999 -9999 -9999 -9999 -9999 -9999 -9999 -9999 -9999 -9999 -9999 -9999 -9999 -9999 -9999 -9999 -9999 -9999 -9999 -9999 -9999 -9999 -9999 -9999 -9999 -9999 -9999 -9999 -9999 -9999 -9999
-9999 -9999 -9999 -9999 -9999 -9999 -9999 -9999 -9999 -9999 -9999 -9999 -9999 -9999 -9999 -9999 -9999 -9999 -9999 -9999 -9999 -9999 -9999 -9999 -9999 -9999 -9999 -9999 -9999 -9999 -9999 -9999 -9999 -9999 -9999 -9999 -9999 -9999 -9999 -9999 -9999 -9999 -9999 -9999 -9999 -9999 -9999 -9999 -9999 -9999 -9999 -9999 -9999 -9999 -9999 -9999 -9999 -9999 -9999 -9999 -9999 -9999 -9999 -9999 -9999 -9999 -9999 -9999 -9999 -9999
-9999 -9999 -9999 -9999 -9999 -9999 -9999 -9999 -9999 -9999 -9999 -9999 -9999 -9999 -9999 -9999 -9999 -9999 -9999 -9999 -9999 -9999 -9999 -9999 -9999 -9999 -9999 -9999 -9999 -9999 -9999 -9999 -9999 -9999 -9999 -9999 -9999 -9999 -9999 -9999 -9999 -9999 -9999 -9999 -9999 -9999 -9999 -9999 -9999 -9999 -9999 -9999 -9999 -9999 -9999 -9999 -9999 -9999 -9999 -9999 -9999 -9999 -9999 -9999 -9999 -9999 -9999 -9999 -9999 -9999
-9999 -9999 -9999 -9999 -9999 -9999 -9999 -9999 -9999 -9999 -9999 -9999 -9999 -9999 -9999 -9999 -9999 -9999 -9999 -9999 -9999 -9999 -9999 -9999 -9999 -9999 -9999 -9999 -9999 -9999 -9999 -9999 -9999 -9999 -9999 -9999 -9999 -9999 -9999 -9999 -9999 -9999 -9999 -9999 -9999 -9999 -9999 -9999 -9999 -9999 -9999 -9999 -9999 -9999 -9999 -9999 -9999 -9999 -9999 -9999 -9999 -9999 -9999 -9999 -9999 -9999 -9999 -9999 -9999 -9999
-9999 -9999 -9999 -9999 -9999 -9999 -9999 -9999 -9999 -9999 -9999 -9999 -9999 -9999 -9999 -9999 -9999 -9999 -9999 -9999 -9999 -9999 -9999 -9999 -9999 -9999 -9999 -9999 -9999 -9999 -9999 -9999 -9999 -9999 -9999 -9999 -9999 -9999 -9999 -9999 -9999 -9999 -9999 -9999 -9999 -9999 -9999 -9999 -9999 -9999 -9999 -9999 -9999 -9999 -9999 -9999 -9999 -9999 -9999 -9999 -9999 -9999 -9999 -9999 -9999 -9999 -9999 -9999 -9999 -9999
-9999 -9999 -9999 -9999 -9999 -9999 -9999 -9999 -9999 -9999 -9999 -9999 -9999 -9999 -9999 -9999 -9999 -9999 -9999 -9999 -9999 -9999 -9999 -9999 -9999 -9999 -9999 -9999 -9999 -9999 -9999 -9999 -9999 -9999 -9999 -9999 -9999 -9999 -9999 -9999 -9999 -9999 -9999 -9999 -9999 -9999 -9999 -9999 -9999 -9999 -9999 -9999 -9999 -9999 -9999 -9999 -9999 -9999 -9999 -9999 -9999 -9999 -9999 -9999 -9999 -9999 -9999 -9999 -9999 -9999
-9999 -9999 -9999 -9999 -9999 -9999 -9999 -9999 -9999 -9999 -9999 -9999 -9999 -9999 -9999 -9999 -9999 -9999 -9999 -9999 -9999 -9999 -9999 -9999 -9999 -9999 -9999 -9999 -9999 -9999 -9999 -9999 -9999 -9999 -9999 -9999 -9999 -9999 -9999 -9999 -9999 -9999 -9999 -9999 -9999 -9999 -9999 -9999 -9999 -9999 -9999 -9999 -9999 -9999 -9999 -9999 -9999 -9999 -9999 -9999 -9999 -9999 -9999 -9999 -9999 -9999 -9999 -9999 -9999 -9999
-9999 -9999 -9999 -9999 -9999 -9999 -9999 -9999 -9999 -9999 -9999 -9999 -9999 -9999 -9999 -9999 -9999 -9999 -9999 -9999 -9999 -9999 -9999 -9999 -9999 -9999 -9999 -9999 -9999 -9999 -9999 -9999 -9999 -9999 -9999 -9999 -9999 -9999 -9999 -9999 -9999 -9999 -9999 -9999 -9999 -9999 -9999 -9999 -9999 -9999 -9999 -9999 -9999 -9999 -9999 -9999 -9999 -9999 -9999 -9999 -9999 -9999 -9999 -9999 -9999 -9999 -9999 -9999 -9999 -9999
-9999 -9999 -9999 -9999 -9999 -9999 -9999 -9999 -9999 -9999 -9999 -9999 -9999 -9999 -9999 -9999 -9999 -9999 -9999 -9999 -9999 -9999 -9999 -9999 -9999 -9999 -9999 -9999 -9999 -9999 -9999 -9999 -9999 -9999 -9999 -9999 -9999 -9999 -9999 -9999 -9999 -9999 -9999 -9999 -9999 -9999 -9999 -9999 -9999 -9999 -9999 -9999 -9999 -9999 -9999 -9999 -9999 -9999 -9999 -9999 -9999 -9999 -9999 -9999 -9999 -9999 -9999 -9999 -9999 -9999
-9999 -9999 -9999 -9999 -9999 -9999 -9999 -9999 -9999 -9999 -9999 -9999 -9999 -9999 -9999 -9999 -9999 -9999 -9999 -9999 -9999 -9999 -9999 -9999 -9999 -9999 -9999 -9999 -9999 -9999 -9999 -9999 -9999 -9999 -9999 -9999 -9999 -9999 -9999 -9999 -9999 -9999 -9999 -9999 -9999 -9999 -9999 -9999 -9999 -9999 -9999 -9999 -9999 -9999 -9999 -9999 -9999 -9999 -9999 -9999 -9999 -9999 -9999 -9999 -9999 -9999 -9999 -9999 -9999 -9999
-9999 -9999 -9999 -9999 -9999 -9999 -9999 -9999 -9999 -9999 -9999 -9999 -9999 -9999 -9999 -9999 -9999 -9999 -9999 -9999 -9999 -9999 -9999 -9999 -9999 -9999 -9999 -9999 -9999 -9999 -9999 -9999 -9999 -9999 -9999 -9999 -9999 -9999 -9999 -9999 -9999 -9999 -9999 -9999 -9999 -9999 -9999 -9999 -9999 -9999 -9999 -9999 -9999 -9999 -9999 -9999 -9999 -9999 -9999 -9999 -9999 -9999 -9999 -9999 -9999 -9999 -9999 -9999 -9999 -9999
-9999 -9999 -9999 -9999 -9999 -9999 -9999 -9999 -9999 -9999 -9999 -9999 -9999 -9999 -9999 -9999 -9999 -9999 -9999 -9999 -9999 -9999 -9999 -9999 -9999 -9999 -9999 -9999 -9999 -9999 -9999 -9999 -9999 -9999 -9999 -9999 -9999 -9999 -9999 -9999 -9999 -9999 -9999 -9999 -9999 -9999 -9999 -9999 -9999 -9999 -9999 -9999 -9999 -9999 -9999 -9999 -9999 -9999 -9999 -9999 -9999 -9999 -9999 -9999 -9999 -9999 -9999 -9999 -9999 -9999
190.13300 191.22200 191.18100 191.04700 191.57500 191.80099 191.59599 193.93700 194.99100 -9999 -9999 -9999 -9999 -9999 -9999 -9999 -9999 -9999 -9999 -9999 -9999 -9999 -9999 -9999 -9999 -9999 -9999 -9999 -9999 -9999 -9999 -9999 -9999 -9999 -9999 -9999 -9999 -9999 -9999 -9999 -9999 -9999 -9999 -9999 -9999 -9999 -9999 -9999 -9999 -9999 197.53999 -9999 -9999 -9999 -9999 -9999 -9999 -9999 -9999 -9999 -9999 -9999 -9999 -9999 -9999 -9999 -9999 -9999 -9999 -9999
191.54300 190.03200 189.64799 191.29401 192.75700 193.82001 194.78799 195.50400 196.97400 207.51100 207.38000 204.09100 204.51500 195.66600 195.10699 194.92101 204.17599 203.37000 203.34200 203.65900 203.30000 224.04201 -9999 -9999 -9999 -9999 -9999 -9999 -9999 -9999 -9999 -9999 -9999 -9999 -9999 -9999 -9999 -9999 -9999 -9999 -9999 -9999 -9999 -9999 -9999 193.23399 196.61400 194.92400 191.47200 190.33701 192.11700 199.16299 -9999 -9999 -9999 198.22099 -9999 -9999 -9999 199.11600 199.32500 199.65500 -9999 -9999 -9999 -9999 -9999 -9999 -9999 -9999
194.27699 191.82401 191.40601 192.71899 193.94600 197.46400 199.20500 200.58099 202.55901 201.46001 202.20599 201.34500 200.54300 200.02299 196.89700 197.10201 195.42700 193.48900 197.33600 199.65199 201.83600 202.73801 200.13901 198.76199 193.93300 196.82001 199.37300 197.94400 -9999 -9999 -9999 -9999 -9999 199.63300 199.23100 199.16000 198.99699 198.81700 198.87801 199.15401 199.95399 200.26300 200.87801 200.90300 201.43600 191.98700 192.90601 191.09700 191.97000 188.94200 189.82401 199.66299 199.03900 200.46201 200.03900 200.17799 200.89000 200.65700 200.21600 199.08501 197.22400 194.63600 195.25900 196.48300 196.96700 195.79900 195.99300 -9999 -9999 -9999
197.49800 197.91200 199.35100 201.52901 203.08900 205.65900 205.14700 204.85001 201.43700 200.63901 199.21899 199.08501 199.49100 197.51900 196.65500 198.69099 196.40500 197.50700 200.99699 206.34399 210.59900 207.93800 207.00400 203.02000 197.50200 201.19901 197.50999 196.13699 197.14600 199.12900 200.27600 201.28000 201.79601 201.99899 202.07401 201.38699 200.78900 200.18900 200.75500 201.31400 201.53600 200.65900 201.19901 202.07700 202.12500 202.84000 202.67101 202.54900 203.02100 200.70000 200.73599 201.37500 201.13300 200.83600 200.90500 200.66600 201.21001 201.25800 201.85201 201.13800 201.62900 202.88901 202.68600 202.38699 201.24100 196.81200 193.55499 193.26801 192.77000 193.37801
201.82899 202.34801 200.61400 200.39999 199.27901 201.15300 200.28999 201.30000 200.63800 205.50900 210.07700 210.16200 209.55600 212.41200 213.55901 213.22301 217.64500 220.72900 222.12300 221.41100 222.46899 221.03799 225.16600 220.42900 217.76300 210.14301 208.13699 201.20799 199.97000 197.50200 196.34700 196.91499 197.05099 200.47800 204.47501 204.87000 204.50800 203.95200 203.33900 204.45900 204.44600 203.21500 203.48100 204.38300 204.19901 205.56200 206.23801 206.94000 206.28000 203.24899 203.50500 203.97800 203.71001 203.50999 203.80499 203.84700 203.60201 204.22400 204.32100 203.78500 203.67799 204.44501 204.68900 204.22301 202.88699 197.73500 195.77800 196.67400 195.17599 194.86700
215.16000 210.72000 211.30400 211.90601 210.70399 212.34900 210.96100 206.44901 210.87801 215.12700 217.31300 220.66100 222.27200 221.79100 224.36400 229.84700 231.80901 232.70100 232.19800 237.35899 237.70200 227.19600 221.74500 221.45399 216.70100 216.10600 214.98300 208.46300 205.85699 203.04601 197.63499 196.81200 196.04500 202.31799 208.33701 208.33299 208.45100 208.52800 208.08701 207.52699 207.23900 208.40199 207.81300 208.20900 207.49899 207.97600 207.50301 207.59000 207.63400 206.28200 206.64301 206.12199 205.91299 207.58501 206.88400 206.38400 206.59300 206.57899 206.75000 207.22701 206.54401 205.59000 204.68401 205.10699 203.45399 200.67400 200.28500 199.01700 197.47301 197.28400
221.94800 223.09500 222.16800 223.07600 221.61900 221.56599 220.96600 223.30400 223.07700 226.41400 227.24300 236.23300 238.40900 239.14101 238.27699 238.46700 242.68300 244.09399 241.91600 241.76601 242.08701 244.31200 237.98100 225.80499 221.01199 217.14600 214.87100 209.50999 209.71700 210.75999 210.13600 208.61501 201.60500 208.40601 210.70100 212.64999 212.83000 213.05701 212.85001 212.62000 212.65800 212.00200 211.47800 211.60899 211.75000 209.86501 210.09900 210.45700 209.98900 209.73100 209.34000 209.01401 209.73199 211.23100 210.56900 210.63800 210.53799 210.36000 209.62199 209.49200 209.37601 207.90601 207.20799 207.04201 206.06100 205.77499 203.94600 202.06300 201.01300 200.45700
227.33800 231.03900 231.19299 229.53600 225.09900 223.92900 230.79800 237.12000 239.00301 240.47200 244.96899 246.85300 245.45500 244.12801 240.26601 239.04800 239.78200 238.95700 240.35100 241.76500 243.78799 243.81100 236.67900 226.20399 219.61200 218.80800 216.47800 212.95599 215.60899 214.44800 215.13100 213.17700 208.89400 209.19901 215.63600 217.23399 217.88800 217.24600 217.41901 217.49800 217.08000 216.88200 216.10600 215.37000 215.46300 214.99899 214.53300 214.36900 214.72200 214.14799 213.53000 213.37801 212.71500 212.67900 213.22600 213.35699 213.79300 212.96400 213.87700 213.01500 212.91000 212.59000 213.01700 212.67000 211.36099 209.56799 208.26900 205.15401 203.93800 203.43300
240.69501 242.28101 238.44400 231.87199 231.45000 234.45700 237.64700 238.63800 238.94200 239.64000 241.18600 240.59700 238.66901 242.25999 242.70500 239.72600 238.68600 240.77699 247.16499 248.92599 249.34900 248.94200 242.01401 228.12199 217.86600 213.44400 216.10699 216.90500 220.79100 219.41499 218.96800 217.67400 215.72501 212.36099 216.42700 219.32899 221.73399 221.92400 221.99001 221.96800 221.89600 221.21300 220.82899 219.98599 219.45000 219.29700 219.51100 219.25301 218.33900 218.14999 217.96201 217.59300 217.34900 217.16901 217.35300 218.69600 218.41499 218.07300 219.41400 218.74699 217.65700 215.20500 215.79300 216.39600 214.74600 213.26601 211.35100 208.81700 208.33501 206.49500
240.09000 241.73000 235.74100 236.42101 235.54500 236.46600 236.61400 241.84599 249.29100 254.93401 252.00301 247.21700 247.94400 245.97800 256.35300 253.20100 245.11301 242.36400 248.08099 252.63600 253.04300 246.92799 241.73100 231.02000 219.74699 216.41100 218.30901 216.36301 222.81799 219.59500 219.52000 223.11000 223.91800 222.59300 224.56200 223.88499 221.58900 220.75900 220.94800 219.26500 217.52200 220.88800 221.19901 220.17500 222.27100 223.44701 223.47000 223.30400 223.12700 222.06400 219.86200 220.05800 219.58900 219.28300 219.10899 220.28799 220.22400 219.12399 218.83400 218.40500 218.59300 219.20100 218.84500 217.04601 216.67400 215.70500 214.20200 211.82500 210.37300 206.77901
241.35800 244.22400 245.89900 245.76500 248.41200 250.40800 245.60201 248.68201 254.51100 260.98300 262.81699 252.14101 240.38100 240.30600 242.63400 245.33400 243.09000 243.23801 246.19501 250.80499 251.53000 247.09399 242.03400 235.58701 221.69299 223.43500 225.35699 221.18600 221.60400 220.34000 220.53000 221.90199 222.63499 223.32300 226.24200 223.71600 221.08200 216.74699 214.74300 211.92700 211.70900 215.64000 215.54700 211.97200 213.03300 217.24100 217.57001 219.92500 220.37399 224.77800 226.35400 226.25101 223.95799 224.27100 225.83299 224.85300 224.22099 223.89101 222.72900 223.27400 223.59399 222.29201 219.24400 218.75101 219.30600 217.42400 214.74899 213.20399 211.66000 210.38499
249.18100 246.52000 245.97000 244.33501 244.15500 245.24300 245.46700 247.62601 250.24600 251.94701 251.53400 251.15800 248.33800 252.65300 243.23599 244.14799 243.83200 243.65500 242.94000 240.68900 245.83400 239.05499 243.24600 240.97900 227.40800 221.97900 220.38000 220.10800 220.09700 216.27000 220.53101 221.36800 220.84500 217.71600 217.50800 217.06200 214.72200 213.64900 213.09900 211.71001 208.85001 210.47800 211.02901 208.39000 208.67101 210.75400 209.94501 209.98801 210.73100 213.13499 217.57100 224.94299 229.18800 228.50800 229.79201 229.45700 226.71100 225.81100 226.50000 225.89999 225.48700 226.04500 224.87199 223.16600 219.86301 217.67400 215.94000 217.25200 217.80901 216.27400
255.44501 254.06300 249.76100 247.19701 246.37900 247.50999 247.33200 245.82401 245.63400 248.14101 248.37300 248.49100 251.62801 261.00900 259.07999 253.78600 252.90700 242.71001 246.19200 245.54300 241.20700 243.17300 239.65401 236.27901 238.77299 231.33000 233.44299 226.53400 224.05901 223.07800 223.22800 224.37801 227.92999 228.30600 228.93800 223.69299 223.49600 219.85400 218.59599 218.80600 215.74100 216.25900 214.88600 212.70000 211.41299 215.18700 214.49400 214.44400 214.20300 215.18100 219.40300 224.35201 227.54401 229.42300 231.62300 233.71100 229.21001 225.70100 228.73500 228.88800 228.12000 228.84300 227.81400 225.83000 222.99400 222.58501 221.45200 220.50700 218.63200 219.39900
251.14101 249.21500 248.48801 246.23801 244.17599 241.71201 239.34399 241.47800 236.45700 232.08299 230.86000 233.03700 239.61700 249.27400 244.10400 244.45799 249.89301 254.83701 256.24301 253.50700 247.34300 247.63600 240.32100 240.25999 238.67101 237.37700 238.02299 236.39400 237.53700 238.90100 237.86000 240.12300 243.94400 244.54401 239.36600 236.99400 234.78101 234.46600 233.01199 224.57300 223.45000 221.13499 219.45700 220.58701 220.51601 217.11099 216.95900 216.30800 219.39700 219.78700 217.70100 221.11099 225.86700 228.16400 231.35100 233.20399 234.39799 234.35300 230.92999 231.55600 231.73199 230.76300 230.45599 229.54100 226.82001 226.19501 224.02699 223.13300 223.59900 222.78900
249.58099 242.40601 231.80299 229.29700 230.40900 231.97000 234.62601 237.18700 238.69600 239.93300 238.42500 237.01801 235.41100 240.56900 232.04401 231.50301 235.26401 241.66299 246.91600 248.58900 248.55000 250.98900 245.46400 243.44701 243.63800 240.02100 243.11200 238.54100 240.67700 240.75999 243.32899 245.71600 247.07300 243.56000 240.75600 237.22900 239.38499 231.72501 230.13400 230.08000 229.34200 225.16499 223.20300 225.27000 223.09500 219.93700 222.24899 221.60800 220.41499 217.63901 218.96400 224.77100 228.08900 228.38100 229.20100 231.73100 234.78000 238.45300 234.98700 234.39700 234.53900 234.37700 233.32100 232.45700 230.70599 231.18700 230.25999 228.69200 227.29401 226.42799
236.11900 232.06400 224.75000 235.75000 247.31700 247.50500 243.82300 243.11301 239.66600 237.85699 241.61700 241.57100 241.26199 244.59500 245.09000 245.82300 246.40601 246.40700 246.57500 253.98000 258.86600 257.23901 253.72200 249.59801 244.85400 242.55099 243.61900 236.34100 234.58099 241.40199 243.81000 243.80400 246.50000 250.89101 247.57401 245.29601 238.65900 233.67000 234.83200 234.47301 231.53700 229.41200 230.45100 227.91000 226.88600 224.31500 224.74300 223.36900 222.61301 220.81900 218.29100 220.65300 220.21700 223.71500 224.99600 233.91800 238.58000 240.36800 242.86400 239.39799 238.70100 239.96700 238.76700 237.57600 236.63400 235.72800 234.53700 232.79100 231.49400 230.57300
244.18900 255.38901 254.31900 254.78300 258.93500 253.70599 243.22501 236.66400 235.45200 234.07201 234.20500 240.61600 243.22701 249.98599 253.55200 251.82600 238.63300 235.81500 237.96500 242.53999 248.90300 247.09801 245.77299 251.15900 251.66901 251.69099 246.61700 244.41400 242.33400 239.77600 238.42000 241.30499 246.94501 249.54201 246.05400 246.72800 235.76601 234.29800 234.47900 239.24500 236.11800 234.88699 235.20399 234.78600 232.27800 230.82899 224.37801 227.83800 225.41901 225.93500 225.68800 222.82700 222.43100 224.27800 227.78600 233.74800 237.46600 241.12700 247.07500 245.22200 243.73399 244.05701 242.39400 238.10500 233.91000 232.27600 231.62100 231.81000 232.89500 234.29900
242.08800 248.92700 257.14499 259.77802 260.15399 258.78101 253.60699 247.39101 243.67599 241.73000 238.54601 239.97000 242.84000 245.20599 248.42799 253.52200 252.28600 237.45399 232.19200 235.32100 242.66800 240.01700 241.51500 241.52299 242.79201 244.93300 241.37700 238.53600 237.61900 241.64200 246.35300 241.66800 245.22301 245.46500 245.85800 247.87000 240.50900 237.81100 236.62801 236.68100 237.95399 239.06200 239.39400 235.41800 233.42101 235.84801 231.24899 231.45599 232.83299 229.98599 229.43401 231.16901 235.03101 233.17000 233.61099 232.35600 235.83000 236.91400 243.61400 247.12900 245.44901 248.06799 247.79700 245.96700 243.93900 240.33701 239.29700 239.13499 238.64900 238.68201
