data/hydroclimate-scenarios/1948-2000.Pcorr55N_Pref_Tref/monthly_summaries/olr_monthly_avg_apr.1950-2000.asc
ncols	311
nrows	91
xllcenter	102.75
yllcenter	31.75
cellsize	0.5
NODATA_value	-9999
[rows 0 to 30 of 91, columns 210 to 279 of 311]
-9999 -9999 -9999 -9999 -9999 -9999 -9999 -9999 -9999 -9999 -9999 -9999 -9999 -9999 -9999 -9999 -9999 -9999 -9999 -9999 -9999 -9999 -9999 -9999 -9999 -9999 -9999 -9999 -9999 -9999 -9999 -9999 -9999 -9999 -9999 -9999 -9999 -9999 -9999 -9999 -9999 -9999 -9999 -9999 -9999 -9999 -9999 -9999 -9999 -9999 -9999 -9999 -9999 -9999 -9999 -9999 -9999 -9999 -9999 -9999 -9999 -9999 -9999 -9999 -9999 -9999 -9999 -9999 -9999 -9999
-9999 -9999 -9999 -9999 -9999 -9999 -9999 -9999 -9999 -9999 -9999 -9999 -9999 -9999 -9999 -9999 -9999 -9999 -9999 -9999 -9999 -9999 -9999 -9999 -9999 -9999 -9999 -9999 -9999 -9999 -9999 -9999 -9999 -9999 -9999 -9999 -9999 -9999 -9999 -9999 -9999 -9999 -9999 -9999 -9999 -9999 -9999 -9999 -9999 -9999 -9999 -9999 -9999 -9999 -9999 -9999 -9999 -9999 -9999 -9999 -9999 -9999 -9999 -9999 -9999 -9999 -9999 -9999 -9999 -9999
-9999 -9999 -9999 -9999 -9999 -9999 -9999 -9999 -9999 -9999 -9999 -9999 -9999 -9999 -9999 -9999 -9999 -9999 -9999 -9999 -9999 -9999 -9999 -9999 -9999 -9999 -9999 -9999 -9999 -9999 -9999 -9999 -9999 -9999 -9999 -9999 -9999 -9999 -9999 -9999 -9999 -9999 -9999 -9999 -9999 -9999 -9999 -9999 -9999 -9999 -9999 -9999 -9999 -9999 -9999 -9999 -9999 -9999 -9999 -9999 -9999 -9999 -9999 -9999 -9999 -9999 -9999 -9999 -9999 -9999
-9999 -9999 -9999 -9999 -9999 -9999 -9999 -9999 -9999 -9999 -9999 -9999 -9999 -9999 -9999 -9999 -9999 -9999 -9999 -9999 -9999 -9999 -9999 -9999 -9999 -9999 -9999 -9999 -9999 -9999 -9999 -9999 -9999 -9999 -9999 -9999 -9999 -9999 -9999 -9999 -9999 -9999 -9999 -9999 -9999 -9999 -9999 -9999 -9999 -9999 -9999 -9999 -9999 -9999 -9999 -9999 -9999 -9999 -9999 -9999 -9999 -9999 -9999 -9999 -9999 -9999 -9999 -9999 -9999 -9999
-9999 -9999 -9999 -9999 -9999 -9999 -9999 -9999 -9999 -9999 -9999 -9999 -9999 -9999 -9999 -9999 -9999 -9999 -9999 -9999 -9999 -9999 -9999 -9999 -9999 -9999 -9999 -9999 -9999 -9999 -9999 -9999 -9999 -9999 -9999 -9999 -9999 -9999 -9999 -9999 -9999 -9999 -9999 -9999 -9999 -9999 -9999 -9999 -9999 -9999 -9999 -9999 -9999 -9999 -9999 -9999 -9999 -9999 -9999 -9999 -9999 -9999 -9999 -9999 -9999 -9999 -9999 -9999 -9999 -9999
-9999 -9999 -9999 -9999 -9999 -9999 -9999 -9999 -9999 -9999 -9999 -9999 -9999 -9999 -9999 -9999 -9999 -9999 -9999 -9999 -9999 -9999 -9999 -9999 -9999 -9999 -9999 -9999 -9999 -9999 -9999 -9999 -9999 -9999 -9999 -9999 -9999 -9999 -9999 -9999 -9999 -9999 -9999 -9999 -9999 -9999 -9999 -9999 -9999 -9999 -9999 -9999 -9999 -9999 -9999 -9999 -9999 -9999 -9999 -9999 -9999 -9999 -9999 -9999 -9999 -9999 -9999 -9999 -9999 -9999
-9999 -9999 -9999 -9999 -9999 -9999 -9999 -9999 -9999 -9999 -9999 -9999 -9999 -9999 -9999 -9999 -9999 -9999 -9999 -9999 -9999 -9999 -9999 -9999 -9999 -9999 -9999 -9999 -9999 -9999 -9999 -9999 -9999 -9999 -9999 -9999 -9999 -9999 -9999 -9999 -9999 -9999 -9999 -9999 -9999 -9999 -9999 -9999 -9999 -9999 -9999 -9999 -9999 -9999 -9999 -9999 -9999 -9999 -9999 -9999 -9999 -9999 -9999 -9999 -9999 -9999 -9999 -9999 -9999 -9999
-9999 -9999 -9999 -9999 -9999 -9999 -9999 -9999 -9999 -9999 -9999 -9999 -9999 -9999 -9999 -9999 -9999 -9999 -9999 -9999 -9999 -9999 -9999 -9999 -9999 -9999 -9999 -9999 -9999 -9999 -9999 -9999 -9999 -9999 -9999 -9999 -9999 -9999 -9999 -9999 -9999 -9999 -9999 -9999 -9999 -9999 -9999 -9999 -9999 -9999 -9999 -9999 -9999 -9999 -9999 -9999 -9999 -9999 -9999 -9999 -9999 -9999 -9999 -9999 -9999 -9999 -9999 -9999 -9999 -9999
-9999 -9999 -9999 -9999 -9999 -9999 -9999 -9999 -9999 -9999 -9999 -9999 -9999 -9999 -9999 -9999 -9999 -9999 -9999 -9999 -9999 -9999 -9999 -9999 -9999 -9999 -9999 -9999 -9999 -9999 -9999 -9999 -9999 -9999 -9999 -9999 -9999 -9999 -9999 -9999 -9999 -9999 -9999 -9999 -9999 -9999 -9999 -9999 -9999 -9999 -9999 -9999 -9999 -9999 -9999 -9999 -9999 -9999 -9999 -9999 -9999 -9999 -9999 -9999 -9999 -9999 -9999 -9999 -9999 -9999
-9999 -9999 -9999 -9999 -9999 -9999 -9999 -9999 -9999 -9999 -9999 -9999 -9999 -9999 -9999 -9999 -9999 -9999 -9999 -9999 -9999 -9999 -9999 -9999 -9999 -9999 -9999 -9999 -9999 -9999 -9999 -9999 -9999 -9999 -9999 -9999 -9999 -9999 -9999 -9999 -9999 -9999 -9999 -9999 -9999 -9999 -9999 -9999 -9999 -9999 -9999 -9999 -9999 -9999 -9999 -9999 -9999 -9999 -9999 -9999 -9999 -9999 -9999 -9999 -9999 -9999 -9999 -9999 -9999 -9999
-9999 -9999 -9999 -9999 -9999 -9999 -9999 -9999 -9999 -9999 -9999 -9999 -9999 -9999 -9999 -9999 -9999 -9999 -9999 -9999 -9999 -9999 -9999 -9999 -9999 -9999 -9999 -9999 -9999 -9999 -9999 -9999 -9999 -9999 -9999 -9999 -9999 -9999 -9999 -9999 -9999 -9999 -9999 -9999 -9999 -9999 -9999 -9999 -9999 -9999 -9999 -9999 -9999 -9999 -9999 -9999 -9999 -9999 -9999 -9999 -9999 -9999 -9999 -9999 -9999 -9999 -9999 -9999 -9999 -9999
-9999 -9999 -9999 -9999 -9999 -9999 -9999 -9999 -9999 -9999 -9999 -9999 -9999 -9999 -9999 -9999 -9999 -9999 -9999 -9999 -9999 -9999 -9999 -9999 -9999 -9999 -9999 -9999 -9999 -9999 -9999 -9999 -9999 -9999 -9999 -9999 -9999 -9999 -9999 -9999 -9999 -9999 -9999 -9999 -9999 -9999 -9999 -9999 -9999 -9999 -9999 -9999 -9999 -9999 -9999 -9999 -9999 -9999 -9999 -9999 -9999 -9999 -9999 -9999 -9999 -9999 -9999 -9999 -9999 -9999
-9999 -9999 -9999 -9999 -9999 -9999 -9999 -9999 -9999 -9999 -9999 -9999 -9999 -9999 -9999 -9999 -9999 -9999 -9999 -9999 -9999 -9999 -9999 -9999 -9999 -9999 -9999 -9999 -9999 -9999 -9999 -9999 -9999 -9999 -9999 -9999 -9999 -9999 -9999 -9999 -9999 -9999 -9999 -9999 -9999 -9999 -9999 -9999 -9999 -9999 -9999 -9999 -9999 -9999 -9999 -9999 -9999 -9999 -9999 -9999 -9999 -9999 -9999 -9999 -9999 -9999 -9999 -9999 -9999 -9999
190.43600 191.53999 191.49899 191.40800 191.93700 192.13800 191.93401 194.24600 195.30099 -9999 -9999 -9999 -9999 -9999 -9999 -9999 -9999 -9999 -9999 -9999 -9999 -9999 -9999 -9999 -9999 -9999 -9999 -9999 -9999 -9999 -9999 -9999 -9999 -9999 -9999 -9999 -9999 -9999 -9999 -9999 -9999 -9999 -9999 -9999 -9999 -9999 -9999 -9999 -9999 -9999 197.57600 -9999 -9999 -9999 -9999 -9999 -9999 -9999 -9999 -9999 -9999 -9999 -9999 -9999 -9999 -9999 -9999 -9999 -9999 -9999
191.87700 190.39000 190.00600 191.65401 193.12000 194.19800 195.16701 195.88901 197.36301 207.84300 207.69400 204.56500 204.99899 195.98900 195.43201 195.24400 204.46700 203.66200 203.62900 203.93600 203.57201 224.33299 -9999 -9999 -9999 -9999 -9999 -9999 -9999 -9999 -9999 -9999 -9999 -9999 -9999 -9999 -9999 -9999 -9999 -9999 -9999 -9999 -9999 -9999 -9999 193.32700 196.69400 194.97301 191.50800 190.35600 192.13499 199.18100 -9999 -9999 -9999 198.19901 -9999 -9999 -9999 198.89000 199.10400 199.45700 -9999 -9999 -9999 -9999 -9999 -9999 -9999 -9999
194.61900 192.18500 191.76500 193.08701 194.31700 197.85300 199.59700 200.97800 202.95900 201.79900 202.54800 201.67999 200.87700 200.35899 197.23100 197.43300 195.75500 193.81200 197.64200 199.96001 202.12801 203.03200 200.41800 199.04601 194.20599 197.09500 199.65300 198.20500 -9999 -9999 -9999 -9999 -9999 199.80299 199.39200 199.31900 199.13699 198.98399 199.03799 199.29900 200.09700 200.38300 200.98900 201.00600 201.53799 192.07899 192.99300 191.14600 192.00900 188.96600 189.84399 199.68401 199.06000 200.46899 200.04500 200.16701 200.87500 200.42400 199.97800 198.85800 197.00200 194.44000 195.07001 196.26401 196.74200 195.79201 195.98100 -9999 -9999 -9999
197.88300 198.07500 199.51500 201.69299 203.25400 205.84100 205.32401 205.02400 201.79201 201.00000 199.57899 199.43600 199.84300 197.86301 196.99400 199.02600 196.73100 197.83501 201.30499 206.66701 210.90500 208.22800 207.28600 203.29300 197.75800 201.45300 197.75800 196.39500 197.39600 199.37601 200.52200 201.50400 202.01199 202.22000 202.28200 201.59801 200.98599 200.38901 200.94299 201.49500 201.71001 200.77901 201.31400 202.18100 202.21700 202.96001 202.78600 202.61600 203.07700 200.73000 200.76601 201.40800 201.15800 200.84700 200.90900 200.63699 201.17999 201.01100 201.60100 200.89200 201.38300 202.68700 202.48700 202.17999 201.03400 196.59200 193.32600 193.28300 192.78200 193.36800
202.22800 202.52600 200.78900 200.57100 199.41901 201.54300 200.63901 201.66000 200.99800 205.87900 210.45399 210.53200 209.92200 212.76900 213.90900 213.56400 217.99300 221.05800 222.44200 221.73000 222.77800 221.32201 225.60201 220.86600 217.95000 210.39400 208.37300 201.45100 200.21300 197.71899 196.55901 197.11600 197.24200 200.68401 204.68300 205.08099 204.71800 204.16400 203.53999 204.64900 204.63400 203.34700 203.60400 204.49200 204.29900 205.69299 206.35600 207.02200 206.35201 203.29401 203.54100 204.00999 203.73599 203.52699 203.81500 203.82300 203.57600 203.98100 204.06799 203.53400 203.42799 204.24001 204.48399 204.01199 202.67599 197.50700 195.54201 196.69099 195.18800 194.85699
215.61501 211.16400 211.74800 212.33299 211.12900 212.52200 211.13200 206.81400 211.24899 215.51801 217.70599 221.05200 222.65700 222.14700 224.72400 230.20599 232.14799 233.02100 232.52100 237.78000 238.11400 227.50400 222.02901 221.74699 216.98399 216.31599 215.18600 208.65700 206.03799 203.25800 197.83000 197.01700 196.24800 202.48599 208.50800 208.52800 208.63699 208.72701 208.28000 207.70500 207.40900 208.54900 207.94800 208.34000 207.61600 208.07201 207.59599 207.44000 207.47501 206.31400 206.66901 206.15700 205.93900 207.61000 206.90700 206.42400 206.62500 206.55000 206.70799 207.20500 206.51801 205.60201 204.68700 204.88699 203.23300 200.47400 200.07700 199.05800 197.49699 197.23900
222.42200 223.56700 222.63600 223.52699 222.06799 221.75200 221.14900 223.53500 223.52299 226.83900 227.63901 236.66901 238.85400 239.60699 238.74100 238.92599 242.89000 244.29201 242.37000 242.17999 242.50600 244.73599 238.36700 226.08600 221.27400 217.33701 215.05099 209.68300 209.88400 210.95599 210.32700 208.81599 201.78999 208.56700 210.85300 212.82100 213.00101 213.24100 213.02800 212.78900 212.82100 212.14700 211.61501 211.74300 211.87700 209.97099 210.19501 210.30200 209.82401 209.76900 209.36900 209.04800 209.76199 211.26401 210.59399 210.67700 210.57300 210.33299 209.59700 209.47000 209.35300 207.92300 207.21400 206.81500 205.83501 205.56400 203.73100 202.09801 201.03700 200.41000
227.78900 231.53999 231.69099 230.00700 225.56300 224.13100 231.00000 237.32300 239.19600 240.90401 245.39799 247.29900 245.89000 244.62399 240.74300 239.46400 240.14900 239.31000 240.71100 242.13499 244.16901 244.07700 236.91701 226.45500 219.85201 218.95700 216.62000 213.13100 215.78500 214.62199 215.29500 213.35100 209.06100 209.38100 215.82001 217.38200 218.03000 217.39700 217.56700 217.66701 217.25400 217.02800 216.24800 215.48900 215.58299 215.10201 214.62601 214.45599 214.79800 214.25000 213.61800 213.39900 212.72701 212.70000 213.24400 213.40199 213.83800 212.96100 213.87500 213.01300 212.90800 212.59200 213.00700 212.70399 211.39101 209.58299 208.28000 205.14600 203.92599 203.37700
241.17000 242.79401 238.96400 232.34900 231.92700 234.65300 237.83299 238.82300 239.12500 240.06500 241.60500 241.02000 239.08099 242.73700 243.16299 240.10800 239.01900 241.11301 247.51500 249.29300 249.71899 249.20900 242.24800 228.36301 218.05299 213.60001 216.22301 217.06200 220.94901 219.56500 219.11501 217.82300 215.87199 212.52699 216.58701 219.45200 221.85300 222.05600 222.12300 222.12700 222.05200 221.34801 220.96201 220.10001 219.56000 219.39101 219.60300 219.34399 218.41901 218.26199 218.06200 217.61600 217.36301 217.19299 217.36800 218.74600 218.45900 218.07300 219.41600 218.75500 217.66000 215.20799 215.78600 216.43100 214.77499 213.28000 211.36200 208.80701 208.31300 206.41901
240.55000 242.21800 236.21800 236.89000 236.00101 236.87500 237.02100 242.28900 249.72800 255.12399 252.16600 247.65300 248.39700 246.36301 256.87500 253.68500 245.31900 242.64999 248.37199 252.89200 253.30200 247.22600 242.00301 231.26199 219.88300 216.55099 218.44800 216.54500 223.01700 219.71300 219.62801 223.26100 224.06700 222.71700 224.68300 223.99800 221.69400 220.82201 221.02100 219.37399 217.62700 221.01801 221.32500 220.27499 222.37100 223.54601 223.57001 223.39400 223.22200 222.12199 219.90500 220.08600 219.60600 219.28500 219.10500 220.30200 220.23199 219.13499 218.84500 218.42900 218.61301 219.20700 218.83200 217.05000 216.66701 215.68201 214.16701 211.77299 210.31000 206.70399
241.81100 244.69701 246.37801 246.22400 248.87000 250.82001 246.00500 249.11400 254.93201 261.15500 262.97101 252.59000 240.75700 240.65500 242.94299 245.61800 243.35201 243.50500 246.46300 251.03799 251.75999 247.35800 242.29401 235.84900 221.81900 223.57100 225.50101 221.35500 221.76199 220.43100 220.62300 222.03000 222.75200 223.42101 226.33800 223.80099 221.16299 216.78799 214.78900 212.00500 211.78799 215.74600 215.65199 212.03999 213.10500 217.31900 217.64500 219.99100 220.43800 224.81200 226.39400 226.28200 223.97600 224.27100 225.83200 224.86800 224.22600 223.89400 222.72099 223.28799 223.58501 222.25301 219.19000 218.71400 219.25800 217.35600 214.67799 213.11700 211.56000 210.28300
249.66000 246.95200 246.39400 244.72400 244.52000 245.58000 245.80499 247.99400 250.60201 252.09700 251.68500 251.60800 248.75500 253.13499 243.51601 244.39600 244.08000 243.90401 243.19200 240.91901 246.06300 239.24100 243.48801 241.21201 227.57300 222.07600 220.45700 220.21600 220.19600 216.32700 220.59599 221.40500 220.87399 217.73599 217.52000 217.07100 214.72701 213.69299 213.14900 211.75301 208.89900 210.55499 211.10699 208.44901 208.72400 210.78900 209.98000 210.02499 210.76199 213.16100 217.59599 224.98500 229.22900 228.49800 229.77000 229.44400 226.68300 225.76900 226.45500 225.84500 225.42200 225.98300 224.79700 223.09200 219.78000 217.56700 215.83000 217.16901 217.72800 216.15401
255.92000 254.49100 250.17000 247.56300 246.72800 247.81900 247.64500 246.15500 245.96300 248.27400 248.49100 248.90401 252.02299 261.24799 259.25101 254.13600 253.27299 242.93401 246.41499 245.74899 241.40500 243.37500 239.85800 236.48300 238.96700 231.46500 233.54601 226.63699 224.13400 223.12199 223.25999 224.37300 227.93300 228.29500 228.93201 223.68201 223.48700 219.87900 218.62500 218.83600 215.76801 216.31599 214.94901 212.74200 211.45399 215.20500 214.50600 214.46500 214.21600 215.18800 219.40300 224.36099 227.53900 229.37000 231.56200 233.65900 229.13901 225.61700 228.63901 228.78500 228.01500 228.73801 227.69800 225.71500 222.87199 222.44501 221.30901 220.39400 218.52000 219.25200
251.56700 249.61700 248.87399 246.58400 244.50600 242.06000 239.67500 241.84900 236.82700 232.42500 231.20000 233.11099 239.66000 249.65900 244.40100 244.63400 250.07300 255.03400 256.44000 253.70000 247.53400 247.81700 240.49600 240.48801 238.86600 237.46800 238.07700 236.45700 237.59801 238.94600 237.89101 240.21800 244.03400 244.59200 239.40601 237.01199 234.79900 234.48300 233.03500 224.59200 223.47099 221.11200 219.42599 220.59000 220.51500 217.09300 216.93900 216.27699 219.36301 219.75800 217.66000 221.07899 225.83000 228.11700 231.28999 233.14000 234.32201 234.26199 230.82500 231.45700 231.62199 230.62399 230.30600 229.40500 226.68600 225.77800 223.61200 222.71300 223.16800 222.68100
249.99300 242.79100 232.17000 229.62399 230.71899 232.30600 234.94299 237.54300 239.05499 240.27400 238.76199 237.12900 235.47301 240.88300 232.27100 231.65500 235.42999 241.82800 247.09300 248.77000 248.73100 251.17300 245.65199 243.68300 243.84000 240.10500 243.17000 238.59900 240.73700 240.78000 243.34200 245.79401 247.13400 243.57700 240.75999 237.20900 239.39200 231.70900 230.13300 230.08000 229.34900 225.12000 223.15300 225.24500 223.06400 219.89700 222.20700 221.55400 220.35300 217.57700 218.87700 224.70100 228.00400 228.29800 229.09900 231.61800 234.65300 238.31599 234.83501 234.24699 234.38699 234.20000 233.13901 232.29500 230.53999 230.73801 229.81400 228.23399 226.84300 226.30901
236.50000 232.42599 225.07600 236.06900 247.63499 247.82700 244.12100 243.40300 239.94701 238.11301 241.87100 241.84399 241.50700 244.84100 245.30800 246.02299 246.60800 246.56400 246.73300 254.15700 259.05200 257.13901 253.62300 249.79300 245.01300 242.66701 243.70000 236.40500 234.60201 241.39200 243.79700 243.78799 246.47000 250.90401 247.57700 245.27200 238.62399 233.58400 234.77400 234.40601 231.47600 229.31799 230.34000 227.86600 226.83701 224.23801 224.67000 223.27600 222.50000 220.69800 218.15100 220.49600 220.04800 223.58701 224.85100 233.51199 238.15401 240.18401 242.67101 239.19501 238.49300 239.78101 238.58600 237.39500 236.44600 235.54300 234.34399 232.60899 231.33000 230.42700
244.56700 255.76100 254.66901 255.11000 259.24399 254.02200 243.50800 236.93100 235.69901 234.27600 234.40601 240.85100 243.44299 250.20799 253.75500 252.00600 238.80499 235.94800 238.11099 242.69701 249.07300 247.00400 245.68700 251.34900 251.82800 251.80499 246.69800 244.46600 242.35699 239.75101 238.39500 241.26300 246.89999 249.54100 246.01900 246.67900 235.65401 234.18300 234.37199 239.15700 236.03300 234.75000 235.06700 234.71700 232.20700 230.72900 224.26900 227.69901 225.26601 225.76900 225.50999 222.62801 222.21400 224.11000 227.60100 233.29700 236.99500 240.91400 246.86200 244.99100 243.49001 243.84399 242.17400 237.89301 233.69000 232.05600 231.40800 231.61099 232.71001 234.13499
242.44501 249.30499 257.50900 260.12100 260.47900 259.06601 253.86200 247.64101 243.89700 241.91299 238.70200 240.12000 242.99200 245.30099 248.51601 253.63000 252.40401 237.53200 232.27299 235.44501 242.80000 239.91499 241.41800 241.44200 242.66901 245.02699 241.43300 238.58000 237.63300 241.62199 246.32500 241.62500 245.17599 245.39101 245.77000 247.76500 240.39600 237.69901 236.48399 236.54300 237.82899 238.98300 239.30901 235.32800 233.33099 235.67101 231.06000 231.22400 232.58000 229.74899 229.17999 230.88800 234.74001 232.88699 233.30901 232.08600 235.55800 236.65900 243.36501 246.89400 245.20100 247.81500 247.53799 245.69501 243.66901 240.06500 239.03500 238.91800 238.44200 238.48599
