data/hydroclimate-scenarios/1948-2000.Pcorr55N_Pref_Tref/monthly_summaries/olr_monthly_avg_may.asc
ncols	311
nrows	91
xllcenter	102.75
yllcenter	31.75
cellsize	0.5
NODATA_value	-9999
[rows 0 to 30 of 91, columns 210 to 279 of 311]
-9999 -9999 -9999 -9999 -9999 -9999 -9999 -9999 -9999 -9999 -9999 -9999 -9999 -9999 -9999 -9999 -9999 -9999 -9999 -9999 -9999 -9999 -9999 -9999 -9999 -9999 -9999 -9999 -9999 -9999 -9999 -9999 -9999 -9999 -9999 -9999 -9999 -9999 -9999 -9999 -9999 -9999 -9999 -9999 -9999 -9999 -9999 -9999 -9999 -9999 -9999 -9999 -9999 -9999 -9999 -9999 -9999 -9999 -9999 -9999 -9999 -9999 -9999 -9999 -9999 -9999 -9999 -9999 -9999 -9999
-9999 -9999 -9999 -9999 -9999 -9999 -9999 -9999 -9999 -9999 -9999 -9999 -9999 -9999 -9999 -9999 -9999 -9999 -9999 -9999 -9999 -9999 -9999 -9999 -9999 -9999 -9999 -9999 -9999 -9999 -9999 -9999 -9999 -9999 -9999 -9999 -9999 -9999 -9999 -9999 -9999 -9999 -9999 -9999 -9999 -9999 -9999 -9999 -9999 -9999 -9999 -9999 -9999 -9999 -9999 -9999 -9999 -9999 -9999 -9999 -9999 -9999 -9999 -9999 -9999 -9999 -9999 -9999 -9999 -9999
-9999 -9999 -9999 -9999 -9999 -9999 -9999 -9999 -9999 -9999 -9999 -9999 -9999 -9999 -9999 -9999 -9999 -9999 -9999 -9999 -9999 -9999 -9999 -9999 -9999 -9999 -9999 -9999 -9999 -9999 -9999 -9999 -9999 -9999 -9999 -9999 -9999 -9999 -9999 -9999 -9999 -9999 -9999 -9999 -9999 -9999 -9999 -9999 -9999 -9999 -9999 -9999 -9999 -9999 -9999 -9999 -9999 -9999 -9999 -9999 -9999 -9999 -9999 -9999 -9999 -9999 -9999 -9999 -9999 -9999
-9999 -9999 -9999 -9999 -9999 -9999 -9999 -9999 -9999 -9999 -9999 -9999 -9999 -9999 -9999 -9999 -9999 -9999 -9999 -9999 -9999 -9999 -9999 -9999 -9999 -9999 -9999 -9999 -9999 -9999 -9999 -9999 -9999 -9999 -9999 -9999 -9999 -9999 -9999 -9999 -9999 -9999 -9999 -9999 -9999 -9999 -9999 -9999 -9999 -9999 -9999 -9999 -9999 -9999 -9999 -9999 -9999 -9999 -9999 -9999 -9999 -9999 -9999 -9999 -9999 -9999 -9999 -9999 -9999 -9999
-9999 -9999 -9999 -9999 -9999 -9999 -9999 -9999 -9999 -9999 -9999 -9999 -9999 -9999 -9999 -9999 -9999 -9999 -9999 -9999 -9999 -9999 -9999 -9999 -9999 -9999 -9999 -9999 -9999 -9999 -9999 -9999 -9999 -9999 -9999 -9999 -9999 -9999 -9999 -9999 -9999 -9999 -9999 -9999 -9999 -9999 -9999 -9999 -9999 -9999 -9999 -9999 -9999 -9999 -9999 -9999 -9999 -9999 -9999 -9999 -9999 -9999 -9999 -9999 -9999 -9999 -9999 -9999 -9999 -9999
-9999 -9999 -9999 -9999 -9999 -9999 -9999 -9999 -9999 -9999 -9999 -9999 -9999 -9999 -9999 -9999 -9999 -9999 -9999 -9999 -9999 -9999 -9999 -9999 -9999 -9999 -9999 -9999 -9999 -9999 -9999 -9999 -9999 -9999 -9999 -9999 -9999 -9999 -9999 -9999 -9999 -9999 -9999 -9999 -9999 -9999 -9999 -9999 -9999 -9999 -9999 -9999 -9999 -9999 -9999 -9999 -9999 -9999 -9999 -9999 -9999 -9999 -9999 -9999 -9999 -9999 -9999 -9999 -9999 -9999
-9999 -9999 -9999 -9999 -9999 -9999 -9999 -9999 -9999 -9999 -9999 -9999 -9999 -9999 -9999 -9999 -9999 -9999 -9999 -9999 -9999 -9999 -9999 -9999 -9999 -9999 -9999 -9999 -9999 -9999 -9999 -9999 -9999 -9999 -9999 -9999 -9999 -9999 -9999 -9999 -9999 -9999 -9999 -9999 -9999 -9999 -9999 -9999 -9999 -9999 -9999 -9999 -9999 -9999 -9999 -9999 -9999 -9999 -9999 -9999 -9999 -9999 -9999 -9999 -9999 -9999 -9999 -9999 -9999 -9999
-9999 -9999 -9999 -9999 -9999 -9999 -9999 -9999 -9999 -9999 -9999 -9999 -9999 -9999 -9999 -9999 -9999 -9999 -9999 -9999 -9999 -9999 -9999 -9999 -9999 -9999 -9999 -9999 -9999 -9999 -9999 -9999 -9999 -9999 -9999 -9999 -9999 -9999 -9999 -9999 -9999 -9999 -9999 -9999 -9999 -9999 -9999 -9999 -9999 -9999 -9999 -9999 -9999 -9999 -9999 -9999 -9999 -9999 -9999 -9999 -9999 -9999 -9999 -9999 -9999 -9999 -9999 -9999 -9999 -9999
-9999 -9999 -9999 -9999 -9999 -9999 -9999 -9999 -9999 -9999 -9999 -9999 -9999 -9999 -9999 -9999 -9999 -9999 -9999 -9999 -9999 -9999 -9999 -9999 -9999 -9999 -9999 -9999 -9999 -9999 -9999 -9999 -9999 -9999 -9999 -9999 -9999 -9999 -9999 -9999 -9999 -9999 -9999 -9999 -9999 -9999 -9999 -9999 -9999 -9999 -9999 -9999 -9999 -9999 -9999 -9999 -9999 -9999 -9999 -9999 -9999 -9999 -9999 -9999 -9999 -9999 -9999 -9999 -9999 -9999
-9999 -9999 -9999 -9999 -9999 -9999 -9999 -9999 -9999 -9999 -9999 -9999 -9999 -9999 -9999 -9999 -9999 -9999 -9999 -9999 -9999 -9999 -9999 -9999 -9999 -9999 -9999 -9999 -9999 -9999 -9999 -9999 -9999 -9999 -9999 -9999 -9999 -9999 -9999 -9999 -9999 -9999 -9999 -9999 -9999 -9999 -9999 -9999 -9999 -9999 -9999 -9999 -9999 -9999 -9999 -9999 -9999 -9999 -9999 -9999 -9999 -9999 -9999 -9999 -9999 -9999 -9999 -9999 -9999 -9999
-9999 -9999 -9999 -9999 -9999 -9999 -9999 -9999 -9999 -9999 -9999 -9999 -9999 -9999 -9999 -9999 -9999 -9999 -9999 -9999 -9999 -9999 -9999 -9999 -9999 -9999 -9999 -9999 -9999 -9999 -9999 -9999 -9999 -9999 -9999 -9999 -9999 -9999 -9999 -9999 -9999 -9999 -9999 -9999 -9999 -9999 -9999 -9999 -9999 -9999 -9999 -9999 -9999 -9999 -9999 -9999 -9999 -9999 -9999 -9999 -9999 -9999 -9999 -9999 -9999 -9999 -9999 -9999 -9999 -9999
-9999 -9999 -9999 -9999 -9999 -9999 -9999 -9999 -9999 -9999 -9999 -9999 -9999 -9999 -9999 -9999 -9999 -9999 -9999 -9999 -9999 -9999 -9999 -9999 -9999 -9999 -9999 -9999 -9999 -9999 -9999 -9999 -9999 -9999 -9999 -9999 -9999 -9999 -9999 -9999 -9999 -9999 -9999 -9999 -9999 -9999 -9999 -9999 -9999 -9999 -9999 -9999 -9999 -9999 -9999 -9999 -9999 -9999 -9999 -9999 -9999 -9999 -9999 -9999 -9999 -9999 -9999 -9999 -9999 -9999
-9999 -9999 -9999 -9999 -9999 -9999 -9999 -9999 -9999 -9999 -9999 -9999 -9999 -9999 -9999 -9999 -9999 -9999 -9999 -9999 -9999 -9999 -9999 -9999 -9999 -9999 -9999 -9999 -9999 -9999 -9999 -9999 -9999 -9999 -9999 -9999 -9999 -9999 -9999 -9999 -9999 -9999 -9999 -9999 -9999 -9999 -9999 -9999 -9999 -9999 -9999 -9999 -9999 -9999 -9999 -9999 -9999 -9999 -9999 -9999 -9999 -9999 -9999 -9999 -9999 -9999 -9999 -9999 -9999 -9999
235.69099 235.28700 234.51199 234.69800 235.56400 235.65401 234.92599 235.50200 236.29700 -9999 -9999 -9999 -9999 -9999 -9999 -9999 -9999 -9999 -9999 -9999 -9999 -9999 -9999 -9999 -9999 -9999 -9999 -9999 -9999 -9999 -9999 -9999 -9999 -9999 -9999 -9999 -9999 -9999 -9999 -9999 -9999 -9999 -9999 -9999 -9999 -9999 -9999 -9999 -9999 -9999 240.36900 -9999 -9999 -9999 -9999 -9999 -9999 -9999 -9999 -9999 -9999 -9999 -9999 -9999 -9999 -9999 -9999 -9999 -9999 -9999
239.07500 237.97301 236.55499 237.39200 238.33800 237.94099 238.30099 238.64600 239.77299 241.14301 242.46700 244.55299 245.59599 244.58501 244.80299 245.55499 242.39500 239.97301 240.37399 242.59100 242.51601 267.22198 -9999 -9999 -9999 -9999 -9999 -9999 -9999 -9999 -9999 -9999 -9999 -9999 -9999 -9999 -9999 -9999 -9999 -9999 -9999 -9999 -9999 -9999 -9999 232.67101 235.19000 233.86200 230.29100 231.35699 233.64500 241.81500 -9999 -9999 -9999 241.66400 -9999 -9999 -9999 241.06200 240.33099 239.70200 -9999 -9999 -9999 -9999 -9999 -9999 -9999 -9999
242.22600 240.10699 239.49200 239.50500 240.44501 243.82500 245.39400 246.36700 248.07001 252.82700 254.92000 254.75200 254.03000 252.43201 249.22400 250.34700 246.56799 243.51801 250.41800 253.90199 255.84700 254.23100 251.23199 248.70500 243.73199 245.30299 247.17900 244.22200 -9999 -9999 -9999 -9999 -9999 243.42700 243.06200 242.68800 243.30200 243.62700 243.16600 241.95799 243.13800 243.42999 243.73700 244.11700 243.77299 231.64500 232.00301 230.69000 231.49100 230.62100 231.95799 242.67000 242.63699 244.15100 243.27699 242.95500 243.45399 241.81500 241.30600 240.66600 238.18900 234.88100 234.76100 237.27000 238.10300 236.27200 236.76601 -9999 -9999 -9999
244.78200 245.21700 246.68800 247.80901 250.03200 253.38600 253.85201 253.59100 254.17900 253.49500 250.18600 250.98399 251.79100 247.67500 248.45799 248.67799 247.05299 249.11301 252.92799 258.58701 262.59500 259.55200 258.66299 252.28799 246.10300 248.92101 244.10899 240.49300 241.44800 244.14999 244.49100 245.67999 245.68100 245.24200 245.32600 245.23000 245.88901 245.84399 245.87399 245.76500 244.71201 243.89500 244.22701 244.39600 244.20100 243.50700 243.27299 244.08099 245.13800 243.79601 244.14101 243.75200 244.42101 244.42900 243.53300 244.23801 243.48700 243.01700 242.67101 242.81200 242.28400 242.40601 242.04100 241.33400 240.73599 238.17700 234.91499 233.92400 234.10201 235.45200
249.97099 251.56100 248.54900 246.44600 247.37801 249.27299 249.58099 249.84599 247.45399 251.51500 255.16901 257.26599 260.08401 262.37701 264.16000 261.37399 264.44101 266.64401 268.86200 268.68100 273.20700 274.37701 268.52200 260.39899 254.29201 256.11401 253.45000 244.31900 243.15500 240.65199 239.98000 240.64400 241.39200 243.12100 247.70399 248.88100 250.73199 250.89000 250.57899 249.61200 248.62100 247.31900 247.20900 246.59700 247.26100 247.34900 247.78300 249.27901 248.90199 247.51401 246.72000 247.25600 247.49200 247.74600 247.66800 247.40800 247.38100 245.37300 246.09200 245.11501 244.52901 245.14000 244.04300 243.49200 242.93100 238.85001 237.13699 237.50000 236.94901 236.86900
259.51501 254.07001 253.46001 255.35001 254.70799 258.13000 255.00301 249.77800 254.11600 261.57700 262.45999 265.75400 270.10999 267.46500 268.72000 271.91800 273.64099 273.82401 274.54099 277.43600 281.82001 275.30200 268.29700 264.51300 257.54199 257.15799 255.05901 247.74100 244.47000 243.99300 238.21500 237.44299 237.62199 246.44501 253.30400 254.54401 255.05600 256.27899 256.28000 253.72000 252.67999 253.43201 252.35300 253.03000 252.18600 252.73700 253.09200 252.29201 252.07600 250.46899 250.61200 251.78300 251.77499 250.46300 249.80000 248.63499 248.45500 248.13901 248.23900 247.25200 246.92500 247.22000 246.82001 245.52600 244.25800 240.22301 240.27000 240.02800 238.75800 238.75400
265.19601 266.43600 265.77701 269.52899 267.85901 265.84799 263.76099 260.44400 262.39499 270.44101 272.85901 280.25699 282.36099 279.73499 278.89401 277.30701 277.88300 277.69501 277.82101 280.52899 281.22101 283.84500 276.94800 267.82199 261.51599 256.02399 254.03500 246.23000 247.28101 250.18900 250.08000 249.27600 242.74100 251.51900 255.92900 260.22501 259.68600 260.49500 259.36401 258.17599 258.15799 257.02301 255.92300 256.49600 256.89499 254.98100 255.53101 256.10199 256.77301 255.24400 254.64000 255.35899 255.28101 253.83299 253.20599 252.30400 251.85001 251.09801 250.56000 249.97400 249.03000 249.73300 249.26100 248.15700 246.78700 245.77299 244.66499 242.90401 243.06100 243.10899
274.34201 277.82199 277.51700 275.86600 269.95499 268.68301 273.96100 280.61200 283.77899 285.16501 288.86899 290.84100 290.09399 285.31299 282.55801 281.45700 274.56601 272.35400 273.78601 277.67801 281.01999 282.64499 275.36499 265.24399 257.75000 255.75600 252.19701 247.94701 250.64000 252.92900 253.95500 252.66299 248.99001 250.82401 259.81500 263.20200 263.72900 263.27701 262.38599 262.39600 261.91699 262.19901 261.65100 261.60101 261.79099 261.63300 261.10001 260.43600 261.44699 260.07800 259.46100 259.36499 258.42099 256.60699 256.36099 255.24001 254.79100 253.75200 254.41100 253.77100 253.05200 254.66000 254.50000 252.49200 251.27100 250.82500 249.97000 248.81300 247.25200 246.11800
281.85501 281.75699 277.93100 275.39899 277.17999 280.23300 281.58600 284.13800 285.10199 285.57800 286.33499 286.14200 285.04599 283.73700 284.35599 283.06400 277.87900 277.25900 279.30801 284.37399 285.32501 287.03799 278.51099 264.76700 256.11600 250.53500 251.64400 250.10600 254.64799 256.93600 256.82599 255.31400 253.67799 251.94701 258.06400 262.06799 266.01099 266.49899 265.97501 266.03400 265.46399 265.68799 265.66599 265.64301 265.82599 265.64200 266.97800 266.64899 266.08499 265.01300 264.32999 264.67300 263.64700 261.80701 261.09601 260.43500 259.67499 258.50299 259.67200 258.92401 257.40100 257.81000 257.52701 256.88000 254.93800 254.41400 252.44600 251.23500 251.23599 249.51700
278.43301 275.97198 273.64899 279.74399 281.20999 280.23599 280.13300 280.62601 282.66199 283.59698 280.45901 280.00900 281.14001 281.77301 285.92999 285.24399 280.23999 283.69601 286.68399 287.17200 287.42899 282.03601 276.85599 263.98499 256.67801 253.84500 254.35800 250.56799 256.32101 256.34500 256.50400 258.94400 260.41901 260.37900 263.45200 264.70401 262.56799 261.33401 262.75900 261.01801 259.29401 262.85999 262.97699 262.49301 266.25601 267.44901 268.78699 268.45099 269.00699 268.73300 266.62900 267.24200 265.32501 264.90399 264.28699 263.52600 262.72400 261.74200 260.64600 259.64499 259.06100 259.97699 259.89899 257.82599 257.21201 256.37799 255.71300 254.20500 253.35100 249.47701
281.41199 279.91101 278.92700 280.10800 280.48001 282.10001 280.38800 283.34299 284.42001 285.55200 285.21301 279.26199 274.25400 272.88199 273.88800 273.32599 275.86499 281.66199 289.20300 290.31400 289.72198 281.46701 276.35999 266.79501 257.45300 258.06201 258.53699 253.86700 254.06000 254.88600 254.77100 254.68700 256.38000 259.17899 262.53699 261.39899 258.14499 254.97501 252.75101 250.18900 251.10001 255.06200 255.60400 252.04300 253.90199 259.40500 260.90601 263.92401 264.81100 271.39499 273.57800 273.56201 270.38000 270.76801 270.50400 267.63699 266.15302 266.69901 264.06900 264.19101 265.01199 263.68201 259.46600 258.42200 259.66901 258.29901 256.10101 255.18201 254.67200 252.93700
284.54001 283.20300 282.38699 281.82901 281.89801 283.06400 283.06000 283.06000 283.98700 286.20099 285.39099 282.71100 280.54901 278.64700 276.55600 272.01401 270.47101 270.44299 273.33401 272.25299 278.24500 274.32700 276.03601 272.86401 260.50900 257.86401 255.04900 252.99699 253.37000 250.44200 253.13400 252.54500 252.36900 250.32700 250.33900 251.06300 249.78600 247.03999 246.86200 246.60201 244.67101 247.48100 249.52901 246.79300 247.16200 250.71201 250.70700 251.10699 252.12500 254.66499 260.40701 269.67899 274.34601 272.71500 272.68399 273.46600 269.70099 268.47400 268.79800 267.32300 265.73001 266.69699 265.38800 262.81100 259.90601 258.67099 256.96301 257.88400 258.87399 259.09601
286.24500 283.99301 283.97800 283.75400 283.52701 283.13501 282.32101 279.41299 279.06601 280.44299 282.77301 283.59601 284.37900 283.86600 281.95901 279.81699 275.89600 270.24799 273.18900 274.81000 272.95300 274.93701 272.41101 268.53201 268.90601 263.23499 265.14801 257.87000 255.91901 254.18401 254.44701 254.24300 257.68301 258.20801 259.68500 255.82899 256.15900 251.47501 250.96600 252.67000 249.51100 251.51700 251.54201 249.58200 248.76100 253.43900 253.35201 253.98199 253.80099 256.01300 260.92401 266.32300 271.11499 272.39099 274.34399 276.75000 271.40701 267.44501 269.87299 269.69101 268.35800 268.74500 267.76099 265.54501 263.77600 262.84601 261.89999 260.40900 259.10101 262.18399
286.44199 285.72000 284.60001 279.46799 274.38400 269.93399 268.30301 268.97198 260.51401 257.52600 256.60999 260.45599 268.52499 274.04901 269.04700 275.90701 278.69901 280.65500 280.54501 279.34299 275.92999 279.66299 273.69101 269.75101 267.53799 266.73001 267.86200 265.78201 266.99100 269.21201 266.95700 267.46600 270.91101 270.45401 265.53799 264.24500 263.13199 264.26801 264.10501 257.62601 257.22299 255.89301 255.05701 255.06599 255.98599 254.22800 254.67101 254.20599 258.70300 258.69800 257.21399 260.69800 266.61700 269.24799 272.41800 274.84399 275.69101 274.58200 270.90302 270.94101 270.96701 270.04800 269.26801 268.78601 266.69501 265.28400 263.00299 262.49301 263.96201 263.68500
280.32001 274.83499 260.21600 254.70000 256.10199 255.58600 257.05301 258.77399 261.99100 265.24799 263.24500 260.55301 259.64200 262.37601 252.12300 255.53700 259.61499 266.27600 274.61401 277.81201 277.03101 280.97900 275.99799 270.70401 270.36401 268.73599 271.70801 266.12201 268.04199 269.43900 271.74500 271.49301 272.32800 268.18399 265.41400 263.82101 266.36401 259.90399 259.15399 261.25900 261.18201 257.93701 257.03900 258.46500 256.85901 255.76300 258.45300 258.09201 256.51501 253.77699 255.59599 261.80301 265.78299 266.72699 268.67499 270.64999 273.53299 277.57199 273.84799 273.06299 272.86301 273.60699 272.33701 271.50299 269.95499 269.95700 269.02499 268.19199 267.46399 267.02802
259.88901 258.60699 252.33701 264.40100 275.66299 273.42599 266.10699 266.46201 265.40500 265.32999 268.61600 268.51599 268.00900 268.91800 268.71600 270.83401 270.23300 272.69601 270.62399 278.19699 286.38300 283.43701 281.08899 277.65201 272.59500 268.79300 270.04901 262.11700 260.54199 269.50400 271.93799 270.79300 273.39401 274.66000 271.54800 268.71600 263.48001 260.55399 262.02100 262.62601 260.09698 260.06201 262.62201 259.74200 260.22501 257.66199 259.59698 258.14801 257.28299 255.02901 252.68800 255.90199 255.11400 259.65399 261.32101 271.14499 275.96799 277.85999 280.90302 277.33701 276.71399 277.91699 277.32599 275.89700 274.96100 273.76700 272.55099 271.40701 270.23199 270.17801
267.79700 280.30701 280.88199 282.65399 285.36401 278.64999 265.29700 259.15201 258.75101 260.43301 264.31799 268.46301 270.01401 272.47601 275.67401 273.67001 255.37000 255.21700 258.22198 261.38599 268.25601 269.29401 268.94101 275.31601 277.24399 276.98901 272.23199 267.68799 265.64499 266.02100 263.96899 267.56201 272.61401 272.63101 269.71201 268.93701 262.60400 261.22800 260.00400 265.17999 262.93399 264.10400 265.79501 265.75201 263.34900 263.53799 257.01901 261.11700 258.00000 258.61801 258.96100 255.70900 255.73801 258.04099 261.30600 268.36200 272.79501 276.54199 283.33499 281.31900 281.19800 282.07501 281.20801 275.97501 271.12799 269.66800 268.94601 268.45099 270.77499 273.04599
262.12701 273.26599 282.58600 285.94501 285.91400 282.47601 276.18201 269.05399 266.01401 267.93399 266.98801 266.87399 267.90100 269.35999 271.78101 273.68399 268.77600 247.37000 242.24899 248.47000 255.19000 257.57700 260.68900 261.47000 264.16501 269.19501 266.56500 262.20999 260.50699 263.83301 267.80899 264.74600 267.54901 267.12000 268.15701 270.41199 265.77802 263.36899 261.23700 261.09900 262.96799 265.43600 267.42599 264.25400 262.12299 266.71701 262.22101 262.43201 263.75601 261.19299 260.62701 263.20099 268.25101 265.92999 265.26501 264.30099 268.62201 269.27899 277.32901 282.23999 280.57401 283.98801 284.49500 283.80399 282.22501 277.96301 276.75201 276.85599 276.53000 275.92599
