data/hydroclimate-scenarios/1948-2000.Pcorr55N_Pref_Tref/monthly_summaries/olr_monthly_avg_may.1950-2000.asc
ncols	311
nrows	91
xllcenter	102.75
yllcenter	31.75
cellsize	0.5
NODATA_value	-9999
[rows 31 to 61 of 91, columns 0 to 69 of 311]
-9999 -9999 -9999 -9999 -9999 -9999 -9999 -9999 -9999 -9999 -9999 269.42700 269.41199 268.89200 269.57001 266.04599 265.09000 265.09000 264.96301 264.60599 265.79401 265.29401 266.14301 268.57501 269.22800 269.62500 269.11301 268.85101 270.43701 270.69800 271.07300 271.17999 271.45001 271.95700 270.96600 272.99200 273.82700 271.37799 268.92001 269.86401 270.55499 268.95999 268.62399 268.73401 269.26300 270.62799 271.29501 273.48199 274.83099 274.92801 274.54599 275.21100 275.34500 274.07700 273.59601 271.89600 271.20401 270.90900 270.79401 271.42899 271.40601 271.61899 271.30099 271.63300 271.00500 270.89899 266.62201 264.45901 256.37500 249.26500
-9999 -9999 -9999 -9999 -9999 -9999 -9999 -9999 -9999 -9999 -9999 269.19299 268.77100 268.13501 267.55301 266.23499 266.27701 266.43799 266.09299 266.46899 266.01199 267.73901 270.44901 270.46600 271.65100 271.69400 270.85001 270.46399 270.91501 272.09698 270.79901 271.57501 272.20499 272.30499 271.07700 274.70499 274.87399 275.44000 274.09299 273.01801 272.56799 273.43600 273.19501 272.37399 272.05099 271.67401 271.47101 270.71701 270.63901 271.20901 271.31799 271.45801 271.22900 270.05600 271.44101 271.78201 271.76599 272.39401 272.71301 272.39099 273.01599 272.45599 273.36200 273.69601 274.18500 274.98401 270.72400 265.69400 259.30701 253.79900
-9999 -9999 -9999 -9999 -9999 -9999 -9999 -9999 -9999 -9999 -9999 269.86301 268.58200 268.11301 266.89999 267.36801 267.20200 267.85300 269.21399 269.14401 269.17999 270.17001 271.29999 271.20700 269.85800 268.23801 267.44400 267.88199 270.56601 274.20401 272.52399 272.28699 272.52701 273.40601 273.92401 275.92700 275.54700 275.16901 274.90701 269.28201 273.16000 269.76199 272.06100 272.46799 271.15100 270.04001 269.52899 269.85400 269.91901 270.16101 269.84201 271.58401 272.24500 272.40100 274.53201 273.51300 273.14801 272.51801 272.84698 273.31601 273.30301 273.14099 275.67099 276.13400 274.74399 272.31100 270.15100 266.20901 262.06400 257.17099
-9999 -9999 -9999 -9999 -9999 -9999 -9999 -9999 -9999 -9999 -9999 -9999 270.37201 270.17801 269.34201 269.29700 269.79700 270.64401 271.31299 272.91901 272.47699 271.73499 269.16101 267.72601 266.48901 260.58801 262.10699 260.90201 267.05099 269.55200 271.06601 274.53201 274.66699 274.42801 273.82999 273.75699 273.63101 274.87399 273.80301 271.82999 271.83301 271.35699 271.28201 274.34000 273.89700 272.03601 273.58401 273.62900 273.36200 273.11301 273.62100 273.47299 273.29300 273.96100 272.78799 273.43301 273.71899 274.50900 273.74200 274.78000 274.71500 275.81900 273.88000 272.95001 273.13501 271.48599 270.57101 265.13800 256.23099 253.53700
-9999 -9999 -9999 -9999 -9999 -9999 -9999 -9999 -9999 -9999 -9999 -9999 271.17801 271.58301 270.75800 270.69601 272.70801 273.11700 272.75299 272.69101 272.52899 265.38699 263.24500 261.06900 257.62299 260.70599 262.99799 258.48099 264.07501 264.63800 265.41199 267.20999 273.57300 274.56000 274.41299 274.60001 273.56299 275.39401 275.75500 273.57101 273.07700 270.73599 271.43399 273.99500 276.13901 275.99899 277.01700 274.82101 274.63599 271.38101 270.86200 273.32999 273.21500 273.39899 274.81500 274.95999 275.33801 275.76001 275.73001 275.15500 274.44501 270.08200 269.50500 268.42300 269.66299 271.88901 267.74899 265.54401 260.70099 259.19299
-9999 -9999 -9999 -9999 -9999 -9999 -9999 -9999 -9999 -9999 -9999 -9999 271.03601 273.63101 273.60999 273.13800 273.13901 272.73801 271.07700 268.79599 267.62701 263.63101 262.49100 260.49701 260.40799 258.90799 261.84900 265.57700 264.41400 268.10300 270.10599 273.32901 272.68600 271.68900 275.81400 276.87701 276.97400 275.74701 276.71201 276.33499 271.24600 267.89401 271.38800 273.91400 275.23401 274.45300 273.74399 270.04800 271.10999 274.32999 274.08200 274.97400 276.54199 275.72601 277.11301 276.72800 276.47299 276.09500 274.77701 272.87000 272.59201 268.51999 269.64099 271.97400 269.61499 268.14801 265.76501 264.92300 259.86499 260.58200
-9999 -9999 -9999 272.17499 271.90100 271.35800 272.04401 272.31000 270.84698 -9999 271.49899 271.97900 273.91199 275.01099 274.53201 273.37601 272.30399 272.45801 268.37701 266.65799 267.12900 265.90701 263.91501 263.93701 262.89801 263.15601 265.72400 261.33499 262.68600 258.03799 265.27399 270.92499 268.45300 262.70599 269.60001 271.78500 270.48901 270.76501 272.50299 275.68201 275.23499 270.64801 272.43799 274.07901 272.13300 269.13400 264.54999 270.31000 270.10199 270.36401 269.24500 269.54300 267.99100 263.59399 266.54700 261.15201 259.17499 271.06000 266.21701 270.60999 272.54999 269.11499 268.96500 267.64099 268.94299 268.23199 264.48700 262.75500 262.19101 261.02499
-9999 -9999 -9999 274.00601 273.37299 272.85599 271.54599 271.96500 272.32501 271.93500 274.37900 275.39001 273.70901 272.62000 270.21100 267.70999 266.20300 266.51199 265.34900 265.21799 266.84399 263.46399 266.75201 268.51199 265.29300 266.20099 264.13000 262.90900 259.99301 256.03699 262.36899 262.38000 263.92200 261.13300 263.92801 264.58301 265.41101 261.64301 269.94400 265.65799 265.52301 270.51599 273.14700 269.65799 267.16699 262.47601 262.95099 271.34000 266.52100 265.01099 263.50201 264.85999 261.71100 261.16400 267.47400 263.54999 267.59900 267.33801 263.46301 265.26300 267.58200 266.38599 265.28299 266.28201 265.56500 268.99200 267.03201 268.98199 266.08600 263.16101
-9999 -9999 -9999 275.76599 274.43500 272.67999 271.91599 273.04401 274.76501 275.50000 275.15701 274.68100 271.33801 266.99500 261.01199 264.55801 262.14999 263.28601 266.13199 266.32599 264.86099 261.66699 264.29599 262.00500 258.00699 262.37000 262.40100 261.40799 262.66299 254.57100 248.73100 253.05000 260.17999 261.40500 259.76501 261.46500 264.15799 265.73099 267.49799 265.27100 265.08499 267.73401 271.34399 271.61801 273.66101 268.78601 268.06601 266.74100 266.61401 261.99100 259.54501 266.60999 265.24200 264.82101 267.01999 266.79099 268.42999 269.40399 265.13699 264.94501 268.84299 268.93500 270.15601 265.67999 267.26001 267.21301 265.86899 264.02399 257.39899 256.63400
-9999 -9999 -9999 275.41000 277.67099 273.40601 275.00699 272.92001 272.45001 271.85699 273.48401 274.70099 267.11099 263.88400 261.52499 262.21500 259.33701 258.60901 259.84799 262.48700 258.25601 254.02600 249.58900 253.61301 256.24701 259.92001 262.77701 262.51901 253.78999 247.71600 251.59700 264.07800 258.47601 251.30800 252.14999 256.49701 263.11600 269.63901 265.94000 268.68301 267.75800 262.79599 260.75601 265.33499 274.97800 268.59500 264.99899 269.93301 263.49701 266.02399 260.64700 265.34100 264.11499 260.95801 264.63501 266.21899 267.18100 264.21899 262.83401 263.74899 259.16299 266.05499 267.40500 266.84399 265.54099 267.07300 264.77200 262.12799 254.62100 254.73599
-9999 -9999 -9999 276.64801 278.87201 272.31601 272.25699 272.48199 270.01199 271.43399 274.99799 270.85999 264.59500 260.19000 255.12900 257.71301 254.98700 258.17300 263.82999 266.98099 260.85800 256.61801 252.88600 260.04300 262.57599 265.12900 269.36801 264.98901 257.98401 251.78000 251.19200 254.98599 252.87700 255.81200 257.91501 259.11600 259.88901 265.98001 268.55499 269.02600 266.04001 263.51300 262.13501 263.00000 268.54999 268.72299 268.95200 268.69000 266.95801 265.66199 264.52600 269.99899 265.99100 259.60001 266.83301 260.80301 267.45901 267.31299 264.76401 258.86499 260.99100 263.15100 264.82101 259.63000 259.43399 265.44199 262.99500 258.19601 255.36099 263.37399
-9999 -9999 -9999 -9999 272.72400 270.21701 271.91101 267.81900 267.44800 269.29199 274.89499 271.10999 256.19699 264.03101 -9999 -9999 -9999 -9999 -9999 251.63499 251.08701 254.29401 251.20700 247.53999 252.25400 257.12601 266.44501 262.42001 259.16501 260.92801 258.25800 257.04999 255.35400 260.36099 266.26099 268.10699 265.88400 269.39401 268.77701 269.60001 271.51501 270.41901 268.21201 265.69601 267.92801 270.17499 269.29901 264.54300 267.65900 270.72000 266.86600 266.31500 269.52200 262.23700 261.01901 257.42801 255.98000 257.43500 258.05600 261.33899 258.73099 256.95700 258.66000 260.13901 260.57599 259.25699 261.85599 266.97000 270.67700 -9999
-9999 -9999 275.98499 273.97198 271.66199 272.28299 271.06699 265.10400 269.36499 270.32800 273.94800 268.97400 256.92200 -9999 -9999 -9999 -9999 -9999 245.02400 251.73500 251.64799 257.49399 258.71899 254.52299 255.96700 257.88599 267.37500 267.60400 266.45401 266.55701 263.71799 262.15701 262.84201 262.74399 265.50299 270.21799 267.93500 269.29901 268.95999 271.04099 269.57199 270.86401 269.89801 271.68201 274.42200 274.44800 273.39600 273.77399 277.33499 280.64600 278.50900 277.04401 273.98901 275.80801 269.48401 272.27499 266.87100 260.57300 260.43799 268.24701 267.39499 266.33499 266.84100 264.01999 266.65399 268.26901 271.66000 -9999 -9999 -9999
-9999 -9999 276.73099 275.50800 274.61099 272.78101 273.13101 267.61401 269.52399 271.97198 269.49600 267.03299 267.56100 -9999 -9999 -9999 -9999 260.78900 249.53600 257.05600 255.82201 257.92300 258.10800 260.56000 265.21600 269.27200 268.53201 267.30200 267.98599 269.43100 267.03101 262.50101 266.15302 268.07001 267.18900 268.09399 269.73999 270.80399 266.91599 264.46201 268.67801 267.06799 267.34900 270.48099 269.93201 274.63000 277.86200 274.28900 283.62100 281.44299 282.22900 283.26099 282.70401 281.27200 279.97101 285.53699 281.32401 269.15701 266.13501 271.27499 272.85699 267.17599 270.85999 276.48099 279.73401 -9999 -9999 -9999 -9999 -9999
-9999 -9999 279.17801 274.22400 274.05899 272.17899 273.03799 271.34201 270.79401 270.73099 266.64099 265.75000 275.78699 -9999 -9999 -9999 -9999 253.60300 254.70700 257.68100 257.50299 262.09601 265.63599 268.08200 267.28601 269.17899 266.11600 269.17001 268.24399 268.82199 266.20300 266.60001 265.68399 265.23300 268.80600 267.02100 266.91699 266.81500 265.61499 269.61801 270.24600 273.65900 275.08600 271.67001 274.10901 272.86301 274.36700 273.33200 278.24301 280.03799 285.86301 283.62000 282.95801 281.66299 280.83301 289.64499 288.51099 278.34900 278.68201 279.20999 285.15701 285.60599 284.81500 278.89099 272.89401 269.70700 278.81601 272.05200 276.93100 -9999
-9999 -9999 -9999 276.90302 274.22900 273.33099 275.26999 276.16699 273.16101 269.36200 273.44901 275.20499 -9999 -9999 -9999 -9999 258.28400 255.85500 260.32700 261.16901 262.64499 267.35400 266.13901 267.62100 266.76700 267.54700 267.20200 266.14301 267.67899 261.27600 261.92300 266.06699 269.39801 269.06799 269.58401 270.81799 272.84601 273.55200 274.07001 275.66400 275.41901 276.90900 276.42899 277.98599 281.95700 279.98401 282.45200 285.04001 283.39499 284.26901 279.93600 281.99200 283.92899 280.40100 275.84201 277.70001 278.43301 272.96799 274.01001 280.61200 281.86700 280.90500 272.15399 258.33200 249.46400 266.88101 275.95099 274.51599 277.56601 274.92001
-9999 -9999 -9999 -9999 278.40201 276.44400 276.76199 274.10001 271.72900 278.28400 280.58301 -9999 -9999 -9999 -9999 262.76501 259.28601 263.20499 266.33600 265.11600 267.77802 269.85699 268.61401 265.48599 265.89899 270.31000 271.56400 271.26001 268.69101 267.88199 265.72000 272.84799 274.38199 272.88400 269.65399 271.78299 272.98401 274.90399 274.51401 275.72699 274.62399 276.42599 278.21100 280.48199 284.30801 283.52100 284.52100 285.96100 286.61200 286.72101 287.05399 287.59299 285.68399 284.31000 285.45700 287.96100 288.32300 278.16299 277.08701 282.83401 275.72299 270.02802 268.11200 268.16501 262.40100 268.05301 277.76001 279.20401 274.55701 275.61700
-9999 -9999 -9999 -9999 -9999 -9999 278.09698 278.32300 281.92401 282.72101 280.10699 -9999 -9999 -9999 -9999 -9999 266.48801 267.36499 268.93500 267.01199 267.22601 278.96600 268.54501 266.93900 268.22000 273.64801 275.71399 273.48801 274.60501 273.70901 271.57001 273.81601 276.45801 270.78799 272.01801 275.82401 273.22299 271.09000 275.16800 272.35300 272.40500 269.56601 271.42200 277.01401 278.54501 283.54800 285.63000 286.45001 286.88699 288.06900 289.57300 288.49701 289.25800 289.20200 288.50800 289.08401 287.45001 284.03101 280.54901 278.98199 272.87601 268.69199 266.92099 263.42999 257.98700 264.46399 275.47900 282.33099 279.45499 275.30200
-9999 -9999 -9999 -9999 -9999 -9999 -9999 -9999 -9999 -9999 -9999 -9999 -9999 -9999 -9999 -9999 -9999 -9999 -9999 268.82999 269.44199 276.90302 272.70099 271.88800 272.37900 274.32001 274.97198 279.67200 279.14200 275.39001 274.53500 277.03601 273.41299 273.12399 272.55399 273.93100 275.60300 273.01501 273.42001 270.21600 268.58801 270.72900 273.85300 276.65799 278.56201 282.80200 286.80099 287.78299 288.13400 288.44199 289.78601 291.04300 290.49500 292.87900 291.54199 290.78699 288.77600 287.46301 281.71600 279.13699 269.63101 270.44199 267.53299 261.87799 259.04700 273.10300 281.66501 285.51901 282.52802 272.89499
-9999 -9999 -9999 -9999 -9999 -9999 -9999 -9999 -9999 -9999 -9999 -9999 -9999 -9999 -9999 -9999 -9999 -9999 270.97900 270.43799 273.72101 276.67099 276.65100 276.15201 277.41699 277.15900 279.34201 279.37399 277.83099 275.61200 275.30499 273.88901 272.08099 272.16901 273.03601 275.91199 274.76001 276.21600 271.57599 269.48199 268.19901 271.66101 272.98999 273.86401 276.23099 278.44901 283.56100 288.20801 290.63000 289.82101 291.32800 292.03000 292.96399 292.98099 290.71701 293.82599 291.53201 282.49301 275.60901 278.62299 278.90601 279.27200 273.55099 269.87000 265.58200 276.39999 282.59299 285.36301 284.41000 281.17300
-9999 -9999 -9999 -9999 -9999 -9999 -9999 -9999 -9999 -9999 -9999 -9999 -9999 -9999 -9999 -9999 -9999 272.93301 272.37500 275.93600 276.30301 276.67999 277.08499 278.30200 280.04999 279.74899 281.00201 279.36700 274.56799 273.50900 273.43399 275.15201 273.64801 276.77600 277.17001 273.97101 270.67700 271.90900 273.20300 270.14600 270.36301 273.25500 273.35001 276.31100 278.82901 281.78500 284.28601 285.89401 291.19000 290.73401 293.91800 295.07401 294.24899 292.63101 292.18100 293.10599 289.64899 282.27200 278.09000 281.06299 287.30801 281.80701 267.12299 264.61899 277.19400 280.87201 281.08701 285.98499 285.39499 283.34299
-9999 -9999 -9999 -9999 -9999 -9999 -9999 -9999 -9999 -9999 -9999 -9999 -9999 -9999 -9999 -9999 -9999 272.55899 273.79099 271.17700 273.58899 275.80200 277.91599 281.21799 287.46100 282.97101 282.51001 281.26599 280.40100 276.43399 276.39700 276.99301 278.52802 281.09500 277.10199 274.49701 272.85400 272.88599 268.37799 269.23300 270.92401 274.58499 276.77200 280.09601 281.79800 289.25000 291.64499 284.32800 287.91199 293.35901 295.22198 296.01599 294.99399 295.50800 295.14099 293.09299 284.66299 283.76099 285.77802 286.56900 282.95001 276.82401 275.15500 273.34399 266.35501 272.09900 281.55301 276.91101 284.13599 285.30899
-9999 -9999 -9999 -9999 -9999 -9999 -9999 -9999 -9999 -9999 -9999 -9999 -9999 -9999 -9999 -9999 267.55899 267.41400 267.85501 269.68900 276.36801 281.10300 280.05600 285.82001 292.05801 284.50101 285.93701 289.26300 285.77200 279.73099 279.28299 280.75601 280.65201 284.05200 281.54999 279.26001 275.32999 272.66400 269.70599 273.44199 275.95001 277.56799 278.55200 283.69699 286.04700 291.63400 292.72000 284.68100 287.36200 294.43900 296.23401 296.31100 295.42099 296.27100 295.76599 293.73801 291.73401 289.25000 288.47198 284.19601 285.25900 282.82101 276.61700 267.56500 273.72198 277.33701 280.61899 283.34299 289.38101 287.90799
-9999 -9999 -9999 -9999 -9999 -9999 -9999 -9999 -9999 -9999 -9999 -9999 -9999 271.87201 268.63199 268.21100 266.54599 262.77499 266.88199 275.00601 277.92999 276.82901 281.24399 282.39401 281.79401 289.10199 289.20599 288.20001 287.75500 286.94299 285.50101 286.20001 285.21899 284.73901 282.56100 279.65601 278.34399 278.09900 275.64899 275.28299 277.51801 281.55701 284.70599 290.13901 290.41901 291.31201 291.84000 292.17899 292.18600 292.38800 292.98700 293.91101 294.14899 298.21100 298.17300 295.98401 294.57800 294.55499 293.65302 291.60199 289.92801 289.54800 287.10599 286.77499 290.84201 294.94501 295.24899 293.66400 291.79401 288.94699
-9999 -9999 -9999 -9999 -9999 -9999 -9999 -9999 -9999 -9999 -9999 -9999 274.00699 270.99500 268.81299 269.25699 269.51401 268.91901 268.86600 280.72101 277.69400 280.75699 283.08099 283.77899 283.93201 291.06500 290.18900 289.78201 288.41901 288.49899 288.07501 288.26700 287.71600 286.60101 286.10901 283.11200 280.59900 280.53699 278.09799 279.27701 280.12100 284.25601 287.31400 291.44901 292.76901 293.30099 293.16199 293.90900 292.58899 292.59500 293.03601 294.68701 295.09201 298.06400 299.62299 300.61401 297.84698 293.30801 289.75601 289.47501 289.16901 292.74500 292.89999 291.43301 295.05600 298.47900 296.98499 295.28299 292.97198 285.06100
-9999 -9999 -9999 -9999 -9999 -9999 -9999 -9999 -9999 -9999 -9999 265.85101 268.45200 267.12799 270.86899 275.03900 276.24200 276.75299 277.13400 277.15399 279.68900 285.21100 285.94400 285.59299 285.34399 284.91800 284.89200 288.73001 290.80701 292.39499 290.15100 288.63599 288.73700 287.65302 287.39401 282.49100 278.28201 278.00900 280.40201 281.71399 285.99100 287.79700 292.28900 294.40601 294.81100 295.64700 295.82101 296.00201 295.09399 294.31601 294.22101 288.68301 291.41101 291.89099 293.69000 296.08899 299.05399 295.42499 299.40601 300.48999 298.82001 303.44601 302.41199 301.97101 302.52499 302.20300 298.81601 297.52701 289.61801 281.08600
-9999 -9999 -9999 -9999 -9999 -9999 -9999 -9999 -9999 -9999 268.76001 267.33401 273.32101 270.50299 275.95700 278.91501 280.08701 279.64899 278.97299 279.76999 281.33899 287.25201 287.48700 287.57501 287.40701 286.70200 286.49899 291.82999 292.15799 291.89401 291.69199 290.47800 289.70401 288.74301 287.04599 281.76599 279.02802 279.64200 283.01401 285.43600 289.47900 293.80099 298.17300 297.36099 297.66400 297.97501 297.93301 298.05399 297.23199 296.34500 295.52600 288.19699 291.04401 291.17999 293.31601 296.27600 294.86200 296.58701 302.88300 303.03601 302.64600 304.87399 304.19299 303.73999 302.88501 302.10001 299.89301 296.21899 286.85001 276.12201
-9999 -9999 -9999 -9999 -9999 -9999 -9999 -9999 -9999 278.22198 278.64499 277.19901 276.79800 278.05200 280.06201 279.92300 280.82901 281.56799 284.10699 284.98300 286.36499 285.83099 286.32700 289.01099 288.81400 289.11099 290.60400 289.88599 289.39600 288.85400 291.64700 289.41901 288.22198 281.89999 278.89200 277.19800 275.62799 282.92300 285.77100 291.25299 295.34500 300.26001 303.01099 304.32999 304.33301 303.20999 303.96399 299.57300 299.01199 298.86499 297.00101 291.79999 288.87100 282.32199 282.05399 300.19400 302.47400 305.45999 306.04401 305.85901 304.92801 304.48700 304.27499 304.69101 303.06699 299.97400 296.88699 289.73099 282.58200 277.09799
-9999 -9999 -9999 -9999 -9999 -9999 -9999 -9999 -9999 -9999 280.84399 280.12799 280.19101 282.73401 287.06100 283.60101 282.55899 283.61700 284.54700 284.61600 284.12100 286.53699 287.34000 -9999 -9999 -9999 -9999 -9999 -9999 290.42999 290.72800 290.15900 288.65500 282.71500 278.42700 278.31500 278.73999 286.00601 289.94699 295.23700 298.94800 303.15701 306.08499 306.81699 306.48999 305.03299 304.20300 301.86099 300.69000 300.98401 298.57901 295.67099 289.91599 283.17999 283.24899 302.38400 306.32001 307.12900 307.88501 306.62799 306.43799 305.04001 304.15302 303.74899 294.11700 297.23901 291.06699 284.95700 271.21301 272.81100
-9999 -9999 -9999 -9999 -9999 -9999 -9999 -9999 -9999 -9999 -9999 -9999 281.94299 285.10699 285.83200 293.61899 292.37399 292.03400 291.40399 -9999 -9999 -9999 -9999 -9999 -9999 -9999 -9999 -9999 -9999 -9999 -9999 -9999 -9999 286.17899 279.86700 282.94601 284.14700 290.46301 296.24399 300.20700 303.07999 306.14301 307.58301 308.60300 308.49899 308.53799 307.80399 306.56299 306.32700 305.89301 302.82999 292.45099 290.51300 291.41800 292.99399 303.95901 304.48801 305.98801 308.03900 308.19101 307.55301 305.14999 302.48001 301.04199 299.40201 296.96399 289.07700 284.53699 278.50400 281.46701
-9999 -9999 -9999 -9999 -9999 -9999 -9999 -9999 -9999 -9999 -9999 -9999 -9999 -9999 -9999 -9999 -9999 -9999 -9999 -9999 -9999 -9999 -9999 -9999 -9999 -9999 -9999 -9999 -9999 -9999 -9999 -9999 -9999 -9999 284.45499 284.26099 291.78799 293.97800 299.62399 303.52701 305.50299 307.06799 308.07999 310.63699 310.20599 309.49399 309.09698 308.31601 307.65799 306.96799 304.42099 295.80899 292.97501 293.44000 294.63101 307.34500 305.69299 301.76999 304.62900 306.74799 306.83301 305.23999 306.46799 304.43399 302.42099 295.20499 287.06100 281.74200 275.24701 279.49301
