data/hydroclimate-scenarios/1948-2000.Pcorr55N_Pref_Tref/monthly_summaries/olr_monthly_avg_jun.1950-2000.asc
ncols	311
nrows	91
xllcenter	102.75
yllcenter	31.75
cellsize	0.5
NODATA_value	-9999
[rows 0 to 30 of 91, columns 70 to 139 of 311]
-9999 -9999 -9999 -9999 -9999 -9999 -9999 -9999 -9999 -9999 -9999 -9999 -9999 -9999 -9999 -9999 -9999 -9999 -9999 -9999 -9999 -9999 -9999 -9999 -9999 -9999 -9999 -9999 -9999 -9999 -9999 -9999 -9999 -9999 -9999 -9999 -9999 -9999 -9999 -9999 -9999 -9999 -9999 -9999 -9999 -9999 -9999 -9999 -9999 -9999 -9999 -9999 -9999 -9999 -9999 -9999 -9999 -9999 -9999 -9999 -9999 -9999 -9999 -9999 -9999 -9999 -9999 -9999 -9999 -9999
-9999 -9999 -9999 -9999 -9999 -9999 -9999 -9999 -9999 -9999 -9999 -9999 -9999 -9999 -9999 -9999 -9999 -9999 -9999 -9999 -9999 -9999 -9999 -9999 -9999 -9999 -9999 -9999 -9999 -9999 -9999 -9999 -9999 -9999 -9999 -9999 -9999 -9999 -9999 -9999 -9999 -9999 -9999 -9999 -9999 -9999 -9999 -9999 -9999 -9999 -9999 -9999 -9999 -9999 -9999 -9999 -9999 -9999 -9999 -9999 -9999 -9999 -9999 -9999 -9999 -9999 -9999 -9999 -9999 -9999
-9999 -9999 -9999 -9999 -9999 -9999 -9999 -9999 -9999 -9999 -9999 -9999 -9999 -9999 -9999 -9999 -9999 -9999 -9999 -9999 -9999 -9999 -9999 -9999 -9999 -9999 -9999 -9999 -9999 -9999 -9999 -9999 -9999 -9999 -9999 -9999 -9999 -9999 -9999 -9999 -9999 -9999 -9999 -9999 -9999 -9999 -9999 -9999 -9999 -9999 -9999 -9999 -9999 -9999 -9999 -9999 -9999 -9999 -9999 -9999 -9999 -9999 -9999 -9999 -9999 -9999 -9999 -9999 -9999 -9999
-9999 -9999 -9999 -9999 -9999 -9999 -9999 -9999 -9999 -9999 -9999 -9999 -9999 -9999 -9999 -9999 -9999 -9999 -9999 -9999 -9999 -9999 -9999 -9999 -9999 -9999 -9999 -9999 -9999 -9999 -9999 -9999 -9999 -9999 -9999 -9999 -9999 -9999 -9999 -9999 -9999 -9999 -9999 -9999 -9999 -9999 -9999 -9999 -9999 -9999 -9999 -9999 -9999 -9999 -9999 -9999 -9999 -9999 -9999 -9999 -9999 -9999 -9999 -9999 -9999 -9999 -9999 -9999 -9999 -9999
-9999 -9999 -9999 -9999 -9999 -9999 -9999 -9999 -9999 -9999 -9999 -9999 -9999 -9999 -9999 -9999 -9999 -9999 -9999 -9999 -9999 -9999 -9999 -9999 -9999 -9999 -9999 -9999 -9999 -9999 -9999 -9999 -9999 -9999 -9999 -9999 -9999 -9999 -9999 -9999 -9999 -9999 -9999 -9999 -9999 -9999 -9999 -9999 -9999 -9999 -9999 -9999 -9999 -9999 -9999 -9999 -9999 -9999 -9999 -9999 -9999 -9999 -9999 -9999 -9999 -9999 -9999 -9999 -9999 -9999
-9999 -9999 -9999 -9999 -9999 -9999 -9999 -9999 -9999 -9999 -9999 -9999 -9999 -9999 -9999 -9999 -9999 -9999 -9999 -9999 -9999 -9999 -9999 -9999 -9999 -9999 -9999 -9999 -9999 -9999 -9999 -9999 -9999 -9999 -9999 -9999 -9999 -9999 -9999 -9999 -9999 -9999 -9999 -9999 -9999 -9999 -9999 -9999 -9999 -9999 -9999 -9999 -9999 -9999 -9999 -9999 -9999 -9999 -9999 -9999 -9999 -9999 -9999 -9999 -9999 -9999 -9999 -9999 -9999 -9999
-9999 -9999 -9999 -9999 -9999 -9999 -9999 -9999 -9999 -9999 -9999 -9999 -9999 -9999 -9999 -9999 -9999 -9999 -9999 -9999 -9999 -9999 -9999 -9999 -9999 -9999 -9999 -9999 -9999 -9999 -9999 -9999 -9999 -9999 -9999 -9999 -9999 -9999 -9999 -9999 -9999 -9999 -9999 -9999 -9999 -9999 -9999 -9999 -9999 -9999 -9999 -9999 -9999 -9999 -9999 -9999 -9999 -9999 -9999 -9999 -9999 -9999 -9999 -9999 -9999 -9999 -9999 -9999 -9999 -9999
-9999 -9999 -9999 -9999 -9999 -9999 -9999 -9999 -9999 -9999 -9999 -9999 -9999 -9999 -9999 -9999 -9999 -9999 -9999 -9999 -9999 -9999 -9999 -9999 -9999 -9999 -9999 -9999 -9999 -9999 -9999 -9999 -9999 -9999 -9999 -9999 -9999 -9999 -9999 -9999 -9999 -9999 -9999 -9999 -9999 -9999 -9999 -9999 -9999 -9999 -9999 -9999 -9999 -9999 -9999 -9999 -9999 -9999 -9999 -9999 -9999 -9999 -9999 -9999 -9999 -9999 -9999 -9999 -9999 -9999
-9999 -9999 -9999 -9999 -9999 -9999 -9999 284.79199 -9999 -9999 -9999 -9999 -9999 -9999 -9999 -9999 -9999 -9999 -9999 -9999 -9999 -9999 -9999 -9999 -9999 -9999 -9999 -9999 -9999 -9999 -9999 -9999 -9999 -9999 -9999 -9999 -9999 -9999 -9999 -9999 -9999 -9999 -9999 -9999 -9999 -9999 -9999 -9999 -9999 -9999 -9999 -9999 -9999 -9999 -9999 -9999 -9999 -9999 -9999 -9999 -9999 -9999 -9999 -9999 -9999 -9999 -9999 -9999 -9999 -9999
-9999 -9999 -9999 265.38800 289.14999 287.17801 285.39700 285.50101 284.97198 284.55301 283.85300 284.65799 283.84799 286.22400 285.22400 286.45200 285.54700 283.55801 283.14600 281.79599 281.51901 281.55399 281.39301 -9999 -9999 -9999 -9999 -9999 -9999 -9999 -9999 -9999 -9999 -9999 -9999 -9999 -9999 -9999 -9999 -9999 -9999 -9999 -9999 -9999 -9999 -9999 -9999 -9999 -9999 -9999 -9999 -9999 -9999 -9999 -9999 -9999 -9999 -9999 -9999 -9999 -9999 -9999 -9999 -9999 -9999 -9999 -9999 -9999 -9999 -9999
-9999 -9999 -9999 -9999 -9999 288.79901 288.38199 288.72198 288.23901 287.48401 286.90399 287.29501 286.72000 286.13800 285.34500 284.07501 283.23401 282.34299 281.15302 279.65100 279.42099 279.56900 279.85800 -9999 -9999 -9999 -9999 -9999 -9999 -9999 -9999 -9999 -9999 -9999 -9999 -9999 -9999 -9999 -9999 -9999 -9999 -9999 -9999 -9999 -9999 -9999 -9999 -9999 -9999 -9999 -9999 -9999 -9999 -9999 -9999 -9999 -9999 -9999 -9999 -9999 -9999 -9999 -9999 -9999 -9999 -9999 -9999 -9999 -9999 -9999
291.96301 291.80801 291.00601 290.96201 291.21600 290.20300 289.86499 289.68301 289.34201 288.83401 288.58499 288.56799 287.34399 286.71100 285.81799 284.66400 283.60101 282.62201 281.75900 280.57800 279.83301 280.45499 280.86401 280.34399 280.62900 280.41599 281.10199 280.17001 280.68701 -9999 -9999 -9999 -9999 -9999 -9999 -9999 -9999 -9999 -9999 -9999 -9999 -9999 -9999 -9999 -9999 -9999 -9999 -9999 -9999 -9999 -9999 -9999 -9999 -9999 -9999 -9999 -9999 -9999 -9999 -9999 -9999 -9999 -9999 -9999 -9999 -9999 -9999 -9999 -9999 -9999
292.13599 292.29599 292.59000 292.01001 291.27200 291.58301 291.46701 291.62701 290.72000 290.94501 290.26401 289.29001 287.89099 287.45401 286.72601 285.01901 284.07700 282.67700 282.05399 280.56699 279.78900 281.09299 280.07300 279.73499 280.82199 281.33600 281.43600 280.68799 281.09000 281.50400 280.99899 281.04199 280.92999 280.42200 280.45801 280.93900 280.90500 279.85501 279.73099 279.67499 279.42001 279.98599 279.96201 279.16199 -9999 -9999 -9999 -9999 -9999 -9999 -9999 -9999 -9999 -9999 -9999 -9999 -9999 -9999 -9999 -9999 -9999 -9999 -9999 -9999 -9999 -9999 -9999 -9999 -9999 -9999
291.19501 292.52200 291.46301 291.54099 290.44800 290.25201 291.00800 291.88101 291.93900 291.60101 290.87201 290.39999 289.62601 289.65601 288.08099 286.14001 285.23599 284.39499 283.08600 282.32501 281.13901 280.83401 278.41501 279.22400 279.86401 280.46799 281.90201 281.99899 281.79901 281.54901 280.10199 281.60999 281.73300 281.10101 281.06400 282.04501 282.12100 281.14999 281.23801 280.37399 280.50699 280.91299 280.90701 279.47101 280.14401 -9999 -9999 -9999 -9999 -9999 -9999 -9999 -9999 -9999 -9999 -9999 -9999 -9999 -9999 -9999 -9999 -9999 -9999 -9999 -9999 -9999 -9999 -9999 -9999 -9999
283.33401 282.81799 281.99600 283.91501 278.97400 283.24500 283.99899 283.48099 284.49100 283.77499 285.99100 284.33600 285.84900 286.20901 285.95700 287.24100 286.32199 285.29599 284.12000 282.79001 281.97400 280.43301 280.37201 280.49600 281.22900 282.23999 279.54001 281.54001 283.42599 283.36099 282.28201 282.74200 283.02802 283.41599 282.78000 282.01901 282.02802 282.02802 281.64600 281.06400 280.53699 280.32199 280.57401 281.34799 281.90399 -9999 -9999 -9999 -9999 -9999 -9999 -9999 -9999 -9999 -9999 -9999 -9999 -9999 -9999 -9999 277.83200 277.66800 -9999 -9999 -9999 -9999 272.33801 267.62201 264.35400 267.05600
284.51801 283.86099 282.89200 283.40900 280.51199 285.57401 289.09000 287.66901 284.68201 283.79800 282.88300 287.51801 288.08701 287.20700 285.82199 286.36200 287.24701 285.90100 286.12701 284.71799 284.22900 283.50601 282.50500 282.32901 285.27499 285.32199 285.37500 284.67700 285.11099 284.81900 285.48300 284.44901 284.15302 284.60001 284.71701 283.52499 283.28299 283.24701 282.86801 281.58801 281.81000 281.98300 281.32001 282.38699 282.25201 281.80301 281.65500 282.42999 280.99899 275.39401 272.88101 274.23901 272.05099 272.25101 274.13699 273.00900 271.76901 277.03699 277.25101 278.05399 277.57901 278.47400 -9999 -9999 -9999 -9999 -9999 273.18701 270.81400 269.43301
281.63599 279.63199 286.30301 284.78400 279.25601 283.46399 288.83899 287.88400 288.37701 290.12201 291.00299 292.47800 291.20599 291.60501 290.64499 290.35501 289.52399 288.15302 287.32901 286.68900 285.89999 286.78699 286.28799 286.69101 287.06201 287.33801 287.13400 286.65201 286.84100 286.81000 287.03101 286.89899 287.24500 287.04700 286.52802 286.76599 286.37500 286.45401 286.06601 285.68900 284.85901 284.07501 284.30099 283.99301 283.91599 282.96100 282.68701 283.13400 282.53201 276.27200 273.74200 275.90900 277.31699 274.89700 269.46899 265.56699 270.98999 268.94400 267.39200 269.03500 272.22699 273.19901 271.73401 275.92700 278.38400 277.60501 277.40799 277.19000 276.85300 274.19299
287.64899 279.18900 267.02701 289.26199 278.63501 276.75601 281.47800 284.13400 283.66299 292.82800 294.38400 293.60300 292.79901 292.92001 292.09601 291.82599 291.08600 289.52100 289.29700 288.09500 285.00601 285.41199 287.28699 287.95401 288.45499 288.94299 288.35400 287.95599 288.33701 288.37100 288.06900 288.68399 288.38699 288.35599 288.37201 288.10300 287.52200 287.34698 287.13901 286.86700 286.36499 285.68701 284.45999 284.55801 284.76501 283.71100 284.11301 284.11401 283.60199 281.26099 279.42599 277.41501 278.96201 276.62799 276.10300 272.59500 267.42099 266.04800 267.41501 267.83200 266.48801 268.84201 264.62701 269.14200 275.89700 277.18100 277.74301 278.49100 278.53900 275.61899
276.44199 274.81500 269.71899 277.71899 293.08200 286.36301 291.09799 291.78201 285.29199 289.79800 292.31699 292.87500 293.94601 293.92099 293.55801 292.99600 292.11600 291.60800 290.91599 289.82001 281.72400 283.12399 285.11899 285.96201 288.24399 289.00299 289.02802 289.40201 289.59698 290.01999 289.41599 289.55499 289.70300 289.07300 288.94101 288.67200 288.34299 287.74301 286.48099 285.68201 284.21600 284.52600 284.74399 280.57800 278.93600 280.80200 283.35999 284.68701 285.88901 284.29401 280.71100 278.05200 277.38599 276.13300 275.84399 274.85400 276.16299 275.90100 270.11600 268.37399 266.44299 264.13101 261.76300 260.04901 266.73199 269.41199 271.76999 272.26700 271.97900 270.71399
289.79300 279.64999 273.32401 273.46600 273.90100 281.76801 292.01999 290.37701 285.08899 284.12100 290.42801 278.52200 280.30200 283.77100 289.49600 291.73401 292.23199 293.22198 293.13000 290.77499 286.82001 284.23801 286.93301 287.84799 290.00000 290.84900 290.68799 290.68201 290.69000 291.33499 291.25601 291.20401 290.21201 288.16800 289.33301 289.70099 287.27399 285.99600 285.35001 284.44400 282.31900 281.63800 283.43301 284.48700 283.38699 279.39200 279.20599 280.76501 282.43799 283.50699 279.12201 276.85901 276.92099 276.86301 278.36899 274.23901 270.68301 269.18799 264.50201 268.67099 271.52701 270.40100 270.50400 269.33701 267.01599 262.76199 268.91501 264.97101 268.65500 269.98999
287.60800 281.20401 277.50101 272.80099 269.41000 266.98999 280.75699 286.82300 289.21100 288.86200 291.11600 285.03900 274.35901 267.60199 263.36899 275.24500 283.79199 288.67599 292.20999 293.54501 293.83701 293.37799 293.46500 293.23401 293.82800 293.09799 293.38000 292.56201 292.69501 293.39499 291.48700 291.84698 289.98199 288.38800 287.50000 290.00601 287.25000 285.79300 282.59698 284.17999 285.00400 283.28601 282.20901 283.90500 284.01901 280.93701 282.50000 281.15799 281.34799 282.67099 283.78400 284.01599 282.34799 280.45700 279.15399 278.57901 276.79700 272.89499 268.84399 270.65302 264.57800 266.21600 268.43100 269.69299 272.91501 274.65302 274.08301 271.65900 270.40900 271.64999
276.35199 271.14499 271.70999 266.60800 265.18799 267.20401 269.39001 269.26401 272.99799 279.87000 286.79599 292.48999 286.89200 281.27499 275.81699 268.87500 268.59500 269.60001 273.57501 281.27200 284.97299 290.59601 291.99100 293.38901 294.12100 295.06100 295.38699 294.35101 294.24799 291.44101 289.15201 292.58899 284.64801 282.05701 282.60199 284.23999 283.63800 283.63101 282.58301 283.71399 283.01599 282.56100 282.28500 285.27701 281.44400 280.46701 278.20001 277.72000 277.94199 279.01099 279.46100 275.81100 274.91599 272.39999 271.03000 271.97601 272.09698 267.27200 271.51099 271.68500 266.71500 270.13101 270.95801 271.59698 277.50400 276.96899 276.44501 271.23300 273.37201 275.20300
282.36899 276.30600 269.79999 266.46600 269.32901 265.80200 264.55600 267.09100 271.71799 272.28299 279.09500 281.06299 279.37500 280.59900 283.13300 282.03299 280.57401 277.29700 270.92999 268.47400 271.59698 275.95401 279.77701 287.42700 292.85599 295.72501 296.69800 295.97101 292.54300 288.53201 288.96201 288.43399 287.13599 282.07700 284.45901 280.65601 287.42401 286.76999 284.53601 279.52499 281.30200 284.44601 286.59000 284.35001 281.62900 274.82199 272.92999 272.74301 274.42599 274.43500 270.18799 268.15500 269.71799 267.64301 262.95801 266.68799 263.71201 269.59100 266.04501 272.54999 276.10699 275.76801 278.61700 277.48001 279.26501 275.14200 278.52499 281.29401 281.63300 280.59799
278.42801 277.15900 276.26501 276.59399 277.62299 270.76901 266.26300 266.52399 266.89499 268.61499 275.37900 283.45700 267.80701 270.54700 275.34000 266.10699 260.64801 262.77899 285.52399 273.24500 261.23599 264.63199 269.29901 275.21600 292.66800 296.50601 297.97400 297.04401 294.66199 291.21301 291.02399 288.69299 287.92099 286.91800 286.58899 291.28101 289.39899 285.72900 285.31601 282.00601 280.58099 276.53000 280.89801 281.16101 278.73199 283.66699 282.86600 278.73001 274.94901 272.20001 270.08499 267.84601 270.05200 270.98199 269.58701 266.41400 265.10999 267.89301 267.43900 275.23901 277.33099 282.44699 284.41400 280.93399 279.01001 285.67200 287.03500 286.49100 286.43201 285.97699
276.97900 277.26401 277.70599 278.41000 280.10001 276.69901 276.11401 275.94199 274.13101 275.77499 274.26700 275.60599 274.04901 274.86499 277.62701 270.22900 267.92499 260.44800 266.22601 272.35999 277.09799 273.75000 273.74701 277.62201 281.72699 290.66599 297.22699 297.45001 296.91400 295.16299 295.56000 291.72000 292.26999 292.94000 290.60501 289.55099 289.32999 288.88800 287.31699 285.43301 281.99600 275.69101 275.49899 274.55499 275.49100 283.80200 284.29901 279.88501 276.10101 274.10901 268.74301 267.60101 271.32199 273.53201 267.38000 270.52200 272.15601 273.81400 276.70099 271.54401 277.12601 280.94601 284.49301 285.33200 290.02301 291.72000 291.07599 288.99899 285.68201 281.16599
276.71301 276.59799 275.68799 273.67001 274.42801 274.66800 279.36099 280.04099 281.14600 281.34698 282.28000 276.00800 269.80600 273.68701 278.46600 278.34799 273.08600 270.52200 268.64099 261.80399 266.07501 272.05600 279.41299 283.84399 283.49799 282.55099 287.46301 294.25000 294.90701 293.59601 290.81699 292.48401 291.37900 295.83099 292.62100 289.81100 285.17499 285.10501 278.93500 282.81699 275.43100 268.60901 273.48099 273.29800 268.33401 271.90799 277.58701 277.03299 275.36401 276.57999 273.68399 270.43100 276.53500 279.16501 279.67899 281.37601 280.74500 279.18900 277.00101 279.78400 277.37900 283.65201 284.70099 286.24899 288.60101 290.62601 291.21301 289.75201 287.71100 284.52499
280.70099 274.38800 270.43900 267.40399 267.26999 272.33099 274.40100 278.09201 280.54300 283.93399 278.77200 278.39899 275.17801 267.04300 272.15201 278.49899 279.17499 272.78101 268.37201 263.50299 264.44400 268.62601 271.20300 274.70700 280.22800 283.83600 288.64401 286.88400 291.58701 294.93900 291.75201 295.75699 291.54401 294.04700 284.75299 281.97400 287.49301 282.52200 275.15500 277.14801 278.62701 272.21399 269.71201 269.08099 272.29599 271.48099 272.89001 273.94000 272.67599 274.39700 271.78699 272.10901 271.82001 274.21100 273.89301 273.71399 275.24701 276.63199 282.08499 285.26700 288.64999 290.53400 289.27701 289.12900 290.11801 290.63300 290.94101 290.24399 287.95300 280.76300
283.80200 281.07901 276.40399 266.36099 265.96399 266.39899 275.06100 276.36499 282.71500 281.22400 283.73599 287.57401 283.59500 278.16400 270.75900 272.53900 273.07800 270.22900 273.82001 271.45700 273.20901 264.00299 271.98599 276.29401 280.67801 284.51999 282.81500 279.19199 287.33899 292.59500 295.44199 288.40601 290.40799 290.41299 283.13101 278.06299 284.16400 280.85001 277.87500 272.76999 273.01700 272.78101 270.67801 272.62601 271.92200 273.09100 271.69299 277.59500 275.29501 273.32300 273.62799 274.58600 273.99301 277.57901 280.98199 279.96600 283.03299 282.88000 285.28699 289.67099 290.84399 290.55099 289.40100 288.90302 288.16299 281.00800 282.64099 281.44299 281.73700 279.16800
283.54300 276.81799 276.78101 268.96399 264.33401 264.54300 260.23700 264.40399 274.29700 274.87000 276.29300 281.78699 277.19601 278.38300 274.20700 266.41199 270.66800 275.56799 277.35001 274.15201 275.46899 276.10501 271.34201 272.89499 279.32001 285.80499 291.44699 288.62701 291.95401 300.01501 295.45001 294.23499 291.25101 287.06100 283.46201 279.46799 277.68701 280.76599 275.62900 270.65201 267.81601 274.83301 275.25601 272.71301 279.04099 280.83899 283.12500 286.76700 289.26999 288.12799 288.50500 289.05499 289.12299 289.68201 287.15900 284.95099 285.25699 287.24600 290.36899 291.44699 291.11200 289.97101 289.68399 284.88901 277.53101 275.11700 276.91101 276.11499 277.22900 279.86700
284.72900 284.91000 279.09900 270.69199 271.55399 265.02499 264.01501 255.79800 262.27499 268.68201 265.09601 264.77499 267.47299 271.20700 266.62299 267.42801 271.55600 270.97000 272.67999 277.05701 277.14499 275.60800 272.03201 266.10199 276.82800 285.16699 287.74600 282.19901 286.54901 287.92499 283.52899 288.83499 289.56500 283.42001 280.64700 276.95401 277.90100 277.52701 277.88300 273.22800 271.99799 276.95300 284.79901 281.26901 286.15500 292.65399 292.94101 290.41901 288.69699 284.37799 287.52899 -9999 -9999 291.91800 291.79099 293.29501 289.77899 289.72299 291.85400 291.49500 288.21899 287.00101 280.30099 274.55801 268.75000 271.97198 268.34399 267.11899 265.88101 275.93799
275.32999 273.04501 277.04099 273.57901 269.16901 268.22000 269.49200 260.63599 268.92700 265.20200 262.00101 259.78201 265.07199 263.49600 263.16299 267.66199 271.03500 266.96600 271.78699 275.41199 271.57999 274.38101 278.10501 277.52499 276.55701 269.57800 276.15500 276.64001 282.03500 281.66800 283.36200 280.91400 286.80301 282.78201 277.66101 276.75101 276.09000 275.58499 284.73499 292.54700 -9999 -9999 -9999 -9999 298.40799 -9999 285.70499 277.31699 282.49100 284.30600 292.28601 -9999 -9999 287.43500 288.38800 290.24799 290.17300 292.03299 290.26801 287.13300 283.58499 282.24301 279.26401 276.12701 273.47400 277.15100 263.71500 262.82501 265.70599 279.39499
