data/hydroclimate-scenarios/1948-2000.Pcorr55N_Pref_Tref/monthly_summaries/olr_monthly_avg_aug.asc
ncols	311
nrows	91
xllcenter	102.75
yllcenter	31.75
cellsize	0.5
NODATA_value	-9999
[rows 0 to 30 of 91, columns 70 to 139 of 311]
-9999 -9999 -9999 -9999 -9999 -9999 -9999 -9999 -9999 -9999 -9999 -9999 -9999 -9999 -9999 -9999 -9999 -9999 -9999 -9999 -9999 -9999 -9999 -9999 -9999 -9999 -9999 -9999 -9999 -9999 -9999 -9999 -9999 -9999 -9999 -9999 -9999 -9999 -9999 -9999 -9999 -9999 -9999 -9999 -9999 -9999 -9999 -9999 -9999 -9999 -9999 -9999 -9999 -9999 -9999 -9999 -9999 -9999 -9999 -9999 -9999 -9999 -9999 -9999 -9999 -9999 -9999 -9999 -9999 -9999
-9999 -9999 -9999 -9999 -9999 -9999 -9999 -9999 -9999 -9999 -9999 -9999 -9999 -9999 -9999 -9999 -9999 -9999 -9999 -9999 -9999 -9999 -9999 -9999 -9999 -9999 -9999 -9999 -9999 -9999 -9999 -9999 -9999 -9999 -9999 -9999 -9999 -9999 -9999 -9999 -9999 -9999 -9999 -9999 -9999 -9999 -9999 -9999 -9999 -9999 -9999 -9999 -9999 -9999 -9999 -9999 -9999 -9999 -9999 -9999 -9999 -9999 -9999 -9999 -9999 -9999 -9999 -9999 -9999 -9999
-9999 -9999 -9999 -9999 -9999 -9999 -9999 -9999 -9999 -9999 -9999 -9999 -9999 -9999 -9999 -9999 -9999 -9999 -9999 -9999 -9999 -9999 -9999 -9999 -9999 -9999 -9999 -9999 -9999 -9999 -9999 -9999 -9999 -9999 -9999 -9999 -9999 -9999 -9999 -9999 -9999 -9999 -9999 -9999 -9999 -9999 -9999 -9999 -9999 -9999 -9999 -9999 -9999 -9999 -9999 -9999 -9999 -9999 -9999 -9999 -9999 -9999 -9999 -9999 -9999 -9999 -9999 -9999 -9999 -9999
-9999 -9999 -9999 -9999 -9999 -9999 -9999 -9999 -9999 -9999 -9999 -9999 -9999 -9999 -9999 -9999 -9999 -9999 -9999 -9999 -9999 -9999 -9999 -9999 -9999 -9999 -9999 -9999 -9999 -9999 -9999 -9999 -9999 -9999 -9999 -9999 -9999 -9999 -9999 -9999 -9999 -9999 -9999 -9999 -9999 -9999 -9999 -9999 -9999 -9999 -9999 -9999 -9999 -9999 -9999 -9999 -9999 -9999 -9999 -9999 -9999 -9999 -9999 -9999 -9999 -9999 -9999 -9999 -9999 -9999
-9999 -9999 -9999 -9999 -9999 -9999 -9999 -9999 -9999 -9999 -9999 -9999 -9999 -9999 -9999 -9999 -9999 -9999 -9999 -9999 -9999 -9999 -9999 -9999 -9999 -9999 -9999 -9999 -9999 -9999 -9999 -9999 -9999 -9999 -9999 -9999 -9999 -9999 -9999 -9999 -9999 -9999 -9999 -9999 -9999 -9999 -9999 -9999 -9999 -9999 -9999 -9999 -9999 -9999 -9999 -9999 -9999 -9999 -9999 -9999 -9999 -9999 -9999 -9999 -9999 -9999 -9999 -9999 -9999 -9999
-9999 -9999 -9999 -9999 -9999 -9999 -9999 -9999 -9999 -9999 -9999 -9999 -9999 -9999 -9999 -9999 -9999 -9999 -9999 -9999 -9999 -9999 -9999 -9999 -9999 -9999 -9999 -9999 -9999 -9999 -9999 -9999 -9999 -9999 -9999 -9999 -9999 -9999 -9999 -9999 -9999 -9999 -9999 -9999 -9999 -9999 -9999 -9999 -9999 -9999 -9999 -9999 -9999 -9999 -9999 -9999 -9999 -9999 -9999 -9999 -9999 -9999 -9999 -9999 -9999 -9999 -9999 -9999 -9999 -9999
-9999 -9999 -9999 -9999 -9999 -9999 -9999 -9999 -9999 -9999 -9999 -9999 -9999 -9999 -9999 -9999 -9999 -9999 -9999 -9999 -9999 -9999 -9999 -9999 -9999 -9999 -9999 -9999 -9999 -9999 -9999 -9999 -9999 -9999 -9999 -9999 -9999 -9999 -9999 -9999 -9999 -9999 -9999 -9999 -9999 -9999 -9999 -9999 -9999 -9999 -9999 -9999 -9999 -9999 -9999 -9999 -9999 -9999 -9999 -9999 -9999 -9999 -9999 -9999 -9999 -9999 -9999 -9999 -9999 -9999
-9999 -9999 -9999 -9999 -9999 -9999 -9999 -9999 -9999 -9999 -9999 -9999 -9999 -9999 -9999 -9999 -9999 -9999 -9999 -9999 -9999 -9999 -9999 -9999 -9999 -9999 -9999 -9999 -9999 -9999 -9999 -9999 -9999 -9999 -9999 -9999 -9999 -9999 -9999 -9999 -9999 -9999 -9999 -9999 -9999 -9999 -9999 -9999 -9999 -9999 -9999 -9999 -9999 -9999 -9999 -9999 -9999 -9999 -9999 -9999 -9999 -9999 -9999 -9999 -9999 -9999 -9999 -9999 -9999 -9999
-9999 -9999 -9999 -9999 -9999 -9999 -9999 286.82401 -9999 -9999 -9999 -9999 -9999 -9999 -9999 -9999 -9999 -9999 -9999 -9999 -9999 -9999 -9999 -9999 -9999 -9999 -9999 -9999 -9999 -9999 -9999 -9999 -9999 -9999 -9999 -9999 -9999 -9999 -9999 -9999 -9999 -9999 -9999 -9999 -9999 -9999 -9999 -9999 -9999 -9999 -9999 -9999 -9999 -9999 -9999 -9999 -9999 -9999 -9999 -9999 -9999 -9999 -9999 -9999 -9999 -9999 -9999 -9999 -9999 -9999
-9999 -9999 -9999 275.31900 291.72101 287.77499 287.17599 287.60199 287.01901 286.94800 286.79901 287.23801 287.37399 291.14999 290.98801 291.28699 291.04199 291.12299 290.92801 289.26501 288.95099 288.36801 288.34000 -9999 -9999 -9999 -9999 -9999 -9999 -9999 -9999 -9999 -9999 -9999 -9999 -9999 -9999 -9999 -9999 -9999 -9999 -9999 -9999 -9999 -9999 -9999 -9999 -9999 -9999 -9999 -9999 -9999 -9999 -9999 -9999 -9999 -9999 -9999 -9999 -9999 -9999 -9999 -9999 -9999 -9999 -9999 -9999 -9999 -9999 -9999
-9999 -9999 -9999 -9999 -9999 289.66000 289.31699 289.12701 288.45300 289.28699 289.00500 289.86600 289.63101 289.23599 289.56500 289.79599 289.48199 289.25900 288.94299 288.85501 288.59000 288.95401 288.85400 -9999 -9999 -9999 -9999 -9999 -9999 -9999 -9999 -9999 -9999 -9999 -9999 -9999 -9999 -9999 -9999 -9999 -9999 -9999 -9999 -9999 -9999 -9999 -9999 -9999 -9999 -9999 -9999 -9999 -9999 -9999 -9999 -9999 -9999 -9999 -9999 -9999 -9999 -9999 -9999 -9999 -9999 -9999 -9999 -9999 -9999 -9999
293.30600 293.22601 292.31201 291.85501 292.00699 290.82800 290.54999 290.73199 290.14401 290.62799 290.50601 291.06201 291.24701 290.63800 290.32401 290.48099 290.29401 289.82401 289.67599 290.12500 290.06900 290.58499 290.07999 289.15100 289.06299 287.58899 288.56900 287.94000 288.19400 -9999 -9999 -9999 -9999 -9999 -9999 -9999 -9999 -9999 -9999 -9999 -9999 -9999 -9999 -9999 -9999 -9999 -9999 -9999 -9999 -9999 -9999 -9999 -9999 -9999 -9999 -9999 -9999 -9999 -9999 -9999 -9999 -9999 -9999 -9999 -9999 -9999 -9999 -9999 -9999 -9999
292.67401 292.67401 292.40701 292.52399 291.74899 291.99200 291.69800 291.86801 292.20599 293.02200 292.45001 291.74200 291.77802 291.17401 290.86899 290.97299 290.70300 290.90900 290.82599 291.19501 290.79999 291.78400 290.85599 288.09500 289.48901 289.33701 289.08899 288.35400 288.91699 289.13901 289.09299 288.35501 288.84399 288.90100 288.90100 288.35001 288.04099 287.78299 287.28900 286.80301 286.98999 286.82901 286.88699 286.84601 -9999 -9999 -9999 -9999 -9999 -9999 -9999 -9999 -9999 -9999 -9999 -9999 -9999 -9999 -9999 -9999 -9999 -9999 -9999 -9999 -9999 -9999 -9999 -9999 -9999 -9999
291.61200 292.52301 290.79401 291.86099 290.68301 290.10101 290.83499 292.40799 292.89801 293.71500 292.70901 293.13300 292.85699 292.29999 292.02200 291.89401 291.79099 292.00800 291.91000 291.92801 292.02499 291.18600 288.34201 287.24600 287.83801 288.21201 289.31601 290.00201 290.03299 288.91800 287.78101 289.90900 289.47501 289.48599 289.45801 289.59100 289.03400 289.03000 288.78799 288.85999 288.26700 287.73999 287.64001 287.69601 288.55701 -9999 -9999 -9999 -9999 -9999 -9999 -9999 -9999 -9999 -9999 -9999 -9999 -9999 -9999 -9999 -9999 -9999 -9999 -9999 -9999 -9999 -9999 -9999 -9999 -9999
282.90701 281.77100 280.82501 283.62399 277.77301 283.31400 284.96301 284.18900 285.53299 284.94299 287.69199 288.04501 289.30499 292.54700 293.50400 293.90500 293.14200 292.49301 292.15900 291.50299 290.26199 288.87900 288.70200 288.46799 288.67700 289.42099 286.11801 288.72800 290.77600 290.73401 288.27100 289.54800 289.96500 290.45599 289.92599 290.40500 290.16901 289.82901 290.06799 289.22501 289.42099 288.95099 289.08200 289.33801 289.90701 -9999 -9999 -9999 -9999 -9999 -9999 -9999 -9999 -9999 -9999 -9999 -9999 -9999 -9999 -9999 289.05399 288.29199 -9999 -9999 -9999 -9999 283.24701 279.04001 275.37799 280.56601
284.19400 283.42401 282.03101 283.26501 279.59500 285.90900 289.54901 288.69501 285.56799 284.11600 283.97000 291.10999 292.42300 293.66101 293.12399 292.48700 294.13800 292.82599 293.58600 292.24301 292.52701 291.54099 290.00101 290.24399 292.62900 291.75500 292.01801 292.00900 291.81699 292.59500 292.00900 292.02301 291.50900 291.50800 291.60001 291.28299 291.37000 291.26001 291.22800 291.07300 290.36899 290.34799 290.49399 290.70401 290.41000 290.32001 290.64801 291.25400 289.60599 283.93500 281.72198 283.33301 281.10999 281.32401 283.37799 282.97299 282.12000 288.44000 288.58099 288.76599 288.79401 289.06900 -9999 -9999 -9999 -9999 -9999 285.69601 282.66599 283.10101
279.42999 277.25900 283.86600 282.75400 277.51199 282.69601 288.10999 289.12500 289.64001 292.53299 294.80499 295.67700 295.38199 297.41800 297.29001 296.68500 296.43100 295.66699 295.39801 295.00000 294.55600 294.52701 294.60999 294.42599 294.23901 293.61899 294.08701 293.52100 293.55099 293.20499 293.71799 293.18900 293.17001 293.27100 293.10999 292.50299 292.63300 292.25201 292.43500 292.67599 292.12601 291.72699 291.84100 291.42801 291.31299 290.81201 290.26501 291.28000 290.42999 285.04501 282.53500 284.88699 286.72000 284.26901 278.62601 274.26999 280.58200 278.01901 277.41299 278.66199 282.48901 283.28400 281.57800 286.07700 288.97800 290.26599 289.46500 289.42700 289.39301 289.46899
285.42099 276.30899 263.69000 287.87201 276.88901 276.23199 281.57101 284.89499 284.54800 296.10901 297.50400 297.19901 296.96301 298.44400 298.18500 297.71201 297.69199 297.33301 297.11801 296.67300 293.16101 292.38199 294.51999 295.30399 295.79901 294.86499 294.85999 294.70001 294.59698 294.76199 294.74799 293.84698 294.22101 294.41000 294.31201 293.94901 293.88501 293.64899 293.84299 293.65399 293.62201 293.69000 292.38901 292.68100 292.56799 291.79199 291.94101 292.27399 291.80899 291.30701 290.09000 287.40201 289.32901 286.25000 286.10901 282.07599 276.45001 275.62799 277.39401 277.46500 275.99200 277.64600 273.56699 279.33600 286.65900 289.53900 290.39200 290.16199 290.36401 291.02200
275.95700 273.86301 268.43701 280.20700 296.16901 290.41400 295.28601 295.34201 289.08899 291.28500 295.56699 295.84201 297.01901 297.56400 297.62900 298.66599 298.41599 298.04700 297.36600 295.05301 287.10501 287.76599 290.18100 291.04999 293.87100 295.44101 295.17599 295.37601 295.38101 295.62000 295.44299 295.69901 295.49100 295.33301 294.84500 294.55899 294.25601 295.35999 293.98199 293.36801 292.00601 292.43500 293.72400 287.82001 286.45300 288.51999 291.53500 293.35400 294.72101 294.67300 290.99399 288.23999 287.64499 285.63199 285.13599 284.87100 286.24200 284.92801 279.46100 277.44299 275.65900 273.37000 270.95099 270.28601 277.31500 282.59900 284.72601 286.35901 287.14200 282.79001
290.29501 279.41901 272.94299 275.82800 276.21600 286.20300 297.17300 295.01001 288.99301 286.06799 292.53500 280.30801 282.76999 286.71301 292.70001 296.93799 297.75900 299.01401 298.26801 296.24600 292.00900 288.88300 291.65900 292.97699 295.00500 297.01801 296.74200 297.14999 297.15799 296.83099 297.05499 296.75601 295.95700 293.64401 295.14801 294.83499 292.51999 293.05099 292.67099 291.67801 289.29001 289.28900 291.91400 292.03101 291.41299 287.44501 287.09100 289.03900 291.10999 294.44901 289.37500 287.25601 287.17899 286.18701 288.04501 283.76999 279.98599 278.30701 273.36700 278.04199 281.23499 279.94000 280.69000 280.29199 276.66800 274.75900 281.78101 279.00800 283.05899 282.12500
288.17200 282.19699 277.93399 275.98599 272.22299 270.72400 285.77301 290.76901 293.70200 291.54501 294.52899 286.44400 275.52100 269.13699 265.44000 277.44800 286.26999 291.95901 297.24899 298.49100 298.97501 299.17099 299.01199 297.64401 298.29999 298.85199 298.21100 298.92700 298.68600 298.71600 296.88800 296.48499 295.18301 292.48599 293.17099 294.87601 292.51501 290.98300 288.26001 290.73401 291.75500 289.67401 289.11499 290.97400 292.08701 289.26801 291.44800 291.41400 291.72900 294.51599 295.03400 294.51501 293.00699 290.26599 289.09500 288.56299 286.65500 281.37399 277.71600 280.63599 274.76300 276.67801 278.79999 280.96500 283.43900 287.42200 287.34799 286.29300 285.22198 284.68500
277.41501 272.28201 273.58701 269.36200 269.14700 272.40302 273.81699 272.61801 276.76401 281.61200 289.30099 294.95401 289.61099 284.44901 278.40799 271.04099 270.85800 272.18500 276.62100 284.93900 288.96701 295.78400 297.22800 297.79800 298.69699 299.72900 300.59100 299.93799 299.45401 296.35501 294.03799 297.23999 288.74100 286.17801 286.49200 288.03601 287.74899 288.70001 288.01501 289.90302 289.07700 289.11801 288.50900 292.93900 289.56500 289.68500 287.83499 287.71500 288.29700 290.39200 290.71201 286.16199 285.45700 282.01001 281.16599 282.74600 282.96399 276.81799 281.37399 281.92801 276.65900 280.82700 280.64099 282.69299 289.15399 290.15302 289.39999 285.50500 288.56100 288.50400
283.33701 276.62299 270.87500 266.73099 269.10400 266.53900 265.18201 268.04999 273.17300 273.34698 280.92499 282.67300 281.37500 282.78601 286.37201 285.18201 284.52701 279.63800 274.03799 271.54199 274.87601 281.21100 285.20099 294.64200 300.13400 303.35400 303.77100 302.43900 297.59601 293.29099 292.73401 292.12500 291.33600 287.04901 289.45999 288.34500 296.09399 295.58499 293.35699 289.06201 291.52100 295.11899 297.27301 295.44699 293.08801 286.54099 285.12799 283.53201 285.50699 284.58200 279.94000 277.70401 279.50800 277.04001 272.67200 276.66699 273.19699 280.85400 276.79901 282.13800 286.08099 285.36899 288.30701 288.45499 289.93701 285.75900 289.72000 293.68701 295.03101 294.35199
279.96201 278.97800 277.97900 277.58200 278.95599 272.21399 267.36200 268.40799 268.83701 269.89999 277.70300 285.42700 269.99799 272.16101 277.51599 268.40201 263.07901 265.09399 289.79300 276.85300 264.78500 269.23599 274.01099 282.22501 300.51599 304.18701 304.96701 303.00101 299.35199 294.79099 294.67700 291.85699 291.50601 292.30600 292.57599 300.22699 298.52600 294.51901 294.81299 292.03500 290.99899 286.67300 291.79501 292.59100 290.27100 296.56000 296.18799 290.44000 286.54999 282.04199 280.29700 277.82501 280.85501 280.40100 279.91501 276.64200 275.03799 278.88901 278.50800 285.76099 287.66901 292.48700 293.91101 291.46701 288.91299 296.00800 298.18799 298.62900 299.97101 299.61499
278.74301 279.12799 279.70700 280.11099 281.38800 279.12000 278.56400 277.98999 275.58600 276.92499 275.99799 277.74301 276.43399 276.82199 279.79599 272.42401 270.82901 263.59399 269.29599 277.05600 282.48099 280.07999 279.40201 285.44199 289.20099 298.01199 304.82700 303.14001 302.48901 298.76700 298.89999 295.03699 295.75201 299.44000 297.24799 298.44400 298.84698 298.28601 297.05801 295.62299 292.46201 286.98401 287.11499 286.48801 287.80399 297.32001 298.21799 291.93301 288.91901 284.37201 279.08801 277.66501 282.07001 284.56100 278.05099 281.84399 283.88300 285.40701 288.42801 283.49899 288.88000 291.11099 294.97198 295.33401 300.35800 301.83301 301.55701 300.72299 298.68701 294.54199
279.38699 278.88199 278.37900 275.95700 276.89999 278.31699 282.47699 282.32501 283.56500 283.55899 284.27899 278.01700 272.13501 276.17801 281.53400 281.83600 276.91199 274.37201 273.12201 266.68399 271.50400 278.93900 286.61301 292.92001 291.77301 290.00101 294.29501 300.51801 299.67401 296.83401 293.79901 296.07199 295.18799 302.28299 300.22101 299.07999 294.40302 295.00900 288.55701 293.10501 286.15601 279.59799 285.10501 286.50299 280.65399 285.18399 291.91800 289.52301 288.65100 287.85800 285.41501 281.87500 288.64401 291.34000 292.20901 294.11801 293.31900 292.14401 289.99500 292.26099 289.66800 294.67700 295.67200 296.79300 298.63199 300.58200 302.89301 302.28799 301.37601 298.78400
285.18399 277.24600 273.30701 269.68900 269.61200 275.22699 277.14499 280.54501 282.21899 285.87299 280.39099 279.73700 277.11600 269.78000 276.00299 283.25601 285.06100 278.40900 274.40799 269.91800 270.88400 276.48199 279.37299 281.45599 286.06699 288.33801 292.66501 291.75299 295.81000 298.30301 294.81000 299.46600 295.89499 300.19901 290.84698 287.45499 293.83701 289.31500 282.25699 284.48599 286.88400 280.28500 277.97198 277.98300 281.76801 281.93799 283.80801 285.82199 285.04199 286.94000 283.77701 284.10400 284.20300 286.74200 286.60999 287.22101 289.23999 290.49799 296.32800 300.01501 302.95700 303.12701 300.92599 300.14001 301.12299 301.96201 303.39600 303.29300 301.94699 294.66400
289.43301 285.21301 280.81900 270.06100 269.45200 270.27899 278.66101 279.89999 285.78699 284.02399 286.15601 289.64700 286.70599 282.99701 275.77701 278.82999 279.70401 277.14700 280.91101 279.63101 281.67499 273.09201 281.27802 285.15201 288.29700 290.39801 288.26999 284.05099 290.93600 296.41699 299.36801 292.03400 295.10699 296.97900 289.58301 284.94699 291.29300 288.35800 285.26901 280.64200 281.73401 281.47800 280.04599 282.73999 281.89301 284.24799 283.33899 291.10999 289.07800 286.60599 287.23801 288.32599 287.57001 291.10001 294.76199 294.28799 297.97400 297.70901 300.27899 303.93100 305.26901 304.07101 302.56201 301.46399 300.12900 293.37500 295.82300 294.66501 296.10400 294.43900
290.28601 282.14700 282.57501 274.05099 269.30301 269.57901 265.37500 269.87201 279.64899 279.66199 281.32800 285.93500 281.90100 285.59201 282.09500 274.45801 279.04999 284.74200 286.85001 284.12201 285.16299 286.92200 281.50900 282.92099 289.12399 294.61200 299.51401 294.60400 296.80600 304.07700 300.20001 299.93600 298.18600 293.73199 290.30099 287.57901 286.23099 289.41000 284.26001 279.76300 276.23801 284.29800 285.24899 283.62399 290.31201 293.03601 295.90100 301.02600 304.15701 302.79901 304.02301 304.89801 305.44199 305.91400 303.53699 301.09100 301.38800 303.12000 307.06000 306.51901 306.19501 304.16599 304.01599 299.01599 291.53299 287.94400 290.21799 289.73001 292.21600 295.74301
293.05600 291.74799 286.33301 277.49301 278.33301 271.73199 270.72101 262.50299 269.09799 275.99701 272.22699 271.34698 274.82800 280.25299 275.83301 276.73300 282.29800 281.26501 282.87100 287.85901 288.52802 287.33801 283.45901 277.20099 288.30899 295.93201 297.68900 290.23401 293.94000 294.47101 289.92801 296.39700 298.20499 292.00601 289.24100 285.71399 287.46301 286.95300 287.51901 282.70099 282.07001 287.89801 296.43399 292.64700 298.31900 306.07501 306.82501 305.01501 303.95599 299.26700 303.22198 -9999 -9999 308.40500 308.24301 309.85901 305.54401 305.66501 307.82999 306.49500 303.50101 301.84601 294.57501 288.69199 283.51901 286.11099 282.51999 281.34399 280.64401 292.34201
282.86301 281.43201 285.47900 282.59100 278.63101 277.63901 279.05499 270.21701 278.81601 275.06799 271.65701 269.60999 274.91901 274.26599 273.71100 279.15399 281.91501 278.64801 284.15701 288.60300 284.20599 286.68100 290.52399 290.69299 288.37299 280.80499 287.59601 286.00400 291.23499 290.29199 292.19501 289.67099 296.79199 292.25101 286.87100 286.21799 285.65601 285.81699 295.30899 304.04300 -9999 -9999 -9999 -9999 311.21500 -9999 300.30200 291.28000 297.42899 300.22101 309.33099 -9999 -9999 305.25900 306.10400 308.51401 308.25800 309.74301 307.64700 304.11700 300.08499 297.75299 295.05499 291.70999 289.20001 294.03400 279.36600 278.61301 282.49500 296.63699
