data/hydroclimate-scenarios/1948-2000.Pcorr55N_Pref_Tref/monthly_summaries/olr_monthly_avg_sep.1950-2000.asc
ncols	311
nrows	91
xllcenter	102.75
yllcenter	31.75
cellsize	0.5
NODATA_value	-9999
[rows 0 to 30 of 91, columns 70 to 139 of 311]
-9999 -9999 -9999 -9999 -9999 -9999 -9999 -9999 -9999 -9999 -9999 -9999 -9999 -9999 -9999 -9999 -9999 -9999 -9999 -9999 -9999 -9999 -9999 -9999 -9999 -9999 -9999 -9999 -9999 -9999 -9999 -9999 -9999 -9999 -9999 -9999 -9999 -9999 -9999 -9999 -9999 -9999 -9999 -9999 -9999 -9999 -9999 -9999 -9999 -9999 -9999 -9999 -9999 -9999 -9999 -9999 -9999 -9999 -9999 -9999 -9999 -9999 -9999 -9999 -9999 -9999 -9999 -9999 -9999 -9999
-9999 -9999 -9999 -9999 -9999 -9999 -9999 -9999 -9999 -9999 -9999 -9999 -9999 -9999 -9999 -9999 -9999 -9999 -9999 -9999 -9999 -9999 -9999 -9999 -9999 -9999 -9999 -9999 -9999 -9999 -9999 -9999 -9999 -9999 -9999 -9999 -9999 -9999 -9999 -9999 -9999 -9999 -9999 -9999 -9999 -9999 -9999 -9999 -9999 -9999 -9999 -9999 -9999 -9999 -9999 -9999 -9999 -9999 -9999 -9999 -9999 -9999 -9999 -9999 -9999 -9999 -9999 -9999 -9999 -9999
-9999 -9999 -9999 -9999 -9999 -9999 -9999 -9999 -9999 -9999 -9999 -9999 -9999 -9999 -9999 -9999 -9999 -9999 -9999 -9999 -9999 -9999 -9999 -9999 -9999 -9999 -9999 -9999 -9999 -9999 -9999 -9999 -9999 -9999 -9999 -9999 -9999 -9999 -9999 -9999 -9999 -9999 -9999 -9999 -9999 -9999 -9999 -9999 -9999 -9999 -9999 -9999 -9999 -9999 -9999 -9999 -9999 -9999 -9999 -9999 -9999 -9999 -9999 -9999 -9999 -9999 -9999 -9999 -9999 -9999
-9999 -9999 -9999 -9999 -9999 -9999 -9999 -9999 -9999 -9999 -9999 -9999 -9999 -9999 -9999 -9999 -9999 -9999 -9999 -9999 -9999 -9999 -9999 -9999 -9999 -9999 -9999 -9999 -9999 -9999 -9999 -9999 -9999 -9999 -9999 -9999 -9999 -9999 -9999 -9999 -9999 -9999 -9999 -9999 -9999 -9999 -9999 -9999 -9999 -9999 -9999 -9999 -9999 -9999 -9999 -9999 -9999 -9999 -9999 -9999 -9999 -9999 -9999 -9999 -9999 -9999 -9999 -9999 -9999 -9999
-9999 -9999 -9999 -9999 -9999 -9999 -9999 -9999 -9999 -9999 -9999 -9999 -9999 -9999 -9999 -9999 -9999 -9999 -9999 -9999 -9999 -9999 -9999 -9999 -9999 -9999 -9999 -9999 -9999 -9999 -9999 -9999 -9999 -9999 -9999 -9999 -9999 -9999 -9999 -9999 -9999 -9999 -9999 -9999 -9999 -9999 -9999 -9999 -9999 -9999 -9999 -9999 -9999 -9999 -9999 -9999 -9999 -9999 -9999 -9999 -9999 -9999 -9999 -9999 -9999 -9999 -9999 -9999 -9999 -9999
-9999 -9999 -9999 -9999 -9999 -9999 -9999 -9999 -9999 -9999 -9999 -9999 -9999 -9999 -9999 -9999 -9999 -9999 -9999 -9999 -9999 -9999 -9999 -9999 -9999 -9999 -9999 -9999 -9999 -9999 -9999 -9999 -9999 -9999 -9999 -9999 -9999 -9999 -9999 -9999 -9999 -9999 -9999 -9999 -9999 -9999 -9999 -9999 -9999 -9999 -9999 -9999 -9999 -9999 -9999 -9999 -9999 -9999 -9999 -9999 -9999 -9999 -9999 -9999 -9999 -9999 -9999 -9999 -9999 -9999
-9999 -9999 -9999 -9999 -9999 -9999 -9999 -9999 -9999 -9999 -9999 -9999 -9999 -9999 -9999 -9999 -9999 -9999 -9999 -9999 -9999 -9999 -9999 -9999 -9999 -9999 -9999 -9999 -9999 -9999 -9999 -9999 -9999 -9999 -9999 -9999 -9999 -9999 -9999 -9999 -9999 -9999 -9999 -9999 -9999 -9999 -9999 -9999 -9999 -9999 -9999 -9999 -9999 -9999 -9999 -9999 -9999 -9999 -9999 -9999 -9999 -9999 -9999 -9999 -9999 -9999 -9999 -9999 -9999 -9999
-9999 -9999 -9999 -9999 -9999 -9999 -9999 -9999 -9999 -9999 -9999 -9999 -9999 -9999 -9999 -9999 -9999 -9999 -9999 -9999 -9999 -9999 -9999 -9999 -9999 -9999 -9999 -9999 -9999 -9999 -9999 -9999 -9999 -9999 -9999 -9999 -9999 -9999 -9999 -9999 -9999 -9999 -9999 -9999 -9999 -9999 -9999 -9999 -9999 -9999 -9999 -9999 -9999 -9999 -9999 -9999 -9999 -9999 -9999 -9999 -9999 -9999 -9999 -9999 -9999 -9999 -9999 -9999 -9999 -9999
-9999 -9999 -9999 -9999 -9999 -9999 -9999 262.71899 -9999 -9999 -9999 -9999 -9999 -9999 -9999 -9999 -9999 -9999 -9999 -9999 -9999 -9999 -9999 -9999 -9999 -9999 -9999 -9999 -9999 -9999 -9999 -9999 -9999 -9999 -9999 -9999 -9999 -9999 -9999 -9999 -9999 -9999 -9999 -9999 -9999 -9999 -9999 -9999 -9999 -9999 -9999 -9999 -9999 -9999 -9999 -9999 -9999 -9999 -9999 -9999 -9999 -9999 -9999 -9999 -9999 -9999 -9999 -9999 -9999 -9999
-9999 -9999 -9999 262.37601 265.65701 264.57199 263.21600 263.00500 263.25299 262.55099 263.05801 264.29199 264.33600 267.10800 267.43701 268.40701 268.48700 268.84000 268.87399 267.87900 268.51099 268.75000 268.30600 -9999 -9999 -9999 -9999 -9999 -9999 -9999 -9999 -9999 -9999 -9999 -9999 -9999 -9999 -9999 -9999 -9999 -9999 -9999 -9999 -9999 -9999 -9999 -9999 -9999 -9999 -9999 -9999 -9999 -9999 -9999 -9999 -9999 -9999 -9999 -9999 -9999 -9999 -9999 -9999 -9999 -9999 -9999 -9999 -9999 -9999 -9999
-9999 -9999 -9999 -9999 -9999 262.28000 262.14401 262.96701 263.16400 264.59900 264.88101 264.65399 264.77899 266.06100 265.97501 266.91901 267.38699 267.31900 267.26700 267.21201 267.47699 267.11899 267.07101 -9999 -9999 -9999 -9999 -9999 -9999 -9999 -9999 -9999 -9999 -9999 -9999 -9999 -9999 -9999 -9999 -9999 -9999 -9999 -9999 -9999 -9999 -9999 -9999 -9999 -9999 -9999 -9999 -9999 -9999 -9999 -9999 -9999 -9999 -9999 -9999 -9999 -9999 -9999 -9999 -9999 -9999 -9999 -9999 -9999 -9999 -9999
266.25201 265.62000 265.89001 265.28799 264.97900 263.36700 262.89099 263.79999 263.76300 264.84299 265.18900 265.30801 265.44400 266.99200 266.74100 267.68201 268.02701 267.36899 267.80099 267.99799 268.54999 268.29501 267.98801 266.29099 266.40900 266.67401 267.08099 265.87299 266.37201 -9999 -9999 -9999 -9999 -9999 -9999 -9999 -9999 -9999 -9999 -9999 -9999 -9999 -9999 -9999 -9999 -9999 -9999 -9999 -9999 -9999 -9999 -9999 -9999 -9999 -9999 -9999 -9999 -9999 -9999 -9999 -9999 -9999 -9999 -9999 -9999 -9999 -9999 -9999 -9999 -9999
264.83401 265.53799 265.71701 265.44299 264.55600 264.48099 264.32700 265.47101 264.97699 266.08499 266.79999 266.57199 266.22198 267.68301 267.76401 267.64899 268.43799 268.03799 268.37900 269.61700 269.24500 269.43600 267.91299 266.34299 266.32599 266.66101 266.80499 266.35800 265.60599 265.79599 265.76599 265.27200 264.93799 264.70401 264.76901 263.99301 263.37799 262.72601 262.77100 263.13101 263.05600 263.64899 264.05301 263.55200 -9999 -9999 -9999 -9999 -9999 -9999 -9999 -9999 -9999 -9999 -9999 -9999 -9999 -9999 -9999 -9999 -9999 -9999 -9999 -9999 -9999 -9999 -9999 -9999 -9999 -9999
263.79199 265.83301 263.85001 264.28799 263.37000 262.60699 263.59900 265.46201 265.73401 266.88699 267.13501 267.24600 267.35999 268.49799 268.51999 268.40201 269.09399 269.16501 269.46899 269.96600 269.89200 268.90799 265.41599 264.62900 265.12399 265.72501 267.09500 266.70401 266.67099 265.25201 264.21701 265.40900 265.67001 265.08600 265.14999 264.29599 264.26599 263.80701 263.65201 264.48401 264.86499 264.56100 264.62201 264.52499 264.79700 -9999 -9999 -9999 -9999 -9999 -9999 -9999 -9999 -9999 -9999 -9999 -9999 -9999 -9999 -9999 -9999 -9999 -9999 -9999 -9999 -9999 -9999 -9999 -9999 -9999
256.02301 256.54501 255.72701 257.72299 252.89400 256.87799 258.26700 258.78900 260.23001 260.75500 264.21500 263.68600 265.60501 268.05499 268.79999 269.85001 270.27701 270.43500 270.88901 269.41000 269.11301 267.08099 266.71799 266.76300 266.44101 267.03799 264.51199 266.38400 268.05499 267.30701 265.32599 265.72800 266.19800 266.72601 266.35599 265.70499 265.46500 265.67599 265.19901 264.15500 263.65201 264.09100 264.32999 265.83600 266.57199 -9999 -9999 -9999 -9999 -9999 -9999 -9999 -9999 -9999 -9999 -9999 -9999 -9999 -9999 -9999 265.56100 265.96799 -9999 -9999 -9999 -9999 262.54300 258.89999 255.74800 257.77301
256.99899 257.11801 256.28101 257.10800 254.00000 258.69601 262.40500 262.23099 259.55399 260.82999 260.71600 266.56699 267.84100 268.39899 267.94601 268.28299 270.34698 270.05200 271.33701 270.40201 270.53601 268.42599 267.12100 267.16901 269.57700 269.47699 269.57001 268.64600 268.76401 268.16101 267.96399 267.33301 267.36401 267.44901 267.38400 266.42300 266.39700 266.57599 266.51501 264.91501 264.82300 264.93201 264.86499 266.33701 266.19199 266.95200 266.68399 267.70999 266.76300 261.44800 259.46701 260.22000 259.11499 258.97101 260.68500 259.59900 259.44299 264.83499 265.01401 265.61899 265.49701 266.60800 -9999 -9999 -9999 -9999 -9999 264.17999 262.01099 259.99301
253.32100 251.67799 257.17801 255.88499 252.14799 256.05899 260.23099 261.38901 262.66800 266.36401 269.11099 270.07700 269.95901 271.03201 271.14999 271.81601 272.02399 271.54999 271.30399 271.66299 271.49500 271.50900 270.93701 271.44000 271.00699 270.38800 270.32700 269.85599 269.86401 269.13599 269.16101 268.38501 268.14401 268.27499 268.43600 268.53101 268.47299 268.04199 267.98099 267.91699 267.82401 267.62701 267.87201 267.49399 267.48199 267.05099 267.03601 267.06699 266.90500 261.50900 259.58301 262.09000 264.00699 261.34500 256.26401 252.50500 258.18399 255.56500 254.91901 256.70300 259.73801 260.56201 260.20401 263.69501 266.47699 266.53601 266.03601 265.73801 266.28799 262.97299
257.71301 250.82500 239.55701 260.02200 250.97301 249.31400 253.97200 258.20200 257.79199 269.52701 270.57401 271.06601 271.22000 271.62601 271.68600 272.61200 272.90399 272.05499 272.23300 272.20401 269.64801 269.42499 271.16101 271.97800 271.64401 271.39200 271.34399 270.90399 270.67300 269.90302 269.54501 269.17401 269.20300 269.64899 269.70801 269.40399 269.01199 268.93799 268.42700 268.77499 269.19601 269.01599 267.35800 268.07501 268.30600 267.52399 268.18100 268.27399 268.23801 267.74200 265.82800 263.66101 266.00400 263.04099 262.63599 259.15799 254.36800 253.85201 254.97200 254.72800 253.99400 256.61200 252.87000 257.46301 263.22601 265.17001 266.57901 266.44800 266.82901 264.02802
248.61501 246.43600 241.65100 249.73500 263.28201 257.76001 262.91400 265.34799 259.53400 263.90500 267.43600 269.20599 270.91000 272.03201 271.99399 272.16199 272.28799 272.27701 272.71701 271.79401 264.50900 265.42899 267.74799 267.82999 270.55399 270.93301 271.63901 271.35800 271.33401 270.57101 270.89401 269.97601 270.03201 270.78601 270.81799 270.17401 270.13901 269.95001 269.41800 268.74301 267.26801 268.13501 268.77701 264.60901 263.27499 264.41599 267.89499 269.72900 270.99301 271.33401 268.67200 264.90601 264.43799 262.81400 262.44000 262.21899 262.92801 262.50900 257.48901 256.01300 254.12900 252.18100 250.30099 248.80701 254.86099 257.64499 260.20099 260.64401 261.54599 261.23499
260.31400 250.86900 245.24200 245.56799 245.79300 254.44400 263.26801 263.51700 259.10599 258.41101 264.40399 255.24500 257.14801 261.38699 268.29401 270.47198 271.72101 273.25500 273.39301 272.37500 269.01001 266.00900 269.11801 269.68600 271.04599 272.35800 273.08499 272.24200 271.87399 271.84698 271.45200 271.20801 270.82800 269.17099 270.22501 270.47501 269.08801 268.45001 268.33899 267.12399 264.98300 264.80200 267.38599 268.23999 266.81900 263.71201 263.19299 265.94601 268.18900 270.63800 266.66299 264.34399 264.07300 263.16501 265.16901 261.60999 258.37100 256.98401 252.35300 256.54199 258.38400 257.29901 257.79700 257.48300 253.98900 250.84700 257.08499 253.75500 257.60400 260.08499
258.65399 251.64101 248.50800 244.90601 241.72000 240.53400 252.72600 258.62900 261.31000 261.56100 264.90799 259.49899 250.07700 244.67200 241.76700 253.34200 261.62799 267.53101 272.34601 273.61301 274.22501 274.12701 274.16000 273.25400 273.82700 273.66299 273.45700 272.70401 272.72101 272.95801 271.48599 271.16000 269.51801 268.70599 268.43600 271.08899 268.24301 266.84100 264.25500 266.88199 267.70300 265.48499 265.29999 267.81100 268.09201 265.82199 267.95999 267.19601 268.12100 270.36700 271.50500 272.10599 269.90701 267.69501 266.92700 265.59100 264.55301 259.15701 256.05099 258.19800 252.28700 253.85001 255.92101 257.47400 259.25699 261.61700 261.03201 259.98999 259.56201 261.80301
249.01100 242.97701 243.94600 239.27499 238.76199 240.67999 242.44501 242.90100 247.14500 253.44600 260.02899 266.53699 261.28799 257.18201 252.38100 247.78300 247.09399 250.05200 254.51801 261.69400 265.61401 270.94800 272.64801 273.40900 273.75101 274.63199 274.65302 274.24100 273.31201 270.76099 269.15100 271.42001 264.27701 262.63101 263.11200 264.89700 265.06900 265.46500 264.50699 266.31299 265.78400 265.38300 266.11401 268.50400 266.11600 266.19400 264.59698 264.61301 264.96500 266.42499 267.79901 263.84900 263.96301 259.97198 259.54800 259.94800 260.39700 254.78000 259.04001 259.31000 254.33501 257.48901 258.09299 258.63101 264.04901 263.75601 263.02301 259.24200 261.91000 265.17801
254.51300 249.90601 244.52299 240.73900 242.94501 240.58400 239.42999 242.00101 246.19501 247.13901 254.16100 256.24200 255.53200 256.24500 259.56500 258.23599 258.53900 256.39099 250.99500 249.28700 252.60100 256.28699 259.83301 266.65399 271.79099 274.58099 275.07501 275.28201 271.33301 267.18799 266.85199 267.11099 265.67099 261.81900 264.25000 261.44400 268.42599 269.13501 267.31799 262.75900 264.81799 267.90601 270.43301 268.86099 266.76300 262.07599 260.51901 263.12201 265.67401 264.98401 261.09299 257.55499 259.95001 256.04199 251.73199 255.04500 251.75500 257.97900 254.09801 259.55301 262.35199 262.22198 264.79800 263.96701 264.85901 261.75400 265.60199 268.81601 270.00299 269.55701
250.93700 250.84100 250.10899 249.45700 251.02100 245.00101 241.20500 242.03101 241.82100 243.98000 250.76500 258.28900 245.00900 246.94901 252.26300 245.24500 240.52901 243.73100 265.13699 254.12700 244.04800 246.09399 249.91100 255.98900 271.80399 274.68201 276.01300 275.87900 272.79199 268.63101 268.98401 266.76099 266.16400 265.99301 266.47501 271.29300 270.14001 267.78900 267.87399 265.60300 264.16199 261.02701 265.31299 266.71500 264.15500 270.77200 270.61200 269.33600 266.15900 263.20801 261.99500 258.05399 260.66199 259.23599 258.93600 255.27901 254.07700 256.65500 256.17499 262.94101 264.49799 268.68600 269.50400 265.92401 263.57401 270.43399 272.34201 273.05200 274.62601 275.01401
250.87399 251.72501 252.85699 252.13400 253.76100 251.36400 250.79601 250.19000 248.46899 249.97000 249.22000 250.66400 249.78700 250.73599 254.24800 247.51199 246.62399 242.12399 247.28999 253.80400 258.31000 254.71600 254.63100 258.59698 261.74600 269.88000 274.92499 275.27200 274.44000 270.99600 271.70901 268.68100 269.58899 271.43201 269.34299 269.76199 270.42200 270.17700 269.88199 268.64999 265.57001 261.44000 261.34698 261.15500 262.92401 272.53699 273.21100 271.17001 268.53299 265.82599 261.71399 258.86200 262.35501 262.46301 257.22101 260.25601 261.68701 262.57999 264.96799 260.21899 264.66800 267.47101 269.98001 270.68701 274.20300 275.70599 275.49600 275.88199 274.56699 270.36401
251.26601 251.87399 251.48399 249.40300 249.74600 250.74001 254.53999 254.48199 255.54401 255.54601 256.46399 250.73599 245.95700 250.11900 255.91800 255.92700 252.30299 251.40500 250.54401 245.51700 249.64500 254.16499 260.82901 264.89999 263.80200 262.70200 265.84299 272.42801 272.12900 269.12399 266.57599 269.26401 268.73901 273.79700 271.84299 270.16101 266.48901 267.07300 262.98999 266.81400 260.54999 255.18201 259.92099 261.18301 256.90601 262.49799 267.74200 269.60400 268.34900 269.79999 266.26700 261.77399 268.09000 269.01801 269.95499 271.08401 269.58899 268.89099 266.54099 268.53400 265.69601 270.38901 270.53201 271.43301 273.14801 274.65500 276.10901 276.93701 276.00201 273.76599
256.34000 250.36200 247.31900 244.77400 244.20700 248.39799 249.92900 252.77100 254.27800 257.86200 253.03500 252.90500 250.78799 244.30499 249.44800 256.95300 258.54001 254.25500 251.20200 247.84500 248.77499 252.86700 255.25301 257.79599 262.06699 263.45599 266.74701 265.05899 268.74500 270.53500 267.66599 272.33301 269.35300 273.17300 265.13101 264.25000 269.71301 264.89001 260.06400 262.02499 263.56000 258.41599 256.79700 256.90399 260.07001 261.24200 262.68900 263.88000 263.01099 264.54800 262.51099 263.31799 262.46500 264.50101 264.23199 264.25101 265.48499 267.37399 272.38699 274.13699 276.95099 278.13000 275.99200 274.48700 275.31900 275.21701 276.47501 276.04901 275.60199 269.95499
260.27100 256.83701 253.17500 245.20799 244.50600 244.51100 251.63100 252.67500 257.20200 256.43701 258.16000 260.96799 259.11801 255.24300 249.72900 253.65500 254.63901 253.18401 257.42200 256.20999 258.13000 249.76401 257.30301 260.73401 263.55701 265.74600 263.19800 259.44400 264.89999 269.19800 271.54199 266.17401 268.63699 270.63101 264.90900 262.00699 267.89401 264.92999 262.32300 258.95599 259.89700 260.19400 258.77499 261.06699 260.53699 262.75500 262.62000 268.34000 265.86600 264.59100 264.92499 265.99899 265.53699 267.99600 271.60001 270.50400 273.77499 273.55099 275.61600 278.54999 279.00201 278.95801 276.95300 274.98099 274.32599 267.46399 270.38599 269.01700 270.63599 270.04599
261.23401 255.14200 255.55901 248.91901 244.61200 244.67799 241.17400 244.91901 252.37801 253.09500 254.37000 258.89801 255.96100 257.59201 255.37700 249.57700 254.12900 259.78000 262.37799 260.50201 261.47501 262.59799 257.58301 259.45801 264.89099 269.69299 273.44000 269.00101 270.09799 276.09000 272.90900 273.13400 271.51599 269.24100 266.67899 264.70599 263.19400 266.04099 262.43301 258.63300 256.21399 261.94699 263.13501 261.31100 267.14801 270.26501 272.85501 276.93500 279.44901 279.18701 279.97000 280.49301 280.40900 280.38101 278.27301 276.59299 276.95001 278.95901 281.73599 281.06799 280.74600 278.87299 277.89001 273.33099 266.33499 263.48700 265.15900 265.68799 267.70001 271.06500
263.63699 263.35001 259.01099 251.63400 252.65500 246.77000 246.43401 238.92799 244.83099 250.89301 248.22000 248.42101 251.54900 253.73000 250.30299 251.99600 256.99399 257.10400 259.47800 263.56500 264.82901 263.67099 260.20001 255.19099 265.14700 270.91699 272.13501 265.55899 268.45700 268.89700 264.88000 270.58600 271.94299 267.81100 266.28201 263.85300 266.07999 264.67599 265.71399 261.70700 261.38101 265.83301 273.17001 270.44400 274.77701 282.47198 283.44601 281.03799 280.33200 276.76999 280.04099 -9999 -9999 282.79099 282.81400 284.35999 281.35901 281.88000 283.10501 282.16501 278.40500 276.85800 270.58600 265.64700 260.61899 262.54999 260.40201 259.71600 259.26401 269.07599
255.35899 253.15199 257.25800 254.89799 251.73900 251.53999 253.16400 246.06500 253.17999 250.08600 247.69099 245.88300 250.67400 249.32100 249.58099 254.34900 257.57401 254.77299 259.28101 263.40302 260.56799 263.58499 266.81799 266.42099 265.11899 258.79599 264.48001 263.72699 267.40399 266.47800 267.09100 265.69400 272.50400 268.85999 264.81299 264.21500 264.08200 264.39700 273.26901 280.64099 -9999 -9999 -9999 -9999 287.31000 -9999 276.18201 269.05600 274.21600 276.34201 284.09100 -9999 -9999 280.44601 281.23401 282.81699 282.60800 284.76999 282.48801 279.24200 275.46399 274.17200 271.39600 268.36600 265.98801 269.82501 257.49301 257.09601 259.92001 272.27802
