data/hydroclimate-scenarios/1948-2000.Pcorr55N_Pref_Tref/monthly_summaries/olr_monthly_avg_nov.asc
ncols	311
nrows	91
xllcenter	102.75
yllcenter	31.75
cellsize	0.5
NODATA_value	-9999
[rows 31 to 61 of 91, columns 0 to 69 of 311]
-9999 -9999 -9999 -9999 -9999 -9999 -9999 -9999 -9999 -9999 -9999 183.22600 183.78900 183.30200 184.42000 181.66701 181.37100 181.85899 181.99800 181.41800 182.12900 182.06000 182.20399 182.94299 183.11400 182.06000 181.30000 181.29401 182.23801 181.36000 180.67700 181.41499 181.36000 182.38200 181.56300 183.70000 184.52400 180.97600 179.10899 178.78500 178.98399 177.02699 176.45000 175.78000 175.26700 175.22800 174.96700 174.84200 174.44299 173.28600 171.99500 171.01700 169.17200 166.93401 164.97000 163.83099 162.46100 161.82401 160.96500 160.39700 160.18300 159.82100 159.25600 159.97301 160.75700 161.94200 160.94200 161.93401 158.29700 154.52000
-9999 -9999 -9999 -9999 -9999 -9999 -9999 -9999 -9999 -9999 -9999 184.24400 184.02901 185.48399 185.63000 184.19400 184.44901 184.88000 184.99800 185.46400 184.88901 185.59599 187.07201 186.28999 186.69299 184.95700 183.47701 184.33501 184.02901 183.53500 181.84100 182.17900 183.08701 183.21201 182.99200 186.21100 186.73199 185.68500 184.43800 182.49001 182.05800 182.48801 182.75500 181.15900 180.04401 178.58000 178.20200 175.96100 174.59500 173.10899 171.81300 169.61600 168.33299 166.34599 165.87801 165.57100 164.77901 163.57401 163.65900 162.77699 162.52901 162.29300 162.44800 162.45700 164.30000 166.16600 165.85300 165.36301 162.90199 160.78300
-9999 -9999 -9999 -9999 -9999 -9999 -9999 -9999 -9999 -9999 -9999 185.62000 184.84100 186.73500 186.29300 186.38499 186.31300 187.38600 188.51801 188.66901 188.92799 188.65100 189.26500 188.53200 186.55099 183.53000 182.28101 183.82700 185.13300 186.26700 184.37700 184.02499 184.44901 185.53900 186.26601 188.95200 188.58900 187.42300 186.39500 181.98900 184.23801 182.13901 183.98599 183.80800 182.69800 181.43401 179.85899 178.06799 176.68100 174.51199 172.84399 172.55099 171.00999 169.94701 169.53500 168.53200 167.74200 165.81100 165.37700 165.15601 164.68500 164.33501 165.89301 165.93500 167.04401 167.14900 168.09599 168.30099 168.25700 166.13200
-9999 -9999 -9999 -9999 -9999 -9999 -9999 -9999 -9999 -9999 -9999 -9999 186.73599 188.11000 188.29500 189.14799 189.26199 190.94600 192.01100 194.30600 193.76100 192.89000 190.41701 188.81700 186.84700 179.79900 180.02699 178.12900 181.74200 181.98500 182.95399 184.67900 184.69000 185.12500 185.13499 185.66100 185.58501 186.16901 185.46800 183.64900 183.97000 184.33200 185.02600 188.67799 188.64400 188.03600 187.10201 186.16901 183.80701 181.08400 179.86700 177.60001 175.90601 173.23399 171.69400 169.72900 169.45200 168.79601 167.90800 167.97301 168.09200 168.18600 166.93300 166.80800 168.39700 169.32001 171.59399 170.60699 166.78300 166.60800
-9999 -9999 -9999 -9999 -9999 -9999 -9999 -9999 -9999 -9999 -9999 -9999 188.95500 190.14000 190.42101 191.28200 192.45900 194.18900 194.37700 195.64999 195.40900 189.28799 187.19099 185.29601 181.26300 181.09100 182.34000 177.49300 180.43201 179.33000 179.84000 180.49800 184.75800 186.20700 186.37300 186.47000 185.99200 187.52600 187.48300 185.91200 185.99300 185.50400 186.98100 191.30400 193.09599 194.62900 194.12900 190.00301 187.10899 182.11200 179.80600 179.42000 177.85201 175.18500 175.18201 172.75999 172.51900 171.49400 171.46100 170.78000 169.79201 167.27200 167.01300 167.30299 169.95200 173.49800 172.92900 174.21001 173.69200 175.09900
-9999 -9999 -9999 -9999 -9999 -9999 -9999 -9999 -9999 -9999 -9999 -9999 190.32201 192.26700 192.81500 193.03600 193.21400 193.79500 193.43800 193.17000 192.28101 188.45900 187.20500 184.49800 183.77699 179.04401 180.10201 181.95799 180.21100 180.71201 181.80400 184.67200 183.17200 182.86800 186.08200 186.78101 186.81000 187.09100 187.94800 187.56000 184.59801 184.71100 188.15500 192.63200 195.58701 198.07500 195.31100 189.46400 187.22501 186.06500 183.69200 182.68900 182.27901 178.33600 178.08299 175.67000 174.15800 172.99200 172.43600 170.35600 170.32001 168.25999 169.74600 172.80800 173.16000 173.92500 175.39301 177.46001 176.18500 179.75600
-9999 -9999 -9999 192.18500 191.83200 191.19501 191.91000 191.94701 191.53000 -9999 192.00200 192.10001 193.41499 194.56200 194.76401 194.62399 194.21001 194.64500 192.44501 192.24600 192.69600 190.81700 189.09000 188.37300 186.58000 183.33299 184.14500 179.88300 179.86800 174.14799 179.03101 183.23500 181.10100 176.77901 181.34300 183.58400 182.68300 183.70599 185.12601 187.30901 187.36301 186.60699 189.55600 193.53900 193.79601 193.41600 188.38200 190.27100 187.92999 184.32899 181.42900 180.53900 177.41800 171.46899 172.55701 166.28101 164.25999 171.55099 167.94901 170.96100 172.65700 171.26801 172.20200 173.21899 176.20000 177.93401 178.01300 179.36200 182.38901 184.61400
-9999 -9999 -9999 195.44600 194.44000 194.33501 192.92900 194.27100 194.76500 194.54401 196.32500 196.55800 195.07401 195.03300 193.00200 191.81700 190.77100 191.57300 191.03900 191.11099 191.97301 189.22501 191.25999 195.13901 191.02100 189.00500 186.49800 180.87000 177.77400 173.15500 177.07899 176.59000 176.95300 175.04900 176.34200 178.11400 178.68800 176.74500 182.77000 180.21400 180.82100 185.80800 188.48300 190.14200 189.30800 186.95700 186.39700 190.88300 184.98700 180.96800 178.05499 177.72099 174.60201 171.96500 174.86600 168.61000 171.20700 170.80099 167.70799 168.97701 170.94701 170.80800 172.16299 174.10500 176.05400 181.25301 182.72099 187.76801 188.99100 190.18500
-9999 -9999 -9999 197.77901 196.61200 194.80200 193.89101 195.91000 197.33299 198.35800 198.09000 196.88901 194.54100 191.52000 187.82800 190.45700 189.14900 190.19701 192.29201 192.72701 191.24600 188.23399 189.80600 190.74100 186.59900 186.56599 185.66100 180.21001 180.14600 172.45900 167.83299 170.01900 174.48199 175.00400 173.77800 175.80200 177.79300 179.25101 180.72501 180.19099 180.32001 183.78300 186.22099 190.24200 192.56200 190.15199 189.14600 186.59801 185.07500 179.12399 175.54401 180.32201 177.20700 174.84300 175.88499 171.75600 172.90500 173.24699 170.62100 170.43600 173.64400 174.57700 177.69200 176.23801 180.08701 182.30000 185.06100 186.69600 184.58400 188.16800
-9999 -9999 -9999 198.33099 199.40500 196.32201 197.32500 196.32201 196.21001 195.97900 197.94501 197.71400 192.25200 189.64799 188.34500 189.66701 187.63699 185.81200 186.92500 188.41800 184.64101 180.96300 177.35300 181.33701 181.99500 182.27699 182.56200 180.75999 173.76700 167.84200 170.03000 177.31799 172.87399 167.59200 168.19299 171.15601 175.82600 180.78400 178.86099 180.54601 179.73700 178.19501 177.22600 181.92500 189.16100 186.34000 183.32899 185.34700 179.62700 179.92000 174.45599 177.43700 176.01500 171.11700 173.45500 171.88100 172.72501 170.87601 169.90800 170.67900 168.37399 174.67599 177.79800 179.43201 180.65900 184.58501 185.98801 187.20300 184.42900 187.29500
-9999 -9999 -9999 200.57800 201.53300 196.81500 196.68800 197.16800 195.56300 197.14999 200.42999 196.24001 191.52299 188.35600 185.32700 187.00400 185.35600 186.22800 189.97800 192.42599 187.93300 183.80800 180.48801 186.74300 187.31400 186.56100 188.17200 183.75800 177.49001 171.65700 170.24899 171.41299 169.71899 171.27000 172.53300 173.39900 173.58299 178.47800 180.08701 179.69600 177.77100 177.63499 177.23900 179.03400 182.40100 184.52100 184.58800 182.77299 180.90401 179.07600 177.23801 181.36301 177.46100 171.03101 175.89700 169.11099 174.18100 174.10899 172.52200 168.64200 171.02200 173.83701 176.71700 175.28999 177.47099 184.83900 185.81799 185.03799 186.72701 197.15300
-9999 -9999 -9999 -9999 198.19099 196.27299 197.32201 195.27699 195.15700 197.40500 201.58600 198.23700 187.79100 193.68800 -9999 -9999 -9999 -9999 -9999 180.96899 180.53000 182.84500 179.87000 176.45300 178.82500 180.89999 186.92300 183.50500 179.94000 179.38499 176.08400 174.25200 173.08099 175.23199 178.84399 179.91200 177.88600 180.77699 180.12500 180.04601 180.95599 180.54500 179.13100 177.68300 179.66701 181.60001 180.98801 177.45100 179.62300 181.17200 177.87801 175.80600 177.63400 172.23900 170.96100 168.60201 167.51401 168.35500 169.25200 171.51199 171.12601 171.15800 174.14500 177.07899 179.97400 180.73599 185.86900 193.52499 200.33299 -9999
-9999 -9999 203.43300 201.23100 199.04300 199.17799 198.30000 195.08200 198.43500 199.80901 203.22701 199.23100 189.97200 -9999 -9999 -9999 -9999 -9999 177.78600 182.41800 182.20900 186.69901 186.25500 181.50999 181.72400 182.52499 188.34300 187.36900 185.60699 183.57700 180.93300 178.69701 178.92400 177.95799 178.93201 182.07600 179.77000 181.19200 180.09599 179.95799 178.74600 180.24699 179.51601 181.10800 182.77600 183.95000 183.27699 183.64900 185.58501 187.76401 185.72600 183.70100 181.01500 182.09700 177.32800 179.56599 175.86200 171.58200 171.84000 177.68900 178.14999 179.00301 181.02000 181.18500 185.43401 188.84500 193.77901 -9999 -9999 -9999
-9999 -9999 205.13800 202.94000 201.79201 199.92599 200.56799 196.82401 198.59900 201.52200 199.84500 198.53999 199.77901 -9999 -9999 -9999 -9999 190.09000 181.36700 186.60100 185.89999 187.31400 185.98399 185.81599 188.00200 190.88000 189.41200 186.84900 186.37100 186.54800 183.21700 179.51900 181.41299 182.42700 181.18500 180.82201 180.96500 181.25200 177.87399 175.20799 177.40401 175.46001 175.42400 178.24899 178.16901 181.69000 184.67300 183.04700 189.48199 187.81000 188.04900 187.77699 186.72501 185.37000 184.67400 188.39200 185.46500 178.15100 176.54201 180.72000 183.05600 179.81400 184.71001 190.31000 195.00301 -9999 -9999 -9999 -9999 -9999
-9999 -9999 209.03600 204.22301 203.57300 201.93100 202.14200 201.65300 201.23900 201.77800 198.89600 198.78799 213.50700 -9999 -9999 -9999 -9999 185.43500 186.18900 187.42000 187.06799 189.71700 191.51801 191.70000 190.50101 191.40601 187.98100 188.61800 187.31500 186.54700 183.59399 182.36600 181.67000 180.85699 182.78000 180.48700 179.46100 179.50900 177.05200 178.93401 178.38100 179.72200 179.97301 178.25101 180.65601 180.61900 182.14000 182.62801 186.23500 187.43900 191.21400 188.66701 187.44000 186.35500 185.58600 191.19901 191.18800 185.08600 186.26601 187.62500 193.05600 194.08000 195.44901 192.70000 190.00301 190.00000 198.79500 196.43700 203.81300 -9999
-9999 -9999 -9999 208.49200 205.71500 204.69701 205.67400 206.20599 204.00101 201.08800 204.35800 212.05701 -9999 -9999 -9999 -9999 191.78799 187.93700 191.19400 190.52200 191.66600 193.64000 191.66600 191.51401 190.59200 190.11700 188.58000 188.00101 187.64500 181.15100 181.54800 183.41499 185.34399 184.50900 184.29100 184.68800 184.47501 184.16701 183.51199 183.55000 182.10400 182.69400 181.36600 182.67599 186.43900 186.23199 188.83501 191.04700 189.84100 190.39999 187.26801 188.49899 189.22400 186.05400 182.94800 184.32700 185.16000 182.76100 184.47600 190.21800 191.26500 192.06500 187.27100 178.26199 173.73300 187.65401 196.34500 198.27600 203.58501 208.11301
-9999 -9999 -9999 -9999 211.62900 209.50800 208.76100 206.53500 204.15900 209.41000 214.59900 -9999 -9999 -9999 -9999 196.92999 193.44200 194.57800 196.05099 194.11800 195.15900 195.35001 194.00800 190.27200 189.36400 192.37700 191.49100 191.51199 188.37801 186.56799 184.33099 188.58900 189.31500 188.15199 185.10400 186.05400 185.42000 185.93201 184.41600 184.79300 182.65300 182.66499 184.36301 186.11000 189.10400 189.90601 191.08400 192.99600 193.52800 193.70900 193.42300 193.64500 191.33400 189.19400 189.57500 191.59200 192.83800 187.08400 187.30600 192.19901 188.54100 185.03400 185.06700 186.77699 183.47000 188.77000 197.25700 200.92200 200.24800 204.32201
-9999 -9999 -9999 -9999 -9999 -9999 209.99400 209.70300 212.72200 213.91200 210.72200 -9999 -9999 -9999 -9999 -9999 198.70700 197.28200 198.00301 195.43300 194.67799 201.70300 192.95500 191.34599 191.50600 194.47099 194.47900 192.72800 192.24400 190.64200 188.78900 190.23801 191.77000 187.30499 187.66200 189.47099 186.87300 183.81799 185.96600 184.09500 183.41499 179.96400 181.18100 185.02400 186.74200 190.91400 193.16200 194.18700 194.63800 194.92400 195.91299 194.58200 194.42200 193.31300 191.75900 192.99699 192.37300 191.46400 190.84300 190.20100 186.85800 185.17500 184.44000 182.57800 180.56300 186.28500 195.46700 202.21100 202.55400 203.82700
-9999 -9999 -9999 -9999 -9999 -9999 -9999 -9999 -9999 -9999 -9999 -9999 -9999 -9999 -9999 -9999 -9999 -9999 -9999 196.86099 196.28000 199.89400 196.33800 195.64900 195.10899 194.51900 193.80901 197.20500 196.28999 192.17300 191.22800 193.00800 190.14500 189.46001 188.83200 189.44501 189.56700 186.41200 185.68300 183.63901 182.46600 182.73700 184.19000 186.80200 188.25400 192.04401 195.59399 196.73500 197.48100 197.41100 197.56599 198.54401 197.10699 198.29900 195.86200 195.21201 194.55701 195.35100 193.14200 191.94501 186.39301 187.34801 186.34100 182.73000 182.15601 193.17500 200.29100 204.95000 205.55701 202.46201
-9999 -9999 -9999 -9999 -9999 -9999 -9999 -9999 -9999 -9999 -9999 -9999 -9999 -9999 -9999 -9999 -9999 -9999 199.52100 197.72099 198.67200 199.96899 199.60699 199.00900 198.53400 197.90300 198.39000 196.54800 194.68401 192.88499 192.66701 191.84200 190.89600 190.60300 190.82401 191.51500 190.09399 189.64700 185.64200 184.00301 183.23000 185.24300 186.04800 186.08900 188.02800 190.20200 194.35899 199.23399 201.82600 201.13600 202.08600 201.14700 201.30099 200.00200 197.46100 199.06000 198.02499 192.44299 188.90199 192.98700 194.48801 195.43500 192.55499 189.44501 188.16800 197.17900 202.32700 206.23801 207.99100 209.18800
-9999 -9999 -9999 -9999 -9999 -9999 -9999 -9999 -9999 -9999 -9999 -9999 -9999 -9999 -9999 -9999 -9999 201.56300 201.19901 202.51199 201.47000 200.56300 200.30099 201.07100 201.44600 200.58701 200.21899 197.18100 193.32600 192.32500 192.25500 193.72400 192.84100 194.90601 194.74600 191.52000 188.66299 188.19299 188.43500 186.25500 186.01900 188.10400 187.98000 189.90401 191.48900 193.89500 196.58299 199.20200 204.31599 204.42400 206.49400 206.29700 204.32899 201.61800 200.53300 200.72200 198.79800 194.17900 192.50900 196.37700 201.98500 198.82100 189.21300 187.87199 198.00600 201.57401 202.92400 208.91600 211.00101 212.48399
-9999 -9999 -9999 -9999 -9999 -9999 -9999 -9999 -9999 -9999 -9999 -9999 -9999 -9999 -9999 -9999 -9999 202.39900 203.27200 199.80800 200.92999 200.70700 201.90800 203.65601 208.27200 203.12399 202.44501 200.16299 198.49600 195.77800 195.70700 196.48100 197.53000 200.13200 196.88600 193.85201 191.95399 190.44400 186.91000 188.49400 189.48700 190.65700 191.76801 193.79800 195.36301 201.59100 204.22701 199.28000 203.25101 208.88300 209.89799 208.57100 206.38800 204.42900 203.40100 201.66600 196.42500 196.47301 199.14301 201.21700 199.82800 196.17799 196.57300 195.29601 191.54900 196.58900 205.33099 204.28400 212.62300 216.00500
-9999 -9999 -9999 -9999 -9999 -9999 -9999 -9999 -9999 -9999 -9999 -9999 -9999 -9999 -9999 -9999 197.31400 199.01401 198.94701 199.60300 203.52299 205.44299 203.66299 208.09300 212.81900 205.49600 205.49800 207.36700 203.78500 200.05901 198.96600 200.40100 200.28999 204.30701 202.11000 199.55600 196.39700 193.11600 190.60001 193.98300 195.62000 194.73000 194.81000 198.01500 199.88400 204.22800 205.93201 200.46700 203.74800 210.70700 212.75400 210.35699 207.34399 206.45599 205.33099 204.20500 203.00700 202.37399 203.00700 201.37100 203.07500 202.17000 199.54300 192.83800 198.87300 202.32800 207.21899 211.75700 219.37300 220.49400
-9999 -9999 -9999 -9999 -9999 -9999 -9999 -9999 -9999 -9999 -9999 -9999 -9999 199.95500 197.14799 196.34200 195.12399 194.88901 198.93700 203.64101 205.23700 204.87700 207.82600 207.01900 206.28600 210.80299 210.65500 208.85100 207.77499 207.75999 206.11501 206.10400 205.40601 205.30901 204.03700 201.80000 200.79401 200.61400 198.88400 198.51500 198.78101 200.16701 200.84200 204.81300 204.95300 206.61400 207.18201 206.64600 206.81500 207.61301 208.58900 208.05800 206.92799 209.56300 209.40199 206.96300 207.32001 208.09801 208.34399 207.36200 207.43300 208.45700 208.47900 209.26700 214.07700 219.84200 222.08400 221.98399 223.28101 223.90199
-9999 -9999 -9999 -9999 -9999 -9999 -9999 -9999 -9999 -9999 -9999 -9999 200.84700 198.51100 196.92000 196.11501 196.32700 198.87500 198.95300 208.02100 205.11099 209.10300 210.27000 209.19501 208.74400 213.74200 212.78200 212.04100 210.58501 210.84700 209.97701 209.94501 208.54100 207.88499 208.11099 206.66499 205.65100 206.13499 205.74500 205.82500 203.78500 204.33501 204.31300 207.62100 208.28900 209.09500 209.77200 208.54201 207.30000 207.28900 207.83099 208.72200 209.05901 211.09200 211.91100 212.10800 211.20000 209.21001 207.49001 208.08099 208.82700 213.29100 214.75301 214.41000 219.14301 224.54700 225.83400 225.99800 227.06500 222.71400
-9999 -9999 -9999 -9999 -9999 -9999 -9999 -9999 -9999 -9999 -9999 194.13400 195.33400 194.14900 196.64799 199.67500 200.64900 202.79700 203.35600 205.11900 206.92700 211.54100 211.81599 211.18500 210.67999 209.93700 209.34399 213.23500 215.60500 214.92900 212.34500 211.13699 210.80499 209.38300 210.12700 207.09200 205.61501 207.45100 211.99800 211.97701 211.32300 208.97200 210.38600 211.94501 212.43100 213.60100 213.75000 213.46600 212.05099 209.87700 209.48199 206.15401 208.33701 208.57300 209.88300 211.74899 214.62500 212.99500 216.96300 218.72600 218.41600 222.61800 224.07401 224.70599 226.89600 230.02499 229.65601 230.11000 226.08501 222.56100
-9999 -9999 -9999 -9999 -9999 -9999 -9999 -9999 -9999 -9999 196.49800 195.22301 198.52000 195.40800 199.00900 200.57500 201.96899 202.95200 203.64000 205.59801 207.98700 212.00700 212.53500 213.07300 213.03600 211.75000 211.52000 216.67599 216.75000 215.28600 213.66499 212.80499 212.05400 212.03200 211.07300 207.34100 206.88200 209.37100 213.46300 215.50000 215.82899 215.67900 217.29900 217.20799 217.02299 217.42200 217.46300 217.24100 215.92300 213.93800 212.88100 207.67300 210.23100 210.62399 212.33099 214.78600 214.53500 216.71300 222.36700 222.72800 222.99800 224.67000 225.93600 227.46800 229.49800 231.92999 232.57600 231.49100 226.89999 220.96300
-9999 -9999 -9999 -9999 -9999 -9999 -9999 -9999 -9999 204.25500 202.58200 201.15401 201.09300 200.48399 200.28600 201.21600 201.08800 203.04800 207.02699 209.35699 211.87500 211.55400 212.31200 213.83099 214.10699 214.79201 215.70399 215.95500 214.73100 213.87399 214.85300 210.64900 209.45100 206.75000 204.98900 204.56200 204.55000 211.03700 214.82300 219.97600 221.65900 225.59000 226.12300 224.27499 223.81599 223.31500 224.13300 220.36600 219.92400 218.28500 216.16000 212.77800 210.23700 204.27100 205.46001 220.42799 224.17799 226.90601 226.89700 226.88600 225.98900 226.97200 228.04900 229.32600 231.24600 231.30400 231.50600 228.31599 225.67999 223.87801
-9999 -9999 -9999 -9999 -9999 -9999 -9999 -9999 -9999 -9999 202.86900 203.24500 203.17000 203.44901 205.38300 202.84700 201.37700 203.89900 206.29401 208.47900 209.64700 212.06700 213.83900 -9999 -9999 -9999 -9999 -9999 -9999 215.03000 214.54401 212.43700 210.94400 207.59900 205.04900 205.75500 207.33800 213.48900 217.58400 222.89999 225.08400 228.10500 229.17101 227.63901 227.12399 226.31599 225.62300 224.02600 222.87500 222.08400 219.52699 217.08600 213.13300 206.62900 207.24600 223.59100 228.29201 229.19400 229.61501 229.22701 228.82300 228.12900 228.80701 229.73599 224.44200 230.56200 228.60201 226.46400 217.40601 222.13699
-9999 -9999 -9999 -9999 -9999 -9999 -9999 -9999 -9999 -9999 -9999 -9999 206.74100 207.24800 206.33900 212.32100 210.65500 211.34900 212.40401 -9999 -9999 -9999 -9999 -9999 -9999 -9999 -9999 -9999 -9999 -9999 -9999 -9999 -9999 212.02600 207.44400 211.01401 212.19400 217.44701 222.30901 227.06100 228.48100 229.89301 230.00700 230.59300 229.65300 228.24600 227.78600 228.94901 228.83400 226.32300 223.22501 215.18300 213.66100 214.10201 215.51401 225.72099 227.07001 229.13300 230.84500 231.41600 230.60001 228.40601 227.62900 228.66100 230.04601 231.09300 228.48500 227.48801 225.70599 231.23700
-9999 -9999 -9999 -9999 -9999 -9999 -9999 -9999 -9999 -9999 -9999 -9999 -9999 -9999 -9999 -9999 -9999 -9999 -9999 -9999 -9999 -9999 -9999 -9999 -9999 -9999 -9999 -9999 -9999 -9999 -9999 -9999 -9999 -9999 212.31300 212.75900 219.38100 220.86200 225.21899 229.64700 230.68500 230.17799 230.14200 232.86800 231.76700 229.81799 230.21500 231.87399 231.21700 228.20799 225.66600 218.15601 216.63300 217.05800 217.99600 229.11301 229.59700 226.98000 229.59500 231.61099 231.16000 229.12700 230.18500 231.92700 233.02000 231.74400 228.58701 227.28900 224.49400 231.20799
