data/hydroclimate-scenarios/1948-2000.Pcorr55N_Pref_Tref/monthly_summaries/olr_monthly_avg_mar.asc
ncols	311
nrows	91
xllcenter	102.75
yllcenter	31.75
cellsize	0.5
NODATA_value	-9999
[rows 0 to 30 of 91, columns 70 to 139 of 311]
-9999 -9999 -9999 -9999 -9999 -9999 -9999 -9999 -9999 -9999 -9999 -9999 -9999 -9999 -9999 -9999 -9999 -9999 -9999 -9999 -9999 -9999 -9999 -9999 -9999 -9999 -9999 -9999 -9999 -9999 -9999 -9999 -9999 -9999 -9999 -9999 -9999 -9999 -9999 -9999 -9999 -9999 -9999 -9999 -9999 -9999 -9999 -9999 -9999 -9999 -9999 -9999 -9999 -9999 -9999 -9999 -9999 -9999 -9999 -9999 -9999 -9999 -9999 -9999 -9999 -9999 -9999 -9999 -9999 -9999
-9999 -9999 -9999 -9999 -9999 -9999 -9999 -9999 -9999 -9999 -9999 -9999 -9999 -9999 -9999 -9999 -9999 -9999 -9999 -9999 -9999 -9999 -9999 -9999 -9999 -9999 -9999 -9999 -9999 -9999 -9999 -9999 -9999 -9999 -9999 -9999 -9999 -9999 -9999 -9999 -9999 -9999 -9999 -9999 -9999 -9999 -9999 -9999 -9999 -9999 -9999 -9999 -9999 -9999 -9999 -9999 -9999 -9999 -9999 -9999 -9999 -9999 -9999 -9999 -9999 -9999 -9999 -9999 -9999 -9999
-9999 -9999 -9999 -9999 -9999 -9999 -9999 -9999 -9999 -9999 -9999 -9999 -9999 -9999 -9999 -9999 -9999 -9999 -9999 -9999 -9999 -9999 -9999 -9999 -9999 -9999 -9999 -9999 -9999 -9999 -9999 -9999 -9999 -9999 -9999 -9999 -9999 -9999 -9999 -9999 -9999 -9999 -9999 -9999 -9999 -9999 -9999 -9999 -9999 -9999 -9999 -9999 -9999 -9999 -9999 -9999 -9999 -9999 -9999 -9999 -9999 -9999 -9999 -9999 -9999 -9999 -9999 -9999 -9999 -9999
-9999 -9999 -9999 -9999 -9999 -9999 -9999 -9999 -9999 -9999 -9999 -9999 -9999 -9999 -9999 -9999 -9999 -9999 -9999 -9999 -9999 -9999 -9999 -9999 -9999 -9999 -9999 -9999 -9999 -9999 -9999 -9999 -9999 -9999 -9999 -9999 -9999 -9999 -9999 -9999 -9999 -9999 -9999 -9999 -9999 -9999 -9999 -9999 -9999 -9999 -9999 -9999 -9999 -9999 -9999 -9999 -9999 -9999 -9999 -9999 -9999 -9999 -9999 -9999 -9999 -9999 -9999 -9999 -9999 -9999
-9999 -9999 -9999 -9999 -9999 -9999 -9999 -9999 -9999 -9999 -9999 -9999 -9999 -9999 -9999 -9999 -9999 -9999 -9999 -9999 -9999 -9999 -9999 -9999 -9999 -9999 -9999 -9999 -9999 -9999 -9999 -9999 -9999 -9999 -9999 -9999 -9999 -9999 -9999 -9999 -9999 -9999 -9999 -9999 -9999 -9999 -9999 -9999 -9999 -9999 -9999 -9999 -9999 -9999 -9999 -9999 -9999 -9999 -9999 -9999 -9999 -9999 -9999 -9999 -9999 -9999 -9999 -9999 -9999 -9999
-9999 -9999 -9999 -9999 -9999 -9999 -9999 -9999 -9999 -9999 -9999 -9999 -9999 -9999 -9999 -9999 -9999 -9999 -9999 -9999 -9999 -9999 -9999 -9999 -9999 -9999 -9999 -9999 -9999 -9999 -9999 -9999 -9999 -9999 -9999 -9999 -9999 -9999 -9999 -9999 -9999 -9999 -9999 -9999 -9999 -9999 -9999 -9999 -9999 -9999 -9999 -9999 -9999 -9999 -9999 -9999 -9999 -9999 -9999 -9999 -9999 -9999 -9999 -9999 -9999 -9999 -9999 -9999 -9999 -9999
-9999 -9999 -9999 -9999 -9999 -9999 -9999 -9999 -9999 -9999 -9999 -9999 -9999 -9999 -9999 -9999 -9999 -9999 -9999 -9999 -9999 -9999 -9999 -9999 -9999 -9999 -9999 -9999 -9999 -9999 -9999 -9999 -9999 -9999 -9999 -9999 -9999 -9999 -9999 -9999 -9999 -9999 -9999 -9999 -9999 -9999 -9999 -9999 -9999 -9999 -9999 -9999 -9999 -9999 -9999 -9999 -9999 -9999 -9999 -9999 -9999 -9999 -9999 -9999 -9999 -9999 -9999 -9999 -9999 -9999
-9999 -9999 -9999 -9999 -9999 -9999 -9999 -9999 -9999 -9999 -9999 -9999 -9999 -9999 -9999 -9999 -9999 -9999 -9999 -9999 -9999 -9999 -9999 -9999 -9999 -9999 -9999 -9999 -9999 -9999 -9999 -9999 -9999 -9999 -9999 -9999 -9999 -9999 -9999 -9999 -9999 -9999 -9999 -9999 -9999 -9999 -9999 -9999 -9999 -9999 -9999 -9999 -9999 -9999 -9999 -9999 -9999 -9999 -9999 -9999 -9999 -9999 -9999 -9999 -9999 -9999 -9999 -9999 -9999 -9999
-9999 -9999 -9999 -9999 -9999 -9999 -9999 145.83400 -9999 -9999 -9999 -9999 -9999 -9999 -9999 -9999 -9999 -9999 -9999 -9999 -9999 -9999 -9999 -9999 -9999 -9999 -9999 -9999 -9999 -9999 -9999 -9999 -9999 -9999 -9999 -9999 -9999 -9999 -9999 -9999 -9999 -9999 -9999 -9999 -9999 -9999 -9999 -9999 -9999 -9999 -9999 -9999 -9999 -9999 -9999 -9999 -9999 -9999 -9999 -9999 -9999 -9999 -9999 -9999 -9999 -9999 -9999 -9999 -9999 -9999
-9999 -9999 -9999 157.63800 147.58299 146.59700 146.24001 146.79100 146.89400 146.80200 146.92000 148.30800 148.47099 150.96800 151.66499 153.00400 153.72200 154.09000 154.75700 155.31100 156.09900 157.08299 156.99001 -9999 -9999 -9999 -9999 -9999 -9999 -9999 -9999 -9999 -9999 -9999 -9999 -9999 -9999 -9999 -9999 -9999 -9999 -9999 -9999 -9999 -9999 -9999 -9999 -9999 -9999 -9999 -9999 -9999 -9999 -9999 -9999 -9999 -9999 -9999 -9999 -9999 -9999 -9999 -9999 -9999 -9999 -9999 -9999 -9999 -9999 -9999
-9999 -9999 -9999 -9999 -9999 147.25200 147.33000 147.61600 148.13901 148.17999 148.04201 149.30200 149.64799 150.35600 151.29100 152.49600 153.35100 154.06900 154.66299 154.75800 155.97701 157.02800 156.94800 -9999 -9999 -9999 -9999 -9999 -9999 -9999 -9999 -9999 -9999 -9999 -9999 -9999 -9999 -9999 -9999 -9999 -9999 -9999 -9999 -9999 -9999 -9999 -9999 -9999 -9999 -9999 -9999 -9999 -9999 -9999 -9999 -9999 -9999 -9999 -9999 -9999 -9999 -9999 -9999 -9999 -9999 -9999 -9999 -9999 -9999 -9999
147.39200 148.19099 148.03000 148.07401 148.39000 147.93600 148.24001 148.64600 149.02100 148.77100 148.90199 149.91200 150.59399 151.19701 151.94200 153.16499 154.19099 154.88100 155.71700 156.67300 157.65300 158.71800 158.41299 157.47501 156.93300 156.48000 156.60500 156.56599 156.50000 -9999 -9999 -9999 -9999 -9999 -9999 -9999 -9999 -9999 -9999 -9999 -9999 -9999 -9999 -9999 -9999 -9999 -9999 -9999 -9999 -9999 -9999 -9999 -9999 -9999 -9999 -9999 -9999 -9999 -9999 -9999 -9999 -9999 -9999 -9999 -9999 -9999 -9999 -9999 -9999 -9999
147.33600 147.51401 147.65900 148.10201 147.91600 148.85100 149.11099 149.19200 149.74699 149.62500 149.79700 150.62900 151.35600 152.03300 152.86800 154.07500 155.20700 155.22400 156.77200 158.24001 159.74699 159.84900 158.75999 157.40601 157.46800 157.68201 157.45599 156.98700 156.87900 157.58701 157.20300 156.69099 156.54401 157.47000 157.72000 156.58800 156.91100 157.32300 157.41499 157.25400 157.34801 157.41100 157.83099 160.06500 -9999 -9999 -9999 -9999 -9999 -9999 -9999 -9999 -9999 -9999 -9999 -9999 -9999 -9999 -9999 -9999 -9999 -9999 -9999 -9999 -9999 -9999 -9999 -9999 -9999 -9999
147.03400 147.71201 147.05299 147.72701 147.58900 147.71100 148.61099 149.55499 150.08299 149.97701 150.36301 150.97800 152.14700 152.92900 153.93800 154.82700 156.00101 156.32201 157.29601 158.49100 159.61501 159.18800 157.00700 157.10001 156.67101 156.77299 157.35300 157.64799 157.51500 157.11800 156.86200 157.29300 157.27499 158.61700 158.36099 157.56700 157.83000 158.35201 158.60001 158.49400 158.57600 158.12300 158.56400 160.92400 161.51900 -9999 -9999 -9999 -9999 -9999 -9999 -9999 -9999 -9999 -9999 -9999 -9999 -9999 -9999 -9999 -9999 -9999 -9999 -9999 -9999 -9999 -9999 -9999 -9999 -9999
141.86099 142.57300 142.38901 144.19099 141.21500 143.82600 144.87700 145.46201 146.76801 146.37500 148.73801 148.81900 150.28000 153.13800 154.33400 155.85800 156.72301 157.68401 158.41200 159.09300 159.40800 159.59000 159.26500 159.04201 159.04700 158.88300 156.83900 157.85600 158.80701 158.38100 157.53101 157.71700 157.93800 158.31700 158.30901 158.21899 158.66600 158.10899 158.44901 158.54300 158.83501 158.82001 159.22099 160.14700 160.69600 -9999 -9999 -9999 -9999 -9999 -9999 -9999 -9999 -9999 -9999 -9999 -9999 -9999 -9999 -9999 164.68100 164.21201 -9999 -9999 -9999 -9999 162.62199 159.95700 158.24400 159.55299
142.71899 143.66800 143.25101 144.34399 142.44800 145.45900 147.65601 147.75900 146.58299 146.51601 146.83000 150.43900 151.61400 153.64000 153.86000 154.49899 156.98599 157.32600 159.00301 159.31599 160.18500 160.28400 160.00800 159.73300 160.97200 160.35500 160.19800 159.81200 159.68100 159.82500 159.83501 159.08800 159.16200 159.44400 159.50400 159.31599 159.37199 159.51401 159.76700 159.74100 160.14999 160.46400 160.52200 161.60899 162.10400 162.83299 163.22800 164.44299 163.72099 159.86800 158.64700 160.24300 159.27499 159.42000 160.77699 159.93800 159.73801 163.85899 164.56700 165.18900 165.10400 165.30701 -9999 -9999 -9999 -9999 -9999 164.53400 162.88100 161.53700
140.71400 140.57300 144.26401 143.49001 140.64900 143.53700 147.01601 147.81400 148.65100 150.80901 152.84700 153.64500 154.03999 155.58900 156.37199 157.13100 158.41499 158.60201 159.17599 160.47900 161.05600 162.33701 162.37500 162.48801 162.60600 162.02901 161.73900 161.97000 161.93800 160.92799 160.92599 160.94501 160.92200 161.12801 161.15199 161.02699 161.47099 161.75400 162.08200 162.51801 162.57899 163.44701 163.75200 163.97400 164.26900 164.47200 164.63200 164.49800 164.28400 161.75700 160.15300 162.30099 163.65700 162.49699 158.60600 155.99699 160.25700 159.03500 158.81000 159.47099 161.71201 162.48000 162.05299 164.72600 166.98500 166.80499 166.91901 166.99001 167.39000 165.04201
144.44501 140.25301 132.94501 146.30099 140.32800 139.61800 143.02800 145.50000 145.53500 153.11200 154.18401 154.46899 155.08299 156.14999 156.75400 157.86099 158.62700 159.13400 159.84200 160.86400 159.52100 160.70799 162.48500 163.03200 163.26100 162.82500 163.01401 162.82500 162.78799 161.95399 161.92101 161.83900 161.89799 162.03799 162.42000 162.31900 162.59300 163.01801 163.70300 163.96500 164.27200 164.79100 164.49899 165.15500 165.42500 165.94400 166.33900 165.93300 166.45300 166.44099 165.89101 164.47200 165.62100 164.16901 164.28200 161.96700 158.72701 158.31500 159.13901 158.92300 158.51300 160.40199 157.43300 160.84300 165.21700 166.67200 167.70500 168.41600 168.81100 166.70399
140.32201 138.86400 135.63800 140.43300 149.74300 145.76300 148.79201 150.47400 146.75000 150.33900 152.76401 154.43100 156.03000 156.52000 156.92799 157.94501 158.72000 158.87900 159.44501 160.50000 156.41800 158.00500 159.71700 162.27800 164.26401 164.36600 164.28799 165.00800 165.00000 164.57201 164.25999 164.35699 164.80499 165.40500 165.50700 165.58701 166.15700 167.14600 166.86501 166.82401 166.16100 167.16100 168.53500 164.35300 163.85600 164.53999 167.23399 168.41299 169.90500 169.85600 168.05701 165.81400 165.74300 165.19200 165.42599 165.25900 166.11000 165.64301 161.75200 160.61099 159.36600 157.76500 155.92599 155.16100 159.96600 162.09599 164.01601 164.14799 165.27600 164.22200
149.13499 142.27901 138.59300 138.02400 138.78799 143.17500 149.66299 150.03799 146.83099 146.94099 150.97000 144.98500 146.75400 149.67700 154.36600 156.87801 158.42700 159.44400 160.24800 160.87000 158.99400 158.62601 160.86200 163.59300 165.09700 165.13499 165.44600 165.89700 165.54601 165.25600 165.57100 165.36000 165.42200 164.75200 165.90900 166.33400 165.71800 166.48500 166.45399 166.53600 165.32001 165.90500 168.19299 167.94299 167.81900 165.19299 165.48500 166.64900 168.41400 170.42500 167.86800 166.55499 166.61700 166.99200 168.37300 165.90500 163.46899 162.06599 159.04500 161.75500 163.59300 162.63100 162.65601 162.36099 160.05000 157.89799 162.32100 159.95000 162.94501 164.25800
148.58701 144.46800 141.96100 139.12900 136.91000 134.73300 142.99300 147.02901 148.78101 149.47701 151.54201 147.50500 141.49699 138.48500 136.90100 145.00500 151.39799 156.11200 160.32600 162.13901 163.00000 164.12199 164.51601 166.48599 167.45700 166.59200 166.33099 167.34300 167.41400 166.95599 166.06900 166.10699 165.61000 165.30200 166.00101 168.22400 166.88400 166.99200 165.16499 167.64400 168.88600 168.31400 168.63200 169.33299 169.97301 167.81100 169.45500 169.14101 169.70599 171.00600 172.22301 173.39200 172.35699 170.79601 170.40800 170.01199 169.26199 165.63499 163.29300 164.95799 160.88400 161.86099 163.43500 163.32401 165.18100 166.64301 166.69400 165.21100 165.14600 166.39000
142.74400 139.22000 139.72600 135.76500 135.14900 135.33501 136.51700 136.64000 139.00900 143.71100 148.39200 152.56700 149.60699 146.65700 144.31599 141.27400 142.14900 144.40900 147.76801 154.15601 157.45300 162.32001 163.76601 167.15300 167.59300 167.61900 167.39900 168.34300 167.77000 165.64400 164.41600 166.74600 162.27000 161.75101 162.63400 164.64700 165.27100 166.01300 166.35600 167.84500 168.41701 168.91600 169.95799 171.24100 169.44901 168.91299 168.07300 167.59000 168.66400 169.74300 170.52499 168.63600 168.30701 166.56400 165.53000 166.93201 167.17999 163.52400 166.63100 166.86400 163.00000 165.08900 165.61000 165.56000 169.17700 168.54100 168.34599 165.39301 167.66000 169.74300
144.97200 141.32100 137.57500 135.69099 137.32500 135.50400 134.40401 135.92999 138.74500 138.55901 143.09801 144.92599 144.92900 145.98700 149.01900 149.64600 150.41499 148.86301 145.83400 146.06599 148.70000 152.11800 154.78400 160.59599 163.90500 165.81500 166.15100 166.11501 163.95100 161.55701 161.86700 162.74100 162.53400 159.68900 161.95000 160.73399 166.31200 167.00101 166.41200 163.94600 166.02600 169.67599 171.55499 170.56500 169.99899 165.28000 164.95599 165.21300 166.85400 167.09500 164.68700 163.56300 165.33600 163.74001 161.00800 164.39000 162.38499 167.77800 164.69000 170.58000 172.42400 171.12100 172.92999 170.50500 171.04800 167.71800 170.51100 172.74800 174.21100 174.15500
143.76900 143.16299 142.45399 142.42400 143.15401 138.91200 136.20900 136.27400 136.54601 136.59500 140.79401 146.68800 138.17999 139.64301 144.11600 140.38400 138.51801 140.55701 156.60899 150.26100 143.46400 145.63600 148.95700 153.65900 164.81900 166.91100 167.37900 167.36301 165.22600 163.57001 163.74800 162.84000 163.32300 163.31900 164.25200 168.46100 168.13300 166.83900 168.10400 166.51500 166.39000 165.30299 169.25800 170.17599 168.79601 172.75101 173.18700 170.85899 168.83000 167.25600 166.14500 165.19299 167.62801 167.41901 167.24600 165.51100 164.87500 167.98399 167.40401 174.21800 174.64000 176.66600 176.80099 173.20000 171.10899 175.19701 176.74899 176.59801 178.25200 178.76500
144.26801 144.24100 144.48700 144.67700 145.19400 143.28200 142.80000 142.16100 140.53999 140.91000 140.41800 141.37500 141.16600 142.89799 145.97200 143.44600 143.42900 140.21800 144.73700 150.25101 153.88000 152.71100 152.61099 156.11501 158.03500 163.90100 167.14500 168.16600 167.60100 165.17700 165.44901 164.12399 165.32300 167.53600 167.54900 167.48300 168.39700 169.27400 169.48500 169.15700 167.62399 165.88000 166.62199 167.19901 168.26700 174.29500 175.56599 172.96001 171.28000 170.27800 167.34500 166.84300 169.66299 171.58701 167.46001 170.66000 171.81900 175.02000 176.49899 174.21001 177.21500 177.96700 179.34000 178.33200 180.87700 179.75101 179.65199 179.61900 179.23599 176.58400
145.45599 145.46500 144.53400 143.44600 143.43700 143.75400 145.93500 145.48100 145.75400 145.12199 145.12199 141.78799 139.24600 142.39301 147.44800 149.90500 148.09100 147.51300 147.98900 145.29800 148.87100 152.90300 158.18500 161.49699 160.79201 159.76700 161.61501 166.28799 165.98599 164.08299 162.55499 164.67300 165.13800 170.14500 169.80701 168.67700 166.39101 168.03400 165.24300 168.62900 164.84700 162.17200 166.47900 167.96400 165.22701 167.39400 172.29401 172.71800 172.68100 174.01700 172.55600 170.52299 175.67500 177.43300 178.10800 179.93800 180.24600 180.78700 178.99200 181.70700 179.30499 181.57100 181.26199 180.55299 181.16600 180.44501 181.45599 181.84000 181.37199 180.11099
149.52901 145.53600 143.17000 140.98100 140.50999 143.52499 144.52000 145.66000 146.08501 147.39500 143.55000 143.52100 142.91000 139.93201 144.66499 150.93800 153.14500 150.87199 149.56200 147.95500 149.62100 153.22301 155.10699 157.35699 160.23300 162.38800 164.21100 162.28500 164.42900 165.45200 163.62399 167.32100 166.19501 169.71800 165.25301 164.79401 169.70200 167.06400 163.74001 166.30701 168.41400 165.20399 164.53300 165.65300 169.01199 169.06400 170.94501 173.09100 173.13600 174.64200 173.19099 174.42200 174.56700 175.87500 176.16100 177.00000 178.26100 179.25000 182.45900 184.10001 185.64700 185.22701 183.54601 182.39600 182.84000 182.21899 182.89999 182.27000 182.15900 178.43900
153.26401 151.44501 148.75800 142.43900 141.75500 142.15199 146.73399 146.64101 149.61600 147.45100 147.89700 149.56000 149.53999 148.63300 146.14799 149.39600 151.58400 151.88000 155.39999 155.54900 157.98900 152.46600 157.96899 161.30200 163.49500 165.31799 162.80701 159.36301 162.35400 164.75700 166.42500 163.51100 166.68600 168.90601 165.94600 164.41200 169.38901 167.90800 167.05000 164.81300 166.49699 167.70500 167.23900 169.98801 170.07600 171.97200 171.81900 177.56900 176.47200 175.80800 176.70100 178.35600 178.21700 180.51801 183.35899 183.40601 185.84000 185.76900 187.13901 189.13200 189.11000 187.96600 186.23100 185.44901 184.24699 178.50500 180.06300 178.78101 179.67799 179.72400
155.36099 151.32300 151.36600 146.38499 143.52100 143.36700 140.78000 142.47400 147.49699 147.21100 147.41200 150.15900 148.82899 151.84599 151.78700 148.45799 152.90100 157.77100 160.38499 160.07500 161.58800 163.22301 159.87399 161.12199 165.19000 168.70399 171.34399 167.80800 167.91701 170.04800 167.93800 170.07100 170.30099 168.96899 168.45799 167.66800 167.53999 170.28400 167.77400 165.46700 164.30701 170.86000 172.53400 171.66499 176.57899 179.75101 182.06500 185.34000 188.42500 187.97400 189.54500 190.85500 191.89500 192.12300 190.70599 189.32600 189.75900 190.77499 192.85201 192.50301 191.74200 189.85400 188.83701 185.38901 179.99001 177.22501 178.43100 178.63800 180.01500 182.73000
158.02200 158.58701 155.47000 150.10001 150.45700 146.63300 145.90800 140.18800 144.20500 147.85699 145.59900 145.45200 148.23100 151.65900 150.14600 152.30099 156.51199 157.36301 159.89700 163.88699 165.40199 165.26300 163.15700 160.04100 167.34900 172.01300 172.25999 168.01801 169.28300 168.25301 165.52800 170.73300 172.74500 170.31000 169.59599 168.45000 170.26300 170.66901 171.70000 169.08400 169.49500 174.83099 181.31300 179.00800 183.41901 189.67799 190.89799 189.96100 190.03101 187.04800 190.21300 -9999 -9999 195.87100 196.15100 197.82201 195.28900 195.11301 195.99600 194.99600 192.29601 190.67101 185.07800 181.00700 177.14301 177.75600 175.29800 174.77600 174.48199 182.25301
154.38200 153.17200 156.52499 154.27000 151.80800 151.52400 152.29700 147.04700 152.04700 149.12300 147.44600 146.81799 150.66800 150.53500 151.69400 156.15100 159.17799 157.51199 161.90100 165.86400 164.25600 167.37300 170.50700 171.68300 170.34300 164.88600 169.08501 168.28400 170.07600 169.36600 169.98199 169.31900 174.48199 173.11800 170.91200 170.88300 171.39301 171.83900 179.19000 185.30400 -9999 -9999 -9999 -9999 193.11400 -9999 186.88400 181.58701 186.69299 188.29201 195.03500 -9999 -9999 195.03999 196.75101 198.78400 199.28900 199.69800 197.41100 194.90700 191.71100 189.82899 187.46300 184.09100 182.32300 185.02499 175.55099 175.49899 178.17000 187.24600
