data/hydroclimate-scenarios/1948-2000.Pcorr55N_Pref_Tref/monthly_summaries/olr_monthly_avg_oct.1950-2000.asc
ncols	311
nrows	91
xllcenter	102.75
yllcenter	31.75
cellsize	0.5
NODATA_value	-9999
[rows 0 to 30 of 91, columns 70 to 139 of 311]
-9999 -9999 -9999 -9999 -9999 -9999 -9999 -9999 -9999 -9999 -9999 -9999 -9999 -9999 -9999 -9999 -9999 -9999 -9999 -9999 -9999 -9999 -9999 -9999 -9999 -9999 -9999 -9999 -9999 -9999 -9999 -9999 -9999 -9999 -9999 -9999 -9999 -9999 -9999 -9999 -9999 -9999 -9999 -9999 -9999 -9999 -9999 -9999 -9999 -9999 -9999 -9999 -9999 -9999 -9999 -9999 -9999 -9999 -9999 -9999 -9999 -9999 -9999 -9999 -9999 -9999 -9999 -9999 -9999 -9999
-9999 -9999 -9999 -9999 -9999 -9999 -9999 -9999 -9999 -9999 -9999 -9999 -9999 -9999 -9999 -9999 -9999 -9999 -9999 -9999 -9999 -9999 -9999 -9999 -9999 -9999 -9999 -9999 -9999 -9999 -9999 -9999 -9999 -9999 -9999 -9999 -9999 -9999 -9999 -9999 -9999 -9999 -9999 -9999 -9999 -9999 -9999 -9999 -9999 -9999 -9999 -9999 -9999 -9999 -9999 -9999 -9999 -9999 -9999 -9999 -9999 -9999 -9999 -9999 -9999 -9999 -9999 -9999 -9999 -9999
-9999 -9999 -9999 -9999 -9999 -9999 -9999 -9999 -9999 -9999 -9999 -9999 -9999 -9999 -9999 -9999 -9999 -9999 -9999 -9999 -9999 -9999 -9999 -9999 -9999 -9999 -9999 -9999 -9999 -9999 -9999 -9999 -9999 -9999 -9999 -9999 -9999 -9999 -9999 -9999 -9999 -9999 -9999 -9999 -9999 -9999 -9999 -9999 -9999 -9999 -9999 -9999 -9999 -9999 -9999 -9999 -9999 -9999 -9999 -9999 -9999 -9999 -9999 -9999 -9999 -9999 -9999 -9999 -9999 -9999
-9999 -9999 -9999 -9999 -9999 -9999 -9999 -9999 -9999 -9999 -9999 -9999 -9999 -9999 -9999 -9999 -9999 -9999 -9999 -9999 -9999 -9999 -9999 -9999 -9999 -9999 -9999 -9999 -9999 -9999 -9999 -9999 -9999 -9999 -9999 -9999 -9999 -9999 -9999 -9999 -9999 -9999 -9999 -9999 -9999 -9999 -9999 -9999 -9999 -9999 -9999 -9999 -9999 -9999 -9999 -9999 -9999 -9999 -9999 -9999 -9999 -9999 -9999 -9999 -9999 -9999 -9999 -9999 -9999 -9999
-9999 -9999 -9999 -9999 -9999 -9999 -9999 -9999 -9999 -9999 -9999 -9999 -9999 -9999 -9999 -9999 -9999 -9999 -9999 -9999 -9999 -9999 -9999 -9999 -9999 -9999 -9999 -9999 -9999 -9999 -9999 -9999 -9999 -9999 -9999 -9999 -9999 -9999 -9999 -9999 -9999 -9999 -9999 -9999 -9999 -9999 -9999 -9999 -9999 -9999 -9999 -9999 -9999 -9999 -9999 -9999 -9999 -9999 -9999 -9999 -9999 -9999 -9999 -9999 -9999 -9999 -9999 -9999 -9999 -9999
-9999 -9999 -9999 -9999 -9999 -9999 -9999 -9999 -9999 -9999 -9999 -9999 -9999 -9999 -9999 -9999 -9999 -9999 -9999 -9999 -9999 -9999 -9999 -9999 -9999 -9999 -9999 -9999 -9999 -9999 -9999 -9999 -9999 -9999 -9999 -9999 -9999 -9999 -9999 -9999 -9999 -9999 -9999 -9999 -9999 -9999 -9999 -9999 -9999 -9999 -9999 -9999 -9999 -9999 -9999 -9999 -9999 -9999 -9999 -9999 -9999 -9999 -9999 -9999 -9999 -9999 -9999 -9999 -9999 -9999
-9999 -9999 -9999 -9999 -9999 -9999 -9999 -9999 -9999 -9999 -9999 -9999 -9999 -9999 -9999 -9999 -9999 -9999 -9999 -9999 -9999 -9999 -9999 -9999 -9999 -9999 -9999 -9999 -9999 -9999 -9999 -9999 -9999 -9999 -9999 -9999 -9999 -9999 -9999 -9999 -9999 -9999 -9999 -9999 -9999 -9999 -9999 -9999 -9999 -9999 -9999 -9999 -9999 -9999 -9999 -9999 -9999 -9999 -9999 -9999 -9999 -9999 -9999 -9999 -9999 -9999 -9999 -9999 -9999 -9999
-9999 -9999 -9999 -9999 -9999 -9999 -9999 -9999 -9999 -9999 -9999 -9999 -9999 -9999 -9999 -9999 -9999 -9999 -9999 -9999 -9999 -9999 -9999 -9999 -9999 -9999 -9999 -9999 -9999 -9999 -9999 -9999 -9999 -9999 -9999 -9999 -9999 -9999 -9999 -9999 -9999 -9999 -9999 -9999 -9999 -9999 -9999 -9999 -9999 -9999 -9999 -9999 -9999 -9999 -9999 -9999 -9999 -9999 -9999 -9999 -9999 -9999 -9999 -9999 -9999 -9999 -9999 -9999 -9999 -9999
-9999 -9999 -9999 -9999 -9999 -9999 -9999 199.90800 -9999 -9999 -9999 -9999 -9999 -9999 -9999 -9999 -9999 -9999 -9999 -9999 -9999 -9999 -9999 -9999 -9999 -9999 -9999 -9999 -9999 -9999 -9999 -9999 -9999 -9999 -9999 -9999 -9999 -9999 -9999 -9999 -9999 -9999 -9999 -9999 -9999 -9999 -9999 -9999 -9999 -9999 -9999 -9999 -9999 -9999 -9999 -9999 -9999 -9999 -9999 -9999 -9999 -9999 -9999 -9999 -9999 -9999 -9999 -9999 -9999 -9999
-9999 -9999 -9999 215.21400 201.88100 200.03700 199.69000 200.19400 200.71300 201.28900 202.05701 203.08400 203.75500 206.14700 206.47701 207.47600 207.87000 208.60500 209.06599 208.41400 208.81000 208.71500 209.14500 -9999 -9999 -9999 -9999 -9999 -9999 -9999 -9999 -9999 -9999 -9999 -9999 -9999 -9999 -9999 -9999 -9999 -9999 -9999 -9999 -9999 -9999 -9999 -9999 -9999 -9999 -9999 -9999 -9999 -9999 -9999 -9999 -9999 -9999 -9999 -9999 -9999 -9999 -9999 -9999 -9999 -9999 -9999 -9999 -9999 -9999 -9999
-9999 -9999 -9999 -9999 -9999 200.64799 200.95599 201.30701 201.57800 202.41600 203.18401 204.25200 204.65500 205.53500 205.95599 206.90700 207.37300 208.29601 208.59200 208.56200 208.80499 209.38699 209.06000 -9999 -9999 -9999 -9999 -9999 -9999 -9999 -9999 -9999 -9999 -9999 -9999 -9999 -9999 -9999 -9999 -9999 -9999 -9999 -9999 -9999 -9999 -9999 -9999 -9999 -9999 -9999 -9999 -9999 -9999 -9999 -9999 -9999 -9999 -9999 -9999 -9999 -9999 -9999 -9999 -9999 -9999 -9999 -9999 -9999 -9999 -9999
201.54100 201.68700 201.33800 201.42799 201.81200 201.70300 202.08400 201.75999 202.33299 203.84399 204.10500 205.30701 205.50600 206.36000 207.10899 207.49001 208.11301 208.77901 209.43600 210.00600 210.46400 210.47099 210.58299 209.65800 209.35001 209.32300 209.34599 209.12399 209.13699 -9999 -9999 -9999 -9999 -9999 -9999 -9999 -9999 -9999 -9999 -9999 -9999 -9999 -9999 -9999 -9999 -9999 -9999 -9999 -9999 -9999 -9999 -9999 -9999 -9999 -9999 -9999 -9999 -9999 -9999 -9999 -9999 -9999 -9999 -9999 -9999 -9999 -9999 -9999 -9999 -9999
200.92500 201.44600 201.44600 200.99899 201.27800 202.50301 202.76700 203.28000 203.62100 204.35001 205.02901 205.66200 206.62500 206.62300 207.25800 208.21400 208.80800 209.66299 210.27499 210.85001 211.99600 212.36400 211.23599 210.11400 211.12700 211.17900 210.63300 210.33299 210.38800 210.88100 210.89999 210.53600 210.62300 210.38800 210.40100 209.14400 209.53999 209.75200 210.38100 210.26601 210.29700 210.41901 211.16200 211.76801 -9999 -9999 -9999 -9999 -9999 -9999 -9999 -9999 -9999 -9999 -9999 -9999 -9999 -9999 -9999 -9999 -9999 -9999 -9999 -9999 -9999 -9999 -9999 -9999 -9999 -9999
200.85899 201.56799 200.70500 201.24600 200.97000 200.66600 201.69501 203.20599 204.23700 204.75400 205.23599 206.41600 206.89999 207.43300 208.08701 209.28101 209.64700 210.51700 211.16200 211.88100 212.30099 212.20300 209.59900 209.77499 209.70599 209.84100 210.82899 211.23000 211.25101 210.77400 209.85300 211.07800 211.07401 210.98199 211.57001 210.34100 210.64301 210.89600 211.88300 211.41600 211.96899 211.87801 211.63901 212.49899 213.54201 -9999 -9999 -9999 -9999 -9999 -9999 -9999 -9999 -9999 -9999 -9999 -9999 -9999 -9999 -9999 -9999 -9999 -9999 -9999 -9999 -9999 -9999 -9999 -9999 -9999
194.69701 194.58400 194.45599 195.79601 192.67200 196.40800 197.49800 197.91299 199.33000 200.52100 203.01601 203.17999 204.74800 206.81599 208.39999 209.07201 209.82201 211.09599 211.79500 212.74500 212.57001 212.29201 211.95200 211.56700 211.65800 211.49200 209.68401 210.55000 212.15900 211.49800 210.53600 212.23199 212.86301 213.16701 213.18300 212.79100 212.86000 212.42500 212.48801 212.16800 213.16100 214.32201 213.89200 213.50101 214.23900 -9999 -9999 -9999 -9999 -9999 -9999 -9999 -9999 -9999 -9999 -9999 -9999 -9999 -9999 -9999 216.50999 216.50101 -9999 -9999 -9999 -9999 214.37399 211.61900 209.28999 213.71500
195.64600 195.94000 195.35400 195.72600 193.58000 197.79601 200.75000 200.79201 199.41400 200.05299 200.63200 204.89000 205.84599 207.28000 207.64600 208.16701 210.09700 210.72900 212.41701 212.66701 213.47600 213.58000 212.55200 212.44501 214.32899 213.63600 213.27800 212.71001 212.71100 212.56100 212.58800 213.94800 213.98500 214.00200 214.33000 213.88200 213.95399 213.81900 213.35400 213.40300 214.09900 215.02200 215.40601 215.32201 215.34700 215.95300 216.35201 216.58299 215.74001 211.46700 210.22800 211.05299 210.02600 209.97099 211.48100 210.84300 210.24001 215.63699 216.55701 216.48900 216.33600 217.62100 -9999 -9999 -9999 -9999 -9999 216.64500 214.62199 215.78101
192.07899 190.42900 195.87900 194.53999 190.94600 195.33099 199.39200 199.81900 201.22900 203.55099 206.23199 207.97900 207.68900 208.71201 209.12900 210.64000 210.93401 211.79300 212.23300 212.76801 212.92799 216.24001 216.47200 216.38000 216.01300 214.51100 214.53000 213.80800 213.79201 213.82300 213.52400 214.50700 214.80901 215.14101 214.87300 215.69701 216.07201 216.20300 216.50999 216.33600 216.63800 217.30200 217.54601 216.42300 217.09000 216.75400 216.52499 217.39301 216.69200 212.70599 211.09000 213.33701 214.97701 213.25400 208.81700 205.45300 210.39600 208.72900 208.37900 209.44701 211.90500 213.56500 212.85699 216.13800 219.39101 219.41400 219.03000 219.26500 219.39200 219.21300
195.97000 190.00700 181.83200 197.65900 190.62100 190.26300 193.93401 196.76900 197.09599 205.96100 207.97400 208.35201 208.53400 209.28101 209.73300 211.15500 211.91200 212.39600 213.21700 213.36200 211.57800 214.23700 216.69501 216.52699 216.87700 215.34399 215.32800 214.57899 214.29100 214.33000 214.96500 215.53101 215.55701 215.73900 216.06799 216.44299 216.75800 216.93300 217.30901 217.76700 218.03101 218.36099 218.09200 217.44701 218.16499 218.18201 218.49699 218.46201 219.12700 217.86200 217.03400 215.36900 217.00400 215.00800 215.07700 212.31500 207.85001 207.39101 208.60400 208.47800 207.77400 210.20100 206.87601 210.92300 216.56300 218.05299 219.60699 220.55299 220.67799 220.22600
189.07100 187.65900 183.98801 190.11501 201.13300 197.57300 201.47800 203.14600 199.07300 202.64700 205.66200 207.47000 209.09200 209.95000 210.72800 212.10100 212.84000 214.88200 214.96300 216.46500 211.28300 212.15199 214.64799 214.73599 216.95300 215.65401 215.94901 215.73199 215.68900 215.73100 215.57800 215.25600 215.56700 215.86000 216.44501 216.18700 216.92400 219.19501 219.15500 219.38300 218.79700 216.61301 217.89600 214.61600 214.02901 215.38800 218.39301 219.83099 220.97600 221.79700 219.85201 217.28999 217.29500 216.29500 215.72800 215.64700 216.33800 216.23500 211.90900 210.41600 208.56200 207.26601 205.40800 204.12601 209.44099 212.44299 214.21600 215.72800 217.44600 216.84500
199.07100 191.38200 187.28999 187.36800 188.14999 194.84900 202.20700 202.68300 198.83099 198.48399 203.75800 196.29300 198.31500 201.81799 207.29800 210.89799 212.57201 215.15500 215.99100 217.33501 214.66901 213.07700 215.52200 215.95599 217.51700 216.52901 216.79700 216.94800 216.27299 216.50000 216.88200 216.08701 215.72099 215.15300 216.67700 216.99699 215.25700 218.19400 218.22900 218.50999 216.89799 214.75000 216.99800 219.28200 218.72200 214.81300 215.52600 218.02901 219.35201 222.33200 219.72501 217.96600 218.13100 217.78101 218.81300 215.81300 212.85100 211.77800 208.07300 211.25600 213.54700 212.55400 212.91701 211.89000 208.78300 206.78600 211.94701 210.46899 213.86000 216.51100
198.17300 193.42599 190.64200 187.48801 185.00999 183.96300 194.40700 199.08501 201.14400 201.16100 203.53500 199.60001 192.39000 188.26500 185.93600 196.52600 203.90500 210.87500 215.15100 218.37900 219.01601 218.88000 219.56400 217.81400 218.67500 217.32800 217.39700 216.95799 216.91299 216.66299 215.41901 215.80400 215.09100 215.05499 215.56300 218.14600 216.54300 217.48801 215.49001 218.88800 220.27000 216.50900 216.73199 219.14400 219.90800 217.82500 219.48599 219.12900 220.28000 222.96800 223.99500 224.55099 223.42200 221.92101 220.98300 220.33200 219.12700 214.96700 212.07700 214.00600 209.02100 210.13600 212.10800 212.81000 214.62801 216.14700 216.67101 215.72701 215.69299 218.31700
191.35001 186.91499 187.74899 183.73399 182.98100 184.72501 186.18800 186.24400 189.50900 194.13100 200.13300 205.30701 201.83800 198.03900 194.91499 191.85600 192.58501 196.40900 200.05299 208.51700 212.09200 216.23000 218.48199 218.37100 218.64600 218.46400 218.42599 217.87199 217.09100 214.71500 213.28200 216.41499 210.29500 210.73500 211.63400 213.47099 214.07300 216.28600 215.92000 218.93401 218.98599 216.80701 217.38400 221.15700 218.29201 218.84000 218.01199 216.94600 218.05000 221.01601 221.18500 218.41299 217.68800 215.73399 215.18900 216.21100 216.26401 212.13400 216.01801 215.49800 210.86000 213.53700 213.77400 214.41000 218.46500 218.01601 218.29601 215.69701 218.80901 221.22900
198.41800 192.00400 187.82500 184.83800 186.49400 185.38000 184.06700 185.87700 188.88100 189.41100 194.99600 196.85001 196.39999 197.36200 200.69800 201.44400 201.78101 202.19099 198.28300 198.61400 201.63400 203.79500 207.34900 212.97200 217.06400 219.14200 219.46001 219.09100 216.16800 213.37000 213.73399 213.97701 213.59500 210.79401 213.60400 212.40199 218.75000 219.72200 219.03799 216.31000 218.96800 221.90700 224.63699 221.72099 220.16901 215.65800 215.24400 215.28000 216.62700 217.15700 214.02901 212.47200 214.40900 212.10699 209.12300 212.03799 209.35699 215.20100 212.35600 216.09500 218.71800 218.26801 220.15900 219.13699 219.96500 216.66299 220.14000 223.55000 225.15601 225.27800
196.29500 193.85699 193.28600 192.89301 192.95799 189.12399 186.05299 186.29700 186.19800 187.55600 192.19400 198.47400 188.12000 189.99899 194.85600 190.36700 187.64600 192.09000 210.78600 202.87601 194.81700 195.59399 199.69000 204.70300 217.99500 220.34700 220.41701 220.35899 217.44000 214.95399 215.25500 214.17500 214.44600 215.15800 215.69000 221.64500 220.82401 220.24699 221.23000 220.03101 219.35899 217.11900 221.41299 220.25000 218.93100 224.09900 224.15800 221.60100 218.72701 216.25000 215.32300 213.92101 216.45599 216.52699 215.51500 213.12399 211.90300 214.63699 213.90700 219.74200 220.83400 224.11000 224.53101 221.70300 219.86200 223.97800 226.50101 227.60899 229.04100 229.89900
197.75400 195.56200 195.93300 195.23100 195.93600 194.47800 193.62199 193.19501 191.10300 191.88600 191.50101 193.20799 192.58200 193.33000 197.11301 193.17900 192.71001 190.84599 195.78999 202.54300 206.63600 203.07100 203.28200 206.44701 209.20900 215.74899 220.21500 220.60800 219.62000 217.64600 218.53400 216.20599 217.89400 220.46400 219.63699 220.43900 221.93800 222.84900 222.76601 222.94400 221.15601 218.10500 218.70700 217.42101 218.39700 225.65700 226.81599 223.66701 221.74001 219.37500 215.92400 214.48500 218.54700 220.51300 215.62801 218.05499 219.34700 219.99100 222.21201 217.61900 221.17900 223.73399 226.23399 226.05600 229.29601 229.22099 229.05701 229.41600 229.02901 226.88100
198.72701 196.23700 195.48801 193.41000 193.64500 194.85699 197.48399 196.93201 196.90601 196.89999 197.28600 193.12100 190.12100 192.95300 198.20100 200.29900 198.17700 198.87801 198.86099 195.95100 199.58000 202.87801 209.22000 212.61301 211.78000 210.28999 212.83400 218.35201 218.18401 216.66600 214.88200 217.05400 217.40900 223.48199 222.71300 221.91600 219.69400 221.35300 217.61099 222.64301 217.64700 213.39900 218.28799 218.20100 214.28500 217.45700 223.19800 222.66701 222.80701 223.78999 221.00301 218.81200 224.29800 226.97200 228.02000 228.83501 227.99600 226.70799 224.01199 225.79500 223.20200 227.98900 227.77499 228.27800 229.08200 229.40800 230.96100 231.90601 231.93100 230.42799
201.75900 196.04500 193.50000 190.81000 190.17101 193.64700 194.64900 196.75400 197.18100 198.58400 194.96700 194.57899 193.46100 189.75800 194.87199 201.52100 203.93401 200.89500 198.85899 196.36501 197.73300 201.36400 203.86200 205.64400 209.21600 210.64101 213.58800 211.79601 214.32100 216.35699 214.66400 219.52200 217.71400 221.22099 215.67700 215.30499 221.03900 218.40700 213.81400 216.91200 219.09801 215.06200 214.14200 214.81200 218.34900 218.76199 220.52400 221.82600 221.56799 223.69200 221.76900 221.38800 221.48199 223.73000 223.12300 223.82500 224.99200 226.53400 230.30901 232.56000 234.32201 234.98801 233.06000 231.72200 231.46600 231.51601 232.07201 233.12700 232.53999 228.65900
205.42000 202.63000 199.68700 192.00900 191.35400 191.51401 197.27400 197.39301 200.51801 198.45799 199.76401 201.28600 200.93201 199.42200 195.82401 199.36900 201.49100 201.11501 204.91701 204.46700 206.66100 200.12900 206.25900 209.42599 211.90601 213.52600 211.37700 207.63200 211.62601 215.26401 217.52299 214.50000 218.46300 219.81300 216.29401 214.44800 220.49500 219.10699 217.42300 215.01801 216.59100 217.50500 217.16400 219.75800 219.81700 221.56400 221.25800 226.95500 225.70799 224.47200 224.90199 226.06900 225.50800 228.19099 230.98399 230.42500 233.34399 233.56700 234.28999 237.22400 237.61099 236.83900 235.44299 234.07800 232.66499 226.36301 228.69701 227.96400 229.16701 229.20599
206.85800 201.62801 202.00101 195.83099 192.50900 192.67101 189.04700 191.33800 197.53900 197.69200 198.23300 201.39101 199.87900 203.14500 202.12900 197.28600 202.18900 208.09900 210.61400 209.10100 210.52400 212.08701 208.24300 209.71500 214.38300 218.75000 221.47200 217.49300 218.00700 222.80499 220.62300 222.35500 222.50800 220.31300 219.47000 218.25999 218.76500 221.31200 219.27100 215.76700 214.40199 220.67000 222.31599 220.88100 226.98700 229.68500 232.00800 235.99600 239.06200 238.37500 239.94501 240.34700 240.52901 240.42300 238.66400 236.85800 236.83600 238.43201 241.07800 241.16200 240.52000 238.64500 237.52400 232.73599 226.88000 224.08299 226.11200 226.15100 227.69099 231.59100
209.55901 210.22400 206.01801 199.75500 200.05400 195.85100 194.47501 188.51900 192.87900 197.39200 195.32600 194.70900 197.56599 201.54800 199.45300 201.26199 205.99100 207.18100 209.74800 213.75800 214.78500 213.61301 211.26601 207.35300 215.11099 221.35201 222.64600 217.04401 218.68600 219.14400 216.58299 221.95200 224.53999 221.30800 220.49600 219.26601 221.65401 221.68900 223.28400 219.97501 220.25101 225.13400 231.88499 229.73000 234.41400 241.35400 241.68700 240.79300 240.93500 237.00400 240.24600 -9999 -9999 244.09100 244.25900 245.71500 241.72099 242.83600 243.23399 242.46500 239.52400 238.35201 232.62100 227.53799 223.08600 224.10400 222.19400 221.42200 221.42000 230.93500
204.66499 202.79900 206.46800 204.05800 201.04401 200.33900 201.53101 195.51900 201.51801 198.90500 196.71500 195.64900 199.84801 199.03700 200.00400 204.67101 208.32300 206.14200 210.84000 215.45300 213.00500 215.31500 218.34599 218.86099 217.86800 213.08200 217.91400 217.33400 220.44701 219.35600 220.46300 219.18500 225.46500 223.53000 220.82100 220.70399 221.33501 221.52800 229.73300 236.84000 -9999 -9999 -9999 -9999 244.66600 -9999 237.78400 230.54900 236.18900 237.66901 244.63400 -9999 -9999 241.77901 243.01100 244.78000 244.53101 246.96100 244.19400 241.00101 237.50700 235.64400 233.08400 229.75600 228.58000 231.69600 220.93900 220.58000 223.88100 234.84500
