data/hydroclimate-scenarios/1948-2000.Pcorr55N_Pref_Tref/monthly_summaries/olr_monthly_avg_sep.asc
ncols	311
nrows	91
xllcenter	102.75
yllcenter	31.75
cellsize	0.5
NODATA_value	-9999
[rows 0 to 30 of 91, columns 210 to 279 of 311]
-9999 -9999 -9999 -9999 -9999 -9999 -9999 -9999 -9999 -9999 -9999 -9999 -9999 -9999 -9999 -9999 -9999 -9999 -9999 -9999 -9999 -9999 -9999 -9999 -9999 -9999 -9999 -9999 -9999 -9999 -9999 -9999 -9999 -9999 -9999 -9999 -9999 -9999 -9999 -9999 -9999 -9999 -9999 -9999 -9999 -9999 -9999 -9999 -9999 -9999 -9999 -9999 -9999 -9999 -9999 -9999 -9999 -9999 -9999 -9999 -9999 -9999 -9999 -9999 -9999 -9999 -9999 -9999 -9999 -9999
-9999 -9999 -9999 -9999 -9999 -9999 -9999 -9999 -9999 -9999 -9999 -9999 -9999 -9999 -9999 -9999 -9999 -9999 -9999 -9999 -9999 -9999 -9999 -9999 -9999 -9999 -9999 -9999 -9999 -9999 -9999 -9999 -9999 -9999 -9999 -9999 -9999 -9999 -9999 -9999 -9999 -9999 -9999 -9999 -9999 -9999 -9999 -9999 -9999 -9999 -9999 -9999 -9999 -9999 -9999 -9999 -9999 -9999 -9999 -9999 -9999 -9999 -9999 -9999 -9999 -9999 -9999 -9999 -9999 -9999
-9999 -9999 -9999 -9999 -9999 -9999 -9999 -9999 -9999 -9999 -9999 -9999 -9999 -9999 -9999 -9999 -9999 -9999 -9999 -9999 -9999 -9999 -9999 -9999 -9999 -9999 -9999 -9999 -9999 -9999 -9999 -9999 -9999 -9999 -9999 -9999 -9999 -9999 -9999 -9999 -9999 -9999 -9999 -9999 -9999 -9999 -9999 -9999 -9999 -9999 -9999 -9999 -9999 -9999 -9999 -9999 -9999 -9999 -9999 -9999 -9999 -9999 -9999 -9999 -9999 -9999 -9999 -9999 -9999 -9999
-9999 -9999 -9999 -9999 -9999 -9999 -9999 -9999 -9999 -9999 -9999 -9999 -9999 -9999 -9999 -9999 -9999 -9999 -9999 -9999 -9999 -9999 -9999 -9999 -9999 -9999 -9999 -9999 -9999 -9999 -9999 -9999 -9999 -9999 -9999 -9999 -9999 -9999 -9999 -9999 -9999 -9999 -9999 -9999 -9999 -9999 -9999 -9999 -9999 -9999 -9999 -9999 -9999 -9999 -9999 -9999 -9999 -9999 -9999 -9999 -9999 -9999 -9999 -9999 -9999 -9999 -9999 -9999 -9999 -9999
-9999 -9999 -9999 -9999 -9999 -9999 -9999 -9999 -9999 -9999 -9999 -9999 -9999 -9999 -9999 -9999 -9999 -9999 -9999 -9999 -9999 -9999 -9999 -9999 -9999 -9999 -9999 -9999 -9999 -9999 -9999 -9999 -9999 -9999 -9999 -9999 -9999 -9999 -9999 -9999 -9999 -9999 -9999 -9999 -9999 -9999 -9999 -9999 -9999 -9999 -9999 -9999 -9999 -9999 -9999 -9999 -9999 -9999 -9999 -9999 -9999 -9999 -9999 -9999 -9999 -9999 -9999 -9999 -9999 -9999
-9999 -9999 -9999 -9999 -9999 -9999 -9999 -9999 -9999 -9999 -9999 -9999 -9999 -9999 -9999 -9999 -9999 -9999 -9999 -9999 -9999 -9999 -9999 -9999 -9999 -9999 -9999 -9999 -9999 -9999 -9999 -9999 -9999 -9999 -9999 -9999 -9999 -9999 -9999 -9999 -9999 -9999 -9999 -9999 -9999 -9999 -9999 -9999 -9999 -9999 -9999 -9999 -9999 -9999 -9999 -9999 -9999 -9999 -9999 -9999 -9999 -9999 -9999 -9999 -9999 -9999 -9999 -9999 -9999 -9999
-9999 -9999 -9999 -9999 -9999 -9999 -9999 -9999 -9999 -9999 -9999 -9999 -9999 -9999 -9999 -9999 -9999 -9999 -9999 -9999 -9999 -9999 -9999 -9999 -9999 -9999 -9999 -9999 -9999 -9999 -9999 -9999 -9999 -9999 -9999 -9999 -9999 -9999 -9999 -9999 -9999 -9999 -9999 -9999 -9999 -9999 -9999 -9999 -9999 -9999 -9999 -9999 -9999 -9999 -9999 -9999 -9999 -9999 -9999 -9999 -9999 -9999 -9999 -9999 -9999 -9999 -9999 -9999 -9999 -9999
-9999 -9999 -9999 -9999 -9999 -9999 -9999 -9999 -9999 -9999 -9999 -9999 -9999 -9999 -9999 -9999 -9999 -9999 -9999 -9999 -9999 -9999 -9999 -9999 -9999 -9999 -9999 -9999 -9999 -9999 -9999 -9999 -9999 -9999 -9999 -9999 -9999 -9999 -9999 -9999 -9999 -9999 -9999 -9999 -9999 -9999 -9999 -9999 -9999 -9999 -9999 -9999 -9999 -9999 -9999 -9999 -9999 -9999 -9999 -9999 -9999 -9999 -9999 -9999 -9999 -9999 -9999 -9999 -9999 -9999
-9999 -9999 -9999 -9999 -9999 -9999 -9999 -9999 -9999 -9999 -9999 -9999 -9999 -9999 -9999 -9999 -9999 -9999 -9999 -9999 -9999 -9999 -9999 -9999 -9999 -9999 -9999 -9999 -9999 -9999 -9999 -9999 -9999 -9999 -9999 -9999 -9999 -9999 -9999 -9999 -9999 -9999 -9999 -9999 -9999 -9999 -9999 -9999 -9999 -9999 -9999 -9999 -9999 -9999 -9999 -9999 -9999 -9999 -9999 -9999 -9999 -9999 -9999 -9999 -9999 -9999 -9999 -9999 -9999 -9999
-9999 -9999 -9999 -9999 -9999 -9999 -9999 -9999 -9999 -9999 -9999 -9999 -9999 -9999 -9999 -9999 -9999 -9999 -9999 -9999 -9999 -9999 -9999 -9999 -9999 -9999 -9999 -9999 -9999 -9999 -9999 -9999 -9999 -9999 -9999 -9999 -9999 -9999 -9999 -9999 -9999 -9999 -9999 -9999 -9999 -9999 -9999 -9999 -9999 -9999 -9999 -9999 -9999 -9999 -9999 -9999 -9999 -9999 -9999 -9999 -9999 -9999 -9999 -9999 -9999 -9999 -9999 -9999 -9999 -9999
-9999 -9999 -9999 -9999 -9999 -9999 -9999 -9999 -9999 -9999 -9999 -9999 -9999 -9999 -9999 -9999 -9999 -9999 -9999 -9999 -9999 -9999 -9999 -9999 -9999 -9999 -9999 -9999 -9999 -9999 -9999 -9999 -9999 -9999 -9999 -9999 -9999 -9999 -9999 -9999 -9999 -9999 -9999 -9999 -9999 -9999 -9999 -9999 -9999 -9999 -9999 -9999 -9999 -9999 -9999 -9999 -9999 -9999 -9999 -9999 -9999 -9999 -9999 -9999 -9999 -9999 -9999 -9999 -9999 -9999
-9999 -9999 -9999 -9999 -9999 -9999 -9999 -9999 -9999 -9999 -9999 -9999 -9999 -9999 -9999 -9999 -9999 -9999 -9999 -9999 -9999 -9999 -9999 -9999 -9999 -9999 -9999 -9999 -9999 -9999 -9999 -9999 -9999 -9999 -9999 -9999 -9999 -9999 -9999 -9999 -9999 -9999 -9999 -9999 -9999 -9999 -9999 -9999 -9999 -9999 -9999 -9999 -9999 -9999 -9999 -9999 -9999 -9999 -9999 -9999 -9999 -9999 -9999 -9999 -9999 -9999 -9999 -9999 -9999 -9999
-9999 -9999 -9999 -9999 -9999 -9999 -9999 -9999 -9999 -9999 -9999 -9999 -9999 -9999 -9999 -9999 -9999 -9999 -9999 -9999 -9999 -9999 -9999 -9999 -9999 -9999 -9999 -9999 -9999 -9999 -9999 -9999 -9999 -9999 -9999 -9999 -9999 -9999 -9999 -9999 -9999 -9999 -9999 -9999 -9999 -9999 -9999 -9999 -9999 -9999 -9999 -9999 -9999 -9999 -9999 -9999 -9999 -9999 -9999 -9999 -9999 -9999 -9999 -9999 -9999 -9999 -9999 -9999 -9999 -9999
264.14301 265.06299 264.02100 265.06100 265.37201 265.27100 264.97000 264.72400 265.46899 -9999 -9999 -9999 -9999 -9999 -9999 -9999 -9999 -9999 -9999 -9999 -9999 -9999 -9999 -9999 -9999 -9999 -9999 -9999 -9999 -9999 -9999 -9999 -9999 -9999 -9999 -9999 -9999 -9999 -9999 -9999 -9999 -9999 -9999 -9999 -9999 -9999 -9999 -9999 -9999 -9999 274.90900 -9999 -9999 -9999 -9999 -9999 -9999 -9999 -9999 -9999 -9999 -9999 -9999 -9999 -9999 -9999 -9999 -9999 -9999 -9999
266.52600 265.02802 264.36801 263.74799 262.68100 262.75601 262.91901 263.50400 263.68701 274.61600 274.52802 274.40900 274.69800 273.18100 272.27399 272.42200 272.66599 272.10001 271.42899 272.01401 273.74799 273.95401 -9999 -9999 -9999 -9999 -9999 -9999 -9999 -9999 -9999 -9999 -9999 -9999 -9999 -9999 -9999 -9999 -9999 -9999 -9999 -9999 -9999 -9999 -9999 266.13501 270.63800 268.70499 263.49301 261.57700 265.11499 274.91101 -9999 -9999 -9999 280.79001 -9999 -9999 -9999 277.79300 276.00400 274.47501 -9999 -9999 -9999 -9999 -9999 -9999 -9999 -9999
265.13400 264.06601 263.66299 262.66800 262.63300 262.45700 262.03299 262.69101 262.69000 273.63699 257.73199 256.54501 255.64500 254.61099 248.46400 248.99899 245.86400 244.26801 250.03999 252.37199 253.15401 252.67599 252.75999 256.54999 256.53601 259.87000 265.12601 268.76300 -9999 -9999 -9999 -9999 -9999 274.98300 276.04401 275.84000 276.91000 277.87399 278.95401 279.01801 278.23099 278.16101 277.06201 277.27899 276.64099 262.31299 263.23700 261.08401 262.48599 259.30301 260.92200 274.68799 273.42401 276.89001 277.76501 278.52499 278.04300 280.35501 279.19299 275.24799 272.09000 266.50299 267.54001 270.86301 272.67899 271.79599 274.87100 -9999 -9999 -9999
262.89801 261.60699 260.64899 259.75201 258.67499 258.95001 257.73099 257.88699 257.23300 252.49100 248.76199 247.75000 249.27299 248.28999 247.87199 248.11700 245.52499 249.17300 249.79700 253.34200 255.58600 254.43900 259.73300 259.44199 256.97000 261.48801 258.49701 261.60001 263.34299 266.20999 267.78699 271.05399 273.20700 274.73700 276.62900 274.34100 273.56299 273.97299 274.69000 275.30600 275.14301 274.28601 274.70401 273.72101 273.96500 273.09100 273.16599 273.71799 274.02802 271.08499 270.81299 271.56601 272.39099 273.82001 274.13199 274.99100 276.00101 277.00601 276.31900 277.14099 276.79599 275.20999 275.35101 274.47900 274.11401 271.79599 269.66599 270.25601 272.05499 275.06799
257.78601 257.58200 254.62100 250.82600 248.89900 249.00000 243.70000 244.41901 242.23000 246.27901 246.92000 248.27699 250.89301 252.85800 253.16499 251.23900 253.48599 256.07401 258.75500 267.45499 275.55899 268.60599 267.94601 266.43701 264.97900 267.21500 266.31100 263.42099 262.73099 260.38599 259.85501 261.03299 262.97501 268.18201 275.31601 275.90799 274.58600 273.32101 272.59000 273.54501 273.16501 274.05301 274.18399 273.35999 274.19901 273.36899 274.63599 275.19299 275.11801 271.76901 271.97000 273.12701 273.66501 273.27701 274.60599 275.86200 276.09601 278.01401 276.93100 277.24899 277.08301 275.87100 276.07901 275.21100 275.26599 271.12000 269.99100 272.43100 273.26401 274.39499
266.96600 262.10901 261.42001 261.90399 258.00500 258.62100 255.69901 253.75101 257.92899 261.17401 255.55901 258.36899 261.86301 258.87799 259.26099 260.15100 264.10599 260.36099 264.88699 268.00299 271.80499 269.01700 266.25299 268.29199 267.57700 270.03201 269.68900 268.44299 265.26599 264.85800 259.06100 257.95999 257.79300 265.79401 274.81100 274.95300 274.93399 274.88501 275.07901 274.33401 274.49301 275.63000 275.00900 274.50201 273.34799 275.20401 275.08499 274.88199 274.94199 273.43900 273.39200 274.19601 274.65201 275.30200 274.72000 276.23300 276.31500 276.97299 277.05899 276.32501 275.93701 275.78101 275.60599 275.56201 274.60800 271.33600 273.12500 274.03500 273.84698 275.20300
270.91599 271.95200 270.39801 271.49399 267.85199 263.37000 263.12201 262.53101 264.12701 268.29001 267.89200 271.62500 272.83301 273.51700 272.44400 269.50699 269.06799 269.36600 269.73099 271.83200 273.75601 276.35699 274.84201 270.94299 269.98901 265.92499 266.61700 264.26001 264.88199 269.09399 269.38699 266.96701 259.33899 267.12201 270.57999 273.40399 275.12299 275.94699 276.40399 276.39401 277.02301 276.27600 275.35400 275.31400 275.69299 274.37799 274.54300 275.63901 276.09900 274.51801 274.98499 275.44000 275.23300 276.26501 275.10699 277.03000 276.91199 277.23801 276.86899 276.46100 276.11200 276.07199 276.22400 275.52802 275.58701 275.99799 275.79099 274.26401 275.11200 277.17200
276.59601 279.25299 278.29501 275.06799 268.25000 266.96100 272.24100 274.94000 278.03101 279.04099 279.12399 281.22601 281.88101 281.92300 281.22198 279.03699 276.33099 275.39999 275.39999 275.00400 276.05600 276.39700 273.18399 269.12100 266.12100 266.47198 263.86700 263.64401 267.44199 269.44601 270.34399 268.07001 263.91800 262.92099 271.11600 274.08301 275.48599 277.39801 278.00699 277.91599 277.68701 278.04401 277.67001 277.60800 278.20700 278.35901 277.05701 277.32901 277.77100 277.37799 276.97101 277.79300 276.40399 275.38199 276.11200 276.27802 276.56400 276.45200 277.01199 277.14899 276.36700 277.74500 279.33701 278.68799 278.64600 278.36401 278.10501 277.65500 278.00601 278.06400
278.77399 278.76099 276.28601 272.68701 272.83401 275.74200 280.39001 280.59399 281.64899 281.96899 282.40100 281.73499 281.66501 282.60400 282.98801 282.16599 279.57901 278.66901 280.14999 281.78299 281.88400 280.42700 277.26999 267.63101 263.25299 259.51801 261.42099 264.54199 269.00101 271.00400 270.66299 268.81000 266.84900 261.59201 267.83701 271.34799 275.39200 278.62900 278.76001 278.82501 279.37799 279.36301 279.89600 279.79401 279.60101 280.33801 280.72400 281.00500 280.16000 279.28201 279.51099 279.14999 278.29599 277.87701 278.54099 279.34000 279.50400 279.05099 280.57401 280.17200 279.33099 277.93799 280.02802 280.77499 280.22101 280.21701 278.56299 278.50000 279.60999 279.47601
276.90100 274.53601 271.81900 272.27701 275.77802 276.26300 275.25900 276.91599 278.73599 277.79300 274.73099 274.65302 275.96500 276.98499 279.81601 280.54700 279.48599 279.66800 279.91699 279.47800 280.98099 277.39301 275.44699 266.84500 262.53400 260.51501 261.29700 261.25101 266.76001 266.48499 266.50699 268.74600 270.18201 270.16199 273.61600 274.01801 272.55701 272.57001 274.71100 273.37399 272.20599 274.72800 276.14001 275.40701 279.24701 281.52399 282.05200 281.81299 281.90601 281.62000 278.65900 278.82101 277.34500 278.03000 277.51401 278.68201 278.07700 278.43900 277.61899 277.25101 277.93399 279.77499 280.96201 280.26401 280.84500 279.88699 279.50400 279.58801 279.69800 275.89600
282.40201 281.78299 281.90100 282.04599 280.59500 278.29800 280.83801 284.08099 282.89700 280.26099 278.41101 274.34399 271.88400 270.28601 268.73199 266.98700 269.81299 270.37601 275.10699 277.66599 278.79401 277.81400 275.17700 269.42801 263.12000 263.07599 264.46201 262.70099 262.45300 263.10300 263.00800 262.99301 264.05600 266.79001 270.10199 269.37601 267.14001 264.18100 263.52802 261.63199 262.53201 265.73700 266.60599 263.10001 264.51901 270.25101 271.60501 274.62299 275.90799 281.29800 283.30600 282.98499 280.34399 281.42300 282.72299 280.06900 279.54501 279.59399 278.89200 279.67700 281.89301 280.49600 276.08401 277.06500 279.69601 279.05099 277.69000 278.09100 277.77499 277.22400
283.68500 284.19199 284.54599 284.12000 284.30099 283.60001 284.34000 284.12000 284.97699 285.87900 284.62299 282.45901 280.07800 276.30701 272.55600 266.55701 264.62100 260.47800 263.61600 260.25900 270.65302 271.68399 275.36801 274.94000 264.25000 260.16800 256.00900 259.19400 259.10001 256.63101 259.43201 258.87399 258.59698 257.04300 257.90302 258.69101 257.79501 256.05499 256.91000 257.64899 256.12299 257.20001 259.48599 257.36899 257.18900 260.05399 259.86700 260.50299 260.93201 263.80899 269.26700 278.97601 283.17499 282.07901 283.57999 283.35901 280.18600 278.65799 279.66199 279.21701 279.01999 280.21500 280.90900 278.96301 276.49100 275.86899 275.50400 278.10999 280.49500 282.05301
288.73099 287.43399 287.62201 286.26501 284.91299 283.11801 282.98599 281.00601 280.83899 281.65201 283.98401 284.19299 283.84399 283.20200 280.23901 276.47900 272.43201 267.26700 271.35599 273.33701 273.49701 273.34900 272.09601 270.84500 272.38501 265.50101 266.76999 262.95999 259.95401 259.20700 259.84399 259.96701 263.19800 264.13101 265.81699 262.22101 263.83600 260.13000 260.45099 262.56601 259.64001 261.03900 260.74899 259.19901 257.85999 261.61801 261.78101 262.55600 262.28900 263.54599 268.57901 273.36499 278.57999 280.43701 282.53299 284.01099 278.73099 274.96201 278.79001 279.02899 279.05801 280.60001 280.48599 278.88000 277.54401 278.93701 279.07300 278.78699 278.21701 281.41101
290.61801 289.44601 287.59299 280.68301 277.32999 274.54401 271.91101 272.64200 264.83899 260.24899 259.14301 262.37799 271.25101 277.70099 272.65500 278.08899 279.63800 279.36700 279.46201 279.18399 276.79001 276.52499 272.00900 270.55399 268.48599 269.60199 270.53000 270.79401 270.78601 273.42999 270.94800 270.26901 273.44199 274.68201 271.77499 271.26401 272.20200 273.11600 272.51300 266.64899 266.76099 264.97400 263.73300 264.23199 264.67099 263.34500 263.56799 262.51901 266.25900 267.28900 265.76700 268.95200 274.14499 276.74100 279.58701 282.15399 283.17200 282.76001 278.98599 279.31900 281.41199 280.60599 281.30301 281.49600 279.97400 279.81900 279.26300 279.56500 281.82501 282.49399
285.12500 278.91699 262.69000 254.81500 258.86499 264.94101 267.32401 265.44901 268.44800 271.73401 270.33301 266.86301 266.15100 270.26199 261.41199 264.07300 267.70099 271.21500 276.43301 278.76700 277.70901 279.44501 276.01199 271.79099 270.73300 270.51599 273.06201 270.69000 271.61301 272.76199 274.23499 274.27802 275.71399 272.32501 271.57901 271.63300 274.77899 268.65201 267.80899 270.18900 270.20401 267.21100 265.14999 266.90900 265.31299 264.26700 266.23199 265.62900 264.76501 262.10199 263.49899 268.72299 272.64301 273.31000 274.62000 277.57300 279.73801 284.42801 280.75800 279.72400 281.73801 282.01401 282.17899 281.28101 280.59100 282.20499 283.03900 282.82700 282.93201 284.06299
268.69800 263.89001 257.55301 269.45999 283.69800 280.40201 273.04999 273.77200 272.76099 273.04901 276.07001 275.53601 275.01599 275.29700 275.33200 278.07001 277.49701 277.38800 272.59100 278.94699 286.07999 283.25900 282.16599 278.20801 272.35599 270.76901 271.46799 267.25201 265.66299 272.95599 274.80600 274.77600 277.75000 279.27899 278.42599 277.06601 272.05801 270.13000 271.31000 272.90399 270.26300 269.60300 271.45901 269.16101 268.42401 266.67801 266.93201 266.02100 264.94601 262.86700 260.59601 263.32401 262.54099 266.05099 267.85101 275.94000 280.52200 283.42999 286.75800 283.36801 283.93701 285.42899 284.96899 284.15100 284.20300 284.16101 284.80499 284.96301 284.69501 285.35300
278.63501 289.72699 290.50800 293.49301 296.26999 287.48599 270.79800 263.10599 263.63000 268.18100 275.05301 276.09399 275.93900 277.96301 281.99600 277.20499 255.95000 255.80400 259.41000 261.87601 269.04599 269.96100 269.91599 275.75800 276.91101 277.42001 273.29401 271.35699 269.29001 270.41901 268.35199 272.99100 278.60400 278.78601 277.93900 278.95599 272.31100 272.16501 270.50699 275.98401 273.75800 274.12500 275.40799 275.11301 271.90900 271.22101 265.23999 268.52899 265.10400 265.93399 266.14099 263.34698 263.46100 264.95001 268.75500 274.28201 277.62799 282.55701 289.87000 287.54999 286.87399 287.54599 286.06601 282.65900 278.90201 278.16501 278.66901 280.05801 283.87601 286.84698
268.13199 283.26001 291.89899 294.31000 295.57300 291.58701 281.46301 273.04001 270.04901 269.54001 268.32199 271.10199 274.41101 276.59299 279.88300 280.64401 273.69699 252.75101 246.73700 251.15401 256.10300 257.44000 260.87900 262.11401 265.25400 271.04001 268.40799 265.11301 264.78799 267.56601 271.43399 269.29501 272.76300 275.01001 277.35199 280.73300 275.25500 273.65500 271.07401 271.06000 272.62201 276.07300 277.14600 274.33099 272.01599 275.94901 270.80801 270.54901 271.03799 267.27399 267.90100 269.63300 274.84799 273.15302 272.71899 272.15500 276.47900 276.98901 285.04901 288.20300 285.62601 289.21600 288.94601 288.62601 287.87900 285.91299 286.11099 286.99701 288.19000 288.71500
