data/hydroclimate-scenarios/1948-2000.Pcorr55N_Pref_Tref/monthly_summaries/olr_monthly_avg_dec.asc
ncols	311
nrows	91
xllcenter	102.75
yllcenter	31.75
cellsize	0.5
NODATA_value	-9999
[rows 0 to 30 of 91, columns 210 to 279 of 311]
-9999 -9999 -9999 -9999 -9999 -9999 -9999 -9999 -9999 -9999 -9999 -9999 -9999 -9999 -9999 -9999 -9999 -9999 -9999 -9999 -9999 -9999 -9999 -9999 -9999 -9999 -9999 -9999 -9999 -9999 -9999 -9999 -9999 -9999 -9999 -9999 -9999 -9999 -9999 -9999 -9999 -9999 -9999 -9999 -9999 -9999 -9999 -9999 -9999 -9999 -9999 -9999 -9999 -9999 -9999 -9999 -9999 -9999 -9999 -9999 -9999 -9999 -9999 -9999 -9999 -9999 -9999 -9999 -9999 -9999
-9999 -9999 -9999 -9999 -9999 -9999 -9999 -9999 -9999 -9999 -9999 -9999 -9999 -9999 -9999 -9999 -9999 -9999 -9999 -9999 -9999 -9999 -9999 -9999 -9999 -9999 -9999 -9999 -9999 -9999 -9999 -9999 -9999 -9999 -9999 -9999 -9999 -9999 -9999 -9999 -9999 -9999 -9999 -9999 -9999 -9999 -9999 -9999 -9999 -9999 -9999 -9999 -9999 -9999 -9999 -9999 -9999 -9999 -9999 -9999 -9999 -9999 -9999 -9999 -9999 -9999 -9999 -9999 -9999 -9999
-9999 -9999 -9999 -9999 -9999 -9999 -9999 -9999 -9999 -9999 -9999 -9999 -9999 -9999 -9999 -9999 -9999 -9999 -9999 -9999 -9999 -9999 -9999 -9999 -9999 -9999 -9999 -9999 -9999 -9999 -9999 -9999 -9999 -9999 -9999 -9999 -9999 -9999 -9999 -9999 -9999 -9999 -9999 -9999 -9999 -9999 -9999 -9999 -9999 -9999 -9999 -9999 -9999 -9999 -9999 -9999 -9999 -9999 -9999 -9999 -9999 -9999 -9999 -9999 -9999 -9999 -9999 -9999 -9999 -9999
-9999 -9999 -9999 -9999 -9999 -9999 -9999 -9999 -9999 -9999 -9999 -9999 -9999 -9999 -9999 -9999 -9999 -9999 -9999 -9999 -9999 -9999 -9999 -9999 -9999 -9999 -9999 -9999 -9999 -9999 -9999 -9999 -9999 -9999 -9999 -9999 -9999 -9999 -9999 -9999 -9999 -9999 -9999 -9999 -9999 -9999 -9999 -9999 -9999 -9999 -9999 -9999 -9999 -9999 -9999 -9999 -9999 -9999 -9999 -9999 -9999 -9999 -9999 -9999 -9999 -9999 -9999 -9999 -9999 -9999
-9999 -9999 -9999 -9999 -9999 -9999 -9999 -9999 -9999 -9999 -9999 -9999 -9999 -9999 -9999 -9999 -9999 -9999 -9999 -9999 -9999 -9999 -9999 -9999 -9999 -9999 -9999 -9999 -9999 -9999 -9999 -9999 -9999 -9999 -9999 -9999 -9999 -9999 -9999 -9999 -9999 -9999 -9999 -9999 -9999 -9999 -9999 -9999 -9999 -9999 -9999 -9999 -9999 -9999 -9999 -9999 -9999 -9999 -9999 -9999 -9999 -9999 -9999 -9999 -9999 -9999 -9999 -9999 -9999 -9999
-9999 -9999 -9999 -9999 -9999 -9999 -9999 -9999 -9999 -9999 -9999 -9999 -9999 -9999 -9999 -9999 -9999 -9999 -9999 -9999 -9999 -9999 -9999 -9999 -9999 -9999 -9999 -9999 -9999 -9999 -9999 -9999 -9999 -9999 -9999 -9999 -9999 -9999 -9999 -9999 -9999 -9999 -9999 -9999 -9999 -9999 -9999 -9999 -9999 -9999 -9999 -9999 -9999 -9999 -9999 -9999 -9999 -9999 -9999 -9999 -9999 -9999 -9999 -9999 -9999 -9999 -9999 -9999 -9999 -9999
-9999 -9999 -9999 -9999 -9999 -9999 -9999 -9999 -9999 -9999 -9999 -9999 -9999 -9999 -9999 -9999 -9999 -9999 -9999 -9999 -9999 -9999 -9999 -9999 -9999 -9999 -9999 -9999 -9999 -9999 -9999 -9999 -9999 -9999 -9999 -9999 -9999 -9999 -9999 -9999 -9999 -9999 -9999 -9999 -9999 -9999 -9999 -9999 -9999 -9999 -9999 -9999 -9999 -9999 -9999 -9999 -9999 -9999 -9999 -9999 -9999 -9999 -9999 -9999 -9999 -9999 -9999 -9999 -9999 -9999
-9999 -9999 -9999 -9999 -9999 -9999 -9999 -9999 -9999 -9999 -9999 -9999 -9999 -9999 -9999 -9999 -9999 -9999 -9999 -9999 -9999 -9999 -9999 -9999 -9999 -9999 -9999 -9999 -9999 -9999 -9999 -9999 -9999 -9999 -9999 -9999 -9999 -9999 -9999 -9999 -9999 -9999 -9999 -9999 -9999 -9999 -9999 -9999 -9999 -9999 -9999 -9999 -9999 -9999 -9999 -9999 -9999 -9999 -9999 -9999 -9999 -9999 -9999 -9999 -9999 -9999 -9999 -9999 -9999 -9999
-9999 -9999 -9999 -9999 -9999 -9999 -9999 -9999 -9999 -9999 -9999 -9999 -9999 -9999 -9999 -9999 -9999 -9999 -9999 -9999 -9999 -9999 -9999 -9999 -9999 -9999 -9999 -9999 -9999 -9999 -9999 -9999 -9999 -9999 -9999 -9999 -9999 -9999 -9999 -9999 -9999 -9999 -9999 -9999 -9999 -9999 -9999 -9999 -9999 -9999 -9999 -9999 -9999 -9999 -9999 -9999 -9999 -9999 -9999 -9999 -9999 -9999 -9999 -9999 -9999 -9999 -9999 -9999 -9999 -9999
-9999 -9999 -9999 -9999 -9999 -9999 -9999 -9999 -9999 -9999 -9999 -9999 -9999 -9999 -9999 -9999 -9999 -9999 -9999 -9999 -9999 -9999 -9999 -9999 -9999 -9999 -9999 -9999 -9999 -9999 -9999 -9999 -9999 -9999 -9999 -9999 -9999 -9999 -9999 -9999 -9999 -9999 -9999 -9999 -9999 -9999 -9999 -9999 -9999 -9999 -9999 -9999 -9999 -9999 -9999 -9999 -9999 -9999 -9999 -9999 -9999 -9999 -9999 -9999 -9999 -9999 -9999 -9999 -9999 -9999
-9999 -9999 -9999 -9999 -9999 -9999 -9999 -9999 -9999 -9999 -9999 -9999 -9999 -9999 -9999 -9999 -9999 -9999 -9999 -9999 -9999 -9999 -9999 -9999 -9999 -9999 -9999 -9999 -9999 -9999 -9999 -9999 -9999 -9999 -9999 -9999 -9999 -9999 -9999 -9999 -9999 -9999 -9999 -9999 -9999 -9999 -9999 -9999 -9999 -9999 -9999 -9999 -9999 -9999 -9999 -9999 -9999 -9999 -9999 -9999 -9999 -9999 -9999 -9999 -9999 -9999 -9999 -9999 -9999 -9999
-9999 -9999 -9999 -9999 -9999 -9999 -9999 -9999 -9999 -9999 -9999 -9999 -9999 -9999 -9999 -9999 -9999 -9999 -9999 -9999 -9999 -9999 -9999 -9999 -9999 -9999 -9999 -9999 -9999 -9999 -9999 -9999 -9999 -9999 -9999 -9999 -9999 -9999 -9999 -9999 -9999 -9999 -9999 -9999 -9999 -9999 -9999 -9999 -9999 -9999 -9999 -9999 -9999 -9999 -9999 -9999 -9999 -9999 -9999 -9999 -9999 -9999 -9999 -9999 -9999 -9999 -9999 -9999 -9999 -9999
-9999 -9999 -9999 -9999 -9999 -9999 -9999 -9999 -9999 -9999 -9999 -9999 -9999 -9999 -9999 -9999 -9999 -9999 -9999 -9999 -9999 -9999 -9999 -9999 -9999 -9999 -9999 -9999 -9999 -9999 -9999 -9999 -9999 -9999 -9999 -9999 -9999 -9999 -9999 -9999 -9999 -9999 -9999 -9999 -9999 -9999 -9999 -9999 -9999 -9999 -9999 -9999 -9999 -9999 -9999 -9999 -9999 -9999 -9999 -9999 -9999 -9999 -9999 -9999 -9999 -9999 -9999 -9999 -9999 -9999
166.42999 167.54300 168.17500 168.99600 169.19200 169.26100 169.33900 168.94200 168.95799 -9999 -9999 -9999 -9999 -9999 -9999 -9999 -9999 -9999 -9999 -9999 -9999 -9999 -9999 -9999 -9999 -9999 -9999 -9999 -9999 -9999 -9999 -9999 -9999 -9999 -9999 -9999 -9999 -9999 -9999 -9999 -9999 -9999 -9999 -9999 -9999 -9999 -9999 -9999 -9999 -9999 171.67999 -9999 -9999 -9999 -9999 -9999 -9999 -9999 -9999 -9999 -9999 -9999 -9999 -9999 -9999 -9999 -9999 -9999 -9999 -9999
160.93600 161.55000 161.47701 163.19701 164.50600 165.15800 166.40700 166.60899 166.86099 176.71100 176.18100 166.66499 167.23500 167.72501 168.00999 168.33701 177.87399 177.83299 177.98100 178.46001 179.42999 185.92799 -9999 -9999 -9999 -9999 -9999 -9999 -9999 -9999 -9999 -9999 -9999 -9999 -9999 -9999 -9999 -9999 -9999 -9999 -9999 -9999 -9999 -9999 -9999 166.54201 169.37100 168.38100 164.45500 164.35300 167.57201 172.74699 -9999 -9999 -9999 176.79500 -9999 -9999 -9999 177.45399 177.72000 178.51300 -9999 -9999 -9999 -9999 -9999 -9999 -9999 -9999
161.77200 161.70300 161.70000 162.03700 162.85800 163.68800 164.66200 165.03700 166.12300 165.81400 166.22501 166.32700 165.94901 165.62500 163.85201 164.28200 162.73000 161.58299 163.96700 165.21899 166.26300 166.84100 166.98000 167.70300 166.77100 168.66701 171.73000 172.48000 -9999 -9999 -9999 -9999 -9999 169.46800 168.97800 168.79500 169.39700 170.20900 171.60001 172.02600 171.44901 170.77800 170.56400 170.23801 170.26601 163.06500 164.73500 162.91200 163.87300 163.14600 163.56700 172.40500 172.44099 174.29401 175.27901 175.46600 176.73399 177.02100 176.18600 175.60001 174.71400 172.58701 173.11700 175.51300 176.22501 174.02600 174.07500 -9999 -9999 -9999
164.71100 165.58299 166.14301 166.52901 167.48399 167.55099 165.70300 165.45700 165.92300 165.71600 164.94099 165.08099 164.93100 163.37601 162.22900 162.12399 159.93500 163.27901 163.86000 166.66100 168.47701 168.43900 169.69701 168.18700 166.78000 168.85300 166.77699 168.98500 169.19800 169.87700 170.43600 170.21700 169.87700 168.94099 169.10100 167.94501 167.76300 167.91901 169.04800 168.91400 169.55000 169.15401 169.59599 168.85001 169.32700 168.83299 169.35001 169.78600 170.02000 169.54401 170.25000 170.76300 171.82300 172.89301 173.20700 174.54700 174.89400 174.53600 174.84399 175.59599 176.48700 176.90800 177.28500 176.74899 176.31500 173.74400 171.26401 170.49899 170.33800 170.63699
167.96100 168.70500 168.39999 164.48801 164.67500 165.74500 165.73000 166.44701 166.07300 167.48300 168.21600 168.36301 167.88699 168.32201 168.89999 169.92000 173.19600 176.20700 176.56000 175.49699 176.04900 172.92400 172.27200 170.66100 170.21500 175.81500 174.16100 169.20900 167.87900 165.46001 165.14999 165.00800 164.56300 165.55000 167.67599 167.24600 167.22099 167.38200 167.07700 167.56200 168.06700 168.16600 168.82201 168.16499 168.17200 168.42900 169.16499 169.57800 169.70100 168.72600 169.79201 170.63000 170.95900 171.90300 172.50700 173.04800 173.52901 174.04900 174.59500 175.42700 175.75101 176.28400 176.93800 175.96400 175.52699 172.22301 171.28900 171.25101 170.82401 170.71500
169.66200 168.80299 169.09500 170.44701 172.55200 170.17999 168.98900 168.20200 169.53200 171.31100 171.93600 174.38499 174.37399 175.68100 178.77100 183.87500 182.75700 183.56500 183.32100 180.20500 177.69099 173.42000 172.36400 171.74200 175.40300 177.53900 176.74001 172.15800 169.97600 168.29800 163.37500 162.60500 162.92400 165.04201 167.61301 167.49200 167.65401 167.70399 167.94501 167.98300 168.37300 169.10699 168.20100 168.37000 167.98199 168.26401 167.91600 168.29800 168.42999 168.60699 169.05400 169.78101 170.71201 171.82401 172.42101 172.39200 173.12500 174.27100 174.33800 175.72099 175.01801 178.02600 177.87900 177.57800 176.45399 173.05200 173.01199 171.71300 171.31799 171.36099
171.39301 173.03500 172.72900 174.05400 174.87399 176.41701 175.70100 176.00000 176.61501 177.92999 175.73399 179.19400 177.99600 178.12801 176.62199 176.07201 173.73399 177.05000 175.37700 175.34500 178.42300 184.57401 183.06200 177.18100 176.34900 174.59599 173.64200 168.96001 169.58900 169.53400 169.11501 167.78900 163.78101 165.39600 166.35800 167.95799 168.41499 168.46600 169.14101 168.52901 169.33701 168.71400 168.47600 168.67101 168.56200 166.55800 166.57001 167.33099 167.42101 168.12700 168.87500 169.51401 170.49600 171.55800 171.59100 172.14600 173.07500 173.78400 174.27901 174.27800 174.93300 176.65601 177.07800 176.93800 176.26900 174.07800 174.04900 171.91400 171.67400 172.26601
173.02200 177.51700 177.67900 173.74800 172.25900 176.67999 183.60300 186.33099 186.72701 182.66400 179.20700 175.96700 174.67101 170.96400 168.51100 167.64900 166.31700 166.59000 169.44000 173.36800 176.16499 180.27600 177.58099 172.97501 169.15401 170.09399 168.16499 168.41499 169.20100 169.50800 169.07001 168.65601 166.35300 165.02600 168.44200 168.82500 169.39900 169.91701 170.19800 170.36400 170.33800 170.00900 170.01801 170.06700 169.78799 167.89400 167.70200 166.81100 167.62399 168.93600 169.37399 171.07500 171.18300 171.19000 171.97600 172.28000 173.33400 173.21300 173.48300 175.45200 174.74200 178.92599 179.14900 178.26900 177.94701 175.45799 175.12500 174.02901 173.79100 173.34100
177.77600 180.04401 177.72099 172.44600 171.91600 172.29700 173.99200 176.13200 175.62399 173.70599 172.90401 170.44501 168.83900 169.38800 169.24699 168.55800 170.15800 173.61400 178.47800 182.84300 182.22600 181.61501 179.18800 172.22301 167.95000 164.97000 164.53300 168.03900 169.78999 169.55499 168.78000 168.21500 167.03999 164.86301 167.41000 167.94901 169.79500 171.08299 170.85800 170.72501 171.12000 170.97000 171.13600 170.78300 170.12199 169.30400 168.30800 167.52600 167.83501 169.48500 170.17700 171.07600 171.69400 171.49800 172.29900 173.52400 173.74500 173.56400 175.17700 175.40300 175.14900 178.43300 178.94099 178.70399 178.12399 175.40800 174.81500 173.68401 174.26401 173.11200
185.87000 183.23100 179.63499 174.61400 170.97400 168.19901 167.84900 173.24699 183.02200 188.89500 190.94901 189.39500 189.53200 193.21600 189.74300 187.40601 180.99300 180.34900 184.50000 186.80299 184.95500 182.74699 180.65100 173.03300 168.26401 165.98500 165.15401 163.56500 167.64700 165.95300 165.58200 168.20900 168.50800 167.02100 168.81300 169.34100 168.70799 168.70799 168.91701 168.24400 168.07100 169.32600 170.06000 169.43600 170.59100 170.58800 170.56700 170.38600 170.26500 171.08900 170.61800 171.29401 171.50800 172.10400 172.73300 173.19701 173.40401 173.61099 173.36000 173.86301 173.90100 175.21899 174.84599 174.88400 175.07700 174.42200 174.49400 174.26801 173.79401 172.16200
187.28700 186.21800 183.42300 183.48300 187.38200 186.17200 183.70300 185.70200 192.36600 196.68201 199.36700 199.53999 198.00400 198.27200 195.11501 195.22000 190.17999 186.07401 180.46500 179.43401 180.24200 183.03400 180.52200 173.84900 168.27200 167.06599 166.53600 165.19901 165.42200 164.30200 164.28799 165.34500 165.86600 166.49001 167.65900 167.93900 167.38699 165.56700 165.47900 164.17200 164.90300 166.69800 167.16000 165.72600 166.79201 168.42400 168.24400 169.66299 169.60100 172.29700 173.02600 172.95300 172.54100 173.79601 174.35100 173.42500 173.64900 173.50900 173.38100 173.76601 175.14900 174.73700 173.28600 173.12300 174.18600 173.63901 173.07899 172.60699 172.86400 172.90300
194.42101 191.44099 190.54800 186.95200 186.30099 184.94800 185.96899 187.64101 188.94200 185.75600 185.08299 191.67101 192.75400 195.67101 198.53600 199.92700 200.16400 198.76401 190.87900 184.99400 183.34200 178.81400 182.62500 182.96100 168.86501 166.96800 164.90199 163.91800 162.92599 161.20300 161.12601 161.63800 163.24500 160.97200 161.47600 163.73300 162.01900 161.18201 161.69400 161.94000 161.66499 164.04300 165.56799 164.57700 165.36000 166.96400 166.52100 167.22200 167.65601 168.52000 170.52600 172.92500 174.37801 174.62100 175.32401 174.94901 173.38400 173.09900 173.05299 172.92101 172.96100 173.39700 173.51900 173.00999 172.08900 171.39500 172.22000 173.28600 174.16000 174.80000
198.57201 198.97501 195.11301 191.67300 193.87199 192.34500 193.18700 193.28200 193.72600 193.52000 193.57500 192.83099 192.43700 201.93201 204.04500 203.85300 196.79300 194.50700 189.57100 184.22000 178.92200 178.06200 178.94200 177.99800 179.58200 169.56799 171.33400 167.58701 163.31200 161.98199 161.45700 161.86301 165.98801 167.07300 168.83701 167.48000 168.04201 164.44400 165.70300 167.51401 166.45100 166.78999 167.49699 167.00200 167.32600 169.43900 169.09399 170.02400 170.35400 170.50900 172.08299 173.28999 174.40900 175.25301 175.39101 175.61301 173.07600 170.77299 172.13200 172.52000 172.25101 173.19600 173.36501 173.02800 172.72200 172.67799 173.02000 173.39900 173.16200 174.39301
190.00900 193.04900 196.28500 199.68500 204.16299 201.83600 200.23399 200.10001 197.30600 194.14101 191.61600 189.78200 192.56799 194.63800 193.07001 188.74400 188.03799 189.80600 191.50500 187.76500 183.03300 180.86099 175.41701 175.49100 175.22099 174.29500 173.47501 172.67700 170.76801 170.02100 168.91499 168.23000 170.96201 173.10600 172.50301 172.79601 173.03400 174.26199 174.43600 171.57500 171.95500 170.84900 171.29800 171.22301 171.58800 171.94701 172.25600 172.20900 173.69600 173.88499 172.60600 172.97301 174.14600 174.13300 174.67599 174.26801 173.97000 173.24800 171.22200 171.67500 172.15100 173.10899 173.57600 174.21500 173.60899 174.44000 174.69901 174.48801 175.68500 175.04700
197.87700 204.53600 202.61501 200.64200 201.72400 197.80299 197.90700 200.21500 197.39999 195.44701 193.47900 192.40100 193.43500 195.30099 190.45500 191.68401 189.78700 186.07300 180.88600 179.95100 180.44099 183.39799 180.14400 178.01700 177.85600 176.43300 175.84599 172.66901 171.75000 170.00500 170.15100 170.61501 172.64799 173.66200 174.19099 174.49899 176.15500 174.73700 174.54100 174.67900 174.94800 173.80299 173.82600 174.12399 174.32001 173.86900 175.66000 176.55701 176.01900 174.82800 174.48100 175.44800 175.85600 174.75200 174.16600 173.90500 173.68800 173.88000 171.73700 172.08800 172.28900 173.30400 173.50800 173.81700 173.68500 175.32600 175.66701 175.92700 176.07500 175.93600
199.40700 201.25700 201.98300 206.30901 212.76601 209.08299 205.39200 201.38300 197.03600 193.44701 192.28300 193.23399 192.62399 191.23500 191.84300 193.32500 195.26401 196.53600 197.04800 192.60899 182.81400 189.96500 187.85100 184.28000 180.93700 182.50999 180.70200 175.36099 168.34900 175.32100 176.14400 175.44099 178.51700 180.03101 180.98399 180.47501 178.22099 177.63200 178.52800 179.39500 177.95500 177.11800 178.07300 177.67000 178.07800 176.86000 178.56599 179.56300 179.94299 178.30099 176.87300 176.50700 174.83701 175.07300 174.28200 174.59100 174.58099 174.03999 174.53101 173.75900 173.49500 174.39500 175.10699 175.92101 175.38100 176.38901 176.59599 176.50600 176.53400 176.28200
208.64200 215.53400 215.24400 215.68300 215.25000 205.03900 204.37399 196.06500 194.38000 191.79100 189.21100 189.17599 189.96600 189.57500 189.43300 198.10600 193.84900 190.84700 193.25500 190.86301 193.06200 186.64200 185.89200 187.74899 186.84300 189.46201 184.07500 181.41600 177.91800 176.99001 176.49699 177.64700 182.03900 182.29401 183.00301 183.74699 181.49400 181.19299 180.62100 183.23100 181.48801 181.11501 181.48300 181.48900 181.20500 180.51300 179.46001 182.75500 182.38901 182.02400 180.79700 178.33099 177.63100 177.06400 176.92400 175.91701 175.31100 174.91200 175.63300 175.47200 175.08800 176.08200 175.83701 175.44501 174.39600 175.16499 175.26700 175.24800 176.18700 177.36501
207.43100 219.54500 215.58900 213.62601 209.75600 217.10400 217.47099 209.03101 202.38100 198.85300 193.83501 193.46400 194.36400 192.56599 189.42101 198.66000 202.83701 195.90700 191.27901 189.72900 192.22200 185.89799 186.83800 185.94901 185.98100 186.64799 182.64301 180.20200 178.04900 178.49001 180.40199 178.65500 182.32100 184.69200 186.71899 188.69400 186.57401 186.10699 184.14600 184.61800 185.21001 185.61000 185.93500 184.96100 184.28900 185.77499 185.14600 188.10100 189.10300 188.78000 187.12801 186.06200 186.41100 183.15601 182.05400 179.42200 178.45799 176.77299 177.00600 176.93800 176.18500 178.07100 178.60400 179.33200 179.82401 178.60300 178.86000 179.08400 178.70900 177.99300
