data/hydroclimate-scenarios/1948-2000.Pcorr55N_Pref_Tref/monthly_summaries/olr_monthly_avg_feb.asc
ncols	311
nrows	91
xllcenter	102.75
yllcenter	31.75
cellsize	0.5
NODATA_value	-9999
[rows 31 to 61 of 91, columns 0 to 69 of 311]
-9999 -9999 -9999 -9999 -9999 -9999 -9999 -9999 -9999 -9999 -9999 161.26801 161.11301 160.61200 160.97701 158.12300 157.45300 158.03300 157.99100 158.02299 158.36800 157.73599 158.27600 158.75301 158.64600 158.96899 158.40800 157.37100 158.65100 158.08701 157.85600 158.39999 158.81100 159.29100 159.11501 160.77699 161.25400 158.79700 156.82700 156.62300 156.38300 155.85699 154.83200 153.09599 152.41299 151.23399 151.12100 151.60699 151.68600 150.73199 149.79601 148.59900 147.34599 145.67799 144.23500 142.86099 141.42599 140.92599 140.12601 140.19400 139.61400 138.89600 138.81900 139.19600 139.67799 140.79500 140.50000 143.25900 140.09500 135.60800
-9999 -9999 -9999 -9999 -9999 -9999 -9999 -9999 -9999 -9999 -9999 160.75301 160.28300 160.77200 160.60600 159.68201 159.31000 159.68100 159.51601 160.08400 159.48900 160.34000 161.74100 160.85600 161.17500 160.02499 159.09200 159.06900 158.73199 158.79300 157.79201 158.53500 159.56300 160.10600 159.66000 162.54300 162.78999 162.84900 161.42999 159.91499 159.27901 159.61400 159.58299 157.27699 155.68401 153.87500 153.58800 152.68600 152.04401 151.01601 150.41299 148.17200 147.11400 144.77299 144.57300 144.51601 143.41901 142.71700 142.52400 141.99400 141.44501 140.66100 141.00900 141.31100 142.79100 144.68300 144.54800 146.04700 143.81400 141.64700
-9999 -9999 -9999 -9999 -9999 -9999 -9999 -9999 -9999 -9999 -9999 162.07600 160.87700 161.69800 160.95500 160.79401 160.63300 161.57001 161.85899 162.50500 162.26100 162.21201 162.84900 161.70300 159.93800 158.00500 157.26700 157.78400 159.09399 160.54100 159.17700 159.68300 160.04601 161.56799 162.18100 164.63600 164.59700 164.29201 163.26700 159.42500 161.08200 159.31900 160.66000 159.76500 158.55200 157.06300 155.83299 155.42700 154.32201 152.68600 151.53400 150.90900 149.39600 148.21300 147.71700 147.14200 145.98900 144.55701 144.17200 144.11700 143.47900 142.84300 144.16400 144.14600 144.98300 145.39200 146.74001 148.55901 148.46700 146.59100
-9999 -9999 -9999 -9999 -9999 -9999 -9999 -9999 -9999 -9999 -9999 -9999 162.31799 162.67000 162.49800 162.90199 163.02901 163.74200 164.41400 165.39200 164.91800 163.36600 161.45200 159.13400 157.99100 153.46100 154.09700 153.16701 156.73300 157.76401 158.58400 161.03500 161.38400 162.34599 162.64900 163.60001 163.89500 164.37601 163.61800 161.21800 161.47099 161.94501 161.95500 164.32001 163.89101 162.86200 162.39700 160.75301 159.34200 156.81799 155.89000 153.60800 151.69299 150.46899 148.57401 148.26900 147.83400 147.51801 146.65700 146.82600 146.59200 145.98300 145.24300 144.89900 146.36501 147.92300 150.09801 149.69501 146.39101 146.49400
-9999 -9999 -9999 -9999 -9999 -9999 -9999 -9999 -9999 -9999 -9999 -9999 163.43300 163.85100 163.70000 164.01801 164.96600 166.07800 166.16000 166.03400 165.48700 160.00200 158.18800 155.81700 152.85300 153.90800 154.99699 152.00301 154.96001 154.92000 155.36600 156.73000 160.82800 162.47600 163.13000 164.04800 163.57401 165.49600 165.71100 163.87300 163.83501 163.62700 164.83299 166.97000 169.36301 169.63400 168.98801 165.78999 163.03600 158.19501 156.10500 155.32700 153.91200 152.11501 151.72800 151.15300 150.66299 150.46500 149.89999 149.26801 148.39900 145.72000 145.35500 145.44200 147.74100 151.30800 151.42000 153.48801 152.93800 154.04500
-9999 -9999 -9999 -9999 -9999 -9999 -9999 -9999 -9999 -9999 -9999 -9999 164.24300 166.31100 165.89200 165.75400 165.55000 165.97501 164.94099 163.22501 162.13000 158.25900 156.89500 154.98700 154.49500 151.90199 153.18600 155.53600 154.33600 155.97900 156.89999 159.81000 158.98399 159.03799 162.27100 164.17400 164.66100 164.98599 166.32201 165.28700 163.18800 163.18900 166.44299 169.43800 171.88400 173.19701 171.28999 165.55499 163.34300 161.43800 159.18600 158.03000 157.10899 154.64101 154.25500 153.56100 152.88800 151.90300 150.76500 149.33501 149.07201 146.90601 147.95799 150.40800 150.46400 151.58099 153.31900 156.62300 155.55099 159.30000
-9999 -9999 -9999 166.75999 166.32001 165.56900 166.15300 165.99899 164.95000 -9999 164.80901 165.38200 166.66100 167.55600 167.70599 166.40199 165.85400 166.13100 163.60600 162.15500 162.30800 160.07201 158.24200 157.59100 156.56799 155.43600 156.45200 153.39500 153.82401 150.05299 154.29300 158.10699 156.77400 153.58900 158.40100 161.27000 160.90401 162.30000 163.92400 165.19299 165.44501 165.22200 167.74500 170.74699 171.08299 170.28200 165.71800 166.92400 164.50101 160.47900 157.61000 155.93900 153.50600 149.00000 149.78700 146.02400 144.16200 150.69099 147.35699 149.95500 151.57600 149.62601 150.36099 151.10800 153.38600 155.23300 155.68900 158.26401 161.23599 163.24001
-9999 -9999 -9999 169.42500 168.70100 167.95100 166.76900 166.54100 167.00800 166.64000 167.86600 168.50600 167.14600 167.42300 165.70500 163.79700 162.60100 163.40199 162.81700 162.54201 163.14600 160.32001 161.52299 162.03400 159.27499 158.54401 156.68401 154.83600 152.52600 149.61600 153.02299 152.78700 153.48599 152.60100 154.96100 156.53101 157.46201 156.17000 161.89301 159.84399 160.42700 165.16000 168.12399 167.84700 166.88499 164.47800 163.89200 167.76601 162.19701 158.01500 155.58900 153.96400 150.91499 149.10100 151.96300 148.47099 150.60899 150.15800 147.04401 148.13800 149.76199 149.87601 150.74699 152.78700 154.00000 158.71500 160.31300 165.43800 166.65900 167.36900
-9999 -9999 -9999 171.34801 170.00900 167.96899 167.25700 167.72900 168.45300 169.35699 168.97099 168.39999 166.45100 164.09700 160.52200 162.55499 161.14000 162.08000 163.76700 163.94600 162.88499 159.95000 161.11000 159.25600 155.94299 156.96100 156.39301 154.84900 154.63699 148.94600 145.11200 147.52299 151.63699 153.04601 152.62399 154.95700 157.16200 159.21300 160.71201 160.18401 160.45200 163.86400 166.59100 167.97800 169.92700 167.48399 166.57001 164.41901 162.66200 156.62700 153.61400 156.49300 153.83701 152.52800 153.16901 151.62500 152.15199 152.71500 150.18401 149.88901 152.67599 153.76500 155.87000 154.52800 157.62601 160.05901 162.23599 164.68100 163.09599 165.78799
-9999 -9999 -9999 170.98399 172.41701 168.96500 169.66600 167.97501 167.54700 167.18500 168.50200 168.46100 163.98000 161.32201 160.00800 160.47900 159.31300 157.98900 159.17799 161.36501 158.28200 155.12100 152.14600 153.88600 154.80000 155.60400 156.30800 155.14799 149.39400 145.28400 147.38499 154.27200 151.44000 147.66499 148.44701 151.62000 156.36501 161.18600 159.48801 161.24699 161.23199 159.12300 158.28300 161.81300 168.23399 164.23900 161.59000 164.73900 159.08800 158.75101 153.41299 154.89000 153.42599 149.81900 151.46800 151.80600 152.17500 150.79601 149.72900 150.45900 147.92799 153.30600 155.25700 156.92500 158.44701 161.55299 163.30701 164.83800 162.87500 165.67101
-9999 -9999 -9999 172.50301 173.40601 168.77901 168.67300 168.32600 166.57899 167.56000 170.06300 166.74899 162.31799 159.43201 156.47000 157.96300 157.04201 158.87801 162.81500 165.17599 161.28799 158.21400 155.53300 159.33400 159.92000 160.00999 161.11099 158.07500 152.51199 148.84500 148.01500 150.11200 149.27499 151.19901 152.96700 154.20900 155.07300 159.29401 161.53799 161.62700 160.24400 159.59399 159.03101 159.92300 163.52499 164.06200 163.82100 163.38600 161.20500 158.70100 156.52699 158.86900 155.52699 149.87000 153.81100 150.07001 153.84200 153.68500 152.15700 148.54500 150.40100 152.70000 155.16701 153.42101 155.21400 162.05299 163.13800 163.13100 164.67799 174.34700
-9999 -9999 -9999 -9999 169.89101 167.60201 168.00301 165.47800 165.07800 166.50999 169.68300 167.11000 157.96600 162.56400 -9999 -9999 -9999 -9999 -9999 157.28500 156.88200 158.34399 155.83701 153.30099 155.38300 157.21001 161.86800 158.57001 155.54800 155.85201 153.66000 152.07100 151.47301 155.19701 159.39400 161.00600 159.73199 162.24699 162.02200 162.26801 163.82700 163.71899 162.67200 160.93401 162.85800 164.81300 163.76199 159.96500 161.51801 162.42500 158.98399 157.08000 158.28799 152.87300 151.25400 148.76900 147.72501 148.40700 149.44701 151.20200 150.47200 149.99300 152.44600 155.64400 157.75700 158.82300 163.34300 171.28799 177.83800 -9999
-9999 -9999 174.89200 172.27299 170.06300 169.42500 168.11400 164.92101 167.06500 167.24001 169.69600 166.54401 159.02000 -9999 -9999 -9999 -9999 -9999 152.61700 158.10899 158.40500 162.48300 161.84801 158.03300 157.85400 158.52000 163.31100 162.23700 160.30901 160.19600 157.99300 156.17700 157.14600 158.35001 159.88901 163.54100 162.05299 162.92500 162.47600 163.19400 162.53999 164.57201 163.97200 165.46899 167.06000 167.28400 166.28600 165.55400 167.26401 168.68700 166.24300 164.01801 161.93900 161.87100 157.24001 158.64301 154.92900 151.60800 151.76900 156.84100 156.95900 157.07401 158.55200 159.23300 162.68900 165.74800 170.17400 -9999 -9999 -9999
-9999 -9999 175.63400 173.75400 172.54900 170.29100 170.46899 166.23000 167.00600 168.51300 166.40700 165.04500 165.21500 -9999 -9999 -9999 -9999 163.27200 157.31300 162.30299 163.34100 165.00101 163.22099 162.55701 164.34000 166.01300 164.57700 162.59700 162.56599 162.92599 160.98599 158.00800 160.94200 162.49400 162.15500 163.04700 163.60699 164.10201 160.98300 159.92500 162.66100 161.71201 162.37801 164.88300 164.29800 165.67101 167.43600 165.77100 170.79700 169.00800 168.85400 168.12900 167.78500 166.30701 164.45399 167.34900 164.33000 156.65500 155.09399 158.86501 160.98599 158.04401 161.87300 167.11099 170.95500 -9999 -9999 -9999 -9999 -9999
-9999 -9999 179.01100 174.84801 173.78200 172.01601 171.73000 169.89999 168.87601 168.44800 165.25800 165.37100 178.90700 -9999 -9999 -9999 -9999 159.35500 161.04201 163.22400 164.03200 166.78300 168.00400 167.64900 166.14600 166.41701 163.53799 164.45799 163.08299 162.58900 160.93201 161.39600 161.51801 161.70900 164.13499 163.38400 162.59500 161.73801 160.22000 162.52000 163.39301 165.57800 167.13000 165.82800 166.92000 165.02800 165.39500 165.19800 167.71100 167.47400 170.78799 168.20399 167.09200 165.59100 164.55499 169.09500 168.74200 162.34100 163.17799 164.61099 169.34300 170.44200 171.16800 168.94000 166.14101 166.83501 174.71001 174.25600 180.23300 -9999
-9999 -9999 -9999 177.97800 175.54100 174.38600 174.50800 174.41400 171.65100 168.90800 170.85300 178.08299 -9999 -9999 -9999 -9999 161.88300 160.92400 164.67000 165.98700 166.92599 169.37399 167.88800 168.04500 166.52000 165.54601 165.13300 163.80400 163.44099 158.76401 159.53200 161.71100 164.27100 165.64799 166.46800 166.74100 166.59801 166.84500 166.03200 166.22200 166.54500 168.61301 169.00600 170.31799 172.50999 170.87500 172.06100 172.28900 170.60699 170.18700 167.03300 168.02000 168.74400 165.51500 162.45700 162.19701 162.64900 160.03900 161.62801 166.00101 167.49400 169.38300 164.90199 155.09399 150.78400 164.43700 171.89999 173.93500 178.35100 181.72900
-9999 -9999 -9999 -9999 180.86600 178.46300 177.02901 174.62801 172.20799 175.44501 181.30901 -9999 -9999 -9999 -9999 165.17900 163.68401 166.56300 169.00600 169.01100 169.87500 171.04201 169.77600 167.12601 165.68800 167.71600 167.09200 166.01199 163.74001 163.04800 161.64900 165.82201 167.60001 167.67799 165.84100 166.54900 166.66701 166.75999 165.84200 166.52000 165.92101 167.88499 169.83200 171.30299 173.57899 173.30099 172.61200 173.06100 173.09700 171.59000 171.24699 171.61301 169.35400 166.89200 166.46899 167.50999 168.54500 163.14400 163.70399 167.33701 164.60600 162.82300 162.46500 161.97600 159.00700 164.12700 171.86700 175.84200 175.02400 178.25800
-9999 -9999 -9999 -9999 -9999 -9999 179.68800 178.18600 180.74500 182.14999 177.03500 -9999 -9999 -9999 -9999 -9999 169.65300 170.40601 171.26801 170.25999 169.95500 176.48100 169.06500 167.89101 167.65401 170.19400 170.38499 167.99400 167.87199 165.74100 164.27699 166.64101 169.04800 165.64999 166.75500 168.75600 166.85100 164.29100 166.50400 165.10400 165.42900 163.90800 165.45000 168.79100 169.75000 172.78300 174.31799 173.63000 172.83900 172.41701 172.77000 171.52499 171.47000 169.89999 167.52499 168.78300 169.05600 166.52901 165.96800 165.74200 163.63800 162.46800 161.61000 158.66701 156.29300 161.81400 169.74200 175.84100 175.72900 177.11900
-9999 -9999 -9999 -9999 -9999 -9999 -9999 -9999 -9999 -9999 -9999 -9999 -9999 -9999 -9999 -9999 -9999 -9999 -9999 172.08900 171.85699 175.16299 172.20799 171.93700 171.07600 170.47000 169.58501 171.78900 171.16299 166.25000 165.71100 168.58299 166.48500 166.44701 166.98000 167.18900 168.08400 165.60001 165.42900 164.37700 163.35201 164.96800 167.05800 168.15601 169.57100 172.21001 173.88699 174.52100 174.08900 173.46201 173.23900 173.70300 172.47099 172.89700 169.92200 169.74200 169.23599 168.63499 166.77100 166.27699 161.77499 163.55200 162.34801 158.12601 157.02100 167.08299 173.60001 177.39700 177.43900 175.48599
-9999 -9999 -9999 -9999 -9999 -9999 -9999 -9999 -9999 -9999 -9999 -9999 -9999 -9999 -9999 -9999 -9999 -9999 176.57300 174.31700 175.04300 176.36200 176.08099 175.77901 175.15700 174.11200 174.08400 171.50800 169.50400 167.35300 167.12199 166.79700 166.20599 166.04800 166.75200 168.08099 166.95599 167.98900 165.32899 162.92500 162.39700 165.55099 166.49400 167.67500 169.02901 169.93900 173.21001 175.89000 177.45000 176.32201 176.74500 175.10899 174.24699 173.16499 170.37199 171.13000 170.00999 165.73900 163.31400 167.05901 168.47301 169.08501 166.30800 163.69701 162.00200 170.97301 175.70599 179.09399 180.59300 181.77100
-9999 -9999 -9999 -9999 -9999 -9999 -9999 -9999 -9999 -9999 -9999 -9999 -9999 -9999 -9999 -9999 -9999 178.84300 178.38000 179.64101 178.15601 177.59900 177.29700 177.98399 177.72000 176.02800 175.41200 171.96001 168.02901 166.66299 166.44600 167.64301 167.29300 168.77400 169.51500 166.74200 164.76100 165.41400 166.32401 163.88600 164.44099 167.18600 167.06500 169.07201 170.94901 172.46500 174.17300 175.42500 179.21800 178.42300 179.76100 179.00999 175.92599 173.76801 172.63600 171.44099 169.44099 165.73300 165.14600 169.12000 174.37700 170.76500 162.45200 161.49400 169.93300 174.72099 176.30099 181.03799 182.52600 184.03000
-9999 -9999 -9999 -9999 -9999 -9999 -9999 -9999 -9999 -9999 -9999 -9999 -9999 -9999 -9999 -9999 -9999 179.48100 181.08099 178.27499 178.67200 179.09801 179.37300 180.06799 182.57100 179.03200 177.59500 173.74300 172.32600 168.77600 168.29700 169.89400 170.56100 172.23100 170.11200 166.90900 166.12300 166.19701 163.64101 165.42900 166.58600 170.19600 171.36400 170.96899 171.77699 177.30099 178.84801 174.83400 177.52299 181.85400 181.96500 181.28999 178.04500 175.88600 174.94200 173.14200 167.99699 167.66800 170.56500 172.94200 172.22501 168.76100 168.64600 168.12000 164.96500 169.88800 177.56200 176.44200 183.44099 186.47400
-9999 -9999 -9999 -9999 -9999 -9999 -9999 -9999 -9999 -9999 -9999 -9999 -9999 -9999 -9999 -9999 174.37100 175.72400 176.60201 178.56300 181.74001 183.80901 181.61301 184.06599 187.15401 181.30200 180.51601 179.90401 176.91701 172.00101 170.89700 172.74200 172.35699 175.31300 173.74500 170.38300 169.07500 167.75000 166.25200 169.15700 171.57500 172.97800 173.20000 173.60800 175.27499 178.61200 180.34300 175.09000 178.09900 183.25800 184.28799 182.57700 179.12199 177.27901 175.83400 174.46600 173.24200 171.92000 173.08000 172.39999 174.03400 173.07899 170.39000 165.50900 170.79700 174.33299 178.33600 182.63100 189.02600 190.31100
-9999 -9999 -9999 -9999 -9999 -9999 -9999 -9999 -9999 -9999 -9999 -9999 -9999 176.31799 173.79201 174.08299 173.51401 172.06599 175.97301 182.37601 184.08600 181.12500 183.70599 182.08600 180.45500 184.06900 182.35699 182.85201 181.35300 179.31200 177.33501 176.90300 175.81200 175.27299 174.64500 172.00900 172.82700 175.76300 175.64900 175.07201 175.96100 178.01601 178.10100 179.57700 179.27800 179.05200 179.71400 181.12199 181.35899 180.32300 180.26700 179.46800 178.43900 179.52200 177.99100 175.69501 176.18800 176.47400 176.80400 176.21300 176.16701 177.28700 177.63600 179.59200 182.89600 187.46300 190.05901 190.95200 192.56900 193.29900
-9999 -9999 -9999 -9999 -9999 -9999 -9999 -9999 -9999 -9999 -9999 -9999 177.48500 175.27800 173.53900 174.21400 174.92900 175.88300 177.31000 187.18800 183.87601 185.42400 185.64000 184.13600 182.99300 186.62199 185.53900 186.33400 184.84300 182.75200 180.60001 179.60300 178.34599 176.94000 177.37801 175.96800 176.51300 180.29201 180.86301 180.91200 179.54500 180.56400 181.21100 181.31799 181.00200 180.01601 180.89700 182.34700 181.63300 179.54601 180.03500 180.35100 179.76100 180.99899 180.22800 179.92799 179.74800 177.06200 175.62100 176.31599 176.98300 180.58099 181.89301 182.52499 186.54700 190.86800 193.03600 194.15401 195.98100 192.94200
-9999 -9999 -9999 -9999 -9999 -9999 -9999 -9999 -9999 -9999 -9999 171.86400 172.87700 171.50900 174.32800 177.05200 178.96300 179.48000 180.94501 182.63699 185.04201 187.82600 187.06100 187.15500 185.71300 184.23199 183.23801 187.05499 188.26601 186.29500 183.10500 181.32899 180.14101 179.04700 179.69600 177.53200 177.74899 180.51401 185.42999 185.28101 184.98300 184.40199 185.43401 185.49300 184.76100 183.65100 183.74001 183.70700 183.16100 181.69600 181.81799 178.01801 179.36400 179.27600 179.68900 180.19400 182.65700 181.49899 184.36099 185.84300 186.05800 188.65500 189.60400 190.63699 192.07500 194.58900 195.50999 197.80000 195.27299 192.31799
-9999 -9999 -9999 -9999 -9999 -9999 -9999 -9999 -9999 -9999 174.01401 173.00800 175.79401 173.46899 176.35400 179.02901 180.09700 180.13499 182.22000 183.43300 185.17599 188.38400 188.68500 188.34700 188.40800 186.66901 185.17101 189.87801 189.06900 186.51700 184.82700 183.40300 181.76199 181.67000 181.01801 178.89200 178.92200 182.39400 186.86900 188.31700 189.12900 189.92400 190.84000 189.02800 188.27600 187.33400 187.31900 186.57300 185.71300 184.49200 183.62300 179.54900 181.41499 181.03200 182.10100 183.83099 183.59801 185.64101 189.71800 189.82899 189.62399 190.91000 192.05600 193.18100 194.28600 196.34100 198.25900 199.13100 196.01700 191.14600
-9999 -9999 -9999 -9999 -9999 -9999 -9999 -9999 -9999 183.72800 182.10699 180.24400 178.79900 178.52000 178.30200 178.84700 179.36800 181.83800 185.48300 185.45599 187.60500 187.70900 187.28999 188.64301 188.92799 189.44200 189.18100 189.47301 188.16100 184.74500 184.89301 181.16000 179.28799 175.98599 174.63000 176.59100 177.40300 184.29300 187.69800 193.01900 195.08099 198.55299 198.63600 196.28799 195.01199 192.19501 192.85300 189.91800 189.09900 188.10800 186.71600 183.31000 181.55701 176.73300 176.51801 189.43900 192.28999 194.97400 194.31200 194.84900 194.14900 194.79700 195.66299 195.68201 197.07201 197.78300 198.56300 197.27699 195.48900 193.80499
-9999 -9999 -9999 -9999 -9999 -9999 -9999 -9999 -9999 -9999 184.26900 182.75200 181.97701 181.73500 183.37100 180.93900 179.72501 182.25700 185.31900 184.62801 184.98599 187.17300 187.63800 -9999 -9999 -9999 -9999 -9999 -9999 186.15500 185.39101 183.18201 181.57600 177.57600 175.26700 178.12399 179.99699 186.63300 190.86000 196.74600 197.59300 201.25000 201.87700 199.78600 198.04401 194.83600 193.75900 192.10201 190.76100 190.41901 188.39600 186.47600 183.21100 177.93900 178.52200 192.17300 195.86200 196.98000 196.94901 196.84700 196.73000 196.28999 196.86900 196.46700 193.20599 197.87900 197.05901 196.69901 189.42799 192.87801
-9999 -9999 -9999 -9999 -9999 -9999 -9999 -9999 -9999 -9999 -9999 -9999 183.82401 184.47701 182.70399 188.69400 187.43100 187.67000 188.80299 -9999 -9999 -9999 -9999 -9999 -9999 -9999 -9999 -9999 -9999 -9999 -9999 -9999 -9999 182.36600 178.53900 182.78900 184.98801 191.24800 196.35899 199.50700 200.65100 203.54401 202.74300 200.96600 199.13901 197.62000 196.62601 195.80400 194.83800 192.85600 190.83000 184.01801 183.15800 184.78200 186.77600 194.15401 195.54100 196.27200 197.62601 199.20599 198.48500 195.90500 195.24300 196.05499 198.20900 199.77200 197.51199 197.10300 197.00999 202.58000
-9999 -9999 -9999 -9999 -9999 -9999 -9999 -9999 -9999 -9999 -9999 -9999 -9999 -9999 -9999 -9999 -9999 -9999 -9999 -9999 -9999 -9999 -9999 -9999 -9999 -9999 -9999 -9999 -9999 -9999 -9999 -9999 -9999 -9999 184.35300 185.60699 192.23700 194.84599 198.38901 201.60201 202.64000 204.36301 203.55600 202.93900 201.15401 199.18201 197.97600 197.70300 196.44501 193.90800 191.72600 185.86000 184.85899 186.74200 188.46700 197.62500 198.08701 195.28900 197.04201 199.70700 199.56200 196.94299 197.75200 198.94701 201.33701 200.18100 198.24300 197.96300 196.57899 203.20700
