data/hydroclimate-scenarios/1948-2000.Pcorr55N_Pref_Tref/monthly_summaries/olr_monthly_avg_nov.1950-2000.asc
ncols	311
nrows	91
xllcenter	102.75
yllcenter	31.75
cellsize	0.5
NODATA_value	-9999
[rows 0 to 30 of 91, columns 210 to 279 of 311]
-9999 -9999 -9999 -9999 -9999 -9999 -9999 -9999 -9999 -9999 -9999 -9999 -9999 -9999 -9999 -9999 -9999 -9999 -9999 -9999 -9999 -9999 -9999 -9999 -9999 -9999 -9999 -9999 -9999 -9999 -9999 -9999 -9999 -9999 -9999 -9999 -9999 -9999 -9999 -9999 -9999 -9999 -9999 -9999 -9999 -9999 -9999 -9999 -9999 -9999 -9999 -9999 -9999 -9999 -9999 -9999 -9999 -9999 -9999 -9999 -9999 -9999 -9999 -9999 -9999 -9999 -9999 -9999 -9999 -9999
-9999 -9999 -9999 -9999 -9999 -9999 -9999 -9999 -9999 -9999 -9999 -9999 -9999 -9999 -9999 -9999 -9999 -9999 -9999 -9999 -9999 -9999 -9999 -9999 -9999 -9999 -9999 -9999 -9999 -9999 -9999 -9999 -9999 -9999 -9999 -9999 -9999 -9999 -9999 -9999 -9999 -9999 -9999 -9999 -9999 -9999 -9999 -9999 -9999 -9999 -9999 -9999 -9999 -9999 -9999 -9999 -9999 -9999 -9999 -9999 -9999 -9999 -9999 -9999 -9999 -9999 -9999 -9999 -9999 -9999
-9999 -9999 -9999 -9999 -9999 -9999 -9999 -9999 -9999 -9999 -9999 -9999 -9999 -9999 -9999 -9999 -9999 -9999 -9999 -9999 -9999 -9999 -9999 -9999 -9999 -9999 -9999 -9999 -9999 -9999 -9999 -9999 -9999 -9999 -9999 -9999 -9999 -9999 -9999 -9999 -9999 -9999 -9999 -9999 -9999 -9999 -9999 -9999 -9999 -9999 -9999 -9999 -9999 -9999 -9999 -9999 -9999 -9999 -9999 -9999 -9999 -9999 -9999 -9999 -9999 -9999 -9999 -9999 -9999 -9999
-9999 -9999 -9999 -9999 -9999 -9999 -9999 -9999 -9999 -9999 -9999 -9999 -9999 -9999 -9999 -9999 -9999 -9999 -9999 -9999 -9999 -9999 -9999 -9999 -9999 -9999 -9999 -9999 -9999 -9999 -9999 -9999 -9999 -9999 -9999 -9999 -9999 -9999 -9999 -9999 -9999 -9999 -9999 -9999 -9999 -9999 -9999 -9999 -9999 -9999 -9999 -9999 -9999 -9999 -9999 -9999 -9999 -9999 -9999 -9999 -9999 -9999 -9999 -9999 -9999 -9999 -9999 -9999 -9999 -9999
-9999 -9999 -9999 -9999 -9999 -9999 -9999 -9999 -9999 -9999 -9999 -9999 -9999 -9999 -9999 -9999 -9999 -9999 -9999 -9999 -9999 -9999 -9999 -9999 -9999 -9999 -9999 -9999 -9999 -9999 -9999 -9999 -9999 -9999 -9999 -9999 -9999 -9999 -9999 -9999 -9999 -9999 -9999 -9999 -9999 -9999 -9999 -9999 -9999 -9999 -9999 -9999 -9999 -9999 -9999 -9999 -9999 -9999 -9999 -9999 -9999 -9999 -9999 -9999 -9999 -9999 -9999 -9999 -9999 -9999
-9999 -9999 -9999 -9999 -9999 -9999 -9999 -9999 -9999 -9999 -9999 -9999 -9999 -9999 -9999 -9999 -9999 -9999 -9999 -9999 -9999 -9999 -9999 -9999 -9999 -9999 -9999 -9999 -9999 -9999 -9999 -9999 -9999 -9999 -9999 -9999 -9999 -9999 -9999 -9999 -9999 -9999 -9999 -9999 -9999 -9999 -9999 -9999 -9999 -9999 -9999 -9999 -9999 -9999 -9999 -9999 -9999 -9999 -9999 -9999 -9999 -9999 -9999 -9999 -9999 -9999 -9999 -9999 -9999 -9999
-9999 -9999 -9999 -9999 -9999 -9999 -9999 -9999 -9999 -9999 -9999 -9999 -9999 -9999 -9999 -9999 -9999 -9999 -9999 -9999 -9999 -9999 -9999 -9999 -9999 -9999 -9999 -9999 -9999 -9999 -9999 -9999 -9999 -9999 -9999 -9999 -9999 -9999 -9999 -9999 -9999 -9999 -9999 -9999 -9999 -9999 -9999 -9999 -9999 -9999 -9999 -9999 -9999 -9999 -9999 -9999 -9999 -9999 -9999 -9999 -9999 -9999 -9999 -9999 -9999 -9999 -9999 -9999 -9999 -9999
-9999 -9999 -9999 -9999 -9999 -9999 -9999 -9999 -9999 -9999 -9999 -9999 -9999 -9999 -9999 -9999 -9999 -9999 -9999 -9999 -9999 -9999 -9999 -9999 -9999 -9999 -9999 -9999 -9999 -9999 -9999 -9999 -9999 -9999 -9999 -9999 -9999 -9999 -9999 -9999 -9999 -9999 -9999 -9999 -9999 -9999 -9999 -9999 -9999 -9999 -9999 -9999 -9999 -9999 -9999 -9999 -9999 -9999 -9999 -9999 -9999 -9999 -9999 -9999 -9999 -9999 -9999 -9999 -9999 -9999
-9999 -9999 -9999 -9999 -9999 -9999 -9999 -9999 -9999 -9999 -9999 -9999 -9999 -9999 -9999 -9999 -9999 -9999 -9999 -9999 -9999 -9999 -9999 -9999 -9999 -9999 -9999 -9999 -9999 -9999 -9999 -9999 -9999 -9999 -9999 -9999 -9999 -9999 -9999 -9999 -9999 -9999 -9999 -9999 -9999 -9999 -9999 -9999 -9999 -9999 -9999 -9999 -9999 -9999 -9999 -9999 -9999 -9999 -9999 -9999 -9999 -9999 -9999 -9999 -9999 -9999 -9999 -9999 -9999 -9999
-9999 -9999 -9999 -9999 -9999 -9999 -9999 -9999 -9999 -9999 -9999 -9999 -9999 -9999 -9999 -9999 -9999 -9999 -9999 -9999 -9999 -9999 -9999 -9999 -9999 -9999 -9999 -9999 -9999 -9999 -9999 -9999 -9999 -9999 -9999 -9999 -9999 -9999 -9999 -9999 -9999 -9999 -9999 -9999 -9999 -9999 -9999 -9999 -9999 -9999 -9999 -9999 -9999 -9999 -9999 -9999 -9999 -9999 -9999 -9999 -9999 -9999 -9999 -9999 -9999 -9999 -9999 -9999 -9999 -9999
-9999 -9999 -9999 -9999 -9999 -9999 -9999 -9999 -9999 -9999 -9999 -9999 -9999 -9999 -9999 -9999 -9999 -9999 -9999 -9999 -9999 -9999 -9999 -9999 -9999 -9999 -9999 -9999 -9999 -9999 -9999 -9999 -9999 -9999 -9999 -9999 -9999 -9999 -9999 -9999 -9999 -9999 -9999 -9999 -9999 -9999 -9999 -9999 -9999 -9999 -9999 -9999 -9999 -9999 -9999 -9999 -9999 -9999 -9999 -9999 -9999 -9999 -9999 -9999 -9999 -9999 -9999 -9999 -9999 -9999
-9999 -9999 -9999 -9999 -9999 -9999 -9999 -9999 -9999 -9999 -9999 -9999 -9999 -9999 -9999 -9999 -9999 -9999 -9999 -9999 -9999 -9999 -9999 -9999 -9999 -9999 -9999 -9999 -9999 -9999 -9999 -9999 -9999 -9999 -9999 -9999 -9999 -9999 -9999 -9999 -9999 -9999 -9999 -9999 -9999 -9999 -9999 -9999 -9999 -9999 -9999 -9999 -9999 -9999 -9999 -9999 -9999 -9999 -9999 -9999 -9999 -9999 -9999 -9999 -9999 -9999 -9999 -9999 -9999 -9999
-9999 -9999 -9999 -9999 -9999 -9999 -9999 -9999 -9999 -9999 -9999 -9999 -9999 -9999 -9999 -9999 -9999 -9999 -9999 -9999 -9999 -9999 -9999 -9999 -9999 -9999 -9999 -9999 -9999 -9999 -9999 -9999 -9999 -9999 -9999 -9999 -9999 -9999 -9999 -9999 -9999 -9999 -9999 -9999 -9999 -9999 -9999 -9999 -9999 -9999 -9999 -9999 -9999 -9999 -9999 -9999 -9999 -9999 -9999 -9999 -9999 -9999 -9999 -9999 -9999 -9999 -9999 -9999 -9999 -9999
182.39400 183.22501 182.62601 182.30000 182.24699 182.24200 182.12000 180.11501 179.54300 -9999 -9999 -9999 -9999 -9999 -9999 -9999 -9999 -9999 -9999 -9999 -9999 -9999 -9999 -9999 -9999 -9999 -9999 -9999 -9999 -9999 -9999 -9999 -9999 -9999 -9999 -9999 -9999 -9999 -9999 -9999 -9999 -9999 -9999 -9999 -9999 -9999 -9999 -9999 -9999 -9999 190.76401 -9999 -9999 -9999 -9999 -9999 -9999 -9999 -9999 -9999 -9999 -9999 -9999 -9999 -9999 -9999 -9999 -9999 -9999 -9999
179.23300 179.49200 179.75200 179.82100 180.65500 182.63100 182.72200 182.06200 182.10100 191.26500 191.45700 192.60899 193.56799 194.12100 195.13200 196.49400 198.21600 198.62900 198.25800 198.66901 198.53600 205.59801 -9999 -9999 -9999 -9999 -9999 -9999 -9999 -9999 -9999 -9999 -9999 -9999 -9999 -9999 -9999 -9999 -9999 -9999 -9999 -9999 -9999 -9999 -9999 181.56799 185.62601 183.95100 179.16901 176.94200 181.81599 191.31500 -9999 -9999 -9999 196.63000 -9999 -9999 -9999 196.38100 196.81700 195.94400 -9999 -9999 -9999 -9999 -9999 -9999 -9999 -9999
179.83900 179.77299 179.91400 180.08000 180.85201 184.41701 185.12900 185.20200 185.31200 194.55600 181.18300 180.18800 178.90900 178.33299 175.07700 176.35201 174.14500 172.91000 176.05800 177.74600 178.46400 177.67000 176.71001 177.82201 177.88901 182.92900 186.36200 189.58701 -9999 -9999 -9999 -9999 -9999 185.27499 184.67599 184.86200 184.85600 187.17400 189.36301 189.37801 189.25200 188.66000 189.10100 189.35400 189.67500 176.75900 177.73199 174.28000 177.31700 173.34200 176.71899 189.06500 189.64700 192.29700 193.24100 194.07800 194.81000 195.45900 195.06000 193.82401 191.53300 186.88100 188.16100 192.28500 193.83200 192.84200 193.18201 -9999 -9999 -9999
181.17101 181.89400 183.35100 185.76900 187.32401 190.50999 189.46500 187.55800 186.24300 180.37500 177.40199 177.10899 176.70300 174.47099 173.21100 173.91200 171.45900 174.51801 175.52200 178.34100 180.18401 178.84500 180.86600 179.03700 177.33800 183.80299 180.51801 182.66299 183.77200 186.12300 187.24001 187.31400 185.25800 184.18300 182.82001 181.84700 182.27600 183.66100 185.20200 186.98000 186.50000 186.50500 187.02699 186.22099 186.17999 186.20399 186.31000 187.09801 187.57899 186.69800 186.89000 187.55000 188.16400 189.31500 190.46400 191.60300 192.87199 192.98599 194.17101 193.88800 194.62900 194.66800 195.48199 194.80901 194.67999 192.46400 187.75101 188.04601 187.63000 189.18600
180.17999 181.12601 180.46300 178.79800 176.96100 183.17700 178.87900 179.19400 177.38100 178.50999 177.45300 177.46600 176.03600 175.13600 175.33000 179.52100 184.23300 187.18800 187.70799 187.21700 187.39000 196.61301 196.80299 194.34900 195.49300 189.21899 187.85699 183.95100 182.05701 179.76300 178.33299 177.29700 177.13400 178.89000 181.62801 181.32500 182.42799 183.45399 184.00000 185.29401 184.93201 185.48300 185.93900 184.66800 185.33800 185.75900 187.15900 187.75900 187.59000 185.97000 186.44400 187.35600 188.07700 189.80499 190.49500 191.64400 192.77800 193.33400 194.06400 194.18900 194.27699 194.61400 195.00700 195.11301 194.76300 190.31100 188.57300 189.40300 189.22701 188.87700
183.55200 182.42400 182.97301 183.50200 184.27800 183.93201 182.44200 181.91600 183.27100 185.31799 184.76401 186.79900 186.25900 185.71001 190.00700 197.31500 197.92599 196.20599 198.44800 199.07401 195.55701 188.48300 186.66600 188.55701 189.18300 190.84399 190.66200 188.03400 184.67300 182.16499 176.07001 174.57401 173.39600 177.66400 182.55400 183.37801 183.90199 184.15500 184.94200 184.68800 185.35899 186.35600 185.51199 185.22301 184.66000 185.27400 185.39400 185.35001 185.98100 185.21700 186.12801 187.01601 188.19800 189.64400 189.67101 190.04500 191.83200 193.74001 194.57800 194.33099 194.78900 195.09599 195.71300 194.94600 194.45100 190.60899 191.58299 191.14500 190.09100 190.25800
185.82300 187.06400 186.74300 187.00700 186.66800 186.38400 185.26100 187.15500 188.80099 190.98399 191.34100 193.05299 191.89999 191.29700 191.32500 192.32300 190.49600 191.01700 191.21201 193.80200 194.57500 197.12000 195.42101 190.52200 190.36600 187.08200 186.37000 184.18300 184.28200 185.92999 185.15100 182.59100 175.41499 179.93700 182.41701 185.49400 185.85699 185.84000 186.83299 187.25500 187.26300 186.46400 186.51199 185.61301 185.46600 184.21500 183.52800 184.48000 185.64400 184.80701 185.14200 187.11099 188.19800 189.25101 189.34399 191.10600 191.80901 194.00200 193.74500 194.06700 194.53999 194.64600 195.20700 194.58800 194.39000 194.06900 192.79300 192.52901 191.84000 192.25700
188.19000 191.97701 192.89101 191.84000 188.86900 188.96001 193.70700 196.85001 197.96100 196.49300 193.83400 192.58200 191.68500 186.89000 185.10400 185.37399 185.15700 185.16400 188.12300 190.59801 192.92700 195.93201 192.86000 187.98000 185.04601 186.17900 183.54401 183.16000 185.50800 186.42400 185.97301 183.98599 179.25301 178.38000 184.92599 186.92200 187.73599 187.72301 188.55299 187.94099 188.52800 188.98801 187.98100 187.38699 187.76601 186.49899 185.19200 184.87300 185.70900 186.77100 186.76500 188.26601 188.08701 188.27299 190.24001 190.75700 192.35699 192.71400 194.20799 194.32001 195.02800 197.13400 197.33600 198.10699 198.10500 197.05099 196.31400 195.18500 194.35201 193.87500
194.35699 196.33900 195.01601 191.40401 189.78999 190.95000 193.06000 193.21800 192.63300 192.53101 190.95599 189.11200 187.74300 186.59399 186.42999 185.52901 185.86400 189.84100 195.40500 199.25700 198.06900 199.15300 196.47501 187.55200 181.53000 178.38000 180.77600 183.71899 186.62700 187.21201 186.26801 184.29401 182.59500 178.19501 182.53999 185.49699 188.68500 189.38400 190.27499 189.75000 190.45700 190.55600 189.91100 189.63901 188.71899 187.79201 187.03600 186.32201 186.49200 187.52100 187.54601 188.86600 189.30299 189.71600 190.96400 192.78799 193.82201 194.71800 196.61700 196.65900 196.94400 195.77000 197.92300 199.19099 198.98900 198.85100 197.46001 196.99200 197.63901 195.43500
196.92700 195.78600 193.82401 193.92999 191.48000 190.98900 190.18201 194.14301 199.55800 201.90500 201.13499 198.47200 198.07201 199.25200 199.14500 195.56700 187.74800 192.68401 197.66400 202.08701 200.99500 197.72900 196.06300 189.24001 182.08000 179.76900 181.00999 180.90800 184.73100 184.42599 183.76601 184.95599 185.51700 184.42300 186.33400 187.35800 185.57899 186.46700 187.45399 185.49200 184.81100 187.12000 187.41701 186.49001 188.33900 189.80499 190.01601 188.52200 188.31700 189.40800 187.18600 188.45900 188.89200 190.10001 190.84700 192.62700 193.29300 193.27699 193.84801 193.98100 195.91800 197.55800 197.92400 198.04601 198.47800 197.17799 196.64600 196.20599 196.49200 192.89700
198.31900 198.66100 196.22900 198.97400 201.17300 202.07600 198.98900 201.05299 205.74400 207.67999 208.66000 203.50500 200.57800 201.43800 200.41299 198.48199 197.87801 197.21400 197.40700 197.43500 198.48000 199.08299 196.69099 192.09000 182.80701 184.25101 184.78000 182.90300 182.01500 182.40900 181.54700 180.73100 181.33000 182.68900 184.98900 184.27200 183.08501 181.06400 179.81300 177.70500 178.46100 180.87601 182.13699 178.92300 179.04700 183.22099 183.76100 185.27100 185.27901 190.17000 191.88200 192.09300 190.72400 192.19299 194.46100 193.21400 193.75200 194.24200 193.88901 196.05901 197.73399 197.50600 193.65700 194.19099 197.14101 195.86600 194.66299 194.96600 195.41200 194.04700
204.04401 201.22400 200.14900 198.64600 197.48300 197.58299 198.81300 200.69901 202.47501 201.56400 199.89900 202.40601 200.45300 201.00800 200.38600 199.52400 199.47400 198.99500 197.24500 194.89900 195.83701 192.81200 197.90401 196.50200 184.08701 181.44099 179.87199 179.81599 181.17200 175.99899 179.71500 178.60699 178.83701 177.11301 177.29401 177.44901 177.34300 175.23900 176.17599 175.77499 174.78900 176.43201 177.63800 175.81200 175.98000 177.53200 176.78700 177.67700 177.51300 180.20500 183.61200 189.81000 194.16600 193.49001 195.40601 195.69501 193.17999 192.80200 194.86800 194.25400 194.34200 196.06100 196.80600 196.31900 194.31300 193.53400 193.24001 196.39900 198.57001 198.39900
208.00200 207.78799 203.78400 200.53101 199.00200 200.50900 201.00600 202.09500 203.23599 204.17300 205.90500 205.43700 204.21001 203.78101 202.47800 201.28999 201.22501 197.87199 197.58099 195.80000 194.06300 195.92101 195.11000 192.76601 192.66901 188.24600 189.86099 185.59900 182.99400 181.26300 180.79300 181.02299 182.09100 183.15900 184.17900 181.98599 182.80200 180.28700 180.29800 181.50700 179.28200 180.76801 180.76100 178.91299 178.06799 180.69099 180.13400 180.86099 180.06400 181.72000 184.82500 187.87900 191.53300 192.51601 194.86200 196.58200 192.69701 189.95599 192.59599 193.95300 194.20100 195.72600 196.35100 195.99699 195.06500 195.62700 196.20000 196.65401 196.46001 199.07001
206.07201 205.28600 205.37801 205.82001 208.23100 207.88800 206.48000 206.31599 203.93401 201.08400 200.34700 201.26801 204.39400 207.28400 205.53200 202.79601 201.30701 201.37300 201.36400 199.75000 198.22301 198.10899 194.27600 193.59500 193.61600 193.84801 194.10001 193.27200 193.11099 193.05600 190.42599 189.43700 191.22000 193.08099 190.70700 191.33701 191.49400 192.33900 192.42000 187.40199 186.71100 185.56599 184.23399 185.01401 185.13200 183.82300 184.15300 183.51300 186.34599 185.74001 184.67700 185.74899 189.53300 190.20799 193.44800 194.43401 195.36700 195.58099 192.67500 193.71800 194.63000 195.45000 196.27200 197.52299 197.12801 197.54601 197.20500 198.43401 200.54800 200.39000
209.84300 209.54900 203.51100 201.09500 203.72400 206.03300 204.49800 201.91800 203.17700 204.96600 205.10100 204.53500 206.02499 207.40100 202.99400 202.35400 201.76500 198.85201 195.96700 195.56100 196.07300 201.14500 198.31200 195.30000 196.31799 196.55701 197.70799 194.51700 195.04601 193.96600 194.47099 193.97701 195.21001 194.15199 193.41800 193.89700 195.76300 190.73900 190.96001 192.40100 191.57700 189.19200 187.56100 188.74800 187.12300 186.69200 188.04300 188.15199 187.06500 184.62399 185.07899 187.85001 190.10300 189.28400 190.46899 191.42300 193.11200 196.72200 193.67500 193.68900 194.95799 196.52100 197.24200 197.85201 197.75400 199.89999 201.16701 201.69600 202.28101 202.06100
208.03200 204.50301 201.66901 209.40100 221.31599 216.49899 210.18600 209.39400 205.30800 203.37000 204.05499 205.01900 204.60800 204.21100 204.67101 205.45599 206.39500 205.55099 204.87900 203.50101 198.41901 208.44600 206.57800 203.74001 200.74699 201.60400 201.49699 195.35800 193.18100 196.36400 197.74001 197.22400 199.90500 202.80400 202.53000 201.80299 197.97501 195.07100 196.80499 197.02800 194.20200 193.43800 194.74400 192.68401 192.34100 190.10500 191.03200 190.94800 189.95700 187.78799 184.72900 185.99899 184.31900 186.01900 186.76601 191.59300 194.49400 196.62199 198.81100 196.66299 196.73000 198.96800 199.67101 200.25400 200.77499 201.96800 203.17500 203.41400 203.64600 203.88800
217.26601 226.98199 226.86800 229.05400 230.37500 222.29500 213.99400 203.85201 201.47900 202.13600 201.99100 201.93300 203.24001 204.06200 204.46899 206.48599 201.01801 197.48900 199.80400 199.80099 203.21001 200.95700 200.83000 206.26700 207.53400 209.99200 204.88600 201.15100 199.39799 196.79100 195.56900 199.16200 204.29700 206.41800 205.38499 206.76500 201.52901 200.36301 198.71700 202.98599 199.86000 198.91499 199.77499 199.08400 196.93201 195.87500 191.09900 194.17999 192.37300 192.36501 190.83200 187.40300 186.96201 186.58900 188.52400 191.17300 193.31599 195.98801 201.53300 199.60300 198.99500 200.79201 200.12801 198.50999 196.48801 197.19701 198.62300 200.33299 203.86600 206.77499
211.89900 225.62199 226.76100 225.03200 224.03000 229.68600 226.02499 216.44400 208.93900 207.43201 203.71500 202.73900 206.55400 207.24100 207.89900 208.60100 209.41499 201.28600 197.60201 198.87100 200.93201 196.81799 199.47200 201.39000 203.10300 204.36501 200.78500 196.74800 197.03600 198.70599 202.87100 200.23300 204.26401 207.19299 208.77901 212.66499 208.65800 207.56599 204.19400 203.69600 204.39600 204.59100 205.28300 201.88600 199.72400 202.86700 198.72900 199.79201 200.93100 196.87700 195.84599 195.62801 198.16299 195.65900 194.18300 191.97600 194.06900 193.46700 198.02100 200.78101 199.74100 203.06700 203.83000 204.48300 205.28999 204.36600 205.89799 207.29100 208.98500 208.87601
