data/hydroclimate-scenarios/1948-2000.Pcorr55N_Pref_Tref/monthly_summaries/precip_monthly_tot_nov.asc
ncols	311
nrows	91
xllcenter	102.75
yllcenter	31.75
cellsize	0.5
NODATA_value	-9999
[rows 0 to 31 of 91, columns 213 to 283 of 311]
-9999 -9999 -9999 -9999 -9999 -9999 -9999 -9999 -9999 -9999 -9999 -9999 -9999 -9999 -9999 -9999 -9999 -9999 -9999 -9999 -9999 -9999 -9999 -9999 -9999 -9999 -9999 -9999 -9999 -9999 -9999 -9999 -9999 -9999 -9999 -9999 -9999 -9999 -9999 -9999 -9999 -9999 -9999 -9999 -9999 -9999 -9999 -9999 -9999 -9999 -9999 -9999 -9999 -9999 -9999 -9999 -9999 -9999 -9999 -9999 -9999 -9999 -9999 -9999 -9999 -9999 -9999 -9999 -9999 -9999 -9999
-9999 -9999 -9999 -9999 -9999 -9999 -9999 -9999 -9999 -9999 -9999 -9999 -9999 -9999 -9999 -9999 -9999 -9999 -9999 -9999 -9999 -9999 -9999 -9999 -9999 -9999 -9999 -9999 -9999 -9999 -9999 -9999 -9999 -9999 -9999 -9999 -9999 -9999 -9999 -9999 -9999 -9999 -9999 -9999 -9999 -9999 -9999 -9999 -9999 -9999 -9999 -9999 -9999 -9999 -9999 -9999 -9999 -9999 -9999 -9999 -9999 -9999 -9999 -9999 -9999 -9999 -9999 -9999 -9999 -9999 -9999
-9999 -9999 -9999 -9999 -9999 -9999 -9999 -9999 -9999 -9999 -9999 -9999 -9999 -9999 -9999 -9999 -9999 -9999 -9999 -9999 -9999 -9999 -9999 -9999 -9999 -9999 -9999 -9999 -9999 -9999 -9999 -9999 -9999 -9999 -9999 -9999 -9999 -9999 -9999 -9999 -9999 -9999 -9999 -9999 -9999 -9999 -9999 -9999 -9999 -9999 -9999 -9999 -9999 -9999 -9999 -9999 -9999 -9999 -9999 -9999 -9999 -9999 -9999 -9999 -9999 -9999 -9999 -9999 -9999 -9999 -9999
-9999 -9999 -9999 -9999 -9999 -9999 -9999 -9999 -9999 -9999 -9999 -9999 -9999 -9999 -9999 -9999 -9999 -9999 -9999 -9999 -9999 -9999 -9999 -9999 -9999 -9999 -9999 -9999 -9999 -9999 -9999 -9999 -9999 -9999 -9999 -9999 -9999 -9999 -9999 -9999 -9999 -9999 -9999 -9999 -9999 -9999 -9999 -9999 -9999 -9999 -9999 -9999 -9999 -9999 -9999 -9999 -9999 -9999 -9999 -9999 -9999 -9999 -9999 -9999 -9999 -9999 -9999 -9999 -9999 -9999 -9999
-9999 -9999 -9999 -9999 -9999 -9999 -9999 -9999 -9999 -9999 -9999 -9999 -9999 -9999 -9999 -9999 -9999 -9999 -9999 -9999 -9999 -9999 -9999 -9999 -9999 -9999 -9999 -9999 -9999 -9999 -9999 -9999 -9999 -9999 -9999 -9999 -9999 -9999 -9999 -9999 -9999 -9999 -9999 -9999 -9999 -9999 -9999 -9999 -9999 -9999 -9999 -9999 -9999 -9999 -9999 -9999 -9999 -9999 -9999 -9999 -9999 -9999 -9999 -9999 -9999 -9999 -9999 -9999 -9999 -9999 -9999
-9999 -9999 -9999 -9999 -9999 -9999 -9999 -9999 -9999 -9999 -9999 -9999 -9999 -9999 -9999 -9999 -9999 -9999 -9999 -9999 -9999 -9999 -9999 -9999 -9999 -9999 -9999 -9999 -9999 -9999 -9999 -9999 -9999 -9999 -9999 -9999 -9999 -9999 -9999 -9999 -9999 -9999 -9999 -9999 -9999 -9999 -9999 -9999 -9999 -9999 -9999 -9999 -9999 -9999 -9999 -9999 -9999 -9999 -9999 -9999 -9999 -9999 -9999 -9999 -9999 -9999 -9999 -9999 -9999 -9999 -9999
-9999 -9999 -9999 -9999 -9999 -9999 -9999 -9999 -9999 -9999 -9999 -9999 -9999 -9999 -9999 -9999 -9999 -9999 -9999 -9999 -9999 -9999 -9999 -9999 -9999 -9999 -9999 -9999 -9999 -9999 -9999 -9999 -9999 -9999 -9999 -9999 -9999 -9999 -9999 -9999 -9999 -9999 -9999 -9999 -9999 -9999 -9999 -9999 -9999 -9999 -9999 -9999 -9999 -9999 -9999 -9999 -9999 -9999 -9999 -9999 -9999 -9999 -9999 -9999 -9999 -9999 -9999 -9999 -9999 -9999 -9999
-9999 -9999 -9999 -9999 -9999 -9999 -9999 -9999 -9999 -9999 -9999 -9999 -9999 -9999 -9999 -9999 -9999 -9999 -9999 -9999 -9999 -9999 -9999 -9999 -9999 -9999 -9999 -9999 -9999 -9999 -9999 -9999 -9999 -9999 -9999 -9999 -9999 -9999 -9999 -9999 -9999 -9999 -9999 -9999 -9999 -9999 -9999 -9999 -9999 -9999 -9999 -9999 -9999 -9999 -9999 -9999 -9999 -9999 -9999 -9999 -9999 -9999 -9999 -9999 -9999 -9999 -9999 -9999 -9999 -9999 -9999
-9999 -9999 -9999 -9999 -9999 -9999 -9999 -9999 -9999 -9999 -9999 -9999 -9999 -9999 -9999 -9999 -9999 -9999 -9999 -9999 -9999 -9999 -9999 -9999 -9999 -9999 -9999 -9999 -9999 -9999 -9999 -9999 -9999 -9999 -9999 -9999 -9999 -9999 -9999 -9999 -9999 -9999 -9999 -9999 -9999 -9999 -9999 -9999 -9999 -9999 -9999 -9999 -9999 -9999 -9999 -9999 -9999 -9999 -9999 -9999 -9999 -9999 -9999 -9999 -9999 -9999 -9999 -9999 -9999 -9999 -9999
-9999 -9999 -9999 -9999 -9999 -9999 -9999 -9999 -9999 -9999 -9999 -9999 -9999 -9999 -9999 -9999 -9999 -9999 -9999 -9999 -9999 -9999 -9999 -9999 -9999 -9999 -9999 -9999 -9999 -9999 -9999 -9999 -9999 -9999 -9999 -9999 -9999 -9999 -9999 -9999 -9999 -9999 -9999 -9999 -9999 -9999 -9999 -9999 -9999 -9999 -9999 -9999 -9999 -9999 -9999 -9999 -9999 -9999 -9999 -9999 -9999 -9999 -9999 -9999 -9999 -9999 -9999 -9999 -9999 -9999 -9999
-9999 -9999 -9999 -9999 -9999 -9999 -9999 -9999 -9999 -9999 -9999 -9999 -9999 -9999 -9999 -9999 -9999 -9999 -9999 -9999 -9999 -9999 -9999 -9999 -9999 -9999 -9999 -9999 -9999 -9999 -9999 -9999 -9999 -9999 -9999 -9999 -9999 -9999 -9999 -9999 -9999 -9999 -9999 -9999 -9999 -9999 -9999 -9999 -9999 -9999 -9999 -9999 -9999 -9999 -9999 -9999 -9999 -9999 -9999 -9999 -9999 -9999 -9999 -9999 -9999 -9999 -9999 -9999 -9999 -9999 -9999
-9999 -9999 -9999 -9999 -9999 -9999 -9999 -9999 -9999 -9999 -9999 -9999 -9999 -9999 -9999 -9999 -9999 -9999 -9999 -9999 -9999 -9999 -9999 -9999 -9999 -9999 -9999 -9999 -9999 -9999 -9999 -9999 -9999 -9999 -9999 -9999 -9999 -9999 -9999 -9999 -9999 -9999 -9999 -9999 -9999 -9999 -9999 -9999 -9999 -9999 -9999 -9999 -9999 -9999 -9999 -9999 -9999 -9999 -9999 -9999 -9999 -9999 -9999 -9999 -9999 -9999 -9999 -9999 -9999 -9999 -9999
-9999 -9999 -9999 -9999 -9999 -9999 -9999 -9999 -9999 -9999 -9999 -9999 -9999 -9999 -9999 -9999 -9999 -9999 -9999 -9999 -9999 -9999 -9999 -9999 -9999 -9999 -9999 -9999 -9999 -9999 -9999 -9999 -9999 -9999 -9999 -9999 -9999 -9999 -9999 -9999 -9999 -9999 -9999 -9999 -9999 -9999 -9999 -9999 -9999 -9999 -9999 -9999 -9999 -9999 -9999 -9999 -9999 -9999 -9999 -9999 -9999 -9999 -9999 -9999 -9999 -9999 -9999 -9999 -9999 -9999 -9999
16.57400 16.87930 16.89180 16.77210 16.84950 16.43080 -9999 -9999 -9999 -9999 -9999 -9999 -9999 -9999 -9999 -9999 -9999 -9999 -9999 -9999 -9999 -9999 -9999 -9999 -9999 -9999 -9999 -9999 -9999 -9999 -9999 -9999 -9999 -9999 -9999 -9999 -9999 -9999 -9999 -9999 -9999 -9999 -9999 -9999 -9999 -9999 -9999 9.90000 -9999 -9999 -9999 -9999 -9999 -9999 -9999 -9999 -9999 -9999 -9999 -9999 -9999 -9999 -9999 -9999 -9999 -9999 -9999 -9999 -9999 -9999 -9999
18.10670 17.79040 17.12070 17.02980 17.26060 17.28610 16.75960 16.67310 17.10580 17.69710 19.39900 20.65380 20.23560 18.33170 17.68270 16.90380 15.72120 13.68750 83.87020 -9999 -9999 -9999 -9999 -9999 -9999 -9999 -9999 -9999 -9999 -9999 -9999 -9999 -9999 -9999 -9999 -9999 -9999 -9999 -9999 -9999 -9999 -9999 2.85144 4.18510 2.76731 1.32933 0.00000 4.33654 11.91300 -9999 -9999 -9999 11.33940 -9999 -9999 -9999 12.42400 16.36590 17.66730 -9999 -9999 -9999 -9999 -9999 -9999 -9999 -9999 -9999 -9999 -9999 -9999
18.84180 18.02690 17.31110 17.56970 17.48800 17.92070 18.83650 0.00000 0.00000 0.00000 0.00000 0.00000 0.00000 0.00000 0.00000 0.00000 0.00000 0.00000 0.00000 0.00000 0.00000 0.00000 14.08510 22.40670 15.11010 -9999 -9999 -9999 -9999 -9999 16.20630 16.22120 16.95000 17.76540 17.69130 16.18410 14.59900 14.94230 13.80630 13.71200 12.06440 12.53510 1.21298 1.61106 0.00000 1.25481 0.00000 1.66875 13.45240 13.50910 14.10000 12.89040 14.00960 15.02880 14.99810 14.78650 16.56680 17.35580 14.34380 16.96150 17.45770 17.20910 17.71680 15.96540 -9999 -9999 -9999 -9999 -9999 -9999 -9999
18.81830 18.56150 18.18320 20.03220 20.41060 21.89860 0.00000 0.00000 0.00000 0.00000 0.00000 0.00000 0.00000 0.00000 0.00000 0.00000 0.00000 0.00000 0.00000 0.00000 0.00000 0.00000 21.25430 4.85433 11.00240 14.91830 17.17740 21.41150 22.43460 21.24040 19.17600 18.53270 17.14090 19.22980 19.69660 18.21060 16.16780 16.95870 16.55960 15.79380 15.74470 14.89090 13.91630 14.54620 14.34130 13.16440 12.49280 12.33850 13.25190 13.07310 14.95770 14.17640 14.83510 16.95670 17.59280 19.98030 20.13170 21.47600 23.93460 24.34380 22.62640 25.61630 21.50580 20.58270 17.68990 15.05480 13.76060 14.01250 13.12840 12.10190 12.73990
26.33610 0.00000 30.17880 0.00000 0.00000 0.00000 0.00000 0.00000 0.00000 0.00000 0.00000 0.00000 0.00000 0.00000 0.00000 0.00000 0.00000 0.00000 12.83650 18.01440 14.03370 18.85100 31.72070 35.38650 15.97980 17.31490 18.18800 21.48080 25.77500 26.92260 27.79710 19.64760 19.63130 20.82980 23.33610 22.96010 23.60380 22.52070 22.43170 20.36250 18.94230 18.93940 17.35720 16.20430 16.32930 14.97450 14.36060 14.79090 14.88270 14.63270 16.50580 17.43940 18.20580 19.45870 20.62980 22.16150 23.23800 22.14760 22.94040 23.90720 25.60290 29.11200 23.00670 23.06350 19.51490 19.29280 18.28370 19.01680 21.09090 21.95240 22.05140
22.98270 21.91490 20.16730 21.96590 23.14900 19.65620 17.50530 18.57310 16.37840 13.11540 13.79040 13.28120 11.82160 10.57880 0.00000 11.81490 11.23510 11.12360 11.75380 10.22690 23.74330 30.25870 32.40670 38.69380 19.53080 19.80240 22.10430 19.04570 17.48750 23.97790 37.11010 29.74620 28.54330 26.34570 26.82840 26.23460 27.16110 24.09040 22.78460 21.22210 19.82740 18.83750 17.30340 18.18370 17.62640 17.40240 17.86010 18.44710 18.99420 18.66880 18.70770 18.27020 19.27400 19.86490 21.05720 20.81250 20.93320 22.32840 24.01830 24.96250 25.22690 25.30910 22.60670 22.53460 23.76970 25.48320 25.64860 24.81920 24.19660 24.26110 24.24660
25.77210 27.76630 28.62360 21.95770 19.45720 18.20770 15.66250 15.94660 13.85100 12.37210 11.35910 11.28270 11.37210 11.15140 11.52790 11.90340 11.79040 12.41200 38.15050 36.86780 28.15670 30.84710 26.55050 35.29040 16.85720 18.85290 24.74950 27.93700 31.96390 29.01780 43.70240 43.55050 37.15340 32.77840 28.54040 25.85050 25.17160 23.42360 24.43560 24.31490 22.39180 19.32980 20.80670 22.99040 21.79620 21.71200 22.23850 20.84570 21.23990 19.94900 20.28800 22.61590 22.55720 22.11490 22.72930 23.37260 26.70720 25.35380 24.88080 24.29040 23.06200 22.81440 23.17600 25.28320 26.47690 28.05580 29.89570 31.86010 34.61970 34.11150 32.84130
32.03220 46.20630 50.54660 34.00340 25.35000 20.97600 18.65430 17.16440 12.87880 12.10340 12.13560 12.29950 12.64620 13.24470 14.26200 14.25140 14.59330 15.38990 28.54760 24.78800 11.27840 11.04570 21.65340 18.52930 13.17260 19.09710 23.41540 27.38120 31.11630 33.75480 34.54040 39.73650 37.86110 34.01110 29.76780 25.93700 26.15100 27.72600 25.53080 24.93940 25.53800 21.86540 23.33080 22.49660 22.54180 22.09710 21.98850 22.48220 23.62790 22.78650 24.74860 23.79520 23.97930 25.98850 25.72210 25.69950 29.94380 27.59950 27.46970 22.80100 22.51970 22.72550 24.44230 25.39860 27.17880 28.36830 30.18120 33.24280 34.93410 34.65530 35.23700
43.68270 40.86870 32.17360 19.47640 15.93560 16.47930 15.94760 15.29420 13.31680 13.74230 13.80290 14.51060 16.40100 18.23890 19.44040 17.72930 17.23850 16.67640 31.40000 28.33700 5.47019 0.00000 0.00000 4.43558 11.92310 21.55620 30.20910 32.87790 29.73370 34.57840 32.76680 40.64040 40.87600 37.24330 34.21150 30.90380 30.30870 28.78120 27.83120 26.94470 26.72880 23.46880 24.04710 23.04810 22.32400 23.16870 24.35000 23.37980 24.80820 25.64900 26.47260 27.30430 24.98320 26.38990 25.69950 24.93270 27.21830 27.66200 27.90240 28.92980 27.31200 27.38700 24.64230 26.51060 27.17550 26.08410 27.11730 29.66540 33.15050 39.50910 42.16150
45.34660 28.81590 23.81540 23.56870 21.02980 24.54710 35.97070 39.02160 32.31300 25.50140 22.91010 19.96880 18.41830 20.32930 23.45240 22.83650 22.81590 20.85240 34.70770 31.99470 6.03317 0.00000 0.00000 4.63221 6.69471 17.71150 20.94950 23.26680 28.43650 34.92690 35.83270 34.59420 34.22980 34.11730 33.25910 34.98460 35.62840 34.32020 37.75050 35.87600 36.90290 34.52600 30.81590 28.66300 25.98130 30.20340 30.55480 33.00100 33.72690 33.70000 32.41730 31.92980 29.42260 28.36150 27.05720 29.08700 28.42880 32.56540 29.79280 27.97360 28.56630 27.05820 29.17310 29.61730 28.88410 29.37930 31.82930 32.46440 37.23270 39.62640 41.86870
25.96110 25.09860 28.63080 21.97930 17.18850 24.34180 32.43940 32.08320 31.80670 32.86440 32.26300 31.86780 0.00000 26.31250 21.57690 21.71150 22.71350 22.35770 34.64180 39.75100 15.84230 0.00000 4.20144 7.47692 6.79952 9.22548 16.18320 17.82070 21.70670 28.16250 33.17790 35.70000 35.58850 31.76590 35.35670 31.13750 27.91110 32.24710 40.45000 36.90190 40.13080 45.83560 54.00720 53.40820 53.61920 51.79520 45.40100 38.60620 42.38560 39.44090 34.65140 29.25630 32.77550 29.72070 28.93700 30.19380 30.96730 29.94090 29.24330 30.41880 32.56390 27.75670 29.05820 31.04470 28.78030 31.52360 31.38800 32.63990 35.53850 36.97640 37.87790
19.75050 19.50430 19.31010 17.71780 17.78800 19.10380 17.54570 18.52980 24.70820 26.66870 29.90910 23.27400 0.00000 0.00000 0.00000 0.00000 0.00000 0.00000 0.00000 40.68940 44.04860 0.00000 0.00000 0.00000 0.00000 3.04471 0.00000 8.52596 12.43990 13.00580 11.34950 11.44950 13.53460 14.78940 10.94900 14.76780 15.50380 14.82550 22.96830 31.07070 38.76390 46.52210 57.47640 54.57120 62.74230 70.87310 72.20820 60.74710 49.24280 40.77980 35.55290 29.51110 29.69810 33.14950 32.05720 30.13030 29.31830 30.29230 27.35670 29.58650 31.08610 34.91590 38.22310 35.86490 32.28410 30.86880 31.52360 32.89620 34.87980 35.18320 34.51110
18.37020 18.90290 19.38510 18.93130 19.91970 19.52260 21.09520 19.78170 19.29900 20.25580 22.24380 24.58320 25.89420 29.37020 0.00000 0.00000 0.00000 0.00000 10.46110 16.07690 17.00820 21.04280 3.30240 14.19470 9.52260 3.28173 3.23365 7.22981 10.44380 21.39230 21.08320 22.76150 15.80770 15.72880 13.35530 13.24760 20.79090 20.71110 30.68030 42.10960 42.38560 55.51440 68.89090 76.20290 75.65000 77.95720 82.11540 81.37400 75.39710 60.85050 52.50430 42.45050 33.51920 41.43370 41.80670 36.28990 33.42790 32.82500 31.63510 31.27210 33.14380 36.98370 37.92210 35.91010 36.57690 38.58890 34.78170 34.02310 36.12550 35.33990 35.16250
30.39280 32.56680 31.49180 29.92500 25.94810 32.90580 52.13410 70.07980 62.36490 49.31490 38.84040 48.99760 29.38800 20.24570 18.33460 18.97160 17.79950 17.94370 28.14660 16.39620 18.35190 12.34760 15.77690 20.44040 20.81630 24.68560 31.55000 33.48510 34.64950 39.44180 40.06970 29.64180 26.71300 27.43030 26.07930 30.23850 25.16680 30.15100 35.76200 46.70340 55.03850 65.93890 71.14620 86.03220 91.79860 97.98650 97.16730 99.41390 86.39810 73.17930 60.46540 55.50290 43.12160 37.21680 37.47120 41.12880 35.35670 35.46630 35.55140 36.29950 35.21780 37.10430 38.70670 40.72160 38.58370 38.54710 37.64950 37.07070 35.50960 36.99470 37.91250
106.76800 103.30500 53.79470 38.98750 36.71250 37.19710 49.51970 52.76250 58.69230 66.87880 59.86540 45.68270 69.64280 48.20960 37.50240 21.51780 15.12790 15.00910 38.21920 37.47310 29.31540 28.33750 22.53510 28.86300 20.05530 25.57600 29.84760 39.42600 34.29520 36.79900 33.50100 23.53560 18.54380 22.88750 15.53610 19.25240 28.19860 35.22980 39.22260 45.50000 59.65100 75.62450 84.81490 97.56680 104.98600 113.30200 112.78500 112.73200 98.66110 83.92070 76.32400 65.08750 56.46490 47.49130 36.76830 41.93560 39.03850 38.18270 36.18080 40.06730 38.68940 39.33940 39.51350 36.73080 38.19230 39.52310 41.45530 41.46540 37.99330 37.93850 37.11390
136.64400 102.12600 68.87640 47.54950 35.89090 34.68270 42.18560 26.37020 26.60290 28.80960 31.54280 32.93120 26.12020 27.98800 28.53750 29.73990 23.66010 14.52450 37.48940 45.79180 48.44420 56.33560 38.23130 26.43130 11.62550 8.64712 27.62640 32.39230 28.23270 32.67690 31.21780 22.08080 19.66060 11.78320 12.13940 21.67360 32.57260 35.69860 42.43700 54.36250 61.77640 77.49230 89.26060 103.32000 119.25700 125.86600 131.07300 124.30100 103.74700 100.89100 83.04900 70.20140 64.80380 51.73170 47.11350 35.30580 40.22400 40.29520 35.37120 34.59420 34.89470 35.93560 37.13700 37.31630 41.09180 42.58510 46.82550 45.94330 43.84660 39.86630 39.54620
79.09130 70.24280 77.38610 76.07160 77.04330 58.73610 40.08750 29.80910 23.54370 23.81150 24.84760 27.23890 44.48370 59.76490 56.12880 49.17550 41.78510 30.06440 44.73370 50.14660 60.51780 99.43510 92.98560 53.51490 34.32020 25.90670 26.61010 20.01970 26.31830 28.70670 25.13940 19.10000 18.50140 9.08798 15.66490 20.84620 36.26540 42.74470 51.05050 62.20100 73.05050 85.90870 101.21000 116.71100 136.96800 148.01300 135.68800 130.47800 124.49400 113.08800 91.30530 81.05100 75.38170 61.25240 50.42070 37.47600 37.94420 40.88940 35.92640 39.45240 44.86390 54.20050 55.50290 55.61630 58.17400 49.66250 43.65910 44.39090 46.93890 46.35770 45.37310
55.29420 42.16920 47.30380 68.99180 64.27070 45.83650 76.09710 117.07000 118.02600 71.87600 57.38270 39.99900 49.80380 64.39230 98.13410 112.41300 97.89280 83.97790 87.62690 96.53170 93.77160 125.27100 118.35700 65.62020 38.99180 37.84230 40.00290 48.12740 35.32840 31.46830 22.69470 16.96150 15.99370 14.32840 20.28370 29.04280 33.90380 42.95670 48.77120 60.95240 66.75100 78.90630 84.41920 108.44400 132.71100 142.07500 138.50999 111.27500 90.69130 83.90000 69.48940 70.40380 71.82740 54.66870 39.93460 41.99470 38.12210 38.92260 31.32120 32.43650 34.21350 38.50050 40.25960 41.09090 40.85670 40.75380 41.35720 44.52360 46.66540 50.66350 49.36150
56.03120 -9999 40.51780 83.42740 177.68100 367.72198 -9999 484.40500 391.78500 307.62500 265.36099 168.16400 150.84801 120.51000 107.61500 101.52200 68.57790 92.90620 192.65401 204.13699 217.42500 194.73700 200.88499 158.97701 105.04700 93.79470 76.95480 64.84040 68.65340 54.83560 42.85770 28.71390 19.47310 20.48940 30.14180 35.86390 46.09520 46.23170 56.58220 64.39710 79.47740 84.00620 86.11730 84.83220 110.67600 107.63800 116.86500 101.58800 85.02360 73.13650 72.72260 62.75380 58.22160 54.26680 39.52310 39.42360 32.72160 33.27310 34.44380 37.03990 35.91300 34.32400 35.68850 36.73560 38.63750 39.85720 42.51970 42.08510 42.89900 45.69330 41.90140
