data/hydroclimate-scenarios/1948-2000.Pcorr55N_Pref_Tref/monthly_summaries/precip_monthly_tot_may.asc
ncols	311
nrows	91
xllcenter	102.75
yllcenter	31.75
cellsize	0.5
NODATA_value	-9999
[rows 0 to 31 of 91, columns 71 to 141 of 311]
-9999 -9999 -9999 -9999 -9999 -9999 -9999 -9999 -9999 -9999 -9999 -9999 -9999 -9999 -9999 -9999 -9999 -9999 -9999 -9999 -9999 -9999 -9999 -9999 -9999 -9999 -9999 -9999 -9999 -9999 -9999 -9999 -9999 -9999 -9999 -9999 -9999 -9999 -9999 -9999 -9999 -9999 -9999 -9999 -9999 -9999 -9999 -9999 -9999 -9999 -9999 -9999 -9999 -9999 -9999 -9999 -9999 -9999 -9999 -9999 -9999 -9999 -9999 -9999 -9999 -9999 -9999 -9999 -9999 -9999 -9999
-9999 -9999 -9999 -9999 -9999 -9999 -9999 -9999 -9999 -9999 -9999 -9999 -9999 -9999 -9999 -9999 -9999 -9999 -9999 -9999 -9999 -9999 -9999 -9999 -9999 -9999 -9999 -9999 -9999 -9999 -9999 -9999 -9999 -9999 -9999 -9999 -9999 -9999 -9999 -9999 -9999 -9999 -9999 -9999 -9999 -9999 -9999 -9999 -9999 -9999 -9999 -9999 -9999 -9999 -9999 -9999 -9999 -9999 -9999 -9999 -9999 -9999 -9999 -9999 -9999 -9999 -9999 -9999 -9999 -9999 -9999
-9999 -9999 -9999 -9999 -9999 -9999 -9999 -9999 -9999 -9999 -9999 -9999 -9999 -9999 -9999 -9999 -9999 -9999 -9999 -9999 -9999 -9999 -9999 -9999 -9999 -9999 -9999 -9999 -9999 -9999 -9999 -9999 -9999 -9999 -9999 -9999 -9999 -9999 -9999 -9999 -9999 -9999 -9999 -9999 -9999 -9999 -9999 -9999 -9999 -9999 -9999 -9999 -9999 -9999 -9999 -9999 -9999 -9999 -9999 -9999 -9999 -9999 -9999 -9999 -9999 -9999 -9999 -9999 -9999 -9999 -9999
-9999 -9999 -9999 -9999 -9999 -9999 -9999 -9999 -9999 -9999 -9999 -9999 -9999 -9999 -9999 -9999 -9999 -9999 -9999 -9999 -9999 -9999 -9999 -9999 -9999 -9999 -9999 -9999 -9999 -9999 -9999 -9999 -9999 -9999 -9999 -9999 -9999 -9999 -9999 -9999 -9999 -9999 -9999 -9999 -9999 -9999 -9999 -9999 -9999 -9999 -9999 -9999 -9999 -9999 -9999 -9999 -9999 -9999 -9999 -9999 -9999 -9999 -9999 -9999 -9999 -9999 -9999 -9999 -9999 -9999 -9999
-9999 -9999 -9999 -9999 -9999 -9999 -9999 -9999 -9999 -9999 -9999 -9999 -9999 -9999 -9999 -9999 -9999 -9999 -9999 -9999 -9999 -9999 -9999 -9999 -9999 -9999 -9999 -9999 -9999 -9999 -9999 -9999 -9999 -9999 -9999 -9999 -9999 -9999 -9999 -9999 -9999 -9999 -9999 -9999 -9999 -9999 -9999 -9999 -9999 -9999 -9999 -9999 -9999 -9999 -9999 -9999 -9999 -9999 -9999 -9999 -9999 -9999 -9999 -9999 -9999 -9999 -9999 -9999 -9999 -9999 -9999
-9999 -9999 -9999 -9999 -9999 -9999 -9999 -9999 -9999 -9999 -9999 -9999 -9999 -9999 -9999 -9999 -9999 -9999 -9999 -9999 -9999 -9999 -9999 -9999 -9999 -9999 -9999 -9999 -9999 -9999 -9999 -9999 -9999 -9999 -9999 -9999 -9999 -9999 -9999 -9999 -9999 -9999 -9999 -9999 -9999 -9999 -9999 -9999 -9999 -9999 -9999 -9999 -9999 -9999 -9999 -9999 -9999 -9999 -9999 -9999 -9999 -9999 -9999 -9999 -9999 -9999 -9999 -9999 -9999 -9999 -9999
-9999 -9999 -9999 -9999 -9999 -9999 -9999 -9999 -9999 -9999 -9999 -9999 -9999 -9999 -9999 -9999 -9999 -9999 -9999 -9999 -9999 -9999 -9999 -9999 -9999 -9999 -9999 -9999 -9999 -9999 -9999 -9999 -9999 -9999 -9999 -9999 -9999 -9999 -9999 -9999 -9999 -9999 -9999 -9999 -9999 -9999 -9999 -9999 -9999 -9999 -9999 -9999 -9999 -9999 -9999 -9999 -9999 -9999 -9999 -9999 -9999 -9999 -9999 -9999 -9999 -9999 -9999 -9999 -9999 -9999 -9999
-9999 -9999 -9999 -9999 -9999 -9999 -9999 -9999 -9999 -9999 -9999 -9999 -9999 -9999 -9999 -9999 -9999 -9999 -9999 -9999 -9999 -9999 -9999 -9999 -9999 -9999 -9999 -9999 -9999 -9999 -9999 -9999 -9999 -9999 -9999 -9999 -9999 -9999 -9999 -9999 -9999 -9999 -9999 -9999 -9999 -9999 -9999 -9999 -9999 -9999 -9999 -9999 -9999 -9999 -9999 -9999 -9999 -9999 -9999 -9999 -9999 -9999 -9999 -9999 -9999 -9999 -9999 -9999 -9999 -9999 -9999
-9999 -9999 -9999 -9999 -9999 -9999 15.57400 -9999 -9999 -9999 -9999 -9999 -9999 -9999 -9999 -9999 -9999 -9999 -9999 -9999 -9999 -9999 -9999 -9999 -9999 -9999 -9999 -9999 -9999 -9999 -9999 -9999 -9999 -9999 -9999 -9999 -9999 -9999 -9999 -9999 -9999 -9999 -9999 -9999 -9999 -9999 -9999 -9999 -9999 -9999 -9999 -9999 -9999 -9999 -9999 -9999 -9999 -9999 -9999 -9999 -9999 -9999 -9999 -9999 -9999 -9999 -9999 -9999 -9999 -9999 -9999
-9999 -9999 16.76630 12.92260 13.10240 14.58940 14.75910 16.21630 16.54420 18.00340 18.33320 19.43850 19.45580 17.66440 17.47020 17.08510 16.87930 15.38370 15.27210 13.76300 13.73510 12.46540 -9999 -9999 -9999 -9999 -9999 -9999 -9999 -9999 -9999 -9999 -9999 -9999 -9999 -9999 -9999 -9999 -9999 -9999 -9999 -9999 -9999 -9999 -9999 -9999 -9999 -9999 -9999 -9999 -9999 -9999 -9999 -9999 -9999 -9999 -9999 -9999 -9999 -9999 -9999 -9999 -9999 -9999 -9999 -9999 -9999 -9999 -9999 -9999 -9999
-9999 -9999 -9999 -9999 13.79420 13.92600 15.57690 15.53650 15.66730 17.26200 17.38270 18.86540 18.61830 18.50620 16.70480 16.32980 16.34280 16.05000 14.90430 14.55100 14.55290 13.17160 -9999 -9999 -9999 -9999 -9999 -9999 -9999 -9999 -9999 -9999 -9999 -9999 -9999 -9999 -9999 -9999 -9999 -9999 -9999 -9999 -9999 -9999 -9999 -9999 -9999 -9999 -9999 -9999 -9999 -9999 -9999 -9999 -9999 -9999 -9999 -9999 -9999 -9999 -9999 -9999 -9999 -9999 -9999 -9999 -9999 -9999 -9999 -9999 -9999
11.54620 11.47550 13.05670 13.18990 13.41970 13.39810 14.84380 14.93650 16.40720 16.53080 16.51250 16.47550 17.73650 17.56110 16.03410 15.77310 15.51490 15.50960 15.30670 14.01780 13.94900 12.86010 13.08990 11.70870 11.72400 10.31490 10.32260 9.12740 -9999 -9999 -9999 -9999 -9999 -9999 -9999 -9999 -9999 -9999 -9999 -9999 -9999 -9999 -9999 -9999 -9999 -9999 -9999 -9999 -9999 -9999 -9999 -9999 -9999 -9999 -9999 -9999 -9999 -9999 -9999 -9999 -9999 -9999 -9999 -9999 -9999 -9999 -9999 -9999 -9999 -9999 -9999
12.61680 12.79280 12.77640 14.12740 13.08320 14.25580 14.60100 14.54900 15.61680 15.86010 15.99180 16.06920 15.84900 15.80050 15.72740 15.51880 15.36920 14.93030 15.13460 15.02840 13.75630 13.97450 14.05580 12.80530 11.66300 11.55380 10.12360 10.16150 10.14710 8.82404 8.77885 8.74519 8.57260 8.81346 8.84471 8.72548 7.61635 7.51490 7.53846 7.39567 7.49183 7.57788 7.41394 -9999 -9999 -9999 -9999 -9999 -9999 -9999 -9999 -9999 -9999 -9999 -9999 -9999 -9999 -9999 -9999 -9999 -9999 -9999 -9999 -9999 -9999 -9999 -9999 -9999 -9999 -9999 -9999
13.46920 14.77740 13.66350 14.81540 14.91390 15.02360 15.14230 14.03750 15.08270 15.18560 15.42640 15.48650 15.33700 15.19520 15.27400 15.23270 15.18560 14.72360 14.82690 14.91390 15.09330 16.42500 15.11590 13.81060 12.77930 11.40290 11.27120 10.11730 11.34130 11.12980 9.83558 8.56202 8.64135 8.51202 8.53654 8.44087 8.57163 8.73798 8.63942 8.51154 8.47404 7.27452 7.07981 7.15000 -9999 -9999 -9999 -9999 -9999 -9999 -9999 -9999 -9999 -9999 -9999 -9999 -9999 -9999 -9999 -9999 -9999 -9999 -9999 -9999 -9999 -9999 -9999 -9999 -9999 -9999 -9999
20.58080 20.10240 18.82400 22.01440 18.78510 18.70050 19.68890 18.56200 18.59660 17.41680 18.85430 17.52980 16.17450 16.15100 16.21970 15.94420 14.77640 14.34620 14.57120 14.40770 14.54810 14.73270 14.67880 13.47120 13.87360 14.99810 12.51920 11.25620 10.88650 10.81630 10.73750 9.48750 9.45625 9.34135 9.36875 9.49712 9.66202 9.46058 9.62308 8.55240 8.43750 8.40865 8.31394 8.25817 -9999 -9999 -9999 -9999 -9999 -9999 -9999 -9999 -9999 -9999 -9999 -9999 -9999 -9999 -9999 2.33173 2.45048 -9999 -9999 -9999 -9999 6.29615 8.71202 11.24620 9.92788 7.70192 6.46346
19.51200 20.64280 19.42260 21.66630 18.09380 15.97790 16.95580 18.33370 18.64230 18.52980 16.75340 15.77840 15.66010 16.87260 16.81830 15.57070 15.06010 14.15430 14.45380 13.18270 14.39520 14.35580 14.42600 11.79520 11.79810 11.81110 10.67160 10.65910 10.64810 10.46730 10.51110 9.29231 9.30481 9.30817 9.31875 9.47067 9.39231 9.45337 9.52115 9.42885 9.53606 9.49279 9.55433 9.24904 8.23510 8.18317 8.13125 8.22019 10.39090 11.65290 10.46830 10.35670 10.28460 9.10865 9.07740 7.88798 4.56202 4.56635 3.41106 3.39808 3.42500 -9999 -9999 -9999 -9999 -9999 7.54663 8.74038 11.31630 11.33460 11.25100
24.47840 19.92980 20.96390 23.08460 20.96060 17.53940 17.56590 16.44520 15.60620 13.23610 13.31060 13.43800 13.71060 13.63850 14.73560 13.58850 13.75140 13.92930 12.92790 13.18800 12.76200 11.62840 11.64520 11.58080 11.60910 11.62840 10.56970 10.54620 10.30100 10.36490 10.30910 10.14620 10.28080 10.30240 10.45910 10.38750 10.45050 10.48990 10.53560 9.27596 9.52260 9.38365 9.31058 9.25865 9.24952 9.50144 8.16106 8.08606 10.32310 11.59660 10.30340 7.97452 9.09231 12.45530 13.54520 10.17600 11.35580 11.09810 9.87115 8.01731 8.05769 8.10529 5.82885 4.66827 6.18750 6.24423 7.53990 7.44808 10.02930 11.32360 13.67310
24.99470 31.44760 19.46490 24.69130 24.58650 21.39570 19.12070 19.11680 12.77360 12.81590 12.87120 13.19230 13.05240 13.29420 13.16780 13.44330 13.13410 12.19420 12.35620 13.65190 13.82400 12.70580 11.35720 11.23940 11.33410 11.17360 11.29280 10.13410 10.10870 10.30140 10.11730 10.24180 10.13220 10.16830 10.21440 10.23890 10.15960 10.40580 10.44860 10.50050 10.43460 10.44230 10.29180 10.24090 9.04423 9.26538 9.18413 7.95913 8.03029 9.02933 9.02981 7.90192 9.00337 8.94808 11.26200 13.29570 12.99230 12.11010 12.11300 12.14180 11.01970 13.99900 11.64330 8.19038 7.18462 7.30962 7.20192 8.45192 9.70577 13.95430 17.95050
27.07260 30.10870 24.75530 17.64950 19.63120 16.59520 15.43510 18.37500 15.53410 13.48030 13.60720 12.46830 12.42400 12.69620 12.72690 12.96350 11.92640 12.10720 12.39230 15.88170 14.93320 13.77980 13.71920 12.61590 11.42880 11.27600 11.27310 11.19230 11.36630 11.32880 10.02980 10.11060 10.03080 10.01830 10.05580 9.78317 10.02120 11.14710 10.99810 12.28320 12.46880 11.10240 13.52550 14.46200 12.22640 10.15530 8.96971 7.86346 7.72885 8.81154 9.97837 10.00630 9.96827 9.93173 9.88269 9.81587 9.73846 11.84130 13.07790 14.14040 15.36200 16.67400 18.74950 16.46830 14.98560 15.13030 15.28170 15.04180 15.44620 16.62880 17.95530
26.05720 28.64620 28.60430 27.46110 22.06060 16.88610 16.04420 17.71970 17.72450 14.89420 20.03170 17.98850 17.14180 13.29620 12.61250 11.85290 11.84900 10.93320 12.33610 13.55820 15.04900 14.07260 12.87550 12.72450 11.40820 10.97550 10.97840 10.96680 10.60530 10.71490 10.78650 10.69710 12.02930 10.88510 10.86060 12.05480 11.93940 13.02400 12.94090 14.27400 14.41780 13.10340 13.01350 13.07740 14.27740 13.19570 11.88270 9.76154 8.61923 9.60962 10.85480 11.14330 10.91490 9.89423 11.92690 12.81540 13.91250 17.22690 13.92980 11.95190 12.98220 13.28460 14.27600 19.03700 21.82400 19.05290 21.33990 19.07790 17.74130 19.31590 17.95670
26.41680 28.20580 29.00910 31.11590 30.97450 22.63030 19.61730 16.62740 16.58270 14.88510 17.73560 21.56680 25.38220 27.69810 20.64810 17.10630 13.96970 11.91300 11.26250 10.21060 10.52020 10.60530 12.00720 11.72070 11.71250 11.66870 11.43410 11.40380 11.11680 12.23030 12.05870 11.96250 13.21300 13.12310 12.07450 12.95530 13.96300 16.06150 13.87310 13.75140 14.91590 15.90240 13.84370 13.77930 14.16060 11.79420 11.74090 10.72790 9.46250 8.40769 8.61346 9.62837 9.65577 10.72210 10.78030 11.67400 13.69950 16.10870 15.01920 18.28940 17.29280 16.48750 16.69130 17.91350 16.78850 17.82640 19.32260 20.17930 19.17640 19.27790 16.81350
32.02840 32.08560 33.95620 33.80380 32.04710 29.73940 28.57840 25.61060 21.42020 17.64470 13.69570 15.98990 19.27310 21.85430 25.19180 24.60870 24.03270 22.07640 16.94900 15.82400 12.77450 11.85720 12.17500 12.38800 12.43990 13.40870 13.50430 13.23080 14.07450 14.98700 12.21200 16.79420 17.61630 17.74570 16.49860 16.56780 16.27160 17.21630 16.12600 15.90910 16.96110 17.09180 14.91110 16.00100 14.92880 14.98120 13.66150 13.75720 12.70240 11.61630 13.86390 13.68650 16.15430 16.09180 15.87210 15.79860 18.97930 15.89180 16.15960 19.40530 17.52450 18.71110 19.49090 16.48220 18.07840 18.97210 21.60290 20.71540 18.47160 17.93270 15.38270
30.27790 33.07930 34.00380 32.11150 33.13700 33.20050 30.08220 26.95580 26.30960 21.76200 19.85720 20.24660 19.40430 17.78220 18.15000 18.34710 21.03460 23.56540 24.85770 23.04330 21.13510 19.06880 16.17790 13.94900 14.24520 14.32360 14.14860 14.81880 16.80670 16.55480 16.08560 17.51490 19.58700 18.12310 19.09420 15.54900 15.43750 17.63890 19.58220 18.30380 17.24180 15.98990 16.00870 16.19520 18.30820 18.18170 18.25580 16.06830 15.91490 17.97360 19.01630 17.77450 18.89130 21.94860 19.74810 21.88370 17.91920 21.03410 18.24230 16.46060 17.71780 17.16200 18.49950 18.74900 21.44420 20.48990 17.98410 17.11010 17.33850 17.35380 15.48890
31.55580 31.72500 30.91200 30.02020 31.49660 32.68890 30.92360 30.45480 28.55000 23.62450 19.36200 26.92020 26.18650 23.31250 26.91200 30.27790 28.43940 15.60140 21.20530 28.34280 26.41440 24.74420 22.73220 14.71110 13.83270 13.88850 13.87310 16.00910 16.88030 16.46110 17.47160 18.55050 18.47690 18.30380 14.85100 15.84860 17.97880 17.86200 20.02360 20.83030 23.03080 19.81390 18.63940 19.64520 15.32980 14.03370 15.16680 17.08990 18.02450 18.83850 19.83460 18.57020 18.66060 19.46970 21.86010 21.75340 20.98080 22.24660 18.44900 18.67740 16.88270 17.24420 19.50630 22.16200 18.60670 17.70000 16.82930 16.99810 15.89570 17.62550 18.02210
33.42790 32.67840 31.90670 30.59380 30.98890 29.99180 28.43170 28.75960 27.20480 26.02790 24.32210 25.09950 24.17550 22.25580 25.62740 26.96250 30.23700 25.88510 21.63800 18.52980 20.95190 22.30910 20.52740 19.76390 16.44620 14.23410 14.22070 14.14420 16.53800 16.16350 17.15000 16.97840 15.82210 17.23130 16.90530 16.95290 18.22840 19.08170 20.32360 22.14860 25.38410 24.36830 24.65430 23.27930 16.79040 14.07550 16.31440 17.07400 19.09570 20.74280 21.73030 19.37500 18.54180 21.39040 20.27070 19.40000 19.85340 19.01060 22.79470 21.00050 20.46590 19.70050 19.77640 18.59230 18.60000 18.83320 17.85190 19.37310 20.94660 20.21590 19.33220
35.42790 35.68030 36.04570 34.82360 33.56830 30.92400 29.10770 26.42740 25.52740 23.84130 24.87840 28.56060 26.73800 23.46970 22.55910 24.86150 24.81540 24.66540 27.87740 24.72740 21.15870 18.42840 17.42600 18.82880 20.38510 19.19230 15.92790 15.85380 16.81830 19.02840 17.83800 17.76440 15.78560 15.69760 18.18650 20.56780 20.46630 25.04950 24.05430 27.09900 31.83800 28.62400 27.22260 29.19950 25.62740 19.94090 18.40480 19.36200 18.98080 20.05430 21.70820 18.27550 16.02840 16.06630 16.08410 17.31440 18.60290 21.21630 20.84570 23.47120 20.55720 21.91150 22.26780 21.26300 21.33610 20.28750 19.01110 19.39370 21.19090 24.34280 23.78080
40.08750 40.98270 41.34180 41.01300 38.10720 35.80820 32.84090 30.08170 26.31350 26.52550 25.76730 26.91390 31.38650 28.05050 24.24710 23.01970 25.20290 26.34520 28.42740 27.33610 23.88370 23.82740 22.99520 22.34040 21.25870 19.96300 20.02600 19.03650 17.75870 18.87550 16.64370 18.84380 16.66920 21.17450 22.46540 19.40050 23.90770 27.40430 28.47740 28.45240 31.60770 33.09810 33.04760 30.63170 28.16730 25.49370 23.16490 23.02400 21.57450 23.41300 21.93800 21.54330 21.43990 21.39660 21.66200 21.87400 22.27980 20.76390 20.01300 19.19130 19.30480 20.79420 22.06150 22.79900 22.94130 21.68700 21.97600 22.20480 27.04760 28.69710 28.08130
39.30530 40.37360 43.71780 44.40910 42.80140 37.11780 35.20530 30.82690 30.05580 26.00870 21.75630 24.25050 27.82600 30.86060 28.35190 27.05720 27.88890 25.04900 25.22210 24.20290 29.58750 25.33750 23.47840 22.41390 22.80190 23.75480 25.59130 22.34280 19.90630 18.67690 20.75140 19.62210 20.18320 22.46630 24.93990 21.51350 25.06110 28.25380 31.67120 32.61300 33.78080 35.17930 34.15340 34.09380 30.21200 29.98410 24.54040 25.55870 25.41540 25.05050 23.95380 24.69950 22.66300 21.91680 23.33170 21.07070 22.46540 21.70240 20.76490 20.75820 20.87020 22.09570 23.51010 24.82360 28.00240 27.90870 29.60380 28.57790 30.25000 26.54860 28.34710
41.66920 41.20580 44.55580 45.80910 45.71350 45.95620 43.51490 36.57450 35.11150 32.11060 27.67310 30.09710 28.66630 29.54230 32.48610 29.49620 26.49280 24.30100 25.98800 24.93370 24.93030 27.40870 27.46010 25.70620 22.62740 20.58320 22.41830 20.93610 18.63370 19.77790 19.58370 19.48170 21.68650 23.04620 24.19950 26.22210 26.14810 30.28320 34.59180 37.73650 36.22690 37.41920 37.47980 34.20480 30.29760 27.98890 24.53510 21.15430 21.29180 19.95240 20.00340 18.98410 20.21780 21.78320 23.23130 23.39420 23.55050 22.58890 22.49130 22.33130 23.58320 25.02740 27.30000 31.81780 33.83170 32.58510 34.35670 33.79520 31.61350 30.84230 31.19760
38.39810 40.30050 43.04280 42.52550 45.11970 44.64280 47.99900 44.86920 39.07310 40.29860 39.27500 36.43410 33.61200 35.56920 33.36970 30.31830 30.15340 28.82790 26.29710 25.69090 26.89860 29.14230 32.30770 27.37690 24.22020 23.22840 25.37640 22.72640 22.34040 24.79420 22.59470 21.54620 24.01440 25.26200 27.95190 26.79470 29.25290 31.57450 35.35620 37.70620 36.42160 36.07640 37.67740 34.27500 27.95430 26.97210 26.02640 25.15670 26.99180 23.70580 -9999 -9999 21.64760 21.98700 22.33700 24.95580 25.22020 24.03650 25.12210 27.53650 27.69230 32.16300 35.29370 37.32840 36.15050 38.27790 38.31350 41.12550 37.29470 35.06730 35.69710
43.32690 41.26060 42.38560 43.33800 44.39900 43.50580 47.06010 41.42120 42.58940 42.63370 42.62500 39.67640 40.13030 39.20770 36.23850 32.02400 33.17400 30.95960 28.45140 30.98460 30.39470 29.62550 29.66300 30.92600 33.42070 29.30870 28.87930 25.35140 23.88890 24.88610 26.25140 23.44620 25.79280 28.37930 29.71780 30.85100 32.20380 30.28850 29.32790 -9999 -9999 -9999 -9999 32.22930 -9999 32.60670 35.11780 31.61440 29.13270 24.60910 -9999 -9999 25.82930 25.05580 25.18030 25.63700 24.61490 25.88940 28.43610 31.05050 32.07070 33.19520 34.91200 35.95530 33.49760 41.57020 41.81590 43.76110 35.24130 34.63460 34.63220
39.29860 41.06300 43.07400 45.13800 44.21440 40.34380 45.01490 42.29470 39.06060 38.98700 37.81970 38.07400 39.63320 39.93700 37.18220 33.42930 34.51540 35.07740 34.66730 34.90140 36.09810 33.20960 33.43940 32.27980 33.66300 31.22880 29.61060 27.81150 26.45340 26.34860 27.64620 29.16630 30.97790 31.26630 33.56010 30.36540 30.13560 -9999 -9999 -9999 -9999 -9999 -9999 -9999 34.89420 34.92210 33.46300 -9999 -9999 -9999 -9999 -9999 25.59370 27.06920 30.61920 29.48170 30.86440 30.33030 29.39950 32.79810 30.53220 30.25100 32.17880 34.78410 32.40100 32.55580 37.11300 42.53610 36.71680 32.09950 -9999
