data/hydroclimate-scenarios/1948-2000.Pcorr55N_Pref_Tref/monthly_summaries/precip_monthly_tot_jun.1950-2000.asc
ncols	311
nrows	91
xllcenter	102.75
yllcenter	31.75
cellsize	0.5
NODATA_value	-9999
[rows 0 to 31 of 91, columns 71 to 141 of 311]
-9999 -9999 -9999 -9999 -9999 -9999 -9999 -9999 -9999 -9999 -9999 -9999 -9999 -9999 -9999 -9999 -9999 -9999 -9999 -9999 -9999 -9999 -9999 -9999 -9999 -9999 -9999 -9999 -9999 -9999 -9999 -9999 -9999 -9999 -9999 -9999 -9999 -9999 -9999 -9999 -9999 -9999 -9999 -9999 -9999 -9999 -9999 -9999 -9999 -9999 -9999 -9999 -9999 -9999 -9999 -9999 -9999 -9999 -9999 -9999 -9999 -9999 -9999 -9999 -9999 -9999 -9999 -9999 -9999 -9999 -9999
-9999 -9999 -9999 -9999 -9999 -9999 -9999 -9999 -9999 -9999 -9999 -9999 -9999 -9999 -9999 -9999 -9999 -9999 -9999 -9999 -9999 -9999 -9999 -9999 -9999 -9999 -9999 -9999 -9999 -9999 -9999 -9999 -9999 -9999 -9999 -9999 -9999 -9999 -9999 -9999 -9999 -9999 -9999 -9999 -9999 -9999 -9999 -9999 -9999 -9999 -9999 -9999 -9999 -9999 -9999 -9999 -9999 -9999 -9999 -9999 -9999 -9999 -9999 -9999 -9999 -9999 -9999 -9999 -9999 -9999 -9999
-9999 -9999 -9999 -9999 -9999 -9999 -9999 -9999 -9999 -9999 -9999 -9999 -9999 -9999 -9999 -9999 -9999 -9999 -9999 -9999 -9999 -9999 -9999 -9999 -9999 -9999 -9999 -9999 -9999 -9999 -9999 -9999 -9999 -9999 -9999 -9999 -9999 -9999 -9999 -9999 -9999 -9999 -9999 -9999 -9999 -9999 -9999 -9999 -9999 -9999 -9999 -9999 -9999 -9999 -9999 -9999 -9999 -9999 -9999 -9999 -9999 -9999 -9999 -9999 -9999 -9999 -9999 -9999 -9999 -9999 -9999
-9999 -9999 -9999 -9999 -9999 -9999 -9999 -9999 -9999 -9999 -9999 -9999 -9999 -9999 -9999 -9999 -9999 -9999 -9999 -9999 -9999 -9999 -9999 -9999 -9999 -9999 -9999 -9999 -9999 -9999 -9999 -9999 -9999 -9999 -9999 -9999 -9999 -9999 -9999 -9999 -9999 -9999 -9999 -9999 -9999 -9999 -9999 -9999 -9999 -9999 -9999 -9999 -9999 -9999 -9999 -9999 -9999 -9999 -9999 -9999 -9999 -9999 -9999 -9999 -9999 -9999 -9999 -9999 -9999 -9999 -9999
-9999 -9999 -9999 -9999 -9999 -9999 -9999 -9999 -9999 -9999 -9999 -9999 -9999 -9999 -9999 -9999 -9999 -9999 -9999 -9999 -9999 -9999 -9999 -9999 -9999 -9999 -9999 -9999 -9999 -9999 -9999 -9999 -9999 -9999 -9999 -9999 -9999 -9999 -9999 -9999 -9999 -9999 -9999 -9999 -9999 -9999 -9999 -9999 -9999 -9999 -9999 -9999 -9999 -9999 -9999 -9999 -9999 -9999 -9999 -9999 -9999 -9999 -9999 -9999 -9999 -9999 -9999 -9999 -9999 -9999 -9999
-9999 -9999 -9999 -9999 -9999 -9999 -9999 -9999 -9999 -9999 -9999 -9999 -9999 -9999 -9999 -9999 -9999 -9999 -9999 -9999 -9999 -9999 -9999 -9999 -9999 -9999 -9999 -9999 -9999 -9999 -9999 -9999 -9999 -9999 -9999 -9999 -9999 -9999 -9999 -9999 -9999 -9999 -9999 -9999 -9999 -9999 -9999 -9999 -9999 -9999 -9999 -9999 -9999 -9999 -9999 -9999 -9999 -9999 -9999 -9999 -9999 -9999 -9999 -9999 -9999 -9999 -9999 -9999 -9999 -9999 -9999
-9999 -9999 -9999 -9999 -9999 -9999 -9999 -9999 -9999 -9999 -9999 -9999 -9999 -9999 -9999 -9999 -9999 -9999 -9999 -9999 -9999 -9999 -9999 -9999 -9999 -9999 -9999 -9999 -9999 -9999 -9999 -9999 -9999 -9999 -9999 -9999 -9999 -9999 -9999 -9999 -9999 -9999 -9999 -9999 -9999 -9999 -9999 -9999 -9999 -9999 -9999 -9999 -9999 -9999 -9999 -9999 -9999 -9999 -9999 -9999 -9999 -9999 -9999 -9999 -9999 -9999 -9999 -9999 -9999 -9999 -9999
-9999 -9999 -9999 -9999 -9999 -9999 -9999 -9999 -9999 -9999 -9999 -9999 -9999 -9999 -9999 -9999 -9999 -9999 -9999 -9999 -9999 -9999 -9999 -9999 -9999 -9999 -9999 -9999 -9999 -9999 -9999 -9999 -9999 -9999 -9999 -9999 -9999 -9999 -9999 -9999 -9999 -9999 -9999 -9999 -9999 -9999 -9999 -9999 -9999 -9999 -9999 -9999 -9999 -9999 -9999 -9999 -9999 -9999 -9999 -9999 -9999 -9999 -9999 -9999 -9999 -9999 -9999 -9999 -9999 -9999 -9999
-9999 -9999 -9999 -9999 -9999 -9999 28.36810 -9999 -9999 -9999 -9999 -9999 -9999 -9999 -9999 -9999 -9999 -9999 -9999 -9999 -9999 -9999 -9999 -9999 -9999 -9999 -9999 -9999 -9999 -9999 -9999 -9999 -9999 -9999 -9999 -9999 -9999 -9999 -9999 -9999 -9999 -9999 -9999 -9999 -9999 -9999 -9999 -9999 -9999 -9999 -9999 -9999 -9999 -9999 -9999 -9999 -9999 -9999 -9999 -9999 -9999 -9999 -9999 -9999 -9999 -9999 -9999 -9999 -9999 -9999 -9999
-9999 -9999 31.34360 26.26670 26.34510 27.86520 28.82500 29.26470 29.28730 30.64070 31.17700 30.06960 29.51230 30.39410 29.52350 30.08680 29.68870 28.86130 28.49950 29.45490 28.05250 28.19120 -9999 -9999 -9999 -9999 -9999 -9999 -9999 -9999 -9999 -9999 -9999 -9999 -9999 -9999 -9999 -9999 -9999 -9999 -9999 -9999 -9999 -9999 -9999 -9999 -9999 -9999 -9999 -9999 -9999 -9999 -9999 -9999 -9999 -9999 -9999 -9999 -9999 -9999 -9999 -9999 -9999 -9999 -9999 -9999 -9999 -9999 -9999 -9999 -9999
-9999 -9999 -9999 -9999 28.25050 28.48820 28.72210 28.81030 28.95740 30.97450 31.18920 30.62600 31.32750 30.19310 29.67600 30.21270 29.71860 30.24070 30.01910 29.92990 29.81470 29.79310 -9999 -9999 -9999 -9999 -9999 -9999 -9999 -9999 -9999 -9999 -9999 -9999 -9999 -9999 -9999 -9999 -9999 -9999 -9999 -9999 -9999 -9999 -9999 -9999 -9999 -9999 -9999 -9999 -9999 -9999 -9999 -9999 -9999 -9999 -9999 -9999 -9999 -9999 -9999 -9999 -9999 -9999 -9999 -9999 -9999 -9999 -9999 -9999 -9999
27.04850 27.34900 27.67990 27.04800 28.60540 28.99170 29.27250 29.35930 29.50250 31.06910 31.43090 31.55490 32.02110 31.00590 31.38680 30.42890 31.43580 30.61370 31.50250 31.50000 31.64070 31.02940 29.62550 29.75880 29.02400 27.83090 26.87210 25.59310 -9999 -9999 -9999 -9999 -9999 -9999 -9999 -9999 -9999 -9999 -9999 -9999 -9999 -9999 -9999 -9999 -9999 -9999 -9999 -9999 -9999 -9999 -9999 -9999 -9999 -9999 -9999 -9999 -9999 -9999 -9999 -9999 -9999 -9999 -9999 -9999 -9999 -9999 -9999 -9999 -9999 -9999 -9999
27.85050 28.15780 28.79510 29.02060 29.45930 29.60290 30.11960 30.25390 29.85540 31.41370 31.68040 32.14220 32.91230 32.38770 32.53870 31.74170 32.25980 31.45440 32.38730 32.30980 32.87250 32.00930 32.26230 31.54070 30.28280 29.30100 28.07060 28.23680 26.98380 25.76180 24.35200 24.29750 24.09310 22.92160 22.62160 22.49660 21.18190 21.24170 21.00540 19.71860 19.05740 17.84710 17.92250 -9999 -9999 -9999 -9999 -9999 -9999 -9999 -9999 -9999 -9999 -9999 -9999 -9999 -9999 -9999 -9999 -9999 -9999 -9999 -9999 -9999 -9999 -9999 -9999 -9999 -9999 -9999 -9999
29.69800 31.67400 30.48730 32.53680 32.57110 31.62210 31.52060 30.68090 32.04850 32.20100 32.40740 33.14750 34.29460 33.72750 33.94460 33.00930 33.18480 32.28630 31.63330 33.32060 33.77060 35.39460 34.44070 33.42700 32.49950 30.16180 28.90490 27.82890 27.69950 27.85830 25.34070 25.28730 23.85200 23.69410 23.64510 22.05150 22.08480 21.82600 21.50200 20.22840 20.17350 20.03090 18.82210 18.77700 -9999 -9999 -9999 -9999 -9999 -9999 -9999 -9999 -9999 -9999 -9999 -9999 -9999 -9999 -9999 -9999 -9999 -9999 -9999 -9999 -9999 -9999 -9999 -9999 -9999 -9999 -9999
39.28330 38.74660 37.73280 40.45100 37.23090 37.06030 37.38630 37.43240 37.48770 35.15880 36.92210 37.40390 36.44510 36.01030 34.68430 34.06370 34.04360 33.26230 32.77250 34.30440 34.45830 34.69020 33.88190 34.16620 31.87010 33.41520 31.32250 28.67840 28.11080 27.99360 26.86620 25.56370 23.93280 23.99560 23.64260 23.67500 22.50690 22.27700 22.46520 22.28770 21.04020 21.00490 20.85880 20.01180 -9999 -9999 -9999 -9999 -9999 -9999 -9999 -9999 -9999 -9999 -9999 -9999 -9999 -9999 -9999 16.25050 16.28480 -9999 -9999 -9999 -9999 19.56030 21.84310 24.22110 23.08240 18.98630 18.00050
39.12350 39.20100 39.18730 40.75100 37.40100 35.05640 34.97160 36.40930 36.69950 36.73680 35.61030 36.33430 36.64220 37.50880 36.84610 34.32550 33.87110 32.40540 33.09070 32.18480 33.48970 33.50590 33.93770 31.31810 30.33090 29.32650 28.44360 28.53870 27.40880 26.22840 26.12750 25.09360 24.82350 24.43770 23.44120 23.58330 23.16960 23.22750 23.08680 23.24020 22.28040 22.17450 22.02940 20.84900 20.75150 19.30200 19.12250 19.05690 22.47600 23.60050 22.44220 23.50930 23.18280 21.92060 21.84410 22.67160 19.48040 18.06810 18.03970 18.34260 18.37700 -9999 -9999 -9999 -9999 -9999 19.40050 22.01180 22.97210 23.32790 23.29710
45.03580 40.51080 40.60740 44.23730 41.21810 36.43580 36.52010 35.24510 33.07060 32.05340 32.07300 32.76030 33.07160 34.57450 34.71080 33.67790 33.47990 33.06320 32.61620 31.98870 31.05640 31.09660 30.08190 30.23580 29.32650 29.61370 29.14950 27.90830 27.88580 26.95000 25.82350 25.64610 24.37790 24.30390 24.38920 24.19410 24.15590 24.23190 24.01810 24.34460 23.03870 23.00440 22.77890 22.48870 21.29170 21.09460 19.87840 20.17790 23.63630 24.59710 23.25150 22.15440 23.09460 26.42790 29.12500 24.66470 26.97450 26.91080 25.46860 23.30930 23.17890 23.30050 21.36470 19.13240 19.15100 19.11620 19.39460 19.54800 21.75540 22.87250 25.31370
45.86030 55.01520 39.41080 45.30290 46.78330 42.43190 39.92840 38.89410 31.89560 30.98920 31.14800 31.60150 33.00340 33.37890 33.80640 33.33820 32.83630 32.89710 32.59950 32.89460 32.49170 30.39020 30.64510 29.40590 29.58240 28.50930 27.85440 28.22890 27.13090 26.26960 26.36030 25.17300 25.02940 25.09410 25.22210 24.94900 25.13870 25.03090 24.75830 24.26720 24.01960 24.33040 23.06470 22.91960 21.70930 21.61860 22.03140 20.86230 22.29410 21.95100 22.76080 21.81320 23.91570 23.64070 25.66370 28.84360 29.99120 28.68920 28.78140 28.43480 27.33580 29.57840 26.13140 23.24950 20.91760 20.91570 19.97350 20.32550 22.56810 24.84800 28.01670
49.59220 52.94260 46.65050 37.79510 41.27600 37.00100 35.68090 38.86080 34.35150 31.83090 30.85000 31.30150 31.66520 31.78280 33.53090 33.13630 32.82890 32.55290 33.41030 37.01960 35.26520 33.32110 32.43680 30.44750 29.39800 29.34950 28.44170 27.69900 28.03090 27.03090 26.05540 25.95290 24.83630 24.93190 24.70250 24.26470 23.86080 24.72060 24.75390 25.63430 25.76960 24.53530 27.67350 27.42940 26.39220 24.27500 22.55690 21.67010 21.51810 22.44710 24.83480 25.89020 25.58680 26.83920 26.62600 25.53280 26.73920 29.73820 29.66720 30.76910 31.71080 33.46370 34.19360 30.03480 27.78380 26.99070 26.46230 26.93770 26.71030 27.71130 28.06810
47.81470 52.05540 51.22450 50.39750 43.89260 36.52300 36.49950 38.39560 37.97840 33.72450 40.91470 39.29070 37.46130 34.42160 33.55930 33.82400 32.88870 32.39560 33.48630 35.23680 35.65540 32.92110 32.05980 31.16520 30.15590 28.08770 27.04610 27.26230 26.28680 25.59220 25.70780 24.62160 25.86910 24.77600 24.36180 25.49220 26.53730 26.50250 27.21910 28.10540 27.98280 26.91620 26.64560 26.64800 27.74750 28.10390 26.36470 25.15050 23.24220 25.22250 26.34410 27.37550 27.14360 26.49260 28.41960 30.71320 31.92060 35.03430 31.78770 29.63040 30.33770 30.46760 30.24850 31.81130 34.05830 29.95780 32.94020 31.26030 29.32790 28.87550 27.89850
49.06470 50.94220 53.66030 54.91030 55.12940 45.66420 40.43580 38.41370 37.20740 33.80540 36.93380 44.79070 48.34710 51.77500 44.42110 39.23040 36.12790 32.93580 32.82500 32.31080 31.66720 31.12400 31.07840 29.49220 29.67750 29.83970 28.92060 27.83820 27.92550 27.77500 26.82990 27.42500 27.36030 27.27750 25.11420 26.97890 27.86910 29.84460 27.43680 27.34750 29.30540 29.03430 27.94070 26.74170 28.20780 26.42750 26.89560 25.99220 24.62450 24.53580 24.80540 25.96620 26.66320 27.68920 28.03680 29.29950 32.68090 34.55050 32.61180 35.79610 34.74170 33.24070 32.10050 31.17700 29.55780 30.05290 30.30000 31.71030 29.90690 29.08820 26.97110
56.70590 55.82210 59.13190 58.29510 56.37600 54.58090 53.00340 49.58140 43.26960 37.77550 33.61230 36.97350 40.34710 43.91960 48.29220 48.71030 48.48140 46.32010 40.97500 39.02060 34.06470 33.86030 31.81420 31.10000 31.10880 30.32160 30.31960 29.45690 30.64950 31.51420 27.99310 31.63430 32.68190 31.23330 30.11910 29.69310 29.47500 30.43630 28.81420 29.80440 29.77500 29.39560 28.29510 29.68040 29.24750 30.44560 29.30490 29.49850 28.52890 27.33240 30.11230 31.29360 33.37500 33.00100 33.42940 32.59660 37.04170 33.91030 34.19360 37.27650 34.27700 34.35440 33.33920 29.77790 30.72060 31.07300 33.35290 31.72210 30.06370 27.92890 24.97750
55.13770 59.31270 60.52400 57.62750 58.92450 58.38140 55.35440 51.31180 50.36230 43.81470 41.90590 42.05000 42.22110 38.97600 40.83380 42.14660 43.54260 48.29070 49.64850 47.41370 44.59850 42.44710 37.34360 33.73280 32.04510 32.25830 32.07990 33.22550 33.77110 32.79120 32.58090 32.29310 33.90290 32.81960 33.06370 29.84020 29.34120 30.27010 32.79310 31.54310 29.44900 28.14120 29.06030 29.62890 32.77700 32.88870 32.88480 31.73190 31.71320 34.66910 36.37350 35.23430 36.57650 39.52210 37.73970 40.29750 36.25340 38.55640 34.55930 33.04460 32.97250 31.85100 31.88430 31.84710 33.81130 31.00000 29.28480 27.60340 27.96760 26.73140 24.78330
56.34710 56.88380 56.29900 55.47350 57.86570 59.12890 57.47160 55.37450 53.59660 47.77890 41.62010 50.10390 48.27600 45.10100 50.70390 54.44070 54.12650 39.03770 46.83730 54.12750 52.95000 49.75640 45.27600 35.43140 33.48090 32.05490 32.08630 32.88330 33.69950 33.70250 33.42840 33.09850 32.77790 32.56910 28.97400 29.81520 31.68190 31.24900 33.16370 32.59560 35.33530 31.96810 30.95200 31.70250 28.29900 27.04560 29.51810 31.21030 34.00780 34.89850 36.40540 35.44220 36.60050 36.54410 39.01130 39.39260 37.75050 37.65050 34.07500 33.43190 31.69360 30.53040 32.60980 33.41370 30.40440 28.73040 27.93530 26.28820 25.39070 25.53090 25.82890
59.39070 58.96370 58.27700 56.27400 56.75980 54.93970 53.28770 53.30100 51.55050 50.09510 47.82840 48.15540 47.22750 45.34950 49.91910 50.89020 55.53090 51.08820 47.24460 44.41760 46.55490 46.52600 44.47990 42.65440 37.33330 34.24460 33.03730 32.87160 33.62300 32.40250 33.13820 32.08680 30.62500 31.61420 31.29950 30.77840 31.59360 31.49850 31.84850 33.69460 36.01230 36.03730 36.12400 34.02650 28.92500 26.68240 28.71130 30.78530 33.53040 36.25200 37.80490 35.44460 35.46860 38.77550 37.23630 36.75390 35.80930 34.28770 37.42110 34.83280 33.08970 32.37550 31.29120 29.22790 29.16910 28.57940 27.78430 28.04170 29.22750 27.43920 25.63380
63.45640 62.86080 63.18770 61.29260 59.32160 54.90050 53.03090 50.14120 48.04950 46.24260 47.82350 51.27750 49.48630 45.37890 45.61810 49.10150 49.79070 49.76960 54.23430 51.37450 46.91130 43.86910 40.94710 42.16370 42.16080 40.21570 35.76860 34.91420 35.76180 36.73920 34.27010 34.21420 30.64360 31.42500 32.29360 34.99710 34.72110 37.18190 34.96030 38.65830 41.91810 38.10590 37.36420 40.19850 36.04610 31.84070 30.80640 32.21860 32.10690 34.41180 35.91620 34.11670 33.07110 33.07110 32.72110 32.92890 33.47840 34.83280 34.28380 35.17450 32.63480 32.81910 31.86670 31.08870 30.31470 29.30100 28.66910 28.00200 28.32550 29.87750 28.89260
66.96620 69.15250 68.60740 67.34510 62.36320 60.02300 56.26180 52.17940 48.56130 50.37350 47.99660 50.36520 54.97110 51.82550 47.40200 46.44220 50.20930 52.13430 54.93580 54.09170 50.02840 49.11670 47.15780 44.99900 43.02110 40.60000 40.90340 37.69070 36.24360 37.81860 34.17700 35.09560 32.58970 37.41420 38.40780 33.80050 37.68870 40.10000 39.56180 38.54120 41.07600 42.21230 42.28970 38.98580 37.79070 35.59850 34.44220 34.95640 33.98580 36.32060 36.00050 36.32750 36.50340 37.08480 37.23240 36.95930 35.97840 33.83090 32.29310 30.24460 30.51420 30.65000 31.67160 31.26720 31.29220 30.55050 29.50250 29.11960 31.67450 33.11620 32.29900
66.40050 67.45780 71.25830 69.27210 68.43870 62.20100 59.24410 54.27500 52.53680 48.41370 44.62750 46.88580 51.33280 55.74750 52.60050 52.05980 52.98190 49.48970 50.02500 49.00690 54.05490 48.82940 46.85490 44.67010 42.49900 43.69850 46.12940 41.44510 38.33280 36.05290 38.75830 36.43330 35.48430 38.02890 39.91620 36.22840 38.06080 39.48970 42.17450 42.43630 41.91230 42.51670 40.83090 40.94610 38.68240 38.13730 33.28090 34.62790 35.08330 35.92450 36.01370 36.78630 36.03280 34.44710 36.17450 34.50200 34.87790 33.21230 31.53040 30.64510 30.67060 31.57160 31.79560 33.02700 36.46420 34.80150 35.32890 33.25440 34.13330 31.31230 31.15590
68.12110 67.72010 70.97500 72.98870 72.22160 72.66570 68.50640 61.48770 59.16420 55.93090 50.85880 52.82890 51.64560 53.41860 56.95100 54.14310 50.01860 48.41670 49.75100 48.30980 47.51180 50.42750 49.37940 46.46810 43.31570 40.13140 41.13580 40.09120 35.84310 36.84310 36.16320 35.93280 37.75590 38.61080 40.03430 40.73630 39.65930 42.45250 45.39460 47.45930 44.43140 42.45440 42.37840 38.35880 36.44360 33.22750 30.95830 28.85690 29.33820 29.35830 29.21960 29.41520 30.64070 31.97990 34.70250 34.15490 33.42940 31.60000 31.76230 31.71670 32.62790 32.89800 34.96860 39.59410 40.64170 38.67110 39.59070 38.02110 34.99560 33.46520 33.35880
62.68090 65.29800 69.01130 67.37790 70.59410 70.54460 74.08580 69.24460 63.13680 63.76910 63.40050 59.45200 55.58190 58.92550 57.25880 53.32110 52.97350 51.95780 48.64850 48.62750 49.01130 51.39460 54.21960 48.13870 44.08480 42.05590 45.18920 42.05590 41.85830 42.26370 38.56270 36.26760 38.98870 40.08480 41.45780 40.26960 42.61760 43.02650 45.68730 46.71270 44.39460 39.54750 40.29260 37.09120 31.31370 29.92790 30.73190 30.28870 33.14260 31.35780 -9999 -9999 30.94260 31.36130 30.63040 33.30250 33.65740 32.78630 32.66130 34.97990 34.94360 37.82840 41.35250 44.43480 42.88480 43.86620 43.62160 44.79710 38.42600 35.51670 35.78240
67.67500 66.03630 66.75440 68.11960 68.27940 65.97600 69.56670 64.27840 65.20200 65.53380 65.95050 61.72060 61.16760 60.74560 57.61370 54.78040 56.21720 52.98730 49.52840 51.78580 51.84020 49.72250 49.84460 49.45880 52.70740 48.59950 47.59070 44.48040 43.06910 41.40200 42.09750 37.75250 39.67890 42.46570 42.48480 43.46760 44.84950 40.77450 38.00200 -9999 -9999 -9999 -9999 32.77110 -9999 35.27600 39.00290 35.09750 34.33040 30.46470 -9999 -9999 32.87350 32.77750 32.11420 32.71180 32.47500 33.34610 34.27500 36.61520 37.61030 38.98040 40.01320 41.24360 39.32210 46.82750 46.83330 45.04710 37.90740 36.16860 34.75780
63.02300 64.16030 65.52650 67.77600 65.97210 61.41620 67.32700 64.15740 58.93430 58.92010 58.24510 57.88630 60.22350 59.81370 57.41570 51.81080 53.29020 54.14750 55.06760 53.82110 55.13870 51.18920 52.07650 51.30830 51.34310 49.27060 48.28430 47.03040 45.50100 42.78820 43.45830 43.27450 43.54850 43.41860 45.48820 42.83430 41.02160 -9999 -9999 -9999 -9999 -9999 -9999 -9999 36.22010 36.14750 36.12750 -9999 -9999 -9999 -9999 -9999 31.41130 32.53380 35.51670 35.47210 36.67450 36.03920 34.03920 37.16720 34.68530 34.85780 37.06130 39.28630 37.62300 36.47650 39.49800 43.96860 37.98430 33.15100 -9999
