data/hydroclimate-scenarios/1948-2000.Pcorr55N_Pref_Tref/monthly_summaries/precip_monthly_tot_oct.1950-2000.asc
ncols	311
nrows	91
xllcenter	102.75
yllcenter	31.75
cellsize	0.5
NODATA_value	-9999
[rows 0 to 31 of 91, columns 71 to 141 of 311]
-9999 -9999 -9999 -9999 -9999 -9999 -9999 -9999 -9999 -9999 -9999 -9999 -9999 -9999 -9999 -9999 -9999 -9999 -9999 -9999 -9999 -9999 -9999 -9999 -9999 -9999 -9999 -9999 -9999 -9999 -9999 -9999 -9999 -9999 -9999 -9999 -9999 -9999 -9999 -9999 -9999 -9999 -9999 -9999 -9999 -9999 -9999 -9999 -9999 -9999 -9999 -9999 -9999 -9999 -9999 -9999 -9999 -9999 -9999 -9999 -9999 -9999 -9999 -9999 -9999 -9999 -9999 -9999 -9999 -9999 -9999
-9999 -9999 -9999 -9999 -9999 -9999 -9999 -9999 -9999 -9999 -9999 -9999 -9999 -9999 -9999 -9999 -9999 -9999 -9999 -9999 -9999 -9999 -9999 -9999 -9999 -9999 -9999 -9999 -9999 -9999 -9999 -9999 -9999 -9999 -9999 -9999 -9999 -9999 -9999 -9999 -9999 -9999 -9999 -9999 -9999 -9999 -9999 -9999 -9999 -9999 -9999 -9999 -9999 -9999 -9999 -9999 -9999 -9999 -9999 -9999 -9999 -9999 -9999 -9999 -9999 -9999 -9999 -9999 -9999 -9999 -9999
-9999 -9999 -9999 -9999 -9999 -9999 -9999 -9999 -9999 -9999 -9999 -9999 -9999 -9999 -9999 -9999 -9999 -9999 -9999 -9999 -9999 -9999 -9999 -9999 -9999 -9999 -9999 -9999 -9999 -9999 -9999 -9999 -9999 -9999 -9999 -9999 -9999 -9999 -9999 -9999 -9999 -9999 -9999 -9999 -9999 -9999 -9999 -9999 -9999 -9999 -9999 -9999 -9999 -9999 -9999 -9999 -9999 -9999 -9999 -9999 -9999 -9999 -9999 -9999 -9999 -9999 -9999 -9999 -9999 -9999 -9999
-9999 -9999 -9999 -9999 -9999 -9999 -9999 -9999 -9999 -9999 -9999 -9999 -9999 -9999 -9999 -9999 -9999 -9999 -9999 -9999 -9999 -9999 -9999 -9999 -9999 -9999 -9999 -9999 -9999 -9999 -9999 -9999 -9999 -9999 -9999 -9999 -9999 -9999 -9999 -9999 -9999 -9999 -9999 -9999 -9999 -9999 -9999 -9999 -9999 -9999 -9999 -9999 -9999 -9999 -9999 -9999 -9999 -9999 -9999 -9999 -9999 -9999 -9999 -9999 -9999 -9999 -9999 -9999 -9999 -9999 -9999
-9999 -9999 -9999 -9999 -9999 -9999 -9999 -9999 -9999 -9999 -9999 -9999 -9999 -9999 -9999 -9999 -9999 -9999 -9999 -9999 -9999 -9999 -9999 -9999 -9999 -9999 -9999 -9999 -9999 -9999 -9999 -9999 -9999 -9999 -9999 -9999 -9999 -9999 -9999 -9999 -9999 -9999 -9999 -9999 -9999 -9999 -9999 -9999 -9999 -9999 -9999 -9999 -9999 -9999 -9999 -9999 -9999 -9999 -9999 -9999 -9999 -9999 -9999 -9999 -9999 -9999 -9999 -9999 -9999 -9999 -9999
-9999 -9999 -9999 -9999 -9999 -9999 -9999 -9999 -9999 -9999 -9999 -9999 -9999 -9999 -9999 -9999 -9999 -9999 -9999 -9999 -9999 -9999 -9999 -9999 -9999 -9999 -9999 -9999 -9999 -9999 -9999 -9999 -9999 -9999 -9999 -9999 -9999 -9999 -9999 -9999 -9999 -9999 -9999 -9999 -9999 -9999 -9999 -9999 -9999 -9999 -9999 -9999 -9999 -9999 -9999 -9999 -9999 -9999 -9999 -9999 -9999 -9999 -9999 -9999 -9999 -9999 -9999 -9999 -9999 -9999 -9999
-9999 -9999 -9999 -9999 -9999 -9999 -9999 -9999 -9999 -9999 -9999 -9999 -9999 -9999 -9999 -9999 -9999 -9999 -9999 -9999 -9999 -9999 -9999 -9999 -9999 -9999 -9999 -9999 -9999 -9999 -9999 -9999 -9999 -9999 -9999 -9999 -9999 -9999 -9999 -9999 -9999 -9999 -9999 -9999 -9999 -9999 -9999 -9999 -9999 -9999 -9999 -9999 -9999 -9999 -9999 -9999 -9999 -9999 -9999 -9999 -9999 -9999 -9999 -9999 -9999 -9999 -9999 -9999 -9999 -9999 -9999
-9999 -9999 -9999 -9999 -9999 -9999 -9999 -9999 -9999 -9999 -9999 -9999 -9999 -9999 -9999 -9999 -9999 -9999 -9999 -9999 -9999 -9999 -9999 -9999 -9999 -9999 -9999 -9999 -9999 -9999 -9999 -9999 -9999 -9999 -9999 -9999 -9999 -9999 -9999 -9999 -9999 -9999 -9999 -9999 -9999 -9999 -9999 -9999 -9999 -9999 -9999 -9999 -9999 -9999 -9999 -9999 -9999 -9999 -9999 -9999 -9999 -9999 -9999 -9999 -9999 -9999 -9999 -9999 -9999 -9999 -9999
-9999 -9999 -9999 -9999 -9999 -9999 20.13870 -9999 -9999 -9999 -9999 -9999 -9999 -9999 -9999 -9999 -9999 -9999 -9999 -9999 -9999 -9999 -9999 -9999 -9999 -9999 -9999 -9999 -9999 -9999 -9999 -9999 -9999 -9999 -9999 -9999 -9999 -9999 -9999 -9999 -9999 -9999 -9999 -9999 -9999 -9999 -9999 -9999 -9999 -9999 -9999 -9999 -9999 -9999 -9999 -9999 -9999 -9999 -9999 -9999 -9999 -9999 -9999 -9999 -9999 -9999 -9999 -9999 -9999 -9999 -9999
-9999 -9999 21.13280 17.92400 19.50050 19.78090 19.58680 21.54170 21.35540 23.45290 24.83480 24.76520 26.29710 25.92400 27.04260 27.33090 26.84850 28.16910 28.43330 28.49710 28.26320 27.04120 -9999 -9999 -9999 -9999 -9999 -9999 -9999 -9999 -9999 -9999 -9999 -9999 -9999 -9999 -9999 -9999 -9999 -9999 -9999 -9999 -9999 -9999 -9999 -9999 -9999 -9999 -9999 -9999 -9999 -9999 -9999 -9999 -9999 -9999 -9999 -9999 -9999 -9999 -9999 -9999 -9999 -9999 -9999 -9999 -9999 -9999 -9999 -9999 -9999
-9999 -9999 -9999 -9999 19.46670 19.46910 21.26570 21.06470 22.83630 23.05050 24.73280 24.28140 25.83920 27.33140 26.81520 26.79710 28.09170 27.86620 29.18630 29.42750 29.36420 28.26810 -9999 -9999 -9999 -9999 -9999 -9999 -9999 -9999 -9999 -9999 -9999 -9999 -9999 -9999 -9999 -9999 -9999 -9999 -9999 -9999 -9999 -9999 -9999 -9999 -9999 -9999 -9999 -9999 -9999 -9999 -9999 -9999 -9999 -9999 -9999 -9999 -9999 -9999 -9999 -9999 -9999 -9999 -9999 -9999 -9999 -9999 -9999 -9999 -9999
19.02350 19.26180 19.23580 19.31620 19.47160 19.17750 20.96910 20.91130 22.49560 22.85290 24.30930 24.23480 25.21230 26.55930 26.40100 27.72450 27.52060 29.01270 29.15780 30.56320 29.08870 29.23820 27.94120 28.20880 26.74750 26.73730 25.50880 25.40000 -9999 -9999 -9999 -9999 -9999 -9999 -9999 -9999 -9999 -9999 -9999 -9999 -9999 -9999 -9999 -9999 -9999 -9999 -9999 -9999 -9999 -9999 -9999 -9999 -9999 -9999 -9999 -9999 -9999 -9999 -9999 -9999 -9999 -9999 -9999 -9999 -9999 -9999 -9999 -9999 -9999 -9999 -9999
19.09260 19.01810 19.29360 19.40780 19.29460 20.66370 20.75490 20.70830 21.90000 22.08480 23.61080 23.87940 25.09610 26.53580 26.30880 27.65740 27.38140 28.52010 29.96180 31.55640 30.23820 28.92250 28.99510 27.88280 27.96030 26.47940 26.49660 25.20390 24.97210 25.46320 23.90250 23.82790 23.92010 22.63380 22.73970 22.87450 20.74510 20.93730 21.10980 19.75590 20.09310 20.09710 20.27250 -9999 -9999 -9999 -9999 -9999 -9999 -9999 -9999 -9999 -9999 -9999 -9999 -9999 -9999 -9999 -9999 -9999 -9999 -9999 -9999 -9999 -9999 -9999 -9999 -9999 -9999 -9999 -9999
18.54120 18.47750 18.46760 18.67600 18.57110 19.98870 20.19560 19.94410 21.63380 21.85100 23.62840 23.87210 25.18280 26.66960 26.17300 27.47990 28.54610 28.25590 29.57060 30.01470 29.96810 28.45000 28.77210 27.71620 27.82300 27.82550 26.44260 26.51030 26.31620 25.29610 25.19850 25.07790 22.89020 22.96080 23.19750 21.67500 21.94850 21.97350 20.81230 20.78530 21.05440 21.04410 21.34460 21.57010 -9999 -9999 -9999 -9999 -9999 -9999 -9999 -9999 -9999 -9999 -9999 -9999 -9999 -9999 -9999 -9999 -9999 -9999 -9999 -9999 -9999 -9999 -9999 -9999 -9999 -9999 -9999
18.10000 17.59560 17.58920 16.20540 17.71910 17.72840 18.16230 19.80290 19.65690 21.54410 21.77840 23.32250 24.92450 24.81130 26.08580 27.06180 26.97400 27.88480 27.38480 29.11720 27.58430 27.81520 27.95590 26.47990 26.87650 25.57110 25.61570 25.57060 25.86230 25.50150 25.31470 23.83870 23.95780 23.99460 22.49410 22.71470 22.79560 21.31030 21.57890 21.52450 21.69220 20.02110 20.21860 20.15880 -9999 -9999 -9999 -9999 -9999 -9999 -9999 -9999 -9999 -9999 -9999 -9999 -9999 -9999 -9999 17.29310 17.33770 -9999 -9999 -9999 -9999 19.67940 19.94660 20.07400 20.08770 21.89360 22.13970
16.85640 16.76230 16.78770 16.94950 16.99310 18.37650 18.37550 18.35980 18.45540 18.82350 20.82840 22.48870 22.86620 24.26370 25.64260 25.18430 26.07650 25.78970 27.02060 26.76470 26.82300 26.72790 25.60150 25.51230 25.42010 25.57600 26.60830 26.82450 26.99120 25.42600 24.86420 24.77700 24.77110 23.39800 23.29850 23.48330 22.13380 22.04020 21.95830 22.29800 20.94410 20.92250 20.77840 20.74310 20.72060 20.68680 20.67990 20.87250 19.52500 19.74510 20.09510 18.50830 18.72940 18.84460 17.25740 17.50050 17.55440 17.57400 17.56180 18.51810 18.61320 -9999 -9999 -9999 -9999 -9999 21.56910 21.82450 21.89560 23.49510 23.98480
16.14170 16.23140 16.30100 16.36270 16.28530 16.46470 17.69900 17.91670 17.95390 19.30290 19.68530 21.32110 21.93280 23.44900 24.75930 24.30250 25.46570 25.35390 25.00000 24.78280 25.76230 25.86180 24.58430 24.64070 24.76230 24.82400 24.84950 24.79900 25.02840 24.74360 24.59750 24.25390 24.57450 24.05340 23.80590 22.84560 22.49750 22.66130 21.40540 21.23040 21.66860 21.57940 21.73280 21.60880 21.63330 21.63140 21.60100 20.24070 20.44070 20.56720 20.67500 20.76910 19.23870 18.10930 18.51960 18.19020 17.12700 17.03530 17.07840 16.90740 18.47600 18.37990 19.86860 21.48920 21.64220 23.20780 23.54660 25.50200 25.22500 25.67300 25.84510
15.61230 14.60250 17.01960 15.85290 15.77060 15.79220 15.98430 15.84170 17.07840 18.59560 18.80640 19.76180 20.91470 22.53970 23.64360 23.71960 23.56620 24.55780 24.48140 23.94220 23.87600 23.77990 23.98730 23.58140 23.44800 23.30930 23.30740 24.31810 25.42790 25.29900 25.19020 24.98090 23.66230 23.76130 22.48480 22.80980 22.90200 21.70830 21.67990 21.93870 21.93380 22.24900 22.39170 20.83190 21.08190 21.21810 21.21570 21.35930 21.05340 21.19950 19.91370 21.30830 20.08240 20.31620 19.23040 19.15690 17.84510 17.98040 18.01760 18.16910 17.99850 17.96370 19.32060 22.61420 24.10100 24.25440 24.57650 23.78970 23.92990 24.49510 24.88820
15.00930 15.07940 15.23090 16.52210 16.67500 16.70440 16.69950 15.64610 16.58630 16.87550 16.84070 18.42450 20.01420 20.31230 21.81030 21.65200 22.78770 22.50780 22.44410 21.00640 22.01760 22.13530 22.10490 23.43330 23.64950 23.04220 22.87110 24.28530 25.00440 24.68140 24.67750 25.73190 24.31470 24.50200 23.51720 23.52400 22.22210 22.10440 22.25780 21.01470 21.04750 21.21180 21.11520 19.97300 21.28240 21.54750 21.66760 21.65780 21.59510 21.76670 20.43820 20.67400 20.68190 20.81180 19.60880 20.13630 20.07890 18.88430 19.05290 18.81420 19.10690 18.94510 18.96270 22.00980 23.44260 25.18330 25.37790 25.22400 25.61910 25.86620 25.88530
15.98190 16.04360 16.19800 15.06080 16.22250 17.38820 16.10340 14.91670 14.83040 15.98680 15.31180 15.46910 16.90200 18.38870 20.03430 21.46270 21.33330 22.37350 22.11470 20.85540 20.78970 21.71810 21.96620 23.03870 23.28580 22.03240 23.40880 23.33530 23.11370 23.71470 24.77350 24.77300 23.81370 23.55000 23.69070 22.44020 22.34310 20.98040 21.10830 21.08680 21.17250 21.17840 21.11720 21.26760 20.25690 20.34750 20.30290 20.50150 21.76180 20.61030 21.00390 21.15390 21.19750 20.59460 19.46570 19.53090 19.58680 18.44360 19.63630 19.92700 19.69460 19.84460 20.95540 22.50340 22.43730 26.09560 25.92550 26.06130 27.83680 27.87790 28.40690
16.67010 16.60780 15.54510 15.71270 14.52300 15.71370 15.78090 15.72400 15.98970 14.87890 14.77160 13.88090 13.91960 14.20050 16.78920 18.25930 19.35440 20.61130 20.98920 22.12210 22.08330 22.03140 21.77060 22.75880 22.62010 22.52160 23.70290 23.73140 23.70740 23.47500 24.56080 24.33970 23.65250 23.48190 23.51180 22.25590 21.76810 21.91030 21.80290 21.81670 21.76370 20.54660 21.64220 21.56320 20.59750 20.85540 20.97450 20.80150 20.92300 21.96470 22.37400 22.34410 21.02550 21.15880 21.47940 21.38480 20.11860 20.40540 20.60250 20.82500 20.67990 22.23040 23.51470 24.76520 26.34510 26.06960 26.36470 28.23330 28.47940 29.00640 30.92940
16.68330 16.80100 16.73380 15.61910 15.62250 15.65390 14.70440 14.67940 14.59410 14.58970 14.68430 14.93770 15.11570 15.30340 15.61960 15.73530 15.94460 17.14610 18.28920 19.56810 20.58530 21.68430 21.60830 22.99360 23.02250 24.35150 24.36130 24.40340 24.22500 23.98140 24.85540 23.36960 21.74660 21.82400 22.20490 21.90490 21.93970 21.85000 21.90340 21.70930 21.69020 21.76180 22.76810 21.55050 21.67300 21.98380 21.92300 21.69460 21.57350 21.41180 21.17790 21.50540 21.44360 21.48380 21.74360 21.68680 20.84460 22.48240 22.37990 22.74560 22.83040 24.40000 26.18630 28.02890 28.14800 28.32060 28.29170 28.84460 29.58090 31.20880 31.79120
19.27600 18.11720 18.12350 18.24260 17.06960 15.95000 15.94610 15.88730 14.71720 14.65540 14.65540 14.91810 15.06520 16.41320 16.62550 17.00440 16.97060 17.46960 17.14170 17.34310 18.42500 19.73380 20.72160 23.45150 24.66720 24.81810 24.86910 24.47160 24.48970 23.99560 23.66030 23.77350 22.14070 22.98630 21.49710 22.72650 22.68190 22.56470 23.02550 22.75200 23.69310 23.75290 23.81230 22.80690 21.39510 21.26860 21.21320 21.00740 21.75590 21.77110 21.52840 21.21910 21.24120 20.45340 21.62790 22.30640 22.31230 22.73040 24.25250 24.61910 26.38970 28.42250 29.76670 29.79660 30.23680 31.75390 32.35540 32.51130 32.10640 32.66270 33.72450
20.67990 20.62600 20.43920 20.48530 19.33240 18.14560 17.04560 15.95340 15.66720 14.20050 15.54410 14.61810 15.05440 15.35540 15.36370 15.69610 15.85740 19.85540 17.43190 16.17060 17.25490 18.50540 19.72400 23.02250 24.35100 25.68820 25.71180 25.64070 24.16180 24.13190 23.91570 23.67400 23.48040 22.96080 23.86320 23.61180 23.73970 23.54850 23.54360 23.68680 23.58820 24.81320 24.72840 23.06760 23.24510 22.91720 22.78240 22.49020 22.16420 22.18090 22.08680 22.80640 22.96470 23.30540 22.68730 22.61320 24.17840 24.97940 26.35100 26.76230 29.91230 30.51080 31.67550 32.01520 34.45590 34.63770 35.11180 34.57110 33.97160 35.15740 36.36080
23.04020 22.86270 22.86720 21.70490 20.65100 20.44660 19.03240 17.58380 16.15930 14.84750 14.96570 15.37500 15.71760 16.09710 16.26470 16.66810 17.15740 17.50050 18.85100 18.94170 18.76760 19.54170 20.64410 21.57650 23.74410 25.09950 25.13820 26.30050 25.13190 25.06180 25.00200 24.66370 25.90740 24.31960 25.24360 24.78480 24.63920 25.63280 25.41570 25.13380 25.53480 25.57940 25.45290 23.86860 24.86270 24.69360 23.51080 23.21180 23.94260 23.97890 23.72060 23.52940 24.60150 23.78580 24.10340 25.55930 26.09220 26.69850 27.13380 29.00390 30.83920 32.43430 33.78140 36.77890 37.71810 37.67650 37.22110 36.76670 36.38870 36.21570 37.63680
25.59220 25.60050 24.34220 24.04220 22.73770 21.91230 20.73480 19.24410 17.83280 16.34610 15.33970 15.72890 16.22890 17.81810 18.17250 18.69510 18.09020 18.43680 18.97400 19.10830 18.89850 21.06910 23.26180 22.69120 23.56570 24.33530 25.74170 25.78630 25.85490 25.81270 25.91760 25.49850 26.95390 26.59170 26.19260 24.92600 25.59020 25.49360 26.38920 26.12840 26.38330 27.53580 27.20690 25.95980 25.82250 25.83970 25.49610 25.27500 26.25540 25.61520 25.40830 26.12400 26.01080 26.01030 26.50690 27.19750 27.95000 28.80000 30.51230 31.12350 33.00640 34.46130 36.04900 37.74610 38.83530 39.33970 40.01420 39.39410 37.64360 39.40100 40.82940
27.21960 26.61960 25.29560 24.58730 24.14170 22.38870 21.03770 20.52940 19.30440 16.81910 16.97700 17.45640 16.73190 18.41420 20.06180 20.58530 19.94120 20.75340 19.75200 20.38920 21.52500 22.43280 23.34660 24.04560 25.06180 25.69460 25.59220 26.90740 26.65490 26.76520 27.78190 27.64560 27.63870 26.32400 26.35780 26.93680 26.81180 26.69610 28.25440 29.53970 29.52010 29.43430 29.28430 29.15390 27.91270 27.72700 27.79260 27.62550 28.19460 28.09120 27.78090 28.44510 28.43280 28.60290 28.31420 28.72890 30.57750 31.31270 33.05340 35.28870 36.66230 38.08770 38.64560 40.00440 41.25100 42.24360 41.81810 41.16520 41.94310 41.66030 42.61860
30.38090 29.76760 26.80540 26.15340 24.74020 24.29310 23.11960 22.60390 21.42250 19.79120 18.94410 19.57750 19.74070 20.34170 20.87400 21.31420 21.99460 22.57010 23.19510 23.53630 23.67450 25.04510 25.85930 27.34170 27.63770 26.92450 26.28040 27.19610 28.64850 28.66270 28.84220 28.80830 29.04560 27.62840 27.51860 28.70200 28.54850 30.02940 30.35390 31.46470 32.76320 32.39020 32.50780 32.47600 31.30740 31.33970 31.08630 31.20780 31.01030 31.90880 31.88680 31.91230 32.30740 32.81370 33.52990 34.03040 34.74120 35.17650 36.82110 38.44020 39.61670 41.25000 41.48090 42.87890 42.92110 43.05980 41.87010 44.81130 44.46570 46.31720 47.17010
31.32550 30.61270 30.09360 28.61760 27.06620 25.57550 24.98140 24.69900 23.23970 23.02790 22.00440 22.48330 22.82110 23.32300 23.97110 24.54310 25.17350 25.86520 26.70290 27.17600 28.53920 28.66320 29.76720 31.39710 32.17840 32.24900 30.23870 30.82400 33.01320 31.82750 31.76810 32.01520 32.10340 31.00390 29.65830 29.44120 31.96760 32.43630 33.37110 34.63630 36.50830 37.25980 37.18280 35.90340 35.82500 36.06370 36.16720 37.21030 37.50440 37.37790 37.49850 37.94120 38.50200 38.06860 37.65640 38.74310 39.31910 40.77060 41.68380 41.84750 43.27450 44.38430 44.40590 44.34170 44.44660 44.62990 44.86230 47.98240 48.65440 50.81370 51.96230
34.73870 32.40050 32.18770 31.71270 30.11420 28.50290 27.16180 27.02650 26.51420 25.32400 25.14120 25.55540 25.89950 26.47500 27.02010 27.34410 28.03040 28.51720 28.78730 31.75930 32.01620 32.60200 33.37160 35.48280 36.22790 35.67940 33.93480 33.09750 34.20250 33.80100 36.20740 35.73530 35.64070 34.76520 34.56270 34.27110 35.36180 37.30980 38.23820 40.25100 42.58970 42.68730 43.12060 42.14260 40.91860 40.06320 40.94800 41.11420 41.12750 41.43730 -9999 -9999 43.06320 42.91520 43.80690 43.15290 42.58430 43.60100 44.81570 45.91670 45.92010 47.94950 47.88920 47.87650 48.01570 48.33190 48.60640 48.65340 51.63770 53.22400 55.75100
34.02840 34.41720 34.15100 33.88240 33.56720 33.09610 31.77840 31.11960 29.60740 29.37600 28.33090 28.78970 29.15250 29.32840 29.72250 31.43040 30.47890 32.40250 34.29510 35.13190 37.86080 39.70780 41.24950 41.45150 38.63040 39.46760 38.02300 37.44660 36.84800 38.59750 39.73680 41.41670 41.04850 41.21810 41.32160 40.95980 42.05540 43.82010 46.64750 -9999 -9999 -9999 -9999 49.18970 -9999 44.79460 45.05150 45.69020 45.91420 46.38090 -9999 -9999 45.74020 46.22060 47.08820 45.77600 46.05690 46.56910 47.96180 48.07700 49.63730 50.20830 50.65690 52.31760 52.59020 52.72350 52.90250 53.11760 54.10880 57.60050 59.52060
35.33580 36.31180 36.97750 36.01860 36.74020 36.46910 35.06420 35.29220 35.05980 34.49610 33.23630 33.71030 33.37400 33.95590 34.40590 35.46130 35.50740 36.87650 38.44220 39.37250 41.69310 44.79800 46.60150 46.89950 46.29510 46.37010 43.62840 41.73820 41.48240 43.89900 45.49510 48.02010 47.73330 48.80340 48.33730 49.13240 50.46620 -9999 -9999 -9999 -9999 -9999 -9999 -9999 54.19850 52.98190 52.79850 -9999 -9999 -9999 -9999 -9999 50.17210 49.13870 48.69560 48.58330 48.98330 50.16130 50.83190 51.38920 53.44220 55.64020 56.29610 56.82300 58.57790 58.52350 58.55880 57.03770 58.33280 63.37210 -9999
