data/hydroclimate-scenarios/1948-2000.Pcorr55N_Pref_Tref/monthly_summaries/precip_monthly_tot_dec.1950-2000.asc
ncols	311
nrows	91
xllcenter	102.75
yllcenter	31.75
cellsize	0.5
NODATA_value	-9999
[rows 0 to 31 of 91, columns 0 to 71 of 311]
-9999 -9999 -9999 -9999 -9999 -9999 -9999 -9999 -9999 -9999 -9999 -9999 -9999 -9999 -9999 -9999 -9999 -9999 -9999 -9999 -9999 -9999 -9999 -9999 -9999 -9999 -9999 -9999 -9999 -9999 -9999 -9999 -9999 -9999 -9999 -9999 -9999 -9999 -9999 -9999 -9999 -9999 -9999 -9999 -9999 -9999 -9999 -9999 -9999 -9999 -9999 -9999 -9999 -9999 -9999 -9999 -9999 -9999 -9999 -9999 -9999 -9999 -9999 -9999 -9999 -9999 -9999 -9999 -9999 -9999 -9999 -9999
-9999 -9999 -9999 -9999 -9999 -9999 -9999 -9999 -9999 -9999 -9999 -9999 -9999 -9999 -9999 -9999 -9999 -9999 -9999 -9999 -9999 -9999 -9999 -9999 -9999 -9999 -9999 -9999 -9999 -9999 -9999 -9999 -9999 -9999 -9999 -9999 -9999 -9999 -9999 -9999 -9999 -9999 -9999 -9999 -9999 -9999 -9999 -9999 -9999 -9999 -9999 -9999 -9999 -9999 -9999 -9999 -9999 -9999 -9999 -9999 -9999 -9999 -9999 -9999 -9999 -9999 -9999 -9999 -9999 -9999 -9999 -9999
-9999 -9999 -9999 -9999 -9999 -9999 -9999 -9999 -9999 -9999 -9999 -9999 -9999 -9999 -9999 -9999 -9999 -9999 -9999 -9999 -9999 -9999 -9999 -9999 -9999 -9999 -9999 -9999 -9999 -9999 -9999 -9999 -9999 -9999 -9999 -9999 -9999 -9999 -9999 -9999 -9999 -9999 -9999 -9999 -9999 -9999 -9999 -9999 -9999 -9999 -9999 -9999 -9999 -9999 -9999 -9999 -9999 -9999 -9999 -9999 -9999 -9999 -9999 -9999 -9999 -9999 -9999 -9999 -9999 -9999 -9999 -9999
-9999 -9999 -9999 -9999 -9999 -9999 -9999 -9999 -9999 -9999 -9999 -9999 -9999 -9999 -9999 -9999 -9999 -9999 -9999 -9999 -9999 -9999 -9999 -9999 -9999 -9999 -9999 -9999 -9999 -9999 -9999 -9999 -9999 -9999 -9999 -9999 -9999 -9999 -9999 -9999 -9999 -9999 -9999 -9999 -9999 -9999 -9999 -9999 -9999 -9999 -9999 -9999 -9999 -9999 -9999 -9999 -9999 -9999 -9999 -9999 -9999 -9999 -9999 -9999 -9999 -9999 -9999 -9999 -9999 -9999 -9999 -9999
-9999 -9999 -9999 -9999 -9999 -9999 -9999 -9999 -9999 -9999 -9999 -9999 -9999 -9999 -9999 -9999 -9999 -9999 -9999 -9999 -9999 -9999 -9999 -9999 -9999 -9999 -9999 -9999 -9999 -9999 -9999 -9999 -9999 -9999 -9999 -9999 -9999 -9999 -9999 -9999 -9999 -9999 -9999 -9999 -9999 -9999 -9999 -9999 -9999 -9999 -9999 -9999 -9999 -9999 -9999 -9999 -9999 -9999 -9999 -9999 -9999 -9999 -9999 -9999 -9999 -9999 -9999 -9999 -9999 -9999 -9999 -9999
-9999 -9999 -9999 -9999 -9999 -9999 -9999 -9999 -9999 -9999 -9999 -9999 -9999 -9999 -9999 -9999 -9999 -9999 -9999 -9999 -9999 -9999 -9999 -9999 -9999 -9999 -9999 -9999 -9999 -9999 -9999 -9999 -9999 -9999 -9999 -9999 -9999 -9999 -9999 -9999 -9999 -9999 -9999 -9999 -9999 -9999 -9999 -9999 -9999 -9999 -9999 -9999 -9999 -9999 -9999 -9999 -9999 -9999 -9999 -9999 -9999 -9999 -9999 -9999 -9999 -9999 -9999 -9999 -9999 -9999 -9999 -9999
-9999 -9999 -9999 -9999 -9999 -9999 -9999 -9999 -9999 -9999 -9999 -9999 -9999 -9999 -9999 -9999 -9999 -9999 -9999 -9999 -9999 -9999 -9999 -9999 -9999 -9999 -9999 -9999 -9999 -9999 -9999 -9999 -9999 -9999 -9999 -9999 -9999 -9999 -9999 -9999 -9999 -9999 -9999 -9999 -9999 -9999 -9999 -9999 -9999 -9999 -9999 -9999 -9999 -9999 -9999 -9999 -9999 -9999 -9999 -9999 -9999 -9999 -9999 -9999 -9999 -9999 -9999 -9999 -9999 -9999 -9999 -9999
-9999 -9999 -9999 -9999 -9999 -9999 -9999 -9999 -9999 -9999 -9999 -9999 -9999 -9999 -9999 -9999 -9999 -9999 -9999 -9999 -9999 -9999 -9999 -9999 -9999 -9999 -9999 -9999 -9999 -9999 -9999 -9999 -9999 -9999 -9999 -9999 -9999 -9999 -9999 -9999 -9999 -9999 23.27650 23.38430 23.39950 25.36910 25.34710 25.54710 25.23040 27.52350 28.16620 27.62550 -9999 -9999 -9999 -9999 -9999 -9999 -9999 -9999 -9999 -9999 -9999 -9999 -9999 -9999 -9999 -9999 -9999 -9999 -9999 -9999
-9999 -9999 -9999 -9999 -9999 -9999 -9999 -9999 -9999 -9999 -9999 -9999 -9999 -9999 -9999 -9999 -9999 -9999 -9999 -9999 -9999 -9999 -9999 -9999 -9999 -9999 -9999 -9999 -9999 -9999 -9999 -9999 -9999 -9999 -9999 -9999 -9999 -9999 21.50290 21.82890 21.80930 23.36520 23.13770 23.37940 25.11760 25.48090 26.86760 27.16570 27.29220 27.67700 27.63480 28.30830 28.10740 22.90250 -9999 -9999 -9999 -9999 -9999 -9999 -9999 -9999 -9999 -9999 -9999 -9999 -9999 -9999 -9999 -9999 -9999 -9999
-9999 -9999 -9999 -9999 -9999 -9999 -9999 -9999 -9999 -9999 -9999 -9999 -9999 -9999 -9999 -9999 -9999 -9999 -9999 -9999 -9999 -9999 -9999 -9999 -9999 -9999 -9999 -9999 -9999 -9999 -9999 -9999 -9999 -9999 -9999 -9999 -9999 -9999 -9999 -9999 22.49510 22.78820 22.74560 23.01760 24.71910 24.97160 27.11320 27.12990 27.68870 29.95490 30.43380 30.72990 31.08680 25.52650 -9999 -9999 -9999 -9999 -9999 -9999 -9999 -9999 -9999 -9999 -9999 -9999 -9999 -9999 -9999 -9999 -9999 -9999
-9999 -9999 -9999 -9999 -9999 -9999 -9999 -9999 -9999 -9999 -9999 -9999 -9999 -9999 -9999 -9999 -9999 -9999 -9999 -9999 -9999 -9999 -9999 -9999 -9999 -9999 -9999 -9999 -9999 -9999 -9999 -9999 -9999 -9999 -9999 -9999 -9999 -9999 -9999 -9999 -9999 -9999 -9999 -9999 24.08330 24.24950 24.67890 26.86270 27.33380 30.08090 31.49560 32.62350 33.59900 27.48040 -9999 -9999 -9999 -9999 -9999 -9999 20.27110 -9999 -9999 -9999 -9999 -9999 -9999 -9999 -9999 -9999 -9999 -9999
-9999 -9999 -9999 -9999 -9999 -9999 -9999 -9999 -9999 -9999 -9999 -9999 -9999 -9999 -9999 -9999 -9999 -9999 -9999 -9999 -9999 -9999 -9999 -9999 -9999 -9999 -9999 -9999 -9999 -9999 -9999 -9999 -9999 -9999 -9999 -9999 -9999 -9999 -9999 -9999 -9999 21.53330 21.60290 21.47350 22.79460 22.83820 23.99220 24.44850 26.18090 26.93040 27.55250 29.30640 30.35780 30.83380 -9999 -9999 -9999 -9999 -9999 21.00980 19.30340 18.84020 17.21760 16.89510 15.41230 15.42010 13.81620 14.08090 12.25640 12.45930 12.43430 12.43380
-9999 -9999 -9999 -9999 -9999 -9999 -9999 -9999 -9999 -9999 -9999 -9999 -9999 -9999 -9999 -9999 -9999 -9999 -9999 -9999 -9999 -9999 -9999 -9999 -9999 -9999 -9999 -9999 -9999 -9999 -9999 -9999 -9999 -9999 -9999 -9999 -9999 -9999 -9999 -9999 -9999 20.76860 20.78240 20.69460 21.69260 22.79220 22.22450 21.93240 23.02600 23.78380 22.60100 21.92210 23.04850 22.45290 22.89310 22.01030 22.01910 -9999 20.00740 19.97110 18.41420 16.60690 16.39310 14.73040 14.92500 13.55930 13.54900 13.69220 12.23330 12.17550 12.22350 12.27400
-9999 -9999 -9999 -9999 -9999 -9999 -9999 -9999 -9999 -9999 -9999 -9999 -9999 -9999 -9999 -9999 -9999 -9999 -9999 -9999 -9999 -9999 -9999 -9999 -9999 -9999 -9999 -9999 -9999 -9999 -9999 -9999 -9999 -9999 -9999 18.49070 18.31760 18.91470 18.98190 20.65540 20.46810 20.23630 21.74560 21.42650 21.58240 22.54460 22.33630 23.16420 23.14750 23.03920 21.79510 20.76570 19.56960 19.96080 20.29020 19.12110 19.31080 18.72550 18.78330 17.38380 17.36620 15.88380 15.88530 12.81130 12.94560 13.11960 13.24260 11.80880 11.95150 11.82790 11.69560 11.82060
-9999 -9999 -9999 -9999 -9999 -9999 -9999 -9999 -9999 -9999 -9999 -9999 -9999 -9999 -9999 -9999 -9999 -9999 -9999 -9999 -9999 -9999 -9999 -9999 -9999 -9999 -9999 -9999 -9999 -9999 -9999 -9999 -9999 -9999 17.82500 18.49510 18.38480 18.20830 18.65050 20.60000 20.80050 20.64170 21.90780 21.71470 21.55640 22.88190 22.92700 22.70830 22.60340 20.61420 20.46470 19.99900 18.53090 17.05340 17.21960 17.19750 17.72700 16.40880 17.63330 16.30690 14.94800 13.70880 13.50490 12.12600 12.15290 12.46620 12.61520 11.26960 9.88578 9.87647 8.54755 8.67794
-9999 -9999 -9999 -9999 -9999 -9999 -9999 -9999 -9999 -9999 -9999 -9999 -9999 -9999 -9999 -9999 -9999 -9999 -9999 -9999 -9999 -9999 -9999 -9999 -9999 -9999 -9999 -9999 -9999 -9999 -9999 -9999 -9999 16.69170 18.19260 18.42300 18.52600 18.57550 18.50690 20.14120 20.80930 20.70880 21.71470 21.87160 21.64750 21.65880 21.60880 21.74510 20.41270 19.35100 17.66760 16.15640 13.25740 14.29310 15.47350 15.17060 14.09410 15.17500 15.11810 13.84170 12.68190 12.51910 12.56960 12.50640 11.38480 11.58530 10.45490 9.06814 9.27402 9.45539 8.10980 8.08922
-9999 -9999 -9999 -9999 -9999 -9999 -9999 -9999 -9999 -9999 -9999 -9999 -9999 -9999 -9999 -9999 -9999 -9999 -9999 -9999 -9999 -9999 -9999 -9999 -9999 -9999 -9999 -9999 -9999 -9999 -9999 18.08330 18.34750 18.30000 18.58330 18.54510 18.74170 18.79220 20.27060 20.33820 20.39750 20.32840 21.70290 21.56570 21.69710 21.86960 21.91570 20.77450 19.08920 17.58920 15.91180 14.07650 11.22110 12.50050 13.49750 13.27750 14.06670 12.75490 11.49120 11.49900 11.55290 11.59800 11.44220 11.53280 10.54070 9.57010 9.85294 9.72745 9.83382 7.48431 7.47010 6.21373
-9999 -9999 -9999 -9999 -9999 -9999 -9999 -9999 -9999 -9999 -9999 -9999 -9999 -9999 -9999 -9999 -9999 -9999 -9999 -9999 -9999 -9999 -9999 -9999 -9999 -9999 -9999 -9999 -9999 16.91080 17.14460 18.14950 18.41860 18.69510 18.66720 18.76810 18.86130 20.37550 20.38630 20.50440 20.61130 20.45640 20.18430 21.82010 21.38580 19.80740 19.84950 19.28820 17.58280 16.07750 14.25740 12.88190 11.11960 12.14120 10.49850 11.33280 12.26470 10.96420 10.91230 11.77940 10.74510 10.57550 9.50784 9.62402 9.85833 8.89167 7.90539 8.12451 7.03676 7.12402 7.13480 5.94559
-9999 -9999 -9999 -9999 -9999 -9999 -9999 -9999 -9999 -9999 -9999 -9999 -9999 -9999 -9999 -9999 -9999 -9999 -9999 -9999 -9999 -9999 -9999 -9999 15.43870 15.27600 16.57500 16.62500 16.67700 16.77750 17.20930 17.43040 17.67300 17.91370 18.17210 18.37500 18.57550 18.88870 18.92550 20.63140 20.69020 20.52350 20.63530 20.36910 20.37110 19.88430 19.62110 17.91470 16.21320 14.69660 14.36030 11.43680 11.08090 11.93380 11.56230 11.31670 10.98920 10.60050 10.36720 10.34020 10.25250 10.27400 9.12206 9.24657 9.31961 8.60441 8.75882 8.86961 8.94608 8.01716 5.85000 4.60490
-9999 -9999 -9999 -9999 -9999 -9999 17.86080 17.88480 19.16760 19.15440 19.56670 -9999 -9999 -9999 -9999 -9999 -9999 -9999 -9999 -9999 -9999 16.34460 14.93530 14.84660 14.67890 14.72010 14.77210 16.21960 16.28040 16.72790 17.03680 17.20590 17.66320 17.87160 18.18680 18.35000 18.76320 20.50150 20.59360 20.77500 20.90250 20.80880 21.03330 20.81720 20.76760 20.44460 20.17160 18.43240 16.69410 15.15200 13.34070 11.53380 10.07450 10.97990 11.89850 11.40880 11.17060 10.77110 10.28680 10.29220 10.17060 9.00000 9.09608 8.09363 8.43971 9.62451 9.80049 8.77059 8.95196 8.59363 7.74510 5.53137
-9999 -9999 -9999 -9999 -9999 18.71030 17.70490 17.60340 18.87400 18.98330 19.26080 18.03040 17.84850 17.76130 -9999 -9999 -9999 17.41130 17.11030 17.24120 15.80930 15.78280 14.40390 14.33240 14.32750 14.49710 15.63580 15.60930 16.08140 16.32750 17.87010 18.13820 18.79070 18.95980 19.36960 19.66420 20.05250 20.56030 20.77210 21.05640 21.23580 21.22160 21.13480 21.16620 21.14950 20.80100 19.08680 17.23530 15.51420 13.88530 13.73970 11.79310 11.60830 11.31230 10.84170 10.61520 10.30050 9.86275 10.69310 9.38529 9.27990 9.25098 8.27255 8.36765 8.34510 6.45147 7.73186 7.74559 7.41716 7.68088 6.57941 5.35098
-9999 18.77890 19.50780 19.38970 18.71810 18.72890 18.98480 18.73140 18.74800 18.61760 18.70440 18.28870 17.92750 18.08870 17.96230 18.91960 18.87300 17.31320 17.18630 17.03090 16.74120 15.63430 15.42350 15.18530 15.39260 15.06760 15.30640 15.54560 15.81860 17.43680 17.28040 17.67400 18.06910 18.62160 18.96570 19.36370 19.56520 19.93580 20.39360 21.14170 21.05640 21.17400 21.29020 21.03870 20.80440 20.85980 19.28580 17.64310 17.11810 15.60740 13.63580 11.73770 11.58580 10.08730 9.92255 9.53873 9.34412 10.08140 9.91029 9.90490 9.73088 8.72794 7.50441 8.75588 7.74412 7.73235 7.75343 6.48725 7.44755 6.46667 5.24608 4.25049
-9999 20.07400 19.97750 19.83920 19.99900 19.29310 19.89560 18.78530 18.80540 18.55000 19.75100 19.51910 19.57300 19.32550 19.17840 19.01030 17.70830 17.62750 17.26810 17.24710 17.33870 16.91860 15.72060 16.83430 16.73730 16.61230 16.71420 16.77110 16.96720 17.01670 17.31910 17.64410 17.81860 19.72350 18.56420 18.89020 19.29120 19.41620 20.49120 20.59750 20.46910 20.75690 20.73240 20.75290 20.90150 20.36320 20.12160 18.54410 17.04220 15.34610 13.89460 12.14070 10.58430 8.96618 7.61373 8.77745 8.27794 9.44804 9.21716 9.12990 9.06765 7.89167 7.87108 7.96176 7.89951 7.85294 6.80637 6.50539 6.46127 6.45784 6.40245 5.27696
-9999 -9999 -9999 19.65640 19.63870 20.09410 20.12940 19.33770 19.07160 20.04120 20.01370 19.86620 19.96230 20.01570 18.69410 18.50640 19.11720 19.21230 19.13870 19.05100 18.93770 17.57650 17.47600 17.27450 17.24800 16.97750 18.00930 18.13680 18.38730 18.39020 18.75740 18.97010 18.94310 19.53730 19.73920 19.79660 20.07500 20.88920 19.56520 21.23140 19.88580 21.23380 21.20200 21.47210 21.60000 19.93680 20.11080 18.66910 17.04710 17.34460 14.23280 12.47350 10.72750 9.33284 9.09363 7.61225 8.61225 8.47892 8.35735 8.43578 9.44216 8.09951 8.17304 6.97059 7.92206 7.97206 7.94608 6.80294 6.63088 5.47745 5.42794 5.49118
-9999 -9999 -9999 -9999 -9999 -9999 20.10490 20.32450 20.27650 20.25490 20.28240 20.18140 20.18630 20.02790 20.00930 20.15690 20.36860 20.30490 20.32400 20.89950 20.97940 19.51810 19.38090 19.10050 18.93920 18.73920 18.49710 19.58630 19.46230 19.54120 18.56960 18.66810 18.71270 19.34800 19.51720 19.93870 19.92250 20.19070 19.97700 20.17840 20.30050 20.29510 20.56180 20.73920 21.06760 21.24560 20.33920 18.78280 19.15100 17.44070 14.65150 12.83330 11.10930 10.77790 9.20980 7.43137 7.68971 7.46961 7.44314 7.37598 7.43284 7.25588 6.90833 5.73333 7.05931 6.90539 8.13039 6.90245 5.77500 5.62794 5.69657 5.61569
-9999 -9999 -9999 -9999 -9999 -9999 21.36720 21.30780 21.52550 21.64510 21.71470 21.92890 22.17840 21.73480 21.80200 22.13630 20.72890 20.97890 21.17450 20.90980 21.72300 21.49560 21.46080 21.30200 20.77160 20.59750 19.98480 19.97890 19.85930 20.05880 20.18730 20.31030 20.23680 20.24170 20.81720 20.68090 20.82500 19.14070 19.26760 19.18730 19.61420 19.62500 20.19950 20.26180 20.74310 21.42010 21.86180 20.55000 21.31420 20.00540 18.10440 16.11030 14.03140 11.97990 10.29710 10.03040 9.77941 8.74510 8.71373 8.53382 6.14853 5.99167 6.08922 6.99951 5.74510 6.92941 6.96618 6.96716 6.91225 6.88088 5.63137 5.64314
-9999 -9999 -9999 -9999 -9999 -9999 -9999 -9999 -9999 -9999 21.74260 21.88090 22.01720 23.53870 22.37400 22.82010 23.52650 23.43870 23.37940 23.50780 24.11620 23.82650 24.00440 23.20390 22.69070 22.54020 22.30390 22.37500 21.54170 21.51620 20.66860 20.66180 20.71910 20.64070 20.32750 20.68680 20.50150 20.17940 19.92300 20.09560 19.14410 19.12840 19.40490 19.69410 20.06320 20.47550 21.24510 21.97450 21.17600 21.54750 21.24070 18.45000 15.68380 14.85540 13.38330 13.29710 13.27250 12.03820 12.15540 10.47650 10.58970 9.22598 9.35343 8.07304 7.98529 8.00049 8.07157 7.95686 8.06422 7.89363 6.77010 5.54804
-9999 -9999 -9999 -9999 -9999 -9999 -9999 -9999 -9999 -9999 22.88140 23.17400 22.93680 23.45200 24.24850 25.09850 25.63330 26.31960 26.52350 26.27450 25.83140 26.27500 25.48730 25.86230 25.05930 24.67750 24.21910 23.80100 23.48630 21.87350 22.00780 22.15250 22.15440 22.05930 21.83580 21.97160 20.45490 20.49510 20.35000 20.33330 20.46030 20.69710 19.53090 19.61180 19.98240 19.96860 20.27600 20.57400 19.27890 19.43970 18.87300 16.88280 16.13970 14.72450 14.40780 14.42110 13.17650 13.01080 12.69410 12.59310 11.54560 11.57840 11.44800 11.29900 11.18530 11.19610 10.33190 10.17110 10.07840 7.69118 7.62598 6.70882
-9999 -9999 -9999 -9999 -9999 -9999 -9999 -9999 -9999 -9999 -9999 -9999 24.08380 23.51620 24.37250 27.32160 29.23190 30.12890 29.84660 30.65200 29.85490 29.56270 29.43680 27.13730 26.59900 26.00440 25.31230 23.48330 22.88380 22.84510 23.07010 21.57010 21.91270 21.78970 21.79800 21.77500 21.75440 20.27210 20.22450 20.16570 20.02600 20.82400 20.75930 20.45690 19.61370 19.83580 19.81860 19.42700 18.10690 17.92650 17.62350 16.03380 15.75050 15.48430 13.87890 13.78330 13.85880 12.56810 12.50250 12.45640 12.41320 12.39710 12.20200 11.02060 11.02840 11.02110 11.02350 11.07060 11.13190 9.86814 7.61961 7.59167
-9999 -9999 -9999 -9999 -9999 -9999 -9999 -9999 -9999 -9999 -9999 -9999 21.91860 23.42500 25.19220 28.41960 30.31910 31.28630 31.09610 31.87700 30.93730 30.74560 30.56420 29.50930 27.85440 27.07500 25.28240 24.56080 22.67210 22.59850 22.39410 22.74660 21.43480 21.52500 21.67940 21.71180 21.61960 21.79360 21.60100 21.43970 21.28680 21.19070 20.48280 20.56230 20.54710 19.39460 18.92400 18.96520 18.64710 17.74900 16.95290 16.59310 15.96080 14.58530 14.40050 14.37700 13.38920 13.53530 13.39510 13.49510 12.07160 12.01470 12.30290 12.13380 12.09020 11.90390 12.01620 11.00100 11.05690 10.06860 8.75147 8.67941
-9999 -9999 -9999 -9999 -9999 -9999 -9999 -9999 -9999 -9999 -9999 23.21720 23.68330 24.33090 26.78730 26.45980 27.93680 29.55100 30.09900 31.61030 31.65000 31.94410 31.58680 29.35200 28.93090 27.06520 26.49950 24.25390 24.02210 22.57500 22.50880 22.54260 22.63920 22.37750 22.68730 22.74560 22.70740 21.79410 21.75290 21.55490 21.16180 21.05250 19.77300 19.65390 19.33190 19.85290 19.64560 19.53480 18.91960 17.77840 17.53970 17.41620 16.14410 15.97450 15.76470 14.41080 14.32890 14.58530 13.60590 13.42990 13.37300 13.32350 13.25590 13.06030 12.06080 11.86370 12.01810 11.00150 11.11670 9.96078 8.92206 8.71618
-9999 -9999 -9999 -9999 -9999 -9999 -9999 -9999 -9999 -9999 -9999 24.28920 24.47500 26.23330 27.30590 27.79410 29.25490 29.63530 32.68630 32.72750 32.61720 32.68920 32.19750 30.42700 30.08970 28.51230 26.55290 24.84900 24.64070 23.31670 22.97210 22.57600 22.76420 22.75930 22.62450 22.42840 22.79510 23.16960 21.53920 21.46420 21.38820 21.10100 20.89170 20.77500 19.56320 19.48190 19.39120 19.25340 19.06620 18.76620 18.71130 18.63190 17.61520 17.77160 16.23970 15.97160 15.88730 14.46230 14.51230 14.45640 14.45390 13.18240 13.10440 12.98920 12.88140 12.87700 12.85980 11.69220 10.79410 9.36471 9.57794 10.63140
