data/hydroclimate-scenarios/1948-2000.Pcorr55N_Pref_Tref/monthly_summaries/precip_monthly_tot_aug.1950-2000.asc
ncols	311
nrows	91
xllcenter	102.75
yllcenter	31.75
cellsize	0.5
NODATA_value	-9999
[rows 0 to 30 of 91, columns 71 to 141 of 311]
-9999 -9999 -9999 -9999 -9999 -9999 -9999 -9999 -9999 -9999 -9999 -9999 -9999 -9999 -9999 -9999 -9999 -9999 -9999 -9999 -9999 -9999 -9999 -9999 -9999 -9999 -9999 -9999 -9999 -9999 -9999 -9999 -9999 -9999 -9999 -9999 -9999 -9999 -9999 -9999 -9999 -9999 -9999 -9999 -9999 -9999 -9999 -9999 -9999 -9999 -9999 -9999 -9999 -9999 -9999 -9999 -9999 -9999 -9999 -9999 -9999 -9999 -9999 -9999 -9999 -9999 -9999 -9999 -9999 -9999 -9999
-9999 -9999 -9999 -9999 -9999 -9999 -9999 -9999 -9999 -9999 -9999 -9999 -9999 -9999 -9999 -9999 -9999 -9999 -9999 -9999 -9999 -9999 -9999 -9999 -9999 -9999 -9999 -9999 -9999 -9999 -9999 -9999 -9999 -9999 -9999 -9999 -9999 -9999 -9999 -9999 -9999 -9999 -9999 -9999 -9999 -9999 -9999 -9999 -9999 -9999 -9999 -9999 -9999 -9999 -9999 -9999 -9999 -9999 -9999 -9999 -9999 -9999 -9999 -9999 -9999 -9999 -9999 -9999 -9999 -9999 -9999
-9999 -9999 -9999 -9999 -9999 -9999 -9999 -9999 -9999 -9999 -9999 -9999 -9999 -9999 -9999 -9999 -9999 -9999 -9999 -9999 -9999 -9999 -9999 -9999 -9999 -9999 -9999 -9999 -9999 -9999 -9999 -9999 -9999 -9999 -9999 -9999 -9999 -9999 -9999 -9999 -9999 -9999 -9999 -9999 -9999 -9999 -9999 -9999 -9999 -9999 -9999 -9999 -9999 -9999 -9999 -9999 -9999 -9999 -9999 -9999 -9999 -9999 -9999 -9999 -9999 -9999 -9999 -9999 -9999 -9999 -9999
-9999 -9999 -9999 -9999 -9999 -9999 -9999 -9999 -9999 -9999 -9999 -9999 -9999 -9999 -9999 -9999 -9999 -9999 -9999 -9999 -9999 -9999 -9999 -9999 -9999 -9999 -9999 -9999 -9999 -9999 -9999 -9999 -9999 -9999 -9999 -9999 -9999 -9999 -9999 -9999 -9999 -9999 -9999 -9999 -9999 -9999 -9999 -9999 -9999 -9999 -9999 -9999 -9999 -9999 -9999 -9999 -9999 -9999 -9999 -9999 -9999 -9999 -9999 -9999 -9999 -9999 -9999 -9999 -9999 -9999 -9999
-9999 -9999 -9999 -9999 -9999 -9999 -9999 -9999 -9999 -9999 -9999 -9999 -9999 -9999 -9999 -9999 -9999 -9999 -9999 -9999 -9999 -9999 -9999 -9999 -9999 -9999 -9999 -9999 -9999 -9999 -9999 -9999 -9999 -9999 -9999 -9999 -9999 -9999 -9999 -9999 -9999 -9999 -9999 -9999 -9999 -9999 -9999 -9999 -9999 -9999 -9999 -9999 -9999 -9999 -9999 -9999 -9999 -9999 -9999 -9999 -9999 -9999 -9999 -9999 -9999 -9999 -9999 -9999 -9999 -9999 -9999
-9999 -9999 -9999 -9999 -9999 -9999 -9999 -9999 -9999 -9999 -9999 -9999 -9999 -9999 -9999 -9999 -9999 -9999 -9999 -9999 -9999 -9999 -9999 -9999 -9999 -9999 -9999 -9999 -9999 -9999 -9999 -9999 -9999 -9999 -9999 -9999 -9999 -9999 -9999 -9999 -9999 -9999 -9999 -9999 -9999 -9999 -9999 -9999 -9999 -9999 -9999 -9999 -9999 -9999 -9999 -9999 -9999 -9999 -9999 -9999 -9999 -9999 -9999 -9999 -9999 -9999 -9999 -9999 -9999 -9999 -9999
-9999 -9999 -9999 -9999 -9999 -9999 -9999 -9999 -9999 -9999 -9999 -9999 -9999 -9999 -9999 -9999 -9999 -9999 -9999 -9999 -9999 -9999 -9999 -9999 -9999 -9999 -9999 -9999 -9999 -9999 -9999 -9999 -9999 -9999 -9999 -9999 -9999 -9999 -9999 -9999 -9999 -9999 -9999 -9999 -9999 -9999 -9999 -9999 -9999 -9999 -9999 -9999 -9999 -9999 -9999 -9999 -9999 -9999 -9999 -9999 -9999 -9999 -9999 -9999 -9999 -9999 -9999 -9999 -9999 -9999 -9999
-9999 -9999 -9999 -9999 -9999 -9999 -9999 -9999 -9999 -9999 -9999 -9999 -9999 -9999 -9999 -9999 -9999 -9999 -9999 -9999 -9999 -9999 -9999 -9999 -9999 -9999 -9999 -9999 -9999 -9999 -9999 -9999 -9999 -9999 -9999 -9999 -9999 -9999 -9999 -9999 -9999 -9999 -9999 -9999 -9999 -9999 -9999 -9999 -9999 -9999 -9999 -9999 -9999 -9999 -9999 -9999 -9999 -9999 -9999 -9999 -9999 -9999 -9999 -9999 -9999 -9999 -9999 -9999 -9999 -9999 -9999
-9999 -9999 -9999 -9999 -9999 -9999 34.04610 -9999 -9999 -9999 -9999 -9999 -9999 -9999 -9999 -9999 -9999 -9999 -9999 -9999 -9999 -9999 -9999 -9999 -9999 -9999 -9999 -9999 -9999 -9999 -9999 -9999 -9999 -9999 -9999 -9999 -9999 -9999 -9999 -9999 -9999 -9999 -9999 -9999 -9999 -9999 -9999 -9999 -9999 -9999 -9999 -9999 -9999 -9999 -9999 -9999 -9999 -9999 -9999 -9999 -9999 -9999 -9999 -9999 -9999 -9999 -9999 -9999 -9999 -9999 -9999
-9999 -9999 35.86230 32.29260 33.13090 34.74260 34.98380 35.47600 35.54260 36.01810 35.93040 35.84610 35.87650 35.47110 35.06080 36.20290 35.95290 34.08430 33.60250 33.50540 33.27400 32.27650 -9999 -9999 -9999 -9999 -9999 -9999 -9999 -9999 -9999 -9999 -9999 -9999 -9999 -9999 -9999 -9999 -9999 -9999 -9999 -9999 -9999 -9999 -9999 -9999 -9999 -9999 -9999 -9999 -9999 -9999 -9999 -9999 -9999 -9999 -9999 -9999 -9999 -9999 -9999 -9999 -9999 -9999 -9999 -9999 -9999 -9999 -9999 -9999 -9999
-9999 -9999 -9999 -9999 34.30290 34.57500 35.04750 35.16320 35.60150 35.59560 35.89750 36.85640 36.67160 36.50290 36.04950 36.02110 35.44410 35.10780 34.67840 34.92110 33.60540 33.54360 -9999 -9999 -9999 -9999 -9999 -9999 -9999 -9999 -9999 -9999 -9999 -9999 -9999 -9999 -9999 -9999 -9999 -9999 -9999 -9999 -9999 -9999 -9999 -9999 -9999 -9999 -9999 -9999 -9999 -9999 -9999 -9999 -9999 -9999 -9999 -9999 -9999 -9999 -9999 -9999 -9999 -9999 -9999 -9999 -9999 -9999 -9999 -9999 -9999
33.68920 33.65640 33.98770 34.07300 34.27060 34.57990 34.86230 35.01030 35.31620 36.50390 36.46720 36.34260 36.21670 37.28820 36.83820 36.95780 36.42940 36.12750 35.02500 34.77300 34.70590 33.54410 32.59610 32.89120 31.99710 31.90690 31.20340 30.22790 -9999 -9999 -9999 -9999 -9999 -9999 -9999 -9999 -9999 -9999 -9999 -9999 -9999 -9999 -9999 -9999 -9999 -9999 -9999 -9999 -9999 -9999 -9999 -9999 -9999 -9999 -9999 -9999 -9999 -9999 -9999 -9999 -9999 -9999 -9999 -9999 -9999 -9999 -9999 -9999 -9999 -9999 -9999
34.11180 34.15000 34.58920 34.66520 34.76470 34.92010 35.20740 36.50050 36.52840 36.89360 36.94560 37.88480 37.63530 37.56270 37.17060 36.86320 37.00590 36.58630 36.49220 36.42250 35.21910 35.38580 34.75150 33.55250 32.72250 32.93970 31.67940 32.07750 31.12750 31.14510 30.42210 30.78920 30.87060 31.06180 31.15690 30.55830 29.95000 30.07060 30.47060 30.76030 31.24710 29.98430 30.23280 -9999 -9999 -9999 -9999 -9999 -9999 -9999 -9999 -9999 -9999 -9999 -9999 -9999 -9999 -9999 -9999 -9999 -9999 -9999 -9999 -9999 -9999 -9999 -9999 -9999 -9999 -9999 -9999
35.95880 36.46910 36.34950 37.40390 37.42500 36.24360 36.70980 36.62940 36.84800 38.16130 38.30830 38.11230 38.36960 39.00690 39.17750 38.83190 38.78820 37.30250 37.13140 37.40740 37.23480 37.36960 36.47110 35.86470 34.82940 33.89610 32.79410 33.11270 33.30050 33.75830 32.42010 31.72790 30.90050 30.93870 31.34850 31.29170 31.59170 30.47700 30.68630 30.95980 31.33820 31.64070 31.96960 31.32350 -9999 -9999 -9999 -9999 -9999 -9999 -9999 -9999 -9999 -9999 -9999 -9999 -9999 -9999 -9999 -9999 -9999 -9999 -9999 -9999 -9999 -9999 -9999 -9999 -9999 -9999 -9999
42.32160 41.85930 40.44800 42.61670 40.09850 40.22890 41.51860 40.79800 41.02160 40.00930 41.27990 41.10440 40.84900 40.64460 40.79800 39.19460 39.47650 39.14020 38.16320 38.30830 38.31470 38.51180 37.46030 36.40200 35.56320 36.47500 34.49610 33.72110 33.55880 33.68770 32.84170 32.85490 31.72940 31.74950 32.10250 32.27500 32.23630 32.24220 32.35690 32.59900 32.33730 32.58480 32.55150 31.57840 -9999 -9999 -9999 -9999 -9999 -9999 -9999 -9999 -9999 -9999 -9999 -9999 -9999 -9999 -9999 33.20050 34.45100 -9999 -9999 -9999 -9999 39.50440 42.51230 43.78970 43.71230 41.49360 40.32060
42.60980 42.48480 42.59750 43.23480 40.84710 39.85290 39.70250 41.16910 41.06810 41.39020 41.46420 41.31960 41.39800 42.15440 42.23430 40.82600 39.90000 39.25000 39.83970 39.14850 39.27940 38.29020 38.11230 35.36420 35.62160 34.43920 34.28140 34.38580 33.35250 33.48140 33.59260 33.68330 32.41030 32.69710 32.51670 32.74610 32.66810 32.56180 32.68430 32.69710 32.53580 32.53330 32.40930 32.38380 31.08280 30.90540 30.57940 31.03680 33.33240 34.49800 33.67160 34.94950 34.98870 34.97890 35.68820 35.89170 33.48190 34.12010 34.37300 34.16230 35.60740 -9999 -9999 -9999 -9999 -9999 41.24610 43.07500 44.49610 44.55340 44.70980
46.69260 44.54360 44.17990 45.87250 43.85440 41.40830 41.12160 40.37990 39.59220 39.33530 39.81810 39.60930 40.63920 40.31520 41.27060 40.42550 40.36620 39.79750 39.21810 39.14610 38.28770 37.37750 37.07790 36.12940 35.19850 35.10050 33.99800 33.99900 33.09460 32.90200 32.90340 31.99260 32.21860 33.36370 33.22650 33.35250 34.43240 34.49120 34.23530 34.42250 34.13480 33.97060 33.80490 33.59710 32.37210 31.87300 32.12600 32.05200 32.78680 34.30690 33.53240 33.62400 34.53240 37.83770 38.95290 37.63730 38.82500 39.53380 38.20830 38.58140 38.45440 40.06230 39.21760 38.58380 39.94660 40.31620 41.76570 42.16370 43.70980 43.41520 46.39800
49.29020 54.35830 44.64560 47.60440 48.48140 45.97350 44.03820 43.58280 38.59310 38.79310 38.82110 40.00100 40.70200 40.85980 41.55780 42.12010 41.34020 40.39710 39.68820 40.15740 39.87550 37.98040 37.16570 36.80880 35.89510 35.94310 34.66180 34.82890 33.85880 33.86960 33.59950 32.76960 32.88920 32.74020 34.70100 34.52500 34.65200 34.56030 34.62600 34.59070 34.49070 35.57890 35.47010 34.18820 34.07750 33.91230 34.14510 32.96320 32.72550 33.74950 34.74410 33.67750 35.88680 35.96860 37.95930 39.89410 40.70390 40.52250 40.41470 41.75290 40.81180 44.28870 43.60980 42.05540 42.29310 42.04360 42.17600 42.31670 43.71960 46.13770 49.04510
52.86230 54.61810 50.19900 44.36910 45.69710 43.36620 41.25690 44.04950 42.22700 40.28870 39.82160 40.02890 39.88430 40.69750 41.33630 41.47010 40.95640 39.94460 40.34900 42.82060 41.73430 40.03580 40.15290 37.86620 36.63280 36.59800 35.34410 35.30490 34.82210 34.78240 34.82700 33.37750 33.56570 34.68430 35.01810 35.07750 34.99070 35.97450 35.82300 37.02990 36.97400 36.52010 38.66670 38.79410 37.66720 36.64260 34.47300 34.36370 34.40440 35.50690 36.30780 36.16810 37.15980 37.09610 38.16860 38.26520 38.56320 40.36230 41.04510 42.56810 45.38530 46.62110 49.32750 47.54900 46.40690 47.24310 47.34950 48.01130 49.11810 49.49750 49.63330
52.29560 54.18090 53.87990 53.62300 48.32500 43.88480 42.34710 44.03530 44.13040 41.05640 45.38140 44.29510 43.32840 41.37840 41.99800 41.24900 40.67550 40.60340 41.00150 41.40390 41.85440 40.71860 39.83580 39.00980 37.70880 36.09310 36.13480 34.94360 34.65640 34.97110 35.00640 35.12300 35.04460 35.18190 34.93820 35.91960 36.98480 36.74070 37.92400 38.69410 38.79750 38.67840 37.45440 38.38970 39.66620 38.97110 37.97940 36.50340 35.46960 35.89560 36.97840 36.87400 38.05050 36.82110 38.61370 40.76620 42.01370 44.94410 42.94260 43.31520 44.67890 45.48430 47.73280 50.12210 53.11810 51.70050 54.63330 52.54850 51.81270 51.79070 51.02110
54.16620 55.04850 56.32600 57.11720 56.71230 49.72110 46.27790 44.15540 43.97550 41.98920 43.54020 47.58870 49.66960 51.89560 47.34360 45.22550 43.14900 41.30690 41.01080 40.37160 40.25440 39.55540 39.73530 38.48630 37.33430 37.48530 37.62840 36.29020 36.39610 36.86270 35.79460 36.86670 37.05340 37.71570 36.90440 37.85880 38.66370 39.47600 39.57250 39.33580 40.27840 41.18380 40.06520 40.08730 40.44900 39.77110 39.68530 38.15000 36.98530 36.54020 36.44220 36.57550 38.40540 38.55780 39.26320 40.27350 43.24360 45.47300 45.05050 48.62790 48.89900 49.41030 51.16230 51.60200 51.79260 51.99610 54.41370 54.62450 53.60930 53.36720 52.79850
59.79410 59.68920 61.31030 60.10250 58.79360 56.01130 54.75290 51.64710 47.53280 44.47790 41.37990 43.55930 45.89950 48.13680 50.51670 50.97890 50.67990 48.83580 46.11520 44.31620 42.65340 41.55930 40.69510 39.84410 39.16760 39.16860 39.15980 38.62990 38.40000 39.25150 37.96960 39.62210 40.80930 40.66860 40.54510 40.97350 40.62060 41.42250 41.21320 42.27500 42.08730 42.89120 42.03770 43.45440 42.78140 42.69750 42.26520 40.61760 40.58970 38.96860 40.68380 40.80830 42.93970 42.24260 43.41420 43.53480 46.49750 46.80050 47.92600 50.18480 50.69070 52.13280 53.21080 52.63190 54.33580 55.74750 56.98480 56.70340 56.16670 54.56910 53.25390
60.69800 62.49020 63.18090 60.76760 60.38730 60.06080 56.79310 53.66570 52.47600 48.84610 46.56130 46.29750 46.37550 45.45390 46.81960 47.18680 48.66030 51.45740 51.69360 50.87750 48.97160 46.77700 43.92400 42.12750 40.35980 40.13630 40.26860 40.91130 41.43870 41.04610 40.85200 40.98920 42.55250 41.83680 43.56720 40.12110 41.00740 42.25000 44.12600 44.05490 42.89750 43.10050 44.16370 44.50290 46.94560 45.92400 45.81520 43.85780 43.70690 44.55290 44.87840 44.04850 45.54460 47.80200 46.92790 49.01420 47.80590 51.68330 50.32550 50.62990 51.33140 51.71760 53.49710 55.92650 58.38040 57.49560 56.06520 55.52450 56.27600 56.17840 55.28680
63.07700 62.95000 61.65740 60.43090 61.08090 60.82650 58.56810 56.45340 54.59070 50.75390 46.86570 51.34800 50.47450 49.39560 52.46960 55.15000 54.56230 46.04170 50.64460 55.19170 53.87600 52.31670 49.29750 43.33480 42.46080 41.34900 41.08190 41.80390 42.66860 42.09070 43.18040 42.71420 42.73970 42.49020 40.52940 41.30980 43.04800 43.28730 45.09120 46.22600 47.88680 46.90930 47.59900 47.71760 45.69170 43.70980 44.01570 44.96320 45.33630 45.70490 46.52450 45.33190 45.30000 46.22550 48.11570 51.64260 51.45980 54.01130 52.56960 52.66180 52.04460 52.15440 55.71960 58.84410 58.32300 57.23870 57.74900 57.54460 57.61570 57.86760 57.74020
66.00540 66.01370 65.17350 62.97110 61.71720 59.48680 57.46180 55.91570 54.11130 52.15000 51.08770 51.13240 50.22500 50.01810 52.46570 54.12250 56.37110 55.00440 52.36370 49.22060 51.77210 52.04510 49.99510 48.21370 44.97300 42.71720 41.55490 42.67400 42.38920 41.97110 43.06370 42.81960 42.79070 42.43240 43.67550 43.31620 44.50250 45.21470 46.52890 48.14460 50.29610 51.43240 51.58530 51.15200 47.43730 45.74800 45.93190 46.52300 47.04560 48.00390 48.24660 46.78240 45.91910 48.74260 49.56470 50.52700 52.83680 53.31080 56.66320 55.88970 55.78090 55.19460 56.13090 56.77650 58.89900 60.03240 59.74070 59.76420 61.34710 60.49750 60.69950
70.01270 70.70740 70.41230 67.93430 65.05780 61.60830 58.55390 55.68970 53.77600 50.72890 51.81320 53.83380 52.99170 51.61860 51.00880 53.70050 53.73870 54.82500 56.58480 55.05150 52.17940 50.40200 48.47160 48.50340 48.44170 47.59310 44.38240 44.07210 44.16760 44.98330 44.79510 44.72500 42.47250 43.80440 44.69660 47.02650 46.61810 49.25640 49.50290 52.34410 55.36810 54.56620 54.48870 54.82750 52.72650 49.91080 48.93430 48.70980 47.97300 48.42750 48.47400 45.47750 45.04020 47.39900 48.05440 50.72400 54.35780 55.72700 56.85100 58.96180 57.98140 58.65590 58.70930 59.17500 60.48770 60.44120 61.13280 61.90050 63.07350 64.61230 64.10690
74.18580 75.18040 75.49070 72.89850 69.20150 66.37060 62.55880 59.43430 54.19610 54.59410 52.63730 53.67500 57.78140 55.41760 53.05290 53.06670 55.31080 56.45930 58.48870 56.96860 55.23190 54.26860 53.28770 51.22110 50.30250 47.94710 47.86670 46.92990 45.76670 46.38090 44.59560 45.75590 44.63580 48.01420 48.92940 46.81420 49.62890 52.79070 53.53630 54.50200 57.36370 58.10250 58.07160 55.52110 54.69610 53.07300 51.86080 51.55200 49.93770 49.99750 49.79170 49.08680 49.40830 51.23240 53.50250 55.50780 58.20930 57.47990 57.53770 57.36080 58.36760 59.39950 59.74260 61.26570 61.43630 62.36520 63.03140 64.45050 67.51520 68.05250 68.13770
76.35540 76.54260 78.79170 77.24020 75.10440 69.87450 65.91670 60.76230 58.68530 53.52700 49.46230 51.98730 55.21620 58.09170 57.13480 56.88630 57.84460 55.90250 56.73140 55.13680 60.17160 56.36420 54.46420 52.14310 51.14750 50.87750 52.81760 49.44900 47.22400 46.32060 48.51270 47.64460 46.82790 48.46760 51.25340 48.66960 51.74070 53.17890 56.86230 58.06760 58.89360 60.34260 58.97300 58.67750 57.12940 56.67210 52.96470 53.16320 52.91960 52.13820 52.29260 52.37400 52.96620 53.16570 56.15200 57.25590 60.95640 60.58330 59.42890 60.37840 61.43970 62.05000 62.15540 63.89310 66.48770 67.81960 68.56910 69.07060 70.15780 69.60490 70.25930
79.48920 78.65000 79.34310 79.32890 77.16420 77.07550 72.97840 65.87990 62.94020 59.89020 56.13040 57.03530 57.07110 58.11720 61.13580 59.19120 57.11910 55.89750 57.40200 56.85490 56.90440 58.85780 57.34310 53.82010 51.32940 49.66030 50.61720 50.31960 47.81810 48.07500 48.38140 48.48870 49.34750 50.50390 51.21910 52.66760 52.38530 56.11720 59.90050 61.57060 61.15780 62.14850 62.35390 60.10290 56.86320 55.39560 52.23630 50.69850 50.21320 50.70050 50.71230 50.78090 52.82790 55.65490 58.72010 60.98630 62.90880 62.15340 63.12110 63.18330 63.48480 62.46080 66.20830 69.77350 71.09360 70.63380 72.87350 74.27500 73.24310 73.24410 73.17650
76.67160 78.54020 79.91270 77.47940 79.26370 77.22010 78.05200 72.55980 67.61130 66.46370 65.36470 63.29560 61.49510 62.78430 61.99610 59.86860 59.75540 59.23730 57.68140 58.64410 59.29510 61.39850 61.82300 57.43280 53.98140 52.73280 52.62840 51.53580 51.46910 52.85930 51.14020 50.07890 52.11180 52.11270 54.27210 53.08430 55.55740 57.59360 60.66030 62.40390 62.44510 62.80980 63.52990 60.32350 55.80930 54.62010 54.23330 53.80100 55.44070 54.60000 -9999 -9999 56.10200 57.78820 60.22790 63.40200 65.16570 64.57500 64.54610 65.80490 65.81130 68.51670 72.27500 75.21910 74.65980 76.16420 78.39260 79.93380 76.80250 75.43380 75.81720
80.77110 78.22750 78.99850 79.28970 79.15740 76.75590 77.65590 72.07750 70.97650 70.57450 70.32060 66.46520 66.51030 66.39220 64.04900 62.82060 64.04310 61.73090 60.03380 62.06570 62.23240 60.82500 60.92010 60.44120 61.12790 57.27990 55.79170 53.37840 52.24120 52.72790 53.82700 51.93820 53.54070 54.81810 56.05880 56.63770 58.55250 58.79710 58.57890 -9999 -9999 -9999 -9999 59.89220 -9999 58.31720 60.42990 58.49800 58.43190 56.46860 -9999 -9999 60.30250 62.43240 62.79070 64.73090 65.55250 66.04170 66.87750 66.81720 68.68920 71.27940 72.94360 75.05000 74.06320 80.31860 79.90740 81.66810 76.70250 74.44460 75.72840
