data/hydroclimate-scenarios/1948-2000.Pcorr55N_Pref_Tref/monthly_summaries/precip_monthly_tot_jun.asc
ncols	311
nrows	91
xllcenter	102.75
yllcenter	31.75
cellsize	0.5
NODATA_value	-9999
[rows 0 to 31 of 91, columns 71 to 141 of 311]
-9999 -9999 -9999 -9999 -9999 -9999 -9999 -9999 -9999 -9999 -9999 -9999 -9999 -9999 -9999 -9999 -9999 -9999 -9999 -9999 -9999 -9999 -9999 -9999 -9999 -9999 -9999 -9999 -9999 -9999 -9999 -9999 -9999 -9999 -9999 -9999 -9999 -9999 -9999 -9999 -9999 -9999 -9999 -9999 -9999 -9999 -9999 -9999 -9999 -9999 -9999 -9999 -9999 -9999 -9999 -9999 -9999 -9999 -9999 -9999 -9999 -9999 -9999 -9999 -9999 -9999 -9999 -9999 -9999 -9999 -9999
-9999 -9999 -9999 -9999 -9999 -9999 -9999 -9999 -9999 -9999 -9999 -9999 -9999 -9999 -9999 -9999 -9999 -9999 -9999 -9999 -9999 -9999 -9999 -9999 -9999 -9999 -9999 -9999 -9999 -9999 -9999 -9999 -9999 -9999 -9999 -9999 -9999 -9999 -9999 -9999 -9999 -9999 -9999 -9999 -9999 -9999 -9999 -9999 -9999 -9999 -9999 -9999 -9999 -9999 -9999 -9999 -9999 -9999 -9999 -9999 -9999 -9999 -9999 -9999 -9999 -9999 -9999 -9999 -9999 -9999 -9999
-9999 -9999 -9999 -9999 -9999 -9999 -9999 -9999 -9999 -9999 -9999 -9999 -9999 -9999 -9999 -9999 -9999 -9999 -9999 -9999 -9999 -9999 -9999 -9999 -9999 -9999 -9999 -9999 -9999 -9999 -9999 -9999 -9999 -9999 -9999 -9999 -9999 -9999 -9999 -9999 -9999 -9999 -9999 -9999 -9999 -9999 -9999 -9999 -9999 -9999 -9999 -9999 -9999 -9999 -9999 -9999 -9999 -9999 -9999 -9999 -9999 -9999 -9999 -9999 -9999 -9999 -9999 -9999 -9999 -9999 -9999
-9999 -9999 -9999 -9999 -9999 -9999 -9999 -9999 -9999 -9999 -9999 -9999 -9999 -9999 -9999 -9999 -9999 -9999 -9999 -9999 -9999 -9999 -9999 -9999 -9999 -9999 -9999 -9999 -9999 -9999 -9999 -9999 -9999 -9999 -9999 -9999 -9999 -9999 -9999 -9999 -9999 -9999 -9999 -9999 -9999 -9999 -9999 -9999 -9999 -9999 -9999 -9999 -9999 -9999 -9999 -9999 -9999 -9999 -9999 -9999 -9999 -9999 -9999 -9999 -9999 -9999 -9999 -9999 -9999 -9999 -9999
-9999 -9999 -9999 -9999 -9999 -9999 -9999 -9999 -9999 -9999 -9999 -9999 -9999 -9999 -9999 -9999 -9999 -9999 -9999 -9999 -9999 -9999 -9999 -9999 -9999 -9999 -9999 -9999 -9999 -9999 -9999 -9999 -9999 -9999 -9999 -9999 -9999 -9999 -9999 -9999 -9999 -9999 -9999 -9999 -9999 -9999 -9999 -9999 -9999 -9999 -9999 -9999 -9999 -9999 -9999 -9999 -9999 -9999 -9999 -9999 -9999 -9999 -9999 -9999 -9999 -9999 -9999 -9999 -9999 -9999 -9999
-9999 -9999 -9999 -9999 -9999 -9999 -9999 -9999 -9999 -9999 -9999 -9999 -9999 -9999 -9999 -9999 -9999 -9999 -9999 -9999 -9999 -9999 -9999 -9999 -9999 -9999 -9999 -9999 -9999 -9999 -9999 -9999 -9999 -9999 -9999 -9999 -9999 -9999 -9999 -9999 -9999 -9999 -9999 -9999 -9999 -9999 -9999 -9999 -9999 -9999 -9999 -9999 -9999 -9999 -9999 -9999 -9999 -9999 -9999 -9999 -9999 -9999 -9999 -9999 -9999 -9999 -9999 -9999 -9999 -9999 -9999
-9999 -9999 -9999 -9999 -9999 -9999 -9999 -9999 -9999 -9999 -9999 -9999 -9999 -9999 -9999 -9999 -9999 -9999 -9999 -9999 -9999 -9999 -9999 -9999 -9999 -9999 -9999 -9999 -9999 -9999 -9999 -9999 -9999 -9999 -9999 -9999 -9999 -9999 -9999 -9999 -9999 -9999 -9999 -9999 -9999 -9999 -9999 -9999 -9999 -9999 -9999 -9999 -9999 -9999 -9999 -9999 -9999 -9999 -9999 -9999 -9999 -9999 -9999 -9999 -9999 -9999 -9999 -9999 -9999 -9999 -9999
-9999 -9999 -9999 -9999 -9999 -9999 -9999 -9999 -9999 -9999 -9999 -9999 -9999 -9999 -9999 -9999 -9999 -9999 -9999 -9999 -9999 -9999 -9999 -9999 -9999 -9999 -9999 -9999 -9999 -9999 -9999 -9999 -9999 -9999 -9999 -9999 -9999 -9999 -9999 -9999 -9999 -9999 -9999 -9999 -9999 -9999 -9999 -9999 -9999 -9999 -9999 -9999 -9999 -9999 -9999 -9999 -9999 -9999 -9999 -9999 -9999 -9999 -9999 -9999 -9999 -9999 -9999 -9999 -9999 -9999 -9999
-9999 -9999 -9999 -9999 -9999 -9999 28.96010 -9999 -9999 -9999 -9999 -9999 -9999 -9999 -9999 -9999 -9999 -9999 -9999 -9999 -9999 -9999 -9999 -9999 -9999 -9999 -9999 -9999 -9999 -9999 -9999 -9999 -9999 -9999 -9999 -9999 -9999 -9999 -9999 -9999 -9999 -9999 -9999 -9999 -9999 -9999 -9999 -9999 -9999 -9999 -9999 -9999 -9999 -9999 -9999 -9999 -9999 -9999 -9999 -9999 -9999 -9999 -9999 -9999 -9999 -9999 -9999 -9999 -9999 -9999 -9999
-9999 -9999 31.93320 26.75770 26.83890 28.38940 29.36780 29.81630 29.84470 31.23130 31.76300 30.62550 30.03220 30.88410 29.95240 30.47360 30.01300 29.12020 28.69230 29.58270 28.14710 28.26780 -9999 -9999 -9999 -9999 -9999 -9999 -9999 -9999 -9999 -9999 -9999 -9999 -9999 -9999 -9999 -9999 -9999 -9999 -9999 -9999 -9999 -9999 -9999 -9999 -9999 -9999 -9999 -9999 -9999 -9999 -9999 -9999 -9999 -9999 -9999 -9999 -9999 -9999 -9999 -9999 -9999 -9999 -9999 -9999 -9999 -9999 -9999 -9999 -9999
-9999 -9999 -9999 -9999 28.72640 28.96970 29.21010 29.30430 29.46060 31.51780 31.71920 31.12500 31.82550 30.65820 30.08460 30.57840 30.02550 30.49330 30.20340 30.04900 29.91540 29.87310 -9999 -9999 -9999 -9999 -9999 -9999 -9999 -9999 -9999 -9999 -9999 -9999 -9999 -9999 -9999 -9999 -9999 -9999 -9999 -9999 -9999 -9999 -9999 -9999 -9999 -9999 -9999 -9999 -9999 -9999 -9999 -9999 -9999 -9999 -9999 -9999 -9999 -9999 -9999 -9999 -9999 -9999 -9999 -9999 -9999 -9999 -9999 -9999 -9999
27.49710 27.79370 28.11440 27.46010 29.03610 29.43220 29.71970 29.81350 29.96200 31.55870 31.90820 32.00380 32.46200 31.42020 31.79280 30.77640 31.73990 30.84660 31.67310 31.62640 31.74520 31.11250 29.68460 29.79620 29.03700 27.82210 26.84570 25.55100 -9999 -9999 -9999 -9999 -9999 -9999 -9999 -9999 -9999 -9999 -9999 -9999 -9999 -9999 -9999 -9999 -9999 -9999 -9999 -9999 -9999 -9999 -9999 -9999 -9999 -9999 -9999 -9999 -9999 -9999 -9999 -9999 -9999 -9999 -9999 -9999 -9999 -9999 -9999 -9999 -9999 -9999 -9999
28.27210 28.57160 29.20050 29.41970 29.85480 30.00140 30.52790 30.66830 30.26730 31.85240 32.10820 32.53800 33.29760 32.74810 32.88370 32.06110 32.54570 31.67360 32.53940 32.43610 32.98270 32.08700 32.32020 31.57210 30.28750 29.28510 28.03610 28.18320 26.91780 25.70770 24.34280 24.33120 24.17070 23.03560 22.77310 22.68510 21.39620 21.49370 21.29090 20.01920 19.38220 18.18120 18.29230 -9999 -9999 -9999 -9999 -9999 -9999 -9999 -9999 -9999 -9999 -9999 -9999 -9999 -9999 -9999 -9999 -9999 -9999 -9999 -9999 -9999 -9999 -9999 -9999 -9999 -9999 -9999 -9999
30.09950 32.09130 30.87550 32.93560 32.95820 31.99330 31.89130 31.04760 32.43510 32.59520 32.78510 33.49900 34.62600 34.03370 34.23270 33.26590 33.42260 32.48750 31.77740 33.44520 33.87450 35.47260 34.49130 33.45100 32.49860 30.14130 28.86440 27.77160 27.62550 27.78320 25.31780 25.30960 23.91540 23.79860 23.79040 22.22360 22.29710 22.07400 21.78370 20.52880 20.50820 20.39810 19.20140 19.18850 -9999 -9999 -9999 -9999 -9999 -9999 -9999 -9999 -9999 -9999 -9999 -9999 -9999 -9999 -9999 -9999 -9999 -9999 -9999 -9999 -9999 -9999 -9999 -9999 -9999 -9999 -9999
39.75670 39.20000 38.15720 40.88650 37.61540 37.43370 37.76300 37.81350 37.87260 35.52310 37.28850 37.73170 36.72550 36.26630 34.90530 34.25530 34.21250 33.40140 32.93700 34.42600 34.55240 34.75770 33.92360 34.18030 31.86350 33.38460 31.27360 28.61300 28.02740 27.90580 26.82690 25.57260 23.98510 24.08850 23.77550 23.84950 22.71350 22.52020 22.74860 22.60720 21.37790 21.37790 21.26590 20.43850 -9999 -9999 -9999 -9999 -9999 -9999 -9999 -9999 -9999 -9999 -9999 -9999 -9999 -9999 -9999 16.35340 16.34900 -9999 -9999 -9999 -9999 19.59380 21.87550 24.25580 23.11250 19.00670 18.01680
39.53890 39.60340 39.57070 41.13120 37.73220 35.35670 35.26200 36.71590 37.01300 37.05340 35.89760 36.58890 36.85910 37.69760 37.00770 34.44710 33.96390 32.53850 33.27600 32.34710 33.59380 33.56300 33.96780 31.32450 30.31780 29.29230 28.38990 28.46630 27.31970 26.12930 26.07690 25.08850 24.86250 24.52120 23.56060 23.74620 23.37120 23.46830 23.36490 23.56060 22.62740 22.55620 22.44810 21.28270 21.22930 19.79280 19.65290 19.60100 23.05670 24.17930 22.96250 24.00910 23.63460 22.30630 22.18750 22.98560 19.71010 18.24130 18.17210 18.43460 18.42790 -9999 -9999 -9999 -9999 -9999 19.43410 22.04660 23.00430 23.35770 23.32120
45.45050 40.86730 40.94520 44.58610 41.52450 36.68990 36.76490 35.47930 33.29420 32.27310 32.27640 32.93080 33.20910 34.68130 34.79470 33.73120 33.57690 33.19710 32.79520 32.21630 31.21680 31.19570 30.12020 30.23610 29.30480 29.57160 29.08940 27.83120 27.78990 26.84040 25.75960 25.62690 24.40430 24.37450 24.50190 24.35140 24.35240 24.47120 24.29470 24.66730 23.38560 23.40000 23.21880 22.97450 21.80290 21.64900 20.43270 20.71490 24.20140 25.14280 23.73800 22.58850 23.51630 26.85870 29.54760 24.97120 27.25430 27.13410 25.62450 23.39660 23.22980 23.35720 21.41680 19.17690 19.18850 19.15000 19.42980 19.58170 21.78940 22.90480 25.34710
46.21590 55.42160 39.68220 45.59280 47.05960 42.66390 40.13320 39.08370 32.05430 31.14660 31.29130 31.70960 33.08030 33.42160 33.82120 33.39280 32.93220 33.03220 32.77260 33.12260 32.72450 30.55050 30.74660 29.44660 29.57120 28.46110 27.78850 28.14570 27.03170 26.15530 26.28220 25.14230 25.04330 25.15430 25.32690 25.09760 25.32980 25.26680 25.04130 24.59570 24.39710 24.76540 23.52790 23.43370 22.24900 22.20430 22.63460 21.37930 22.78460 22.38990 23.19040 22.19470 24.30240 23.99420 26.00530 29.16590 30.26300 28.89180 28.91870 28.50630 27.40670 29.65620 26.19710 23.30340 20.96300 20.95290 20.01300 20.36250 22.60870 24.89420 28.06920
49.90290 53.25190 46.89950 37.98170 41.45820 37.14760 35.80770 38.98800 34.46300 31.93510 30.93650 31.35380 31.68410 31.76920 33.53410 33.19420 32.92640 32.68750 33.58940 37.26920 35.55870 33.55960 32.60670 30.55140 29.44660 29.34520 28.38510 27.61010 27.92500 26.91010 25.96630 25.90820 24.83990 24.98030 24.79230 24.40380 24.04760 24.96830 25.05480 26.00240 26.19180 24.99230 28.25340 28.06830 27.07360 24.91440 23.13610 22.16630 21.95670 22.84570 25.24620 26.28650 25.94570 27.17790 26.92980 25.78700 26.94620 29.90870 29.77120 30.85000 31.79900 33.55380 34.28080 30.10430 27.84470 27.04760 26.52260 27.00670 26.78030 27.78410 28.14470
48.04280 52.28220 51.42160 50.56970 44.02020 36.61350 36.57500 38.46060 38.03370 33.77550 40.95430 39.28610 37.41490 34.38890 33.53700 33.84040 32.98700 32.52790 33.66390 35.46780 35.94280 33.21730 32.28890 31.33270 30.26150 28.13560 27.04570 27.21490 26.19520 25.47360 25.60870 24.56970 25.86830 24.82740 24.46300 25.65430 26.76350 26.78370 27.56830 28.52790 28.46150 27.43750 27.22400 27.29420 28.45140 28.82600 26.99330 25.68170 23.67400 25.62600 26.71970 27.72980 27.45870 26.76490 28.67600 30.94330 32.11350 35.19230 31.87400 29.71590 30.43030 30.55290 30.33220 31.90380 34.15770 30.04810 33.04470 31.36540 29.43170 28.97880 28.00240
49.22450 51.08650 53.78460 55.01200 55.20580 45.70770 40.45430 38.41730 37.20050 33.79470 36.90340 44.70380 48.26970 51.70720 44.37500 39.20190 36.15720 33.04380 32.99620 32.52020 31.91540 31.41590 31.35630 29.70480 29.83700 29.94810 28.97400 27.84380 27.88080 27.69860 26.72310 27.33940 27.35720 27.35000 25.23320 27.16300 28.12120 30.18220 27.80870 27.77740 29.83220 29.62310 28.57360 27.39280 28.90380 27.08510 27.48850 26.49370 25.03800 24.88320 25.10380 26.24380 26.91200 27.91060 28.21880 29.44520 32.79520 34.62740 32.69760 35.89760 34.85480 33.35870 32.21730 31.29420 29.66970 30.16970 30.42160 31.84520 30.03850 29.21730 27.09330
56.80340 55.89090 59.17550 58.31350 56.36830 54.54570 52.94710 49.50870 43.19180 37.69570 33.52260 36.88460 40.26440 43.84330 48.22120 48.65050 48.43320 46.37640 41.12020 39.25480 34.32640 34.16880 32.15480 31.37740 31.33220 30.48460 30.42980 29.51490 30.71060 31.59420 28.02740 31.56780 32.50530 31.15960 30.14330 29.81010 29.68650 30.75430 29.20910 30.29810 30.33650 30.01780 28.95340 30.38510 29.95630 31.14660 29.89570 30.01390 28.95290 27.66590 30.40100 31.54950 33.60480 33.17980 33.56200 32.67500 37.07840 33.95100 34.25190 37.35910 34.35870 34.47790 33.48800 29.91440 30.86110 31.22160 33.51920 31.88560 30.22360 28.07840 25.11350
55.14660 59.29520 60.47880 57.55670 58.82600 58.25620 55.23170 51.21110 50.28170 43.76630 41.83610 41.93080 42.11540 38.89040 40.75580 42.07400 43.47880 48.24810 49.72360 47.59860 44.88610 42.82790 37.73130 34.09180 32.32790 32.48990 32.27500 33.44230 34.01200 33.04280 32.78650 32.39520 33.89810 32.70870 32.91110 29.79520 29.38890 30.41730 33.05770 31.90290 29.88410 28.65290 29.72310 30.31780 33.55340 33.58120 33.48560 32.22400 32.12210 35.02120 36.64620 35.43220 36.73410 39.63700 37.79180 40.29040 36.25290 38.56440 34.58610 33.08560 33.03370 31.91730 32.01150 32.02070 33.99810 31.17740 29.45630 27.77160 28.14040 26.90140 24.94470
56.37740 56.92840 56.35870 55.54900 57.95770 59.24090 57.59710 55.51300 53.75430 47.94470 41.74040 50.16680 48.25530 45.00480 50.58170 54.32550 54.02450 38.97400 46.81110 54.22690 53.18080 50.09810 45.70340 35.84380 33.83560 32.39180 32.44230 33.26830 34.11250 34.13510 33.81390 33.37550 32.94520 32.62880 28.93170 29.67210 31.55870 31.22690 33.24660 32.78120 35.65530 32.37500 31.49620 32.42210 28.91880 27.56250 29.99900 31.63370 34.37550 35.17980 36.59860 35.55000 36.66390 36.55190 38.95820 39.34620 37.71250 37.62450 34.07020 33.44420 31.72310 30.57600 32.67550 33.55720 30.59810 28.91830 28.12450 26.46830 25.57310 25.72070 26.02160
59.68510 59.27450 58.59760 56.59760 57.10100 55.28650 53.64570 53.67640 51.93610 50.49520 48.18800 48.43410 47.41780 45.45620 49.95050 50.83460 55.40480 50.98370 47.15960 44.40770 46.66250 46.74950 44.80720 43.07310 37.79180 34.78030 33.57070 33.42210 34.20430 32.98080 33.68850 32.52210 30.94090 31.83800 31.41970 30.79280 31.50480 31.30340 31.75290 33.69950 36.13370 36.31730 36.57600 34.53750 29.36970 27.09620 29.11970 31.13990 33.82550 36.46920 37.92600 35.46060 35.43410 38.67740 37.14620 36.67310 35.73610 34.23170 37.37980 34.81440 33.09230 32.39420 31.32550 29.29860 29.30670 28.78410 27.99660 28.26250 29.46540 27.66970 25.85100
64.06110 63.47600 63.82070 61.92120 59.94660 55.49900 53.62930 50.72640 48.62930 46.82260 48.39810 51.80480 49.90620 45.68700 45.84760 49.26390 49.87020 49.76490 54.13990 51.27400 46.92310 43.98650 41.15000 42.46830 42.56150 40.71110 36.32690 35.57930 36.56200 37.58460 35.01390 34.85140 31.11870 31.81350 32.58890 35.20190 34.81060 37.15430 34.81590 38.45290 41.84180 38.12550 37.38460 40.22450 36.07600 31.87070 30.84380 32.26590 32.16590 34.48800 35.95240 34.05580 32.94570 32.95240 32.60720 32.82020 33.37450 34.73890 34.21250 35.12020 32.60380 32.80820 31.87260 31.11390 30.40100 29.45720 28.89130 28.24760 28.58320 30.15530 29.16540
67.92020 70.15430 69.61680 68.36060 63.32500 60.97120 57.16970 53.03750 49.19900 50.87020 48.35670 50.65820 55.19810 51.95100 47.43750 46.40050 50.08130 51.91540 54.73990 53.93370 49.92790 49.12260 47.27120 45.21300 43.32550 40.97790 41.41350 38.28890 36.94090 38.67400 34.97310 35.80430 33.14470 37.93370 38.81830 34.05480 37.84660 40.13120 39.46150 38.32450 40.85530 41.98320 42.06110 38.77880 37.59420 35.41780 34.27690 34.79760 33.83990 36.17500 35.86630 36.19330 36.32260 36.90530 37.06060 36.79570 35.82450 33.70530 32.19090 30.16630 30.45530 30.60820 31.64760 31.26200 31.34130 30.65340 29.67690 29.36350 31.99090 33.45340 32.63120
67.66010 68.75620 72.65050 70.38940 69.31390 62.79330 59.61880 54.44520 52.53990 48.26970 44.39330 46.56630 50.90100 55.31390 52.22120 51.71350 52.66200 49.22070 49.78560 48.80340 53.87690 48.73510 46.86110 44.77400 42.69620 43.99900 46.55910 41.97310 38.95240 36.72690 39.47550 37.09760 36.01680 38.47640 40.25820 36.41780 38.13130 39.42980 42.00870 42.18650 41.70190 42.38170 40.70140 40.82120 38.56590 38.02930 33.19950 34.55430 35.02400 35.87360 35.93560 36.63940 35.82120 34.23850 35.96390 34.30620 34.68750 33.05050 31.39470 30.53220 30.57880 31.49520 31.74230 33.02500 36.52400 34.92020 35.51250 33.48800 34.43220 31.65430 31.49090
69.39900 68.75340 71.81730 73.61200 72.60480 72.82120 68.44090 61.24230 58.75140 55.37600 50.31350 52.28750 51.14570 52.93270 56.46590 53.71390 49.65430 48.09280 49.44950 48.05140 47.30190 50.25340 49.28940 46.48080 43.41350 40.30720 41.41200 40.47640 36.31010 37.35050 36.65530 36.41150 38.24660 38.98410 40.28700 40.85770 39.65530 42.36250 45.20530 47.16730 44.19760 42.38890 42.34180 38.32840 36.42020 33.21250 30.95960 28.86830 29.36150 29.34280 29.15190 29.29040 30.45190 31.74180 34.45670 33.91970 33.20960 31.40960 31.59230 31.56830 32.49660 32.78890 34.91200 39.59760 40.71350 38.80960 39.80380 38.29330 35.31110 33.81010 33.72260
63.79810 66.20870 69.72260 67.84810 70.85580 70.57840 73.88850 68.84620 62.58410 63.02210 62.67160 58.78560 54.97790 58.31110 56.69420 52.82790 52.51730 51.54040 48.29130 48.31110 48.73750 51.15670 54.02360 48.05770 44.10000 42.15430 45.38750 42.33170 42.23130 42.63270 38.89180 36.56780 39.29760 40.38560 41.62880 40.33700 42.60140 42.92400 45.48460 46.41350 44.14760 39.47500 40.35290 37.15100 31.36970 29.99180 30.80870 30.36730 33.17400 31.33460 -9999 -9999 30.74570 31.10000 30.37020 33.03370 33.39660 32.55580 32.45430 34.78410 34.77160 37.71110 41.29470 44.44900 42.97310 44.03750 43.87020 45.09330 38.71490 35.81490 36.11680
68.81540 66.89230 67.36110 68.48320 68.41590 65.89380 69.25870 63.79330 64.51110 64.71150 65.13750 60.97930 60.45340 60.05530 56.97740 54.20240 55.65820 52.49280 49.09810 51.38510 51.48940 49.43560 49.60580 49.27690 52.62360 48.62160 47.70870 44.67930 43.22880 41.54620 42.23370 37.86250 39.78080 42.58800 42.58750 43.53030 44.82360 40.66590 37.82450 -9999 -9999 -9999 -9999 32.90430 -9999 35.44420 39.16300 35.18270 34.35480 30.43460 -9999 -9999 32.65670 32.49950 31.80000 32.40770 32.19520 33.08170 34.02980 36.37840 37.43610 38.86880 39.96830 41.26970 39.40240 46.96630 47.01490 45.26110 38.11780 36.39900 35.00870
64.01390 64.92450 66.05240 68.05630 65.99420 61.22930 66.90580 63.55140 58.19860 58.13270 57.47840 57.14180 59.46880 59.08320 56.73320 51.21350 52.69330 53.56490 54.52020 53.33650 54.69900 50.83080 51.76150 51.05100 51.15770 49.19420 48.30820 47.07210 45.42400 42.69900 43.38890 43.22450 43.51350 43.40190 45.43030 42.73890 40.89760 -9999 -9999 -9999 -9999 -9999 -9999 -9999 36.46920 36.34860 36.26920 -9999 -9999 -9999 -9999 -9999 31.21150 32.26970 35.16250 35.11730 36.32930 35.72790 33.76970 36.93940 34.53370 34.76830 37.01010 39.26150 37.62790 36.51250 39.57260 44.08800 38.12020 33.29760 -9999
