data/hydroclimate-scenarios/1948-2000.Pcorr55N_Pref_Tref/monthly_summaries/precip_monthly_tot_dec.asc
ncols	311
nrows	91
xllcenter	102.75
yllcenter	31.75
cellsize	0.5
NODATA_value	-9999
[rows 0 to 31 of 91, columns 72 to 143 of 311]
-9999 -9999 -9999 -9999 -9999 -9999 -9999 -9999 -9999 -9999 -9999 -9999 -9999 -9999 -9999 -9999 -9999 -9999 -9999 -9999 -9999 -9999 -9999 -9999 -9999 -9999 -9999 -9999 -9999 -9999 -9999 -9999 -9999 -9999 -9999 -9999 -9999 -9999 -9999 -9999 -9999 -9999 -9999 -9999 -9999 -9999 -9999 -9999 -9999 -9999 -9999 -9999 -9999 -9999 -9999 -9999 -9999 -9999 -9999 -9999 -9999 -9999 -9999 -9999 -9999 -9999 -9999 -9999 -9999 -9999 -9999 -9999
-9999 -9999 -9999 -9999 -9999 -9999 -9999 -9999 -9999 -9999 -9999 -9999 -9999 -9999 -9999 -9999 -9999 -9999 -9999 -9999 -9999 -9999 -9999 -9999 -9999 -9999 -9999 -9999 -9999 -9999 -9999 -9999 -9999 -9999 -9999 -9999 -9999 -9999 -9999 -9999 -9999 -9999 -9999 -9999 -9999 -9999 -9999 -9999 -9999 -9999 -9999 -9999 -9999 -9999 -9999 -9999 -9999 -9999 -9999 -9999 -9999 -9999 -9999 -9999 -9999 -9999 -9999 -9999 -9999 -9999 -9999 -9999
-9999 -9999 -9999 -9999 -9999 -9999 -9999 -9999 -9999 -9999 -9999 -9999 -9999 -9999 -9999 -9999 -9999 -9999 -9999 -9999 -9999 -9999 -9999 -9999 -9999 -9999 -9999 -9999 -9999 -9999 -9999 -9999 -9999 -9999 -9999 -9999 -9999 -9999 -9999 -9999 -9999 -9999 -9999 -9999 -9999 -9999 -9999 -9999 -9999 -9999 -9999 -9999 -9999 -9999 -9999 -9999 -9999 -9999 -9999 -9999 -9999 -9999 -9999 -9999 -9999 -9999 -9999 -9999 -9999 -9999 -9999 -9999
-9999 -9999 -9999 -9999 -9999 -9999 -9999 -9999 -9999 -9999 -9999 -9999 -9999 -9999 -9999 -9999 -9999 -9999 -9999 -9999 -9999 -9999 -9999 -9999 -9999 -9999 -9999 -9999 -9999 -9999 -9999 -9999 -9999 -9999 -9999 -9999 -9999 -9999 -9999 -9999 -9999 -9999 -9999 -9999 -9999 -9999 -9999 -9999 -9999 -9999 -9999 -9999 -9999 -9999 -9999 -9999 -9999 -9999 -9999 -9999 -9999 -9999 -9999 -9999 -9999 -9999 -9999 -9999 -9999 -9999 -9999 -9999
-9999 -9999 -9999 -9999 -9999 -9999 -9999 -9999 -9999 -9999 -9999 -9999 -9999 -9999 -9999 -9999 -9999 -9999 -9999 -9999 -9999 -9999 -9999 -9999 -9999 -9999 -9999 -9999 -9999 -9999 -9999 -9999 -9999 -9999 -9999 -9999 -9999 -9999 -9999 -9999 -9999 -9999 -9999 -9999 -9999 -9999 -9999 -9999 -9999 -9999 -9999 -9999 -9999 -9999 -9999 -9999 -9999 -9999 -9999 -9999 -9999 -9999 -9999 -9999 -9999 -9999 -9999 -9999 -9999 -9999 -9999 -9999
-9999 -9999 -9999 -9999 -9999 -9999 -9999 -9999 -9999 -9999 -9999 -9999 -9999 -9999 -9999 -9999 -9999 -9999 -9999 -9999 -9999 -9999 -9999 -9999 -9999 -9999 -9999 -9999 -9999 -9999 -9999 -9999 -9999 -9999 -9999 -9999 -9999 -9999 -9999 -9999 -9999 -9999 -9999 -9999 -9999 -9999 -9999 -9999 -9999 -9999 -9999 -9999 -9999 -9999 -9999 -9999 -9999 -9999 -9999 -9999 -9999 -9999 -9999 -9999 -9999 -9999 -9999 -9999 -9999 -9999 -9999 -9999
-9999 -9999 -9999 -9999 -9999 -9999 -9999 -9999 -9999 -9999 -9999 -9999 -9999 -9999 -9999 -9999 -9999 -9999 -9999 -9999 -9999 -9999 -9999 -9999 -9999 -9999 -9999 -9999 -9999 -9999 -9999 -9999 -9999 -9999 -9999 -9999 -9999 -9999 -9999 -9999 -9999 -9999 -9999 -9999 -9999 -9999 -9999 -9999 -9999 -9999 -9999 -9999 -9999 -9999 -9999 -9999 -9999 -9999 -9999 -9999 -9999 -9999 -9999 -9999 -9999 -9999 -9999 -9999 -9999 -9999 -9999 -9999
-9999 -9999 -9999 -9999 -9999 -9999 -9999 -9999 -9999 -9999 -9999 -9999 -9999 -9999 -9999 -9999 -9999 -9999 -9999 -9999 -9999 -9999 -9999 -9999 -9999 -9999 -9999 -9999 -9999 -9999 -9999 -9999 -9999 -9999 -9999 -9999 -9999 -9999 -9999 -9999 -9999 -9999 -9999 -9999 -9999 -9999 -9999 -9999 -9999 -9999 -9999 -9999 -9999 -9999 -9999 -9999 -9999 -9999 -9999 -9999 -9999 -9999 -9999 -9999 -9999 -9999 -9999 -9999 -9999 -9999 -9999 -9999
-9999 -9999 -9999 -9999 -9999 9.71154 -9999 -9999 -9999 -9999 -9999 -9999 -9999 -9999 -9999 -9999 -9999 -9999 -9999 -9999 -9999 -9999 -9999 -9999 -9999 -9999 -9999 -9999 -9999 -9999 -9999 -9999 -9999 -9999 -9999 -9999 -9999 -9999 -9999 -9999 -9999 -9999 -9999 -9999 -9999 -9999 -9999 -9999 -9999 -9999 -9999 -9999 -9999 -9999 -9999 -9999 -9999 -9999 -9999 -9999 -9999 -9999 -9999 -9999 -9999 -9999 -9999 -9999 -9999 -9999 -9999 -9999
-9999 14.53370 9.66635 9.69231 9.71010 9.48077 11.26250 11.23700 12.98560 12.91590 12.65380 14.24040 14.00140 14.07840 13.84180 13.81540 13.81300 13.85190 13.93700 13.77160 14.10240 -9999 -9999 -9999 -9999 -9999 -9999 -9999 -9999 -9999 -9999 -9999 -9999 -9999 -9999 -9999 -9999 -9999 -9999 -9999 -9999 -9999 -9999 -9999 -9999 -9999 -9999 -9999 -9999 -9999 -9999 -9999 -9999 -9999 -9999 -9999 -9999 -9999 -9999 -9999 -9999 -9999 -9999 -9999 -9999 -9999 -9999 -9999 -9999 -9999 -9999 -9999
-9999 -9999 -9999 9.54519 11.20770 11.25430 11.26830 12.93650 13.06590 12.75050 14.23800 14.09760 13.79130 15.43370 15.34620 15.28120 15.40870 15.46010 15.48650 15.51060 15.25480 -9999 -9999 -9999 -9999 -9999 -9999 -9999 -9999 -9999 -9999 -9999 -9999 -9999 -9999 -9999 -9999 -9999 -9999 -9999 -9999 -9999 -9999 -9999 -9999 -9999 -9999 -9999 -9999 -9999 -9999 -9999 -9999 -9999 -9999 -9999 -9999 -9999 -9999 -9999 -9999 -9999 -9999 -9999 -9999 -9999 -9999 -9999 -9999 -9999 -9999 -9999
10.83800 11.06350 10.92020 10.95480 11.20770 11.30140 12.66390 13.04330 12.90820 14.62400 14.33080 14.14230 15.86300 15.33370 15.24370 15.17260 16.81200 16.60670 16.61110 16.64230 16.80140 15.16300 15.16390 15.16680 15.17930 15.19710 15.39860 -9999 -9999 -9999 -9999 -9999 -9999 -9999 -9999 -9999 -9999 -9999 -9999 -9999 -9999 -9999 -9999 -9999 -9999 -9999 -9999 -9999 -9999 -9999 -9999 -9999 -9999 -9999 -9999 -9999 -9999 -9999 -9999 -9999 -9999 -9999 -9999 -9999 -9999 -9999 -9999 -9999 -9999 -9999 -9999 -9999
10.73030 10.78120 10.68410 10.70820 10.88170 12.38120 12.53800 13.11920 14.32500 14.50910 14.23460 15.94950 15.21920 15.20140 16.72310 16.35380 16.48220 16.70050 16.56350 16.78890 16.80240 16.70820 16.91110 16.73560 16.86110 16.71110 15.26350 14.91870 14.76540 15.05380 15.00480 14.73170 14.78080 12.98940 12.78940 12.61630 12.47160 10.98320 10.87640 10.79090 10.69280 10.50240 -9999 -9999 -9999 -9999 -9999 -9999 -9999 -9999 -9999 -9999 -9999 -9999 -9999 -9999 -9999 -9999 -9999 -9999 -9999 -9999 -9999 -9999 -9999 -9999 -9999 -9999 -9999 -9999 -9999 -9999
10.18510 10.19710 10.17070 10.04230 10.31350 11.70670 11.80430 11.84420 13.70820 13.98890 15.26350 15.32310 16.70380 16.58890 16.56590 16.27120 17.80240 17.81150 17.94280 18.04090 16.62600 16.68120 16.69860 16.53890 16.51680 16.50430 16.64520 16.43890 16.38650 16.21630 16.32160 14.71680 14.54710 14.30820 13.96780 13.91590 13.61110 12.25140 11.85960 11.76680 11.67210 11.59040 11.39860 -9999 -9999 -9999 -9999 -9999 -9999 -9999 -9999 -9999 -9999 -9999 -9999 -9999 -9999 -9999 -9999 -9999 -9999 -9999 -9999 -9999 -9999 -9999 -9999 -9999 -9999 -9999 -9999 -9999
8.49712 8.37740 7.13221 8.44135 8.45481 9.93750 10.02790 10.16920 11.86540 13.58850 13.67640 15.16830 16.63320 16.62260 17.80340 17.78940 17.63030 17.57160 17.51680 17.80580 17.91920 17.76250 17.90290 17.74620 16.08890 17.74470 17.74130 17.31300 15.65000 15.80960 15.86250 15.71440 15.46680 15.11540 14.77840 13.37020 13.35770 13.07690 12.93320 12.86490 12.90380 12.68220 12.75620 -9999 -9999 -9999 -9999 -9999 -9999 -9999 -9999 -9999 -9999 -9999 -9999 -9999 -9999 -9999 15.48170 15.69420 -9999 -9999 -9999 -9999 16.75290 15.72840 15.95380 16.24520 19.48560 19.72070 21.34570 21.79860
7.97740 8.17212 6.79856 7.99663 9.44712 9.63846 9.56971 11.27740 11.51060 13.20670 14.90050 15.44620 16.64760 16.57500 17.89810 17.44380 17.58080 17.46870 19.03170 17.31150 17.25140 17.27740 18.75630 18.48850 18.29810 18.31730 18.30430 18.28320 16.85670 16.88120 16.93130 16.60910 16.47450 16.15910 15.96350 14.46110 14.28510 14.14330 14.02260 13.93170 13.73460 13.66110 13.76870 13.71920 13.63750 13.76870 13.67640 12.43080 12.45530 12.27450 12.13320 11.98700 13.20620 13.01590 13.00770 14.67840 15.93320 16.15380 16.17600 16.41490 -9999 -9999 -9999 -9999 -9999 19.40340 18.68170 18.89710 19.38650 21.18410 21.44810 23.17740
7.72548 7.70096 6.73125 7.84808 9.24808 9.35529 10.82360 10.81390 12.09180 13.97840 14.15000 15.64810 17.21150 17.72740 17.49370 18.91300 18.71060 18.80720 18.15100 18.03030 17.82400 17.80720 17.75770 17.72120 17.72790 17.74040 17.93030 17.93120 17.96350 17.89860 17.65050 17.42210 17.18120 17.14620 15.48270 15.44660 15.29280 15.29950 15.05140 14.95430 14.90580 15.01440 15.00960 14.97500 14.77740 14.85100 14.90050 13.64660 13.34520 14.55870 14.39090 14.23560 12.87160 12.76920 13.96540 13.68220 13.68270 13.54620 15.85430 17.22600 17.59810 17.72070 19.33120 20.11490 20.42690 20.50290 22.33650 21.76830 22.28220 22.74620 24.63940 24.72400
3.67500 8.68413 6.12740 6.23894 7.54423 8.91106 8.94375 11.78750 13.27980 13.52020 14.92260 15.13940 17.05960 18.42690 18.10960 18.04230 18.11630 18.24130 17.89280 17.35190 17.20530 17.32120 18.73610 18.43700 18.42840 18.51830 18.67360 18.60670 18.71440 18.75190 18.60190 18.62640 18.26440 18.07790 16.70820 16.38850 16.24130 16.21830 15.96060 15.62690 15.63610 15.69180 15.74040 15.83650 15.66060 15.77450 15.98610 16.00290 15.72880 15.74760 16.41200 15.02360 16.26440 14.82600 14.83610 14.59810 14.57930 15.72120 15.66730 15.74620 17.14620 18.87400 20.16250 20.43990 22.53700 22.90100 23.04570 23.42160 24.41200 24.61010 24.88560 26.25620
3.56154 6.02452 8.41490 7.19663 8.75433 9.78317 8.75192 10.20290 11.50290 13.02550 13.86440 15.03650 16.48270 16.48850 18.01200 18.11730 17.46350 17.32880 15.91490 15.68700 17.10140 17.09710 18.33220 18.15770 18.28610 19.59230 19.77400 19.77210 19.88220 19.91060 19.84470 19.46830 19.32400 17.70870 16.94760 16.68850 16.69570 15.28850 15.16970 15.23270 15.31060 15.20670 15.19230 15.05580 15.11680 16.54420 16.54180 17.88320 16.54230 16.27120 15.98700 16.06060 16.92500 16.90140 16.63560 17.63750 16.69950 16.37640 16.50770 16.45050 15.57310 15.68460 19.66970 21.45670 23.07640 23.25480 24.31060 24.75670 25.03510 25.37360 27.58220 27.41630
4.31875 4.32885 4.34952 6.76442 7.81971 8.86490 8.02452 8.08558 9.52163 8.47837 9.88269 11.07550 13.91870 15.25100 16.87160 17.09180 17.12640 16.98850 16.87880 16.92120 16.87600 17.91250 18.01250 19.16110 19.32980 19.34470 19.42550 20.91350 20.40340 20.30480 20.22640 18.57640 18.38030 18.18750 16.76630 16.47310 16.51200 16.22790 15.02020 14.77020 15.93890 15.79130 15.68610 15.61780 15.59760 15.99810 17.12790 18.48560 17.11920 17.00140 17.84230 17.81830 18.94280 17.70380 17.45720 17.23750 16.21060 17.27360 18.57450 18.65100 18.85820 18.88650 20.53370 19.35530 23.96680 23.38080 25.06350 25.67210 27.17840 27.67640 30.91060 31.34280
5.35481 4.29904 4.30865 3.21250 6.31250 7.40337 7.43125 8.61827 8.68173 8.79712 7.77404 7.22692 7.33750 11.18940 13.75770 15.36440 16.86490 17.03080 18.43220 18.14520 18.12930 19.16110 19.30670 18.90240 20.00430 20.23700 20.18850 20.35480 20.27070 19.99370 19.91540 19.83320 18.33850 19.30380 17.95960 16.39420 16.16880 15.98940 15.91630 15.59420 15.44570 16.57020 16.36970 16.32070 16.58370 16.81300 17.82210 17.76830 18.84520 18.65670 19.55870 19.51250 19.54660 19.44370 19.27400 19.33750 18.22640 19.33940 18.38700 19.71920 19.81490 20.92260 23.66490 23.74810 24.76390 25.05820 26.91060 27.12260 27.71390 29.48410 32.80530 33.25480
4.02019 3.09567 3.10240 4.07740 4.08365 4.19904 5.27740 6.52548 8.89279 10.06830 10.08650 9.18029 9.31490 8.45433 9.45625 9.66202 11.05870 13.76250 15.24810 16.64660 17.76300 18.95240 19.17600 20.70820 20.74090 22.19180 22.23610 22.06540 20.35190 21.15580 18.46490 18.40670 18.07360 17.86490 17.59810 17.46150 16.19090 17.04280 16.73120 16.64760 16.51390 17.56250 16.18650 16.32930 16.35870 16.39900 17.41730 18.43850 18.35820 18.10960 19.10580 19.29370 19.22880 20.24710 20.18460 19.34420 20.55910 21.48410 20.58700 21.67310 21.99760 24.08650 25.59330 26.52790 26.50480 25.67980 25.88610 27.57500 29.69710 31.57790 33.43410 35.70340
4.19663 3.13077 4.30433 3.11298 3.23558 4.17115 5.42981 5.46058 7.78942 7.78894 8.89808 8.95288 10.37600 11.43650 11.77400 12.13030 11.00820 11.17600 12.67400 14.05240 15.33700 17.93320 19.58850 20.99420 22.58610 22.58700 22.04660 21.83460 21.37210 20.89090 19.39330 18.08850 18.82690 17.56880 18.36540 18.15140 16.79760 15.80000 16.67550 17.66490 17.51060 17.48990 17.35670 16.24040 16.05530 16.20140 16.96150 18.24660 17.90870 17.84130 18.81830 18.50340 18.62840 19.70240 20.69470 21.85430 21.79760 23.04230 24.38890 25.59900 26.72160 26.94900 28.19180 26.96390 28.54710 28.86870 29.12020 29.71150 30.44900 33.70380 35.62740 36.40910
5.38510 5.27740 5.48269 4.28125 4.16010 4.24231 4.33558 5.42692 6.51250 8.69663 6.54567 7.79423 9.06587 7.94567 8.08413 8.27260 14.40480 12.44950 10.00190 11.37740 12.86350 15.42600 20.67740 22.04710 23.43220 23.28030 22.89520 22.45820 21.90960 20.41540 20.03370 19.95240 19.79520 19.73850 19.49900 18.14810 17.99420 16.73700 16.74860 16.65290 17.46110 17.32600 17.13850 18.21590 17.84620 18.15380 17.99810 18.16880 18.96010 18.99370 19.49040 20.53460 21.77880 22.59180 22.88510 23.98990 24.02450 26.35870 26.76440 28.11730 29.93220 28.94180 28.76590 30.80480 30.94620 30.41680 31.21300 31.55050 33.07790 34.17980 36.71490 39.15140
5.47308 5.60817 6.58750 5.53750 6.51779 6.47644 6.56106 6.56154 6.38894 7.45337 7.52019 8.76635 8.80096 8.96202 9.25865 7.94135 9.55144 12.17500 13.61440 13.59900 13.74280 16.31250 17.63170 20.02160 22.41680 23.67690 22.90380 22.90290 22.50240 21.10620 20.99380 21.81630 20.52500 19.28030 19.16490 18.95670 18.99470 17.87740 17.48510 16.33130 16.35630 15.94710 17.12790 19.43990 19.21540 19.02550 18.98030 19.98890 19.91150 19.89620 21.95670 22.88990 23.09710 24.49620 25.77840 25.95960 27.50530 26.63370 29.30380 29.67020 30.93700 32.08650 32.93220 32.62500 32.57840 31.99130 31.76680 31.57310 32.59860 35.29660 39.24810 41.78990
5.53173 5.58317 5.59135 6.60865 6.42019 7.48750 7.50577 7.35769 8.36010 7.26779 7.24423 8.56010 9.73510 9.84567 10.18700 10.46540 10.70820 10.99570 12.40480 13.71780 16.18700 17.22550 18.42360 18.21010 20.70380 22.79330 22.14520 21.82450 21.41390 21.25720 21.34810 22.44760 21.25770 20.13130 18.73220 18.81590 17.55050 18.64710 17.48990 16.44570 17.22070 17.35620 17.29900 17.37260 19.75240 19.35240 20.38750 21.21920 22.09040 22.00050 23.85290 25.94130 26.07260 27.18890 28.65340 29.16780 29.92640 30.52840 30.64520 32.20050 33.81780 33.79860 34.74090 34.38410 34.45100 33.74180 33.17260 32.76010 34.98800 37.54090 40.78650 44.61680
5.56827 5.63413 5.50144 6.50288 6.38269 7.46538 7.35144 8.13173 8.10577 8.18606 8.17163 7.50625 8.63173 11.20960 12.40620 11.68080 11.96590 10.76630 12.25100 13.42070 14.59280 15.82450 18.11730 18.97400 20.23170 20.96540 21.59330 23.57070 22.04040 23.02020 21.75530 21.92120 19.73750 18.75100 19.60290 18.61390 17.52160 17.39620 18.47160 17.42880 17.29330 17.42980 18.50240 19.83220 19.75050 21.00770 22.19710 23.02640 23.90000 24.91630 25.67740 26.77600 27.64180 28.28220 30.13130 31.88130 33.86010 35.74810 37.20050 36.94370 37.13800 36.53030 37.07930 37.16350 37.10430 36.40100 35.37640 36.62980 36.18700 39.98750 43.71630 46.33120
6.63365 5.44183 5.40192 5.45625 7.44615 7.38606 8.37163 8.27740 9.26346 10.25670 10.49420 10.51870 9.71298 11.04570 11.16970 12.53270 12.73890 14.07980 14.07070 13.21970 15.52310 16.71250 17.66150 19.77120 19.69040 19.37210 21.32840 23.18700 23.81730 21.47360 22.47930 21.57070 20.48270 18.60480 19.53460 18.65340 18.56590 17.43120 18.77980 18.54180 18.34710 19.74520 19.80580 21.15480 21.24280 23.56010 24.66630 25.02740 26.03990 28.55290 28.95190 31.96920 33.96490 36.10720 38.31110 40.13750 40.28700 41.59860 40.83370 41.69420 39.86680 40.55100 39.18080 37.75670 38.88700 39.30340 38.44180 39.68320 42.08940 44.66490 48.05100 53.42210
7.65144 6.57308 6.60721 6.44712 6.38029 6.33990 8.41875 8.36106 9.39519 10.48940 10.56970 10.59420 10.96110 11.10000 12.08850 13.59380 14.81250 14.87980 15.07690 16.43220 16.34570 16.28750 18.53650 21.37690 22.21200 21.84710 23.76110 26.54520 25.01830 24.79330 23.79470 22.62160 21.70960 20.55910 19.43700 19.75050 19.60670 18.70340 19.29570 20.32070 21.16780 21.21200 22.34420 23.76150 25.46440 28.12980 29.42070 30.52690 32.56920 34.62450 36.68460 39.66060 40.89660 44.56630 47.77400 49.74520 50.00140 48.48410 46.87740 45.91630 44.48990 42.34330 40.68030 40.40870 40.10670 41.89810 46.18270 46.32160 48.71590 50.41390 54.27310 58.43610
8.72548 7.51346 8.58702 7.68750 7.44038 6.44375 7.45337 8.50817 8.50865 9.60865 9.64471 11.02550 11.14090 12.33560 13.46680 14.70910 14.68890 15.82790 17.17500 17.85480 17.95910 16.75140 19.06440 21.38560 22.76440 21.09710 23.11250 23.86150 23.49660 25.55960 25.58940 24.52500 23.25580 22.29900 21.17210 21.62980 23.09470 21.49810 21.75290 23.04040 24.90770 24.94620 25.92070 28.09760 29.46920 31.27210 32.47210 33.22020 35.31060 -9999 -9999 43.22840 46.59950 50.30380 51.38750 52.94330 53.46110 51.72880 50.10630 48.69090 46.07550 45.40720 43.44760 44.33560 42.68650 42.48610 47.72260 53.04130 55.15580 58.46490 62.40290 64.01250
9.60721 9.59375 8.39423 9.66875 9.91827 8.60385 9.61154 9.75240 9.86202 9.77885 11.12260 12.29950 12.45100 13.89280 14.77210 14.68940 15.73700 18.00380 16.81630 19.42210 20.80870 20.75960 20.77360 19.50670 20.80910 22.11590 22.83510 23.50820 25.55530 25.48560 29.00340 27.36440 26.21730 25.71540 24.78120 24.69130 25.93410 28.54370 -9999 -9999 -9999 -9999 30.86540 -9999 31.06060 31.59900 34.78750 36.77450 40.41390 -9999 -9999 45.05000 47.34810 48.34860 50.39180 52.04810 51.43750 50.97310 49.66350 50.22930 49.38410 49.10820 48.47550 49.44040 46.27400 46.27360 53.29520 57.98030 60.12120 66.15720 70.35190 -9999
10.75720 11.26250 10.94620 10.78750 11.85050 10.78370 11.99180 13.05910 12.94130 13.21970 14.42160 14.75240 14.86300 16.21540 18.70100 17.59380 20.64710 21.04710 20.93130 21.51010 22.77360 23.22120 23.29860 23.50380 24.26060 22.90480 23.96540 24.65480 26.81590 29.22690 30.38940 30.71970 30.57120 29.36590 30.98410 30.96060 -9999 -9999 -9999 -9999 -9999 -9999 -9999 35.03850 35.54810 37.58560 -9999 -9999 -9999 -9999 -9999 47.79090 48.28460 47.33990 49.36680 48.97840 50.00820 50.99760 52.17360 52.99280 53.77880 53.65050 53.31110 54.19180 55.17550 60.67640 60.12500 63.73080 69.33510 -9999 -9999 -9999
