data/hydroclimate-scenarios/1948-2000.Pcorr55N_Pref_Tref/monthly_summaries/precip_monthly_tot_feb.asc
ncols	311
nrows	91
xllcenter	102.75
yllcenter	31.75
cellsize	0.5
NODATA_value	-9999
[rows 0 to 31 of 91, columns 216 to 287 of 311]
-9999 -9999 -9999 -9999 -9999 -9999 -9999 -9999 -9999 -9999 -9999 -9999 -9999 -9999 -9999 -9999 -9999 -9999 -9999 -9999 -9999 -9999 -9999 -9999 -9999 -9999 -9999 -9999 -9999 -9999 -9999 -9999 -9999 -9999 -9999 -9999 -9999 -9999 -9999 -9999 -9999 -9999 -9999 -9999 -9999 -9999 -9999 -9999 -9999 -9999 -9999 -9999 -9999 -9999 -9999 -9999 -9999 -9999 -9999 -9999 -9999 -9999 -9999 -9999 -9999 -9999 -9999 -9999 -9999 -9999 -9999 -9999
-9999 -9999 -9999 -9999 -9999 -9999 -9999 -9999 -9999 -9999 -9999 -9999 -9999 -9999 -9999 -9999 -9999 -9999 -9999 -9999 -9999 -9999 -9999 -9999 -9999 -9999 -9999 -9999 -9999 -9999 -9999 -9999 -9999 -9999 -9999 -9999 -9999 -9999 -9999 -9999 -9999 -9999 -9999 -9999 -9999 -9999 -9999 -9999 -9999 -9999 -9999 -9999 -9999 -9999 -9999 -9999 -9999 -9999 -9999 -9999 -9999 -9999 -9999 -9999 -9999 -9999 -9999 -9999 -9999 -9999 -9999 -9999
-9999 -9999 -9999 -9999 -9999 -9999 -9999 -9999 -9999 -9999 -9999 -9999 -9999 -9999 -9999 -9999 -9999 -9999 -9999 -9999 -9999 -9999 -9999 -9999 -9999 -9999 -9999 -9999 -9999 -9999 -9999 -9999 -9999 -9999 -9999 -9999 -9999 -9999 -9999 -9999 -9999 -9999 -9999 -9999 -9999 -9999 -9999 -9999 -9999 -9999 -9999 -9999 -9999 -9999 -9999 -9999 -9999 -9999 -9999 -9999 -9999 -9999 -9999 -9999 -9999 -9999 -9999 -9999 -9999 -9999 -9999 -9999
-9999 -9999 -9999 -9999 -9999 -9999 -9999 -9999 -9999 -9999 -9999 -9999 -9999 -9999 -9999 -9999 -9999 -9999 -9999 -9999 -9999 -9999 -9999 -9999 -9999 -9999 -9999 -9999 -9999 -9999 -9999 -9999 -9999 -9999 -9999 -9999 -9999 -9999 -9999 -9999 -9999 -9999 -9999 -9999 -9999 -9999 -9999 -9999 -9999 -9999 -9999 -9999 -9999 -9999 -9999 -9999 -9999 -9999 -9999 -9999 -9999 -9999 -9999 -9999 -9999 -9999 -9999 -9999 -9999 -9999 -9999 -9999
-9999 -9999 -9999 -9999 -9999 -9999 -9999 -9999 -9999 -9999 -9999 -9999 -9999 -9999 -9999 -9999 -9999 -9999 -9999 -9999 -9999 -9999 -9999 -9999 -9999 -9999 -9999 -9999 -9999 -9999 -9999 -9999 -9999 -9999 -9999 -9999 -9999 -9999 -9999 -9999 -9999 -9999 -9999 -9999 -9999 -9999 -9999 -9999 -9999 -9999 -9999 -9999 -9999 -9999 -9999 -9999 -9999 -9999 -9999 -9999 -9999 -9999 -9999 -9999 -9999 -9999 -9999 -9999 -9999 -9999 -9999 -9999
-9999 -9999 -9999 -9999 -9999 -9999 -9999 -9999 -9999 -9999 -9999 -9999 -9999 -9999 -9999 -9999 -9999 -9999 -9999 -9999 -9999 -9999 -9999 -9999 -9999 -9999 -9999 -9999 -9999 -9999 -9999 -9999 -9999 -9999 -9999 -9999 -9999 -9999 -9999 -9999 -9999 -9999 -9999 -9999 -9999 -9999 -9999 -9999 -9999 -9999 -9999 -9999 -9999 -9999 -9999 -9999 -9999 -9999 -9999 -9999 -9999 -9999 -9999 -9999 -9999 -9999 -9999 -9999 -9999 -9999 -9999 -9999
-9999 -9999 -9999 -9999 -9999 -9999 -9999 -9999 -9999 -9999 -9999 -9999 -9999 -9999 -9999 -9999 -9999 -9999 -9999 -9999 -9999 -9999 -9999 -9999 -9999 -9999 -9999 -9999 -9999 -9999 -9999 -9999 -9999 -9999 -9999 -9999 -9999 -9999 -9999 -9999 -9999 -9999 -9999 -9999 -9999 -9999 -9999 -9999 -9999 -9999 -9999 -9999 -9999 -9999 -9999 -9999 -9999 -9999 -9999 -9999 -9999 -9999 -9999 -9999 -9999 -9999 -9999 -9999 -9999 -9999 -9999 -9999
-9999 -9999 -9999 -9999 -9999 -9999 -9999 -9999 -9999 -9999 -9999 -9999 -9999 -9999 -9999 -9999 -9999 -9999 -9999 -9999 -9999 -9999 -9999 -9999 -9999 -9999 -9999 -9999 -9999 -9999 -9999 -9999 -9999 -9999 -9999 -9999 -9999 -9999 -9999 -9999 -9999 -9999 -9999 -9999 -9999 -9999 -9999 -9999 -9999 -9999 -9999 -9999 -9999 -9999 -9999 -9999 -9999 -9999 -9999 -9999 -9999 -9999 -9999 -9999 -9999 -9999 -9999 -9999 -9999 -9999 -9999 -9999
-9999 -9999 -9999 -9999 -9999 -9999 -9999 -9999 -9999 -9999 -9999 -9999 -9999 -9999 -9999 -9999 -9999 -9999 -9999 -9999 -9999 -9999 -9999 -9999 -9999 -9999 -9999 -9999 -9999 -9999 -9999 -9999 -9999 -9999 -9999 -9999 -9999 -9999 -9999 -9999 -9999 -9999 -9999 -9999 -9999 -9999 -9999 -9999 -9999 -9999 -9999 -9999 -9999 -9999 -9999 -9999 -9999 -9999 -9999 -9999 -9999 -9999 -9999 -9999 -9999 -9999 -9999 -9999 -9999 -9999 -9999 -9999
-9999 -9999 -9999 -9999 -9999 -9999 -9999 -9999 -9999 -9999 -9999 -9999 -9999 -9999 -9999 -9999 -9999 -9999 -9999 -9999 -9999 -9999 -9999 -9999 -9999 -9999 -9999 -9999 -9999 -9999 -9999 -9999 -9999 -9999 -9999 -9999 -9999 -9999 -9999 -9999 -9999 -9999 -9999 -9999 -9999 -9999 -9999 -9999 -9999 -9999 -9999 -9999 -9999 -9999 -9999 -9999 -9999 -9999 -9999 -9999 -9999 -9999 -9999 -9999 -9999 -9999 -9999 -9999 -9999 -9999 -9999 -9999
-9999 -9999 -9999 -9999 -9999 -9999 -9999 -9999 -9999 -9999 -9999 -9999 -9999 -9999 -9999 -9999 -9999 -9999 -9999 -9999 -9999 -9999 -9999 -9999 -9999 -9999 -9999 -9999 -9999 -9999 -9999 -9999 -9999 -9999 -9999 -9999 -9999 -9999 -9999 -9999 -9999 -9999 -9999 -9999 -9999 -9999 -9999 -9999 -9999 -9999 -9999 -9999 -9999 -9999 -9999 -9999 -9999 -9999 -9999 -9999 -9999 -9999 -9999 -9999 -9999 -9999 -9999 -9999 -9999 -9999 -9999 -9999
-9999 -9999 -9999 -9999 -9999 -9999 -9999 -9999 -9999 -9999 -9999 -9999 -9999 -9999 -9999 -9999 -9999 -9999 -9999 -9999 -9999 -9999 -9999 -9999 -9999 -9999 -9999 -9999 -9999 -9999 -9999 -9999 -9999 -9999 -9999 -9999 -9999 -9999 -9999 -9999 -9999 -9999 -9999 -9999 -9999 -9999 -9999 -9999 -9999 -9999 -9999 -9999 -9999 -9999 -9999 -9999 -9999 -9999 -9999 -9999 -9999 -9999 -9999 -9999 -9999 -9999 -9999 -9999 -9999 -9999 -9999 -9999
-9999 -9999 -9999 -9999 -9999 -9999 -9999 -9999 -9999 -9999 -9999 -9999 -9999 -9999 -9999 -9999 -9999 -9999 -9999 -9999 -9999 -9999 -9999 -9999 -9999 -9999 -9999 -9999 -9999 -9999 -9999 -9999 -9999 -9999 -9999 -9999 -9999 -9999 -9999 -9999 -9999 -9999 -9999 -9999 -9999 -9999 -9999 -9999 -9999 -9999 -9999 -9999 -9999 -9999 -9999 -9999 -9999 -9999 -9999 -9999 -9999 -9999 -9999 -9999 -9999 -9999 -9999 -9999 -9999 -9999 -9999 -9999
11.77400 0.00000 0.00000 -9999 -9999 -9999 -9999 -9999 -9999 -9999 -9999 -9999 -9999 -9999 -9999 -9999 -9999 -9999 -9999 -9999 -9999 -9999 -9999 -9999 -9999 -9999 -9999 -9999 -9999 -9999 -9999 -9999 -9999 -9999 -9999 -9999 -9999 -9999 -9999 -9999 -9999 -9999 -9999 -9999 6.99952 -9999 -9999 -9999 -9999 -9999 -9999 -9999 -9999 -9999 -9999 -9999 -9999 -9999 -9999 -9999 -9999 -9999 -9999 -9999 -9999 -9999 -9999 -9999 -9999 -9999 -9999 -9999
11.75140 12.09280 11.91870 0.00000 0.00000 0.00000 0.00000 0.00000 0.00000 0.00000 12.91830 12.16970 11.70580 10.81010 8.84327 33.11730 -9999 -9999 -9999 -9999 -9999 -9999 -9999 -9999 -9999 -9999 -9999 -9999 -9999 -9999 -9999 -9999 -9999 -9999 -9999 -9999 -9999 -9999 -9999 3.87260 3.77596 5.26346 5.42404 5.74712 7.49087 9.09856 -9999 -9999 -9999 6.69904 -9999 -9999 -9999 6.18942 8.04327 7.16154 -9999 -9999 -9999 -9999 -9999 -9999 -9999 -9999 -9999 -9999 -9999 -9999 -9999 -9999 -9999 -9999
12.37880 12.62160 12.70770 0.00000 0.00000 0.00000 0.00000 0.00000 0.00000 0.00000 0.00000 0.00000 0.00000 0.00000 0.00000 0.00000 0.00000 0.00000 5.16298 11.96920 11.95720 5.48606 -9999 -9999 -9999 -9999 -9999 9.82212 10.09810 10.82500 11.53750 11.97640 11.94470 10.33610 10.17840 8.79038 8.70048 8.39712 8.60721 5.90288 6.63654 8.24856 7.53942 8.87500 11.13220 10.31390 11.97160 10.64090 9.89183 9.47548 10.22160 8.83173 8.63221 10.93460 11.22260 12.29090 12.33080 8.48269 7.70817 9.36538 8.20769 -9999 -9999 -9999 -9999 -9999 -9999 -9999 -9999 -9999 -9999 -9999
14.74090 14.44710 15.22400 0.00000 0.00000 0.00000 0.00000 0.00000 0.00000 0.00000 0.00000 0.00000 0.00000 0.00000 0.00000 0.00000 0.00000 0.00000 5.57163 11.63800 8.74471 7.97404 7.69327 7.66298 9.66971 12.08320 12.03610 11.74280 11.75580 11.86200 13.78850 15.07020 12.89470 12.28750 12.53750 13.37120 11.64470 11.78850 12.45770 12.43890 11.37600 12.80380 12.03320 13.22400 12.80670 12.02400 11.64470 11.78370 11.25480 12.02740 12.13650 12.64470 14.13700 12.60770 13.24760 12.63460 13.23030 12.00770 12.76490 12.07740 14.59470 12.17360 10.15100 9.80865 9.62308 9.06779 8.81923 10.20430 8.84615 -9999 -9999 -9999
24.78850 23.14950 0.00000 0.00000 0.00000 0.00000 0.00000 0.00000 0.00000 0.00000 0.00000 0.00000 0.00000 0.00000 0.00000 11.19620 6.16827 12.52210 13.38080 16.75430 19.58410 9.91106 10.98120 11.69860 16.04860 17.86780 20.87880 19.71880 13.13750 13.84040 15.04660 15.96540 16.92930 16.94620 19.16060 17.46970 17.21110 15.37210 16.16110 14.77740 13.76780 13.88750 12.55910 13.50000 13.86200 13.90870 13.70720 13.81440 14.24570 14.93370 16.20910 13.91780 15.31830 15.99900 13.06730 13.06780 13.85820 15.10380 16.30000 15.24280 16.80340 13.98120 12.75870 12.24130 13.08170 15.06590 15.02640 14.77880 12.55960 -9999 8.52596 -9999
17.03410 17.76830 14.71490 12.83170 0.00000 0.00000 0.00000 0.00000 0.00000 0.00000 0.00000 0.00000 0.00000 3.91346 3.73173 9.28798 7.58462 11.82640 13.49570 19.10380 16.47930 10.67360 11.77500 15.46730 16.68610 17.73940 21.74230 25.83130 19.13750 18.40580 17.91780 17.90820 19.31200 20.77690 19.42880 17.16150 18.17550 17.02640 15.96300 14.31250 15.04760 15.71250 15.32640 17.03850 17.68410 18.37840 18.41440 18.21630 18.05530 17.54280 15.34280 16.28990 15.20670 13.81490 14.30720 15.63510 16.02450 15.95960 16.38990 16.14810 14.86010 14.87840 16.65580 16.75820 15.76970 14.47840 15.22740 15.07070 14.81780 14.61250 -9999 -9999
15.71970 13.91970 12.95770 11.39860 11.68030 9.53558 8.23990 6.59567 0.00000 5.67933 4.96827 4.73846 4.44471 4.61058 4.76298 15.91010 14.79230 11.51060 18.14040 19.53850 22.23800 11.49950 11.84710 14.24330 17.17690 21.43940 27.53890 30.64760 29.14520 23.55000 22.24620 20.01540 17.79040 18.16200 16.95620 17.35960 19.75960 18.14810 17.19950 19.82640 21.99230 20.74660 20.91350 22.97790 21.07160 21.61490 20.42840 20.75380 22.81830 18.50190 17.68460 18.11630 16.67640 17.56200 18.31630 17.07360 14.52840 13.58800 13.28940 13.90140 16.17500 16.73080 16.51200 17.65380 21.31830 21.10580 20.28940 21.57360 24.14330 22.48800 21.58320 -9999
19.13700 15.07020 13.01250 12.03410 11.51970 9.70337 9.53510 9.43606 9.41058 9.29663 8.78654 7.36538 5.52885 5.30673 6.18750 11.25290 11.14380 9.16442 10.53650 16.33700 18.68800 11.30480 13.82400 16.36870 18.41920 21.42930 29.09420 29.11300 27.88370 27.37740 24.19620 20.35530 18.71830 19.46300 19.35580 18.39330 19.31010 20.08650 18.21350 19.92880 20.43370 20.18890 20.02640 21.40670 23.56730 22.53270 23.82600 25.88030 22.26390 22.16920 22.00720 19.34090 18.95000 19.99370 16.40190 15.07840 14.15720 14.00870 13.77070 13.34660 14.04330 15.00960 17.41970 18.61870 22.62840 21.89280 23.74710 23.87740 23.59860 25.22020 25.69040 26.16350
12.13700 11.32360 11.01390 10.56830 10.52450 10.16250 10.34950 10.41110 10.51250 11.03170 11.28120 10.85770 8.60625 8.04327 7.75144 15.30630 12.95580 8.54183 5.72212 4.56587 13.38510 11.03800 17.13850 21.21010 25.78940 23.10340 27.60580 32.27690 33.09710 31.24130 28.18750 23.83370 22.00530 21.29420 20.96060 19.74090 20.72500 20.28320 18.75340 19.32840 18.77740 19.27160 19.95580 22.73460 24.91590 24.39520 25.49370 28.53850 25.41200 22.41300 19.84900 19.14710 18.74760 16.45580 17.56300 17.25240 15.70530 14.63800 14.43800 13.88940 14.25430 15.96590 13.89420 15.15380 18.83610 21.47260 22.86780 24.53510 23.05720 20.40910 20.69470 22.56920
12.65340 11.58560 12.06490 14.84860 16.85960 14.82640 13.68080 0.00000 0.00000 11.26150 10.96150 13.21830 12.96540 13.06590 11.87790 16.24950 18.00870 8.91058 11.37640 9.96394 15.51680 11.27740 16.11440 18.70100 21.09570 24.00910 27.87740 27.29040 26.31830 26.65480 28.24570 27.92020 28.36780 29.88610 28.37550 32.75580 30.93080 31.52740 28.53800 24.43080 22.48370 23.52070 27.68460 30.11390 37.96730 39.35190 39.04330 36.15720 31.72070 24.99620 23.62020 22.31830 21.45190 20.63650 20.10530 17.60620 16.32310 16.18610 15.31010 16.25000 16.30380 15.67160 15.91870 18.78460 19.23080 20.68320 21.76590 22.92740 25.36250 24.45820 22.71970 23.98320
12.23030 9.77644 10.73700 12.75770 11.43220 13.54380 15.30430 0.00000 0.00000 0.00000 0.00000 0.00000 0.00000 13.13030 12.83750 18.46110 22.08130 15.31250 10.96920 13.73940 17.33270 15.05670 13.98080 21.63320 22.50480 26.60290 29.60910 29.27500 30.91150 31.06830 32.61010 40.59380 35.53130 38.51540 42.98320 49.10190 39.60430 51.14950 51.00000 52.87790 53.65530 55.54090 55.77400 48.76110 43.11920 52.43800 44.88510 33.62790 25.59760 25.86780 24.92450 20.64090 22.69380 21.53320 18.32160 18.06200 21.81730 21.87400 15.74470 16.55960 18.79040 17.83370 18.10910 17.87160 18.25960 18.82600 19.54130 21.80870 23.36540 24.90050 24.63370 22.60430
11.88940 10.99760 10.76010 9.99279 9.24375 11.93750 12.83700 16.58080 0.00000 0.00000 0.00000 0.00000 0.00000 0.01442 0.00962 12.10050 34.13850 25.11630 12.61540 11.04130 10.02160 10.36490 13.49330 13.34090 17.39180 22.13750 24.40000 25.39660 31.27310 28.04330 30.98800 30.30000 32.93560 39.17500 35.82260 46.03750 45.37160 66.56540 68.32880 72.59180 76.57980 88.43610 99.29330 98.60910 77.33560 52.34180 36.95870 31.51920 24.22980 22.39370 25.96150 25.07210 23.25770 20.70480 20.02880 17.72600 17.69090 19.43320 23.48220 25.53510 24.06830 18.91300 16.72880 16.24130 17.07690 17.31440 17.51630 19.01780 19.85620 22.98510 25.18750 25.79570
12.38750 12.86010 12.22210 12.08080 10.04520 9.58462 9.31010 11.88130 14.48510 16.10910 17.52550 16.71880 14.49660 12.93560 0.00962 19.58850 24.27550 15.69330 27.23750 10.70960 16.84950 12.41630 12.19660 13.29950 16.57740 21.52260 28.19570 28.07690 29.99620 26.30190 26.03410 24.46630 29.47450 33.70100 36.76590 43.58750 52.02550 60.25380 73.15240 72.85290 81.12450 82.11110 91.47840 96.76880 84.94520 78.20100 59.78650 47.98700 36.58890 26.55430 34.25870 38.27360 26.65000 24.41730 24.00620 21.05910 20.73940 21.49180 24.01540 24.40530 21.94900 21.75240 21.35630 19.28220 16.19230 17.23460 17.13650 18.65430 20.28800 20.79520 23.89900 25.94180
21.29180 18.32120 24.83130 43.58370 61.64860 52.16440 41.74330 32.96350 43.64810 23.01730 11.43270 10.22930 12.73610 11.54370 11.29470 22.51200 18.98750 15.49370 16.05480 16.80190 20.05670 18.97790 20.51970 25.76490 28.39470 34.45910 39.42600 39.80240 26.67400 27.63080 24.77020 24.26870 24.74950 29.22210 33.79950 44.06680 50.95770 60.52400 63.70240 73.86970 81.99760 93.70910 95.24330 95.42690 100.95500 88.58610 70.39040 58.23460 50.13650 36.90380 30.20140 29.26540 33.83560 27.96060 26.47210 26.44130 24.95240 23.89520 25.19370 26.18170 26.83270 24.70580 21.84180 21.32210 18.23080 17.37690 16.61540 18.65530 20.75820 22.82790 24.82450 26.20480
35.60720 32.07400 30.09090 34.53370 44.88030 57.04660 64.67160 54.87600 88.26440 69.24370 44.46880 31.91680 16.90340 10.79520 10.31730 21.52400 25.11390 17.13410 26.41680 21.02640 24.74180 17.37020 19.42600 22.53610 31.91010 30.83170 32.78320 36.03800 25.66010 22.46110 19.53220 18.16250 21.50480 27.15100 34.08410 38.65630 48.81830 56.63030 72.48610 83.31970 84.03370 91.89280 98.61390 105.43100 107.57300 89.80670 79.65720 75.31060 65.13890 50.44130 40.63510 29.65050 35.37210 32.33610 29.80960 27.52070 28.86150 27.18410 27.42740 26.66010 24.56970 24.23990 22.75580 20.89520 21.05870 17.74570 17.60720 17.10530 19.20620 22.98320 26.38080 27.15240
41.15630 30.88850 29.31250 41.87690 27.50340 24.45530 23.72070 21.72840 22.89380 19.42160 21.83510 22.81590 24.11060 19.76870 10.45190 18.51830 26.35820 34.56540 45.63800 31.95190 22.84570 9.63077 9.33029 18.32840 21.16010 21.03650 22.68460 21.91540 16.25240 15.70000 13.89130 14.55240 20.65140 28.71920 35.22210 41.99470 47.71590 55.48320 66.87640 78.55910 85.82260 103.13900 104.49200 117.74900 119.82600 105.88600 112.54700 92.98270 80.30720 63.37790 46.19660 39.79230 28.36920 32.00670 31.77980 26.59760 25.80000 25.14230 25.04570 25.49570 23.74370 24.07980 24.46250 24.89660 23.88270 22.45340 18.71730 18.45050 18.46350 22.09230 24.20580 25.41010
67.88080 76.11350 57.49950 37.86780 29.68370 19.72500 18.61880 17.24950 19.66540 36.31970 53.03560 53.74370 48.53120 39.80720 22.52690 32.99230 45.04090 51.17740 68.65140 59.29860 27.46300 11.97550 12.63750 13.49760 15.21630 18.66540 20.30720 16.19090 13.19900 11.81830 11.88460 15.02980 23.48800 28.72400 35.87930 43.82450 49.51390 62.05820 72.18700 83.14130 102.30100 104.91800 119.92900 110.88300 116.36100 118.17600 117.54600 100.40800 89.86590 75.83320 57.67790 45.30000 29.48460 31.82160 34.54280 29.48220 32.39900 36.01150 44.46300 44.64230 42.20770 39.28320 31.62160 24.03220 23.92640 24.05380 22.01060 20.91150 20.41010 25.53700 25.91630 22.57790
61.49090 58.95480 37.38510 62.00770 93.03170 96.13270 55.66110 42.32740 26.20340 33.62260 50.02210 90.96110 107.33200 92.21250 77.30430 66.77980 79.69950 80.28080 92.70340 69.88220 35.02160 21.24710 18.87600 19.66300 24.01250 25.24810 20.73990 16.62550 11.53130 8.88365 11.04760 19.51920 28.03700 32.88320 37.19900 38.52840 46.73510 56.54180 67.91630 67.12020 86.35290 97.47690 99.64660 108.78000 91.87310 81.06490 70.84710 63.77930 66.99660 75.23370 55.18700 42.46010 38.18890 32.01110 34.39230 26.29470 26.72210 27.14520 27.84810 28.35050 28.76250 25.27930 25.53560 24.35530 24.47690 25.37120 25.64760 23.76150 21.96110 21.80050 21.31060 20.90910
65.50530 146.69099 282.48300 -9999 384.58899 309.28799 222.97200 212.59000 129.10400 117.65000 90.23700 82.78800 75.58560 46.16680 74.55620 145.74200 184.25000 198.23500 198.37000 152.01700 98.73850 64.41150 56.45100 44.34420 38.49660 41.45580 37.89710 31.61680 17.76350 13.59420 17.06350 22.68560 28.58850 34.94810 43.27880 51.07980 58.70190 69.10720 77.62500 72.43850 65.19710 91.36730 83.27930 97.07260 82.50720 71.58800 65.50340 62.16970 58.69620 62.92120 56.13610 40.26590 35.28560 27.59090 26.81880 28.51060 28.30000 27.87450 24.45340 23.77310 23.31870 22.82310 23.68940 23.81880 23.69860 24.26490 25.04370 24.90100 23.50290 22.01970 20.32690 19.77400
