data/hydroclimate-scenarios/1948-2000.Pcorr55N_Pref_Tref/monthly_summaries/precip_monthly_tot_may.1950-2000.asc
ncols	311
nrows	91
xllcenter	102.75
yllcenter	31.75
cellsize	0.5
NODATA_value	-9999
[rows 0 to 31 of 91, columns 0 to 70 of 311]
-9999 -9999 -9999 -9999 -9999 -9999 -9999 -9999 -9999 -9999 -9999 -9999 -9999 -9999 -9999 -9999 -9999 -9999 -9999 -9999 -9999 -9999 -9999 -9999 -9999 -9999 -9999 -9999 -9999 -9999 -9999 -9999 -9999 -9999 -9999 -9999 -9999 -9999 -9999 -9999 -9999 -9999 -9999 -9999 -9999 -9999 -9999 -9999 -9999 -9999 -9999 -9999 -9999 -9999 -9999 -9999 -9999 -9999 -9999 -9999 -9999 -9999 -9999 -9999 -9999 -9999 -9999 -9999 -9999 -9999 -9999
-9999 -9999 -9999 -9999 -9999 -9999 -9999 -9999 -9999 -9999 -9999 -9999 -9999 -9999 -9999 -9999 -9999 -9999 -9999 -9999 -9999 -9999 -9999 -9999 -9999 -9999 -9999 -9999 -9999 -9999 -9999 -9999 -9999 -9999 -9999 -9999 -9999 -9999 -9999 -9999 -9999 -9999 -9999 -9999 -9999 -9999 -9999 -9999 -9999 -9999 -9999 -9999 -9999 -9999 -9999 -9999 -9999 -9999 -9999 -9999 -9999 -9999 -9999 -9999 -9999 -9999 -9999 -9999 -9999 -9999 -9999
-9999 -9999 -9999 -9999 -9999 -9999 -9999 -9999 -9999 -9999 -9999 -9999 -9999 -9999 -9999 -9999 -9999 -9999 -9999 -9999 -9999 -9999 -9999 -9999 -9999 -9999 -9999 -9999 -9999 -9999 -9999 -9999 -9999 -9999 -9999 -9999 -9999 -9999 -9999 -9999 -9999 -9999 -9999 -9999 -9999 -9999 -9999 -9999 -9999 -9999 -9999 -9999 -9999 -9999 -9999 -9999 -9999 -9999 -9999 -9999 -9999 -9999 -9999 -9999 -9999 -9999 -9999 -9999 -9999 -9999 -9999
-9999 -9999 -9999 -9999 -9999 -9999 -9999 -9999 -9999 -9999 -9999 -9999 -9999 -9999 -9999 -9999 -9999 -9999 -9999 -9999 -9999 -9999 -9999 -9999 -9999 -9999 -9999 -9999 -9999 -9999 -9999 -9999 -9999 -9999 -9999 -9999 -9999 -9999 -9999 -9999 -9999 -9999 -9999 -9999 -9999 -9999 -9999 -9999 -9999 -9999 -9999 -9999 -9999 -9999 -9999 -9999 -9999 -9999 -9999 -9999 -9999 -9999 -9999 -9999 -9999 -9999 -9999 -9999 -9999 -9999 -9999
-9999 -9999 -9999 -9999 -9999 -9999 -9999 -9999 -9999 -9999 -9999 -9999 -9999 -9999 -9999 -9999 -9999 -9999 -9999 -9999 -9999 -9999 -9999 -9999 -9999 -9999 -9999 -9999 -9999 -9999 -9999 -9999 -9999 -9999 -9999 -9999 -9999 -9999 -9999 -9999 -9999 -9999 -9999 -9999 -9999 -9999 -9999 -9999 -9999 -9999 -9999 -9999 -9999 -9999 -9999 -9999 -9999 -9999 -9999 -9999 -9999 -9999 -9999 -9999 -9999 -9999 -9999 -9999 -9999 -9999 -9999
-9999 -9999 -9999 -9999 -9999 -9999 -9999 -9999 -9999 -9999 -9999 -9999 -9999 -9999 -9999 -9999 -9999 -9999 -9999 -9999 -9999 -9999 -9999 -9999 -9999 -9999 -9999 -9999 -9999 -9999 -9999 -9999 -9999 -9999 -9999 -9999 -9999 -9999 -9999 -9999 -9999 -9999 -9999 -9999 -9999 -9999 -9999 -9999 -9999 -9999 -9999 -9999 -9999 -9999 -9999 -9999 -9999 -9999 -9999 -9999 -9999 -9999 -9999 -9999 -9999 -9999 -9999 -9999 -9999 -9999 -9999
-9999 -9999 -9999 -9999 -9999 -9999 -9999 -9999 -9999 -9999 -9999 -9999 -9999 -9999 -9999 -9999 -9999 -9999 -9999 -9999 -9999 -9999 -9999 -9999 -9999 -9999 -9999 -9999 -9999 -9999 -9999 -9999 -9999 -9999 -9999 -9999 -9999 -9999 -9999 -9999 -9999 -9999 -9999 -9999 -9999 -9999 -9999 -9999 -9999 -9999 -9999 -9999 -9999 -9999 -9999 -9999 -9999 -9999 -9999 -9999 -9999 -9999 -9999 -9999 -9999 -9999 -9999 -9999 -9999 -9999 -9999
-9999 -9999 -9999 -9999 -9999 -9999 -9999 -9999 -9999 -9999 -9999 -9999 -9999 -9999 -9999 -9999 -9999 -9999 -9999 -9999 -9999 -9999 -9999 -9999 -9999 -9999 -9999 -9999 -9999 -9999 -9999 -9999 -9999 -9999 -9999 -9999 -9999 -9999 -9999 -9999 -9999 -9999 19.27990 20.44660 20.02750 18.52060 18.20780 17.75440 17.21270 15.99750 15.83280 14.62840 -9999 -9999 -9999 -9999 -9999 -9999 -9999 -9999 -9999 -9999 -9999 -9999 -9999 -9999 -9999 -9999 -9999 -9999 -9999
-9999 -9999 -9999 -9999 -9999 -9999 -9999 -9999 -9999 -9999 -9999 -9999 -9999 -9999 -9999 -9999 -9999 -9999 -9999 -9999 -9999 -9999 -9999 -9999 -9999 -9999 -9999 -9999 -9999 -9999 -9999 -9999 -9999 -9999 -9999 -9999 -9999 -9999 22.18920 23.43430 23.26620 21.91420 21.97890 21.82840 20.02250 19.94710 18.87990 18.69950 17.14120 16.98330 15.44800 14.61080 14.50290 13.33530 -9999 -9999 -9999 -9999 -9999 -9999 -9999 -9999 -9999 -9999 -9999 -9999 -9999 -9999 -9999 -9999 -9999
-9999 -9999 -9999 -9999 -9999 -9999 -9999 -9999 -9999 -9999 -9999 -9999 -9999 -9999 -9999 -9999 -9999 -9999 -9999 -9999 -9999 -9999 -9999 -9999 -9999 -9999 -9999 -9999 -9999 -9999 -9999 -9999 -9999 -9999 -9999 -9999 -9999 -9999 -9999 -9999 22.12840 22.49560 23.74850 23.53680 23.67550 23.29750 21.44850 19.75540 19.44710 19.51620 18.26910 15.55250 14.51910 13.13380 -9999 -9999 -9999 -9999 -9999 -9999 -9999 -9999 -9999 -9999 -9999 -9999 -9999 -9999 -9999 -9999 -9999
-9999 -9999 -9999 -9999 -9999 -9999 -9999 -9999 -9999 -9999 -9999 -9999 -9999 -9999 -9999 -9999 -9999 -9999 -9999 -9999 -9999 -9999 -9999 -9999 -9999 -9999 -9999 -9999 -9999 -9999 -9999 -9999 -9999 -9999 -9999 -9999 -9999 -9999 -9999 -9999 -9999 -9999 -9999 -9999 23.07940 23.04950 25.04020 23.45390 21.87110 20.84610 19.91180 21.54510 16.17160 14.84610 -9999 -9999 -9999 -9999 -9999 -9999 13.11320 -9999 -9999 -9999 -9999 -9999 -9999 -9999 -9999 -9999 -9999
-9999 -9999 -9999 -9999 -9999 -9999 -9999 -9999 -9999 -9999 -9999 -9999 -9999 -9999 -9999 -9999 -9999 -9999 -9999 -9999 -9999 -9999 -9999 -9999 -9999 -9999 -9999 -9999 -9999 -9999 -9999 -9999 -9999 -9999 -9999 -9999 -9999 -9999 -9999 -9999 -9999 26.89120 25.48630 26.96130 26.63770 23.83330 24.57110 25.19750 23.74750 22.65740 23.05540 21.82350 18.48240 17.11910 -9999 -9999 -9999 -9999 -9999 12.69360 12.92990 12.79070 12.95000 12.75930 12.83430 12.76320 12.75150 12.74510 12.61670 11.41420 11.66420
-9999 -9999 -9999 -9999 -9999 -9999 -9999 -9999 -9999 -9999 -9999 -9999 -9999 -9999 -9999 -9999 -9999 -9999 -9999 -9999 -9999 -9999 -9999 -9999 -9999 -9999 -9999 -9999 -9999 -9999 -9999 -9999 -9999 -9999 -9999 -9999 -9999 -9999 -9999 -9999 -9999 25.78480 26.23280 24.79220 23.54120 22.80000 22.44460 23.19900 22.64710 22.52500 21.29410 24.13480 23.03280 20.90000 18.97700 18.82010 16.48330 -9999 13.75590 13.76130 13.75390 13.81670 13.78970 15.01370 15.11960 13.72450 13.86570 13.71670 12.47940 12.50100 12.44610
-9999 -9999 -9999 -9999 -9999 -9999 -9999 -9999 -9999 -9999 -9999 -9999 -9999 -9999 -9999 -9999 -9999 -9999 -9999 -9999 -9999 -9999 -9999 -9999 -9999 -9999 -9999 -9999 -9999 -9999 -9999 -9999 -9999 -9999 -9999 24.26320 24.23770 25.16810 25.17840 24.03330 23.95830 22.89260 24.03580 24.13240 22.75000 22.40690 22.11320 22.98430 22.62990 23.76910 24.93090 26.16080 27.84660 25.51230 24.49750 24.64120 19.76570 17.24950 14.55250 14.71270 13.40490 14.84410 14.96520 18.65830 17.32010 14.84360 14.90100 14.84560 13.58380 13.64360 13.55050
-9999 -9999 -9999 -9999 -9999 -9999 -9999 -9999 -9999 -9999 -9999 -9999 -9999 -9999 -9999 -9999 -9999 -9999 -9999 -9999 -9999 -9999 -9999 -9999 -9999 -9999 -9999 -9999 -9999 -9999 -9999 -9999 -9999 -9999 23.15830 26.33970 26.39750 25.52210 24.70830 23.52160 23.43870 22.38190 22.34070 22.18680 22.01470 21.77300 21.65490 22.61030 24.91030 26.94020 29.44850 28.66180 31.36030 31.55150 30.50830 25.54660 21.50540 19.12600 15.51720 14.32700 15.56720 18.09310 18.20780 20.59710 15.65880 15.71910 15.62940 16.97400 19.37940 18.12990 20.66080
-9999 -9999 -9999 -9999 -9999 -9999 -9999 -9999 -9999 -9999 -9999 -9999 -9999 -9999 -9999 -9999 -9999 -9999 -9999 -9999 -9999 -9999 -9999 -9999 -9999 -9999 -9999 -9999 -9999 -9999 -9999 -9999 -9999 25.26230 25.29070 25.18630 25.48580 25.49510 24.22550 22.70050 22.89170 22.98580 22.89900 22.73330 22.52650 22.41570 23.37750 24.60640 29.52890 31.28680 32.17500 34.70590 37.99020 33.46520 29.13090 25.14660 24.27300 19.69750 16.19750 17.20150 18.62400 16.25150 16.35340 13.87990 15.10390 16.33280 17.45930 18.79460 20.12890 18.58480 19.56420
-9999 -9999 -9999 -9999 -9999 -9999 -9999 -9999 -9999 -9999 -9999 -9999 -9999 -9999 -9999 -9999 -9999 -9999 -9999 -9999 -9999 -9999 -9999 -9999 -9999 -9999 -9999 -9999 -9999 -9999 -9999 25.20000 25.34750 25.30050 25.21370 25.17600 23.88580 23.82350 23.86910 22.30540 22.45980 22.28040 22.26320 22.20100 23.25340 23.14220 24.53870 24.18090 27.51520 29.77500 32.53140 33.85250 39.28530 34.98280 31.41910 26.83430 22.02600 19.87400 22.02450 19.67700 17.87840 16.69020 15.34170 14.58580 15.61570 16.96030 16.84950 16.85780 16.87840 21.05290 23.53380
-9999 -9999 -9999 -9999 -9999 -9999 -9999 -9999 -9999 -9999 -9999 -9999 -9999 -9999 -9999 -9999 -9999 -9999 -9999 -9999 -9999 -9999 -9999 -9999 -9999 -9999 -9999 -9999 -9999 24.04020 24.08970 26.44610 26.22160 26.16130 25.11720 24.94360 25.05000 24.93090 23.65590 23.67890 23.44460 23.37300 22.10740 22.09800 23.15880 25.55880 25.43680 26.48530 32.28730 34.02210 34.88240 38.95690 41.04660 34.10100 33.91910 29.40780 23.70640 22.53040 20.47350 17.07450 17.04070 16.94950 16.93280 17.05640 16.03820 16.25930 19.48770 20.76370 21.72840 21.66810 20.59020
-9999 -9999 -9999 -9999 -9999 -9999 -9999 -9999 -9999 -9999 -9999 -9999 -9999 -9999 -9999 -9999 -9999 -9999 -9999 -9999 -9999 -9999 -9999 -9999 28.40200 28.53630 26.02790 25.00930 25.04750 26.02700 26.20000 25.42650 25.22990 25.47940 25.66910 24.74220 25.75540 25.72890 26.07940 24.67060 23.59220 23.48530 23.45050 23.29660 24.71270 25.72550 25.74660 29.18870 33.62600 34.13770 33.94220 40.27990 39.05050 34.13920 29.34220 27.10100 23.42060 22.16760 21.15440 18.97840 16.60440 16.72890 15.74070 15.67450 15.71420 17.89660 16.98970 15.96470 17.94900 19.95290 26.35980
-9999 -9999 -9999 -9999 -9999 -9999 30.48090 30.34850 29.66270 29.51320 29.78330 -9999 -9999 -9999 -9999 -9999 -9999 -9999 -9999 -9999 -9999 29.23820 30.47750 29.89310 29.52400 29.42400 28.57110 27.94660 28.26670 26.78870 25.73820 25.92600 26.42160 26.60000 26.75100 25.75250 27.12890 25.99220 25.90440 25.05690 23.79660 23.83970 23.90930 23.79710 24.79310 25.91910 25.65490 29.16620 33.25590 35.08630 37.12940 37.78920 39.76030 34.90540 29.14460 25.69610 24.51620 23.41620 21.03280 18.83530 17.83380 17.84560 18.74850 18.65050 19.84750 16.86720 15.73240 17.70250 18.81810 18.69460 20.73580
-9999 -9999 -9999 -9999 -9999 30.63240 30.74710 32.92400 30.75200 32.27940 32.80050 35.09900 33.82060 35.19560 -9999 -9999 -9999 33.68580 33.72350 33.19410 32.81810 31.90490 30.70640 29.80000 30.85930 28.56760 29.15390 27.47550 27.80780 26.76030 25.57990 25.85290 25.00050 25.25250 25.18090 25.70390 25.90980 26.25930 26.34310 25.28190 25.46520 25.48970 25.32450 23.90000 25.11230 25.83280 29.43090 32.41180 35.84260 36.42550 37.15390 38.09120 36.56860 31.76570 29.16370 28.11670 27.88040 24.39120 20.18380 19.87010 18.67750 19.66960 20.62840 18.58190 21.74460 25.25930 22.99900 23.07060 21.82890 22.77790 22.72700
-9999 30.24410 30.44070 29.97010 31.21570 31.41760 32.55930 32.53580 34.23330 32.90540 34.07790 35.51720 35.83240 35.65880 34.35440 33.33040 30.71420 34.37250 34.34560 32.72700 32.01760 31.21570 30.75390 29.22790 28.32550 29.68190 29.04360 28.53140 28.99170 27.10690 25.51180 25.32790 24.26960 24.71810 25.20340 25.72110 25.89560 26.30250 26.52010 25.45880 25.43140 25.39310 25.25000 23.99360 24.91760 25.76080 27.77210 30.01470 33.13040 35.33040 35.64560 38.93730 37.42400 38.05740 35.73920 32.44610 29.96230 24.16320 24.33090 23.08040 20.76910 21.58680 23.30340 22.20780 24.26960 24.34170 22.40000 25.36620 23.21720 26.29750 29.29070
-9999 33.00000 31.94310 32.19950 32.23920 31.32450 32.25740 32.60830 32.53280 33.57110 34.13040 35.35830 36.39020 35.09900 35.15000 35.09800 35.17400 35.08970 34.38330 33.49070 33.09120 32.33970 31.75780 29.87500 30.11670 29.07790 29.33730 28.69460 29.05200 26.89800 26.87840 25.53970 24.31810 24.59710 24.91130 25.12160 25.63190 25.77160 24.85000 26.29950 25.10830 25.05250 25.15930 24.84220 24.49750 24.24460 24.98240 28.29900 30.33530 33.64560 33.48240 37.75640 37.39120 41.47350 40.16180 34.51760 30.57750 28.39510 26.54170 27.28630 24.94710 25.67750 25.29710 23.66370 24.88970 24.84120 25.54750 25.70980 25.60150 26.54560 27.53090
-9999 -9999 -9999 34.98040 35.12400 32.84170 32.87500 33.09610 33.03040 31.70740 33.16130 33.67790 33.68920 33.58190 34.95200 34.82940 34.87600 32.84950 34.34660 33.65000 33.97940 33.54260 32.15930 31.97500 30.66910 30.00050 28.89560 27.89510 27.54950 27.25640 26.04410 26.00000 24.67890 24.35490 25.02600 25.06320 25.04170 25.32750 25.65050 25.76180 25.57840 24.82790 24.39220 24.37350 24.26080 24.04170 25.04170 26.86180 27.82450 29.88730 33.17400 36.02750 38.53090 40.51420 37.34710 37.37890 33.07350 31.61180 31.39750 29.96180 26.59460 28.28140 28.14610 27.66720 25.93580 24.74850 24.15250 26.88530 28.89120 29.79750 30.65200
-9999 -9999 -9999 -9999 -9999 -9999 33.91670 34.04020 33.80000 32.91520 32.95000 32.93680 33.05050 31.78730 32.96960 33.20390 33.68040 33.86130 32.91670 32.30200 31.66470 32.56520 31.67500 32.02840 31.56720 31.77060 29.42110 27.37060 27.66420 26.37990 26.24220 25.95640 24.35980 24.76860 24.54610 24.80150 24.94410 25.02400 24.99260 25.36230 25.47840 25.80880 25.44260 24.27700 23.88820 23.58430 23.49120 27.70200 27.55340 30.43140 34.87750 38.08970 39.22350 35.24410 37.29710 38.23280 34.90150 36.78380 37.63330 34.06370 33.80440 33.32600 32.80340 32.22450 29.66910 30.12790 26.56720 28.38970 31.43970 32.59750 33.84410
-9999 -9999 -9999 -9999 -9999 -9999 33.60390 34.59360 33.73280 34.76470 33.68280 33.56760 33.71760 32.85390 32.83140 33.39070 33.71130 34.31180 33.98820 33.55590 32.96670 33.17940 33.43240 32.78730 31.96030 31.41520 28.97990 27.92990 26.96270 26.95440 26.90200 26.28870 24.96230 24.84460 24.56760 24.69800 23.70690 24.77500 24.73970 24.93480 26.44710 25.53730 25.67650 25.42990 23.93730 23.81520 23.46470 22.98040 24.19120 26.24220 28.11370 31.17990 32.48330 34.24900 33.89900 30.56230 31.73920 34.56810 32.07650 32.90050 37.53040 36.08920 34.76760 33.22300 33.30250 29.96860 30.06910 30.45340 31.28530 32.54070 35.50150
-9999 -9999 -9999 -9999 -9999 -9999 -9999 -9999 -9999 -9999 32.18430 34.41320 33.35980 31.37060 32.67700 34.43820 35.14170 35.34800 34.13870 34.06030 33.73140 33.92500 32.80880 33.59850 32.52550 33.15290 32.07250 30.32110 28.59070 27.49260 27.13870 27.10100 26.81420 25.11470 25.15830 23.55980 23.46960 23.74800 23.54310 25.09170 25.25440 25.39360 25.42450 25.43140 25.09170 24.78380 24.54170 23.39260 23.23040 22.99070 22.79610 22.52840 23.63040 22.36520 23.34900 22.20100 23.22350 23.93040 24.81520 25.45390 25.31520 27.04260 27.54460 28.96910 29.14120 27.73770 28.09220 29.08280 31.35930 32.45050 35.73090
-9999 -9999 -9999 -9999 -9999 -9999 -9999 -9999 -9999 -9999 30.69260 31.61470 33.73530 32.14310 32.79850 34.67890 35.57060 36.00590 35.83970 35.58190 35.54410 35.57650 35.71080 35.22110 34.33970 32.16570 31.40590 30.60590 29.41230 28.00780 27.90980 27.67210 26.05150 25.74220 26.58330 25.03090 24.98040 24.97110 26.33630 26.39460 26.75290 27.58870 27.95050 27.61720 26.45100 25.98870 25.98040 25.72940 24.22450 24.09310 22.75980 22.33730 22.36030 22.34260 21.10640 20.87210 21.83920 21.71910 21.35780 23.25880 22.90490 22.58240 22.17500 22.75490 22.15290 23.01760 24.09310 26.01270 27.63770 33.74560 37.16520
-9999 -9999 -9999 -9999 -9999 -9999 -9999 -9999 -9999 -9999 -9999 -9999 32.39020 34.10780 35.27750 35.40880 35.46760 33.33090 35.66760 35.22210 35.08140 34.81180 35.49660 34.30390 33.56370 31.19360 31.84070 30.93280 29.65250 28.29410 26.93680 27.80980 27.58920 27.33630 27.03530 26.83530 26.31810 27.67500 27.73970 28.82160 28.85690 29.19610 29.15250 29.19750 28.92300 27.27700 26.94220 26.79850 26.48190 25.04560 24.59800 24.45490 23.23730 22.97350 20.69850 20.44950 21.35000 23.41910 23.15340 24.03630 23.60200 23.16860 22.44710 23.18630 23.17300 23.58090 23.95590 25.11230 27.33280 31.50440 38.18240
-9999 -9999 -9999 -9999 -9999 -9999 -9999 -9999 -9999 -9999 -9999 -9999 32.75250 34.72600 35.55780 35.61570 35.22300 34.42700 36.98920 36.52110 36.37160 37.33240 36.74750 34.68140 34.69950 33.89900 31.75150 30.97350 31.02110 28.64750 27.04410 28.14170 27.71180 28.72500 29.53730 27.88730 28.89260 31.13920 30.61960 30.22550 30.12300 30.15340 29.44170 29.32160 29.12700 28.29850 28.25740 27.94070 27.86570 27.19070 26.91810 25.48680 23.82250 22.64850 21.32400 21.45340 22.23380 23.95390 24.02160 24.90100 24.45590 24.19850 23.89950 23.93330 24.05880 23.71270 24.68970 26.84660 29.01130 34.26030 37.88330
-9999 -9999 -9999 -9999 -9999 -9999 -9999 -9999 -9999 -9999 -9999 33.75830 34.96080 33.43480 33.98190 37.11370 38.74800 38.03920 39.40590 39.24510 35.81520 38.25290 37.67450 37.79120 37.01030 36.54950 35.40250 33.30490 32.18970 29.90200 28.37700 29.18480 29.07450 28.39710 28.41180 27.93380 28.76370 30.30250 32.41320 33.67110 34.09710 33.72990 33.86320 32.85290 31.16470 29.97500 29.45150 28.99710 28.89020 28.52300 28.39610 26.83530 26.41520 23.86080 22.43920 23.65340 24.33630 25.32010 25.01180 25.56270 25.50880 25.26670 25.02600 24.84900 25.45050 25.74710 26.38280 29.52160 32.75150 37.91960 41.39850
-9999 -9999 -9999 -9999 -9999 -9999 -9999 -9999 -9999 -9999 -9999 34.46620 34.82600 35.25150 34.59900 37.53190 37.90830 38.40880 38.35780 38.57600 38.65000 38.79220 38.08770 37.15440 36.51470 35.93280 36.06320 35.38240 33.23480 32.32840 32.17550 32.06130 31.36910 30.16230 30.74510 29.40980 28.88920 32.14660 35.05980 35.45290 35.50980 35.27060 36.18140 36.21760 35.20930 32.50440 31.94020 31.65490 30.37060 30.14260 28.40830 27.84020 26.71030 26.30290 25.95000 25.92010 26.51180 26.27500 27.19360 26.67940 26.02550 25.72890 25.57990 25.56570 26.52700 26.07500 28.44120 29.39660 34.10540 38.91960 39.72650
