data/hydroclimate-scenarios/1948-2000.Pcorr55N_Pref_Tref/monthly_summaries/precip_monthly_tot_nov.1950-2000.asc
ncols	311
nrows	91
xllcenter	102.75
yllcenter	31.75
cellsize	0.5
NODATA_value	-9999
[rows 32 to 63 of 91, columns 0 to 70 of 311]
-9999 -9999 -9999 -9999 -9999 -9999 -9999 -9999 -9999 -9999 -9999 32.76810 33.28090 34.31230 35.64560 34.78190 38.21720 37.29510 39.71720 41.23480 40.96720 39.42650 39.40690 35.97400 35.10830 33.26080 31.76270 29.93630 28.32940 27.44710 25.14900 24.92450 24.56420 24.48280 24.58190 24.35880 25.74510 25.90880 25.58870 25.57790 25.16420 26.53190 26.18730 26.23480 24.99900 25.23280 25.00200 24.99260 24.58430 24.53330 23.11470 23.13430 23.21960 21.92700 21.69120 21.60880 21.31760 21.26810 20.96760 21.01130 20.82210 20.61720 21.82450 21.98680 21.45980 20.96180 20.78280 19.42790 19.42350 17.93330 18.86180
-9999 -9999 -9999 -9999 -9999 -9999 -9999 -9999 -9999 -9999 -9999 36.48680 35.29120 35.42110 35.28040 36.31910 36.31320 38.54750 41.34510 40.90250 40.75780 41.18680 39.54610 36.84410 35.83730 32.68970 31.22250 27.92500 27.29610 27.25000 25.55390 23.97450 23.54310 23.26130 24.54310 24.56230 25.73240 25.97550 25.67010 25.37010 26.71420 26.31320 27.69610 27.20780 27.28730 27.43870 26.00290 25.88630 25.71320 25.58680 24.17060 24.38090 23.22110 23.27350 23.15150 22.81620 22.59510 22.46860 22.20490 21.81720 21.60590 21.75740 22.78280 23.01030 22.98380 22.18240 20.50490 20.22160 19.86520 19.76570 19.88730
-9999 -9999 -9999 -9999 -9999 -9999 -9999 -9999 -9999 -9999 -9999 -9999 34.55290 34.01080 34.48770 36.79560 38.20740 39.74220 41.36860 42.86030 42.76810 39.94660 38.97010 35.81370 33.22650 30.02250 28.67010 26.35340 25.88330 25.45590 23.85930 23.60740 23.55540 23.13730 23.01860 22.75590 24.18920 25.71420 25.42400 25.12990 26.65740 27.73730 27.58430 28.81860 29.34950 29.30640 29.50590 27.88630 26.30930 26.59460 25.63280 25.74120 24.46960 23.92790 23.41720 22.25540 22.28870 21.86620 21.42210 22.31570 22.56570 22.64220 22.52210 22.25000 22.35150 21.86130 21.42750 20.81370 20.67060 20.69800 21.77300
-9999 -9999 -9999 -9999 -9999 -9999 -9999 -9999 -9999 -9999 -9999 -9999 31.67400 32.67110 35.11370 35.47010 36.93770 39.17500 40.64510 41.80930 42.53190 39.92750 36.68040 33.42650 30.14750 28.44260 25.67250 24.39260 23.64020 23.17940 22.15780 20.57840 21.56860 21.60440 21.42700 22.42400 22.24220 24.00250 25.22300 24.76670 26.73870 27.55590 28.44610 29.28820 31.35980 31.30100 31.57300 30.23040 29.25100 27.38680 26.17450 24.75050 24.74120 23.41180 23.36130 23.08480 22.51080 22.37250 22.23580 22.10540 22.17650 22.20590 22.34460 22.00490 22.62110 22.37700 22.03820 21.97060 21.47790 21.69800 22.58140
-9999 -9999 -9999 -9999 -9999 -9999 -9999 -9999 -9999 -9999 -9999 -9999 32.48970 32.71370 31.85880 32.91130 34.25340 36.03820 37.26620 39.34610 40.93770 37.83820 35.28330 31.93040 27.74410 25.17750 22.86030 22.26320 21.84850 20.94510 20.33040 20.44560 19.21230 18.96720 20.11320 21.27990 21.96910 21.24120 22.49610 24.13970 25.24260 27.11960 27.96030 30.21030 31.74560 34.34660 33.39220 30.94900 28.95690 27.39260 26.07790 25.95290 24.15390 23.98630 23.73480 23.58870 23.24220 21.94710 21.96570 22.24510 22.29800 22.23870 23.29900 22.93580 22.60690 22.62110 22.65740 23.50100 23.01810 24.35780 25.63680
-9999 -9999 -9999 33.99750 33.27350 32.75980 33.91760 33.57500 33.37110 -9999 32.65980 33.63190 33.50100 31.96520 31.38820 30.91270 31.53870 32.61520 33.64510 35.04750 35.99220 33.82790 30.12990 28.41230 25.41570 23.94610 23.08580 21.41960 19.41320 17.90100 17.93480 17.75100 17.86370 16.41670 18.47700 18.60830 19.25340 19.63530 20.68770 23.63380 24.66130 25.68430 26.70000 29.05150 31.21470 32.67010 32.28480 31.27300 28.61270 27.31960 25.87700 25.44560 23.84410 22.56910 22.20930 21.96860 20.82890 21.93190 22.06470 23.19410 23.16180 23.33770 22.98680 24.14120 24.19950 24.54220 24.75000 25.28820 24.91960 26.59750 27.79220
-9999 -9999 -9999 32.50150 31.53580 31.11420 31.70930 32.86570 33.28870 32.94710 33.15780 32.94560 32.26320 31.17840 29.86420 29.98240 29.43330 28.27350 27.16470 28.24410 28.25930 27.58530 26.76960 25.63730 24.11720 22.56620 20.92210 19.26420 17.75540 16.70100 15.61620 15.72450 15.69750 15.31760 16.18530 16.70740 17.00880 17.67250 19.46960 20.58280 21.57700 24.24800 25.52300 26.82940 29.24510 29.86960 30.81910 30.88090 29.26470 27.64660 26.01030 24.32300 22.69260 22.40640 22.27750 21.89360 21.64850 21.60690 21.89120 21.77600 22.85250 22.96760 24.04220 24.30780 24.69410 25.97890 25.98240 26.95150 28.53190 30.19020 31.46230
-9999 -9999 -9999 29.00880 27.32700 28.65200 30.79360 31.52940 31.12450 32.05830 32.10740 31.95830 31.79610 29.85100 29.54850 28.82250 27.46810 26.52750 25.51030 25.99120 25.01320 24.17350 22.39560 21.57990 19.94310 19.35780 18.88870 17.92450 17.07350 14.81230 13.86520 13.90150 13.82790 14.72300 15.02840 15.39020 15.94220 16.16860 17.44900 18.48730 20.15540 21.75250 24.67550 26.53730 28.30490 29.46670 29.69850 29.47500 27.64020 27.04020 25.31320 24.37990 22.72450 22.38240 21.71080 21.48430 21.54660 21.63240 21.90540 22.87500 22.78380 23.97840 25.06230 25.25290 27.15000 27.50830 27.81370 29.02700 30.67940 32.73820 34.74220
-9999 -9999 -9999 27.16760 26.32010 29.40640 33.11720 31.51570 30.86370 29.59750 29.18280 29.01130 29.76230 28.65590 29.07750 27.27750 26.75290 26.03140 24.50540 23.26180 21.89950 20.44070 18.03580 17.66670 17.96230 17.34460 16.98140 16.46080 14.64660 13.74800 12.54410 11.64360 12.70780 11.93380 12.65740 13.07940 14.46230 15.01670 15.76670 16.78090 18.44710 20.14610 21.29850 24.70880 27.68480 27.88730 27.97550 29.16670 27.12400 27.10200 24.25540 23.57650 23.10490 20.79360 21.82700 20.53240 20.35250 20.20880 21.46470 22.71080 22.77650 24.16810 25.71470 27.04070 27.33380 29.90540 31.41570 31.88820 33.91420 36.26080 39.61910
-9999 -9999 -9999 24.45880 24.51570 26.88090 26.71570 27.01520 27.30250 26.57650 27.45980 27.78380 27.25740 28.45540 28.07350 27.23090 25.98820 24.22650 23.21180 21.84220 19.32400 18.00880 16.43870 16.21760 15.23480 15.10490 14.19220 13.66130 13.02600 12.27840 11.25150 11.17890 10.62210 11.35540 12.12110 12.85150 13.46030 13.92600 14.72550 15.94260 16.31270 17.79850 19.43730 19.82990 21.95050 23.99850 24.38530 25.82060 25.61670 25.34800 24.65000 24.38580 22.58820 21.11960 22.09560 20.46470 19.87840 19.90200 21.15290 22.35100 23.72700 24.81130 26.37060 28.24410 30.11520 31.72250 33.79220 34.92890 36.49750 40.11030 45.03240
-9999 -9999 -9999 -9999 22.64170 25.39170 25.34460 26.70000 26.51520 26.89800 27.51470 27.62600 26.57160 27.81420 -9999 -9999 -9999 -9999 -9999 17.49710 15.25150 13.80540 13.63040 12.17350 11.64360 11.26270 11.58240 11.05590 10.14750 10.55590 11.12110 10.81320 10.42210 11.24950 12.22250 12.61180 12.32060 12.88190 13.76080 14.56860 15.74510 16.58970 16.75590 17.42990 19.16420 21.05930 23.07940 23.01760 24.29800 24.28380 23.16570 22.86080 22.34020 22.03820 21.41520 20.55150 20.35690 20.11670 21.16130 22.55740 23.74460 25.16370 27.79660 30.26370 32.23870 34.26420 36.10390 39.43330 41.61860 -9999 -9999
-9999 -9999 22.22940 22.41620 22.26670 23.15740 24.67400 25.13190 25.23530 25.98870 25.80740 27.31910 26.85490 -9999 -9999 -9999 -9999 -9999 17.80050 15.34120 13.19360 10.25200 10.12650 9.99412 9.57990 9.63235 10.85780 10.13240 10.50930 10.33820 9.02157 9.08235 10.40290 10.13730 11.10050 11.66370 12.26320 13.16370 12.91860 13.60340 13.86470 15.28280 15.73380 16.51860 17.64460 19.25880 20.01420 21.46030 22.68630 23.95980 23.25200 23.18330 23.03140 23.70250 21.57450 22.02990 21.66470 21.96230 22.89660 23.86570 25.34950 27.60050 29.65690 31.82790 34.62750 38.76620 40.45690 -9999 -9999 -9999 -9999
-9999 -9999 24.57650 23.09610 20.64900 20.12840 21.42650 22.46720 23.12300 24.07350 26.11470 28.58040 30.98680 -9999 -9999 -9999 -9999 20.32250 16.29460 14.02790 11.64360 8.77402 8.49657 8.51961 8.35637 9.74902 9.62157 8.50196 8.52598 8.55686 8.88284 9.09804 10.87790 10.75390 11.99360 12.73280 12.26760 12.76270 12.35540 13.06760 13.44220 13.16570 15.48380 15.92990 15.81620 17.45540 19.08480 20.66720 21.91370 21.74170 22.86320 22.65740 23.29510 23.89560 23.03730 23.39220 23.17400 23.34170 23.42210 25.68680 26.56420 27.07300 28.54360 33.80980 37.44710 -9999 -9999 -9999 -9999 -9999 53.30780
-9999 -9999 25.04510 23.45340 20.94360 19.81520 19.85250 20.85290 21.93730 24.76370 27.70590 30.70930 18.65980 -9999 -9999 -9999 -9999 18.72110 16.92110 13.09070 9.95980 6.97059 6.80343 6.92157 6.86716 8.03137 8.30196 8.39216 8.23480 8.33382 8.53480 8.73971 10.20640 10.79410 12.33040 11.72110 12.09660 11.64900 12.57790 12.45000 12.39900 13.95640 14.31230 14.83820 16.21230 16.38870 17.98630 18.11470 19.48630 20.99610 22.27600 22.07650 22.32300 22.88580 23.27210 23.83580 24.60780 24.81270 26.24660 26.16960 27.43920 29.13330 30.65340 33.80200 34.54900 37.01520 40.07750 40.77110 43.06270 -9999 -9999
-9999 -9999 -9999 23.28330 20.56670 19.08480 18.97500 20.20000 22.22550 26.62840 29.93280 19.97060 -9999 -9999 -9999 -9999 21.73530 18.63330 14.44750 12.13280 9.22843 7.96961 6.63382 6.74461 6.77647 7.30245 7.45588 7.14314 8.20588 7.32059 8.29118 8.51029 9.80882 9.75294 9.19167 10.81570 11.77750 11.63380 11.72210 12.63970 12.63920 12.75050 12.84510 13.13430 14.90640 16.82210 17.33770 18.27500 17.96370 18.12110 19.73820 22.42060 22.49660 23.29750 23.61570 24.28770 25.41620 25.37400 26.95980 28.03730 28.09120 29.66910 29.73480 30.29070 30.23630 32.77890 33.87890 36.57210 38.31470 33.96570 -9999
-9999 -9999 -9999 -9999 21.15590 19.91080 18.80150 20.66810 23.05440 25.05780 16.67940 -9999 -9999 -9999 -9999 25.63330 22.31230 17.58970 13.51520 10.42450 7.84951 6.68529 6.39804 5.47206 5.74265 6.96716 7.28431 7.24608 7.15049 8.38382 8.15735 8.04118 9.12157 8.62647 9.07157 10.31670 10.45100 11.52250 11.37600 11.77160 11.65250 11.68970 11.43820 12.88530 13.53330 15.38480 17.12750 16.70000 16.59360 17.79410 19.21570 20.57990 21.71030 23.41320 23.83040 24.72400 25.79310 26.09020 27.37700 27.25590 28.53920 28.25490 28.45830 29.93380 30.17990 31.95690 30.27990 31.50880 33.40050 34.09950 35.30200
-9999 -9999 -9999 -9999 -9999 -9999 21.93040 22.07940 16.67010 17.01030 26.68240 -9999 -9999 -9999 -9999 -9999 20.82300 15.80690 12.88430 9.68039 8.39853 7.07500 5.49804 5.65588 5.50882 6.64461 6.85196 7.10686 8.38529 8.22696 8.23333 8.21961 9.18480 9.07941 8.78676 10.28380 10.55540 10.51620 10.39410 10.41520 10.42750 10.34660 11.69220 12.08040 11.97940 13.42940 14.63820 14.80100 16.25690 16.31320 18.98770 19.99850 20.80100 21.66420 23.09710 25.18970 26.35640 27.61760 27.08970 27.09900 27.13040 26.99360 28.17650 28.59020 28.78580 28.69900 29.36810 29.65930 30.83530 30.86520 32.09660
-9999 -9999 -9999 -9999 -9999 -9999 -9999 -9999 -9999 -9999 -9999 -9999 -9999 -9999 -9999 -9999 -9999 -9999 -9999 8.71324 7.43824 7.24363 5.90490 5.79608 5.94461 5.80294 7.35637 7.41520 8.41324 8.49559 8.91716 8.47500 8.16667 9.09412 9.14608 9.19314 9.16225 10.50290 10.32790 10.32250 10.33770 10.37790 10.68280 11.01620 12.17160 12.23190 13.48380 14.71080 14.85880 16.54710 18.06370 19.09070 21.02350 21.51720 22.95540 24.11180 24.73430 27.51760 25.69850 25.02300 25.03770 24.90150 26.74610 26.40740 25.83190 25.76370 25.14460 26.81810 28.77940 29.19900 30.94510
-9999 -9999 -9999 -9999 -9999 -9999 -9999 -9999 -9999 -9999 -9999 -9999 -9999 -9999 -9999 -9999 -9999 -9999 10.67010 9.22108 7.60539 6.18235 6.27549 6.17794 6.20147 6.62696 6.56275 7.75147 7.25098 7.25098 8.38039 8.00098 8.03824 8.15049 9.30735 9.45784 9.40294 9.60980 9.31275 9.25049 9.55147 9.64706 9.57451 10.97300 10.85640 11.20830 12.27160 13.34070 14.28240 16.26130 18.12350 19.37210 20.38140 20.97700 22.14950 23.12550 24.50150 24.75690 23.14800 23.46720 22.63530 23.35390 23.67650 23.78380 23.87750 24.58330 24.13090 24.92110 28.01570 29.12750 32.32500
-9999 -9999 -9999 -9999 -9999 -9999 -9999 -9999 -9999 -9999 -9999 -9999 -9999 -9999 -9999 -9999 -9999 10.94510 9.98235 8.03922 6.56716 6.13137 5.98382 6.27010 6.37059 6.80343 7.04314 6.51471 6.07892 7.11078 7.22500 7.26275 8.45098 8.25686 8.04314 8.34608 8.57843 10.07210 9.64510 9.90000 9.82059 9.89559 9.97500 9.84853 9.92892 11.29710 12.41080 12.45340 13.50880 14.93040 17.73090 19.07890 20.42450 21.65150 22.60390 22.48040 23.19360 22.21030 21.29900 20.86030 21.82250 23.02450 22.90640 22.84120 23.69170 23.77940 24.57840 27.16320 27.93970 30.06570 32.76370
-9999 -9999 -9999 -9999 -9999 -9999 -9999 -9999 -9999 -9999 -9999 -9999 -9999 -9999 -9999 -9999 -9999 9.77157 8.61716 6.72794 6.46912 5.90637 4.55343 4.95784 6.45196 7.02549 7.10686 7.02353 6.87059 6.65882 7.39706 7.65147 8.08627 8.92304 8.62451 8.57353 8.83186 8.81569 8.91863 8.82402 8.75882 8.93088 8.97794 10.09460 10.06080 11.36030 11.23820 10.90540 13.40830 14.63280 15.80980 17.16570 18.56860 20.51520 21.26230 19.85440 19.62210 19.24410 19.70340 20.12990 20.82790 21.92500 21.93330 22.95000 24.47350 24.35690 26.01620 27.05200 28.07990 29.31370 32.58040
-9999 -9999 -9999 -9999 -9999 -9999 -9999 -9999 -9999 -9999 -9999 -9999 -9999 -9999 -9999 -9999 8.91373 7.58529 6.44216 6.05392 5.00931 5.24167 5.00539 4.94755 6.47647 5.25637 5.61471 7.12500 7.21078 7.03480 6.68627 8.04412 8.06520 7.64804 7.34461 8.57304 8.69314 8.80735 8.88971 8.86618 8.67745 8.86275 8.96765 8.86422 9.00098 9.99020 11.29220 10.81670 11.88630 12.92840 15.11670 15.56030 17.24800 18.38920 19.26420 19.34310 17.53480 17.49750 17.65930 18.70440 19.19310 20.75590 22.15340 23.21370 24.34220 26.11810 27.96320 29.61470 29.47940 31.39560 35.65690
-9999 -9999 -9999 -9999 -9999 -9999 -9999 -9999 -9999 -9999 -9999 -9999 -9999 8.86127 8.37598 8.34167 8.01912 6.13971 5.67255 4.49902 4.73873 5.13137 5.48333 5.90343 6.04363 5.72157 5.74510 5.73039 7.28971 7.37598 7.05833 7.00980 8.23971 7.93039 7.77451 7.63578 7.47108 7.34755 7.31716 7.33578 7.39265 7.34461 7.45637 8.66373 8.72108 8.74804 9.85098 9.47696 10.40050 11.63430 12.70490 14.42840 15.81520 18.25050 19.18190 18.55830 17.79610 18.05780 17.48920 17.60150 19.10640 20.39560 22.22300 23.56420 24.71960 26.70930 30.12750 33.12650 34.72650 36.71320 39.59900
-9999 -9999 -9999 -9999 -9999 -9999 -9999 -9999 -9999 -9999 -9999 -9999 7.66912 6.75833 7.42304 7.88775 6.79118 6.70637 4.86471 4.71029 5.02059 5.03725 5.64951 6.12843 5.76275 5.82990 5.66127 5.46961 5.27794 6.87843 6.86716 6.88676 6.99853 6.70882 6.52843 7.51127 7.35637 7.32598 7.11863 7.13333 7.13186 7.07108 6.99951 7.14020 7.27108 8.89559 8.36176 9.51078 9.30049 10.41420 11.72250 13.10340 14.34020 16.69410 17.72210 18.70150 17.64510 17.46030 17.41960 17.48430 18.43630 19.16520 22.24900 24.56520 26.52840 30.18530 33.56670 35.43970 37.94460 40.78330 43.14900
-9999 -9999 -9999 -9999 -9999 -9999 -9999 -9999 -9999 -9999 -9999 7.06422 7.38873 7.50392 6.99118 7.40000 7.64951 5.81961 5.75980 5.30735 3.78824 5.11373 5.31078 5.57451 5.71520 5.61324 5.53824 5.27598 5.17010 6.63676 6.68971 7.03235 6.88235 6.98235 6.84559 6.49559 6.14951 5.89804 5.72304 5.72157 5.79314 5.78971 5.78137 5.85196 7.20294 7.03382 7.00490 8.22108 9.56127 9.41961 10.47300 11.58920 12.75440 13.84260 14.66030 15.66620 16.70050 16.69950 18.32940 18.47160 20.17350 22.45540 23.88680 26.81320 30.50540 34.78240 37.35490 37.32600 38.81720 41.53680 46.47160
-9999 -9999 -9999 -9999 -9999 -9999 -9999 -9999 -9999 -9999 8.16765 8.25931 7.03971 7.35539 7.50343 6.04020 6.25833 5.95098 6.08088 4.22304 4.07990 4.27353 4.22647 4.21422 4.17892 5.71863 5.67794 5.46471 5.32304 5.33775 6.86569 7.11569 7.21029 7.31765 8.29951 6.79020 6.52794 5.94804 5.73873 5.76569 5.78922 5.83824 5.84118 5.60441 5.53627 5.58824 6.61912 6.83235 8.39804 9.18088 10.29560 10.16130 12.33280 12.10880 13.08190 14.39610 15.91470 16.22940 17.68730 19.12500 20.41270 22.81570 24.93330 28.23430 32.14950 35.48770 38.20440 39.01320 42.95250 45.70390 48.78970
-9999 -9999 -9999 -9999 -9999 -9999 -9999 -9999 -9999 6.75735 7.50637 7.87157 8.39902 6.60245 6.09167 6.01520 6.13088 6.00931 4.47647 4.39265 4.40735 4.15931 4.21912 4.15588 4.22402 6.06667 6.14559 6.01471 5.70196 5.69167 5.69755 7.26863 7.58235 7.34069 8.35588 8.07108 6.55245 6.48922 5.92451 5.71912 4.38235 5.60392 5.68824 5.42647 5.39755 5.44020 6.89608 7.06078 8.23824 9.33873 9.01275 9.94608 10.81080 10.72350 11.67350 14.12210 16.20050 16.79070 18.25980 19.75290 20.48090 23.69310 26.16620 28.30000 31.64020 34.47990 37.12990 40.34750 44.89020 49.12010 52.70490
-9999 -9999 -9999 -9999 -9999 -9999 -9999 -9999 -9999 -9999 6.78824 6.53235 6.57549 6.68088 6.33824 6.16078 6.08873 4.29853 4.40539 4.55833 4.42647 4.25245 4.28235 -9999 -9999 -9999 -9999 -9999 -9999 5.86471 5.78431 7.16078 7.19657 7.09657 8.04657 8.01863 6.67500 6.62010 5.07794 4.82598 4.50833 4.49902 4.33431 4.47157 5.60637 5.67108 5.70000 7.07010 8.26078 8.27892 9.12892 9.98578 10.96910 10.75100 11.73430 13.22940 15.38530 17.47210 17.86130 19.95290 22.07550 25.45540 26.42010 29.08190 30.98140 34.59800 38.85440 42.32790 48.60490 54.52890 58.69660
-9999 -9999 -9999 -9999 -9999 -9999 -9999 -9999 -9999 -9999 -9999 -9999 6.33284 4.70980 4.77990 4.75147 4.56471 4.68971 4.68627 -9999 -9999 -9999 -9999 -9999 -9999 -9999 -9999 -9999 -9999 -9999 -9999 -9999 -9999 6.76078 6.75294 6.92255 6.75294 5.56716 5.31373 4.80588 4.72353 4.55000 4.63039 4.45882 4.43971 5.52696 5.77696 6.94559 8.02059 9.43775 9.05441 10.26370 9.92451 11.04750 12.00490 13.71960 16.11030 17.99260 19.13430 21.55000 24.58430 26.09020 28.58630 30.00390 32.53090 36.40880 40.27790 45.46760 51.21910 58.95930 66.70540
-9999 -9999 -9999 -9999 -9999 -9999 -9999 -9999 -9999 -9999 -9999 -9999 -9999 -9999 -9999 -9999 -9999 -9999 -9999 -9999 -9999 -9999 -9999 -9999 -9999 -9999 -9999 -9999 -9999 -9999 -9999 -9999 -9999 -9999 6.61422 6.57794 5.49412 5.26716 5.41814 4.99853 4.90441 4.68922 4.67402 4.50490 5.70980 5.79853 6.76863 7.88284 8.05735 9.15539 10.25100 10.45640 11.59710 11.52700 12.60290 14.36420 16.20540 19.30100 21.80100 24.54560 27.11520 28.59360 31.76910 32.87750 35.16910 37.21270 42.55200 48.64020 57.23190 63.94310 72.19610
-9999 -9999 -9999 -9999 -9999 -9999 -9999 -9999 -9999 -9999 -9999 -9999 -9999 -9999 -9999 -9999 -9999 -9999 -9999 -9999 -9999 -9999 -9999 -9999 -9999 -9999 -9999 -9999 -9999 -9999 -9999 -9999 -9999 -9999 4.97647 5.11961 5.12157 5.23480 5.17843 5.13480 4.87696 4.74265 4.80980 5.71029 5.56225 6.83922 6.94167 7.92892 8.90784 10.17750 10.06270 11.47600 12.88820 12.79710 13.96130 14.68280 16.93090 19.75930 23.53730 26.37840 29.02700 31.01960 34.26960 35.79710 37.29070 40.79410 44.57940 51.61370 62.03330 68.85640 -9999
-9999 -9999 -9999 -9999 -9999 -9999 -9999 -9999 -9999 -9999 -9999 -9999 -9999 -9999 -9999 -9999 -9999 -9999 -9999 -9999 -9999 -9999 -9999 -9999 -9999 -9999 -9999 -9999 -9999 -9999 -9999 -9999 -9999 -9999 -9999 -9999 -9999 -9999 5.18529 5.12843 4.93578 6.10343 5.96618 5.66618 6.91667 6.69314 7.96176 9.12892 10.08280 11.21910 11.09850 12.18530 12.35640 13.62300 14.77210 15.91320 17.25000 21.33040 24.03190 28.57110 31.69610 32.99660 34.92940 36.81860 38.88140 43.13430 48.04410 58.13090 67.00100 -9999 -9999
