data/hydroclimate-scenarios/1948-2000.Pcorr55N_Pref_Tref/monthly_summaries/precip_monthly_tot_apr.asc
ncols	311
nrows	91
xllcenter	102.75
yllcenter	31.75
cellsize	0.5
NODATA_value	-9999
[rows 32 to 63 of 91, columns 0 to 70 of 311]
-9999 -9999 -9999 -9999 -9999 -9999 -9999 -9999 -9999 -9999 -9999 20.33410 19.97210 20.27450 20.30290 21.34950 20.69130 20.31590 20.48850 20.43990 20.58990 19.43750 18.20530 18.12980 17.13510 16.07880 15.83940 15.70290 14.43560 14.26490 14.16630 14.14040 14.22690 13.25770 14.18120 13.02500 13.54230 14.61150 15.32160 16.40000 15.98560 15.86920 15.74330 16.65770 16.39130 15.49040 16.60140 17.75630 17.85050 16.94950 17.07840 17.22740 16.97020 15.78120 15.72260 14.67310 14.68510 13.54280 13.45000 14.50820 14.32070 14.01540 14.00100 13.87600 14.24860 13.64760 15.15820 16.04180 18.19040 20.19380 20.06780
-9999 -9999 -9999 -9999 -9999 -9999 -9999 -9999 -9999 -9999 -9999 22.78510 22.43460 21.91870 21.76150 21.62980 21.71680 20.77840 20.54570 20.46200 20.41920 19.31060 18.14900 18.08120 18.12120 18.11490 17.92840 16.47210 15.40140 13.08750 14.12500 14.12020 14.17160 14.19570 14.22450 13.26920 13.57120 14.98220 15.78610 17.45000 17.30910 19.21590 18.13800 18.85000 18.60100 19.77740 19.84180 19.79470 19.81010 20.24900 19.15000 17.91110 17.75430 16.66300 15.64040 14.48320 14.50910 15.59570 15.36590 14.95910 14.74620 14.61390 13.64950 13.68990 14.03320 15.08990 16.37260 16.77310 17.99620 20.11440 20.00430
-9999 -9999 -9999 -9999 -9999 -9999 -9999 -9999 -9999 -9999 -9999 -9999 22.06540 20.74180 20.87930 20.73990 20.65240 19.46540 19.22840 19.05140 19.20670 19.33320 19.30910 20.16730 20.11300 20.94860 19.75340 19.33650 17.11730 14.97360 14.97450 12.84040 14.06010 13.86680 13.97600 14.38030 15.99760 16.07310 17.00580 18.79660 19.95240 20.32840 21.15050 19.94900 20.85530 21.77020 21.84130 20.83940 21.07360 20.03460 20.03030 19.98700 18.68080 16.98650 16.68220 15.64330 15.88800 14.83410 15.38850 14.22840 14.20380 14.97450 14.78170 15.11060 14.83940 16.21780 16.43850 17.65820 20.67880 22.70870 20.85580
-9999 -9999 -9999 -9999 -9999 -9999 -9999 -9999 -9999 -9999 -9999 -9999 20.22980 20.73460 20.84620 20.73700 19.43080 19.12360 19.30290 19.43170 19.30960 21.32020 22.20050 21.92020 22.54470 20.21150 18.83560 19.79660 17.76390 16.60480 16.86150 15.83080 13.62210 13.70580 13.63270 14.22840 15.80910 16.04950 16.95140 18.89180 20.27930 22.20480 22.58800 23.28320 23.10480 24.26730 24.14900 23.25190 23.32120 22.51490 22.25530 20.99710 19.65580 18.36060 17.03080 16.06350 14.80100 14.61350 14.52070 15.53560 15.51680 17.19280 17.70000 17.67930 17.71350 16.67790 17.77980 18.94860 20.42450 22.71300 25.01250
-9999 -9999 -9999 -9999 -9999 -9999 -9999 -9999 -9999 -9999 -9999 -9999 20.56300 19.42500 19.13030 18.74180 18.74330 19.03650 19.91630 20.12550 21.15670 22.12790 21.75820 21.85910 20.54760 20.56830 19.19180 17.08940 17.18700 16.10720 15.23650 13.40430 14.29620 14.37070 13.66010 14.26440 15.74810 16.71680 17.68320 19.23120 22.31540 25.88650 25.04280 25.70910 27.05910 29.26300 28.28270 28.11590 27.27160 24.49520 23.08940 21.58270 19.98650 19.45770 17.15480 16.23800 15.98410 15.78170 16.88410 17.85290 17.83460 19.11490 19.48940 18.82840 19.92160 20.23510 20.49570 21.97450 24.21590 25.60720 27.88990
-9999 -9999 -9999 24.47160 22.49040 22.06250 20.81590 20.86150 21.19710 -9999 20.12930 20.04860 19.02740 18.81730 18.82550 18.67260 18.62500 18.30530 19.39090 20.77550 21.25630 20.74180 20.06250 19.62260 19.28940 19.26150 17.08080 18.02550 18.02640 19.22840 17.26730 14.07400 14.93940 18.31540 16.66250 17.25380 18.47600 19.73270 19.65770 19.99760 22.17070 25.30340 26.06490 27.17360 29.57160 33.06010 34.05050 30.56390 29.05050 27.38560 26.84040 25.40340 24.40100 24.74620 22.29230 22.62640 22.35190 19.14950 20.93170 19.48460 19.73170 21.34380 21.63890 22.05050 22.32020 22.82550 23.41920 24.55770 26.92450 28.93460 32.67360
-9999 -9999 -9999 22.29280 22.16830 21.99570 21.59180 20.38610 20.41300 20.28750 19.01970 18.00670 19.18320 18.72160 19.82120 20.65670 20.13610 19.74950 19.37450 19.64230 18.85240 19.65820 18.03320 17.34520 18.16390 17.06060 17.97500 17.91440 19.19860 20.12070 17.91150 17.97880 18.06730 19.51300 20.10100 19.74470 20.01830 23.14280 22.06490 25.05000 25.92450 26.11440 27.34230 30.79760 32.65100 35.55290 35.53510 32.17690 33.55140 32.73030 31.90870 30.07500 29.22740 27.40960 23.75580 24.02500 22.28270 21.65050 23.72930 22.93510 23.40870 25.00190 25.56540 25.86970 27.24860 25.60340 25.81880 24.80140 29.01540 33.40290 38.94180
-9999 -9999 -9999 21.33750 21.53170 22.29280 21.30240 21.36200 19.74570 18.34130 18.06490 19.24950 20.11830 21.16630 22.92690 21.42500 22.42840 20.82790 19.76920 18.72120 18.51200 19.65530 18.40140 19.53080 20.32740 19.28080 18.52160 18.73850 18.64330 21.98460 24.01920 21.69520 19.70820 20.19950 21.92210 21.75100 20.44180 21.70720 22.28320 24.38220 26.56110 28.06390 28.82880 31.81250 32.95770 34.66440 35.72360 36.56300 35.42500 36.18220 35.32930 31.27550 30.27500 28.56730 26.29710 25.09620 24.23890 23.66540 25.55670 25.92840 25.57310 27.11490 26.51060 28.97020 29.66780 30.60140 31.54950 32.67500 39.02360 42.50720 47.71200
-9999 -9999 -9999 20.60290 18.84660 21.73750 19.76490 20.56970 19.74660 19.46920 18.11680 17.63850 22.30670 23.23700 23.18270 22.65580 22.13560 23.44520 20.97550 20.02020 21.10530 23.24760 24.43370 22.25190 20.78170 19.23800 18.76390 18.93650 22.16350 26.01920 23.84330 18.73220 21.09950 24.23410 24.79710 23.58940 21.18800 19.95870 22.39950 23.61010 25.06010 29.81300 33.24370 34.51440 32.61970 36.96010 38.43410 36.55380 39.14470 37.55910 37.21060 34.42980 33.24520 31.67740 29.30430 28.35770 27.59520 27.76010 29.08220 29.43370 31.62740 30.12640 32.17930 33.97550 35.06730 37.57740 40.13890 42.51970 48.46440 53.09090 57.00050
-9999 -9999 -9999 19.30000 17.15140 19.59420 19.43510 19.63610 20.64900 19.33750 17.63170 19.57020 22.80100 24.05380 26.22310 25.02880 24.76630 22.14760 20.22640 18.33030 20.79900 21.64520 22.58080 19.40000 18.26920 17.67930 16.24130 17.35770 20.60770 23.01110 23.82550 21.57450 23.15580 22.24570 22.26390 22.06880 22.87070 21.99330 22.43080 23.95190 26.13370 29.18610 31.70430 32.30240 32.41970 33.98510 36.16200 37.47740 38.56010 38.05480 38.19950 35.45240 33.96440 34.48170 31.73560 32.74660 30.26490 30.05100 31.22450 33.20580 33.88220 34.13560 34.32880 42.85050 44.62310 45.09570 47.99760 52.64660 56.72600 58.38890 60.78510
-9999 -9999 -9999 -9999 20.23220 20.59810 19.47600 20.68120 20.87360 20.10140 17.57160 18.35140 24.78270 22.54660 -9999 -9999 -9999 -9999 -9999 24.05190 23.21150 22.48320 23.40770 24.27260 22.17500 19.44570 16.25530 18.08800 19.22020 19.03410 20.15870 21.14620 21.89760 21.11440 18.94570 19.16200 21.26730 20.28650 22.68030 24.07640 24.28320 26.10910 28.61200 30.75770 31.74330 32.93410 36.16250 39.13510 38.36150 36.65380 37.15140 36.44660 35.22450 36.27120 35.45720 36.12210 35.13080 35.74230 35.87840 35.23370 36.60050 37.98560 43.27500 48.00100 50.43850 53.79900 56.12600 57.06490 56.87070 -9999 -9999
-9999 -9999 22.16200 20.92600 20.77600 18.33030 18.33460 21.87160 19.18560 18.98650 17.63080 19.42160 24.29130 -9999 -9999 -9999 -9999 -9999 26.47360 22.90580 22.30910 19.23170 19.22790 21.05380 20.64710 19.19810 16.90720 16.28460 17.12930 17.07450 19.12600 18.91200 20.49710 20.52640 20.40480 19.10670 20.40000 21.81010 22.79040 24.32980 25.96830 26.30580 27.93990 28.47500 29.10480 31.35720 34.72790 36.03270 36.35140 34.57500 34.48460 35.06680 35.54710 34.28370 35.02600 34.27120 35.32640 36.60580 37.02260 35.75630 37.11630 41.75670 44.71970 48.38650 55.24620 59.37400 60.02840 -9999 -9999 -9999 -9999
-9999 -9999 22.81730 22.50720 19.90240 18.41680 17.40720 20.57260 19.55100 17.83650 18.93560 20.00380 19.64570 -9999 -9999 -9999 -9999 19.38750 24.51730 20.91440 20.03750 17.98130 18.05000 17.72070 16.43460 15.00530 15.97360 17.30380 17.04090 16.69520 18.53220 20.42740 19.82360 20.34810 20.14280 21.31300 20.88850 20.94900 24.10100 26.92740 26.30960 27.63850 28.66110 29.09090 31.01730 31.95870 34.24660 36.75050 34.44280 34.90720 33.80050 33.69040 33.97550 34.89230 34.46440 32.65430 33.55290 36.61680 38.06880 37.85620 38.24900 42.03940 43.15580 48.79620 52.85580 -9999 -9999 -9999 -9999 -9999 62.66680
-9999 -9999 23.83270 25.62070 23.14520 21.48120 19.92400 19.58650 19.51200 19.26110 22.07310 22.89810 15.73890 -9999 -9999 -9999 -9999 24.16060 23.64090 21.24130 18.78750 16.78940 15.85480 14.37790 14.92450 15.01010 17.74810 17.92120 18.04330 18.67360 19.11680 20.36440 21.17880 21.89280 21.04900 22.77930 22.31780 23.22120 25.67070 24.74180 26.35290 26.38800 26.11630 29.33700 30.82450 33.71110 35.37400 36.02550 35.24760 35.47840 33.57740 34.35670 35.17070 36.47500 36.69950 34.18890 34.32020 36.99860 37.50820 38.23370 37.16870 39.94280 41.65820 48.71350 54.44420 58.42930 57.83270 59.78030 58.35670 -9999 -9999
-9999 -9999 -9999 26.18610 25.04130 23.02740 20.04570 17.30290 20.02640 21.64660 19.37310 17.74520 -9999 -9999 -9999 -9999 23.42790 23.62550 20.60670 18.26010 17.14470 14.09570 15.42160 15.55380 15.60000 17.50000 18.24900 18.83650 19.43560 22.27450 21.61110 20.05380 20.26150 21.27690 22.65820 21.90870 21.35240 21.19620 23.22120 23.24620 24.62020 25.79900 26.35530 27.33700 27.89470 31.17640 31.96880 32.51440 33.49860 32.89900 35.04810 35.15430 35.40580 37.25480 38.71060 39.07120 38.55340 40.83990 40.42930 38.97550 40.08370 41.82600 45.23890 51.01540 54.28320 51.74420 49.78130 52.81540 50.70190 47.96920 -9999
-9999 -9999 -9999 -9999 25.68940 23.83700 21.69330 21.91880 22.05290 17.18890 15.22160 -9999 -9999 -9999 -9999 21.95430 23.41680 19.85290 17.42120 16.87450 15.78800 13.74090 13.87980 16.28510 17.04620 16.38370 16.83170 17.59090 19.94420 20.11110 20.58610 19.18370 19.31150 20.64710 22.43850 22.38320 22.52310 21.88890 22.67360 24.89620 25.89380 25.91350 26.41390 27.06680 27.89420 29.82500 31.93990 32.36440 33.24860 32.19860 33.22550 33.43120 35.80720 35.63610 36.39470 37.50870 37.81300 41.48080 42.19760 40.90100 42.04130 44.66780 45.63410 47.38890 50.32070 50.57260 48.64470 46.31250 44.58370 41.35770 39.86010
-9999 -9999 -9999 -9999 -9999 -9999 25.41010 22.66870 19.23460 17.74470 15.27070 -9999 -9999 -9999 -9999 -9999 22.38650 21.67690 20.27310 18.33220 16.76730 11.72210 14.84330 15.94760 16.30820 14.25050 14.97640 16.73650 17.19470 17.53220 19.60140 18.82070 17.08370 20.69090 21.15670 20.44660 21.66970 24.56680 23.52550 25.87500 26.79760 28.02310 29.03030 28.96780 29.23410 29.87160 30.48130 32.49130 34.26200 35.07500 33.25100 33.48700 33.77740 34.34660 34.80720 35.78990 37.39760 39.20960 39.96540 41.84040 43.21200 44.42930 45.02260 47.83700 50.96680 49.61150 45.71350 41.42360 39.63170 37.50190 38.13800
-9999 -9999 -9999 -9999 -9999 -9999 -9999 -9999 -9999 -9999 -9999 -9999 -9999 -9999 -9999 -9999 -9999 -9999 -9999 18.63410 16.78850 12.92070 13.71490 14.84710 15.11970 14.41440 16.46250 14.14370 15.00670 17.94760 19.40190 18.26590 19.42120 20.57070 20.78370 21.14570 21.33460 23.35430 24.41010 26.57310 27.61150 27.37070 28.96350 29.53940 30.44760 30.31150 30.94570 32.14130 33.38080 35.57790 36.98940 35.18890 33.53940 33.03510 32.69330 33.68650 35.70050 37.20770 38.16390 40.35430 43.90820 43.42500 45.72310 46.79950 46.61300 42.64660 39.23220 36.32020 36.09660 38.05960 38.82740
-9999 -9999 -9999 -9999 -9999 -9999 -9999 -9999 -9999 -9999 -9999 -9999 -9999 -9999 -9999 -9999 -9999 -9999 19.19040 17.77930 15.31730 13.65050 12.40770 12.41350 12.97500 14.20190 15.08650 15.83080 15.35100 16.87120 17.54370 18.85580 20.32400 20.25290 21.52070 21.22690 23.27210 23.54900 25.50100 26.38560 27.51830 27.91590 28.83800 30.05820 31.23410 32.52930 31.53030 30.94470 31.77600 34.95870 36.11970 35.28560 34.30290 33.27500 32.56730 32.58750 33.37070 36.13080 38.30870 39.21870 39.57120 39.02980 41.68940 42.60340 43.47450 39.90910 37.43080 35.31680 36.78460 37.72600 38.86150
-9999 -9999 -9999 -9999 -9999 -9999 -9999 -9999 -9999 -9999 -9999 -9999 -9999 -9999 -9999 -9999 -9999 20.23370 19.69760 15.65380 15.15000 14.40290 12.74860 12.67450 12.90050 13.89230 14.19180 15.15620 16.01300 17.28510 18.53320 19.23850 19.47790 18.69420 20.30050 22.59180 24.68410 24.94180 25.00910 25.54950 26.72790 27.13750 28.78990 28.48890 29.79230 29.56010 30.15100 30.95960 30.94470 32.53990 33.59330 33.36540 34.20050 33.46680 33.35340 32.37120 34.24900 36.55910 37.35670 37.76250 37.71630 38.98220 42.71920 44.44280 41.55480 39.91730 39.56730 37.88650 37.67120 38.13890 41.66830
-9999 -9999 -9999 -9999 -9999 -9999 -9999 -9999 -9999 -9999 -9999 -9999 -9999 -9999 -9999 -9999 -9999 20.46440 18.92020 19.23750 16.77070 15.91780 15.04180 13.27450 11.98750 13.23030 13.24090 14.00820 15.15380 17.31150 18.54900 17.36440 18.07260 18.19230 20.52880 22.47740 23.80240 23.55190 25.73120 25.43410 26.27840 25.41630 26.27550 26.06970 27.18990 25.32600 26.33800 29.86060 30.18080 29.49620 31.35870 31.56920 32.39040 33.89860 34.71630 34.64900 35.77640 35.59900 35.89130 36.99280 38.42550 40.99130 41.36010 43.00770 45.25530 43.48410 42.01250 43.21920 39.34090 38.41680 40.73370
-9999 -9999 -9999 -9999 -9999 -9999 -9999 -9999 -9999 -9999 -9999 -9999 -9999 -9999 -9999 -9999 22.34860 20.89900 20.50580 19.77640 17.01390 14.13560 14.41780 13.22550 10.25240 12.39280 12.03320 10.49180 12.69040 15.15240 16.46490 17.48560 17.72310 17.62450 18.43270 20.63700 21.93170 23.93370 24.53700 24.63320 24.41010 24.32500 25.06110 24.95820 24.53080 24.29900 24.98320 28.44040 29.31060 29.85670 30.05910 30.86390 31.28560 32.21590 33.35050 33.21440 33.82450 35.14620 35.47310 37.67020 38.31780 39.77260 42.04130 45.32980 44.69900 44.40580 44.30530 42.92930 40.57500 40.11630 42.98940
-9999 -9999 -9999 -9999 -9999 -9999 -9999 -9999 -9999 -9999 -9999 -9999 -9999 19.04470 20.79420 20.04090 21.87210 22.81300 19.32930 15.55480 15.57070 16.19040 15.30430 14.83700 14.82550 11.04950 11.00960 11.03650 12.07160 13.20290 14.79660 15.96010 17.31440 17.01300 17.97360 19.85050 20.95380 20.82260 22.80670 22.82550 23.74380 22.62600 23.50580 22.37260 23.23080 25.33850 25.72600 26.40050 28.14330 29.14620 30.47600 30.32450 30.57930 30.96010 31.90100 33.00240 34.10580 34.27360 35.54570 36.24950 37.56830 38.66970 40.09710 42.74090 42.91250 43.32980 42.42310 43.09130 43.02070 45.12930 47.70100
-9999 -9999 -9999 -9999 -9999 -9999 -9999 -9999 -9999 -9999 -9999 -9999 16.46920 17.99330 19.51110 19.71060 19.15870 19.12690 18.17600 13.24860 14.47930 13.94040 13.21490 13.64860 13.61350 9.65481 9.62548 10.78270 12.12980 12.31680 13.36830 14.88460 14.98650 16.08120 15.67450 17.91680 19.89950 19.86200 22.14090 22.11540 22.10290 21.95000 21.77840 21.63410 23.62930 24.79660 25.53510 26.02260 27.84860 29.35530 30.05630 29.64760 29.95240 29.45240 30.57500 31.52260 32.86440 35.23170 36.56300 37.86880 38.07790 38.17160 40.46970 43.66150 45.98610 45.35630 46.05820 46.62740 47.45770 49.98410 53.99810
-9999 -9999 -9999 -9999 -9999 -9999 -9999 -9999 -9999 -9999 -9999 20.65620 19.55580 20.99810 18.74620 17.99130 16.32930 17.32310 16.56110 15.98650 14.72500 12.27500 12.54040 12.58080 12.54860 12.45960 12.44520 10.81590 10.61830 11.06880 12.65340 14.26730 15.65820 16.59330 16.36300 18.70480 20.46730 21.25000 21.33750 21.45290 19.95140 20.96830 20.79280 20.73460 23.01970 23.47740 24.34280 25.31780 26.37120 27.77600 29.58650 31.19230 31.67930 31.14230 31.49130 30.77450 31.29420 33.85480 33.79760 34.35190 37.11730 37.50380 38.69470 42.02840 45.69370 48.50240 48.57740 48.75430 51.08800 53.84180 59.34660
-9999 -9999 -9999 -9999 -9999 -9999 -9999 -9999 -9999 -9999 19.98940 19.51390 18.10050 20.21490 18.68130 17.37360 15.88610 16.01970 16.68170 16.46830 14.20190 11.42690 11.83030 11.58990 12.07210 12.07600 13.19860 10.16300 10.10380 11.54760 11.74230 13.33460 14.65290 15.74420 18.08750 20.39420 21.42980 22.33850 20.58700 20.62740 20.52260 19.09470 18.91200 21.12880 21.71010 22.28850 23.21540 23.99420 25.57640 28.49520 29.77310 31.40720 30.95530 31.25290 30.53610 29.37640 30.84760 32.07450 32.35630 34.19900 36.73650 37.81590 39.82160 42.18270 44.76730 49.16060 50.42070 51.32400 54.74470 58.53320 62.21680
-9999 -9999 -9999 -9999 -9999 -9999 -9999 -9999 -9999 14.42840 14.68650 15.25190 17.37740 18.58610 17.93940 18.00580 18.38170 15.79660 13.23270 12.65290 12.42310 11.92880 11.97840 10.83990 10.93650 11.34570 11.48170 11.28940 12.30000 12.06920 12.24710 15.45140 16.85050 20.31110 21.80140 23.20290 24.11880 21.57550 21.22260 18.70910 18.56110 18.18370 18.06390 18.72690 19.65530 20.49230 21.21110 23.31440 26.25100 28.09570 29.59570 31.09620 31.75380 34.90290 33.90380 27.16590 27.61010 28.97160 31.20000 34.53890 37.14760 38.42740 40.30870 42.21150 44.33560 48.04230 51.28940 54.74130 57.92360 60.09180 62.50580
-9999 -9999 -9999 -9999 -9999 -9999 -9999 -9999 -9999 -9999 12.53460 12.61970 14.73890 14.31440 13.14130 15.70670 16.11880 15.43460 13.82210 12.97070 12.02260 11.72310 10.45340 -9999 -9999 -9999 -9999 -9999 -9999 12.72020 12.74950 15.58750 16.43510 19.37740 22.26490 22.38030 23.67930 20.83750 19.91540 18.94090 17.68270 17.42450 18.40910 19.22640 18.98030 21.12310 21.82690 24.29660 26.03410 27.71150 29.07310 31.22310 31.76630 34.73460 34.19280 27.88750 27.10240 29.78270 33.32120 35.52160 38.63940 40.54230 40.53800 42.76010 47.28220 48.62550 53.12500 56.00140 62.31590 63.61730 66.15000
-9999 -9999 -9999 -9999 -9999 -9999 -9999 -9999 -9999 -9999 -9999 -9999 12.86880 12.27400 12.78510 8.38798 10.03850 9.77981 9.34038 -9999 -9999 -9999 -9999 -9999 -9999 -9999 -9999 -9999 -9999 -9999 -9999 -9999 -9999 17.71350 20.77400 20.70100 21.07210 19.93750 17.35000 17.26250 17.48850 17.58560 18.74660 18.56920 19.48890 20.55000 21.40430 23.70240 25.23750 27.23850 28.33370 33.29130 34.48030 32.50290 32.13460 27.72400 29.29280 30.77880 33.43460 36.88460 39.11390 41.89280 43.09520 44.13030 47.78510 49.34570 53.59760 57.52450 61.29860 63.32260 66.68030
-9999 -9999 -9999 -9999 -9999 -9999 -9999 -9999 -9999 -9999 -9999 -9999 -9999 -9999 -9999 -9999 -9999 -9999 -9999 -9999 -9999 -9999 -9999 -9999 -9999 -9999 -9999 -9999 -9999 -9999 -9999 -9999 -9999 -9999 19.46880 20.55190 18.09230 17.88170 16.96200 15.72360 17.46150 18.77070 20.02740 20.17070 21.14470 22.37840 23.12120 24.25670 25.45720 26.82400 28.45630 33.82400 34.93610 34.05630 34.54950 30.61630 30.88890 34.06730 34.82310 38.57550 41.44090 44.27930 46.13610 47.42740 48.27880 50.11680 53.87260 58.37740 62.58510 64.44950 67.49620
-9999 -9999 -9999 -9999 -9999 -9999 -9999 -9999 -9999 -9999 -9999 -9999 -9999 -9999 -9999 -9999 -9999 -9999 -9999 -9999 -9999 -9999 -9999 -9999 -9999 -9999 -9999 -9999 -9999 -9999 -9999 -9999 -9999 -9999 16.16200 17.50720 18.24180 17.47550 15.44420 14.24710 15.80580 18.73220 19.95910 21.34470 22.89860 23.89860 24.84040 25.94420 27.42020 29.69620 31.27790 32.44520 32.67160 36.38890 36.70190 33.01680 32.77160 34.30100 35.52120 38.52640 41.39570 44.42930 47.54660 49.84860 49.83890 52.68270 54.21540 59.29570 62.82880 65.63320 -9999
-9999 -9999 -9999 -9999 -9999 -9999 -9999 -9999 -9999 -9999 -9999 -9999 -9999 -9999 -9999 -9999 -9999 -9999 -9999 -9999 -9999 -9999 -9999 -9999 -9999 -9999 -9999 -9999 -9999 -9999 -9999 -9999 -9999 -9999 -9999 -9999 -9999 -9999 15.28560 15.42210 16.65190 19.22500 20.56830 22.29620 23.53610 25.10290 26.43220 27.75340 29.12740 31.22790 30.20670 31.23410 31.23170 34.26300 35.17600 32.81590 34.90100 36.13700 35.28320 37.23080 41.12160 43.85960 46.97210 49.90530 52.76150 54.01880 56.53510 57.69040 60.03850 -9999 -9999
