data/hydroclimate-scenarios/1948-2000.Pcorr55N_Pref_Tref/monthly_summaries/precip_monthly_tot_jul.asc
ncols	311
nrows	91
xllcenter	102.75
yllcenter	31.75
cellsize	0.5
NODATA_value	-9999
[rows 0 to 30 of 91, columns 213 to 283 of 311]
-9999 -9999 -9999 -9999 -9999 -9999 -9999 -9999 -9999 -9999 -9999 -9999 -9999 -9999 -9999 -9999 -9999 -9999 -9999 -9999 -9999 -9999 -9999 -9999 -9999 -9999 -9999 -9999 -9999 -9999 -9999 -9999 -9999 -9999 -9999 -9999 -9999 -9999 -9999 -9999 -9999 -9999 -9999 -9999 -9999 -9999 -9999 -9999 -9999 -9999 -9999 -9999 -9999 -9999 -9999 -9999 -9999 -9999 -9999 -9999 -9999 -9999 -9999 -9999 -9999 -9999 -9999 -9999 -9999 -9999 -9999
-9999 -9999 -9999 -9999 -9999 -9999 -9999 -9999 -9999 -9999 -9999 -9999 -9999 -9999 -9999 -9999 -9999 -9999 -9999 -9999 -9999 -9999 -9999 -9999 -9999 -9999 -9999 -9999 -9999 -9999 -9999 -9999 -9999 -9999 -9999 -9999 -9999 -9999 -9999 -9999 -9999 -9999 -9999 -9999 -9999 -9999 -9999 -9999 -9999 -9999 -9999 -9999 -9999 -9999 -9999 -9999 -9999 -9999 -9999 -9999 -9999 -9999 -9999 -9999 -9999 -9999 -9999 -9999 -9999 -9999 -9999
-9999 -9999 -9999 -9999 -9999 -9999 -9999 -9999 -9999 -9999 -9999 -9999 -9999 -9999 -9999 -9999 -9999 -9999 -9999 -9999 -9999 -9999 -9999 -9999 -9999 -9999 -9999 -9999 -9999 -9999 -9999 -9999 -9999 -9999 -9999 -9999 -9999 -9999 -9999 -9999 -9999 -9999 -9999 -9999 -9999 -9999 -9999 -9999 -9999 -9999 -9999 -9999 -9999 -9999 -9999 -9999 -9999 -9999 -9999 -9999 -9999 -9999 -9999 -9999 -9999 -9999 -9999 -9999 -9999 -9999 -9999
-9999 -9999 -9999 -9999 -9999 -9999 -9999 -9999 -9999 -9999 -9999 -9999 -9999 -9999 -9999 -9999 -9999 -9999 -9999 -9999 -9999 -9999 -9999 -9999 -9999 -9999 -9999 -9999 -9999 -9999 -9999 -9999 -9999 -9999 -9999 -9999 -9999 -9999 -9999 -9999 -9999 -9999 -9999 -9999 -9999 -9999 -9999 -9999 -9999 -9999 -9999 -9999 -9999 -9999 -9999 -9999 -9999 -9999 -9999 -9999 -9999 -9999 -9999 -9999 -9999 -9999 -9999 -9999 -9999 -9999 -9999
-9999 -9999 -9999 -9999 -9999 -9999 -9999 -9999 -9999 -9999 -9999 -9999 -9999 -9999 -9999 -9999 -9999 -9999 -9999 -9999 -9999 -9999 -9999 -9999 -9999 -9999 -9999 -9999 -9999 -9999 -9999 -9999 -9999 -9999 -9999 -9999 -9999 -9999 -9999 -9999 -9999 -9999 -9999 -9999 -9999 -9999 -9999 -9999 -9999 -9999 -9999 -9999 -9999 -9999 -9999 -9999 -9999 -9999 -9999 -9999 -9999 -9999 -9999 -9999 -9999 -9999 -9999 -9999 -9999 -9999 -9999
-9999 -9999 -9999 -9999 -9999 -9999 -9999 -9999 -9999 -9999 -9999 -9999 -9999 -9999 -9999 -9999 -9999 -9999 -9999 -9999 -9999 -9999 -9999 -9999 -9999 -9999 -9999 -9999 -9999 -9999 -9999 -9999 -9999 -9999 -9999 -9999 -9999 -9999 -9999 -9999 -9999 -9999 -9999 -9999 -9999 -9999 -9999 -9999 -9999 -9999 -9999 -9999 -9999 -9999 -9999 -9999 -9999 -9999 -9999 -9999 -9999 -9999 -9999 -9999 -9999 -9999 -9999 -9999 -9999 -9999 -9999
-9999 -9999 -9999 -9999 -9999 -9999 -9999 -9999 -9999 -9999 -9999 -9999 -9999 -9999 -9999 -9999 -9999 -9999 -9999 -9999 -9999 -9999 -9999 -9999 -9999 -9999 -9999 -9999 -9999 -9999 -9999 -9999 -9999 -9999 -9999 -9999 -9999 -9999 -9999 -9999 -9999 -9999 -9999 -9999 -9999 -9999 -9999 -9999 -9999 -9999 -9999 -9999 -9999 -9999 -9999 -9999 -9999 -9999 -9999 -9999 -9999 -9999 -9999 -9999 -9999 -9999 -9999 -9999 -9999 -9999 -9999
-9999 -9999 -9999 -9999 -9999 -9999 -9999 -9999 -9999 -9999 -9999 -9999 -9999 -9999 -9999 -9999 -9999 -9999 -9999 -9999 -9999 -9999 -9999 -9999 -9999 -9999 -9999 -9999 -9999 -9999 -9999 -9999 -9999 -9999 -9999 -9999 -9999 -9999 -9999 -9999 -9999 -9999 -9999 -9999 -9999 -9999 -9999 -9999 -9999 -9999 -9999 -9999 -9999 -9999 -9999 -9999 -9999 -9999 -9999 -9999 -9999 -9999 -9999 -9999 -9999 -9999 -9999 -9999 -9999 -9999 -9999
-9999 -9999 -9999 -9999 -9999 -9999 -9999 -9999 -9999 -9999 -9999 -9999 -9999 -9999 -9999 -9999 -9999 -9999 -9999 -9999 -9999 -9999 -9999 -9999 -9999 -9999 -9999 -9999 -9999 -9999 -9999 -9999 -9999 -9999 -9999 -9999 -9999 -9999 -9999 -9999 -9999 -9999 -9999 -9999 -9999 -9999 -9999 -9999 -9999 -9999 -9999 -9999 -9999 -9999 -9999 -9999 -9999 -9999 -9999 -9999 -9999 -9999 -9999 -9999 -9999 -9999 -9999 -9999 -9999 -9999 -9999
-9999 -9999 -9999 -9999 -9999 -9999 -9999 -9999 -9999 -9999 -9999 -9999 -9999 -9999 -9999 -9999 -9999 -9999 -9999 -9999 -9999 -9999 -9999 -9999 -9999 -9999 -9999 -9999 -9999 -9999 -9999 -9999 -9999 -9999 -9999 -9999 -9999 -9999 -9999 -9999 -9999 -9999 -9999 -9999 -9999 -9999 -9999 -9999 -9999 -9999 -9999 -9999 -9999 -9999 -9999 -9999 -9999 -9999 -9999 -9999 -9999 -9999 -9999 -9999 -9999 -9999 -9999 -9999 -9999 -9999 -9999
-9999 -9999 -9999 -9999 -9999 -9999 -9999 -9999 -9999 -9999 -9999 -9999 -9999 -9999 -9999 -9999 -9999 -9999 -9999 -9999 -9999 -9999 -9999 -9999 -9999 -9999 -9999 -9999 -9999 -9999 -9999 -9999 -9999 -9999 -9999 -9999 -9999 -9999 -9999 -9999 -9999 -9999 -9999 -9999 -9999 -9999 -9999 -9999 -9999 -9999 -9999 -9999 -9999 -9999 -9999 -9999 -9999 -9999 -9999 -9999 -9999 -9999 -9999 -9999 -9999 -9999 -9999 -9999 -9999 -9999 -9999
-9999 -9999 -9999 -9999 -9999 -9999 -9999 -9999 -9999 -9999 -9999 -9999 -9999 -9999 -9999 -9999 -9999 -9999 -9999 -9999 -9999 -9999 -9999 -9999 -9999 -9999 -9999 -9999 -9999 -9999 -9999 -9999 -9999 -9999 -9999 -9999 -9999 -9999 -9999 -9999 -9999 -9999 -9999 -9999 -9999 -9999 -9999 -9999 -9999 -9999 -9999 -9999 -9999 -9999 -9999 -9999 -9999 -9999 -9999 -9999 -9999 -9999 -9999 -9999 -9999 -9999 -9999 -9999 -9999 -9999 -9999
-9999 -9999 -9999 -9999 -9999 -9999 -9999 -9999 -9999 -9999 -9999 -9999 -9999 -9999 -9999 -9999 -9999 -9999 -9999 -9999 -9999 -9999 -9999 -9999 -9999 -9999 -9999 -9999 -9999 -9999 -9999 -9999 -9999 -9999 -9999 -9999 -9999 -9999 -9999 -9999 -9999 -9999 -9999 -9999 -9999 -9999 -9999 -9999 -9999 -9999 -9999 -9999 -9999 -9999 -9999 -9999 -9999 -9999 -9999 -9999 -9999 -9999 -9999 -9999 -9999 -9999 -9999 -9999 -9999 -9999 -9999
24.93410 25.36300 26.48080 26.42550 26.31250 26.21540 -9999 -9999 -9999 -9999 -9999 -9999 -9999 -9999 -9999 -9999 -9999 -9999 -9999 -9999 -9999 -9999 -9999 -9999 -9999 -9999 -9999 -9999 -9999 -9999 -9999 -9999 -9999 -9999 -9999 -9999 -9999 -9999 -9999 -9999 -9999 -9999 -9999 -9999 -9999 -9999 -9999 21.63700 -9999 -9999 -9999 -9999 -9999 -9999 -9999 -9999 -9999 -9999 -9999 -9999 -9999 -9999 -9999 -9999 -9999 -9999 -9999 -9999 -9999 -9999 -9999
20.29330 22.52930 25.30240 26.03890 25.60380 25.80480 25.56150 25.81350 27.45670 28.61440 32.29130 34.51300 33.31970 30.21440 29.57160 29.51110 29.22550 28.25720 36.16350 -9999 -9999 -9999 -9999 -9999 -9999 -9999 -9999 -9999 -9999 -9999 -9999 -9999 -9999 -9999 -9999 -9999 -9999 -9999 -9999 -9999 -9999 -9999 28.23890 25.97640 27.02120 31.30960 32.47070 29.99330 23.77160 -9999 -9999 -9999 24.05870 -9999 -9999 -9999 28.57020 30.66060 31.66110 -9999 -9999 -9999 -9999 -9999 -9999 -9999 -9999 -9999 -9999 -9999 -9999
21.53650 22.35380 27.79620 29.38800 28.94950 29.66350 34.01060 42.05960 47.59810 50.63270 50.93560 58.92450 51.26780 55.56540 61.73460 70.45340 62.23650 60.57450 49.06630 46.52360 42.34950 40.06590 37.52310 35.21730 31.21970 -9999 -9999 -9999 -9999 -9999 29.46880 28.67740 27.88510 27.47550 26.58940 25.63800 24.68610 24.76250 24.74470 24.54950 24.55770 24.67120 34.31730 33.37640 35.54570 34.62640 37.70290 36.52450 28.28170 28.22790 28.38170 28.37210 28.55770 28.47500 29.55820 30.57310 32.73370 35.93220 40.48510 40.73320 39.42740 36.95050 37.18700 35.18370 -9999 -9999 -9999 -9999 -9999 -9999 -9999
39.15190 45.65720 49.92020 56.73080 51.00770 55.37690 71.24420 84.60480 85.23850 78.99230 77.38370 75.72210 60.63560 62.37450 58.96250 73.84710 64.70000 60.21970 49.39860 44.74280 42.63030 41.87070 39.54900 41.25290 37.18220 36.22980 35.26970 35.33610 33.47790 31.83320 30.23700 29.77640 29.97790 31.35100 31.83410 30.82740 29.69180 29.79810 30.06730 30.10140 29.75580 29.95380 29.94040 29.91250 31.00910 30.28850 32.35430 32.30100 32.57740 32.43750 32.72600 32.40720 32.69230 33.63800 33.67450 34.62880 35.01300 36.05000 36.10670 36.80050 36.84470 37.96350 38.91870 39.97930 39.83700 39.10100 37.21920 36.95430 36.00050 34.96870 33.17980
74.71730 73.70480 80.25720 88.19090 86.15480 89.48370 73.91150 64.17310 62.91830 57.11350 52.55720 51.75050 56.37740 52.15960 47.24420 44.96680 48.41350 45.56780 44.58800 42.25190 40.59380 40.35770 38.56920 37.95050 38.05380 39.04370 39.98030 40.28080 39.69420 38.01680 35.42500 31.70290 31.81250 32.24280 34.71730 34.96150 33.93370 34.12210 33.36970 33.22160 33.28940 32.96830 33.00480 33.06110 33.12550 32.75670 34.81880 34.69040 34.77600 34.58560 34.97210 34.85870 35.07160 35.27980 35.88120 36.81440 36.90340 36.55910 37.68370 37.57550 37.67160 38.00630 41.01390 40.96300 38.80720 38.78080 37.83270 37.56830 36.47930 35.51780 34.80770
61.52310 59.63990 53.30100 56.26590 60.94570 53.55580 48.88800 50.93890 47.68800 42.36200 44.25380 43.91540 41.48170 36.34470 38.39130 40.54710 38.77550 38.19660 47.07160 44.87790 42.78460 41.47400 39.46830 39.00240 38.30770 39.33510 40.28220 43.18800 43.38610 42.72740 37.84470 32.96630 32.17400 33.30720 34.83990 35.99420 36.05050 36.32640 35.58650 35.63650 35.19420 36.15530 34.70580 34.56200 35.82500 36.26780 37.19520 37.29660 37.14090 37.37020 37.20960 37.64040 37.63700 37.93460 38.07980 37.96730 37.75190 38.30770 38.51440 38.88080 38.72600 39.04520 41.28610 39.90240 38.73700 38.53850 37.54330 37.56390 36.39330 35.01440 34.42840
58.90960 64.13800 66.25140 56.70190 52.69090 50.22400 43.27210 44.00530 38.47840 36.00620 35.41060 33.39570 33.21780 31.33940 35.18320 38.99660 38.27160 40.19760 42.74760 42.99470 43.87360 42.76440 43.64470 43.26730 41.36490 41.25530 39.21780 39.45630 39.02500 43.07640 38.65380 35.61200 32.52210 33.66390 34.98850 36.30580 36.65050 36.37740 36.20960 37.49230 37.26920 37.20340 38.37400 39.38080 37.97930 38.03510 39.35530 40.55530 40.54620 40.92550 39.73850 39.94660 39.98650 40.21110 39.42260 39.62500 39.37020 40.22450 40.69760 39.86010 39.80720 40.19520 40.31680 38.92210 38.97020 39.09810 37.51730 36.39710 35.12400 35.66490 33.58270
57.97840 77.46830 82.64860 61.99230 49.37450 42.68130 39.34660 36.13410 31.07790 28.29130 26.99180 26.11680 26.05480 27.56010 33.14090 45.22310 49.91870 50.99040 46.88850 47.34660 48.05380 48.01630 46.84040 46.57880 43.37550 42.43270 41.54570 40.36590 41.16350 43.28170 42.16250 37.78120 36.59810 37.01250 37.10720 38.17740 38.50240 38.01300 38.10000 38.78030 38.59900 39.73370 39.59710 40.72020 41.72160 41.76200 41.62880 42.74330 41.90720 43.24380 43.03080 43.42310 42.42360 42.39710 41.86630 40.49810 40.93270 40.28560 39.96780 38.65480 39.64810 39.49860 37.51540 37.26110 37.32120 36.09760 35.84710 37.01250 37.32260 36.88610 36.49810
63.41010 57.87400 47.19810 32.59420 30.07260 31.57120 33.97790 39.10580 39.19760 37.18320 34.07360 30.97310 29.14230 28.55430 35.20480 41.16010 46.84900 47.68370 50.61780 49.55380 52.37980 50.22210 52.09330 49.59570 45.92310 43.92120 42.67360 42.80100 43.49900 44.05100 46.01680 43.48650 41.68990 39.56350 39.11010 39.56490 39.77070 39.59760 39.84660 40.37260 41.38560 41.33370 42.07790 41.98220 42.77640 43.82690 44.42500 45.29280 45.78940 45.88030 46.27550 44.87310 43.79040 42.65580 41.81200 40.13370 40.46390 40.70340 40.11490 40.62500 40.97740 39.87260 40.24900 39.27930 38.07690 36.92740 34.78800 37.14620 36.58800 36.16540 36.79230
56.75430 42.44040 38.37400 41.05720 49.99280 68.98890 93.84090 99.05190 87.06870 74.13320 70.10100 62.62980 50.58510 33.58030 44.86830 49.70290 59.97600 54.23560 57.53410 53.92880 55.44230 52.83750 52.31200 51.81780 49.20000 46.08510 46.87500 46.77880 46.18890 44.94180 44.94090 43.10290 43.49860 44.53460 44.73750 44.48650 45.42260 46.22400 45.52740 45.40100 46.23610 46.28940 45.20480 45.24280 46.21970 47.36630 48.60910 51.16010 50.51540 51.09330 50.09470 49.02450 47.01150 46.01780 45.30910 45.59950 44.88650 42.97600 43.31680 42.47690 42.80140 41.56680 39.04380 37.87120 35.92450 34.58320 36.88560 36.25530 35.91590 35.29860 35.19420
63.47160 59.85820 66.37840 66.43940 59.09620 72.48990 90.94810 91.52690 86.19710 84.66630 87.69230 86.40340 83.95870 74.59760 75.14040 66.23460 56.17790 49.99950 57.88320 55.96490 56.42840 53.76590 52.72310 52.60380 50.70480 50.65000 51.37790 50.57400 51.76540 51.34620 49.98120 48.51830 50.03510 50.75100 52.31730 53.21010 54.85380 54.41780 54.18750 53.27500 57.21250 57.58320 55.21780 55.43560 55.80100 55.94810 53.37880 52.73170 52.84950 53.39180 51.94040 50.27260 50.40190 49.73510 47.79470 48.13610 46.27550 45.07640 45.78270 44.66680 44.14330 41.25240 39.94810 39.91250 37.72120 36.78800 37.28890 35.59810 35.20430 33.89090 33.76970
66.93560 68.79230 78.50720 78.73990 68.87640 63.41200 54.59420 59.33460 81.57400 83.45430 89.57360 90.05290 96.74570 97.37020 100.47600 91.79520 84.20340 66.81010 62.60910 57.09570 55.25000 56.61110 56.47930 57.67980 53.94470 53.24810 55.22640 54.75290 55.97790 56.66880 57.81150 57.93510 56.90050 58.05290 57.86200 58.31490 59.27450 60.89570 60.44130 60.15140 64.18650 65.25380 65.71730 67.24280 68.78030 69.80530 69.03560 66.38650 59.89370 56.19520 56.22790 54.66780 52.61730 53.75290 52.02020 50.10820 49.59900 48.90870 45.98800 44.95630 44.31440 45.39710 44.54470 43.31630 38.81870 35.58650 34.31780 33.91150 32.74660 31.47640 32.35960
66.06010 66.73170 67.69130 68.28170 75.18460 74.26250 82.20290 90.33460 87.00580 80.62980 79.93650 81.79860 87.61110 92.98890 90.59130 73.91830 67.28800 62.74570 62.41730 59.62600 57.69330 55.87020 58.51730 57.18610 54.32500 54.91920 56.38990 57.23460 58.42980 56.96010 58.40820 56.97160 57.05960 56.94950 57.95190 58.24090 58.32450 60.00000 59.53220 61.50580 64.42260 67.19900 66.89620 68.75430 71.23700 72.42500 72.82640 70.69900 66.78940 64.22360 61.43850 58.45580 56.30630 58.34660 59.36350 54.71110 52.79370 51.17260 49.09330 47.21970 46.65430 46.65720 44.76010 42.10910 40.28700 39.53650 35.83850 33.70620 31.42640 30.15380 32.21830
85.84280 90.79710 90.87880 93.52640 85.78130 121.99200 156.96600 164.66400 163.75200 145.53799 117.30800 118.52100 81.12790 59.98370 58.26440 67.79570 66.15620 66.42070 65.08220 62.08850 60.18700 62.47310 61.51010 60.19090 53.97980 53.78120 52.94280 55.07640 56.63650 56.75870 56.48130 55.59130 54.84570 53.78990 52.28940 52.41350 56.52360 56.88610 59.75000 61.09570 63.54470 65.21300 69.54130 71.54900 74.63800 75.25050 75.15140 77.25190 76.26200 72.06300 69.25910 65.72500 63.58940 60.62790 57.76970 58.96630 56.25870 54.29090 53.07880 50.88320 48.89660 47.62210 45.68800 44.80670 42.14660 39.63410 36.83030 34.38170 31.18270 28.78560 29.67690
216.14400 207.11200 124.46500 96.31870 98.59760 106.36000 131.20000 127.42100 133.06200 140.26601 124.40300 167.21100 168.18500 169.12100 129.26900 82.34230 62.86730 65.84620 71.73850 69.41490 66.03080 68.27120 67.15340 68.34950 55.14380 54.89330 54.80190 55.22450 57.06920 57.83990 57.11540 55.82690 54.07500 52.05530 55.01440 55.29040 54.88410 55.61250 59.50290 62.55240 63.75050 67.48410 71.61390 73.23560 77.40190 80.00240 83.28030 83.45530 79.13650 76.60050 76.80190 74.65770 71.63460 67.92310 60.82840 62.42360 60.71350 57.66150 54.60670 53.35190 51.13750 49.32310 47.00340 44.22450 42.88750 40.43370 38.05380 35.59520 31.99470 29.66680 29.47640
247.94200 181.27499 137.73100 109.50000 96.03270 112.71900 163.60300 109.36900 94.32070 89.63130 81.25960 79.43170 81.96680 112.83800 102.05200 125.64900 106.86000 71.30240 86.53940 80.59330 75.53030 77.70670 81.35480 75.70960 58.77930 58.61920 55.65870 55.54370 56.05050 56.64950 53.91110 51.87450 51.60100 52.57360 53.95000 54.28750 54.52600 57.10770 59.12120 59.95580 65.18080 68.15340 73.36680 76.46780 81.68510 84.88940 88.09620 89.66630 88.46250 89.52790 86.77980 86.20290 78.78750 72.14620 68.72070 62.75870 63.31920 61.44570 57.49040 54.98610 52.79710 50.71680 48.44090 47.01730 44.68270 42.31780 39.93080 37.61630 35.19810 32.72160 32.64620
109.64600 84.84570 128.73700 137.30600 142.42500 182.17101 157.93201 119.29800 77.86350 67.70190 57.81680 61.49710 115.46300 189.60899 163.20300 154.53600 139.50000 125.42500 117.65000 109.47600 96.61970 97.41830 90.53370 83.60140 78.91630 73.74520 69.96880 56.23940 55.35480 54.71350 52.93890 50.95910 49.75620 51.37400 53.51390 54.34130 53.71300 56.92360 57.48610 59.98800 62.53850 68.27930 73.36010 81.76590 83.34090 88.35140 89.24620 89.69130 93.38800 93.58030 93.70050 92.33320 86.72020 82.29810 76.23370 67.19660 67.03750 64.47640 60.28030 57.53410 58.68410 59.68990 58.19180 54.68170 51.07600 46.64520 41.92600 39.57880 37.95380 36.83650 36.69180
64.46880 55.57450 70.24470 97.17120 94.06830 103.48200 125.93700 139.11600 132.58501 89.78460 67.84760 54.52500 82.77210 109.32000 180.99400 210.66200 187.82899 187.44701 157.84599 142.19000 126.42000 125.19600 107.09600 96.74520 87.08610 79.49660 70.93460 71.46590 70.75000 67.04330 62.42690 58.22210 54.86680 55.09860 55.82070 58.89370 60.72070 59.63370 60.19180 61.60530 65.68940 69.62550 71.60340 79.60050 84.60960 88.19860 90.69710 90.56110 91.70000 90.04180 92.44810 94.06440 94.70290 90.72840 88.25960 79.31300 72.52840 70.40240 63.58940 59.46970 58.05050 57.24570 55.37210 53.11970 49.45000 45.05430 43.67840 41.38410 41.33610 40.23030 39.94760
