data/hydroclimate-scenarios/1948-2000.Pcorr55N_Pref_Tref/monthly_summaries/precip_monthly_tot_aug.asc
ncols	311
nrows	91
xllcenter	102.75
yllcenter	31.75
cellsize	0.5
NODATA_value	-9999
[rows 0 to 30 of 91, columns 213 to 283 of 311]
-9999 -9999 -9999 -9999 -9999 -9999 -9999 -9999 -9999 -9999 -9999 -9999 -9999 -9999 -9999 -9999 -9999 -9999 -9999 -9999 -9999 -9999 -9999 -9999 -9999 -9999 -9999 -9999 -9999 -9999 -9999 -9999 -9999 -9999 -9999 -9999 -9999 -9999 -9999 -9999 -9999 -9999 -9999 -9999 -9999 -9999 -9999 -9999 -9999 -9999 -9999 -9999 -9999 -9999 -9999 -9999 -9999 -9999 -9999 -9999 -9999 -9999 -9999 -9999 -9999 -9999 -9999 -9999 -9999 -9999 -9999
-9999 -9999 -9999 -9999 -9999 -9999 -9999 -9999 -9999 -9999 -9999 -9999 -9999 -9999 -9999 -9999 -9999 -9999 -9999 -9999 -9999 -9999 -9999 -9999 -9999 -9999 -9999 -9999 -9999 -9999 -9999 -9999 -9999 -9999 -9999 -9999 -9999 -9999 -9999 -9999 -9999 -9999 -9999 -9999 -9999 -9999 -9999 -9999 -9999 -9999 -9999 -9999 -9999 -9999 -9999 -9999 -9999 -9999 -9999 -9999 -9999 -9999 -9999 -9999 -9999 -9999 -9999 -9999 -9999 -9999 -9999
-9999 -9999 -9999 -9999 -9999 -9999 -9999 -9999 -9999 -9999 -9999 -9999 -9999 -9999 -9999 -9999 -9999 -9999 -9999 -9999 -9999 -9999 -9999 -9999 -9999 -9999 -9999 -9999 -9999 -9999 -9999 -9999 -9999 -9999 -9999 -9999 -9999 -9999 -9999 -9999 -9999 -9999 -9999 -9999 -9999 -9999 -9999 -9999 -9999 -9999 -9999 -9999 -9999 -9999 -9999 -9999 -9999 -9999 -9999 -9999 -9999 -9999 -9999 -9999 -9999 -9999 -9999 -9999 -9999 -9999 -9999
-9999 -9999 -9999 -9999 -9999 -9999 -9999 -9999 -9999 -9999 -9999 -9999 -9999 -9999 -9999 -9999 -9999 -9999 -9999 -9999 -9999 -9999 -9999 -9999 -9999 -9999 -9999 -9999 -9999 -9999 -9999 -9999 -9999 -9999 -9999 -9999 -9999 -9999 -9999 -9999 -9999 -9999 -9999 -9999 -9999 -9999 -9999 -9999 -9999 -9999 -9999 -9999 -9999 -9999 -9999 -9999 -9999 -9999 -9999 -9999 -9999 -9999 -9999 -9999 -9999 -9999 -9999 -9999 -9999 -9999 -9999
-9999 -9999 -9999 -9999 -9999 -9999 -9999 -9999 -9999 -9999 -9999 -9999 -9999 -9999 -9999 -9999 -9999 -9999 -9999 -9999 -9999 -9999 -9999 -9999 -9999 -9999 -9999 -9999 -9999 -9999 -9999 -9999 -9999 -9999 -9999 -9999 -9999 -9999 -9999 -9999 -9999 -9999 -9999 -9999 -9999 -9999 -9999 -9999 -9999 -9999 -9999 -9999 -9999 -9999 -9999 -9999 -9999 -9999 -9999 -9999 -9999 -9999 -9999 -9999 -9999 -9999 -9999 -9999 -9999 -9999 -9999
-9999 -9999 -9999 -9999 -9999 -9999 -9999 -9999 -9999 -9999 -9999 -9999 -9999 -9999 -9999 -9999 -9999 -9999 -9999 -9999 -9999 -9999 -9999 -9999 -9999 -9999 -9999 -9999 -9999 -9999 -9999 -9999 -9999 -9999 -9999 -9999 -9999 -9999 -9999 -9999 -9999 -9999 -9999 -9999 -9999 -9999 -9999 -9999 -9999 -9999 -9999 -9999 -9999 -9999 -9999 -9999 -9999 -9999 -9999 -9999 -9999 -9999 -9999 -9999 -9999 -9999 -9999 -9999 -9999 -9999 -9999
-9999 -9999 -9999 -9999 -9999 -9999 -9999 -9999 -9999 -9999 -9999 -9999 -9999 -9999 -9999 -9999 -9999 -9999 -9999 -9999 -9999 -9999 -9999 -9999 -9999 -9999 -9999 -9999 -9999 -9999 -9999 -9999 -9999 -9999 -9999 -9999 -9999 -9999 -9999 -9999 -9999 -9999 -9999 -9999 -9999 -9999 -9999 -9999 -9999 -9999 -9999 -9999 -9999 -9999 -9999 -9999 -9999 -9999 -9999 -9999 -9999 -9999 -9999 -9999 -9999 -9999 -9999 -9999 -9999 -9999 -9999
-9999 -9999 -9999 -9999 -9999 -9999 -9999 -9999 -9999 -9999 -9999 -9999 -9999 -9999 -9999 -9999 -9999 -9999 -9999 -9999 -9999 -9999 -9999 -9999 -9999 -9999 -9999 -9999 -9999 -9999 -9999 -9999 -9999 -9999 -9999 -9999 -9999 -9999 -9999 -9999 -9999 -9999 -9999 -9999 -9999 -9999 -9999 -9999 -9999 -9999 -9999 -9999 -9999 -9999 -9999 -9999 -9999 -9999 -9999 -9999 -9999 -9999 -9999 -9999 -9999 -9999 -9999 -9999 -9999 -9999 -9999
-9999 -9999 -9999 -9999 -9999 -9999 -9999 -9999 -9999 -9999 -9999 -9999 -9999 -9999 -9999 -9999 -9999 -9999 -9999 -9999 -9999 -9999 -9999 -9999 -9999 -9999 -9999 -9999 -9999 -9999 -9999 -9999 -9999 -9999 -9999 -9999 -9999 -9999 -9999 -9999 -9999 -9999 -9999 -9999 -9999 -9999 -9999 -9999 -9999 -9999 -9999 -9999 -9999 -9999 -9999 -9999 -9999 -9999 -9999 -9999 -9999 -9999 -9999 -9999 -9999 -9999 -9999 -9999 -9999 -9999 -9999
-9999 -9999 -9999 -9999 -9999 -9999 -9999 -9999 -9999 -9999 -9999 -9999 -9999 -9999 -9999 -9999 -9999 -9999 -9999 -9999 -9999 -9999 -9999 -9999 -9999 -9999 -9999 -9999 -9999 -9999 -9999 -9999 -9999 -9999 -9999 -9999 -9999 -9999 -9999 -9999 -9999 -9999 -9999 -9999 -9999 -9999 -9999 -9999 -9999 -9999 -9999 -9999 -9999 -9999 -9999 -9999 -9999 -9999 -9999 -9999 -9999 -9999 -9999 -9999 -9999 -9999 -9999 -9999 -9999 -9999 -9999
-9999 -9999 -9999 -9999 -9999 -9999 -9999 -9999 -9999 -9999 -9999 -9999 -9999 -9999 -9999 -9999 -9999 -9999 -9999 -9999 -9999 -9999 -9999 -9999 -9999 -9999 -9999 -9999 -9999 -9999 -9999 -9999 -9999 -9999 -9999 -9999 -9999 -9999 -9999 -9999 -9999 -9999 -9999 -9999 -9999 -9999 -9999 -9999 -9999 -9999 -9999 -9999 -9999 -9999 -9999 -9999 -9999 -9999 -9999 -9999 -9999 -9999 -9999 -9999 -9999 -9999 -9999 -9999 -9999 -9999 -9999
-9999 -9999 -9999 -9999 -9999 -9999 -9999 -9999 -9999 -9999 -9999 -9999 -9999 -9999 -9999 -9999 -9999 -9999 -9999 -9999 -9999 -9999 -9999 -9999 -9999 -9999 -9999 -9999 -9999 -9999 -9999 -9999 -9999 -9999 -9999 -9999 -9999 -9999 -9999 -9999 -9999 -9999 -9999 -9999 -9999 -9999 -9999 -9999 -9999 -9999 -9999 -9999 -9999 -9999 -9999 -9999 -9999 -9999 -9999 -9999 -9999 -9999 -9999 -9999 -9999 -9999 -9999 -9999 -9999 -9999 -9999
-9999 -9999 -9999 -9999 -9999 -9999 -9999 -9999 -9999 -9999 -9999 -9999 -9999 -9999 -9999 -9999 -9999 -9999 -9999 -9999 -9999 -9999 -9999 -9999 -9999 -9999 -9999 -9999 -9999 -9999 -9999 -9999 -9999 -9999 -9999 -9999 -9999 -9999 -9999 -9999 -9999 -9999 -9999 -9999 -9999 -9999 -9999 -9999 -9999 -9999 -9999 -9999 -9999 -9999 -9999 -9999 -9999 -9999 -9999 -9999 -9999 -9999 -9999 -9999 -9999 -9999 -9999 -9999 -9999 -9999 -9999
32.30290 32.60050 32.93890 32.56590 32.37550 32.35870 -9999 -9999 -9999 -9999 -9999 -9999 -9999 -9999 -9999 -9999 -9999 -9999 -9999 -9999 -9999 -9999 -9999 -9999 -9999 -9999 -9999 -9999 -9999 -9999 -9999 -9999 -9999 -9999 -9999 -9999 -9999 -9999 -9999 -9999 -9999 -9999 -9999 -9999 -9999 -9999 -9999 29.27740 -9999 -9999 -9999 -9999 -9999 -9999 -9999 -9999 -9999 -9999 -9999 -9999 -9999 -9999 -9999 -9999 -9999 -9999 -9999 -9999 -9999 -9999 -9999
29.54280 32.04710 33.78700 34.09710 33.79660 34.32310 34.01920 34.59370 36.38410 37.61010 41.73510 44.64370 43.95340 41.29760 40.35960 39.37930 38.65720 36.79520 63.78510 -9999 -9999 -9999 -9999 -9999 -9999 -9999 -9999 -9999 -9999 -9999 -9999 -9999 -9999 -9999 -9999 -9999 -9999 -9999 -9999 -9999 -9999 -9999 28.07120 29.09420 29.38940 28.10340 29.17210 29.19470 30.38120 -9999 -9999 -9999 30.06780 -9999 -9999 -9999 33.28030 35.07980 35.28650 -9999 -9999 -9999 -9999 -9999 -9999 -9999 -9999 -9999 -9999 -9999 -9999
31.58270 32.49330 37.27450 38.80140 38.33750 39.16630 43.73120 52.27260 57.91680 60.67550 60.71300 71.74810 77.93320 92.52790 100.89000 84.41680 75.47550 71.71970 48.87640 44.36200 42.59330 39.94810 40.75910 43.42400 40.45870 -9999 -9999 -9999 -9999 -9999 41.53170 39.92160 38.41200 37.67160 35.99130 33.20240 31.25620 31.19230 31.52210 31.36680 31.41150 31.58510 29.76680 29.89660 30.30960 30.20380 30.25340 30.32930 32.61390 32.64860 32.75720 32.62120 32.62640 32.41060 32.12640 33.76630 34.13270 34.71970 34.90100 36.62450 37.35000 37.29370 37.39090 36.97450 -9999 -9999 -9999 -9999 -9999 -9999 -9999
49.83320 56.19900 60.54090 67.71150 61.67690 66.20960 82.61010 95.87450 95.70240 88.67980 86.00290 79.08850 61.20870 72.10820 68.65910 69.47120 61.41250 57.61780 48.75240 46.65140 43.97550 39.82880 42.17600 41.53510 38.79760 41.52600 44.33120 46.74330 45.66830 44.09520 42.31880 41.52120 39.85480 39.57160 38.78940 36.86780 35.09620 33.73700 32.70770 33.01590 33.26250 33.40430 32.51630 32.57880 33.33700 33.52020 33.68610 33.72500 33.87020 34.05380 34.04130 33.93320 34.10620 33.89570 34.81630 35.05530 35.54470 37.03560 37.02740 37.53650 37.52160 37.64180 37.50340 36.42160 36.53080 36.27210 36.19570 35.00140 34.78370 35.97640 36.09130
87.27600 86.45430 93.69090 101.98700 100.34900 105.41700 88.12070 77.28130 76.00960 65.54370 56.45910 53.30910 55.41630 49.74760 45.35720 43.58170 46.59180 43.80000 54.38410 49.16680 46.62740 44.11830 45.29280 45.02450 39.69860 41.11390 41.73890 41.90820 42.14570 41.40380 41.60480 41.53890 40.81590 40.75340 41.06680 40.13700 37.32360 36.48700 35.49760 35.00580 35.19760 35.40530 36.05430 35.95050 36.14660 36.33170 35.28510 35.39760 35.45340 36.05140 36.12740 36.47980 36.31060 36.37310 36.31300 36.30770 36.78270 37.85820 38.08650 38.46970 38.46880 38.22790 37.06590 37.27020 36.70430 36.82600 36.86590 36.55820 36.52360 37.53170 37.15430
74.04330 70.92840 63.16730 66.10960 69.78370 60.23220 53.93460 56.73270 51.13610 42.92790 44.59950 43.60580 40.04380 35.71920 38.23990 39.84470 37.61730 36.77550 47.65720 45.24330 44.90480 44.73030 46.43460 46.28460 41.19280 41.56200 42.38560 39.58650 39.28800 38.53890 39.68700 40.18220 39.34620 40.72550 40.99230 41.01440 39.04370 38.52880 37.65290 36.88320 36.75340 36.98890 37.10480 37.38890 37.93750 38.11590 38.32450 38.51060 38.83750 37.98320 37.93460 38.15430 38.47160 38.47500 37.93460 38.05720 38.16200 39.00910 39.26440 39.24810 38.03990 38.25290 38.21680 37.86870 37.84090 37.78510 37.25630 37.13890 38.28850 37.66440 38.86780
72.12260 78.46390 79.59420 65.04660 58.02360 54.73510 49.08650 49.81250 43.77550 38.92840 35.29470 33.72400 34.03030 33.34710 37.15720 38.96920 38.29900 39.95910 47.98560 47.52210 45.95870 46.38650 45.31920 44.84810 40.17210 40.91630 42.83320 42.67210 41.60670 37.74280 39.76920 39.90820 40.05340 41.28130 40.99280 40.77930 39.85960 40.41390 39.52450 38.68510 38.75140 39.18410 39.22310 39.59180 39.67790 40.16780 39.98120 40.51390 40.65050 40.96200 39.89040 39.65670 39.71390 39.38940 38.17550 39.21010 38.97260 39.87210 39.27880 38.95870 39.11250 39.34280 38.87070 37.86780 37.52980 37.45480 37.25240 38.35100 37.86630 38.98800 40.19710
66.65430 80.12690 81.25430 63.94470 51.97840 45.79950 43.32070 41.24370 36.46920 33.67790 34.95240 35.34520 35.63560 35.91630 37.06490 43.70240 47.31540 48.91730 49.28080 47.69230 46.56630 44.01590 45.62740 44.29420 39.92840 41.63560 42.87160 42.41010 41.21490 39.36390 38.27400 40.50480 41.70050 41.17930 41.18320 40.95870 41.00430 41.45530 40.64620 40.88990 40.93130 41.59810 41.77930 42.76970 42.92740 43.11010 43.24230 42.58940 43.19620 42.76250 43.08270 41.96970 41.84040 40.48560 40.44860 38.94180 38.84330 39.03270 39.30580 38.47400 41.10770 41.34230 38.26880 38.70100 38.68370 38.51680 38.49950 38.77310 38.74570 39.87450 40.40770
59.38800 50.09860 43.64230 38.99760 38.42550 38.08610 38.12310 41.37160 41.20480 36.72360 35.49180 34.94520 33.06110 33.09810 37.44570 41.07360 45.10670 45.36010 52.36490 51.62880 46.50000 42.62550 40.91920 42.31540 39.70240 41.49810 42.60290 41.33220 41.27360 39.74130 37.92260 39.60100 40.63460 41.16250 41.23170 41.71830 41.88120 41.98940 42.61490 42.89570 43.10140 43.52600 44.57310 44.95000 44.88800 45.36440 46.01440 45.84710 46.29810 45.44040 45.70100 43.97120 44.07160 42.48890 41.77740 40.40870 39.25340 39.01490 38.42880 41.66780 42.54520 41.76060 41.59280 40.82840 40.51300 39.41680 37.75910 38.97360 38.96250 40.23800 40.44950
59.88510 44.47160 39.25190 40.77210 56.44620 76.01060 97.90820 106.89200 88.11010 73.02120 67.83890 60.83700 50.44660 34.96390 45.88750 49.76490 58.08800 51.76300 56.05580 53.23320 48.36350 42.82740 40.53890 40.55870 36.94520 40.38080 38.84620 39.95480 39.35530 40.45580 39.80240 40.80050 40.58560 40.40720 40.01010 41.13750 41.17740 41.23170 42.87310 44.15000 44.26830 45.88030 47.03940 48.21150 48.73410 49.19230 49.83030 50.53370 49.41540 49.32550 48.24090 47.68370 46.40530 44.80630 42.97450 41.52210 41.45870 44.17260 43.21730 42.34570 42.94090 41.85140 38.06300 38.04860 37.82260 37.63030 39.20480 39.22550 39.32210 40.58940 39.97790
70.67550 67.62120 71.86880 71.14620 64.56490 75.43750 92.50870 90.28220 85.71780 84.93320 88.32930 88.46920 87.06150 77.27070 77.26630 66.28080 55.09230 48.01440 58.39040 54.72840 49.84090 43.10100 40.99660 40.67840 37.95960 36.62930 37.36680 37.41110 37.24280 37.68990 38.00240 39.35100 39.10190 38.88850 37.82020 38.55140 38.72160 39.82310 42.55580 43.31680 44.34280 46.04330 48.50670 49.91970 51.53320 53.30580 54.14280 55.10100 53.67690 53.37740 51.76540 49.64180 48.04330 46.76630 45.11830 43.89760 46.25240 45.11150 44.19180 40.40770 39.39130 40.26870 38.87980 38.18990 38.08170 38.31010 38.65240 38.80340 39.02740 39.95960 39.72360
72.03700 72.01350 77.13890 75.78610 67.64380 63.58940 54.17790 54.24420 76.68700 80.77020 90.24760 91.75240 98.42450 100.50400 106.06500 92.15580 79.53940 57.56350 52.88940 55.75770 54.17640 42.28080 39.27400 38.55430 35.42550 35.10430 33.88940 34.38370 34.42980 34.78460 34.94860 35.58320 35.39900 35.91010 35.91300 37.06350 38.19280 39.03890 41.25100 42.92980 44.94660 47.28890 50.78510 52.61200 55.03890 56.39900 56.93750 57.05770 57.27210 55.85480 54.44420 53.48320 51.37740 48.68650 47.68800 45.30430 43.78610 43.48410 42.61200 41.77120 40.96780 39.76010 40.08750 38.84180 37.90100 38.19860 37.51150 38.13410 38.96780 38.85050 39.77310
69.80820 67.36880 67.03560 66.66390 70.57210 68.75340 71.70000 72.41730 68.71680 65.19280 69.09330 76.10140 87.77690 87.39280 78.52210 57.33750 50.73080 49.96540 51.52880 49.69860 47.95000 46.29420 41.97840 42.77020 36.29570 33.51730 32.94090 32.69330 33.57930 35.73560 36.03030 36.92790 36.40050 37.47120 37.17020 38.10430 39.10530 40.13410 42.02450 44.51150 46.76730 48.98940 52.89420 55.33800 58.10770 59.41780 61.13320 60.98220 60.90870 60.48270 58.23220 56.58410 54.29040 51.48320 50.28610 47.51110 45.97260 44.70910 43.63460 42.55000 41.81540 40.80050 40.06300 39.19900 39.30290 38.54280 38.65100 37.45820 37.81110 38.73130 39.64900
97.20770 96.18130 91.94520 86.25340 79.40000 108.05200 126.46500 158.71201 165.99600 140.01401 108.71600 126.23600 76.92160 52.68890 46.81540 48.65620 45.58170 44.58080 49.13850 45.50960 45.08080 45.27310 44.67070 44.63510 38.69330 37.36780 36.83410 35.44370 36.11250 38.87980 40.62880 38.79380 38.53650 38.37880 39.24860 40.34950 40.25380 41.04620 43.56010 45.62790 48.98510 52.54950 55.02980 58.80380 61.00340 63.40580 64.89710 64.63850 64.46970 63.19280 61.64810 59.84090 57.62790 55.04090 51.19280 49.81440 48.39130 47.14900 45.68990 45.10820 42.91250 42.09470 41.50580 40.48510 39.66780 39.07790 38.99330 37.72260 37.64810 38.10910 38.83220
231.35699 239.24699 155.97400 118.59000 118.52900 114.51800 110.31900 121.33700 141.88901 163.20200 142.26199 215.28700 185.50400 151.38800 109.73000 60.97840 42.13320 43.85480 48.36830 47.67550 47.01250 49.54330 48.11250 52.27020 37.60910 36.40580 34.85240 35.43750 36.19470 37.82640 38.45190 37.03220 37.44710 38.45290 37.08080 38.25530 40.22740 42.18410 44.56150 46.76300 50.49420 53.76590 57.47360 61.66590 65.23800 67.54570 69.26630 69.33650 68.08940 66.64860 64.97840 63.91490 61.83370 58.07640 54.66680 52.15340 51.97070 49.56920 47.94760 47.62690 45.51540 44.90290 42.38890 41.95380 40.17450 39.09180 38.89860 37.36490 37.25100 38.08890 38.87260
204.07899 201.04900 190.45500 158.09700 127.59800 117.51200 100.99300 74.31730 64.83750 65.18990 68.39810 69.65720 68.19090 88.84810 80.52880 85.65820 71.83130 46.72550 65.83320 62.28800 57.32310 57.80720 60.53170 54.83560 33.96970 31.72740 32.93270 33.23750 34.94710 37.57500 38.93460 37.00530 36.96200 36.09330 36.92500 38.33120 40.26730 42.68890 44.97640 48.39950 51.56730 54.90480 59.66780 63.76390 69.38080 71.57260 73.28890 72.09900 71.11060 70.59090 69.22360 68.50190 66.34810 63.50240 60.49520 58.71780 55.63940 54.57260 52.46010 48.91150 47.95670 45.95530 43.79900 43.46490 41.42210 38.74330 38.56780 38.39230 38.11490 38.18800 39.12120
114.70900 97.48370 147.50999 180.42200 160.57001 116.32000 87.37210 70.76680 53.45670 51.76590 49.16440 51.35240 106.27300 158.93100 152.80400 135.77000 118.60300 89.81970 90.23370 80.17690 76.08560 89.47790 78.84230 62.25430 52.93940 45.37740 39.80340 30.23890 32.95580 36.47210 36.89810 35.34420 36.19420 35.15000 36.35630 38.28990 40.46110 42.83800 45.11390 48.43750 51.81590 55.92840 60.01730 64.43370 71.06150 74.47640 75.67600 75.63170 73.55140 72.08320 72.58800 72.02450 70.93170 70.25580 68.06250 65.72980 62.55050 58.92020 55.05430 52.93170 50.63800 48.40960 47.54660 45.14130 43.14860 39.78990 38.51680 38.23610 39.28030 40.26970 41.12120
103.28800 83.37020 94.21830 113.24400 98.67020 81.27790 125.91600 164.82001 145.69901 86.92640 65.40960 48.66490 79.07840 124.63300 229.92101 269.96701 233.82001 207.11301 131.81799 118.60600 103.35400 106.92100 92.06300 72.85720 56.75140 48.53990 42.97840 44.39900 43.38460 45.19040 44.50820 41.98650 43.52020 41.11110 41.23800 42.01540 44.03750 45.41920 48.52400 51.26920 51.51630 55.76200 59.68030 65.91300 72.73460 78.95870 77.60670 77.04710 76.94860 76.16590 76.59090 76.31730 75.65000 75.80430 74.60000 73.16150 69.63320 65.08030 59.34660 54.70380 53.54860 51.21060 49.18170 46.18750 42.66350 39.59380 37.27450 38.36630 40.22400 41.41350 42.28850
