data/hydroclimate-scenarios/1948-2000.Pcorr55N_Pref_Tref/monthly_summaries/precip_monthly_tot_jul.1950-2000.asc
ncols	311
nrows	91
xllcenter	102.75
yllcenter	31.75
cellsize	0.5
NODATA_value	-9999
[rows 0 to 30 of 91, columns 213 to 283 of 311]
-9999 -9999 -9999 -9999 -9999 -9999 -9999 -9999 -9999 -9999 -9999 -9999 -9999 -9999 -9999 -9999 -9999 -9999 -9999 -9999 -9999 -9999 -9999 -9999 -9999 -9999 -9999 -9999 -9999 -9999 -9999 -9999 -9999 -9999 -9999 -9999 -9999 -9999 -9999 -9999 -9999 -9999 -9999 -9999 -9999 -9999 -9999 -9999 -9999 -9999 -9999 -9999 -9999 -9999 -9999 -9999 -9999 -9999 -9999 -9999 -9999 -9999 -9999 -9999 -9999 -9999 -9999 -9999 -9999 -9999 -9999
-9999 -9999 -9999 -9999 -9999 -9999 -9999 -9999 -9999 -9999 -9999 -9999 -9999 -9999 -9999 -9999 -9999 -9999 -9999 -9999 -9999 -9999 -9999 -9999 -9999 -9999 -9999 -9999 -9999 -9999 -9999 -9999 -9999 -9999 -9999 -9999 -9999 -9999 -9999 -9999 -9999 -9999 -9999 -9999 -9999 -9999 -9999 -9999 -9999 -9999 -9999 -9999 -9999 -9999 -9999 -9999 -9999 -9999 -9999 -9999 -9999 -9999 -9999 -9999 -9999 -9999 -9999 -9999 -9999 -9999 -9999
-9999 -9999 -9999 -9999 -9999 -9999 -9999 -9999 -9999 -9999 -9999 -9999 -9999 -9999 -9999 -9999 -9999 -9999 -9999 -9999 -9999 -9999 -9999 -9999 -9999 -9999 -9999 -9999 -9999 -9999 -9999 -9999 -9999 -9999 -9999 -9999 -9999 -9999 -9999 -9999 -9999 -9999 -9999 -9999 -9999 -9999 -9999 -9999 -9999 -9999 -9999 -9999 -9999 -9999 -9999 -9999 -9999 -9999 -9999 -9999 -9999 -9999 -9999 -9999 -9999 -9999 -9999 -9999 -9999 -9999 -9999
-9999 -9999 -9999 -9999 -9999 -9999 -9999 -9999 -9999 -9999 -9999 -9999 -9999 -9999 -9999 -9999 -9999 -9999 -9999 -9999 -9999 -9999 -9999 -9999 -9999 -9999 -9999 -9999 -9999 -9999 -9999 -9999 -9999 -9999 -9999 -9999 -9999 -9999 -9999 -9999 -9999 -9999 -9999 -9999 -9999 -9999 -9999 -9999 -9999 -9999 -9999 -9999 -9999 -9999 -9999 -9999 -9999 -9999 -9999 -9999 -9999 -9999 -9999 -9999 -9999 -9999 -9999 -9999 -9999 -9999 -9999
-9999 -9999 -9999 -9999 -9999 -9999 -9999 -9999 -9999 -9999 -9999 -9999 -9999 -9999 -9999 -9999 -9999 -9999 -9999 -9999 -9999 -9999 -9999 -9999 -9999 -9999 -9999 -9999 -9999 -9999 -9999 -9999 -9999 -9999 -9999 -9999 -9999 -9999 -9999 -9999 -9999 -9999 -9999 -9999 -9999 -9999 -9999 -9999 -9999 -9999 -9999 -9999 -9999 -9999 -9999 -9999 -9999 -9999 -9999 -9999 -9999 -9999 -9999 -9999 -9999 -9999 -9999 -9999 -9999 -9999 -9999
-9999 -9999 -9999 -9999 -9999 -9999 -9999 -9999 -9999 -9999 -9999 -9999 -9999 -9999 -9999 -9999 -9999 -9999 -9999 -9999 -9999 -9999 -9999 -9999 -9999 -9999 -9999 -9999 -9999 -9999 -9999 -9999 -9999 -9999 -9999 -9999 -9999 -9999 -9999 -9999 -9999 -9999 -9999 -9999 -9999 -9999 -9999 -9999 -9999 -9999 -9999 -9999 -9999 -9999 -9999 -9999 -9999 -9999 -9999 -9999 -9999 -9999 -9999 -9999 -9999 -9999 -9999 -9999 -9999 -9999 -9999
-9999 -9999 -9999 -9999 -9999 -9999 -9999 -9999 -9999 -9999 -9999 -9999 -9999 -9999 -9999 -9999 -9999 -9999 -9999 -9999 -9999 -9999 -9999 -9999 -9999 -9999 -9999 -9999 -9999 -9999 -9999 -9999 -9999 -9999 -9999 -9999 -9999 -9999 -9999 -9999 -9999 -9999 -9999 -9999 -9999 -9999 -9999 -9999 -9999 -9999 -9999 -9999 -9999 -9999 -9999 -9999 -9999 -9999 -9999 -9999 -9999 -9999 -9999 -9999 -9999 -9999 -9999 -9999 -9999 -9999 -9999
-9999 -9999 -9999 -9999 -9999 -9999 -9999 -9999 -9999 -9999 -9999 -9999 -9999 -9999 -9999 -9999 -9999 -9999 -9999 -9999 -9999 -9999 -9999 -9999 -9999 -9999 -9999 -9999 -9999 -9999 -9999 -9999 -9999 -9999 -9999 -9999 -9999 -9999 -9999 -9999 -9999 -9999 -9999 -9999 -9999 -9999 -9999 -9999 -9999 -9999 -9999 -9999 -9999 -9999 -9999 -9999 -9999 -9999 -9999 -9999 -9999 -9999 -9999 -9999 -9999 -9999 -9999 -9999 -9999 -9999 -9999
-9999 -9999 -9999 -9999 -9999 -9999 -9999 -9999 -9999 -9999 -9999 -9999 -9999 -9999 -9999 -9999 -9999 -9999 -9999 -9999 -9999 -9999 -9999 -9999 -9999 -9999 -9999 -9999 -9999 -9999 -9999 -9999 -9999 -9999 -9999 -9999 -9999 -9999 -9999 -9999 -9999 -9999 -9999 -9999 -9999 -9999 -9999 -9999 -9999 -9999 -9999 -9999 -9999 -9999 -9999 -9999 -9999 -9999 -9999 -9999 -9999 -9999 -9999 -9999 -9999 -9999 -9999 -9999 -9999 -9999 -9999
-9999 -9999 -9999 -9999 -9999 -9999 -9999 -9999 -9999 -9999 -9999 -9999 -9999 -9999 -9999 -9999 -9999 -9999 -9999 -9999 -9999 -9999 -9999 -9999 -9999 -9999 -9999 -9999 -9999 -9999 -9999 -9999 -9999 -9999 -9999 -9999 -9999 -9999 -9999 -9999 -9999 -9999 -9999 -9999 -9999 -9999 -9999 -9999 -9999 -9999 -9999 -9999 -9999 -9999 -9999 -9999 -9999 -9999 -9999 -9999 -9999 -9999 -9999 -9999 -9999 -9999 -9999 -9999 -9999 -9999 -9999
-9999 -9999 -9999 -9999 -9999 -9999 -9999 -9999 -9999 -9999 -9999 -9999 -9999 -9999 -9999 -9999 -9999 -9999 -9999 -9999 -9999 -9999 -9999 -9999 -9999 -9999 -9999 -9999 -9999 -9999 -9999 -9999 -9999 -9999 -9999 -9999 -9999 -9999 -9999 -9999 -9999 -9999 -9999 -9999 -9999 -9999 -9999 -9999 -9999 -9999 -9999 -9999 -9999 -9999 -9999 -9999 -9999 -9999 -9999 -9999 -9999 -9999 -9999 -9999 -9999 -9999 -9999 -9999 -9999 -9999 -9999
-9999 -9999 -9999 -9999 -9999 -9999 -9999 -9999 -9999 -9999 -9999 -9999 -9999 -9999 -9999 -9999 -9999 -9999 -9999 -9999 -9999 -9999 -9999 -9999 -9999 -9999 -9999 -9999 -9999 -9999 -9999 -9999 -9999 -9999 -9999 -9999 -9999 -9999 -9999 -9999 -9999 -9999 -9999 -9999 -9999 -9999 -9999 -9999 -9999 -9999 -9999 -9999 -9999 -9999 -9999 -9999 -9999 -9999 -9999 -9999 -9999 -9999 -9999 -9999 -9999 -9999 -9999 -9999 -9999 -9999 -9999
-9999 -9999 -9999 -9999 -9999 -9999 -9999 -9999 -9999 -9999 -9999 -9999 -9999 -9999 -9999 -9999 -9999 -9999 -9999 -9999 -9999 -9999 -9999 -9999 -9999 -9999 -9999 -9999 -9999 -9999 -9999 -9999 -9999 -9999 -9999 -9999 -9999 -9999 -9999 -9999 -9999 -9999 -9999 -9999 -9999 -9999 -9999 -9999 -9999 -9999 -9999 -9999 -9999 -9999 -9999 -9999 -9999 -9999 -9999 -9999 -9999 -9999 -9999 -9999 -9999 -9999 -9999 -9999 -9999 -9999 -9999
25.13140 25.57840 26.71720 26.67600 26.57250 26.49120 -9999 -9999 -9999 -9999 -9999 -9999 -9999 -9999 -9999 -9999 -9999 -9999 -9999 -9999 -9999 -9999 -9999 -9999 -9999 -9999 -9999 -9999 -9999 -9999 -9999 -9999 -9999 -9999 -9999 -9999 -9999 -9999 -9999 -9999 -9999 -9999 -9999 -9999 -9999 -9999 -9999 21.79260 -9999 -9999 -9999 -9999 -9999 -9999 -9999 -9999 -9999 -9999 -9999 -9999 -9999 -9999 -9999 -9999 -9999 -9999 -9999 -9999 -9999 -9999 -9999
20.46130 22.72890 25.53870 26.29460 25.87060 26.08480 25.85340 26.12110 27.80200 28.98820 32.73330 35.00390 33.81080 30.67940 30.03970 29.95390 29.68380 28.65880 36.63140 -9999 -9999 -9999 -9999 -9999 -9999 -9999 -9999 -9999 -9999 -9999 -9999 -9999 -9999 -9999 -9999 -9999 -9999 -9999 -9999 -9999 -9999 -9999 28.23580 26.01130 27.09660 31.44360 32.65980 30.21270 23.98140 -9999 -9999 -9999 24.41180 -9999 -9999 -9999 28.99800 31.08190 32.05740 -9999 -9999 -9999 -9999 -9999 -9999 -9999 -9999 -9999 -9999 -9999 -9999
21.72300 22.55930 28.06620 29.68530 29.26180 29.99850 34.41130 42.57750 48.21030 51.31620 51.64850 59.78140 52.04220 56.36520 62.49660 71.24610 63.08630 61.43580 49.69460 47.05590 42.77350 40.41030 37.79710 35.43530 31.37250 -9999 -9999 -9999 -9999 -9999 29.37700 28.54710 27.71910 27.27350 26.37010 25.42400 24.48040 24.58190 24.59900 24.44120 24.48680 24.63820 34.31960 33.42700 35.65100 34.78040 37.92790 36.79560 28.52890 28.51180 28.70390 28.73140 28.95540 28.90830 30.03530 31.05390 33.23480 36.47250 41.07840 41.27990 39.90740 37.35690 37.55440 35.49220 -9999 -9999 -9999 -9999 -9999 -9999 -9999
39.50590 46.09020 50.41570 57.32790 51.57250 56.02060 72.11470 85.68430 86.37350 80.08820 78.49560 76.75780 61.34360 62.98140 59.43330 74.48970 65.41320 61.03040 50.03040 45.24950 43.05250 42.22700 39.83820 41.50740 37.36810 36.37160 35.36760 35.39260 33.49310 31.80200 30.16320 29.66130 29.82110 31.13870 31.57700 30.56230 29.43770 29.59070 29.90290 29.98140 29.68240 29.92350 29.95150 29.96420 31.10000 30.41420 32.52890 32.51810 32.83970 32.74020 33.07210 32.79220 33.12600 34.11960 34.18630 35.15740 35.53380 36.57160 36.61760 37.30930 37.33870 38.45930 39.38040 40.40930 40.22110 39.43280 37.49510 37.18820 36.18680 35.11370 33.28630
75.41670 74.43280 81.08870 89.15390 87.14120 90.55880 74.84310 65.01320 63.78090 57.85390 53.13630 52.22060 56.77790 52.43040 47.46270 45.24310 48.82060 46.05980 45.15440 42.72790 40.99310 40.70390 38.85390 38.18730 38.24510 39.19410 40.08430 40.34220 39.70690 37.98140 35.34610 31.59410 31.66370 32.05290 34.46370 34.65930 33.65440 33.89750 33.20150 33.09610 33.20440 32.92350 32.99750 33.09410 33.19900 32.87010 34.98280 34.89710 35.03040 34.88330 35.31720 35.24850 35.51320 35.75490 36.39560 37.35690 37.43430 37.07250 38.19750 38.07600 38.15830 38.48530 41.51860 41.45290 39.26130 39.18680 38.18730 37.87840 36.73920 35.73240 34.98330
62.12060 60.24660 53.87400 56.90340 61.66910 54.22210 49.52250 51.56320 48.18380 42.72010 44.54120 44.11760 41.59260 36.39900 38.43970 40.68920 39.00150 38.50930 47.57110 45.38140 43.20740 41.83140 39.75930 39.24360 38.50340 39.48820 40.39120 43.25440 43.39850 42.68770 37.76180 32.85390 32.02450 33.11080 34.59260 35.70150 35.76030 36.05980 35.37350 35.47210 35.07600 36.07700 34.67550 34.57400 35.88190 36.37010 37.34560 37.49410 37.38330 37.66420 37.55200 38.03480 38.07750 38.41230 38.59020 38.50830 38.27700 38.82600 39.02110 39.38090 39.20930 39.51910 41.77650 40.36180 39.17110 38.95880 37.94070 37.95000 36.72550 35.29360 34.67750
59.50390 64.81470 66.99070 57.36720 53.33530 50.80590 43.69070 44.34800 38.70490 36.15050 35.48240 33.40150 33.16810 31.28190 35.13530 39.03090 38.39310 40.41910 43.09120 43.45100 44.30930 43.13630 43.97060 43.53870 41.57990 41.41860 39.32750 39.52110 39.04020 43.03820 38.57250 35.49310 32.37250 33.46860 34.75780 36.04610 36.40200 36.14660 35.99260 37.28190 37.11130 37.09560 38.31180 39.36520 38.01180 38.11370 39.48680 40.74020 40.78280 41.21910 40.07600 40.33920 40.41860 40.67840 39.91570 40.15340 39.89750 40.74900 41.21420 40.35200 40.28870 40.66620 40.77650 39.35440 39.38920 39.50590 37.89850 36.75440 35.45880 35.99800 33.89950
58.57990 78.31520 83.60100 62.66230 49.82160 42.98680 39.55490 36.25780 31.12650 28.28190 26.93240 26.01130 25.93040 27.41570 33.00930 45.14260 49.94750 51.14310 47.14660 47.73190 48.53770 48.43680 47.19070 46.87350 43.60100 42.60290 41.66570 40.43480 41.18140 43.24660 42.07650 37.65880 36.43920 36.82890 36.89950 37.95540 38.29260 37.82110 37.92300 38.61570 38.44950 39.59510 39.49610 40.67210 41.72750 41.81910 41.73680 42.90880 42.12110 43.52210 43.36470 43.81720 42.84310 42.85390 42.35340 41.00290 41.46180 40.79410 40.45590 39.11720 40.10830 39.94460 37.92650 37.65930 37.70830 36.46080 36.19410 37.35880 37.66720 37.22600 36.83730
64.08770 58.45640 47.58530 32.80000 30.20880 31.65640 34.01130 39.06860 39.08730 37.01320 33.85390 30.73870 28.90540 28.30690 34.97550 40.98580 46.75930 47.70830 50.77400 49.83280 52.80740 50.66420 52.48730 49.91230 46.16320 44.10050 42.79950 42.87700 43.52110 44.02160 45.92890 43.37110 41.55050 39.40590 38.92600 39.38530 39.60740 39.44850 39.71470 40.25390 41.27940 41.24220 42.00000 41.92160 42.74560 43.85340 44.50980 45.43630 45.99020 46.14220 46.60200 45.23920 44.18380 43.07600 42.26030 40.60000 40.96810 41.19850 40.58820 41.09260 41.43630 40.30590 40.67250 39.68140 38.45540 37.28330 35.11180 37.48140 36.91810 36.49510 37.12790
57.29800 42.67400 38.51570 41.13680 49.99950 68.87790 93.52790 98.54070 86.46570 73.48530 69.37700 61.94560 50.00540 33.20780 44.46370 49.36860 59.72160 54.14220 57.57600 54.10590 55.76080 53.27400 52.71130 52.15290 49.46230 46.27840 47.01620 46.86370 46.21810 44.92450 44.89410 43.02940 43.39750 44.39850 44.58140 44.34510 45.29610 46.11320 45.43730 45.32840 46.17790 46.25050 45.18330 45.24020 46.23480 47.40050 48.66570 51.28580 50.70250 51.34900 50.41030 49.37840 47.38920 46.43090 45.75490 46.09020 45.41080 43.47840 43.80980 42.94800 43.26270 42.00200 39.43920 38.24360 36.26720 34.90290 37.21620 36.57890 36.23770 35.61370 35.53240
64.01860 60.32600 66.47940 66.28240 58.85440 72.07160 90.26420 90.68090 85.24950 83.58630 86.50200 85.17840 82.71570 73.58280 74.28190 65.63820 55.81470 49.79750 57.79260 56.01320 56.61960 54.08330 53.13040 52.94800 50.97790 50.86620 51.53530 50.66860 51.82650 51.37600 49.97990 48.48530 49.96570 50.64120 52.20440 53.10980 54.77210 54.36180 54.15150 53.26030 57.21960 57.61320 55.26760 55.50780 55.89410 56.06370 53.50830 52.88330 53.01960 53.61760 52.22300 50.59070 50.76570 50.14120 48.22890 48.61370 46.77600 45.58480 46.28480 45.14310 44.60100 41.66570 40.33820 40.28970 38.06570 37.11420 37.61370 35.91080 35.51370 34.20980 34.11130
67.32840 69.51810 78.98480 78.72700 68.45150 62.78190 53.96080 58.54710 80.35290 82.10590 88.06470 88.47840 94.98920 95.80780 99.10690 90.77060 83.47110 66.39220 62.37250 57.01720 55.30980 56.81320 56.81670 58.06080 54.23970 53.47990 55.40780 54.90290 56.09710 56.75590 57.86520 57.95000 56.87450 57.98820 57.81570 58.28380 59.26370 60.91320 60.48190 60.21760 64.28280 65.37550 65.86860 67.42210 68.98970 70.04460 69.30050 66.66910 60.15390 56.43870 56.49020 54.97010 52.95690 54.14800 52.44950 50.56670 50.09800 49.44170 46.47450 45.41860 44.75640 45.83680 44.96270 43.71180 39.16230 35.89120 34.61080 34.20490 33.05100 31.78970 32.70290
66.26420 67.24710 68.40880 68.57350 75.04610 73.68430 81.08920 88.78630 85.38480 79.07210 78.33430 80.09900 85.80980 91.30290 89.17060 72.93480 66.55590 62.21420 62.04360 59.41030 57.62400 55.94070 58.73240 57.53430 54.62450 55.18380 56.63040 57.44460 58.61230 57.10290 58.51910 57.04170 57.08480 56.96130 57.98140 58.28770 58.39510 60.09800 59.65290 61.65540 64.60590 67.41470 67.14070 69.02790 71.51720 72.71030 73.11030 70.97500 67.05250 64.48430 61.71370 58.74660 56.62790 58.73190 59.80690 55.16960 53.28090 51.69070 49.59360 47.68680 47.10100 47.09220 45.16420 42.47700 40.62750 39.87060 36.14220 34.01320 31.73430 30.47060 32.57650
86.09020 91.29070 91.74900 94.34460 85.99710 121.56500 155.48700 161.91000 160.68500 142.71899 114.95300 116.05600 79.34410 58.68530 57.14610 66.65690 65.20290 65.62160 64.45390 61.63580 59.89070 62.31960 61.51230 60.34020 54.31810 54.08970 53.21570 55.32890 56.86420 56.95390 56.64220 55.70980 54.92160 53.87350 52.38330 52.52600 56.66620 57.05440 59.95250 61.30980 63.76760 65.44460 69.78920 71.80250 74.90150 75.51030 75.41180 77.52400 76.53820 72.34260 69.55780 66.03870 63.92350 60.98280 58.15880 59.41620 56.73630 54.79850 53.60150 51.36760 49.34610 48.04850 46.08280 45.18190 42.49510 39.96320 37.15980 34.71420 31.50290 29.10000 30.02060
216.82300 208.29500 125.49300 97.41270 99.26620 106.23600 129.84200 125.50200 130.95900 137.95000 122.28600 164.25700 165.02800 165.67200 126.41400 80.55690 61.65150 64.72750 70.69220 68.56420 65.37990 67.76030 66.82010 68.45250 55.43820 55.25200 55.13190 55.52450 57.35100 58.09120 57.32790 55.99850 54.21810 52.20740 55.18280 55.45690 55.05000 55.78380 59.68580 62.74660 63.95050 67.69660 71.83920 73.46370 77.63870 80.24610 83.54310 83.72550 79.40050 76.88680 77.12300 75.00340 71.99560 68.29710 61.19170 62.85290 61.18380 58.15830 55.12350 53.84020 51.59170 49.74560 47.39220 44.58430 43.23730 40.78970 38.41270 35.95490 32.33870 30.00390 29.83430
249.00301 182.30600 138.85800 110.67600 96.56520 112.27400 161.74699 108.05100 93.11420 88.41910 80.10390 78.26570 80.67790 110.88300 100.12200 123.07300 104.49000 69.74610 84.85540 79.21270 74.41670 76.74510 80.86910 75.75150 59.03770 58.94950 56.03240 55.88970 56.37110 56.94070 54.15590 52.07550 51.76570 52.72060 54.09410 54.42840 54.66570 57.26130 59.28090 60.11860 65.35490 68.33580 73.56230 76.67250 81.90250 85.12300 88.34750 89.93240 88.74310 89.85100 87.12790 86.58920 79.17450 72.53140 69.11760 63.14850 63.76230 61.92840 57.99220 55.46960 53.24510 51.13380 48.82600 47.39020 45.06720 42.71080 40.32700 38.01420 35.59310 33.11180 33.05980
110.26300 85.35640 129.78300 138.35600 142.79401 181.00999 156.60899 118.22200 77.10590 66.98870 57.16960 60.76270 113.98300 186.90500 160.62000 151.84700 136.85001 122.84200 115.03400 107.08400 94.73140 96.11130 89.90150 83.56370 79.19070 74.09220 70.37650 56.63190 55.71180 55.03280 53.21720 51.19560 49.95200 51.54020 53.66180 54.46130 53.82890 57.05150 57.61370 60.12400 62.67990 68.43190 73.52450 81.95000 83.53920 88.56910 89.47700 89.93140 93.67060 93.90340 94.06470 92.73240 87.13280 82.72550 76.66080 67.60290 67.47110 64.93870 60.76180 58.02060 59.16130 60.15930 58.64460 55.14410 51.54070 47.09950 42.36270 40.01860 38.39900 37.29510 37.17250
64.85980 55.93190 70.60640 97.62750 94.07210 102.99300 125.26400 138.27600 131.70000 89.11270 67.29750 54.04900 81.96960 108.10700 178.73100 207.71899 184.90601 184.23199 154.89000 139.31400 123.83700 123.41100 106.24600 96.61230 87.30490 79.79660 71.28280 71.90200 71.25690 67.48580 62.79950 58.53240 55.12450 55.31960 56.00780 59.06320 60.86720 59.75000 60.29900 61.71520 65.80740 69.75100 71.73330 79.75740 84.78530 88.39260 90.90980 90.78330 91.96420 90.34170 92.79310 94.45830 95.13630 91.18190 88.73870 79.77600 72.98190 70.87210 64.05200 59.95050 58.50440 57.68480 55.83140 53.59510 49.92450 45.51620 44.15540 41.86270 41.84360 40.75150 40.49260
