data/hydroclimate-scenarios/1948-2000.Pcorr55N_Pref_Tref/monthly_summaries/precip_monthly_tot_jan.asc
ncols	311
nrows	91
xllcenter	102.75
yllcenter	31.75
cellsize	0.5
NODATA_value	-9999
[rows 0 to 31 of 91, columns 0 to 71 of 311]
-9999 -9999 -9999 -9999 -9999 -9999 -9999 -9999 -9999 -9999 -9999 -9999 -9999 -9999 -9999 -9999 -9999 -9999 -9999 -9999 -9999 -9999 -9999 -9999 -9999 -9999 -9999 -9999 -9999 -9999 -9999 -9999 -9999 -9999 -9999 -9999 -9999 -9999 -9999 -9999 -9999 -9999 -9999 -9999 -9999 -9999 -9999 -9999 -9999 -9999 -9999 -9999 -9999 -9999 -9999 -9999 -9999 -9999 -9999 -9999 -9999 -9999 -9999 -9999 -9999 -9999 -9999 -9999 -9999 -9999 -9999 -9999
-9999 -9999 -9999 -9999 -9999 -9999 -9999 -9999 -9999 -9999 -9999 -9999 -9999 -9999 -9999 -9999 -9999 -9999 -9999 -9999 -9999 -9999 -9999 -9999 -9999 -9999 -9999 -9999 -9999 -9999 -9999 -9999 -9999 -9999 -9999 -9999 -9999 -9999 -9999 -9999 -9999 -9999 -9999 -9999 -9999 -9999 -9999 -9999 -9999 -9999 -9999 -9999 -9999 -9999 -9999 -9999 -9999 -9999 -9999 -9999 -9999 -9999 -9999 -9999 -9999 -9999 -9999 -9999 -9999 -9999 -9999 -9999
-9999 -9999 -9999 -9999 -9999 -9999 -9999 -9999 -9999 -9999 -9999 -9999 -9999 -9999 -9999 -9999 -9999 -9999 -9999 -9999 -9999 -9999 -9999 -9999 -9999 -9999 -9999 -9999 -9999 -9999 -9999 -9999 -9999 -9999 -9999 -9999 -9999 -9999 -9999 -9999 -9999 -9999 -9999 -9999 -9999 -9999 -9999 -9999 -9999 -9999 -9999 -9999 -9999 -9999 -9999 -9999 -9999 -9999 -9999 -9999 -9999 -9999 -9999 -9999 -9999 -9999 -9999 -9999 -9999 -9999 -9999 -9999
-9999 -9999 -9999 -9999 -9999 -9999 -9999 -9999 -9999 -9999 -9999 -9999 -9999 -9999 -9999 -9999 -9999 -9999 -9999 -9999 -9999 -9999 -9999 -9999 -9999 -9999 -9999 -9999 -9999 -9999 -9999 -9999 -9999 -9999 -9999 -9999 -9999 -9999 -9999 -9999 -9999 -9999 -9999 -9999 -9999 -9999 -9999 -9999 -9999 -9999 -9999 -9999 -9999 -9999 -9999 -9999 -9999 -9999 -9999 -9999 -9999 -9999 -9999 -9999 -9999 -9999 -9999 -9999 -9999 -9999 -9999 -9999
-9999 -9999 -9999 -9999 -9999 -9999 -9999 -9999 -9999 -9999 -9999 -9999 -9999 -9999 -9999 -9999 -9999 -9999 -9999 -9999 -9999 -9999 -9999 -9999 -9999 -9999 -9999 -9999 -9999 -9999 -9999 -9999 -9999 -9999 -9999 -9999 -9999 -9999 -9999 -9999 -9999 -9999 -9999 -9999 -9999 -9999 -9999 -9999 -9999 -9999 -9999 -9999 -9999 -9999 -9999 -9999 -9999 -9999 -9999 -9999 -9999 -9999 -9999 -9999 -9999 -9999 -9999 -9999 -9999 -9999 -9999 -9999
-9999 -9999 -9999 -9999 -9999 -9999 -9999 -9999 -9999 -9999 -9999 -9999 -9999 -9999 -9999 -9999 -9999 -9999 -9999 -9999 -9999 -9999 -9999 -9999 -9999 -9999 -9999 -9999 -9999 -9999 -9999 -9999 -9999 -9999 -9999 -9999 -9999 -9999 -9999 -9999 -9999 -9999 -9999 -9999 -9999 -9999 -9999 -9999 -9999 -9999 -9999 -9999 -9999 -9999 -9999 -9999 -9999 -9999 -9999 -9999 -9999 -9999 -9999 -9999 -9999 -9999 -9999 -9999 -9999 -9999 -9999 -9999
-9999 -9999 -9999 -9999 -9999 -9999 -9999 -9999 -9999 -9999 -9999 -9999 -9999 -9999 -9999 -9999 -9999 -9999 -9999 -9999 -9999 -9999 -9999 -9999 -9999 -9999 -9999 -9999 -9999 -9999 -9999 -9999 -9999 -9999 -9999 -9999 -9999 -9999 -9999 -9999 -9999 -9999 -9999 -9999 -9999 -9999 -9999 -9999 -9999 -9999 -9999 -9999 -9999 -9999 -9999 -9999 -9999 -9999 -9999 -9999 -9999 -9999 -9999 -9999 -9999 -9999 -9999 -9999 -9999 -9999 -9999 -9999
-9999 -9999 -9999 -9999 -9999 -9999 -9999 -9999 -9999 -9999 -9999 -9999 -9999 -9999 -9999 -9999 -9999 -9999 -9999 -9999 -9999 -9999 -9999 -9999 -9999 -9999 -9999 -9999 -9999 -9999 -9999 -9999 -9999 -9999 -9999 -9999 -9999 -9999 -9999 -9999 -9999 -9999 20.08220 20.19090 20.31730 20.02500 20.62450 20.53890 21.42930 22.38850 22.20000 22.46060 -9999 -9999 -9999 -9999 -9999 -9999 -9999 -9999 -9999 -9999 -9999 -9999 -9999 -9999 -9999 -9999 -9999 -9999 -9999 -9999
-9999 -9999 -9999 -9999 -9999 -9999 -9999 -9999 -9999 -9999 -9999 -9999 -9999 -9999 -9999 -9999 -9999 -9999 -9999 -9999 -9999 -9999 -9999 -9999 -9999 -9999 -9999 -9999 -9999 -9999 -9999 -9999 -9999 -9999 -9999 -9999 -9999 -9999 17.09710 17.51010 17.68560 17.91970 18.34420 20.31110 20.30530 20.24280 21.47790 21.87070 22.01880 22.38170 22.67360 22.77500 23.15050 9.48702 -9999 -9999 -9999 -9999 -9999 -9999 -9999 -9999 -9999 -9999 -9999 -9999 -9999 -9999 -9999 -9999 -9999 -9999
-9999 -9999 -9999 -9999 -9999 -9999 -9999 -9999 -9999 -9999 -9999 -9999 -9999 -9999 -9999 -9999 -9999 -9999 -9999 -9999 -9999 -9999 -9999 -9999 -9999 -9999 -9999 -9999 -9999 -9999 -9999 -9999 -9999 -9999 -9999 -9999 -9999 -9999 -9999 -9999 16.38850 17.50380 17.78940 17.81300 20.05960 20.10000 20.42020 22.52600 22.68700 23.41060 23.38130 23.90870 23.81630 12.12880 -9999 -9999 -9999 -9999 -9999 -9999 -9999 -9999 -9999 -9999 -9999 -9999 -9999 -9999 -9999 -9999 -9999 -9999
-9999 -9999 -9999 -9999 -9999 -9999 -9999 -9999 -9999 -9999 -9999 -9999 -9999 -9999 -9999 -9999 -9999 -9999 -9999 -9999 -9999 -9999 -9999 -9999 -9999 -9999 -9999 -9999 -9999 -9999 -9999 -9999 -9999 -9999 -9999 -9999 -9999 -9999 -9999 -9999 -9999 -9999 -9999 -9999 19.55340 19.76010 20.27260 22.30530 22.86350 25.81010 26.49330 25.37690 28.16250 13.21680 -9999 -9999 -9999 -9999 -9999 -9999 15.70340 -9999 -9999 -9999 -9999 -9999 -9999 -9999 -9999 -9999 -9999 -9999
-9999 -9999 -9999 -9999 -9999 -9999 -9999 -9999 -9999 -9999 -9999 -9999 -9999 -9999 -9999 -9999 -9999 -9999 -9999 -9999 -9999 -9999 -9999 -9999 -9999 -9999 -9999 -9999 -9999 -9999 -9999 -9999 -9999 -9999 -9999 -9999 -9999 -9999 -9999 -9999 -9999 16.66010 17.13270 17.18320 18.70620 18.86250 18.52980 20.62160 20.78750 22.82020 23.71060 23.32740 23.89760 24.37210 -9999 -9999 -9999 -9999 -9999 15.22120 14.81350 14.30050 12.83080 12.55620 12.40190 10.63850 10.75140 10.60240 10.55000 10.53510 10.64810 9.12788
-9999 -9999 -9999 -9999 -9999 -9999 -9999 -9999 -9999 -9999 -9999 -9999 -9999 -9999 -9999 -9999 -9999 -9999 -9999 -9999 -9999 -9999 -9999 -9999 -9999 -9999 -9999 -9999 -9999 -9999 -9999 -9999 -9999 -9999 -9999 -9999 -9999 -9999 -9999 -9999 -9999 15.93170 16.76680 18.00480 18.00140 19.42160 19.03410 18.59760 19.52550 19.43850 19.41780 18.54230 17.70050 18.47210 18.71590 17.16150 17.12840 -9999 16.39710 14.30240 13.88650 12.56540 12.39760 12.16870 10.67210 10.36390 10.47980 10.51300 10.50240 10.40380 8.78846 9.00433
-9999 -9999 -9999 -9999 -9999 -9999 -9999 -9999 -9999 -9999 -9999 -9999 -9999 -9999 -9999 -9999 -9999 -9999 -9999 -9999 -9999 -9999 -9999 -9999 -9999 -9999 -9999 -9999 -9999 -9999 -9999 -9999 -9999 -9999 -9999 12.35770 12.61390 13.09330 13.55770 15.58990 15.69180 16.05910 17.52310 17.70340 17.83320 19.40380 18.93460 18.77600 18.52690 18.53610 18.42070 17.02690 15.53320 16.25960 16.31010 14.81200 16.49420 15.54090 15.51780 13.85000 13.54950 12.06250 11.95190 10.52120 10.42070 10.61350 10.26110 10.49710 10.43940 8.77885 8.68365 8.93269
-9999 -9999 -9999 -9999 -9999 -9999 -9999 -9999 -9999 -9999 -9999 -9999 -9999 -9999 -9999 -9999 -9999 -9999 -9999 -9999 -9999 -9999 -9999 -9999 -9999 -9999 -9999 -9999 -9999 -9999 -9999 -9999 -9999 -9999 11.85000 12.58940 12.77400 12.95870 13.65580 15.52690 16.48030 16.56780 18.29130 18.42160 18.32930 19.70240 19.55190 19.41060 19.46920 17.24810 17.12360 16.09330 14.35430 14.59570 14.48320 14.65290 13.70910 13.45620 13.19130 13.21880 11.80960 10.13170 10.22450 8.48750 10.00000 10.19090 8.72500 8.68510 7.32740 7.19183 7.27548 7.22067
-9999 -9999 -9999 -9999 -9999 -9999 -9999 -9999 -9999 -9999 -9999 -9999 -9999 -9999 -9999 -9999 -9999 -9999 -9999 -9999 -9999 -9999 -9999 -9999 -9999 -9999 -9999 -9999 -9999 -9999 -9999 -9999 -9999 11.81060 12.03940 12.54760 12.74660 13.22640 13.55910 15.63410 16.55770 16.67210 16.76490 18.29660 18.09230 18.16590 17.93410 17.91920 16.27160 15.94470 13.99420 12.25580 10.44710 12.02840 11.87640 13.05720 11.61010 12.77840 12.78510 11.22840 10.85100 9.71779 9.39856 9.46923 9.65144 8.63317 8.37067 8.37500 6.97260 6.94808 6.68077 6.77981
-9999 -9999 -9999 -9999 -9999 -9999 -9999 -9999 -9999 -9999 -9999 -9999 -9999 -9999 -9999 -9999 -9999 -9999 -9999 -9999 -9999 -9999 -9999 -9999 -9999 -9999 -9999 -9999 -9999 -9999 -9999 11.80670 11.89660 12.13510 12.53030 12.83460 13.49180 13.49710 13.78080 15.86060 16.19130 16.46440 16.57020 18.25910 18.25380 18.35530 18.23750 17.42260 15.72400 15.62210 13.49370 11.91150 8.61346 10.16780 11.57210 11.18610 11.96440 10.55960 9.10625 8.96731 9.16683 8.98558 9.10913 8.92163 9.01154 7.94423 8.00433 7.82788 7.85529 6.54279 5.40865 5.25096
-9999 -9999 -9999 -9999 -9999 -9999 -9999 -9999 -9999 -9999 -9999 -9999 -9999 -9999 -9999 -9999 -9999 -9999 -9999 -9999 -9999 -9999 -9999 -9999 -9999 -9999 -9999 -9999 -9999 12.42930 12.61250 12.13650 12.35910 12.43510 12.78890 13.07880 13.37600 13.57400 13.82980 15.97310 16.19520 16.38510 16.43170 16.56540 16.48850 16.38170 16.22550 15.81970 14.00620 13.75960 11.80430 10.20190 8.38702 9.72692 9.66635 9.53510 10.36590 10.17550 9.98077 9.82260 8.46538 8.43077 8.46827 7.44615 7.25288 7.49615 6.28077 6.44423 6.47740 6.49663 6.44808 5.11394
-9999 -9999 -9999 -9999 -9999 -9999 -9999 -9999 -9999 -9999 -9999 -9999 -9999 -9999 -9999 -9999 -9999 -9999 -9999 -9999 -9999 -9999 -9999 -9999 12.30820 12.38120 12.16780 12.46060 12.41250 12.68890 12.00480 12.37260 12.63030 12.71250 12.79660 13.24180 13.54130 13.81590 14.28940 14.34280 14.35000 16.16490 16.57930 16.36490 16.31350 16.53650 16.03560 14.37500 13.96440 12.03800 11.77740 8.67163 8.45481 9.76923 9.36971 10.33560 10.09570 9.96683 8.50913 8.32356 8.18702 8.13269 8.18846 8.31731 7.06683 7.33750 7.52067 7.54327 7.30769 6.21923 3.68558 3.69183
-9999 -9999 -9999 -9999 -9999 -9999 12.94470 12.88990 14.18750 14.12840 14.34520 -9999 -9999 -9999 -9999 -9999 -9999 -9999 -9999 -9999 -9999 12.42550 12.35000 10.99620 10.98800 10.83270 11.02550 12.30240 12.39520 12.94420 13.34090 13.53220 12.57310 12.73460 12.99620 13.32360 13.64810 13.94180 14.05190 14.46250 14.53320 14.83990 15.15720 16.51920 16.44570 16.31250 16.28940 14.41970 12.30960 12.11300 10.33220 10.21680 8.64279 9.68510 10.80140 10.53030 8.97260 8.74231 8.38125 8.33558 8.09471 8.15769 6.93221 7.11058 6.13942 7.48798 7.39952 7.38029 7.41442 7.44615 6.19856 4.93654
-9999 -9999 -9999 -9999 -9999 14.13510 12.82120 12.84620 13.99760 13.03850 14.16350 13.12600 13.13850 13.06630 -9999 -9999 -9999 13.09900 12.15770 12.07310 12.24040 12.16250 10.92310 10.85480 10.85000 10.85670 12.09130 12.18610 12.54090 12.75960 13.20530 13.39040 13.73560 14.19810 14.34420 13.35340 13.56440 14.06440 14.26870 14.75960 14.92070 15.23030 15.21970 16.66730 16.57550 16.30530 14.50620 14.46060 12.50340 12.30820 10.55820 10.29660 10.04230 9.83702 9.60721 9.50096 9.15433 8.74904 9.91779 8.36635 8.30240 7.03510 7.17788 7.20721 6.18942 5.07837 6.22981 6.22067 6.23654 6.23606 6.25481 4.70192
-9999 13.46250 13.46110 13.73030 13.66300 13.83120 13.73890 13.91110 14.18890 14.34180 14.35870 13.70430 13.69230 13.67690 13.54760 13.49950 14.81780 13.55290 13.43990 13.36920 13.48270 12.20720 12.16970 12.13650 12.01300 12.16680 12.10000 12.30140 12.29330 12.63460 12.95430 12.83370 13.40190 13.60140 14.11150 14.43610 14.95960 13.66590 13.83890 14.51350 14.50000 14.76060 14.77880 16.53890 16.47740 16.38410 14.54470 14.13990 12.47690 12.35000 10.09090 8.40048 8.50817 8.21971 8.06106 7.92500 9.07308 8.83125 8.61731 8.51106 8.54183 7.39856 6.33654 6.30481 6.23798 5.03846 6.42019 4.86106 6.17500 4.92067 3.67212 2.40913
-9999 14.45670 14.58560 14.56970 14.51250 14.51490 13.53410 13.56970 13.60630 14.10000 14.76880 14.65820 13.42120 14.76490 13.53410 13.49520 13.59810 13.38080 13.48940 13.21590 13.44420 12.24570 12.21970 12.29090 12.20290 13.40910 13.25530 12.34180 12.30000 13.69370 13.80530 14.06730 13.13410 13.53560 13.81250 14.03030 14.34280 14.65140 15.01730 13.87450 15.74620 15.98510 16.01970 16.01970 15.87070 15.76110 15.52210 13.73270 13.77310 11.80290 11.65140 10.04130 8.44327 6.75337 6.92452 8.02740 7.65433 7.59231 7.51827 7.48365 7.51250 6.34808 6.28221 6.56923 6.55481 5.00481 5.26154 5.10625 5.02356 5.01346 4.97596 3.57308
-9999 -9999 -9999 14.61060 14.67880 14.66490 14.68610 14.84130 15.00380 15.83370 15.62160 15.62980 14.57160 14.56250 14.59380 14.58650 14.86870 14.79130 14.81970 13.70770 13.62740 13.75630 13.74900 13.70910 13.63080 13.73890 13.32790 13.20380 13.51060 13.77020 13.82600 14.13890 14.35140 14.53410 14.60580 13.52400 13.73410 14.31630 14.65670 14.59090 14.86300 14.76590 15.03030 15.08320 15.13410 16.47400 15.08940 14.86880 13.50190 13.47120 11.76630 10.19380 8.34038 8.20625 8.13654 6.69183 7.78750 7.84038 7.66010 6.38221 7.73029 6.49471 6.59615 5.28702 5.17692 5.22308 6.72692 5.07788 5.11635 3.80385 3.75962 3.71490
-9999 -9999 -9999 -9999 -9999 -9999 14.67880 15.80340 15.62640 15.83650 15.67360 15.61150 15.80190 15.84900 16.02880 15.98890 14.85340 14.93220 15.01540 15.20720 15.22880 15.21920 15.15870 15.31590 15.11250 14.90100 14.66780 14.65580 14.54130 14.60770 14.88080 13.71630 14.06870 14.37400 14.49280 14.76970 13.76540 13.90290 14.04420 14.08370 14.30290 14.37880 14.33560 15.63320 15.77640 16.21970 16.32360 14.88370 14.75870 13.28560 11.88890 10.25480 8.50577 9.77067 8.09808 6.64904 7.74904 6.63702 5.19087 6.62740 5.33654 5.26106 5.14712 3.90337 5.43317 3.92692 5.25433 5.18462 3.82163 3.93750 3.74087 3.68510
-9999 -9999 -9999 -9999 -9999 -9999 16.62600 16.74950 16.69860 15.53080 16.81010 15.73940 15.96870 16.00290 15.99130 16.06010 16.41010 16.57160 16.70630 16.80100 17.01200 17.08410 16.85580 15.73990 15.56680 16.44520 16.04660 16.12740 16.01060 14.97840 14.96880 15.11010 15.21110 15.20530 14.40190 14.31300 14.34950 14.61630 14.81540 13.80870 14.97500 15.11540 15.30240 15.15430 15.66680 15.78410 16.01060 16.00480 16.47840 15.02500 13.57360 11.44860 11.19570 9.46538 9.38606 9.10721 9.07067 7.79423 7.80144 6.37212 5.21394 5.14712 5.20385 5.34423 3.89183 5.33365 5.22644 5.20577 5.00288 5.11010 3.86154 3.80769
-9999 -9999 -9999 -9999 -9999 -9999 -9999 -9999 -9999 -9999 16.40430 16.49710 16.80960 17.06630 17.68560 17.84620 16.99420 17.31200 18.56830 18.82020 18.94900 17.60100 17.60770 17.36390 17.04130 16.82600 16.62020 16.85430 16.33510 16.28270 16.15580 15.25580 15.34760 15.19090 15.47020 15.62160 15.84330 14.48990 14.66390 14.49330 14.40910 14.52160 14.44520 16.26110 16.25100 16.35910 16.65720 17.19950 15.95430 16.52690 16.39860 14.22360 13.37550 12.69370 11.21060 11.32980 11.31150 10.26780 10.35870 8.87644 9.12115 7.83510 7.94519 6.67692 6.71490 6.53558 6.58750 6.43798 4.99904 4.95673 5.01923 3.77115
-9999 -9999 -9999 -9999 -9999 -9999 -9999 -9999 -9999 -9999 17.29860 17.29570 16.29950 18.04130 18.55380 18.26440 19.18170 19.55960 19.83750 19.76350 19.66830 19.57160 19.05630 19.55870 18.97600 18.44620 18.25480 17.86110 17.62930 16.08940 16.18510 16.36680 16.44330 16.52450 15.23650 15.37790 15.59520 15.74810 15.71680 15.72070 15.90240 15.75240 15.97500 15.93270 16.09810 15.99620 16.18410 16.33130 16.46350 15.07120 14.86830 14.48750 12.89330 12.66350 12.59280 12.64760 11.39950 11.52690 11.37400 10.16150 10.38080 10.43030 8.98654 8.73269 8.90385 8.71587 7.50048 7.53365 7.47548 6.33990 4.91202 4.81442
-9999 -9999 -9999 -9999 -9999 -9999 -9999 -9999 -9999 -9999 -9999 -9999 17.30530 17.69760 19.00340 20.53410 21.89900 23.03170 22.60960 22.35100 21.78890 21.53990 21.32400 21.05820 20.27980 19.79470 19.50240 17.85910 17.16540 17.39230 17.35530 16.15380 16.40140 16.38940 16.34810 16.61870 16.72840 15.33990 15.41680 15.43800 15.41590 15.77210 15.81680 15.53890 15.79090 15.89040 15.95960 15.40100 15.53460 15.37450 14.09180 13.81390 13.97070 12.57120 12.27020 12.33370 12.42400 11.22980 11.23460 11.22450 9.95337 10.08130 9.80913 8.32885 8.44183 8.62067 8.59135 8.62500 8.52644 7.17692 6.05192 4.90048
-9999 -9999 -9999 -9999 -9999 -9999 -9999 -9999 -9999 -9999 -9999 -9999 18.78220 19.43220 20.45960 22.04180 23.31150 24.14710 24.01830 23.59900 23.28940 22.78850 22.66970 21.97260 21.43080 21.06870 19.29950 18.83080 18.45430 16.96630 17.01680 17.26390 17.29760 17.59420 16.36540 16.51540 16.65530 16.81730 16.60820 16.78410 16.85620 16.73270 17.33800 16.90340 16.95340 16.88120 16.84420 16.77070 15.39280 14.72020 14.88030 13.72740 13.54280 12.22930 12.46630 12.49230 12.52500 12.53270 11.13850 10.97640 10.71780 10.97790 9.95240 10.14660 9.80769 9.56106 9.60817 9.81683 8.63606 7.42548 6.06971 6.20817
-9999 -9999 -9999 -9999 -9999 -9999 -9999 -9999 -9999 -9999 -9999 18.44380 18.66200 20.48460 21.07020 20.66010 21.49180 21.76110 24.06870 24.10050 25.61680 24.49230 24.06010 23.26300 21.78460 21.20430 19.61150 18.83850 18.69620 18.36970 17.10190 17.09280 17.26250 17.56630 17.75820 17.61150 17.86010 17.72160 18.13940 18.09280 17.91920 17.92840 17.84660 16.54280 16.29810 16.61350 16.83460 16.73410 16.26490 16.05340 16.05530 14.85380 14.92600 13.75000 13.74180 13.89090 12.63270 12.49950 12.48510 12.59230 11.08890 11.27600 11.26680 11.35960 11.02070 9.74856 9.52260 9.86442 8.67356 7.41827 6.08077 6.28317
-9999 -9999 -9999 -9999 -9999 -9999 -9999 -9999 -9999 -9999 -9999 18.81110 19.43610 20.36540 21.16970 21.71250 22.27020 23.71540 24.89230 24.95870 24.90000 25.38370 24.99230 24.78270 23.06300 23.06970 20.77690 19.58850 19.63750 19.16110 17.62600 17.52260 17.71490 17.83510 17.80870 19.12160 19.21390 19.22020 17.83030 17.99130 19.25290 17.93650 17.78320 17.74710 17.89130 17.97020 17.78030 17.90720 17.76780 17.58170 16.18510 16.36440 16.45240 15.30480 15.17400 13.85100 13.82840 13.90140 14.04760 12.63700 12.36780 12.37640 12.42640 11.20340 11.08560 11.11350 10.76200 9.49135 8.18317 7.20096 7.37885 7.38606
