data/hydroclimate-scenarios/1948-2000.Pcorr55N_Pref_Tref/monthly_summaries/precip_monthly_tot_mar.asc
ncols	311
nrows	91
xllcenter	102.75
yllcenter	31.75
cellsize	0.5
NODATA_value	-9999
[rows 0 to 31 of 91, columns 72 to 143 of 311]
-9999 -9999 -9999 -9999 -9999 -9999 -9999 -9999 -9999 -9999 -9999 -9999 -9999 -9999 -9999 -9999 -9999 -9999 -9999 -9999 -9999 -9999 -9999 -9999 -9999 -9999 -9999 -9999 -9999 -9999 -9999 -9999 -9999 -9999 -9999 -9999 -9999 -9999 -9999 -9999 -9999 -9999 -9999 -9999 -9999 -9999 -9999 -9999 -9999 -9999 -9999 -9999 -9999 -9999 -9999 -9999 -9999 -9999 -9999 -9999 -9999 -9999 -9999 -9999 -9999 -9999 -9999 -9999 -9999 -9999 -9999 -9999
-9999 -9999 -9999 -9999 -9999 -9999 -9999 -9999 -9999 -9999 -9999 -9999 -9999 -9999 -9999 -9999 -9999 -9999 -9999 -9999 -9999 -9999 -9999 -9999 -9999 -9999 -9999 -9999 -9999 -9999 -9999 -9999 -9999 -9999 -9999 -9999 -9999 -9999 -9999 -9999 -9999 -9999 -9999 -9999 -9999 -9999 -9999 -9999 -9999 -9999 -9999 -9999 -9999 -9999 -9999 -9999 -9999 -9999 -9999 -9999 -9999 -9999 -9999 -9999 -9999 -9999 -9999 -9999 -9999 -9999 -9999 -9999
-9999 -9999 -9999 -9999 -9999 -9999 -9999 -9999 -9999 -9999 -9999 -9999 -9999 -9999 -9999 -9999 -9999 -9999 -9999 -9999 -9999 -9999 -9999 -9999 -9999 -9999 -9999 -9999 -9999 -9999 -9999 -9999 -9999 -9999 -9999 -9999 -9999 -9999 -9999 -9999 -9999 -9999 -9999 -9999 -9999 -9999 -9999 -9999 -9999 -9999 -9999 -9999 -9999 -9999 -9999 -9999 -9999 -9999 -9999 -9999 -9999 -9999 -9999 -9999 -9999 -9999 -9999 -9999 -9999 -9999 -9999 -9999
-9999 -9999 -9999 -9999 -9999 -9999 -9999 -9999 -9999 -9999 -9999 -9999 -9999 -9999 -9999 -9999 -9999 -9999 -9999 -9999 -9999 -9999 -9999 -9999 -9999 -9999 -9999 -9999 -9999 -9999 -9999 -9999 -9999 -9999 -9999 -9999 -9999 -9999 -9999 -9999 -9999 -9999 -9999 -9999 -9999 -9999 -9999 -9999 -9999 -9999 -9999 -9999 -9999 -9999 -9999 -9999 -9999 -9999 -9999 -9999 -9999 -9999 -9999 -9999 -9999 -9999 -9999 -9999 -9999 -9999 -9999 -9999
-9999 -9999 -9999 -9999 -9999 -9999 -9999 -9999 -9999 -9999 -9999 -9999 -9999 -9999 -9999 -9999 -9999 -9999 -9999 -9999 -9999 -9999 -9999 -9999 -9999 -9999 -9999 -9999 -9999 -9999 -9999 -9999 -9999 -9999 -9999 -9999 -9999 -9999 -9999 -9999 -9999 -9999 -9999 -9999 -9999 -9999 -9999 -9999 -9999 -9999 -9999 -9999 -9999 -9999 -9999 -9999 -9999 -9999 -9999 -9999 -9999 -9999 -9999 -9999 -9999 -9999 -9999 -9999 -9999 -9999 -9999 -9999
-9999 -9999 -9999 -9999 -9999 -9999 -9999 -9999 -9999 -9999 -9999 -9999 -9999 -9999 -9999 -9999 -9999 -9999 -9999 -9999 -9999 -9999 -9999 -9999 -9999 -9999 -9999 -9999 -9999 -9999 -9999 -9999 -9999 -9999 -9999 -9999 -9999 -9999 -9999 -9999 -9999 -9999 -9999 -9999 -9999 -9999 -9999 -9999 -9999 -9999 -9999 -9999 -9999 -9999 -9999 -9999 -9999 -9999 -9999 -9999 -9999 -9999 -9999 -9999 -9999 -9999 -9999 -9999 -9999 -9999 -9999 -9999
-9999 -9999 -9999 -9999 -9999 -9999 -9999 -9999 -9999 -9999 -9999 -9999 -9999 -9999 -9999 -9999 -9999 -9999 -9999 -9999 -9999 -9999 -9999 -9999 -9999 -9999 -9999 -9999 -9999 -9999 -9999 -9999 -9999 -9999 -9999 -9999 -9999 -9999 -9999 -9999 -9999 -9999 -9999 -9999 -9999 -9999 -9999 -9999 -9999 -9999 -9999 -9999 -9999 -9999 -9999 -9999 -9999 -9999 -9999 -9999 -9999 -9999 -9999 -9999 -9999 -9999 -9999 -9999 -9999 -9999 -9999 -9999
-9999 -9999 -9999 -9999 -9999 -9999 -9999 -9999 -9999 -9999 -9999 -9999 -9999 -9999 -9999 -9999 -9999 -9999 -9999 -9999 -9999 -9999 -9999 -9999 -9999 -9999 -9999 -9999 -9999 -9999 -9999 -9999 -9999 -9999 -9999 -9999 -9999 -9999 -9999 -9999 -9999 -9999 -9999 -9999 -9999 -9999 -9999 -9999 -9999 -9999 -9999 -9999 -9999 -9999 -9999 -9999 -9999 -9999 -9999 -9999 -9999 -9999 -9999 -9999 -9999 -9999 -9999 -9999 -9999 -9999 -9999 -9999
-9999 -9999 -9999 -9999 -9999 6.97885 -9999 -9999 -9999 -9999 -9999 -9999 -9999 -9999 -9999 -9999 -9999 -9999 -9999 -9999 -9999 -9999 -9999 -9999 -9999 -9999 -9999 -9999 -9999 -9999 -9999 -9999 -9999 -9999 -9999 -9999 -9999 -9999 -9999 -9999 -9999 -9999 -9999 -9999 -9999 -9999 -9999 -9999 -9999 -9999 -9999 -9999 -9999 -9999 -9999 -9999 -9999 -9999 -9999 -9999 -9999 -9999 -9999 -9999 -9999 -9999 -9999 -9999 -9999 -9999 -9999 -9999
-9999 8.94423 7.37500 7.27500 7.26923 9.23173 8.81154 9.02548 9.30048 11.06490 11.11060 11.09520 10.98220 10.87600 10.54130 10.63460 10.51200 10.46250 10.42160 10.35960 10.35480 -9999 -9999 -9999 -9999 -9999 -9999 -9999 -9999 -9999 -9999 -9999 -9999 -9999 -9999 -9999 -9999 -9999 -9999 -9999 -9999 -9999 -9999 -9999 -9999 -9999 -9999 -9999 -9999 -9999 -9999 -9999 -9999 -9999 -9999 -9999 -9999 -9999 -9999 -9999 -9999 -9999 -9999 -9999 -9999 -9999 -9999 -9999 -9999 -9999 -9999 -9999
-9999 -9999 -9999 7.23029 7.28702 9.13798 9.08702 9.06683 9.13221 10.82550 11.07210 11.32880 11.08700 10.95100 10.79950 12.60190 12.12070 12.22930 12.18510 12.33080 12.14570 -9999 -9999 -9999 -9999 -9999 -9999 -9999 -9999 -9999 -9999 -9999 -9999 -9999 -9999 -9999 -9999 -9999 -9999 -9999 -9999 -9999 -9999 -9999 -9999 -9999 -9999 -9999 -9999 -9999 -9999 -9999 -9999 -9999 -9999 -9999 -9999 -9999 -9999 -9999 -9999 -9999 -9999 -9999 -9999 -9999 -9999 -9999 -9999 -9999 -9999 -9999
7.12981 7.02404 7.12452 7.38413 7.28462 9.19760 9.16346 8.97548 9.18894 11.30670 11.17930 10.89090 10.91970 12.66250 12.26590 12.26970 12.18410 12.14130 12.28890 11.93030 12.15720 12.20720 10.46200 10.63370 10.41920 10.42500 10.23410 -9999 -9999 -9999 -9999 -9999 -9999 -9999 -9999 -9999 -9999 -9999 -9999 -9999 -9999 -9999 -9999 -9999 -9999 -9999 -9999 -9999 -9999 -9999 -9999 -9999 -9999 -9999 -9999 -9999 -9999 -9999 -9999 -9999 -9999 -9999 -9999 -9999 -9999 -9999 -9999 -9999 -9999 -9999 -9999 -9999
6.96250 7.04904 6.94375 7.02163 9.31875 9.42740 9.27500 9.07500 8.92356 10.80480 10.98460 11.02980 11.05100 12.72880 12.74620 12.37690 12.26970 12.05050 14.02210 12.31920 12.35290 12.38940 12.39370 12.37690 10.76300 10.54370 10.46440 10.31150 10.23320 8.47644 8.34519 8.31779 8.20913 7.93942 6.23606 6.14327 5.88750 5.98413 5.79183 5.52212 5.65096 5.49135 -9999 -9999 -9999 -9999 -9999 -9999 -9999 -9999 -9999 -9999 -9999 -9999 -9999 -9999 -9999 -9999 -9999 -9999 -9999 -9999 -9999 -9999 -9999 -9999 -9999 -9999 -9999 -9999 -9999 -9999
6.54856 6.56923 6.63750 8.56731 8.66298 8.76490 8.82885 8.83798 8.92692 10.56200 11.08220 11.00240 11.07690 12.82120 12.57070 12.37500 12.31350 12.11250 13.81110 13.93650 14.02310 12.48510 12.36250 12.22550 12.17210 10.50670 10.30480 10.31590 10.24370 10.17400 10.16830 8.15769 7.97885 8.02933 7.73077 7.59567 5.82548 5.58558 5.53606 5.65144 5.48702 5.35385 5.45385 -9999 -9999 -9999 -9999 -9999 -9999 -9999 -9999 -9999 -9999 -9999 -9999 -9999 -9999 -9999 -9999 -9999 -9999 -9999 -9999 -9999 -9999 -9999 -9999 -9999 -9999 -9999 -9999 -9999
7.95337 8.10048 8.09856 7.99663 8.20433 8.55913 8.64808 10.41150 10.51590 10.40050 10.51250 10.98750 10.86440 12.58750 12.20100 12.15100 11.74760 11.83700 13.73890 13.51680 13.60580 12.25580 12.14090 12.10050 12.04620 12.16300 12.28410 11.93170 10.00910 9.93269 9.76058 9.57596 9.54087 7.80288 7.68846 7.42788 7.31779 7.17260 7.12019 7.07548 5.47212 5.56010 5.53846 -9999 -9999 -9999 -9999 -9999 -9999 -9999 -9999 -9999 -9999 -9999 -9999 -9999 -9999 -9999 4.79327 4.84375 -9999 -9999 -9999 -9999 6.27788 7.55962 7.70817 7.59279 7.68990 7.68413 9.51202 9.52019
7.58221 7.75529 7.62933 7.70625 7.59615 7.64760 7.72837 9.56106 9.68173 10.02260 10.50100 10.39330 10.31300 12.33170 12.12070 11.74130 11.31350 11.33460 11.37980 13.30140 13.26830 13.51630 11.31880 11.38460 11.71300 11.67980 11.76880 11.55770 11.66010 11.41970 9.45913 9.61298 9.25769 9.11442 8.95721 7.23269 7.14375 7.20481 7.08173 7.05865 7.16058 7.11298 7.09087 6.75481 6.79231 6.63894 6.49615 6.28317 6.16394 6.03558 6.01635 5.80481 5.79615 5.90769 5.85096 5.79712 5.75769 5.96971 5.86298 5.91442 -9999 -9999 -9999 -9999 -9999 7.46923 8.63558 8.69038 8.81875 10.32210 10.42980 10.74900
7.38077 7.28029 7.46490 7.53413 7.57019 7.46490 7.52596 7.75962 7.67163 7.91683 9.47548 10.00100 10.09710 9.79760 11.26540 11.22160 11.43320 10.98410 10.84230 10.89520 11.02790 10.82640 11.06870 11.30190 11.18370 11.20240 11.34180 11.32160 11.28700 11.36150 11.02980 10.84620 9.14375 9.01875 9.21106 8.78221 8.69183 8.62115 6.95721 6.86490 6.98558 6.97933 6.95962 6.89760 6.78462 6.68221 6.57452 7.77163 7.58750 7.40577 7.19904 7.07933 7.00000 6.89279 6.94712 6.97885 6.80817 6.77837 6.87163 6.87500 6.73750 7.11298 7.17644 8.29327 8.36442 8.36779 8.22260 9.68558 9.79279 11.28850 11.53320 13.22360
8.35529 7.15096 7.06779 8.53990 7.26731 7.16394 7.05192 7.12596 7.31442 7.38221 9.37548 9.47067 9.30865 9.40048 10.90870 10.77500 10.70670 10.59040 10.49380 10.43890 10.59470 10.88370 12.18030 12.46010 12.37880 12.43370 12.72640 12.72550 11.11150 11.20480 10.90100 10.72930 10.59900 10.48750 9.00385 8.75721 8.65481 8.43558 8.12740 8.26010 8.29231 8.31058 8.13510 8.34279 8.04087 7.94038 7.72500 7.67837 7.48702 7.28846 6.99952 6.98798 8.19760 7.90096 7.94760 7.82067 7.62548 7.58894 7.77788 7.67548 8.75673 8.77933 7.80048 9.15962 9.25481 9.28462 9.36827 10.85430 11.09130 12.71780 13.34330 14.33750
7.95144 6.52067 6.84087 6.88846 7.04183 7.04904 6.94471 7.10913 7.11875 6.81923 7.21250 8.77308 8.91010 8.99856 9.03510 9.02115 10.31680 10.53850 10.28560 10.02450 11.74810 11.72840 12.03700 12.22640 12.12740 12.33700 12.26680 12.55580 12.54420 12.50480 12.49280 10.62360 10.49130 10.39570 9.87837 9.81154 8.31394 8.43606 8.40577 8.01154 8.04567 8.03558 8.14615 7.90240 7.75721 7.80337 7.69663 7.50048 8.55433 8.62115 8.18606 7.93462 7.94327 7.83798 7.91010 8.83462 8.50000 8.55721 8.50769 8.51538 9.61202 9.52644 9.87308 10.10820 10.13170 11.35050 11.74420 11.87790 12.37880 13.80290 14.56830 16.18220
7.84760 7.86875 7.75481 6.58654 6.59856 6.59135 6.51058 6.66923 6.54279 8.27788 8.24038 8.36202 8.44904 8.40625 8.71010 9.08221 9.03462 10.30770 10.25050 10.13940 10.10290 11.54040 11.86250 12.05100 11.47160 11.55100 11.66540 11.76110 12.03270 12.17260 11.90190 11.89040 11.76390 10.05340 9.97115 10.00100 9.78606 9.71587 9.52260 9.47356 9.43990 9.38750 9.31683 9.10962 9.05913 9.07067 8.92260 8.60529 8.44423 9.59760 9.38606 9.11731 9.13558 8.98942 9.85913 9.69712 9.56250 9.46010 9.29279 9.31731 9.34904 10.56540 10.70870 12.17740 12.50480 12.60480 12.91200 13.25430 14.74810 15.01250 15.71150 16.45000
7.41587 7.58365 7.61490 7.68942 6.56442 6.57548 6.47019 6.59952 6.50817 7.86587 7.93462 9.19375 9.40625 9.63077 8.22692 8.35673 8.50288 8.90288 10.49090 10.41870 10.32600 10.14860 11.57550 11.62400 11.76630 13.37020 13.62930 13.56200 13.46010 13.48030 11.84810 11.88370 11.76970 11.62740 11.52550 11.52550 11.28650 9.61587 9.68173 9.58990 9.54615 9.56490 9.23173 9.18702 8.87163 8.86298 8.82067 8.70817 9.63221 9.34231 9.25625 10.31830 10.31970 10.09760 11.09620 10.92450 10.90670 10.77500 11.67980 11.73510 11.83080 11.96630 12.33270 13.44130 13.52160 13.84660 14.21730 14.56440 15.19570 16.64570 17.11540 17.81970
7.54567 7.58990 7.62019 7.69135 7.71298 7.88269 7.65817 7.77452 6.47308 6.64423 7.86010 7.87692 7.99231 9.42212 9.51827 9.62981 9.84615 10.05050 10.26970 10.13130 10.39470 10.24760 11.77980 12.00480 13.84280 13.62160 13.89660 13.82070 13.68030 13.46200 13.42360 13.07930 13.02690 11.40960 11.49090 11.41830 11.37210 11.32930 11.10480 11.16680 11.10630 9.64279 10.63510 10.54280 10.27790 10.11250 10.14040 9.73125 9.55192 10.69090 10.49950 11.54620 11.57400 12.68320 12.57690 13.77980 13.30100 13.21010 13.22880 13.11970 13.61830 14.96680 15.18940 15.19040 15.34470 15.49420 16.00050 16.48270 17.12930 17.29520 19.27360 19.73560
7.62260 7.63702 7.78750 7.67115 8.97692 7.76346 7.74808 7.73558 7.76875 7.90673 7.83654 7.88558 7.83558 8.16298 8.11346 9.60385 9.73413 9.93894 10.14130 10.37980 11.98320 12.06060 12.24570 12.31830 14.05000 14.11150 13.98750 15.38080 15.06630 15.03650 13.16780 13.17840 12.97260 12.81730 11.32070 11.26540 11.21490 11.05770 11.29710 10.96970 11.09710 11.02740 10.94130 10.54470 10.48890 11.40620 11.18030 10.87260 12.14900 11.88120 12.93990 13.18990 14.38370 14.33800 15.76390 15.25340 14.80580 14.74660 15.35720 15.44230 17.02210 17.24130 17.46680 18.68850 17.46540 17.60290 17.63170 18.29710 18.83320 19.15910 21.23370 22.87070
7.69760 7.54856 7.52981 7.62933 8.74615 7.57115 8.70577 7.59231 7.65625 7.70048 9.06154 9.28846 8.04375 9.33462 9.55769 9.41923 8.40048 9.77740 11.43650 11.69420 11.89660 12.09660 12.18650 12.47210 13.91440 14.01680 15.31780 15.33510 15.03890 14.86780 14.66200 14.65820 12.73510 12.56390 12.37930 12.31490 12.49420 12.31830 12.27210 12.49520 12.33700 12.07260 12.09860 10.41970 10.32160 11.39810 11.28170 12.47310 13.73030 13.37210 14.65480 14.61540 16.35000 16.33800 17.71970 17.24180 18.27120 18.28800 18.46590 18.78610 19.04090 19.45380 20.77070 20.97400 20.87600 19.50190 19.76830 19.96830 20.59330 20.85050 22.63130 25.96390
7.43077 7.26154 7.44615 7.58173 7.41827 7.40769 7.31490 7.46923 7.49663 7.56010 7.64375 7.83029 7.91635 9.33462 9.29519 9.31394 9.55481 9.64183 9.79038 9.95913 11.38460 11.71350 11.88270 13.54620 13.56150 15.00870 14.91920 14.82310 14.71250 14.57840 14.45430 14.48610 14.27600 12.43320 12.38370 12.06440 12.03220 11.98750 11.71920 11.92690 11.72160 11.62020 11.70190 11.73080 11.97640 11.91870 13.39810 14.57260 15.73700 15.80770 15.87930 17.30430 18.70240 19.31350 18.88650 19.73270 19.57260 19.95870 20.38320 21.92360 22.03990 22.27160 22.64420 22.63610 22.86680 22.65240 21.52450 21.76590 22.42210 22.57600 25.34860 27.53320
7.26106 7.09038 7.24856 7.24567 7.25817 7.27163 7.40240 7.53077 7.33077 7.38894 8.71298 7.51971 7.60048 7.68894 9.12308 9.15048 9.54904 9.52837 9.46827 9.71587 9.70721 11.37600 11.56830 13.33170 14.82160 14.61830 14.45290 15.84950 16.19180 15.78610 15.52790 14.25530 14.11920 13.82260 13.60670 13.37840 13.31920 12.98410 12.91250 12.82120 12.73410 12.59180 13.89040 12.63560 12.77260 13.10820 14.63990 14.73080 16.24470 17.44760 17.48120 18.71830 19.32640 19.08460 20.04760 21.22500 22.62550 23.01780 23.30960 23.72880 23.89810 23.99810 25.53560 25.58510 24.53850 24.91060 23.90340 24.36390 24.98560 27.46920 27.19570 29.36110
8.12115 8.26683 8.26298 8.25288 8.25000 7.06635 7.05000 7.20096 7.13077 7.05529 7.10433 8.53221 8.64808 7.52308 7.62885 9.10577 9.38990 9.24183 9.32356 9.53029 10.88460 11.29470 12.85820 13.01150 14.47310 16.02840 15.85580 15.69130 17.05580 17.02980 15.51150 15.67600 15.37640 13.85340 13.65960 13.41110 13.20910 12.97640 12.67360 13.63510 13.62360 13.35380 13.70870 13.87160 14.08120 14.33120 15.73560 17.67070 17.78650 19.45430 20.78460 20.46490 21.41300 22.20380 23.57740 24.98510 25.43080 26.09130 26.78650 26.82500 28.43850 28.19900 28.05960 28.06110 28.17500 27.07160 27.80100 28.56830 29.32070 29.78890 31.79040 32.62120
7.93702 7.89808 8.02260 7.91779 8.06154 7.97692 6.93606 6.94663 7.09279 7.02115 7.07115 8.39279 8.39087 8.79808 8.97500 9.11202 9.12115 9.25096 9.36731 10.80240 10.87840 10.81200 12.48560 12.76110 14.15720 15.39710 16.92310 16.85720 16.73990 17.00290 16.98940 16.69860 15.27790 15.13510 13.57640 13.51590 14.26540 14.21150 14.11440 15.14520 14.85140 14.93270 15.10820 15.26920 15.43800 15.83030 17.72640 19.76150 20.08560 21.95140 23.38890 25.25290 26.88850 28.30190 29.88890 29.19470 31.30100 31.24760 31.66250 31.39710 31.21540 31.11540 31.16590 32.26540 30.75240 30.99090 32.96680 32.29760 31.83410 33.84330 35.72980 37.43460
7.83894 9.27548 9.23125 9.23990 9.26875 9.30433 8.03317 8.07885 8.25433 8.27740 8.23077 8.55385 8.56442 9.93173 8.67788 8.93221 9.18558 9.24327 9.34519 9.43077 10.88510 12.46390 12.63170 12.77260 14.01350 15.30000 16.66830 17.99810 18.03850 17.79280 18.08850 16.65870 16.52210 16.48120 14.75820 14.74760 16.22600 15.84620 17.07070 15.84660 16.75960 16.88940 16.74810 16.84620 17.46150 17.98220 19.90670 20.38650 22.53270 24.06630 26.37070 29.12840 31.73270 34.20380 36.02210 37.63030 36.93460 35.63800 35.88270 35.39570 35.19950 36.43700 35.71390 37.42840 35.83030 36.09520 38.53800 39.09380 38.89280 38.88220 40.88940 42.06440
8.12019 9.32308 9.35481 9.40577 9.46346 10.86060 10.87880 9.83510 9.74038 9.73077 9.88317 9.94135 10.02980 10.04040 10.16110 10.40100 10.34950 9.10962 10.59280 10.68270 12.16780 12.93800 12.96010 12.85430 14.48800 15.65820 16.81010 18.19660 18.23370 19.54620 19.47790 18.08940 18.20430 17.89900 16.45580 16.66920 16.32880 17.45580 17.31630 17.16590 17.27740 18.44620 18.51970 17.65670 19.20910 19.79570 21.78990 23.38890 23.98270 -9999 -9999 31.35960 35.25870 37.73120 39.32070 40.45630 42.17640 41.74470 41.21970 41.16630 41.45820 43.16730 43.06780 43.19090 44.64520 44.60340 44.71540 44.28890 43.74520 45.87690 45.65480 48.25480
9.40240 9.53702 10.78940 11.01490 11.09230 11.28120 11.21110 11.25380 11.27790 11.28800 11.19570 11.37160 11.45480 11.52600 11.53030 11.73700 10.55870 10.68650 12.49860 13.16350 13.05100 13.19330 13.23080 14.77980 15.08170 16.05290 15.85290 17.32640 18.91110 20.20290 20.08800 21.46110 19.81590 19.65140 18.30670 18.09710 17.95820 18.05430 -9999 -9999 -9999 -9999 18.79760 -9999 21.25530 23.11780 24.76390 24.82740 26.86540 -9999 -9999 33.06060 35.46780 37.31880 38.41680 40.48700 41.18990 43.55820 44.25870 46.32980 47.36630 47.12690 49.15430 49.47400 51.20530 50.71970 50.59090 47.93030 50.62790 50.25190 51.71010 -9999
9.40721 11.32160 11.26350 11.53800 11.21150 12.80820 11.45240 11.46780 11.33220 11.47840 11.54710 11.49330 13.14620 13.09620 11.96010 11.76250 12.66150 14.46540 12.93700 14.84090 13.52360 15.35140 15.18890 15.09470 15.05530 15.02930 16.28610 17.90580 19.45140 22.31200 23.31300 23.06010 22.99330 21.63510 21.46920 19.63510 -9999 -9999 -9999 -9999 -9999 -9999 -9999 21.54760 22.81440 24.60380 -9999 -9999 -9999 -9999 -9999 35.29130 36.12210 37.56060 39.08410 39.24520 41.99280 44.96200 46.52400 49.97210 51.17120 54.07500 54.14470 53.87500 55.50100 54.79900 55.83320 54.57550 56.47120 -9999 -9999 -9999
