data/hydroclimate-scenarios/1948-2000.Pcorr55N_Pref_Tref/monthly_summaries/precip_monthly_tot_oct.asc
ncols	311
nrows	91
xllcenter	102.75
yllcenter	31.75
cellsize	0.5
NODATA_value	-9999
[rows 0 to 31 of 91, columns 0 to 70 of 311]
-9999 -9999 -9999 -9999 -9999 -9999 -9999 -9999 -9999 -9999 -9999 -9999 -9999 -9999 -9999 -9999 -9999 -9999 -9999 -9999 -9999 -9999 -9999 -9999 -9999 -9999 -9999 -9999 -9999 -9999 -9999 -9999 -9999 -9999 -9999 -9999 -9999 -9999 -9999 -9999 -9999 -9999 -9999 -9999 -9999 -9999 -9999 -9999 -9999 -9999 -9999 -9999 -9999 -9999 -9999 -9999 -9999 -9999 -9999 -9999 -9999 -9999 -9999 -9999 -9999 -9999 -9999 -9999 -9999 -9999 -9999
-9999 -9999 -9999 -9999 -9999 -9999 -9999 -9999 -9999 -9999 -9999 -9999 -9999 -9999 -9999 -9999 -9999 -9999 -9999 -9999 -9999 -9999 -9999 -9999 -9999 -9999 -9999 -9999 -9999 -9999 -9999 -9999 -9999 -9999 -9999 -9999 -9999 -9999 -9999 -9999 -9999 -9999 -9999 -9999 -9999 -9999 -9999 -9999 -9999 -9999 -9999 -9999 -9999 -9999 -9999 -9999 -9999 -9999 -9999 -9999 -9999 -9999 -9999 -9999 -9999 -9999 -9999 -9999 -9999 -9999 -9999
-9999 -9999 -9999 -9999 -9999 -9999 -9999 -9999 -9999 -9999 -9999 -9999 -9999 -9999 -9999 -9999 -9999 -9999 -9999 -9999 -9999 -9999 -9999 -9999 -9999 -9999 -9999 -9999 -9999 -9999 -9999 -9999 -9999 -9999 -9999 -9999 -9999 -9999 -9999 -9999 -9999 -9999 -9999 -9999 -9999 -9999 -9999 -9999 -9999 -9999 -9999 -9999 -9999 -9999 -9999 -9999 -9999 -9999 -9999 -9999 -9999 -9999 -9999 -9999 -9999 -9999 -9999 -9999 -9999 -9999 -9999
-9999 -9999 -9999 -9999 -9999 -9999 -9999 -9999 -9999 -9999 -9999 -9999 -9999 -9999 -9999 -9999 -9999 -9999 -9999 -9999 -9999 -9999 -9999 -9999 -9999 -9999 -9999 -9999 -9999 -9999 -9999 -9999 -9999 -9999 -9999 -9999 -9999 -9999 -9999 -9999 -9999 -9999 -9999 -9999 -9999 -9999 -9999 -9999 -9999 -9999 -9999 -9999 -9999 -9999 -9999 -9999 -9999 -9999 -9999 -9999 -9999 -9999 -9999 -9999 -9999 -9999 -9999 -9999 -9999 -9999 -9999
-9999 -9999 -9999 -9999 -9999 -9999 -9999 -9999 -9999 -9999 -9999 -9999 -9999 -9999 -9999 -9999 -9999 -9999 -9999 -9999 -9999 -9999 -9999 -9999 -9999 -9999 -9999 -9999 -9999 -9999 -9999 -9999 -9999 -9999 -9999 -9999 -9999 -9999 -9999 -9999 -9999 -9999 -9999 -9999 -9999 -9999 -9999 -9999 -9999 -9999 -9999 -9999 -9999 -9999 -9999 -9999 -9999 -9999 -9999 -9999 -9999 -9999 -9999 -9999 -9999 -9999 -9999 -9999 -9999 -9999 -9999
-9999 -9999 -9999 -9999 -9999 -9999 -9999 -9999 -9999 -9999 -9999 -9999 -9999 -9999 -9999 -9999 -9999 -9999 -9999 -9999 -9999 -9999 -9999 -9999 -9999 -9999 -9999 -9999 -9999 -9999 -9999 -9999 -9999 -9999 -9999 -9999 -9999 -9999 -9999 -9999 -9999 -9999 -9999 -9999 -9999 -9999 -9999 -9999 -9999 -9999 -9999 -9999 -9999 -9999 -9999 -9999 -9999 -9999 -9999 -9999 -9999 -9999 -9999 -9999 -9999 -9999 -9999 -9999 -9999 -9999 -9999
-9999 -9999 -9999 -9999 -9999 -9999 -9999 -9999 -9999 -9999 -9999 -9999 -9999 -9999 -9999 -9999 -9999 -9999 -9999 -9999 -9999 -9999 -9999 -9999 -9999 -9999 -9999 -9999 -9999 -9999 -9999 -9999 -9999 -9999 -9999 -9999 -9999 -9999 -9999 -9999 -9999 -9999 -9999 -9999 -9999 -9999 -9999 -9999 -9999 -9999 -9999 -9999 -9999 -9999 -9999 -9999 -9999 -9999 -9999 -9999 -9999 -9999 -9999 -9999 -9999 -9999 -9999 -9999 -9999 -9999 -9999
-9999 -9999 -9999 -9999 -9999 -9999 -9999 -9999 -9999 -9999 -9999 -9999 -9999 -9999 -9999 -9999 -9999 -9999 -9999 -9999 -9999 -9999 -9999 -9999 -9999 -9999 -9999 -9999 -9999 -9999 -9999 -9999 -9999 -9999 -9999 -9999 -9999 -9999 -9999 -9999 -9999 -9999 45.92840 45.24660 44.72160 44.36390 42.48650 40.93700 39.02880 37.76970 36.24230 33.59280 -9999 -9999 -9999 -9999 -9999 -9999 -9999 -9999 -9999 -9999 -9999 -9999 -9999 -9999 -9999 -9999 -9999 -9999 -9999
-9999 -9999 -9999 -9999 -9999 -9999 -9999 -9999 -9999 -9999 -9999 -9999 -9999 -9999 -9999 -9999 -9999 -9999 -9999 -9999 -9999 -9999 -9999 -9999 -9999 -9999 -9999 -9999 -9999 -9999 -9999 -9999 -9999 -9999 -9999 -9999 -9999 -9999 43.77450 45.31630 45.25290 46.94380 46.64130 46.25820 45.77500 45.89180 44.30770 41.89520 40.43610 39.69470 36.89710 34.60630 31.59950 19.71200 -9999 -9999 -9999 -9999 -9999 -9999 -9999 -9999 -9999 -9999 -9999 -9999 -9999 -9999 -9999 -9999 -9999
-9999 -9999 -9999 -9999 -9999 -9999 -9999 -9999 -9999 -9999 -9999 -9999 -9999 -9999 -9999 -9999 -9999 -9999 -9999 -9999 -9999 -9999 -9999 -9999 -9999 -9999 -9999 -9999 -9999 -9999 -9999 -9999 -9999 -9999 -9999 -9999 -9999 -9999 -9999 -9999 43.78220 46.30910 45.90670 46.16350 46.05140 45.84860 45.44330 45.21590 43.57360 40.81590 38.16830 34.31830 31.56590 19.35530 -9999 -9999 -9999 -9999 -9999 -9999 -9999 -9999 -9999 -9999 -9999 -9999 -9999 -9999 -9999 -9999 -9999
-9999 -9999 -9999 -9999 -9999 -9999 -9999 -9999 -9999 -9999 -9999 -9999 -9999 -9999 -9999 -9999 -9999 -9999 -9999 -9999 -9999 -9999 -9999 -9999 -9999 -9999 -9999 -9999 -9999 -9999 -9999 -9999 -9999 -9999 -9999 -9999 -9999 -9999 -9999 -9999 -9999 -9999 -9999 -9999 48.82840 48.54370 46.47070 46.34570 46.57740 44.11390 41.52980 35.83320 31.76200 21.24710 -9999 -9999 -9999 -9999 -9999 -9999 22.54950 -9999 -9999 -9999 -9999 -9999 -9999 -9999 -9999 -9999 -9999
-9999 -9999 -9999 -9999 -9999 -9999 -9999 -9999 -9999 -9999 -9999 -9999 -9999 -9999 -9999 -9999 -9999 -9999 -9999 -9999 -9999 -9999 -9999 -9999 -9999 -9999 -9999 -9999 -9999 -9999 -9999 -9999 -9999 -9999 -9999 -9999 -9999 -9999 -9999 -9999 -9999 48.70870 48.45340 48.27450 49.72640 49.57740 48.74570 48.46010 48.32690 47.54280 43.48370 38.18890 32.70530 29.78990 -9999 -9999 -9999 -9999 -9999 23.42690 21.85340 21.96830 20.63170 20.56440 20.48560 20.44570 20.60910 19.03800 19.08080 19.27120 19.34900
-9999 -9999 -9999 -9999 -9999 -9999 -9999 -9999 -9999 -9999 -9999 -9999 -9999 -9999 -9999 -9999 -9999 -9999 -9999 -9999 -9999 -9999 -9999 -9999 -9999 -9999 -9999 -9999 -9999 -9999 -9999 -9999 -9999 -9999 -9999 -9999 -9999 -9999 -9999 -9999 -9999 47.41010 49.83610 50.80340 50.83220 49.96300 49.43700 49.15960 48.60910 48.57740 44.42640 39.44380 34.12400 32.08510 29.00580 27.87600 26.50380 -9999 22.98320 23.05000 21.76390 21.62740 20.17790 20.18610 20.19330 20.28990 18.91730 18.96350 18.99860 19.03890 19.39040
-9999 -9999 -9999 -9999 -9999 -9999 -9999 -9999 -9999 -9999 -9999 -9999 -9999 -9999 -9999 -9999 -9999 -9999 -9999 -9999 -9999 -9999 -9999 -9999 -9999 -9999 -9999 -9999 -9999 -9999 -9999 -9999 -9999 -9999 -9999 39.89130 41.78560 43.40870 44.79180 46.61060 48.39570 48.89760 50.03460 51.26300 51.72880 51.16300 50.65000 50.30670 49.86830 48.59280 44.59760 39.28610 35.46590 32.95630 28.75380 27.48030 26.18610 24.15240 22.42360 22.54280 21.00340 21.18850 19.79230 18.41200 18.46830 19.99570 18.81060 18.71390 18.54660 18.80580 18.82880
-9999 -9999 -9999 -9999 -9999 -9999 -9999 -9999 -9999 -9999 -9999 -9999 -9999 -9999 -9999 -9999 -9999 -9999 -9999 -9999 -9999 -9999 -9999 -9999 -9999 -9999 -9999 -9999 -9999 -9999 -9999 -9999 -9999 -9999 37.86250 40.10770 41.90380 42.98940 44.80580 46.57400 49.06390 49.98990 51.21390 51.66200 50.87310 50.59810 50.40000 50.17160 48.44230 44.77980 42.24470 39.03320 35.38800 31.07070 29.88940 27.47840 24.40580 23.24130 23.11830 21.74860 20.36440 19.14570 19.03030 17.54330 19.16490 19.25100 17.83410 18.00430 18.06250 18.21780 18.32360
-9999 -9999 -9999 -9999 -9999 -9999 -9999 -9999 -9999 -9999 -9999 -9999 -9999 -9999 -9999 -9999 -9999 -9999 -9999 -9999 -9999 -9999 -9999 -9999 -9999 -9999 -9999 -9999 -9999 -9999 -9999 -9999 -9999 35.94860 37.66780 39.77020 41.51150 42.92880 44.70630 46.35480 48.81830 49.76590 51.13560 52.33270 51.92260 50.28940 49.91730 48.38610 45.44380 42.67640 38.25000 35.65380 31.73370 28.98610 27.23220 24.75670 23.49810 22.06830 22.27550 20.60770 19.38410 17.94040 17.96540 18.00530 18.09090 18.21490 17.05050 17.27360 17.21730 16.90910 17.07640
-9999 -9999 -9999 -9999 -9999 -9999 -9999 -9999 -9999 -9999 -9999 -9999 -9999 -9999 -9999 -9999 -9999 -9999 -9999 -9999 -9999 -9999 -9999 -9999 -9999 -9999 -9999 -9999 -9999 -9999 -9999 34.83850 35.91680 36.52160 38.10380 39.73460 41.71780 43.27360 44.79090 46.27740 47.94520 51.02120 52.35630 52.13940 50.47020 49.93850 48.56590 45.54710 43.49660 39.83410 36.77550 33.08080 28.93610 27.77450 26.39710 23.54570 22.22120 20.85430 19.40820 18.20870 18.22930 16.97500 16.82740 16.90960 16.90050 17.20580 17.52310 17.29760 17.49860 16.07840 16.35910
-9999 -9999 -9999 -9999 -9999 -9999 -9999 -9999 -9999 -9999 -9999 -9999 -9999 -9999 -9999 -9999 -9999 -9999 -9999 -9999 -9999 -9999 -9999 -9999 -9999 -9999 -9999 -9999 -9999 32.46730 32.61250 35.11680 36.45380 36.61680 37.99810 39.50140 41.19710 42.67690 44.20580 45.72260 47.25430 49.30820 50.62160 49.93650 49.60820 47.77450 45.77930 43.76730 39.98650 36.84380 33.72160 30.81630 28.30140 26.89230 23.95580 22.37450 21.12020 19.75670 18.56440 18.54230 17.25670 15.80240 15.91880 16.01250 16.08120 16.27160 16.68120 15.52310 15.39280 17.09330 16.99950
-9999 -9999 -9999 -9999 -9999 -9999 -9999 -9999 -9999 -9999 -9999 -9999 -9999 -9999 -9999 -9999 -9999 -9999 -9999 -9999 -9999 -9999 -9999 -9999 31.49470 31.14330 30.90380 31.11250 31.99330 32.02840 33.01730 34.35670 34.69760 35.86780 37.30960 39.21540 39.53610 41.00670 42.61200 43.97160 45.49090 46.85140 47.94230 48.04420 46.04620 45.83170 43.86490 40.34570 38.51490 35.18460 33.28320 29.05240 27.36830 26.11110 23.31350 21.98220 20.56110 19.17020 17.90000 16.86440 16.41110 15.25100 15.50000 15.61440 15.61680 15.89620 15.81830 17.38080 17.50240 16.20190 15.37070
-9999 -9999 -9999 -9999 -9999 -9999 29.42500 30.73890 30.73270 30.94230 30.86110 -9999 -9999 -9999 -9999 -9999 -9999 -9999 -9999 -9999 -9999 32.88750 31.82550 31.36870 31.16010 30.66830 30.70670 30.70140 30.44090 32.22360 32.28320 33.93460 34.28650 35.99760 36.27840 37.66110 39.22880 40.56780 42.29180 42.43510 43.94370 45.42070 45.26730 45.23460 44.42210 42.55340 42.34180 39.35190 36.94760 33.89470 31.99420 29.01730 26.26300 24.67500 23.30380 21.86540 20.67450 18.97690 17.71590 17.52070 16.48170 16.44330 15.36440 15.45820 15.69380 16.86490 17.11540 17.00240 17.36200 17.33130 17.31390
-9999 -9999 -9999 -9999 -9999 30.54660 30.60100 30.80050 30.53650 30.70770 31.72980 31.97360 32.03030 32.06350 -9999 -9999 -9999 31.93220 32.10720 31.25720 31.58990 31.88990 30.89420 30.63270 30.40290 30.25870 30.22840 30.21300 30.58890 30.52980 31.98120 32.11630 33.58940 34.26150 35.52020 37.31150 37.49040 39.17210 40.93510 42.59420 42.99090 44.42740 43.92640 43.38080 43.49090 41.51540 40.03220 37.96390 36.43890 32.80100 31.42210 28.22740 26.58800 25.15050 23.73410 21.09040 19.49280 19.21150 17.97400 17.74230 16.69280 16.83460 16.68320 16.95340 16.64180 15.81540 17.04660 17.10140 17.30190 18.29710 18.56920
-9999 29.33170 30.10430 30.18170 30.39130 30.31490 30.51540 30.69860 31.86630 31.91250 31.86350 32.58700 32.61680 32.71780 32.65480 32.72500 32.73940 32.52400 32.38410 31.55770 31.92550 32.28220 30.84950 30.88560 30.58610 30.40240 30.03650 30.30340 30.31730 30.11590 31.16060 31.22790 31.47400 32.87160 33.56630 35.38800 37.25100 37.26730 38.96110 41.29900 41.34520 42.79380 42.58990 42.37790 42.23170 40.73080 38.83750 37.49760 35.10050 33.48700 29.76780 26.76590 25.18990 23.67740 22.20430 21.03800 19.72840 19.38510 18.13940 18.30100 17.42400 17.41390 17.59130 17.20670 17.31440 17.20380 18.38560 18.37260 18.17740 18.29420 18.05580
-9999 30.74900 30.90430 30.60480 30.70480 31.46680 31.52260 31.71300 31.74620 31.91780 32.88940 32.69810 32.84520 32.70530 32.80480 32.85670 32.93850 32.58800 32.92450 31.88080 32.08410 32.57790 31.46680 31.37210 31.04040 30.71590 30.16830 30.30670 30.07690 30.14760 29.94570 31.09710 31.13410 31.39040 32.82640 33.28220 34.87690 35.28650 37.24710 38.80820 39.20380 39.41200 40.78220 40.78990 39.10480 38.72790 37.07260 35.54950 33.85240 31.94130 30.10190 27.36630 25.60960 23.04470 21.61150 20.16540 18.59900 18.58510 18.65630 17.71200 18.89370 17.80290 17.90670 19.15240 19.02360 18.73370 18.79860 18.80720 19.76590 19.63650 19.72400
-9999 -9999 -9999 31.88700 32.09090 32.18700 32.00000 32.17690 32.12930 32.44090 33.61880 34.24710 34.40380 34.57450 33.10100 32.95870 33.29330 33.31680 33.62160 33.98170 33.06350 33.47840 31.95240 32.30430 31.79040 31.46250 30.40720 30.22640 30.53270 30.34860 30.18800 29.89380 29.70530 30.88800 31.22020 32.53170 32.67210 34.91150 35.34090 36.71730 36.61830 37.15140 38.18700 38.47310 37.27600 36.99810 35.88990 35.71730 34.08460 31.39900 29.69520 27.75140 25.10620 23.49470 21.58460 20.25000 18.92790 19.07120 19.04230 19.24810 19.48080 19.28460 19.42500 19.44370 19.23610 20.34660 20.60820 20.35240 21.39040 21.05630 21.08700
-9999 -9999 -9999 -9999 -9999 -9999 33.63220 33.70140 33.62500 33.81110 33.92070 33.46630 33.71250 33.84570 34.06440 34.23030 33.60380 33.87160 33.92880 34.64420 34.96730 34.04860 34.14520 32.87020 32.82260 32.50580 31.40050 30.88610 30.58510 29.14570 30.19660 30.06830 29.48080 29.43700 30.70430 30.98610 31.11920 32.54660 32.78170 34.18270 34.50820 34.63990 36.08130 36.43560 35.38270 35.92450 35.97360 34.90000 33.73800 32.09280 30.35140 27.09710 25.68080 23.72880 22.26920 20.88700 19.55870 19.62120 19.56970 19.75380 19.82120 19.67980 18.96010 19.34420 20.78850 20.68610 21.79760 21.81970 22.71630 22.67930 23.72450
-9999 -9999 -9999 -9999 -9999 -9999 33.74760 33.66490 33.88940 34.06730 34.07790 33.76350 33.72790 34.19040 34.44710 34.71970 35.22120 35.74470 35.40190 35.61110 35.87640 34.77640 34.77160 35.20530 33.72500 33.33890 32.15290 30.42070 30.11830 29.79330 29.52840 29.05480 28.67600 29.66680 29.66390 29.08940 30.35240 30.40770 31.61730 31.98460 31.96920 33.61200 34.43460 34.26060 35.10430 34.17160 34.91540 33.90770 34.67980 33.50720 31.58510 29.32550 25.60580 23.65720 22.14620 22.09230 20.76630 20.76200 21.08370 20.93370 19.94280 21.19040 21.06350 20.54860 22.21590 22.10670 23.27980 22.98990 24.16150 25.05770 25.10580
-9999 -9999 -9999 -9999 -9999 -9999 -9999 -9999 -9999 -9999 35.17980 35.10580 33.83370 34.22640 34.77400 35.49330 36.08700 36.95630 37.82690 36.87600 37.17930 37.22790 36.19180 36.00620 35.87310 33.85050 33.62840 32.15190 30.75480 30.48510 30.31110 29.87160 29.42260 28.76390 29.73510 28.86970 28.62740 29.90530 29.97120 29.93080 31.45580 31.59090 32.09470 32.59420 32.72740 33.46970 32.78120 33.62740 34.53940 33.44130 31.74040 28.50720 25.68750 23.61630 23.75630 22.93700 23.07790 22.08410 22.35960 21.97500 23.17310 23.30100 23.41010 23.27210 23.27120 24.55910 24.36010 25.64370 26.79900 27.93220 28.86390
-9999 -9999 -9999 -9999 -9999 -9999 -9999 -9999 -9999 -9999 34.75580 34.76300 35.12450 35.58030 36.84760 36.95290 38.23460 38.90910 39.62980 40.06110 39.79420 38.12400 37.93610 36.50380 36.53220 34.62070 34.07640 32.48850 31.45820 29.83650 29.41200 28.93560 28.71440 29.30240 28.70720 28.11970 28.93940 28.85870 28.82310 30.33650 30.57070 31.79900 32.03080 32.01540 32.55000 31.66010 31.92310 32.22790 30.90670 31.01780 29.19380 27.31540 26.03080 24.76150 23.81440 24.08370 24.31350 24.52450 24.09370 24.26300 24.49130 25.83650 25.71830 27.06440 26.96870 28.17210 28.13650 29.41780 29.15240 30.33850 30.85340
-9999 -9999 -9999 -9999 -9999 -9999 -9999 -9999 -9999 -9999 -9999 -9999 34.86440 35.71970 37.94660 40.39570 42.27070 41.91880 42.00870 41.02260 40.52930 39.95240 38.59810 38.29710 36.47930 34.36150 34.15190 32.37450 30.19180 29.84280 29.48800 29.11010 28.70000 28.35480 29.15670 28.29520 27.88610 28.42450 28.43750 29.83850 29.88320 30.52550 30.72690 30.49090 30.90140 31.14570 30.99520 30.85480 29.60910 29.25770 27.71060 27.27690 26.06250 24.94950 24.46920 23.55530 23.82740 23.87930 25.27450 25.46780 25.42550 26.75480 28.08510 28.10290 29.30530 29.28460 30.65580 31.88320 31.31730 32.29570 31.98750
-9999 -9999 -9999 -9999 -9999 -9999 -9999 -9999 -9999 -9999 -9999 -9999 35.67500 36.96490 38.66490 40.68120 42.52930 43.56010 43.33370 42.47260 41.95530 39.89230 39.93270 37.85670 35.91920 35.53610 33.67930 32.02690 30.36730 30.23130 28.04180 27.75340 28.84810 28.17360 27.58610 27.84710 27.46060 27.55670 28.37550 29.98080 29.80140 29.71060 30.36630 30.04570 30.32640 30.41730 30.20670 30.12450 30.18990 27.64900 28.03940 27.00620 26.99810 26.19380 24.88170 25.05770 25.12500 24.88220 26.21730 26.45190 27.65100 27.97500 29.19380 29.21490 30.68750 31.92790 31.68080 32.83890 33.94090 33.57930 33.94810
-9999 -9999 -9999 -9999 -9999 -9999 -9999 -9999 -9999 -9999 -9999 36.01730 36.96920 37.94620 38.96010 40.40290 41.59710 41.52740 42.18170 42.01350 40.65670 40.72160 39.12260 38.28890 36.81010 35.43170 33.44660 31.62740 30.15290 29.67020 28.02500 27.62640 26.86730 27.63510 27.34180 26.64760 27.49380 27.56200 28.41590 29.41830 29.42500 30.56490 30.41590 30.13220 29.16200 29.60290 29.52210 29.42690 28.70820 28.83270 29.31540 28.75720 29.11630 28.19620 26.73080 26.82740 26.80480 27.99040 27.51880 27.51490 28.72600 28.79280 30.38990 31.61630 31.61350 32.85240 33.90000 33.78080 35.24230 34.61830 34.91920
-9999 -9999 -9999 -9999 -9999 -9999 -9999 -9999 -9999 -9999 -9999 35.52790 36.28410 36.91730 38.12550 38.68370 39.45290 39.85670 40.32640 40.20050 40.21010 40.51300 38.77600 37.23700 35.58410 34.59760 32.82930 31.40820 29.97790 29.62260 27.75000 27.36110 26.79620 26.20910 26.90380 26.06780 27.54230 27.39130 28.60960 29.56680 30.59420 30.24520 31.52500 31.39660 29.98410 30.34280 30.03700 29.88460 30.89420 30.72790 31.37690 31.49860 30.54420 29.29180 29.03560 29.33560 29.15820 29.18410 29.21150 30.49520 30.52840 31.17500 31.30140 32.59520 33.64660 33.45100 34.75380 35.54520 35.52740 35.04620 34.68270
