data/hydroclimate-scenarios/1948-2000.Pcorr55N_Pref_Tref/monthly_summaries/precip_monthly_tot_mar.1950-2000.asc
ncols	311
nrows	91
xllcenter	102.75
yllcenter	31.75
cellsize	0.5
NODATA_value	-9999
[rows 0 to 31 of 91, columns 0 to 71 of 311]
-9999 -9999 -9999 -9999 -9999 -9999 -9999 -9999 -9999 -9999 -9999 -9999 -9999 -9999 -9999 -9999 -9999 -9999 -9999 -9999 -9999 -9999 -9999 -9999 -9999 -9999 -9999 -9999 -9999 -9999 -9999 -9999 -9999 -9999 -9999 -9999 -9999 -9999 -9999 -9999 -9999 -9999 -9999 -9999 -9999 -9999 -9999 -9999 -9999 -9999 -9999 -9999 -9999 -9999 -9999 -9999 -9999 -9999 -9999 -9999 -9999 -9999 -9999 -9999 -9999 -9999 -9999 -9999 -9999 -9999 -9999 -9999
-9999 -9999 -9999 -9999 -9999 -9999 -9999 -9999 -9999 -9999 -9999 -9999 -9999 -9999 -9999 -9999 -9999 -9999 -9999 -9999 -9999 -9999 -9999 -9999 -9999 -9999 -9999 -9999 -9999 -9999 -9999 -9999 -9999 -9999 -9999 -9999 -9999 -9999 -9999 -9999 -9999 -9999 -9999 -9999 -9999 -9999 -9999 -9999 -9999 -9999 -9999 -9999 -9999 -9999 -9999 -9999 -9999 -9999 -9999 -9999 -9999 -9999 -9999 -9999 -9999 -9999 -9999 -9999 -9999 -9999 -9999 -9999
-9999 -9999 -9999 -9999 -9999 -9999 -9999 -9999 -9999 -9999 -9999 -9999 -9999 -9999 -9999 -9999 -9999 -9999 -9999 -9999 -9999 -9999 -9999 -9999 -9999 -9999 -9999 -9999 -9999 -9999 -9999 -9999 -9999 -9999 -9999 -9999 -9999 -9999 -9999 -9999 -9999 -9999 -9999 -9999 -9999 -9999 -9999 -9999 -9999 -9999 -9999 -9999 -9999 -9999 -9999 -9999 -9999 -9999 -9999 -9999 -9999 -9999 -9999 -9999 -9999 -9999 -9999 -9999 -9999 -9999 -9999 -9999
-9999 -9999 -9999 -9999 -9999 -9999 -9999 -9999 -9999 -9999 -9999 -9999 -9999 -9999 -9999 -9999 -9999 -9999 -9999 -9999 -9999 -9999 -9999 -9999 -9999 -9999 -9999 -9999 -9999 -9999 -9999 -9999 -9999 -9999 -9999 -9999 -9999 -9999 -9999 -9999 -9999 -9999 -9999 -9999 -9999 -9999 -9999 -9999 -9999 -9999 -9999 -9999 -9999 -9999 -9999 -9999 -9999 -9999 -9999 -9999 -9999 -9999 -9999 -9999 -9999 -9999 -9999 -9999 -9999 -9999 -9999 -9999
-9999 -9999 -9999 -9999 -9999 -9999 -9999 -9999 -9999 -9999 -9999 -9999 -9999 -9999 -9999 -9999 -9999 -9999 -9999 -9999 -9999 -9999 -9999 -9999 -9999 -9999 -9999 -9999 -9999 -9999 -9999 -9999 -9999 -9999 -9999 -9999 -9999 -9999 -9999 -9999 -9999 -9999 -9999 -9999 -9999 -9999 -9999 -9999 -9999 -9999 -9999 -9999 -9999 -9999 -9999 -9999 -9999 -9999 -9999 -9999 -9999 -9999 -9999 -9999 -9999 -9999 -9999 -9999 -9999 -9999 -9999 -9999
-9999 -9999 -9999 -9999 -9999 -9999 -9999 -9999 -9999 -9999 -9999 -9999 -9999 -9999 -9999 -9999 -9999 -9999 -9999 -9999 -9999 -9999 -9999 -9999 -9999 -9999 -9999 -9999 -9999 -9999 -9999 -9999 -9999 -9999 -9999 -9999 -9999 -9999 -9999 -9999 -9999 -9999 -9999 -9999 -9999 -9999 -9999 -9999 -9999 -9999 -9999 -9999 -9999 -9999 -9999 -9999 -9999 -9999 -9999 -9999 -9999 -9999 -9999 -9999 -9999 -9999 -9999 -9999 -9999 -9999 -9999 -9999
-9999 -9999 -9999 -9999 -9999 -9999 -9999 -9999 -9999 -9999 -9999 -9999 -9999 -9999 -9999 -9999 -9999 -9999 -9999 -9999 -9999 -9999 -9999 -9999 -9999 -9999 -9999 -9999 -9999 -9999 -9999 -9999 -9999 -9999 -9999 -9999 -9999 -9999 -9999 -9999 -9999 -9999 -9999 -9999 -9999 -9999 -9999 -9999 -9999 -9999 -9999 -9999 -9999 -9999 -9999 -9999 -9999 -9999 -9999 -9999 -9999 -9999 -9999 -9999 -9999 -9999 -9999 -9999 -9999 -9999 -9999 -9999
-9999 -9999 -9999 -9999 -9999 -9999 -9999 -9999 -9999 -9999 -9999 -9999 -9999 -9999 -9999 -9999 -9999 -9999 -9999 -9999 -9999 -9999 -9999 -9999 -9999 -9999 -9999 -9999 -9999 -9999 -9999 -9999 -9999 -9999 -9999 -9999 -9999 -9999 -9999 -9999 -9999 -9999 19.37010 19.17700 20.97350 20.80740 19.08820 19.28480 18.53140 19.11420 17.94750 17.92700 -9999 -9999 -9999 -9999 -9999 -9999 -9999 -9999 -9999 -9999 -9999 -9999 -9999 -9999 -9999 -9999 -9999 -9999 -9999 -9999
-9999 -9999 -9999 -9999 -9999 -9999 -9999 -9999 -9999 -9999 -9999 -9999 -9999 -9999 -9999 -9999 -9999 -9999 -9999 -9999 -9999 -9999 -9999 -9999 -9999 -9999 -9999 -9999 -9999 -9999 -9999 -9999 -9999 -9999 -9999 -9999 -9999 -9999 18.85490 20.56720 20.46960 20.69170 20.90440 20.89410 20.73380 20.57500 20.33770 20.26810 20.42500 18.86370 18.88820 17.85830 16.25980 9.84608 -9999 -9999 -9999 -9999 -9999 -9999 -9999 -9999 -9999 -9999 -9999 -9999 -9999 -9999 -9999 -9999 -9999 -9999
-9999 -9999 -9999 -9999 -9999 -9999 -9999 -9999 -9999 -9999 -9999 -9999 -9999 -9999 -9999 -9999 -9999 -9999 -9999 -9999 -9999 -9999 -9999 -9999 -9999 -9999 -9999 -9999 -9999 -9999 -9999 -9999 -9999 -9999 -9999 -9999 -9999 -9999 -9999 -9999 19.42940 19.82790 19.81910 19.73140 21.50880 21.56320 21.39800 21.61760 20.17600 20.51570 19.03870 17.87500 16.34020 9.92500 -9999 -9999 -9999 -9999 -9999 -9999 -9999 -9999 -9999 -9999 -9999 -9999 -9999 -9999 -9999 -9999 -9999 -9999
-9999 -9999 -9999 -9999 -9999 -9999 -9999 -9999 -9999 -9999 -9999 -9999 -9999 -9999 -9999 -9999 -9999 -9999 -9999 -9999 -9999 -9999 -9999 -9999 -9999 -9999 -9999 -9999 -9999 -9999 -9999 -9999 -9999 -9999 -9999 -9999 -9999 -9999 -9999 -9999 -9999 -9999 -9999 -9999 21.19710 21.34850 21.07010 21.06720 21.48190 21.98820 20.97160 19.83330 18.80250 10.12990 -9999 -9999 -9999 -9999 -9999 -9999 12.25290 -9999 -9999 -9999 -9999 -9999 -9999 -9999 -9999 -9999 -9999 -9999
-9999 -9999 -9999 -9999 -9999 -9999 -9999 -9999 -9999 -9999 -9999 -9999 -9999 -9999 -9999 -9999 -9999 -9999 -9999 -9999 -9999 -9999 -9999 -9999 -9999 -9999 -9999 -9999 -9999 -9999 -9999 -9999 -9999 -9999 -9999 -9999 -9999 -9999 -9999 -9999 -9999 20.29410 20.52750 20.42110 20.63820 20.23770 21.66520 21.79410 21.85930 22.09800 21.34900 20.36470 17.82750 16.82500 -9999 -9999 -9999 -9999 -9999 11.92790 11.88680 10.12400 10.32750 10.33480 10.47790 8.32402 8.62157 8.56078 8.40000 8.65833 8.76078 7.05686
-9999 -9999 -9999 -9999 -9999 -9999 -9999 -9999 -9999 -9999 -9999 -9999 -9999 -9999 -9999 -9999 -9999 -9999 -9999 -9999 -9999 -9999 -9999 -9999 -9999 -9999 -9999 -9999 -9999 -9999 -9999 -9999 -9999 -9999 -9999 -9999 -9999 -9999 -9999 -9999 -9999 19.12500 19.58190 19.74950 19.73770 19.49560 20.70150 20.46720 20.18190 21.46030 20.28630 18.39460 17.56720 16.86130 15.65290 14.63380 13.10590 -9999 11.43090 11.64750 11.53870 9.88922 10.09460 10.16270 10.17110 8.44804 8.39853 8.40098 8.62157 8.50735 8.60637 6.92794
-9999 -9999 -9999 -9999 -9999 -9999 -9999 -9999 -9999 -9999 -9999 -9999 -9999 -9999 -9999 -9999 -9999 -9999 -9999 -9999 -9999 -9999 -9999 -9999 -9999 -9999 -9999 -9999 -9999 -9999 -9999 -9999 -9999 -9999 -9999 15.40690 16.60930 16.61520 16.99020 16.97990 16.97010 17.38730 18.71620 18.84950 18.99800 18.87840 20.20880 19.96520 20.13040 20.26420 20.73480 19.76760 18.57940 16.42550 16.75740 15.62110 14.39220 12.65340 11.19950 11.32400 11.41620 9.99216 9.72353 9.81716 9.98529 8.27794 8.43627 8.13480 8.49510 8.38382 8.45196 6.76667
-9999 -9999 -9999 -9999 -9999 -9999 -9999 -9999 -9999 -9999 -9999 -9999 -9999 -9999 -9999 -9999 -9999 -9999 -9999 -9999 -9999 -9999 -9999 -9999 -9999 -9999 -9999 -9999 -9999 -9999 -9999 -9999 -9999 -9999 14.61570 15.11270 16.37840 16.09950 16.53530 16.44850 16.73090 16.78040 16.85490 18.40490 18.38530 18.24260 18.23870 19.51620 19.73090 19.55590 18.65340 19.52010 18.61270 17.45540 16.71130 15.67300 13.41960 12.10980 10.86230 10.81180 9.33627 9.55000 9.60098 9.50833 8.18627 8.02892 8.04363 7.93333 8.03088 8.09265 8.24314 8.42990
-9999 -9999 -9999 -9999 -9999 -9999 -9999 -9999 -9999 -9999 -9999 -9999 -9999 -9999 -9999 -9999 -9999 -9999 -9999 -9999 -9999 -9999 -9999 -9999 -9999 -9999 -9999 -9999 -9999 -9999 -9999 -9999 -9999 14.16860 14.21420 14.51470 14.42300 15.81080 15.59310 15.72650 16.23870 15.99950 16.28090 16.13190 17.50050 17.53870 17.58680 17.59900 19.23920 18.97990 17.84510 18.31180 17.14660 16.05340 14.85440 13.71320 12.83680 11.29750 9.94216 10.30000 10.21520 8.64314 8.81569 7.32206 7.30147 7.34804 7.41275 7.51716 7.60343 7.70294 7.61373 7.77892
-9999 -9999 -9999 -9999 -9999 -9999 -9999 -9999 -9999 -9999 -9999 -9999 -9999 -9999 -9999 -9999 -9999 -9999 -9999 -9999 -9999 -9999 -9999 -9999 -9999 -9999 -9999 -9999 -9999 -9999 -9999 13.99460 14.09660 14.16080 14.23330 14.28770 14.47790 14.59310 15.72550 15.70830 15.70000 15.75290 15.78430 15.83630 15.82700 17.13920 17.34800 16.84170 16.84560 16.92550 16.89900 16.01860 16.08240 15.67350 14.22890 12.97600 10.39410 10.53480 10.62250 9.32500 8.28186 8.30294 8.18627 6.78382 6.93382 6.85294 7.09853 7.04755 6.99265 7.05784 7.21422 7.25343
-9999 -9999 -9999 -9999 -9999 -9999 -9999 -9999 -9999 -9999 -9999 -9999 -9999 -9999 -9999 -9999 -9999 -9999 -9999 -9999 -9999 -9999 -9999 -9999 -9999 -9999 -9999 -9999 -9999 12.28480 12.36320 12.82010 14.21320 13.91960 14.37160 14.44850 14.48530 14.50830 14.53380 14.52550 15.75830 15.65490 15.65440 15.90050 15.79410 16.03240 15.79950 15.76910 16.95740 16.73140 15.58280 15.56760 15.82600 13.27450 13.47990 12.15440 9.99363 10.18970 8.84118 7.70441 7.61520 7.62010 6.45539 6.45098 6.34853 6.54118 6.50588 6.64608 6.73578 6.81716 6.94069 6.80686
-9999 -9999 -9999 -9999 -9999 -9999 -9999 -9999 -9999 -9999 -9999 -9999 -9999 -9999 -9999 -9999 -9999 -9999 -9999 -9999 -9999 -9999 -9999 -9999 12.58820 12.50590 12.41860 12.46670 12.41420 12.24070 12.53280 12.53870 12.68240 12.67250 14.09950 14.21270 14.30830 14.38580 14.42110 14.60200 14.53530 15.80590 15.81860 16.14220 15.87990 15.99850 16.09070 15.90150 15.71910 15.75200 15.75740 15.46960 14.31370 13.20340 12.06620 11.01910 9.71618 8.54951 8.70245 7.26814 7.42108 6.16520 6.14020 6.13775 6.30588 6.23529 6.33676 5.15147 6.52451 6.57794 8.11225 7.99265
-9999 -9999 -9999 -9999 -9999 -9999 13.40340 13.48140 13.52350 13.67840 13.72350 -9999 -9999 -9999 -9999 -9999 -9999 -9999 -9999 -9999 -9999 12.66370 12.46960 12.53090 12.31860 12.38820 12.24310 12.42790 12.33480 12.29460 12.54460 12.63330 12.59510 12.68190 13.08920 14.29710 14.42550 14.44220 14.56960 14.81520 14.64610 14.84410 14.97790 15.01080 15.20390 16.28820 14.85000 14.78730 16.06270 15.97160 14.46960 14.45200 14.34220 12.02210 10.83330 9.68480 9.70049 8.54657 7.42402 7.37402 7.31127 6.17206 6.29216 6.18578 6.34902 6.40637 5.06078 6.31176 6.50392 5.19853 6.68971 6.56814
-9999 -9999 -9999 -9999 -9999 13.28140 13.32550 13.41130 13.55590 13.65880 13.57500 13.97010 13.91270 13.86420 -9999 -9999 -9999 13.48480 13.51030 13.54900 12.46760 12.54220 12.42790 11.34220 12.18090 11.13770 11.13090 11.05880 12.33580 12.33040 12.60250 12.77350 12.86180 12.98870 13.09020 13.06470 13.26720 13.40150 14.78380 14.89800 14.82940 15.03430 15.13820 15.35740 15.33430 15.27160 15.31370 15.11810 15.16520 15.19610 14.94660 13.70590 13.32750 12.35150 11.18730 9.98333 8.66716 8.66814 7.70735 7.45343 6.28284 6.33480 6.39069 6.35245 6.23873 6.30637 6.35784 6.43676 6.32892 6.47696 6.50441 6.31029
-9999 12.56720 12.79220 12.81960 13.18380 13.48280 13.26080 13.34460 13.73820 13.83870 13.58580 13.98280 15.09070 13.96130 13.88770 13.79750 13.60830 13.49460 13.48970 12.26180 12.54310 12.34260 11.32010 11.24170 11.30980 11.19170 11.18730 11.22840 11.13770 11.33530 11.37160 11.52990 11.65690 11.76810 13.11570 13.31030 13.26720 13.48680 13.55290 13.62300 14.85440 15.08920 15.22940 15.20390 15.35540 15.75050 15.69610 15.71720 15.47750 14.22350 14.06320 13.70150 12.46910 12.35340 11.34360 10.02890 8.69069 7.63824 7.70343 7.63873 6.40294 6.46471 6.62157 6.21569 6.47304 6.44559 6.35196 6.38873 6.33088 6.45637 7.76324 7.63627
-9999 12.83190 12.88280 12.81570 12.95490 12.96420 12.98970 13.12160 13.12210 13.64220 14.14560 14.21420 15.07790 13.98040 13.92060 13.86320 13.66910 13.65640 13.70000 12.49220 12.51720 12.69120 12.65250 11.56030 11.44750 11.39170 11.45050 11.35930 11.37550 11.51810 11.64900 11.66960 11.94020 11.90540 11.97160 12.16320 13.18820 13.36420 13.69950 13.71910 13.93530 13.68380 13.85100 14.14360 14.30590 14.47160 14.48530 14.68630 14.71860 14.49260 13.22600 12.99070 13.03280 12.95440 11.51030 10.16810 8.90882 7.70833 7.91471 7.81961 7.73088 7.90490 7.93627 6.63480 6.46569 6.60980 6.47647 6.50245 6.42696 6.43922 6.55980 7.88137
-9999 -9999 -9999 13.00690 13.02750 13.27250 13.30930 13.30540 13.56810 14.18280 14.11720 13.84710 14.03630 13.87300 13.86570 13.67550 13.79020 13.81720 13.78280 13.85540 12.76370 12.76130 12.74800 11.76130 11.91860 11.74410 11.59260 11.52010 11.69850 11.73770 11.73090 11.95930 11.91620 12.02300 12.18140 12.09750 12.12350 12.44460 12.56320 13.88330 13.70150 13.44260 13.80050 13.90980 14.40540 14.49950 14.81960 14.87550 13.72010 13.77350 13.91180 13.63240 13.49950 11.91760 10.46230 10.20540 9.12549 7.89608 8.05441 8.07941 7.97353 7.99412 8.00833 7.90882 7.85392 6.52696 6.56029 6.56275 6.62696 7.77647 7.61324 7.83284
-9999 -9999 -9999 -9999 -9999 -9999 13.39020 13.99260 13.90930 14.16080 14.17160 14.16520 14.02010 14.03530 14.02210 13.98530 14.05440 13.76720 14.03770 12.84800 12.95780 13.07400 13.16720 12.11320 12.16470 12.14800 12.10830 11.70640 10.56420 10.57600 10.63140 10.66470 12.03680 12.22750 12.16270 12.28430 12.41080 12.52700 12.51910 12.43480 12.31910 12.37550 13.46080 12.64750 13.10880 13.33430 13.76720 13.86470 14.09510 14.46180 14.40980 14.21030 14.16420 10.87990 10.69410 10.68530 9.41127 9.71471 9.41667 9.43088 9.44167 9.60735 7.81520 7.89657 7.93971 7.98627 6.47843 7.74167 7.69951 7.67304 7.63775 7.56373
-9999 -9999 -9999 -9999 -9999 -9999 13.98770 14.01270 13.90200 14.23770 14.20740 14.35540 14.39660 14.14310 14.28040 14.19120 14.28280 14.14850 14.46960 14.39260 13.32450 13.44610 13.40490 13.81130 12.59260 12.50830 12.29850 10.76720 10.81860 10.82110 10.73680 10.87060 10.92650 11.08280 11.23280 11.11030 11.06620 11.02110 12.30880 12.34020 12.02890 12.25490 12.40440 12.54120 13.07210 13.35540 13.94710 14.14750 13.27550 13.43090 13.33920 13.12700 12.81230 10.90050 10.70880 9.35343 8.02206 9.40441 7.88480 9.39363 9.27549 9.30833 9.45735 9.19706 7.91029 7.94314 7.71471 7.63186 7.57598 7.50735 7.47010 7.54118
-9999 -9999 -9999 -9999 -9999 -9999 -9999 -9999 -9999 -9999 14.23240 14.14460 14.17300 14.26370 14.25490 14.59800 14.57110 14.47350 14.79900 15.00540 13.72940 14.06620 14.04070 14.02160 12.85640 12.87750 12.84510 11.30880 11.08330 10.95390 11.08330 11.11130 11.13140 11.25340 11.19220 11.25740 11.22250 11.15000 10.91960 12.28040 11.98970 12.14560 12.14460 12.36860 12.73240 13.14170 13.63190 12.46180 13.20440 13.57110 11.78090 11.65050 9.48725 9.15539 7.70735 7.87598 8.02745 7.93529 7.95392 7.77941 7.67794 8.01471 7.83431 7.87941 7.83137 7.59559 6.49363 6.14363 7.29608 7.34118 7.29314 8.54804
-9999 -9999 -9999 -9999 -9999 -9999 -9999 -9999 -9999 -9999 13.95150 14.04120 13.84360 14.12600 14.24560 14.77550 14.76620 14.97700 15.36720 15.49660 15.44260 14.14800 14.26670 14.41420 13.04220 13.14120 11.68480 11.63040 11.59260 11.30830 11.43140 11.30490 11.32110 11.37210 11.38090 11.51670 11.54070 11.41270 11.24360 12.35340 12.50540 12.23280 12.31270 12.14750 12.48280 12.82010 13.12110 11.94950 12.17940 12.39120 11.05880 10.61180 9.25539 9.26961 7.95049 7.68039 7.81127 7.93235 6.51765 7.85245 7.76765 6.51961 6.49167 6.57549 6.38333 6.20343 6.37500 6.29363 6.08873 7.16225 7.02549 6.95735
-9999 -9999 -9999 -9999 -9999 -9999 -9999 -9999 -9999 -9999 -9999 -9999 13.86520 14.12750 14.57060 15.07650 15.58040 16.01720 15.85980 16.13330 16.07160 14.53430 14.59850 14.50980 13.11270 13.21420 11.89220 11.61130 11.57300 11.57110 10.27890 11.56470 11.57450 11.71420 11.73630 11.71270 11.51670 11.45250 12.50100 12.40250 12.02010 12.19120 12.19560 11.98680 12.36080 12.60930 12.67790 13.03680 11.52940 11.67600 11.64800 10.28190 10.40930 9.03480 8.77402 7.63284 7.60980 7.59265 7.59265 7.71373 7.65833 7.75098 7.55686 7.49314 7.47843 6.17843 6.08431 6.00931 5.90490 6.85490 6.84461 7.98529
-9999 -9999 -9999 -9999 -9999 -9999 -9999 -9999 -9999 -9999 -9999 -9999 14.35390 14.56760 14.62940 15.32940 15.63190 15.78820 16.18680 16.26420 15.96520 15.89850 14.60930 14.54950 13.14220 13.38730 11.69850 11.85540 11.85200 10.52840 10.56030 10.51670 10.43380 11.65590 11.45640 11.50980 11.57250 12.84900 12.72500 12.45000 12.10440 11.99660 11.92840 11.95390 12.13920 12.43770 12.42990 12.40000 12.60880 10.86860 11.29560 11.24360 9.76225 8.57059 8.48578 8.70833 7.52255 7.35441 7.43676 7.41912 7.24510 7.51422 7.43578 7.59265 7.36667 7.30833 7.24755 7.19069 7.11471 7.02598 8.02990 8.13382
-9999 -9999 -9999 -9999 -9999 -9999 -9999 -9999 -9999 -9999 -9999 14.31030 14.22500 14.43870 14.63920 16.13630 16.32840 16.53280 17.05780 16.88330 15.82110 16.15690 14.48090 14.57500 14.56470 13.25930 13.43240 11.81760 12.00830 10.64710 10.44410 10.50390 10.33190 11.53770 11.46720 11.26760 11.52210 12.80150 12.66420 13.65000 13.56370 13.28380 12.92300 12.65640 12.58480 12.05980 11.94260 12.04710 11.80930 12.17700 10.98530 11.00780 11.30640 10.06720 8.72353 8.68480 8.70490 8.81716 8.53382 8.71912 8.58235 8.50588 7.42696 7.45196 7.48382 7.40980 7.24069 7.05392 8.30049 8.21324 9.53039 9.49804
-9999 -9999 -9999 -9999 -9999 -9999 -9999 -9999 -9999 -9999 -9999 14.38580 14.30980 14.62250 15.07110 16.52990 16.53970 16.32940 16.87060 16.99070 15.88730 15.96420 15.89360 14.53730 13.11720 13.30150 11.83280 11.81130 11.77300 10.24120 10.17010 10.34070 10.17450 11.39610 11.21370 11.25780 11.45590 12.72400 13.70780 13.71720 13.40740 13.29660 14.00780 13.94710 12.62600 12.63870 12.76080 12.87300 12.98280 12.07160 12.28430 11.25250 11.37010 10.19610 10.35100 10.08280 10.06080 8.64118 8.66275 8.61127 8.75588 8.54167 8.59020 8.57990 8.63431 8.26275 8.25980 8.15196 8.03676 8.90294 9.29020 9.44167
