data/hydroclimate-scenarios/1948-2000.Pcorr55N_Pref_Tref/monthly_summaries/precip_monthly_tot_apr.1950-2000.asc
ncols	311
nrows	91
xllcenter	102.75
yllcenter	31.75
cellsize	0.5
NODATA_value	-9999
[rows 0 to 31 of 91, columns 213 to 283 of 311]
-9999 -9999 -9999 -9999 -9999 -9999 -9999 -9999 -9999 -9999 -9999 -9999 -9999 -9999 -9999 -9999 -9999 -9999 -9999 -9999 -9999 -9999 -9999 -9999 -9999 -9999 -9999 -9999 -9999 -9999 -9999 -9999 -9999 -9999 -9999 -9999 -9999 -9999 -9999 -9999 -9999 -9999 -9999 -9999 -9999 -9999 -9999 -9999 -9999 -9999 -9999 -9999 -9999 -9999 -9999 -9999 -9999 -9999 -9999 -9999 -9999 -9999 -9999 -9999 -9999 -9999 -9999 -9999 -9999 -9999 -9999
-9999 -9999 -9999 -9999 -9999 -9999 -9999 -9999 -9999 -9999 -9999 -9999 -9999 -9999 -9999 -9999 -9999 -9999 -9999 -9999 -9999 -9999 -9999 -9999 -9999 -9999 -9999 -9999 -9999 -9999 -9999 -9999 -9999 -9999 -9999 -9999 -9999 -9999 -9999 -9999 -9999 -9999 -9999 -9999 -9999 -9999 -9999 -9999 -9999 -9999 -9999 -9999 -9999 -9999 -9999 -9999 -9999 -9999 -9999 -9999 -9999 -9999 -9999 -9999 -9999 -9999 -9999 -9999 -9999 -9999 -9999
-9999 -9999 -9999 -9999 -9999 -9999 -9999 -9999 -9999 -9999 -9999 -9999 -9999 -9999 -9999 -9999 -9999 -9999 -9999 -9999 -9999 -9999 -9999 -9999 -9999 -9999 -9999 -9999 -9999 -9999 -9999 -9999 -9999 -9999 -9999 -9999 -9999 -9999 -9999 -9999 -9999 -9999 -9999 -9999 -9999 -9999 -9999 -9999 -9999 -9999 -9999 -9999 -9999 -9999 -9999 -9999 -9999 -9999 -9999 -9999 -9999 -9999 -9999 -9999 -9999 -9999 -9999 -9999 -9999 -9999 -9999
-9999 -9999 -9999 -9999 -9999 -9999 -9999 -9999 -9999 -9999 -9999 -9999 -9999 -9999 -9999 -9999 -9999 -9999 -9999 -9999 -9999 -9999 -9999 -9999 -9999 -9999 -9999 -9999 -9999 -9999 -9999 -9999 -9999 -9999 -9999 -9999 -9999 -9999 -9999 -9999 -9999 -9999 -9999 -9999 -9999 -9999 -9999 -9999 -9999 -9999 -9999 -9999 -9999 -9999 -9999 -9999 -9999 -9999 -9999 -9999 -9999 -9999 -9999 -9999 -9999 -9999 -9999 -9999 -9999 -9999 -9999
-9999 -9999 -9999 -9999 -9999 -9999 -9999 -9999 -9999 -9999 -9999 -9999 -9999 -9999 -9999 -9999 -9999 -9999 -9999 -9999 -9999 -9999 -9999 -9999 -9999 -9999 -9999 -9999 -9999 -9999 -9999 -9999 -9999 -9999 -9999 -9999 -9999 -9999 -9999 -9999 -9999 -9999 -9999 -9999 -9999 -9999 -9999 -9999 -9999 -9999 -9999 -9999 -9999 -9999 -9999 -9999 -9999 -9999 -9999 -9999 -9999 -9999 -9999 -9999 -9999 -9999 -9999 -9999 -9999 -9999 -9999
-9999 -9999 -9999 -9999 -9999 -9999 -9999 -9999 -9999 -9999 -9999 -9999 -9999 -9999 -9999 -9999 -9999 -9999 -9999 -9999 -9999 -9999 -9999 -9999 -9999 -9999 -9999 -9999 -9999 -9999 -9999 -9999 -9999 -9999 -9999 -9999 -9999 -9999 -9999 -9999 -9999 -9999 -9999 -9999 -9999 -9999 -9999 -9999 -9999 -9999 -9999 -9999 -9999 -9999 -9999 -9999 -9999 -9999 -9999 -9999 -9999 -9999 -9999 -9999 -9999 -9999 -9999 -9999 -9999 -9999 -9999
-9999 -9999 -9999 -9999 -9999 -9999 -9999 -9999 -9999 -9999 -9999 -9999 -9999 -9999 -9999 -9999 -9999 -9999 -9999 -9999 -9999 -9999 -9999 -9999 -9999 -9999 -9999 -9999 -9999 -9999 -9999 -9999 -9999 -9999 -9999 -9999 -9999 -9999 -9999 -9999 -9999 -9999 -9999 -9999 -9999 -9999 -9999 -9999 -9999 -9999 -9999 -9999 -9999 -9999 -9999 -9999 -9999 -9999 -9999 -9999 -9999 -9999 -9999 -9999 -9999 -9999 -9999 -9999 -9999 -9999 -9999
-9999 -9999 -9999 -9999 -9999 -9999 -9999 -9999 -9999 -9999 -9999 -9999 -9999 -9999 -9999 -9999 -9999 -9999 -9999 -9999 -9999 -9999 -9999 -9999 -9999 -9999 -9999 -9999 -9999 -9999 -9999 -9999 -9999 -9999 -9999 -9999 -9999 -9999 -9999 -9999 -9999 -9999 -9999 -9999 -9999 -9999 -9999 -9999 -9999 -9999 -9999 -9999 -9999 -9999 -9999 -9999 -9999 -9999 -9999 -9999 -9999 -9999 -9999 -9999 -9999 -9999 -9999 -9999 -9999 -9999 -9999
-9999 -9999 -9999 -9999 -9999 -9999 -9999 -9999 -9999 -9999 -9999 -9999 -9999 -9999 -9999 -9999 -9999 -9999 -9999 -9999 -9999 -9999 -9999 -9999 -9999 -9999 -9999 -9999 -9999 -9999 -9999 -9999 -9999 -9999 -9999 -9999 -9999 -9999 -9999 -9999 -9999 -9999 -9999 -9999 -9999 -9999 -9999 -9999 -9999 -9999 -9999 -9999 -9999 -9999 -9999 -9999 -9999 -9999 -9999 -9999 -9999 -9999 -9999 -9999 -9999 -9999 -9999 -9999 -9999 -9999 -9999
-9999 -9999 -9999 -9999 -9999 -9999 -9999 -9999 -9999 -9999 -9999 -9999 -9999 -9999 -9999 -9999 -9999 -9999 -9999 -9999 -9999 -9999 -9999 -9999 -9999 -9999 -9999 -9999 -9999 -9999 -9999 -9999 -9999 -9999 -9999 -9999 -9999 -9999 -9999 -9999 -9999 -9999 -9999 -9999 -9999 -9999 -9999 -9999 -9999 -9999 -9999 -9999 -9999 -9999 -9999 -9999 -9999 -9999 -9999 -9999 -9999 -9999 -9999 -9999 -9999 -9999 -9999 -9999 -9999 -9999 -9999
-9999 -9999 -9999 -9999 -9999 -9999 -9999 -9999 -9999 -9999 -9999 -9999 -9999 -9999 -9999 -9999 -9999 -9999 -9999 -9999 -9999 -9999 -9999 -9999 -9999 -9999 -9999 -9999 -9999 -9999 -9999 -9999 -9999 -9999 -9999 -9999 -9999 -9999 -9999 -9999 -9999 -9999 -9999 -9999 -9999 -9999 -9999 -9999 -9999 -9999 -9999 -9999 -9999 -9999 -9999 -9999 -9999 -9999 -9999 -9999 -9999 -9999 -9999 -9999 -9999 -9999 -9999 -9999 -9999 -9999 -9999
-9999 -9999 -9999 -9999 -9999 -9999 -9999 -9999 -9999 -9999 -9999 -9999 -9999 -9999 -9999 -9999 -9999 -9999 -9999 -9999 -9999 -9999 -9999 -9999 -9999 -9999 -9999 -9999 -9999 -9999 -9999 -9999 -9999 -9999 -9999 -9999 -9999 -9999 -9999 -9999 -9999 -9999 -9999 -9999 -9999 -9999 -9999 -9999 -9999 -9999 -9999 -9999 -9999 -9999 -9999 -9999 -9999 -9999 -9999 -9999 -9999 -9999 -9999 -9999 -9999 -9999 -9999 -9999 -9999 -9999 -9999
-9999 -9999 -9999 -9999 -9999 -9999 -9999 -9999 -9999 -9999 -9999 -9999 -9999 -9999 -9999 -9999 -9999 -9999 -9999 -9999 -9999 -9999 -9999 -9999 -9999 -9999 -9999 -9999 -9999 -9999 -9999 -9999 -9999 -9999 -9999 -9999 -9999 -9999 -9999 -9999 -9999 -9999 -9999 -9999 -9999 -9999 -9999 -9999 -9999 -9999 -9999 -9999 -9999 -9999 -9999 -9999 -9999 -9999 -9999 -9999 -9999 -9999 -9999 -9999 -9999 -9999 -9999 -9999 -9999 -9999 -9999
7.47794 7.58971 7.37500 7.31912 7.32892 7.35539 -9999 -9999 -9999 -9999 -9999 -9999 -9999 -9999 -9999 -9999 -9999 -9999 -9999 -9999 -9999 -9999 -9999 -9999 -9999 -9999 -9999 -9999 -9999 -9999 -9999 -9999 -9999 -9999 -9999 -9999 -9999 -9999 -9999 -9999 -9999 -9999 -9999 -9999 -9999 -9999 -9999 8.23824 -9999 -9999 -9999 -9999 -9999 -9999 -9999 -9999 -9999 -9999 -9999 -9999 -9999 -9999 -9999 -9999 -9999 -9999 -9999 -9999 -9999 -9999 -9999
9.70637 9.18039 8.35686 8.15637 8.16569 8.30588 8.33824 8.25000 7.64706 9.14706 0.00000 0.00000 0.00000 9.77941 9.41176 9.02941 8.25000 7.02941 32.08820 -9999 -9999 -9999 -9999 -9999 -9999 -9999 -9999 -9999 -9999 -9999 -9999 -9999 -9999 -9999 -9999 -9999 -9999 -9999 -9999 -9999 -9999 -9999 3.98431 5.28235 3.94118 4.18382 5.87647 7.54804 12.68680 -9999 -9999 -9999 10.86230 -9999 -9999 -9999 10.63430 14.00200 15.29900 -9999 -9999 -9999 -9999 -9999 -9999 -9999 -9999 -9999 -9999 -9999 -9999
10.75050 9.45588 9.21275 9.42255 9.45637 9.64559 0.00000 0.00000 0.00000 0.00000 0.00000 0.00000 0.00000 0.00000 0.00000 0.00000 0.00000 0.00000 0.00000 0.00000 0.00000 0.00000 7.29902 13.78530 8.48235 -9999 -9999 -9999 -9999 -9999 9.50637 9.66814 9.91765 10.83580 12.22450 10.91370 10.95830 11.00930 11.09950 9.74510 9.39265 9.81078 4.34412 5.07157 4.81863 6.22990 7.34755 9.72843 14.46080 14.35540 14.83280 13.62840 13.09710 14.25000 14.39260 12.71620 15.75590 16.54020 15.34260 15.60340 16.65540 15.18870 14.44950 14.21860 -9999 -9999 -9999 -9999 -9999 -9999 -9999
11.07160 11.29800 11.63870 12.62060 12.04020 0.00980 0.00000 0.00000 0.00000 0.00000 0.00000 0.00000 0.00000 0.00000 0.00000 0.00000 0.00000 0.00000 0.00000 0.00000 0.00000 0.00000 14.54900 10.22010 8.02696 9.63922 10.75490 12.91720 13.16570 11.81910 10.15880 9.91078 10.08730 12.55740 13.76130 13.07750 11.08240 12.81080 12.47350 12.47350 12.87790 11.67500 12.17790 12.95100 13.27890 12.38680 13.62550 15.07060 14.11180 13.66620 15.78040 15.18190 15.70440 16.23770 17.01420 20.03970 20.32110 19.26180 21.33430 22.01960 20.71860 22.52010 21.68330 21.76620 17.74560 16.70100 16.11420 15.69660 14.79120 16.21420 17.73820
17.75640 19.96960 21.17840 0.00000 0.01471 0.01471 0.00000 0.00000 0.00000 0.00000 0.00000 0.00000 0.00000 0.00000 0.00000 0.00000 0.00000 0.00000 0.00000 5.82353 5.61765 9.35294 18.86910 22.82450 10.40440 11.43040 11.52010 13.88820 15.14070 15.30740 15.64950 10.46570 10.95100 12.47210 14.14850 16.53090 16.90000 17.27890 15.80740 15.77550 16.06910 16.67650 15.37210 14.60930 14.90780 14.92890 16.04660 16.35830 16.22500 15.81520 15.91370 16.81760 17.07250 18.57160 18.78140 20.49020 21.96230 21.35250 21.77840 23.18730 25.17700 26.76420 23.08040 22.19260 19.74800 18.31570 17.61180 20.93530 21.33730 24.09950 25.30590
13.36720 13.93190 13.34260 14.56180 0.00000 0.00000 0.02941 0.02941 0.01961 0.01961 0.00000 0.00000 0.00980 0.00980 0.00000 0.00000 6.56471 6.58775 0.00000 0.00000 19.16570 15.85340 21.61230 19.63970 10.98480 10.13430 13.34220 11.45830 12.66420 15.83820 20.51960 15.64560 15.05250 15.55340 16.44950 17.73480 18.89800 17.35290 16.95150 16.34800 16.43770 17.11760 15.96760 17.12750 18.43480 17.94460 20.68140 21.52940 20.90200 20.42650 20.00640 19.85340 18.58430 19.44950 20.77890 21.06370 21.61670 22.28630 21.44120 22.88730 23.42840 24.28530 23.20290 21.64900 21.08580 24.12300 23.77300 25.09410 22.37110 24.19660 27.49850
12.32890 13.96080 14.27210 11.46520 10.11230 9.34412 8.12598 0.02941 7.08382 6.62402 5.94167 5.72255 5.64706 5.36618 6.55735 6.81471 6.94167 7.25147 23.54510 21.82350 12.99710 16.31960 17.25640 20.13820 9.11667 11.72060 14.51420 13.86180 17.53480 18.67300 23.39120 22.86130 20.26810 18.62750 17.73630 16.87450 16.84220 15.70780 17.28240 18.53190 17.14510 16.34360 20.41230 21.43090 22.41570 21.61570 22.34510 23.26080 23.24260 21.55000 21.49410 22.82300 20.90200 20.34360 21.45980 19.66860 21.00590 22.84070 23.67750 22.63240 22.28090 21.66270 22.65740 23.48280 23.76860 24.02890 26.95440 28.77600 31.65780 33.08380 33.43730
6.95980 9.08824 11.24260 9.84853 7.81225 6.64412 6.07794 5.80931 5.41078 5.26176 5.25490 5.42892 5.57451 5.67598 6.48824 8.08088 8.65931 8.82941 13.44750 13.14560 5.98333 5.98186 12.12210 9.76373 9.18382 11.66910 12.89220 16.70590 17.46080 19.10980 19.33480 22.04510 21.89410 20.53530 18.52940 16.67010 16.92790 18.05250 18.39310 17.91230 19.29610 19.22550 21.49460 21.74610 21.97160 21.48240 22.75930 22.85440 23.89120 24.28140 23.42210 22.10290 22.03580 22.01030 22.09750 21.98630 23.67840 21.73040 20.86670 19.76860 18.43770 18.89560 20.16230 23.19900 23.63430 24.52750 25.92400 27.05150 29.04950 30.32400 30.16760
7.25833 6.98088 5.81029 5.09167 4.82255 4.63431 4.43088 4.84951 5.38186 5.65196 5.81029 5.68284 5.59657 5.72549 6.90588 7.70588 8.49804 8.51422 14.47350 13.39800 4.82353 0.00000 0.00000 4.00294 8.69363 12.89410 16.03380 18.61030 16.14660 20.02750 20.66620 23.96810 25.24510 22.86130 20.48970 20.08680 18.96320 18.64070 20.40590 20.34610 19.86180 20.44660 20.89410 22.12500 21.64750 22.29560 23.98920 23.25780 24.35340 24.62750 24.22650 23.16620 20.59460 20.50780 20.38190 19.96570 20.56320 21.87160 22.60930 21.35880 19.51370 19.77300 20.83730 21.43770 19.90290 19.32010 20.99360 22.69220 25.46470 27.45830 31.04310
9.86618 7.85735 6.43529 5.11765 5.91471 8.56716 13.39310 14.24750 11.59310 10.25050 0.00000 8.23529 9.42647 6.82353 8.43676 9.10245 10.75690 10.13240 15.05590 19.29170 4.79902 0.00000 0.00000 4.53284 5.30441 11.45930 11.87600 13.87890 17.16960 19.08430 18.65930 19.27890 22.56760 23.16670 22.90100 22.52890 25.36230 25.50100 28.67890 27.22400 27.76760 26.02010 23.96570 22.48240 23.20930 26.55880 27.99660 31.08090 30.95640 29.74710 28.03580 27.80830 23.59460 23.22840 22.43770 24.50000 22.24660 23.06230 22.34220 20.58380 21.36960 20.79560 21.83480 23.59120 19.15290 20.20780 21.63480 23.93680 25.60590 26.37110 27.18580
10.67160 11.87700 11.61420 7.81324 6.81667 10.48680 14.29220 13.71130 10.73280 0.00000 0.00000 0.00000 0.00000 0.00000 0.00000 0.00000 10.76520 11.24170 19.04710 23.27400 12.10490 0.00000 4.73971 9.48039 5.71667 8.54755 9.11324 11.65930 11.90690 15.23680 19.41960 20.67750 22.51860 20.77010 25.98870 24.34410 24.16270 26.43430 34.74800 32.09120 36.81130 38.22750 43.21320 43.60050 43.76720 41.92650 35.98770 29.64750 33.35290 31.21080 27.78480 23.68480 24.83330 24.33580 22.76320 23.59170 22.78140 20.29800 20.68280 23.61030 25.92940 21.44120 22.73630 25.00590 21.75690 20.43970 20.40980 20.91420 21.44360 21.95780 22.15340
8.89510 8.33431 7.10098 6.40000 6.67696 7.28873 6.63627 7.82304 9.75147 11.04260 11.20590 0.00000 0.00000 0.00000 0.00000 0.00000 0.00000 0.00000 0.00000 22.68530 20.69170 4.78971 0.00196 0.00196 3.16275 2.84755 0.00000 2.66225 6.39559 7.17794 3.47990 7.82647 6.83235 12.15740 7.12451 12.34900 16.58820 16.09220 25.56910 32.74800 39.83480 45.46130 51.47300 52.53730 59.83970 65.30880 66.84360 52.04850 39.90340 30.48040 27.09850 22.76720 21.85250 27.43820 25.77550 24.24950 23.72210 21.84020 20.57450 21.24220 25.19510 26.87010 29.60540 26.64950 22.58190 20.21370 19.78530 18.71420 19.23330 19.48730 19.35930
7.29951 7.13824 6.80980 6.59020 7.13480 7.65735 8.83873 8.46961 8.25637 8.30343 9.51471 9.82353 10.64710 12.05880 0.00000 0.00000 0.00000 0.00000 8.75637 14.23480 14.67060 18.02210 7.19020 10.63770 5.73333 2.59314 2.94559 2.76765 3.25637 7.09902 7.93186 11.08920 7.15784 10.41320 7.01912 11.22500 14.50490 19.22750 29.13530 35.62650 38.40930 49.81910 52.77300 58.39900 62.30200 63.98190 69.66130 63.80930 56.81860 46.32350 40.41130 33.85540 25.22990 33.42840 38.60690 30.02250 26.10690 26.14800 23.61470 24.77700 25.68870 28.85830 30.18280 27.56420 25.23040 24.80290 21.42750 18.49360 19.49070 17.42940 17.56570
14.91370 15.49850 14.05640 12.21860 10.70490 15.09800 22.10290 31.74510 27.50980 22.10780 25.59510 32.96620 19.52550 12.57550 10.66030 9.51029 7.46422 6.77353 24.49410 20.53970 14.76130 16.19510 13.83090 14.22400 13.98870 14.40390 14.42890 13.18920 13.34170 14.87990 14.31470 12.90690 10.07840 13.35740 14.53770 15.83430 14.95100 22.53770 27.23040 34.85340 41.52400 47.12110 50.67110 62.41130 66.72650 73.03430 71.20590 79.24850 65.91620 55.66030 49.28680 43.92300 35.04310 31.23380 31.69950 35.03870 30.68970 29.62790 28.53430 27.88480 27.18240 28.24410 29.60050 30.77650 28.82350 25.73380 23.33140 21.58190 19.09850 17.17550 17.76080
80.59120 70.63480 30.75340 18.92400 15.43040 14.78430 16.59660 29.57450 41.93430 49.39120 43.20440 66.63730 53.81620 36.73380 25.41520 12.48190 7.42549 6.96569 20.24750 20.36030 15.77940 26.99260 20.93430 21.48380 13.62840 12.79750 13.87250 18.43580 14.43280 11.93680 10.81320 6.66667 6.40441 8.88137 7.09706 10.82160 14.40880 21.12060 24.94460 32.77400 36.69900 46.00390 53.28040 61.99950 72.77650 80.16270 81.81720 83.09800 73.20740 63.00490 64.09220 55.61370 46.65290 40.23040 31.70780 36.06760 34.52250 31.35830 30.05780 32.70540 29.37940 29.93580 29.05200 27.58090 28.12010 25.90290 25.34410 22.99850 17.99560 15.99850 15.83920
120.06100 77.32010 47.22060 29.63280 15.98530 11.92350 17.44120 12.61860 12.37160 14.10000 16.91620 18.75390 15.22700 18.35050 17.74510 17.57160 13.36320 8.19706 12.55100 18.64950 23.49410 40.11520 31.63090 25.92160 11.83770 5.84951 12.73820 11.81670 9.48529 10.56860 10.38280 8.26520 5.92696 2.95441 2.90784 7.05588 14.28920 18.26520 26.18240 36.84120 42.19260 49.55290 56.79610 65.10390 80.99020 86.01030 92.15880 93.11470 78.36520 85.30740 74.42600 63.95100 56.24020 44.69220 38.65440 30.32650 33.62750 34.68630 30.21570 28.57400 28.75290 28.19310 29.02210 28.10980 27.19460 27.04510 27.67650 24.58870 21.30340 17.24220 16.78140
48.45100 35.53330 53.14560 49.14900 49.75540 31.90150 14.29260 12.34900 9.96275 9.35098 8.44069 9.39951 23.79850 38.66860 41.07210 34.04260 28.96760 18.58820 22.73530 29.82940 34.38380 53.97650 54.85690 34.75830 19.38920 13.93630 10.91030 6.39706 9.36765 11.85590 8.81716 2.89510 3.08088 0.00000 0.00000 3.39461 13.49800 17.39170 28.47890 34.67600 46.08190 53.10200 65.04120 78.33770 87.91960 98.26030 92.69460 92.72790 94.27750 92.00640 78.42160 74.62350 66.82450 54.34360 43.35880 30.96720 32.68870 37.35440 31.59660 36.40830 40.50340 49.62210 49.29170 45.46860 40.96180 32.35250 25.76080 23.87890 24.23280 21.66810 19.19020
24.29950 16.50880 21.88970 45.86860 37.98920 23.64310 49.52300 57.89950 60.29460 35.76320 25.20440 13.42060 18.35930 33.16180 70.28730 83.69220 69.91420 63.71570 50.01030 57.52300 58.18770 77.52890 66.41230 44.89070 29.58530 23.12160 18.54460 17.84170 11.30540 9.79853 6.11275 2.86275 2.62255 0.00000 0.00000 3.52549 10.14310 15.19660 21.42160 27.51720 33.85050 43.90150 49.65880 67.06910 80.79310 87.90590 92.15930 77.36420 68.41570 62.74260 57.01130 60.33330 69.01860 53.45830 38.81270 37.35340 34.57600 37.09120 32.40930 34.77160 33.06270 34.61370 33.99360 32.69020 30.64560 27.90100 26.77110 26.58240 24.95880 24.97500 21.27350
23.65250 -9999 17.11810 44.25200 122.12200 298.20801 -9999 352.71799 220.10201 150.81000 154.48399 89.74070 84.38870 65.17940 59.67890 50.72990 28.09660 50.14410 110.04400 127.95900 145.37100 140.77499 127.70500 92.12160 69.22600 51.64950 34.83770 22.13820 23.29220 24.04560 18.51910 13.62940 3.77157 3.59216 3.78725 6.48382 12.55440 15.15250 22.21860 29.98630 37.67450 42.53240 47.09510 49.16860 70.81230 67.80640 77.00540 69.43280 59.88280 57.18580 56.70740 55.77700 56.78240 53.19660 38.48730 36.12450 30.51130 31.16860 35.02700 35.78330 34.50540 31.46180 29.99710 28.91230 27.18730 27.62010 27.65880 27.37990 25.96860 25.99750 23.97600
