data/hydroclimate-scenarios/1948-2000.Pcorr55N_Pref_Tref/monthly_summaries/precip_monthly_tot_jan.1950-2000.asc
ncols	311
nrows	91
xllcenter	102.75
yllcenter	31.75
cellsize	0.5
NODATA_value	-9999
[rows 0 to 31 of 91, columns 0 to 71 of 311]
-9999 -9999 -9999 -9999 -9999 -9999 -9999 -9999 -9999 -9999 -9999 -9999 -9999 -9999 -9999 -9999 -9999 -9999 -9999 -9999 -9999 -9999 -9999 -9999 -9999 -9999 -9999 -9999 -9999 -9999 -9999 -9999 -9999 -9999 -9999 -9999 -9999 -9999 -9999 -9999 -9999 -9999 -9999 -9999 -9999 -9999 -9999 -9999 -9999 -9999 -9999 -9999 -9999 -9999 -9999 -9999 -9999 -9999 -9999 -9999 -9999 -9999 -9999 -9999 -9999 -9999 -9999 -9999 -9999 -9999 -9999 -9999
-9999 -9999 -9999 -9999 -9999 -9999 -9999 -9999 -9999 -9999 -9999 -9999 -9999 -9999 -9999 -9999 -9999 -9999 -9999 -9999 -9999 -9999 -9999 -9999 -9999 -9999 -9999 -9999 -9999 -9999 -9999 -9999 -9999 -9999 -9999 -9999 -9999 -9999 -9999 -9999 -9999 -9999 -9999 -9999 -9999 -9999 -9999 -9999 -9999 -9999 -9999 -9999 -9999 -9999 -9999 -9999 -9999 -9999 -9999 -9999 -9999 -9999 -9999 -9999 -9999 -9999 -9999 -9999 -9999 -9999 -9999 -9999
-9999 -9999 -9999 -9999 -9999 -9999 -9999 -9999 -9999 -9999 -9999 -9999 -9999 -9999 -9999 -9999 -9999 -9999 -9999 -9999 -9999 -9999 -9999 -9999 -9999 -9999 -9999 -9999 -9999 -9999 -9999 -9999 -9999 -9999 -9999 -9999 -9999 -9999 -9999 -9999 -9999 -9999 -9999 -9999 -9999 -9999 -9999 -9999 -9999 -9999 -9999 -9999 -9999 -9999 -9999 -9999 -9999 -9999 -9999 -9999 -9999 -9999 -9999 -9999 -9999 -9999 -9999 -9999 -9999 -9999 -9999 -9999
-9999 -9999 -9999 -9999 -9999 -9999 -9999 -9999 -9999 -9999 -9999 -9999 -9999 -9999 -9999 -9999 -9999 -9999 -9999 -9999 -9999 -9999 -9999 -9999 -9999 -9999 -9999 -9999 -9999 -9999 -9999 -9999 -9999 -9999 -9999 -9999 -9999 -9999 -9999 -9999 -9999 -9999 -9999 -9999 -9999 -9999 -9999 -9999 -9999 -9999 -9999 -9999 -9999 -9999 -9999 -9999 -9999 -9999 -9999 -9999 -9999 -9999 -9999 -9999 -9999 -9999 -9999 -9999 -9999 -9999 -9999 -9999
-9999 -9999 -9999 -9999 -9999 -9999 -9999 -9999 -9999 -9999 -9999 -9999 -9999 -9999 -9999 -9999 -9999 -9999 -9999 -9999 -9999 -9999 -9999 -9999 -9999 -9999 -9999 -9999 -9999 -9999 -9999 -9999 -9999 -9999 -9999 -9999 -9999 -9999 -9999 -9999 -9999 -9999 -9999 -9999 -9999 -9999 -9999 -9999 -9999 -9999 -9999 -9999 -9999 -9999 -9999 -9999 -9999 -9999 -9999 -9999 -9999 -9999 -9999 -9999 -9999 -9999 -9999 -9999 -9999 -9999 -9999 -9999
-9999 -9999 -9999 -9999 -9999 -9999 -9999 -9999 -9999 -9999 -9999 -9999 -9999 -9999 -9999 -9999 -9999 -9999 -9999 -9999 -9999 -9999 -9999 -9999 -9999 -9999 -9999 -9999 -9999 -9999 -9999 -9999 -9999 -9999 -9999 -9999 -9999 -9999 -9999 -9999 -9999 -9999 -9999 -9999 -9999 -9999 -9999 -9999 -9999 -9999 -9999 -9999 -9999 -9999 -9999 -9999 -9999 -9999 -9999 -9999 -9999 -9999 -9999 -9999 -9999 -9999 -9999 -9999 -9999 -9999 -9999 -9999
-9999 -9999 -9999 -9999 -9999 -9999 -9999 -9999 -9999 -9999 -9999 -9999 -9999 -9999 -9999 -9999 -9999 -9999 -9999 -9999 -9999 -9999 -9999 -9999 -9999 -9999 -9999 -9999 -9999 -9999 -9999 -9999 -9999 -9999 -9999 -9999 -9999 -9999 -9999 -9999 -9999 -9999 -9999 -9999 -9999 -9999 -9999 -9999 -9999 -9999 -9999 -9999 -9999 -9999 -9999 -9999 -9999 -9999 -9999 -9999 -9999 -9999 -9999 -9999 -9999 -9999 -9999 -9999 -9999 -9999 -9999 -9999
-9999 -9999 -9999 -9999 -9999 -9999 -9999 -9999 -9999 -9999 -9999 -9999 -9999 -9999 -9999 -9999 -9999 -9999 -9999 -9999 -9999 -9999 -9999 -9999 -9999 -9999 -9999 -9999 -9999 -9999 -9999 -9999 -9999 -9999 -9999 -9999 -9999 -9999 -9999 -9999 -9999 -9999 20.02450 20.10340 20.20690 19.88730 20.50050 20.45290 21.37300 22.36270 22.20340 22.49610 -9999 -9999 -9999 -9999 -9999 -9999 -9999 -9999 -9999 -9999 -9999 -9999 -9999 -9999 -9999 -9999 -9999 -9999 -9999 -9999
-9999 -9999 -9999 -9999 -9999 -9999 -9999 -9999 -9999 -9999 -9999 -9999 -9999 -9999 -9999 -9999 -9999 -9999 -9999 -9999 -9999 -9999 -9999 -9999 -9999 -9999 -9999 -9999 -9999 -9999 -9999 -9999 -9999 -9999 -9999 -9999 -9999 -9999 17.07400 17.49260 17.64750 17.85980 18.26080 20.19070 20.15980 20.06960 21.32750 21.76520 21.94800 22.34120 22.66130 22.79310 23.20290 9.51078 -9999 -9999 -9999 -9999 -9999 -9999 -9999 -9999 -9999 -9999 -9999 -9999 -9999 -9999 -9999 -9999 -9999 -9999
-9999 -9999 -9999 -9999 -9999 -9999 -9999 -9999 -9999 -9999 -9999 -9999 -9999 -9999 -9999 -9999 -9999 -9999 -9999 -9999 -9999 -9999 -9999 -9999 -9999 -9999 -9999 -9999 -9999 -9999 -9999 -9999 -9999 -9999 -9999 -9999 -9999 -9999 -9999 -9999 16.32500 17.41670 17.67790 17.67940 19.88580 19.90930 20.26270 22.39750 22.59900 23.35150 23.35100 23.91320 23.85250 12.16370 -9999 -9999 -9999 -9999 -9999 -9999 -9999 -9999 -9999 -9999 -9999 -9999 -9999 -9999 -9999 -9999 -9999 -9999
-9999 -9999 -9999 -9999 -9999 -9999 -9999 -9999 -9999 -9999 -9999 -9999 -9999 -9999 -9999 -9999 -9999 -9999 -9999 -9999 -9999 -9999 -9999 -9999 -9999 -9999 -9999 -9999 -9999 -9999 -9999 -9999 -9999 -9999 -9999 -9999 -9999 -9999 -9999 -9999 -9999 -9999 -9999 -9999 19.35440 19.55780 20.10640 22.16130 22.75640 25.72450 26.44070 25.36320 28.18730 13.24800 -9999 -9999 -9999 -9999 -9999 -9999 15.75980 -9999 -9999 -9999 -9999 -9999 -9999 -9999 -9999 -9999 -9999 -9999
-9999 -9999 -9999 -9999 -9999 -9999 -9999 -9999 -9999 -9999 -9999 -9999 -9999 -9999 -9999 -9999 -9999 -9999 -9999 -9999 -9999 -9999 -9999 -9999 -9999 -9999 -9999 -9999 -9999 -9999 -9999 -9999 -9999 -9999 -9999 -9999 -9999 -9999 -9999 -9999 -9999 16.52300 16.97400 17.00150 18.48580 18.65930 18.36320 20.47060 20.67500 22.72940 23.65000 23.29900 23.90000 24.40780 -9999 -9999 -9999 -9999 -9999 15.27650 14.86760 14.35290 12.87890 12.60250 12.44510 10.67300 10.78820 10.63730 10.58380 10.56760 10.68140 9.15441
-9999 -9999 -9999 -9999 -9999 -9999 -9999 -9999 -9999 -9999 -9999 -9999 -9999 -9999 -9999 -9999 -9999 -9999 -9999 -9999 -9999 -9999 -9999 -9999 -9999 -9999 -9999 -9999 -9999 -9999 -9999 -9999 -9999 -9999 -9999 -9999 -9999 -9999 -9999 -9999 -9999 15.77400 16.58480 17.78770 17.75980 19.19800 18.84710 18.45050 19.40440 19.34610 19.35540 18.50440 17.68870 18.48480 18.75250 17.21910 17.18870 -9999 16.45830 14.35590 13.93680 12.61130 12.44610 12.21320 10.71080 10.39900 10.51570 10.54750 10.53870 10.43820 8.81863 9.03284
-9999 -9999 -9999 -9999 -9999 -9999 -9999 -9999 -9999 -9999 -9999 -9999 -9999 -9999 -9999 -9999 -9999 -9999 -9999 -9999 -9999 -9999 -9999 -9999 -9999 -9999 -9999 -9999 -9999 -9999 -9999 -9999 -9999 -9999 -9999 12.30830 12.54850 13.00930 13.45250 15.45440 15.53140 15.87450 17.30340 17.46080 17.58280 19.16720 18.73730 18.61030 18.40050 18.43630 18.34560 16.97940 15.51270 16.25830 16.32940 14.85100 16.55200 15.59800 15.57600 13.90340 13.60050 12.11030 11.99900 10.56080 10.45980 10.65200 10.30000 10.53580 10.47700 8.80882 8.71324 8.96324
-9999 -9999 -9999 -9999 -9999 -9999 -9999 -9999 -9999 -9999 -9999 -9999 -9999 -9999 -9999 -9999 -9999 -9999 -9999 -9999 -9999 -9999 -9999 -9999 -9999 -9999 -9999 -9999 -9999 -9999 -9999 -9999 -9999 -9999 11.79610 12.51760 12.68630 12.85340 13.52840 15.36320 16.28530 16.35250 18.03580 18.14120 18.05690 19.44560 19.33090 19.22790 19.32600 17.15490 17.04020 16.03530 14.32210 14.58190 14.48820 14.67450 13.74950 13.50740 13.24260 13.27350 11.85640 10.17110 10.26570 8.52010 10.03870 10.22840 8.75931 8.71814 7.35735 7.21961 7.30098 7.24461
-9999 -9999 -9999 -9999 -9999 -9999 -9999 -9999 -9999 -9999 -9999 -9999 -9999 -9999 -9999 -9999 -9999 -9999 -9999 -9999 -9999 -9999 -9999 -9999 -9999 -9999 -9999 -9999 -9999 -9999 -9999 -9999 -9999 11.75340 11.96320 12.45540 12.63870 13.09660 13.40930 15.44310 16.33530 16.42940 16.50390 17.99020 17.81180 17.91520 17.71910 17.75340 16.16720 15.88820 13.95340 12.21180 10.41370 12.00740 11.87010 13.06720 11.63530 12.82450 12.83680 11.27500 10.89660 9.75882 9.43676 9.50686 9.69118 8.66765 8.40441 8.40980 7.00147 6.97696 6.70833 6.80490
-9999 -9999 -9999 -9999 -9999 -9999 -9999 -9999 -9999 -9999 -9999 -9999 -9999 -9999 -9999 -9999 -9999 -9999 -9999 -9999 -9999 -9999 -9999 -9999 -9999 -9999 -9999 -9999 -9999 -9999 -9999 11.76420 11.83970 12.05740 12.43280 12.71810 13.35340 13.34410 13.60590 15.64170 15.94950 16.19950 16.28770 17.93190 17.95830 18.09360 18.03040 17.27990 15.63770 15.58090 13.49360 11.90440 8.60245 10.14900 11.55740 11.18330 11.97890 10.58870 9.14167 9.00490 9.20392 9.02402 9.14608 8.95882 9.04804 7.97941 8.04069 7.86471 7.89265 6.57353 5.43333 5.27794
-9999 -9999 -9999 -9999 -9999 -9999 -9999 -9999 -9999 -9999 -9999 -9999 -9999 -9999 -9999 -9999 -9999 -9999 -9999 -9999 -9999 -9999 -9999 -9999 -9999 -9999 -9999 -9999 -9999 12.39710 12.56720 12.07450 12.27890 12.33580 12.67110 12.94220 13.21760 13.39800 13.63430 15.73140 15.92940 16.09360 16.12650 16.25340 16.22300 16.16620 16.05830 15.70390 13.94560 13.73770 11.81810 10.22790 8.40441 9.73873 9.67255 9.53529 10.37060 10.19310 10.01180 9.86471 8.50245 8.46814 8.50392 7.47794 7.28676 7.53039 6.31127 6.47500 6.50735 6.52647 6.47696 5.13824
-9999 -9999 -9999 -9999 -9999 -9999 -9999 -9999 -9999 -9999 -9999 -9999 -9999 -9999 -9999 -9999 -9999 -9999 -9999 -9999 -9999 -9999 -9999 -9999 12.24020 12.31860 12.11270 12.41080 12.37210 12.65050 11.95290 12.30050 12.54220 12.60440 12.67160 13.09610 13.37550 13.63240 14.08190 14.11720 14.10740 15.87250 16.26080 16.07450 16.06520 16.33580 15.88770 14.28190 13.91570 12.02990 11.80540 8.71373 8.49510 9.80931 9.40343 10.36570 10.11960 9.98431 8.52941 8.35392 8.22255 8.16814 8.22500 8.35637 7.10147 7.37500 7.56029 7.58186 7.34412 6.25098 3.70294 3.70784
-9999 -9999 -9999 -9999 -9999 -9999 12.97300 12.91370 14.20780 14.14360 14.35540 -9999 -9999 -9999 -9999 -9999 -9999 -9999 -9999 -9999 -9999 12.35150 12.25640 10.91570 10.91570 10.76570 10.96470 12.24610 12.35200 12.90250 13.28580 13.45690 12.48970 12.63530 12.87790 13.18530 13.48820 13.76470 13.85590 14.24260 14.29410 14.58090 14.88530 16.26080 16.22990 16.13530 16.15290 14.34120 12.27890 12.11520 10.36520 10.27700 8.71078 9.75490 10.87300 10.59410 9.01961 8.78480 8.41863 8.36814 8.13088 8.19755 6.96569 7.14804 6.17108 7.52843 7.44216 7.41961 7.45441 7.48480 6.23235 4.96127
-9999 -9999 -9999 -9999 -9999 14.17010 12.84850 12.86810 14.01420 13.04900 14.16910 13.12500 13.13380 13.05590 -9999 -9999 -9999 13.07010 12.12990 12.03680 12.18040 12.08190 10.83190 10.76620 10.76760 10.78190 12.01960 12.12750 12.49260 12.71370 13.14750 13.31760 13.64660 14.08870 14.21570 13.22060 13.41420 13.89020 14.07650 14.54120 14.68530 14.97250 14.97940 16.44460 16.39020 16.15980 14.40980 14.39850 12.48090 12.32210 10.60100 10.36720 10.13730 9.93676 9.69853 9.58775 9.23235 8.81863 9.99069 8.42500 8.35588 7.07059 7.21373 7.24412 6.22206 5.10637 6.26667 6.25686 6.27157 6.27059 6.28971 4.72696
-9999 13.50490 13.50540 13.77010 13.69750 13.86030 13.76470 13.92940 14.20390 14.34900 14.35980 13.70150 13.68280 13.66230 13.52790 13.47450 14.78580 13.52110 13.40690 13.32160 13.41080 12.11960 12.06030 12.02650 11.91370 12.07840 12.02550 12.23480 12.24260 12.58190 12.89310 12.76370 13.31420 13.49560 13.98430 14.29020 14.79020 13.50000 13.65640 14.30640 14.27840 14.52700 14.57940 16.35290 16.32750 16.27160 14.47890 14.10880 12.47940 12.37840 10.13970 8.46324 8.59608 8.32892 8.16127 8.01814 9.17696 8.92794 8.70784 8.59020 8.60980 7.44657 6.37157 6.33971 6.27304 5.06765 6.45882 4.88824 6.21029 4.94706 3.69363 2.42157
-9999 14.48530 14.62060 14.60490 14.54260 14.54170 13.55640 13.58380 13.61720 14.10440 14.76670 14.64950 13.40980 14.74900 13.51230 13.46960 13.56420 13.34750 13.45340 13.16030 13.36620 12.15390 12.10640 12.17300 12.09800 13.30780 13.16810 12.27500 12.24750 13.63240 13.73280 13.98680 13.04710 13.43280 13.68920 13.88920 14.18090 14.47400 14.81960 13.67790 15.50880 15.75880 15.83530 15.87210 15.76420 15.68820 15.48630 13.73140 13.80390 11.85590 11.72890 10.12990 8.53971 6.84706 7.03382 8.14804 7.76569 7.69853 7.61127 7.56569 7.58333 6.39853 6.32549 6.60686 6.59216 5.03382 5.29314 5.13725 5.05294 5.04167 5.00343 3.59510
-9999 -9999 -9999 14.63770 14.70340 14.68430 14.70290 14.85340 15.01130 15.83430 15.61370 15.61720 14.55340 14.54260 14.56420 14.55340 14.83040 14.75100 14.77650 13.64410 13.54120 13.64460 13.62650 13.58190 13.50780 13.63040 13.23430 13.12500 13.44310 13.70290 13.75000 14.04900 14.25290 14.42110 14.47450 13.38820 13.57840 14.14170 14.46230 14.38280 14.64850 14.56030 14.86370 14.95740 15.04710 16.42110 15.07650 14.88970 13.55590 13.55540 11.86720 10.30740 8.45000 8.33088 8.28137 6.81225 7.91912 7.96127 7.76765 6.46225 7.81716 6.55784 6.65147 5.32500 5.20686 5.25392 6.76814 5.10833 5.14755 3.82402 3.78284 3.73775
-9999 -9999 -9999 -9999 -9999 -9999 14.68630 15.80640 15.62790 15.82990 15.66370 15.59410 15.77840 15.81910 15.99510 15.94850 14.81320 14.89020 14.96720 15.12890 15.12450 15.09460 15.02840 15.17890 14.97300 14.77250 14.55640 14.56230 14.46370 14.53190 14.79220 13.62550 13.96520 14.25780 14.36420 14.62250 13.61030 13.73190 13.85780 13.88480 14.11130 14.19220 14.17750 15.50780 15.69360 16.18090 16.32600 14.92110 14.83330 13.38480 12.00590 10.38190 8.62892 9.93578 8.25196 6.77206 7.88186 6.74069 5.26373 6.71127 5.39902 5.31520 5.19069 3.93235 5.46569 3.94951 5.28775 5.21520 3.84363 3.95931 3.76127 3.70441
-9999 -9999 -9999 -9999 -9999 -9999 16.62600 16.74360 16.69020 15.52110 16.79460 15.71910 15.94360 15.97060 15.95200 16.01860 16.36570 16.52250 16.64170 16.70780 16.88820 16.95440 16.72160 15.60740 15.43280 16.29510 15.91760 16.01270 15.91470 14.89170 14.87210 15.00340 15.09460 15.07750 14.27160 14.16860 14.18730 14.43580 14.61760 13.62940 14.78630 14.93380 15.13820 15.03480 15.59020 15.75100 16.02250 16.06080 16.58040 15.15340 13.72350 11.60290 11.37160 9.63578 9.56912 9.26667 9.21373 7.90686 7.90441 6.44657 5.26814 5.19461 5.24412 5.37843 3.90294 5.34461 5.24755 5.23235 5.02794 5.13529 3.88186 3.82696
-9999 -9999 -9999 -9999 -9999 -9999 -9999 -9999 -9999 -9999 16.38190 16.46960 16.77700 17.02700 17.64120 17.79560 16.94170 17.25440 18.48770 18.70340 18.82300 17.47400 17.47600 17.22600 16.90150 16.68140 16.47550 16.72500 16.22890 16.18240 16.04170 15.14020 15.22250 15.05640 15.32210 15.46420 15.66420 14.31080 14.47990 14.31810 14.24170 14.35980 14.29070 16.13480 16.17350 16.32840 16.67550 17.26720 16.06180 16.68330 16.59950 14.43040 13.60290 12.93920 11.41720 11.51760 11.47700 10.40340 10.48040 8.96863 9.20441 7.89804 7.99657 6.69706 6.71324 6.52647 6.59069 6.45490 5.02059 4.97990 5.03971 3.78676
-9999 -9999 -9999 -9999 -9999 -9999 -9999 -9999 -9999 -9999 17.26470 17.25880 16.26080 17.99510 18.50250 18.21030 19.12060 19.49510 19.73770 19.64900 19.54660 19.44310 18.92300 19.41520 18.83090 18.29850 18.10100 17.71520 17.50440 15.97790 16.06270 16.23330 16.29850 16.36910 15.08630 15.21570 15.41960 15.55690 15.53580 15.54710 15.73430 15.59220 15.82210 15.81420 16.02650 15.97210 16.20540 16.40290 16.58090 15.22110 15.05930 14.71130 13.12700 12.91030 12.81470 12.84510 11.55490 11.66760 11.49610 10.25740 10.46520 10.50100 9.01716 8.73284 8.87108 8.67255 7.47892 7.52451 7.48039 6.35490 4.93039 4.83137
-9999 -9999 -9999 -9999 -9999 -9999 -9999 -9999 -9999 -9999 -9999 -9999 17.25590 17.64460 18.94660 20.47300 21.82650 22.94710 22.49800 22.23140 21.66230 21.40780 21.18680 20.91620 20.13630 19.64710 19.34900 17.71230 17.03330 17.26370 17.21620 16.01370 16.24850 16.22450 16.17600 16.43770 16.54950 15.17060 15.25390 15.28240 15.26810 15.63090 15.68190 15.43040 15.72500 15.87400 15.98970 15.47450 15.65640 15.53970 14.28280 14.03770 14.21320 12.75440 12.47500 12.51760 12.58530 11.35540 11.34220 11.31960 10.02350 10.11810 9.81127 8.30049 8.41324 8.56716 8.55539 8.60441 8.52353 7.18529 6.06863 4.92304
-9999 -9999 -9999 -9999 -9999 -9999 -9999 -9999 -9999 -9999 -9999 -9999 18.71860 19.36670 20.38970 21.96620 23.23090 24.04900 23.91230 23.48480 23.16910 22.65980 22.53480 21.83530 21.29170 20.92110 19.15780 18.68530 18.30640 16.83140 16.87110 17.11130 17.14560 17.44220 16.22450 16.37600 16.51860 16.65590 16.45390 16.63630 16.71320 16.60150 17.21080 16.79120 16.89070 16.86760 16.88190 16.86080 15.52110 14.88580 15.09020 13.88870 13.59850 12.24710 12.51420 12.56720 12.62990 12.66230 11.23480 11.05440 10.75880 11.02060 9.99216 10.18870 9.81078 9.52598 9.57843 9.80539 8.64020 7.44216 6.09363 6.24118
-9999 -9999 -9999 -9999 -9999 -9999 -9999 -9999 -9999 -9999 -9999 18.37300 18.59020 20.40490 20.98820 20.57990 21.41860 21.68190 23.97400 23.99560 25.49560 24.37060 23.92990 23.12750 21.65050 21.06520 19.47550 18.70440 18.55540 18.24610 16.98870 16.98040 17.15340 17.46030 17.65250 17.50690 17.73630 17.57500 17.99800 17.95780 17.79170 17.80690 17.73770 16.45100 16.24510 16.60830 16.87890 16.83240 16.40780 16.24120 16.14900 14.82840 14.83580 13.68040 13.70740 13.88770 12.65740 12.55150 12.56320 12.66420 11.15340 11.34360 11.33630 11.44610 11.06570 9.75196 9.50147 9.86078 8.68578 7.44363 6.11127 6.32402
-9999 -9999 -9999 -9999 -9999 -9999 -9999 -9999 -9999 -9999 -9999 18.72940 19.35200 20.29170 21.10540 21.64900 22.20150 23.64260 24.80640 24.86180 24.79260 25.26720 24.86720 24.65050 22.93190 22.93090 20.64360 19.46080 19.51910 19.07500 17.55290 17.45390 17.64900 17.77210 17.74750 19.05740 19.10640 19.08580 17.71320 17.88330 19.14170 17.83820 17.69510 17.66910 17.83970 17.97210 17.83480 18.01620 17.89800 17.57790 16.10980 16.26420 16.35390 15.23430 15.13870 13.84900 13.85690 13.96030 14.12600 12.68870 12.40200 12.41320 12.46420 11.25440 11.16910 11.15640 10.76520 9.49608 8.20343 7.23137 7.42108 7.44118
