data/hydroclimate-scenarios/1948-2000.Pcorr55N_Pref_Tref/monthly_summaries/precip_monthly_tot_sep.asc
ncols	311
nrows	91
xllcenter	102.75
yllcenter	31.75
cellsize	0.5
NODATA_value	-9999
[rows 0 to 31 of 91, columns 71 to 141 of 311]
-9999 -9999 -9999 -9999 -9999 -9999 -9999 -9999 -9999 -9999 -9999 -9999 -9999 -9999 -9999 -9999 -9999 -9999 -9999 -9999 -9999 -9999 -9999 -9999 -9999 -9999 -9999 -9999 -9999 -9999 -9999 -9999 -9999 -9999 -9999 -9999 -9999 -9999 -9999 -9999 -9999 -9999 -9999 -9999 -9999 -9999 -9999 -9999 -9999 -9999 -9999 -9999 -9999 -9999 -9999 -9999 -9999 -9999 -9999 -9999 -9999 -9999 -9999 -9999 -9999 -9999 -9999 -9999 -9999 -9999 -9999
-9999 -9999 -9999 -9999 -9999 -9999 -9999 -9999 -9999 -9999 -9999 -9999 -9999 -9999 -9999 -9999 -9999 -9999 -9999 -9999 -9999 -9999 -9999 -9999 -9999 -9999 -9999 -9999 -9999 -9999 -9999 -9999 -9999 -9999 -9999 -9999 -9999 -9999 -9999 -9999 -9999 -9999 -9999 -9999 -9999 -9999 -9999 -9999 -9999 -9999 -9999 -9999 -9999 -9999 -9999 -9999 -9999 -9999 -9999 -9999 -9999 -9999 -9999 -9999 -9999 -9999 -9999 -9999 -9999 -9999 -9999
-9999 -9999 -9999 -9999 -9999 -9999 -9999 -9999 -9999 -9999 -9999 -9999 -9999 -9999 -9999 -9999 -9999 -9999 -9999 -9999 -9999 -9999 -9999 -9999 -9999 -9999 -9999 -9999 -9999 -9999 -9999 -9999 -9999 -9999 -9999 -9999 -9999 -9999 -9999 -9999 -9999 -9999 -9999 -9999 -9999 -9999 -9999 -9999 -9999 -9999 -9999 -9999 -9999 -9999 -9999 -9999 -9999 -9999 -9999 -9999 -9999 -9999 -9999 -9999 -9999 -9999 -9999 -9999 -9999 -9999 -9999
-9999 -9999 -9999 -9999 -9999 -9999 -9999 -9999 -9999 -9999 -9999 -9999 -9999 -9999 -9999 -9999 -9999 -9999 -9999 -9999 -9999 -9999 -9999 -9999 -9999 -9999 -9999 -9999 -9999 -9999 -9999 -9999 -9999 -9999 -9999 -9999 -9999 -9999 -9999 -9999 -9999 -9999 -9999 -9999 -9999 -9999 -9999 -9999 -9999 -9999 -9999 -9999 -9999 -9999 -9999 -9999 -9999 -9999 -9999 -9999 -9999 -9999 -9999 -9999 -9999 -9999 -9999 -9999 -9999 -9999 -9999
-9999 -9999 -9999 -9999 -9999 -9999 -9999 -9999 -9999 -9999 -9999 -9999 -9999 -9999 -9999 -9999 -9999 -9999 -9999 -9999 -9999 -9999 -9999 -9999 -9999 -9999 -9999 -9999 -9999 -9999 -9999 -9999 -9999 -9999 -9999 -9999 -9999 -9999 -9999 -9999 -9999 -9999 -9999 -9999 -9999 -9999 -9999 -9999 -9999 -9999 -9999 -9999 -9999 -9999 -9999 -9999 -9999 -9999 -9999 -9999 -9999 -9999 -9999 -9999 -9999 -9999 -9999 -9999 -9999 -9999 -9999
-9999 -9999 -9999 -9999 -9999 -9999 -9999 -9999 -9999 -9999 -9999 -9999 -9999 -9999 -9999 -9999 -9999 -9999 -9999 -9999 -9999 -9999 -9999 -9999 -9999 -9999 -9999 -9999 -9999 -9999 -9999 -9999 -9999 -9999 -9999 -9999 -9999 -9999 -9999 -9999 -9999 -9999 -9999 -9999 -9999 -9999 -9999 -9999 -9999 -9999 -9999 -9999 -9999 -9999 -9999 -9999 -9999 -9999 -9999 -9999 -9999 -9999 -9999 -9999 -9999 -9999 -9999 -9999 -9999 -9999 -9999
-9999 -9999 -9999 -9999 -9999 -9999 -9999 -9999 -9999 -9999 -9999 -9999 -9999 -9999 -9999 -9999 -9999 -9999 -9999 -9999 -9999 -9999 -9999 -9999 -9999 -9999 -9999 -9999 -9999 -9999 -9999 -9999 -9999 -9999 -9999 -9999 -9999 -9999 -9999 -9999 -9999 -9999 -9999 -9999 -9999 -9999 -9999 -9999 -9999 -9999 -9999 -9999 -9999 -9999 -9999 -9999 -9999 -9999 -9999 -9999 -9999 -9999 -9999 -9999 -9999 -9999 -9999 -9999 -9999 -9999 -9999
-9999 -9999 -9999 -9999 -9999 -9999 -9999 -9999 -9999 -9999 -9999 -9999 -9999 -9999 -9999 -9999 -9999 -9999 -9999 -9999 -9999 -9999 -9999 -9999 -9999 -9999 -9999 -9999 -9999 -9999 -9999 -9999 -9999 -9999 -9999 -9999 -9999 -9999 -9999 -9999 -9999 -9999 -9999 -9999 -9999 -9999 -9999 -9999 -9999 -9999 -9999 -9999 -9999 -9999 -9999 -9999 -9999 -9999 -9999 -9999 -9999 -9999 -9999 -9999 -9999 -9999 -9999 -9999 -9999 -9999 -9999
-9999 -9999 -9999 -9999 -9999 -9999 27.22930 -9999 -9999 -9999 -9999 -9999 -9999 -9999 -9999 -9999 -9999 -9999 -9999 -9999 -9999 -9999 -9999 -9999 -9999 -9999 -9999 -9999 -9999 -9999 -9999 -9999 -9999 -9999 -9999 -9999 -9999 -9999 -9999 -9999 -9999 -9999 -9999 -9999 -9999 -9999 -9999 -9999 -9999 -9999 -9999 -9999 -9999 -9999 -9999 -9999 -9999 -9999 -9999 -9999 -9999 -9999 -9999 -9999 -9999 -9999 -9999 -9999 -9999 -9999 -9999
-9999 -9999 24.50140 25.85100 26.13510 26.08990 26.48170 27.97740 27.96010 27.92160 27.64230 27.93220 27.82930 28.77550 28.39950 28.17740 28.05770 26.72640 26.69470 26.50380 26.40820 24.96440 -9999 -9999 -9999 -9999 -9999 -9999 -9999 -9999 -9999 -9999 -9999 -9999 -9999 -9999 -9999 -9999 -9999 -9999 -9999 -9999 -9999 -9999 -9999 -9999 -9999 -9999 -9999 -9999 -9999 -9999 -9999 -9999 -9999 -9999 -9999 -9999 -9999 -9999 -9999 -9999 -9999 -9999 -9999 -9999 -9999 -9999 -9999 -9999 -9999
-9999 -9999 -9999 -9999 26.84660 26.96830 27.05720 26.96920 27.07450 27.05530 28.37120 28.31540 28.66300 28.54900 28.35620 28.32310 27.99860 27.85820 27.81780 27.73750 27.77740 26.21680 -9999 -9999 -9999 -9999 -9999 -9999 -9999 -9999 -9999 -9999 -9999 -9999 -9999 -9999 -9999 -9999 -9999 -9999 -9999 -9999 -9999 -9999 -9999 -9999 -9999 -9999 -9999 -9999 -9999 -9999 -9999 -9999 -9999 -9999 -9999 -9999 -9999 -9999 -9999 -9999 -9999 -9999 -9999 -9999 -9999 -9999 -9999 -9999 -9999
24.43800 25.76150 26.03370 26.40100 26.15870 26.48890 26.42980 26.62020 26.49810 27.86920 27.65870 27.43800 27.60380 29.17070 29.26540 29.06010 28.93990 28.95580 28.93170 28.99570 28.78890 27.35050 26.10290 25.72740 24.40290 24.42980 23.08650 21.60870 -9999 -9999 -9999 -9999 -9999 -9999 -9999 -9999 -9999 -9999 -9999 -9999 -9999 -9999 -9999 -9999 -9999 -9999 -9999 -9999 -9999 -9999 -9999 -9999 -9999 -9999 -9999 -9999 -9999 -9999 -9999 -9999 -9999 -9999 -9999 -9999 -9999 -9999 -9999 -9999 -9999 -9999 -9999
25.40820 25.60870 25.75380 25.80000 25.88890 25.98460 26.02310 27.41970 26.87310 27.31060 27.19090 28.39470 28.39040 28.59950 28.65910 30.21780 30.13510 30.16970 30.31880 30.24570 30.10480 28.74130 27.09900 25.78700 25.66390 24.16970 24.11730 23.02360 22.88030 21.65480 21.58700 20.40000 20.26490 20.57400 19.50190 19.30910 18.87690 18.79570 17.49660 17.61590 17.48510 17.50530 17.54810 -9999 -9999 -9999 -9999 -9999 -9999 -9999 -9999 -9999 -9999 -9999 -9999 -9999 -9999 -9999 -9999 -9999 -9999 -9999 -9999 -9999 -9999 -9999 -9999 -9999 -9999 -9999 -9999
24.93890 24.94180 24.97400 25.22070 25.10340 26.38650 26.60960 26.63610 26.52070 26.68270 27.94330 27.89620 27.77740 29.43030 29.38560 29.56010 29.97310 29.93560 31.19660 31.04230 29.80530 28.42790 28.33460 27.23750 25.79760 25.45100 24.32210 24.00530 22.70290 22.80770 21.58170 21.80630 21.09860 19.87120 19.81390 19.66920 19.54900 18.59860 18.29860 18.35820 18.22930 18.47450 18.39520 18.48610 -9999 -9999 -9999 -9999 -9999 -9999 -9999 -9999 -9999 -9999 -9999 -9999 -9999 -9999 -9999 -9999 -9999 -9999 -9999 -9999 -9999 -9999 -9999 -9999 -9999 -9999 -9999
24.44380 24.23030 25.38080 25.19620 25.23320 25.31110 25.99040 26.11970 25.83560 27.21680 27.14180 27.07260 28.06730 28.28850 28.58650 30.04420 30.19130 30.59520 30.73370 30.44040 29.33510 29.12070 27.77310 26.63370 26.61250 25.20870 25.08700 23.64130 23.68800 22.05340 22.02260 21.93890 20.82840 20.66540 20.69280 20.62210 19.30380 19.25190 19.04130 19.07790 19.09520 18.89860 18.78940 18.61830 -9999 -9999 -9999 -9999 -9999 -9999 -9999 -9999 -9999 -9999 -9999 -9999 -9999 -9999 -9999 18.76970 19.23410 -9999 -9999 -9999 -9999 20.44090 20.63080 20.43800 21.92160 21.90670 22.98560
24.63220 24.95960 24.66920 24.73510 24.79280 24.47880 24.53700 24.67600 24.67880 25.71390 26.35000 26.32600 27.27210 27.20530 28.67210 28.96590 28.87550 29.19380 29.44950 30.21300 28.79570 28.63800 27.32690 26.90820 25.52600 25.39950 24.97840 24.90870 24.73990 23.45960 22.90870 21.61060 21.57550 21.49950 21.41010 20.11830 20.01730 19.91680 19.84470 19.71350 19.56590 19.06440 19.05240 18.93510 18.99130 18.94810 18.99280 19.93220 19.86390 20.12980 20.28800 20.30480 19.24810 19.44420 19.49810 19.52600 19.43850 19.43460 19.47070 19.40820 19.35820 -9999 -9999 -9999 -9999 -9999 21.45100 21.52450 22.67070 22.77400 24.15670
24.20870 24.19040 25.31680 25.13890 25.08270 25.10290 25.24040 24.95240 24.90140 24.87500 24.82210 25.86830 26.04180 27.30140 27.31780 28.78410 27.63650 28.35910 28.69380 28.78650 28.60630 27.88800 27.81590 26.47840 26.19420 26.20430 24.82020 24.69760 23.40380 23.07600 23.33410 22.05340 21.80530 22.30820 20.87840 20.99370 20.63700 20.55670 20.33170 20.42550 19.98120 19.82120 20.01540 19.93610 20.25290 20.33170 20.02120 20.80050 20.41350 20.45820 20.49520 20.50670 20.93800 20.73220 19.87160 19.81010 19.86540 19.77600 19.74330 18.76680 18.72070 19.84620 20.26440 20.03170 21.54900 21.87740 22.03800 23.61920 23.38560 22.80380 24.25100
24.86490 24.74760 24.71780 24.74950 24.55290 24.38460 24.35480 24.34040 24.27120 24.00340 24.00140 25.36200 25.21390 26.39330 27.44330 27.93220 28.06390 27.08560 27.58800 27.89810 27.98080 26.85430 26.78460 26.63130 25.70380 25.37070 25.24760 24.43170 24.17400 24.06010 22.82690 22.67310 22.53080 21.33890 21.13940 21.04380 21.05580 20.99900 21.08170 21.04180 21.07690 21.02120 20.90910 21.12500 21.50580 21.42360 20.93750 21.67880 21.36680 21.04130 21.13030 21.24330 21.16110 21.43030 21.09520 20.02880 20.06830 20.09810 20.01490 19.33170 19.36920 20.36150 20.20000 20.40430 21.67600 21.69900 23.23410 23.61830 23.47930 23.74900 24.94900
24.84660 24.99330 24.90140 25.23750 25.02310 24.92310 24.98170 23.52600 23.39900 23.28650 23.44520 24.12260 24.15480 25.03220 26.47640 26.82120 27.05140 26.26250 26.68170 27.01630 26.44280 26.49230 26.47120 26.51630 26.35770 26.19370 25.24520 25.25910 25.35100 24.06630 23.88890 23.72020 23.59040 22.27740 22.05000 21.92210 22.15770 21.96200 22.22450 22.18510 22.09130 21.97310 22.05340 21.91540 22.30870 21.82160 21.43890 22.11200 21.71150 21.45820 21.41490 21.64130 21.67500 21.57840 21.60380 21.51200 21.70380 20.80140 20.46250 20.80480 19.72210 20.65190 20.76350 21.98370 22.25820 22.63560 23.84420 24.50480 24.52400 24.63130 25.76250
25.83080 25.68650 25.46630 25.48610 25.38030 25.35100 24.06200 23.78990 22.72070 22.40240 22.73890 22.43610 23.29860 23.75580 25.08560 25.05820 25.21540 25.64330 26.06830 26.49900 26.76060 27.24420 27.50430 27.48030 27.49470 25.20670 25.11440 25.08510 23.82070 24.21540 24.18700 24.09570 22.97840 23.05530 23.09900 22.94330 22.68510 22.86440 22.75000 22.85580 22.87260 22.76490 22.88030 22.87160 22.46680 21.88890 22.65770 22.29470 21.96970 21.51200 22.32550 22.47210 22.67690 22.73650 22.85430 23.13030 22.11010 22.44180 22.48030 21.48650 21.38560 21.50670 22.50530 22.69900 24.23800 24.32880 24.82500 25.22020 25.92070 25.48220 26.62550
26.25820 26.29710 26.32260 26.25580 26.17790 24.84330 24.67160 23.49900 23.68170 22.48850 22.09900 21.78410 22.04280 22.45770 23.54570 24.89090 24.83320 24.82360 25.68990 26.27360 26.49860 27.09810 27.42690 26.82120 27.21250 27.02640 27.03270 27.09230 25.79810 25.53220 25.39420 24.32500 24.98220 24.90050 24.65620 24.49230 24.49330 24.22550 24.13320 24.04470 24.01200 24.08990 23.83080 23.99130 23.15000 23.59570 23.22740 22.94470 23.48800 23.15050 23.12930 24.20870 24.32070 24.47500 24.79420 24.99230 23.79040 24.10290 24.48560 23.55670 23.56880 23.46250 24.51970 24.82690 26.33270 26.28220 26.71390 27.12310 27.65190 27.83750 27.91590
28.00720 28.13890 28.16110 27.96830 26.84470 25.82400 25.85240 24.70870 23.34230 23.23560 22.03170 22.16780 22.32980 23.53940 23.89470 23.79040 24.29420 24.21440 25.45530 25.76060 26.25240 27.92360 28.66200 28.90480 29.07550 29.06540 29.08170 28.86390 27.56010 27.48890 26.39230 26.01110 25.52500 25.71490 26.03080 26.04860 25.78370 25.82120 26.88130 26.59180 26.72070 26.95290 26.56880 25.84570 25.07020 24.68560 24.25870 23.86250 24.71590 25.26970 24.72980 24.77400 24.84230 25.66150 26.16780 26.48460 25.69090 25.91300 26.41540 26.50960 26.54760 26.46730 26.82260 27.08220 28.32260 28.40190 27.63460 28.05340 28.74810 29.00340 29.18890
30.23610 30.03560 29.90870 28.79760 28.69520 27.57600 26.56300 25.53610 24.15480 23.07070 23.16730 22.23700 23.43220 23.80580 23.70620 25.29090 25.23130 24.67310 24.81200 25.89040 26.28370 26.67360 28.46780 30.18170 30.54180 30.83800 30.99900 29.67260 29.36010 27.80480 27.57310 27.57400 26.36730 26.89420 26.83320 26.77310 28.33120 27.88170 28.33990 29.01780 29.24180 29.06060 29.04860 27.10140 26.27600 25.95140 25.31010 25.57790 25.33750 25.88220 26.30140 26.20340 26.36870 26.56870 27.61870 28.07120 28.24900 27.68990 27.92120 28.42840 28.45480 28.48890 28.53170 30.13750 30.16150 30.36440 29.65000 30.34520 29.48610 29.92600 30.38750
32.23700 32.02550 31.95430 31.87840 30.71300 29.38800 27.35670 26.13460 25.28030 23.92400 23.28460 23.25770 23.43800 23.65580 24.78890 25.01680 25.21060 26.52500 25.86250 25.88990 26.03750 27.40670 27.95140 30.59420 31.07880 31.55480 31.73850 31.88800 30.64950 29.31010 29.11010 28.96630 28.55050 28.34660 28.09380 28.74810 28.98220 29.90190 30.15050 30.99180 31.31780 31.36200 30.93560 30.51060 28.70380 27.92550 27.15140 27.75480 27.12550 27.58800 28.21200 27.93890 28.91540 29.05050 29.34760 29.78850 30.11150 30.29280 30.64230 30.91590 31.31920 31.49520 31.69420 31.76680 31.90670 32.27600 31.36730 30.97260 31.45000 31.04280 31.58940
35.15960 34.97450 34.78030 33.47980 32.69660 31.56970 29.22790 28.29380 25.83990 24.96250 23.88940 24.25340 24.36780 24.63610 25.80530 25.85000 25.97690 26.30000 26.23030 26.47690 26.58460 27.74900 28.15820 29.74860 30.93940 31.37210 31.61060 31.49760 30.52120 30.54180 29.46150 29.32500 29.15100 28.82930 29.87550 29.81870 30.54810 31.61490 32.83130 32.86440 33.44520 33.28940 32.57500 32.39810 32.02840 30.04040 29.53750 28.86730 29.12790 29.55770 29.87450 29.95670 30.44620 30.50820 30.74950 31.28890 31.69570 31.62600 32.04710 32.59620 32.83370 33.31200 33.64520 33.55620 34.83170 33.97310 33.47160 33.01780 32.73940 32.61630 33.35720
38.00380 37.79180 36.88080 36.61730 35.66150 33.73460 32.44660 30.35960 28.20910 26.02500 25.22070 25.51490 25.41440 26.43080 26.64370 26.67690 27.06110 26.89090 26.92260 26.86970 26.98370 28.32880 29.55050 30.76830 30.97880 30.96590 32.60240 31.70870 32.01010 30.67640 30.71300 30.98510 30.78940 30.74280 30.45960 31.46350 32.57310 33.87500 35.15910 34.90240 36.36970 36.22550 36.13220 35.77500 34.30100 32.78220 32.02880 31.93030 32.44040 31.45050 31.42160 31.86680 32.66250 32.90670 33.08270 33.47070 33.89130 33.35770 33.97500 34.28080 34.42500 34.80910 35.40720 35.78460 35.80240 35.34520 34.59520 34.26200 33.78410 34.21880 34.98650
41.13650 40.97930 39.65580 38.58030 37.52600 36.44370 34.35190 32.27980 30.42790 28.59950 27.72930 27.88080 28.87160 28.93460 29.54860 29.56250 29.78220 29.63030 29.60580 29.53850 29.49520 30.58170 31.93170 31.82360 32.89130 32.39660 32.56920 32.83220 33.17360 32.40620 32.34860 32.26630 32.14280 32.25770 32.07980 33.42400 34.75870 35.73800 36.71920 39.13460 39.20290 39.51590 39.40100 38.95670 37.37260 35.74370 35.37740 35.18560 34.53460 34.42120 34.32500 33.46970 34.09370 34.31110 34.82600 35.33890 35.74370 36.30870 36.39520 36.22690 36.24660 36.74810 37.35960 38.13320 37.29370 38.02690 37.22840 35.99380 36.47790 36.19760 38.14040
43.69130 43.80050 42.71060 41.78410 41.11830 40.31540 38.66440 37.91110 35.03370 33.04230 31.19950 32.51060 32.58940 33.47310 33.15430 32.93850 32.73370 32.91730 31.93940 31.76440 32.89620 33.19280 34.23800 35.06830 35.13170 34.66490 34.31880 34.56630 34.86490 33.59710 33.37640 33.03800 33.52880 33.62450 34.01830 34.94760 36.34570 37.28610 39.27120 42.00530 43.06250 42.87070 42.75480 42.62020 41.27310 39.46920 38.76350 38.01970 37.34380 37.22840 36.50670 36.89620 36.40670 36.46970 36.90620 38.32310 37.87070 38.36440 38.84520 39.00910 38.50770 39.06110 40.21970 39.28370 38.66490 39.57840 39.13370 38.78320 39.67740 39.13750 39.97550
46.01920 47.29520 46.57840 45.85960 44.94180 44.25380 43.50340 41.71630 39.84570 39.10140 36.74090 36.59660 36.44130 35.90290 35.91920 35.75240 35.57360 34.48750 34.52690 34.48610 35.80000 36.02930 37.32930 37.79660 38.27740 37.89180 37.54660 37.31920 38.40050 37.06060 35.49900 35.59230 34.65190 34.92790 35.00380 35.30480 37.59760 39.49130 41.93850 44.12020 46.86490 47.51590 47.31870 46.16780 44.70480 43.27600 42.62550 41.80770 40.74710 39.98800 39.48700 39.06780 39.97740 40.03750 39.96540 40.29810 41.08460 40.04180 40.66250 40.12640 41.31390 41.98940 41.57020 41.69760 41.24280 40.46490 41.74330 42.67690 42.53990 43.74470 44.42400
47.78940 48.70190 48.85630 49.37790 48.62120 47.87400 47.01110 46.68220 44.63030 43.92600 42.19950 40.89520 40.79330 39.44810 39.43700 39.37310 37.89090 38.04280 36.83560 37.02400 38.58890 40.31250 40.55480 41.85190 41.69280 41.38850 39.23510 38.73370 39.88320 38.24380 37.97930 38.00190 36.90670 37.31200 37.28940 38.67690 40.03120 42.32070 44.27400 46.75100 49.78410 52.61350 52.00050 50.59230 48.45620 46.85960 46.27210 44.38270 43.64860 42.98610 -9999 -9999 42.27120 42.26680 42.10050 42.34860 42.67120 42.45580 43.36300 43.53560 44.31200 43.88650 44.09380 43.35240 43.70190 42.68560 43.38560 44.82980 46.47840 45.96880 46.85720
48.28170 50.96250 51.54810 51.57400 52.16970 52.01590 50.90530 51.10910 49.25190 48.20000 46.40620 45.31150 45.32070 43.97790 44.19760 42.85870 41.23510 41.39230 40.14370 40.51440 42.37160 43.50290 44.32070 45.18220 43.58220 43.18610 41.39520 40.78270 39.17360 40.02640 39.29380 40.46250 40.79620 39.82690 41.06350 41.13890 43.24130 46.27840 49.61730 -9999 -9999 -9999 -9999 55.24660 -9999 50.68940 49.08030 47.16590 46.45480 46.28370 -9999 -9999 44.68320 44.63410 43.80430 43.74620 44.20720 45.52120 45.38270 46.64180 45.82400 46.30050 45.36390 45.90240 46.04130 45.22690 45.73890 47.65430 48.23080 49.25530 50.54810
51.02980 52.01920 54.72640 54.93410 55.36680 55.58890 54.73990 54.82690 54.81730 52.83890 50.95910 50.27120 49.32600 48.10770 48.23170 47.57980 45.96540 44.96150 44.76490 45.34040 45.82020 47.13410 48.89760 49.59470 49.18510 47.50670 44.68370 42.17160 42.97400 43.33030 42.99860 43.89900 44.03650 44.32360 44.53370 45.27880 47.63890 -9999 -9999 -9999 -9999 -9999 -9999 -9999 56.53610 55.00870 53.43460 -9999 -9999 -9999 -9999 -9999 47.64810 46.66490 46.88940 46.85910 46.70960 47.63220 48.94620 48.07640 48.21440 48.88080 48.01970 48.43320 48.35290 47.19470 50.00380 51.10430 51.47600 52.72070 -9999
