data/hydroclimate-scenarios/1948-2000.Pcorr55N_Pref_Tref/monthly_summaries/precip_monthly_tot_sep.1950-2000.asc
ncols	311
nrows	91
xllcenter	102.75
yllcenter	31.75
cellsize	0.5
NODATA_value	-9999
[rows 0 to 31 of 91, columns 71 to 141 of 311]
-9999 -9999 -9999 -9999 -9999 -9999 -9999 -9999 -9999 -9999 -9999 -9999 -9999 -9999 -9999 -9999 -9999 -9999 -9999 -9999 -9999 -9999 -9999 -9999 -9999 -9999 -9999 -9999 -9999 -9999 -9999 -9999 -9999 -9999 -9999 -9999 -9999 -9999 -9999 -9999 -9999 -9999 -9999 -9999 -9999 -9999 -9999 -9999 -9999 -9999 -9999 -9999 -9999 -9999 -9999 -9999 -9999 -9999 -9999 -9999 -9999 -9999 -9999 -9999 -9999 -9999 -9999 -9999 -9999 -9999 -9999
-9999 -9999 -9999 -9999 -9999 -9999 -9999 -9999 -9999 -9999 -9999 -9999 -9999 -9999 -9999 -9999 -9999 -9999 -9999 -9999 -9999 -9999 -9999 -9999 -9999 -9999 -9999 -9999 -9999 -9999 -9999 -9999 -9999 -9999 -9999 -9999 -9999 -9999 -9999 -9999 -9999 -9999 -9999 -9999 -9999 -9999 -9999 -9999 -9999 -9999 -9999 -9999 -9999 -9999 -9999 -9999 -9999 -9999 -9999 -9999 -9999 -9999 -9999 -9999 -9999 -9999 -9999 -9999 -9999 -9999 -9999
-9999 -9999 -9999 -9999 -9999 -9999 -9999 -9999 -9999 -9999 -9999 -9999 -9999 -9999 -9999 -9999 -9999 -9999 -9999 -9999 -9999 -9999 -9999 -9999 -9999 -9999 -9999 -9999 -9999 -9999 -9999 -9999 -9999 -9999 -9999 -9999 -9999 -9999 -9999 -9999 -9999 -9999 -9999 -9999 -9999 -9999 -9999 -9999 -9999 -9999 -9999 -9999 -9999 -9999 -9999 -9999 -9999 -9999 -9999 -9999 -9999 -9999 -9999 -9999 -9999 -9999 -9999 -9999 -9999 -9999 -9999
-9999 -9999 -9999 -9999 -9999 -9999 -9999 -9999 -9999 -9999 -9999 -9999 -9999 -9999 -9999 -9999 -9999 -9999 -9999 -9999 -9999 -9999 -9999 -9999 -9999 -9999 -9999 -9999 -9999 -9999 -9999 -9999 -9999 -9999 -9999 -9999 -9999 -9999 -9999 -9999 -9999 -9999 -9999 -9999 -9999 -9999 -9999 -9999 -9999 -9999 -9999 -9999 -9999 -9999 -9999 -9999 -9999 -9999 -9999 -9999 -9999 -9999 -9999 -9999 -9999 -9999 -9999 -9999 -9999 -9999 -9999
-9999 -9999 -9999 -9999 -9999 -9999 -9999 -9999 -9999 -9999 -9999 -9999 -9999 -9999 -9999 -9999 -9999 -9999 -9999 -9999 -9999 -9999 -9999 -9999 -9999 -9999 -9999 -9999 -9999 -9999 -9999 -9999 -9999 -9999 -9999 -9999 -9999 -9999 -9999 -9999 -9999 -9999 -9999 -9999 -9999 -9999 -9999 -9999 -9999 -9999 -9999 -9999 -9999 -9999 -9999 -9999 -9999 -9999 -9999 -9999 -9999 -9999 -9999 -9999 -9999 -9999 -9999 -9999 -9999 -9999 -9999
-9999 -9999 -9999 -9999 -9999 -9999 -9999 -9999 -9999 -9999 -9999 -9999 -9999 -9999 -9999 -9999 -9999 -9999 -9999 -9999 -9999 -9999 -9999 -9999 -9999 -9999 -9999 -9999 -9999 -9999 -9999 -9999 -9999 -9999 -9999 -9999 -9999 -9999 -9999 -9999 -9999 -9999 -9999 -9999 -9999 -9999 -9999 -9999 -9999 -9999 -9999 -9999 -9999 -9999 -9999 -9999 -9999 -9999 -9999 -9999 -9999 -9999 -9999 -9999 -9999 -9999 -9999 -9999 -9999 -9999 -9999
-9999 -9999 -9999 -9999 -9999 -9999 -9999 -9999 -9999 -9999 -9999 -9999 -9999 -9999 -9999 -9999 -9999 -9999 -9999 -9999 -9999 -9999 -9999 -9999 -9999 -9999 -9999 -9999 -9999 -9999 -9999 -9999 -9999 -9999 -9999 -9999 -9999 -9999 -9999 -9999 -9999 -9999 -9999 -9999 -9999 -9999 -9999 -9999 -9999 -9999 -9999 -9999 -9999 -9999 -9999 -9999 -9999 -9999 -9999 -9999 -9999 -9999 -9999 -9999 -9999 -9999 -9999 -9999 -9999 -9999 -9999
-9999 -9999 -9999 -9999 -9999 -9999 -9999 -9999 -9999 -9999 -9999 -9999 -9999 -9999 -9999 -9999 -9999 -9999 -9999 -9999 -9999 -9999 -9999 -9999 -9999 -9999 -9999 -9999 -9999 -9999 -9999 -9999 -9999 -9999 -9999 -9999 -9999 -9999 -9999 -9999 -9999 -9999 -9999 -9999 -9999 -9999 -9999 -9999 -9999 -9999 -9999 -9999 -9999 -9999 -9999 -9999 -9999 -9999 -9999 -9999 -9999 -9999 -9999 -9999 -9999 -9999 -9999 -9999 -9999 -9999 -9999
-9999 -9999 -9999 -9999 -9999 -9999 27.58820 -9999 -9999 -9999 -9999 -9999 -9999 -9999 -9999 -9999 -9999 -9999 -9999 -9999 -9999 -9999 -9999 -9999 -9999 -9999 -9999 -9999 -9999 -9999 -9999 -9999 -9999 -9999 -9999 -9999 -9999 -9999 -9999 -9999 -9999 -9999 -9999 -9999 -9999 -9999 -9999 -9999 -9999 -9999 -9999 -9999 -9999 -9999 -9999 -9999 -9999 -9999 -9999 -9999 -9999 -9999 -9999 -9999 -9999 -9999 -9999 -9999 -9999 -9999 -9999
-9999 -9999 24.80390 26.17250 26.45980 26.41910 26.81570 28.33430 28.31960 28.28190 28.02350 28.33680 28.24120 29.20000 28.81810 28.59170 28.47110 27.12300 27.09510 26.90290 26.79850 25.32350 -9999 -9999 -9999 -9999 -9999 -9999 -9999 -9999 -9999 -9999 -9999 -9999 -9999 -9999 -9999 -9999 -9999 -9999 -9999 -9999 -9999 -9999 -9999 -9999 -9999 -9999 -9999 -9999 -9999 -9999 -9999 -9999 -9999 -9999 -9999 -9999 -9999 -9999 -9999 -9999 -9999 -9999 -9999 -9999 -9999 -9999 -9999 -9999 -9999
-9999 -9999 -9999 -9999 27.16720 27.29260 27.38530 27.29950 27.40540 27.38920 28.74460 28.71960 29.08870 28.98870 28.79310 28.75930 28.42890 28.28770 28.25200 28.16760 28.19950 26.60830 -9999 -9999 -9999 -9999 -9999 -9999 -9999 -9999 -9999 -9999 -9999 -9999 -9999 -9999 -9999 -9999 -9999 -9999 -9999 -9999 -9999 -9999 -9999 -9999 -9999 -9999 -9999 -9999 -9999 -9999 -9999 -9999 -9999 -9999 -9999 -9999 -9999 -9999 -9999 -9999 -9999 -9999 -9999 -9999 -9999 -9999 -9999 -9999 -9999
24.71760 26.05440 26.33040 26.70100 26.45540 26.79020 26.73430 26.92840 26.80690 28.19750 28.00590 27.82300 28.00880 29.61620 29.73580 29.52840 29.40540 29.42110 29.40150 29.45980 29.24260 27.77600 26.50250 26.11860 24.76670 24.78680 23.41810 21.91520 -9999 -9999 -9999 -9999 -9999 -9999 -9999 -9999 -9999 -9999 -9999 -9999 -9999 -9999 -9999 -9999 -9999 -9999 -9999 -9999 -9999 -9999 -9999 -9999 -9999 -9999 -9999 -9999 -9999 -9999 -9999 -9999 -9999 -9999 -9999 -9999 -9999 -9999 -9999 -9999 -9999 -9999 -9999
25.68480 25.88730 26.03380 26.07940 26.16860 26.26620 26.30490 27.72160 27.17010 27.61520 27.51570 28.78040 28.79900 29.03140 29.10980 30.71470 30.64070 30.67160 30.82990 30.74560 30.59660 29.20640 27.53140 26.19170 26.06030 24.53680 24.47890 23.36370 23.21230 21.96470 21.88870 20.68280 20.54220 20.84710 19.74900 19.54260 19.09610 19.00930 17.69310 17.81080 17.67790 17.69510 17.73870 -9999 -9999 -9999 -9999 -9999 -9999 -9999 -9999 -9999 -9999 -9999 -9999 -9999 -9999 -9999 -9999 -9999 -9999 -9999 -9999 -9999 -9999 -9999 -9999 -9999 -9999 -9999 -9999
25.19850 25.20150 25.23090 25.47890 25.36230 26.65830 26.88430 26.91270 26.79750 26.96270 28.26080 28.25640 28.17400 29.86720 29.84020 30.03970 30.47890 30.45930 31.73820 31.57600 30.31230 28.90640 28.80290 27.68040 26.21180 25.85440 24.70340 24.37450 23.04710 23.14800 21.89750 22.12060 21.39800 20.14410 20.07500 19.91760 19.79120 18.82600 18.52110 18.57990 18.44750 18.69460 18.61230 18.70100 -9999 -9999 -9999 -9999 -9999 -9999 -9999 -9999 -9999 -9999 -9999 -9999 -9999 -9999 -9999 -9999 -9999 -9999 -9999 -9999 -9999 -9999 -9999 -9999 -9999 -9999 -9999
24.68280 24.46720 25.62940 25.44260 25.47790 25.55490 26.24170 26.37550 26.08870 27.48730 27.43280 27.40540 28.45830 28.70540 29.02550 30.52700 30.69610 31.12790 31.27990 30.98090 29.84750 29.62500 28.24900 27.08330 27.05780 25.62450 25.49510 24.02110 24.06130 22.39660 22.35980 22.26960 21.13330 20.95740 20.97750 20.89750 19.56230 19.50690 19.29170 19.32750 19.34120 19.14070 19.02750 18.85290 -9999 -9999 -9999 -9999 -9999 -9999 -9999 -9999 -9999 -9999 -9999 -9999 -9999 -9999 -9999 18.96860 19.43770 -9999 -9999 -9999 -9999 20.67790 20.87400 20.68530 22.19460 22.18680 23.28480
24.85880 25.19120 24.89710 24.96320 25.02060 24.70050 24.75980 24.90150 24.90490 25.95340 26.61720 26.63430 27.63430 27.59850 29.10690 29.42650 29.35250 29.68870 29.96080 30.74900 29.31320 29.15250 27.80980 27.37890 25.96760 25.83280 25.40000 25.32110 25.14560 23.83870 23.27250 21.94750 21.90290 21.81570 21.71860 20.40540 20.30100 20.19660 20.12250 19.98680 19.83680 19.32550 19.31320 19.19170 19.24660 19.19850 19.24120 20.18140 20.08920 20.37890 20.55490 20.56620 19.49360 19.68920 19.74020 19.76620 19.67350 19.66960 19.70490 19.63970 19.59220 -9999 -9999 -9999 -9999 -9999 21.73730 21.81420 22.98580 23.10100 24.50780
24.41910 24.40050 25.53630 25.35490 25.29710 25.31620 25.45440 25.16520 25.11470 25.08770 25.05540 26.15340 26.37300 27.69220 27.72650 29.23530 28.08190 28.82790 29.18040 29.28870 29.11270 28.38630 28.32060 26.95830 26.66320 26.66760 25.25440 25.12350 23.80200 23.46180 23.72010 22.41030 22.14660 22.65000 21.19610 21.31180 20.95050 20.86670 20.63770 20.73090 20.27600 20.11270 20.30740 20.22650 20.54460 20.61910 20.29660 21.06570 20.65250 20.70100 20.75690 20.78870 21.23380 21.02210 20.14660 20.07990 20.13380 20.03920 20.00590 19.01570 18.96960 20.11270 20.54070 20.31320 21.85640 22.19510 22.36320 23.97210 23.74260 23.15880 24.63870
25.06860 24.94900 24.91910 24.94750 24.74900 24.57750 24.54750 24.53280 24.46180 24.19460 24.21320 25.62550 25.51910 26.75640 27.84850 28.35880 28.50440 27.52450 28.04510 28.37300 28.46720 27.32840 27.26320 27.11270 26.17300 25.83530 25.70390 24.86620 24.59900 24.47890 23.21860 23.05200 22.89850 21.68530 21.47990 21.38240 21.39310 21.33530 21.41760 21.37500 21.40830 21.35000 21.23630 21.45250 21.83380 21.74610 21.23480 21.96370 21.62450 21.28580 21.39460 21.52750 21.46270 21.75100 21.41720 20.32990 20.36620 20.39460 20.30830 19.61570 19.65390 20.66570 20.50640 20.72060 22.01910 22.04660 23.61080 24.00690 23.86760 24.13090 25.33870
25.03630 25.18190 25.08870 25.42550 25.20930 25.10740 25.16670 23.69560 23.57010 23.45690 23.63630 24.35880 24.43430 25.36130 26.85200 27.21720 27.46270 26.67400 27.11370 27.46470 26.89310 26.95200 26.93580 26.98730 26.84510 26.67790 25.71080 25.72500 25.81130 24.49950 24.31270 24.12890 23.99410 22.65740 22.43820 22.30780 22.53330 22.33240 22.59800 22.55640 22.46030 22.33770 22.41720 22.27450 22.67110 22.16030 21.75390 22.41080 21.98190 21.70250 21.67450 21.92350 21.97890 21.89850 21.94170 21.86370 22.05780 21.13770 20.79170 21.13920 20.04070 20.99070 21.11180 22.37060 22.64410 23.02110 24.23580 24.89170 24.89560 24.99360 26.12940
26.01230 25.86520 25.64310 25.66320 25.55390 25.52400 24.22250 23.94750 22.87060 22.55200 22.90930 22.64120 23.54950 24.03870 25.41030 25.40830 25.58870 26.03480 26.47840 26.92750 27.20540 27.70830 27.98090 27.96030 27.98970 25.67160 25.57750 25.54750 24.26470 24.66520 24.62840 24.53330 23.39360 23.47010 23.52250 23.36370 23.08920 23.26960 23.15150 23.25740 23.27250 23.16080 23.27790 23.26720 22.84360 22.23920 22.99850 22.60490 22.25200 21.76620 22.59170 22.76130 22.98730 23.06810 23.20690 23.50780 22.48580 22.83190 22.87060 21.85980 21.76030 21.89360 22.90250 23.08530 24.63330 24.71180 25.20100 25.58380 26.27890 25.82210 26.97010
26.42840 26.46620 26.49020 26.42060 26.34360 24.99710 24.82300 23.64120 23.82600 22.62350 22.25050 21.96720 22.25690 22.70100 23.82650 25.21230 25.17350 25.18530 26.08240 26.68730 26.93090 27.55200 27.90590 27.28820 27.68770 27.50390 27.51570 27.58040 26.26910 25.99410 25.85150 24.77890 25.45290 25.37210 25.12060 24.95150 24.95150 24.67650 24.58190 24.48970 24.45440 24.53140 24.26620 24.41960 23.54850 23.98090 23.58580 23.27210 23.79900 23.43040 23.39750 24.51230 24.64710 24.82400 25.17010 25.39120 24.19220 24.52600 24.90050 23.95880 23.97250 23.85250 24.92700 25.22550 26.73040 26.66180 27.07990 27.47750 27.99610 28.17160 28.23730
28.17250 28.30290 28.32350 28.12700 26.99850 25.96910 25.99610 24.84310 23.46910 23.36030 22.16810 22.32890 22.51810 23.76720 24.15100 24.06910 24.60440 24.54260 25.82160 26.15250 26.66810 28.37990 29.15050 29.39800 29.57550 29.57110 29.59310 29.37700 28.02010 27.90490 26.79070 26.44260 25.98530 26.18240 26.51030 26.53430 26.27110 26.31320 27.40000 27.10640 27.23530 27.47010 27.07300 26.31810 25.51180 25.10050 24.63970 24.21180 25.05100 25.58190 25.00780 25.07250 25.16520 26.01810 26.55440 26.90100 26.11670 26.33630 26.83090 26.90690 26.94900 26.86720 27.23090 27.46620 28.71030 28.77160 27.97500 28.38240 29.06670 29.31130 29.48380
30.39850 30.19410 30.06620 28.94560 28.84120 27.71370 26.69260 25.65740 24.26270 23.19260 23.31570 22.37350 23.60290 24.00540 23.93040 25.55740 25.52600 24.98580 25.14660 26.25980 26.67940 27.09660 28.93430 30.68580 31.06130 31.36670 31.52300 30.12790 29.76570 28.14660 27.91080 27.95100 26.76810 27.34220 27.30740 27.25200 28.84310 28.39260 28.86230 29.55740 29.79220 29.61320 29.60880 27.60590 26.74660 26.39070 25.71520 25.95780 25.68630 26.21030 26.60440 26.51080 26.70390 26.92990 28.01810 28.50250 28.67500 28.10250 28.32110 28.81960 28.82550 28.86180 28.90590 30.52550 30.53430 30.71760 29.97600 30.65930 29.77210 30.20290 30.65830
32.38330 32.16370 32.08580 32.00390 30.82840 29.49310 27.44900 26.21860 25.43240 24.13530 23.51370 23.47110 23.63430 23.83730 24.99510 25.25250 25.47550 26.83280 26.18630 26.23380 26.40490 27.81470 28.39020 31.09660 31.59660 32.04510 32.18530 32.28820 30.98630 29.58920 29.38630 29.28240 28.90200 28.73680 28.52160 29.22400 29.48140 30.42500 30.68280 31.54460 31.88380 31.93430 31.50740 31.08380 29.22210 28.40490 27.59260 28.17750 27.50930 27.94950 28.54900 28.25930 29.26910 29.43280 29.76080 30.20290 30.52500 30.69950 31.03430 31.29360 31.68480 31.84120 32.04410 32.11810 32.25690 32.60590 31.66760 31.25150 31.71420 31.28820 31.82940
35.26620 35.07500 34.87350 33.56470 32.77250 31.63770 29.34170 28.48330 26.08580 25.26910 24.20690 24.55880 24.65640 24.90830 26.07110 26.09750 26.22060 26.57450 26.53040 26.80490 26.93680 28.13530 28.57400 30.20930 31.42600 31.76720 31.96130 31.80150 30.76720 30.74170 29.65200 29.55780 29.42650 29.14260 30.24310 30.22890 31.01180 32.14070 33.38480 33.42650 34.02160 33.87010 33.15250 32.97790 32.60590 30.55880 30.02550 29.31420 29.55100 29.95590 30.24020 30.28770 30.80780 30.90100 31.13770 31.67650 32.08280 32.00200 32.40740 32.94410 33.16670 33.63330 33.94750 33.86080 35.14360 34.27160 33.74710 33.27110 32.97650 32.83280 33.56860
38.06230 37.84170 36.92400 36.65540 35.72750 33.88820 32.68380 30.66570 28.57300 26.43680 25.64510 25.92350 25.80000 26.81270 27.00930 27.02300 27.39310 27.20000 27.21230 27.17600 27.31370 28.69710 29.95590 31.21320 31.45290 31.40290 32.95880 31.96180 32.16810 30.78330 30.81860 31.13820 30.98730 30.98380 30.74260 31.80200 32.97010 34.33920 35.69120 35.46860 36.96670 36.82550 36.73040 36.37110 34.87250 33.32940 32.53920 32.41520 32.90590 31.87750 31.81180 32.22450 33.03580 33.27550 33.44750 33.83530 34.25250 33.70150 34.30250 34.59310 34.71860 35.08820 35.67550 36.03680 36.05050 35.58870 34.83040 34.48280 33.98430 34.40290 35.16080
41.13820 40.97350 39.64360 38.67450 37.72010 36.73190 34.71910 32.71670 30.83730 28.98240 28.08970 28.22250 29.20250 29.24510 29.84360 29.83820 30.03970 29.86810 29.88920 29.86720 29.83480 30.94850 32.34020 32.25340 33.36180 32.88190 32.97600 33.14020 33.38190 32.51320 32.44610 32.40880 32.33190 32.49410 32.36080 33.76720 35.16860 36.21270 37.26370 39.75200 39.79460 40.11230 39.99710 39.54610 37.94020 36.28530 35.89750 35.67500 34.98480 34.83770 34.70830 33.81860 34.45880 34.67300 35.18870 35.69950 36.10200 36.65440 36.72110 36.52990 36.53330 37.01670 37.61470 38.38040 37.50490 38.21470 37.41130 36.16570 36.64560 36.34460 38.28280
43.62750 43.81320 42.84220 41.91180 41.24220 40.43530 38.78140 38.02500 35.13730 33.13970 31.28090 32.57450 32.63040 33.56670 33.29660 33.13330 32.97650 33.21520 32.27890 32.15100 33.28280 33.58090 34.65200 35.50690 35.59850 35.14850 34.79900 34.94360 35.13380 33.78280 33.57940 33.25200 33.79560 33.94460 34.39310 35.38480 36.85540 37.86520 39.87940 42.63190 43.66760 43.44660 43.32990 43.19260 41.82650 40.00150 39.25780 38.47790 37.76080 37.60780 36.86960 37.28280 36.81230 36.86420 37.29950 38.72450 38.26080 38.73630 39.19950 39.34260 38.81720 39.35880 40.51570 39.54120 38.88430 39.77500 39.29850 38.92010 39.79170 39.24610 40.06370
46.00100 47.28190 46.56810 45.84900 44.93140 44.24360 43.49360 41.70880 39.83580 39.09360 36.72700 36.62350 36.52350 36.03920 36.11230 35.99900 35.87600 34.83630 34.92990 34.92210 36.23580 36.45590 37.77650 38.25830 38.75830 38.38380 38.06180 37.78330 38.75440 37.38820 35.83430 35.93870 35.00390 35.33630 35.46860 35.82890 38.19070 40.09220 42.55250 44.74220 47.48280 48.08280 47.87400 46.70880 45.23040 43.77350 43.08380 42.22500 41.11860 40.36620 39.88140 39.48090 40.42500 40.49850 40.40290 40.73280 41.51570 40.43730 41.04120 40.48040 41.66670 42.33380 41.87550 41.97160 41.48190 40.66810 41.92350 42.83140 42.66570 43.84560 44.50540
47.89660 48.84410 49.01570 49.53970 48.77790 48.02890 47.16230 46.83280 44.77350 44.06520 42.28280 41.00640 40.93530 39.63630 39.68530 39.68480 38.25340 38.46670 37.30540 37.50540 39.07350 40.80150 41.03970 42.36230 42.21080 41.91520 39.74170 39.25150 40.34900 38.71420 38.47250 38.51130 37.41320 37.83730 37.87210 39.27840 40.62840 42.92990 44.88480 47.36670 50.39800 53.19460 52.51810 51.09800 48.94020 47.30440 46.67400 44.74410 44.02990 43.38770 -9999 -9999 42.74610 42.76960 42.58970 42.81720 43.12790 42.88680 43.78820 43.94460 44.71320 44.24850 44.42110 43.64020 43.95640 42.90390 43.57650 45.00200 46.63040 46.09170 46.95740
48.51810 51.24610 51.87010 51.92450 52.52450 52.36760 51.24850 51.45290 49.58280 48.47060 46.60930 45.54710 45.59260 44.27700 44.53770 43.24170 41.67160 41.89460 40.69750 41.05590 42.91910 44.04750 44.86080 45.72840 44.12060 43.73090 41.92600 41.31320 39.66860 40.55780 39.83970 41.04360 41.39260 40.44220 41.69310 41.74310 43.85050 46.90340 50.26030 -9999 -9999 -9999 -9999 55.70100 -9999 51.06320 49.44070 47.54120 46.85290 46.71230 -9999 -9999 45.18970 45.16720 44.34070 44.25590 44.70000 46.00830 45.85150 47.10640 46.24310 46.68580 45.70490 46.21130 46.31720 45.46960 45.95880 47.85150 48.39850 49.39610 50.66620
51.41470 52.44660 55.21520 55.46470 55.93820 56.16760 55.30780 55.39310 55.37890 53.27010 51.31080 50.66080 49.74750 48.55980 48.72550 48.10980 46.51670 45.55930 45.40150 45.96470 46.43140 47.74170 49.51030 50.20290 49.79020 48.10250 45.25340 42.68820 43.44950 43.83040 43.54070 44.49850 44.67160 44.99950 45.18530 45.91130 48.27350 -9999 -9999 -9999 -9999 -9999 -9999 -9999 56.88380 55.36620 53.81520 -9999 -9999 -9999 -9999 -9999 48.18530 47.22250 47.47550 47.43190 47.25640 48.16910 49.47700 48.55930 48.65880 49.28920 48.38680 48.77300 48.65830 47.46230 50.25490 51.32890 51.66860 52.88380 -9999
