data/hydroclimate-scenarios/1948-2000.Pcorr55N_Pref_Tref/monthly_summaries/precip_monthly_tot_feb.1950-2000.asc
ncols	311
nrows	91
xllcenter	102.75
yllcenter	31.75
cellsize	0.5
NODATA_value	-9999
[rows 0 to 31 of 91, columns 72 to 143 of 311]
-9999 -9999 -9999 -9999 -9999 -9999 -9999 -9999 -9999 -9999 -9999 -9999 -9999 -9999 -9999 -9999 -9999 -9999 -9999 -9999 -9999 -9999 -9999 -9999 -9999 -9999 -9999 -9999 -9999 -9999 -9999 -9999 -9999 -9999 -9999 -9999 -9999 -9999 -9999 -9999 -9999 -9999 -9999 -9999 -9999 -9999 -9999 -9999 -9999 -9999 -9999 -9999 -9999 -9999 -9999 -9999 -9999 -9999 -9999 -9999 -9999 -9999 -9999 -9999 -9999 -9999 -9999 -9999 -9999 -9999 -9999 -9999
-9999 -9999 -9999 -9999 -9999 -9999 -9999 -9999 -9999 -9999 -9999 -9999 -9999 -9999 -9999 -9999 -9999 -9999 -9999 -9999 -9999 -9999 -9999 -9999 -9999 -9999 -9999 -9999 -9999 -9999 -9999 -9999 -9999 -9999 -9999 -9999 -9999 -9999 -9999 -9999 -9999 -9999 -9999 -9999 -9999 -9999 -9999 -9999 -9999 -9999 -9999 -9999 -9999 -9999 -9999 -9999 -9999 -9999 -9999 -9999 -9999 -9999 -9999 -9999 -9999 -9999 -9999 -9999 -9999 -9999 -9999 -9999
-9999 -9999 -9999 -9999 -9999 -9999 -9999 -9999 -9999 -9999 -9999 -9999 -9999 -9999 -9999 -9999 -9999 -9999 -9999 -9999 -9999 -9999 -9999 -9999 -9999 -9999 -9999 -9999 -9999 -9999 -9999 -9999 -9999 -9999 -9999 -9999 -9999 -9999 -9999 -9999 -9999 -9999 -9999 -9999 -9999 -9999 -9999 -9999 -9999 -9999 -9999 -9999 -9999 -9999 -9999 -9999 -9999 -9999 -9999 -9999 -9999 -9999 -9999 -9999 -9999 -9999 -9999 -9999 -9999 -9999 -9999 -9999
-9999 -9999 -9999 -9999 -9999 -9999 -9999 -9999 -9999 -9999 -9999 -9999 -9999 -9999 -9999 -9999 -9999 -9999 -9999 -9999 -9999 -9999 -9999 -9999 -9999 -9999 -9999 -9999 -9999 -9999 -9999 -9999 -9999 -9999 -9999 -9999 -9999 -9999 -9999 -9999 -9999 -9999 -9999 -9999 -9999 -9999 -9999 -9999 -9999 -9999 -9999 -9999 -9999 -9999 -9999 -9999 -9999 -9999 -9999 -9999 -9999 -9999 -9999 -9999 -9999 -9999 -9999 -9999 -9999 -9999 -9999 -9999
-9999 -9999 -9999 -9999 -9999 -9999 -9999 -9999 -9999 -9999 -9999 -9999 -9999 -9999 -9999 -9999 -9999 -9999 -9999 -9999 -9999 -9999 -9999 -9999 -9999 -9999 -9999 -9999 -9999 -9999 -9999 -9999 -9999 -9999 -9999 -9999 -9999 -9999 -9999 -9999 -9999 -9999 -9999 -9999 -9999 -9999 -9999 -9999 -9999 -9999 -9999 -9999 -9999 -9999 -9999 -9999 -9999 -9999 -9999 -9999 -9999 -9999 -9999 -9999 -9999 -9999 -9999 -9999 -9999 -9999 -9999 -9999
-9999 -9999 -9999 -9999 -9999 -9999 -9999 -9999 -9999 -9999 -9999 -9999 -9999 -9999 -9999 -9999 -9999 -9999 -9999 -9999 -9999 -9999 -9999 -9999 -9999 -9999 -9999 -9999 -9999 -9999 -9999 -9999 -9999 -9999 -9999 -9999 -9999 -9999 -9999 -9999 -9999 -9999 -9999 -9999 -9999 -9999 -9999 -9999 -9999 -9999 -9999 -9999 -9999 -9999 -9999 -9999 -9999 -9999 -9999 -9999 -9999 -9999 -9999 -9999 -9999 -9999 -9999 -9999 -9999 -9999 -9999 -9999
-9999 -9999 -9999 -9999 -9999 -9999 -9999 -9999 -9999 -9999 -9999 -9999 -9999 -9999 -9999 -9999 -9999 -9999 -9999 -9999 -9999 -9999 -9999 -9999 -9999 -9999 -9999 -9999 -9999 -9999 -9999 -9999 -9999 -9999 -9999 -9999 -9999 -9999 -9999 -9999 -9999 -9999 -9999 -9999 -9999 -9999 -9999 -9999 -9999 -9999 -9999 -9999 -9999 -9999 -9999 -9999 -9999 -9999 -9999 -9999 -9999 -9999 -9999 -9999 -9999 -9999 -9999 -9999 -9999 -9999 -9999 -9999
-9999 -9999 -9999 -9999 -9999 -9999 -9999 -9999 -9999 -9999 -9999 -9999 -9999 -9999 -9999 -9999 -9999 -9999 -9999 -9999 -9999 -9999 -9999 -9999 -9999 -9999 -9999 -9999 -9999 -9999 -9999 -9999 -9999 -9999 -9999 -9999 -9999 -9999 -9999 -9999 -9999 -9999 -9999 -9999 -9999 -9999 -9999 -9999 -9999 -9999 -9999 -9999 -9999 -9999 -9999 -9999 -9999 -9999 -9999 -9999 -9999 -9999 -9999 -9999 -9999 -9999 -9999 -9999 -9999 -9999 -9999 -9999
-9999 -9999 -9999 -9999 -9999 10.60150 -9999 -9999 -9999 -9999 -9999 -9999 -9999 -9999 -9999 -9999 -9999 -9999 -9999 -9999 -9999 -9999 -9999 -9999 -9999 -9999 -9999 -9999 -9999 -9999 -9999 -9999 -9999 -9999 -9999 -9999 -9999 -9999 -9999 -9999 -9999 -9999 -9999 -9999 -9999 -9999 -9999 -9999 -9999 -9999 -9999 -9999 -9999 -9999 -9999 -9999 -9999 -9999 -9999 -9999 -9999 -9999 -9999 -9999 -9999 -9999 -9999 -9999 -9999 -9999 -9999 -9999
-9999 8.17010 8.37794 8.27794 10.21320 10.11320 10.05000 10.30000 12.19850 12.19850 11.92400 13.42160 13.11960 12.96320 12.73630 14.33630 13.92700 14.04750 13.98730 14.03090 14.36270 -9999 -9999 -9999 -9999 -9999 -9999 -9999 -9999 -9999 -9999 -9999 -9999 -9999 -9999 -9999 -9999 -9999 -9999 -9999 -9999 -9999 -9999 -9999 -9999 -9999 -9999 -9999 -9999 -9999 -9999 -9999 -9999 -9999 -9999 -9999 -9999 -9999 -9999 -9999 -9999 -9999 -9999 -9999 -9999 -9999 -9999 -9999 -9999 -9999 -9999 -9999
-9999 -9999 -9999 9.82843 10.07450 10.10440 10.00150 11.77700 11.68920 11.63870 13.38770 13.36080 12.75100 14.01080 13.84660 13.77840 13.37790 15.00290 15.10290 15.15050 15.27840 -9999 -9999 -9999 -9999 -9999 -9999 -9999 -9999 -9999 -9999 -9999 -9999 -9999 -9999 -9999 -9999 -9999 -9999 -9999 -9999 -9999 -9999 -9999 -9999 -9999 -9999 -9999 -9999 -9999 -9999 -9999 -9999 -9999 -9999 -9999 -9999 -9999 -9999 -9999 -9999 -9999 -9999 -9999 -9999 -9999 -9999 -9999 -9999 -9999 -9999 -9999
9.41765 9.48824 9.50000 9.53284 9.79559 9.83725 9.89755 11.26860 11.37060 11.57060 13.18680 12.72890 12.53240 13.72940 13.37010 14.72940 14.57890 14.64220 14.82300 14.75100 14.72840 14.89070 15.05050 15.23920 15.23920 15.51320 15.62790 -9999 -9999 -9999 -9999 -9999 -9999 -9999 -9999 -9999 -9999 -9999 -9999 -9999 -9999 -9999 -9999 -9999 -9999 -9999 -9999 -9999 -9999 -9999 -9999 -9999 -9999 -9999 -9999 -9999 -9999 -9999 -9999 -9999 -9999 -9999 -9999 -9999 -9999 -9999 -9999 -9999 -9999 -9999 -9999 -9999
9.29706 9.33578 9.23627 9.44314 9.60833 9.70441 11.18090 10.82500 10.93870 12.63430 12.73630 12.74260 13.95690 13.80740 14.79610 14.54800 14.32350 15.69610 15.63870 15.72450 15.86130 16.19220 16.15780 16.34510 16.65780 16.70880 15.25440 15.50690 15.54850 15.44800 15.49360 15.54260 15.64900 14.34950 14.42700 13.97450 14.00340 12.56860 12.74170 12.94510 13.18770 13.42300 -9999 -9999 -9999 -9999 -9999 -9999 -9999 -9999 -9999 -9999 -9999 -9999 -9999 -9999 -9999 -9999 -9999 -9999 -9999 -9999 -9999 -9999 -9999 -9999 -9999 -9999 -9999 -9999 -9999 -9999
8.89804 8.75392 8.87941 8.90980 8.90833 9.06078 10.59900 10.48330 10.74850 12.40250 12.65830 14.04460 13.86230 13.73380 14.94170 14.57940 15.47250 15.43770 15.65440 15.73140 15.86270 15.80440 16.06270 16.24800 16.55200 16.55780 16.53430 16.72110 16.90740 16.79020 16.82600 14.81270 14.72210 14.77550 14.85000 14.98190 13.59170 13.71030 13.84850 14.02890 12.64170 12.66270 12.99610 -9999 -9999 -9999 -9999 -9999 -9999 -9999 -9999 -9999 -9999 -9999 -9999 -9999 -9999 -9999 -9999 -9999 -9999 -9999 -9999 -9999 -9999 -9999 -9999 -9999 -9999 -9999 -9999 -9999
7.20637 7.03873 7.02941 7.17794 8.44657 8.93382 8.93873 10.58090 10.39310 12.15830 12.09120 13.90930 13.75590 14.98820 14.79950 14.61960 15.68280 15.27450 15.28190 15.34220 15.44710 15.41570 15.65780 15.59800 15.64660 16.10640 16.20930 16.08240 15.68770 15.80200 15.79510 15.80780 15.77990 15.66270 14.56720 14.45250 14.53190 14.83920 13.13430 13.18380 13.24070 13.26030 13.26810 -9999 -9999 -9999 -9999 -9999 -9999 -9999 -9999 -9999 -9999 -9999 -9999 -9999 -9999 -9999 12.35980 12.19950 -9999 -9999 -9999 -9999 12.97500 12.64900 12.96470 12.77940 14.37110 14.40390 16.68870 16.88870
6.79951 6.80686 6.82304 8.24314 8.25735 8.14412 8.18873 9.88578 9.98284 11.98580 11.95290 13.56670 13.66320 14.87060 14.42600 15.33090 15.33280 15.01620 15.10390 15.07790 16.53770 16.64750 16.19410 16.41230 16.36470 17.47350 17.23190 17.43770 17.46860 16.73530 16.70390 16.69070 15.36960 15.37550 15.36130 15.21180 13.94020 14.22400 13.89460 13.84220 12.25880 12.39120 12.24660 11.93140 11.89660 11.86620 11.89750 10.66130 10.74460 10.85690 10.99220 11.17450 11.22450 11.49800 11.49750 12.95290 12.90340 12.90100 13.27210 13.27840 -9999 -9999 -9999 -9999 -9999 15.94850 14.19800 14.21810 15.94020 16.74260 16.66130 16.36760
6.57892 6.46324 6.62647 6.79412 8.02108 8.06275 9.57255 9.49510 10.93730 11.06570 12.57110 12.95490 14.45690 14.23680 15.21570 15.08530 15.10490 14.82700 16.01520 16.15150 16.02110 15.86570 15.64800 15.90000 15.97990 16.05880 17.40050 17.51720 17.28770 17.17890 15.61910 15.38870 16.32550 16.28330 16.27350 14.83770 14.82500 14.77210 14.84660 13.53330 13.46570 13.06720 12.76320 12.72790 11.40830 11.23240 11.32010 11.44900 11.52210 11.54260 11.57750 11.84170 11.77700 10.81720 12.25000 12.44900 12.29360 12.29900 12.49120 12.49170 12.64460 14.96960 15.11620 15.44610 16.60880 16.67450 16.97990 17.13870 18.09800 18.13040 17.95930 17.80250
5.23333 6.42255 6.45147 6.49657 6.64657 7.86765 7.89951 9.27353 10.67550 10.78140 12.38430 12.57550 14.23090 13.94710 15.23770 15.00690 14.89460 14.77300 14.62300 15.86080 15.98920 15.99900 15.56370 16.96230 16.85440 16.92300 17.18480 17.07010 17.14850 17.04800 16.85540 16.61180 16.81320 15.76720 15.58680 15.68280 15.61520 14.25930 14.22990 14.17450 14.15000 12.88970 12.59460 12.58680 12.79220 12.73870 12.50930 12.59260 12.54560 12.71620 12.70880 12.76370 12.82500 13.15340 11.77890 11.84260 13.21910 13.17600 13.30980 13.49070 13.68480 13.74850 16.25740 16.31570 17.91910 17.53680 16.66420 16.94260 18.12940 16.64850 18.46230 19.47700
5.06275 6.35441 7.65931 6.40784 7.59167 7.73578 7.75392 8.96275 9.12157 10.45590 11.87450 12.11320 13.70290 13.67750 14.89610 14.79120 14.82300 14.85100 14.45930 14.59950 15.91620 15.94070 17.16080 17.32450 16.79120 16.74410 18.14800 18.28580 18.27060 17.92700 18.07550 18.12700 16.63920 16.88240 16.68090 15.29750 15.31720 15.24170 13.80100 13.75000 13.83280 13.53480 12.22940 12.35440 12.40050 13.54310 13.38280 13.42840 13.54900 12.26470 13.47110 13.44610 13.43240 13.48330 13.99410 14.09610 14.13140 14.10200 12.94850 13.21910 13.56180 13.73240 16.03820 17.36860 17.23920 17.23770 17.74560 17.87500 17.82700 19.30540 19.52790 19.88730
4.88676 4.91176 4.94853 6.35392 7.65784 7.54020 7.59853 7.51765 8.70196 8.92745 9.25784 10.50640 11.96810 13.58430 13.54220 14.92060 14.82790 14.87600 14.64120 14.69710 15.94170 15.82700 17.18870 17.22790 17.73770 17.67990 17.60340 17.62210 17.72210 17.53040 17.48970 17.27600 17.18920 16.93580 15.74660 15.75290 14.34660 14.16960 14.22250 12.98090 12.82250 12.91570 12.89710 13.04510 13.28430 12.74560 13.15690 13.16520 12.88280 12.98140 13.02350 14.19170 13.68190 13.91030 13.81270 13.85290 13.89310 13.91570 14.00100 14.13730 14.32750 14.72550 15.79800 15.88280 18.65640 17.79070 19.22250 19.00340 19.01420 20.76130 22.71910 22.84310
4.73088 4.90833 4.68284 4.86225 6.12990 7.41127 7.47304 7.63578 8.71422 8.87892 8.91471 8.87304 9.21667 10.47500 11.88380 13.38970 14.59020 14.99750 16.13870 16.04850 15.96270 17.39410 16.73770 18.22450 18.25490 18.19360 19.41370 19.39950 18.93630 18.51230 18.32990 17.33680 17.33140 17.03820 15.67700 15.61810 14.19850 13.98630 14.00830 13.91320 13.85290 13.76030 13.82160 12.83190 12.68090 12.59800 12.67650 13.50590 13.49660 13.38870 14.40690 14.78820 14.69610 14.67010 15.81080 14.96620 14.97350 15.03770 15.14070 15.36810 15.66320 16.92650 18.18680 18.36320 18.86180 18.86570 20.29070 20.29750 21.95290 22.28280 23.91910 24.16030
4.72941 4.77843 4.80343 4.86667 4.88627 5.02794 6.22794 7.36961 8.94559 8.98382 8.92255 8.99461 10.52990 9.12500 10.67990 10.62550 12.00640 13.47990 14.71320 16.04360 16.17940 17.43630 17.53970 18.74020 18.91960 20.16420 20.18280 19.88630 19.41180 18.91320 18.39710 16.78330 16.78770 16.77210 16.63430 15.32840 15.23580 15.27600 15.19750 13.84020 13.81620 13.75980 13.80440 13.70100 13.58920 13.73630 13.56720 13.28090 12.99850 12.93380 13.85100 14.19660 14.15150 15.21720 16.58240 15.65780 17.04950 17.26760 17.25690 17.59950 18.04170 18.80390 20.59950 21.39950 21.18730 19.97840 20.32350 20.49610 23.12750 23.75390 25.36570 25.84360
4.73627 4.75098 4.77010 4.68382 4.82794 4.87696 6.26029 6.14314 7.45735 7.51520 9.01569 8.97696 10.34070 10.40740 11.82890 11.79750 12.02600 12.04610 13.59170 13.49220 15.10150 16.29560 17.55590 19.20930 20.54220 20.49020 20.48280 20.15490 19.48430 19.21520 18.77650 18.08480 17.76810 16.30830 16.14360 16.12990 14.92110 14.81960 14.77400 14.66960 14.63770 14.62750 13.49800 13.43770 12.06760 13.00150 12.94460 12.75490 12.66860 13.39850 13.57400 14.65050 14.75740 16.09310 16.74260 18.18920 18.28680 19.66370 20.05440 20.22650 22.56420 21.66230 22.40200 22.55640 22.47790 22.69220 22.93430 23.25640 23.71230 24.85290 26.79020 27.83380
4.57206 4.57549 4.69706 4.75000 4.87598 4.88725 5.96422 5.86716 7.24069 8.60637 7.45490 8.93431 8.79706 9.12794 9.07598 10.49710 13.29120 12.01760 12.05200 12.11320 13.50150 15.06760 19.05250 19.00740 20.52350 21.74750 21.27060 20.97940 20.61080 20.32160 19.76570 19.42500 17.82160 17.43680 17.06420 15.51470 15.55340 14.31620 14.20250 13.20390 14.33280 14.19410 13.21670 14.09750 13.97250 13.90440 13.91910 13.92700 13.82110 13.60930 14.29660 15.47110 16.48630 17.31620 18.66320 20.02600 20.22210 21.97550 22.40880 23.84660 24.67650 23.79900 24.32550 24.51520 24.83430 25.21470 24.28680 24.54660 25.40250 25.96420 28.27840 29.38430
4.60980 4.49657 4.66029 4.63480 5.92059 5.80490 5.93137 5.93284 7.15735 7.08824 7.47745 8.58137 8.70735 8.82549 10.10340 8.94363 10.35740 12.06230 13.29850 13.27450 14.64610 15.84260 17.22250 18.80930 20.12160 20.78240 22.18280 21.90340 21.60880 21.24850 20.86030 20.44260 18.59310 18.34120 16.84850 16.50740 15.12010 15.09460 13.77060 13.70250 13.81420 12.72400 12.72600 13.91080 13.93630 14.01230 13.77550 14.79750 14.63630 14.21910 15.16910 16.35880 17.52110 18.54260 19.90930 21.45050 23.10540 23.94220 24.47010 25.25540 25.56470 25.86620 26.37550 26.56030 27.24170 26.29070 25.56670 24.80980 25.20000 27.54610 29.92250 32.54610
4.54951 4.54167 4.53480 4.52843 5.67206 5.66863 6.93480 6.79951 6.92304 6.86422 6.99608 8.30784 9.65931 9.84853 10.15690 10.21230 10.35740 10.62060 11.81520 13.25490 14.67650 15.79410 17.03820 18.40250 19.29170 20.40980 21.80880 22.74560 22.48770 22.20200 20.61180 21.34070 19.90390 18.19800 16.93380 16.48870 15.17940 14.68380 13.55930 13.55000 13.41720 13.42060 12.32990 13.50930 13.55200 13.50250 14.52940 15.60390 15.44020 16.06960 16.76910 17.50290 18.53870 20.85590 22.61030 24.17110 25.36810 26.18970 27.03920 27.84610 28.30250 28.68870 28.77990 27.94410 28.67790 27.97990 27.24070 26.59410 27.84360 28.67110 31.93380 34.59510
4.35343 4.42990 4.43284 4.42304 5.51373 5.65735 5.40980 6.60245 6.57010 6.61912 7.71667 6.79510 8.00098 9.63529 10.83040 11.17650 11.55100 11.67500 11.91760 13.30780 14.54460 16.02010 16.80830 18.86960 19.49170 20.72160 23.12300 23.77790 23.32160 23.24460 21.63240 21.20340 20.06520 18.32160 17.80150 16.33870 15.03190 14.59900 14.41370 13.26810 13.12110 13.20780 13.29120 13.36720 14.59750 14.52350 15.58870 15.46270 16.53190 17.36520 18.23920 19.10540 21.19900 22.70490 25.71570 28.11620 30.08580 30.90930 31.76570 32.21810 31.47060 31.97400 30.69020 31.12790 30.60150 29.89070 29.47160 29.73530 29.22300 31.02210 33.38580 36.34020
4.32402 4.33088 4.20098 4.27990 5.44314 5.34461 6.39608 6.26961 7.42353 7.34902 7.65490 7.82745 7.89069 9.25833 9.50637 10.99560 11.22010 13.06270 13.15340 13.28530 14.51720 15.71270 17.54410 18.72450 19.62940 20.56620 22.67010 23.54660 24.79020 23.17650 22.78090 22.81230 20.05440 18.83430 18.23680 16.81570 16.36810 14.61320 14.58630 14.28090 14.24360 14.54900 14.52250 14.60740 14.67110 15.90250 16.87700 17.13870 18.53970 21.01130 22.15200 23.89310 26.87060 30.50590 33.57940 35.74220 36.41670 36.49360 37.20640 35.58430 35.86960 34.50780 33.16180 32.15340 32.56420 31.85740 33.42350 33.07400 33.37450 35.16570 37.45150 39.38970
4.25441 4.22598 4.09559 4.18725 4.15539 5.33039 5.32108 6.28284 6.26814 7.38627 7.45245 8.86127 8.93922 9.13382 9.49118 11.07600 12.48870 13.48480 14.94900 14.87890 15.12650 16.48040 18.08330 20.71670 21.59360 22.03680 22.57450 26.24710 25.86860 24.43770 24.01670 22.81420 21.26810 20.04660 18.50880 18.06910 16.72060 15.32750 14.92010 15.02890 14.85590 14.98380 15.91130 16.06810 17.34800 18.58240 20.05150 21.42700 23.04410 25.08090 26.95000 30.87110 34.45640 38.62300 43.59310 46.92750 46.55930 44.05590 41.77350 41.39410 39.22400 37.85880 36.27600 35.28530 35.26030 34.13820 36.35490 37.41320 37.04410 39.22160 41.29260 43.13730
5.29853 5.27990 5.14559 4.13382 5.31667 4.14314 5.33431 6.17451 6.38333 6.29314 7.53186 7.87500 7.93676 9.13725 10.55150 10.89750 12.55000 13.89900 15.46080 15.47400 17.02550 17.62600 18.93530 20.36370 21.46810 22.23380 22.95640 25.17890 24.87890 25.97550 25.34310 24.75250 23.20000 21.56180 20.00390 18.86180 18.61910 17.06760 16.70340 16.64170 16.36030 16.40000 17.53630 18.81320 18.97250 20.25880 21.74410 22.24460 25.27750 -9999 -9999 34.43430 39.70440 44.55540 48.66470 50.49460 50.24410 47.53430 45.05440 45.23040 44.04660 42.69120 41.26720 41.17840 39.84510 38.84360 39.25830 40.50930 42.59310 43.38090 45.13090 46.82500
5.11569 5.25735 5.32892 5.27941 5.34706 5.32451 6.27010 6.26078 6.23873 6.38824 7.51373 7.73480 9.08971 9.34951 10.71860 10.75440 13.58680 15.33430 15.61960 18.33970 18.40390 20.14710 20.25340 20.31180 21.91670 23.09560 24.19220 25.05980 27.44710 28.30880 28.73970 26.50340 25.81130 23.86620 22.32010 20.65440 20.62550 20.25290 -9999 -9999 -9999 -9999 19.15930 -9999 19.40980 20.87210 22.46910 25.32400 27.03730 -9999 -9999 36.24950 40.51320 43.15690 45.90740 47.06670 47.68090 46.34750 46.49360 44.80830 46.42010 44.80590 45.59120 45.70490 42.86080 43.32650 43.72940 45.59020 46.65540 48.16470 50.89950 -9999
6.20441 6.52059 6.39118 6.21667 6.29412 6.36471 6.23235 6.30931 7.16618 7.22892 7.43922 8.89853 9.18088 10.56420 12.13530 12.38920 14.21570 15.64310 16.24610 18.11230 18.87990 20.76080 21.46860 21.91960 24.18430 24.36470 26.10390 28.60780 30.50780 30.82350 31.15100 29.75880 28.66570 25.20000 24.73630 23.11570 -9999 -9999 -9999 -9999 -9999 -9999 -9999 20.70390 22.23970 23.60150 -9999 -9999 -9999 -9999 -9999 37.60980 39.44710 41.37940 42.96370 42.87700 44.44560 46.66910 45.70050 48.43530 49.25340 48.90050 49.99220 50.22650 50.25250 49.41470 49.15000 49.33630 53.17210 -9999 -9999 -9999
