data/hydroclimate-scenarios/1948-2000.Pcorr55N_Pref_Tref/monthly_summaries/rh_monthly_avg_dec.1950-2000.asc
ncols	311
nrows	91
xllcenter	102.75
yllcenter	31.75
cellsize	0.5
NODATA_value	-9999
[rows 0 to 31 of 91, columns 213 to 283 of 311]
-9999 -9999 -9999 -9999 -9999 -9999 -9999 -9999 -9999 -9999 -9999 -9999 -9999 -9999 -9999 -9999 -9999 -9999 -9999 -9999 -9999 -9999 -9999 -9999 -9999 -9999 -9999 -9999 -9999 -9999 -9999 -9999 -9999 -9999 -9999 -9999 -9999 -9999 -9999 -9999 -9999 -9999 -9999 -9999 -9999 -9999 -9999 -9999 -9999 -9999 -9999 -9999 -9999 -9999 -9999 -9999 -9999 -9999 -9999 -9999 -9999 -9999 -9999 -9999 -9999 -9999 -9999 -9999 -9999 -9999 -9999
-9999 -9999 -9999 -9999 -9999 -9999 -9999 -9999 -9999 -9999 -9999 -9999 -9999 -9999 -9999 -9999 -9999 -9999 -9999 -9999 -9999 -9999 -9999 -9999 -9999 -9999 -9999 -9999 -9999 -9999 -9999 -9999 -9999 -9999 -9999 -9999 -9999 -9999 -9999 -9999 -9999 -9999 -9999 -9999 -9999 -9999 -9999 -9999 -9999 -9999 -9999 -9999 -9999 -9999 -9999 -9999 -9999 -9999 -9999 -9999 -9999 -9999 -9999 -9999 -9999 -9999 -9999 -9999 -9999 -9999 -9999
-9999 -9999 -9999 -9999 -9999 -9999 -9999 -9999 -9999 -9999 -9999 -9999 -9999 -9999 -9999 -9999 -9999 -9999 -9999 -9999 -9999 -9999 -9999 -9999 -9999 -9999 -9999 -9999 -9999 -9999 -9999 -9999 -9999 -9999 -9999 -9999 -9999 -9999 -9999 -9999 -9999 -9999 -9999 -9999 -9999 -9999 -9999 -9999 -9999 -9999 -9999 -9999 -9999 -9999 -9999 -9999 -9999 -9999 -9999 -9999 -9999 -9999 -9999 -9999 -9999 -9999 -9999 -9999 -9999 -9999 -9999
-9999 -9999 -9999 -9999 -9999 -9999 -9999 -9999 -9999 -9999 -9999 -9999 -9999 -9999 -9999 -9999 -9999 -9999 -9999 -9999 -9999 -9999 -9999 -9999 -9999 -9999 -9999 -9999 -9999 -9999 -9999 -9999 -9999 -9999 -9999 -9999 -9999 -9999 -9999 -9999 -9999 -9999 -9999 -9999 -9999 -9999 -9999 -9999 -9999 -9999 -9999 -9999 -9999 -9999 -9999 -9999 -9999 -9999 -9999 -9999 -9999 -9999 -9999 -9999 -9999 -9999 -9999 -9999 -9999 -9999 -9999
-9999 -9999 -9999 -9999 -9999 -9999 -9999 -9999 -9999 -9999 -9999 -9999 -9999 -9999 -9999 -9999 -9999 -9999 -9999 -9999 -9999 -9999 -9999 -9999 -9999 -9999 -9999 -9999 -9999 -9999 -9999 -9999 -9999 -9999 -9999 -9999 -9999 -9999 -9999 -9999 -9999 -9999 -9999 -9999 -9999 -9999 -9999 -9999 -9999 -9999 -9999 -9999 -9999 -9999 -9999 -9999 -9999 -9999 -9999 -9999 -9999 -9999 -9999 -9999 -9999 -9999 -9999 -9999 -9999 -9999 -9999
-9999 -9999 -9999 -9999 -9999 -9999 -9999 -9999 -9999 -9999 -9999 -9999 -9999 -9999 -9999 -9999 -9999 -9999 -9999 -9999 -9999 -9999 -9999 -9999 -9999 -9999 -9999 -9999 -9999 -9999 -9999 -9999 -9999 -9999 -9999 -9999 -9999 -9999 -9999 -9999 -9999 -9999 -9999 -9999 -9999 -9999 -9999 -9999 -9999 -9999 -9999 -9999 -9999 -9999 -9999 -9999 -9999 -9999 -9999 -9999 -9999 -9999 -9999 -9999 -9999 -9999 -9999 -9999 -9999 -9999 -9999
-9999 -9999 -9999 -9999 -9999 -9999 -9999 -9999 -9999 -9999 -9999 -9999 -9999 -9999 -9999 -9999 -9999 -9999 -9999 -9999 -9999 -9999 -9999 -9999 -9999 -9999 -9999 -9999 -9999 -9999 -9999 -9999 -9999 -9999 -9999 -9999 -9999 -9999 -9999 -9999 -9999 -9999 -9999 -9999 -9999 -9999 -9999 -9999 -9999 -9999 -9999 -9999 -9999 -9999 -9999 -9999 -9999 -9999 -9999 -9999 -9999 -9999 -9999 -9999 -9999 -9999 -9999 -9999 -9999 -9999 -9999
-9999 -9999 -9999 -9999 -9999 -9999 -9999 -9999 -9999 -9999 -9999 -9999 -9999 -9999 -9999 -9999 -9999 -9999 -9999 -9999 -9999 -9999 -9999 -9999 -9999 -9999 -9999 -9999 -9999 -9999 -9999 -9999 -9999 -9999 -9999 -9999 -9999 -9999 -9999 -9999 -9999 -9999 -9999 -9999 -9999 -9999 -9999 -9999 -9999 -9999 -9999 -9999 -9999 -9999 -9999 -9999 -9999 -9999 -9999 -9999 -9999 -9999 -9999 -9999 -9999 -9999 -9999 -9999 -9999 -9999 -9999
-9999 -9999 -9999 -9999 -9999 -9999 -9999 -9999 -9999 -9999 -9999 -9999 -9999 -9999 -9999 -9999 -9999 -9999 -9999 -9999 -9999 -9999 -9999 -9999 -9999 -9999 -9999 -9999 -9999 -9999 -9999 -9999 -9999 -9999 -9999 -9999 -9999 -9999 -9999 -9999 -9999 -9999 -9999 -9999 -9999 -9999 -9999 -9999 -9999 -9999 -9999 -9999 -9999 -9999 -9999 -9999 -9999 -9999 -9999 -9999 -9999 -9999 -9999 -9999 -9999 -9999 -9999 -9999 -9999 -9999 -9999
-9999 -9999 -9999 -9999 -9999 -9999 -9999 -9999 -9999 -9999 -9999 -9999 -9999 -9999 -9999 -9999 -9999 -9999 -9999 -9999 -9999 -9999 -9999 -9999 -9999 -9999 -9999 -9999 -9999 -9999 -9999 -9999 -9999 -9999 -9999 -9999 -9999 -9999 -9999 -9999 -9999 -9999 -9999 -9999 -9999 -9999 -9999 -9999 -9999 -9999 -9999 -9999 -9999 -9999 -9999 -9999 -9999 -9999 -9999 -9999 -9999 -9999 -9999 -9999 -9999 -9999 -9999 -9999 -9999 -9999 -9999
-9999 -9999 -9999 -9999 -9999 -9999 -9999 -9999 -9999 -9999 -9999 -9999 -9999 -9999 -9999 -9999 -9999 -9999 -9999 -9999 -9999 -9999 -9999 -9999 -9999 -9999 -9999 -9999 -9999 -9999 -9999 -9999 -9999 -9999 -9999 -9999 -9999 -9999 -9999 -9999 -9999 -9999 -9999 -9999 -9999 -9999 -9999 -9999 -9999 -9999 -9999 -9999 -9999 -9999 -9999 -9999 -9999 -9999 -9999 -9999 -9999 -9999 -9999 -9999 -9999 -9999 -9999 -9999 -9999 -9999 -9999
-9999 -9999 -9999 -9999 -9999 -9999 -9999 -9999 -9999 -9999 -9999 -9999 -9999 -9999 -9999 -9999 -9999 -9999 -9999 -9999 -9999 -9999 -9999 -9999 -9999 -9999 -9999 -9999 -9999 -9999 -9999 -9999 -9999 -9999 -9999 -9999 -9999 -9999 -9999 -9999 -9999 -9999 -9999 -9999 -9999 -9999 -9999 -9999 -9999 -9999 -9999 -9999 -9999 -9999 -9999 -9999 -9999 -9999 -9999 -9999 -9999 -9999 -9999 -9999 -9999 -9999 -9999 -9999 -9999 -9999 -9999
-9999 -9999 -9999 -9999 -9999 -9999 -9999 -9999 -9999 -9999 -9999 -9999 -9999 -9999 -9999 -9999 -9999 -9999 -9999 -9999 -9999 -9999 -9999 -9999 -9999 -9999 -9999 -9999 -9999 -9999 -9999 -9999 -9999 -9999 -9999 -9999 -9999 -9999 -9999 -9999 -9999 -9999 -9999 -9999 -9999 -9999 -9999 -9999 -9999 -9999 -9999 -9999 -9999 -9999 -9999 -9999 -9999 -9999 -9999 -9999 -9999 -9999 -9999 -9999 -9999 -9999 -9999 -9999 -9999 -9999 -9999
70.36150 70.29640 69.91000 69.94700 69.64320 69.68830 -9999 -9999 -9999 -9999 -9999 -9999 -9999 -9999 -9999 -9999 -9999 -9999 -9999 -9999 -9999 -9999 -9999 -9999 -9999 -9999 -9999 -9999 -9999 -9999 -9999 -9999 -9999 -9999 -9999 -9999 -9999 -9999 -9999 -9999 -9999 -9999 -9999 -9999 -9999 -9999 -9999 72.72590 -9999 -9999 -9999 -9999 -9999 -9999 -9999 -9999 -9999 -9999 -9999 -9999 -9999 -9999 -9999 -9999 -9999 -9999 -9999 -9999 -9999 -9999 -9999
70.11190 69.90910 69.30860 69.70730 69.72740 69.45540 69.16950 68.89620 68.92740 68.99270 68.82050 68.55290 68.55930 69.13490 69.29600 69.33300 69.19620 69.21690 69.07180 -9999 -9999 -9999 -9999 -9999 -9999 -9999 -9999 -9999 -9999 -9999 -9999 -9999 -9999 -9999 -9999 -9999 -9999 -9999 -9999 -9999 -9999 -9999 69.50100 70.87600 70.45510 69.73510 69.98720 71.06120 73.80540 -9999 -9999 -9999 76.03900 -9999 -9999 -9999 75.70220 75.46100 74.95760 -9999 -9999 -9999 -9999 -9999 -9999 -9999 -9999 -9999 -9999 -9999 -9999
69.43490 69.47810 68.63140 68.44300 68.47450 68.54730 67.70440 66.90770 66.89140 66.28310 66.30380 64.70660 65.58010 65.15730 63.71640 64.93970 65.03250 64.85260 64.54060 64.78480 65.41900 65.33040 66.94490 68.75240 70.51900 -9999 -9999 -9999 -9999 -9999 70.79890 70.14100 69.57300 69.58520 69.39360 70.35720 70.91480 70.92700 70.50440 70.51020 70.58830 70.93690 68.05830 68.73890 68.65120 69.34770 69.29300 70.00860 73.25040 73.55550 74.43610 75.03850 75.13760 75.51200 75.54910 75.00880 74.77590 74.16890 73.17480 72.98410 73.67670 73.74910 73.10970 72.58020 -9999 -9999 -9999 -9999 -9999 -9999 -9999
68.58000 68.36700 68.24470 67.72930 67.30250 66.76300 65.56320 64.58220 64.92690 64.94260 64.28830 65.07370 65.88720 64.86110 65.33150 65.74960 65.48960 65.89950 64.95660 65.58830 65.40630 65.55590 66.79960 66.54540 68.26920 69.06490 70.96360 71.79590 71.32730 70.93600 69.92540 69.32750 68.32750 67.69720 67.35340 67.41610 68.35070 68.94220 68.92350 69.56160 69.83860 70.22570 70.04440 70.64530 71.07110 71.45230 71.65500 72.00430 72.34710 73.02650 73.80950 73.57090 74.53470 74.88300 74.34730 74.41650 74.44000 74.52630 74.19340 73.72970 73.76140 73.43850 72.46630 70.89030 71.04060 70.99420 70.41960 70.43800 70.14820 70.45610 71.09990
65.66680 65.13490 65.84770 64.40620 65.26120 64.34950 65.25510 65.31740 65.35150 65.33470 66.53860 66.59520 66.40870 67.04010 67.24340 67.49660 66.97420 67.18650 66.98940 66.66030 66.68310 66.90630 68.11780 68.21760 67.92410 68.02950 67.92920 68.09820 67.90710 67.23430 67.83620 67.96970 67.43400 66.72200 66.00420 65.68960 66.89750 67.56630 67.78850 68.49330 69.09370 69.45820 69.39410 70.64940 70.78210 71.06160 70.95480 71.68420 72.04070 72.40050 72.91970 73.27170 73.37100 73.44090 74.02340 74.12600 73.87720 74.19430 73.65630 73.72280 73.13110 72.84830 71.51190 70.93560 71.35050 71.05260 70.38470 70.08620 69.83970 69.85730 70.24600
67.36600 67.55270 66.62980 66.56030 66.29330 66.39870 67.53100 67.02300 67.83280 68.36860 68.57820 68.87200 69.50320 69.51560 68.87010 69.25660 69.47130 68.58310 67.24120 67.13930 67.04630 67.51440 67.98660 68.15890 68.36760 68.12650 67.99770 66.39430 65.60800 65.21920 66.81720 67.90850 67.13850 66.81490 66.04180 66.02870 66.70700 67.10460 68.06860 68.05510 68.75340 68.78790 69.83930 69.91490 70.62170 70.66500 70.68590 71.08530 71.76990 72.45510 72.44760 73.08750 73.08390 73.46300 73.80690 73.57590 73.75330 73.24880 72.30880 72.04560 71.80780 70.89770 71.19800 70.65600 71.00960 70.65380 70.49830 69.92150 69.95840 69.95790 70.29880
67.98770 67.76990 66.64200 66.61460 66.75520 67.15540 67.66880 67.99020 69.17760 69.44060 69.76360 69.49590 69.71180 69.97990 69.81710 69.15540 68.81030 68.41240 68.41710 68.07090 67.43820 67.58750 66.67010 66.53180 66.41710 66.96340 67.65600 67.53920 67.05790 64.61160 66.52370 66.88070 67.39140 66.80630 65.92800 66.28130 66.38610 67.06910 67.24480 67.60150 68.26450 68.61470 68.09580 68.70190 69.19590 70.12290 70.26060 70.91890 71.03190 72.01120 72.05790 72.36550 72.72150 73.08620 73.09290 73.17580 72.75110 72.84630 71.18960 71.26170 71.37150 71.09340 71.14910 70.89220 70.66110 70.27600 70.50350 69.93120 69.98870 70.20910 69.88710
68.00940 66.72300 66.44710 67.56060 67.92190 68.83290 69.11290 69.18460 69.64110 69.84920 69.73280 69.93160 70.16170 69.90500 69.61630 69.09120 68.57560 68.03740 67.29580 66.52530 65.20780 64.51290 64.84250 64.29760 64.96510 65.94770 66.47880 65.83060 65.76280 64.29930 64.20900 66.07470 66.19860 66.26880 66.02870 65.76800 66.18630 66.84600 66.82360 67.45870 67.80840 68.09240 67.90410 68.49330 68.70500 69.09530 69.53950 69.92920 71.02910 71.07700 70.98970 71.37570 71.78100 72.19620 72.24500 72.32160 72.59180 72.02390 71.42080 71.15880 70.54140 70.32750 71.06580 70.80730 70.91110 70.87240 70.22380 68.96220 69.22470 69.07230 69.05170
66.41360 66.09980 66.27110 67.23770 67.53910 67.55430 67.81190 68.34080 68.58640 68.85080 69.19630 69.34080 69.63470 69.53140 69.57700 69.12730 68.53430 67.75470 66.74160 66.27890 63.28930 62.90060 62.31210 61.55200 62.84970 64.71180 64.66980 64.88140 63.80540 63.08330 62.19010 63.69700 64.05550 65.41220 65.21110 65.30240 65.66390 66.08670 66.36050 66.73240 67.05620 67.36650 67.74020 68.00130 68.22460 68.59500 69.13710 69.55310 70.27440 70.36070 70.59550 70.93820 71.36880 71.76950 71.54400 72.27200 71.67940 71.70840 70.40140 70.18910 70.21430 69.66450 70.24280 70.27130 70.37090 70.16970 68.98990 68.59930 68.46550 68.66460 68.61600
64.26750 64.20850 65.70940 65.75060 66.11500 66.87770 67.23690 67.52160 67.86630 69.27130 68.69400 69.68940 69.84210 69.71650 69.53380 69.00500 67.74660 66.84150 64.24510 63.50770 60.70040 61.31730 61.85860 61.05510 61.58260 63.39420 62.86610 62.89400 63.56490 63.34110 63.15910 63.92260 63.80610 63.46870 63.96200 64.36270 64.38170 64.69340 65.40070 65.83280 66.22070 67.22130 68.00940 68.64760 68.90500 69.29780 69.64760 69.30690 69.95150 69.97730 70.42730 70.48930 71.18820 71.21800 71.16660 71.21790 71.00430 70.48690 71.00980 70.69990 70.64480 70.43250 69.77360 69.83070 69.92500 69.66580 68.68390 68.60390 68.54490 68.47210 68.68910
65.06510 65.12300 65.86830 66.48580 66.75330 66.79270 67.34860 68.37750 68.50630 68.29310 68.94450 69.03380 69.82260 68.99400 68.03420 67.01740 67.14550 66.42120 63.85920 62.98570 60.28030 60.00550 60.91320 60.87330 60.46910 60.68280 60.62770 60.66860 60.16490 60.77970 61.77530 62.58010 62.43010 61.75320 61.45120 61.70030 61.19660 62.06100 63.00360 63.42060 63.35240 64.14190 66.05300 66.36250 67.42820 68.08010 69.15010 70.11710 70.35910 70.06470 70.25250 70.88200 70.60370 70.90420 70.85720 70.58860 70.09220 70.52070 70.32130 69.94520 69.54970 69.72340 69.40390 68.76700 68.57300 68.66700 68.09350 68.19990 68.17240 68.42970 68.56180
66.10560 65.65450 66.85160 67.19570 66.89430 66.73420 67.34020 68.53860 69.08030 69.06840 69.54320 69.27390 69.96040 68.92140 68.29270 66.89450 65.60010 64.77560 62.47410 62.40490 62.08000 59.49210 60.50740 60.13800 60.60040 58.48270 59.24180 58.01730 58.20170 57.93110 57.85900 57.89060 58.60380 58.61820 58.39150 59.15780 59.22860 59.78700 60.21290 61.53110 61.27370 62.07560 63.47040 63.75410 64.79360 65.17830 65.57270 67.26820 68.95180 70.29350 70.04110 70.40790 70.75630 69.83320 70.24860 70.27810 70.07730 69.80580 70.02190 69.79500 69.25810 68.52670 67.79210 68.20570 68.40010 68.48990 68.48640 68.58990 68.16120 68.36770 68.53010
66.26890 66.05550 66.65880 66.97640 66.73790 67.03450 67.31690 68.36780 69.16140 70.42580 71.81560 71.53510 69.28630 68.32150 67.89840 66.88440 66.00190 64.59070 60.95990 60.32200 59.42840 60.01380 58.91780 59.67870 58.90630 57.85260 57.27860 57.01130 57.20390 58.43500 59.10840 60.00080 58.88990 59.92670 59.16940 59.26860 60.69600 60.28330 60.95430 61.53960 61.51150 62.05000 64.02500 64.08730 64.83220 65.42580 65.48140 66.79850 68.06900 69.11210 69.46660 69.76660 70.26860 69.48300 68.31480 69.33470 69.43140 68.84200 69.39800 69.19200 68.51830 68.22050 67.92050 67.67880 67.81680 67.50880 67.76320 68.02580 68.25110 68.17220 68.00470
65.84890 65.61140 66.33940 65.69820 66.37030 65.77060 64.49550 64.28730 65.14320 67.34770 70.54220 69.91040 69.80900 68.74650 68.32740 67.35810 66.55080 64.95050 63.54060 61.07090 60.14160 59.84260 58.31570 58.72110 58.62410 58.57840 58.85870 58.41380 58.46510 60.08320 62.26440 61.98250 62.04230 62.67200 63.24530 63.69170 62.14210 62.81430 62.70660 63.23470 63.90590 64.33660 64.99020 65.36760 65.37240 66.44830 66.57770 66.18800 67.35230 68.38120 68.28320 68.90510 69.30290 69.61480 69.60530 68.61390 68.60100 68.71800 68.52890 68.63970 68.48380 67.92280 67.64750 67.99980 67.32350 67.71810 67.55110 67.84810 68.40030 68.96640 68.62190
62.25550 62.33930 65.69350 65.90140 66.43540 66.38340 66.70880 66.37310 65.44050 66.32960 68.14430 65.40610 66.82850 67.20420 66.83490 66.91660 66.66130 65.51010 64.81890 63.51550 61.17700 61.22290 58.80380 59.17210 57.28850 58.04700 58.21300 58.65570 58.96850 59.74180 61.32880 61.23970 61.61540 63.14030 61.58560 62.05110 63.04310 63.69940 63.71810 63.89040 64.37360 64.69440 64.99750 66.15800 66.41160 66.38180 65.90920 66.42100 67.37400 67.74540 67.54840 67.48090 68.15260 68.71300 69.12270 68.45100 68.09780 67.88910 68.08740 67.84660 67.69090 67.49560 67.54660 67.33410 67.56770 67.69230 67.11040 67.47250 68.28610 68.32960 68.53730
65.01490 66.96470 67.93440 67.41300 67.26890 66.70620 66.31510 67.40060 67.38880 67.48260 67.87520 68.88150 69.00760 67.97830 67.84690 66.61480 65.55460 65.18920 66.09050 64.62380 63.26350 61.35190 58.14900 57.46900 54.81060 54.40640 57.16560 58.26830 58.66650 60.24600 63.47960 63.41120 62.97170 61.48660 61.71530 62.96220 63.97290 63.72450 64.14040 65.33370 64.93410 65.38180 65.72770 66.13850 66.45300 66.82820 65.83390 65.70640 65.89450 65.18010 65.92960 65.89870 67.24880 67.87990 68.02670 68.39520 67.67990 67.43630 67.64380 67.76180 68.15610 67.31490 67.41360 67.09690 66.73530 66.68680 66.68590 66.75110 67.38210 68.24740 68.81040
69.07000 69.04880 68.90540 67.63180 66.48860 65.65280 65.94100 66.71720 67.34700 67.77840 68.08320 68.26100 68.21870 64.86940 64.79570 65.61700 64.45490 63.61650 63.51380 62.74000 63.35430 62.88000 59.67380 57.53520 56.34310 55.10480 55.55150 55.93850 57.71950 60.86860 63.20720 63.05240 63.61980 61.64970 62.34380 62.63180 65.00010 64.68550 65.42260 65.90870 65.84850 65.87290 66.21770 65.54880 66.99580 66.45450 66.40980 66.36850 65.76140 65.38430 65.50380 65.82130 66.47030 66.68500 66.60750 67.21960 67.09750 66.67320 67.46550 67.25220 66.44510 65.83180 65.81920 65.47300 65.41140 65.77620 66.11840 66.49110 66.55740 67.77270 68.07440
71.39110 71.13670 70.06310 69.67730 68.33070 66.65790 66.56710 65.63130 65.78580 66.57370 66.15800 66.73470 66.97970 66.71840 63.44900 60.16500 60.14350 61.58480 61.25500 61.21450 60.55190 60.04930 58.11230 56.20730 54.92020 54.58140 55.58960 57.63180 58.19520 60.41280 62.71160 63.43970 64.68970 63.34470 63.72290 63.51620 64.11470 64.93540 66.21870 66.76410 66.45420 66.20210 67.27770 67.09110 67.78760 67.98870 65.73770 65.25040 65.33190 65.61250 67.11010 66.73890 66.35770 66.73410 66.03590 66.46490 66.93710 67.06370 67.33700 68.03030 67.59680 67.44420 66.96530 66.65080 66.68840 66.17530 65.97320 65.77720 66.54170 67.52090 68.14340
73.68990 -9999 72.83450 70.59910 70.03120 68.34840 -9999 66.77550 68.42970 67.74980 67.25520 67.05570 67.11160 67.78770 67.13280 66.80550 66.74360 63.80690 60.53590 58.35140 57.55850 55.93120 57.55770 57.18380 56.79530 55.96750 56.73770 57.56100 59.69880 61.58540 64.64110 66.50970 65.04780 64.62800 64.72600 65.03030 65.72900 65.13840 65.63020 65.86030 66.64410 66.03920 67.11310 67.60090 66.42110 67.14660 65.02940 65.29130 65.39790 65.51330 67.13230 67.44090 66.96510 66.87120 66.11210 65.78760 66.35860 67.08600 67.47250 67.22500 67.56370 67.26240 67.11570 66.51740 66.24290 65.87910 65.69270 65.20890 65.41800 66.38420 66.23730
