data/hydroclimate-scenarios/1948-2000.Pcorr55N_Pref_Tref/monthly_summaries/rh_monthly_avg_jul.1950-2000.asc
ncols	311
nrows	91
xllcenter	102.75
yllcenter	31.75
cellsize	0.5
NODATA_value	-9999
[rows 0 to 31 of 91, columns 0 to 70 of 311]
-9999 -9999 -9999 -9999 -9999 -9999 -9999 -9999 -9999 -9999 -9999 -9999 -9999 -9999 -9999 -9999 -9999 -9999 -9999 -9999 -9999 -9999 -9999 -9999 -9999 -9999 -9999 -9999 -9999 -9999 -9999 -9999 -9999 -9999 -9999 -9999 -9999 -9999 -9999 -9999 -9999 -9999 -9999 -9999 -9999 -9999 -9999 -9999 -9999 -9999 -9999 -9999 -9999 -9999 -9999 -9999 -9999 -9999 -9999 -9999 -9999 -9999 -9999 -9999 -9999 -9999 -9999 -9999 -9999 -9999 -9999
-9999 -9999 -9999 -9999 -9999 -9999 -9999 -9999 -9999 -9999 -9999 -9999 -9999 -9999 -9999 -9999 -9999 -9999 -9999 -9999 -9999 -9999 -9999 -9999 -9999 -9999 -9999 -9999 -9999 -9999 -9999 -9999 -9999 -9999 -9999 -9999 -9999 -9999 -9999 -9999 -9999 -9999 -9999 -9999 -9999 -9999 -9999 -9999 -9999 -9999 -9999 -9999 -9999 -9999 -9999 -9999 -9999 -9999 -9999 -9999 -9999 -9999 -9999 -9999 -9999 -9999 -9999 -9999 -9999 -9999 -9999
-9999 -9999 -9999 -9999 -9999 -9999 -9999 -9999 -9999 -9999 -9999 -9999 -9999 -9999 -9999 -9999 -9999 -9999 -9999 -9999 -9999 -9999 -9999 -9999 -9999 -9999 -9999 -9999 -9999 -9999 -9999 -9999 -9999 -9999 -9999 -9999 -9999 -9999 -9999 -9999 -9999 -9999 -9999 -9999 -9999 -9999 -9999 -9999 -9999 -9999 -9999 -9999 -9999 -9999 -9999 -9999 -9999 -9999 -9999 -9999 -9999 -9999 -9999 -9999 -9999 -9999 -9999 -9999 -9999 -9999 -9999
-9999 -9999 -9999 -9999 -9999 -9999 -9999 -9999 -9999 -9999 -9999 -9999 -9999 -9999 -9999 -9999 -9999 -9999 -9999 -9999 -9999 -9999 -9999 -9999 -9999 -9999 -9999 -9999 -9999 -9999 -9999 -9999 -9999 -9999 -9999 -9999 -9999 -9999 -9999 -9999 -9999 -9999 -9999 -9999 -9999 -9999 -9999 -9999 -9999 -9999 -9999 -9999 -9999 -9999 -9999 -9999 -9999 -9999 -9999 -9999 -9999 -9999 -9999 -9999 -9999 -9999 -9999 -9999 -9999 -9999 -9999
-9999 -9999 -9999 -9999 -9999 -9999 -9999 -9999 -9999 -9999 -9999 -9999 -9999 -9999 -9999 -9999 -9999 -9999 -9999 -9999 -9999 -9999 -9999 -9999 -9999 -9999 -9999 -9999 -9999 -9999 -9999 -9999 -9999 -9999 -9999 -9999 -9999 -9999 -9999 -9999 -9999 -9999 -9999 -9999 -9999 -9999 -9999 -9999 -9999 -9999 -9999 -9999 -9999 -9999 -9999 -9999 -9999 -9999 -9999 -9999 -9999 -9999 -9999 -9999 -9999 -9999 -9999 -9999 -9999 -9999 -9999
-9999 -9999 -9999 -9999 -9999 -9999 -9999 -9999 -9999 -9999 -9999 -9999 -9999 -9999 -9999 -9999 -9999 -9999 -9999 -9999 -9999 -9999 -9999 -9999 -9999 -9999 -9999 -9999 -9999 -9999 -9999 -9999 -9999 -9999 -9999 -9999 -9999 -9999 -9999 -9999 -9999 -9999 -9999 -9999 -9999 -9999 -9999 -9999 -9999 -9999 -9999 -9999 -9999 -9999 -9999 -9999 -9999 -9999 -9999 -9999 -9999 -9999 -9999 -9999 -9999 -9999 -9999 -9999 -9999 -9999 -9999
-9999 -9999 -9999 -9999 -9999 -9999 -9999 -9999 -9999 -9999 -9999 -9999 -9999 -9999 -9999 -9999 -9999 -9999 -9999 -9999 -9999 -9999 -9999 -9999 -9999 -9999 -9999 -9999 -9999 -9999 -9999 -9999 -9999 -9999 -9999 -9999 -9999 -9999 -9999 -9999 -9999 -9999 -9999 -9999 -9999 -9999 -9999 -9999 -9999 -9999 -9999 -9999 -9999 -9999 -9999 -9999 -9999 -9999 -9999 -9999 -9999 -9999 -9999 -9999 -9999 -9999 -9999 -9999 -9999 -9999 -9999
-9999 -9999 -9999 -9999 -9999 -9999 -9999 -9999 -9999 -9999 -9999 -9999 -9999 -9999 -9999 -9999 -9999 -9999 -9999 -9999 -9999 -9999 -9999 -9999 -9999 -9999 -9999 -9999 -9999 -9999 -9999 -9999 -9999 -9999 -9999 -9999 -9999 -9999 -9999 -9999 -9999 -9999 47.55440 48.05090 47.67180 47.67620 47.72180 47.25500 46.30350 45.45060 45.31800 44.07540 -9999 -9999 -9999 -9999 -9999 -9999 -9999 -9999 -9999 -9999 -9999 -9999 -9999 -9999 -9999 -9999 -9999 -9999 -9999
-9999 -9999 -9999 -9999 -9999 -9999 -9999 -9999 -9999 -9999 -9999 -9999 -9999 -9999 -9999 -9999 -9999 -9999 -9999 -9999 -9999 -9999 -9999 -9999 -9999 -9999 -9999 -9999 -9999 -9999 -9999 -9999 -9999 -9999 -9999 -9999 -9999 -9999 49.49210 49.61280 49.50450 49.14260 48.95180 48.30430 47.65840 48.20780 47.47930 47.56920 46.78540 45.99140 45.28470 44.70140 43.68480 43.01380 -9999 -9999 -9999 -9999 -9999 -9999 -9999 -9999 -9999 -9999 -9999 -9999 -9999 -9999 -9999 -9999 -9999
-9999 -9999 -9999 -9999 -9999 -9999 -9999 -9999 -9999 -9999 -9999 -9999 -9999 -9999 -9999 -9999 -9999 -9999 -9999 -9999 -9999 -9999 -9999 -9999 -9999 -9999 -9999 -9999 -9999 -9999 -9999 -9999 -9999 -9999 -9999 -9999 -9999 -9999 -9999 -9999 48.76500 48.73740 48.87120 48.63920 48.21130 48.67790 48.01870 47.55030 47.35410 46.70620 46.28130 44.80180 44.17180 42.92940 -9999 -9999 -9999 -9999 -9999 -9999 -9999 -9999 -9999 -9999 -9999 -9999 -9999 -9999 -9999 -9999 -9999
-9999 -9999 -9999 -9999 -9999 -9999 -9999 -9999 -9999 -9999 -9999 -9999 -9999 -9999 -9999 -9999 -9999 -9999 -9999 -9999 -9999 -9999 -9999 -9999 -9999 -9999 -9999 -9999 -9999 -9999 -9999 -9999 -9999 -9999 -9999 -9999 -9999 -9999 -9999 -9999 -9999 -9999 -9999 -9999 48.75570 48.33680 48.30410 48.67260 48.01680 47.83830 47.49130 47.48930 45.61670 44.24770 -9999 -9999 -9999 -9999 -9999 -9999 41.26640 -9999 -9999 -9999 -9999 -9999 -9999 -9999 -9999 -9999 -9999
-9999 -9999 -9999 -9999 -9999 -9999 -9999 -9999 -9999 -9999 -9999 -9999 -9999 -9999 -9999 -9999 -9999 -9999 -9999 -9999 -9999 -9999 -9999 -9999 -9999 -9999 -9999 -9999 -9999 -9999 -9999 -9999 -9999 -9999 -9999 -9999 -9999 -9999 -9999 -9999 -9999 50.07710 49.85950 49.73630 49.52420 48.51990 48.66310 49.05600 48.89680 48.49630 48.13990 47.73190 46.54170 45.47400 -9999 -9999 -9999 -9999 -9999 41.70140 41.11940 40.29230 40.29540 39.32640 39.24270 39.32700 39.38430 39.09310 38.87170 37.96040 38.36220
-9999 -9999 -9999 -9999 -9999 -9999 -9999 -9999 -9999 -9999 -9999 -9999 -9999 -9999 -9999 -9999 -9999 -9999 -9999 -9999 -9999 -9999 -9999 -9999 -9999 -9999 -9999 -9999 -9999 -9999 -9999 -9999 -9999 -9999 -9999 -9999 -9999 -9999 -9999 -9999 -9999 49.49420 49.91770 49.72410 49.14690 48.67320 48.23980 48.70020 48.50300 48.87500 48.21840 48.65330 48.12190 46.68050 45.83700 45.05900 43.79110 -9999 42.07670 42.12190 41.09490 40.95250 40.52170 40.38430 40.25590 40.05730 39.44550 39.61810 38.84020 39.16750 39.22330
-9999 -9999 -9999 -9999 -9999 -9999 -9999 -9999 -9999 -9999 -9999 -9999 -9999 -9999 -9999 -9999 -9999 -9999 -9999 -9999 -9999 -9999 -9999 -9999 -9999 -9999 -9999 -9999 -9999 -9999 -9999 -9999 -9999 -9999 -9999 49.76640 49.74350 50.03790 49.98190 49.20010 49.05840 48.73340 49.08310 49.27100 49.00910 48.72440 48.30480 48.77570 48.14700 49.02180 49.00910 48.89050 48.75600 47.33440 47.16870 46.43750 45.20970 43.98220 42.26040 42.25790 41.12170 41.25360 41.13660 42.17780 41.45100 40.11650 40.00460 40.20370 39.71850 39.89030 39.92530
-9999 -9999 -9999 -9999 -9999 -9999 -9999 -9999 -9999 -9999 -9999 -9999 -9999 -9999 -9999 -9999 -9999 -9999 -9999 -9999 -9999 -9999 -9999 -9999 -9999 -9999 -9999 -9999 -9999 -9999 -9999 -9999 -9999 -9999 49.19050 50.32430 50.18440 49.71130 49.64060 49.79200 49.65400 48.68680 48.76020 48.31790 48.51230 48.60570 48.31640 48.60230 48.66930 49.09150 49.40850 49.10540 48.64040 48.37010 47.97930 47.00050 46.11520 44.20550 42.27780 42.10440 42.11110 42.81200 42.39010 42.82540 41.06000 40.20700 40.37780 41.27240 42.45470 41.74110 42.99550
-9999 -9999 -9999 -9999 -9999 -9999 -9999 -9999 -9999 -9999 -9999 -9999 -9999 -9999 -9999 -9999 -9999 -9999 -9999 -9999 -9999 -9999 -9999 -9999 -9999 -9999 -9999 -9999 -9999 -9999 -9999 -9999 -9999 49.33660 49.36640 49.46850 49.88410 49.56890 49.55090 49.19170 49.29000 48.74660 48.82670 48.64180 48.40270 48.60630 48.54540 49.03800 49.60620 49.43720 49.11880 48.66170 44.90850 48.16870 47.93200 46.79570 46.53390 44.13510 42.31820 42.93140 43.12140 41.96070 41.12680 39.93060 40.56760 40.93820 41.26120 41.90200 42.56680 42.13800 42.48750
-9999 -9999 -9999 -9999 -9999 -9999 -9999 -9999 -9999 -9999 -9999 -9999 -9999 -9999 -9999 -9999 -9999 -9999 -9999 -9999 -9999 -9999 -9999 -9999 -9999 -9999 -9999 -9999 -9999 -9999 -9999 49.33720 49.51470 49.72970 49.54730 49.44180 49.64410 49.20480 49.24940 48.93170 49.21580 48.60300 48.48450 48.43780 48.67370 49.17880 49.13740 49.37480 49.74260 49.69720 49.35230 48.63480 44.71380 47.67780 47.71590 46.74670 45.63650 44.45560 44.45690 43.00330 42.13280 41.18860 40.94690 39.83560 40.60700 41.09630 40.96490 40.96900 41.14210 42.69420 43.25940
-9999 -9999 -9999 -9999 -9999 -9999 -9999 -9999 -9999 -9999 -9999 -9999 -9999 -9999 -9999 -9999 -9999 -9999 -9999 -9999 -9999 -9999 -9999 -9999 -9999 -9999 -9999 -9999 -9999 49.39810 49.21470 49.86530 49.64400 49.93000 49.53550 49.35880 49.43020 49.41330 49.45360 49.50260 49.39740 48.96580 48.63280 48.65210 48.89970 49.49070 49.41840 49.80110 49.97310 49.83240 49.28370 45.44880 44.91710 47.88880 47.58650 47.04680 45.97360 44.79760 43.68530 41.78590 41.23800 41.30600 41.14540 40.97310 40.88040 40.56160 41.69250 42.44060 42.63000 42.59530 42.38510
-9999 -9999 -9999 -9999 -9999 -9999 -9999 -9999 -9999 -9999 -9999 -9999 -9999 -9999 -9999 -9999 -9999 -9999 -9999 -9999 -9999 -9999 -9999 -9999 51.15480 50.92100 50.39810 49.44430 49.24630 49.16260 49.08920 48.84110 49.01290 48.72310 48.83470 48.76150 48.94190 49.19600 49.49960 49.08420 49.07260 49.05480 49.10130 49.19840 49.27230 49.52100 49.36720 50.00500 49.93130 49.46360 49.05950 47.17590 47.50780 47.94600 47.69400 46.83160 45.71820 44.79280 43.95010 42.72670 40.97410 40.71040 39.88690 40.22210 40.64330 41.25260 41.19600 40.61330 41.47620 42.44910 43.66130
-9999 -9999 -9999 -9999 -9999 -9999 51.86920 51.93070 51.91910 51.26100 51.17120 -9999 -9999 -9999 -9999 -9999 -9999 -9999 -9999 -9999 -9999 50.83460 51.32240 51.25540 50.92790 50.92540 50.49240 49.96730 50.10260 49.45740 49.06090 48.89670 48.74430 48.69820 48.95760 48.37880 48.71830 48.62690 49.05800 48.71630 48.79920 49.17180 49.19820 49.45130 49.17350 49.41250 49.39440 49.92680 50.00540 49.47830 48.86130 48.56810 47.59540 48.21400 47.97370 46.91510 46.03540 45.30870 43.87880 42.64040 41.67040 41.34360 41.45310 42.04430 42.32550 41.17250 40.70420 41.31340 41.82450 42.15550 42.91580
-9999 -9999 -9999 -9999 -9999 52.00430 51.74860 52.16100 51.85970 51.55410 51.33090 51.65260 51.47970 51.59650 -9999 -9999 -9999 51.35260 51.31670 51.17620 51.14790 50.90440 50.83000 50.94590 50.81490 50.52070 50.66970 49.80580 49.91550 49.57080 49.14110 48.89270 48.48440 48.41340 48.36520 47.97570 48.01780 48.15390 48.40090 48.20780 48.61850 49.01400 49.11380 49.43210 49.66210 49.46630 50.06690 49.98010 49.88110 49.62050 49.16380 48.95590 48.70560 48.72120 48.31270 47.83450 47.46710 46.03920 44.48040 43.82710 42.73470 43.01830 43.05600 42.10180 43.22280 43.59660 43.36980 43.43910 43.30340 43.77840 43.93910
-9999 52.99270 52.85600 52.25140 52.09210 52.04470 51.85970 51.86560 51.84820 51.25500 51.28600 51.56740 51.55680 51.40280 51.49780 50.69260 50.27390 51.25000 51.11590 51.04800 50.93360 50.69210 50.32590 50.39720 50.29340 50.44500 50.40330 49.92570 49.94590 49.49530 48.56340 48.36670 47.91590 48.12000 48.10040 47.64220 47.64170 47.86830 47.90620 47.12910 47.57090 48.12840 48.54310 49.15870 49.31150 49.10690 49.75840 49.71800 50.24410 49.81470 49.25830 49.09970 49.00730 48.67520 48.68110 48.33630 47.90500 46.49520 45.77380 45.05500 43.91090 44.05790 44.02380 43.70850 44.01800 43.62620 43.17300 43.94810 43.75820 44.64890 44.75070
-9999 52.61180 51.91810 51.75400 51.43800 51.09540 50.97700 50.64900 50.60930 50.96480 50.91810 50.98790 50.95740 50.68380 50.63620 51.00750 51.17580 51.18450 51.26160 50.93320 50.98670 50.67470 50.19830 50.18480 50.32270 50.13430 49.90070 49.73890 49.78560 48.76530 48.39070 47.61040 47.43370 46.95420 47.13980 47.58210 47.31140 47.22250 47.14760 47.14290 46.88020 47.06160 47.41960 47.66170 47.83650 47.54500 48.12000 48.88060 49.16080 49.50820 49.12920 49.00660 48.63220 47.68590 47.65060 48.14770 47.68950 47.09660 46.38590 46.23990 45.14010 44.83160 44.52900 43.70510 43.87020 43.59240 43.66130 43.77880 43.90830 44.61260 44.65710
-9999 -9999 -9999 51.85890 51.41640 50.98170 50.75770 50.58940 50.32330 50.37630 50.23300 50.39900 50.57830 50.31400 50.45840 50.77260 51.04400 50.64540 50.99040 50.99550 51.00240 50.90200 50.36260 50.43510 50.28940 49.88290 49.73460 49.58150 49.13720 48.51050 47.96300 47.60310 47.22540 46.49730 46.78230 47.09010 47.14630 46.77730 46.84950 46.59120 46.50390 46.56190 46.94060 47.43770 47.33640 47.28060 47.46700 48.59850 48.70310 48.95510 48.90130 49.08900 48.66100 48.08730 47.89410 47.98640 47.96820 47.39710 46.99050 46.44940 45.47830 45.34220 45.09850 44.38580 43.87450 43.71190 43.71570 44.31010 44.73910 45.01490 45.20240
-9999 -9999 -9999 -9999 -9999 -9999 50.51550 50.30710 50.04600 49.86090 49.83040 49.55590 49.59800 49.60440 49.83480 50.60040 50.60370 50.90220 51.05110 51.02260 50.83060 50.76850 50.60230 50.59090 50.33890 50.17150 49.36620 48.86590 48.84630 47.79630 47.39580 47.68180 46.80310 46.71140 46.32570 46.20910 46.37730 46.46620 46.61710 46.80590 47.30130 46.59860 47.04660 47.00340 47.21280 47.45060 47.55170 48.53270 48.55530 49.19060 49.21530 49.11340 48.74600 48.20520 47.96600 47.99690 47.78720 47.09230 46.61840 46.75800 46.08150 46.06350 45.71780 45.02230 44.68100 44.74860 44.88330 45.50260 45.97950 46.76530 46.47420
-9999 -9999 -9999 -9999 -9999 -9999 50.18940 49.74940 49.71240 49.79270 49.77880 49.34670 49.26670 49.55720 49.84230 50.62980 50.62950 51.15030 51.32330 51.30160 51.10410 51.07120 51.11570 51.07290 50.56530 49.88680 49.15740 48.62530 48.30720 47.82330 47.45570 47.26760 46.73520 46.30990 46.10220 45.88130 45.46150 45.63010 45.71800 46.58840 47.22990 46.35060 46.69700 47.38530 46.98910 47.21970 47.47010 47.36380 47.71050 48.30400 48.82140 48.94290 49.05350 48.26500 48.02160 47.75420 47.57790 47.47480 46.81270 46.88630 46.41390 46.18510 45.76950 45.42230 45.64450 45.47070 46.15560 46.54820 46.88160 47.54880 47.45970
-9999 -9999 -9999 -9999 -9999 -9999 -9999 -9999 -9999 -9999 48.79260 49.06750 49.29110 49.05010 49.53010 50.30420 50.57010 50.99770 51.14750 50.70550 50.96380 51.10770 50.91380 50.88300 50.71370 50.52880 50.02720 48.98520 48.43540 47.83810 47.29810 47.28370 47.07710 46.68880 46.44640 45.62820 45.47480 45.11540 45.03890 45.77040 46.08720 46.99020 47.26910 47.32140 47.17500 47.41700 47.73200 47.72500 47.43960 47.39170 47.14370 46.92210 46.71500 46.55370 46.28050 45.63410 45.91890 45.83940 45.70420 45.45450 45.02860 45.48490 45.31990 45.57260 45.69150 45.77880 46.38380 46.80690 47.37450 48.11390 48.32460
-9999 -9999 -9999 -9999 -9999 -9999 -9999 -9999 -9999 -9999 47.60670 48.26030 48.84630 48.61930 49.35090 50.33900 50.94560 51.15140 51.59460 51.26950 51.65450 51.64510 51.71190 51.26610 50.78920 50.27420 49.41760 48.96380 48.08480 47.35300 46.98110 47.15490 46.79460 46.53990 46.73320 46.02440 45.66100 45.51390 46.07790 46.26380 46.70520 47.71070 47.66390 47.64290 47.49650 47.96260 47.95260 48.02670 47.73670 47.52900 46.86360 46.46740 46.04180 45.94040 45.26560 45.18240 45.24810 44.83720 44.54520 44.78690 44.53630 44.70740 44.42300 44.68110 44.52460 45.44370 46.56890 47.06990 48.03040 48.97050 49.39320
-9999 -9999 -9999 -9999 -9999 -9999 -9999 -9999 -9999 -9999 -9999 -9999 47.75040 49.05410 49.69720 50.36940 50.67170 50.57610 51.35180 51.59530 51.55820 51.91940 51.52290 51.49920 51.07380 50.22760 49.56810 48.64440 48.00090 47.20990 46.46090 47.04550 47.20820 46.84410 46.68040 46.28080 46.25780 46.33130 46.49730 47.32300 47.55150 48.00270 48.37660 48.15500 47.96170 47.86610 48.15620 48.19480 48.19650 47.59550 47.41870 47.14020 46.52130 46.06960 45.05840 44.39810 44.58480 44.77120 44.67190 45.28170 45.18660 44.80310 44.52360 44.62340 44.80220 45.40040 46.45380 47.55180 48.64370 49.95970 50.38410
-9999 -9999 -9999 -9999 -9999 -9999 -9999 -9999 -9999 -9999 -9999 -9999 47.70370 48.76000 49.35560 50.31880 50.49870 50.84200 51.95330 51.86620 51.83700 52.21950 52.17820 51.52320 51.16690 50.78320 49.64930 48.71110 48.18710 46.99900 46.64420 47.49320 47.31990 47.30650 47.76000 46.82320 47.21590 47.79100 47.40940 47.95610 48.02560 48.31250 48.53650 48.43660 48.16290 48.47130 48.34190 48.42220 48.27100 48.32870 48.10740 47.75680 46.62630 45.79610 44.91760 44.67390 44.99260 44.81750 44.86480 45.44200 45.17250 45.10000 45.03000 44.86210 45.28330 46.00470 46.93140 48.39120 49.53700 50.79510 51.14900
-9999 -9999 -9999 -9999 -9999 -9999 -9999 -9999 -9999 -9999 -9999 46.89900 47.90740 48.30640 48.81640 50.50640 51.09450 51.27990 52.05670 52.58140 52.17650 52.65990 52.25210 52.35280 51.65940 51.07760 50.32740 49.56600 48.56740 47.59470 47.08260 47.19430 47.53860 47.01760 47.15710 47.85220 47.80940 48.29160 49.01200 49.09990 49.20300 49.30120 49.43210 49.55330 49.21850 48.75980 48.85140 48.50890 48.59410 48.38040 48.30560 48.01160 47.25130 46.35310 45.38180 45.41190 45.55630 45.92270 45.69740 45.35390 45.20380 45.35500 45.33610 45.33410 45.83300 46.73730 47.84380 49.35210 50.17520 51.10710 50.97520
-9999 -9999 -9999 -9999 -9999 -9999 -9999 -9999 -9999 -9999 -9999 46.41940 47.43630 48.44640 49.26260 50.97600 51.46880 51.95840 52.60330 53.00950 53.10100 53.13650 52.92820 52.51050 51.85810 51.28070 50.64640 50.12540 49.08430 48.53180 48.10990 47.95820 47.93120 47.62140 47.66830 48.26690 48.56590 49.04130 49.73910 49.53360 49.78620 49.89020 49.83880 50.47810 50.25070 49.61210 49.50850 49.27180 49.33940 48.94820 48.48370 48.66760 48.17980 47.47800 47.07930 46.60560 46.69010 46.55190 46.28890 46.19820 45.74210 45.85410 45.69570 45.78440 46.14320 47.20730 48.51430 49.73640 50.99220 51.63540 52.00140
