data/hydroclimate-scenarios/1948-2000.Pcorr55N_Pref_Tref/monthly_summaries/rh_monthly_avg_aug.asc
ncols	311
nrows	91
xllcenter	102.75
yllcenter	31.75
cellsize	0.5
NODATA_value	-9999
[rows 0 to 31 of 91, columns 213 to 283 of 311]
-9999 -9999 -9999 -9999 -9999 -9999 -9999 -9999 -9999 -9999 -9999 -9999 -9999 -9999 -9999 -9999 -9999 -9999 -9999 -9999 -9999 -9999 -9999 -9999 -9999 -9999 -9999 -9999 -9999 -9999 -9999 -9999 -9999 -9999 -9999 -9999 -9999 -9999 -9999 -9999 -9999 -9999 -9999 -9999 -9999 -9999 -9999 -9999 -9999 -9999 -9999 -9999 -9999 -9999 -9999 -9999 -9999 -9999 -9999 -9999 -9999 -9999 -9999 -9999 -9999 -9999 -9999 -9999 -9999 -9999 -9999
-9999 -9999 -9999 -9999 -9999 -9999 -9999 -9999 -9999 -9999 -9999 -9999 -9999 -9999 -9999 -9999 -9999 -9999 -9999 -9999 -9999 -9999 -9999 -9999 -9999 -9999 -9999 -9999 -9999 -9999 -9999 -9999 -9999 -9999 -9999 -9999 -9999 -9999 -9999 -9999 -9999 -9999 -9999 -9999 -9999 -9999 -9999 -9999 -9999 -9999 -9999 -9999 -9999 -9999 -9999 -9999 -9999 -9999 -9999 -9999 -9999 -9999 -9999 -9999 -9999 -9999 -9999 -9999 -9999 -9999 -9999
-9999 -9999 -9999 -9999 -9999 -9999 -9999 -9999 -9999 -9999 -9999 -9999 -9999 -9999 -9999 -9999 -9999 -9999 -9999 -9999 -9999 -9999 -9999 -9999 -9999 -9999 -9999 -9999 -9999 -9999 -9999 -9999 -9999 -9999 -9999 -9999 -9999 -9999 -9999 -9999 -9999 -9999 -9999 -9999 -9999 -9999 -9999 -9999 -9999 -9999 -9999 -9999 -9999 -9999 -9999 -9999 -9999 -9999 -9999 -9999 -9999 -9999 -9999 -9999 -9999 -9999 -9999 -9999 -9999 -9999 -9999
-9999 -9999 -9999 -9999 -9999 -9999 -9999 -9999 -9999 -9999 -9999 -9999 -9999 -9999 -9999 -9999 -9999 -9999 -9999 -9999 -9999 -9999 -9999 -9999 -9999 -9999 -9999 -9999 -9999 -9999 -9999 -9999 -9999 -9999 -9999 -9999 -9999 -9999 -9999 -9999 -9999 -9999 -9999 -9999 -9999 -9999 -9999 -9999 -9999 -9999 -9999 -9999 -9999 -9999 -9999 -9999 -9999 -9999 -9999 -9999 -9999 -9999 -9999 -9999 -9999 -9999 -9999 -9999 -9999 -9999 -9999
-9999 -9999 -9999 -9999 -9999 -9999 -9999 -9999 -9999 -9999 -9999 -9999 -9999 -9999 -9999 -9999 -9999 -9999 -9999 -9999 -9999 -9999 -9999 -9999 -9999 -9999 -9999 -9999 -9999 -9999 -9999 -9999 -9999 -9999 -9999 -9999 -9999 -9999 -9999 -9999 -9999 -9999 -9999 -9999 -9999 -9999 -9999 -9999 -9999 -9999 -9999 -9999 -9999 -9999 -9999 -9999 -9999 -9999 -9999 -9999 -9999 -9999 -9999 -9999 -9999 -9999 -9999 -9999 -9999 -9999 -9999
-9999 -9999 -9999 -9999 -9999 -9999 -9999 -9999 -9999 -9999 -9999 -9999 -9999 -9999 -9999 -9999 -9999 -9999 -9999 -9999 -9999 -9999 -9999 -9999 -9999 -9999 -9999 -9999 -9999 -9999 -9999 -9999 -9999 -9999 -9999 -9999 -9999 -9999 -9999 -9999 -9999 -9999 -9999 -9999 -9999 -9999 -9999 -9999 -9999 -9999 -9999 -9999 -9999 -9999 -9999 -9999 -9999 -9999 -9999 -9999 -9999 -9999 -9999 -9999 -9999 -9999 -9999 -9999 -9999 -9999 -9999
-9999 -9999 -9999 -9999 -9999 -9999 -9999 -9999 -9999 -9999 -9999 -9999 -9999 -9999 -9999 -9999 -9999 -9999 -9999 -9999 -9999 -9999 -9999 -9999 -9999 -9999 -9999 -9999 -9999 -9999 -9999 -9999 -9999 -9999 -9999 -9999 -9999 -9999 -9999 -9999 -9999 -9999 -9999 -9999 -9999 -9999 -9999 -9999 -9999 -9999 -9999 -9999 -9999 -9999 -9999 -9999 -9999 -9999 -9999 -9999 -9999 -9999 -9999 -9999 -9999 -9999 -9999 -9999 -9999 -9999 -9999
-9999 -9999 -9999 -9999 -9999 -9999 -9999 -9999 -9999 -9999 -9999 -9999 -9999 -9999 -9999 -9999 -9999 -9999 -9999 -9999 -9999 -9999 -9999 -9999 -9999 -9999 -9999 -9999 -9999 -9999 -9999 -9999 -9999 -9999 -9999 -9999 -9999 -9999 -9999 -9999 -9999 -9999 -9999 -9999 -9999 -9999 -9999 -9999 -9999 -9999 -9999 -9999 -9999 -9999 -9999 -9999 -9999 -9999 -9999 -9999 -9999 -9999 -9999 -9999 -9999 -9999 -9999 -9999 -9999 -9999 -9999
-9999 -9999 -9999 -9999 -9999 -9999 -9999 -9999 -9999 -9999 -9999 -9999 -9999 -9999 -9999 -9999 -9999 -9999 -9999 -9999 -9999 -9999 -9999 -9999 -9999 -9999 -9999 -9999 -9999 -9999 -9999 -9999 -9999 -9999 -9999 -9999 -9999 -9999 -9999 -9999 -9999 -9999 -9999 -9999 -9999 -9999 -9999 -9999 -9999 -9999 -9999 -9999 -9999 -9999 -9999 -9999 -9999 -9999 -9999 -9999 -9999 -9999 -9999 -9999 -9999 -9999 -9999 -9999 -9999 -9999 -9999
-9999 -9999 -9999 -9999 -9999 -9999 -9999 -9999 -9999 -9999 -9999 -9999 -9999 -9999 -9999 -9999 -9999 -9999 -9999 -9999 -9999 -9999 -9999 -9999 -9999 -9999 -9999 -9999 -9999 -9999 -9999 -9999 -9999 -9999 -9999 -9999 -9999 -9999 -9999 -9999 -9999 -9999 -9999 -9999 -9999 -9999 -9999 -9999 -9999 -9999 -9999 -9999 -9999 -9999 -9999 -9999 -9999 -9999 -9999 -9999 -9999 -9999 -9999 -9999 -9999 -9999 -9999 -9999 -9999 -9999 -9999
-9999 -9999 -9999 -9999 -9999 -9999 -9999 -9999 -9999 -9999 -9999 -9999 -9999 -9999 -9999 -9999 -9999 -9999 -9999 -9999 -9999 -9999 -9999 -9999 -9999 -9999 -9999 -9999 -9999 -9999 -9999 -9999 -9999 -9999 -9999 -9999 -9999 -9999 -9999 -9999 -9999 -9999 -9999 -9999 -9999 -9999 -9999 -9999 -9999 -9999 -9999 -9999 -9999 -9999 -9999 -9999 -9999 -9999 -9999 -9999 -9999 -9999 -9999 -9999 -9999 -9999 -9999 -9999 -9999 -9999 -9999
-9999 -9999 -9999 -9999 -9999 -9999 -9999 -9999 -9999 -9999 -9999 -9999 -9999 -9999 -9999 -9999 -9999 -9999 -9999 -9999 -9999 -9999 -9999 -9999 -9999 -9999 -9999 -9999 -9999 -9999 -9999 -9999 -9999 -9999 -9999 -9999 -9999 -9999 -9999 -9999 -9999 -9999 -9999 -9999 -9999 -9999 -9999 -9999 -9999 -9999 -9999 -9999 -9999 -9999 -9999 -9999 -9999 -9999 -9999 -9999 -9999 -9999 -9999 -9999 -9999 -9999 -9999 -9999 -9999 -9999 -9999
-9999 -9999 -9999 -9999 -9999 -9999 -9999 -9999 -9999 -9999 -9999 -9999 -9999 -9999 -9999 -9999 -9999 -9999 -9999 -9999 -9999 -9999 -9999 -9999 -9999 -9999 -9999 -9999 -9999 -9999 -9999 -9999 -9999 -9999 -9999 -9999 -9999 -9999 -9999 -9999 -9999 -9999 -9999 -9999 -9999 -9999 -9999 -9999 -9999 -9999 -9999 -9999 -9999 -9999 -9999 -9999 -9999 -9999 -9999 -9999 -9999 -9999 -9999 -9999 -9999 -9999 -9999 -9999 -9999 -9999 -9999
55.48370 55.12040 55.78280 55.76000 55.42220 55.38670 -9999 -9999 -9999 -9999 -9999 -9999 -9999 -9999 -9999 -9999 -9999 -9999 -9999 -9999 -9999 -9999 -9999 -9999 -9999 -9999 -9999 -9999 -9999 -9999 -9999 -9999 -9999 -9999 -9999 -9999 -9999 -9999 -9999 -9999 -9999 -9999 -9999 -9999 -9999 -9999 -9999 55.30760 -9999 -9999 -9999 -9999 -9999 -9999 -9999 -9999 -9999 -9999 -9999 -9999 -9999 -9999 -9999 -9999 -9999 -9999 -9999 -9999 -9999 -9999 -9999
50.98610 52.72610 54.16070 54.82410 54.28910 54.40850 54.94670 55.04980 55.70710 55.96830 57.27830 58.12820 57.39660 56.11210 55.63450 55.54660 55.30500 55.02920 59.05300 -9999 -9999 -9999 -9999 -9999 -9999 -9999 -9999 -9999 -9999 -9999 -9999 -9999 -9999 -9999 -9999 -9999 -9999 -9999 -9999 -9999 -9999 -9999 56.63650 55.41570 56.73810 59.21440 59.65170 59.27170 56.22080 -9999 -9999 -9999 61.38920 -9999 -9999 -9999 61.62600 62.07120 62.47950 -9999 -9999 -9999 -9999 -9999 -9999 -9999 -9999 -9999 -9999 -9999 -9999
51.10640 52.04060 54.87300 56.07700 55.56060 56.08510 58.53120 60.81410 61.68480 62.27740 62.12860 63.49090 62.49550 63.11550 63.93520 63.51050 62.63800 62.38830 61.21060 60.28310 59.34410 58.51990 57.31840 57.32770 55.63210 -9999 -9999 -9999 -9999 -9999 56.78500 55.94470 55.15810 54.81600 54.34520 53.81400 52.71820 52.23900 52.40360 52.37510 52.06630 52.44460 57.98110 57.77800 59.43290 59.26670 60.24740 60.75970 57.78600 59.26090 60.15180 61.16320 62.15180 61.85820 62.34250 62.55540 62.27000 63.06770 64.61160 64.43150 63.99740 63.12400 62.95810 62.44200 -9999 -9999 -9999 -9999 -9999 -9999 -9999
58.65270 60.27120 61.25030 62.71760 61.77450 62.77090 65.46370 66.70610 66.65520 65.84600 65.50370 65.50010 64.64220 65.19000 64.07940 64.44970 63.57840 63.30480 61.12450 60.18240 59.17610 58.47500 57.40680 58.11000 56.41950 56.72750 57.46440 57.87060 56.96110 56.50890 56.44800 55.51330 55.68880 55.21810 54.55960 54.26240 53.80590 53.53300 53.77370 53.98210 53.91940 54.00750 54.63090 54.65210 55.81420 56.06350 57.11430 58.34790 59.38190 60.04040 61.02400 61.84080 62.20130 62.63270 63.11330 62.55920 62.02830 62.09400 62.30660 61.91920 62.04600 61.90630 62.06160 62.71010 63.11770 62.82260 61.96890 62.02140 61.83430 61.48410 61.96870
64.82120 64.81010 65.53420 66.61800 65.85000 66.27970 65.14040 64.35300 64.51800 63.79260 62.57610 62.08310 63.28770 62.19230 60.71310 60.19860 60.84930 60.23490 61.15780 59.94070 58.65430 58.36770 57.61180 57.30320 55.96080 56.34090 56.81350 56.72730 56.89790 57.13580 56.80610 55.77280 55.58400 54.97730 54.73000 54.24170 53.68350 54.23370 54.40020 54.35540 54.38730 54.36860 55.10500 55.31550 55.76140 56.26510 57.76370 58.30490 59.15350 60.00750 61.05260 61.30670 61.52390 62.30390 62.25010 62.60540 62.21400 61.56190 62.15010 61.42650 61.52650 61.21090 62.26380 62.51440 62.11750 62.16330 62.01240 62.06370 61.34570 61.01710 61.24890
63.02590 62.57900 61.04240 61.92520 62.72290 61.72900 60.88050 61.55880 60.95620 59.49310 59.99390 59.84260 59.34930 57.90290 58.61760 59.27590 58.07760 57.97120 60.10690 59.10670 58.32510 58.01190 57.76350 57.62700 56.45910 56.63960 56.76170 56.59530 57.05020 57.21950 56.73930 55.56490 54.98490 54.40110 53.96820 53.45860 53.83400 53.81760 53.97260 54.52730 54.26880 54.31740 53.88510 54.35570 55.28690 56.26120 57.62540 58.39290 59.15930 59.65510 60.24400 61.04280 62.00260 61.92780 62.02500 61.94950 61.75190 61.91030 61.59330 61.23390 60.88180 61.13470 62.35490 61.59340 61.54580 61.53250 61.02120 60.99840 61.16920 60.47560 60.72110
62.87670 63.42750 64.01340 62.06000 60.92310 60.53200 59.11590 59.43470 57.78250 56.71260 56.38390 55.89490 56.01300 55.42740 57.26570 58.61060 57.55640 57.96300 58.68060 58.48990 58.58670 57.98250 58.18070 57.92390 56.63160 56.48710 56.25120 56.12640 55.83000 56.17040 55.74810 55.02770 54.37650 53.86630 53.10180 53.29270 53.56730 53.61720 53.48260 53.56850 53.80360 53.78460 54.09290 54.39860 54.65500 55.21850 56.82050 58.15020 58.93120 59.72920 59.99240 60.38470 61.01560 61.27530 60.81430 61.09570 60.88170 61.13580 61.11210 60.87760 60.95390 60.86080 61.10980 60.76110 61.16520 60.78780 60.19820 59.64870 59.45230 60.02120 59.88150
63.62590 66.17680 65.95960 63.42000 60.71070 59.13390 58.48740 57.57300 54.52610 53.34460 52.74800 52.13000 52.92240 53.70330 55.56130 59.42960 60.20110 59.71580 59.02310 58.90170 58.73180 58.43060 58.43990 58.01280 56.53230 56.34280 56.30270 55.64740 55.53560 55.61990 55.41670 54.90130 54.07050 53.72990 53.47040 53.23030 53.32410 53.39260 53.36900 53.51270 53.36850 53.48500 53.21090 53.72880 54.55800 55.31090 56.62010 57.93620 58.79650 59.72390 60.12560 60.23530 60.38150 60.36050 60.37810 59.91700 59.82500 60.01200 59.62240 59.17360 60.54590 60.72010 59.48560 59.73160 59.26420 58.87070 59.18390 59.75620 59.68590 60.06890 60.36400
63.78740 63.07780 60.76250 56.21450 54.28460 55.34360 55.90080 57.63090 57.13580 56.19200 55.04450 54.01820 53.77750 53.05000 55.68540 57.55970 58.51460 58.71350 59.53620 59.10850 58.99360 58.02010 57.97110 57.62480 56.27350 55.96160 55.66570 55.28970 55.11290 54.62150 55.01320 54.63810 54.19640 53.38140 52.73400 52.89720 53.10860 53.03040 53.23680 53.08360 53.41860 53.39480 53.43320 53.30150 53.49660 54.89330 56.54840 57.93980 58.75440 59.49270 59.80520 59.45070 59.35940 59.34830 59.19850 58.62610 58.66060 58.49510 58.60450 59.84760 59.93960 59.81690 60.33350 60.11340 59.75690 59.39170 58.21060 58.94470 59.45750 59.45040 59.51290
62.82930 59.15630 57.26790 58.14860 59.88840 62.98160 65.31650 65.77300 64.84040 63.29190 62.94210 62.19720 59.91990 54.29290 57.74330 58.63020 60.87340 59.61610 60.02420 58.94830 58.78590 57.47760 57.00170 56.59720 55.63350 55.21900 55.21090 54.93080 54.71780 54.36740 53.89160 53.59680 53.56870 53.35600 53.17840 53.25560 53.01370 53.36190 53.67810 54.03130 54.43150 54.37200 53.92210 54.04290 54.67010 55.60840 56.58270 58.38820 58.87450 59.72610 59.42290 59.66730 59.07970 59.20840 59.04480 58.85800 58.78610 59.19590 59.12760 59.05710 59.28580 59.18760 57.38250 57.32050 57.04260 56.95340 58.50020 58.52160 58.47460 58.74280 58.94960
61.76190 61.17580 62.46190 61.74580 60.33610 62.28740 64.28330 64.48970 64.05910 63.80240 64.36870 64.60280 64.28970 63.11480 62.71830 61.58530 59.60470 58.06190 59.67840 58.74700 57.83920 56.93430 56.41600 55.89960 54.98880 54.63570 54.48550 54.49780 54.41240 54.23330 53.89210 53.50380 53.52590 53.56610 53.47510 53.77060 53.83030 53.94490 54.23740 54.75840 55.65540 55.75830 55.34550 55.84760 56.26640 57.08270 57.53690 58.35150 59.02820 59.56530 59.24420 58.73890 58.83090 59.12930 58.56710 58.67920 59.18690 58.88850 59.09190 57.69010 57.34030 57.05530 56.86850 57.16330 56.93550 57.07620 57.58750 57.78590 57.90660 57.77840 58.27630
62.00770 61.83400 62.56120 62.41870 61.13790 60.38560 58.87190 59.76920 62.75390 63.44860 64.49810 64.63170 64.68110 64.46070 64.56110 63.53950 62.68810 60.14750 59.30950 58.37760 57.44950 56.60670 56.03480 55.48390 54.56230 53.89970 54.04210 54.04820 54.17390 53.85920 53.74200 53.77250 53.54290 53.46130 53.84140 54.07450 54.21520 54.89630 55.03240 55.32800 54.51080 54.47410 53.77420 54.50200 55.48470 55.96790 56.28770 59.42070 59.82040 59.60750 59.65160 59.50100 58.88110 58.90990 58.86550 58.36840 57.69950 57.63160 56.90900 56.73010 56.56350 57.06760 57.37460 57.09110 56.41330 55.84980 55.42540 55.84740 56.02740 56.25710 57.63780
62.12310 61.87250 61.51420 61.39160 62.25650 61.96330 62.29580 63.27460 63.15410 62.77040 63.64100 63.58840 63.79900 64.05190 63.17390 60.97600 59.87440 59.04050 58.57720 57.60250 56.80700 56.09080 56.06280 55.58070 54.06030 53.49260 53.33210 52.99080 53.41990 53.37260 53.49400 53.22200 53.05460 53.06140 53.32390 53.94810 54.04550 54.70400 54.71590 54.88880 55.21750 53.44080 54.03020 54.63800 55.79560 56.53080 56.86370 56.84560 59.57130 60.14750 59.90660 59.58380 58.85760 58.94500 59.00790 58.31470 57.61430 57.55050 57.09570 56.47990 56.33940 56.20230 56.54750 56.13400 55.96630 56.48640 55.56040 55.45440 55.29060 55.75590 57.13690
64.87080 65.16250 64.88910 64.76710 63.69010 65.85560 66.63030 66.47530 67.14910 67.15920 65.80210 65.61090 62.60090 58.98690 58.33390 59.51060 59.01450 58.45640 58.31750 57.49310 56.26300 56.67700 55.84560 55.37320 53.36450 52.40610 51.87270 52.06760 52.35190 52.73040 53.13000 52.87590 52.57800 52.36610 52.44230 52.32710 53.64870 53.63170 54.09910 54.71080 54.96880 54.01860 54.38140 55.26740 56.27160 56.92960 57.50960 57.89550 58.16860 60.44460 60.78110 60.40190 59.64550 58.98180 57.94010 57.76500 57.59750 57.14790 57.38690 56.82150 56.67340 56.47740 56.08990 56.04090 55.55080 55.12060 55.47680 55.37200 54.78130 54.86000 55.82090
69.61100 69.62040 65.82110 65.23410 64.86720 65.13850 66.32860 65.97020 65.44180 64.48760 65.14230 65.73160 65.50510 65.78150 65.16900 61.34580 58.52860 58.70390 59.25930 58.32480 57.58350 57.11450 56.51660 55.99290 52.84600 51.97360 51.32010 51.03670 51.36130 51.68680 51.94050 51.97920 51.83610 51.91630 52.24120 52.40290 52.64380 53.37020 54.30570 54.88060 55.42590 53.50310 54.81250 55.83340 56.88460 57.71260 58.39430 58.64080 58.39230 59.41770 60.33290 60.79970 60.35290 59.82080 58.00450 57.98840 57.87530 57.39570 57.42790 56.90130 56.61490 56.15440 55.49380 55.09790 55.08300 54.57810 54.70180 54.85600 54.51590 54.51220 55.01860
70.55750 69.19560 68.03910 66.71580 65.42080 66.18230 68.15700 65.18900 63.60720 62.26340 60.75140 60.31610 60.85350 63.93910 63.59900 64.88080 63.84550 60.23930 61.29350 60.16520 58.82440 58.19460 58.33630 56.70060 52.48560 51.28730 50.34250 50.16050 50.41580 50.73330 51.02140 50.97620 50.88890 51.21490 51.76070 52.05190 52.24390 53.12130 53.67700 54.50230 55.48300 54.24290 55.37780 56.36660 57.79500 58.40210 58.99560 59.24840 59.50570 59.84440 59.66440 59.79010 61.02370 60.20860 59.50150 58.72760 58.59210 58.13590 57.40590 56.77540 56.07980 55.62670 55.14490 54.97980 54.45910 54.07650 54.10190 54.39370 54.57980 54.62320 55.38410
68.10260 65.58800 68.34670 66.90350 66.66400 68.58860 68.29900 65.86300 61.33420 59.07380 56.21170 56.43500 63.34210 65.48880 64.69040 64.32620 65.30210 65.22060 63.88020 62.53500 61.40810 59.02170 58.11750 57.52030 55.42780 53.30060 51.78940 48.99960 49.02680 49.79430 50.41560 50.08740 49.68750 50.33290 51.14500 51.33360 51.63920 52.59110 53.22280 54.18050 54.78340 54.27180 55.15220 56.82250 57.98840 58.93410 59.10680 59.14830 59.74710 60.02590 60.40390 60.35920 60.96040 61.50450 61.01140 59.67050 59.38560 58.66260 57.65960 56.74960 56.70170 56.72630 56.56430 56.12490 54.94910 54.05780 53.34720 53.41520 54.10660 54.99050 56.00410
65.52040 63.30650 65.14690 67.46360 65.77580 66.14660 66.00540 66.18840 64.43530 61.78980 58.53770 55.69430 61.04880 63.39180 65.51490 66.75590 66.20330 65.82700 64.56500 63.38930 62.07270 61.40660 59.09210 58.16130 56.20550 53.99580 51.69340 51.39940 51.51230 52.14530 52.25980 51.67290 51.45520 51.45110 51.08860 51.51970 52.21890 52.67950 53.58150 54.45410 55.34740 55.39400 56.71380 56.22250 57.54290 58.16790 58.44220 58.92670 59.51860 60.51070 61.71780 61.81390 61.20570 62.20720 62.67130 61.56190 60.52510 59.71300 57.98850 56.40590 55.83520 55.41120 55.12750 54.36600 53.55450 52.07860 52.00700 52.62010 53.41680 54.78370 55.74730
66.64380 -9999 62.81960 65.84440 67.60230 71.43860 -9999 71.23110 69.00980 65.93340 62.19650 56.82500 59.18910 60.07550 62.69990 63.38970 62.69860 64.70320 66.62080 65.72700 64.53370 62.82030 61.24630 58.93690 56.37660 52.58180 51.21340 51.30480 51.69590 52.33420 52.73340 52.42800 52.27700 51.40380 51.15250 51.54650 51.84230 52.89550 53.28250 54.01450 54.18020 53.65320 56.29440 57.94740 56.92540 57.51340 58.18880 58.67630 60.09350 61.28720 61.76930 62.37800 62.70420 62.92910 63.17710 62.26990 61.06320 60.01210 58.77320 57.59320 56.58890 55.97900 55.12450 54.22160 53.04980 52.05020 51.26430 52.13710 53.55390 55.01220 55.82500
