data/hydroclimate-scenarios/1948-2000.Pcorr55N_Pref_Tref/monthly_summaries/rh_monthly_avg_aug.1950-2000.asc
ncols	311
nrows	91
xllcenter	102.75
yllcenter	31.75
cellsize	0.5
NODATA_value	-9999
[rows 0 to 31 of 91, columns 0 to 70 of 311]
-9999 -9999 -9999 -9999 -9999 -9999 -9999 -9999 -9999 -9999 -9999 -9999 -9999 -9999 -9999 -9999 -9999 -9999 -9999 -9999 -9999 -9999 -9999 -9999 -9999 -9999 -9999 -9999 -9999 -9999 -9999 -9999 -9999 -9999 -9999 -9999 -9999 -9999 -9999 -9999 -9999 -9999 -9999 -9999 -9999 -9999 -9999 -9999 -9999 -9999 -9999 -9999 -9999 -9999 -9999 -9999 -9999 -9999 -9999 -9999 -9999 -9999 -9999 -9999 -9999 -9999 -9999 -9999 -9999 -9999 -9999
-9999 -9999 -9999 -9999 -9999 -9999 -9999 -9999 -9999 -9999 -9999 -9999 -9999 -9999 -9999 -9999 -9999 -9999 -9999 -9999 -9999 -9999 -9999 -9999 -9999 -9999 -9999 -9999 -9999 -9999 -9999 -9999 -9999 -9999 -9999 -9999 -9999 -9999 -9999 -9999 -9999 -9999 -9999 -9999 -9999 -9999 -9999 -9999 -9999 -9999 -9999 -9999 -9999 -9999 -9999 -9999 -9999 -9999 -9999 -9999 -9999 -9999 -9999 -9999 -9999 -9999 -9999 -9999 -9999 -9999 -9999
-9999 -9999 -9999 -9999 -9999 -9999 -9999 -9999 -9999 -9999 -9999 -9999 -9999 -9999 -9999 -9999 -9999 -9999 -9999 -9999 -9999 -9999 -9999 -9999 -9999 -9999 -9999 -9999 -9999 -9999 -9999 -9999 -9999 -9999 -9999 -9999 -9999 -9999 -9999 -9999 -9999 -9999 -9999 -9999 -9999 -9999 -9999 -9999 -9999 -9999 -9999 -9999 -9999 -9999 -9999 -9999 -9999 -9999 -9999 -9999 -9999 -9999 -9999 -9999 -9999 -9999 -9999 -9999 -9999 -9999 -9999
-9999 -9999 -9999 -9999 -9999 -9999 -9999 -9999 -9999 -9999 -9999 -9999 -9999 -9999 -9999 -9999 -9999 -9999 -9999 -9999 -9999 -9999 -9999 -9999 -9999 -9999 -9999 -9999 -9999 -9999 -9999 -9999 -9999 -9999 -9999 -9999 -9999 -9999 -9999 -9999 -9999 -9999 -9999 -9999 -9999 -9999 -9999 -9999 -9999 -9999 -9999 -9999 -9999 -9999 -9999 -9999 -9999 -9999 -9999 -9999 -9999 -9999 -9999 -9999 -9999 -9999 -9999 -9999 -9999 -9999 -9999
-9999 -9999 -9999 -9999 -9999 -9999 -9999 -9999 -9999 -9999 -9999 -9999 -9999 -9999 -9999 -9999 -9999 -9999 -9999 -9999 -9999 -9999 -9999 -9999 -9999 -9999 -9999 -9999 -9999 -9999 -9999 -9999 -9999 -9999 -9999 -9999 -9999 -9999 -9999 -9999 -9999 -9999 -9999 -9999 -9999 -9999 -9999 -9999 -9999 -9999 -9999 -9999 -9999 -9999 -9999 -9999 -9999 -9999 -9999 -9999 -9999 -9999 -9999 -9999 -9999 -9999 -9999 -9999 -9999 -9999 -9999
-9999 -9999 -9999 -9999 -9999 -9999 -9999 -9999 -9999 -9999 -9999 -9999 -9999 -9999 -9999 -9999 -9999 -9999 -9999 -9999 -9999 -9999 -9999 -9999 -9999 -9999 -9999 -9999 -9999 -9999 -9999 -9999 -9999 -9999 -9999 -9999 -9999 -9999 -9999 -9999 -9999 -9999 -9999 -9999 -9999 -9999 -9999 -9999 -9999 -9999 -9999 -9999 -9999 -9999 -9999 -9999 -9999 -9999 -9999 -9999 -9999 -9999 -9999 -9999 -9999 -9999 -9999 -9999 -9999 -9999 -9999
-9999 -9999 -9999 -9999 -9999 -9999 -9999 -9999 -9999 -9999 -9999 -9999 -9999 -9999 -9999 -9999 -9999 -9999 -9999 -9999 -9999 -9999 -9999 -9999 -9999 -9999 -9999 -9999 -9999 -9999 -9999 -9999 -9999 -9999 -9999 -9999 -9999 -9999 -9999 -9999 -9999 -9999 -9999 -9999 -9999 -9999 -9999 -9999 -9999 -9999 -9999 -9999 -9999 -9999 -9999 -9999 -9999 -9999 -9999 -9999 -9999 -9999 -9999 -9999 -9999 -9999 -9999 -9999 -9999 -9999 -9999
-9999 -9999 -9999 -9999 -9999 -9999 -9999 -9999 -9999 -9999 -9999 -9999 -9999 -9999 -9999 -9999 -9999 -9999 -9999 -9999 -9999 -9999 -9999 -9999 -9999 -9999 -9999 -9999 -9999 -9999 -9999 -9999 -9999 -9999 -9999 -9999 -9999 -9999 -9999 -9999 -9999 -9999 60.72770 60.47460 60.19380 60.08240 59.89640 59.78980 59.05670 59.02950 58.60360 58.59420 -9999 -9999 -9999 -9999 -9999 -9999 -9999 -9999 -9999 -9999 -9999 -9999 -9999 -9999 -9999 -9999 -9999 -9999 -9999
-9999 -9999 -9999 -9999 -9999 -9999 -9999 -9999 -9999 -9999 -9999 -9999 -9999 -9999 -9999 -9999 -9999 -9999 -9999 -9999 -9999 -9999 -9999 -9999 -9999 -9999 -9999 -9999 -9999 -9999 -9999 -9999 -9999 -9999 -9999 -9999 -9999 -9999 60.82180 61.06360 61.01710 60.88740 60.72640 60.53760 60.25660 60.05930 59.79380 59.34800 59.11550 58.77130 58.59890 58.69430 57.94600 56.79790 -9999 -9999 -9999 -9999 -9999 -9999 -9999 -9999 -9999 -9999 -9999 -9999 -9999 -9999 -9999 -9999 -9999
-9999 -9999 -9999 -9999 -9999 -9999 -9999 -9999 -9999 -9999 -9999 -9999 -9999 -9999 -9999 -9999 -9999 -9999 -9999 -9999 -9999 -9999 -9999 -9999 -9999 -9999 -9999 -9999 -9999 -9999 -9999 -9999 -9999 -9999 -9999 -9999 -9999 -9999 -9999 -9999 60.36290 60.43300 60.38950 60.11110 59.55880 59.61170 59.70990 59.11680 59.31650 58.98630 58.43860 58.29340 57.90220 56.62750 -9999 -9999 -9999 -9999 -9999 -9999 -9999 -9999 -9999 -9999 -9999 -9999 -9999 -9999 -9999 -9999 -9999
-9999 -9999 -9999 -9999 -9999 -9999 -9999 -9999 -9999 -9999 -9999 -9999 -9999 -9999 -9999 -9999 -9999 -9999 -9999 -9999 -9999 -9999 -9999 -9999 -9999 -9999 -9999 -9999 -9999 -9999 -9999 -9999 -9999 -9999 -9999 -9999 -9999 -9999 -9999 -9999 -9999 -9999 -9999 -9999 60.07390 59.79900 59.27350 59.31510 59.27320 59.03080 58.79200 58.34340 57.88990 57.03750 -9999 -9999 -9999 -9999 -9999 -9999 54.14500 -9999 -9999 -9999 -9999 -9999 -9999 -9999 -9999 -9999 -9999
-9999 -9999 -9999 -9999 -9999 -9999 -9999 -9999 -9999 -9999 -9999 -9999 -9999 -9999 -9999 -9999 -9999 -9999 -9999 -9999 -9999 -9999 -9999 -9999 -9999 -9999 -9999 -9999 -9999 -9999 -9999 -9999 -9999 -9999 -9999 -9999 -9999 -9999 -9999 -9999 -9999 59.72850 59.77230 60.08100 59.71640 59.74600 59.64120 59.42390 59.09470 59.10690 58.34550 58.26560 57.67140 57.57900 -9999 -9999 -9999 -9999 -9999 54.24670 53.69170 53.28210 53.09060 52.73550 52.61240 52.44540 52.36130 52.43160 52.13550 51.57880 51.66750
-9999 -9999 -9999 -9999 -9999 -9999 -9999 -9999 -9999 -9999 -9999 -9999 -9999 -9999 -9999 -9999 -9999 -9999 -9999 -9999 -9999 -9999 -9999 -9999 -9999 -9999 -9999 -9999 -9999 -9999 -9999 -9999 -9999 -9999 -9999 -9999 -9999 -9999 -9999 -9999 -9999 59.36830 59.74980 60.05040 59.83490 59.94010 59.51450 59.25200 59.27510 59.30610 58.82460 57.96910 57.55930 57.33270 56.88960 55.68440 55.41740 -9999 54.40770 54.12850 53.72940 52.97980 52.33060 52.23350 52.20660 51.93840 51.74390 51.87670 51.70890 51.73170 51.86210
-9999 -9999 -9999 -9999 -9999 -9999 -9999 -9999 -9999 -9999 -9999 -9999 -9999 -9999 -9999 -9999 -9999 -9999 -9999 -9999 -9999 -9999 -9999 -9999 -9999 -9999 -9999 -9999 -9999 -9999 -9999 -9999 -9999 -9999 -9999 59.59190 59.85930 59.50580 59.51700 59.14680 59.18020 59.15410 59.32730 59.71890 59.69910 59.82740 59.45310 59.40760 58.80360 58.99140 58.64560 57.73440 57.12010 56.78570 56.20390 55.26050 55.21790 54.89560 54.09700 54.08390 53.25050 52.65050 52.16500 52.05320 51.95020 51.79280 51.62750 51.86660 51.75540 51.80690 51.82200
-9999 -9999 -9999 -9999 -9999 -9999 -9999 -9999 -9999 -9999 -9999 -9999 -9999 -9999 -9999 -9999 -9999 -9999 -9999 -9999 -9999 -9999 -9999 -9999 -9999 -9999 -9999 -9999 -9999 -9999 -9999 -9999 -9999 -9999 59.28650 59.66580 59.77950 59.35990 59.45470 59.26460 58.99990 59.41840 59.09830 59.53250 59.63600 59.16480 59.13000 59.30680 58.99460 58.33790 58.06950 57.37300 56.58370 55.82950 55.54050 55.34870 54.99360 54.66460 53.86510 53.13800 52.51800 52.42780 51.86180 51.86780 51.81250 51.75910 51.47270 51.73430 51.87060 51.78600 52.02010
-9999 -9999 -9999 -9999 -9999 -9999 -9999 -9999 -9999 -9999 -9999 -9999 -9999 -9999 -9999 -9999 -9999 -9999 -9999 -9999 -9999 -9999 -9999 -9999 -9999 -9999 -9999 -9999 -9999 -9999 -9999 -9999 -9999 58.77220 58.98430 59.00860 59.36500 59.13280 59.27840 58.79850 58.87460 59.26960 59.16520 59.33490 59.36050 59.07300 58.85650 59.01240 58.47810 57.67440 56.78200 55.79820 51.75940 54.94500 55.69060 55.17660 54.42440 54.29930 53.59800 52.71210 52.15270 51.72730 51.31580 51.47570 51.48450 51.37110 51.34040 51.54110 51.73640 51.44400 51.81990
-9999 -9999 -9999 -9999 -9999 -9999 -9999 -9999 -9999 -9999 -9999 -9999 -9999 -9999 -9999 -9999 -9999 -9999 -9999 -9999 -9999 -9999 -9999 -9999 -9999 -9999 -9999 -9999 -9999 -9999 -9999 58.84250 58.91670 59.10850 59.01880 59.05550 59.26150 58.88680 59.15280 58.76900 59.01490 59.05280 58.95130 58.97250 59.06670 58.94100 58.85780 58.83210 58.33130 57.81260 56.88900 55.88650 51.27630 54.24040 54.75400 54.73260 54.39400 54.06640 53.15020 51.89280 51.49070 50.94340 50.61580 50.74550 50.82970 51.20120 51.16950 51.45020 51.56710 51.62410 51.49060
-9999 -9999 -9999 -9999 -9999 -9999 -9999 -9999 -9999 -9999 -9999 -9999 -9999 -9999 -9999 -9999 -9999 -9999 -9999 -9999 -9999 -9999 -9999 -9999 -9999 -9999 -9999 -9999 -9999 58.63810 58.42590 58.76920 58.58050 58.84360 58.92130 58.95210 59.05860 58.95190 58.98710 58.92120 58.90260 59.07510 58.75340 58.96380 59.06130 58.93800 58.59730 58.43480 57.68210 57.09250 55.96280 52.17400 51.18000 54.26210 54.14050 54.18510 54.17630 53.49470 52.62270 51.35290 50.75870 50.38620 49.91150 50.50000 50.59270 50.77970 50.91240 51.04220 51.26320 51.35470 51.58790
-9999 -9999 -9999 -9999 -9999 -9999 -9999 -9999 -9999 -9999 -9999 -9999 -9999 -9999 -9999 -9999 -9999 -9999 -9999 -9999 -9999 -9999 -9999 -9999 59.43890 59.04610 59.03820 58.46480 58.58140 58.33900 58.21750 57.82690 58.00920 57.86850 58.16250 58.66640 58.54600 58.89130 58.91660 59.22970 59.15090 58.87190 59.00670 58.68810 58.75600 58.75100 58.53670 58.14520 57.29000 56.69070 56.21540 52.94480 53.04950 54.47520 54.61970 54.33980 54.16640 53.39560 52.55860 52.03180 51.18550 49.74100 49.39680 50.14810 50.32230 50.60210 50.90840 50.95870 51.42730 51.49400 50.97500
-9999 -9999 -9999 -9999 -9999 -9999 57.69890 58.19870 58.45130 58.42610 58.51570 -9999 -9999 -9999 -9999 -9999 -9999 -9999 -9999 -9999 -9999 58.62460 58.58490 58.77250 59.05290 58.59830 58.55230 58.36890 58.40370 58.15310 57.99980 57.72960 57.79570 57.66790 57.76380 58.24450 58.53380 58.53710 58.79250 58.86690 59.09840 59.06070 58.96350 58.75120 58.48990 58.42050 58.37990 57.90060 57.27330 56.64860 55.50270 54.60190 53.14870 54.37970 55.13120 54.58690 54.09170 53.48010 52.71460 52.18170 51.26790 50.18670 50.05240 50.44060 50.91900 50.89040 50.89510 51.25270 51.33380 51.86050 52.04980
-9999 -9999 -9999 -9999 -9999 57.83350 57.58460 57.69970 57.88560 57.95470 58.06410 57.54850 57.69430 57.75880 -9999 -9999 -9999 58.22660 58.30030 58.16670 58.13080 58.02660 58.02660 58.13090 58.07370 58.07190 58.15930 58.18160 58.16030 57.74580 57.46780 57.34090 57.22240 57.33490 57.27290 57.41640 57.70840 57.88080 58.16910 58.50080 58.49800 58.62570 58.65900 58.75010 58.59240 58.14910 57.97970 57.64050 56.85980 56.33180 55.65720 55.13060 55.04450 55.23590 54.94310 54.70860 54.16720 53.71880 53.13300 52.45780 51.61280 51.15670 51.08170 51.19830 51.43500 51.00990 51.16880 51.28600 51.81010 51.90190 52.24380
-9999 58.07610 58.12910 57.76330 57.64290 57.16090 57.21370 57.50240 57.38000 57.52750 57.46530 56.95840 57.37310 57.20510 57.42340 57.76940 57.61620 57.68480 57.84610 57.95930 58.02420 57.64500 57.49060 57.83320 57.89410 57.83660 57.76610 57.85500 57.65180 57.29610 56.97310 56.84910 56.65000 57.01670 57.02190 57.43010 57.53570 57.73400 57.44140 57.48540 57.70210 57.71110 58.03900 58.25220 58.32020 57.80770 57.91410 57.58810 57.28570 56.60340 55.84120 54.93630 54.90570 54.23080 54.26780 54.37510 54.16640 53.97350 53.33770 52.84040 52.19840 51.58110 51.21480 51.46540 51.34650 51.33360 51.40050 51.29600 51.86700 51.71490 51.17920
-9999 56.99680 56.95430 57.22320 57.10080 57.32000 57.14440 57.31730 57.15330 56.94050 57.02950 56.98000 56.91440 56.69930 57.16040 57.01890 57.44940 57.35080 57.75600 57.51650 57.40090 57.36500 57.22090 57.17140 57.35860 57.52660 57.26730 57.27790 57.00180 56.90880 56.60920 56.63100 56.45660 56.40510 56.46370 56.44870 56.42700 56.62900 56.98810 56.91440 56.97790 57.10950 57.35270 57.59820 57.63080 57.56300 57.45970 57.26420 57.00320 56.65700 56.11040 55.01880 54.54780 53.47720 53.30530 54.25330 54.35200 53.99040 53.38930 52.77890 52.27560 52.07840 51.54960 51.69710 51.36970 51.19950 51.07950 51.41220 51.83660 52.04260 51.91800
-9999 -9999 -9999 56.82350 56.77940 56.91410 56.82490 56.79330 56.74910 56.23100 56.51620 56.85810 56.84900 56.83090 56.72600 56.93160 57.06280 57.37120 57.25950 57.23730 56.99320 57.16580 56.86280 57.28250 57.24970 57.16660 57.11770 56.79200 56.85710 56.51480 56.17850 56.25440 56.06800 56.15210 56.38880 55.95970 55.95010 56.30870 56.23500 56.47160 56.40240 56.61610 56.88920 57.13930 57.08050 57.06020 57.11920 57.07540 56.88480 56.42220 56.02430 55.34700 54.62750 53.84310 53.92300 53.85890 54.59590 53.85390 53.15040 52.33450 52.37970 51.92730 51.56180 51.49660 51.46090 51.68070 51.78880 51.73900 51.94420 51.73340 51.86200
-9999 -9999 -9999 -9999 -9999 -9999 56.63000 56.41830 56.39920 56.07380 55.83870 56.49660 56.43540 56.76510 56.60730 56.80200 56.84380 56.68400 57.00350 57.10560 56.93200 56.98990 56.98240 57.29140 57.19530 57.23270 57.02810 56.72510 56.43530 56.02550 55.89600 55.97750 55.84410 55.57650 55.59870 55.64050 55.70690 55.66760 55.78120 56.14990 56.46210 56.53080 56.77620 56.64230 56.87830 56.91670 56.91160 56.94240 56.69850 56.48440 55.67180 54.91930 54.30280 54.77460 54.16550 53.75720 54.07250 53.21440 52.53140 52.19040 51.67510 51.53600 51.08300 50.84720 51.09090 51.46680 52.12970 52.32940 52.19430 52.43410 52.24120
-9999 -9999 -9999 -9999 -9999 -9999 56.24320 56.10790 56.15010 55.83760 55.80090 56.10890 56.28510 56.32900 56.43790 56.52290 56.76970 56.54470 56.58100 56.92520 56.81040 56.92160 56.96390 57.19180 57.00020 57.01930 56.77830 56.40690 56.20580 55.79340 55.58950 55.72690 55.45540 55.28280 55.37480 55.13240 54.92940 55.00300 55.05730 55.60650 56.16880 56.35460 56.60340 56.78730 56.60490 56.76440 56.75260 56.54560 56.63690 56.39260 56.38620 55.96900 55.45500 55.06150 54.65300 55.03280 54.40980 53.65600 53.46760 52.59420 51.38680 51.31580 51.23940 51.17700 51.38420 52.35520 52.96020 53.02890 53.46490 53.58010 52.90290
-9999 -9999 -9999 -9999 -9999 -9999 -9999 -9999 -9999 -9999 55.54170 55.62480 55.59110 55.71170 55.93140 56.27600 56.29720 56.46160 56.64150 56.92330 57.04700 56.85040 57.11420 56.88170 56.85330 56.91300 56.55100 56.13400 55.87180 55.36850 55.46440 55.58040 55.53980 55.23030 55.08920 54.70060 54.51690 54.52600 54.45730 55.22450 55.74040 55.98640 56.32350 56.78460 56.65660 56.56140 56.77730 56.70510 56.35010 56.09750 55.72280 55.47310 55.26760 54.87420 54.63940 54.44870 54.22480 54.02780 53.85320 53.67300 53.31990 53.10230 52.90570 52.83190 52.89950 53.44740 53.71330 54.15680 54.32200 54.58300 54.39940
-9999 -9999 -9999 -9999 -9999 -9999 -9999 -9999 -9999 -9999 55.06110 55.07550 55.08400 55.33520 55.78630 56.14630 56.18300 56.33550 56.56860 56.82630 57.10400 57.04240 57.09560 57.11090 56.91090 56.84200 56.34160 55.97850 55.51380 55.08890 54.91810 55.07340 55.10590 54.87290 55.09840 54.58470 54.42860 54.45530 55.00590 55.27740 55.55680 56.34110 56.27320 56.76400 56.66260 56.61890 56.54670 56.58540 56.20340 55.86980 55.67330 55.21510 54.94140 54.46120 54.06470 53.95010 53.86920 53.55680 53.52590 53.80880 53.67590 53.32890 53.39470 53.79530 53.85940 54.56840 54.96030 55.36620 55.91320 55.42720 55.51890
-9999 -9999 -9999 -9999 -9999 -9999 -9999 -9999 -9999 -9999 -9999 -9999 54.64130 54.93740 55.34290 56.09280 56.26530 56.12900 56.56830 56.91960 56.99870 56.92820 56.98220 56.99390 56.95830 56.55790 56.23070 56.08220 55.55270 55.32620 54.94350 55.20290 55.13870 54.95430 55.02350 54.86200 54.74990 54.65270 55.02260 55.73370 55.87820 55.94220 56.32660 56.55750 56.67570 56.56810 56.56420 56.33940 56.46440 56.09330 55.71110 55.27550 54.83690 54.39610 53.77840 53.82170 53.72190 53.66280 53.47970 53.69810 53.55790 53.56820 53.85620 54.08330 54.23230 54.99910 55.62690 56.18760 56.57860 56.82540 56.12280
-9999 -9999 -9999 -9999 -9999 -9999 -9999 -9999 -9999 -9999 -9999 -9999 54.70050 54.82790 55.20470 55.84850 56.11220 56.11920 56.37050 56.67120 56.93530 56.95910 57.15460 56.79740 56.76520 56.51220 56.25080 56.02360 55.48760 55.08990 55.11920 55.32170 55.41140 55.41790 55.48330 55.29020 55.53150 55.53180 55.48860 55.68530 55.88090 56.23300 56.38290 56.62770 56.38150 56.62950 56.52930 56.77340 56.61050 56.14170 55.92530 55.66150 55.11560 54.42660 53.59970 53.87520 53.90320 53.55100 53.55480 53.77440 53.71780 53.78610 53.89970 54.04510 54.68560 55.39160 56.16310 56.72420 57.16230 57.02750 56.85430
-9999 -9999 -9999 -9999 -9999 -9999 -9999 -9999 -9999 -9999 -9999 53.81180 54.28760 54.53900 54.78240 55.53140 55.72420 56.13700 56.65530 56.44970 56.56000 56.96480 56.83230 56.81060 56.66900 56.24790 56.11830 55.60350 55.26230 55.41170 55.11930 55.59310 55.65060 55.56290 55.67810 55.63310 55.81400 55.65690 56.10750 56.45690 56.71710 56.86540 57.10330 56.79790 56.65150 56.33440 56.62760 56.78060 56.64990 56.61760 56.33220 56.00130 55.32850 54.83480 54.09490 54.16230 54.16840 54.21160 54.03430 53.91660 53.91170 53.91870 54.18300 54.18480 54.91390 55.63760 56.47630 56.82430 57.09750 56.80820 56.14390
-9999 -9999 -9999 -9999 -9999 -9999 -9999 -9999 -9999 -9999 -9999 53.59280 53.88430 54.47890 54.83940 55.49820 55.80270 56.14380 56.56310 56.73500 56.87210 57.03010 57.04230 56.89380 56.59740 56.42590 56.18040 55.66940 55.54060 55.42930 55.56280 55.49760 55.70890 55.70540 55.77990 55.86070 56.09560 56.03410 56.35130 56.98640 57.04980 57.23820 57.21720 56.94990 56.63170 56.88660 56.77380 57.16900 57.16510 56.95240 56.74560 56.69510 56.42010 55.71160 55.46790 55.15950 55.00440 54.67520 54.55550 54.60390 54.37560 54.36250 54.34170 54.61110 54.92470 55.89990 56.73820 57.29580 57.37240 57.18210 57.48060
