data/hydroclimate-scenarios/1948-2000.Pcorr55N_Pref_Tref/monthly_summaries/rh_monthly_avg_jun.1950-2000.asc
ncols	311
nrows	91
xllcenter	102.75
yllcenter	31.75
cellsize	0.5
NODATA_value	-9999
[rows 32 to 63 of 91, columns 0 to 70 of 311]
-9999 -9999 -9999 -9999 -9999 -9999 -9999 -9999 -9999 -9999 -9999 38.52110 38.80330 39.44850 39.70570 40.09940 40.11750 40.30910 40.70520 40.82380 41.20930 40.94360 40.91320 40.59480 40.17650 40.13640 39.86750 38.93310 38.70280 38.31730 38.47670 38.15370 38.27180 38.20080 38.45650 37.74630 39.00880 39.60340 40.66860 41.50710 41.93340 42.26530 42.08070 42.40100 42.16980 41.54160 42.00360 42.59230 42.27620 41.26090 41.21460 40.39320 39.98210 39.42060 38.92400 38.21990 37.80910 37.45590 37.12040 37.39670 36.78200 35.93760 35.33060 35.76870 36.01040 36.77770 37.84810 39.08200 40.39320 41.49820 41.94730
-9999 -9999 -9999 -9999 -9999 -9999 -9999 -9999 -9999 -9999 -9999 39.14250 39.32920 39.65580 39.90770 40.19370 40.28350 40.44460 40.60930 40.96410 41.35050 41.09520 41.00050 40.63650 40.73860 40.53520 40.59340 39.25880 38.93670 38.20930 38.69300 38.17010 38.38000 38.47990 38.29480 38.21000 39.01380 40.33900 41.12000 42.70420 42.84350 43.94010 43.80360 43.74260 43.90800 44.18920 43.97780 43.77940 43.57480 42.89660 42.26460 41.56700 40.93950 40.35660 39.79690 39.17050 38.92840 39.08630 38.39750 37.92810 37.34460 36.49390 35.78520 35.78500 36.74730 38.05470 39.01460 40.29210 41.00290 42.20020 42.60010
-9999 -9999 -9999 -9999 -9999 -9999 -9999 -9999 -9999 -9999 -9999 -9999 39.32450 39.18590 39.32730 39.79520 40.06200 40.19440 40.31760 40.75400 41.04890 41.42110 41.40010 41.54100 41.72560 41.35980 40.79490 40.93490 40.35410 39.55880 39.28160 38.74450 39.11060 38.81860 38.70570 39.07300 40.15260 41.25330 42.26170 43.19460 44.36390 44.90940 45.21170 45.52610 45.89340 46.29160 46.27980 45.48530 45.03580 44.16140 43.67890 43.34390 42.74040 41.51890 40.85830 40.47520 40.11390 39.53540 39.03850 38.88120 38.25550 37.38780 37.04050 37.24010 37.82730 39.06460 40.03880 41.09150 41.87200 43.34410 43.84090
-9999 -9999 -9999 -9999 -9999 -9999 -9999 -9999 -9999 -9999 -9999 -9999 38.68790 38.91920 39.19820 39.68150 39.65210 39.99470 40.11480 40.62510 40.84340 41.38800 41.55660 41.51400 41.30650 40.61810 40.09120 41.11130 40.41600 39.83560 39.90530 39.90020 39.19740 38.84100 38.77240 39.74390 40.57780 41.38840 42.63120 43.55360 44.66270 45.55690 46.28910 47.19380 47.61910 48.27500 47.78940 46.75890 46.06620 45.59740 45.17060 44.15960 43.54260 42.52700 41.62710 41.10100 40.40670 39.70110 39.36070 39.79130 39.43180 39.07640 39.40550 39.33530 39.71670 40.70260 41.39190 42.56070 43.28000 44.87140 46.13410
-9999 -9999 -9999 -9999 -9999 -9999 -9999 -9999 -9999 -9999 -9999 -9999 38.48500 38.35770 38.41610 39.05280 39.39130 39.58970 39.97250 40.22950 40.63570 41.23350 41.05610 41.34770 41.19310 41.01790 40.69120 40.75600 40.60880 40.19990 40.27760 39.56340 39.70610 39.45980 39.42870 40.29440 40.90590 41.98600 42.58930 43.75120 44.71640 46.37010 47.16760 48.31590 49.12860 50.21400 49.59930 48.32650 47.44200 46.89370 46.13970 45.70520 44.59460 43.82660 42.65060 41.96840 41.62120 41.00790 41.11580 41.53230 41.11570 41.05130 41.46340 41.12770 41.50230 42.08130 43.00910 44.63220 45.55070 46.89680 48.65460
-9999 -9999 -9999 38.89230 37.97350 37.58250 37.09480 36.99750 37.46000 -9999 37.66920 38.28730 37.95580 37.77400 38.18400 38.39280 38.96940 38.87660 39.39870 39.71800 40.06990 40.34230 40.33050 40.70430 40.57550 40.65330 40.42660 40.19350 40.42390 40.55780 40.71710 39.74660 39.77170 40.29130 40.51990 41.27410 41.89160 42.52410 43.23590 43.56650 44.75070 46.17040 47.01570 48.38490 49.59160 50.37700 49.79500 48.49640 47.87670 47.66580 47.07850 46.37760 45.94620 45.01490 43.95490 43.17260 42.88130 42.33360 42.31700 42.09340 42.32660 42.78910 43.09930 43.23210 43.62880 44.02450 44.85280 46.35640 47.92770 49.28740 51.15690
-9999 -9999 -9999 37.96450 37.62960 37.07050 36.95730 36.95120 37.15180 37.02240 36.90700 36.91790 37.60840 37.92790 38.21980 38.24390 38.02820 38.20880 38.21590 38.27350 38.35830 39.39980 39.48610 39.80880 40.03450 39.98840 39.93640 40.33110 40.72360 40.39240 40.59950 40.75880 40.66600 41.06910 41.75710 41.79160 41.75460 42.60380 43.23600 44.36570 45.58060 46.19900 47.41350 48.34310 48.98610 49.16270 49.09780 49.06300 48.86670 48.21790 47.56250 46.99100 46.15030 45.46450 44.80430 44.26870 43.73020 43.51610 43.24250 43.49390 44.08400 44.21160 44.66190 45.23280 46.16640 46.55920 47.02300 47.52760 49.78010 52.12580 53.75570
-9999 -9999 -9999 37.72850 37.15910 36.67040 36.75690 37.02300 36.42980 35.68550 35.87800 36.87300 37.56880 38.01040 38.26760 37.80920 37.96250 37.63570 37.69070 37.35190 37.74920 38.63520 38.68760 39.38210 39.49790 39.91940 40.05840 40.18810 40.38270 40.30580 40.57790 40.76160 40.97580 41.52510 41.73150 41.18470 41.64010 42.12930 43.09910 43.93330 44.70050 46.11840 47.30910 48.84610 49.57390 49.64630 49.48670 49.82990 49.33560 48.52130 47.68180 47.52900 46.84240 46.30750 45.43000 44.99950 44.71460 44.46760 44.11470 44.27520 45.10340 45.37410 45.69940 46.63510 47.76010 48.23570 49.09120 49.85360 51.67520 53.84700 55.12030
-9999 -9999 -9999 36.93040 35.79320 36.73880 36.20550 36.64090 35.98550 36.20570 35.91260 36.22240 37.24560 37.94850 37.86460 37.43610 37.24020 37.72690 37.11500 37.14490 36.95960 38.41440 38.68960 38.55590 38.71400 39.11530 39.54710 39.54160 40.01180 40.10120 40.32390 40.74840 40.87500 41.03170 41.44740 41.65950 41.82230 41.88100 42.49190 43.17540 44.15030 45.32550 46.55030 48.28880 49.28950 49.78540 49.44520 49.39340 48.96200 48.96570 48.41670 48.20850 47.59940 46.54210 45.88630 45.52270 45.30500 44.82430 44.79880 45.52730 45.53570 46.38600 47.51940 48.48700 49.15830 50.29370 51.30590 52.79900 53.65080 55.21870 58.92480
-9999 -9999 -9999 36.16400 34.72230 35.88620 35.58410 35.79200 36.24290 35.82460 35.27150 36.29620 37.12000 37.51760 37.86540 37.28930 37.20320 36.54230 36.70580 36.25300 36.73930 37.47060 37.94590 37.87050 38.05500 38.53710 38.35580 39.03190 39.84770 39.69890 39.63900 40.03060 40.40240 40.62570 40.88080 40.68000 41.09640 41.64970 42.16770 42.84760 43.64480 44.48710 45.53170 46.21400 47.53190 48.38450 48.65630 49.01380 49.35270 48.89450 48.64400 48.45300 47.75900 46.70260 46.91080 46.40340 45.93880 45.33060 45.64100 45.98310 46.48290 47.16350 47.84610 49.45390 50.36620 51.71280 52.85650 53.71520 54.80690 57.62510 61.22910
-9999 -9999 -9999 -9999 35.63970 35.13030 34.91600 36.00020 35.99040 36.29660 35.18090 35.92040 37.37060 37.08280 -9999 -9999 -9999 -9999 -9999 36.83290 36.35840 37.26650 37.88780 37.26140 37.19090 37.49560 37.52440 38.23800 38.51270 38.86070 39.26140 39.11700 39.45730 39.70050 39.34550 40.47680 40.67450 41.03120 41.68300 41.91110 42.90670 43.67980 44.67000 45.14090 46.10610 47.45660 48.20800 48.23400 48.26950 48.51940 48.33800 47.96260 47.87990 47.09900 46.61760 45.72990 45.29430 45.22440 45.72430 46.67390 46.83280 47.39660 48.71670 50.21180 51.40350 52.24180 53.70210 55.47230 57.09190 -9999 -9999
-9999 -9999 37.49920 36.55610 35.90170 34.18150 34.16300 36.28270 35.58890 35.65970 35.04700 35.83150 37.18980 -9999 -9999 -9999 -9999 -9999 36.57210 35.69880 35.35810 35.74800 36.33960 36.25340 36.55860 36.80950 36.59950 36.99750 38.04280 38.29230 39.13320 39.00050 39.33580 39.61010 39.70160 39.95740 40.31700 40.50300 40.97450 41.41540 42.41340 42.77780 43.47060 44.35000 45.15490 46.58530 47.36360 47.55900 48.37260 48.59570 48.42730 48.59540 48.31910 47.84080 47.43920 46.94720 46.80700 46.35100 46.41110 47.70160 48.11080 49.34590 50.36370 50.77400 52.63970 53.81770 54.96090 -9999 -9999 -9999 -9999
-9999 -9999 38.77640 37.42730 35.88320 34.81130 34.34400 36.05270 35.83160 35.07590 35.54410 35.86480 35.62710 -9999 -9999 -9999 -9999 35.49840 35.73690 35.16200 34.76620 34.18950 34.76520 35.25890 35.30470 35.14630 35.87460 36.55870 37.16260 37.94010 38.72170 38.74810 39.02590 39.23190 39.18020 40.10240 39.85690 39.76380 40.48110 40.92860 41.20890 41.64340 42.52640 43.41410 44.53090 45.78450 46.90280 47.13340 47.83670 47.75820 47.99120 48.60980 48.62870 48.05360 47.96810 47.52400 47.47800 47.38590 47.48920 48.35330 48.94880 49.28520 50.17070 52.35130 53.84200 -9999 -9999 -9999 -9999 -9999 57.14350
-9999 -9999 39.61700 39.24360 37.92740 36.54570 36.16140 36.35480 36.32660 35.93320 36.73250 37.04000 35.47720 -9999 -9999 -9999 -9999 36.29730 36.28190 35.40580 34.39720 33.74960 33.62570 33.80450 34.69550 35.24370 36.19890 36.49860 37.10960 37.75380 38.14730 38.44830 38.91390 39.02060 38.87000 39.79130 39.28890 39.49460 39.55130 39.96870 40.55870 40.75480 41.77040 42.95230 44.25390 45.36890 46.23700 46.57580 47.01460 47.27620 47.28210 48.21010 48.70560 48.31920 48.35050 47.61600 47.90130 48.45540 48.83470 49.12630 50.01280 50.68710 51.63130 52.14680 52.38200 52.59410 54.04670 54.12310 54.21110 -9999 -9999
-9999 -9999 -9999 40.52870 39.37560 39.12570 37.93840 36.61010 37.32400 37.93370 36.41660 36.96540 -9999 -9999 -9999 -9999 36.25020 36.56590 35.42720 34.34930 33.64570 32.17220 32.95700 34.05200 34.47630 35.63960 36.36760 36.81520 37.38620 37.91310 37.76580 38.05050 38.50650 38.70760 39.36550 39.05430 38.82100 38.25670 38.73370 38.67810 39.53640 40.41720 41.21990 41.78230 43.02500 45.17400 46.18930 46.61120 46.97390 47.11440 47.56430 47.44020 47.91890 47.99760 48.08130 47.86220 48.05470 48.30580 48.48060 49.46110 50.01230 50.48550 50.14110 49.56850 48.52810 51.21000 52.34690 52.39810 52.58890 54.98530 -9999
-9999 -9999 -9999 -9999 40.88420 40.25670 38.94420 38.84980 38.98710 37.12400 36.24850 -9999 -9999 -9999 -9999 36.35800 36.84980 36.27540 35.03930 34.17770 33.21020 32.13660 32.64950 34.46940 35.04920 35.01720 35.71440 36.42640 37.44060 37.44570 37.71650 37.70120 37.46940 37.64760 38.79600 38.47610 38.48960 37.68970 38.25450 38.60420 39.48350 40.26670 40.78420 41.31310 42.45270 44.27310 45.68010 46.10050 46.59990 46.96530 47.36910 47.70440 48.07380 48.04450 47.98220 48.03160 48.53160 48.96950 48.96180 49.63710 49.53640 49.61820 49.67700 49.97840 49.81590 50.74620 51.29800 50.69220 50.13700 50.40470 51.09130
-9999 -9999 -9999 -9999 -9999 -9999 40.86630 39.63360 38.01440 36.91650 34.63300 -9999 -9999 -9999 -9999 -9999 37.27790 36.90640 35.96440 34.66440 33.66310 31.18590 33.51950 33.92040 34.15000 33.99310 34.32440 36.19880 36.76830 37.22340 37.84240 36.94980 36.44740 37.56540 37.93410 37.33910 37.67000 38.21920 38.05410 38.86370 39.50900 40.14240 41.27620 41.74640 42.46560 43.33930 44.34540 45.84620 46.70770 47.85570 48.16140 47.74790 47.77060 47.42310 47.51660 48.56130 49.08980 49.36650 49.40840 49.65890 49.56230 49.50290 49.39970 49.54130 49.12800 49.59720 50.04030 49.27250 49.04120 49.25330 50.14700
-9999 -9999 -9999 -9999 -9999 -9999 -9999 -9999 -9999 -9999 -9999 -9999 -9999 -9999 -9999 -9999 -9999 -9999 -9999 34.99270 34.08770 32.29220 33.00820 33.50860 33.84560 34.31410 35.06430 35.29410 35.89370 37.34990 37.85470 36.81880 37.22600 37.63840 37.50120 37.28370 37.38850 37.88930 38.33910 38.88550 39.43790 39.91100 41.09390 41.51930 42.81600 43.11380 43.96790 45.85160 46.97530 48.36230 49.08400 48.32560 48.29090 47.88640 47.92110 49.05560 49.69990 49.91980 49.69830 49.85610 49.12420 49.61740 49.81130 49.54270 49.16870 49.90230 49.31090 48.23190 48.35260 49.15150 50.16560
-9999 -9999 -9999 -9999 -9999 -9999 -9999 -9999 -9999 -9999 -9999 -9999 -9999 -9999 -9999 -9999 -9999 -9999 35.86750 35.12180 33.82170 33.16720 32.97280 33.64300 34.05460 35.60400 35.64390 35.32130 35.10690 35.41470 35.65030 36.77890 37.03480 37.00180 37.12360 38.45540 39.28720 39.73230 40.08000 40.21170 40.95670 41.42610 42.22880 42.25070 43.44880 44.82280 45.46160 45.31770 46.46070 48.04940 48.84840 49.50670 49.51180 49.28870 49.29510 49.33110 49.68960 49.58340 49.74900 50.24300 50.16090 50.12740 49.98260 49.82110 49.14090 49.87110 49.44420 48.43480 48.97830 50.10310 51.09480
-9999 -9999 -9999 -9999 -9999 -9999 -9999 -9999 -9999 -9999 -9999 -9999 -9999 -9999 -9999 -9999 -9999 36.91360 36.58560 34.91760 34.25260 33.89780 33.45680 34.19770 34.44900 35.53890 35.21950 34.96680 34.87160 35.50800 36.17430 36.47660 36.67700 36.38670 36.90520 39.07850 39.90360 40.07090 40.21310 40.34140 41.17830 41.77700 42.65260 42.37860 43.35150 44.58970 45.56830 45.75580 47.01010 48.34650 49.04440 49.69490 49.99390 50.05890 50.30030 49.83660 50.36400 50.44180 50.34540 50.69190 51.24090 51.11110 50.17590 49.67030 50.56740 50.46640 50.35310 49.94140 50.31090 51.01940 52.10060
-9999 -9999 -9999 -9999 -9999 -9999 -9999 -9999 -9999 -9999 -9999 -9999 -9999 -9999 -9999 -9999 -9999 36.70380 36.30900 35.82220 34.72830 34.84900 34.55250 35.40710 34.52010 35.34000 34.79950 33.64870 34.27980 35.58910 36.07730 35.63180 35.47500 36.68090 37.97080 39.81640 39.42380 40.05040 40.29840 40.58970 41.36200 41.57810 42.31020 42.45070 43.74140 43.43480 44.52860 45.76210 47.06870 48.71320 49.39760 49.62400 49.86090 50.61360 51.05310 50.77840 50.77600 50.88720 51.17170 51.39370 51.72710 51.70460 51.83290 51.27190 50.64820 51.00400 51.38000 51.16970 51.59410 52.53870 53.59330
-9999 -9999 -9999 -9999 -9999 -9999 -9999 -9999 -9999 -9999 -9999 -9999 -9999 -9999 -9999 -9999 37.86310 36.63190 36.27290 35.39070 34.61770 34.58440 34.99150 35.39630 33.02690 34.92760 33.97540 31.24580 32.26850 34.47030 35.46080 35.30250 35.87150 36.79710 38.07750 39.61880 39.76630 40.38010 40.36590 41.06920 41.54570 41.58570 42.60150 42.87430 43.34910 43.87590 44.69690 45.69560 46.24230 48.46100 49.35800 49.78250 50.17370 50.53220 51.30870 51.46710 51.40460 51.43350 51.55410 51.67370 52.06320 52.61230 52.40280 51.42850 52.40140 52.71900 52.99990 53.07790 53.04750 54.21200 55.42100
-9999 -9999 -9999 -9999 -9999 -9999 -9999 -9999 -9999 -9999 -9999 -9999 -9999 38.10130 38.21420 37.07300 37.12590 36.37460 35.54060 34.20390 34.73370 36.15550 36.47990 36.14950 35.96370 32.56180 32.00190 31.76740 32.35400 32.44240 33.29780 34.44130 35.30550 36.19970 37.45780 39.02940 39.10470 38.88140 39.26170 39.61720 40.25010 40.42090 41.24880 41.40190 42.80780 43.97930 44.81260 45.30290 46.22500 47.30490 48.39750 49.51940 50.46260 51.17040 52.11350 51.95570 51.89210 51.97990 52.04370 52.22270 52.59070 52.69070 53.10370 54.72910 55.29910 55.58460 56.07540 56.26900 56.85650 57.48950 58.61510
-9999 -9999 -9999 -9999 -9999 -9999 -9999 -9999 -9999 -9999 -9999 -9999 37.61790 37.42630 37.26700 36.71410 36.29350 35.50590 35.52060 33.26280 34.40300 35.38630 35.61310 35.57100 35.19690 31.69860 31.62220 31.87730 32.55190 32.51590 32.82150 33.64370 34.23040 35.70260 36.70540 38.40650 39.20050 39.40090 40.24270 40.41740 41.06410 40.84330 40.96540 41.40410 43.03450 44.19790 45.18610 46.14550 46.46620 46.95040 48.42300 49.44430 50.33600 50.97120 52.24340 51.96050 52.30790 52.26900 52.36570 52.76690 53.03080 53.31840 53.97470 55.89740 56.79480 57.48140 57.80480 58.56450 58.99950 59.56030 59.84600
-9999 -9999 -9999 -9999 -9999 -9999 -9999 -9999 -9999 -9999 -9999 38.92020 38.02260 37.41650 36.75520 35.73760 34.79600 35.71750 35.25330 35.01780 34.81570 33.37090 33.89890 33.57270 33.62570 34.27290 33.87660 32.41340 31.90430 31.70350 32.64690 33.21960 34.18690 34.94280 36.38330 38.28450 39.69960 40.06750 40.35160 40.73570 40.75890 40.92930 41.45390 41.24570 42.72030 44.23340 45.31600 46.31400 46.99280 47.55030 48.58830 49.35480 50.19860 50.92710 51.39810 51.54250 52.02410 51.99950 52.22090 53.25300 54.01570 54.49350 55.18110 56.53560 57.82840 59.23850 59.92850 60.31310 60.77980 60.94960 61.00590
-9999 -9999 -9999 -9999 -9999 -9999 -9999 -9999 -9999 -9999 38.94510 38.54040 37.47660 37.65810 36.39770 35.18270 34.51660 35.26910 35.38610 35.39540 34.22910 32.78640 32.93320 32.18640 32.81560 33.70280 33.75620 31.42150 31.00980 31.90120 31.72050 32.66570 33.21960 34.58020 36.35870 38.75460 39.65500 40.73380 41.06790 41.66830 41.88950 41.70910 41.74440 42.26780 43.23320 44.51500 45.77180 46.98590 48.01460 48.66050 49.28100 49.92880 49.99160 50.59920 50.98720 51.06510 51.86110 51.73880 52.20830 53.53160 54.08970 55.03610 55.67470 57.16910 58.10990 60.09650 60.81390 61.55950 62.18230 62.21110 62.20060
-9999 -9999 -9999 -9999 -9999 -9999 -9999 -9999 -9999 35.73160 35.43390 35.52290 36.05050 36.07000 35.49810 35.84370 35.34710 34.66090 33.03110 32.69890 32.47970 32.24400 31.84600 31.79600 31.80050 31.96800 32.04650 32.26340 32.96690 32.91570 32.00180 33.49420 34.43940 37.11930 38.78830 39.67820 40.60620 40.82930 41.56240 40.71830 41.16450 41.27130 41.94420 42.96460 43.70030 44.07090 45.16430 47.00330 48.50040 49.44320 49.31480 50.08790 50.04820 50.72790 50.88190 50.43950 50.87180 51.49700 52.50080 53.52040 54.33840 55.50910 56.21460 57.17880 57.99830 59.09380 60.32060 62.30470 62.83860 63.64530 64.89140
-9999 -9999 -9999 -9999 -9999 -9999 -9999 -9999 -9999 -9999 33.52910 33.13000 34.13980 33.52870 32.38840 33.98510 33.92210 33.59500 32.80050 32.15900 32.29680 31.44490 31.16720 -9999 -9999 -9999 -9999 -9999 -9999 32.61170 32.50620 33.91280 34.86520 36.88630 39.09350 39.71110 41.18510 41.13670 41.68690 41.69840 41.58270 41.95780 43.06560 43.99500 44.07590 45.02700 45.61300 47.32680 48.80160 49.80300 49.85610 50.37600 50.13910 50.85100 51.02660 50.32030 50.90890 51.65420 52.87990 54.04100 54.68900 55.93690 56.29820 57.25060 58.32120 59.76430 60.84570 62.92300 62.33160 63.74370 64.46210
-9999 -9999 -9999 -9999 -9999 -9999 -9999 -9999 -9999 -9999 -9999 -9999 32.11580 31.27720 31.59160 27.77140 28.72150 28.78670 28.89430 -9999 -9999 -9999 -9999 -9999 -9999 -9999 -9999 -9999 -9999 -9999 -9999 -9999 -9999 37.10650 39.69540 40.22900 41.49300 41.37670 41.13240 41.47230 42.39230 43.07410 44.33620 44.40150 44.94530 45.08120 46.09090 47.00380 48.03540 49.52400 50.00720 51.19340 51.12090 51.33510 51.25550 50.86760 51.50930 52.20550 53.12980 54.25260 54.85580 55.72980 55.91910 57.40860 58.83450 60.20380 61.49930 63.35230 64.20480 65.56590 66.09930
-9999 -9999 -9999 -9999 -9999 -9999 -9999 -9999 -9999 -9999 -9999 -9999 -9999 -9999 -9999 -9999 -9999 -9999 -9999 -9999 -9999 -9999 -9999 -9999 -9999 -9999 -9999 -9999 -9999 -9999 -9999 -9999 -9999 -9999 39.91350 41.01480 40.75090 41.18320 41.54850 41.46630 43.25960 44.46560 45.25590 45.22690 45.44980 45.98750 46.91580 47.48710 48.23680 49.70970 50.11270 51.81730 51.89130 52.14070 52.25380 51.78570 52.22770 52.91670 53.64900 54.57500 55.42150 56.09110 56.67880 58.21550 59.54680 60.63990 61.62900 63.49940 63.90010 65.55520 67.88470
-9999 -9999 -9999 -9999 -9999 -9999 -9999 -9999 -9999 -9999 -9999 -9999 -9999 -9999 -9999 -9999 -9999 -9999 -9999 -9999 -9999 -9999 -9999 -9999 -9999 -9999 -9999 -9999 -9999 -9999 -9999 -9999 -9999 -9999 39.08270 40.26950 41.55090 41.45070 40.99960 41.47470 43.08880 44.19030 45.27380 46.28570 46.88110 47.64610 48.12090 49.03890 50.07290 50.64330 51.07020 52.50380 52.93230 53.48820 53.50060 53.23400 53.87610 54.64360 55.33290 56.51000 57.83680 58.70990 59.09860 59.87170 61.14270 62.18420 63.34160 63.92030 64.09740 66.37440 -9999
-9999 -9999 -9999 -9999 -9999 -9999 -9999 -9999 -9999 -9999 -9999 -9999 -9999 -9999 -9999 -9999 -9999 -9999 -9999 -9999 -9999 -9999 -9999 -9999 -9999 -9999 -9999 -9999 -9999 -9999 -9999 -9999 -9999 -9999 -9999 -9999 -9999 -9999 41.92370 42.73230 43.83000 44.83160 46.33090 46.93110 47.95170 48.50690 49.14280 49.94150 50.69580 51.19620 51.13110 52.21770 52.77320 53.23480 53.64300 53.80240 54.61590 55.20100 55.43000 56.71100 58.34400 59.27720 59.98110 60.56820 61.18960 62.45740 63.68910 64.52730 66.25050 -9999 -9999
