data/hydroclimate-scenarios/1948-2000.Pcorr55N_Pref_Tref/monthly_summaries/rh_monthly_avg_sep.1950-2000.asc
ncols	311
nrows	91
xllcenter	102.75
yllcenter	31.75
cellsize	0.5
NODATA_value	-9999
[rows 0 to 31 of 91, columns 0 to 70 of 311]
-9999 -9999 -9999 -9999 -9999 -9999 -9999 -9999 -9999 -9999 -9999 -9999 -9999 -9999 -9999 -9999 -9999 -9999 -9999 -9999 -9999 -9999 -9999 -9999 -9999 -9999 -9999 -9999 -9999 -9999 -9999 -9999 -9999 -9999 -9999 -9999 -9999 -9999 -9999 -9999 -9999 -9999 -9999 -9999 -9999 -9999 -9999 -9999 -9999 -9999 -9999 -9999 -9999 -9999 -9999 -9999 -9999 -9999 -9999 -9999 -9999 -9999 -9999 -9999 -9999 -9999 -9999 -9999 -9999 -9999 -9999
-9999 -9999 -9999 -9999 -9999 -9999 -9999 -9999 -9999 -9999 -9999 -9999 -9999 -9999 -9999 -9999 -9999 -9999 -9999 -9999 -9999 -9999 -9999 -9999 -9999 -9999 -9999 -9999 -9999 -9999 -9999 -9999 -9999 -9999 -9999 -9999 -9999 -9999 -9999 -9999 -9999 -9999 -9999 -9999 -9999 -9999 -9999 -9999 -9999 -9999 -9999 -9999 -9999 -9999 -9999 -9999 -9999 -9999 -9999 -9999 -9999 -9999 -9999 -9999 -9999 -9999 -9999 -9999 -9999 -9999 -9999
-9999 -9999 -9999 -9999 -9999 -9999 -9999 -9999 -9999 -9999 -9999 -9999 -9999 -9999 -9999 -9999 -9999 -9999 -9999 -9999 -9999 -9999 -9999 -9999 -9999 -9999 -9999 -9999 -9999 -9999 -9999 -9999 -9999 -9999 -9999 -9999 -9999 -9999 -9999 -9999 -9999 -9999 -9999 -9999 -9999 -9999 -9999 -9999 -9999 -9999 -9999 -9999 -9999 -9999 -9999 -9999 -9999 -9999 -9999 -9999 -9999 -9999 -9999 -9999 -9999 -9999 -9999 -9999 -9999 -9999 -9999
-9999 -9999 -9999 -9999 -9999 -9999 -9999 -9999 -9999 -9999 -9999 -9999 -9999 -9999 -9999 -9999 -9999 -9999 -9999 -9999 -9999 -9999 -9999 -9999 -9999 -9999 -9999 -9999 -9999 -9999 -9999 -9999 -9999 -9999 -9999 -9999 -9999 -9999 -9999 -9999 -9999 -9999 -9999 -9999 -9999 -9999 -9999 -9999 -9999 -9999 -9999 -9999 -9999 -9999 -9999 -9999 -9999 -9999 -9999 -9999 -9999 -9999 -9999 -9999 -9999 -9999 -9999 -9999 -9999 -9999 -9999
-9999 -9999 -9999 -9999 -9999 -9999 -9999 -9999 -9999 -9999 -9999 -9999 -9999 -9999 -9999 -9999 -9999 -9999 -9999 -9999 -9999 -9999 -9999 -9999 -9999 -9999 -9999 -9999 -9999 -9999 -9999 -9999 -9999 -9999 -9999 -9999 -9999 -9999 -9999 -9999 -9999 -9999 -9999 -9999 -9999 -9999 -9999 -9999 -9999 -9999 -9999 -9999 -9999 -9999 -9999 -9999 -9999 -9999 -9999 -9999 -9999 -9999 -9999 -9999 -9999 -9999 -9999 -9999 -9999 -9999 -9999
-9999 -9999 -9999 -9999 -9999 -9999 -9999 -9999 -9999 -9999 -9999 -9999 -9999 -9999 -9999 -9999 -9999 -9999 -9999 -9999 -9999 -9999 -9999 -9999 -9999 -9999 -9999 -9999 -9999 -9999 -9999 -9999 -9999 -9999 -9999 -9999 -9999 -9999 -9999 -9999 -9999 -9999 -9999 -9999 -9999 -9999 -9999 -9999 -9999 -9999 -9999 -9999 -9999 -9999 -9999 -9999 -9999 -9999 -9999 -9999 -9999 -9999 -9999 -9999 -9999 -9999 -9999 -9999 -9999 -9999 -9999
-9999 -9999 -9999 -9999 -9999 -9999 -9999 -9999 -9999 -9999 -9999 -9999 -9999 -9999 -9999 -9999 -9999 -9999 -9999 -9999 -9999 -9999 -9999 -9999 -9999 -9999 -9999 -9999 -9999 -9999 -9999 -9999 -9999 -9999 -9999 -9999 -9999 -9999 -9999 -9999 -9999 -9999 -9999 -9999 -9999 -9999 -9999 -9999 -9999 -9999 -9999 -9999 -9999 -9999 -9999 -9999 -9999 -9999 -9999 -9999 -9999 -9999 -9999 -9999 -9999 -9999 -9999 -9999 -9999 -9999 -9999
-9999 -9999 -9999 -9999 -9999 -9999 -9999 -9999 -9999 -9999 -9999 -9999 -9999 -9999 -9999 -9999 -9999 -9999 -9999 -9999 -9999 -9999 -9999 -9999 -9999 -9999 -9999 -9999 -9999 -9999 -9999 -9999 -9999 -9999 -9999 -9999 -9999 -9999 -9999 -9999 -9999 -9999 73.25350 73.00560 72.71390 72.37460 72.22370 71.86310 71.67460 71.62690 71.33720 70.74630 -9999 -9999 -9999 -9999 -9999 -9999 -9999 -9999 -9999 -9999 -9999 -9999 -9999 -9999 -9999 -9999 -9999 -9999 -9999
-9999 -9999 -9999 -9999 -9999 -9999 -9999 -9999 -9999 -9999 -9999 -9999 -9999 -9999 -9999 -9999 -9999 -9999 -9999 -9999 -9999 -9999 -9999 -9999 -9999 -9999 -9999 -9999 -9999 -9999 -9999 -9999 -9999 -9999 -9999 -9999 -9999 -9999 73.04790 72.29170 72.66740 72.52950 72.55390 72.33080 72.13890 72.10430 71.76200 71.50690 71.50320 70.74720 70.96090 70.66710 70.27520 69.26660 -9999 -9999 -9999 -9999 -9999 -9999 -9999 -9999 -9999 -9999 -9999 -9999 -9999 -9999 -9999 -9999 -9999
-9999 -9999 -9999 -9999 -9999 -9999 -9999 -9999 -9999 -9999 -9999 -9999 -9999 -9999 -9999 -9999 -9999 -9999 -9999 -9999 -9999 -9999 -9999 -9999 -9999 -9999 -9999 -9999 -9999 -9999 -9999 -9999 -9999 -9999 -9999 -9999 -9999 -9999 -9999 -9999 72.34770 72.13130 71.79170 71.50720 71.29160 71.21470 71.10000 71.25320 71.04100 70.75830 70.42600 70.10200 70.11930 69.07760 -9999 -9999 -9999 -9999 -9999 -9999 -9999 -9999 -9999 -9999 -9999 -9999 -9999 -9999 -9999 -9999 -9999
-9999 -9999 -9999 -9999 -9999 -9999 -9999 -9999 -9999 -9999 -9999 -9999 -9999 -9999 -9999 -9999 -9999 -9999 -9999 -9999 -9999 -9999 -9999 -9999 -9999 -9999 -9999 -9999 -9999 -9999 -9999 -9999 -9999 -9999 -9999 -9999 -9999 -9999 -9999 -9999 -9999 -9999 -9999 -9999 71.12950 70.87930 70.14370 70.07020 69.97780 70.56770 69.99240 69.84020 69.81500 69.12940 -9999 -9999 -9999 -9999 -9999 -9999 67.21700 -9999 -9999 -9999 -9999 -9999 -9999 -9999 -9999 -9999 -9999
-9999 -9999 -9999 -9999 -9999 -9999 -9999 -9999 -9999 -9999 -9999 -9999 -9999 -9999 -9999 -9999 -9999 -9999 -9999 -9999 -9999 -9999 -9999 -9999 -9999 -9999 -9999 -9999 -9999 -9999 -9999 -9999 -9999 -9999 -9999 -9999 -9999 -9999 -9999 -9999 -9999 71.27700 71.09690 70.36150 70.16840 70.61500 70.00060 69.76020 69.76280 70.03670 69.23130 69.25870 69.38660 69.32240 -9999 -9999 -9999 -9999 -9999 66.87640 66.70020 66.32870 66.30430 66.33670 66.28930 66.20410 66.09040 66.04800 66.15010 65.82360 66.15550
-9999 -9999 -9999 -9999 -9999 -9999 -9999 -9999 -9999 -9999 -9999 -9999 -9999 -9999 -9999 -9999 -9999 -9999 -9999 -9999 -9999 -9999 -9999 -9999 -9999 -9999 -9999 -9999 -9999 -9999 -9999 -9999 -9999 -9999 -9999 -9999 -9999 -9999 -9999 -9999 -9999 71.10260 70.99880 70.64590 70.83000 70.57720 70.36450 70.15530 69.91860 69.89680 69.25740 68.43180 68.03970 68.28330 68.31580 67.69140 67.84130 -9999 67.11820 66.28300 66.10470 65.82200 65.44120 65.25550 65.24050 65.47290 65.33370 65.28800 65.38610 65.41950 65.64530
-9999 -9999 -9999 -9999 -9999 -9999 -9999 -9999 -9999 -9999 -9999 -9999 -9999 -9999 -9999 -9999 -9999 -9999 -9999 -9999 -9999 -9999 -9999 -9999 -9999 -9999 -9999 -9999 -9999 -9999 -9999 -9999 -9999 -9999 -9999 70.98430 71.38130 70.89220 70.96180 71.43220 71.24670 71.31650 71.37120 70.69860 70.59610 70.37540 70.19410 69.99420 69.66040 69.22460 68.30770 67.81070 66.87600 66.97790 66.39560 65.62910 66.49880 66.42080 66.76220 66.02820 65.55930 65.00680 64.89140 63.97180 64.00360 64.87110 64.74720 64.70010 65.00240 64.88140 64.91830
-9999 -9999 -9999 -9999 -9999 -9999 -9999 -9999 -9999 -9999 -9999 -9999 -9999 -9999 -9999 -9999 -9999 -9999 -9999 -9999 -9999 -9999 -9999 -9999 -9999 -9999 -9999 -9999 -9999 -9999 -9999 -9999 -9999 -9999 70.49660 70.23180 70.33470 70.30810 70.49580 71.34250 71.74560 71.61370 71.70530 71.50260 71.36710 70.98610 70.78270 70.24420 69.53780 68.33770 67.95190 67.05510 66.12800 65.35470 65.20250 65.68700 66.27860 66.05570 66.42130 65.57330 64.85400 63.88360 63.75230 63.31400 63.68390 63.90650 63.67160 64.10480 63.54860 63.78970 63.62210
-9999 -9999 -9999 -9999 -9999 -9999 -9999 -9999 -9999 -9999 -9999 -9999 -9999 -9999 -9999 -9999 -9999 -9999 -9999 -9999 -9999 -9999 -9999 -9999 -9999 -9999 -9999 -9999 -9999 -9999 -9999 -9999 -9999 69.67940 69.71980 69.79890 69.69010 70.02130 70.11770 71.26770 71.40150 71.48310 71.34270 71.14710 71.24210 70.37670 70.03490 69.55360 68.25040 67.20530 66.29100 65.10660 62.25910 64.54830 64.93940 65.03060 64.87710 65.55950 65.24270 64.30240 63.54650 63.65150 63.19890 63.74200 63.37960 63.21940 62.84100 63.13580 63.16960 63.58980 63.47680
-9999 -9999 -9999 -9999 -9999 -9999 -9999 -9999 -9999 -9999 -9999 -9999 -9999 -9999 -9999 -9999 -9999 -9999 -9999 -9999 -9999 -9999 -9999 -9999 -9999 -9999 -9999 -9999 -9999 -9999 -9999 69.42360 69.40840 69.47920 69.54620 69.62980 69.71110 69.80700 70.15080 71.18010 70.97940 71.16270 71.02580 70.79910 70.69540 70.43340 70.02300 69.77630 68.69740 67.41600 66.01790 64.70710 61.38360 63.22610 64.27390 64.41830 65.03110 64.80730 63.56480 63.12400 63.13940 62.84220 62.54110 63.04600 62.69450 62.48400 62.65580 63.07260 63.35830 62.78270 62.31870
-9999 -9999 -9999 -9999 -9999 -9999 -9999 -9999 -9999 -9999 -9999 -9999 -9999 -9999 -9999 -9999 -9999 -9999 -9999 -9999 -9999 -9999 -9999 -9999 -9999 -9999 -9999 -9999 -9999 69.23540 68.99490 68.85210 68.68020 68.98200 69.09600 69.34340 69.49180 69.81940 69.92670 70.60540 70.91480 70.84980 70.65250 70.70690 70.33230 69.76960 69.30090 68.70720 66.92800 66.14460 65.09970 61.80890 61.11220 63.40290 62.95500 63.61480 64.36800 63.76890 63.45490 63.24890 62.46070 61.90840 61.66570 61.81060 62.17890 62.19800 61.80770 61.77110 61.76690 62.25960 62.61750
-9999 -9999 -9999 -9999 -9999 -9999 -9999 -9999 -9999 -9999 -9999 -9999 -9999 -9999 -9999 -9999 -9999 -9999 -9999 -9999 -9999 -9999 -9999 -9999 69.60860 69.51430 69.57280 69.54110 69.25080 68.98130 68.98010 68.90980 68.93710 68.91970 68.95360 69.43460 69.48020 69.88230 69.90450 70.58570 70.89870 70.93930 70.71920 70.50980 70.11320 69.49600 69.30700 68.16820 66.66090 65.76690 65.10810 62.28380 62.49300 63.73150 64.08610 64.14760 64.33050 63.85950 63.38290 62.67910 62.47820 61.92140 61.89160 61.95530 62.11660 62.02160 62.46290 62.83650 62.66300 62.67920 60.85440
-9999 -9999 -9999 -9999 -9999 -9999 67.78850 67.81330 68.21520 67.88420 68.34710 -9999 -9999 -9999 -9999 -9999 -9999 -9999 -9999 -9999 -9999 69.76150 68.83640 68.80240 68.76150 68.89920 68.61020 68.50560 68.68620 68.35450 68.54580 68.46270 68.46190 68.35250 68.42360 68.82360 68.87070 69.33060 69.69340 70.32220 70.62140 70.97460 70.45980 70.25580 69.77170 69.16480 68.79290 67.89050 66.24210 65.39410 64.33510 63.13600 62.08910 63.15120 64.31470 64.12910 63.81420 63.70760 63.38560 62.90270 62.30310 61.74850 61.42860 61.39920 61.46870 62.24860 62.62580 62.75590 62.77240 63.10270 62.65770
-9999 -9999 -9999 -9999 -9999 67.15330 67.08430 66.79670 67.33270 67.24630 67.55300 67.34880 67.67120 67.59180 -9999 -9999 -9999 68.29690 68.32030 68.36690 68.52290 68.02610 67.98290 67.92740 68.15810 68.22590 68.36780 68.09100 68.42750 68.42960 68.66010 68.58240 68.62780 68.57350 68.69000 68.61020 68.85110 69.07980 69.17890 70.01800 70.16640 70.59370 70.43380 69.95660 69.46440 68.85520 68.06090 66.83600 65.78190 64.73060 64.19330 63.28150 63.14120 63.81270 63.76820 63.51810 63.28090 63.61630 63.70810 62.77940 62.51220 61.70380 61.62660 61.55920 61.13470 60.34080 60.80080 61.43050 61.98530 62.17170 62.29410
-9999 66.85350 66.86620 66.86330 66.72220 66.71460 66.64130 66.70550 66.49500 66.77100 66.70140 66.70920 66.67580 66.92090 67.33920 67.58360 68.14570 67.59470 67.94880 68.01820 68.14230 67.89230 67.69440 67.70930 67.84400 67.61220 67.90810 67.73950 68.00870 67.95890 67.91810 67.92700 68.21500 68.06310 68.11370 68.42750 68.40120 68.34710 68.87440 69.31660 69.39880 69.64450 69.91390 69.49550 69.18420 68.59350 67.79050 66.96360 66.06830 65.12420 64.06010 62.99630 62.90840 62.32340 62.23300 62.48800 62.97700 63.67240 63.16990 62.58840 62.47440 61.61100 60.99380 60.91180 60.55700 60.47200 60.92450 60.84120 61.75350 61.25000 60.32200
-9999 66.02300 66.00220 66.02240 65.99670 66.01420 66.34550 66.12520 66.40700 66.37750 66.44680 66.18270 66.07570 66.44440 66.72720 66.83300 67.14620 67.14110 67.56020 67.60670 67.49310 67.31130 67.16960 67.37850 67.47000 67.58080 67.23140 67.42640 67.22710 67.22240 67.42040 67.72580 67.70600 67.93470 68.02140 67.96100 68.11770 68.12970 68.45280 68.26500 68.73940 68.96490 69.08930 69.09280 68.87490 68.37840 68.16000 66.96010 66.01560 65.05290 64.48260 63.32590 62.80860 61.23880 61.15710 62.29480 62.86690 62.66670 62.67530 61.76850 61.71780 61.11250 60.94420 60.95130 60.75780 60.47570 60.49850 60.86110 61.17950 61.31230 61.33680
-9999 -9999 -9999 65.31640 65.21820 65.41150 65.60010 65.94990 65.66350 66.13800 66.03890 66.24540 66.17630 66.49370 66.41350 66.45460 66.58610 67.31160 67.20820 66.95260 67.08330 66.94180 66.90240 66.82730 66.79130 67.16340 67.22850 67.17540 67.10770 67.08210 67.03160 67.36410 67.31170 67.53290 67.50460 67.40650 67.61050 67.60910 67.61960 67.68540 67.97460 68.40470 68.29940 68.58760 68.39520 68.09970 67.43440 66.75580 66.22050 65.56790 64.31540 63.32250 62.51400 61.56290 61.73060 61.59550 62.42580 62.37130 61.83100 61.29750 61.62940 60.69180 60.55170 60.18420 60.18310 60.85540 61.00990 60.88090 60.85900 60.69300 60.70620
-9999 -9999 -9999 -9999 -9999 -9999 65.15850 65.39670 65.10520 65.41080 65.44400 65.66890 65.98740 66.36610 66.30910 66.47190 66.46610 67.01910 67.10360 67.25560 67.02470 67.07760 67.12070 66.77000 66.99610 66.99390 66.93090 66.78500 66.96820 66.88890 66.74630 66.91820 66.83500 66.91210 67.05040 66.96420 66.92110 66.99590 66.99330 67.32320 67.46940 67.58100 67.91590 68.16800 68.21710 67.65380 67.42700 66.68890 66.42210 65.05240 63.90310 62.57840 61.96380 62.55790 61.66400 61.30080 61.93080 60.74220 60.16240 60.44220 59.89230 59.59770 59.46740 59.31390 59.78020 59.68910 60.96830 61.05800 60.81600 60.69440 60.60650
-9999 -9999 -9999 -9999 -9999 -9999 65.13370 64.75690 65.12800 64.99310 65.32560 65.07690 65.39890 65.73650 65.80240 66.19020 66.23600 66.72340 66.73460 66.56450 66.51840 66.67030 66.62840 66.56690 66.71430 66.65510 66.64100 66.71130 66.62630 66.50470 66.48070 66.21950 66.43920 66.37810 66.36400 66.37070 66.33590 66.42030 66.41880 66.81470 67.01790 67.32510 67.14070 67.68580 67.82290 67.37250 67.25180 67.14130 66.62660 65.94760 65.07320 64.21570 63.64750 62.96820 62.41920 63.15350 62.71700 61.37960 61.31280 60.65550 59.17360 59.41950 59.07210 59.21160 59.25080 60.63960 60.93310 61.45900 61.61060 61.41940 60.79450
-9999 -9999 -9999 -9999 -9999 -9999 -9999 -9999 -9999 -9999 65.02420 64.81560 65.08230 65.63070 65.66420 65.69550 65.76430 66.04730 66.15510 66.37610 66.42710 66.01100 66.42690 66.37670 66.36120 66.19740 66.05020 65.99020 65.84330 65.83790 65.78620 65.52690 65.68980 65.59190 65.70160 65.94130 65.83840 66.13450 66.20820 66.49000 66.39770 66.74510 66.57620 66.94950 67.00560 67.19490 66.89570 66.85230 66.55790 66.31950 66.12340 65.26340 64.66420 64.70330 64.40340 64.43320 64.24170 63.81530 63.17670 62.86660 62.45400 62.09670 61.68460 61.42410 61.48840 61.91050 62.39420 62.55970 62.28850 62.46010 61.75290
-9999 -9999 -9999 -9999 -9999 -9999 -9999 -9999 -9999 -9999 64.86270 65.00310 64.95260 65.22480 65.37490 65.16770 65.72460 65.70690 65.88270 66.17160 66.22530 66.15510 66.13230 66.18750 66.13270 66.21040 65.97690 65.62440 65.49140 65.42760 65.03440 65.08760 64.98800 65.13670 65.06980 65.50600 65.35070 65.77150 65.88110 65.82920 66.23520 66.42750 66.29970 66.70060 66.77690 66.57610 66.59990 66.60430 66.03980 66.05990 65.52620 64.91230 64.45880 64.48830 64.26240 64.46190 64.05050 63.92010 63.88590 63.57070 63.49920 63.53490 63.39070 63.88990 63.97590 64.00640 64.20280 64.17090 64.28120 63.01380 62.62850
-9999 -9999 -9999 -9999 -9999 -9999 -9999 -9999 -9999 -9999 -9999 -9999 64.42570 64.29220 64.92430 65.16660 65.55020 66.12160 66.10860 66.17800 66.16410 66.20180 66.40220 66.05400 66.09880 66.02030 65.84850 65.33750 65.25560 64.86690 64.77400 64.89410 64.74910 64.84150 64.92740 64.96080 65.14640 65.14780 65.25630 65.57980 65.87100 65.84780 66.42820 66.25870 66.61440 66.39250 66.04150 66.11320 65.93190 65.48710 65.07640 64.68830 64.30360 64.07590 63.76020 63.77060 64.05370 63.58010 63.52350 63.27440 63.31010 63.42020 63.53860 64.08950 64.16720 64.39820 64.82120 64.85670 64.76230 64.52990 63.11910
-9999 -9999 -9999 -9999 -9999 -9999 -9999 -9999 -9999 -9999 -9999 -9999 64.17670 64.31580 64.61670 64.96210 65.35510 65.60660 65.70540 65.84430 66.08080 65.49910 65.81440 65.99400 65.90630 65.64950 65.55250 65.37130 64.92650 64.65540 64.60950 64.50880 64.58450 64.69200 64.92290 65.09280 65.10660 65.01070 65.13800 65.29510 65.53560 66.20050 66.29130 66.17100 66.25640 66.05060 66.10520 65.77860 65.53070 64.98310 64.87840 64.77250 64.12390 63.74140 63.26550 63.74420 63.63880 63.46940 63.16750 63.24910 63.54920 63.68600 63.67090 63.95390 64.24770 64.64810 64.91120 65.16130 64.70280 64.01690 63.38810
-9999 -9999 -9999 -9999 -9999 -9999 -9999 -9999 -9999 -9999 -9999 63.37250 63.41430 64.05480 64.43040 64.41390 64.31640 64.53100 64.92860 65.22290 66.08980 65.60520 65.88500 65.61490 65.34160 65.28940 65.16440 64.84120 64.95010 64.54410 64.62040 64.69680 64.83200 64.64840 65.10590 65.25870 65.12030 65.18240 65.38220 65.29390 65.31600 65.69430 65.67180 66.01750 65.88730 65.87110 66.09160 65.94350 65.69840 65.45220 65.15920 64.94230 64.51560 63.84040 63.60620 63.52550 63.59560 63.31700 63.21650 63.20170 63.25120 63.35180 63.61530 63.71310 63.98910 64.37320 64.57880 64.43950 64.03910 63.19730 61.85740
-9999 -9999 -9999 -9999 -9999 -9999 -9999 -9999 -9999 -9999 -9999 62.88960 63.23940 63.80680 64.19080 63.99060 64.18810 64.45830 64.87190 65.21110 65.42890 65.52120 65.84320 65.38900 65.30990 65.17810 64.83780 64.48240 64.60600 64.13920 64.16140 64.20910 64.42680 64.59760 64.70680 64.98560 65.13450 64.83470 64.87150 65.30420 65.58120 65.49670 65.82530 65.64880 65.67640 65.71200 65.93010 66.01680 66.10060 65.63540 65.41440 65.27630 65.00700 64.55660 63.91370 63.78520 63.82450 63.69860 63.35920 63.73190 63.43530 63.42460 63.69560 64.07520 64.19070 64.59060 64.54010 64.68000 63.89490 62.98120 63.00060
