data/hydroclimate-scenarios/1948-2000.Pcorr55N_Pref_Tref/monthly_summaries/rh_monthly_avg_nov.1950-2000.asc
ncols	311
nrows	91
xllcenter	102.75
yllcenter	31.75
cellsize	0.5
NODATA_value	-9999
[rows 32 to 63 of 91, columns 0 to 70 of 311]
-9999 -9999 -9999 -9999 -9999 -9999 -9999 -9999 -9999 -9999 -9999 59.25030 59.67150 60.45850 60.90730 61.25210 61.95800 62.35240 62.75640 62.96030 63.47220 64.48410 65.11020 65.15720 65.70900 65.04150 64.55020 63.04490 62.85050 62.95980 62.39500 63.08660 64.21150 65.15810 65.68040 67.30240 68.16450 68.05840 67.90190 68.88970 69.08860 69.42000 69.71980 69.09260 69.01720 68.56710 68.79280 68.13900 67.64730 67.20740 66.69750 65.66830 65.52510 64.63900 64.30720 64.14530 64.03330 63.69650 63.97860 63.79290 64.08770 64.03580 64.14090 64.39100 65.15570 66.01940 66.31490 66.20920 66.02430 65.58540 66.41040
-9999 -9999 -9999 -9999 -9999 -9999 -9999 -9999 -9999 -9999 -9999 59.41560 59.48700 60.62180 60.98540 61.47250 62.11960 62.62010 63.34290 63.53190 64.11290 64.73670 65.30560 65.92650 65.35290 64.56540 64.07320 62.90400 62.54930 63.00220 62.74110 63.07440 63.88330 64.93600 65.98740 67.59430 67.51100 67.69260 67.55160 68.07910 68.72520 68.60480 69.27120 69.03200 68.94750 68.81590 68.61850 67.95630 67.43310 67.27810 66.52140 66.19670 65.75110 65.26710 64.92490 64.45140 64.35590 64.22550 63.84070 63.99870 63.59890 63.92210 64.69550 64.63720 65.36410 65.74320 66.10420 66.68600 67.00620 66.26540 67.42130
-9999 -9999 -9999 -9999 -9999 -9999 -9999 -9999 -9999 -9999 -9999 -9999 59.98430 60.40900 60.83240 61.57010 62.01690 62.77390 63.23190 63.24500 63.46780 64.21750 64.52390 64.25470 63.67700 62.21580 61.81080 61.97100 62.42670 62.66500 62.83050 63.77160 64.23730 64.92550 65.98590 66.73620 67.29930 67.49720 67.71160 67.43430 67.99910 68.17610 68.75540 68.34020 68.62050 68.49840 68.07510 67.85990 67.26740 66.78340 66.37520 65.46250 64.70230 64.29080 63.86440 64.44000 64.37160 64.35240 64.22490 64.02750 64.30040 64.64770 64.23210 64.40050 65.17350 65.93620 66.71700 66.95380 66.04160 66.37420 68.44590
-9999 -9999 -9999 -9999 -9999 -9999 -9999 -9999 -9999 -9999 -9999 -9999 60.40830 60.53090 61.26610 61.73070 62.48320 63.29430 63.70770 63.37360 64.12000 63.30700 63.60020 63.30210 62.28770 62.19470 62.11470 61.22660 61.60580 61.20980 61.01270 61.58400 62.90410 63.99100 64.69000 65.41270 65.92910 66.55670 67.13040 66.94070 67.20630 67.61420 68.27560 68.45830 68.85920 69.18180 69.34480 68.09530 67.52820 66.60040 65.80070 65.31320 64.88460 64.47160 64.48210 64.72700 64.65090 64.64140 64.56710 64.28880 64.16530 63.64810 63.64220 64.18640 64.92420 66.19730 66.17680 67.15000 67.09970 67.83430 67.84740
-9999 -9999 -9999 -9999 -9999 -9999 -9999 -9999 -9999 -9999 -9999 -9999 60.55730 61.29940 61.73870 62.06970 62.50510 62.88080 63.21060 62.77120 63.47720 63.43680 63.76550 63.36560 62.89110 61.57780 61.25190 62.09910 60.95860 60.99700 60.79210 61.79180 61.55460 61.93620 63.34980 63.98540 64.57380 64.75920 65.43710 65.88320 65.99600 66.59340 67.66790 67.85540 68.61190 69.33120 68.75670 67.47190 66.97670 66.90120 66.10110 65.59040 65.22930 64.39090 64.37850 65.35710 64.60340 64.58570 64.49470 63.84210 63.78010 63.30340 63.69100 64.92170 65.18220 65.57740 66.31330 67.27230 67.20120 68.35310 69.17290
-9999 -9999 -9999 59.94680 60.15480 60.10070 60.41930 59.96450 60.24570 -9999 60.40690 60.58430 61.04740 61.70030 62.11500 62.12750 62.50950 62.50360 62.67850 62.50750 63.36700 63.74400 64.37400 64.42070 63.56510 62.13890 61.74250 60.53590 59.66900 57.79210 58.83530 59.83680 59.24190 58.69030 60.49480 61.48120 62.03510 62.56880 63.32280 64.48650 65.37180 65.66290 67.34510 67.59050 68.13350 68.08500 67.15200 67.24890 66.73850 65.90720 65.05890 64.58490 63.42570 62.36370 62.45870 62.21250 61.70560 63.58720 62.64700 63.31680 63.76750 63.61710 63.95000 64.39110 65.16630 65.89170 66.14940 67.08780 67.92420 68.95210 69.34980
-9999 -9999 -9999 60.74680 60.40790 60.72190 60.35860 60.67890 61.01920 60.91560 61.60380 62.01880 62.02760 62.02770 61.95840 61.49890 61.43820 61.67600 62.24780 62.63750 63.84680 63.86070 65.63410 65.46930 63.65720 62.20110 60.72920 60.25950 58.45770 56.67750 56.93650 57.09320 57.27230 57.06400 57.77830 58.14770 59.04200 59.08930 61.08450 61.32090 62.28970 64.15850 65.81500 65.94350 66.48710 66.20530 66.15400 67.05140 65.48310 64.57690 63.74190 62.98040 62.09940 61.93510 62.52280 62.71020 63.22950 63.17260 62.30010 62.66060 63.12580 63.44940 63.50100 64.09520 64.75820 66.17120 66.81310 67.95160 68.68320 68.99220 69.61530
-9999 -9999 -9999 60.90080 60.79000 60.74460 60.71910 61.35060 61.73150 61.95700 61.95970 61.97980 61.92980 61.07620 60.29250 60.65460 60.55240 60.82350 61.58020 61.97940 62.47380 62.17460 63.32910 62.02490 60.30970 59.95200 58.91210 58.17200 57.45940 54.82910 53.37280 53.83030 55.19870 54.91390 55.34610 56.00480 57.07570 57.96430 58.99280 59.67310 60.60050 62.35810 64.28970 65.20530 66.83600 66.60640 66.07320 65.62650 64.90220 63.59120 62.37580 63.22030 62.37300 61.91720 62.32580 62.66970 62.81930 62.84260 62.31270 62.28280 63.12170 63.50860 64.26340 64.02440 65.14340 65.44980 66.41790 67.06820 66.92090 67.98240 68.63690
-9999 -9999 -9999 61.23870 61.30570 60.97990 61.65820 61.35880 61.60280 61.52730 62.18770 62.31790 61.10730 60.60860 59.99890 60.20000 59.48450 59.37090 59.75170 60.23570 59.39630 58.72480 57.79840 57.74480 57.95620 58.13830 57.30320 57.43060 54.50300 52.62950 52.72080 54.15110 53.20560 52.13090 52.49250 53.36900 55.20360 56.92530 57.08470 58.21970 59.08790 59.49060 60.55580 62.51120 65.47470 65.10030 64.14130 64.37130 63.05510 63.07120 61.70800 62.18340 61.49510 60.54660 61.07070 62.06960 62.18680 61.71820 61.37560 61.75450 61.25170 62.69800 63.46800 64.09360 64.42830 65.45050 66.03650 66.21610 65.95630 66.92640 70.40200
-9999 -9999 -9999 61.61010 61.60350 60.96900 61.24520 61.60810 61.22210 61.83650 62.65760 62.03070 61.03690 59.76900 59.01900 58.96570 58.30770 58.34720 59.24030 59.78360 58.62390 57.61470 56.75960 57.43460 57.73620 57.46270 57.79420 56.76180 54.44970 52.34810 51.28430 51.49910 51.05080 51.47290 52.16480 52.24220 52.83580 54.56390 55.30750 56.31480 56.48190 57.51740 58.62760 59.49570 61.37880 62.50060 62.91650 62.72040 62.30640 61.85220 61.39230 62.22900 61.05970 59.67520 61.01670 60.42180 61.74340 61.78430 61.33920 60.44930 61.25310 61.79700 62.86080 62.08660 62.79420 64.69780 64.96840 64.96230 65.90130 68.17140 71.81460
-9999 -9999 -9999 -9999 60.94630 60.70520 61.33840 61.03460 61.31390 61.79520 62.93560 62.34240 59.88650 60.89400 -9999 -9999 -9999 -9999 -9999 55.70900 55.13320 55.47830 54.92750 53.75520 54.64920 55.10110 56.61500 55.20580 53.71980 53.11800 51.55290 51.04990 50.68270 50.93990 52.08150 52.33500 52.17300 53.26770 53.77790 54.38700 55.58200 56.35820 57.08270 57.66780 59.07180 60.23720 61.19120 60.49680 61.36960 62.04350 61.47460 61.28980 61.72860 60.46420 60.12430 59.89290 59.27800 59.70530 60.05560 60.68320 60.35170 60.28510 61.07100 61.87440 62.63590 62.87700 64.36620 65.94530 67.45290 -9999 -9999
-9999 -9999 61.86410 61.46440 61.29820 61.41350 61.36480 61.03640 62.08420 62.52340 63.31570 62.71140 60.37240 -9999 -9999 -9999 -9999 -9999 54.13430 54.45570 53.70130 54.46030 54.61140 53.44220 53.63440 53.67070 55.08020 54.80480 54.15510 53.57010 52.35210 51.71240 50.96860 50.62860 50.99240 51.62680 51.45000 52.13080 52.35980 52.89600 53.38310 54.30900 54.81710 56.20440 57.43520 58.66200 59.52470 60.26690 61.15650 62.24690 62.03640 62.17470 61.74410 62.18550 60.98780 61.47420 60.66730 59.77260 59.79650 61.28400 61.57530 61.59730 62.33190 62.28580 63.13130 63.88200 65.01900 -9999 -9999 -9999 -9999
-9999 -9999 62.26050 61.85290 61.94840 61.60160 62.19630 61.63450 62.34140 63.03120 62.51170 62.35370 62.60430 -9999 -9999 -9999 -9999 57.09630 54.12100 54.24190 52.88670 52.85800 52.97330 53.27900 54.17950 55.02960 54.67640 53.94760 53.47730 53.30100 52.02930 51.01920 51.08010 50.68790 50.36180 50.43220 50.69510 50.96740 50.70250 50.48480 51.52660 51.65590 51.93280 53.51330 54.54060 56.48310 58.11220 58.81980 60.80510 61.05540 61.70840 62.46550 62.70170 62.19430 61.87230 62.78120 62.09150 60.63680 60.21560 61.29480 62.03510 61.44680 62.36950 63.28250 64.45030 -9999 -9999 -9999 -9999 -9999 68.00230
-9999 -9999 62.93220 62.30180 62.67390 62.33070 62.66400 62.78040 62.85500 63.12730 62.52670 62.46210 63.49490 -9999 -9999 -9999 -9999 55.73960 54.53960 53.66230 52.46960 52.58320 53.40080 53.59680 53.81000 53.99330 53.49380 53.61420 53.23880 52.79010 51.79660 51.37660 50.50460 49.70330 49.67500 49.12960 49.26580 49.51120 49.28470 50.20670 50.22170 50.67280 50.96770 51.31200 53.36810 54.66480 56.13940 57.27550 58.94560 59.80100 61.27000 61.36010 61.33450 61.12830 60.82040 62.40120 62.49040 61.25210 61.94560 62.18600 63.70410 63.72810 64.08480 63.19750 62.35950 61.98530 63.71000 63.15710 64.56710 -9999 -9999
-9999 -9999 -9999 63.03860 62.55930 62.78950 63.19810 63.60440 63.35050 62.57280 63.25740 63.16230 -9999 -9999 -9999 -9999 57.12100 55.07850 54.82120 53.74950 52.80540 53.14460 52.82570 52.50240 52.70820 52.90400 52.82760 52.61560 52.46970 50.90860 50.55360 51.12800 51.05750 49.80270 49.09710 49.41150 49.67490 49.95650 50.17000 50.29030 50.12250 49.85240 49.76490 50.57590 53.00890 54.30950 56.34520 57.89670 58.31870 59.45030 59.22290 59.83290 60.28390 59.64960 58.92950 59.41220 59.55390 59.67310 60.46250 62.05620 62.69120 63.01060 61.47570 59.33680 57.96720 60.62920 62.34230 62.04930 63.39960 67.64930 -9999
-9999 -9999 -9999 -9999 63.82530 63.71560 63.72030 63.25130 63.29420 64.12610 62.87130 -9999 -9999 -9999 -9999 59.04290 57.08690 56.31410 55.36990 54.18490 53.51380 53.19570 52.92900 52.14220 52.12790 53.04070 53.01860 52.93860 52.52920 52.14790 51.65940 52.36200 51.86420 50.72180 49.31080 49.39000 49.33060 49.62690 49.50340 49.64120 48.87610 49.09670 49.72030 50.84440 52.63440 54.22850 55.63600 57.12280 58.22230 59.05250 59.65790 59.66660 59.26600 58.74950 58.88350 59.42290 60.42400 59.75850 60.39390 61.93430 61.62550 60.80770 60.74980 60.64240 59.46830 60.15200 61.32110 61.46370 61.22020 62.77370 64.04720
-9999 -9999 -9999 -9999 -9999 -9999 63.96270 63.87230 62.23710 62.20260 63.76630 -9999 -9999 -9999 -9999 -9999 57.63760 56.21920 55.52090 54.02580 53.17260 54.45100 52.53850 51.95730 52.20820 53.14640 53.22120 53.37120 53.63860 53.31070 53.20750 53.11470 52.63790 50.85430 50.13410 49.99080 49.25860 48.49260 48.97440 48.22660 48.38330 47.79440 48.37490 49.83530 51.23170 53.64290 55.40560 56.87590 58.01240 58.87610 59.53230 59.52680 59.30070 58.53240 57.92390 58.31900 59.22310 59.74450 60.26530 60.88710 60.64760 60.52530 60.18780 59.58430 58.52940 59.52040 60.43920 60.48480 60.72960 61.71120 62.85680
-9999 -9999 -9999 -9999 -9999 -9999 -9999 -9999 -9999 -9999 -9999 -9999 -9999 -9999 -9999 -9999 -9999 -9999 -9999 53.79130 52.97740 53.32390 52.69940 52.44740 52.43120 52.58040 52.81390 54.29390 54.33440 53.85600 53.92550 54.00360 52.34830 51.36320 50.53560 50.07940 49.59710 48.63930 48.07380 47.55270 47.21880 47.73020 48.63210 49.70160 51.02840 53.16370 55.21260 56.72100 58.15590 58.74170 59.36100 59.75460 59.18110 58.83660 57.64080 57.82020 58.66150 59.50790 59.94320 60.51270 59.81470 60.21100 59.91070 59.25530 58.64400 60.32150 60.76460 60.64230 60.64860 61.07780 62.16890
-9999 -9999 -9999 -9999 -9999 -9999 -9999 -9999 -9999 -9999 -9999 -9999 -9999 -9999 -9999 -9999 -9999 -9999 54.66460 53.48670 53.32580 53.37440 53.17860 53.00110 53.28850 53.23040 53.52180 53.24730 53.50870 53.34230 53.96620 53.32670 52.60730 52.08310 51.07690 50.57830 49.79550 49.01600 47.69470 47.04010 47.24840 47.96390 48.53120 49.58210 50.67090 52.66480 54.78620 57.30500 58.87600 59.58950 60.30740 60.17970 59.69320 58.57680 57.84040 58.53820 59.00470 58.67540 58.72980 60.29350 60.95820 61.62710 61.14810 60.23460 59.81880 61.25380 61.64620 61.79150 62.08630 62.88220 63.62160
-9999 -9999 -9999 -9999 -9999 -9999 -9999 -9999 -9999 -9999 -9999 -9999 -9999 -9999 -9999 -9999 -9999 54.60250 54.20000 53.92320 53.36540 52.86510 53.26930 53.19970 53.31980 53.60280 53.30840 53.09890 52.38380 52.61010 52.96020 53.41370 52.97690 53.12510 52.18580 50.89570 49.20380 48.25610 47.78010 47.12530 47.13950 47.86010 48.33130 49.48170 51.09360 52.90050 54.85020 56.96740 59.22440 60.25760 61.24020 61.19950 60.32640 58.92660 58.72630 58.96330 58.83390 58.54750 59.00170 60.53140 62.33290 61.87220 59.84570 59.81040 61.69710 62.23910 62.13770 63.15320 63.49460 64.01090 63.73180
-9999 -9999 -9999 -9999 -9999 -9999 -9999 -9999 -9999 -9999 -9999 -9999 -9999 -9999 -9999 -9999 -9999 54.13500 53.80890 52.84250 52.64010 53.07040 53.30120 53.46330 54.46590 53.88570 53.59140 53.05050 52.96460 52.85050 53.64470 54.08370 54.03690 54.38440 53.21160 51.67660 50.55600 48.97040 47.54370 47.66680 47.80570 48.28880 48.86620 50.03200 51.39240 54.06240 56.21740 56.35700 58.78560 61.84720 62.50610 61.36560 60.24930 59.76070 59.17170 59.26960 58.49140 59.06900 60.35180 61.21990 61.68270 61.21110 61.55660 61.55420 60.76990 61.75110 63.44490 62.92170 64.22100 65.18440 65.54340
-9999 -9999 -9999 -9999 -9999 -9999 -9999 -9999 -9999 -9999 -9999 -9999 -9999 -9999 -9999 -9999 52.62120 52.36340 51.99940 52.14960 52.72800 53.84700 53.86470 54.33550 55.25980 54.27190 53.96970 54.33190 53.66260 53.56640 54.12440 54.59190 54.73810 55.34060 54.87380 53.83370 52.13520 50.64910 49.01530 49.35180 49.33300 48.69820 48.99630 50.23760 52.11800 54.38910 55.85010 56.16120 57.67150 61.27710 62.56610 60.88760 59.97640 59.78900 59.43690 59.68990 59.70970 60.11480 60.88780 60.90130 62.18030 62.54640 62.46260 61.24910 62.88460 63.42510 64.55010 64.94240 66.13260 66.41980 66.42240
-9999 -9999 -9999 -9999 -9999 -9999 -9999 -9999 -9999 -9999 -9999 -9999 -9999 53.30930 52.17280 51.61400 51.12680 50.52830 51.38130 52.03250 52.74210 53.20250 54.12610 54.40920 54.61410 55.36840 55.23170 55.03920 55.03420 55.33900 55.43550 55.54460 55.66180 55.94740 55.71490 55.24880 54.50520 53.97140 53.11820 52.07160 50.97750 49.96690 49.17780 50.90270 52.94500 55.30610 56.37360 56.63590 56.68740 56.33290 57.50380 58.37300 58.61580 59.58840 59.91240 60.08000 60.74440 61.22620 61.89320 62.23890 63.17530 63.96110 64.35640 65.30700 66.52190 67.95200 68.09730 67.42670 67.66260 67.38610 66.95270
-9999 -9999 -9999 -9999 -9999 -9999 -9999 -9999 -9999 -9999 -9999 -9999 52.85800 51.70500 50.72890 50.13790 50.20820 50.41640 50.61920 52.50840 52.56120 53.82710 54.57830 55.06690 54.95070 55.77470 55.85490 56.06720 55.80810 56.38010 56.04120 55.83170 55.90170 56.34850 57.11860 56.81920 56.64390 56.87640 57.12080 56.07660 53.52850 51.19990 49.15140 51.58570 54.20300 56.37020 56.92790 56.90620 55.60370 53.96670 55.31190 56.97270 58.12110 59.05530 59.96640 60.88840 61.21060 61.52410 61.62590 62.58130 63.47000 64.93800 65.98000 66.64800 68.38820 69.27870 69.30180 68.95650 68.70150 67.55590 66.44350
-9999 -9999 -9999 -9999 -9999 -9999 -9999 -9999 -9999 -9999 -9999 51.29700 50.68280 50.05540 49.54200 49.60760 49.41860 50.05190 50.54150 51.16200 52.40220 53.87700 54.60640 55.21130 55.16860 55.39610 55.60990 56.37030 57.50270 56.87740 55.94850 55.26540 55.31330 55.77160 56.88650 56.79980 57.11480 58.27810 60.29410 59.09900 56.13030 53.65980 52.42810 53.87590 55.74440 57.64370 58.51270 58.57070 57.32600 56.04870 56.12920 55.91380 56.90960 57.81070 58.99460 60.47680 61.89390 62.28760 63.80240 64.95210 65.24550 66.62600 67.85000 68.51080 70.15120 71.21310 70.55230 69.93340 68.54750 67.33060 65.99700
-9999 -9999 -9999 -9999 -9999 -9999 -9999 -9999 -9999 -9999 51.14360 50.27640 50.24900 49.10460 48.68920 48.20810 48.35040 48.56830 49.52740 50.61160 52.24890 53.70400 54.64160 55.15250 55.18790 55.32850 55.42640 56.54850 56.73640 55.82850 55.30180 54.82540 54.79700 55.15220 55.82440 55.74460 56.58770 58.29980 59.87130 59.41030 57.78490 56.22060 56.13920 56.79410 57.93570 59.29920 60.45580 60.69420 59.76860 58.50230 57.78350 56.44140 56.96110 57.55870 58.98410 60.78600 61.83370 63.01230 64.95560 65.49530 66.05660 66.78550 67.70480 68.89040 70.10880 71.16480 70.66860 69.92030 68.48440 66.88960 66.19920
-9999 -9999 -9999 -9999 -9999 -9999 -9999 -9999 -9999 51.45890 50.12390 50.07360 49.87130 48.72560 47.69670 46.61220 46.22880 47.05070 49.01300 50.68610 52.70690 53.62210 54.42620 54.99730 55.14680 55.36080 55.95640 56.13090 55.96340 55.43640 54.75200 53.28110 53.02630 53.28630 53.62480 54.15400 55.16190 57.54960 58.53150 59.26510 58.89540 58.97820 58.93370 59.47870 60.09330 60.92520 62.25800 61.78860 62.01170 61.01410 59.16280 57.44610 56.62830 56.31980 57.37560 61.55590 63.68320 64.93700 65.46040 66.12310 66.13750 66.78670 67.44600 68.18200 69.30740 69.56550 69.55550 68.21850 67.51300 66.67730 67.13260
-9999 -9999 -9999 -9999 -9999 -9999 -9999 -9999 -9999 -9999 48.22940 49.44480 49.65160 49.34080 47.99880 46.22830 44.86400 46.23230 48.21900 50.22510 51.95160 53.76790 54.82380 -9999 -9999 -9999 -9999 -9999 -9999 54.49350 53.49590 53.12360 52.80880 52.44980 52.53090 53.14440 54.71630 57.05920 57.84720 58.78070 59.15420 59.68190 60.24150 60.92600 61.05030 61.72130 62.42950 62.59560 62.77590 62.11710 60.24400 58.61050 57.31260 56.82550 57.65620 61.90190 63.85430 64.79230 65.39260 66.05140 65.84190 66.03770 66.54910 67.23340 66.64130 68.11500 68.03460 66.99730 65.04800 65.94450 66.25130
-9999 -9999 -9999 -9999 -9999 -9999 -9999 -9999 -9999 -9999 -9999 -9999 50.58260 49.75030 48.28640 47.33280 46.50570 47.26780 48.78980 -9999 -9999 -9999 -9999 -9999 -9999 -9999 -9999 -9999 -9999 -9999 -9999 -9999 -9999 52.56360 52.34930 53.55130 54.88640 56.42580 57.85740 58.77570 59.34770 59.53070 60.10150 60.79590 60.77310 61.81370 62.34080 62.99570 63.43370 62.45530 60.83300 58.38630 57.49840 57.87520 58.86460 61.68600 62.63990 63.95730 64.72030 64.73730 64.95860 64.49880 64.95970 65.73670 66.41470 67.02540 66.85150 66.08150 65.93190 66.94850 67.83550
-9999 -9999 -9999 -9999 -9999 -9999 -9999 -9999 -9999 -9999 -9999 -9999 -9999 -9999 -9999 -9999 -9999 -9999 -9999 -9999 -9999 -9999 -9999 -9999 -9999 -9999 -9999 -9999 -9999 -9999 -9999 -9999 -9999 -9999 52.65150 53.37550 55.12570 56.25330 57.48660 58.40480 59.07480 59.33180 59.94470 60.98540 61.15840 61.40760 62.33260 63.03320 63.24080 61.96660 60.66980 58.28850 57.86310 58.21440 58.86240 61.79460 62.59560 62.54580 63.15560 63.41090 64.13530 63.97450 64.13310 65.43100 65.81820 65.91290 65.91920 65.39390 64.99200 66.37970 68.56250
-9999 -9999 -9999 -9999 -9999 -9999 -9999 -9999 -9999 -9999 -9999 -9999 -9999 -9999 -9999 -9999 -9999 -9999 -9999 -9999 -9999 -9999 -9999 -9999 -9999 -9999 -9999 -9999 -9999 -9999 -9999 -9999 -9999 -9999 52.86920 53.71660 54.26500 56.05720 57.65890 58.94630 59.41270 59.76580 60.33730 60.63480 61.08790 61.62590 62.21080 62.76790 63.09130 61.03420 59.43260 58.08570 58.68120 57.35860 58.29940 60.88630 62.53240 63.01710 63.22080 63.92180 64.88090 64.55940 63.88480 64.08990 65.10740 64.24190 64.87100 64.55770 64.47950 66.71620 -9999
-9999 -9999 -9999 -9999 -9999 -9999 -9999 -9999 -9999 -9999 -9999 -9999 -9999 -9999 -9999 -9999 -9999 -9999 -9999 -9999 -9999 -9999 -9999 -9999 -9999 -9999 -9999 -9999 -9999 -9999 -9999 -9999 -9999 -9999 -9999 -9999 -9999 -9999 57.94790 58.90100 59.37190 59.56040 60.06340 60.92250 61.38820 61.92890 62.25910 62.25860 62.10900 60.28640 58.67480 57.96400 58.42320 57.55220 58.10850 60.85460 62.12080 63.15810 63.64180 64.76380 65.35360 65.02240 64.18090 64.54100 63.89610 64.50430 64.77620 65.16260 66.53110 -9999 -9999
