data/hydroclimate-scenarios/1948-2000.Pcorr55N_Pref_Tref/monthly_summaries/rh_monthly_avg_jul.asc
ncols	311
nrows	91
xllcenter	102.75
yllcenter	31.75
cellsize	0.5
NODATA_value	-9999
[rows 0 to 31 of 91, columns 71 to 141 of 311]
-9999 -9999 -9999 -9999 -9999 -9999 -9999 -9999 -9999 -9999 -9999 -9999 -9999 -9999 -9999 -9999 -9999 -9999 -9999 -9999 -9999 -9999 -9999 -9999 -9999 -9999 -9999 -9999 -9999 -9999 -9999 -9999 -9999 -9999 -9999 -9999 -9999 -9999 -9999 -9999 -9999 -9999 -9999 -9999 -9999 -9999 -9999 -9999 -9999 -9999 -9999 -9999 -9999 -9999 -9999 -9999 -9999 -9999 -9999 -9999 -9999 -9999 -9999 -9999 -9999 -9999 -9999 -9999 -9999 -9999 -9999
-9999 -9999 -9999 -9999 -9999 -9999 -9999 -9999 -9999 -9999 -9999 -9999 -9999 -9999 -9999 -9999 -9999 -9999 -9999 -9999 -9999 -9999 -9999 -9999 -9999 -9999 -9999 -9999 -9999 -9999 -9999 -9999 -9999 -9999 -9999 -9999 -9999 -9999 -9999 -9999 -9999 -9999 -9999 -9999 -9999 -9999 -9999 -9999 -9999 -9999 -9999 -9999 -9999 -9999 -9999 -9999 -9999 -9999 -9999 -9999 -9999 -9999 -9999 -9999 -9999 -9999 -9999 -9999 -9999 -9999 -9999
-9999 -9999 -9999 -9999 -9999 -9999 -9999 -9999 -9999 -9999 -9999 -9999 -9999 -9999 -9999 -9999 -9999 -9999 -9999 -9999 -9999 -9999 -9999 -9999 -9999 -9999 -9999 -9999 -9999 -9999 -9999 -9999 -9999 -9999 -9999 -9999 -9999 -9999 -9999 -9999 -9999 -9999 -9999 -9999 -9999 -9999 -9999 -9999 -9999 -9999 -9999 -9999 -9999 -9999 -9999 -9999 -9999 -9999 -9999 -9999 -9999 -9999 -9999 -9999 -9999 -9999 -9999 -9999 -9999 -9999 -9999
-9999 -9999 -9999 -9999 -9999 -9999 -9999 -9999 -9999 -9999 -9999 -9999 -9999 -9999 -9999 -9999 -9999 -9999 -9999 -9999 -9999 -9999 -9999 -9999 -9999 -9999 -9999 -9999 -9999 -9999 -9999 -9999 -9999 -9999 -9999 -9999 -9999 -9999 -9999 -9999 -9999 -9999 -9999 -9999 -9999 -9999 -9999 -9999 -9999 -9999 -9999 -9999 -9999 -9999 -9999 -9999 -9999 -9999 -9999 -9999 -9999 -9999 -9999 -9999 -9999 -9999 -9999 -9999 -9999 -9999 -9999
-9999 -9999 -9999 -9999 -9999 -9999 -9999 -9999 -9999 -9999 -9999 -9999 -9999 -9999 -9999 -9999 -9999 -9999 -9999 -9999 -9999 -9999 -9999 -9999 -9999 -9999 -9999 -9999 -9999 -9999 -9999 -9999 -9999 -9999 -9999 -9999 -9999 -9999 -9999 -9999 -9999 -9999 -9999 -9999 -9999 -9999 -9999 -9999 -9999 -9999 -9999 -9999 -9999 -9999 -9999 -9999 -9999 -9999 -9999 -9999 -9999 -9999 -9999 -9999 -9999 -9999 -9999 -9999 -9999 -9999 -9999
-9999 -9999 -9999 -9999 -9999 -9999 -9999 -9999 -9999 -9999 -9999 -9999 -9999 -9999 -9999 -9999 -9999 -9999 -9999 -9999 -9999 -9999 -9999 -9999 -9999 -9999 -9999 -9999 -9999 -9999 -9999 -9999 -9999 -9999 -9999 -9999 -9999 -9999 -9999 -9999 -9999 -9999 -9999 -9999 -9999 -9999 -9999 -9999 -9999 -9999 -9999 -9999 -9999 -9999 -9999 -9999 -9999 -9999 -9999 -9999 -9999 -9999 -9999 -9999 -9999 -9999 -9999 -9999 -9999 -9999 -9999
-9999 -9999 -9999 -9999 -9999 -9999 -9999 -9999 -9999 -9999 -9999 -9999 -9999 -9999 -9999 -9999 -9999 -9999 -9999 -9999 -9999 -9999 -9999 -9999 -9999 -9999 -9999 -9999 -9999 -9999 -9999 -9999 -9999 -9999 -9999 -9999 -9999 -9999 -9999 -9999 -9999 -9999 -9999 -9999 -9999 -9999 -9999 -9999 -9999 -9999 -9999 -9999 -9999 -9999 -9999 -9999 -9999 -9999 -9999 -9999 -9999 -9999 -9999 -9999 -9999 -9999 -9999 -9999 -9999 -9999 -9999
-9999 -9999 -9999 -9999 -9999 -9999 -9999 -9999 -9999 -9999 -9999 -9999 -9999 -9999 -9999 -9999 -9999 -9999 -9999 -9999 -9999 -9999 -9999 -9999 -9999 -9999 -9999 -9999 -9999 -9999 -9999 -9999 -9999 -9999 -9999 -9999 -9999 -9999 -9999 -9999 -9999 -9999 -9999 -9999 -9999 -9999 -9999 -9999 -9999 -9999 -9999 -9999 -9999 -9999 -9999 -9999 -9999 -9999 -9999 -9999 -9999 -9999 -9999 -9999 -9999 -9999 -9999 -9999 -9999 -9999 -9999
-9999 -9999 -9999 -9999 -9999 -9999 40.29270 -9999 -9999 -9999 -9999 -9999 -9999 -9999 -9999 -9999 -9999 -9999 -9999 -9999 -9999 -9999 -9999 -9999 -9999 -9999 -9999 -9999 -9999 -9999 -9999 -9999 -9999 -9999 -9999 -9999 -9999 -9999 -9999 -9999 -9999 -9999 -9999 -9999 -9999 -9999 -9999 -9999 -9999 -9999 -9999 -9999 -9999 -9999 -9999 -9999 -9999 -9999 -9999 -9999 -9999 -9999 -9999 -9999 -9999 -9999 -9999 -9999 -9999 -9999 -9999
-9999 -9999 41.04540 39.50740 38.92740 40.13280 39.97380 41.16670 41.86520 42.90950 43.65500 43.79320 44.06600 44.39100 43.77850 44.00650 44.93860 44.40720 42.86330 42.69660 42.29920 41.81280 -9999 -9999 -9999 -9999 -9999 -9999 -9999 -9999 -9999 -9999 -9999 -9999 -9999 -9999 -9999 -9999 -9999 -9999 -9999 -9999 -9999 -9999 -9999 -9999 -9999 -9999 -9999 -9999 -9999 -9999 -9999 -9999 -9999 -9999 -9999 -9999 -9999 -9999 -9999 -9999 -9999 -9999 -9999 -9999 -9999 -9999 -9999 -9999 -9999
-9999 -9999 -9999 -9999 39.29530 39.60960 41.22990 41.60500 42.22810 43.34710 43.59930 43.90900 44.82750 44.56870 43.98140 44.36870 43.72280 43.98240 43.50850 43.46210 43.19340 42.90980 -9999 -9999 -9999 -9999 -9999 -9999 -9999 -9999 -9999 -9999 -9999 -9999 -9999 -9999 -9999 -9999 -9999 -9999 -9999 -9999 -9999 -9999 -9999 -9999 -9999 -9999 -9999 -9999 -9999 -9999 -9999 -9999 -9999 -9999 -9999 -9999 -9999 -9999 -9999 -9999 -9999 -9999 -9999 -9999 -9999 -9999 -9999 -9999 -9999
38.86510 38.90330 39.27270 39.11980 39.24690 39.67760 41.28550 41.67400 42.65170 43.45560 43.17520 43.49760 44.69570 44.46700 44.23400 44.13070 43.94080 43.83080 43.92670 43.85210 43.89430 43.27400 42.65400 42.06040 41.78940 40.83130 40.37500 38.86120 -9999 -9999 -9999 -9999 -9999 -9999 -9999 -9999 -9999 -9999 -9999 -9999 -9999 -9999 -9999 -9999 -9999 -9999 -9999 -9999 -9999 -9999 -9999 -9999 -9999 -9999 -9999 -9999 -9999 -9999 -9999 -9999 -9999 -9999 -9999 -9999 -9999 -9999 -9999 -9999 -9999 -9999 -9999
38.96990 39.13400 39.62060 40.24380 39.92160 40.37190 41.68160 41.87150 42.40440 43.21830 43.04280 43.24260 44.33420 44.36760 44.13570 44.08370 43.62760 43.38150 44.17650 44.65350 44.22460 44.06780 43.94460 43.14880 42.46240 42.03880 40.73150 40.78640 40.14330 38.89030 37.59990 37.52740 37.30490 37.08490 37.15940 37.32600 37.50460 37.55810 37.64870 37.40360 35.16070 34.74440 34.46150 -9999 -9999 -9999 -9999 -9999 -9999 -9999 -9999 -9999 -9999 -9999 -9999 -9999 -9999 -9999 -9999 -9999 -9999 -9999 -9999 -9999 -9999 -9999 -9999 -9999 -9999 -9999 -9999
39.76220 40.74650 40.33410 41.11560 41.09730 41.29130 41.85000 41.60600 42.59140 43.15490 42.65740 43.40470 44.13010 44.31210 44.46190 44.16730 43.90030 43.20030 43.69050 44.45690 44.67220 45.22850 44.28750 43.79770 43.36630 42.22600 41.10640 40.21780 40.61260 40.53060 38.52030 38.07090 36.96370 36.92520 37.07200 36.71600 38.24350 38.23350 38.33920 37.82530 35.95540 35.58490 34.66030 34.70890 -9999 -9999 -9999 -9999 -9999 -9999 -9999 -9999 -9999 -9999 -9999 -9999 -9999 -9999 -9999 -9999 -9999 -9999 -9999 -9999 -9999 -9999 -9999 -9999 -9999 -9999 -9999
43.53070 43.26970 43.12580 44.12930 43.05400 43.13820 43.18440 43.34760 44.23420 43.67200 44.51270 44.76120 43.53450 43.88730 43.86750 43.66970 43.98970 43.66570 43.43630 44.22310 44.42550 44.61470 43.73720 43.60290 42.88980 43.44490 42.16170 41.12190 40.04290 39.87890 39.60850 38.65140 38.17630 38.42680 38.84360 39.17330 38.96100 38.86860 38.61400 38.18260 37.26900 37.43040 37.15780 36.77660 -9999 -9999 -9999 -9999 -9999 -9999 -9999 -9999 -9999 -9999 -9999 -9999 -9999 -9999 -9999 33.59840 32.91210 -9999 -9999 -9999 -9999 37.91490 39.93920 41.73290 41.19030 38.79560 38.67120
43.13460 43.51790 43.33550 44.14170 42.89280 42.13380 41.76560 42.52130 43.61720 43.75180 43.47510 43.72400 43.08100 43.74340 43.69100 43.32720 43.54860 43.24470 43.53450 42.93340 43.86140 43.52560 43.41610 41.95760 41.49130 41.12880 40.54730 40.59280 39.65190 38.98720 38.85380 38.14170 38.35690 38.43680 38.71540 38.91720 38.81760 38.81730 38.44830 38.43660 37.96860 38.07710 37.96950 37.17050 36.64570 35.95350 35.71510 35.39720 38.84850 39.48470 39.27510 39.49680 39.89510 39.05440 38.89750 39.09140 36.06390 35.59890 34.95800 34.84470 34.38380 -9999 -9999 -9999 -9999 -9999 38.35880 40.25780 41.51220 41.89490 42.55320
44.00950 43.15480 43.37780 43.96170 43.08200 42.09880 41.90070 41.25250 41.57110 40.90830 41.24110 41.68230 41.10030 41.57020 42.64120 42.50660 43.13810 43.40990 43.79900 43.67470 43.78800 43.08940 42.11970 41.95650 41.73930 42.01340 41.27030 40.75090 40.13210 39.86100 39.63760 39.58690 39.51450 39.81920 39.68140 39.76550 39.79490 40.06820 40.28160 40.11340 39.55780 39.65310 39.15700 38.97880 38.07910 38.22640 37.26360 37.10030 39.79620 40.66190 40.06310 38.57280 39.50850 41.62550 41.86920 39.91720 41.89260 41.59060 41.00850 39.48410 38.94610 39.10430 37.49920 36.30150 37.30360 37.92650 39.07710 39.31600 41.17430 42.09520 44.24110
43.81240 42.58720 43.23110 43.84260 43.42460 42.88440 42.30010 41.93320 40.13170 40.18870 40.67840 41.07250 40.37600 40.71000 41.69000 42.00920 42.67880 42.56690 43.32000 43.33370 43.85780 43.07110 42.37110 41.53650 41.78830 41.18390 40.90950 40.52560 39.65380 39.41730 39.31410 39.29650 39.27760 39.55320 39.78370 39.92220 40.21300 40.28080 40.25580 40.44080 40.09910 40.31320 39.54260 39.48340 38.52300 38.55100 38.85570 37.96210 38.73490 39.07760 39.76660 38.76830 40.13180 39.70950 41.02930 42.02550 42.66320 42.03580 41.93250 41.50600 40.78750 41.55740 40.57400 39.37060 38.85060 39.00900 38.91160 39.70390 41.26240 43.64560 45.95980
43.93530 43.48890 43.32990 41.82180 42.50060 41.20790 40.66560 41.74220 40.22130 39.39150 39.09510 38.95320 39.75540 39.90010 40.90310 41.40020 41.95950 42.24990 42.87120 44.44900 43.74170 42.95310 42.54390 41.95230 41.71050 41.62380 40.47790 39.83470 40.16300 39.81140 38.46440 38.56500 38.57780 38.83270 39.33270 39.45930 39.74270 40.63000 40.89910 41.60390 41.75870 41.13490 42.12540 42.24320 41.45760 40.29950 39.76690 39.34530 39.85520 40.40400 41.66660 42.33280 41.34520 41.66760 41.97030 41.61140 40.99310 42.13490 42.43910 42.87790 42.81470 43.36060 43.32540 43.29730 42.79990 43.14500 43.28250 43.84320 44.84000 45.67550 46.47090
43.97240 43.78830 43.63020 43.40620 42.62130 40.82680 40.75030 41.08170 40.92710 39.57310 41.04750 40.75990 41.18750 40.13480 40.37870 40.67490 41.54420 41.70380 42.64010 43.54450 43.62460 43.05380 42.41660 41.99110 42.12870 41.09380 39.91250 39.69500 39.24280 38.97550 38.22630 38.26720 39.14390 38.90370 39.38590 40.36670 40.71980 41.62740 41.95470 42.89220 42.78800 42.34780 41.77050 41.74400 42.57890 42.54620 42.36200 41.47540 40.95000 42.02770 42.58630 43.09710 42.60650 42.10790 43.24220 43.93140 43.16570 43.94770 42.96090 42.38710 42.37680 42.67130 42.51660 43.94390 44.40970 44.18050 45.38640 45.32810 45.98340 46.77030 46.62050
44.65290 44.32490 43.60740 43.20030 42.17720 42.50750 41.83170 40.92990 39.97280 39.02160 39.93750 40.92110 41.65890 39.61900 42.94550 42.95760 42.22610 41.62060 41.75460 41.74960 41.92580 41.99160 42.50310 41.82600 41.79540 41.60100 40.87450 40.40750 40.41280 40.25010 39.64180 39.74110 39.75490 39.90100 39.89430 41.00250 41.41770 42.61100 42.24860 42.48560 43.19850 43.68580 43.19230 43.09210 44.29150 43.06770 43.34440 42.95580 42.32490 41.79420 41.65040 42.37730 42.50230 43.01980 43.39940 43.83390 43.88460 44.01280 43.89830 44.46970 44.07680 43.80630 43.50320 44.11040 43.85140 44.49240 45.16880 46.01870 46.44220 46.97850 46.74620
44.28980 44.37310 41.71260 40.16780 42.36810 42.21460 41.98600 42.20050 40.75300 39.87060 38.46580 39.84870 41.59160 42.31500 42.82250 43.12210 43.52390 44.20530 43.78110 43.71490 42.85900 42.90560 42.61550 42.60250 42.28640 42.37360 42.01430 41.38590 41.90090 42.09400 40.48210 42.16150 41.81980 41.86930 42.29150 42.44630 42.31190 42.94980 42.67880 43.27220 43.66250 43.90500 43.58100 44.45120 44.92570 45.13210 44.69860 44.81530 44.46770 44.01230 44.87500 45.26350 45.87470 45.28490 45.89190 45.43040 45.46570 44.37880 45.14810 45.53430 44.52050 45.06820 44.92420 44.12890 44.98330 45.50010 45.83540 46.37930 46.49240 46.49600 46.22620
44.65580 44.20420 41.15200 43.12640 39.79770 39.12550 41.62400 41.67280 41.96220 41.21520 41.06760 41.20400 41.38290 41.19500 42.16840 42.69980 43.72960 44.08240 44.22010 44.51280 45.15030 45.19240 43.95950 43.26450 42.81920 43.00610 42.99050 43.05350 43.22480 42.80740 42.49110 42.70480 43.35620 43.09300 43.37340 42.69700 42.78060 43.82850 44.77600 44.71140 44.36600 44.16970 44.02360 44.64810 45.54120 45.48720 45.47260 45.17510 45.11270 45.91960 46.85180 46.52930 46.57280 46.89390 46.31540 46.09260 46.19590 46.56470 45.60500 45.19100 45.46680 45.21290 45.26790 45.54420 45.24760 44.98980 45.11760 45.01700 46.21090 46.27200 46.25440
45.35050 45.23780 44.97620 44.80670 43.44320 40.11040 41.76940 41.30660 41.44190 41.29200 40.64200 41.02230 41.37800 41.77360 41.89660 40.23010 41.11130 43.18020 44.19400 41.46540 44.74200 45.47430 45.10580 43.63160 42.85400 42.79330 42.94210 43.48290 43.34080 43.19420 43.04320 43.29480 43.46290 43.56230 42.55500 42.90250 44.12450 44.27710 45.61480 45.63240 46.69780 45.74260 45.39880 45.66910 44.68430 43.89190 44.78520 45.29730 46.07800 46.15030 47.04810 46.80160 47.13930 47.28470 46.93130 46.85820 47.09310 47.29540 46.26930 46.41630 46.08560 45.58400 45.80160 46.21660 44.70130 44.71640 44.92900 44.98170 45.53750 46.49830 47.13170
46.86960 46.92330 46.62980 46.23040 45.54410 44.79520 43.70240 43.11950 42.61080 41.68660 41.79300 41.98060 41.89800 42.53860 42.62380 43.04360 41.39670 44.28100 44.77290 44.83390 45.52920 45.73650 45.48250 45.65660 44.50900 43.56800 43.16330 43.10320 43.48750 42.88700 43.52690 43.60170 43.08200 43.82750 44.31580 44.41220 45.56670 45.41930 46.19420 46.85300 47.54940 47.50870 47.82360 47.36820 45.23000 44.09640 44.60590 45.25840 46.56270 46.71720 47.72010 47.65430 47.25230 47.88300 48.08080 48.39990 48.02430 47.79620 48.23790 47.62750 46.92790 46.84540 46.38050 45.57980 45.55640 45.53300 46.02520 46.47540 47.93310 48.04910 48.22660
47.77630 47.56380 47.11940 46.44310 46.10340 45.55190 44.62050 43.49030 42.56560 41.66370 41.27970 41.65340 42.33310 42.86700 43.49020 44.01770 44.41660 44.58220 43.46230 45.08770 45.58470 45.78950 45.37630 45.70870 45.65800 45.08720 44.19790 43.61340 43.77220 43.94850 43.57080 43.97610 43.50310 43.84400 45.05250 46.13490 46.58420 47.39830 47.34400 48.05690 48.17680 48.46660 48.22740 48.51820 47.30650 46.28970 45.88180 46.38560 47.00200 47.27680 47.89370 47.78100 47.24600 47.61650 48.04570 48.24140 48.41900 49.12790 48.68360 48.97280 47.73040 47.85220 47.32010 46.73760 46.61000 46.38510 46.63940 47.19040 48.05280 49.15830 49.69780
48.18210 47.53490 44.65910 44.27130 46.56590 46.12350 45.71440 44.52600 42.91520 41.76340 41.29790 41.77840 41.35890 43.53260 44.37410 45.09920 45.41570 45.36310 45.22940 45.68070 46.22990 46.84000 46.68670 47.00060 46.37420 45.72040 44.87270 44.06800 43.51490 43.60810 43.08320 43.99440 43.28530 44.88690 46.14820 45.70900 47.40870 47.50990 47.43550 47.66160 47.60160 47.79390 48.42870 48.40110 48.39050 47.99690 47.68750 47.69430 47.95040 48.26260 47.41920 47.48010 48.52580 48.67670 49.29730 49.73620 49.32280 49.23250 49.20900 48.87610 48.61050 48.25260 47.85100 47.66490 48.22930 48.15640 48.08510 48.64000 49.57970 50.34340 50.61480
50.10600 49.34620 45.39690 45.11450 44.65330 47.25960 46.53750 45.70100 44.34700 42.62900 41.08560 42.61690 44.12060 44.68810 45.24320 46.08880 46.62300 46.95570 46.93230 47.24440 47.35560 47.80960 47.80130 47.58740 47.41430 46.94710 45.92660 44.94940 43.89910 43.55200 44.46050 44.43610 45.08480 45.61110 46.65600 46.60530 47.57400 48.02320 48.09370 48.70310 49.00400 48.92500 49.44090 49.74240 49.64950 49.59090 49.08050 49.11440 49.28540 49.44210 49.07620 49.45200 49.88870 50.05210 50.98510 50.77360 50.84650 50.38840 50.60650 50.22870 49.50210 49.41710 49.04780 49.43770 50.01880 50.31260 50.30050 50.09050 50.84690 50.56230 51.09690
50.29140 50.17220 48.65350 46.32580 46.01440 44.98230 44.57510 46.96780 45.70440 44.74930 44.09580 44.56690 45.62710 46.20630 46.57410 47.90030 48.37990 48.39910 48.68910 48.72420 49.48260 49.37390 49.58840 49.47150 48.74390 47.70800 47.40950 46.48220 45.18120 45.38220 45.65760 45.89320 47.06330 47.57040 47.55990 48.50060 48.96320 49.42340 49.47480 49.44500 50.65410 50.65890 50.80810 51.03000 50.72460 50.43160 49.86220 49.15150 49.19030 49.56880 49.43450 49.24350 50.46460 51.34220 52.61290 52.70480 52.12760 52.24230 52.07750 51.59840 51.73050 51.91650 51.53020 51.66710 50.99750 51.07770 51.66540 52.00700 52.11200 51.97460 52.60250
51.62990 51.19570 50.25770 50.18140 47.07080 46.67150 45.31860 45.48180 46.87490 44.24860 43.79980 46.39630 47.07490 47.32960 48.58040 49.26890 49.42070 50.02410 50.11030 50.49010 51.00000 51.06970 50.21100 50.98800 50.12100 49.59550 48.89560 47.62690 47.11710 47.28620 47.21410 46.97060 47.99110 48.46720 48.30440 48.99030 50.08960 50.70590 50.55400 51.03780 51.48880 52.37040 52.36670 52.05380 51.26240 51.00680 50.88740 50.67390 51.24500 50.96670 -9999 -9999 52.07840 52.57870 53.19470 54.15410 53.80460 53.42100 53.66980 53.92460 53.66290 53.61400 51.98650 51.01160 50.44940 50.66260 50.41960 51.61730 53.12510 53.44700 54.07960
51.19860 51.92960 51.59980 50.85120 50.44250 50.69850 47.50900 49.91800 48.34250 46.17900 45.75590 48.35790 47.26420 47.49380 50.43680 50.70690 51.04830 51.90870 52.35990 52.53830 52.52880 52.97140 52.54760 52.50680 51.78770 51.75420 50.96440 49.84660 48.93880 48.89140 49.15060 48.70790 49.04360 49.40730 49.26810 49.84120 51.01380 51.71720 51.70810 -9999 -9999 -9999 -9999 52.79100 -9999 51.92170 51.68850 51.62250 51.71840 51.17190 -9999 -9999 53.21110 53.36190 54.25100 54.64990 54.45890 54.48740 54.18590 54.41950 54.16180 53.60580 53.24680 51.87190 52.94480 51.99860 51.94750 52.72690 53.62330 54.14080 54.71700
52.67690 52.93010 52.93340 52.37590 52.80460 53.37440 51.42650 52.28290 52.83270 52.17680 52.16390 52.04520 51.95570 52.05970 52.35230 53.36190 53.32190 53.25400 53.58150 54.17200 53.70590 54.42300 54.26330 54.36610 54.12690 54.01990 53.18820 51.84410 50.97980 50.58940 50.63520 50.46240 50.43330 50.87050 50.40560 51.20180 52.05870 -9999 -9999 -9999 -9999 -9999 -9999 -9999 53.02230 53.05900 52.58480 -9999 -9999 -9999 -9999 -9999 54.16320 55.14340 55.92960 56.41210 56.30270 56.12750 55.77570 55.45140 55.01220 54.50830 54.62650 54.40830 54.44230 54.34080 54.46970 53.91170 54.80260 54.86860 -9999
