data/hydroclimate-scenarios/1948-2000.Pcorr55N_Pref_Tref/monthly_summaries/rh_monthly_avg_jan.1950-2000.asc
ncols	311
nrows	91
xllcenter	102.75
yllcenter	31.75
cellsize	0.5
NODATA_value	-9999
[rows 32 to 63 of 91, columns 0 to 70 of 311]
-9999 -9999 -9999 -9999 -9999 -9999 -9999 -9999 -9999 -9999 -9999 56.76520 57.25640 57.45540 57.67260 58.96940 59.26160 59.60680 59.86570 60.66100 60.89770 61.94560 62.67170 63.06870 63.44640 63.09000 62.53970 61.03630 60.93630 61.08910 60.89750 61.41470 62.38740 63.26480 64.15080 66.21960 66.55300 66.89040 67.15320 67.10470 67.42120 67.81890 68.24350 68.17160 68.07530 67.80440 67.96320 67.61280 67.27260 66.84870 66.46420 66.13800 65.58830 65.30430 65.25240 65.43610 64.91080 65.35660 65.67900 65.41630 65.34730 65.64150 66.03810 65.89590 66.10050 67.13560 66.83640 66.48040 65.64090 64.90170 65.92220
-9999 -9999 -9999 -9999 -9999 -9999 -9999 -9999 -9999 -9999 -9999 56.77770 56.97750 57.24670 57.42190 58.84820 59.42920 59.82940 60.49670 60.59320 61.19370 62.21340 63.47500 63.48480 63.29230 62.45450 61.95080 60.52080 60.56370 61.14280 60.64630 61.10500 61.67520 62.62970 63.95790 65.63480 66.35370 66.29320 66.53590 65.68220 66.86500 66.75030 67.64880 67.72020 68.02580 67.84880 67.44830 66.94080 66.84390 66.51330 66.22740 66.01500 65.47570 65.25360 65.54090 65.35520 65.18160 64.54380 64.47690 65.23210 65.09600 65.11410 65.89830 65.73390 65.84950 66.05920 66.25520 66.32550 66.01720 65.66860 66.70070
-9999 -9999 -9999 -9999 -9999 -9999 -9999 -9999 -9999 -9999 -9999 -9999 56.90290 57.37450 57.67280 57.98730 58.27910 58.84420 59.15370 60.37720 60.97100 61.83500 62.14870 62.29380 62.05900 60.52210 60.50450 60.07340 60.64550 60.94030 60.93290 61.51360 62.11520 63.04960 63.68080 64.64870 65.24950 65.96710 66.27020 65.87160 66.58720 66.98380 67.71930 68.67130 69.10060 68.85140 68.48740 67.53770 66.68010 66.47050 66.24630 65.98990 65.42430 65.21170 64.66840 65.48250 65.38170 65.62150 65.46880 65.15580 65.12000 65.43320 65.31510 65.29010 66.16900 66.37450 67.30710 67.19820 66.18970 66.05520 68.01430
-9999 -9999 -9999 -9999 -9999 -9999 -9999 -9999 -9999 -9999 -9999 -9999 57.23430 57.11830 57.74250 58.04140 58.76470 59.07570 59.64550 60.50130 61.29760 61.06330 61.43010 61.53580 60.49780 60.76510 60.38590 58.85390 59.35950 58.90020 58.91980 59.09860 60.34520 61.36580 62.32110 63.32060 64.00980 64.71300 65.25210 65.18670 65.89620 66.22540 67.05010 67.97730 68.87860 69.07370 69.04700 67.35910 66.67620 65.88950 65.60080 65.43970 64.86300 64.66800 64.60040 65.07970 65.34080 65.21940 65.13180 64.72450 64.94160 64.01020 64.62530 64.31000 65.31950 66.37380 66.46220 66.85460 67.22600 67.35400 67.44940
-9999 -9999 -9999 -9999 -9999 -9999 -9999 -9999 -9999 -9999 -9999 -9999 57.23150 57.88970 58.15150 58.12740 59.00460 58.92270 59.16040 60.05000 60.83260 61.02260 61.70690 61.45960 61.25330 59.94420 59.63420 59.67320 58.54490 58.20810 58.25860 58.56060 58.76660 59.04570 60.61050 61.70010 62.41900 63.05200 64.05600 64.39390 64.15680 64.69790 66.34310 67.52740 68.45680 68.40320 68.28460 66.28110 65.98960 65.73840 65.48100 64.92270 64.74620 64.17600 64.13840 64.67790 64.63630 64.46850 64.29650 63.45380 63.75900 63.19760 63.67590 64.57190 64.63810 65.17400 66.05690 66.93890 66.58730 67.90280 68.76970
-9999 -9999 -9999 54.42590 54.66860 54.55790 55.57820 55.79000 55.86760 -9999 56.74180 56.93640 57.63920 57.84730 58.47190 58.30380 58.56500 58.73480 58.42210 59.93950 60.93010 61.92300 62.25640 62.79270 61.90970 60.76510 59.76850 58.02370 57.00280 54.86020 55.89070 56.68020 56.18510 55.46840 57.61710 58.69590 59.38130 60.10800 61.63380 62.79750 63.71730 64.26380 65.68040 66.70510 67.41540 67.22660 66.46650 65.92760 64.98990 64.65190 63.63010 63.36430 62.38960 61.23600 61.30580 61.20530 61.02950 62.62870 61.95830 62.51930 62.98940 62.87360 62.95100 63.27410 64.84330 64.85710 65.31610 66.14670 67.38900 67.91740 68.38770
-9999 -9999 -9999 55.28170 55.23300 55.52810 55.75500 56.03750 56.76580 57.02480 57.79380 58.00240 57.85170 57.97480 57.78040 57.45520 57.27770 57.38920 57.84420 58.32830 59.94420 60.20120 62.11020 63.25670 61.29320 59.79890 57.64250 56.79940 55.18770 53.20880 53.44290 52.52140 52.83780 52.71910 53.92180 55.06730 56.07930 56.27110 59.13650 59.28940 60.57790 62.86960 64.66460 65.32070 65.84910 65.26910 65.13680 66.10990 64.66440 63.67910 62.66540 62.21080 61.54320 61.28070 61.88300 60.85480 61.43270 61.62010 60.61990 60.77140 61.24980 61.54030 61.98320 62.64390 63.11280 64.99770 65.55890 66.83470 67.65450 68.09430 68.45540
-9999 -9999 -9999 55.38170 55.87270 55.48710 56.10840 56.44360 57.13530 57.68880 57.79890 57.83390 57.60890 56.87830 55.87170 56.46990 56.26090 56.64410 57.05030 57.89590 58.34460 58.57660 59.59740 59.27430 57.60200 57.26110 56.11650 55.34290 54.30030 50.96340 49.18310 49.22970 50.22890 50.78290 51.37070 52.48100 53.74120 55.15810 56.67980 57.56870 58.98780 61.14300 63.24560 64.79570 66.41150 65.76120 65.34160 64.52070 63.63910 62.22140 60.79360 61.71430 61.14010 60.57640 60.94410 60.48190 60.90760 60.82420 59.91250 59.59920 61.13100 61.02460 61.92380 61.88250 62.89040 63.90510 64.77160 65.54700 65.48030 66.72720 67.11540
-9999 -9999 -9999 55.70440 56.37750 55.97100 56.78080 56.68020 56.88140 57.11600 57.27680 57.68840 56.77130 56.05100 55.53920 55.39930 55.15910 54.85390 55.18110 56.06360 55.41530 54.72170 54.07710 55.00100 55.06340 55.01350 54.60990 54.06390 50.82530 48.70080 48.26600 49.00000 48.35450 47.39820 48.18350 49.48680 51.95900 53.95350 54.42100 55.84490 57.16920 58.06700 59.19390 62.05140 65.32080 64.65590 63.03770 63.61220 61.40950 61.36700 60.11550 60.33880 59.80340 58.71770 59.59630 59.20710 59.55520 58.98800 58.56760 58.71080 58.16810 59.71990 60.64830 61.18300 61.67730 62.78940 63.32860 64.67240 64.21890 65.50990 68.88050
-9999 -9999 -9999 56.34450 56.73330 55.90620 56.24980 56.87890 56.74220 57.10450 58.16190 57.38650 56.22550 55.31020 54.08610 54.28290 53.50640 53.75200 54.90220 55.81240 54.41240 53.38660 52.77700 54.59340 54.50950 54.43480 53.86710 53.07280 50.30380 48.25150 46.90560 46.80730 46.42770 47.01890 47.88740 48.64720 49.47950 51.42350 52.66530 53.63760 54.44330 55.44640 57.04600 58.53940 61.29120 61.59370 61.45280 60.87760 60.58190 59.62940 59.01690 59.94020 58.95080 57.36140 58.45200 57.00270 58.31990 58.29300 57.83970 56.89930 57.50060 58.42310 58.99600 58.98050 59.55780 61.62400 62.11040 62.33800 63.17380 66.52790 70.09830
-9999 -9999 -9999 -9999 56.66020 56.70110 57.40200 57.32930 57.62670 58.01630 59.15840 58.56890 55.74790 56.90200 -9999 -9999 -9999 -9999 -9999 52.09000 51.55260 52.09340 51.22480 50.08330 50.80960 51.15670 52.53020 50.97190 49.06850 48.43210 47.44740 46.37880 45.77620 46.66140 47.76490 48.48630 48.48180 49.98270 50.93860 51.74030 52.87690 53.82620 54.62020 55.94950 56.95060 58.27630 58.74480 57.71880 58.73010 58.65680 57.94950 57.84030 57.92960 56.74230 56.00450 55.72690 55.35100 55.71970 55.88570 56.46760 56.13020 56.46140 57.14240 57.96460 58.61630 59.13700 60.61050 63.07900 64.83740 -9999 -9999
-9999 -9999 57.14790 57.13580 56.96710 57.38480 57.68080 57.08040 58.30220 58.64370 59.35650 58.79740 56.13330 -9999 -9999 -9999 -9999 -9999 49.73030 50.52260 49.69680 50.13930 50.66480 49.39430 49.33020 49.19060 50.84730 50.26430 49.32800 48.79590 47.55050 46.50440 46.69460 46.08160 46.33420 47.48980 47.43200 48.18110 48.52060 49.61620 49.98680 51.06850 51.91210 53.15880 54.73020 55.63770 56.29750 57.18480 57.85510 58.49480 58.21380 58.10310 57.62170 57.65880 56.52810 57.03780 56.07850 55.10450 55.46540 57.02740 56.80800 57.20350 57.77080 57.73340 58.46440 59.21540 60.62390 -9999 -9999 -9999 -9999
-9999 -9999 57.72120 57.92380 57.74930 57.72740 58.40840 57.95770 58.30170 59.01190 58.85920 58.46850 58.08570 -9999 -9999 -9999 -9999 52.85510 49.35600 50.14370 48.57910 48.16510 48.12910 48.56400 49.35770 50.47420 49.89250 49.14020 49.01960 48.83830 47.63070 46.02120 46.47280 46.02290 45.86600 45.82120 46.48180 46.98410 46.49960 46.69920 47.33990 47.89650 48.33980 49.64310 50.92350 52.52060 54.11960 54.86920 56.73160 56.79150 57.31180 57.35550 57.62660 57.30310 56.86750 57.75540 56.91810 55.34180 55.25700 56.32850 57.19370 56.28700 57.38120 58.59270 59.33670 -9999 -9999 -9999 -9999 -9999 64.68610
-9999 -9999 58.62710 58.56350 58.73070 58.35540 58.94320 58.68930 58.94340 58.93750 58.42650 58.44850 59.45830 -9999 -9999 -9999 -9999 50.52480 49.61120 48.97390 47.60770 47.39330 48.00520 48.33220 48.36880 48.82420 48.20520 48.66620 48.65010 48.17290 47.33090 46.48420 45.86650 45.13510 45.25420 44.69760 44.95500 44.87050 44.96800 45.47520 45.92390 46.35650 46.45090 46.59760 48.57490 50.04490 51.40300 52.50100 54.13410 54.72620 55.87140 55.80950 55.77100 55.44720 55.08350 56.39050 56.72980 55.65420 56.08000 56.53920 58.24540 58.40910 58.51290 57.76620 56.91460 56.29940 58.03080 57.95070 59.08360 -9999 -9999
-9999 -9999 -9999 59.02490 58.81420 59.04920 59.35070 59.57220 59.49180 58.75320 59.54060 59.04650 -9999 -9999 -9999 -9999 52.58970 50.53090 49.62870 48.18200 46.82230 47.22490 47.02650 46.80130 47.12620 47.32270 47.48720 47.05870 47.81310 46.72420 45.78550 46.53390 46.42720 45.12000 44.45150 44.39970 44.95990 45.11450 45.11810 45.34430 45.32250 44.92980 44.43910 45.27870 47.65200 48.89550 51.04720 52.41900 52.91460 53.78420 53.59890 53.80670 53.91570 52.84210 51.97270 52.55380 53.31700 53.05660 54.15880 56.15140 56.63950 57.07990 55.46110 53.04870 51.98390 54.28980 55.63830 56.19370 57.46930 63.62410 -9999
-9999 -9999 -9999 -9999 60.45150 60.30190 60.16710 59.69040 59.34410 60.54220 58.94310 -9999 -9999 -9999 -9999 54.39410 52.06670 51.12800 49.65980 47.82350 47.05470 46.32960 46.18450 45.79530 46.10140 47.15570 47.58890 47.76110 47.79630 47.93850 47.15300 47.69870 47.15230 45.87920 44.49950 44.33810 44.13760 44.39320 44.20470 44.07630 43.48410 43.63940 43.98120 44.93470 46.71340 48.11500 49.97550 51.39920 52.36200 52.96510 53.04610 53.21380 52.50730 51.86180 51.28420 52.21390 53.27710 52.43920 53.71310 55.58260 55.32950 54.48320 54.11530 54.15490 52.68560 53.25590 53.90960 54.27860 54.31960 56.07900 58.42050
-9999 -9999 -9999 -9999 -9999 -9999 60.41110 60.46900 58.85120 58.85290 59.93780 -9999 -9999 -9999 -9999 -9999 52.74810 51.22230 49.22020 47.10270 45.86710 46.63750 45.16410 45.10930 45.51930 46.68400 47.64840 47.87970 48.63820 48.91040 48.49620 48.58350 48.05120 45.97520 45.20210 44.86350 43.85560 42.83450 43.24650 42.40030 42.15180 41.94400 42.40000 43.62840 45.21090 47.13540 49.04980 50.33610 51.68410 52.21980 52.81980 52.57660 51.70210 50.87320 49.93750 50.22600 51.35950 52.40880 53.24240 54.15820 53.83190 53.43550 53.02180 52.48060 51.35870 51.95840 52.42150 52.35720 52.79910 54.61570 56.92600
-9999 -9999 -9999 -9999 -9999 -9999 -9999 -9999 -9999 -9999 -9999 -9999 -9999 -9999 -9999 -9999 -9999 -9999 -9999 46.69960 45.28180 45.25980 45.26500 45.21590 45.85090 46.35490 47.19570 48.41160 49.24450 49.41280 49.52890 49.44120 47.39910 46.69740 45.32360 44.51730 43.78920 42.83030 41.95200 41.12770 40.48620 40.86130 41.77990 42.82400 44.34250 46.28470 48.42560 49.96360 51.23360 52.05520 52.52530 52.68770 51.51510 50.80510 48.97270 49.36350 51.02290 52.26350 52.89670 53.43930 52.90810 53.37210 52.99780 51.65620 51.27320 52.24510 52.45050 51.97470 52.41560 53.42100 55.70110
-9999 -9999 -9999 -9999 -9999 -9999 -9999 -9999 -9999 -9999 -9999 -9999 -9999 -9999 -9999 -9999 -9999 -9999 47.39660 46.00230 45.24860 44.93860 45.05460 45.43370 46.12700 46.60700 47.33150 47.77610 48.43090 48.63130 49.12240 48.37450 47.30360 46.42010 45.53680 44.78100 43.45440 42.48110 40.86040 40.06840 39.80440 40.23530 40.77780 41.77600 43.38150 45.05510 47.43270 49.70920 51.76580 52.64880 53.15760 52.74770 51.91620 50.75120 49.76680 50.50800 51.27720 51.16080 51.38870 52.94710 53.93150 54.66600 53.52580 53.33410 52.23610 53.23730 53.35640 53.51370 53.78630 55.25860 56.89380
-9999 -9999 -9999 -9999 -9999 -9999 -9999 -9999 -9999 -9999 -9999 -9999 -9999 -9999 -9999 -9999 -9999 48.10200 46.91080 45.75590 45.35970 44.97170 45.42590 45.90710 46.60460 46.87440 47.29730 47.07200 46.97160 47.77310 48.12910 48.18530 47.71020 47.52220 46.75460 44.73490 43.07060 41.63620 40.80610 39.87540 39.61330 39.72630 40.21520 41.23870 42.74620 45.11350 46.92030 49.15320 51.76080 53.24720 54.38890 53.70980 52.45840 51.26900 50.94730 50.93460 51.34820 51.29310 51.63430 53.45000 55.11770 55.02570 52.77350 52.93410 54.61850 54.67480 54.50840 55.36660 55.89190 56.79730 57.01290
-9999 -9999 -9999 -9999 -9999 -9999 -9999 -9999 -9999 -9999 -9999 -9999 -9999 -9999 -9999 -9999 -9999 46.82090 45.86910 44.56050 44.92010 44.79030 45.46420 46.16120 47.41970 47.22870 47.13460 47.04700 47.21640 47.61540 48.24200 48.58850 48.71280 48.69800 47.41830 45.68890 44.29770 41.90850 40.42440 39.96550 39.57990 39.49370 40.01030 40.75950 42.51370 45.49660 47.58610 48.37270 50.98770 54.17380 55.16650 53.82450 52.60850 51.80080 51.44870 51.69350 51.15670 51.69810 53.02860 54.39350 54.64060 54.24430 54.55920 54.91450 53.83300 54.90010 56.37960 55.87290 57.22510 58.48210 59.37120
-9999 -9999 -9999 -9999 -9999 -9999 -9999 -9999 -9999 -9999 -9999 -9999 -9999 -9999 -9999 -9999 46.19470 44.76890 44.27070 44.12290 45.10920 45.69540 46.09510 46.92920 48.41150 48.00980 48.02060 48.44370 47.98530 48.45900 48.94260 49.55340 49.37450 49.81280 48.88040 47.74110 46.06180 44.05870 41.77500 41.50790 40.59660 39.47050 39.46910 40.39590 42.43090 44.96200 47.35260 47.64220 49.40850 53.88060 54.42950 53.18520 51.68790 52.01560 51.94190 52.26570 52.54730 52.87770 53.50870 54.42500 55.07550 55.62280 55.55070 54.99050 56.36720 57.38470 57.97500 58.67960 59.88960 60.11570 60.73300
-9999 -9999 -9999 -9999 -9999 -9999 -9999 -9999 -9999 -9999 -9999 -9999 -9999 47.99120 46.37430 45.37900 44.41860 43.30300 43.88560 43.93500 45.19390 45.57040 46.82300 47.51020 48.25470 48.97550 49.25120 49.27800 49.68510 49.93850 50.24190 50.04380 50.36880 50.61090 50.19870 49.48020 48.58150 47.31880 45.70750 44.19300 42.11390 39.67440 38.33340 40.27420 42.88960 45.11150 47.05390 47.63030 48.09110 47.94620 48.82810 49.98850 50.37420 51.50090 52.39990 53.05160 53.44150 53.94970 54.68290 55.53980 56.00460 57.05050 58.13070 59.10280 60.39370 61.69620 61.98370 61.80130 61.76290 61.97170 61.50880
-9999 -9999 -9999 -9999 -9999 -9999 -9999 -9999 -9999 -9999 -9999 -9999 47.95130 46.46550 45.33350 44.46170 43.62820 43.86470 43.58860 44.77040 45.52700 46.47520 47.84930 48.31160 48.74430 49.91740 50.38830 50.99000 50.99990 51.37450 51.14500 50.93780 50.87240 51.10240 51.50260 50.96500 50.98140 50.81150 50.66630 48.75690 44.52180 40.37470 37.28440 39.70730 43.25240 46.34110 47.60350 47.88930 46.48190 44.81450 46.10200 47.56180 48.64090 50.46060 52.23440 53.37900 53.98830 54.35030 54.19430 55.77900 56.76550 58.29220 59.49340 60.58690 62.75410 63.82990 64.31720 63.74020 63.58280 62.37190 61.74730
-9999 -9999 -9999 -9999 -9999 -9999 -9999 -9999 -9999 -9999 -9999 46.58150 45.82310 44.82890 44.35030 43.91920 43.68760 43.79300 44.05150 45.09160 46.09840 47.72440 48.62960 49.17310 49.96350 50.05090 50.37230 51.60010 52.80770 52.17190 51.43240 50.58600 50.35510 50.89030 51.46350 51.44520 51.58750 52.81540 54.40820 51.75980 46.75930 43.00390 40.81300 42.09730 44.97430 47.02810 48.64290 49.12440 48.37300 46.79970 46.59200 46.18020 46.90620 48.44300 49.94330 52.04830 54.16580 54.95280 56.69750 57.70370 58.46600 60.24090 61.36410 63.28010 64.97080 66.52600 65.91230 65.31260 63.97770 62.91830 62.12710
-9999 -9999 -9999 -9999 -9999 -9999 -9999 -9999 -9999 -9999 46.47960 45.65340 45.51300 44.37800 44.06380 43.22670 42.77810 43.21970 44.22630 45.55550 46.88100 48.58820 49.76430 50.14110 50.55730 50.65060 51.05950 51.82150 52.17100 51.38740 50.52430 49.97080 49.45960 50.13080 50.51650 50.88650 51.27360 52.76430 53.36610 51.52830 48.51600 45.69110 44.52810 44.87590 46.26010 48.26710 50.35270 51.01650 50.30890 49.27160 47.46030 45.91760 45.76370 46.54490 48.99790 51.75360 53.58440 55.38340 57.52660 58.12400 59.12100 60.33400 62.09090 63.68530 65.40830 67.02870 66.59710 65.64270 64.66450 62.97270 62.76030
-9999 -9999 -9999 -9999 -9999 -9999 -9999 -9999 -9999 46.35420 45.08170 45.72820 45.48510 44.70800 43.82620 42.09220 41.87230 42.72430 44.50240 45.89410 47.67380 48.92500 49.89200 50.49340 50.91110 51.17810 51.38450 51.08580 50.91860 50.34670 49.53010 48.51450 48.12800 47.66900 48.01430 48.87530 49.84850 51.50500 51.84230 50.56570 48.74520 47.52670 46.84730 46.91790 47.76520 49.46840 51.64720 52.59900 53.08380 51.59620 48.87310 46.30480 44.61280 45.47850 47.05040 51.85370 54.88440 57.15270 58.05420 58.62200 59.41050 60.38790 61.86500 63.41190 64.15720 65.23690 65.72080 64.67500 63.87700 63.53090 64.09420
-9999 -9999 -9999 -9999 -9999 -9999 -9999 -9999 -9999 -9999 44.00310 45.77340 45.75280 45.65940 44.25510 42.57950 41.48030 42.88980 44.35020 46.68700 48.49580 50.22220 50.83760 -9999 -9999 -9999 -9999 -9999 -9999 49.42820 48.47700 47.39630 47.05050 46.88930 46.52800 47.66370 48.59620 50.33270 49.87400 49.89920 48.73310 47.91750 47.92370 47.87860 48.41590 49.47050 50.77060 52.63770 53.76040 52.49330 49.94800 46.90210 45.32930 45.70960 47.02590 51.53620 54.58020 56.23500 57.00730 58.56290 59.16310 59.88210 61.11910 62.24660 62.28900 64.10150 64.42730 63.77420 62.45650 63.24750 63.74650
-9999 -9999 -9999 -9999 -9999 -9999 -9999 -9999 -9999 -9999 -9999 -9999 46.99350 45.95210 44.75750 43.65920 42.94700 43.77680 45.27210 -9999 -9999 -9999 -9999 -9999 -9999 -9999 -9999 -9999 -9999 -9999 -9999 -9999 -9999 45.95160 45.65760 46.88100 47.85860 49.00760 49.31110 48.63000 48.38070 48.03060 47.93100 48.06780 48.18480 48.72750 49.78870 51.71540 52.36480 51.65440 49.59340 46.93590 45.77810 46.59490 48.11750 51.38050 53.28450 55.09640 56.33170 57.49310 58.51710 59.19850 59.89100 60.89200 62.01150 62.58110 63.12110 63.46230 63.64500 64.78590 65.22100
-9999 -9999 -9999 -9999 -9999 -9999 -9999 -9999 -9999 -9999 -9999 -9999 -9999 -9999 -9999 -9999 -9999 -9999 -9999 -9999 -9999 -9999 -9999 -9999 -9999 -9999 -9999 -9999 -9999 -9999 -9999 -9999 -9999 -9999 45.34930 46.34110 47.33900 47.52370 48.35160 47.74280 47.53240 47.15980 47.22780 47.60840 47.88780 47.75780 49.02030 50.76210 50.92720 50.26550 49.10870 47.17290 46.46890 47.27930 48.39690 51.52410 53.22050 54.38920 55.79250 56.66310 58.10180 58.69550 59.29830 60.48140 61.80970 62.15800 62.68520 62.83100 63.11990 64.55200 66.81000
-9999 -9999 -9999 -9999 -9999 -9999 -9999 -9999 -9999 -9999 -9999 -9999 -9999 -9999 -9999 -9999 -9999 -9999 -9999 -9999 -9999 -9999 -9999 -9999 -9999 -9999 -9999 -9999 -9999 -9999 -9999 -9999 -9999 -9999 45.09350 45.81810 46.13230 46.88390 47.48580 47.22330 47.27270 47.00330 46.97520 47.20870 47.61860 48.27290 48.97180 49.96020 50.49660 48.76600 47.24300 46.93690 47.49680 46.75250 48.44550 51.09180 53.44960 55.68340 56.73400 57.67370 58.67890 59.41850 59.51190 60.40810 61.54750 61.66280 62.46630 62.64640 62.75890 65.02650 -9999
-9999 -9999 -9999 -9999 -9999 -9999 -9999 -9999 -9999 -9999 -9999 -9999 -9999 -9999 -9999 -9999 -9999 -9999 -9999 -9999 -9999 -9999 -9999 -9999 -9999 -9999 -9999 -9999 -9999 -9999 -9999 -9999 -9999 -9999 -9999 -9999 -9999 -9999 46.70610 46.77290 46.48450 46.42360 46.92360 47.24700 47.67830 48.26650 48.67760 48.99610 48.72820 47.21110 45.92090 45.70800 46.39400 46.69020 48.24980 51.21630 53.72170 56.27840 57.87230 58.95310 60.06410 60.34580 60.36070 60.90500 60.52790 61.40100 62.25950 63.22740 64.97290 -9999 -9999
