data/hydroclimate-scenarios/1948-2000.Pcorr55N_Pref_Tref/monthly_summaries/rh_monthly_avg_oct.1950-2000.asc
ncols	311
nrows	91
xllcenter	102.75
yllcenter	31.75
cellsize	0.5
NODATA_value	-9999
[rows 0 to 31 of 91, columns 0 to 70 of 311]
-9999 -9999 -9999 -9999 -9999 -9999 -9999 -9999 -9999 -9999 -9999 -9999 -9999 -9999 -9999 -9999 -9999 -9999 -9999 -9999 -9999 -9999 -9999 -9999 -9999 -9999 -9999 -9999 -9999 -9999 -9999 -9999 -9999 -9999 -9999 -9999 -9999 -9999 -9999 -9999 -9999 -9999 -9999 -9999 -9999 -9999 -9999 -9999 -9999 -9999 -9999 -9999 -9999 -9999 -9999 -9999 -9999 -9999 -9999 -9999 -9999 -9999 -9999 -9999 -9999 -9999 -9999 -9999 -9999 -9999 -9999
-9999 -9999 -9999 -9999 -9999 -9999 -9999 -9999 -9999 -9999 -9999 -9999 -9999 -9999 -9999 -9999 -9999 -9999 -9999 -9999 -9999 -9999 -9999 -9999 -9999 -9999 -9999 -9999 -9999 -9999 -9999 -9999 -9999 -9999 -9999 -9999 -9999 -9999 -9999 -9999 -9999 -9999 -9999 -9999 -9999 -9999 -9999 -9999 -9999 -9999 -9999 -9999 -9999 -9999 -9999 -9999 -9999 -9999 -9999 -9999 -9999 -9999 -9999 -9999 -9999 -9999 -9999 -9999 -9999 -9999 -9999
-9999 -9999 -9999 -9999 -9999 -9999 -9999 -9999 -9999 -9999 -9999 -9999 -9999 -9999 -9999 -9999 -9999 -9999 -9999 -9999 -9999 -9999 -9999 -9999 -9999 -9999 -9999 -9999 -9999 -9999 -9999 -9999 -9999 -9999 -9999 -9999 -9999 -9999 -9999 -9999 -9999 -9999 -9999 -9999 -9999 -9999 -9999 -9999 -9999 -9999 -9999 -9999 -9999 -9999 -9999 -9999 -9999 -9999 -9999 -9999 -9999 -9999 -9999 -9999 -9999 -9999 -9999 -9999 -9999 -9999 -9999
-9999 -9999 -9999 -9999 -9999 -9999 -9999 -9999 -9999 -9999 -9999 -9999 -9999 -9999 -9999 -9999 -9999 -9999 -9999 -9999 -9999 -9999 -9999 -9999 -9999 -9999 -9999 -9999 -9999 -9999 -9999 -9999 -9999 -9999 -9999 -9999 -9999 -9999 -9999 -9999 -9999 -9999 -9999 -9999 -9999 -9999 -9999 -9999 -9999 -9999 -9999 -9999 -9999 -9999 -9999 -9999 -9999 -9999 -9999 -9999 -9999 -9999 -9999 -9999 -9999 -9999 -9999 -9999 -9999 -9999 -9999
-9999 -9999 -9999 -9999 -9999 -9999 -9999 -9999 -9999 -9999 -9999 -9999 -9999 -9999 -9999 -9999 -9999 -9999 -9999 -9999 -9999 -9999 -9999 -9999 -9999 -9999 -9999 -9999 -9999 -9999 -9999 -9999 -9999 -9999 -9999 -9999 -9999 -9999 -9999 -9999 -9999 -9999 -9999 -9999 -9999 -9999 -9999 -9999 -9999 -9999 -9999 -9999 -9999 -9999 -9999 -9999 -9999 -9999 -9999 -9999 -9999 -9999 -9999 -9999 -9999 -9999 -9999 -9999 -9999 -9999 -9999
-9999 -9999 -9999 -9999 -9999 -9999 -9999 -9999 -9999 -9999 -9999 -9999 -9999 -9999 -9999 -9999 -9999 -9999 -9999 -9999 -9999 -9999 -9999 -9999 -9999 -9999 -9999 -9999 -9999 -9999 -9999 -9999 -9999 -9999 -9999 -9999 -9999 -9999 -9999 -9999 -9999 -9999 -9999 -9999 -9999 -9999 -9999 -9999 -9999 -9999 -9999 -9999 -9999 -9999 -9999 -9999 -9999 -9999 -9999 -9999 -9999 -9999 -9999 -9999 -9999 -9999 -9999 -9999 -9999 -9999 -9999
-9999 -9999 -9999 -9999 -9999 -9999 -9999 -9999 -9999 -9999 -9999 -9999 -9999 -9999 -9999 -9999 -9999 -9999 -9999 -9999 -9999 -9999 -9999 -9999 -9999 -9999 -9999 -9999 -9999 -9999 -9999 -9999 -9999 -9999 -9999 -9999 -9999 -9999 -9999 -9999 -9999 -9999 -9999 -9999 -9999 -9999 -9999 -9999 -9999 -9999 -9999 -9999 -9999 -9999 -9999 -9999 -9999 -9999 -9999 -9999 -9999 -9999 -9999 -9999 -9999 -9999 -9999 -9999 -9999 -9999 -9999
-9999 -9999 -9999 -9999 -9999 -9999 -9999 -9999 -9999 -9999 -9999 -9999 -9999 -9999 -9999 -9999 -9999 -9999 -9999 -9999 -9999 -9999 -9999 -9999 -9999 -9999 -9999 -9999 -9999 -9999 -9999 -9999 -9999 -9999 -9999 -9999 -9999 -9999 -9999 -9999 -9999 -9999 75.36290 75.23320 74.94080 74.60390 74.31770 74.39430 74.02290 74.03360 73.42370 72.99040 -9999 -9999 -9999 -9999 -9999 -9999 -9999 -9999 -9999 -9999 -9999 -9999 -9999 -9999 -9999 -9999 -9999 -9999 -9999
-9999 -9999 -9999 -9999 -9999 -9999 -9999 -9999 -9999 -9999 -9999 -9999 -9999 -9999 -9999 -9999 -9999 -9999 -9999 -9999 -9999 -9999 -9999 -9999 -9999 -9999 -9999 -9999 -9999 -9999 -9999 -9999 -9999 -9999 -9999 -9999 -9999 -9999 75.66590 75.23550 75.23660 74.94150 75.24040 74.86810 74.89110 74.60430 74.27340 73.87810 74.07460 73.42220 73.08030 72.91100 72.54680 71.64890 -9999 -9999 -9999 -9999 -9999 -9999 -9999 -9999 -9999 -9999 -9999 -9999 -9999 -9999 -9999 -9999 -9999
-9999 -9999 -9999 -9999 -9999 -9999 -9999 -9999 -9999 -9999 -9999 -9999 -9999 -9999 -9999 -9999 -9999 -9999 -9999 -9999 -9999 -9999 -9999 -9999 -9999 -9999 -9999 -9999 -9999 -9999 -9999 -9999 -9999 -9999 -9999 -9999 -9999 -9999 -9999 -9999 75.17730 74.87880 74.54990 74.14700 74.17010 73.83040 73.85480 73.53600 73.76530 73.07390 72.74110 72.55310 72.21400 71.29610 -9999 -9999 -9999 -9999 -9999 -9999 -9999 -9999 -9999 -9999 -9999 -9999 -9999 -9999 -9999 -9999 -9999
-9999 -9999 -9999 -9999 -9999 -9999 -9999 -9999 -9999 -9999 -9999 -9999 -9999 -9999 -9999 -9999 -9999 -9999 -9999 -9999 -9999 -9999 -9999 -9999 -9999 -9999 -9999 -9999 -9999 -9999 -9999 -9999 -9999 -9999 -9999 -9999 -9999 -9999 -9999 -9999 -9999 -9999 -9999 -9999 74.18290 73.79630 73.06000 72.75090 72.77260 72.71560 72.34570 70.65920 70.43320 69.76490 -9999 -9999 -9999 -9999 -9999 -9999 67.89020 -9999 -9999 -9999 -9999 -9999 -9999 -9999 -9999 -9999 -9999
-9999 -9999 -9999 -9999 -9999 -9999 -9999 -9999 -9999 -9999 -9999 -9999 -9999 -9999 -9999 -9999 -9999 -9999 -9999 -9999 -9999 -9999 -9999 -9999 -9999 -9999 -9999 -9999 -9999 -9999 -9999 -9999 -9999 -9999 -9999 -9999 -9999 -9999 -9999 -9999 -9999 74.35150 74.37160 73.76740 73.77220 73.51530 73.15440 72.71940 72.45330 72.08340 71.63360 70.01520 70.04750 69.93650 -9999 -9999 -9999 -9999 -9999 67.86200 67.79500 67.53440 67.20610 67.86610 67.55990 67.84940 67.83070 67.75640 67.48800 67.82680 67.56860
-9999 -9999 -9999 -9999 -9999 -9999 -9999 -9999 -9999 -9999 -9999 -9999 -9999 -9999 -9999 -9999 -9999 -9999 -9999 -9999 -9999 -9999 -9999 -9999 -9999 -9999 -9999 -9999 -9999 -9999 -9999 -9999 -9999 -9999 -9999 -9999 -9999 -9999 -9999 -9999 -9999 74.35400 74.38510 74.11050 73.84580 73.82900 73.55380 72.84680 72.50040 72.05460 71.67100 69.19770 68.85090 68.78130 68.81600 68.09320 68.18240 -9999 67.84060 67.52910 67.16750 66.87250 66.80540 67.14890 66.85280 66.91710 67.20710 67.14490 67.16110 67.19260 67.24720
-9999 -9999 -9999 -9999 -9999 -9999 -9999 -9999 -9999 -9999 -9999 -9999 -9999 -9999 -9999 -9999 -9999 -9999 -9999 -9999 -9999 -9999 -9999 -9999 -9999 -9999 -9999 -9999 -9999 -9999 -9999 -9999 -9999 -9999 -9999 74.22790 74.60980 74.37160 74.43280 75.06360 74.83970 75.05580 74.74540 74.16250 73.91010 73.87240 73.55630 72.88620 72.52410 71.71090 70.96000 69.12250 68.00400 67.94280 67.29440 66.54750 67.07570 67.08050 67.14720 66.87530 66.52320 66.20610 66.12570 65.72510 65.76540 66.52950 66.49730 66.47180 66.86860 66.86460 66.89680
-9999 -9999 -9999 -9999 -9999 -9999 -9999 -9999 -9999 -9999 -9999 -9999 -9999 -9999 -9999 -9999 -9999 -9999 -9999 -9999 -9999 -9999 -9999 -9999 -9999 -9999 -9999 -9999 -9999 -9999 -9999 -9999 -9999 -9999 74.24680 74.28560 74.08750 74.52930 74.60900 74.64040 74.70580 74.99270 74.70380 74.62820 74.04750 73.97840 73.35490 72.76330 72.02550 70.81130 69.75250 68.18690 67.03950 66.20140 66.19720 66.33560 66.78190 66.54120 66.97490 67.46540 66.75480 66.06700 65.98110 65.21900 65.99350 66.05380 66.02660 65.66500 65.21340 65.65000 65.27160
-9999 -9999 -9999 -9999 -9999 -9999 -9999 -9999 -9999 -9999 -9999 -9999 -9999 -9999 -9999 -9999 -9999 -9999 -9999 -9999 -9999 -9999 -9999 -9999 -9999 -9999 -9999 -9999 -9999 -9999 -9999 -9999 -9999 73.21640 73.57560 73.93670 74.04950 74.52620 74.58360 74.61910 74.96180 74.64140 74.67300 74.30440 74.00290 73.65910 72.98060 72.38840 71.26160 69.99640 68.87750 66.84560 65.01810 65.72730 65.93490 65.95970 65.40190 66.20320 66.23880 66.39070 65.67690 65.73720 65.71670 65.99040 65.64900 65.64770 65.32840 64.93910 64.91590 65.31960 65.27940
-9999 -9999 -9999 -9999 -9999 -9999 -9999 -9999 -9999 -9999 -9999 -9999 -9999 -9999 -9999 -9999 -9999 -9999 -9999 -9999 -9999 -9999 -9999 -9999 -9999 -9999 -9999 -9999 -9999 -9999 -9999 73.18100 73.25750 73.31180 73.69280 73.91970 73.96490 74.39290 74.78600 74.77600 74.82060 74.56980 74.86540 74.16620 73.88010 73.19960 72.88250 72.69770 71.29430 70.08100 68.99610 66.42620 64.43780 65.10130 65.35520 65.40880 66.20440 65.90240 64.82580 65.33290 65.64110 65.02320 65.00430 65.32320 64.99700 65.03800 64.71970 64.97700 65.33830 64.57850 63.90880
-9999 -9999 -9999 -9999 -9999 -9999 -9999 -9999 -9999 -9999 -9999 -9999 -9999 -9999 -9999 -9999 -9999 -9999 -9999 -9999 -9999 -9999 -9999 -9999 -9999 -9999 -9999 -9999 -9999 72.96100 72.97600 72.53690 72.90600 73.26790 73.38360 73.57800 73.94220 74.36260 74.44750 74.75100 74.77860 74.81460 74.53540 74.15260 73.82450 73.13740 72.19860 71.95790 70.13920 68.98800 67.89220 65.20830 63.78900 64.87800 64.58620 64.68130 65.52580 64.88450 64.58920 65.65580 64.94500 64.55180 64.21410 64.24520 64.64180 64.67780 64.02610 63.85170 63.87470 64.22660 64.35380
-9999 -9999 -9999 -9999 -9999 -9999 -9999 -9999 -9999 -9999 -9999 -9999 -9999 -9999 -9999 -9999 -9999 -9999 -9999 -9999 -9999 -9999 -9999 -9999 71.42460 71.77770 71.86450 72.15090 72.17830 72.07980 72.10020 71.59860 71.68050 71.43110 71.79160 72.45770 72.53130 72.92730 72.97340 74.24070 74.61240 74.63660 74.35770 73.47270 72.57340 71.92810 71.60840 71.30210 69.57810 68.91300 68.53280 66.25990 65.71610 66.63310 66.74820 66.34900 66.10350 65.89900 65.19690 63.94010 63.87270 63.10630 63.11790 64.31750 64.40100 64.49650 64.92590 64.90660 64.60850 64.46790 62.90760
-9999 -9999 -9999 -9999 -9999 -9999 69.39630 68.63640 68.68060 68.66070 68.91740 -9999 -9999 -9999 -9999 -9999 -9999 -9999 -9999 -9999 -9999 70.83020 70.71560 70.79140 70.81160 71.14440 71.17950 71.16660 71.47580 71.47130 71.79320 71.27540 71.33430 71.68550 71.44260 71.85680 72.19770 72.62250 73.01740 74.22440 74.56060 74.64770 74.62510 73.17450 72.52510 71.59260 71.25010 70.97510 69.60170 68.88700 67.81930 66.63030 65.47350 65.99520 66.83350 66.42200 66.07890 65.62390 65.25810 63.75000 63.58590 63.06370 62.46570 63.31820 63.35590 64.60810 64.71460 64.61730 64.62020 64.64680 64.32630
-9999 -9999 -9999 -9999 -9999 69.26500 69.19470 67.81770 68.15290 68.14160 68.41350 68.96540 69.27640 69.41200 -9999 -9999 -9999 69.94310 70.28600 70.07010 70.30300 70.21650 70.21490 70.16510 70.19480 70.50500 70.86590 70.83360 71.17140 71.06820 71.42160 70.99410 71.05410 71.38260 71.69930 71.77150 71.84620 72.20150 72.56560 74.16900 74.55430 74.28440 74.29470 73.19420 72.53740 71.87510 70.54880 70.59020 69.23420 68.55980 67.89010 66.91250 66.64490 66.64670 66.71750 66.15000 65.83070 65.45160 65.49490 64.04330 63.69690 62.88490 62.58100 63.80230 63.41450 62.85060 63.30260 63.51720 63.96930 63.66180 63.68590
-9999 69.61320 69.57010 69.57450 68.91680 68.76130 68.68650 67.65500 67.60340 67.90060 67.87400 68.49190 68.43140 68.92570 69.20570 69.65970 70.26350 69.52530 69.85820 69.99690 70.22880 70.08970 70.04030 70.26860 70.34520 70.31950 70.60970 70.62860 70.90860 71.12510 71.47240 70.79700 70.80730 71.12810 71.18550 71.51300 71.58680 71.87980 72.25810 73.52720 73.60690 73.98030 73.98960 72.62610 72.24730 71.89630 70.55520 70.66550 69.62980 68.70060 67.97190 66.90320 66.30830 65.50180 65.57240 65.40970 65.22490 65.87850 65.16750 63.79960 63.48680 62.98780 62.48250 63.12270 62.78550 62.91060 63.66960 62.88260 63.65050 63.24280 62.48250
-9999 68.97680 68.97370 68.91390 68.88180 68.83230 68.79000 68.43340 68.68880 68.72290 68.40590 68.57250 68.49210 68.56130 69.09700 68.95370 69.24330 69.25560 69.65710 69.95660 69.84770 69.72550 69.93320 70.11500 70.14790 70.44960 70.36740 70.25830 70.25140 70.61140 70.92590 71.23750 70.97350 70.97440 71.62270 71.86910 72.17030 72.39300 72.76810 73.41520 73.47020 73.85560 73.87060 73.23660 72.90270 72.70200 71.76850 71.39140 70.37500 69.04400 68.34800 66.96830 66.57530 64.96570 64.74450 65.08120 65.49780 65.19250 65.19420 64.59370 64.26900 63.73580 63.31510 63.26030 62.88030 62.81350 62.85300 62.43930 62.48090 62.55320 62.24870
-9999 -9999 -9999 68.36710 68.06810 68.36280 68.29160 67.97340 67.90730 68.36010 68.54400 68.53140 69.04460 69.04650 68.69280 68.81440 68.90740 69.58450 69.59260 69.83990 69.73760 69.62730 69.83000 69.66460 69.96530 69.97740 70.26770 70.09540 70.38180 70.43100 70.72730 70.71230 71.02110 71.08300 71.37370 71.30290 71.32250 71.82320 72.17420 72.80450 72.81780 72.96400 73.30360 72.92870 72.94800 72.45440 71.81060 71.15420 70.48680 69.73720 68.42680 67.37800 66.33270 65.19990 65.28180 64.45170 65.28500 64.90870 64.52260 64.23430 64.32210 63.41550 63.05760 62.93420 62.89840 62.87810 63.28680 62.42340 62.14400 61.85250 61.63290
-9999 -9999 -9999 -9999 -9999 -9999 68.15220 68.23460 68.18880 68.30550 68.25320 68.66120 68.63880 68.65450 68.86840 69.20580 69.52510 69.58110 69.99070 70.09630 70.00860 69.88480 70.14950 69.86880 70.14240 69.82930 70.10150 70.36230 70.33610 70.24710 70.23110 70.48340 70.46320 70.75930 71.09020 71.10920 71.11160 71.54600 71.85180 72.13530 72.20820 72.62850 72.69380 72.68790 72.37590 72.29340 71.94700 70.90270 70.52990 69.45850 68.10370 66.74670 65.76180 66.46680 65.47050 64.66890 65.06580 63.93380 63.47580 63.64340 62.90720 62.75140 62.37980 62.19180 62.52960 62.22360 63.31600 62.24220 61.95600 62.00210 61.73010
-9999 -9999 -9999 -9999 -9999 -9999 67.72370 67.80520 68.08520 68.07680 68.09480 68.20840 68.47820 68.73670 69.04720 68.84940 69.16500 69.24740 69.82970 69.64770 69.93560 69.81180 69.74030 69.81000 69.73540 70.00310 70.02610 70.22080 70.19350 69.76520 70.07630 70.27900 69.95880 70.53260 70.55050 70.73750 71.06210 71.20230 71.21080 71.77940 71.89160 72.04220 72.36470 72.39610 72.10970 72.00940 71.74380 71.72230 70.77050 70.02690 69.01710 68.05090 67.38840 66.65250 66.02130 66.28780 65.89080 64.72920 64.42010 63.81050 62.53180 62.45120 62.38060 62.31640 62.32720 63.03530 63.38860 62.69520 62.75640 62.50420 61.77080
-9999 -9999 -9999 -9999 -9999 -9999 -9999 -9999 -9999 -9999 68.35190 67.66790 68.21530 68.66860 68.63350 69.13850 69.21020 69.54930 69.92950 70.10680 69.81630 69.85750 69.83550 69.81780 70.04860 69.52310 69.45770 69.87200 69.78150 69.71560 69.68290 69.75440 70.02250 70.08020 70.32490 70.68150 70.89940 70.66910 71.02450 71.72740 71.78700 71.76400 72.12350 72.11060 71.52370 71.67260 71.41250 71.66660 70.73270 70.65740 70.05210 69.32610 68.58330 68.27340 67.95060 67.33930 67.28490 66.51430 66.17120 65.54640 65.21240 65.05140 64.66390 63.89010 63.87130 64.32170 64.38900 64.23430 64.17250 64.29190 63.64790
-9999 -9999 -9999 -9999 -9999 -9999 -9999 -9999 -9999 -9999 68.26370 68.20910 68.09560 68.48860 68.60730 69.09170 69.15630 69.25940 69.32650 69.49660 69.77450 69.82560 70.03160 69.73040 69.66560 69.78680 69.69350 69.71320 69.38080 69.54640 69.50960 69.26260 69.51530 69.57940 69.72390 70.04000 70.25440 70.33770 70.66850 71.11380 71.23380 71.21690 71.57420 71.27010 71.27590 71.12220 70.85910 71.06700 70.74120 70.35680 69.76420 69.31420 68.64120 68.31360 68.02100 67.63920 67.39520 67.19450 66.93180 66.64130 66.33090 66.30790 66.28960 65.86530 65.85460 65.97630 65.97490 65.87620 65.85710 64.48140 64.09060
-9999 -9999 -9999 -9999 -9999 -9999 -9999 -9999 -9999 -9999 -9999 -9999 68.07880 67.80650 68.46860 68.78800 69.44050 69.93660 69.82130 69.83570 70.09050 69.60820 69.51870 69.91890 69.58540 69.65910 69.53690 69.22470 69.17170 69.17960 69.11560 68.88420 69.07820 69.30520 68.94950 69.57400 70.08210 69.76930 70.11720 70.40920 70.76120 70.86280 70.93960 71.33120 71.11110 70.82260 70.84780 70.74270 70.45190 69.78150 69.43530 68.64770 67.96850 67.93830 67.64410 67.51020 67.21050 66.54930 66.52910 66.34020 66.29650 66.31680 66.60660 66.58540 66.30540 66.71860 66.77340 66.46290 66.73840 66.14450 64.71670
-9999 -9999 -9999 -9999 -9999 -9999 -9999 -9999 -9999 -9999 -9999 -9999 68.03530 68.08940 68.42180 68.95410 69.14370 69.75640 69.47900 69.70760 69.94980 69.42840 69.70410 69.30370 68.91330 69.23750 69.40340 69.22890 68.76080 68.74830 68.69330 68.73270 68.66770 69.23650 69.14560 69.72780 69.67100 69.62470 69.84300 70.12290 70.58570 70.97750 71.02450 71.15930 70.83450 70.89870 70.62980 70.50600 70.22830 69.44810 69.14330 68.68540 68.02390 67.31100 67.28780 67.26690 66.99660 66.87690 66.55670 66.63040 66.42120 66.63230 66.66510 66.62240 66.72170 66.81300 66.65930 67.13800 66.50820 65.58660 64.86240
-9999 -9999 -9999 -9999 -9999 -9999 -9999 -9999 -9999 -9999 -9999 67.11430 67.40550 67.94210 68.40340 67.86320 68.20850 68.57960 68.94400 68.89790 69.58230 69.03680 69.32340 69.35710 68.74970 68.88630 68.72270 68.68460 68.62140 68.61910 68.61000 68.28850 68.52710 68.79270 68.98500 69.38500 69.24400 69.24620 69.18760 69.31610 69.62540 69.81680 69.86860 70.05550 70.41110 70.37330 70.37550 70.24360 69.91110 69.28950 68.66540 68.14640 67.44420 67.08820 67.05460 66.74030 66.71600 66.73710 66.40030 66.66940 66.41130 66.65750 66.69900 66.82310 66.93310 67.38520 66.85430 66.91190 66.25010 65.13770 64.03660
-9999 -9999 -9999 -9999 -9999 -9999 -9999 -9999 -9999 -9999 -9999 66.94130 67.07900 67.88540 68.34280 67.86180 67.85320 68.46770 68.79340 69.35750 69.11100 69.27480 69.22830 69.38560 69.25270 69.11280 68.63670 68.46210 68.09300 68.01380 67.99910 67.71850 67.94480 68.54500 68.49080 68.88060 69.19810 69.09550 69.06360 69.20890 69.50880 69.60610 69.63500 70.08720 70.10980 70.11610 69.86060 69.98870 69.77270 69.38640 69.08950 68.54670 67.96630 67.28100 66.93630 66.56470 66.56300 66.58140 66.55580 66.59050 66.82880 66.71440 66.74560 67.23410 67.54600 67.20100 67.18140 67.02290 65.97140 65.12210 64.87940
