data/hydroclimate-scenarios/1948-2000.Pcorr55N_Pref_Tref/monthly_summaries/rh_monthly_avg_mar.asc
ncols	311
nrows	91
xllcenter	102.75
yllcenter	31.75
cellsize	0.5
NODATA_value	-9999
[rows 0 to 31 of 91, columns 213 to 283 of 311]
-9999 -9999 -9999 -9999 -9999 -9999 -9999 -9999 -9999 -9999 -9999 -9999 -9999 -9999 -9999 -9999 -9999 -9999 -9999 -9999 -9999 -9999 -9999 -9999 -9999 -9999 -9999 -9999 -9999 -9999 -9999 -9999 -9999 -9999 -9999 -9999 -9999 -9999 -9999 -9999 -9999 -9999 -9999 -9999 -9999 -9999 -9999 -9999 -9999 -9999 -9999 -9999 -9999 -9999 -9999 -9999 -9999 -9999 -9999 -9999 -9999 -9999 -9999 -9999 -9999 -9999 -9999 -9999 -9999 -9999 -9999
-9999 -9999 -9999 -9999 -9999 -9999 -9999 -9999 -9999 -9999 -9999 -9999 -9999 -9999 -9999 -9999 -9999 -9999 -9999 -9999 -9999 -9999 -9999 -9999 -9999 -9999 -9999 -9999 -9999 -9999 -9999 -9999 -9999 -9999 -9999 -9999 -9999 -9999 -9999 -9999 -9999 -9999 -9999 -9999 -9999 -9999 -9999 -9999 -9999 -9999 -9999 -9999 -9999 -9999 -9999 -9999 -9999 -9999 -9999 -9999 -9999 -9999 -9999 -9999 -9999 -9999 -9999 -9999 -9999 -9999 -9999
-9999 -9999 -9999 -9999 -9999 -9999 -9999 -9999 -9999 -9999 -9999 -9999 -9999 -9999 -9999 -9999 -9999 -9999 -9999 -9999 -9999 -9999 -9999 -9999 -9999 -9999 -9999 -9999 -9999 -9999 -9999 -9999 -9999 -9999 -9999 -9999 -9999 -9999 -9999 -9999 -9999 -9999 -9999 -9999 -9999 -9999 -9999 -9999 -9999 -9999 -9999 -9999 -9999 -9999 -9999 -9999 -9999 -9999 -9999 -9999 -9999 -9999 -9999 -9999 -9999 -9999 -9999 -9999 -9999 -9999 -9999
-9999 -9999 -9999 -9999 -9999 -9999 -9999 -9999 -9999 -9999 -9999 -9999 -9999 -9999 -9999 -9999 -9999 -9999 -9999 -9999 -9999 -9999 -9999 -9999 -9999 -9999 -9999 -9999 -9999 -9999 -9999 -9999 -9999 -9999 -9999 -9999 -9999 -9999 -9999 -9999 -9999 -9999 -9999 -9999 -9999 -9999 -9999 -9999 -9999 -9999 -9999 -9999 -9999 -9999 -9999 -9999 -9999 -9999 -9999 -9999 -9999 -9999 -9999 -9999 -9999 -9999 -9999 -9999 -9999 -9999 -9999
-9999 -9999 -9999 -9999 -9999 -9999 -9999 -9999 -9999 -9999 -9999 -9999 -9999 -9999 -9999 -9999 -9999 -9999 -9999 -9999 -9999 -9999 -9999 -9999 -9999 -9999 -9999 -9999 -9999 -9999 -9999 -9999 -9999 -9999 -9999 -9999 -9999 -9999 -9999 -9999 -9999 -9999 -9999 -9999 -9999 -9999 -9999 -9999 -9999 -9999 -9999 -9999 -9999 -9999 -9999 -9999 -9999 -9999 -9999 -9999 -9999 -9999 -9999 -9999 -9999 -9999 -9999 -9999 -9999 -9999 -9999
-9999 -9999 -9999 -9999 -9999 -9999 -9999 -9999 -9999 -9999 -9999 -9999 -9999 -9999 -9999 -9999 -9999 -9999 -9999 -9999 -9999 -9999 -9999 -9999 -9999 -9999 -9999 -9999 -9999 -9999 -9999 -9999 -9999 -9999 -9999 -9999 -9999 -9999 -9999 -9999 -9999 -9999 -9999 -9999 -9999 -9999 -9999 -9999 -9999 -9999 -9999 -9999 -9999 -9999 -9999 -9999 -9999 -9999 -9999 -9999 -9999 -9999 -9999 -9999 -9999 -9999 -9999 -9999 -9999 -9999 -9999
-9999 -9999 -9999 -9999 -9999 -9999 -9999 -9999 -9999 -9999 -9999 -9999 -9999 -9999 -9999 -9999 -9999 -9999 -9999 -9999 -9999 -9999 -9999 -9999 -9999 -9999 -9999 -9999 -9999 -9999 -9999 -9999 -9999 -9999 -9999 -9999 -9999 -9999 -9999 -9999 -9999 -9999 -9999 -9999 -9999 -9999 -9999 -9999 -9999 -9999 -9999 -9999 -9999 -9999 -9999 -9999 -9999 -9999 -9999 -9999 -9999 -9999 -9999 -9999 -9999 -9999 -9999 -9999 -9999 -9999 -9999
-9999 -9999 -9999 -9999 -9999 -9999 -9999 -9999 -9999 -9999 -9999 -9999 -9999 -9999 -9999 -9999 -9999 -9999 -9999 -9999 -9999 -9999 -9999 -9999 -9999 -9999 -9999 -9999 -9999 -9999 -9999 -9999 -9999 -9999 -9999 -9999 -9999 -9999 -9999 -9999 -9999 -9999 -9999 -9999 -9999 -9999 -9999 -9999 -9999 -9999 -9999 -9999 -9999 -9999 -9999 -9999 -9999 -9999 -9999 -9999 -9999 -9999 -9999 -9999 -9999 -9999 -9999 -9999 -9999 -9999 -9999
-9999 -9999 -9999 -9999 -9999 -9999 -9999 -9999 -9999 -9999 -9999 -9999 -9999 -9999 -9999 -9999 -9999 -9999 -9999 -9999 -9999 -9999 -9999 -9999 -9999 -9999 -9999 -9999 -9999 -9999 -9999 -9999 -9999 -9999 -9999 -9999 -9999 -9999 -9999 -9999 -9999 -9999 -9999 -9999 -9999 -9999 -9999 -9999 -9999 -9999 -9999 -9999 -9999 -9999 -9999 -9999 -9999 -9999 -9999 -9999 -9999 -9999 -9999 -9999 -9999 -9999 -9999 -9999 -9999 -9999 -9999
-9999 -9999 -9999 -9999 -9999 -9999 -9999 -9999 -9999 -9999 -9999 -9999 -9999 -9999 -9999 -9999 -9999 -9999 -9999 -9999 -9999 -9999 -9999 -9999 -9999 -9999 -9999 -9999 -9999 -9999 -9999 -9999 -9999 -9999 -9999 -9999 -9999 -9999 -9999 -9999 -9999 -9999 -9999 -9999 -9999 -9999 -9999 -9999 -9999 -9999 -9999 -9999 -9999 -9999 -9999 -9999 -9999 -9999 -9999 -9999 -9999 -9999 -9999 -9999 -9999 -9999 -9999 -9999 -9999 -9999 -9999
-9999 -9999 -9999 -9999 -9999 -9999 -9999 -9999 -9999 -9999 -9999 -9999 -9999 -9999 -9999 -9999 -9999 -9999 -9999 -9999 -9999 -9999 -9999 -9999 -9999 -9999 -9999 -9999 -9999 -9999 -9999 -9999 -9999 -9999 -9999 -9999 -9999 -9999 -9999 -9999 -9999 -9999 -9999 -9999 -9999 -9999 -9999 -9999 -9999 -9999 -9999 -9999 -9999 -9999 -9999 -9999 -9999 -9999 -9999 -9999 -9999 -9999 -9999 -9999 -9999 -9999 -9999 -9999 -9999 -9999 -9999
-9999 -9999 -9999 -9999 -9999 -9999 -9999 -9999 -9999 -9999 -9999 -9999 -9999 -9999 -9999 -9999 -9999 -9999 -9999 -9999 -9999 -9999 -9999 -9999 -9999 -9999 -9999 -9999 -9999 -9999 -9999 -9999 -9999 -9999 -9999 -9999 -9999 -9999 -9999 -9999 -9999 -9999 -9999 -9999 -9999 -9999 -9999 -9999 -9999 -9999 -9999 -9999 -9999 -9999 -9999 -9999 -9999 -9999 -9999 -9999 -9999 -9999 -9999 -9999 -9999 -9999 -9999 -9999 -9999 -9999 -9999
-9999 -9999 -9999 -9999 -9999 -9999 -9999 -9999 -9999 -9999 -9999 -9999 -9999 -9999 -9999 -9999 -9999 -9999 -9999 -9999 -9999 -9999 -9999 -9999 -9999 -9999 -9999 -9999 -9999 -9999 -9999 -9999 -9999 -9999 -9999 -9999 -9999 -9999 -9999 -9999 -9999 -9999 -9999 -9999 -9999 -9999 -9999 -9999 -9999 -9999 -9999 -9999 -9999 -9999 -9999 -9999 -9999 -9999 -9999 -9999 -9999 -9999 -9999 -9999 -9999 -9999 -9999 -9999 -9999 -9999 -9999
58.49670 58.24230 57.51050 57.74280 56.36690 55.92750 -9999 -9999 -9999 -9999 -9999 -9999 -9999 -9999 -9999 -9999 -9999 -9999 -9999 -9999 -9999 -9999 -9999 -9999 -9999 -9999 -9999 -9999 -9999 -9999 -9999 -9999 -9999 -9999 -9999 -9999 -9999 -9999 -9999 -9999 -9999 -9999 -9999 -9999 -9999 -9999 -9999 64.53110 -9999 -9999 -9999 -9999 -9999 -9999 -9999 -9999 -9999 -9999 -9999 -9999 -9999 -9999 -9999 -9999 -9999 -9999 -9999 -9999 -9999 -9999 -9999
57.88800 57.44840 57.36920 56.99930 57.04680 56.93680 55.72270 55.75410 54.90440 55.57330 55.73560 55.57640 56.33500 58.77010 59.17560 59.56970 59.78830 60.07420 64.64970 -9999 -9999 -9999 -9999 -9999 -9999 -9999 -9999 -9999 -9999 -9999 -9999 -9999 -9999 -9999 -9999 -9999 -9999 -9999 -9999 -9999 -9999 -9999 61.94440 62.37380 62.50860 62.47140 62.79010 63.24320 65.04270 -9999 -9999 -9999 67.93020 -9999 -9999 -9999 66.37620 66.86560 65.98940 -9999 -9999 -9999 -9999 -9999 -9999 -9999 -9999 -9999 -9999 -9999 -9999
56.99620 56.12820 56.03900 55.64390 55.65630 55.61090 51.79450 51.79280 52.18860 52.16000 52.07990 51.69550 52.37520 52.39220 52.34280 53.20790 53.47030 53.98740 55.41810 55.80160 57.15520 57.83360 58.36360 59.07740 58.98490 -9999 -9999 -9999 -9999 -9999 58.35590 58.16090 58.79280 59.38960 60.57350 62.28740 62.23290 62.00560 61.30490 61.04110 61.29820 61.05000 59.87060 60.53730 60.86960 61.14040 61.30050 61.98680 64.05220 65.06890 65.76850 66.69430 66.72890 67.59440 66.20310 66.08700 66.00470 65.53060 64.57820 64.02480 64.30810 63.96350 63.22430 62.99880 -9999 -9999 -9999 -9999 -9999 -9999 -9999
54.89670 54.74150 54.45200 53.85320 53.71260 51.41330 50.16550 49.76940 50.07330 50.57780 50.45910 51.26300 51.69170 51.90980 51.57910 51.84070 51.71770 52.13920 53.04260 53.85750 55.08140 56.12250 56.88830 56.62990 56.65280 56.67110 56.80310 57.70580 57.97190 57.83680 57.58130 57.13500 56.83690 57.44890 57.90500 58.28800 59.14980 59.84630 60.16830 59.85140 60.32420 60.74650 60.70730 61.01040 61.60860 61.67160 62.06440 62.45800 62.85570 63.26850 64.57400 64.85630 65.50470 65.59350 65.48490 65.75450 65.14040 64.90990 64.83390 64.46320 63.93410 63.79820 63.16560 62.62790 62.24310 61.20500 61.42340 60.82040 61.17110 62.06140 62.98860
50.22420 50.54940 50.45160 50.75710 50.76550 48.38130 48.52770 48.95690 48.87400 49.35140 49.02300 49.40550 49.37580 49.19470 49.12130 49.62790 49.86890 50.08970 51.66780 51.73860 53.75720 54.94710 58.23610 58.43470 55.24010 55.47200 54.69450 55.29520 55.56840 56.66470 56.76150 55.74620 55.77730 55.93250 55.46390 55.91730 57.10930 58.66450 58.72500 59.26320 59.15640 59.94780 60.07350 59.86890 60.24160 60.09870 60.47390 60.99160 62.03530 62.47820 63.31480 63.65190 64.15840 64.72570 64.45430 64.31190 64.20770 63.75910 63.68640 63.80760 63.43960 63.25960 62.37470 62.21150 61.88690 61.32130 61.29690 61.37120 61.80840 62.57490 63.51750
52.59400 52.60840 51.28920 48.74200 48.65740 48.00620 47.93170 46.46170 47.42840 47.62430 47.81130 47.10240 46.85290 47.38980 48.35250 47.66580 48.62880 48.38480 49.91830 50.39220 53.83010 55.00490 57.14910 57.56620 54.80620 53.96620 54.09310 53.54950 53.14150 54.22710 56.32710 56.85730 56.33070 55.39660 54.85050 55.27250 56.38490 56.86090 57.27740 58.15810 58.01670 58.47240 58.50340 59.05330 59.26800 59.68070 60.43490 60.56860 61.47760 61.85850 62.29470 62.74060 62.38100 62.94830 62.76170 62.83180 62.23570 62.86620 62.91550 62.93250 62.78800 62.56590 61.61540 61.75550 61.77500 61.62290 61.51720 61.89170 62.00840 62.44120 63.18510
52.31500 52.51070 52.06550 51.07150 50.33860 49.80930 49.52740 48.56630 49.92180 49.63770 49.23600 47.61800 49.08900 49.46620 49.86460 49.46710 49.36940 50.02760 55.41930 55.22260 53.81120 55.02800 54.07480 54.65510 51.61620 52.02170 53.10340 53.67490 54.38160 53.92750 55.85820 56.54910 56.20520 55.49340 54.76710 54.29900 54.56990 55.08570 56.11200 56.69930 57.13080 57.24350 57.63220 58.33250 58.23120 58.82330 59.58100 59.55670 60.38770 60.62330 61.35930 61.99630 61.45140 61.71510 61.61500 61.51770 61.69390 61.70670 61.94910 61.76220 61.32250 60.80940 60.78350 60.82300 61.07110 60.95380 61.13000 61.45330 61.86260 62.82030 63.27660
50.38210 51.15850 51.77430 50.03940 48.57390 47.98630 48.37410 48.92820 48.25880 48.77860 49.39090 49.96990 50.07890 50.06710 49.93400 49.59000 49.16460 49.58040 51.84090 48.79360 46.21800 47.20400 49.17040 49.02420 48.55860 50.43340 51.18100 52.20070 52.38110 53.08160 53.09710 54.80700 54.76340 54.24500 53.53080 53.06870 53.63680 54.38760 54.96970 55.56230 56.34330 56.01890 56.13250 56.61860 56.81960 57.13190 58.07200 58.65730 59.07010 59.80080 60.01490 60.04020 60.13310 60.37190 60.19810 60.10070 60.50140 59.82830 60.30150 59.51300 59.31920 59.07200 59.06640 59.33670 59.33610 59.90540 60.12890 60.83740 61.00770 61.48450 62.12740
50.00190 49.64490 48.40110 47.24830 47.10940 47.13680 47.38920 48.27690 48.55790 48.71380 49.18810 49.57840 50.12600 50.31100 49.74870 48.96400 48.03000 48.17600 52.66050 51.76680 43.59250 44.00810 44.14350 45.76590 46.19100 49.41880 50.83960 51.20740 50.99410 51.37400 51.74320 52.96670 53.30220 53.33740 53.09180 52.74650 52.94880 53.30210 53.85090 54.59740 54.99510 54.93570 55.09940 55.44260 55.39500 55.93450 56.85150 57.71260 58.21410 58.27230 59.01980 59.08930 58.57360 58.54700 58.71600 58.51060 57.89720 58.27030 58.42070 58.09840 57.81860 57.95800 57.90640 57.72700 58.05000 57.66640 58.61130 59.37390 59.51560 60.53470 60.76060
48.82670 47.57450 46.75740 46.76650 46.18480 46.76300 48.55900 49.98310 49.51720 48.64460 42.36010 44.90850 47.42460 48.67920 48.69130 48.17240 47.25850 46.17780 47.70730 49.61530 41.60720 42.08040 42.61800 43.71590 42.51090 45.52560 46.26640 47.32620 49.25380 50.25080 50.12670 51.06820 51.27880 51.66920 51.72410 52.45860 52.65010 52.77290 54.11130 54.30480 54.66480 55.29600 55.21450 54.73470 55.23880 55.55040 56.84210 57.69230 58.33170 58.53240 58.54170 58.53860 57.82840 57.92750 57.55170 57.46200 56.94780 56.89200 56.50380 56.15190 56.63170 56.67520 57.09030 57.17190 57.15010 57.64110 57.77850 58.24550 58.54330 59.18490 59.64910
47.79970 47.51000 47.43820 46.40450 45.08310 45.61460 46.97870 46.78850 48.38410 41.22580 39.15980 38.90950 40.81570 39.56540 40.01310 40.00620 46.65540 46.57240 47.11530 49.29160 41.66510 40.00490 40.80700 41.42130 41.23670 40.99510 43.55470 44.59670 46.11250 47.75610 48.61560 49.61380 50.11580 49.82520 50.77250 50.58320 50.67540 52.09380 53.14890 53.41290 53.98510 54.52230 55.11580 55.81470 56.17020 56.82770 57.24980 57.36210 58.09520 57.83620 57.37320 56.93720 56.66680 56.71650 55.98640 56.29920 55.74350 55.35630 55.57910 55.91600 56.21990 55.77570 56.19830 56.22560 56.21390 56.37190 56.66330 56.93970 57.31750 57.60890 58.21690
47.30240 47.28040 47.16970 46.26940 45.24050 44.90640 44.70340 45.51240 47.01720 47.81940 41.48860 38.41170 39.28440 38.97300 38.71160 38.79690 38.84290 38.34680 38.11730 49.67330 48.89500 38.77090 38.13220 37.59880 37.88660 37.97880 37.97640 39.95740 41.29680 43.33970 43.32310 44.82460 45.68090 46.45300 46.30490 47.66980 49.28860 49.42160 51.15460 52.02780 52.71280 53.50380 54.29060 54.74310 55.38250 56.03430 56.58770 56.84420 56.87210 56.57300 56.23140 55.47450 55.46220 55.83050 55.77340 55.49680 55.28710 54.83140 54.26430 54.13300 55.33270 55.25040 55.95390 55.50620 55.29400 54.85420 55.66480 55.91090 56.05710 56.57650 56.33240
46.68160 46.50530 46.76230 46.03730 45.83100 45.55880 45.84650 45.15810 45.05920 45.80720 46.56830 47.04330 42.51090 40.21370 39.11810 37.74950 37.68330 37.24120 39.07780 41.53690 41.03680 45.85260 37.13490 40.20320 36.63620 35.85680 35.97590 36.97410 40.14500 44.10710 44.40660 46.04150 44.75360 46.29610 44.68410 47.09430 48.87950 49.41540 50.86420 52.00380 52.58590 53.14650 54.02020 54.87030 55.07790 55.28070 56.40330 56.32080 56.72010 56.77400 56.56950 56.07750 55.33250 55.89910 55.73180 55.06870 54.50530 54.22490 53.68470 53.74540 54.06330 54.45440 54.93300 54.65500 54.75110 54.72690 54.95130 54.43460 55.12210 54.99980 55.25460
49.67610 49.85680 49.68530 48.87130 48.23510 49.28970 50.89890 48.65800 46.10200 48.87440 52.19460 52.75770 48.63710 44.71600 43.32970 42.91350 41.48050 40.85160 43.33020 38.77330 43.11290 40.86440 41.14260 42.25250 40.38700 41.08080 42.05260 42.96220 44.20750 46.18790 47.45360 45.70490 46.15780 46.45740 47.12990 47.50310 48.02000 49.38860 50.88300 51.71200 53.20490 53.47600 54.00250 54.97720 55.04250 55.90210 56.03450 56.03470 56.34420 56.58370 55.66310 55.64210 55.13360 54.30100 54.20610 54.32730 53.98930 53.77910 53.45350 53.32400 53.49980 53.73140 53.77800 54.17160 54.04100 54.09080 54.33270 54.23070 54.05700 53.98060 54.34180
54.15300 54.60050 52.76760 51.90650 51.65360 51.40800 51.15400 52.22570 52.12000 52.98680 53.23670 50.93500 50.15830 51.32780 50.00640 46.12900 41.95970 40.63110 48.94220 48.26790 46.05680 46.17310 44.10580 44.54360 40.01050 40.54810 40.59790 42.12750 43.15470 45.26640 46.03200 44.49300 43.47700 43.96470 43.09900 45.26410 47.17050 49.11390 50.31110 51.41860 52.76990 53.28790 54.16110 54.75710 55.37590 55.71370 55.55530 56.26120 56.33870 56.35030 55.68440 55.24570 54.81660 54.16420 53.32380 53.68230 54.13060 53.62500 53.35840 53.14530 52.71420 52.98890 53.17040 53.16360 53.00260 53.26090 53.45520 53.67890 53.44050 53.42760 53.04690
56.51350 56.27350 55.30750 53.95120 53.01030 52.39500 51.22560 49.67260 48.78030 48.47620 48.61090 49.13260 47.97890 48.38120 48.82810 48.28510 46.10190 40.57890 49.73470 50.15340 49.30460 48.57080 45.96180 42.98460 34.09800 31.81350 38.28740 39.78020 40.85620 43.38560 45.00640 42.65840 41.48220 39.79070 40.44290 44.58790 47.35920 48.72240 50.41550 51.51270 52.53450 53.43520 54.10020 54.76490 55.67280 55.75800 56.08330 55.78590 55.86140 55.39050 55.12520 54.46930 54.58340 53.88180 53.75510 52.68650 52.99160 52.91170 51.78200 51.65970 52.07960 51.64900 52.12840 52.37570 52.42330 52.55070 53.26880 53.39570 53.42190 53.10030 53.03060
58.07680 56.02700 57.08710 57.17560 56.35470 54.31360 51.12210 49.72060 47.51810 46.70260 45.48610 45.68280 51.12950 51.98500 52.03470 51.43840 50.38490 46.41230 49.15090 49.48320 50.06870 50.70630 48.98690 44.67310 39.45390 36.44410 36.69820 37.49040 40.62460 43.01510 43.26880 40.47060 40.58330 38.06330 40.94670 44.45550 47.67930 49.43140 51.14680 51.88590 53.27230 53.64750 54.39170 54.79920 55.51570 56.24000 56.17410 55.66830 55.38510 55.42060 54.50420 54.58990 54.50080 53.89980 53.50990 52.16560 52.36600 52.79800 51.56400 51.65980 52.32540 52.40780 53.11180 53.00940 52.88870 52.47830 51.91880 52.59700 53.03560 53.18550 53.34660
58.84420 56.60540 57.00120 58.59850 57.23790 53.34590 56.15770 56.26820 55.31670 52.61950 50.64800 47.94620 50.07520 52.44830 53.77420 53.61560 53.15430 52.33270 51.60320 51.78590 50.77600 50.47870 48.85040 44.91010 41.45700 40.40500 40.82370 42.60180 43.28120 43.98250 42.92710 40.26780 39.07330 38.89190 42.71820 45.77250 47.66840 48.90230 50.15600 51.15450 51.79960 52.36600 52.98460 53.76080 55.00740 55.82260 55.54400 55.01180 54.64310 54.46150 54.05910 53.94990 53.93100 53.14650 52.20890 52.42720 51.93090 51.52680 50.62000 50.71950 50.55250 51.05520 51.41870 51.42230 51.52560 51.58290 50.69890 51.27100 51.62350 52.66610 53.95720
61.15740 -9999 58.73220 60.32700 62.12360 61.77070 -9999 59.68920 59.40170 58.01820 57.64900 56.89040 56.80680 56.31950 56.21810 56.25160 54.24120 54.66850 54.39740 53.21850 52.49740 51.40040 51.11560 49.32080 47.27890 46.64770 46.25880 46.72920 48.72980 49.56390 49.88430 47.10930 42.97900 44.15650 46.02410 47.75540 49.35650 50.20330 51.21580 51.85590 52.42270 52.33820 52.69830 53.04040 53.54500 53.88990 54.42040 53.98070 54.11410 54.07230 53.69400 53.65140 53.39110 53.26630 52.07670 51.74120 50.99340 50.85100 50.89120 50.96420 50.34560 49.90080 50.17090 49.99740 49.92030 49.92010 49.74960 49.85550 49.96570 51.13300 50.35990
