data/hydroclimate-scenarios/1948-2000.Pcorr55N_Pref_Tref/monthly_summaries/rh_monthly_avg_jun.asc
ncols	311
nrows	91
xllcenter	102.75
yllcenter	31.75
cellsize	0.5
NODATA_value	-9999
[rows 0 to 31 of 91, columns 0 to 70 of 311]
-9999 -9999 -9999 -9999 -9999 -9999 -9999 -9999 -9999 -9999 -9999 -9999 -9999 -9999 -9999 -9999 -9999 -9999 -9999 -9999 -9999 -9999 -9999 -9999 -9999 -9999 -9999 -9999 -9999 -9999 -9999 -9999 -9999 -9999 -9999 -9999 -9999 -9999 -9999 -9999 -9999 -9999 -9999 -9999 -9999 -9999 -9999 -9999 -9999 -9999 -9999 -9999 -9999 -9999 -9999 -9999 -9999 -9999 -9999 -9999 -9999 -9999 -9999 -9999 -9999 -9999 -9999 -9999 -9999 -9999 -9999
-9999 -9999 -9999 -9999 -9999 -9999 -9999 -9999 -9999 -9999 -9999 -9999 -9999 -9999 -9999 -9999 -9999 -9999 -9999 -9999 -9999 -9999 -9999 -9999 -9999 -9999 -9999 -9999 -9999 -9999 -9999 -9999 -9999 -9999 -9999 -9999 -9999 -9999 -9999 -9999 -9999 -9999 -9999 -9999 -9999 -9999 -9999 -9999 -9999 -9999 -9999 -9999 -9999 -9999 -9999 -9999 -9999 -9999 -9999 -9999 -9999 -9999 -9999 -9999 -9999 -9999 -9999 -9999 -9999 -9999 -9999
-9999 -9999 -9999 -9999 -9999 -9999 -9999 -9999 -9999 -9999 -9999 -9999 -9999 -9999 -9999 -9999 -9999 -9999 -9999 -9999 -9999 -9999 -9999 -9999 -9999 -9999 -9999 -9999 -9999 -9999 -9999 -9999 -9999 -9999 -9999 -9999 -9999 -9999 -9999 -9999 -9999 -9999 -9999 -9999 -9999 -9999 -9999 -9999 -9999 -9999 -9999 -9999 -9999 -9999 -9999 -9999 -9999 -9999 -9999 -9999 -9999 -9999 -9999 -9999 -9999 -9999 -9999 -9999 -9999 -9999 -9999
-9999 -9999 -9999 -9999 -9999 -9999 -9999 -9999 -9999 -9999 -9999 -9999 -9999 -9999 -9999 -9999 -9999 -9999 -9999 -9999 -9999 -9999 -9999 -9999 -9999 -9999 -9999 -9999 -9999 -9999 -9999 -9999 -9999 -9999 -9999 -9999 -9999 -9999 -9999 -9999 -9999 -9999 -9999 -9999 -9999 -9999 -9999 -9999 -9999 -9999 -9999 -9999 -9999 -9999 -9999 -9999 -9999 -9999 -9999 -9999 -9999 -9999 -9999 -9999 -9999 -9999 -9999 -9999 -9999 -9999 -9999
-9999 -9999 -9999 -9999 -9999 -9999 -9999 -9999 -9999 -9999 -9999 -9999 -9999 -9999 -9999 -9999 -9999 -9999 -9999 -9999 -9999 -9999 -9999 -9999 -9999 -9999 -9999 -9999 -9999 -9999 -9999 -9999 -9999 -9999 -9999 -9999 -9999 -9999 -9999 -9999 -9999 -9999 -9999 -9999 -9999 -9999 -9999 -9999 -9999 -9999 -9999 -9999 -9999 -9999 -9999 -9999 -9999 -9999 -9999 -9999 -9999 -9999 -9999 -9999 -9999 -9999 -9999 -9999 -9999 -9999 -9999
-9999 -9999 -9999 -9999 -9999 -9999 -9999 -9999 -9999 -9999 -9999 -9999 -9999 -9999 -9999 -9999 -9999 -9999 -9999 -9999 -9999 -9999 -9999 -9999 -9999 -9999 -9999 -9999 -9999 -9999 -9999 -9999 -9999 -9999 -9999 -9999 -9999 -9999 -9999 -9999 -9999 -9999 -9999 -9999 -9999 -9999 -9999 -9999 -9999 -9999 -9999 -9999 -9999 -9999 -9999 -9999 -9999 -9999 -9999 -9999 -9999 -9999 -9999 -9999 -9999 -9999 -9999 -9999 -9999 -9999 -9999
-9999 -9999 -9999 -9999 -9999 -9999 -9999 -9999 -9999 -9999 -9999 -9999 -9999 -9999 -9999 -9999 -9999 -9999 -9999 -9999 -9999 -9999 -9999 -9999 -9999 -9999 -9999 -9999 -9999 -9999 -9999 -9999 -9999 -9999 -9999 -9999 -9999 -9999 -9999 -9999 -9999 -9999 -9999 -9999 -9999 -9999 -9999 -9999 -9999 -9999 -9999 -9999 -9999 -9999 -9999 -9999 -9999 -9999 -9999 -9999 -9999 -9999 -9999 -9999 -9999 -9999 -9999 -9999 -9999 -9999 -9999
-9999 -9999 -9999 -9999 -9999 -9999 -9999 -9999 -9999 -9999 -9999 -9999 -9999 -9999 -9999 -9999 -9999 -9999 -9999 -9999 -9999 -9999 -9999 -9999 -9999 -9999 -9999 -9999 -9999 -9999 -9999 -9999 -9999 -9999 -9999 -9999 -9999 -9999 -9999 -9999 -9999 -9999 40.09620 41.07510 40.95310 40.13160 39.65440 39.07900 37.93880 37.47440 36.63020 35.56250 -9999 -9999 -9999 -9999 -9999 -9999 -9999 -9999 -9999 -9999 -9999 -9999 -9999 -9999 -9999 -9999 -9999 -9999 -9999
-9999 -9999 -9999 -9999 -9999 -9999 -9999 -9999 -9999 -9999 -9999 -9999 -9999 -9999 -9999 -9999 -9999 -9999 -9999 -9999 -9999 -9999 -9999 -9999 -9999 -9999 -9999 -9999 -9999 -9999 -9999 -9999 -9999 -9999 -9999 -9999 -9999 -9999 42.59140 43.55250 43.16100 42.02870 41.65590 42.34340 41.75080 41.18700 40.27860 39.21640 38.17320 37.48130 36.51150 35.66470 34.30250 31.45470 -9999 -9999 -9999 -9999 -9999 -9999 -9999 -9999 -9999 -9999 -9999 -9999 -9999 -9999 -9999 -9999 -9999
-9999 -9999 -9999 -9999 -9999 -9999 -9999 -9999 -9999 -9999 -9999 -9999 -9999 -9999 -9999 -9999 -9999 -9999 -9999 -9999 -9999 -9999 -9999 -9999 -9999 -9999 -9999 -9999 -9999 -9999 -9999 -9999 -9999 -9999 -9999 -9999 -9999 -9999 -9999 -9999 42.14010 41.61340 41.89700 42.74740 42.51510 42.47880 41.22460 39.38490 38.94360 38.76430 37.95170 35.80730 34.92270 31.31350 -9999 -9999 -9999 -9999 -9999 -9999 -9999 -9999 -9999 -9999 -9999 -9999 -9999 -9999 -9999 -9999 -9999
-9999 -9999 -9999 -9999 -9999 -9999 -9999 -9999 -9999 -9999 -9999 -9999 -9999 -9999 -9999 -9999 -9999 -9999 -9999 -9999 -9999 -9999 -9999 -9999 -9999 -9999 -9999 -9999 -9999 -9999 -9999 -9999 -9999 -9999 -9999 -9999 -9999 -9999 -9999 -9999 -9999 -9999 -9999 -9999 41.93780 42.00130 42.06500 41.87300 41.03330 40.48240 39.73470 39.21400 36.34880 32.63860 -9999 -9999 -9999 -9999 -9999 -9999 30.93640 -9999 -9999 -9999 -9999 -9999 -9999 -9999 -9999 -9999 -9999
-9999 -9999 -9999 -9999 -9999 -9999 -9999 -9999 -9999 -9999 -9999 -9999 -9999 -9999 -9999 -9999 -9999 -9999 -9999 -9999 -9999 -9999 -9999 -9999 -9999 -9999 -9999 -9999 -9999 -9999 -9999 -9999 -9999 -9999 -9999 -9999 -9999 -9999 -9999 -9999 -9999 43.48210 43.19720 43.01080 42.77460 41.74220 42.17650 42.18670 41.71140 40.96570 40.53180 39.40550 36.93230 35.65010 -9999 -9999 -9999 -9999 -9999 30.94420 30.42590 29.34430 29.62770 28.53930 28.52470 27.85880 28.05430 27.79780 27.79130 26.68120 26.92740
-9999 -9999 -9999 -9999 -9999 -9999 -9999 -9999 -9999 -9999 -9999 -9999 -9999 -9999 -9999 -9999 -9999 -9999 -9999 -9999 -9999 -9999 -9999 -9999 -9999 -9999 -9999 -9999 -9999 -9999 -9999 -9999 -9999 -9999 -9999 -9999 -9999 -9999 -9999 -9999 -9999 42.92620 42.92140 42.06610 41.14320 40.91480 40.54690 41.70850 41.38880 41.45890 40.50300 40.05760 39.14730 37.49780 36.15820 36.79350 34.78160 -9999 32.23130 31.44690 30.62920 30.30470 29.89010 29.62880 29.86300 29.23750 28.73340 28.49240 27.97180 27.94840 27.75040
-9999 -9999 -9999 -9999 -9999 -9999 -9999 -9999 -9999 -9999 -9999 -9999 -9999 -9999 -9999 -9999 -9999 -9999 -9999 -9999 -9999 -9999 -9999 -9999 -9999 -9999 -9999 -9999 -9999 -9999 -9999 -9999 -9999 -9999 -9999 41.33110 41.43930 42.02910 42.10810 41.59890 41.67030 41.36550 41.87980 41.24740 40.74750 40.40500 40.61380 41.55570 41.17670 41.41500 41.52550 40.38610 40.59770 38.58120 38.32250 38.75760 36.79380 34.55350 32.41800 31.58350 30.18070 30.72190 30.32250 31.76940 30.79230 29.28140 29.55240 29.23890 28.40950 28.28320 28.50010
-9999 -9999 -9999 -9999 -9999 -9999 -9999 -9999 -9999 -9999 -9999 -9999 -9999 -9999 -9999 -9999 -9999 -9999 -9999 -9999 -9999 -9999 -9999 -9999 -9999 -9999 -9999 -9999 -9999 -9999 -9999 -9999 -9999 -9999 41.55820 42.79950 43.09080 42.49530 42.45290 42.29780 42.12190 41.54900 41.40430 41.58410 41.70670 41.67850 41.26310 41.56240 41.78370 42.02170 41.89470 42.11170 41.57160 40.96150 40.25470 38.27510 36.23640 34.45150 31.80830 30.42460 30.37560 31.08950 30.94630 32.56060 29.86360 29.29430 29.40260 30.38280 31.67870 30.25760 31.91380
-9999 -9999 -9999 -9999 -9999 -9999 -9999 -9999 -9999 -9999 -9999 -9999 -9999 -9999 -9999 -9999 -9999 -9999 -9999 -9999 -9999 -9999 -9999 -9999 -9999 -9999 -9999 -9999 -9999 -9999 -9999 -9999 -9999 41.56470 41.54230 41.64750 42.08590 42.36640 42.06230 41.39700 41.67590 41.27500 41.43280 41.31860 41.27870 41.31060 41.52300 41.48340 42.96280 42.38530 42.08260 42.13450 39.02420 40.71590 39.53730 37.26530 36.57210 34.14580 32.04220 31.43230 31.58290 29.93580 29.52540 28.49590 29.04860 29.83480 30.11070 30.76990 31.79380 30.47180 31.32470
-9999 -9999 -9999 -9999 -9999 -9999 -9999 -9999 -9999 -9999 -9999 -9999 -9999 -9999 -9999 -9999 -9999 -9999 -9999 -9999 -9999 -9999 -9999 -9999 -9999 -9999 -9999 -9999 -9999 -9999 -9999 40.96960 41.09180 41.63000 41.54230 41.30490 41.23930 41.17400 41.37270 40.98010 41.22030 41.12970 40.98650 41.06650 41.06180 41.61530 41.81480 41.64060 42.26250 41.95930 42.02640 41.57310 38.75160 40.79420 39.79110 37.56640 35.62950 34.27180 34.61340 31.97410 30.89530 29.76310 29.17130 28.50760 29.21650 30.44590 30.56150 30.48420 30.62660 32.48810 33.46050
-9999 -9999 -9999 -9999 -9999 -9999 -9999 -9999 -9999 -9999 -9999 -9999 -9999 -9999 -9999 -9999 -9999 -9999 -9999 -9999 -9999 -9999 -9999 -9999 -9999 -9999 -9999 -9999 -9999 40.29470 40.33410 41.13340 41.26610 41.57230 41.17340 41.01700 41.38250 41.26270 41.16060 41.50880 41.57770 41.64880 41.04760 41.19860 40.99640 41.82290 41.56170 42.09300 43.12530 42.48060 42.19760 38.78620 38.75090 40.42920 39.89840 38.27090 35.82580 34.65260 33.38620 30.34530 30.05330 29.73380 29.45660 29.72280 29.39130 29.90460 31.28450 31.88750 32.57530 32.26470 31.84280
-9999 -9999 -9999 -9999 -9999 -9999 -9999 -9999 -9999 -9999 -9999 -9999 -9999 -9999 -9999 -9999 -9999 -9999 -9999 -9999 -9999 -9999 -9999 -9999 41.88650 41.66930 40.54890 40.21780 39.96280 40.18320 40.21470 40.24480 40.28550 40.51050 40.73260 40.31270 40.31760 40.81500 41.20150 41.30940 41.07940 41.03530 40.76840 40.74600 40.84790 41.51010 41.34010 42.14080 42.53740 42.29040 41.47060 40.40310 40.59380 40.00800 38.44240 38.09770 36.45440 35.38890 34.43470 32.42640 30.79300 30.20760 29.32280 29.62700 29.91920 30.37120 30.28070 28.91310 30.43870 31.24410 33.90480
-9999 -9999 -9999 -9999 -9999 -9999 42.60040 42.71340 42.68320 42.47070 42.59190 -9999 -9999 -9999 -9999 -9999 -9999 -9999 -9999 -9999 -9999 41.32240 41.74410 41.98120 41.82950 41.53900 41.18850 40.61270 40.67950 40.19750 39.90810 39.94690 40.11790 40.12100 40.33550 39.98050 40.68290 40.50010 40.86390 40.83070 40.98410 40.84040 40.83210 40.65580 40.69530 41.33310 40.88290 41.89460 42.47370 42.24390 41.65780 40.90650 40.62530 39.87960 38.23480 37.59750 36.58650 35.88530 34.08770 32.35330 31.41570 30.78430 31.01450 31.46780 32.16150 30.36570 29.23860 30.19660 30.64780 30.32690 31.53480
-9999 -9999 -9999 -9999 -9999 42.37040 42.37460 42.96930 42.55850 42.91820 42.75250 43.71980 43.65960 43.83890 -9999 -9999 -9999 43.29140 43.42340 43.00010 42.73700 42.50980 41.95040 41.00780 41.38940 40.67810 40.88620 40.56430 40.89330 39.88590 39.54470 39.62200 39.67340 39.66600 39.46260 39.54390 39.67880 40.00670 40.71500 40.54770 41.05460 41.05400 41.33470 41.05160 41.40420 41.58300 42.27610 42.72020 42.74480 42.23910 42.04140 41.47930 40.89170 39.99400 39.05330 38.89410 38.24330 36.51700 34.34310 33.56570 32.22700 32.36210 32.50200 31.41860 32.70800 33.59460 33.19960 32.62810 32.01320 32.65380 32.86970
-9999 40.83460 41.00090 41.63660 41.70220 42.03460 42.44880 42.38430 42.59060 42.23680 42.46300 43.54330 43.83690 43.27510 43.30910 43.02790 42.56140 42.82100 42.80890 42.19330 42.08720 41.69150 41.23680 40.59820 40.18110 40.84960 40.78830 40.40450 40.52820 39.42670 38.71860 39.04590 38.52210 38.96470 39.44000 39.69550 39.49220 39.95980 40.01160 39.59740 40.13340 40.43740 40.68310 40.72350 40.96770 41.24410 41.87440 42.25210 42.50460 42.01550 41.42950 41.50660 40.73990 40.62940 40.19840 39.86800 38.74390 36.82570 36.26080 34.87010 33.36430 33.09700 33.93600 33.09790 33.99500 33.78430 33.11870 33.12590 32.87490 33.76960 34.70690
-9999 41.36840 41.00730 41.44250 41.30840 41.11330 41.50720 41.30350 41.23770 41.73010 42.24510 42.13740 42.43780 42.42710 42.20290 42.61360 42.98910 42.97000 42.83800 42.16390 42.01850 41.45830 41.04080 40.66090 40.62060 40.62050 40.49380 40.02760 40.08440 39.27970 39.31070 38.04660 37.88780 37.75030 37.69790 38.06850 38.28650 38.60540 38.52540 39.23170 38.99600 39.52800 39.60300 39.26910 39.29270 39.73860 39.99390 40.88950 41.01980 41.79920 40.87000 41.39050 40.82760 40.89610 40.32850 39.77700 38.51430 37.09730 36.52720 35.92370 34.91380 34.78110 34.25650 33.49670 33.89830 33.50770 33.89360 34.27660 34.22760 34.76330 34.95280
-9999 -9999 -9999 41.68210 41.56620 41.05390 41.34010 41.27190 41.24330 41.07510 41.31630 41.35410 41.59130 41.66550 41.83730 42.50580 42.48480 42.16490 42.63810 42.10540 41.98530 41.32650 40.85010 40.77410 40.54930 40.43040 40.10890 39.37780 39.09760 38.89450 38.51080 38.12430 37.73970 37.38210 37.74980 37.67880 37.87420 37.76390 37.87410 38.53350 38.66440 38.98820 38.64920 38.94730 39.07350 39.46260 39.46840 40.29490 40.28430 40.99930 41.05570 40.91120 41.02860 40.63200 39.97000 39.86140 38.93000 37.92110 37.15070 36.76180 35.58820 35.52310 35.26260 35.06590 34.29990 33.76010 33.34390 34.81810 35.32340 35.84710 36.06210
-9999 -9999 -9999 -9999 -9999 -9999 40.59240 41.17060 41.06600 40.83590 40.87870 41.13370 41.28450 40.77490 40.96180 41.60020 41.78610 41.78690 41.52180 41.36240 41.10930 40.93700 40.74860 40.90720 40.42700 40.28730 39.83330 39.26130 39.20700 38.38250 38.28610 37.40830 36.96370 37.41220 37.01400 36.74950 37.27280 37.23720 37.32830 37.78450 38.22800 38.85050 38.87160 38.50540 38.65760 38.38950 38.27070 40.10660 39.86900 40.58740 40.90280 41.26010 40.88260 39.04080 39.35230 39.24560 38.38160 38.20530 38.01670 37.74860 37.00770 36.80900 36.09400 35.30110 34.83890 35.04450 34.44080 35.62300 36.44490 37.16710 37.22350
-9999 -9999 -9999 -9999 -9999 -9999 40.23820 40.64800 40.70420 40.78460 40.66890 40.88660 41.13380 40.66090 40.72910 41.47780 41.72350 41.41160 41.65210 41.42380 41.27570 40.91970 41.11820 40.89480 40.27970 39.92310 38.97420 39.03390 38.35610 38.08080 38.37440 36.90050 36.46320 36.64800 36.89710 36.10190 35.78490 36.22900 36.35760 37.51310 38.21510 38.11870 38.37040 38.64460 37.97750 38.36880 38.43160 38.39820 38.76860 39.20950 39.71900 39.92010 39.83940 39.52720 38.86590 38.17100 37.96010 38.14320 37.32610 37.73120 38.08320 37.33690 37.01630 35.95540 35.83840 35.38790 36.12470 36.79250 37.06440 37.57810 37.94890
-9999 -9999 -9999 -9999 -9999 -9999 -9999 -9999 -9999 -9999 39.79030 39.83200 39.66960 40.06660 40.39580 40.93140 41.09840 41.41980 41.16080 41.02650 40.76260 41.00490 40.33960 40.63550 40.31070 40.38960 39.77280 38.70420 38.43580 37.99080 37.38130 38.01040 37.83780 37.05360 37.11070 36.71880 36.77090 36.75230 36.64480 37.51710 37.89090 38.67990 38.75730 38.27230 38.11800 38.33470 38.51350 37.99860 38.02050 37.37870 36.85020 36.87690 36.53580 35.91250 35.64500 34.53140 35.16230 35.34140 35.55750 35.59350 35.30250 35.17180 34.95480 34.74840 34.59990 34.41870 35.11840 35.94820 36.86800 37.97180 38.48460
-9999 -9999 -9999 -9999 -9999 -9999 -9999 -9999 -9999 -9999 39.02850 38.85550 39.45690 39.84680 40.14000 40.44890 40.84450 41.26060 41.42350 41.26720 41.04000 40.74140 40.97240 40.90660 40.41710 39.53090 39.10890 38.66700 37.93950 37.55010 37.24550 37.79880 37.55090 36.89960 37.27280 37.24270 36.97200 36.86730 37.25510 37.92490 38.17050 39.17270 39.17520 38.55840 38.27420 38.83410 38.86230 38.38210 37.85970 37.49300 36.35530 36.22310 35.98300 35.46810 34.52050 34.06720 34.09810 34.18900 33.75560 34.86880 34.46970 33.98730 33.46550 33.16790 32.70910 33.72800 34.56820 35.52590 36.69210 38.57200 39.32610
-9999 -9999 -9999 -9999 -9999 -9999 -9999 -9999 -9999 -9999 -9999 -9999 38.91900 39.62770 40.09410 40.09960 40.17760 40.24670 40.87360 40.90350 40.72020 40.97460 40.80250 40.53130 40.14060 38.77770 38.59090 38.56050 38.30000 37.17370 36.47550 37.31340 37.22800 37.20980 37.22070 37.17480 37.06840 37.95200 38.26560 38.88410 38.93290 39.37210 39.56510 39.18600 38.99070 38.69120 38.92700 38.63650 38.32530 37.76180 37.27170 36.79490 35.97600 35.33390 34.29180 33.42500 33.52490 34.79000 34.83700 34.74480 34.51720 33.89080 33.70600 33.08790 33.33030 33.47360 34.00780 35.76060 37.02850 38.30510 39.45370
-9999 -9999 -9999 -9999 -9999 -9999 -9999 -9999 -9999 -9999 -9999 -9999 38.91170 39.01920 39.58850 39.95610 39.52980 40.12290 41.02770 40.51690 40.70010 40.87400 41.06820 40.32850 40.03110 39.24710 38.26460 38.22390 37.97460 36.60680 36.08760 36.76750 36.82480 37.64850 38.15490 37.52970 37.93160 39.21790 39.00750 39.23290 39.53050 39.63090 39.59080 39.21940 39.15060 39.39150 39.39260 38.75940 38.74520 38.67760 38.16830 37.46340 35.90610 34.94630 34.19350 33.98280 34.13110 35.08550 34.93640 35.08020 34.67440 34.58600 34.26260 33.84140 33.94310 34.28060 34.92810 36.75900 37.74220 39.14850 39.95110
-9999 -9999 -9999 -9999 -9999 -9999 -9999 -9999 -9999 -9999 -9999 38.22580 38.92720 38.63660 38.69540 39.99630 40.29210 40.65570 41.05770 41.01740 40.55590 40.73280 40.57520 40.54740 40.18180 40.13000 39.33920 38.85690 38.11130 37.27770 36.87320 36.33880 36.62240 37.10540 37.18720 37.56370 37.86670 38.85480 39.60070 40.43010 40.83650 40.69210 40.63070 40.67370 40.29900 39.56560 39.22680 39.47430 39.48030 39.17970 38.78240 37.64250 36.98390 35.85510 34.54090 35.07720 35.06790 35.53970 35.25920 35.35100 35.24210 35.04160 34.71790 34.76130 35.03930 35.96810 36.74800 37.92000 39.00440 40.53770 41.20560
-9999 -9999 -9999 -9999 -9999 -9999 -9999 -9999 -9999 -9999 -9999 37.90800 38.26920 38.54670 38.59070 39.95810 40.09540 40.52900 40.77880 41.05850 40.93410 40.74610 41.04620 40.68710 40.17820 39.82930 39.66260 39.23130 38.44610 38.30420 38.17920 37.15020 37.20690 37.68600 37.51470 38.00470 38.29160 39.46980 40.96130 41.15200 41.36690 40.90160 41.62970 41.85380 41.37480 40.24480 40.03350 40.59860 40.38350 39.57980 38.85270 38.23680 37.94300 37.14000 36.75970 36.31250 36.78420 36.24410 36.15450 36.15490 35.73840 35.19350 35.34380 35.07480 35.88780 36.60860 37.55390 38.14970 39.34390 40.84890 41.62970
