data/hydroclimate-scenarios/1948-2000.Pcorr55N_Pref_Tref/monthly_summaries/rh_monthly_avg_may.asc
ncols	311
nrows	91
xllcenter	102.75
yllcenter	31.75
cellsize	0.5
NODATA_value	-9999
[rows 32 to 63 of 91, columns 0 to 70 of 311]
-9999 -9999 -9999 -9999 -9999 -9999 -9999 -9999 -9999 -9999 -9999 36.10630 36.47690 36.90280 37.05110 37.84210 38.14670 38.06160 38.58870 38.99890 39.10000 38.46330 37.61680 36.87740 36.13730 36.02510 35.24220 34.94730 34.21010 32.67750 32.92420 32.64270 32.54920 32.22630 32.84630 31.92190 32.68190 34.13120 34.85290 36.12710 36.52160 37.05600 37.15890 37.48680 37.02090 36.18160 36.96030 37.60440 37.48900 36.00620 35.62000 34.59580 34.06110 33.27550 32.38770 31.67470 30.96470 30.28590 29.94690 30.24600 30.24630 29.34700 29.14430 29.72890 29.88170 30.93610 31.52770 32.86800 34.30790 35.62760 36.01540
-9999 -9999 -9999 -9999 -9999 -9999 -9999 -9999 -9999 -9999 -9999 37.08260 37.19350 37.01030 37.46060 37.94800 38.16800 38.10430 38.64150 38.78550 39.05280 38.21310 37.38470 36.95410 36.29520 36.26080 36.01030 34.84200 33.75090 32.35050 32.86450 32.23050 32.16590 31.83180 32.43750 32.13550 32.32420 34.08940 35.24280 37.06720 37.62110 38.98540 38.69860 39.18410 39.58580 39.40000 39.59180 39.06080 38.71210 37.83420 36.96570 35.35720 35.25660 33.95600 33.38230 32.37180 32.15030 32.17790 31.40150 30.86310 30.54370 30.57040 29.97050 29.83450 30.50110 31.79840 32.86400 34.48250 35.08110 36.47270 36.76440
-9999 -9999 -9999 -9999 -9999 -9999 -9999 -9999 -9999 -9999 -9999 -9999 36.72980 36.62800 36.90780 36.89230 37.41990 37.70810 37.66920 38.47140 38.76510 38.33310 38.06800 37.23650 36.80900 37.08320 35.71970 35.38080 34.22830 32.50610 32.09520 31.38860 31.98070 31.41600 31.79800 31.99090 33.81490 34.63420 35.74240 37.61700 39.17910 39.86850 40.82210 40.58750 41.17530 41.56530 41.50320 40.43480 39.97240 38.28630 37.35190 36.97500 36.02910 34.79190 33.76920 33.40830 33.10260 31.87760 31.76710 31.25350 30.51100 31.30560 31.19930 31.07910 31.75250 33.21750 34.09410 34.91700 37.09490 38.38280 38.21890
-9999 -9999 -9999 -9999 -9999 -9999 -9999 -9999 -9999 -9999 -9999 -9999 35.40660 35.96060 36.48620 36.33190 36.25510 36.66470 37.09840 38.40650 38.00730 38.29450 38.16500 36.84170 36.67840 35.41220 34.27700 35.03430 33.59580 32.63160 32.66430 32.52610 31.13650 30.66290 30.75560 31.79180 33.18750 34.24410 35.66660 37.53070 39.10410 40.90900 41.73580 42.61700 43.53200 43.89510 43.28120 42.14580 41.23260 39.66090 39.01130 37.21410 36.45040 35.36420 34.41120 33.49320 32.75700 32.25280 31.59640 31.96910 31.85450 33.04100 33.32200 33.25250 33.29790 34.02760 35.31580 36.61900 37.99820 39.57100 41.67610
-9999 -9999 -9999 -9999 -9999 -9999 -9999 -9999 -9999 -9999 -9999 -9999 34.79630 34.70810 34.86360 35.55880 36.05920 36.16000 36.69920 36.81240 37.23800 37.22380 36.62190 36.23030 34.93660 34.39650 33.76140 32.76820 32.45580 31.59010 31.05040 30.02100 30.88280 30.87630 30.73840 31.72570 32.44280 34.26950 35.23420 37.77690 39.18490 41.38040 42.48900 44.03860 45.36020 46.75480 45.65950 43.96630 42.96260 41.29360 40.24090 38.65200 37.28500 36.77040 35.11640 34.61840 33.73410 33.30250 33.47540 34.07790 34.18440 35.02950 35.06740 35.29610 36.03390 36.78740 37.76760 38.92820 40.90360 42.51640 44.98190
-9999 -9999 -9999 35.35980 34.32010 33.99320 33.25790 33.61890 33.61010 -9999 33.66710 34.09240 33.70600 34.15360 34.32430 34.44320 34.56110 34.40640 35.30110 35.78060 36.12340 35.64800 35.08500 34.54910 34.10720 33.07810 31.94480 31.96260 31.94140 32.12010 31.60450 29.87230 30.33640 32.00640 31.75960 32.23750 33.15100 34.95220 35.54730 37.04650 38.89340 41.21200 41.93370 44.14060 45.45100 47.04350 46.04830 43.92040 42.93360 42.13160 41.04070 39.63320 38.66960 38.43380 36.82970 36.43370 36.35320 34.87880 35.39320 34.46320 34.93470 36.44480 36.69580 37.66190 38.13470 38.95920 40.14430 41.45680 43.71980 45.46280 48.00260
-9999 -9999 -9999 33.98600 33.33220 33.22010 33.03940 32.62970 32.83530 33.29640 32.84310 32.70880 33.41000 33.27560 33.75560 33.82670 33.72330 33.25270 33.19460 33.17710 33.19160 33.46880 33.12360 32.29850 32.31200 31.56310 31.39970 31.41810 31.50270 31.42150 30.66280 31.34910 31.76440 32.13350 32.86850 33.00420 32.82520 35.26730 35.79160 38.41570 39.94150 41.13570 42.84290 44.56080 45.69890 45.77300 45.47290 44.37520 44.23370 43.15220 42.41930 41.32690 40.40700 38.93080 37.61060 37.55010 36.60710 36.07820 36.61110 36.31730 36.76010 38.15730 38.43920 38.73050 40.32260 41.12620 42.16140 43.19630 46.18510 48.89500 51.08910
-9999 -9999 -9999 32.68720 32.28170 32.33540 32.59440 32.23880 31.33950 31.07630 31.50370 32.13930 32.95110 33.03690 33.52760 33.14860 33.43860 32.77490 32.17240 31.55410 31.94100 31.76370 31.83420 32.11030 32.07380 31.16910 30.95980 30.62610 30.65600 31.91340 32.31100 32.25020 31.90990 32.03670 32.83760 32.53360 32.37380 33.84610 35.18330 37.13350 38.47070 40.69010 42.64480 44.42600 45.59330 45.69680 45.56420 45.05000 44.22820 43.05760 42.46020 41.26510 40.36700 39.52810 38.02900 37.81410 37.21810 36.86870 37.34670 37.27740 37.69050 38.93500 39.44000 40.39470 41.94550 43.50610 44.45850 46.31430 49.06640 51.13050 53.34180
-9999 -9999 -9999 31.82600 30.61490 32.33700 31.88340 31.97890 31.08800 30.76810 30.32770 30.44040 32.03110 32.62420 32.76740 32.36650 31.85040 32.61080 31.36600 30.83180 31.05470 32.06650 32.31940 31.80470 30.98100 29.88760 29.81210 29.35870 30.68620 31.76310 31.37300 29.63640 31.16110 32.20840 32.88700 33.29310 32.78180 32.40640 33.59670 35.51650 36.97230 39.31870 41.64550 43.15610 43.73760 44.83120 44.80070 43.90680 43.76050 43.29980 42.71880 41.95930 40.74200 39.58230 38.79830 38.41700 37.69600 37.43870 38.09950 38.92290 39.68990 40.09390 41.65600 42.66890 43.58630 45.93100 47.59610 49.38460 51.26350 53.85440 57.40130
-9999 -9999 -9999 30.42740 28.96670 30.23160 29.99470 30.35890 30.60330 30.11690 29.36580 30.24620 31.60190 32.13110 32.70370 31.90530 31.61050 30.59800 29.98270 29.09290 29.59890 30.12030 30.42320 29.39660 28.86110 28.12740 27.41580 28.02930 29.63880 30.37850 30.19590 29.98120 30.49540 31.00090 30.84300 31.33550 32.00690 32.15400 33.02920 34.51180 36.01370 37.82780 39.31890 39.99570 40.92590 41.71460 42.33930 42.93560 42.95950 42.53540 42.39720 41.23430 40.43480 39.84730 39.16910 39.16660 38.01220 37.67640 38.52350 39.96130 40.38670 41.30840 41.99610 44.63470 46.11000 48.17910 49.71440 51.16090 52.91470 55.62960 59.50350
-9999 -9999 -9999 -9999 29.99400 30.00870 29.79640 29.58480 29.67000 30.10140 28.82280 29.67800 32.18620 31.47110 -9999 -9999 -9999 -9999 -9999 30.41150 29.56120 28.46180 29.38620 29.58230 28.44290 27.45490 26.19940 26.73650 27.11060 27.56510 28.52660 28.30610 29.04670 29.24060 28.55520 28.97110 29.64810 30.15250 31.13180 32.44430 33.69260 35.08950 36.18470 37.47950 38.22400 39.10290 40.11720 41.34460 40.91390 41.03870 40.97450 40.64340 40.01970 39.88480 39.55290 38.77980 38.49170 38.76310 39.54540 40.10330 40.51330 41.74520 43.99290 45.99260 47.42180 49.38840 51.01150 52.86500 54.40430 -9999 -9999
-9999 -9999 31.00040 30.62580 29.71810 28.33770 28.33450 29.50740 28.19090 28.69250 28.11960 28.85100 31.21530 -9999 -9999 -9999 -9999 -9999 30.60940 28.37960 27.88290 25.64780 26.03340 26.99530 26.94290 26.28630 25.26310 25.05670 25.88240 26.35120 27.24010 27.34290 27.70360 28.74980 28.68530 27.69980 28.75160 29.56510 30.13250 31.60360 32.71800 33.31990 34.32350 35.49520 36.05570 37.16240 38.60210 39.44420 40.27860 40.01620 39.85470 40.12030 39.99500 39.38380 39.12460 38.58180 38.77070 39.24110 40.02870 40.19860 41.11060 43.17240 45.14400 46.25590 48.69790 51.00740 52.28030 -9999 -9999 -9999 -9999
-9999 -9999 31.31590 30.88670 28.83510 27.49980 26.96120 28.69450 28.16850 27.15640 28.24280 28.61120 28.25810 -9999 -9999 -9999 -9999 27.66200 28.62420 26.78180 25.72490 24.52390 24.52290 24.84520 24.53080 23.38220 24.24370 25.01610 25.14500 25.31570 26.14000 27.19580 27.10950 27.21770 27.56050 27.94330 28.29590 28.27640 29.93570 31.49980 31.52590 32.34700 33.41750 33.28570 34.55900 36.18650 37.33510 38.34320 38.53070 38.80100 38.50520 38.98570 38.99290 38.98200 38.68960 38.67760 38.96390 39.66120 40.66400 40.99270 41.75050 43.27760 44.57070 47.74560 49.70460 -9999 -9999 -9999 -9999 -9999 56.33450
-9999 -9999 32.05950 32.06570 30.60910 29.02230 28.09960 28.14310 28.30470 27.89880 29.45470 30.08090 26.66200 -9999 -9999 -9999 -9999 28.96430 28.41370 26.38960 24.80690 23.52780 22.92470 22.67090 23.19270 23.02510 24.88380 24.69690 25.11470 25.56380 25.64600 26.83900 27.02220 27.29670 27.18100 28.22320 27.93200 28.58900 29.13670 29.35320 30.42090 31.01990 31.75750 32.42110 33.79930 35.69930 36.69150 37.14340 37.44090 37.47700 37.26280 38.10490 38.64570 39.06990 39.04340 39.08340 39.57350 40.49990 41.21650 41.66660 42.32600 44.05740 45.03060 46.80340 47.75780 48.79750 50.76420 50.84830 51.48270 -9999 -9999
-9999 -9999 -9999 32.73510 31.58050 30.47860 28.71930 27.32070 28.45210 29.69860 28.12530 28.88680 -9999 -9999 -9999 -9999 27.81870 28.40730 26.02850 24.86190 23.72490 21.67340 22.14690 22.78390 23.11340 23.96680 24.92690 24.71040 25.38750 26.34490 26.08680 25.63150 25.94110 26.36070 27.52410 27.24720 27.04410 27.05110 27.90080 28.15110 29.01440 29.15930 30.10540 31.14230 32.55840 34.77740 35.71880 35.92900 36.05390 35.55860 35.96710 36.98370 37.41080 38.16840 38.56320 38.75500 39.28560 40.19900 40.58840 41.73930 42.75180 43.47610 43.68800 44.43780 44.14680 45.71390 47.07730 47.97900 48.42510 49.67280 -9999
-9999 -9999 -9999 -9999 32.78030 31.20000 29.70070 30.08650 30.40660 28.67050 26.69630 -9999 -9999 -9999 -9999 27.94790 28.46690 26.72440 24.70420 23.92180 22.63240 21.42310 21.34650 22.83130 23.68700 23.22710 24.08140 24.12920 25.10360 25.04550 25.44900 25.13230 25.24850 25.86090 26.99060 26.97400 27.07320 26.49830 27.18610 27.69760 28.60540 29.04250 29.66250 30.80240 31.94990 33.53560 35.10060 35.07480 35.36070 35.14020 36.01150 36.68810 37.69140 37.83440 38.25630 38.79530 39.53790 40.41060 40.86590 41.73800 41.77380 42.39120 42.87590 43.21320 43.63850 44.51780 45.28590 45.49890 45.30030 45.97540 47.22660
-9999 -9999 -9999 -9999 -9999 -9999 31.59400 30.68040 28.48570 27.53960 24.73620 -9999 -9999 -9999 -9999 -9999 27.47030 26.10080 24.87640 24.36180 23.07360 20.22450 21.78710 22.88860 23.20410 22.24340 22.69480 23.14210 23.44870 24.03600 24.75990 24.96820 24.51340 25.81800 26.64080 26.01870 26.49140 27.31140 26.89560 27.18910 27.70100 28.61110 29.53260 31.07220 31.98340 32.94490 33.87290 34.47600 35.71870 36.26160 36.19830 37.19290 37.63780 37.44030 37.64310 38.65360 39.40290 40.72170 40.83670 41.37230 41.74400 42.02160 42.31040 42.74800 43.08300 43.20010 43.67400 43.12670 43.28140 44.01500 45.36500
-9999 -9999 -9999 -9999 -9999 -9999 -9999 -9999 -9999 -9999 -9999 -9999 -9999 -9999 -9999 -9999 -9999 -9999 -9999 24.49750 23.62040 21.50920 21.49900 22.18470 22.75570 22.50840 23.85490 22.48410 22.53760 24.20260 24.86910 24.73220 24.97370 25.70640 25.81060 25.68790 25.79980 26.45500 26.84880 27.12500 27.63620 28.01420 29.04030 30.38840 32.04420 32.40790 33.47150 34.27450 35.60670 36.62760 37.69760 38.03710 37.59230 37.45030 37.48750 38.47470 39.18460 40.24370 40.37650 40.87950 41.05040 41.67080 42.06350 42.29290 42.58850 42.49150 42.21530 41.52170 42.08090 43.71350 45.05310
-9999 -9999 -9999 -9999 -9999 -9999 -9999 -9999 -9999 -9999 -9999 -9999 -9999 -9999 -9999 -9999 -9999 -9999 24.23980 24.00800 22.77200 22.08810 21.77960 21.53810 21.75870 22.60810 22.99830 23.30090 22.70390 23.48570 23.78460 24.62450 25.02270 24.66560 25.03460 24.80210 25.75920 26.33750 26.81120 27.01420 27.54070 28.45440 29.11550 30.00310 30.92930 32.64850 33.26940 33.32620 34.23910 36.57490 37.68250 37.97640 37.94710 38.06770 38.06360 38.59790 38.64440 38.92140 39.15320 40.25980 40.36390 40.89380 41.02270 41.68080 41.67220 41.62460 41.86180 41.46930 42.85770 44.44550 45.77560
-9999 -9999 -9999 -9999 -9999 -9999 -9999 -9999 -9999 -9999 -9999 -9999 -9999 -9999 -9999 -9999 -9999 24.89740 24.08390 23.06980 22.26880 22.39800 21.92170 21.81360 21.97620 22.62370 22.59630 22.85350 22.64750 23.53800 24.25900 24.60800 24.90350 24.21180 24.77740 25.32790 26.14310 26.34800 26.38650 26.51160 27.69880 28.38460 29.12690 29.62100 30.59850 31.54480 32.61130 32.99220 34.13930 35.91850 36.90640 37.41020 38.48680 38.42150 38.45020 38.33010 38.85140 38.91590 39.18100 40.13210 40.91160 41.29500 41.43470 41.45860 42.14610 41.72230 42.37920 43.13850 44.01620 45.35280 46.74000
-9999 -9999 -9999 -9999 -9999 -9999 -9999 -9999 -9999 -9999 -9999 -9999 -9999 -9999 -9999 -9999 -9999 23.90860 23.40580 24.25360 23.31940 23.13410 22.57230 22.32550 21.51670 22.02770 21.71030 22.27570 23.02520 23.26090 23.97040 23.68800 24.01910 24.41630 25.00110 25.91550 26.20760 25.90110 26.36790 26.30830 26.76950 27.57850 28.09900 28.73080 29.82450 29.33850 30.65600 32.13650 33.32060 35.47970 36.64630 37.14030 37.82990 38.88660 39.23160 39.19020 38.66950 38.94130 39.54160 39.85080 40.22220 41.05160 41.38530 41.87360 42.24330 42.55740 43.44770 43.91570 45.12800 46.10290 48.22480
-9999 -9999 -9999 -9999 -9999 -9999 -9999 -9999 -9999 -9999 -9999 -9999 -9999 -9999 -9999 -9999 23.72860 23.40740 22.99020 23.50790 22.98270 22.67060 22.82380 22.24670 20.34210 21.80200 21.45050 20.79520 21.64380 22.58950 23.15260 23.43730 23.93270 24.11070 24.83590 25.45100 25.72360 26.06090 26.19550 26.42430 26.24040 27.39430 28.03880 28.85710 29.19640 29.59310 30.05410 31.68150 32.66840 35.39890 36.32940 36.71730 37.61080 37.98280 38.88150 39.04640 39.00750 39.06190 39.40570 39.79750 40.28600 41.59830 41.88030 42.12860 43.05070 44.09970 44.79500 45.50110 46.54180 47.86120 49.79330
-9999 -9999 -9999 -9999 -9999 -9999 -9999 -9999 -9999 -9999 -9999 -9999 -9999 23.34190 23.80580 23.10260 23.36580 23.98170 22.49790 21.19950 22.09680 22.87340 23.05660 23.45220 23.14530 21.16490 21.47280 20.68820 21.03940 21.40640 21.92630 23.15560 23.80270 24.06440 24.45620 25.72240 25.83320 25.41830 26.09080 25.74590 26.32650 26.15440 26.89390 27.58540 28.53710 29.75820 30.77640 31.15520 32.38260 33.60260 34.91920 36.95120 37.67860 37.95330 39.01700 38.94980 39.01400 38.92360 39.50160 40.30990 40.82110 41.74470 42.58610 43.66600 44.90680 45.97980 46.72150 48.02130 48.95290 50.48650 51.83530
-9999 -9999 -9999 -9999 -9999 -9999 -9999 -9999 -9999 -9999 -9999 -9999 22.77320 22.50070 22.70120 22.29020 22.10740 22.43120 22.32560 20.22740 21.54660 22.08650 22.31960 22.86850 22.89730 20.44490 20.36490 20.38720 20.87600 21.05270 21.57020 22.43700 22.82280 23.97080 24.06960 24.81420 25.45830 25.39130 26.36100 25.51590 26.10990 25.91540 26.18970 27.09240 28.76780 29.87840 30.48370 31.63860 32.19360 33.47470 34.55190 36.40990 37.39650 37.32460 38.55550 39.07590 38.80900 39.18350 39.86020 40.62680 41.32850 42.31960 43.41820 45.26360 46.80940 47.89770 48.96870 50.21230 51.30810 52.33610 53.28440
-9999 -9999 -9999 -9999 -9999 -9999 -9999 -9999 -9999 -9999 -9999 25.17100 24.32760 23.93620 22.71580 21.67360 21.30730 21.63000 21.43090 21.61650 21.67420 20.76060 21.37290 21.79710 21.86180 21.83530 21.65360 20.49070 20.22960 20.69410 21.51800 21.87480 22.66500 23.11770 23.80840 25.12110 26.14300 26.10870 25.85260 25.98730 25.80920 26.79480 27.10810 26.88640 28.31640 30.06980 31.04370 31.68120 32.43060 33.03850 34.35810 35.49930 36.56660 36.81430 37.50590 37.90830 38.58570 39.14240 39.78840 41.17310 42.67610 43.40720 44.75940 46.27790 48.09580 49.41610 50.10630 51.55000 52.45250 53.26150 54.58190
-9999 -9999 -9999 -9999 -9999 -9999 -9999 -9999 -9999 -9999 24.42670 24.87920 23.92020 23.91190 22.82340 21.68850 21.26260 21.46470 21.85490 22.28370 21.31290 20.56320 21.07720 21.14760 21.80780 21.79420 21.99550 19.97840 19.61910 20.90980 20.83700 21.17060 21.83730 22.64890 24.12050 25.61290 26.47330 26.77330 26.26420 26.37780 26.48310 26.67950 26.93850 27.67710 28.25080 29.46260 30.95140 31.54390 32.75350 33.59550 34.31600 35.65090 35.55720 36.24770 36.62800 37.02010 37.97800 38.63420 39.90350 41.55730 43.03700 43.97310 45.40000 46.75490 48.24970 49.82740 51.29870 52.70070 53.55140 54.26760 55.94620
-9999 -9999 -9999 -9999 -9999 -9999 -9999 -9999 -9999 21.45560 21.44220 21.98150 22.49380 22.91860 22.62580 22.26540 21.92980 20.91550 20.11150 20.20530 20.35210 20.77770 20.99680 20.60180 20.53050 20.38780 20.38310 20.31770 20.58430 20.88240 20.58950 22.59500 23.46660 25.41080 26.85560 26.84040 27.00310 27.05510 26.69380 25.50580 25.49730 25.75620 26.30270 27.99290 28.81370 29.22890 30.12680 32.09880 34.19780 35.35510 35.95060 35.39780 36.04130 36.31970 36.51600 37.15330 37.93080 38.98880 40.56090 41.59370 43.25260 44.33970 45.39740 47.00890 47.85400 49.57880 51.30480 53.01700 54.30380 55.36880 57.38720
-9999 -9999 -9999 -9999 -9999 -9999 -9999 -9999 -9999 -9999 20.33730 20.27610 20.92570 20.84680 20.05680 20.66930 20.83060 20.47940 20.09490 20.12080 20.10520 20.30610 20.33450 -9999 -9999 -9999 -9999 -9999 -9999 21.03690 20.88860 22.77660 23.78860 25.08640 26.93510 26.38010 27.32160 26.76470 26.81400 26.25800 25.70140 26.20640 26.91100 28.68840 28.76980 29.86130 30.78510 32.75270 34.30850 35.51790 36.20510 36.04420 35.51000 36.50380 36.49950 36.69750 37.85920 39.35390 41.04140 42.03660 43.60030 44.88920 45.39310 47.13330 48.37210 49.92560 51.83710 53.56520 54.08740 55.92640 57.39090
-9999 -9999 -9999 -9999 -9999 -9999 -9999 -9999 -9999 -9999 -9999 -9999 19.82580 19.83640 19.95580 17.72630 17.99430 18.03860 18.13180 -9999 -9999 -9999 -9999 -9999 -9999 -9999 -9999 -9999 -9999 -9999 -9999 -9999 -9999 24.30330 26.44170 26.90060 27.48960 26.40390 25.94990 25.72980 26.23310 27.07770 28.27700 28.69130 29.24760 30.07560 31.22220 32.80250 33.87910 36.26840 36.56320 37.23920 37.00730 37.18840 37.30970 37.16690 38.58670 39.53250 41.14190 42.80640 44.18030 45.71900 46.43640 47.10710 49.36070 51.15990 52.64580 54.52660 55.84560 58.05910 59.44920
-9999 -9999 -9999 -9999 -9999 -9999 -9999 -9999 -9999 -9999 -9999 -9999 -9999 -9999 -9999 -9999 -9999 -9999 -9999 -9999 -9999 -9999 -9999 -9999 -9999 -9999 -9999 -9999 -9999 -9999 -9999 -9999 -9999 -9999 26.02780 27.01730 25.92310 25.96950 26.10070 25.42250 27.06230 28.42510 29.29990 29.83730 30.19090 31.57760 32.43850 33.26470 34.79320 36.24790 36.70700 37.77470 37.81980 38.54120 38.68160 38.77460 39.45470 40.77570 41.94320 43.69370 45.31500 46.26990 47.63790 48.65260 50.32200 51.46050 52.92190 54.74250 56.06890 58.10920 61.70010
-9999 -9999 -9999 -9999 -9999 -9999 -9999 -9999 -9999 -9999 -9999 -9999 -9999 -9999 -9999 -9999 -9999 -9999 -9999 -9999 -9999 -9999 -9999 -9999 -9999 -9999 -9999 -9999 -9999 -9999 -9999 -9999 -9999 -9999 23.87490 25.77130 27.00530 25.63540 24.88840 25.33870 26.81260 28.00390 28.97910 30.56890 31.44870 32.69370 32.92200 34.44600 35.66870 36.40650 36.94840 37.13700 37.63590 38.56130 38.97580 38.18360 39.48710 40.82390 41.97590 44.07450 45.99310 47.40560 48.22630 50.04550 51.09090 52.82450 54.00830 54.92850 56.32290 59.22920 -9999
-9999 -9999 -9999 -9999 -9999 -9999 -9999 -9999 -9999 -9999 -9999 -9999 -9999 -9999 -9999 -9999 -9999 -9999 -9999 -9999 -9999 -9999 -9999 -9999 -9999 -9999 -9999 -9999 -9999 -9999 -9999 -9999 -9999 -9999 -9999 -9999 -9999 -9999 25.73220 26.49730 27.17150 28.43430 30.04320 31.43850 32.51900 33.44100 34.32370 35.70950 36.38230 36.69860 36.41980 36.69230 36.87560 38.19740 38.54180 38.74210 40.05910 41.48390 42.08810 44.48870 46.88330 47.96920 48.95950 50.59730 51.68270 53.00340 54.53730 55.66470 58.66790 -9999 -9999
