data/hydroclimate-scenarios/1948-2000.Pcorr55N_Pref_Tref/monthly_summaries/rh_monthly_avg_mar.1950-2000.asc
ncols	311
nrows	91
xllcenter	102.75
yllcenter	31.75
cellsize	0.5
NODATA_value	-9999
[rows 32 to 63 of 91, columns 0 to 70 of 311]
-9999 -9999 -9999 -9999 -9999 -9999 -9999 -9999 -9999 -9999 -9999 36.87180 37.40080 38.00770 38.46320 39.35240 39.88490 39.86370 40.58820 41.05570 41.09410 41.50420 41.66880 41.40940 41.22570 41.00260 40.45860 40.00820 39.43910 39.48160 39.40180 39.69600 40.53240 41.63430 42.72950 44.76120 45.82770 46.33590 46.55790 47.25930 47.38170 48.13690 48.67180 47.96240 47.96290 47.46850 47.81220 47.56620 47.17620 46.47030 45.77300 44.79550 44.07450 43.09300 41.90170 41.09280 40.12660 39.92480 38.85830 38.17810 37.63790 36.85610 36.74130 36.45570 36.60730 37.37040 37.59400 37.50820 37.96900 37.79310 38.37500
-9999 -9999 -9999 -9999 -9999 -9999 -9999 -9999 -9999 -9999 -9999 37.25280 37.46350 38.12530 38.72770 39.31090 39.79300 40.21580 40.81640 41.09490 41.39980 41.58310 41.77930 41.78280 41.30500 40.46400 39.97260 38.94170 38.97760 39.32640 39.11550 39.38020 39.93130 40.94060 42.29380 44.31380 45.45570 45.94730 46.03440 46.77680 47.51420 48.10090 48.45270 48.82420 49.12630 48.79950 48.95020 48.34950 47.85760 47.23020 46.38730 45.40410 44.72690 43.49430 42.63540 41.62030 41.00610 40.28000 39.60530 38.49090 38.21500 37.30130 37.40110 36.97870 37.35480 37.99450 38.50380 38.61500 39.02180 39.32520 39.90930
-9999 -9999 -9999 -9999 -9999 -9999 -9999 -9999 -9999 -9999 -9999 -9999 37.77030 38.07950 38.41980 39.29680 39.62000 40.18400 40.68000 41.12070 41.39610 41.58810 41.50690 40.98650 40.63320 39.52490 38.76880 38.22610 38.17930 38.21720 38.12880 38.77960 39.44870 40.04020 41.02330 42.34110 43.59920 44.58360 45.07510 45.87470 46.84360 47.98100 48.73020 49.03680 49.74480 50.02550 49.75980 49.57130 48.97110 47.67270 46.56550 45.88710 44.80880 43.71670 42.68430 42.13940 41.21850 40.54300 39.79670 39.29940 38.62740 38.35310 38.07070 37.69220 38.26150 38.79650 39.60490 39.84470 39.99060 40.91390 41.79670
-9999 -9999 -9999 -9999 -9999 -9999 -9999 -9999 -9999 -9999 -9999 -9999 37.42870 38.10490 38.74240 39.05510 39.76160 40.08130 40.65710 41.08820 41.31630 41.19950 41.03400 40.33350 39.37210 39.08290 37.93990 36.98610 36.83250 36.29110 36.47840 36.47750 37.44480 38.20550 39.35800 40.41220 41.65930 43.30210 44.23100 45.08830 46.55010 47.86540 48.49490 49.72050 51.12310 51.76740 51.62170 50.82170 49.38000 48.13840 46.89250 45.62460 44.86390 43.43430 42.71380 42.15110 41.36960 40.88790 40.23140 39.72220 39.24930 38.50010 38.46600 38.38780 38.38460 39.15140 40.23020 41.01790 41.78180 42.78890 43.11810
-9999 -9999 -9999 -9999 -9999 -9999 -9999 -9999 -9999 -9999 -9999 -9999 37.60630 38.18250 38.53080 38.95410 39.63750 39.68300 40.00600 40.76900 41.41950 40.96300 40.77890 39.83110 38.74290 37.70310 36.84930 36.19600 35.53660 35.31080 34.69580 35.08590 35.75300 36.33670 37.51300 38.78700 39.28230 41.15130 42.32970 43.80980 44.97270 46.76230 48.21130 50.56770 52.06950 53.57540 52.65650 51.32010 49.77500 48.52020 47.07520 45.89440 44.71370 43.59060 42.86380 42.33140 41.70350 40.79760 40.07180 39.75110 39.47850 39.02250 39.13220 38.96150 39.33850 40.21190 41.33820 42.43200 43.42380 44.60670 45.71990
-9999 -9999 -9999 35.66260 35.50200 35.28840 35.75890 36.09350 36.13410 -9999 36.78020 37.45550 38.12610 38.21370 38.71980 38.45960 38.95570 39.13280 39.33360 39.65870 40.67420 40.79950 40.09300 39.66750 38.62410 37.18960 36.21200 35.12070 33.79820 32.14690 32.81300 33.04550 33.23370 32.80640 34.70650 36.37830 37.00150 38.89500 40.05180 41.91770 43.58690 45.74850 47.63820 49.70220 51.12070 52.34730 51.55610 50.74820 49.46070 47.81680 46.32660 45.18990 43.75060 42.62980 41.68480 40.67870 39.95500 39.89400 39.28110 39.09470 39.24590 39.62150 39.37720 39.54850 40.66040 41.67530 42.87770 43.92980 45.07170 46.49080 47.64760
-9999 -9999 -9999 35.42080 35.14040 35.10340 35.54700 35.87490 36.39070 37.03020 37.73640 38.17750 38.17710 38.35190 38.34400 38.06400 38.02230 37.66690 37.78300 38.04890 38.99120 38.88690 39.50820 39.32740 38.01550 36.92550 35.14880 33.51120 31.81420 30.57920 30.61370 29.74600 30.67960 30.89100 32.14320 33.60490 33.84350 35.62070 38.13020 39.32670 41.53400 44.12340 46.25350 48.32570 49.70810 50.23610 50.03680 49.73910 48.02610 46.86470 45.67420 44.00460 43.03600 41.83860 41.45360 40.49370 40.22620 39.68860 38.93170 38.77850 38.60420 39.25110 39.50030 40.29980 41.58410 42.99390 44.14010 45.31330 46.97590 48.09710 49.01540
-9999 -9999 -9999 34.85810 34.23740 34.63860 35.32780 35.87670 35.89820 36.71360 37.14580 37.73450 37.78620 37.73440 37.36640 37.30300 37.28890 36.98560 37.11050 37.08350 37.37940 36.82580 37.06740 36.77420 35.51750 34.24970 33.17940 31.93880 30.78400 28.96890 28.17340 27.59100 28.24090 28.87190 29.48260 30.68150 32.14820 33.39780 35.62380 37.19340 39.07000 41.78960 44.27690 46.85460 48.82670 49.23160 49.28970 47.89520 46.90390 45.14360 43.82280 43.58190 42.26260 41.17240 40.20910 39.48290 39.45870 39.21650 38.76930 38.20990 38.72590 39.22860 39.96630 40.76910 42.20800 43.70680 45.15160 46.19370 47.47100 48.60230 49.81730
-9999 -9999 -9999 34.61380 34.66350 35.38430 36.42610 36.67300 36.26030 36.77390 37.23650 37.49700 37.15300 36.83810 37.06710 36.82620 36.09780 35.52420 35.10490 34.86270 34.15900 33.46480 32.84080 33.23280 32.47830 31.94460 31.17120 29.30080 27.93770 27.67060 27.32770 26.44450 26.55140 27.04230 27.87420 29.09410 30.40630 31.79990 32.61870 34.61890 36.41800 38.33050 40.62000 43.18840 45.79060 46.62190 46.14650 45.91470 44.43180 44.06100 42.68580 42.02240 40.78140 39.26050 39.08490 38.76460 38.38590 37.95400 37.88740 37.79970 37.85020 39.18750 40.36890 41.36310 42.61660 44.32410 45.87180 46.64180 47.95150 49.50930 52.33320
-9999 -9999 -9999 33.84400 33.72910 34.50220 34.55510 35.32620 35.72670 36.53110 37.17790 36.96770 36.90280 36.54870 36.18040 35.84650 34.94800 34.11770 34.14480 33.62420 32.44700 31.20350 30.51780 31.35060 31.05460 30.45160 29.80140 28.33440 27.69470 26.97290 26.31680 25.91230 25.99270 26.18560 26.68860 27.33900 28.14420 28.98870 30.66490 32.36320 33.80440 35.49680 37.41310 39.21210 41.24720 42.24610 42.89870 42.51920 42.03270 41.72610 40.64340 39.77270 38.93200 37.98480 38.01740 37.57230 36.85030 37.02020 37.04310 36.82880 37.70240 38.84290 39.60420 41.49000 42.59440 44.80250 46.06070 47.01970 48.38580 50.93140 53.50390
-9999 -9999 -9999 -9999 33.26730 33.57250 33.97730 34.57230 35.36990 36.33260 37.01610 37.49730 36.74680 37.27660 -9999 -9999 -9999 -9999 -9999 30.65760 29.61880 28.53010 28.54230 28.09890 27.87190 27.88700 27.67880 27.13560 26.33500 25.97740 25.69130 25.61760 25.71220 25.72660 26.11770 26.91480 27.04330 28.25500 28.46190 30.07170 31.34380 32.72390 33.84300 35.03500 36.67370 37.23030 37.82740 38.66180 38.57620 38.07750 38.19000 37.41900 36.76660 36.27350 35.91260 35.38490 35.17490 35.44010 35.80930 36.50480 36.60220 37.64270 39.17480 40.81050 42.45830 43.94600 46.04150 48.13860 50.07090 -9999 -9999
-9999 -9999 34.02340 33.82050 32.76220 32.86230 33.47290 34.60180 34.79800 36.16870 36.63030 37.50620 36.99150 -9999 -9999 -9999 -9999 -9999 30.11700 28.88320 27.85350 26.93910 26.79250 27.07320 26.80710 26.65120 26.57440 26.36860 26.07730 25.60350 25.40650 25.44440 25.34640 25.45420 25.65400 25.87460 26.05200 26.36610 26.57120 27.87360 29.16260 29.53330 30.52710 31.75570 33.00670 33.54220 34.58010 35.46920 35.93850 36.35650 35.70110 35.38580 35.57320 35.78730 34.53760 34.80000 34.62940 34.90470 35.15210 35.87010 36.09460 37.63290 39.43950 40.68630 42.50690 44.39140 46.29860 -9999 -9999 -9999 -9999
-9999 -9999 34.70850 34.02670 32.86810 32.42480 33.03340 34.10450 34.55010 35.69510 36.89110 37.75400 38.22540 -9999 -9999 -9999 -9999 31.85380 29.09960 27.95290 26.79720 25.77700 26.02100 25.87410 25.93240 25.90500 25.93660 26.04870 25.81160 25.38170 25.21410 25.13550 24.97170 24.74990 24.92910 25.05470 25.50460 25.20520 25.52140 25.79640 26.18470 26.99350 28.14260 29.07190 30.09330 31.73880 32.69820 33.03540 33.35940 33.93900 33.94180 34.02850 34.02290 34.10170 33.55860 34.03750 33.88920 33.64220 34.60410 34.75940 35.83470 36.69770 38.11110 40.66490 42.55810 -9999 -9999 -9999 -9999 -9999 52.70470
-9999 -9999 35.71610 34.89030 33.82410 33.07150 33.22910 34.70540 35.31480 36.25670 36.90860 38.10110 36.05980 -9999 -9999 -9999 -9999 29.92310 28.59780 27.03770 26.39250 25.60720 25.45720 25.47480 25.62350 25.42460 25.69090 25.78820 25.74930 25.62980 25.32840 25.08730 24.81270 24.52730 24.51340 24.28730 24.37210 24.20190 24.05730 24.06870 24.63740 25.69270 26.44470 27.14020 28.70840 29.90550 30.61740 31.33790 31.45170 31.61310 31.87380 32.45240 32.46990 32.29420 32.38890 32.45350 32.96740 33.38020 34.47970 35.08200 35.80560 36.93070 38.09380 39.15230 39.84620 41.26290 43.67670 44.93190 47.05760 -9999 -9999
-9999 -9999 -9999 36.46480 34.90430 34.54360 34.03980 34.49640 35.79630 36.82410 37.45580 36.52280 -9999 -9999 -9999 -9999 31.10840 29.37000 27.74140 26.65620 25.69150 24.84290 25.10750 24.98940 25.08000 25.12070 25.53650 25.85390 25.64440 26.09220 25.51470 24.99550 24.52040 24.20590 24.23150 23.82920 23.46110 23.26570 23.02630 22.66030 23.19870 23.98770 24.67190 25.85880 27.31260 28.72900 29.89800 30.79580 30.37610 30.48960 30.83940 30.98220 31.05540 30.88010 30.70060 30.93330 31.44580 31.72770 32.62960 33.76690 34.69360 35.86110 36.26540 36.30670 37.09020 39.18010 41.12590 42.74360 44.76140 45.76730 -9999
-9999 -9999 -9999 -9999 36.84760 35.97540 35.11810 35.94810 36.31920 37.13600 33.74510 -9999 -9999 -9999 -9999 33.82030 31.31780 29.30310 26.89720 25.96530 25.22500 24.53930 24.63040 24.70020 25.00710 24.89870 25.33290 25.46230 25.78930 25.81670 25.84950 25.00330 24.59970 24.28950 24.21590 23.63140 23.46260 22.97650 22.49000 21.87280 22.41410 23.52120 24.11560 24.88810 26.32090 27.36990 28.44440 28.99790 29.31770 29.75440 30.10290 30.44760 30.41380 30.18830 29.75250 30.43600 31.56520 31.16760 31.54510 32.53820 32.96100 33.93800 34.43070 35.04570 36.01030 37.83010 39.63410 40.95070 41.93370 43.87620 45.65330
-9999 -9999 -9999 -9999 -9999 -9999 36.97450 37.75700 34.01080 33.40620 35.37380 -9999 -9999 -9999 -9999 -9999 31.61180 28.34650 26.62360 25.54700 24.90870 23.90040 24.62820 24.62290 24.82230 24.89110 25.07020 25.30530 25.51530 25.81360 25.86130 25.37340 24.94210 24.66460 24.54670 23.71070 23.28420 22.62580 22.02960 21.95750 22.21410 22.93580 23.59750 24.14580 25.49720 26.26260 27.39910 28.02800 28.90660 29.39920 29.59010 29.88700 29.88180 29.83440 29.25940 29.78520 30.13880 30.99140 31.45970 31.78540 32.39520 32.35680 33.44030 34.10730 35.48360 36.64270 38.13970 39.01420 40.37910 42.32370 44.55670
-9999 -9999 -9999 -9999 -9999 -9999 -9999 -9999 -9999 -9999 -9999 -9999 -9999 -9999 -9999 -9999 -9999 -9999 -9999 25.19480 24.66190 23.66780 24.35040 24.39960 24.74180 24.86440 25.34180 25.26860 25.59890 26.38230 26.21640 25.76750 25.34260 24.75540 24.47890 23.55360 23.23380 22.32240 21.90190 22.13910 22.19170 22.50970 23.03720 23.72290 24.84430 25.87930 26.88770 27.48940 28.32530 29.29900 29.68040 29.92840 29.87340 29.46640 28.71470 29.27750 29.95300 30.68300 30.97240 31.50740 31.53270 32.13760 33.07530 34.16550 34.99350 36.87920 37.37340 38.09160 39.22850 41.65070 44.28230
-9999 -9999 -9999 -9999 -9999 -9999 -9999 -9999 -9999 -9999 -9999 -9999 -9999 -9999 -9999 -9999 -9999 -9999 25.72500 24.86220 24.45780 23.80150 24.16970 24.19400 24.58360 24.62410 24.81950 25.47060 25.94960 26.09760 26.19330 26.03000 25.68560 24.93860 24.48830 23.74560 23.15730 22.51710 22.18150 22.27000 22.30020 22.10780 22.67560 23.56380 24.36130 25.28190 26.03420 27.45070 28.02560 28.89690 29.53960 29.90630 30.11470 29.50290 29.13260 29.44680 30.10960 30.00320 30.13480 30.71830 31.58590 31.80710 32.73080 34.46110 35.17840 36.54780 38.00030 38.78670 40.94670 43.55790 46.00800
-9999 -9999 -9999 -9999 -9999 -9999 -9999 -9999 -9999 -9999 -9999 -9999 -9999 -9999 -9999 -9999 -9999 26.19320 25.18720 24.26510 23.99170 23.75590 24.14160 24.14630 24.53220 24.77920 24.95830 25.66940 26.22330 26.32250 26.39490 26.20140 26.15510 25.48720 25.08070 24.36780 23.76240 22.71430 22.14450 22.26890 22.38620 22.19400 22.81810 23.44340 24.20300 24.96020 26.14530 26.93700 28.35240 29.27660 30.06230 30.45140 30.54220 30.00510 29.64100 29.56000 29.85380 29.39170 30.09450 30.77580 32.18710 32.53930 33.44920 34.60960 36.23820 36.93850 38.50090 40.76950 42.77970 44.88530 46.63730
-9999 -9999 -9999 -9999 -9999 -9999 -9999 -9999 -9999 -9999 -9999 -9999 -9999 -9999 -9999 -9999 -9999 24.97400 23.97610 23.93690 23.63830 24.32130 24.45280 24.02550 24.38780 24.91350 25.10850 25.79230 25.86350 26.57460 26.71180 26.66380 26.47460 26.09370 25.53300 25.23540 24.32470 23.35050 22.91400 22.62890 22.79790 22.74220 23.03950 23.27980 24.13030 24.69000 26.00690 27.29760 28.10670 29.60900 30.27800 30.92000 30.63890 30.88450 31.03210 30.46920 29.52020 29.97620 30.97200 31.40720 32.00260 32.90850 34.67090 35.48340 36.65820 38.68840 40.07670 41.74980 43.43330 44.72910 47.39890
-9999 -9999 -9999 -9999 -9999 -9999 -9999 -9999 -9999 -9999 -9999 -9999 -9999 -9999 -9999 -9999 24.68990 24.01750 23.53210 23.45400 23.60980 24.36710 24.60750 24.18080 24.13650 25.05060 25.39780 26.14820 25.95790 26.99670 26.95660 26.92930 26.96610 26.72590 26.30690 25.78210 25.06490 24.06290 23.51050 23.27500 22.86050 22.72490 23.22730 23.32790 24.14990 24.99130 25.55390 26.84130 27.98630 29.82610 30.64460 30.75340 30.92510 30.79720 31.18970 30.83330 30.65980 30.28680 31.38830 32.07150 32.64520 34.57230 35.79440 36.46460 38.35800 40.80040 42.47030 43.56400 45.36360 46.78250 48.98320
-9999 -9999 -9999 -9999 -9999 -9999 -9999 -9999 -9999 -9999 -9999 -9999 -9999 25.23430 24.69440 24.17080 23.79160 24.04420 23.56860 23.03440 23.40050 24.25870 24.50770 24.94270 25.32490 25.06760 26.07590 26.45870 26.43800 26.55010 26.77660 26.99180 27.30840 27.08410 26.97020 26.60450 25.72710 24.90580 24.39770 23.76860 23.42860 22.78490 22.73550 23.54330 24.58020 25.30570 25.96110 26.38080 27.15330 28.12460 29.05010 29.34100 30.34480 30.73230 32.12500 32.29660 31.93090 31.24000 31.41140 32.62030 33.28820 34.78170 37.07620 38.31250 40.47290 43.12600 45.35180 46.33680 47.16860 49.16050 50.69140
-9999 -9999 -9999 -9999 -9999 -9999 -9999 -9999 -9999 -9999 -9999 -9999 25.02840 24.32220 23.95520 23.36700 23.19310 23.29450 23.53600 22.83100 23.59890 24.09610 24.60760 24.85950 25.44180 25.15010 25.54590 26.28340 26.53900 26.91030 27.17360 27.02460 27.34170 27.58900 27.99830 27.19400 26.80390 26.13560 25.96600 25.12380 24.35750 23.17510 22.53980 23.32400 24.87240 26.08920 26.57810 26.28400 26.28660 26.38840 27.55870 28.11930 28.69630 30.44300 31.79570 33.22190 32.33610 31.10490 31.85110 32.81940 34.22280 36.53110 38.32770 40.72070 43.55690 46.70140 48.12400 48.36030 49.57930 50.80530 51.96640
-9999 -9999 -9999 -9999 -9999 -9999 -9999 -9999 -9999 -9999 -9999 25.36180 24.51960 24.00900 23.40600 22.55520 22.34280 22.35760 22.44950 22.55910 23.23330 23.83200 24.65620 25.05430 25.60700 25.95720 26.27940 26.67670 27.19270 26.78690 26.95840 27.21040 27.36900 27.69880 27.86450 27.73220 27.48870 27.10040 27.17110 26.40030 25.05200 24.06010 23.47740 24.04600 24.99400 25.98370 26.40580 26.49850 26.59220 26.36540 26.71370 27.65730 27.84530 28.85350 29.84720 30.90630 31.74840 31.72150 33.39770 33.48680 35.37800 37.75820 40.80470 43.11530 46.44930 49.14330 49.30010 49.22600 49.45470 50.64240 53.05590
-9999 -9999 -9999 -9999 -9999 -9999 -9999 -9999 -9999 -9999 24.67730 24.60900 23.64450 23.36250 22.59540 21.81990 21.40320 21.69480 22.08270 22.50780 23.35600 24.05670 24.79870 25.11610 25.45990 25.88090 26.28480 26.76230 26.96420 26.61460 26.74630 26.82180 27.03580 27.08860 27.33720 27.69410 27.50630 27.29450 27.12340 26.65940 25.50900 24.73690 24.25580 24.89020 25.31110 25.91680 26.86250 26.69890 26.70180 26.62420 26.35760 26.54670 26.65430 27.59540 29.13900 30.01430 31.46780 32.06610 33.97200 34.43120 36.22940 38.38400 41.59650 43.99920 46.35480 49.37870 50.40600 49.67810 50.51900 51.95460 54.44260
-9999 -9999 -9999 -9999 -9999 -9999 -9999 -9999 -9999 23.81100 23.48280 23.50020 22.83080 22.14880 21.69080 21.13630 20.58690 20.85680 21.34060 22.50980 23.22230 24.09350 24.48090 24.80100 25.47110 25.93140 25.98600 26.37760 26.45650 26.81110 27.09390 26.30700 26.71300 27.18410 27.44750 26.74650 26.93750 26.74150 26.44310 25.94830 25.38820 24.92180 24.85470 25.11410 25.42060 26.07740 26.59120 27.09290 27.31920 26.81730 26.69240 26.20700 26.62980 27.46140 28.38390 29.61050 31.49880 33.63720 33.92410 34.62290 36.55580 38.44680 40.55170 43.66670 45.10380 47.00140 48.17160 49.61050 51.11640 52.24210 54.32430
-9999 -9999 -9999 -9999 -9999 -9999 -9999 -9999 -9999 -9999 22.93370 23.06040 22.80940 22.03140 21.25500 20.73170 20.33700 20.40920 21.08220 22.36470 23.21490 23.80960 24.48280 -9999 -9999 -9999 -9999 -9999 -9999 26.20450 26.25810 25.54500 25.85610 26.32100 26.68020 25.80500 26.16300 26.22710 25.91330 25.82120 25.18650 25.07310 25.01810 25.41190 25.53800 25.93620 26.56560 26.88820 27.36080 26.90560 26.61040 26.68960 26.28800 27.18820 28.66930 29.44580 31.69270 33.22280 33.63790 35.04640 36.88050 38.52000 40.71740 43.00730 44.71340 45.77460 48.35500 50.05470 52.25830 53.70250 55.69690
-9999 -9999 -9999 -9999 -9999 -9999 -9999 -9999 -9999 -9999 -9999 -9999 22.84300 22.27090 21.70270 20.35250 19.92170 20.43560 21.17360 -9999 -9999 -9999 -9999 -9999 -9999 -9999 -9999 -9999 -9999 -9999 -9999 -9999 -9999 25.02920 25.69460 25.37970 25.73990 25.24090 25.21850 25.02780 24.96930 25.00190 24.98080 25.20330 25.23500 25.52770 26.26920 26.73440 26.79350 27.93960 27.42620 26.62370 26.66210 26.66840 27.96280 29.27250 30.86030 32.17080 34.30690 35.83300 37.26020 40.42090 41.55410 41.99770 44.04670 46.39320 48.29050 50.56560 52.63590 55.35520 56.86630
-9999 -9999 -9999 -9999 -9999 -9999 -9999 -9999 -9999 -9999 -9999 -9999 -9999 -9999 -9999 -9999 -9999 -9999 -9999 -9999 -9999 -9999 -9999 -9999 -9999 -9999 -9999 -9999 -9999 -9999 -9999 -9999 -9999 -9999 24.71990 25.10740 24.73720 24.91720 24.84430 24.71780 24.81680 24.88320 24.92500 25.15860 25.36390 25.40650 26.03770 26.45390 26.87790 27.45300 27.19140 27.12460 26.92820 27.36430 28.21650 30.04610 30.66240 32.38380 34.49810 37.01950 39.40220 41.11870 43.00820 43.73910 44.55630 46.30810 48.38300 50.90790 53.86620 55.86410 59.96530
-9999 -9999 -9999 -9999 -9999 -9999 -9999 -9999 -9999 -9999 -9999 -9999 -9999 -9999 -9999 -9999 -9999 -9999 -9999 -9999 -9999 -9999 -9999 -9999 -9999 -9999 -9999 -9999 -9999 -9999 -9999 -9999 -9999 -9999 24.12110 24.17330 24.82410 24.39480 24.19110 24.72480 24.81110 25.42790 25.37110 25.51870 25.69470 26.08730 25.99970 26.73130 27.71550 27.06330 27.21580 26.80170 27.74270 27.20540 28.22310 28.48690 30.32680 33.61990 35.41470 38.34480 40.70990 42.67620 44.06820 44.87290 45.35590 46.77560 48.68530 51.47810 54.30850 57.50140 -9999
-9999 -9999 -9999 -9999 -9999 -9999 -9999 -9999 -9999 -9999 -9999 -9999 -9999 -9999 -9999 -9999 -9999 -9999 -9999 -9999 -9999 -9999 -9999 -9999 -9999 -9999 -9999 -9999 -9999 -9999 -9999 -9999 -9999 -9999 -9999 -9999 -9999 -9999 24.14990 24.55430 24.81820 25.17120 25.70580 25.77090 26.03320 25.94630 26.35380 27.07970 26.99180 27.18840 26.59770 26.35130 26.57680 26.78760 27.49560 28.33620 29.91030 34.30500 36.83600 40.51580 42.85640 43.51130 44.13060 44.85290 46.21780 47.43470 49.83540 52.32210 55.87550 -9999 -9999
