data/hydroclimate-scenarios/1948-2000.Pcorr55N_Pref_Tref/monthly_summaries/rh_monthly_avg_feb.asc
ncols	311
nrows	91
xllcenter	102.75
yllcenter	31.75
cellsize	0.5
NODATA_value	-9999
[rows 0 to 31 of 91, columns 71 to 141 of 311]
-9999 -9999 -9999 -9999 -9999 -9999 -9999 -9999 -9999 -9999 -9999 -9999 -9999 -9999 -9999 -9999 -9999 -9999 -9999 -9999 -9999 -9999 -9999 -9999 -9999 -9999 -9999 -9999 -9999 -9999 -9999 -9999 -9999 -9999 -9999 -9999 -9999 -9999 -9999 -9999 -9999 -9999 -9999 -9999 -9999 -9999 -9999 -9999 -9999 -9999 -9999 -9999 -9999 -9999 -9999 -9999 -9999 -9999 -9999 -9999 -9999 -9999 -9999 -9999 -9999 -9999 -9999 -9999 -9999 -9999 -9999
-9999 -9999 -9999 -9999 -9999 -9999 -9999 -9999 -9999 -9999 -9999 -9999 -9999 -9999 -9999 -9999 -9999 -9999 -9999 -9999 -9999 -9999 -9999 -9999 -9999 -9999 -9999 -9999 -9999 -9999 -9999 -9999 -9999 -9999 -9999 -9999 -9999 -9999 -9999 -9999 -9999 -9999 -9999 -9999 -9999 -9999 -9999 -9999 -9999 -9999 -9999 -9999 -9999 -9999 -9999 -9999 -9999 -9999 -9999 -9999 -9999 -9999 -9999 -9999 -9999 -9999 -9999 -9999 -9999 -9999 -9999
-9999 -9999 -9999 -9999 -9999 -9999 -9999 -9999 -9999 -9999 -9999 -9999 -9999 -9999 -9999 -9999 -9999 -9999 -9999 -9999 -9999 -9999 -9999 -9999 -9999 -9999 -9999 -9999 -9999 -9999 -9999 -9999 -9999 -9999 -9999 -9999 -9999 -9999 -9999 -9999 -9999 -9999 -9999 -9999 -9999 -9999 -9999 -9999 -9999 -9999 -9999 -9999 -9999 -9999 -9999 -9999 -9999 -9999 -9999 -9999 -9999 -9999 -9999 -9999 -9999 -9999 -9999 -9999 -9999 -9999 -9999
-9999 -9999 -9999 -9999 -9999 -9999 -9999 -9999 -9999 -9999 -9999 -9999 -9999 -9999 -9999 -9999 -9999 -9999 -9999 -9999 -9999 -9999 -9999 -9999 -9999 -9999 -9999 -9999 -9999 -9999 -9999 -9999 -9999 -9999 -9999 -9999 -9999 -9999 -9999 -9999 -9999 -9999 -9999 -9999 -9999 -9999 -9999 -9999 -9999 -9999 -9999 -9999 -9999 -9999 -9999 -9999 -9999 -9999 -9999 -9999 -9999 -9999 -9999 -9999 -9999 -9999 -9999 -9999 -9999 -9999 -9999
-9999 -9999 -9999 -9999 -9999 -9999 -9999 -9999 -9999 -9999 -9999 -9999 -9999 -9999 -9999 -9999 -9999 -9999 -9999 -9999 -9999 -9999 -9999 -9999 -9999 -9999 -9999 -9999 -9999 -9999 -9999 -9999 -9999 -9999 -9999 -9999 -9999 -9999 -9999 -9999 -9999 -9999 -9999 -9999 -9999 -9999 -9999 -9999 -9999 -9999 -9999 -9999 -9999 -9999 -9999 -9999 -9999 -9999 -9999 -9999 -9999 -9999 -9999 -9999 -9999 -9999 -9999 -9999 -9999 -9999 -9999
-9999 -9999 -9999 -9999 -9999 -9999 -9999 -9999 -9999 -9999 -9999 -9999 -9999 -9999 -9999 -9999 -9999 -9999 -9999 -9999 -9999 -9999 -9999 -9999 -9999 -9999 -9999 -9999 -9999 -9999 -9999 -9999 -9999 -9999 -9999 -9999 -9999 -9999 -9999 -9999 -9999 -9999 -9999 -9999 -9999 -9999 -9999 -9999 -9999 -9999 -9999 -9999 -9999 -9999 -9999 -9999 -9999 -9999 -9999 -9999 -9999 -9999 -9999 -9999 -9999 -9999 -9999 -9999 -9999 -9999 -9999
-9999 -9999 -9999 -9999 -9999 -9999 -9999 -9999 -9999 -9999 -9999 -9999 -9999 -9999 -9999 -9999 -9999 -9999 -9999 -9999 -9999 -9999 -9999 -9999 -9999 -9999 -9999 -9999 -9999 -9999 -9999 -9999 -9999 -9999 -9999 -9999 -9999 -9999 -9999 -9999 -9999 -9999 -9999 -9999 -9999 -9999 -9999 -9999 -9999 -9999 -9999 -9999 -9999 -9999 -9999 -9999 -9999 -9999 -9999 -9999 -9999 -9999 -9999 -9999 -9999 -9999 -9999 -9999 -9999 -9999 -9999
-9999 -9999 -9999 -9999 -9999 -9999 -9999 -9999 -9999 -9999 -9999 -9999 -9999 -9999 -9999 -9999 -9999 -9999 -9999 -9999 -9999 -9999 -9999 -9999 -9999 -9999 -9999 -9999 -9999 -9999 -9999 -9999 -9999 -9999 -9999 -9999 -9999 -9999 -9999 -9999 -9999 -9999 -9999 -9999 -9999 -9999 -9999 -9999 -9999 -9999 -9999 -9999 -9999 -9999 -9999 -9999 -9999 -9999 -9999 -9999 -9999 -9999 -9999 -9999 -9999 -9999 -9999 -9999 -9999 -9999 -9999
-9999 -9999 -9999 -9999 -9999 -9999 64.06940 -9999 -9999 -9999 -9999 -9999 -9999 -9999 -9999 -9999 -9999 -9999 -9999 -9999 -9999 -9999 -9999 -9999 -9999 -9999 -9999 -9999 -9999 -9999 -9999 -9999 -9999 -9999 -9999 -9999 -9999 -9999 -9999 -9999 -9999 -9999 -9999 -9999 -9999 -9999 -9999 -9999 -9999 -9999 -9999 -9999 -9999 -9999 -9999 -9999 -9999 -9999 -9999 -9999 -9999 -9999 -9999 -9999 -9999 -9999 -9999 -9999 -9999 -9999 -9999
-9999 -9999 64.94940 63.51580 63.39430 63.01160 63.85340 63.87820 64.02630 64.44780 64.90780 64.98880 65.74050 66.17240 67.03830 67.09850 67.57760 68.33790 68.47290 68.71360 68.12470 68.23050 -9999 -9999 -9999 -9999 -9999 -9999 -9999 -9999 -9999 -9999 -9999 -9999 -9999 -9999 -9999 -9999 -9999 -9999 -9999 -9999 -9999 -9999 -9999 -9999 -9999 -9999 -9999 -9999 -9999 -9999 -9999 -9999 -9999 -9999 -9999 -9999 -9999 -9999 -9999 -9999 -9999 -9999 -9999 -9999 -9999 -9999 -9999 -9999 -9999
-9999 -9999 -9999 -9999 62.32070 62.70790 62.78260 63.17600 63.26630 63.34350 64.17100 64.59590 64.70260 65.15260 65.93870 66.03010 67.54790 67.95140 68.65450 68.82880 68.67290 68.42870 -9999 -9999 -9999 -9999 -9999 -9999 -9999 -9999 -9999 -9999 -9999 -9999 -9999 -9999 -9999 -9999 -9999 -9999 -9999 -9999 -9999 -9999 -9999 -9999 -9999 -9999 -9999 -9999 -9999 -9999 -9999 -9999 -9999 -9999 -9999 -9999 -9999 -9999 -9999 -9999 -9999 -9999 -9999 -9999 -9999 -9999 -9999 -9999 -9999
61.95160 61.99130 62.06210 62.09110 62.03620 62.05440 62.45470 62.88770 62.96270 63.01860 63.49480 63.91990 64.36620 64.83720 65.26570 65.67980 67.20660 67.72830 68.78470 68.90830 68.79910 68.53880 67.88780 67.25310 67.31800 67.39750 66.87340 66.57960 -9999 -9999 -9999 -9999 -9999 -9999 -9999 -9999 -9999 -9999 -9999 -9999 -9999 -9999 -9999 -9999 -9999 -9999 -9999 -9999 -9999 -9999 -9999 -9999 -9999 -9999 -9999 -9999 -9999 -9999 -9999 -9999 -9999 -9999 -9999 -9999 -9999 -9999 -9999 -9999 -9999 -9999 -9999
61.54120 61.27920 61.57740 61.55750 61.73050 61.76440 61.82300 62.25270 62.35660 62.43290 63.18380 63.29060 64.05640 64.48670 64.86350 65.67090 66.89360 67.86040 68.51230 68.99120 68.90110 68.22940 67.53430 67.31690 66.95700 67.00460 66.51790 65.87250 65.94560 65.61170 64.92710 64.63050 64.67510 64.36750 64.00930 63.70370 63.74930 63.45160 63.45400 63.09220 63.01360 63.05550 63.03530 -9999 -9999 -9999 -9999 -9999 -9999 -9999 -9999 -9999 -9999 -9999 -9999 -9999 -9999 -9999 -9999 -9999 -9999 -9999 -9999 -9999 -9999 -9999 -9999 -9999 -9999 -9999 -9999
60.79720 60.32370 60.73190 60.45240 60.48100 60.60210 61.05940 61.53580 61.92510 62.04080 62.82330 63.31040 63.38540 63.82960 64.56200 64.97260 66.65410 67.30380 67.84290 68.35730 67.87080 67.42100 66.81300 66.55520 66.18980 66.33700 65.91870 65.60980 65.29540 64.58640 64.66350 64.37770 64.41580 64.07690 63.79320 63.49740 63.23120 63.57880 63.24160 62.92810 63.14320 62.82350 62.82600 62.87360 -9999 -9999 -9999 -9999 -9999 -9999 -9999 -9999 -9999 -9999 -9999 -9999 -9999 -9999 -9999 -9999 -9999 -9999 -9999 -9999 -9999 -9999 -9999 -9999 -9999 -9999 -9999
58.42510 58.34940 58.95420 57.56590 59.14760 59.23700 59.39880 60.22060 59.74010 60.75190 60.71690 61.60940 63.16890 64.00780 64.46480 64.92190 65.74180 66.70390 67.17450 67.24830 67.26790 67.01160 66.36350 65.77700 65.91490 64.80080 65.03150 65.21880 64.46230 64.03940 63.77050 63.78330 63.47880 63.17890 63.21500 62.88520 63.01370 62.99980 62.73410 62.79640 62.42760 62.43070 62.41120 62.45730 -9999 -9999 -9999 -9999 -9999 -9999 -9999 -9999 -9999 -9999 -9999 -9999 -9999 -9999 -9999 61.98290 62.50330 -9999 -9999 -9999 -9999 62.20840 61.66470 61.52210 62.23530 63.34240 63.99050
58.00010 57.95570 57.82850 57.48930 58.51600 59.53280 59.53680 59.44650 59.00710 59.05920 60.48730 61.33960 62.44580 62.85430 63.32700 64.25100 65.14400 65.73510 66.13040 66.58640 66.60620 65.97580 65.69410 65.89450 65.66770 65.41490 64.84960 64.57780 64.53500 63.90820 63.53500 63.23710 63.24120 63.25270 62.96330 62.66410 62.74970 62.40590 62.52840 62.56390 62.55590 62.54690 62.51390 62.55590 62.89340 62.92450 62.98990 62.65210 61.67160 60.93030 61.32710 60.73840 60.88690 61.04390 61.03830 60.71270 61.66870 61.85100 62.06240 61.73950 62.24300 -9999 -9999 -9999 -9999 -9999 62.45080 62.32380 62.14680 62.45180 62.82230
55.74930 57.55870 57.20800 55.88210 57.19810 58.34020 58.77420 58.93060 58.95110 60.26810 60.40000 60.83280 62.27450 62.36890 63.18570 63.77510 64.59580 65.06790 65.45260 65.49860 65.65070 65.72630 65.83050 65.25390 64.93210 64.70100 64.11670 63.87370 63.83570 63.54060 63.24600 62.93500 62.64310 62.70350 62.70330 62.39290 62.49040 62.52130 62.60140 62.30930 62.65330 62.66430 62.34580 62.39320 62.83960 62.81310 62.88210 62.56040 61.94230 61.55110 61.73120 61.97450 61.58980 60.26240 59.70330 60.40700 59.90290 59.92140 60.21300 60.48950 61.09990 61.08090 61.74020 62.58000 62.35420 62.40560 62.60790 62.62600 62.48670 62.75180 62.48840
54.94360 52.18990 56.88540 55.14250 55.28530 56.39680 57.07880 57.46130 59.19630 59.69770 59.74990 60.21210 61.27670 61.73470 62.51050 63.23940 63.65700 64.42460 64.47200 64.02760 64.47380 65.01160 64.80640 64.59770 64.29420 64.05700 63.86810 63.60200 63.23750 62.96670 62.63200 62.67450 62.42760 62.44390 62.48170 62.46170 62.29530 62.28660 62.35970 62.39620 62.40950 62.39590 62.13980 62.53410 62.94110 62.95670 63.01760 63.07700 63.04310 62.37430 62.32540 62.26360 61.83430 61.46880 60.92330 59.95650 59.15850 59.33820 59.52590 59.55560 60.22530 59.74040 60.45440 61.52730 62.05990 62.20390 62.11990 62.77910 62.60550 62.44480 61.72050
53.10770 51.99470 53.88000 56.78340 56.32150 57.40550 57.94550 57.25000 58.16720 58.83330 59.68570 60.59720 60.71290 61.49640 61.98390 62.73560 63.16370 63.57850 63.17910 62.45750 62.54960 63.10100 63.16700 63.45020 63.26910 63.02280 62.94590 62.71900 62.42010 62.43440 62.16960 61.89730 62.04680 61.76790 62.15750 62.15180 62.06720 62.02930 62.04860 62.00580 62.26100 62.33960 61.60400 61.55960 62.38380 62.59640 63.10310 63.56110 63.67860 63.21680 62.46530 62.26650 60.78020 60.34790 60.41020 60.46370 60.21510 59.28660 58.99480 58.30990 59.29990 59.17620 58.73030 59.90630 59.01720 59.52650 60.13750 59.98760 61.75820 62.37850 62.36880
53.21640 52.06980 52.18470 52.24990 54.98370 56.74780 57.19920 56.50300 56.33780 57.53960 55.84720 56.80340 57.88910 59.81750 60.97190 61.74690 62.52680 62.96240 62.89710 62.41380 61.90970 62.48150 62.61680 62.83390 62.69150 62.81330 62.62380 62.10690 61.83200 61.86620 61.90500 61.57800 61.30030 61.39790 61.55350 61.45770 61.63910 61.60640 61.36440 61.27060 61.46090 61.96090 62.16140 62.15090 62.05440 62.13720 62.62700 63.13310 63.39180 62.86550 62.49810 62.39560 60.95640 61.21930 60.13350 59.62100 59.24910 58.36960 59.05400 59.32010 60.35350 60.08810 60.05000 59.28250 57.29640 58.75130 58.14410 59.53690 61.18340 62.14070 62.89950
53.05120 52.39380 51.56860 50.60710 51.48390 53.96350 55.54510 56.11110 55.93990 56.89720 55.82510 54.47020 53.37120 53.48350 56.70820 58.98930 60.40400 61.82680 62.29350 62.74260 62.30240 62.69420 62.68970 62.53010 62.40990 62.19860 62.00920 61.78660 61.49340 61.12130 60.87120 60.84250 60.59490 60.60600 61.23050 61.09740 60.92040 60.48040 61.38740 61.44390 61.68550 61.39460 61.97340 62.37250 62.25990 62.72620 62.76630 62.89400 63.43540 63.90190 63.63540 63.25500 62.05090 61.20630 61.23260 60.82720 59.70020 59.19220 59.34070 58.08830 59.64130 59.78880 59.92300 60.14330 58.77560 59.13180 59.34330 59.45500 61.53200 62.29540 63.72590
50.68370 50.76650 49.70720 49.59240 50.90790 51.37660 51.46060 52.20000 53.22540 54.90960 56.37870 56.11660 55.41390 55.37880 54.92580 55.53320 56.37310 57.83340 59.50200 60.55540 61.49010 61.65220 62.07130 61.87550 61.87620 61.97440 61.48000 61.21310 60.75380 60.00330 60.59040 59.22460 58.91910 59.34190 59.58940 59.97380 60.20670 60.21080 61.06100 60.77150 61.05940 61.46980 62.41630 62.00460 62.03210 61.96720 62.35810 62.43370 62.66460 63.09070 62.67220 62.32510 60.45240 60.22660 60.35700 60.04920 59.22250 59.86490 59.59990 58.64830 60.29250 60.09950 60.19190 60.83730 59.04210 59.02690 58.77360 59.58710 61.78110 62.81500 63.99320
52.24230 51.10890 50.43510 51.09350 50.18720 49.69860 50.34770 51.42340 51.28400 52.58710 53.45780 53.88470 54.20330 55.92700 56.76460 56.90450 57.13690 56.49290 56.43780 57.18650 57.98170 58.67420 59.88610 60.59590 61.44690 61.28020 61.08870 60.34380 58.79520 58.82840 59.01160 58.69590 58.20890 59.07760 58.40730 59.58130 60.01280 60.18440 59.67630 60.22410 62.00050 62.45210 62.57180 62.23350 61.71610 61.67750 61.81560 62.26390 62.65170 62.18480 61.92430 62.02490 61.86990 60.48550 61.30380 60.47960 61.33570 60.54670 61.44450 61.29170 60.94920 60.85750 60.86310 60.34130 59.48080 60.32130 61.14680 62.17410 62.84940 62.99660 64.36050
52.13580 52.02680 52.09970 52.16780 50.74070 49.90880 49.98580 49.64440 49.61060 51.22750 53.31020 50.55310 51.85320 53.75910 52.93220 52.64830 53.97400 58.97460 57.23360 55.39310 55.55650 56.39030 57.54760 60.35010 61.15100 61.00450 60.83040 60.09700 58.60700 58.64060 58.34180 58.36670 58.49410 58.92570 59.98160 59.91410 59.88870 60.25420 59.90070 59.85050 60.65670 61.62290 62.12760 62.06470 63.16090 63.19920 62.81100 62.39280 61.94330 62.22610 62.01400 62.50370 62.46590 62.33070 61.73360 61.06640 61.70330 61.42230 62.08930 61.89020 62.04100 61.83090 60.80870 60.40570 60.72860 60.85240 61.47250 62.74900 63.14730 63.79060 64.68010
52.04450 52.44800 52.48890 52.18590 51.54200 51.49080 51.08920 50.24050 50.21120 50.14580 50.62660 51.01990 51.94170 53.95180 53.28150 53.66900 53.25490 54.96790 56.99790 58.43420 57.42180 57.15310 57.88580 58.17020 60.24240 60.68200 60.58190 59.93940 58.58570 58.94100 58.30650 58.76400 59.38810 59.31750 59.70000 60.07700 60.22730 60.26580 60.24300 60.07930 60.81430 60.55190 61.30920 61.48760 63.12660 63.86160 63.44440 62.78100 62.63690 62.17230 62.23750 63.12140 63.16820 62.13270 62.52960 62.93750 62.82680 63.02460 62.17130 62.46690 62.05120 62.24090 61.72530 61.96080 61.16090 61.45940 62.29610 62.49640 62.57140 63.69680 64.67610
51.77000 51.71840 51.31990 51.66330 51.64220 51.86930 51.50720 51.52280 51.06400 50.74710 50.00910 49.88260 51.68500 53.88360 54.68820 54.86380 55.59180 55.99090 55.27720 56.54600 57.15020 58.74160 59.42680 58.78850 58.62070 58.89480 59.76310 58.84170 58.11520 57.34920 58.05820 58.10400 59.57840 59.50610 59.78740 58.94660 59.73100 58.83580 59.84820 59.49730 59.82390 60.79330 61.06730 60.52410 61.93900 62.99280 63.40800 63.16660 63.84050 63.41500 63.40480 64.42290 64.81690 64.76190 64.72420 64.40970 64.15680 63.53970 63.62780 62.93130 62.97150 62.72460 62.22590 61.99940 61.85330 62.19070 62.44650 63.24530 63.44320 63.63750 64.59160
51.63840 51.01470 50.40970 50.40250 51.19130 51.34360 51.54750 51.20380 51.33120 49.94220 50.16890 51.04820 50.53690 53.05340 55.03920 56.37520 56.49610 56.39790 56.26060 57.18350 57.91250 58.85090 59.09210 59.46320 59.42570 59.29010 58.71260 58.33680 58.44500 57.97300 58.78170 58.97210 60.27790 59.53340 59.55580 60.88050 60.63190 60.04130 60.56090 60.99850 60.76970 60.68180 61.15010 61.73090 62.41530 62.90240 63.38220 63.43990 64.43880 64.09020 64.14600 64.22970 64.68550 63.99570 64.24390 64.28730 64.78250 65.11020 65.23780 65.05930 64.73320 64.07100 63.39840 63.41080 62.59790 62.92340 63.12100 63.64880 63.41840 63.92730 64.28220
52.90040 52.27600 50.52980 50.50390 50.47750 51.54110 51.60190 52.27270 51.05020 50.79670 51.30270 52.64990 53.08880 53.19670 54.91150 55.89250 56.62640 57.99930 58.48350 59.39030 57.84290 59.46650 60.51320 60.41540 60.66910 59.23870 58.13470 57.86560 57.72740 57.93070 57.79150 59.04370 59.90030 59.61100 59.53320 60.55250 60.69090 60.56370 60.12880 60.23350 60.93130 61.18950 61.74650 62.12270 62.86920 62.99990 64.30140 64.30470 64.53720 64.89170 65.40090 65.19290 65.70900 66.14480 66.09350 66.47620 66.22000 66.37460 66.54020 66.29370 65.83440 65.12380 64.16730 63.82030 62.67160 63.06570 62.91680 63.54890 63.85570 65.25750 65.58200
52.57370 52.91240 51.38400 50.65860 50.72870 49.79410 50.35970 51.81400 51.30310 51.37570 52.18300 53.07430 54.22530 54.90060 54.59970 56.76330 58.62740 59.61720 59.94260 60.49580 61.33140 60.51180 61.02750 61.79860 62.16330 62.08400 60.67570 59.46600 59.40870 58.92080 59.46170 59.78500 60.36660 60.24410 60.12090 60.40860 61.23590 60.69580 60.55080 60.08400 61.68640 61.78660 61.95660 63.28340 64.19890 64.77170 65.65710 66.49820 67.06890 67.53590 67.69460 68.12310 68.06540 67.96650 67.50280 67.45700 67.38350 67.87810 67.24940 66.92900 66.18150 65.83720 64.70090 63.41840 63.00510 63.12000 63.07660 63.82980 64.59920 65.33640 65.96940
54.09170 53.88040 52.51320 52.91520 51.70190 51.31630 49.74610 50.81730 51.61670 51.25380 51.49100 52.91710 54.48960 55.00310 55.97470 58.11040 58.60240 59.86160 61.28800 62.13270 62.21010 61.78940 60.94380 62.61800 63.41210 63.17610 61.36250 61.17970 60.49970 59.70640 60.49490 60.95570 60.80840 60.69940 60.51600 60.93720 61.26890 61.66720 61.18750 61.15900 62.58400 63.62080 63.67260 64.59540 66.03210 66.50640 66.49740 66.57120 66.80060 67.65250 -9999 -9999 69.15950 69.26050 69.55370 68.99760 68.49910 68.63000 68.26970 67.53790 66.82980 65.64890 64.44150 63.56710 63.40080 62.96750 63.22720 63.24010 65.29310 66.10660 66.44420
52.35040 53.66220 53.67490 53.14280 53.39020 53.86530 52.47810 53.87150 52.72950 52.55410 53.14570 54.70920 55.17060 55.99120 57.68710 59.34430 59.56460 61.08080 62.51820 62.42400 63.51040 64.42870 64.50780 64.49010 63.24540 63.65700 63.14600 62.72110 62.27690 62.10400 61.50390 62.52820 62.37260 61.82290 61.75360 61.72720 61.50560 63.10150 64.38080 -9999 -9999 -9999 -9999 66.38030 -9999 65.56650 65.04740 66.05720 66.71550 68.36970 -9999 -9999 68.74580 69.18180 69.61570 69.17390 69.30740 68.99160 68.25290 66.88100 66.54440 65.54630 65.00350 64.28760 64.71470 62.85030 62.85340 63.39530 65.50170 66.57600 67.34320
54.18240 54.51300 54.66760 54.13420 55.23110 56.51150 54.62930 55.62170 56.86570 56.63950 57.37150 58.20400 57.97280 58.02240 59.32230 61.58100 61.42430 61.97950 62.41310 63.33030 64.06360 65.48130 65.56180 66.02420 65.66450 65.57960 65.31740 64.02370 64.04770 63.90630 63.40870 62.77130 62.66690 62.77180 62.21090 62.84950 63.72810 -9999 -9999 -9999 -9999 -9999 -9999 -9999 66.34490 66.40230 66.83560 -9999 -9999 -9999 -9999 -9999 69.94760 69.88380 69.12120 69.39060 69.04290 69.14380 68.93930 67.88890 67.84280 67.53470 66.71670 65.97580 66.38210 66.40710 65.99370 65.06440 66.73630 68.06130 -9999
