data/hydroclimate-scenarios/1948-2000.Pcorr55N_Pref_Tref/monthly_summaries/rh_monthly_avg_nov.asc
ncols	311
nrows	91
xllcenter	102.75
yllcenter	31.75
cellsize	0.5
NODATA_value	-9999
[rows 32 to 63 of 91, columns 0 to 70 of 311]
-9999 -9999 -9999 -9999 -9999 -9999 -9999 -9999 -9999 -9999 -9999 59.22760 59.64930 60.43580 60.89160 61.24530 61.95960 62.35540 62.76250 62.97630 63.49440 64.50900 65.14910 65.19580 65.75500 65.09310 64.58590 63.08650 62.89980 63.01520 62.46870 63.18250 64.32140 65.26430 65.77560 67.38960 68.24160 68.13200 67.96590 68.96610 69.16110 69.47960 69.76890 69.12110 69.06140 68.58220 68.79100 68.13030 67.62250 67.18210 66.65320 65.61150 65.45780 64.56350 64.24350 64.07640 63.97090 63.63900 63.92690 63.75230 64.06390 64.03310 64.15990 64.41270 65.17610 66.03020 66.32450 66.21210 66.01940 65.57970 66.40450
-9999 -9999 -9999 -9999 -9999 -9999 -9999 -9999 -9999 -9999 -9999 59.39780 59.47820 60.61200 60.97850 61.47990 62.13020 62.63690 63.36350 63.55690 64.14910 64.77850 65.35480 65.97020 65.38870 64.59580 64.08860 62.93500 62.58760 63.04680 62.80300 63.15860 63.98230 65.05370 66.11450 67.71290 67.62010 67.79840 67.64720 68.18780 68.82920 68.69730 69.35320 69.08220 68.99030 68.84140 68.63180 67.96020 67.41970 67.26370 66.48990 66.15240 65.69080 65.21000 64.87370 64.39360 64.30470 64.18020 63.80710 63.97090 63.58450 63.91550 64.70390 64.65640 65.38190 65.75030 66.11050 66.68430 66.99670 66.25440 67.41010
-9999 -9999 -9999 -9999 -9999 -9999 -9999 -9999 -9999 -9999 -9999 -9999 59.99780 60.42090 60.85400 61.59260 62.04700 62.80630 63.26730 63.28600 63.51730 64.28190 64.57350 64.29400 63.70690 62.23500 61.82290 62.00410 62.46340 62.70600 62.88800 63.83580 64.32420 65.03800 66.11280 66.86020 67.41050 67.59220 67.79670 67.55500 68.10940 68.28870 68.85690 68.41300 68.68310 68.53830 68.09910 67.87300 67.27000 66.77310 66.34860 65.42080 64.64430 64.23710 63.81540 64.39510 64.33990 64.33270 64.21760 64.04440 64.32840 64.68230 64.27380 64.40760 65.17920 65.93460 66.72020 66.95240 66.04060 66.36810 68.43800
-9999 -9999 -9999 -9999 -9999 -9999 -9999 -9999 -9999 -9999 -9999 -9999 60.42720 60.55600 61.29380 61.76500 62.52180 63.34010 63.75640 63.42360 64.16790 63.34310 63.62680 63.31900 62.28920 62.19030 62.11340 61.24680 61.63250 61.23940 61.05960 61.64020 62.97560 64.09240 64.80730 65.52110 66.05090 66.65960 67.22130 67.06040 67.31620 67.72660 68.37620 68.53150 68.92190 69.22550 69.37820 68.11930 67.53660 66.59520 65.78060 65.27660 64.83670 64.42840 64.44860 64.69250 64.62940 64.63160 64.57040 64.32120 64.20350 63.69360 63.67430 64.18430 64.90520 66.17740 66.15640 67.12630 67.07490 67.80960 67.82310
-9999 -9999 -9999 -9999 -9999 -9999 -9999 -9999 -9999 -9999 -9999 -9999 60.56600 61.31150 61.75420 62.09460 62.53950 62.92690 63.26690 62.81880 63.51160 63.45650 63.77630 63.36320 62.87370 61.55890 61.24250 62.10230 60.97040 61.01240 60.81800 61.84430 61.62520 62.03230 63.45740 64.07860 64.67250 64.86790 65.53470 66.00540 66.10650 66.69830 67.76080 67.92240 68.66910 69.38080 68.80040 67.50500 66.99310 66.90300 66.08890 65.56160 65.19470 64.36080 64.35760 65.33990 64.60020 64.59270 64.50740 63.88230 63.82600 63.33820 63.71370 64.90690 65.15090 65.52630 66.26010 67.21950 67.14720 68.30550 69.12550
-9999 -9999 -9999 59.86120 60.06900 60.01100 60.33450 59.90450 60.19540 -9999 60.38190 60.56860 61.03610 61.69170 62.11560 62.13850 62.53030 62.53370 62.72170 62.54810 63.37890 63.74130 64.36170 64.39430 63.52480 62.10810 61.72110 60.53250 59.67580 57.79960 58.85080 59.88090 59.30310 58.77920 60.59030 61.56110 62.12250 62.66540 63.42610 64.61310 65.49230 65.77770 67.44470 67.65720 68.19100 68.14140 67.20360 67.28720 66.76070 65.92100 65.05840 64.56760 63.40300 62.34460 62.45050 62.21410 61.71390 63.60560 62.67150 63.36660 63.81040 63.64330 63.96490 64.36420 65.12770 65.82830 66.07540 67.01290 67.84820 68.88340 69.28060
-9999 -9999 -9999 60.68360 60.34260 60.66980 60.30580 60.61210 60.95770 60.86350 61.55620 61.98110 61.99870 61.99670 61.93930 61.50190 61.45450 61.70710 62.29180 62.68530 63.86430 63.85390 65.61120 65.42690 63.61190 62.16150 60.70430 60.23070 58.43870 56.65560 56.92140 57.12300 57.32410 57.14090 57.86350 58.22300 59.12390 59.17610 61.17540 61.44440 62.39980 64.25750 65.90220 66.01000 66.54660 66.25800 66.20190 67.09490 65.50970 64.59070 63.74010 62.96170 62.08140 61.92560 62.51720 62.71470 63.23830 63.18750 62.32730 62.66570 63.12510 63.43040 63.47060 64.04720 64.69960 66.10020 66.73040 67.85190 68.58400 68.89390 69.52130
-9999 -9999 -9999 60.84670 60.73510 60.70090 60.66930 61.28750 61.66740 61.89040 61.89830 61.92740 61.88780 61.03050 60.25930 60.64450 60.55550 60.84200 61.60560 62.01360 62.48480 62.16170 63.28610 61.96000 60.26210 59.90820 58.87690 58.13400 57.43000 54.79810 53.35050 53.85300 55.23690 54.97760 55.41710 56.06690 57.14350 58.03630 59.07080 59.78220 60.71460 62.46290 64.38200 65.27590 66.89950 66.66870 66.12640 65.67580 64.94070 63.61600 62.38500 63.21270 62.36550 61.91900 62.33170 62.68520 62.84570 62.86850 62.33140 62.28070 63.11270 63.48160 64.22650 63.96940 65.07250 65.37160 66.32430 66.96340 66.80080 67.86870 68.52260
-9999 -9999 -9999 61.18950 61.25520 60.94550 61.62170 61.31040 61.55310 61.47310 62.13430 62.25330 61.04990 60.54970 59.95260 60.18680 59.47990 59.38520 59.77340 60.25820 59.40130 58.70980 57.75500 57.68160 57.90070 58.08970 57.26170 57.38170 54.46410 52.59030 52.68970 54.14890 53.21920 52.15930 52.53340 53.41410 55.26110 56.97510 57.14620 58.29460 59.17330 59.58850 60.64750 62.59200 65.54550 65.16450 64.19650 64.42530 63.09910 63.10090 61.72060 62.18450 61.49620 60.55550 61.09080 62.09010 62.21610 61.73480 61.38460 61.74190 61.23220 62.66000 63.41460 64.03570 64.35380 65.36880 65.93960 66.11090 65.83720 66.79730 70.27310
-9999 -9999 -9999 61.57030 61.56290 60.94400 61.21890 61.56910 61.18250 61.78700 62.60270 61.95750 60.96820 59.69660 58.95400 58.94010 58.28920 58.34840 59.24810 59.79300 58.62820 57.59380 56.70990 57.37860 57.68280 57.41790 57.75010 56.70990 54.40140 52.29900 51.24380 51.48540 51.05030 51.48490 52.18950 52.27290 52.87910 54.60060 55.35610 56.37580 56.55360 57.60220 58.72360 59.58060 61.45910 62.57380 62.98030 62.77480 62.35520 61.89240 61.41560 62.23500 61.07630 59.69490 61.04640 60.45250 61.76540 61.79250 61.34100 60.42890 61.22530 61.75280 62.80060 62.02140 62.71330 64.60940 64.86490 64.84540 65.77520 68.03260 71.66930
-9999 -9999 -9999 -9999 60.92240 60.66750 61.30030 60.98860 61.26670 61.76410 62.89200 62.28300 59.83000 60.84140 -9999 -9999 -9999 -9999 -9999 55.70480 55.13060 55.44730 54.87930 53.71130 54.60970 55.06510 56.57730 55.16270 53.67930 53.08330 51.52380 51.02730 50.66920 50.93920 52.09190 52.35910 52.21110 53.30670 53.82970 54.44220 55.64890 56.43930 57.17510 57.77640 59.17250 60.32270 61.27330 60.55690 61.42020 62.09340 61.50940 61.31500 61.76380 60.50010 60.16970 59.91260 59.29110 59.70080 60.04420 60.65910 60.32040 60.24600 61.02140 61.81570 62.56670 62.78840 64.26740 65.83760 67.33610 -9999 -9999
-9999 -9999 61.84990 61.45570 61.28390 61.38810 61.33700 60.99970 62.03740 62.49160 63.27170 62.65080 60.31440 -9999 -9999 -9999 -9999 -9999 54.11830 54.44110 53.69320 54.42500 54.57040 53.40390 53.60060 53.64070 55.04370 54.76220 54.11900 53.53740 52.33100 51.69260 50.96200 50.62950 50.99740 51.64910 51.48080 52.16900 52.40570 52.95180 53.44510 54.39000 54.90430 56.30670 57.53200 58.75280 59.60850 60.32970 61.21460 62.30050 62.07570 62.21040 61.78840 62.23560 61.02570 61.49150 60.67190 59.76000 59.77760 61.25230 61.53730 61.55140 62.27470 62.22000 63.05600 63.78740 64.91380 -9999 -9999 -9999 -9999
-9999 -9999 62.26990 61.83980 61.93030 61.56590 62.15440 61.58020 62.27550 62.97660 62.44610 62.27920 62.52710 -9999 -9999 -9999 -9999 57.05220 54.08240 54.21130 52.86800 52.81930 52.94020 53.24880 54.15080 54.99060 54.64030 53.90900 53.44880 53.27340 52.00840 50.99930 51.06940 50.69650 50.37460 50.45710 50.72540 51.00530 50.74840 50.53930 51.58770 51.73200 52.01030 53.59900 54.62750 56.56280 58.18600 58.88820 60.86360 61.10790 61.75360 62.51900 62.76100 62.24210 61.90800 62.79690 62.09460 60.62730 60.19370 61.26280 61.98550 61.39420 62.30170 63.20780 64.36010 -9999 -9999 -9999 -9999 -9999 67.91530
-9999 -9999 62.93030 62.29780 62.66590 62.29970 62.62610 62.72570 62.78780 63.07210 62.45930 62.38660 63.41830 -9999 -9999 -9999 -9999 55.69290 54.49930 53.62070 52.43550 52.54680 53.36600 53.56690 53.78280 53.96620 53.47070 53.58650 53.21500 52.76690 51.77960 51.36260 50.49760 49.71160 49.69360 49.16500 49.30550 49.55400 49.33280 50.25470 50.28140 50.74200 51.03790 51.39150 53.44820 54.73280 56.20800 57.33840 59.00180 59.85950 61.31990 61.42370 61.38610 61.16910 60.84920 62.41020 62.48720 61.23570 61.91580 62.14700 63.64890 63.67060 64.01160 63.11590 62.27310 61.89950 63.63200 63.09010 64.50330 -9999 -9999
-9999 -9999 -9999 62.99760 62.52140 62.75260 63.15420 63.56260 63.29600 62.51280 63.18710 63.07940 -9999 -9999 -9999 -9999 57.06690 55.02290 54.76600 53.69040 52.75830 53.10540 52.78690 52.47960 52.68920 52.89080 52.81730 52.60080 52.45670 50.89550 50.54020 51.11850 51.04910 49.81300 49.11960 49.45140 49.71860 50.00890 50.23230 50.34950 50.18200 49.91080 49.81920 50.63560 53.06770 54.37100 56.40780 57.94990 58.37220 59.50340 59.27110 59.88270 60.32500 59.68530 58.95300 59.42270 59.55250 59.66290 60.43840 62.01820 62.63780 62.93680 61.39190 59.27360 57.90560 60.58480 62.29990 62.02160 63.37320 67.61370 -9999
-9999 -9999 -9999 -9999 63.78320 63.67960 63.68030 63.21200 63.24230 64.06890 62.80640 -9999 -9999 -9999 -9999 58.97830 57.02780 56.25570 55.31730 54.13600 53.47110 53.16150 52.90190 52.12570 52.11410 53.03320 53.02000 52.93220 52.52800 52.13760 51.64960 52.35510 51.86290 50.72900 49.33230 49.43030 49.38510 49.68610 49.55780 49.68720 48.92210 49.14190 49.76490 50.89130 52.67690 54.27890 55.68700 57.16460 58.26520 59.08950 59.69350 59.70720 59.29390 58.77190 58.89760 59.42250 60.41640 59.74070 60.36370 61.88560 61.57160 60.74880 60.69200 60.60440 59.43110 60.13370 61.30470 61.45490 61.21930 62.76460 64.03540
-9999 -9999 -9999 -9999 -9999 -9999 63.92430 63.84460 62.19780 62.15990 63.71060 -9999 -9999 -9999 -9999 -9999 57.58570 56.16880 55.48230 53.98700 53.13990 54.42580 52.51650 51.93440 52.19410 53.13980 53.21730 53.37800 53.64800 53.31510 53.21920 53.11030 52.63600 50.86690 50.15760 50.02820 49.30110 48.53780 49.01850 48.27490 48.43130 47.84340 48.42410 49.87850 51.26750 53.68120 55.44260 56.90610 58.04390 58.90130 59.55750 59.54570 59.31450 58.53070 57.91070 58.29200 59.18970 59.70550 60.22340 60.83830 60.60860 60.48870 60.15590 59.57460 58.52730 59.52940 60.45410 60.49810 60.74110 61.72430 62.86870
-9999 -9999 -9999 -9999 -9999 -9999 -9999 -9999 -9999 -9999 -9999 -9999 -9999 -9999 -9999 -9999 -9999 -9999 -9999 53.75750 52.94990 53.30490 52.68320 52.43470 52.42240 52.58100 52.81760 54.30710 54.35950 53.86730 53.94170 54.00530 52.34900 51.37140 50.55270 50.10910 49.62900 48.67410 48.10840 47.59140 47.25700 47.76460 48.66510 49.73120 51.05790 53.19190 55.23410 56.74010 58.17450 58.75480 59.37000 59.76270 59.17890 58.82100 57.61820 57.78570 58.61870 59.46560 59.89190 60.45900 59.77190 60.17600 59.88670 59.26320 58.66370 60.35670 60.80010 60.68070 60.68580 61.11090 62.19170
-9999 -9999 -9999 -9999 -9999 -9999 -9999 -9999 -9999 -9999 -9999 -9999 -9999 -9999 -9999 -9999 -9999 -9999 54.62630 53.46260 53.31160 53.35490 53.16180 52.97930 53.27360 53.22870 53.52380 53.25930 53.52820 53.35340 53.97270 53.32720 52.60740 52.08470 51.08550 50.58910 49.80770 49.02790 47.70800 47.07190 47.27930 47.98910 48.55610 49.59750 50.68650 52.67740 54.79230 57.30690 58.87740 59.59300 60.30630 60.18510 59.69380 58.56650 57.81980 58.50630 58.96560 58.63020 58.68080 60.23160 60.90750 61.58620 61.11800 60.21330 59.80970 61.26260 61.66570 61.82850 62.11800 62.89440 63.62900
-9999 -9999 -9999 -9999 -9999 -9999 -9999 -9999 -9999 -9999 -9999 -9999 -9999 -9999 -9999 -9999 -9999 54.56430 54.16480 53.90800 53.35410 52.85250 53.25550 53.17870 53.30340 53.60180 53.31190 53.10850 52.40330 52.62160 52.96360 53.41520 52.97310 53.12820 52.18880 50.89530 49.20440 48.25600 47.78160 47.14490 47.15990 47.87640 48.34400 49.48650 51.09760 52.90020 54.84880 56.96250 59.21210 60.25090 61.22750 61.19390 60.32690 58.92500 58.71100 58.92460 58.78800 58.50090 58.94730 60.46970 62.28120 61.82920 59.81450 59.78830 61.68550 62.23740 62.14660 63.18080 63.51720 64.01920 63.73610
-9999 -9999 -9999 -9999 -9999 -9999 -9999 -9999 -9999 -9999 -9999 -9999 -9999 -9999 -9999 -9999 -9999 54.10240 53.77940 52.83080 52.63760 53.06000 53.29470 53.44880 54.45260 53.87750 53.58810 53.05650 52.97860 52.86020 53.65300 54.08740 54.04160 54.38620 53.21370 51.67540 50.55570 48.97010 47.53880 47.67550 47.81490 48.28520 48.86310 50.02720 51.38840 54.05720 56.21240 56.34660 58.76810 61.83200 62.47940 61.37580 60.26530 59.76620 59.17220 59.23960 58.44660 59.01480 60.29500 61.15880 61.63150 61.16800 61.52330 61.52500 60.74590 61.74090 63.43990 62.93420 64.23250 65.18940 65.54310
-9999 -9999 -9999 -9999 -9999 -9999 -9999 -9999 -9999 -9999 -9999 -9999 -9999 -9999 -9999 -9999 52.58420 52.33170 51.97240 52.14530 52.73650 53.84740 53.86350 54.32210 55.24600 54.26030 53.96110 54.33430 53.67370 53.57310 54.13330 54.59230 54.74000 55.33880 54.87220 53.83450 52.13190 50.64580 49.00750 49.35850 49.33960 48.69130 48.98990 50.22890 52.10440 54.37460 55.83000 56.13790 57.64850 61.25390 62.55170 60.90290 60.00030 59.80290 59.45100 59.67160 59.67590 60.06790 60.82560 60.84140 62.12710 62.49420 62.41920 61.20430 62.84850 63.39900 64.53470 64.94400 66.14100 66.42120 66.42020
-9999 -9999 -9999 -9999 -9999 -9999 -9999 -9999 -9999 -9999 -9999 -9999 -9999 53.27840 52.14010 51.57760 51.09340 50.50410 51.36780 52.04020 52.75890 53.21800 54.13440 54.40200 54.60220 55.36010 55.21840 55.05460 55.05250 55.35350 55.45220 55.55820 55.67880 55.97140 55.73360 55.25300 54.50500 53.97660 53.12440 52.06770 50.97310 49.95410 49.16050 50.89060 52.92660 55.29000 56.35840 56.62200 56.67580 56.31690 57.49730 58.37970 58.62530 59.60280 59.93120 60.05820 60.70760 61.18660 61.83150 62.19400 63.12770 63.92650 64.32330 65.27300 66.49820 67.93280 68.08950 67.40660 67.65230 67.37970 66.93780
-9999 -9999 -9999 -9999 -9999 -9999 -9999 -9999 -9999 -9999 -9999 -9999 52.84920 51.68670 50.70600 50.09780 50.16870 50.38890 50.60470 52.51320 52.56960 53.84010 54.58560 55.05920 54.93780 55.76390 55.83400 56.07900 55.82280 56.39160 56.05560 55.84670 55.91630 56.37120 57.13410 56.81880 56.64290 56.87590 57.12080 56.06770 53.52030 51.18330 49.13270 51.57040 54.18570 56.34920 56.90780 56.88840 55.59350 53.95730 55.28990 56.97060 58.13320 59.07430 59.99430 60.88280 61.18720 61.48640 61.56980 62.53280 63.42600 64.89370 65.93980 66.60480 68.35330 69.24750 69.27520 68.91890 68.68390 67.54210 66.42700
-9999 -9999 -9999 -9999 -9999 -9999 -9999 -9999 -9999 -9999 -9999 51.27740 50.66250 50.03450 49.51700 49.58270 49.38800 50.02700 50.52410 51.15640 52.40180 53.88290 54.61330 55.20540 55.15790 55.37930 55.57740 56.36860 57.50580 56.87260 55.94490 55.28020 55.32770 55.80030 56.91260 56.78670 57.10110 58.26570 60.28400 59.08520 56.11410 53.64140 52.41450 53.85590 55.72280 57.61710 58.48720 58.55360 57.31420 56.03220 56.09790 55.87080 56.89160 57.81610 59.01570 60.48270 61.87460 62.26390 63.75920 64.90720 65.20540 66.59000 67.81380 68.45260 70.09440 71.15180 70.50110 69.89300 68.51980 67.31380 65.97650
-9999 -9999 -9999 -9999 -9999 -9999 -9999 -9999 -9999 -9999 51.12760 50.24350 50.22040 49.07920 48.66600 48.18480 48.32350 48.55000 49.52070 50.60610 52.25100 53.70800 54.65480 55.15000 55.17930 55.30620 55.39380 56.54240 56.73920 55.81540 55.28910 54.83080 54.80600 55.17160 55.84210 55.72800 56.57050 58.28940 59.85710 59.39850 57.76940 56.20430 56.12440 56.77140 57.91100 59.27500 60.43170 60.68120 59.75470 58.48410 57.76820 56.38030 56.90720 57.54090 58.98190 60.77060 61.81450 62.99070 64.91920 65.45210 66.01340 66.75300 67.67160 68.83910 70.04540 71.09540 70.61740 69.86920 68.45010 66.86050 66.17230
-9999 -9999 -9999 -9999 -9999 -9999 -9999 -9999 -9999 51.41330 50.07860 50.02850 49.83190 48.69800 47.67390 46.59670 46.21470 47.02820 49.00050 50.66750 52.69500 53.62430 54.43420 54.99460 55.13640 55.33920 55.92910 56.07960 55.92240 55.39820 54.72380 53.28440 53.02940 53.28520 53.62320 54.14120 55.14620 57.53880 58.51720 59.25920 58.89250 58.96560 58.92080 59.47870 60.08970 60.91510 62.25020 61.76130 61.98410 60.99340 59.14640 57.44270 56.57070 56.27510 57.35530 61.55870 63.69960 64.94470 65.44710 66.07170 66.07950 66.72640 67.38940 68.12720 69.24430 69.48290 69.48320 68.15810 67.46450 66.63600 67.09200
-9999 -9999 -9999 -9999 -9999 -9999 -9999 -9999 -9999 -9999 48.18910 49.39370 49.60740 49.30070 47.97310 46.20220 44.83760 46.19710 48.19380 50.19700 51.92960 53.76150 54.81970 -9999 -9999 -9999 -9999 -9999 -9999 54.44800 53.46260 53.12170 52.80460 52.44580 52.52110 53.12440 54.69300 57.04200 57.83570 58.77390 59.15190 59.66970 60.22780 60.92220 61.04740 61.71420 62.42170 62.56750 62.75210 62.09580 60.22550 58.60780 57.26930 56.76010 57.60160 61.87100 63.84980 64.79740 65.38610 65.99900 65.77880 65.97300 66.48820 67.18450 66.58500 68.03370 67.96890 66.94600 64.99840 65.89330 66.19610
-9999 -9999 -9999 -9999 -9999 -9999 -9999 -9999 -9999 -9999 -9999 -9999 50.54380 49.71340 48.24740 47.27320 46.45120 47.19000 48.72650 -9999 -9999 -9999 -9999 -9999 -9999 -9999 -9999 -9999 -9999 -9999 -9999 -9999 -9999 52.54760 52.32880 53.51930 54.85520 56.39290 57.83380 58.76470 59.34120 59.53480 60.09820 60.79100 60.77110 61.81640 62.34090 62.98150 63.42340 62.44230 60.82380 58.38260 57.49920 57.80800 58.79150 61.65450 62.61890 63.95120 64.72180 64.68730 64.89750 64.43910 64.90070 65.67930 66.35780 66.96460 66.79850 66.03280 65.88840 66.90090 67.78150
-9999 -9999 -9999 -9999 -9999 -9999 -9999 -9999 -9999 -9999 -9999 -9999 -9999 -9999 -9999 -9999 -9999 -9999 -9999 -9999 -9999 -9999 -9999 -9999 -9999 -9999 -9999 -9999 -9999 -9999 -9999 -9999 -9999 -9999 52.62830 53.33600 55.08960 56.22080 57.45820 58.39500 59.06320 59.32780 59.94080 60.98370 61.15520 61.41470 62.34310 63.01740 63.22860 61.95730 60.65760 58.28370 57.86300 58.18890 58.78640 61.74070 62.55750 62.52270 63.14340 63.36880 64.07000 63.90790 64.06810 65.37030 65.76580 65.86340 65.86910 65.35460 64.94620 66.33380 68.51820
-9999 -9999 -9999 -9999 -9999 -9999 -9999 -9999 -9999 -9999 -9999 -9999 -9999 -9999 -9999 -9999 -9999 -9999 -9999 -9999 -9999 -9999 -9999 -9999 -9999 -9999 -9999 -9999 -9999 -9999 -9999 -9999 -9999 -9999 52.83350 53.66040 54.21030 56.00780 57.60870 58.91330 59.37820 59.73110 60.30920 60.61440 61.06520 61.59390 62.18330 62.76000 63.08460 61.01770 59.41840 58.04840 58.64720 57.34780 58.21460 60.78710 62.43510 62.94660 63.16660 63.88240 64.83280 64.49490 63.81950 64.03130 65.05170 64.19370 64.82570 64.52910 64.44230 66.68230 -9999
-9999 -9999 -9999 -9999 -9999 -9999 -9999 -9999 -9999 -9999 -9999 -9999 -9999 -9999 -9999 -9999 -9999 -9999 -9999 -9999 -9999 -9999 -9999 -9999 -9999 -9999 -9999 -9999 -9999 -9999 -9999 -9999 -9999 -9999 -9999 -9999 -9999 -9999 57.90230 58.86000 59.33650 59.52400 60.03610 60.90330 61.37170 61.90830 62.24040 62.25780 62.10150 60.26760 58.65910 57.92110 58.38160 57.53510 58.08580 60.73890 61.98230 63.05860 63.56150 64.70280 65.30800 64.95900 64.12550 64.49380 63.85170 64.45950 64.73790 65.13680 66.50380 -9999 -9999
