data/hydroclimate-scenarios/1948-2000.Pcorr55N_Pref_Tref/monthly_summaries/rh_monthly_avg_oct.asc
ncols	311
nrows	91
xllcenter	102.75
yllcenter	31.75
cellsize	0.5
NODATA_value	-9999
[rows 0 to 31 of 91, columns 0 to 70 of 311]
-9999 -9999 -9999 -9999 -9999 -9999 -9999 -9999 -9999 -9999 -9999 -9999 -9999 -9999 -9999 -9999 -9999 -9999 -9999 -9999 -9999 -9999 -9999 -9999 -9999 -9999 -9999 -9999 -9999 -9999 -9999 -9999 -9999 -9999 -9999 -9999 -9999 -9999 -9999 -9999 -9999 -9999 -9999 -9999 -9999 -9999 -9999 -9999 -9999 -9999 -9999 -9999 -9999 -9999 -9999 -9999 -9999 -9999 -9999 -9999 -9999 -9999 -9999 -9999 -9999 -9999 -9999 -9999 -9999 -9999 -9999
-9999 -9999 -9999 -9999 -9999 -9999 -9999 -9999 -9999 -9999 -9999 -9999 -9999 -9999 -9999 -9999 -9999 -9999 -9999 -9999 -9999 -9999 -9999 -9999 -9999 -9999 -9999 -9999 -9999 -9999 -9999 -9999 -9999 -9999 -9999 -9999 -9999 -9999 -9999 -9999 -9999 -9999 -9999 -9999 -9999 -9999 -9999 -9999 -9999 -9999 -9999 -9999 -9999 -9999 -9999 -9999 -9999 -9999 -9999 -9999 -9999 -9999 -9999 -9999 -9999 -9999 -9999 -9999 -9999 -9999 -9999
-9999 -9999 -9999 -9999 -9999 -9999 -9999 -9999 -9999 -9999 -9999 -9999 -9999 -9999 -9999 -9999 -9999 -9999 -9999 -9999 -9999 -9999 -9999 -9999 -9999 -9999 -9999 -9999 -9999 -9999 -9999 -9999 -9999 -9999 -9999 -9999 -9999 -9999 -9999 -9999 -9999 -9999 -9999 -9999 -9999 -9999 -9999 -9999 -9999 -9999 -9999 -9999 -9999 -9999 -9999 -9999 -9999 -9999 -9999 -9999 -9999 -9999 -9999 -9999 -9999 -9999 -9999 -9999 -9999 -9999 -9999
-9999 -9999 -9999 -9999 -9999 -9999 -9999 -9999 -9999 -9999 -9999 -9999 -9999 -9999 -9999 -9999 -9999 -9999 -9999 -9999 -9999 -9999 -9999 -9999 -9999 -9999 -9999 -9999 -9999 -9999 -9999 -9999 -9999 -9999 -9999 -9999 -9999 -9999 -9999 -9999 -9999 -9999 -9999 -9999 -9999 -9999 -9999 -9999 -9999 -9999 -9999 -9999 -9999 -9999 -9999 -9999 -9999 -9999 -9999 -9999 -9999 -9999 -9999 -9999 -9999 -9999 -9999 -9999 -9999 -9999 -9999
-9999 -9999 -9999 -9999 -9999 -9999 -9999 -9999 -9999 -9999 -9999 -9999 -9999 -9999 -9999 -9999 -9999 -9999 -9999 -9999 -9999 -9999 -9999 -9999 -9999 -9999 -9999 -9999 -9999 -9999 -9999 -9999 -9999 -9999 -9999 -9999 -9999 -9999 -9999 -9999 -9999 -9999 -9999 -9999 -9999 -9999 -9999 -9999 -9999 -9999 -9999 -9999 -9999 -9999 -9999 -9999 -9999 -9999 -9999 -9999 -9999 -9999 -9999 -9999 -9999 -9999 -9999 -9999 -9999 -9999 -9999
-9999 -9999 -9999 -9999 -9999 -9999 -9999 -9999 -9999 -9999 -9999 -9999 -9999 -9999 -9999 -9999 -9999 -9999 -9999 -9999 -9999 -9999 -9999 -9999 -9999 -9999 -9999 -9999 -9999 -9999 -9999 -9999 -9999 -9999 -9999 -9999 -9999 -9999 -9999 -9999 -9999 -9999 -9999 -9999 -9999 -9999 -9999 -9999 -9999 -9999 -9999 -9999 -9999 -9999 -9999 -9999 -9999 -9999 -9999 -9999 -9999 -9999 -9999 -9999 -9999 -9999 -9999 -9999 -9999 -9999 -9999
-9999 -9999 -9999 -9999 -9999 -9999 -9999 -9999 -9999 -9999 -9999 -9999 -9999 -9999 -9999 -9999 -9999 -9999 -9999 -9999 -9999 -9999 -9999 -9999 -9999 -9999 -9999 -9999 -9999 -9999 -9999 -9999 -9999 -9999 -9999 -9999 -9999 -9999 -9999 -9999 -9999 -9999 -9999 -9999 -9999 -9999 -9999 -9999 -9999 -9999 -9999 -9999 -9999 -9999 -9999 -9999 -9999 -9999 -9999 -9999 -9999 -9999 -9999 -9999 -9999 -9999 -9999 -9999 -9999 -9999 -9999
-9999 -9999 -9999 -9999 -9999 -9999 -9999 -9999 -9999 -9999 -9999 -9999 -9999 -9999 -9999 -9999 -9999 -9999 -9999 -9999 -9999 -9999 -9999 -9999 -9999 -9999 -9999 -9999 -9999 -9999 -9999 -9999 -9999 -9999 -9999 -9999 -9999 -9999 -9999 -9999 -9999 -9999 75.39330 75.27960 74.98780 74.65260 74.36510 74.44520 74.07190 74.08440 73.47480 73.02740 -9999 -9999 -9999 -9999 -9999 -9999 -9999 -9999 -9999 -9999 -9999 -9999 -9999 -9999 -9999 -9999 -9999 -9999 -9999
-9999 -9999 -9999 -9999 -9999 -9999 -9999 -9999 -9999 -9999 -9999 -9999 -9999 -9999 -9999 -9999 -9999 -9999 -9999 -9999 -9999 -9999 -9999 -9999 -9999 -9999 -9999 -9999 -9999 -9999 -9999 -9999 -9999 -9999 -9999 -9999 -9999 -9999 75.69710 75.26820 75.26990 74.98610 75.28540 74.91860 74.94090 74.64520 74.31380 73.91450 74.11120 73.45880 73.11800 72.95370 72.58910 71.68260 -9999 -9999 -9999 -9999 -9999 -9999 -9999 -9999 -9999 -9999 -9999 -9999 -9999 -9999 -9999 -9999 -9999
-9999 -9999 -9999 -9999 -9999 -9999 -9999 -9999 -9999 -9999 -9999 -9999 -9999 -9999 -9999 -9999 -9999 -9999 -9999 -9999 -9999 -9999 -9999 -9999 -9999 -9999 -9999 -9999 -9999 -9999 -9999 -9999 -9999 -9999 -9999 -9999 -9999 -9999 -9999 -9999 75.20980 74.92390 74.59400 74.19570 74.21950 73.87720 73.90020 73.57820 73.80680 73.11510 72.78400 72.59520 72.25580 71.33160 -9999 -9999 -9999 -9999 -9999 -9999 -9999 -9999 -9999 -9999 -9999 -9999 -9999 -9999 -9999 -9999 -9999
-9999 -9999 -9999 -9999 -9999 -9999 -9999 -9999 -9999 -9999 -9999 -9999 -9999 -9999 -9999 -9999 -9999 -9999 -9999 -9999 -9999 -9999 -9999 -9999 -9999 -9999 -9999 -9999 -9999 -9999 -9999 -9999 -9999 -9999 -9999 -9999 -9999 -9999 -9999 -9999 -9999 -9999 -9999 -9999 74.23430 73.84780 73.11150 72.78940 72.80950 72.74750 72.37280 70.69460 70.47410 69.80790 -9999 -9999 -9999 -9999 -9999 -9999 67.94340 -9999 -9999 -9999 -9999 -9999 -9999 -9999 -9999 -9999 -9999
-9999 -9999 -9999 -9999 -9999 -9999 -9999 -9999 -9999 -9999 -9999 -9999 -9999 -9999 -9999 -9999 -9999 -9999 -9999 -9999 -9999 -9999 -9999 -9999 -9999 -9999 -9999 -9999 -9999 -9999 -9999 -9999 -9999 -9999 -9999 -9999 -9999 -9999 -9999 -9999 -9999 74.41120 74.43180 73.82630 73.83060 73.57340 73.20600 72.75990 72.49190 72.11740 71.66870 70.05810 70.09060 69.98340 -9999 -9999 -9999 -9999 -9999 67.91920 67.85770 67.60050 67.26690 67.92750 67.62170 67.90270 67.88340 67.80540 67.53040 67.86850 67.60290
-9999 -9999 -9999 -9999 -9999 -9999 -9999 -9999 -9999 -9999 -9999 -9999 -9999 -9999 -9999 -9999 -9999 -9999 -9999 -9999 -9999 -9999 -9999 -9999 -9999 -9999 -9999 -9999 -9999 -9999 -9999 -9999 -9999 -9999 -9999 -9999 -9999 -9999 -9999 -9999 -9999 74.41750 74.44300 74.17070 73.90460 73.89170 73.61610 72.89770 72.55130 72.10410 71.71940 69.24730 68.90080 68.83260 68.86780 68.14570 68.23370 -9999 67.90350 67.59680 67.23610 66.94530 66.87830 67.21480 66.91900 66.97520 67.25880 67.18800 67.20340 67.23030 67.28270
-9999 -9999 -9999 -9999 -9999 -9999 -9999 -9999 -9999 -9999 -9999 -9999 -9999 -9999 -9999 -9999 -9999 -9999 -9999 -9999 -9999 -9999 -9999 -9999 -9999 -9999 -9999 -9999 -9999 -9999 -9999 -9999 -9999 -9999 -9999 74.28390 74.66370 74.42760 74.49470 75.12570 74.90170 75.11880 74.80850 74.22780 73.97310 73.94010 73.62440 72.94190 72.57990 71.76510 71.00720 69.17240 68.05580 67.99620 67.34840 66.60220 67.13490 67.14440 67.21220 66.94530 66.59400 66.28100 66.20040 65.79930 65.83390 66.58820 66.55570 66.51660 66.91080 66.90260 66.93290
-9999 -9999 -9999 -9999 -9999 -9999 -9999 -9999 -9999 -9999 -9999 -9999 -9999 -9999 -9999 -9999 -9999 -9999 -9999 -9999 -9999 -9999 -9999 -9999 -9999 -9999 -9999 -9999 -9999 -9999 -9999 -9999 -9999 -9999 74.30150 74.33240 74.13870 74.58350 74.66260 74.70900 74.77410 75.06500 74.77490 74.69480 74.11360 74.04290 73.41380 72.84100 72.10290 70.88700 69.82970 68.24590 67.09900 66.26200 66.25950 66.39840 66.84350 66.60710 67.03910 67.54660 66.83840 66.16390 66.07130 65.30990 66.08220 66.12210 66.09530 65.72480 65.26730 65.69580 65.31660
-9999 -9999 -9999 -9999 -9999 -9999 -9999 -9999 -9999 -9999 -9999 -9999 -9999 -9999 -9999 -9999 -9999 -9999 -9999 -9999 -9999 -9999 -9999 -9999 -9999 -9999 -9999 -9999 -9999 -9999 -9999 -9999 -9999 73.27290 73.63060 73.99010 74.10110 74.58500 74.64310 74.68890 75.03540 74.72040 74.74530 74.37070 74.07020 73.72460 73.04430 72.47290 71.34710 70.07810 68.96150 66.91080 65.08340 65.79370 65.99540 66.02330 65.46560 66.27530 66.31050 66.47560 65.76170 65.83440 65.81530 66.07940 65.73810 65.72420 65.39610 65.00050 64.96980 65.36480 65.31880
-9999 -9999 -9999 -9999 -9999 -9999 -9999 -9999 -9999 -9999 -9999 -9999 -9999 -9999 -9999 -9999 -9999 -9999 -9999 -9999 -9999 -9999 -9999 -9999 -9999 -9999 -9999 -9999 -9999 -9999 -9999 73.25490 73.33120 73.37900 73.75920 73.97480 74.02480 74.46040 74.85900 74.86270 74.90660 74.65770 74.95090 74.23990 73.95380 73.26700 72.94920 72.78440 71.38140 70.16440 69.07490 66.49130 64.50320 65.17670 65.42890 65.47750 66.27570 65.97130 64.89480 65.41960 65.73190 65.12430 65.10230 65.41050 65.07710 65.11330 64.78680 65.03860 65.39260 64.62070 63.94470
-9999 -9999 -9999 -9999 -9999 -9999 -9999 -9999 -9999 -9999 -9999 -9999 -9999 -9999 -9999 -9999 -9999 -9999 -9999 -9999 -9999 -9999 -9999 -9999 -9999 -9999 -9999 -9999 -9999 73.03040 73.04490 72.61630 72.98470 73.33580 73.45700 73.63970 74.00290 74.43500 74.52040 74.84300 74.86980 74.90560 74.62760 74.23170 73.90300 73.21140 72.27260 72.04590 70.22890 69.07220 67.97780 65.27410 63.85730 64.95550 64.66540 64.75370 65.60030 64.95870 64.66460 65.74880 65.03670 64.65450 64.31750 64.33220 64.72720 64.75230 64.09200 63.91400 63.93010 64.26810 64.38710
-9999 -9999 -9999 -9999 -9999 -9999 -9999 -9999 -9999 -9999 -9999 -9999 -9999 -9999 -9999 -9999 -9999 -9999 -9999 -9999 -9999 -9999 -9999 -9999 71.48320 71.84520 71.93060 72.22660 72.25470 72.14820 72.17260 71.67280 71.75870 71.50480 71.86390 72.53740 72.60940 73.01030 73.06020 74.32140 74.69840 74.72060 74.44240 73.55920 72.65720 72.00570 71.68620 71.36840 69.64200 68.97670 68.59470 66.35190 65.81190 66.74180 66.85760 66.42030 66.17540 65.96370 65.26410 64.01860 63.95150 63.18450 63.19450 64.38830 64.46720 64.55240 64.97170 64.93200 64.63370 64.48920 62.92490
-9999 -9999 -9999 -9999 -9999 -9999 69.44940 68.68660 68.73080 68.71620 68.97270 -9999 -9999 -9999 -9999 -9999 -9999 -9999 -9999 -9999 -9999 70.89660 70.77730 70.84700 70.87490 71.20960 71.24890 71.24170 71.55660 71.54260 71.86550 71.35720 71.41030 71.76740 71.51920 71.93390 72.27960 72.70920 73.10120 74.30900 74.64620 74.72900 74.70790 73.26320 72.61360 71.67660 71.33400 71.04700 69.67240 68.95600 67.88730 66.72890 65.56720 66.10130 66.94910 66.49640 66.15520 65.69550 65.33250 63.83360 63.67240 63.14880 62.54100 63.38730 63.42200 64.66020 64.75690 64.64030 64.64220 64.66350 64.34000
-9999 -9999 -9999 -9999 -9999 69.32270 69.25700 67.86930 68.21060 68.19520 68.47380 69.01860 69.33040 69.46900 -9999 -9999 -9999 70.00030 70.34960 70.14890 70.37420 70.27790 70.27730 70.21670 70.24650 70.56080 70.92050 70.90860 71.24760 71.14990 71.50810 71.07460 71.13760 71.47060 71.79090 71.86100 71.93440 72.29520 72.65630 74.24980 74.63860 74.37050 74.38250 73.28910 72.63030 71.97100 70.64370 70.66740 69.31030 68.63550 67.96320 67.01610 66.74540 66.75150 66.82490 66.23120 65.91300 65.52580 65.57220 64.12900 63.77910 62.97440 62.65940 63.87590 63.47910 62.90820 63.34950 63.53960 63.98800 63.68060 63.70080
-9999 69.67350 69.63830 69.63680 68.98330 68.82320 68.75290 67.71620 67.66460 67.95810 67.93150 68.53930 68.47830 68.97520 69.25700 69.70770 70.31790 69.58460 69.91800 70.07180 70.30010 70.15350 70.10000 70.31070 70.39420 70.36560 70.66240 70.69530 70.98160 71.20470 71.55010 70.87490 70.88390 71.21440 71.27020 71.60170 71.67930 71.97150 72.35340 73.61040 73.68870 74.06940 74.08000 72.72240 72.34060 71.98970 70.64920 70.74850 69.70730 68.77610 68.04560 67.00020 66.40200 65.59480 65.66150 65.47790 65.29440 65.94420 65.23080 63.86880 63.56290 63.06980 62.55850 63.19310 62.84750 62.96480 63.71270 62.90360 63.67110 63.26560 62.50250
-9999 69.03160 69.03190 68.99320 68.96160 68.91100 68.87060 68.49080 68.74650 68.77490 68.45770 68.63410 68.54910 68.60950 69.15540 69.01740 69.31230 69.33080 69.73280 70.01220 69.89550 69.78170 69.98020 70.14950 70.18400 70.48870 70.41420 70.31900 70.31930 70.67850 70.99790 71.31400 71.05480 71.05800 71.70470 71.95190 72.25170 72.47270 72.84650 73.50860 73.56700 73.94230 73.95630 73.33270 72.99980 72.79410 71.85710 71.48110 70.45810 69.13960 68.44500 67.05350 66.65290 65.03280 64.80680 65.12270 65.54540 65.23840 65.23610 64.66050 64.35610 63.82740 63.40150 63.34890 62.96230 62.87410 62.90560 62.47630 62.51900 62.58880 62.27980
-9999 -9999 -9999 68.44150 68.14290 68.43490 68.36460 68.02910 67.95870 68.40680 68.58860 68.59000 69.10250 69.09960 68.75050 68.88230 68.97670 69.66010 69.66880 69.89550 69.78520 69.67680 69.87160 69.69550 69.99460 70.01030 70.30310 70.15220 70.44030 70.49450 70.78960 70.78390 71.09730 71.15820 71.45240 71.37800 71.40080 71.89440 72.24900 72.89600 72.90840 73.05850 73.38490 73.01520 73.02960 72.53380 71.88810 71.22910 70.56330 69.82320 68.51040 67.44940 66.39930 65.25160 65.32730 64.48210 65.31550 64.93630 64.55250 64.29710 64.40520 63.50290 63.13620 63.02330 62.98250 62.93700 63.34140 62.46210 62.18460 61.89090 61.66460
-9999 -9999 -9999 -9999 -9999 -9999 68.21770 68.28360 68.23250 68.34960 68.29720 68.71440 68.69800 68.71350 68.93270 69.30110 69.62670 69.67870 70.08860 70.15570 70.05850 69.92860 70.18600 69.89130 70.16230 69.84580 70.12660 70.40210 70.38430 70.29700 70.28410 70.55440 70.53460 70.83270 71.16220 71.18470 71.18470 71.60940 71.91930 72.20800 72.28800 72.72780 72.78710 72.78130 72.45790 72.35630 72.00860 70.95900 70.58730 69.51470 68.14540 66.79440 65.80640 66.51070 65.50290 64.68990 65.09040 63.95560 63.51620 63.71270 62.98980 62.85660 62.48200 62.28890 62.62200 62.29050 63.37740 62.29270 62.00300 62.04670 61.76860
-9999 -9999 -9999 -9999 -9999 -9999 67.78210 67.84730 68.12720 68.11140 68.13780 68.26030 68.54040 68.80120 69.11490 68.94670 69.26330 69.34620 69.92780 69.70750 69.98410 69.85670 69.77910 69.83380 69.75210 70.01190 70.03730 70.25340 70.23030 69.80940 70.12550 70.33900 70.02560 70.59530 70.61850 70.80520 71.13310 71.25740 71.27050 71.85250 71.97290 72.13820 72.46090 72.49200 72.20070 72.07510 71.79530 71.76590 70.80820 70.06680 69.05830 68.08620 67.41730 66.68210 66.04250 66.29490 65.90370 64.75430 64.45590 63.88180 62.61430 62.55520 62.48790 62.41860 62.41370 63.10090 63.45210 62.74320 62.80150 62.54780 61.80840
-9999 -9999 -9999 -9999 -9999 -9999 -9999 -9999 -9999 -9999 68.37750 67.71860 68.27480 68.75210 68.71690 69.26010 69.33230 69.66210 70.04660 70.18050 69.88300 69.90130 69.87360 69.81560 70.03830 69.51530 69.44540 69.87970 69.79640 69.73180 69.70110 69.81410 70.08200 70.14980 70.40390 70.74580 70.96830 70.74430 71.10590 71.80510 71.86960 71.86530 72.23200 72.22030 71.62290 71.75540 71.48430 71.69400 70.75620 70.64470 70.03810 69.33560 68.58420 68.26480 67.94220 67.33990 67.29820 66.54860 66.21890 65.59800 65.27670 65.13220 64.75240 63.96870 63.94050 64.38630 64.44750 64.28040 64.21790 64.32130 63.67310
-9999 -9999 -9999 -9999 -9999 -9999 -9999 -9999 -9999 -9999 68.29420 68.26590 68.15790 68.57580 68.69350 69.21380 69.27950 69.37270 69.43920 69.56660 69.84240 69.87230 70.07090 69.73010 69.65780 69.77940 69.67650 69.70360 69.38330 69.54440 69.51830 69.29840 69.56580 69.64390 69.79130 70.09730 70.31370 70.41050 70.74620 71.18830 71.31650 71.31990 71.68410 71.38690 71.38230 71.21440 70.93750 71.10350 70.76390 70.34470 69.73970 69.30610 68.63240 68.29120 68.00280 67.63630 67.40670 67.22660 66.97820 66.70280 66.40200 66.39220 66.37180 65.94380 65.92380 66.03920 66.03610 65.92610 65.90050 64.50600 64.11420
-9999 -9999 -9999 -9999 -9999 -9999 -9999 -9999 -9999 -9999 -9999 -9999 68.13860 67.88190 68.54450 68.90490 69.55570 70.03590 69.91940 69.89010 70.13870 69.64200 69.54500 69.92460 69.58350 69.66330 69.53080 69.23670 69.18450 69.19940 69.13890 68.89970 69.09510 69.33580 68.98850 69.61550 70.13680 69.84870 70.20420 70.49320 70.85540 70.96820 71.04840 71.45720 71.22430 70.92820 70.93780 70.78570 70.48190 69.77950 69.41410 68.65030 67.96460 67.91940 67.63740 67.51040 67.22160 66.56990 66.56400 66.38990 66.36340 66.39260 66.68520 66.66230 66.37330 66.78210 66.83610 66.52450 66.79610 66.16710 64.73540
-9999 -9999 -9999 -9999 -9999 -9999 -9999 -9999 -9999 -9999 -9999 -9999 68.09880 68.16750 68.49870 69.06990 69.25720 69.85300 69.57700 69.76370 69.99980 69.45720 69.72560 69.30930 68.90950 69.24300 69.39870 69.23930 68.74830 68.75280 68.70220 68.73840 68.68880 69.27430 69.19520 69.78900 69.74500 69.72290 69.93400 70.20910 70.68110 71.07790 71.13430 71.29290 70.95620 71.00610 70.72410 70.55300 70.26130 69.45370 69.13830 68.68480 67.99300 67.26650 67.26080 67.25370 67.00320 66.89620 66.59440 66.69110 66.48020 66.70640 66.75070 66.70700 66.80150 66.88650 66.72480 67.20660 66.56610 65.61340 64.88790
-9999 -9999 -9999 -9999 -9999 -9999 -9999 -9999 -9999 -9999 -9999 67.16440 67.45690 67.99080 68.44990 67.95660 68.30050 68.67040 69.03550 68.95250 69.63640 69.08470 69.36050 69.40260 68.78720 68.93580 68.76540 68.70150 68.62110 68.63470 68.64390 68.33140 68.58170 68.84470 69.04750 69.46410 69.33360 69.32890 69.27000 69.39760 69.70680 69.90730 69.96590 70.17590 70.52550 70.47810 70.46740 70.30350 69.95760 69.31400 68.66750 68.13900 67.40070 67.05750 67.03530 66.74280 66.74220 66.76850 66.45050 66.73910 66.49070 66.75580 66.80660 66.91750 67.02280 67.46510 66.93100 66.98910 66.30990 65.18160 64.07690
-9999 -9999 -9999 -9999 -9999 -9999 -9999 -9999 -9999 -9999 -9999 66.99350 67.13050 67.93000 68.38030 67.94910 67.94660 68.56110 68.88920 69.41980 69.16610 69.32880 69.27490 69.43560 69.29700 69.16280 68.68580 68.47900 68.09420 68.01980 68.03970 67.77730 68.01340 68.61520 68.56970 68.97240 69.29860 69.19310 69.15760 69.30800 69.60250 69.70130 69.73560 70.20370 70.22710 70.22420 69.96070 70.05710 69.82740 69.41460 69.09420 68.54670 67.95060 67.27620 66.94140 66.57960 66.58730 66.60610 66.59980 66.65540 66.90960 66.81400 66.85520 67.33500 67.63750 67.29030 67.26460 67.10020 66.03910 65.17240 64.92490
