data/hydroclimate-scenarios/1948-2000.Pcorr55N_Pref_Tref/monthly_summaries/rh_monthly_avg_apr.1950-2000.asc
ncols	311
nrows	91
xllcenter	102.75
yllcenter	31.75
cellsize	0.5
NODATA_value	-9999
[rows 32 to 63 of 91, columns 0 to 70 of 311]
-9999 -9999 -9999 -9999 -9999 -9999 -9999 -9999 -9999 -9999 -9999 35.01290 35.39080 35.58340 36.30110 37.32560 37.69100 37.81500 38.42170 39.26730 39.25950 38.62000 38.03420 37.65030 36.91880 36.24790 35.02430 34.85000 33.68250 33.07090 32.79590 33.34470 33.65240 34.03000 34.73030 35.36310 35.76120 36.55500 36.58970 37.65450 37.51430 38.11200 38.47700 37.89360 37.35650 36.91150 37.37530 37.95250 37.73270 36.72060 36.38490 35.50750 35.48360 34.59830 33.59940 33.04900 32.10700 31.76560 30.95350 30.90420 30.52780 29.35200 28.85680 28.97310 29.37210 29.52000 29.24140 29.53720 30.58590 30.97350 30.94650
-9999 -9999 -9999 -9999 -9999 -9999 -9999 -9999 -9999 -9999 -9999 36.17300 36.14250 36.20800 36.78710 37.28410 37.85480 37.97850 38.81400 39.19470 39.37830 38.97550 38.26340 37.93800 36.81160 35.98020 35.54930 34.27110 33.45080 32.89120 32.66090 32.85590 33.33630 33.37420 34.55330 35.33800 35.94510 36.57330 37.00350 38.19390 38.57460 39.39780 39.32820 39.25330 39.24720 39.36040 39.50690 39.24710 38.80580 38.27140 37.87810 36.67990 36.50250 35.79250 34.93310 34.04390 33.57750 33.37080 32.50270 31.79790 31.47190 30.57670 30.26790 29.98050 30.16500 30.65920 30.92160 31.58640 31.89790 32.16030 32.27250
-9999 -9999 -9999 -9999 -9999 -9999 -9999 -9999 -9999 -9999 -9999 -9999 35.70790 36.00100 36.36640 36.85140 37.65730 38.04790 38.63630 39.33330 39.45650 38.72280 38.28680 37.59540 36.93530 36.18300 34.67690 33.82720 33.05970 32.07180 31.61240 31.75750 32.04540 32.11710 33.11270 34.17840 35.68100 35.89590 36.70590 37.85480 39.11160 39.55180 40.52830 40.82280 40.90810 41.05630 40.92310 40.67840 40.31540 39.52310 38.58540 38.55070 37.79650 36.28320 35.29720 35.04920 34.39750 33.32980 33.02560 32.29260 31.22930 30.82550 30.58920 30.87420 31.27830 31.78190 32.15870 32.29360 33.78190 35.03520 34.80790
-9999 -9999 -9999 -9999 -9999 -9999 -9999 -9999 -9999 -9999 -9999 -9999 34.94470 35.68970 36.46290 36.53990 37.07020 37.88690 38.32870 39.18770 39.28340 38.46530 37.98240 36.81770 35.71330 34.93750 33.25560 32.71070 31.33310 30.62580 30.68700 30.90620 30.31470 30.70610 31.72780 32.93480 34.43330 35.57250 36.22810 37.69930 39.24760 40.54810 41.08990 42.03400 43.13960 43.30000 43.36640 42.72410 41.69110 40.59490 39.68940 38.40980 37.55330 36.35210 35.93840 34.77930 34.07370 33.93100 32.99220 32.66800 32.21930 31.79130 31.85830 32.13690 31.90470 31.78550 32.60740 34.06030 35.09690 36.60900 37.77820
-9999 -9999 -9999 -9999 -9999 -9999 -9999 -9999 -9999 -9999 -9999 -9999 34.77320 34.86710 34.85350 35.98080 36.99990 37.10990 37.87180 38.26090 38.94030 37.96500 37.34520 36.15030 34.26540 33.34430 32.22560 31.00450 30.30360 29.45290 28.62730 28.73630 29.37630 29.65880 30.32540 31.87800 32.19600 34.21080 35.32230 37.39860 38.53430 40.59480 41.82480 43.34000 44.83280 46.54950 45.48680 44.41420 43.28700 41.59600 40.55540 39.59390 38.31000 37.65300 36.44940 35.31950 34.45670 33.77550 33.71990 33.55900 33.67600 33.54180 33.25570 33.10820 33.52730 33.53190 34.58900 36.23900 37.67020 38.95360 40.13200
-9999 -9999 -9999 35.11650 34.73350 33.84000 33.53310 34.04310 33.89390 -9999 34.44950 34.82820 34.74450 34.75160 35.05780 34.77520 35.22670 35.58830 36.22390 36.66020 37.34390 36.86270 35.30090 34.70160 33.66230 32.03090 30.32670 29.96690 29.26770 27.79200 27.79820 27.01840 27.29500 27.90530 29.19570 30.17350 31.37470 33.00660 34.36580 36.06000 37.86100 39.82230 41.00160 43.18230 44.61620 46.17350 45.78950 44.27110 43.22880 41.96430 40.67980 39.45240 38.45040 37.87650 36.80940 35.59510 35.23420 34.04610 34.02130 33.54650 33.99320 34.44430 34.34170 34.96930 35.47810 36.10380 37.08930 38.39000 40.22210 41.26260 42.90000
-9999 -9999 -9999 34.57070 33.95860 33.85110 33.92040 33.11550 33.94380 34.32480 34.46580 34.69110 34.93560 34.38450 34.51250 34.50010 34.36520 33.81360 33.86780 34.44280 34.38550 33.93240 33.87720 32.95790 31.98000 30.67480 29.60640 28.67730 27.94910 27.12790 26.87980 25.52370 26.84920 26.92590 28.00210 29.73770 29.43810 32.17030 33.80210 35.68120 37.61090 39.48550 41.41740 42.50420 44.30620 45.14870 44.83140 43.93700 43.42350 41.95920 41.49240 39.29660 38.74150 37.46810 36.43890 36.14220 35.22390 34.88930 34.94000 34.23970 34.21060 35.75070 35.81060 36.22300 37.24460 38.55020 39.55690 40.61630 42.62070 44.75920 46.15500
-9999 -9999 -9999 33.67280 33.15030 33.26290 33.52440 33.46740 32.49350 33.14880 33.58170 33.79860 34.25020 34.04210 33.74750 33.53520 33.75300 33.12590 32.65240 32.43390 32.48420 31.59240 31.32270 31.27330 30.40320 28.66490 28.36570 27.30600 26.89630 26.67770 26.61930 25.54370 25.72940 25.61140 26.64890 27.94810 28.80830 30.31110 32.35520 33.76530 35.87360 38.39300 40.21120 42.17800 43.88470 44.77950 44.75610 44.07420 42.97480 41.58650 40.74980 39.12050 37.68460 37.31430 35.84060 35.57160 34.95850 35.15550 35.09100 34.40230 34.98040 35.74480 36.53510 37.38830 38.69620 40.33710 41.33360 43.01860 45.19360 46.95620 48.54350
-9999 -9999 -9999 32.84180 32.40520 33.68710 34.38970 33.78450 32.96770 32.70340 32.66670 33.14990 33.41190 33.56880 33.70550 33.01820 32.08240 32.26620 31.16980 30.35030 29.83340 29.87070 29.55760 29.16560 27.77100 26.66130 26.16450 24.87750 25.15530 26.39730 25.89980 23.86760 24.91700 26.02030 26.74220 27.20270 27.81460 28.50910 29.69860 31.84200 33.68600 36.22860 38.76120 40.53350 42.10710 43.17710 42.65910 42.28630 41.69960 41.18930 40.30600 38.84680 37.63160 35.93220 35.21150 35.90980 34.63060 34.69390 35.20210 35.01200 35.38130 36.54330 37.80930 39.67160 40.79270 42.81810 44.21020 45.12480 46.86150 49.27290 51.39410
-9999 -9999 -9999 31.61990 30.82760 31.68470 31.68380 31.91570 31.79710 32.20690 31.82130 32.55510 32.88400 33.25290 33.17640 32.14800 31.07800 30.26950 29.57530 28.64030 27.88740 26.99150 26.81690 26.27780 25.88550 25.03970 24.13050 23.89940 24.43300 24.60930 24.53670 23.71640 24.30220 24.73960 25.07650 25.34090 26.31680 27.19240 28.82670 30.26950 31.87240 33.79020 35.97320 36.67670 38.16410 38.87430 39.40920 39.90300 39.84570 39.35320 38.97110 37.07090 36.50900 35.71290 35.21630 35.55510 34.19240 34.82770 35.17030 35.37090 36.14970 37.48260 37.49720 41.50200 42.92290 44.50710 46.04460 47.14440 48.56250 50.67660 52.99050
-9999 -9999 -9999 -9999 30.75810 31.46860 31.46750 31.16110 31.60570 31.59490 30.98690 31.78180 32.86250 32.94540 -9999 -9999 -9999 -9999 -9999 26.82620 25.33130 23.65530 23.99190 24.50240 23.86550 22.90260 22.41950 22.35530 22.19330 22.02840 22.53170 22.80580 23.66860 23.63690 23.97400 24.97870 25.71630 26.35670 26.84230 28.55490 30.27600 31.28090 32.51940 33.61330 34.64970 35.11250 35.71080 37.41330 36.93070 36.59290 36.93380 35.80030 35.08620 34.63470 34.30180 34.66380 34.45000 34.83100 35.92850 36.44780 36.65700 37.29390 39.32300 41.43760 43.23690 44.44380 45.82140 48.71060 50.15710 -9999 -9999
-9999 -9999 31.86900 31.73960 30.39760 30.18170 30.20280 30.94150 30.01720 30.32080 30.19450 30.77210 31.90500 -9999 -9999 -9999 -9999 -9999 26.49860 24.34570 23.55490 21.48090 21.43330 22.16400 22.08430 21.76730 21.72810 21.58950 21.55230 21.53330 21.90330 22.12520 22.47110 23.45890 23.49560 24.05670 24.70650 25.49230 25.85440 27.85320 29.02380 29.21330 30.07030 30.71460 31.41310 32.58680 33.75300 34.82750 35.39220 35.34430 34.74440 34.53180 34.68470 34.12170 33.47030 33.89800 34.07760 34.87640 35.83830 35.90520 36.34980 37.73480 40.12150 41.37820 43.78950 45.71720 46.90310 -9999 -9999 -9999 -9999
-9999 -9999 32.19360 31.71570 29.78260 29.45460 28.92280 29.99240 29.28320 28.80140 29.99080 30.66330 30.64860 -9999 -9999 -9999 -9999 25.47360 24.37120 22.47670 21.47460 20.61030 20.61700 20.58600 20.61890 20.76860 21.12860 20.87540 21.00390 21.17970 21.34120 21.99460 22.01870 22.74000 23.25930 23.97120 24.87100 24.63320 25.61240 26.77930 26.93450 27.07520 27.91980 28.34810 29.34530 30.76320 31.85450 33.14920 33.25370 33.59840 33.55910 32.94210 33.26490 33.47330 33.08240 34.59650 34.74260 34.84720 35.90510 35.83430 36.69040 37.95270 39.42040 42.50670 44.58060 -9999 -9999 -9999 -9999 -9999 53.53490
-9999 -9999 33.26310 32.42280 30.98960 29.98270 29.25180 29.77710 29.80940 29.31650 30.10480 31.29360 28.96180 -9999 -9999 -9999 -9999 24.87860 23.71570 21.53190 20.54080 19.77840 19.76540 19.67990 19.78050 20.07620 20.90670 20.77990 20.62420 21.45440 21.12540 21.89900 21.91540 22.69700 23.15470 24.05960 23.90840 24.22330 24.38070 25.07720 25.78940 26.16470 26.74120 26.89110 28.45270 29.94900 30.67620 31.92930 31.83840 31.78510 31.62170 31.93500 32.32830 32.68360 32.89960 34.08470 34.97410 35.08230 35.91500 36.25660 37.37140 38.56120 39.77500 40.59730 41.88470 43.18760 45.56720 46.89810 48.62940 -9999 -9999
-9999 -9999 -9999 33.84980 32.26890 30.27120 28.68140 28.25380 29.25010 30.01310 29.27470 30.81390 -9999 -9999 -9999 -9999 25.55540 24.46140 22.27570 21.07860 20.24040 19.10190 19.23710 19.00010 19.24680 19.84600 20.47690 20.95200 21.45510 22.01220 21.53760 21.25190 21.28410 21.89820 23.03390 22.32550 22.26100 23.16980 23.82740 23.80530 24.30310 24.79410 25.08250 26.62230 27.79220 29.61160 30.45490 31.06130 30.78740 30.47840 30.31150 31.33240 31.70950 32.43320 32.90810 33.28640 33.67140 34.14790 35.16450 35.65550 36.30060 36.92850 37.32640 38.68010 39.26410 40.79320 42.79950 44.20790 45.53920 46.03490 -9999
-9999 -9999 -9999 -9999 33.49630 31.23740 29.29840 30.60990 30.66830 29.63430 27.03300 -9999 -9999 -9999 -9999 26.99230 26.39710 23.81250 21.29720 20.47320 19.60420 18.91220 18.72650 18.73810 19.15360 19.43890 19.98870 20.64550 21.44840 21.36780 21.66240 21.21940 21.33180 21.99180 22.76690 22.29610 22.45560 22.84570 23.18300 23.03860 23.82650 24.21680 24.99200 25.99380 27.08280 28.09550 29.17950 29.72120 29.95550 30.00850 30.20440 30.94050 31.75590 32.20490 32.30330 33.18370 34.06020 34.09520 34.40890 34.82940 34.72390 35.36370 35.68070 37.10050 37.84230 39.61090 41.19010 41.92170 42.53600 43.79740 45.29400
-9999 -9999 -9999 -9999 -9999 -9999 31.48450 32.14250 28.87130 27.30120 25.06380 -9999 -9999 -9999 -9999 -9999 25.72960 23.16060 21.43840 20.66190 19.76860 18.53270 18.63610 18.87800 18.97330 19.28460 19.53630 20.29890 20.63520 20.58330 21.22170 21.18520 21.05350 21.08340 22.44110 21.85120 22.38720 22.53220 22.21920 22.37020 22.82760 23.62100 24.46150 24.69110 26.01760 26.87900 27.54690 28.79870 30.01470 30.32820 30.03440 31.15720 31.65790 31.52770 31.30460 32.15050 32.75150 33.76770 34.25040 33.99910 34.51960 34.24490 34.88780 36.64670 38.00690 38.12040 39.54720 40.46560 41.18060 41.90560 43.82290
-9999 -9999 -9999 -9999 -9999 -9999 -9999 -9999 -9999 -9999 -9999 -9999 -9999 -9999 -9999 -9999 -9999 -9999 -9999 20.94080 20.22790 18.92710 18.63120 18.72190 19.08480 19.33480 20.34350 20.17550 20.35000 21.09650 21.32780 21.38820 21.17180 21.24740 21.83230 21.79830 21.64420 21.71500 21.79330 22.13440 22.33960 22.70850 23.66490 24.08300 25.16740 26.57730 27.36450 28.34660 29.55770 30.39310 31.41520 31.70460 31.70610 31.38750 31.31030 32.03840 32.55460 33.45630 33.47500 33.45350 33.56190 33.79340 34.45300 36.43890 37.29730 37.72680 38.39700 38.77680 40.26170 41.16930 43.26990
-9999 -9999 -9999 -9999 -9999 -9999 -9999 -9999 -9999 -9999 -9999 -9999 -9999 -9999 -9999 -9999 -9999 -9999 21.44220 20.53250 19.96440 19.41320 19.33850 19.36740 19.47040 19.74420 20.03310 20.28160 19.91540 20.55770 20.66970 21.04710 21.33360 21.22180 21.24100 21.96840 22.36150 22.39570 22.45750 22.04880 22.17670 22.40520 22.90010 24.12130 25.21500 25.78700 26.20680 27.48950 28.33030 29.62840 30.43930 30.98220 31.39560 31.41400 31.21010 31.42730 31.79420 31.39980 31.20870 32.95180 33.48950 34.22770 34.56140 35.48650 36.20320 37.45610 38.72740 39.42770 41.78520 43.27840 45.34760
-9999 -9999 -9999 -9999 -9999 -9999 -9999 -9999 -9999 -9999 -9999 -9999 -9999 -9999 -9999 -9999 -9999 22.15970 21.01990 20.03560 19.05430 19.11490 19.30470 19.50970 19.56620 19.81250 19.96170 20.07410 19.93970 20.31360 20.68010 21.09370 21.48870 21.17800 21.88470 21.76780 21.96570 22.15810 21.78420 21.55800 22.09730 22.33310 22.82170 23.69950 24.37370 24.55630 25.69190 26.34790 27.76650 28.66920 29.76640 31.02350 31.49560 31.44280 31.46490 31.13810 31.38980 30.89640 31.06680 32.85550 34.23750 34.77630 35.43820 35.65180 36.78160 37.50470 39.09740 41.48870 43.18610 44.29600 46.06360
-9999 -9999 -9999 -9999 -9999 -9999 -9999 -9999 -9999 -9999 -9999 -9999 -9999 -9999 -9999 -9999 -9999 20.97010 20.41250 20.01380 19.64740 19.61680 19.32930 19.56370 19.73390 19.81730 19.99960 20.05900 20.33050 20.50890 20.99920 21.17660 21.57410 22.27160 21.95820 22.42940 22.38460 22.08570 22.15010 21.63060 21.86430 21.77460 22.08280 22.79150 23.40320 22.93360 24.37080 25.61680 26.31440 28.15940 29.21620 30.13290 30.38620 31.24290 31.58440 31.92950 31.08150 31.09670 31.90970 32.81980 33.60810 35.17830 36.21650 36.88080 37.89560 38.64200 40.21640 41.62760 43.07170 44.39510 47.25100
-9999 -9999 -9999 -9999 -9999 -9999 -9999 -9999 -9999 -9999 -9999 -9999 -9999 -9999 -9999 -9999 20.70530 20.09650 19.53910 19.43520 19.24790 19.41830 19.46160 19.68540 19.20680 19.83530 20.05440 19.89870 20.11390 20.51650 20.57440 21.44310 21.81110 22.16740 22.14780 21.94790 21.89310 22.06060 22.01660 21.67290 21.13870 21.60520 21.75950 22.60180 23.25750 23.02990 23.40540 24.75120 25.68730 28.00460 28.70230 29.76120 29.95260 29.92860 30.88670 31.58750 31.49000 30.99290 31.66650 33.32940 33.40080 35.92030 36.87560 37.30620 38.88560 40.56490 42.26680 42.93960 44.68420 46.10540 48.54850
-9999 -9999 -9999 -9999 -9999 -9999 -9999 -9999 -9999 -9999 -9999 -9999 -9999 19.78210 19.82380 19.54250 19.68230 19.87530 19.31580 18.23150 18.75020 19.42330 19.61890 19.95200 20.01560 19.37470 20.27530 20.02550 19.93270 20.38190 20.55840 21.16650 21.66260 21.57510 21.38720 22.40550 22.19090 21.48970 21.54440 21.51050 21.75470 21.09220 21.49680 21.45180 22.11180 23.24670 24.00170 23.19590 24.49680 26.57570 27.38700 29.20070 30.20280 30.49030 31.83180 31.61870 31.27870 30.85320 31.62570 33.34450 33.42420 34.79960 36.56220 38.90150 40.80860 42.13230 43.86920 45.20680 46.31370 48.19000 49.96770
-9999 -9999 -9999 -9999 -9999 -9999 -9999 -9999 -9999 -9999 -9999 -9999 19.10250 18.78390 18.80430 18.83250 18.98750 19.14040 19.01790 17.85020 18.40970 19.06700 19.55860 19.70380 19.88170 18.97130 19.01280 19.40390 19.57210 19.97750 20.49540 20.75990 21.07650 21.53390 21.57180 21.91020 21.89910 21.20680 21.52250 21.20010 21.31420 20.61620 20.76670 20.98580 22.56410 23.49950 23.81210 23.53420 23.59530 25.62880 26.86590 27.75170 28.82110 29.94590 31.10780 32.13700 31.45500 30.50210 31.51300 32.94430 34.21700 35.67090 37.41390 40.78430 43.68890 44.71710 46.25820 47.25310 48.84220 49.81620 51.16130
-9999 -9999 -9999 -9999 -9999 -9999 -9999 -9999 -9999 -9999 -9999 19.93280 19.23750 19.47690 18.79100 18.17920 18.12110 18.46110 18.30970 18.15740 18.43030 18.51450 19.06210 19.31050 19.25800 19.02070 18.86980 19.21210 19.47440 19.64230 20.04180 20.38320 20.95850 21.90620 22.24290 21.89040 21.97740 21.37050 21.07130 20.84850 20.54710 20.76120 20.88760 21.23670 22.42390 23.53130 23.86980 23.49450 24.21110 24.36090 25.54850 26.91280 27.87560 28.79290 29.76970 29.53610 30.54710 30.23260 31.59330 33.30840 35.52530 37.65470 40.44390 42.52410 45.14120 46.64870 47.04490 47.78320 48.31600 49.28170 51.97940
-9999 -9999 -9999 -9999 -9999 -9999 -9999 -9999 -9999 -9999 20.04780 19.52760 18.80810 18.87060 18.44650 18.08540 17.93770 18.11910 18.40940 18.32660 18.13220 18.62120 19.21900 19.08230 19.68800 19.16110 19.06250 19.13560 19.02470 19.52070 19.57370 19.73330 20.20640 21.25050 22.20320 21.90770 21.87860 21.66220 20.95450 21.16270 20.91700 20.90260 21.01680 21.65550 21.99430 22.52030 23.62730 23.29760 24.10160 24.83650 25.25960 26.16780 26.64310 27.80850 28.56050 28.30120 29.58990 30.14530 31.88840 33.84590 35.64730 37.89790 40.74770 42.99940 45.04960 46.75670 48.20880 48.25260 49.26150 50.53430 52.67150
-9999 -9999 -9999 -9999 -9999 -9999 -9999 -9999 -9999 17.96200 17.67630 18.60520 18.76080 18.36820 18.21060 18.11250 17.76700 17.64520 17.52960 17.63490 18.15980 18.67250 19.02900 19.03000 18.83780 18.89150 18.87310 19.19610 19.23800 19.69320 19.93130 20.00060 20.40120 21.49400 22.14660 21.92070 21.63450 21.31520 20.95600 20.83460 20.83250 20.88760 21.15930 21.26150 21.55510 22.19150 22.86940 23.38340 24.61690 25.02890 25.71860 25.35950 26.40970 26.60550 27.26850 27.99430 29.13670 30.25640 31.44960 33.66410 35.70000 37.62960 39.46370 41.66770 42.99570 45.49910 46.91620 47.79310 49.76860 51.25810 53.67340
-9999 -9999 -9999 -9999 -9999 -9999 -9999 -9999 -9999 -9999 17.21120 17.86800 18.17030 17.51170 17.24160 17.48430 17.34960 17.52880 17.56680 17.55980 17.70270 18.46450 18.62080 -9999 -9999 -9999 -9999 -9999 -9999 19.60850 19.72180 19.67950 20.36600 20.81630 21.74780 21.27640 21.48810 20.75400 20.81470 21.26850 20.98220 21.09790 21.35610 21.50430 21.41770 22.24200 23.37780 23.65940 24.56280 25.16400 25.41680 26.21570 25.67570 26.43100 27.15260 27.59470 29.37650 30.50200 31.23410 33.50110 35.90530 37.71090 39.18090 41.28420 42.73290 44.70690 47.13260 48.49040 49.81180 52.02460 54.06100
-9999 -9999 -9999 -9999 -9999 -9999 -9999 -9999 -9999 -9999 -9999 -9999 17.50000 17.82490 17.75820 16.65950 16.52990 16.90250 16.99420 -9999 -9999 -9999 -9999 -9999 -9999 -9999 -9999 -9999 -9999 -9999 -9999 -9999 -9999 19.55690 20.41750 20.76290 20.74160 20.77360 20.75040 20.53070 20.89880 21.43440 21.90980 21.39490 21.62290 22.02040 23.02670 24.03500 24.28650 26.93610 26.76960 26.63650 26.77310 27.22450 27.55000 28.28410 29.94270 30.04040 32.09660 33.70890 35.62420 38.17030 39.49480 40.76660 43.03610 45.20540 47.37190 49.01540 51.26190 54.08320 55.50820
-9999 -9999 -9999 -9999 -9999 -9999 -9999 -9999 -9999 -9999 -9999 -9999 -9999 -9999 -9999 -9999 -9999 -9999 -9999 -9999 -9999 -9999 -9999 -9999 -9999 -9999 -9999 -9999 -9999 -9999 -9999 -9999 -9999 -9999 19.67130 20.04900 19.83550 20.41180 20.65760 20.29650 21.06180 21.78730 22.22680 21.83710 22.14110 22.67670 23.77470 23.78080 25.19200 26.67100 26.56760 27.31760 27.22970 28.18570 28.72240 29.22070 29.62970 30.60780 32.57730 34.90660 37.42490 38.76370 41.00260 42.73480 44.04800 45.19830 47.34080 49.20090 51.69390 54.21670 58.93130
-9999 -9999 -9999 -9999 -9999 -9999 -9999 -9999 -9999 -9999 -9999 -9999 -9999 -9999 -9999 -9999 -9999 -9999 -9999 -9999 -9999 -9999 -9999 -9999 -9999 -9999 -9999 -9999 -9999 -9999 -9999 -9999 -9999 -9999 18.85370 19.44050 20.22840 20.33350 20.22590 20.86730 21.57900 21.98190 22.31780 23.13450 23.47480 23.33520 23.22550 24.75770 25.98280 25.79570 26.25260 26.84710 27.85340 27.74630 28.29990 27.77240 29.61760 31.25730 33.00420 36.78840 39.37480 40.52790 42.43730 43.02060 43.73330 45.24760 46.82050 49.59700 52.10680 55.47190 -9999
-9999 -9999 -9999 -9999 -9999 -9999 -9999 -9999 -9999 -9999 -9999 -9999 -9999 -9999 -9999 -9999 -9999 -9999 -9999 -9999 -9999 -9999 -9999 -9999 -9999 -9999 -9999 -9999 -9999 -9999 -9999 -9999 -9999 -9999 -9999 -9999 -9999 -9999 20.69590 21.27160 21.46390 22.09300 23.54190 24.04390 24.55630 23.72380 24.48290 25.85670 26.01710 26.19010 25.41920 26.46660 26.65570 27.21060 27.44210 27.85130 29.50860 31.98920 33.66340 37.65500 40.65070 41.21170 42.14580 42.83600 43.65540 45.30380 47.56640 50.45300 54.35270 -9999 -9999
