data/hydroclimate-scenarios/1948-2000.Pcorr55N_Pref_Tref/monthly_summaries/rh_monthly_avg_jan.asc
ncols	311
nrows	91
xllcenter	102.75
yllcenter	31.75
cellsize	0.5
NODATA_value	-9999
[rows 32 to 63 of 91, columns 0 to 70 of 311]
-9999 -9999 -9999 -9999 -9999 -9999 -9999 -9999 -9999 -9999 -9999 56.87580 57.37250 57.57930 57.80940 59.11880 59.41280 59.76090 60.01000 60.81160 61.04330 62.09190 62.81150 63.19590 63.56030 63.16510 62.59320 61.06320 60.94570 61.08470 60.90700 61.43350 62.41260 63.28550 64.17110 66.23110 66.55830 66.88180 67.13680 67.08000 67.38880 67.77790 68.18720 68.11240 68.01940 67.73440 67.87390 67.51270 67.16450 66.73420 66.33910 66.01060 65.45290 65.16050 65.10840 65.27990 64.74820 65.17800 65.49950 65.22920 65.16510 65.45920 65.85470 65.71000 65.92640 66.96800 66.68050 66.32730 65.49960 64.76500 65.79910
-9999 -9999 -9999 -9999 -9999 -9999 -9999 -9999 -9999 -9999 -9999 56.88620 57.09230 57.37440 57.55830 58.99530 59.58890 59.99960 60.65580 60.75790 61.35260 62.37380 63.62170 63.62270 63.40270 62.52010 61.99000 60.54260 60.56660 61.13310 60.64460 61.11150 61.69550 62.65110 63.98510 65.65900 66.36520 66.29810 66.53330 65.67190 66.84620 66.71770 67.60640 67.66740 67.96420 67.77800 67.37150 66.84860 66.74270 66.40290 66.11060 65.90180 65.35410 65.12530 65.41120 65.21290 65.03320 64.37910 64.30600 65.06000 64.91790 64.92810 65.71140 65.54560 65.67260 65.89000 66.09930 66.17460 65.87810 65.54110 66.57930
-9999 -9999 -9999 -9999 -9999 -9999 -9999 -9999 -9999 -9999 -9999 -9999 57.01230 57.49660 57.80160 58.13090 58.42990 59.01210 59.31790 60.54130 61.12300 61.99170 62.27780 62.40140 62.13840 60.56740 60.52550 60.08370 60.63600 60.92530 60.92680 61.50870 62.12330 63.06040 63.69640 64.66700 65.25750 65.96680 66.26250 65.85490 66.56170 66.94750 67.67410 68.61130 69.03240 68.77610 68.40530 67.45730 66.59220 66.37650 66.14610 65.88940 65.31470 65.09750 64.54660 65.34510 65.23890 65.46200 65.30210 64.98360 64.94130 65.24560 65.12090 65.10170 65.99370 66.20580 67.14490 67.03460 66.03950 65.91320 67.88630
-9999 -9999 -9999 -9999 -9999 -9999 -9999 -9999 -9999 -9999 -9999 -9999 57.34760 57.24000 57.87060 58.18360 58.91390 59.24120 59.81870 60.68140 61.45580 61.20550 61.54490 61.62790 60.56760 60.79790 60.40150 58.85180 59.34500 58.88170 58.90190 59.08290 60.34140 61.36440 62.33130 63.32540 64.02430 64.71750 65.25020 65.17100 65.87520 66.19770 67.01510 67.93080 68.81590 69.01010 68.97860 67.28400 66.60150 65.81140 65.51250 65.35210 64.76950 64.56630 64.49180 64.95800 65.21060 65.07360 64.98120 64.56620 64.77660 63.83830 64.44500 64.13570 65.14430 66.20710 66.30840 66.70120 67.07940 67.21820 67.33100
-9999 -9999 -9999 -9999 -9999 -9999 -9999 -9999 -9999 -9999 -9999 -9999 57.33640 58.00630 58.27450 58.25790 59.14890 59.08320 59.32310 60.21070 60.96660 61.13590 61.79640 61.52490 61.28920 59.95580 59.63320 59.66160 58.52090 58.17960 58.22450 58.54410 58.75560 59.04670 60.62030 61.70650 62.42890 63.07310 64.07240 64.40010 64.15270 64.68410 66.32030 67.47970 68.40000 68.34090 68.21600 66.21540 65.92270 65.66580 65.40060 64.83630 64.65790 64.08370 64.03800 64.56570 64.51790 64.33770 64.15810 63.30400 63.60790 63.03830 63.51000 64.41090 64.48090 65.00650 65.89990 66.78560 66.44850 67.77080 68.64880
-9999 -9999 -9999 54.45820 54.70650 54.60130 55.63200 55.84790 55.93440 -9999 56.82200 57.02890 57.74310 57.95760 58.59450 58.43400 58.69690 58.86580 58.55130 60.07190 61.05180 62.02310 62.32720 62.83860 61.92630 60.76920 59.76120 58.00720 56.97470 54.82910 55.84730 56.65220 56.16950 55.45790 57.61550 58.69230 59.38740 60.12370 61.65430 62.81260 63.72250 64.25910 65.66490 66.66750 67.36540 67.17600 66.41190 65.87540 64.93630 64.59200 63.56240 63.29090 62.31450 61.15640 61.21890 61.10050 60.92330 62.51130 61.83360 62.38180 62.85130 62.72640 62.80180 63.13280 64.70160 64.70140 65.16510 66.00150 67.25210 67.79290 68.27390
-9999 -9999 -9999 55.30620 55.26310 55.56320 55.80220 56.09080 56.82480 57.09460 57.86890 58.08850 57.94430 58.07910 57.88590 57.55680 57.37580 57.48450 57.93530 58.42080 60.02640 60.27110 62.15010 63.26800 61.28750 59.78630 57.61410 56.76340 55.14150 53.15190 53.37480 52.48690 52.81590 52.71110 53.91890 55.06590 56.08580 56.29670 59.16970 59.35200 60.63080 62.90800 64.69190 65.29810 65.81670 65.22690 65.09100 66.05260 64.59950 63.60360 62.58170 62.13050 61.46100 61.20040 61.79540 60.75660 61.33370 61.51320 60.50580 60.64740 61.12550 61.41780 61.86020 62.53500 63.00360 64.87790 65.43930 66.70950 67.54250 67.98970 68.35480
-9999 -9999 -9999 55.40550 55.90080 55.52270 56.15150 56.49370 57.19100 57.75110 57.87200 57.91430 57.69100 56.95530 55.94590 56.53850 56.32560 56.71250 57.11390 57.96020 58.39930 58.61920 59.62850 59.27710 57.59420 57.24400 56.08350 55.30260 54.24850 50.90250 49.10880 49.18400 50.19500 50.76260 51.35810 52.47430 53.73850 55.17060 56.70150 57.61670 59.04880 61.19020 63.28240 64.77550 66.38700 65.72900 65.30580 64.47490 63.58550 62.15840 60.72280 61.64680 61.06460 60.50890 60.87020 60.39830 60.82200 60.73140 59.81340 59.48850 61.01380 60.91360 61.81260 61.78590 62.79320 63.79770 64.66190 65.42900 65.36260 66.61690 67.01680
-9999 -9999 -9999 55.72430 56.40220 56.00440 56.82230 56.72640 56.93350 57.17270 57.34570 57.74720 56.82360 56.10320 55.58710 55.44170 55.19730 54.89120 55.21390 56.09570 55.43640 54.73440 54.07880 54.99070 55.04220 54.98820 54.56760 54.01250 50.76400 48.62060 48.17640 48.93860 48.29910 47.36890 48.16610 49.47630 51.95540 53.96180 54.43850 55.88440 57.22150 58.12800 59.24520 62.04250 65.30870 64.62870 63.00940 63.56710 61.35810 61.30920 60.05000 60.28630 59.74400 58.66390 59.53450 59.13100 59.47140 58.90360 58.47560 58.61790 58.06840 59.62850 60.55610 61.09660 61.59010 62.69580 63.23190 64.55730 64.10640 65.39400 68.76900
-9999 -9999 -9999 56.35760 56.75340 55.93530 56.28420 56.92480 56.79550 57.16220 58.22040 57.44160 56.26220 55.33420 54.10700 54.29890 53.51770 53.76200 54.90770 55.81620 54.40600 53.37060 52.74510 54.55430 54.46340 54.37880 53.80690 53.00300 50.23010 48.16450 46.80720 46.73180 46.36290 46.97860 47.85850 48.62050 49.46440 51.42550 52.67620 53.66470 54.48210 55.49360 57.10610 58.54150 61.28970 61.57840 61.43470 60.84350 60.54830 59.58370 58.96410 59.90010 58.90290 57.32050 58.40420 56.94030 58.25000 58.22120 57.76090 56.81980 57.41350 58.34400 58.91720 58.90600 59.48270 61.54130 62.02920 62.24280 63.06750 66.39610 69.94620
-9999 -9999 -9999 -9999 56.66760 56.72750 57.43440 57.36800 57.67190 58.05980 59.19500 58.61140 55.78010 56.91950 -9999 -9999 -9999 -9999 -9999 52.05840 51.51490 52.04650 51.16770 50.00390 50.72120 51.06470 52.43360 50.87770 48.96290 48.31810 47.34260 46.29800 45.69460 46.62060 47.73640 48.46230 48.46340 49.98460 50.94770 51.74500 52.89320 53.83530 54.63440 55.96590 56.96980 58.29620 58.76370 57.72160 58.72730 58.64320 57.92930 57.81970 57.90250 56.70810 55.96840 55.67520 55.29230 55.65390 55.81290 56.42720 56.08200 56.41350 57.09380 57.89100 58.54710 59.06730 60.53740 62.98340 64.73310 -9999 -9999
-9999 -9999 57.17110 57.13840 56.97660 57.40670 57.70990 57.11820 58.33520 58.67630 59.38160 58.82940 56.15360 -9999 -9999 -9999 -9999 -9999 49.68770 50.46560 49.63100 50.05860 50.57300 49.28640 49.21800 49.07840 50.71950 50.14650 49.22660 48.70130 47.47350 46.44990 46.64020 46.05040 46.29930 47.45200 47.40310 48.17360 48.52050 49.61400 49.98860 51.06350 51.91540 53.16890 54.74410 55.65890 56.32560 57.19570 57.86100 58.49150 58.20390 58.09420 57.60540 57.63470 56.50490 56.99670 56.03110 55.04730 55.40500 56.99820 56.77060 57.16760 57.73880 57.67660 58.40620 59.15030 60.55520 -9999 -9999 -9999 -9999
-9999 -9999 57.74790 57.93310 57.75480 57.74450 58.43390 57.98080 58.32520 59.03900 58.88410 58.50160 58.11160 -9999 -9999 -9999 -9999 52.80080 49.27880 50.05390 48.48210 48.05790 48.01940 48.44410 49.22530 50.34760 49.78040 49.05810 48.95110 48.77280 47.58140 45.98480 46.43250 45.99800 45.84210 45.78990 46.44460 46.95530 46.47470 46.68280 47.33220 47.87570 48.32190 49.63390 50.93060 52.53420 54.14230 54.89050 56.74570 56.80240 57.31790 57.34940 57.61370 57.28270 56.84560 57.72640 56.88250 55.29830 55.21270 56.30730 57.16970 56.26000 57.35130 58.54080 59.28290 -9999 -9999 -9999 -9999 -9999 64.59120
-9999 -9999 58.64170 58.57570 58.73720 58.36690 58.95240 58.70000 58.95500 58.94950 58.44020 58.47130 59.44940 -9999 -9999 -9999 -9999 50.46210 49.52370 48.85610 47.48770 47.27460 47.88170 48.21340 48.26350 48.72960 48.12570 48.61110 48.61010 48.13500 47.30280 46.46920 45.85220 45.13280 45.25280 44.68390 44.93850 44.85790 44.95100 45.45730 45.91100 46.32650 46.42870 46.58550 48.57960 50.05290 51.41950 52.51870 54.15420 54.73630 55.88260 55.81500 55.77530 55.44350 55.07370 56.37280 56.70570 55.62330 56.04780 56.52970 58.23470 58.39440 58.49680 57.72530 56.86810 56.26170 57.98700 57.90430 59.03510 -9999 -9999
-9999 -9999 -9999 59.01610 58.80780 59.04680 59.34600 59.59070 59.51390 58.78230 59.56980 59.04650 -9999 -9999 -9999 -9999 52.50930 50.41820 49.50870 48.07090 46.71260 47.11470 46.93980 46.71500 47.05180 47.26440 47.44170 47.03350 47.79890 46.72110 45.77940 46.53450 46.42190 45.10450 44.43600 44.38710 44.94090 45.10210 45.10090 45.33560 45.30270 44.90660 44.42500 45.25310 47.63740 48.90560 51.05960 52.42780 52.92980 53.79360 53.60540 53.80960 53.91740 52.84340 51.97280 52.55880 53.31610 53.05690 54.15330 56.14280 56.62950 57.05860 55.43920 53.04080 51.97030 54.27630 55.62510 56.16340 57.43160 63.57980 -9999
-9999 -9999 -9999 -9999 60.42250 60.27450 60.13500 59.68700 59.34840 60.55480 58.93660 -9999 -9999 -9999 -9999 54.30670 51.96410 51.01410 49.54720 47.72380 46.94790 46.22800 46.10380 45.73290 46.05620 47.12280 47.56940 47.76060 47.80990 47.95950 47.17310 47.72350 47.17460 45.88840 44.50650 44.33860 44.13440 44.39950 44.19830 44.08030 43.47960 43.62590 43.96370 44.90960 46.69800 48.12060 49.98640 51.40480 52.37620 52.97730 53.05390 53.21590 52.50810 51.86480 51.28720 52.22590 53.28280 52.45070 53.71830 55.58580 55.33340 54.47660 54.10170 54.15330 52.68220 53.25340 53.89420 54.24130 54.28590 56.03620 58.36610
-9999 -9999 -9999 -9999 -9999 -9999 60.35940 60.45410 58.81990 58.82930 59.92560 -9999 -9999 -9999 -9999 -9999 52.64940 51.11220 49.10620 47.00140 45.76200 46.52610 45.08800 45.04900 45.48480 46.67170 47.65350 47.90040 48.67300 48.96010 48.54110 48.62120 48.07590 45.99590 45.22640 44.87830 43.86400 42.83860 43.24590 42.41210 42.15940 41.94050 42.39110 43.60470 45.19550 47.12270 49.04480 50.33580 51.69980 52.23080 52.82390 52.57290 51.69140 50.87810 49.94550 50.24230 51.37590 52.42420 53.25600 54.17390 53.84680 53.44310 53.02950 52.49660 51.36670 51.96540 52.42160 52.33760 52.77110 54.56080 56.85360
-9999 -9999 -9999 -9999 -9999 -9999 -9999 -9999 -9999 -9999 -9999 -9999 -9999 -9999 -9999 -9999 -9999 -9999 -9999 46.60370 45.17830 45.15820 45.18830 45.15930 45.81570 46.34330 47.21120 48.45080 49.30280 49.48940 49.59640 49.48990 47.42720 46.72130 45.33900 44.52770 43.80010 42.84380 41.96330 41.14930 40.50520 40.86780 41.77810 42.81390 44.32150 46.26870 48.42060 49.95310 51.22140 52.05070 52.51250 52.66750 51.48670 50.78870 48.96650 49.37040 51.03290 52.28060 52.91260 53.45790 52.93090 53.38600 53.01030 51.67820 51.29350 52.26210 52.45610 51.95490 52.37900 53.35920 55.62920
-9999 -9999 -9999 -9999 -9999 -9999 -9999 -9999 -9999 -9999 -9999 -9999 -9999 -9999 -9999 -9999 -9999 -9999 47.30780 45.90460 45.14410 44.85700 44.99500 45.41390 46.13350 46.61250 47.36500 47.83830 48.51420 48.73710 49.21350 48.44000 47.35650 46.46080 45.56430 44.79360 43.47100 42.49240 40.87560 40.09120 39.81860 40.24700 40.78250 41.77400 43.36930 45.03440 47.41900 49.68380 51.73190 52.61410 53.11700 52.72720 51.88500 50.74270 49.76540 50.50260 51.27970 51.17020 51.40080 52.95140 53.93970 54.67390 53.53190 53.31880 52.21310 53.21630 53.33480 53.47830 53.73650 55.19850 56.81840
-9999 -9999 -9999 -9999 -9999 -9999 -9999 -9999 -9999 -9999 -9999 -9999 -9999 -9999 -9999 -9999 -9999 48.02160 46.82150 45.65790 45.26940 44.91300 45.38730 45.89030 46.63590 46.90230 47.34560 47.14240 47.04420 47.88010 48.22490 48.25320 47.75620 47.56510 46.78590 44.74490 43.07540 41.64150 40.81350 39.88410 39.62450 39.73700 40.22690 41.24450 42.74370 45.09530 46.89190 49.12280 51.72320 53.20040 54.33220 53.67510 52.43120 51.26770 50.95210 50.92910 51.34810 51.30070 51.64940 53.46020 55.12920 55.04060 52.78780 52.92250 54.59480 54.65730 54.48770 55.32320 55.83810 56.72860 56.93960
-9999 -9999 -9999 -9999 -9999 -9999 -9999 -9999 -9999 -9999 -9999 -9999 -9999 -9999 -9999 -9999 -9999 46.76120 45.79060 44.48000 44.86250 44.76250 45.45760 46.17390 47.43500 47.26160 47.19760 47.12220 47.29350 47.70460 48.32770 48.66320 48.76390 48.73200 47.44520 45.69910 44.29740 41.90180 40.42470 39.95550 39.56970 39.48750 40.00800 40.76250 42.51650 45.48310 47.56700 48.33150 50.94310 54.12600 55.10770 53.82190 52.60740 51.81260 51.46510 51.69000 51.16120 51.70560 53.04350 54.39910 54.64880 54.25510 54.57330 54.91480 53.83170 54.89220 56.35640 55.85900 57.19000 58.42690 59.30270
-9999 -9999 -9999 -9999 -9999 -9999 -9999 -9999 -9999 -9999 -9999 -9999 -9999 -9999 -9999 -9999 46.14670 44.71340 44.19850 44.06800 45.07820 45.69030 46.10430 46.93250 48.42620 48.04200 48.08010 48.53130 48.06430 48.54760 49.01430 49.62070 49.43040 49.85150 48.90860 47.75600 46.06500 44.04360 41.76110 41.48240 40.57080 39.45490 39.45420 40.38670 42.41910 44.94060 47.32850 47.61150 49.36020 53.82620 54.37290 53.19710 51.69870 52.03360 51.96380 52.26330 52.54980 52.88430 53.52100 54.43440 55.08660 55.63970 55.56750 55.00270 56.36970 57.38250 57.94670 58.65940 59.85180 60.05240 60.66970
-9999 -9999 -9999 -9999 -9999 -9999 -9999 -9999 -9999 -9999 -9999 -9999 -9999 47.95280 46.33480 45.33290 44.37180 43.25070 43.83660 43.90670 45.18180 45.56840 46.81560 47.51200 48.28520 49.01170 49.31690 49.33310 49.73920 49.99900 50.29230 50.09550 50.41690 50.65020 50.22310 49.48440 48.57610 47.30040 45.67920 44.16450 42.08800 39.64520 38.30670 40.24810 42.86260 45.08070 47.01860 47.59630 48.05370 47.90870 48.79110 49.94440 50.32970 51.47640 52.37910 53.04300 53.43630 53.94560 54.68740 55.51090 55.98060 57.08100 58.16530 59.12900 60.41700 61.71750 61.98030 61.79040 61.72930 61.94180 61.47110
-9999 -9999 -9999 -9999 -9999 -9999 -9999 -9999 -9999 -9999 -9999 -9999 47.91520 46.42450 45.29100 44.41510 43.58590 43.81700 43.55790 44.74170 45.50840 46.46150 47.83620 48.31270 48.76280 49.94100 50.44380 51.02340 51.02280 51.41950 51.18450 50.98190 50.91640 51.14740 51.53240 50.97340 50.97150 50.79200 50.63290 48.70800 44.48110 40.33320 37.24890 39.67590 43.22250 46.30010 47.56160 47.84660 46.43850 44.77750 46.06520 47.51920 48.59880 50.44900 52.22350 53.37150 53.98360 54.35290 54.19670 55.75250 56.74390 58.32390 59.53600 60.62480 62.79880 63.85430 64.31180 63.72290 63.57400 62.35450 61.72010
-9999 -9999 -9999 -9999 -9999 -9999 -9999 -9999 -9999 -9999 -9999 46.55170 45.79030 44.80020 44.31970 43.87500 43.64360 43.74370 44.00790 45.06660 46.07640 47.70230 48.61650 49.14070 49.93270 50.05190 50.40130 51.62780 52.84540 52.21160 51.47030 50.62280 50.39270 50.93070 51.49380 51.45090 51.57860 52.78290 54.36250 51.70940 46.70540 42.95690 40.77790 42.05400 44.92660 46.99970 48.61490 49.13890 48.38600 46.74400 46.54250 46.13670 46.86000 48.40350 49.90770 52.04790 54.17090 54.96860 56.71380 57.70710 58.48430 60.24950 61.39120 63.33190 65.01020 66.54430 65.89890 65.29990 63.96530 62.89750 62.09990
-9999 -9999 -9999 -9999 -9999 -9999 -9999 -9999 -9999 -9999 46.45700 45.62560 45.48290 44.34840 44.03350 43.19170 42.73510 43.16890 44.17750 45.52160 46.85460 48.56670 49.74290 50.10760 50.52300 50.63960 51.07080 51.85470 52.19120 51.41690 50.55950 49.99990 49.49290 50.17400 50.55200 50.89520 51.26690 52.73270 53.32500 51.48500 48.46450 45.63980 44.48030 44.82380 46.20800 48.23660 50.31760 51.02910 50.31830 49.20870 47.40010 45.86770 45.71420 46.49980 48.95940 51.75020 53.59180 55.39690 57.54680 58.13020 59.14230 60.34800 62.12720 63.74670 65.44430 67.04160 66.61240 65.64640 64.66200 62.95840 62.72110
-9999 -9999 -9999 -9999 -9999 -9999 -9999 -9999 -9999 46.33220 45.05670 45.70090 45.45130 44.67600 43.79200 42.05170 41.82620 42.67310 44.44420 45.85500 47.64030 48.89270 49.86790 50.46200 50.87560 51.17590 51.39200 51.08110 50.92280 50.35810 49.54620 48.53570 48.15760 47.71370 48.05150 48.89000 49.85180 51.49700 51.82020 50.52770 48.69860 47.46430 46.77900 46.90520 47.75680 49.45940 51.64110 52.56870 53.05100 51.54110 48.83270 46.26680 44.57810 45.47130 47.04550 51.84040 54.88200 57.17250 58.08150 58.65510 59.45340 60.45840 61.94760 63.49350 64.20780 65.26620 65.74620 64.67250 63.86980 63.50310 64.03580
-9999 -9999 -9999 -9999 -9999 -9999 -9999 -9999 -9999 -9999 43.98260 45.75130 45.72810 45.62490 44.21710 42.53720 41.43310 42.83640 44.29190 46.64000 48.45050 50.18260 50.80640 -9999 -9999 -9999 -9999 -9999 -9999 49.43370 48.48260 47.41530 47.06990 46.92930 46.56800 47.67970 48.59930 50.33030 49.86100 49.86590 48.68960 47.85910 47.85350 47.85900 48.40220 49.45520 50.75300 52.59480 53.72130 52.43130 49.89490 46.86030 45.29370 45.69720 47.02460 51.52130 54.57000 56.26220 57.04270 58.60100 59.21470 59.96360 61.21360 62.32830 62.34180 64.12050 64.44840 63.77230 62.44620 63.20730 63.66200
-9999 -9999 -9999 -9999 -9999 -9999 -9999 -9999 -9999 -9999 -9999 -9999 46.97330 45.92640 44.72870 43.60530 42.89300 43.71510 45.20740 -9999 -9999 -9999 -9999 -9999 -9999 -9999 -9999 -9999 -9999 -9999 -9999 -9999 -9999 45.98960 45.70190 46.91330 47.88030 49.02760 49.32610 48.64000 48.38140 48.01410 47.90640 48.03010 48.14300 48.67350 49.73020 51.66920 52.32120 51.61880 49.56320 46.89620 45.75200 46.58920 48.11670 51.39360 53.29940 55.12590 56.37790 57.55330 58.59050 59.29040 59.98700 60.96840 62.06020 62.60130 63.13290 63.46200 63.62760 64.72940 65.08250
-9999 -9999 -9999 -9999 -9999 -9999 -9999 -9999 -9999 -9999 -9999 -9999 -9999 -9999 -9999 -9999 -9999 -9999 -9999 -9999 -9999 -9999 -9999 -9999 -9999 -9999 -9999 -9999 -9999 -9999 -9999 -9999 -9999 -9999 45.37850 46.35920 47.34650 47.53740 48.36230 47.76040 47.54310 47.15670 47.19990 47.56400 47.83870 47.68760 48.95230 50.70380 50.87260 50.21920 49.07730 47.12740 46.43560 47.27330 48.39230 51.52750 53.24350 54.42920 55.84440 56.74140 58.19020 58.79850 59.40210 60.55940 61.86000 62.17830 62.69020 62.82200 63.08070 64.45370 66.74860
-9999 -9999 -9999 -9999 -9999 -9999 -9999 -9999 -9999 -9999 -9999 -9999 -9999 -9999 -9999 -9999 -9999 -9999 -9999 -9999 -9999 -9999 -9999 -9999 -9999 -9999 -9999 -9999 -9999 -9999 -9999 -9999 -9999 -9999 45.10590 45.81890 46.12000 46.87670 47.47250 47.21010 47.25500 46.96900 46.93090 47.15320 47.55190 48.14850 48.84110 49.84010 50.37400 48.66380 47.15680 46.91090 47.48270 46.75870 48.45080 51.08280 53.46120 55.72050 56.80000 57.74880 58.76900 59.48700 59.57230 60.46040 61.56410 61.65950 62.43760 62.63370 62.68760 64.98270 -9999
-9999 -9999 -9999 -9999 -9999 -9999 -9999 -9999 -9999 -9999 -9999 -9999 -9999 -9999 -9999 -9999 -9999 -9999 -9999 -9999 -9999 -9999 -9999 -9999 -9999 -9999 -9999 -9999 -9999 -9999 -9999 -9999 -9999 -9999 -9999 -9999 -9999 -9999 46.69760 46.76330 46.47300 46.40010 46.90260 47.21370 47.62510 48.15670 48.55870 48.87670 48.60740 47.10030 45.82990 45.67680 46.36720 46.67830 48.24240 51.20050 53.72180 56.31380 57.93790 59.04550 60.17550 60.42570 60.42600 60.96690 60.56070 61.39800 62.22860 63.18090 64.94010 -9999 -9999
