data/hydroclimate-scenarios/1948-2000.Pcorr55N_Pref_Tref/monthly_summaries/rh_monthly_avg_apr.asc
ncols	311
nrows	91
xllcenter	102.75
yllcenter	31.75
cellsize	0.5
NODATA_value	-9999
[rows 32 to 63 of 91, columns 0 to 70 of 311]
-9999 -9999 -9999 -9999 -9999 -9999 -9999 -9999 -9999 -9999 -9999 34.93400 35.32780 35.55370 36.27920 37.30740 37.68460 37.83160 38.45180 39.30360 39.30330 38.64870 38.07080 37.71200 36.99010 36.32520 35.10710 34.90640 33.71920 33.10240 32.81540 33.27990 33.58480 33.94070 34.62150 35.30470 35.72870 36.52760 36.55330 37.54370 37.38880 37.99570 38.34390 37.77450 37.23090 36.76890 37.23290 37.84630 37.65070 36.63950 36.32010 35.42510 35.38720 34.54010 33.51390 32.95940 31.99350 31.59120 30.78770 30.78340 30.42580 29.30220 28.80080 28.81160 29.18850 29.34060 29.08330 29.47140 30.50830 30.83490 30.81030
-9999 -9999 -9999 -9999 -9999 -9999 -9999 -9999 -9999 -9999 -9999 36.13350 36.10810 36.19650 36.78470 37.28600 37.86380 38.01060 38.85420 39.24460 39.43350 39.01350 38.31240 38.01240 36.88690 36.06140 35.63610 34.31880 33.47950 32.90370 32.66450 32.77330 33.24920 33.27330 34.44710 35.28700 35.91640 36.55280 36.96710 38.08730 38.45660 39.28870 39.20200 39.13450 39.11150 39.21170 39.37790 39.15560 38.73000 38.20150 37.82810 36.58590 36.39450 35.72220 34.83060 33.94180 33.44180 33.18780 32.34260 31.68880 31.37930 30.53240 30.23970 29.83750 29.99430 30.47630 30.72550 31.47700 31.79380 31.99870 32.11290
-9999 -9999 -9999 -9999 -9999 -9999 -9999 -9999 -9999 -9999 -9999 -9999 35.67450 35.96560 36.33290 36.84230 37.65270 38.07210 38.66730 39.38040 39.50910 38.75730 38.32450 37.65640 37.00000 36.25220 34.74710 33.87730 33.08820 32.01680 31.54580 31.76270 32.04630 32.06490 33.05090 34.10090 35.62820 35.89400 36.68770 37.80710 39.04740 39.48620 40.44880 40.71520 40.78710 40.94830 40.83220 40.56700 40.21770 39.44150 38.49690 38.48390 37.71780 36.17160 35.15880 34.85610 34.17920 33.19020 32.90630 32.19450 31.15120 30.78220 30.54980 30.77570 31.20220 31.64130 31.97810 32.10750 33.59400 34.82720 34.60480
-9999 -9999 -9999 -9999 -9999 -9999 -9999 -9999 -9999 -9999 -9999 -9999 34.90810 35.65530 36.43610 36.54350 37.08140 37.92530 38.37240 39.24630 39.34260 38.50410 38.01980 36.88330 35.78550 35.01140 33.31570 32.76000 31.36090 30.55990 30.60210 30.89650 30.29310 30.62860 31.65690 32.86040 34.38440 35.57270 36.21250 37.64990 39.18320 40.47690 41.00410 41.92260 43.01350 43.19330 43.28150 42.61980 41.61330 40.50480 39.59100 38.33600 37.46100 36.23070 35.78300 34.57590 33.85990 33.80580 32.89430 32.58280 32.13930 31.73440 31.76490 31.96740 31.69500 31.58950 32.40780 33.87910 34.88730 36.37300 37.53850
-9999 -9999 -9999 -9999 -9999 -9999 -9999 -9999 -9999 -9999 -9999 -9999 34.73720 34.82950 34.82150 36.01210 37.03810 37.07460 37.84860 38.23830 38.91960 37.99070 37.37310 36.15570 34.27170 33.38110 32.24100 31.01590 30.29600 29.40030 28.55060 28.69000 29.32090 29.58210 30.27080 31.78430 32.12940 34.18700 35.28700 37.38630 38.50420 40.55380 41.75760 43.22710 44.70320 46.44330 45.41190 44.34640 43.23880 41.53680 40.48590 39.54660 38.24450 37.54900 36.31790 35.14820 34.29590 33.62740 33.58100 33.40390 33.52720 33.39340 33.03830 32.88960 33.30740 33.32060 34.37370 35.99170 37.40510 38.68420 39.85650
-9999 -9999 -9999 35.02930 34.65200 33.75330 33.45560 34.00290 33.86270 -9999 34.40020 34.77690 34.70480 34.71250 35.02440 34.79870 35.26360 35.54850 36.20080 36.64240 37.32400 36.89290 35.33290 34.70980 33.67230 32.05550 30.32670 29.97490 29.25480 27.73220 27.71480 26.95810 27.22370 27.84970 29.15580 30.09430 31.29680 32.98240 34.31080 36.02800 37.81590 39.77100 40.93400 43.06160 44.48190 46.05900 45.72660 44.22020 43.17110 41.89200 40.59670 39.39900 38.37990 37.77000 36.66670 35.43090 35.08030 33.88400 33.86300 33.36490 33.81280 34.21580 34.08990 34.72570 35.23220 35.86010 36.83590 38.11030 39.91970 40.96930 42.59780
-9999 -9999 -9999 34.46920 33.86380 33.75470 33.83070 33.05670 33.89660 34.26900 34.41440 34.66350 34.91970 34.38290 34.52450 34.53480 34.41230 33.83680 33.90490 34.44060 34.38320 33.95820 33.90310 33.01320 32.02430 30.72220 29.63700 28.68200 27.93090 27.15110 26.86800 25.48410 26.78910 26.87710 27.98630 29.71140 29.41200 32.14200 33.74760 35.64740 37.55070 39.42340 41.33350 42.37570 44.16430 45.02320 44.75730 43.88440 43.37210 41.91220 41.43710 39.24740 38.67240 37.36730 36.30480 35.95860 35.03470 34.64840 34.69720 34.03470 33.96150 35.49800 35.54410 35.94530 36.95640 38.25290 39.25070 40.28650 42.27260 44.41000 45.81140
-9999 -9999 -9999 33.56610 33.05030 33.16430 33.43370 33.40650 32.43820 33.08360 33.52480 33.76510 34.23280 34.03740 33.75650 33.56610 33.79870 33.15050 32.68780 32.43460 32.48440 31.62020 31.35840 31.33010 30.44220 28.70750 28.38940 27.29710 26.86060 26.69610 26.63210 25.51370 25.68310 25.58620 26.61970 27.90520 28.75470 30.25170 32.28650 33.72350 35.80340 38.32030 40.10530 42.01380 43.70270 44.59790 44.63880 43.98200 42.88420 41.51040 40.67420 39.05260 37.60680 37.20980 35.70990 35.37960 34.76650 34.90110 34.84250 34.15130 34.71090 35.49420 36.26180 37.09770 38.38570 40.01240 41.00010 42.65770 44.82920 46.59750 48.20030
-9999 -9999 -9999 32.73770 32.31300 33.59010 34.30410 33.67060 32.86020 32.59300 32.56940 33.09770 33.38630 33.55320 33.70490 33.04000 32.12030 32.30920 31.23090 30.40590 29.89480 29.87720 29.56880 29.21770 27.80470 26.58200 26.08500 24.81400 25.09260 26.39980 25.87590 23.82790 24.86270 25.95570 26.66270 27.11760 27.71460 28.43990 29.61920 31.72650 33.54040 36.08020 38.58510 40.30880 41.87010 42.98610 42.52770 42.17000 41.59200 41.10210 40.22110 38.78200 37.55660 35.80110 35.09260 35.70110 34.41390 34.45690 34.95500 34.80220 35.16110 36.32290 37.56770 39.39430 40.49330 42.47620 43.84740 44.75190 46.50840 48.87400 50.98910
-9999 -9999 -9999 31.52000 30.73460 31.58130 31.58800 31.79430 31.68040 32.09920 31.70090 32.47480 32.83170 33.21950 33.16790 32.16840 31.10950 30.30440 29.63040 28.69500 27.94550 26.99280 26.80510 26.29660 25.86550 24.96790 24.07660 23.85480 24.38450 24.59520 24.50980 23.67680 24.25480 24.68120 25.00800 25.25980 26.22540 27.12720 28.73890 30.15550 31.72950 33.63360 35.78040 36.42970 37.90240 38.65930 39.22660 39.74090 39.68670 39.21250 38.83280 36.94950 36.39810 35.58970 35.09580 35.35710 33.99110 34.59370 34.92550 35.19150 35.94130 37.27810 37.27480 41.23320 42.62150 44.17060 45.68410 46.77280 48.21280 50.24590 52.54140
-9999 -9999 -9999 -9999 30.63720 31.36250 31.37180 31.03240 31.48880 31.45530 30.83710 31.64190 32.73420 32.82340 -9999 -9999 -9999 -9999 -9999 26.84660 25.34810 23.63320 23.95470 24.44140 23.80840 22.86130 22.38880 22.31270 22.15860 21.99850 22.49650 22.77690 23.62290 23.58460 23.90940 24.89590 25.62430 26.29640 26.78630 28.49530 30.18090 31.08440 32.30110 33.46550 34.47310 34.88970 35.48180 37.19880 36.71670 36.35740 36.72060 35.70640 35.02300 34.50290 34.15360 34.44710 34.23900 34.65520 35.72580 36.24820 36.44540 37.09360 39.09260 41.17380 42.94380 44.13800 45.48900 48.26960 49.70580 -9999 -9999
-9999 -9999 31.77550 31.60850 30.26700 30.07410 30.10310 30.80780 29.87940 30.16290 30.03030 30.60950 31.74040 -9999 -9999 -9999 -9999 -9999 26.46870 24.31170 23.53250 21.44810 21.40080 22.11780 22.03990 21.73580 21.70300 21.56080 21.52800 21.51400 21.88000 22.10360 22.45010 23.42010 23.44790 23.99940 24.63140 25.42340 25.78850 27.77220 28.93100 29.04730 29.89270 30.63050 31.28870 32.39690 33.53320 34.59630 35.17360 35.13860 34.57870 34.48220 34.66580 33.98610 33.33160 33.68970 33.86830 34.72820 35.64880 35.72090 36.14670 37.54280 39.89520 41.12040 43.50020 45.41160 46.56290 -9999 -9999 -9999 -9999
-9999 -9999 32.08440 31.59940 29.66900 29.37420 28.84600 29.87280 29.15790 28.68620 29.86390 30.49560 30.48510 -9999 -9999 -9999 -9999 25.43380 24.31160 22.43820 21.44680 20.58080 20.58990 20.55370 20.59840 20.74780 21.10520 20.85050 20.98820 21.16090 21.31920 21.97720 22.00590 22.71780 23.21880 23.90950 24.78790 24.55120 25.50910 26.68250 26.83080 26.96050 27.85160 28.28790 29.25330 30.62770 31.68520 32.96110 33.09340 33.45390 33.44490 32.95130 33.27670 33.54000 33.13180 34.55780 34.70170 34.67950 35.71460 35.66540 36.49300 37.73870 39.17590 42.18290 44.22890 -9999 -9999 -9999 -9999 -9999 53.02560
-9999 -9999 33.13500 32.28920 30.86260 29.87990 29.14530 29.63890 29.66220 29.18060 29.94130 31.09880 28.81450 -9999 -9999 -9999 -9999 24.79010 23.64370 21.48450 20.50830 19.75820 19.75440 19.67130 19.77380 20.06220 20.88080 20.75700 20.60630 21.42970 21.10390 21.87850 21.89770 22.67030 23.12630 23.99430 23.84330 24.14920 24.29870 24.98390 25.68320 26.06740 26.66740 26.84230 28.39720 29.84850 30.54290 31.78140 31.73030 31.68960 31.55840 31.98130 32.36460 32.78070 32.97960 34.07650 34.95600 34.92680 35.77280 36.10900 37.19690 38.36390 39.54960 40.31120 41.56340 42.83270 45.17700 46.46100 48.15500 -9999 -9999
-9999 -9999 -9999 33.75370 32.16700 30.18170 28.57330 28.09970 29.07680 29.82510 29.10520 30.62530 -9999 -9999 -9999 -9999 25.43160 24.37460 22.20850 21.02950 20.20850 19.08100 19.22070 18.99180 19.24030 19.82780 20.45450 20.92790 21.43050 21.99110 21.51820 21.24800 21.28700 21.89110 23.03500 22.31860 22.24010 23.10960 23.75680 23.76910 24.24060 24.70050 24.99790 26.53270 27.70460 29.50890 30.31870 30.91750 30.68270 30.40230 30.28230 31.36800 31.75210 32.51090 32.96570 33.32440 33.69830 34.17230 35.19850 35.57520 36.19260 36.73530 37.10010 38.46440 38.99430 40.45330 42.43240 43.81290 45.11130 45.59840 -9999
-9999 -9999 -9999 -9999 33.35690 31.16090 29.22860 30.48860 30.50410 29.45530 26.89900 -9999 -9999 -9999 -9999 26.83830 26.25780 23.73700 21.24220 20.43750 19.56640 18.88440 18.70840 18.72870 19.14230 19.42950 19.97480 20.62790 21.42410 21.35850 21.64650 21.22120 21.33590 21.98220 22.76480 22.29100 22.47040 22.79310 23.12350 23.05740 23.82370 24.18020 24.92720 25.89320 26.98720 28.01570 29.06710 29.60160 29.86900 29.94550 30.13270 30.93680 31.73970 32.21850 32.32550 33.20300 34.09380 34.14480 34.46150 34.78470 34.64260 35.18190 35.46690 36.87310 37.57720 39.28470 40.83770 41.55560 42.13280 43.37730 44.85840
-9999 -9999 -9999 -9999 -9999 -9999 31.46700 32.06730 28.76610 27.18150 24.95840 -9999 -9999 -9999 -9999 -9999 25.63000 23.11250 21.42240 20.61030 19.71300 18.50310 18.60770 18.85530 18.95670 19.28700 19.54170 20.28910 20.65150 20.59450 21.22750 21.23860 21.08910 21.06140 22.44600 21.87900 22.42960 22.48520 22.17730 22.42270 22.86940 23.63990 24.46070 24.70420 25.95690 26.80710 27.46940 28.68810 29.91290 30.24620 29.93300 31.04710 31.52700 31.38820 31.16510 32.12270 32.75390 33.78950 34.29360 33.99860 34.47010 34.04200 34.64680 36.48390 37.80820 37.86900 39.23990 40.09880 40.79970 41.50980 43.40310
-9999 -9999 -9999 -9999 -9999 -9999 -9999 -9999 -9999 -9999 -9999 -9999 -9999 -9999 -9999 -9999 -9999 -9999 -9999 20.85620 20.15360 18.87900 18.59640 18.69260 19.05850 19.32130 20.32390 20.17060 20.38460 21.13650 21.35470 21.44130 21.19260 21.21600 21.81880 21.79840 21.64750 21.67020 21.74750 22.18570 22.38820 22.74220 23.69340 24.18140 25.24360 26.52530 27.29100 28.24510 29.44210 30.28210 31.28900 31.55810 31.54130 31.20770 31.13340 31.89070 32.41110 33.34780 33.41750 33.37140 33.50760 33.58500 34.22030 36.27130 37.08280 37.44090 38.07180 38.42570 39.89030 40.78330 42.85390
-9999 -9999 -9999 -9999 -9999 -9999 -9999 -9999 -9999 -9999 -9999 -9999 -9999 -9999 -9999 -9999 -9999 -9999 21.37230 20.45800 19.89780 19.35740 19.29310 19.32050 19.43190 19.71340 20.01100 20.26830 19.93930 20.59570 20.68890 21.03500 21.30830 21.19670 21.22520 21.92160 22.31180 22.36690 22.43890 22.07610 22.21510 22.44070 22.93420 24.12630 25.20450 25.77050 26.16910 27.40740 28.23650 29.55250 30.35190 30.83840 31.22630 31.23200 31.01840 31.22130 31.57860 31.18680 31.02790 32.83400 33.40460 34.04080 34.34030 35.20630 35.89730 37.13470 38.37830 39.07740 41.40000 42.87490 44.91540
-9999 -9999 -9999 -9999 -9999 -9999 -9999 -9999 -9999 -9999 -9999 -9999 -9999 -9999 -9999 -9999 -9999 22.15180 20.97410 19.97420 19.00900 19.06970 19.26230 19.46460 19.52920 19.78540 19.94240 20.06880 19.95600 20.32640 20.67590 21.06880 21.44110 21.13730 21.83600 21.70280 21.89550 22.08600 21.71990 21.55140 22.09530 22.33340 22.83030 23.70170 24.37350 24.55310 25.66400 26.28470 27.67810 28.57770 29.65940 30.87210 31.33310 31.27960 31.27250 30.92910 31.17220 30.67710 30.86690 32.70520 34.10950 34.55010 35.16660 35.34830 36.45770 37.17190 38.74380 41.10880 42.78740 43.88920 45.63100
-9999 -9999 -9999 -9999 -9999 -9999 -9999 -9999 -9999 -9999 -9999 -9999 -9999 -9999 -9999 -9999 -9999 20.95900 20.35450 19.95310 19.59570 19.56990 19.29510 19.52690 19.70560 19.78520 19.97650 20.05690 20.31770 20.48070 20.95640 21.12990 21.52250 22.21390 21.89940 22.35110 22.29720 22.00460 22.07820 21.60500 21.85400 21.71520 22.02920 22.73240 23.34640 22.90140 24.32620 25.57850 26.25720 28.07720 29.11250 30.00320 30.25150 31.07000 31.39390 31.70930 30.85840 30.92100 31.72260 32.65720 33.44480 34.87650 35.88740 36.55030 37.53950 38.27590 39.84810 41.26220 42.70250 43.98950 46.81140
-9999 -9999 -9999 -9999 -9999 -9999 -9999 -9999 -9999 -9999 -9999 -9999 -9999 -9999 -9999 -9999 20.64260 20.05780 19.48240 19.38520 19.21480 19.38950 19.43380 19.65900 19.19670 19.80560 20.03230 19.90520 20.09540 20.48180 20.53400 21.39400 21.75700 22.11520 22.09050 21.88200 21.81750 21.97790 21.93220 21.62620 21.10200 21.53370 21.69020 22.52480 23.17920 22.97210 23.35480 24.71010 25.63720 27.93330 28.61760 29.65080 29.82400 29.77730 30.71460 31.38440 31.27040 30.82080 31.47030 33.11820 33.18960 35.60260 36.53860 36.96230 38.51740 40.18070 41.86970 42.56730 44.31600 45.69040 48.11750
-9999 -9999 -9999 -9999 -9999 -9999 -9999 -9999 -9999 -9999 -9999 -9999 -9999 19.73010 19.76620 19.49450 19.63200 19.81860 19.27480 18.21050 18.72720 19.39750 19.59880 19.92960 19.99880 19.38140 20.31740 20.01680 19.90920 20.41050 20.58440 21.18500 21.66870 21.58720 21.39610 22.33580 22.11730 21.42300 21.46990 21.44690 21.69530 21.05000 21.46220 21.38040 22.03810 23.16790 23.91550 23.16760 24.47470 26.55040 27.34160 29.09850 30.08270 30.36870 31.68120 31.44160 31.09160 30.64630 31.40290 33.13550 33.19990 34.55700 36.30580 38.53790 40.42650 41.75550 43.49020 44.78950 45.89960 47.79500 49.60770
-9999 -9999 -9999 -9999 -9999 -9999 -9999 -9999 -9999 -9999 -9999 -9999 19.09940 18.75380 18.77030 18.79540 18.95110 19.10410 18.98800 17.84940 18.39840 19.05770 19.54510 19.69440 19.87970 18.98550 19.05010 19.39570 19.55390 20.01530 20.52850 20.78810 21.09800 21.54610 21.58540 21.85500 21.83550 21.15030 21.45230 21.13290 21.24620 20.56110 20.72390 20.91790 22.48000 23.40910 23.72540 23.49930 23.56840 25.60640 26.84760 27.67580 28.72050 29.83940 30.96920 31.96690 31.28500 30.32650 31.30720 32.75730 33.99360 35.39710 37.11150 40.39970 43.27820 44.32330 45.87570 46.82230 48.44830 49.50370 50.91910
-9999 -9999 -9999 -9999 -9999 -9999 -9999 -9999 -9999 -9999 -9999 19.94610 19.24590 19.46320 18.76910 18.15300 18.09550 18.43450 18.28620 18.14290 18.41760 18.51220 19.05400 19.29880 19.25140 19.01600 18.87290 19.20680 19.45480 19.62760 20.01930 20.41700 20.97980 21.90580 22.23700 21.82520 21.90370 21.30170 21.00590 20.78820 20.48590 20.69990 20.82640 21.16710 22.34570 23.44340 23.78500 23.44410 24.15830 24.31940 25.51340 26.85900 27.79810 28.69880 29.64970 29.40640 30.40660 30.09070 31.40970 33.13500 35.31390 37.40180 40.14270 42.18730 44.80310 46.29000 46.68240 47.50150 48.11450 49.13050 51.90600
-9999 -9999 -9999 -9999 -9999 -9999 -9999 -9999 -9999 -9999 20.12860 19.62300 18.87390 18.87080 18.44950 18.07930 17.92680 18.11060 18.39940 18.32410 18.12480 18.61770 19.20920 19.07280 19.68670 19.16340 19.06700 19.12980 19.01070 19.50230 19.55530 19.76990 20.23370 21.25650 22.19810 21.84300 21.80660 21.58990 20.89090 21.10220 20.85640 20.83730 20.95340 21.58230 21.92130 22.44490 23.54630 23.24540 24.05040 24.79190 25.22020 26.11050 26.59660 27.74840 28.48650 28.20390 29.47890 30.00880 31.71190 33.69100 35.45830 37.67060 40.48750 42.68370 44.70480 46.40870 47.95390 48.07450 49.14370 50.46150 52.57970
-9999 -9999 -9999 -9999 -9999 -9999 -9999 -9999 -9999 17.98910 17.69620 18.66260 18.81630 18.40280 18.22600 18.10280 17.76240 17.64670 17.52400 17.63930 18.16210 18.66200 19.01530 19.02230 18.84240 18.92130 18.90190 19.18660 19.21810 19.72210 19.95680 19.99470 20.39240 21.44850 22.10290 21.87330 21.58140 21.26690 20.90760 20.78020 20.77350 20.82970 21.10080 21.20810 21.50120 22.12520 22.80670 23.32680 24.56140 24.97760 25.66210 25.27680 26.33260 26.52360 27.17760 27.89550 29.01180 30.13880 31.29110 33.41000 35.41270 37.31200 39.13240 41.33330 42.65490 45.20990 46.71440 47.71510 49.74010 51.16140 53.54590
-9999 -9999 -9999 -9999 -9999 -9999 -9999 -9999 -9999 -9999 17.19610 17.87790 18.16890 17.50250 17.23770 17.47280 17.33790 17.52160 17.55460 17.55840 17.70090 18.45270 18.60930 -9999 -9999 -9999 -9999 -9999 -9999 19.63460 19.74060 19.66920 20.36180 20.78410 21.71830 21.24190 21.44850 20.71620 20.76870 21.22440 20.92420 21.03980 21.30110 21.44780 21.36610 22.17240 23.31040 23.60170 24.50300 25.11230 25.36000 26.13540 25.61210 26.35860 27.08140 27.51550 29.25570 30.39270 31.09520 33.25690 35.62380 37.39910 38.85580 40.98000 42.42990 44.45050 46.96230 48.43310 49.81940 51.93400 53.91020
-9999 -9999 -9999 -9999 -9999 -9999 -9999 -9999 -9999 -9999 -9999 -9999 17.53780 17.80360 17.73750 16.65740 16.52520 16.89770 16.99040 -9999 -9999 -9999 -9999 -9999 -9999 -9999 -9999 -9999 -9999 -9999 -9999 -9999 -9999 19.55820 20.43800 20.73530 20.71030 20.73930 20.70930 20.48640 20.84520 21.36790 21.83610 21.33940 21.56620 21.96610 22.97530 23.98970 24.24390 26.89710 26.72710 26.62980 26.79300 27.10510 27.43060 28.22370 29.83730 29.95650 31.98810 33.46740 35.34840 37.89210 39.19450 40.47840 42.76650 44.97430 47.18560 48.94500 51.22710 53.97240 55.30190
-9999 -9999 -9999 -9999 -9999 -9999 -9999 -9999 -9999 -9999 -9999 -9999 -9999 -9999 -9999 -9999 -9999 -9999 -9999 -9999 -9999 -9999 -9999 -9999 -9999 -9999 -9999 -9999 -9999 -9999 -9999 -9999 -9999 -9999 19.68220 20.02710 19.81650 20.38320 20.61920 20.25460 21.01270 21.71690 22.15060 21.77710 22.07620 22.60970 23.72050 23.73380 25.14840 26.63410 26.53720 27.32270 27.25810 28.06050 28.58810 29.18240 29.54490 30.52190 32.46930 34.66560 37.14390 38.50290 40.72660 42.47310 43.81620 45.00580 47.18640 49.15930 51.65770 54.08560 58.87850
-9999 -9999 -9999 -9999 -9999 -9999 -9999 -9999 -9999 -9999 -9999 -9999 -9999 -9999 -9999 -9999 -9999 -9999 -9999 -9999 -9999 -9999 -9999 -9999 -9999 -9999 -9999 -9999 -9999 -9999 -9999 -9999 -9999 -9999 18.84310 19.42480 20.21400 20.31260 20.19760 20.82680 21.52970 21.97650 22.30670 23.11210 23.44590 23.30420 23.21160 24.67110 25.90160 25.70770 26.18150 26.86100 27.89050 27.76910 28.31350 27.71450 29.53310 31.18580 32.89720 36.66850 39.22360 40.30890 42.19620 42.83420 43.57540 45.10340 46.70820 49.54370 52.00650 55.45660 -9999
-9999 -9999 -9999 -9999 -9999 -9999 -9999 -9999 -9999 -9999 -9999 -9999 -9999 -9999 -9999 -9999 -9999 -9999 -9999 -9999 -9999 -9999 -9999 -9999 -9999 -9999 -9999 -9999 -9999 -9999 -9999 -9999 -9999 -9999 -9999 -9999 -9999 -9999 20.67860 21.23020 21.41650 22.08600 23.51780 24.03070 24.54560 23.70330 24.47410 25.77880 25.94110 26.12230 25.36130 26.49720 26.70110 27.24730 27.47490 27.82640 29.45210 31.96320 33.60520 37.57590 40.52360 41.00200 41.96000 42.69520 43.55290 45.22010 47.51740 50.40160 54.32100 -9999 -9999
