data/hydroclimate-scenarios/1948-2000.Pcorr55N_Pref_Tref/monthly_summaries/rh_monthly_avg_may.1950-2000.asc
ncols	311
nrows	91
xllcenter	102.75
yllcenter	31.75
cellsize	0.5
NODATA_value	-9999
[rows 0 to 31 of 91, columns 71 to 141 of 311]
-9999 -9999 -9999 -9999 -9999 -9999 -9999 -9999 -9999 -9999 -9999 -9999 -9999 -9999 -9999 -9999 -9999 -9999 -9999 -9999 -9999 -9999 -9999 -9999 -9999 -9999 -9999 -9999 -9999 -9999 -9999 -9999 -9999 -9999 -9999 -9999 -9999 -9999 -9999 -9999 -9999 -9999 -9999 -9999 -9999 -9999 -9999 -9999 -9999 -9999 -9999 -9999 -9999 -9999 -9999 -9999 -9999 -9999 -9999 -9999 -9999 -9999 -9999 -9999 -9999 -9999 -9999 -9999 -9999 -9999 -9999
-9999 -9999 -9999 -9999 -9999 -9999 -9999 -9999 -9999 -9999 -9999 -9999 -9999 -9999 -9999 -9999 -9999 -9999 -9999 -9999 -9999 -9999 -9999 -9999 -9999 -9999 -9999 -9999 -9999 -9999 -9999 -9999 -9999 -9999 -9999 -9999 -9999 -9999 -9999 -9999 -9999 -9999 -9999 -9999 -9999 -9999 -9999 -9999 -9999 -9999 -9999 -9999 -9999 -9999 -9999 -9999 -9999 -9999 -9999 -9999 -9999 -9999 -9999 -9999 -9999 -9999 -9999 -9999 -9999 -9999 -9999
-9999 -9999 -9999 -9999 -9999 -9999 -9999 -9999 -9999 -9999 -9999 -9999 -9999 -9999 -9999 -9999 -9999 -9999 -9999 -9999 -9999 -9999 -9999 -9999 -9999 -9999 -9999 -9999 -9999 -9999 -9999 -9999 -9999 -9999 -9999 -9999 -9999 -9999 -9999 -9999 -9999 -9999 -9999 -9999 -9999 -9999 -9999 -9999 -9999 -9999 -9999 -9999 -9999 -9999 -9999 -9999 -9999 -9999 -9999 -9999 -9999 -9999 -9999 -9999 -9999 -9999 -9999 -9999 -9999 -9999 -9999
-9999 -9999 -9999 -9999 -9999 -9999 -9999 -9999 -9999 -9999 -9999 -9999 -9999 -9999 -9999 -9999 -9999 -9999 -9999 -9999 -9999 -9999 -9999 -9999 -9999 -9999 -9999 -9999 -9999 -9999 -9999 -9999 -9999 -9999 -9999 -9999 -9999 -9999 -9999 -9999 -9999 -9999 -9999 -9999 -9999 -9999 -9999 -9999 -9999 -9999 -9999 -9999 -9999 -9999 -9999 -9999 -9999 -9999 -9999 -9999 -9999 -9999 -9999 -9999 -9999 -9999 -9999 -9999 -9999 -9999 -9999
-9999 -9999 -9999 -9999 -9999 -9999 -9999 -9999 -9999 -9999 -9999 -9999 -9999 -9999 -9999 -9999 -9999 -9999 -9999 -9999 -9999 -9999 -9999 -9999 -9999 -9999 -9999 -9999 -9999 -9999 -9999 -9999 -9999 -9999 -9999 -9999 -9999 -9999 -9999 -9999 -9999 -9999 -9999 -9999 -9999 -9999 -9999 -9999 -9999 -9999 -9999 -9999 -9999 -9999 -9999 -9999 -9999 -9999 -9999 -9999 -9999 -9999 -9999 -9999 -9999 -9999 -9999 -9999 -9999 -9999 -9999
-9999 -9999 -9999 -9999 -9999 -9999 -9999 -9999 -9999 -9999 -9999 -9999 -9999 -9999 -9999 -9999 -9999 -9999 -9999 -9999 -9999 -9999 -9999 -9999 -9999 -9999 -9999 -9999 -9999 -9999 -9999 -9999 -9999 -9999 -9999 -9999 -9999 -9999 -9999 -9999 -9999 -9999 -9999 -9999 -9999 -9999 -9999 -9999 -9999 -9999 -9999 -9999 -9999 -9999 -9999 -9999 -9999 -9999 -9999 -9999 -9999 -9999 -9999 -9999 -9999 -9999 -9999 -9999 -9999 -9999 -9999
-9999 -9999 -9999 -9999 -9999 -9999 -9999 -9999 -9999 -9999 -9999 -9999 -9999 -9999 -9999 -9999 -9999 -9999 -9999 -9999 -9999 -9999 -9999 -9999 -9999 -9999 -9999 -9999 -9999 -9999 -9999 -9999 -9999 -9999 -9999 -9999 -9999 -9999 -9999 -9999 -9999 -9999 -9999 -9999 -9999 -9999 -9999 -9999 -9999 -9999 -9999 -9999 -9999 -9999 -9999 -9999 -9999 -9999 -9999 -9999 -9999 -9999 -9999 -9999 -9999 -9999 -9999 -9999 -9999 -9999 -9999
-9999 -9999 -9999 -9999 -9999 -9999 -9999 -9999 -9999 -9999 -9999 -9999 -9999 -9999 -9999 -9999 -9999 -9999 -9999 -9999 -9999 -9999 -9999 -9999 -9999 -9999 -9999 -9999 -9999 -9999 -9999 -9999 -9999 -9999 -9999 -9999 -9999 -9999 -9999 -9999 -9999 -9999 -9999 -9999 -9999 -9999 -9999 -9999 -9999 -9999 -9999 -9999 -9999 -9999 -9999 -9999 -9999 -9999 -9999 -9999 -9999 -9999 -9999 -9999 -9999 -9999 -9999 -9999 -9999 -9999 -9999
-9999 -9999 -9999 -9999 -9999 -9999 31.54550 -9999 -9999 -9999 -9999 -9999 -9999 -9999 -9999 -9999 -9999 -9999 -9999 -9999 -9999 -9999 -9999 -9999 -9999 -9999 -9999 -9999 -9999 -9999 -9999 -9999 -9999 -9999 -9999 -9999 -9999 -9999 -9999 -9999 -9999 -9999 -9999 -9999 -9999 -9999 -9999 -9999 -9999 -9999 -9999 -9999 -9999 -9999 -9999 -9999 -9999 -9999 -9999 -9999 -9999 -9999 -9999 -9999 -9999 -9999 -9999 -9999 -9999 -9999 -9999
-9999 -9999 32.68260 29.11030 28.89750 31.14990 32.10140 33.40750 34.05110 35.53220 36.47500 37.13970 37.96820 37.75230 38.36790 38.34480 39.85650 39.37730 39.94080 39.76200 39.45580 38.46420 -9999 -9999 -9999 -9999 -9999 -9999 -9999 -9999 -9999 -9999 -9999 -9999 -9999 -9999 -9999 -9999 -9999 -9999 -9999 -9999 -9999 -9999 -9999 -9999 -9999 -9999 -9999 -9999 -9999 -9999 -9999 -9999 -9999 -9999 -9999 -9999 -9999 -9999 -9999 -9999 -9999 -9999 -9999 -9999 -9999 -9999 -9999 -9999 -9999
-9999 -9999 -9999 -9999 29.06860 29.34280 32.60320 32.95600 33.88290 34.74310 35.42770 36.37860 38.09180 37.92180 38.10860 38.53330 39.87600 39.90490 40.39710 40.92430 39.79730 39.96210 -9999 -9999 -9999 -9999 -9999 -9999 -9999 -9999 -9999 -9999 -9999 -9999 -9999 -9999 -9999 -9999 -9999 -9999 -9999 -9999 -9999 -9999 -9999 -9999 -9999 -9999 -9999 -9999 -9999 -9999 -9999 -9999 -9999 -9999 -9999 -9999 -9999 -9999 -9999 -9999 -9999 -9999 -9999 -9999 -9999 -9999 -9999 -9999 -9999
26.23480 26.52810 27.13070 27.45470 28.32160 28.67770 31.79990 31.97200 33.31260 33.69860 34.60680 35.16090 36.51530 36.93110 38.16130 38.06730 39.07050 39.55370 39.84820 40.25420 39.76660 39.79360 39.10480 37.37350 36.75160 36.19430 36.28010 34.61100 -9999 -9999 -9999 -9999 -9999 -9999 -9999 -9999 -9999 -9999 -9999 -9999 -9999 -9999 -9999 -9999 -9999 -9999 -9999 -9999 -9999 -9999 -9999 -9999 -9999 -9999 -9999 -9999 -9999 -9999 -9999 -9999 -9999 -9999 -9999 -9999 -9999 -9999 -9999 -9999 -9999 -9999 -9999
25.60640 25.96620 26.70380 27.29330 27.57140 29.39650 31.00930 31.49770 32.22980 32.67860 33.66480 34.31100 35.40980 36.22440 37.34670 38.05910 38.09370 38.31340 39.70240 41.09010 39.81740 39.72740 40.11460 38.57760 38.19920 36.33450 36.53280 35.73100 35.80930 34.13120 33.38430 33.10450 33.10450 32.93550 32.06990 31.04770 30.42720 30.56420 29.51270 29.58660 29.64960 29.76110 29.59320 -9999 -9999 -9999 -9999 -9999 -9999 -9999 -9999 -9999 -9999 -9999 -9999 -9999 -9999 -9999 -9999 -9999 -9999 -9999 -9999 -9999 -9999 -9999 -9999 -9999 -9999 -9999 -9999
25.76910 26.20240 26.52470 27.17320 28.85360 29.20580 30.03190 30.45130 31.31070 31.85150 32.60930 33.43140 34.71380 35.19510 36.54050 37.20650 37.31190 37.87770 38.57460 39.97100 40.64280 40.79440 39.52200 38.98840 38.28870 37.24480 35.79000 35.49040 36.13410 35.82210 35.33140 34.91000 31.91440 31.78950 31.43290 31.34540 31.51690 30.14600 29.45420 29.59630 29.77980 29.22240 28.97880 28.92710 -9999 -9999 -9999 -9999 -9999 -9999 -9999 -9999 -9999 -9999 -9999 -9999 -9999 -9999 -9999 -9999 -9999 -9999 -9999 -9999 -9999 -9999 -9999 -9999 -9999 -9999 -9999
30.22380 29.85610 28.61650 30.87400 29.18850 29.92320 31.76740 31.94320 32.95460 32.45090 33.93380 34.25360 34.54660 34.99170 36.43710 36.74090 37.15680 37.52090 38.03000 39.58780 39.93200 39.90270 38.02320 37.67440 37.59110 38.32830 36.90600 36.81490 35.72520 34.14430 33.44380 32.95110 32.87400 32.91560 31.79910 31.43540 31.15710 31.20150 31.22560 30.47150 30.17930 29.61150 29.58540 29.49810 -9999 -9999 -9999 -9999 -9999 -9999 -9999 -9999 -9999 -9999 -9999 -9999 -9999 -9999 -9999 29.09480 29.68510 -9999 -9999 -9999 -9999 33.20170 36.68350 39.16470 38.24910 36.20560 36.67490
28.85010 29.06500 28.57440 30.12970 28.73850 27.98160 28.74090 30.19280 31.55430 31.96640 31.97160 32.34820 33.42730 34.61050 36.36640 35.71100 36.18400 36.46270 36.46830 36.58190 37.67300 37.99850 38.16340 35.25450 35.58660 35.57510 35.91710 35.89330 35.06230 34.77130 33.98060 32.25370 32.44170 31.90950 31.88800 31.87310 30.56410 30.46700 30.79840 30.35700 30.41900 30.25100 30.12580 30.16140 30.06030 29.99390 30.42210 30.32980 32.24540 32.76580 32.20760 32.43140 31.91140 31.22940 31.26570 31.17700 29.62550 29.65920 29.94860 30.15020 30.58250 -9999 -9999 -9999 -9999 -9999 35.58180 37.47530 39.36480 41.23030 42.70440
30.16930 28.64860 28.70940 30.66880 28.86650 28.36050 28.78780 28.51460 28.78140 28.37320 28.84670 30.06290 31.71070 32.41370 33.42490 34.42010 34.92070 35.76850 35.02550 35.62600 35.14790 35.05010 34.13960 34.01750 34.39340 34.40270 33.98310 34.67710 34.14060 33.87970 33.69740 33.37600 33.50200 32.86360 32.11620 32.51590 31.33380 31.54320 32.44170 31.40830 31.04320 30.77990 30.65070 30.48630 31.13190 30.97620 30.55320 30.56120 33.14650 34.26440 32.94840 31.23730 32.31190 34.53780 35.44630 33.06500 35.01960 35.02720 34.76530 33.76060 33.88020 33.95930 33.83980 33.48940 35.37480 35.69890 37.67040 37.85780 39.55360 41.52820 44.00000
29.82060 31.53480 28.18990 29.84140 30.43550 28.77580 28.40560 28.70600 26.60150 27.25860 27.52690 29.23480 29.75930 31.56880 32.11800 33.60090 34.08810 34.00500 33.82800 34.35910 34.15770 33.54700 33.58830 33.71040 34.62840 34.41450 34.53710 34.25020 33.98110 33.23140 32.87930 32.95350 32.95560 33.05760 32.97500 32.29800 31.68680 31.94340 31.61600 31.69890 31.36340 31.69330 31.23680 31.03880 31.58260 31.61840 31.93080 31.45070 31.38480 31.55890 32.73930 31.16530 32.17040 33.15760 34.68910 36.90580 36.88710 36.02480 36.28720 36.47000 36.33630 38.59680 37.71830 36.72040 37.61850 38.32780 38.56170 38.85130 39.83090 43.79490 46.73220
31.38280 32.76080 30.66040 27.94600 29.31520 28.48980 26.70220 28.57470 27.39310 26.81330 26.99350 27.50040 29.01770 29.85220 30.04540 30.73030 31.14390 32.19440 32.55860 34.51260 34.03840 34.18180 34.48030 34.66550 33.50270 33.26570 33.35650 33.82610 34.28790 34.07100 34.05210 34.17820 32.79980 32.63800 32.99800 32.60270 32.68880 33.00680 33.01130 32.87850 32.52360 32.41940 33.51630 34.29400 33.11830 32.25140 32.07620 31.96230 32.01470 33.97070 34.11770 34.85430 35.27930 35.16390 34.99340 35.21810 35.91510 37.76800 38.09790 38.96620 39.20850 41.58830 42.96560 42.57470 42.77120 42.59490 43.66060 44.43250 45.16920 46.74980 47.85500
29.73380 31.44500 31.77560 31.72690 29.87830 27.77160 26.61090 27.56560 27.37980 26.23740 29.77300 29.84620 29.97320 28.93410 28.74710 29.28170 30.63720 30.70550 31.96380 32.78190 33.39150 33.25330 33.64510 33.48480 32.86050 32.40930 32.68610 32.50140 32.80350 33.27430 33.20220 33.74920 33.93520 33.83280 32.78620 32.92900 33.46780 34.08120 33.92010 34.60230 33.86550 33.39280 33.82830 33.80360 34.63500 35.07210 34.13760 33.47420 32.64980 34.48010 35.57340 35.75050 36.87960 35.65520 37.88250 38.67600 38.80380 40.67480 38.71540 37.59750 38.26180 38.42460 40.32420 43.44090 45.21840 45.31160 47.29160 46.81130 46.99250 48.19150 48.67700
29.92610 31.03520 31.32150 31.63300 32.19300 29.22210 27.68930 26.64940 26.30410 25.98540 28.31320 30.66430 32.27390 31.13840 32.24940 30.73630 30.20020 29.92030 30.08420 31.06870 31.28760 31.24310 32.09830 32.55750 32.67930 32.76870 34.21840 34.52120 33.98590 34.14780 34.20320 34.10370 33.94360 33.97560 33.82650 34.34570 34.94020 35.79980 34.14010 34.23820 34.62060 35.65920 34.47140 34.46840 34.84760 33.56520 34.03830 34.18640 33.79870 33.98960 34.84830 35.99600 37.63370 37.84430 37.92040 39.13580 40.03550 41.19380 40.08100 42.40130 42.35610 42.60830 42.28960 43.46860 44.10270 44.55120 46.54360 47.76280 47.75870 48.47030 49.18100
32.11670 32.23050 30.27250 29.07840 31.76160 31.55940 30.76660 30.36530 28.71020 26.49070 25.67540 27.26270 28.44890 30.83270 32.97990 33.56700 34.02780 33.90040 32.34170 32.26190 31.49790 31.80720 31.54200 32.54210 32.75290 34.76830 34.75610 34.72400 34.96440 34.70200 34.40910 36.18440 35.65040 36.11450 35.17260 35.34550 35.21420 36.25060 35.25050 35.78420 36.11710 36.19950 34.24360 35.95930 36.46090 36.51900 36.32430 36.61530 36.14030 35.85380 38.63530 39.24380 41.36180 41.44180 41.72120 42.25960 44.10520 42.36590 42.50250 44.24910 43.10980 43.73490 45.08950 44.54860 45.73680 46.13220 47.75660 47.63860 47.53340 48.48550 48.71380
30.49350 31.23200 28.65670 30.44450 27.86940 28.09130 29.96110 29.76430 30.19730 28.62920 27.63610 28.40670 28.80460 28.53620 29.02180 29.76430 31.63450 33.39080 34.68390 34.71340 34.41010 34.85980 33.23820 33.13760 32.82600 34.59290 34.56440 34.62460 36.13470 35.95670 35.83580 35.75460 36.65030 35.83970 36.47700 34.39070 34.97200 36.07770 36.90500 36.92200 35.84200 35.84730 35.74150 35.70210 37.47990 37.63700 38.67160 37.80410 38.69150 41.15030 42.22720 42.13830 42.62730 44.83120 44.14450 45.32300 43.80990 44.69550 43.47460 43.47070 43.99890 45.13210 45.30510 45.64100 47.10040 46.48830 46.09500 46.09610 47.96140 48.15450 48.40490
30.37100 30.79890 29.93220 29.77130 29.82570 28.10360 29.63750 30.30690 29.95550 28.51290 26.81680 30.50180 30.78630 29.47330 31.90610 31.87340 31.23610 28.81390 32.48460 33.52060 35.77980 36.28450 34.68320 33.22910 32.55240 33.84670 34.07350 35.16050 35.96250 35.83390 36.25270 36.37700 36.60200 35.49130 34.64300 34.73660 35.93050 36.40900 37.51070 37.89720 38.22520 37.59460 36.91820 37.57950 35.78000 34.81820 36.88210 37.84240 40.55570 41.87810 42.58210 43.04800 42.68230 44.70300 45.98190 46.73270 46.11610 46.57460 45.29360 45.77000 45.84420 46.21890 46.07090 47.97840 46.77530 47.14650 47.01230 47.59440 48.31130 49.50490 49.80190
31.26280 31.34170 30.36510 29.82080 29.86430 29.91000 29.71390 29.80970 29.46720 28.91060 28.48850 29.13350 29.63460 29.27600 31.56610 32.44730 32.12000 33.83080 32.48000 31.94200 33.31340 34.78240 34.33050 34.94940 33.24270 32.79720 33.44060 34.02850 35.80820 35.53890 36.26580 36.60770 36.10160 36.70180 35.83680 35.52870 35.88730 36.20230 37.21520 37.57750 38.68960 38.79510 38.77650 38.28510 36.19940 36.07990 37.43220 38.79980 41.07600 42.86140 43.71930 43.04700 43.41220 45.65240 46.25930 46.17690 46.09140 46.16040 47.65550 47.55290 47.37810 47.50920 47.57250 47.55880 47.27860 47.80950 48.52550 48.47670 50.08130 50.58970 50.68380
32.08700 32.27950 31.73160 31.58990 30.94700 30.03390 29.27700 28.76170 28.43280 27.48220 28.36750 30.07460 29.81720 29.46540 29.99540 31.86940 32.27910 33.04220 33.06630 33.91120 32.84440 32.18940 32.38630 33.53690 34.37290 34.87500 33.65790 34.02670 36.17270 36.58950 36.86280 36.50910 35.95900 35.93990 36.23080 36.78830 36.95310 38.63980 38.82140 39.75790 40.70920 40.35080 39.63340 41.12020 39.72630 38.19620 38.51740 40.35480 41.26400 42.67370 43.95890 43.12220 42.80840 44.16620 44.72010 45.79970 46.64860 47.91550 48.51360 49.65220 48.35830 49.23790 49.26100 49.25590 49.37240 49.04350 49.61300 49.58780 50.64870 52.09580 53.30330
33.62910 33.42510 31.36760 31.70750 33.31330 32.77980 31.36450 29.99590 28.29490 27.68080 27.75890 28.82720 31.22120 31.90560 30.50280 30.97390 32.33490 33.44310 33.68570 33.98430 33.91380 34.57210 34.97820 35.40620 35.33070 35.84200 36.44990 36.16040 35.71660 36.55890 36.64970 36.96140 36.60380 37.80890 37.73600 36.97590 38.33260 39.60780 39.25550 38.99120 40.10740 40.81930 40.61570 40.35430 40.65100 40.50110 40.49690 41.68570 42.46500 43.37340 43.61120 44.32610 44.87140 46.42780 47.36390 48.78030 49.23080 49.45250 49.81600 50.39550 50.32540 50.70110 51.38570 51.22710 51.38310 51.41950 51.51600 51.63950 53.35570 54.12680 54.35630
32.94620 33.67890 32.31410 32.39860 32.42740 33.57440 32.73910 30.66030 29.62630 28.16700 26.41960 28.35250 30.89020 32.91140 32.97420 33.04950 33.23100 32.85570 33.69670 33.30740 36.50500 35.59680 34.67490 35.76950 36.08100 36.84180 37.71340 37.69670 36.34240 36.50660 37.87390 38.23580 38.83060 38.72270 39.39110 37.88740 39.31630 40.37240 40.76210 41.14500 41.88330 41.88440 41.76380 42.32600 42.35510 42.48260 42.09240 43.26100 44.55970 45.00640 46.33150 47.37580 48.20100 48.95220 50.62720 50.99720 51.32220 52.46380 52.70250 52.81690 52.80290 52.60650 53.34680 53.27020 53.52150 53.43070 53.38250 53.90970 54.99320 54.84410 55.67750
34.90070 34.96290 35.49300 34.21830 34.23680 34.39100 33.55130 33.61420 32.57750 31.23810 30.08600 31.15710 31.92870 32.91020 34.70390 34.10860 33.29280 33.39050 34.64730 34.93470 34.97140 37.26540 38.19860 38.28540 37.19570 36.67160 37.71280 37.46780 37.46860 38.14060 38.50770 38.76980 38.84890 39.52850 39.76600 39.74470 40.00290 41.88880 42.41550 43.16010 43.57110 43.90820 44.52460 44.22740 43.03490 43.33960 43.17810 43.59230 44.36120 45.36680 46.80320 47.58550 49.24960 50.90840 52.72670 53.52170 54.89870 55.19480 54.85600 54.63550 55.26540 55.41630 55.36470 55.40810 55.71880 55.23230 55.05400 56.25250 56.89870 56.92050 57.36130
34.80280 35.77540 36.56910 36.86530 34.97980 35.16740 35.92740 35.19130 35.31500 33.41840 32.76510 34.98720 35.30530 36.11920 36.09520 35.81550 35.97100 35.81410 35.08710 36.19950 37.54470 39.48990 40.97030 40.45040 38.30200 38.82690 39.00530 38.81820 39.27860 40.26480 40.89300 40.82070 40.94520 41.39130 41.51800 41.43300 42.34680 42.80960 43.85870 44.72330 44.52870 44.96240 45.25310 45.16680 43.93150 44.68360 44.79770 45.53880 46.61940 47.55770 -9999 -9999 50.96300 52.74140 54.35110 54.88450 55.74400 56.57130 56.95540 56.81920 57.15390 57.22880 56.81590 56.54710 56.57720 57.02160 56.42740 57.59730 58.30160 58.49340 59.25280
36.58220 36.84440 37.28450 37.98310 39.39050 39.64450 37.71240 38.98070 37.63440 35.80630 35.59980 37.27850 35.81970 36.48220 38.11370 37.30060 37.90840 37.84150 37.81500 39.48590 40.83460 40.95260 41.65920 42.57760 42.87410 42.37070 41.89220 40.60440 40.62000 42.12840 43.19090 42.87180 43.15860 42.90300 43.01410 43.15610 44.04820 43.44480 43.24260 -9999 -9999 -9999 -9999 44.72310 -9999 45.39990 46.21060 47.05260 47.66300 47.96390 -9999 -9999 51.30760 52.28860 53.72580 54.67090 55.65450 56.18830 57.35640 57.56410 57.27840 57.35520 57.31100 56.83800 57.55240 57.90590 57.72980 58.45780 57.91460 58.99180 60.04390
36.97550 37.56700 39.29160 39.93070 41.73500 41.05160 41.48680 41.35880 39.70330 39.77840 39.34620 39.78580 39.68350 40.56540 40.32200 39.46410 39.98650 40.96640 41.63720 41.70680 44.01350 43.75260 44.77670 44.98930 44.69270 44.51320 43.45530 43.53860 43.42650 44.57430 45.55940 46.33600 45.64320 45.80970 45.39060 45.30280 44.66850 -9999 -9999 -9999 -9999 -9999 -9999 -9999 45.95800 46.61850 47.11730 -9999 -9999 -9999 -9999 -9999 52.84450 53.66150 54.55870 55.23510 55.74800 56.61420 58.12050 57.95030 58.47990 58.70030 59.12610 58.67640 59.16490 59.29880 59.25320 59.82900 59.79720 60.79930 -9999
