data/hydroclimate-scenarios/1948-2000.Pcorr55N_Pref_Tref/monthly_summaries/rh_monthly_avg_feb.1950-2000.asc
ncols	311
nrows	91
xllcenter	102.75
yllcenter	31.75
cellsize	0.5
NODATA_value	-9999
[rows 32 to 63 of 91, columns 0 to 70 of 311]
-9999 -9999 -9999 -9999 -9999 -9999 -9999 -9999 -9999 -9999 -9999 47.08510 47.56450 48.05930 48.65290 48.88620 49.75420 50.33650 50.62290 51.40300 51.39150 52.15830 52.82670 52.50510 52.73610 52.67900 52.19220 51.71450 51.47400 51.49090 51.57630 52.24250 53.73190 54.95160 56.67020 58.89190 59.94120 60.58430 60.51900 60.93290 61.55160 62.32260 62.37090 62.85720 62.61860 62.24840 61.84730 61.11640 60.60450 59.98450 58.86730 57.42300 56.64360 55.49610 54.83130 54.48980 53.74670 53.37250 52.72910 52.11210 51.72110 51.34970 51.10640 51.33250 51.81980 53.23740 53.47900 53.52270 52.95990 53.35200 54.50210
-9999 -9999 -9999 -9999 -9999 -9999 -9999 -9999 -9999 -9999 -9999 47.01900 47.44700 48.24790 48.46970 48.83700 49.37350 50.36030 50.71030 51.42590 51.71940 52.17200 53.01770 52.67220 52.12550 51.90370 51.17980 50.61100 50.88560 51.32730 51.05900 51.68920 52.50410 54.32760 56.14610 58.33220 59.41240 59.68640 59.91310 59.57030 61.00440 60.94110 62.02200 62.30140 62.63070 62.45700 61.96840 61.22380 60.40630 59.40650 58.62390 57.66250 56.24450 55.86070 55.21980 54.50060 53.76000 52.99980 52.33360 52.06780 51.40930 51.22220 51.38770 51.36030 51.99750 52.62310 53.29850 53.68180 54.21690 54.35560 55.83140
-9999 -9999 -9999 -9999 -9999 -9999 -9999 -9999 -9999 -9999 -9999 -9999 47.07020 47.50280 47.99840 48.80780 49.44720 49.85410 50.55550 51.09450 51.53730 51.89900 52.21140 51.91420 51.72610 50.00940 49.61030 48.87590 49.40960 49.25590 49.50330 50.39020 51.14530 52.63800 54.00960 55.33550 56.38460 57.40490 57.64630 58.39700 59.41010 60.18590 61.16180 62.13630 62.47500 62.71080 62.29280 61.75380 60.61650 59.71790 58.88980 57.46420 56.37050 55.33650 54.52210 54.13360 53.39190 52.73780 52.09750 51.93860 51.89120 51.49410 51.34100 51.07690 51.88530 52.77430 54.11810 54.14760 53.94920 54.67020 57.44950
-9999 -9999 -9999 -9999 -9999 -9999 -9999 -9999 -9999 -9999 -9999 -9999 47.10950 47.61140 48.17550 48.64290 49.65110 50.40190 51.00830 51.17560 51.66020 51.01700 51.55280 50.91710 49.90630 49.98700 49.23510 47.71270 47.82910 47.00550 47.01820 47.48150 49.13320 50.43610 51.61710 52.93320 53.50110 55.56910 56.19740 57.22430 58.29250 59.28710 60.60570 61.58680 62.97360 63.38630 63.28630 62.01620 60.85750 59.10530 57.88910 57.23900 56.08510 54.75600 54.49420 53.71360 53.06140 52.76690 52.40760 51.85460 51.49230 50.74460 50.39290 50.76660 51.84320 53.34840 53.94140 55.09240 55.82420 56.60430 57.42420
-9999 -9999 -9999 -9999 -9999 -9999 -9999 -9999 -9999 -9999 -9999 -9999 46.98080 48.07690 48.50820 49.14670 49.77760 50.09470 50.63160 50.73340 51.42840 51.48940 51.84060 51.07170 50.26780 49.02080 48.01170 47.84950 46.47130 46.17180 45.85430 46.55500 46.63390 47.44870 49.18840 50.83020 51.93240 53.11810 54.16630 55.86730 56.35050 57.39150 59.56760 61.21880 62.66840 63.37780 62.92390 61.21040 60.10010 59.30780 57.77610 56.87230 55.85510 54.95930 53.85590 53.31670 52.61420 52.17420 51.49360 50.62870 50.64260 50.28130 50.65770 51.50890 51.78840 52.73290 54.05240 55.73440 56.16680 57.92800 59.02090
-9999 -9999 -9999 44.05160 44.47610 44.35900 45.08800 45.66880 45.82470 -9999 46.72000 46.82450 47.95560 48.15050 48.92370 49.02210 49.33910 49.86100 49.66900 49.99520 51.25770 51.86930 52.33860 52.04300 50.92240 49.48930 48.19870 45.48940 44.73740 42.31520 43.09160 43.65360 43.33270 43.08780 45.68960 47.41750 48.43780 49.68930 51.59200 53.43560 54.52290 56.41080 58.50220 60.45250 61.41990 61.73630 60.87740 60.53300 59.40440 57.83560 56.26220 55.27650 53.77250 52.13200 51.66570 49.90640 49.02460 50.36100 49.48770 49.67020 50.44870 50.28480 50.23870 50.65230 51.56330 53.10290 54.08140 55.67500 57.31700 58.61200 59.85530
-9999 -9999 -9999 44.53060 44.71220 44.80390 45.30220 45.78330 46.66370 46.77810 47.85280 48.41060 48.20980 48.49600 48.22040 48.32660 48.17850 48.90950 49.09850 49.48560 50.78910 50.76290 52.51350 52.79370 50.59430 48.94280 46.71250 44.73380 42.26960 40.42560 40.27360 39.57920 39.90750 40.47630 42.05000 43.12980 44.39260 45.48380 48.11540 49.43330 51.14300 53.84090 56.83790 58.32140 59.27900 59.47220 59.18940 59.20060 57.25780 55.71370 54.45690 53.39610 51.66290 50.84310 50.92680 49.59950 49.53360 49.45950 48.27250 48.37920 49.11930 48.95860 49.53910 50.39250 51.42340 53.30330 54.65710 56.86880 58.40300 59.59880 60.44590
-9999 -9999 -9999 44.68340 44.45270 44.83880 45.26940 46.31720 46.93110 47.61790 48.17300 48.40820 48.21260 47.65330 46.96980 47.67890 47.41960 47.67450 48.60950 48.68900 49.21370 48.82570 49.73810 49.26750 46.82960 46.22880 44.60020 42.73140 41.09830 38.34990 36.38110 35.85590 36.64330 38.00480 38.84400 40.17510 41.97000 43.49780 45.50320 46.89610 48.72100 51.55480 54.32060 56.67130 58.69130 58.94030 58.08810 57.03990 55.86350 53.79560 52.21060 52.58600 51.08160 50.42860 50.15360 49.02710 48.65380 48.44620 47.65600 47.86050 48.79060 49.10740 50.01020 49.95250 51.43030 52.87090 54.54390 56.20000 56.97620 58.90680 60.06940
-9999 -9999 -9999 44.79020 45.15180 45.55680 46.47820 46.70950 47.09680 47.57200 48.28050 48.60610 47.79090 46.99570 47.05180 47.02180 46.64940 46.46090 46.43100 46.84100 45.88760 45.34040 44.13030 44.57020 44.24160 43.92980 42.42140 40.86760 37.83560 35.65580 35.08320 35.28120 34.89330 34.58420 35.67900 37.00320 39.35600 41.77540 42.64130 44.60590 46.40120 47.49340 49.49010 53.15510 56.93500 56.46470 55.17560 55.30280 53.51400 52.71340 50.87010 50.41380 49.62930 47.99350 48.23610 47.72660 47.53070 46.74370 46.19150 46.53130 45.79820 47.62110 48.83010 49.65100 50.66550 52.56210 54.14970 55.43280 56.38550 57.99080 62.13730
-9999 -9999 -9999 45.13710 45.48500 45.33710 45.83850 46.56530 46.83210 47.45870 48.80770 48.45540 47.41970 46.56890 45.83280 45.91800 45.29470 45.56570 46.32680 46.13050 44.54760 43.31030 42.42320 43.57640 43.15930 42.76660 41.67800 39.82050 37.17550 35.17200 34.29340 33.54640 33.46830 33.77880 34.60190 35.43000 36.69060 38.59910 40.34300 42.02250 43.19020 44.79250 46.55100 48.84930 51.71880 52.49700 52.70020 52.32180 51.51440 50.79930 49.57790 49.65770 48.45670 46.44230 47.07010 45.59230 46.15450 45.66680 45.35570 44.51730 45.39540 46.38410 47.46490 47.67330 49.00810 51.76980 53.06660 53.93920 55.78740 59.52350 63.38510
-9999 -9999 -9999 -9999 44.56240 44.96610 45.55220 45.71740 46.08160 47.35130 48.42560 48.37010 46.27830 47.44700 -9999 -9999 -9999 -9999 -9999 41.64090 40.64800 40.55680 39.55140 38.19990 38.27010 38.53060 39.22170 37.96840 36.28250 35.26630 34.11260 33.23360 32.97850 33.49660 34.60300 35.31920 35.73840 37.08110 37.80050 39.31590 41.11890 42.30760 43.70200 44.80130 46.75990 48.45050 48.90130 48.21290 48.75760 48.82620 48.06960 47.32590 47.13330 45.14560 44.50470 43.40040 42.86560 42.99620 43.47940 43.99560 44.02740 44.14130 45.48590 46.77980 48.52550 49.45240 51.68550 54.70330 57.47780 -9999 -9999
-9999 -9999 45.43570 45.09890 44.86710 45.41950 45.66870 46.04440 47.00130 47.77250 48.96620 48.73510 46.83880 -9999 -9999 -9999 -9999 -9999 40.06030 39.81590 38.56150 38.19340 38.41620 36.94170 37.10160 36.90550 37.48610 37.06740 36.03200 35.30130 34.34810 33.58840 33.04010 33.19070 33.36190 33.96700 34.32000 34.97810 35.55520 36.76200 37.68720 39.01120 40.16380 41.73900 43.46890 44.68440 45.58980 46.23230 46.96440 47.97640 47.50170 46.82100 45.98920 45.75320 44.17260 44.10860 43.23690 42.73230 42.54210 43.58920 43.90190 44.60390 45.81700 46.79850 48.41440 49.93050 52.06940 -9999 -9999 -9999 -9999
-9999 -9999 46.21290 45.92850 45.45700 45.45920 46.36720 46.29550 47.25320 48.32300 48.42950 48.70200 49.02480 -9999 -9999 -9999 -9999 43.51840 39.54810 39.06440 37.20710 36.33680 36.49390 36.29030 36.88170 37.14830 36.83090 36.17620 35.77460 35.24110 34.37820 33.25260 33.05400 32.69700 32.64730 32.66570 33.15350 33.55380 33.63800 33.85590 34.66530 35.39430 36.47910 38.27450 39.60780 41.57100 43.16070 43.90570 45.15420 45.73160 45.77920 45.52830 45.49950 45.16210 44.08770 44.63060 44.05380 42.25400 42.11560 43.21800 43.82720 43.78420 45.12770 47.20510 48.85510 -9999 -9999 -9999 -9999 -9999 58.91950
-9999 -9999 47.16430 46.61960 46.58100 46.31280 46.96260 47.57850 47.92850 48.71310 48.59130 49.34580 48.88890 -9999 -9999 -9999 -9999 41.02820 39.74600 37.87960 36.19810 35.89490 36.15730 36.05240 35.93630 36.24660 35.85530 35.74970 35.53950 34.85390 33.90830 33.44430 32.82780 31.93320 31.39540 31.28040 31.58550 31.61420 31.72150 32.25940 32.93000 33.75940 34.60020 35.55930 37.65180 39.06240 40.23310 41.51460 42.49970 42.88950 43.89530 43.69730 43.61010 43.17750 42.45450 43.21270 43.23870 42.28510 42.94670 43.40770 44.63170 45.43290 46.11610 46.30330 46.32280 46.96280 49.54050 50.14540 52.65950 -9999 -9999
-9999 -9999 -9999 47.81110 47.52800 47.30910 47.56270 48.20500 48.54020 48.71590 49.96250 48.86230 -9999 -9999 -9999 -9999 43.27990 40.49300 39.17830 37.25630 36.16220 35.57240 35.32600 35.29080 35.15920 35.29540 35.53060 35.27270 35.31900 34.42870 34.01020 33.45920 32.95570 31.93920 31.06890 31.10910 31.22790 31.25290 31.18640 31.24070 31.70610 32.36810 32.90370 34.23950 36.44270 38.11400 39.51950 41.12900 40.96660 41.48540 41.39090 41.67580 41.69430 41.00360 40.25470 40.36050 40.74770 40.46530 41.23960 42.55230 43.36870 44.05840 43.38910 41.92480 41.93520 45.04920 47.06670 48.10220 50.16050 54.91380 -9999
-9999 -9999 -9999 -9999 49.13090 48.62740 48.53950 48.66950 48.61830 50.11770 47.74190 -9999 -9999 -9999 -9999 45.89530 43.03330 41.09870 38.77700 37.00140 35.66580 35.09110 34.72170 34.48790 34.54250 34.94900 35.47960 35.53240 35.43390 35.05350 34.72850 34.50190 33.72120 32.54500 31.60490 30.98760 30.98680 30.73500 30.39080 30.18760 30.60500 31.17590 32.16830 33.38520 35.24220 36.96690 38.44390 39.51910 40.21030 40.56080 40.98450 41.15120 40.69230 40.10790 39.53240 39.89250 40.76330 39.90060 40.63480 41.81670 41.34220 41.49170 41.97620 42.36920 42.13190 43.70580 45.37550 46.36710 47.44670 49.36560 52.15850
-9999 -9999 -9999 -9999 -9999 -9999 49.79560 49.71820 47.30690 47.50500 50.09080 -9999 -9999 -9999 -9999 -9999 43.58630 40.43890 38.35460 36.11050 34.75740 34.58370 34.10620 34.01530 34.50360 35.04240 35.55480 35.62050 36.04070 36.11920 35.42660 35.27660 34.67750 33.01300 32.14360 31.68780 30.78110 30.11530 29.89620 29.69540 29.66970 30.07940 30.96770 32.22630 33.87800 35.74940 37.43330 38.65490 39.47990 39.92220 40.83880 40.67830 40.41940 39.37090 38.31320 39.14790 39.71780 40.23530 40.67270 40.86540 40.57000 40.79730 41.23990 41.31000 41.41440 42.83620 43.60870 44.43040 45.91310 47.85720 50.09780
-9999 -9999 -9999 -9999 -9999 -9999 -9999 -9999 -9999 -9999 -9999 -9999 -9999 -9999 -9999 -9999 -9999 -9999 -9999 35.41240 34.41850 33.71760 33.82020 34.01540 34.37220 35.07700 35.54560 36.14930 36.86760 36.86070 36.87270 36.52690 34.69390 33.66180 32.94080 31.88070 31.26880 29.83290 29.60240 29.28570 29.16510 29.62780 30.45840 31.35360 33.11760 34.91470 36.85560 37.93860 38.88440 39.97050 40.65520 40.87400 40.21610 39.41790 38.13040 38.39410 39.34730 40.29610 40.44390 40.62870 40.03700 40.79050 41.18730 40.94490 41.19990 43.00870 43.61510 43.89330 45.22360 47.06040 49.30790
-9999 -9999 -9999 -9999 -9999 -9999 -9999 -9999 -9999 -9999 -9999 -9999 -9999 -9999 -9999 -9999 -9999 -9999 36.26820 34.86850 34.09140 33.61560 33.84570 34.10810 34.49590 35.27840 35.85190 36.08920 36.52470 36.60810 36.77460 36.18510 35.33660 34.39940 33.44340 32.38520 31.27130 30.44240 29.48300 28.83180 28.75270 29.31900 29.81340 30.89030 32.41680 33.85570 35.57480 37.72740 39.07270 40.43200 41.43810 41.51600 41.32780 40.16700 39.16020 39.23480 39.47670 39.29250 39.18060 40.74230 41.46880 42.16440 42.38250 42.28940 42.13240 44.05640 45.22720 45.51660 46.79510 48.66870 50.67660
-9999 -9999 -9999 -9999 -9999 -9999 -9999 -9999 -9999 -9999 -9999 -9999 -9999 -9999 -9999 -9999 -9999 36.79170 35.69930 34.63030 34.10060 33.91870 34.17330 34.55220 35.07650 35.53710 35.96830 35.97710 36.10630 36.34740 36.58250 36.62650 35.99760 35.33390 34.62040 33.14230 31.75700 30.49620 29.43570 29.07240 28.98360 29.08300 29.68880 30.67460 31.79570 33.69050 35.32590 37.05220 39.50560 41.26630 42.68420 42.65320 41.82670 40.97460 40.32260 39.94890 39.86610 39.57350 39.77070 41.21330 43.01940 43.14930 42.22210 42.30410 44.55720 45.80000 46.33720 47.72360 48.71330 50.14000 51.14200
-9999 -9999 -9999 -9999 -9999 -9999 -9999 -9999 -9999 -9999 -9999 -9999 -9999 -9999 -9999 -9999 -9999 35.71410 34.85080 34.16340 33.68360 34.21080 34.70150 35.03510 35.80470 36.08890 36.31570 35.80910 36.08440 36.65370 37.12950 37.33430 37.31110 36.91360 35.73210 34.31470 32.80520 31.21320 29.82000 29.49980 29.69800 29.62560 29.95830 30.57520 31.78390 33.68420 35.63240 36.79900 39.21500 42.34500 43.40200 43.16280 41.95110 41.48710 41.31890 41.03750 39.94110 40.20910 41.47640 42.60240 42.91630 43.02730 43.93920 44.53020 44.64110 45.98430 47.88520 47.97190 49.81140 51.46850 53.28230
-9999 -9999 -9999 -9999 -9999 -9999 -9999 -9999 -9999 -9999 -9999 -9999 -9999 -9999 -9999 -9999 35.06130 34.09250 33.72950 33.55280 34.17300 34.52260 35.11520 35.45870 36.29810 36.96410 37.25260 37.13360 36.82200 37.77930 38.03690 38.17910 38.25750 38.63100 37.58150 36.29750 34.87030 33.16540 31.62850 31.27990 30.61210 30.05460 29.92560 30.44320 31.80440 33.71100 35.21690 36.10510 38.20690 42.31420 43.18060 42.59080 41.83000 41.79740 42.02440 42.06700 41.80270 41.37890 42.29290 43.31720 43.94280 45.12840 45.49630 44.96710 46.93400 48.89370 50.00900 50.76900 52.42250 53.17110 54.41620
-9999 -9999 -9999 -9999 -9999 -9999 -9999 -9999 -9999 -9999 -9999 -9999 -9999 36.84100 35.50720 34.59270 34.01310 33.64030 33.57880 33.02880 33.97850 34.67630 35.69420 36.20110 37.02920 37.58830 38.16150 38.79410 38.96260 39.15260 39.23180 39.17680 39.45710 39.61910 39.29680 38.18210 37.24440 36.41650 35.34050 34.05860 32.31670 30.65960 29.58510 30.46810 32.22460 33.76550 35.40150 36.18510 36.84920 37.46810 38.53920 39.39650 40.29580 41.61040 42.82690 42.88720 42.73830 42.75150 43.33130 44.16080 45.11590 46.03110 47.28050 48.87180 50.65790 52.96500 54.05640 55.02060 55.17440 55.93590 56.26450
-9999 -9999 -9999 -9999 -9999 -9999 -9999 -9999 -9999 -9999 -9999 -9999 36.77760 35.49000 34.59620 33.82960 33.36560 33.44620 33.59900 33.29220 34.45910 35.37070 36.15750 37.07020 37.63730 38.10120 38.80910 39.90790 40.40610 40.52720 40.29910 39.97770 40.46320 40.57830 41.22880 40.22630 39.57990 39.80910 39.62580 37.63570 34.60130 31.65350 29.32000 30.57560 32.78020 34.91320 35.82430 36.18660 35.78410 34.17320 35.85590 37.17460 38.43830 40.22360 42.57320 43.81810 43.62150 43.10120 43.36490 44.72380 45.62810 46.94900 48.76030 50.90430 53.61940 55.70600 56.89440 57.48620 57.52090 57.34110 57.05350
-9999 -9999 -9999 -9999 -9999 -9999 -9999 -9999 -9999 -9999 -9999 36.70640 35.62910 34.57080 33.90940 32.97960 32.76040 32.59680 32.97600 33.85330 34.81630 35.70280 37.12420 37.87870 38.64540 39.14490 39.45560 40.43580 42.09800 41.33700 40.70300 40.26890 39.87780 40.52220 41.04140 40.83800 40.96520 41.57820 42.86030 40.30340 36.38020 33.56720 31.56050 32.24350 33.98210 35.70920 36.74670 37.43010 36.99930 35.81690 35.44410 35.88440 36.67030 38.37930 40.12040 42.13890 43.60410 43.86090 45.64230 46.23870 47.53980 49.39490 51.24880 53.30930 56.94910 59.46000 58.90430 58.55470 57.83170 57.51570 57.55380
-9999 -9999 -9999 -9999 -9999 -9999 -9999 -9999 -9999 -9999 36.05620 35.69570 35.07450 34.35340 33.28380 32.23040 31.99000 32.05650 33.06380 34.02890 35.65340 36.90140 37.69490 38.83070 39.20190 39.36920 39.51410 40.48600 41.32970 40.72690 39.98890 39.42110 38.90010 39.60780 40.10580 40.51860 40.49290 41.23310 42.07810 40.33470 37.63690 35.48990 34.20960 34.54530 35.41520 36.83410 38.48580 38.70670 38.09460 37.20550 35.96870 35.24340 35.32480 36.31540 38.85170 40.98770 42.96710 44.03320 45.91790 47.10360 48.11940 50.11720 52.15460 54.31890 56.73210 59.60990 59.84280 58.98520 58.27190 57.85700 58.16090
-9999 -9999 -9999 -9999 -9999 -9999 -9999 -9999 -9999 36.07200 34.90920 35.21190 34.87140 33.87030 32.81840 31.50070 30.92360 31.80800 33.24770 34.52670 36.25500 37.66660 38.61990 39.03020 39.46070 39.38200 39.21750 40.15320 40.11780 39.32690 38.76770 37.97570 37.81690 37.89250 38.28970 38.81400 39.29130 40.36760 40.50500 39.50110 37.98130 37.00660 36.15280 36.25070 36.49520 37.22250 39.14800 40.01390 40.23770 38.97020 37.17540 35.28430 34.66170 35.95220 37.10890 41.04720 43.84190 46.28640 46.75960 47.69160 49.20230 50.80980 52.59880 54.09860 56.03680 57.91710 58.54050 58.20420 58.07070 58.45320 59.58180
-9999 -9999 -9999 -9999 -9999 -9999 -9999 -9999 -9999 -9999 34.11490 35.51170 35.46130 34.48300 32.89770 31.35800 30.35350 31.64360 33.61280 35.06030 36.87990 38.45180 39.06280 -9999 -9999 -9999 -9999 -9999 -9999 37.84320 37.56890 36.79240 36.64550 36.78430 36.97240 37.53500 38.17230 39.07330 39.20960 38.67360 37.73110 37.31350 37.07390 36.89580 37.03910 37.48890 38.56850 39.89920 40.73490 39.70220 37.38730 35.84720 35.00040 35.60720 37.37510 40.60830 43.09640 45.35680 46.23400 47.81830 49.19680 50.62820 51.91700 53.09090 54.40630 55.92280 57.22860 57.31260 57.21050 58.80620 59.59350
-9999 -9999 -9999 -9999 -9999 -9999 -9999 -9999 -9999 -9999 -9999 -9999 36.54320 35.06610 33.43000 31.69210 30.95560 31.76270 33.39370 -9999 -9999 -9999 -9999 -9999 -9999 -9999 -9999 -9999 -9999 -9999 -9999 -9999 -9999 35.63620 36.07040 36.74430 37.60320 37.91550 38.07330 37.43290 36.86910 37.01250 36.83390 36.37280 36.36590 36.76090 37.84110 39.19340 39.28770 39.16980 37.63530 36.33680 35.38990 35.98240 37.56840 40.29780 42.24660 43.88560 45.62840 47.41340 49.20530 50.45750 51.49340 52.06940 53.95140 55.01890 55.88360 57.06310 58.12120 59.99470 61.23850
-9999 -9999 -9999 -9999 -9999 -9999 -9999 -9999 -9999 -9999 -9999 -9999 -9999 -9999 -9999 -9999 -9999 -9999 -9999 -9999 -9999 -9999 -9999 -9999 -9999 -9999 -9999 -9999 -9999 -9999 -9999 -9999 -9999 -9999 35.49500 36.31800 36.71450 37.04180 36.70590 36.45970 36.35120 36.36050 35.86350 36.03690 36.16240 36.12340 36.97670 38.40400 38.38230 37.98630 37.29170 36.25800 35.93710 36.67530 37.87430 40.30960 41.66710 43.77700 45.73930 48.22680 50.12610 50.64000 51.76050 52.41660 53.79800 54.26430 55.10160 56.57950 57.99860 59.95330 63.02570
-9999 -9999 -9999 -9999 -9999 -9999 -9999 -9999 -9999 -9999 -9999 -9999 -9999 -9999 -9999 -9999 -9999 -9999 -9999 -9999 -9999 -9999 -9999 -9999 -9999 -9999 -9999 -9999 -9999 -9999 -9999 -9999 -9999 -9999 35.12910 35.85420 36.51470 36.66380 36.31430 35.86380 35.36510 35.95450 36.20160 35.94190 36.14130 36.39900 37.11250 37.49180 38.22220 36.56730 35.83470 35.51100 36.41620 36.33220 37.67930 39.41230 41.81060 44.41150 46.50310 48.87260 50.72070 51.90260 52.00710 52.38540 53.18150 53.78750 55.12450 56.13620 57.94280 60.72950 -9999
-9999 -9999 -9999 -9999 -9999 -9999 -9999 -9999 -9999 -9999 -9999 -9999 -9999 -9999 -9999 -9999 -9999 -9999 -9999 -9999 -9999 -9999 -9999 -9999 -9999 -9999 -9999 -9999 -9999 -9999 -9999 -9999 -9999 -9999 -9999 -9999 -9999 -9999 35.84450 35.32390 35.17240 35.22890 35.30780 35.60270 36.18260 36.11910 36.81830 37.04640 36.46520 35.78480 34.73530 34.29240 35.13120 35.69950 37.08910 39.13660 41.24720 45.11870 48.07720 51.03700 52.33620 52.60390 52.50670 52.82470 52.98960 54.29970 55.49100 57.06830 59.59720 -9999 -9999
