data/hydroclimate-scenarios/1948-2000.Pcorr55N_Pref_Tref/monthly_summaries/runoff_monthly_tot_jun.1950-2000.asc
ncols	311
nrows	91
xllcenter	102.75
yllcenter	31.75
cellsize	0.5
NODATA_value	-9999
[rows 0 to 31 of 91, columns 0 to 71 of 311]
-9999 -9999 -9999 -9999 -9999 -9999 -9999 -9999 -9999 -9999 -9999 -9999 -9999 -9999 -9999 -9999 -9999 -9999 -9999 -9999 -9999 -9999 -9999 -9999 -9999 -9999 -9999 -9999 -9999 -9999 -9999 -9999 -9999 -9999 -9999 -9999 -9999 -9999 -9999 -9999 -9999 -9999 -9999 -9999 -9999 -9999 -9999 -9999 -9999 -9999 -9999 -9999 -9999 -9999 -9999 -9999 -9999 -9999 -9999 -9999 -9999 -9999 -9999 -9999 -9999 -9999 -9999 -9999 -9999 -9999 -9999 -9999
-9999 -9999 -9999 -9999 -9999 -9999 -9999 -9999 -9999 -9999 -9999 -9999 -9999 -9999 -9999 -9999 -9999 -9999 -9999 -9999 -9999 -9999 -9999 -9999 -9999 -9999 -9999 -9999 -9999 -9999 -9999 -9999 -9999 -9999 -9999 -9999 -9999 -9999 -9999 -9999 -9999 -9999 -9999 -9999 -9999 -9999 -9999 -9999 -9999 -9999 -9999 -9999 -9999 -9999 -9999 -9999 -9999 -9999 -9999 -9999 -9999 -9999 -9999 -9999 -9999 -9999 -9999 -9999 -9999 -9999 -9999 -9999
-9999 -9999 -9999 -9999 -9999 -9999 -9999 -9999 -9999 -9999 -9999 -9999 -9999 -9999 -9999 -9999 -9999 -9999 -9999 -9999 -9999 -9999 -9999 -9999 -9999 -9999 -9999 -9999 -9999 -9999 -9999 -9999 -9999 -9999 -9999 -9999 -9999 -9999 -9999 -9999 -9999 -9999 -9999 -9999 -9999 -9999 -9999 -9999 -9999 -9999 -9999 -9999 -9999 -9999 -9999 -9999 -9999 -9999 -9999 -9999 -9999 -9999 -9999 -9999 -9999 -9999 -9999 -9999 -9999 -9999 -9999 -9999
-9999 -9999 -9999 -9999 -9999 -9999 -9999 -9999 -9999 -9999 -9999 -9999 -9999 -9999 -9999 -9999 -9999 -9999 -9999 -9999 -9999 -9999 -9999 -9999 -9999 -9999 -9999 -9999 -9999 -9999 -9999 -9999 -9999 -9999 -9999 -9999 -9999 -9999 -9999 -9999 -9999 -9999 -9999 -9999 -9999 -9999 -9999 -9999 -9999 -9999 -9999 -9999 -9999 -9999 -9999 -9999 -9999 -9999 -9999 -9999 -9999 -9999 -9999 -9999 -9999 -9999 -9999 -9999 -9999 -9999 -9999 -9999
-9999 -9999 -9999 -9999 -9999 -9999 -9999 -9999 -9999 -9999 -9999 -9999 -9999 -9999 -9999 -9999 -9999 -9999 -9999 -9999 -9999 -9999 -9999 -9999 -9999 -9999 -9999 -9999 -9999 -9999 -9999 -9999 -9999 -9999 -9999 -9999 -9999 -9999 -9999 -9999 -9999 -9999 -9999 -9999 -9999 -9999 -9999 -9999 -9999 -9999 -9999 -9999 -9999 -9999 -9999 -9999 -9999 -9999 -9999 -9999 -9999 -9999 -9999 -9999 -9999 -9999 -9999 -9999 -9999 -9999 -9999 -9999
-9999 -9999 -9999 -9999 -9999 -9999 -9999 -9999 -9999 -9999 -9999 -9999 -9999 -9999 -9999 -9999 -9999 -9999 -9999 -9999 -9999 -9999 -9999 -9999 -9999 -9999 -9999 -9999 -9999 -9999 -9999 -9999 -9999 -9999 -9999 -9999 -9999 -9999 -9999 -9999 -9999 -9999 -9999 -9999 -9999 -9999 -9999 -9999 -9999 -9999 -9999 -9999 -9999 -9999 -9999 -9999 -9999 -9999 -9999 -9999 -9999 -9999 -9999 -9999 -9999 -9999 -9999 -9999 -9999 -9999 -9999 -9999
-9999 -9999 -9999 -9999 -9999 -9999 -9999 -9999 -9999 -9999 -9999 -9999 -9999 -9999 -9999 -9999 -9999 -9999 -9999 -9999 -9999 -9999 -9999 -9999 -9999 -9999 -9999 -9999 -9999 -9999 -9999 -9999 -9999 -9999 -9999 -9999 -9999 -9999 -9999 -9999 -9999 -9999 -9999 -9999 -9999 -9999 -9999 -9999 -9999 -9999 -9999 -9999 -9999 -9999 -9999 -9999 -9999 -9999 -9999 -9999 -9999 -9999 -9999 -9999 -9999 -9999 -9999 -9999 -9999 -9999 -9999 -9999
-9999 -9999 -9999 -9999 -9999 -9999 -9999 -9999 -9999 -9999 -9999 -9999 -9999 -9999 -9999 -9999 -9999 -9999 -9999 -9999 -9999 -9999 -9999 -9999 -9999 -9999 -9999 -9999 -9999 -9999 -9999 -9999 -9999 -9999 -9999 -9999 -9999 -9999 -9999 -9999 -9999 -9999 20.81810 21.35460 21.33400 19.30640 18.23430 18.05760 15.57160 15.33770 13.89910 14.43710 -9999 -9999 -9999 -9999 -9999 -9999 -9999 -9999 -9999 -9999 -9999 -9999 -9999 -9999 -9999 -9999 -9999 -9999 -9999 -9999
-9999 -9999 -9999 -9999 -9999 -9999 -9999 -9999 -9999 -9999 -9999 -9999 -9999 -9999 -9999 -9999 -9999 -9999 -9999 -9999 -9999 -9999 -9999 -9999 -9999 -9999 -9999 -9999 -9999 -9999 -9999 -9999 -9999 -9999 -9999 -9999 -9999 -9999 21.94170 27.66960 25.99050 25.15230 24.66490 21.44620 20.14060 19.09180 17.67990 17.69310 17.57000 15.18670 13.82930 21.56250 19.57260 7.51169 -9999 -9999 -9999 -9999 -9999 -9999 -9999 -9999 -9999 -9999 -9999 -9999 -9999 -9999 -9999 -9999 -9999 -9999
-9999 -9999 -9999 -9999 -9999 -9999 -9999 -9999 -9999 -9999 -9999 -9999 -9999 -9999 -9999 -9999 -9999 -9999 -9999 -9999 -9999 -9999 -9999 -9999 -9999 -9999 -9999 -9999 -9999 -9999 -9999 -9999 -9999 -9999 -9999 -9999 -9999 -9999 -9999 -9999 20.54690 22.25230 24.77450 23.90530 22.91300 24.36020 21.53250 18.62520 16.55690 16.00630 14.31930 15.86970 13.95000 4.84381 -9999 -9999 -9999 -9999 -9999 -9999 -9999 -9999 -9999 -9999 -9999 -9999 -9999 -9999 -9999 -9999 -9999 -9999
-9999 -9999 -9999 -9999 -9999 -9999 -9999 -9999 -9999 -9999 -9999 -9999 -9999 -9999 -9999 -9999 -9999 -9999 -9999 -9999 -9999 -9999 -9999 -9999 -9999 -9999 -9999 -9999 -9999 -9999 -9999 -9999 -9999 -9999 -9999 -9999 -9999 -9999 -9999 -9999 -9999 -9999 -9999 -9999 25.38250 29.48570 33.14740 34.96920 31.78380 28.91800 28.58460 20.32050 12.28540 6.08471 -9999 -9999 -9999 -9999 -9999 -9999 3.99382 -9999 -9999 -9999 -9999 -9999 -9999 -9999 -9999 -9999 -9999 -9999
-9999 -9999 -9999 -9999 -9999 -9999 -9999 -9999 -9999 -9999 -9999 -9999 -9999 -9999 -9999 -9999 -9999 -9999 -9999 -9999 -9999 -9999 -9999 -9999 -9999 -9999 -9999 -9999 -9999 -9999 -9999 -9999 -9999 -9999 -9999 -9999 -9999 -9999 -9999 -9999 -9999 24.14300 23.90980 27.69810 27.16900 26.07070 29.09190 33.54450 29.93490 28.16550 28.32940 19.09620 11.77900 8.95071 -9999 -9999 -9999 -9999 -9999 3.88656 3.58295 3.63412 3.41238 2.46208 2.41546 2.28611 2.32056 2.89027 2.65950 2.37543 2.44408 2.42988
-9999 -9999 -9999 -9999 -9999 -9999 -9999 -9999 -9999 -9999 -9999 -9999 -9999 -9999 -9999 -9999 -9999 -9999 -9999 -9999 -9999 -9999 -9999 -9999 -9999 -9999 -9999 -9999 -9999 -9999 -9999 -9999 -9999 -9999 -9999 -9999 -9999 -9999 -9999 -9999 -9999 22.34540 23.61620 33.47540 27.63270 30.77540 32.42850 32.51110 30.06810 27.45930 26.14800 29.46320 22.72070 15.43700 10.51570 8.95687 5.05171 -9999 2.95423 4.33682 3.85530 3.52197 3.33696 3.03667 3.09728 3.01093 2.67586 3.00755 2.62997 2.68274 2.62057 2.52543
-9999 -9999 -9999 -9999 -9999 -9999 -9999 -9999 -9999 -9999 -9999 -9999 -9999 -9999 -9999 -9999 -9999 -9999 -9999 -9999 -9999 -9999 -9999 -9999 -9999 -9999 -9999 -9999 -9999 -9999 -9999 -9999 -9999 -9999 -9999 24.28790 22.20710 23.53850 24.12300 15.01780 14.88730 14.52570 16.39210 23.07400 24.82350 27.98660 24.15460 24.95170 27.34250 30.96490 30.91180 31.74910 32.35550 21.55670 16.22410 15.98790 8.06723 4.75581 3.34731 3.93928 3.56103 3.47820 3.43217 4.07412 3.62213 2.95549 3.08572 3.33528 2.89556 2.26951 2.35670 1.95979
-9999 -9999 -9999 -9999 -9999 -9999 -9999 -9999 -9999 -9999 -9999 -9999 -9999 -9999 -9999 -9999 -9999 -9999 -9999 -9999 -9999 -9999 -9999 -9999 -9999 -9999 -9999 -9999 -9999 -9999 -9999 -9999 -9999 -9999 19.28370 23.05640 22.65990 17.46190 16.45610 15.00160 15.40080 13.47860 14.27410 19.35360 19.62270 14.30030 13.65210 17.95250 27.38220 33.86780 33.33990 33.56620 37.66210 31.47710 26.12280 13.27200 7.73309 5.42949 4.09234 3.99449 4.03104 4.27926 4.47309 5.03366 3.90759 3.57482 3.66933 4.11970 5.14127 3.86145 4.89644 5.59097
-9999 -9999 -9999 -9999 -9999 -9999 -9999 -9999 -9999 -9999 -9999 -9999 -9999 -9999 -9999 -9999 -9999 -9999 -9999 -9999 -9999 -9999 -9999 -9999 -9999 -9999 -9999 -9999 -9999 -9999 -9999 -9999 -9999 15.95090 16.91110 17.70790 18.24890 14.61270 13.80950 11.95560 14.72200 14.46630 17.87420 21.46010 14.96960 11.95680 13.84670 17.70410 30.27200 37.48150 38.62260 41.54190 32.58810 28.30170 18.49560 9.93455 8.40071 5.41666 4.29873 4.26710 4.65402 4.04469 3.59949 3.54169 3.76581 3.74442 4.02166 4.32447 4.76670 3.96002 4.48121 4.77964
-9999 -9999 -9999 -9999 -9999 -9999 -9999 -9999 -9999 -9999 -9999 -9999 -9999 -9999 -9999 -9999 -9999 -9999 -9999 -9999 -9999 -9999 -9999 -9999 -9999 -9999 -9999 -9999 -9999 -9999 -9999 13.55760 12.14540 11.90360 13.03490 15.39370 14.58160 14.74050 14.50520 13.69690 16.65790 15.82490 22.29440 16.82310 14.65840 14.71480 16.26020 13.12690 20.58200 24.88000 29.97630 34.27270 32.16930 29.80620 24.29430 10.66310 6.64526 5.17496 5.77470 4.97746 4.21851 3.62521 3.58315 3.08510 3.36214 3.49694 3.54779 2.92399 3.08819 3.94708 4.79695 6.56197
-9999 -9999 -9999 -9999 -9999 -9999 -9999 -9999 -9999 -9999 -9999 -9999 -9999 -9999 -9999 -9999 -9999 -9999 -9999 -9999 -9999 -9999 -9999 -9999 -9999 -9999 -9999 -9999 -9999 9.41662 8.24886 11.72220 12.34010 11.40170 10.45780 10.73230 11.49090 15.92360 14.05890 11.93200 11.33040 14.84610 13.52430 12.37930 12.69700 12.66840 13.12090 14.64900 28.07270 30.39080 31.29060 28.94470 30.63810 25.77820 23.96400 12.99820 7.28188 6.27253 4.96387 4.04913 3.74424 3.67523 3.56118 3.43684 3.19237 3.12401 3.39189 3.43471 3.80490 3.90020 3.56169 5.83145
-9999 -9999 -9999 -9999 -9999 -9999 -9999 -9999 -9999 -9999 -9999 -9999 -9999 -9999 -9999 -9999 -9999 -9999 -9999 -9999 -9999 -9999 -9999 -9999 12.06500 9.72147 8.38587 8.34727 8.01716 8.25029 10.07820 8.41960 9.99124 10.71370 10.68360 9.61128 12.70890 16.45740 17.27990 13.03660 12.73860 10.78760 8.32010 8.45072 8.75655 8.90278 8.60290 14.06220 22.85280 25.66980 23.66370 32.20410 28.76990 18.70230 12.03950 7.49203 5.43134 4.36878 3.96867 3.17423 2.53139 2.62204 2.37509 2.32580 2.42459 2.79834 2.78185 3.17449 3.36146 3.56785 8.65592 10.09860
-9999 -9999 -9999 -9999 -9999 -9999 16.76710 19.45770 21.82960 20.96080 17.85990 -9999 -9999 -9999 -9999 -9999 -9999 -9999 -9999 -9999 -9999 13.07780 14.05500 12.24570 12.18090 9.77545 7.77139 8.14971 8.89666 9.14679 8.55338 9.17645 9.37019 9.37870 9.58057 7.94324 9.57398 12.53230 14.85480 8.10707 8.97155 10.99950 10.78360 7.24055 7.03293 7.35701 7.16811 11.01290 20.84570 22.99230 25.50170 29.12290 27.56430 19.98570 9.56989 6.04233 5.42969 4.36028 3.21159 2.95929 2.83139 2.83704 2.93539 3.19471 3.44898 2.73469 2.46349 3.58075 3.72996 3.49637 3.82562 7.50577
-9999 -9999 -9999 -9999 -9999 19.95170 20.75550 28.45240 23.49250 24.26550 23.22470 24.91640 21.29630 22.95140 -9999 -9999 -9999 16.72100 15.21980 15.08950 13.11080 16.90290 15.13910 9.60247 11.71360 11.65650 9.36915 8.41168 8.30319 7.44292 8.75233 9.16585 9.57942 9.95588 8.17867 7.88968 10.46830 10.08520 7.48574 6.11022 6.71636 9.25598 10.93370 9.53459 8.22531 7.41886 8.94611 13.45760 18.17010 21.52760 23.15910 23.28390 20.42220 10.47770 7.76514 6.13885 5.89255 4.45966 3.17691 2.93955 2.66600 3.04605 2.57141 2.49036 3.25875 4.90398 4.45409 5.38439 4.49812 5.06605 5.04273 7.23456
-9999 20.16240 19.70490 15.13690 15.00210 19.77320 21.58760 23.75780 25.35540 21.61260 23.73990 22.30280 23.98650 19.65470 17.24040 17.57970 13.38460 15.33980 17.05980 11.83510 10.54240 12.53920 12.23450 9.50486 8.54692 10.84040 10.64160 9.55934 9.48952 8.07313 7.02709 5.96251 5.32238 6.23500 7.03171 6.96342 7.24204 7.13829 5.05293 4.90372 5.50980 6.88344 8.53858 7.39205 8.24317 8.18011 7.04207 8.65542 11.36840 15.50510 17.65820 24.62950 19.36120 14.87170 12.10460 8.39617 6.54286 4.11118 4.00902 3.41886 2.83457 3.08683 3.83849 3.67280 4.63921 4.81972 4.08531 5.72943 4.86005 6.54035 10.24810 15.03860
-9999 26.59970 26.43250 26.19080 25.55690 23.48250 18.24440 18.48930 17.06780 18.06070 22.68970 22.89340 24.28830 18.94720 18.70810 17.60140 22.33140 18.99630 17.01840 15.77050 14.50810 11.95020 14.86480 11.18680 9.60987 8.28924 7.71016 7.52777 7.89513 7.44075 6.28473 6.09114 6.07664 5.78736 5.95252 6.14673 6.49537 6.06563 5.76732 4.99482 5.35684 5.78467 6.17610 5.88774 5.77297 5.11649 5.90915 6.58642 7.85812 10.36890 10.34950 16.32420 13.99780 19.94570 16.09110 8.46912 7.40466 6.97011 5.62162 4.77914 4.68008 4.97772 5.20088 4.38324 5.10560 5.13111 5.59383 5.22065 5.54329 5.70499 5.85823 7.28028
-9999 -9999 -9999 23.92730 27.42530 23.69020 20.89310 19.29810 18.17720 17.23000 22.67800 21.69870 21.13610 18.91000 17.01130 17.46020 21.22750 17.43720 17.97600 18.48270 20.39960 17.59460 15.75680 12.68720 10.10870 8.18286 7.34880 6.54604 5.92476 6.09071 5.71137 5.43209 5.40071 4.98968 5.40263 5.63176 5.29772 5.31887 5.45123 5.43111 4.76476 5.07606 6.16354 5.67781 5.36937 4.84346 5.77357 6.53698 6.67555 7.12137 8.77386 12.51340 13.92270 17.01730 12.07340 9.91696 7.60185 6.67731 6.59768 5.65971 5.11577 6.25257 6.19705 6.08115 5.42065 5.15664 5.08905 6.06713 6.93903 7.77289 8.04085 7.89533
-9999 -9999 -9999 -9999 -9999 -9999 20.43380 21.84400 23.04060 20.25520 20.81840 21.80100 19.44930 17.97080 15.70500 16.51570 15.52840 18.21560 14.30780 12.48180 14.38570 13.48730 11.66540 9.91945 8.43047 9.01137 7.09468 6.45856 6.09767 5.14201 4.76627 4.74705 5.15283 5.21520 4.77702 4.52211 4.93854 4.98502 5.47557 5.76590 5.81089 5.25386 5.44660 4.74131 5.09361 5.20254 5.18127 6.93541 6.97185 7.25254 8.75542 13.03980 13.22780 9.00640 10.60820 9.31771 8.74724 9.75529 10.04980 7.28322 7.35846 7.08379 6.82843 6.30095 6.24494 6.83603 5.20262 6.85515 8.67172 8.91072 9.42465 8.56936
-9999 -9999 -9999 -9999 -9999 -9999 20.62890 21.58710 16.83360 23.67860 20.29190 17.02410 16.51250 15.01450 15.62140 15.86850 15.37970 15.29010 15.09020 13.81280 13.57610 11.53670 12.10280 10.57630 9.24974 7.01353 5.41277 5.38889 6.04193 5.81504 5.49953 5.36894 5.04792 5.31968 5.23606 4.65662 4.65297 4.66077 4.69475 4.88752 5.07141 5.06115 5.41057 5.02008 4.98700 4.78449 5.14379 5.51373 5.94479 6.59274 7.65731 6.95884 7.24020 7.79076 7.43797 6.44015 6.55408 7.57576 7.13636 7.18982 10.19780 9.51028 9.67479 6.91965 7.21044 5.71152 5.98286 6.59369 6.83100 7.77662 10.50770 10.75330
-9999 -9999 -9999 -9999 -9999 -9999 -9999 -9999 -9999 -9999 12.01780 16.62390 15.71970 9.54315 9.90135 11.60170 12.57860 14.39740 13.35150 9.77730 9.35007 8.10419 8.75201 9.80962 8.68140 8.57569 7.33458 5.03293 4.73818 5.42546 5.06869 5.18610 5.02481 5.27375 5.31498 4.57291 4.70558 4.65648 4.54747 4.83250 4.95037 4.75336 4.32630 5.19093 5.20796 5.31870 5.55307 5.38158 5.86562 5.96959 5.90502 5.82809 5.84896 5.82643 5.59855 5.55289 5.55705 5.45116 5.55867 5.95040 5.29091 5.05058 5.27427 5.04353 5.62169 5.37852 5.76359 5.78299 7.39551 7.19236 8.40639 14.02390
-9999 -9999 -9999 -9999 -9999 -9999 -9999 -9999 -9999 -9999 7.05577 7.57994 11.26620 7.15541 9.19398 11.78620 12.91970 13.66880 14.30730 12.67940 12.62880 10.89790 9.91179 10.17590 8.75225 6.75953 5.79525 4.84916 4.51482 5.14803 5.06143 5.07943 5.45384 5.15544 5.24291 5.02133 4.50297 3.96993 4.18747 4.41057 4.39549 4.48150 4.56854 4.73734 4.70093 4.90033 4.94939 4.85953 4.84184 5.49781 5.54990 5.69044 5.60990 5.38532 5.02606 4.79530 4.85349 5.17417 5.01501 5.31060 5.08579 5.10004 4.82882 5.15879 4.66913 4.93320 5.18322 4.75794 5.53490 7.41365 8.95509 10.85640
-9999 -9999 -9999 -9999 -9999 -9999 -9999 -9999 -9999 -9999 -9999 -9999 6.76626 7.89875 9.07519 9.56673 8.40703 6.70785 8.50435 8.90926 8.18037 8.70182 7.31578 7.48425 6.83600 5.74092 5.39844 4.73552 4.50731 4.34118 4.69850 4.93634 4.89469 4.18937 4.11285 3.90658 3.90899 4.21065 4.26560 4.53226 4.51872 4.61466 4.85820 4.80462 4.75902 4.49579 4.68898 4.93388 5.00989 4.77980 5.74622 6.09599 5.46872 5.53362 4.89133 4.59498 4.92752 5.35544 5.35018 5.17866 5.11864 4.84945 4.56820 4.93080 4.52778 4.89586 5.13537 4.65301 5.41075 5.91885 10.20300 15.36060
-9999 -9999 -9999 -9999 -9999 -9999 -9999 -9999 -9999 -9999 -9999 -9999 6.36110 6.86935 7.95719 8.73700 8.27340 8.28713 9.77120 9.30486 7.55566 8.90327 7.62542 6.51375 6.97916 6.07825 5.60265 4.64860 4.52669 4.30665 4.06478 4.53978 4.38747 4.31388 4.50517 4.12261 4.29261 5.02344 4.89653 4.84250 4.82159 4.79935 4.87343 4.80790 4.79643 5.11856 5.24890 6.13555 6.04500 6.09902 6.44723 6.01289 5.54641 5.09037 5.02238 4.80815 5.05231 5.31976 5.45211 5.10270 4.82823 4.50713 4.50728 4.87010 4.96312 5.16047 5.08337 5.72776 6.43191 9.38246 10.67900 10.28790
-9999 -9999 -9999 -9999 -9999 -9999 -9999 -9999 -9999 -9999 -9999 6.35240 6.82079 6.28111 6.57470 9.48599 8.93098 7.42522 9.10309 7.22749 5.92309 10.66730 7.69051 7.84083 7.26233 6.19831 6.04286 5.17582 4.53172 4.36999 4.04322 4.05308 4.18797 4.24544 4.29075 3.87750 4.13919 4.62195 4.90284 5.56008 5.55109 5.45982 5.52115 5.38479 5.15642 4.58215 4.76382 5.50409 5.77998 5.89573 5.84178 5.61816 5.48234 5.38546 4.78648 4.92192 5.05931 5.38166 5.39695 5.11500 4.95962 5.30555 5.37045 5.37751 5.28351 5.16644 5.45027 6.15987 6.95233 9.12442 14.82180 19.42290
-9999 -9999 -9999 -9999 -9999 -9999 -9999 -9999 -9999 -9999 -9999 5.75138 6.19182 6.37443 6.40446 7.66641 7.02427 6.86894 6.88414 7.96731 7.81092 8.45040 7.75746 6.77782 6.39494 6.18791 6.03676 5.49431 4.99878 5.14931 4.74729 4.57081 4.39952 4.56094 4.66103 4.12241 4.35893 4.75772 5.36665 5.51166 5.68467 5.75341 6.10601 6.15908 6.14536 6.13657 6.10283 5.83741 5.95857 5.73215 5.84564 5.73143 5.65611 5.51873 5.13626 5.54397 5.74428 5.40018 5.26553 5.48542 5.31672 5.57603 5.29343 5.28885 4.99314 5.40648 5.94354 6.17429 7.20728 11.83570 13.20580 12.44300
