data/hydroclimate-scenarios/1948-2000.Pcorr55N_Pref_Tref/monthly_summaries/runoff_monthly_tot_oct.1950-2000.asc
ncols	311
nrows	91
xllcenter	102.75
yllcenter	31.75
cellsize	0.5
NODATA_value	-9999
[rows 32 to 63 of 91, columns 0 to 72 of 311]
-9999 -9999 -9999 -9999 -9999 -9999 -9999 -9999 -9999 -9999 -9999 0.75953 0.76062 1.03138 0.94624 0.86910 0.91148 0.80819 0.70387 0.71368 0.80406 0.94631 1.12870 0.89249 1.02748 0.90654 0.78210 0.83401 0.73026 0.70616 0.61797 0.49702 0.54202 0.54876 0.42647 0.57932 0.67085 0.72789 0.69999 0.72101 0.65775 0.74044 0.77157 0.70129 0.63893 0.60705 0.58255 0.51248 0.48112 0.47235 0.44015 0.41959 0.36829 0.35841 0.36676 0.37302 0.37105 0.46420 0.43975 0.30897 0.32091 0.35087 0.43333 0.49700 0.57825 0.88268 0.74608 0.56257 0.29288 0.11946 0.17565 0.05035 0.05286
-9999 -9999 -9999 -9999 -9999 -9999 -9999 -9999 -9999 -9999 -9999 0.96667 0.87903 1.00613 0.91930 0.97857 0.99519 1.00941 1.10319 1.20024 1.19434 1.22228 1.47268 1.22906 0.94010 0.56518 0.51460 0.55425 0.63880 1.05838 0.80101 0.57105 0.63011 0.68731 0.78978 0.71080 0.90978 0.87949 0.95480 0.67029 0.77175 0.75222 0.79285 0.85088 0.72664 0.68662 0.63662 0.62952 0.56277 0.50614 0.46320 0.52811 0.47974 0.43522 0.41526 0.47872 0.42668 0.42886 0.41941 0.40581 0.40861 0.51397 0.61234 0.63995 0.81536 0.92393 0.86807 0.69404 0.49887 0.30739 0.36130 0.15816 0.31043
-9999 -9999 -9999 -9999 -9999 -9999 -9999 -9999 -9999 -9999 -9999 -9999 0.86839 0.97848 0.96787 0.96000 1.04703 1.26033 1.44894 1.61263 1.80980 1.18353 0.91808 0.54352 0.43657 0.25682 0.26357 0.19312 0.36749 0.47271 0.67883 0.85403 0.85495 0.79711 0.73397 0.76293 0.74588 0.90697 0.96694 0.65858 0.66123 0.75190 0.80138 1.02192 1.01052 1.01258 0.99531 0.96394 0.88774 0.74220 0.75608 0.69319 0.64940 0.48448 0.40732 0.44510 0.47715 0.62037 0.62704 0.61026 0.61164 0.56093 0.56340 0.71721 0.80597 1.05651 1.04746 0.64392 0.29949 0.30621 0.71523 0.45896 0.53849
-9999 -9999 -9999 -9999 -9999 -9999 -9999 -9999 -9999 -9999 -9999 -9999 0.91742 1.02363 1.11081 1.17840 1.34465 1.77245 1.72786 1.51713 1.46533 0.72105 0.53517 0.33764 0.19435 0.24042 0.26197 0.16709 0.28102 0.27822 0.28134 0.57726 0.78791 0.78058 0.77011 0.75772 0.66350 0.89265 0.95274 0.63450 0.81757 0.73497 0.84448 1.19785 1.35198 1.51341 1.53787 1.16899 1.04235 0.72780 0.61956 0.72718 0.66420 0.56101 0.60959 0.68344 0.75633 0.78738 0.69194 0.73116 0.69741 0.43459 0.43510 0.59677 0.79616 1.11392 1.02176 0.83598 0.64473 0.88152 0.72159 0.77603 1.03151
-9999 -9999 -9999 -9999 -9999 -9999 -9999 -9999 -9999 -9999 -9999 -9999 1.00119 1.29276 1.55431 1.54574 1.63493 1.26708 1.14942 1.13735 1.10347 0.56856 0.45710 0.28122 0.25921 0.19164 0.23511 0.40591 0.36388 0.38352 0.43092 0.70915 0.52743 0.44050 0.60053 0.78940 0.81155 0.76850 0.78718 0.78767 0.56023 0.61148 0.86008 1.25317 1.42649 1.37742 1.23493 0.79161 0.73875 0.75129 0.67882 0.80149 0.73775 0.70807 0.72677 0.65673 0.64276 0.65273 0.62858 0.72929 0.61245 0.44260 0.51492 0.76970 0.81992 0.86971 0.96021 0.97444 0.69266 0.80318 0.93211 1.02066 1.07266
-9999 -9999 -9999 1.53390 1.49325 1.17884 1.25423 1.31025 1.24822 -9999 1.13870 1.53554 1.65342 1.32744 1.38272 1.29572 1.25790 1.10391 0.90931 0.87926 0.97566 0.81361 0.60869 0.45110 0.37778 0.35449 0.42193 0.32546 0.33887 0.19573 0.33229 0.49329 0.42015 0.24513 0.43557 0.46707 0.56314 0.58510 0.67054 0.83223 0.82064 0.78832 1.00571 1.35234 1.21381 1.03685 0.71235 0.84878 0.82902 0.72039 0.55949 0.68400 0.56636 0.38737 0.45562 0.21528 0.20505 0.55092 0.36452 0.66203 0.86119 0.62960 0.59830 0.78161 0.95034 1.05190 1.05752 1.02504 1.32551 1.17841 1.19513 1.28573 1.02517
-9999 -9999 -9999 1.83667 1.76818 1.49254 1.29740 1.37025 1.42371 1.56282 1.94491 2.04624 1.54357 1.26855 1.10719 0.96587 0.82565 0.85620 0.75589 0.79635 0.86567 0.63701 0.80552 0.79750 0.59364 0.49933 0.42149 0.36293 0.29676 0.22222 0.24998 0.31574 0.31444 0.27051 0.37137 0.36883 0.40521 0.35985 0.63037 0.46945 0.49173 0.90157 1.26086 1.00958 0.79588 0.49853 0.53577 1.10224 0.70517 0.51671 0.43685 0.55381 0.43194 0.38630 0.60094 0.42212 0.61330 0.62088 0.49933 0.61911 0.72445 0.95525 1.02440 1.18727 1.29380 1.55909 1.63227 1.60558 1.67359 1.46181 1.13237 1.24666 0.65860
-9999 -9999 -9999 1.82778 1.72810 1.34891 1.67615 1.89226 2.11758 2.06936 2.00154 1.92864 1.31056 0.91196 0.58388 0.73009 0.62347 0.66521 0.78778 0.84474 0.77402 0.50934 0.50054 0.48369 0.32906 0.38921 0.38968 0.40176 0.40240 0.25794 0.15820 0.22814 0.32532 0.36171 0.32317 0.31298 0.39902 0.53017 0.60890 0.53032 0.56689 0.78544 1.09829 1.21079 1.38374 0.95117 0.94877 0.81683 0.75398 0.54648 0.41420 0.82378 0.70355 0.67168 0.71716 0.68457 0.75339 0.84688 0.71354 0.76507 0.92788 1.40185 1.78314 1.54935 1.98437 1.96234 2.00373 1.48905 0.99836 1.07415 0.94511 2.04007 2.22816
-9999 -9999 -9999 1.87964 1.99002 1.59584 2.22861 1.97933 1.75935 1.57757 1.75570 1.39327 1.00219 0.81670 0.73132 0.65432 0.53429 0.54110 0.59208 0.58982 0.49067 0.26566 0.22522 0.28681 0.31641 0.37549 0.44839 0.52264 0.35803 0.21258 0.28589 0.52448 0.39423 0.20752 0.21856 0.20132 0.33211 0.64628 0.55293 0.95431 0.89457 0.47782 0.39842 0.68184 1.54050 0.97345 0.77093 1.06301 0.62180 0.67744 0.36821 0.68152 0.57646 0.40590 0.56487 0.76638 0.83556 0.65196 0.61695 0.67338 0.48578 1.13934 1.41773 1.64976 1.68108 2.02970 2.19476 1.59584 1.09867 0.98679 3.34490 7.10087 -9999
-9999 -9999 -9999 1.81281 1.93806 1.55879 1.79440 1.75914 1.52586 1.57987 1.94550 1.49569 0.91144 0.74963 0.54614 0.54856 0.45871 0.60292 0.83057 0.92534 0.62358 0.37325 0.33268 0.52722 0.59076 0.58460 0.69226 0.60208 0.45077 0.33085 0.29359 0.42564 0.35235 0.38094 0.44178 0.29734 0.29932 0.56805 0.71910 0.96923 0.86976 0.61013 0.52222 0.63287 0.90399 0.90171 0.96033 1.02190 0.83674 0.73694 0.63168 1.08369 0.71878 0.40543 0.77165 0.59988 0.98476 1.02295 0.85182 0.60088 0.79726 1.10301 1.48353 1.19031 1.39089 2.38711 2.54172 1.47273 1.57449 3.62768 8.64041 -9999 -9999
-9999 -9999 -9999 -9999 1.73090 1.48282 1.54513 1.45182 1.38745 1.38723 1.77088 1.39060 0.73159 1.03506 -9999 -9999 -9999 -9999 -9999 0.48617 0.53301 0.61213 0.50669 0.34142 0.45178 0.56326 0.70958 0.78514 0.70301 0.56641 0.52927 0.50175 0.44864 0.59156 0.73026 0.87676 0.76937 1.05364 1.04923 0.89898 1.00825 1.26359 1.12308 0.87577 1.09153 1.29254 1.34272 0.91224 1.12891 1.29886 1.18535 1.18018 1.33071 0.82793 0.76507 0.58174 0.51652 0.63757 0.63317 0.88055 0.86143 0.74287 0.86685 1.51855 1.86529 1.54357 2.86410 4.02727 5.81139 -9999 -9999 -9999 -9999
-9999 -9999 1.93574 2.05625 1.82853 1.71278 1.63671 1.33265 1.55498 1.48494 1.84798 1.29049 0.75407 -9999 -9999 -9999 -9999 -9999 0.33215 0.57075 0.59097 0.69161 0.74039 0.53579 0.57188 0.65830 0.67747 0.89872 0.84215 0.80633 0.73379 0.69893 0.75199 0.66103 0.73647 0.97666 0.92068 1.16979 1.19165 0.99509 0.94348 1.25750 1.23414 1.25023 1.42192 1.44781 1.49577 1.47972 1.79796 1.88945 1.76748 1.75668 1.66785 1.77496 1.28604 1.89162 1.49259 0.93379 1.03683 1.81088 1.91588 1.81078 1.80475 1.85663 2.67186 3.39397 4.59455 -9999 -9999 -9999 -9999 -9999 -9999
-9999 -9999 2.52808 2.12331 2.02230 1.76498 1.75746 1.72815 1.79650 1.85798 1.56161 1.30424 1.30859 -9999 -9999 -9999 -9999 0.95679 0.64402 0.90902 0.89934 0.88630 0.76257 0.66772 0.76731 0.78557 0.72368 0.98540 1.06638 1.12275 1.04568 0.87888 1.01113 0.99930 1.04118 1.04049 1.05617 1.16797 1.12733 0.99420 1.14057 1.07525 1.13343 1.32907 1.32048 1.48278 1.85785 1.61765 2.46459 2.35813 2.50938 2.68050 2.85099 2.50301 2.45850 3.10559 2.94735 1.73564 1.54869 2.23685 2.63001 1.86021 2.67491 4.34179 5.93793 -9999 -9999 -9999 -9999 -9999 11.30840 -9999 -9999
-9999 -9999 3.05675 2.39667 2.18394 1.96394 1.95226 2.27050 2.03700 1.87625 1.50586 1.36946 1.70652 -9999 -9999 -9999 -9999 0.74120 0.84991 1.01023 0.88230 0.84137 0.83263 0.92910 0.88392 0.77267 0.71657 1.02235 1.06891 1.05128 1.03491 1.01505 1.07294 1.00643 1.17701 1.03849 1.03306 1.16308 1.13546 1.20230 1.23028 1.36316 1.39138 1.49034 1.71063 1.45851 1.58913 1.54232 1.95718 2.14122 2.92386 2.78816 2.76582 2.61896 2.68411 3.46867 3.81820 2.93183 3.19133 3.91645 3.93686 5.10501 6.10138 5.17985 4.65135 4.35593 6.29766 5.22625 7.12961 -9999 -9999 -9999 7.35201
-9999 -9999 -9999 3.64031 2.89832 2.76137 2.68558 2.53068 1.91521 2.06059 2.27636 2.03257 -9999 -9999 -9999 -9999 0.96641 0.97754 1.05329 1.06289 0.99490 1.05879 1.08966 0.86298 0.83546 0.88566 0.86831 0.98618 1.13298 0.96985 0.92130 1.10518 1.19209 1.09911 1.15522 1.18622 1.26859 1.61597 1.68996 1.77242 1.68262 1.88120 2.20164 2.19020 2.62759 2.59633 2.60600 2.66381 2.69004 2.76079 2.90000 3.08042 3.37545 2.98424 2.68588 2.96787 2.99028 2.75035 3.08080 4.07528 4.45813 4.62487 3.90207 1.74030 0.98062 4.69761 6.04243 5.53583 6.63064 7.05536 -9999 -9999 8.86345
-9999 -9999 -9999 -9999 3.60625 3.10625 2.98494 2.25077 2.05656 2.24418 2.08461 -9999 -9999 -9999 -9999 1.36843 1.16167 1.35174 1.49561 1.21882 1.09860 1.05789 1.05341 0.85237 0.85479 1.00987 0.95968 1.14253 1.17185 1.13055 1.02675 1.21685 1.21680 1.20385 1.18047 1.35958 1.40743 1.67499 1.81049 1.83452 1.75904 1.91018 2.08814 2.19726 2.46170 2.96898 3.36264 3.46038 3.38105 3.14684 3.60485 3.77471 3.80464 3.85688 3.96869 4.12363 4.66082 3.11908 3.18771 4.30103 3.81335 3.08876 3.23183 4.01362 2.85218 5.08532 5.58050 5.68691 5.27565 6.54838 7.07938 7.60643 9.84202
-9999 -9999 -9999 -9999 -9999 -9999 2.83981 2.84100 1.78887 1.97376 1.90503 -9999 -9999 -9999 -9999 -9999 1.56331 1.38954 1.39494 1.30045 1.13441 1.03142 0.96461 0.98492 0.97206 1.11023 1.11459 1.54167 1.66105 1.36450 1.13115 1.22279 1.33435 1.11248 1.28924 1.22665 1.44240 1.52722 1.72791 1.70621 1.71801 1.76982 1.85957 1.98678 2.46701 3.00403 3.25685 3.25779 3.42535 3.22131 3.67507 4.20055 4.84963 5.46348 4.70856 5.47853 4.38504 3.97870 3.72764 3.60389 3.24103 3.23096 3.26823 2.91739 2.42395 4.19305 5.55854 5.82576 5.68365 7.16120 8.25205 8.11741 7.20826
-9999 -9999 -9999 -9999 -9999 -9999 -9999 -9999 -9999 -9999 -9999 -9999 -9999 -9999 -9999 -9999 -9999 -9999 -9999 1.29221 1.10396 0.95789 0.92563 1.01694 1.01529 1.08302 1.20770 1.17715 1.27417 1.18833 1.27763 1.42502 1.34165 1.31387 1.31648 1.29876 1.40203 1.66864 1.68966 1.61445 1.67159 1.78186 1.87436 2.10623 2.20059 2.65468 2.75860 3.33477 3.49602 4.10496 4.65289 4.45565 4.00438 4.33847 3.61881 3.70719 4.33302 4.28962 3.97313 3.58580 2.70306 3.13812 3.17059 2.80130 2.64454 4.63522 5.43062 5.51420 5.66149 6.06753 7.57906 8.20571 7.64287
-9999 -9999 -9999 -9999 -9999 -9999 -9999 -9999 -9999 -9999 -9999 -9999 -9999 -9999 -9999 -9999 -9999 -9999 1.24915 1.04572 0.93195 1.06114 0.96157 0.79029 0.78234 0.87973 1.09870 1.12824 0.99611 1.03679 1.21274 1.15379 1.23804 1.25749 1.48382 1.72304 1.64830 1.72023 1.68060 1.87791 1.86640 1.87021 1.87196 1.88154 2.00376 2.49490 2.56195 1.73770 2.58332 2.96753 3.47235 5.45165 6.23752 5.97316 3.93348 4.25027 4.29097 3.22106 2.86868 3.90904 3.86176 4.12584 3.97693 3.83254 3.41215 4.55677 5.41802 5.41293 6.29961 6.29193 7.84788 7.79001 10.41800
-9999 -9999 -9999 -9999 -9999 -9999 -9999 -9999 -9999 -9999 -9999 -9999 -9999 -9999 -9999 -9999 -9999 1.48977 1.40220 1.13743 0.99358 0.97412 0.93665 0.81863 0.86096 0.97203 1.04551 0.96516 1.14442 1.31231 1.44058 1.42193 1.13654 1.56678 1.79320 1.77382 1.79757 1.87354 1.80901 1.89739 2.03534 2.20174 2.02591 2.19731 2.11838 2.38353 2.97005 2.38183 2.57370 2.87435 2.85135 4.43139 5.65589 5.70852 5.66802 6.01817 4.29421 3.41454 3.33839 4.10266 4.97804 4.60206 3.34768 3.11558 4.90456 5.23450 5.39047 6.29474 7.55615 8.31234 9.85877 8.77771 9.69166
-9999 -9999 -9999 -9999 -9999 -9999 -9999 -9999 -9999 -9999 -9999 -9999 -9999 -9999 -9999 -9999 -9999 1.68044 1.55835 1.29759 1.26483 1.21631 1.19251 0.88522 0.93753 0.91438 0.88131 0.86413 0.81840 0.98763 1.13485 1.28414 1.45199 1.82320 1.83618 1.86539 2.07993 1.81835 1.90787 1.73800 1.87781 1.89506 2.17717 2.18875 2.82359 3.17448 3.03389 1.69154 1.79060 2.73227 2.46335 3.85965 4.14802 4.78625 5.65435 6.00613 4.18025 3.83516 3.95747 4.48047 4.80637 4.49115 4.64770 4.20052 3.62619 4.72819 5.94504 6.12272 8.29947 11.08310 11.80980 10.76170 9.83475
-9999 -9999 -9999 -9999 -9999 -9999 -9999 -9999 -9999 -9999 -9999 -9999 -9999 -9999 -9999 -9999 1.55535 1.58729 1.48453 1.25471 1.29777 1.03285 0.90532 0.87668 0.87613 0.87470 0.93821 0.94156 0.87110 0.73289 0.85675 1.03119 1.57900 1.66801 1.89561 1.88633 2.01892 2.10502 1.82992 1.88522 1.89073 1.93040 2.27603 2.56096 2.27594 2.84085 2.95278 1.72592 1.81257 2.65005 2.66241 4.15670 4.26601 4.87045 5.60115 6.02936 5.97873 4.77124 3.83841 4.73925 5.15391 5.47181 5.43409 4.61262 5.92805 6.22749 6.98181 7.90108 9.92185 12.11610 12.90830 10.56660 10.44290
-9999 -9999 -9999 -9999 -9999 -9999 -9999 -9999 -9999 -9999 -9999 -9999 -9999 1.45492 1.41433 1.33534 1.24809 1.30759 1.38586 1.40824 1.11376 1.04945 1.11738 0.96926 0.93907 0.86653 0.82945 0.64091 0.62577 0.61646 1.04348 1.12125 0.84720 0.77696 1.16872 1.15091 1.38586 1.52004 1.11449 1.20437 1.17314 1.78222 1.74289 1.22022 1.99892 2.27073 2.37931 2.52377 2.75707 3.07753 3.35369 3.46695 3.49141 3.77209 4.02069 3.26994 3.90729 4.14959 3.07825 3.34588 4.23192 4.90658 6.12330 4.67901 5.02094 6.35166 6.01464 11.03750 8.89268 13.63900 13.74760 12.04530 11.64750
-9999 -9999 -9999 -9999 -9999 -9999 -9999 -9999 -9999 -9999 -9999 -9999 1.40279 1.38235 1.61032 1.46314 1.47330 1.29301 1.12667 1.03382 0.93646 0.96790 1.02584 0.95335 0.84343 0.74681 0.70450 0.62743 0.93704 0.93964 0.95989 1.17328 1.36738 1.26023 1.25215 1.16699 0.93724 1.08508 1.11082 1.15047 1.12088 1.18668 1.85860 1.75419 1.95620 2.30052 2.45938 2.59746 2.80760 3.09417 3.47167 2.47271 3.78809 2.80148 4.03509 4.38524 4.54876 3.07932 3.46571 3.76883 4.81571 4.70070 4.79366 5.19690 5.75805 8.60244 9.25985 8.99009 11.00280 13.17090 11.29300 12.25890 12.45160
-9999 -9999 -9999 -9999 -9999 -9999 -9999 -9999 -9999 -9999 -9999 1.77230 1.39808 1.62690 1.30473 1.07608 1.04649 1.10044 1.08774 0.83111 0.84091 0.83284 0.73852 0.75563 0.77824 0.72686 1.05299 0.88606 0.90892 0.92396 1.01462 0.71722 0.85364 0.80158 0.84632 1.34293 0.95852 1.10802 1.04859 1.09692 1.12918 1.69776 1.74473 1.81686 1.88639 2.16725 2.42399 2.55573 2.82264 3.04307 3.48899 2.51083 2.60870 3.58551 3.06195 3.49977 4.74709 3.94905 3.09315 3.90732 4.56619 5.98950 6.11450 6.70126 8.86719 8.12989 8.40802 9.47239 12.06810 11.95690 11.06950 10.52320 11.76920
-9999 -9999 -9999 -9999 -9999 -9999 -9999 -9999 -9999 -9999 1.64933 1.37330 1.33520 1.27399 1.12062 0.91702 0.88912 0.84919 0.85304 0.80786 0.71677 0.75138 0.77098 0.79192 0.76590 0.79519 0.74253 0.89367 0.85221 0.53996 0.61327 0.86248 0.85870 1.25445 1.31983 1.32731 1.10931 1.28161 1.22793 1.07235 1.64232 1.72223 1.65787 1.74564 1.72158 2.01037 2.30592 2.48790 2.83019 3.28546 3.46640 2.59898 3.64575 2.94084 3.12972 3.61643 4.41415 3.98236 4.11578 5.69053 6.24081 6.39077 6.46462 7.64962 8.62689 8.18043 10.87740 13.36040 12.40730 11.50180 11.55400 13.39090 13.96170
-9999 -9999 -9999 -9999 -9999 -9999 -9999 -9999 -9999 0.19554 0.17580 0.15602 0.17449 0.17891 0.16985 0.16062 0.15591 0.12566 0.12654 0.11938 0.12400 0.13044 0.14061 0.14881 0.13998 0.15001 0.15180 0.16206 0.15329 0.17156 0.17194 0.77964 1.07144 1.20899 1.61913 1.62265 1.33994 1.42746 1.30858 1.67546 1.53307 1.69471 1.89612 2.38405 1.83013 2.62414 2.33282 2.60535 2.97989 3.22513 3.64172 4.03632 3.34791 4.18719 3.70614 4.75719 4.85186 5.13367 5.57394 6.23159 6.49614 6.69954 6.78820 8.73202 8.71355 8.90377 9.62047 2.52857 2.23070 2.20783 2.42070 3.00755 3.92996
-9999 -9999 -9999 -9999 -9999 -9999 -9999 -9999 -9999 -9999 0.15637 0.12945 0.12338 0.14583 0.13421 0.12823 0.12812 0.12138 0.12410 0.10638 0.10889 0.11612 0.12007 -9999 -9999 -9999 -9999 -9999 -9999 0.20382 0.22660 0.96256 1.00862 1.23741 1.16903 1.69233 1.76951 1.26881 1.22206 1.88946 1.62205 1.92696 2.17724 2.53691 2.46798 2.68656 3.08337 2.60300 3.04641 3.34764 3.69144 3.07921 3.49088 3.67117 4.50573 4.92391 5.00564 5.34721 5.78391 6.26705 6.89393 6.75961 6.61863 6.07015 8.70113 9.42973 10.00010 2.43721 2.11794 2.61150 2.54677 3.95152 3.67687
-9999 -9999 -9999 -9999 -9999 -9999 -9999 -9999 -9999 -9999 -9999 -9999 0.11280 0.09996 0.09632 0.10259 0.10137 0.11246 0.11539 -9999 -9999 -9999 -9999 -9999 -9999 -9999 -9999 -9999 -9999 -9999 -9999 -9999 -9999 1.23380 1.69932 1.70610 1.64734 1.77592 1.27023 1.28989 1.77076 1.90815 2.20554 2.03959 1.98971 2.65650 2.98459 2.61722 3.06075 3.30135 3.72908 4.29342 4.71860 5.00231 5.18071 5.05169 5.27581 5.23473 3.97921 6.13646 6.57104 6.42189 7.38419 8.53050 9.17698 9.74579 9.35937 2.15618 2.39607 3.06073 4.23193 4.45650 -9999
-9999 -9999 -9999 -9999 -9999 -9999 -9999 -9999 -9999 -9999 -9999 -9999 -9999 -9999 -9999 -9999 -9999 -9999 -9999 -9999 -9999 -9999 -9999 -9999 -9999 -9999 -9999 -9999 -9999 -9999 -9999 -9999 -9999 -9999 1.81341 1.50111 1.56609 1.54139 1.24291 1.69791 1.80214 2.24069 2.89320 2.23645 2.80428 2.82680 2.62319 2.80483 3.14131 3.48991 3.96948 4.49040 4.60927 4.87597 5.21267 5.35658 5.13336 5.48908 5.89102 6.44955 6.15479 7.77349 8.28683 8.95956 9.61165 9.41777 10.46190 2.45327 2.65459 3.53563 4.49192 -9999 -9999
-9999 -9999 -9999 -9999 -9999 -9999 -9999 -9999 -9999 -9999 -9999 -9999 -9999 -9999 -9999 -9999 -9999 -9999 -9999 -9999 -9999 -9999 -9999 -9999 -9999 -9999 -9999 -9999 -9999 -9999 -9999 -9999 -9999 -9999 1.64036 1.56305 1.60782 1.79722 1.41450 1.67411 1.77532 2.87872 2.91455 2.14196 2.63240 2.37823 2.72149 2.87389 3.16620 3.67877 4.07772 4.01582 4.59587 4.46295 4.62629 4.85018 5.12568 5.05003 5.62941 6.87624 6.54797 6.19798 7.22611 7.71115 8.58930 8.47028 10.99260 10.31800 12.60080 14.98860 -9999 -9999 -9999
-9999 -9999 -9999 -9999 -9999 -9999 -9999 -9999 -9999 -9999 -9999 -9999 -9999 -9999 -9999 -9999 -9999 -9999 -9999 -9999 -9999 -9999 -9999 -9999 -9999 -9999 -9999 -9999 -9999 -9999 -9999 -9999 -9999 -9999 -9999 -9999 -9999 -9999 2.00410 1.74103 1.86322 2.12166 2.80123 2.80744 2.49944 2.73656 3.19592 3.20167 3.58462 3.93997 3.89039 4.09279 4.15411 4.30949 4.70513 4.76281 3.57185 3.89818 6.04453 5.94253 5.81071 8.07979 9.53539 8.67141 9.95101 9.16665 11.16580 13.61910 12.40950 -9999 -9999 -9999 -9999
