data/hydroclimate-scenarios/1948-2000.Pcorr55N_Pref_Tref/monthly_summaries/runoff_monthly_tot_nov.asc
ncols	311
nrows	91
xllcenter	102.75
yllcenter	31.75
cellsize	0.5
NODATA_value	-9999
[rows 32 to 63 of 91, columns 0 to 72 of 311]
-9999 -9999 -9999 -9999 -9999 -9999 -9999 -9999 -9999 -9999 -9999 0.00000 0.00000 0.00000 0.00000 0.00000 0.00000 0.00013 0.00011 0.00000 0.00000 0.00000 0.00101 0.00649 0.00938 0.00181 0.00000 0.00000 0.00000 0.00000 0.00000 0.00000 0.00000 0.00064 0.00000 0.00251 0.00171 0.00169 0.00000 0.00000 0.00000 0.00000 0.00000 0.00000 0.00000 0.00000 0.00000 0.00000 0.00000 0.00000 0.00000 0.00000 0.00000 0.00000 0.00000 0.00000 0.00000 0.00000 0.00000 0.00000 0.00000 0.00000 0.00000 0.00000 0.00000 0.00000 0.00000 0.00000 0.00000 0.00000 0.00000 0.00000 0.00000
-9999 -9999 -9999 -9999 -9999 -9999 -9999 -9999 -9999 -9999 -9999 0.00000 0.00000 0.00000 0.00000 0.00000 0.00000 0.00160 0.00214 0.00328 0.00167 0.00150 0.00471 0.01161 0.00577 0.00000 0.00000 0.00000 0.00007 0.00004 0.00000 0.00000 0.00000 0.00507 0.00677 0.01523 0.01045 0.00832 0.00377 0.00016 0.00121 0.00000 0.00000 0.00000 0.00000 0.00000 0.00000 0.00000 0.00000 0.00000 0.00000 0.00000 0.00000 0.00000 0.00000 0.00000 0.00000 0.00000 0.00000 0.00000 0.00000 0.00000 0.00000 0.00000 0.00000 0.00000 0.00000 0.00000 0.00000 0.00000 0.00000 0.00000 0.00000
-9999 -9999 -9999 -9999 -9999 -9999 -9999 -9999 -9999 -9999 -9999 -9999 0.00000 0.00000 0.00000 0.00000 0.00000 0.03491 0.04047 0.00878 0.00932 0.00220 0.00016 0.00000 0.00002 0.00000 0.00000 0.00000 0.00000 0.00000 0.00000 0.00000 0.00000 0.03966 0.04062 0.04009 0.03616 0.03471 0.03038 0.00304 0.00115 0.00000 0.00000 0.00000 0.00000 0.00000 0.00000 0.00000 0.00000 0.00000 0.00000 0.00000 0.00000 0.00000 0.00000 0.00000 0.00000 0.00000 0.00000 0.00000 0.00000 0.00000 0.00000 0.00000 0.00000 0.00000 0.00000 0.00000 0.00000 0.00000 0.00000 0.00000 0.00000
-9999 -9999 -9999 -9999 -9999 -9999 -9999 -9999 -9999 -9999 -9999 -9999 0.00000 0.00000 0.00000 0.00000 0.00022 0.04869 0.04708 0.00948 0.00974 0.00019 0.00006 0.00000 0.00000 0.00000 0.00000 0.00000 0.00000 0.00000 0.00000 0.00000 0.00000 0.03659 0.03672 0.03089 0.02909 0.03588 0.03227 0.01296 0.00742 0.00000 0.00000 0.00000 0.00000 0.00000 0.00000 0.00000 0.00000 0.00000 0.00000 0.00000 0.00000 0.00000 0.00000 0.00000 0.00000 0.00000 0.00000 0.00000 0.00000 0.00000 0.00000 0.00000 0.00000 0.00000 0.00000 0.00000 0.00000 0.00000 0.00000 0.00000 0.00000
-9999 -9999 -9999 -9999 -9999 -9999 -9999 -9999 -9999 -9999 -9999 -9999 0.00000 0.00000 0.00000 0.00101 0.00160 0.00000 0.00000 0.00053 0.00045 0.00000 0.00000 0.00000 0.00000 0.00000 0.00000 0.00001 0.00001 0.00000 0.00000 0.00001 0.00000 0.00000 0.00332 0.02202 0.02393 0.02030 0.02023 0.00000 0.00000 0.00048 0.01433 0.00120 0.01944 0.00504 0.00000 0.00000 0.00000 0.00000 0.00000 0.00000 0.00000 0.00000 0.00000 0.00000 0.00000 0.00000 0.00000 0.00000 0.00000 0.00000 0.00000 0.00000 0.00000 0.00000 0.00000 0.00000 0.00000 0.00001 0.00000 0.00000 0.00000
-9999 -9999 -9999 0.03850 0.03981 0.01405 0.01752 0.01845 0.01640 -9999 0.00008 0.00000 0.00000 0.00111 0.00180 0.00000 0.00000 0.00000 0.00000 0.00026 0.00101 0.00024 0.00000 0.00000 0.00000 0.00000 0.00001 0.00001 0.00006 0.00000 0.00000 0.00000 0.00000 0.00000 0.00006 0.00685 0.00849 0.00153 0.00421 0.00000 0.00000 0.00145 0.01684 0.00498 0.00436 0.00000 0.00000 0.00000 0.00000 0.00000 0.00000 0.00000 0.00000 0.00000 0.00000 0.00000 0.00000 0.00000 0.00000 0.00000 0.00000 0.00000 0.00000 0.00000 0.00000 0.00000 0.00000 0.00000 0.00000 0.00001 0.00000 0.00000 0.00000
-9999 -9999 -9999 0.03889 0.03800 0.03158 0.02936 0.01779 0.01878 0.01185 0.01944 0.00905 0.00454 0.00191 0.00064 0.00317 0.00341 0.00184 0.00021 0.00079 0.00235 0.00037 0.00052 0.00017 0.00000 0.00000 0.00004 0.00000 0.00000 0.00000 0.00000 0.00001 0.00028 0.00000 0.00000 0.00002 0.00001 0.00000 0.00001 0.00000 0.00000 0.00548 0.02215 0.00003 0.00000 0.00000 0.00000 0.00000 0.00000 0.00000 0.00000 0.00000 0.00000 0.00000 0.00000 0.00000 0.00000 0.00000 0.00000 0.00000 0.00000 0.00000 0.00000 0.00000 0.00000 0.00002 0.00002 0.00000 0.00000 0.00002 0.00000 0.00001 0.00000
-9999 -9999 -9999 0.03255 0.03270 0.02717 0.02882 0.01916 0.02900 0.03993 0.03905 0.00807 0.00190 0.00242 0.00000 0.00052 0.00008 0.00052 0.00256 0.00211 0.00095 0.00068 0.00131 0.00017 0.00000 0.00025 0.00002 0.00000 0.00046 0.00015 0.00005 0.00008 0.00031 0.00000 0.00000 0.00002 0.00002 0.00001 0.00000 0.00000 0.00000 0.00000 0.00087 0.00000 0.00000 0.00000 0.00000 0.00000 0.00000 0.00000 0.00000 0.00000 0.00000 0.00000 0.00001 0.00000 0.00000 0.00000 0.00000 0.00000 0.00000 0.00001 0.00000 0.00000 0.00000 0.00002 0.00003 0.00000 0.00000 0.00000 0.00000 0.00001 0.00008
-9999 -9999 -9999 0.01414 0.02264 0.00285 0.00763 0.00169 0.00178 0.00702 0.01779 0.02487 0.00868 0.00062 0.00000 0.00009 0.00004 0.00022 0.00035 0.00231 0.00025 0.00009 0.00004 0.00014 0.00009 0.00094 0.00119 0.00008 0.00012 0.00000 0.00006 0.00005 0.00010 0.00007 0.00004 0.00001 0.00000 0.00000 0.00000 0.00000 0.00000 0.00000 0.00000 0.00000 0.00000 0.00000 0.00000 0.00000 0.00000 0.00000 0.00000 0.00000 0.00000 0.00000 0.00000 0.00000 0.00000 0.00000 0.00000 0.00000 0.00000 0.00000 0.00003 0.00000 0.00000 0.00000 0.00000 0.00000 0.00000 0.00000 0.00126 0.06384 -9999
-9999 -9999 -9999 0.01305 0.01125 0.00052 0.00096 0.00169 0.00087 0.00403 0.01558 0.01383 0.00277 0.00073 0.00004 0.00011 0.00005 0.00394 0.00666 0.00780 0.00294 0.00059 0.00088 0.00207 0.00172 0.00273 0.00332 0.00018 0.00148 0.00002 0.00020 0.00002 0.00000 0.00008 0.00002 0.00001 0.00001 0.00000 0.00000 0.00001 0.00000 0.00000 0.00000 0.00000 0.00000 0.00000 0.00000 0.00000 0.00000 0.00000 0.00000 0.00000 0.00000 0.00000 0.00000 0.00000 0.00000 0.00000 0.00000 0.00000 0.00000 0.00000 0.00000 0.00000 0.00000 0.00000 0.00000 0.00000 0.00000 0.00173 0.05146 -9999 -9999
-9999 -9999 -9999 -9999 0.00477 0.00000 0.00117 0.00010 0.00065 0.00347 0.00531 0.00003 0.00004 0.00092 -9999 -9999 -9999 -9999 -9999 0.00047 0.00048 0.00184 0.00093 0.00029 0.00046 0.00198 0.00275 0.00112 0.00052 0.00093 0.00011 0.00005 0.00007 0.00013 0.00062 0.00164 0.00083 0.00022 0.00012 0.00004 0.00000 0.00000 0.00000 0.00000 0.00001 0.00000 0.00000 0.00000 0.00000 0.00000 0.00000 0.00002 0.00002 0.00002 0.00002 0.00000 0.00000 0.00000 0.00000 0.00000 0.00000 0.00000 0.00000 0.00000 0.00000 0.00000 0.00000 0.00001 0.00011 -9999 -9999 -9999 -9999
-9999 -9999 0.00406 0.00572 0.00680 0.00354 0.00159 0.00051 0.00588 0.00312 0.00680 0.00010 0.00005 -9999 -9999 -9999 -9999 -9999 0.00001 0.00075 0.00080 0.00569 0.00402 0.00068 0.00158 0.00364 0.00525 0.00171 0.00096 0.00220 0.00210 0.00050 0.00052 0.00224 0.00232 0.00358 0.00232 0.00021 0.00011 0.00005 0.00002 0.00001 0.00000 0.00002 0.00000 0.00000 0.00000 0.00001 0.00000 0.00000 0.00000 0.00001 0.00001 0.00001 0.00007 0.00001 0.00001 0.00000 0.00000 0.00000 0.00000 0.00037 0.00015 0.00000 0.00000 0.00000 0.00013 -9999 -9999 -9999 -9999 -9999 -9999
-9999 -9999 0.01070 0.01105 0.00436 0.00190 0.00200 0.00000 0.00000 0.00000 0.00000 0.00000 0.00536 -9999 -9999 -9999 -9999 0.00200 0.00005 0.00268 0.00223 0.00434 0.00229 0.00664 0.00766 0.00880 0.00662 0.00362 0.00476 0.00339 0.00157 0.00167 0.00081 0.00232 0.00059 0.00082 0.00348 0.00019 0.00029 0.00028 0.00001 0.00001 0.00031 0.00001 0.00001 0.00003 0.00001 0.00000 0.00000 0.00000 0.00000 0.00000 0.00001 0.00000 0.00000 0.00030 0.00000 0.00000 0.00000 0.00001 0.00000 0.00000 0.00007 0.00179 0.00311 -9999 -9999 -9999 -9999 -9999 0.05330 -9999 -9999
-9999 -9999 0.03483 0.01654 0.00867 0.00201 0.00192 0.00232 0.00052 0.00052 0.00001 0.00498 0.08056 -9999 -9999 -9999 -9999 0.00072 0.00019 0.00380 0.00273 0.01639 0.01997 0.02432 0.01937 0.01007 0.00521 0.00607 0.00563 0.00290 0.00243 0.00121 0.00082 0.00328 0.00687 0.00000 0.00001 0.00074 0.00014 0.00126 0.00091 0.00087 0.00096 0.00000 0.00001 0.00002 0.00000 0.00000 0.00001 0.00028 0.00043 0.00000 0.00000 0.00000 0.00000 0.00247 0.00167 0.00001 0.00004 0.00008 0.00009 0.00676 0.00581 0.00097 0.00102 0.00073 0.00865 0.00218 0.01610 -9999 -9999 -9999 0.01088
-9999 -9999 -9999 0.02651 0.01077 0.01038 0.01753 0.00394 0.00090 0.00150 0.01457 0.05361 -9999 -9999 -9999 -9999 0.00479 0.00268 0.00537 0.00716 0.01385 0.01512 0.01544 0.00979 0.00707 0.01084 0.00860 0.00090 0.00115 0.00050 0.00054 0.00046 0.00087 0.00137 0.00488 0.00704 0.00340 0.00317 0.00000 0.00570 0.00180 0.00169 0.00000 0.00376 0.01049 0.00000 0.00000 0.00073 0.00037 0.00004 0.00006 0.00020 0.00004 0.00003 0.00058 0.00043 0.00066 0.00001 0.00000 0.00175 0.00153 0.00030 0.00001 0.00000 0.00000 0.00027 0.01131 0.00314 0.00806 0.04927 -9999 -9999 0.03193
-9999 -9999 -9999 -9999 0.04093 0.02833 0.01824 0.01176 0.00683 0.02600 0.05350 -9999 -9999 -9999 -9999 0.00734 0.00591 0.00875 0.01664 0.01591 0.02908 0.02552 0.02120 0.00756 0.00737 0.01277 0.01140 0.00440 0.00274 0.00143 0.00152 0.00340 0.00397 0.01393 0.00817 0.00871 0.00759 0.00668 0.00300 0.01062 0.00444 0.00259 0.00593 0.00432 0.00985 0.00052 0.00058 0.00323 0.00229 0.00107 0.00015 0.00195 0.00145 0.00309 0.00018 0.00833 0.01231 0.00000 0.00000 0.00170 0.00187 0.00000 0.00001 0.00069 0.00005 0.00052 0.01394 0.00377 0.00920 0.06485 0.08714 0.02332 0.05382
-9999 -9999 -9999 -9999 -9999 -9999 0.01588 0.02372 0.01992 0.06887 0.02285 -9999 -9999 -9999 -9999 -9999 0.01640 0.01804 0.02134 0.02124 0.01593 0.04862 0.00926 0.00797 0.01183 0.01356 0.01658 0.01421 0.01085 0.00907 0.00221 0.00784 0.01233 0.01266 0.01860 0.02700 0.02743 0.00371 0.00441 0.00864 0.00613 0.01187 0.01916 0.00782 0.01246 0.00690 0.00845 0.01100 0.00149 0.00855 0.00707 0.00359 0.00385 0.00428 0.00247 0.00591 0.00172 0.00006 0.00137 0.00035 0.00013 0.00001 0.00000 0.00239 0.00375 0.00011 0.00548 0.01284 0.01460 0.04110 0.04357 0.05171 0.04450
-9999 -9999 -9999 -9999 -9999 -9999 -9999 -9999 -9999 -9999 -9999 -9999 -9999 -9999 -9999 -9999 -9999 -9999 -9999 0.01681 0.01355 0.03352 0.02212 0.01639 0.01497 0.01296 0.01104 0.00681 0.00221 0.00475 0.00801 0.01218 0.00733 0.01810 0.01871 0.03939 0.04422 0.01273 0.01109 0.01683 0.01339 0.02827 0.02419 0.02397 0.01830 0.01922 0.02377 0.01406 0.01404 0.01880 0.01469 0.01322 0.01415 0.03488 0.03952 0.02349 0.01592 0.00744 0.00150 0.00124 0.00036 0.00000 0.00000 0.00450 0.00016 0.00788 0.02501 0.03677 0.05993 0.03588 0.03506 0.04894 0.04007
-9999 -9999 -9999 -9999 -9999 -9999 -9999 -9999 -9999 -9999 -9999 -9999 -9999 -9999 -9999 -9999 -9999 -9999 0.02512 0.03232 0.03628 0.03022 0.03737 0.05327 0.04358 0.02362 0.01536 0.03543 0.04051 0.01456 0.01379 0.00574 0.00908 0.02077 0.02128 0.05244 0.04343 0.04446 0.03014 0.02830 0.02118 0.02159 0.02090 0.03752 0.04295 0.04468 0.05830 0.02262 0.02733 0.04133 0.03691 0.03418 0.04035 0.05939 0.02928 0.02967 0.02409 0.00458 0.00006 0.00121 0.00260 0.00352 0.00175 0.00127 0.00069 0.01493 0.03316 0.03007 0.05612 0.12399 0.14970 0.04367 0.22401
-9999 -9999 -9999 -9999 -9999 -9999 -9999 -9999 -9999 -9999 -9999 -9999 -9999 -9999 -9999 -9999 -9999 0.04993 0.03995 0.05875 0.04809 0.04590 0.04462 0.05667 0.03640 0.00995 0.00924 0.02016 0.04722 0.02437 0.02270 0.01630 0.01708 0.02488 0.03887 0.05344 0.04579 0.04340 0.06082 0.04157 0.03261 0.05622 0.03757 0.09199 0.09479 0.07720 0.09119 0.03037 0.05598 0.03493 0.04883 0.03493 0.03008 0.08014 0.07757 0.06275 0.03062 0.01380 0.00471 0.01099 0.02730 0.02034 0.00107 0.00083 0.02242 0.03702 0.05151 0.03988 0.07881 0.21122 0.16801 0.16809 0.28140
-9999 -9999 -9999 -9999 -9999 -9999 -9999 -9999 -9999 -9999 -9999 -9999 -9999 -9999 -9999 -9999 -9999 0.06491 0.06107 0.05379 0.05125 0.06779 0.05111 0.02800 0.03176 0.01455 0.01561 0.01371 0.02880 0.02276 0.02490 0.01159 0.01339 0.01578 0.02875 0.03995 0.05337 0.02576 0.01611 0.04761 0.05578 0.08651 0.10225 0.05336 0.03234 0.07900 0.09635 0.04330 0.05423 0.08800 0.06723 0.03937 0.03307 0.05434 0.09785 0.06935 0.04085 0.03007 0.03768 0.06956 0.06287 0.01077 0.01397 0.00649 0.00295 0.00304 0.06842 0.06872 0.16089 0.31150 0.35181 0.13306 0.07765
-9999 -9999 -9999 -9999 -9999 -9999 -9999 -9999 -9999 -9999 -9999 -9999 -9999 -9999 -9999 -9999 0.04399 0.03856 0.04847 0.04355 0.04166 0.04777 0.02763 0.04272 0.04374 0.02868 0.02268 0.03083 0.02199 0.01042 0.01192 0.00855 0.00853 0.03490 0.03259 0.03576 0.04812 0.04694 0.02725 0.09148 0.11192 0.14772 0.15032 0.08560 0.06676 0.13491 0.14605 0.05665 0.06370 0.07520 0.05347 0.07356 0.05954 0.07570 0.09281 0.11955 0.07897 0.12416 0.09003 0.07672 0.08105 0.03491 0.02573 0.00723 0.02764 0.03738 0.06619 0.16079 0.35159 0.47357 0.43476 0.19331 0.18982
-9999 -9999 -9999 -9999 -9999 -9999 -9999 -9999 -9999 -9999 -9999 -9999 -9999 0.03686 0.03421 0.07333 0.06178 0.04323 0.05151 0.07182 0.06950 0.03682 0.02121 0.02211 0.01577 0.01446 0.01558 0.01433 0.02090 0.02977 0.04552 0.04349 0.05221 0.03462 0.03732 0.03761 0.05696 0.07334 0.07188 0.09391 0.09963 0.13089 0.13183 0.12113 0.11879 0.11435 0.13754 0.14169 0.16516 0.16799 0.13989 0.03557 0.02584 0.05735 0.07218 0.10335 0.09403 0.14069 0.08639 0.08903 0.10223 0.09224 0.07862 0.09324 0.13751 0.27441 0.28303 0.49566 0.45252 0.84768 0.52633 0.16021 0.19499
-9999 -9999 -9999 -9999 -9999 -9999 -9999 -9999 -9999 -9999 -9999 -9999 0.06718 0.04457 0.04803 0.09333 0.08104 0.03744 0.01652 0.08221 0.04142 0.02254 0.02589 0.02610 0.02320 0.01741 0.01779 0.01940 0.02435 0.08625 0.07694 0.06519 0.07735 0.05454 0.05753 0.03579 0.02420 0.04815 0.08925 0.12274 0.10206 0.09985 0.15798 0.13875 0.11114 0.08967 0.10030 0.14874 0.17773 0.23088 0.22911 0.09147 0.11282 0.12076 0.11895 0.13771 0.24768 0.12759 0.10113 0.13841 0.15720 0.14601 0.14903 0.14804 0.21027 0.52847 0.60619 0.51541 0.74710 0.68705 0.34033 0.38201 0.28027
-9999 -9999 -9999 -9999 -9999 -9999 -9999 -9999 -9999 -9999 -9999 0.04973 0.05293 0.04451 0.06675 0.02957 0.01751 0.01550 0.02308 0.02392 0.02042 0.03977 0.02903 0.02712 0.02859 0.01790 0.02460 0.01345 0.01961 0.03759 0.02685 0.05699 0.06957 0.05584 0.04753 0.05469 0.07406 0.09048 0.11263 0.09907 0.11792 0.22125 0.22774 0.18549 0.16316 0.09652 0.09644 0.12634 0.11874 0.26268 0.34445 0.13940 0.12656 0.22758 0.18553 0.12951 0.27878 0.21752 0.19857 0.25879 0.29926 0.43416 0.43873 0.41462 0.58811 0.62360 0.71920 0.85939 1.00060 0.58128 0.28608 0.17270 0.23503
-9999 -9999 -9999 -9999 -9999 -9999 -9999 -9999 -9999 -9999 0.03977 0.05478 0.04729 0.04371 0.05157 0.01609 0.01267 0.01905 0.01904 0.02469 0.02629 0.04323 0.02989 0.02828 0.03106 0.01453 0.01469 0.02897 0.02924 0.01830 0.02488 0.07084 0.07760 0.10208 0.14311 0.10842 0.11552 0.09872 0.12013 0.12119 0.21076 0.21509 0.25304 0.19823 0.15978 0.17790 0.14588 0.15028 0.13021 0.29050 0.35682 0.13822 0.32673 0.21559 0.24084 0.23614 0.28633 0.28247 0.29512 0.42424 0.45805 0.53032 0.54330 0.63170 0.80638 0.79801 1.17958 1.51466 0.95818 0.45838 0.38170 0.50067 0.63454
-9999 -9999 -9999 -9999 -9999 -9999 -9999 -9999 -9999 0.00934 0.00699 0.00307 0.00371 0.00681 0.00401 0.00314 0.00384 0.00354 0.00319 0.00126 0.00190 0.00548 0.00569 0.00541 0.00469 0.00640 0.00768 0.00794 0.00560 0.00571 0.00819 0.04891 0.06169 0.05436 0.08489 0.13029 0.09773 0.11123 0.13116 0.25262 0.14342 0.19300 0.18805 0.20309 0.13904 0.27315 0.27541 0.22758 0.20974 0.23671 0.31823 0.39142 0.26586 0.29751 0.19009 0.47764 0.52286 0.44532 0.43250 0.56845 0.55862 0.62678 0.65880 0.81551 0.94551 0.89836 1.16425 0.30749 0.19473 0.10599 0.15370 0.21481 0.34331
-9999 -9999 -9999 -9999 -9999 -9999 -9999 -9999 -9999 -9999 0.00697 0.00209 0.00247 0.00354 0.00645 0.00749 0.00684 0.00477 0.00412 0.00092 0.00089 0.00434 0.00522 -9999 -9999 -9999 -9999 -9999 -9999 0.01114 0.01241 0.06650 0.07613 0.05075 0.07573 0.20853 0.18794 0.15743 0.15399 0.25580 0.15008 0.21684 0.19498 0.23139 0.25496 0.27146 0.26547 0.21167 0.28136 0.29781 0.35551 0.31658 0.30997 0.25380 0.30380 0.50084 0.53303 0.55253 0.58017 0.78751 0.83495 0.78806 0.75044 0.70630 0.73004 1.17746 1.07701 0.24163 0.08118 0.10402 0.12248 0.39247 0.66995
-9999 -9999 -9999 -9999 -9999 -9999 -9999 -9999 -9999 -9999 -9999 -9999 0.00279 0.00485 0.00466 0.00646 0.00560 0.00534 0.00489 -9999 -9999 -9999 -9999 -9999 -9999 -9999 -9999 -9999 -9999 -9999 -9999 -9999 -9999 0.07560 0.09633 0.17351 0.19121 0.25692 0.17311 0.11701 0.14297 0.22542 0.23585 0.18383 0.18031 0.31225 0.34629 0.23584 0.33443 0.32121 0.33954 0.39954 0.39127 0.46507 0.40045 0.58489 0.71461 0.76448 0.60957 1.02105 1.02271 0.98217 1.11232 0.79569 0.99205 1.17262 0.78914 0.20779 0.20502 0.33306 0.51298 0.74900 -9999
-9999 -9999 -9999 -9999 -9999 -9999 -9999 -9999 -9999 -9999 -9999 -9999 -9999 -9999 -9999 -9999 -9999 -9999 -9999 -9999 -9999 -9999 -9999 -9999 -9999 -9999 -9999 -9999 -9999 -9999 -9999 -9999 -9999 -9999 0.10455 0.07460 0.12843 0.17259 0.13371 0.15869 0.19112 0.24748 0.31729 0.23470 0.33691 0.40370 0.41717 0.34342 0.40539 0.33694 0.39362 0.48658 0.42725 0.46919 0.41276 0.81562 0.87005 0.98054 1.06957 1.25010 1.13891 1.25309 1.37601 1.31212 1.54864 1.39702 1.00353 0.22110 0.23684 0.42899 1.16564 -9999 -9999
-9999 -9999 -9999 -9999 -9999 -9999 -9999 -9999 -9999 -9999 -9999 -9999 -9999 -9999 -9999 -9999 -9999 -9999 -9999 -9999 -9999 -9999 -9999 -9999 -9999 -9999 -9999 -9999 -9999 -9999 -9999 -9999 -9999 -9999 0.08505 0.11748 0.12190 0.26804 0.21118 0.28988 0.27385 0.32991 0.30563 0.33352 0.40012 0.44082 0.46425 0.49592 0.51127 0.54113 0.52342 0.55599 0.52318 0.52862 0.48516 0.82032 1.04654 1.29171 1.44519 1.57963 1.40927 1.23381 1.43992 0.95706 1.04400 0.95164 1.26808 0.91508 1.09684 2.56004 -9999 -9999 -9999
-9999 -9999 -9999 -9999 -9999 -9999 -9999 -9999 -9999 -9999 -9999 -9999 -9999 -9999 -9999 -9999 -9999 -9999 -9999 -9999 -9999 -9999 -9999 -9999 -9999 -9999 -9999 -9999 -9999 -9999 -9999 -9999 -9999 -9999 -9999 -9999 -9999 -9999 0.29984 0.29952 0.27108 0.33454 0.36249 0.45078 0.50477 0.57101 0.69258 0.61133 0.64917 0.71917 0.75180 0.71572 0.81731 0.67888 0.69818 0.99028 0.80560 1.17287 1.82588 1.83692 1.61846 2.20189 2.16830 1.11569 0.74527 1.13218 1.36461 2.17130 3.62447 -9999 -9999 -9999 -9999
