data/hydroclimate-scenarios/1948-2000.Pcorr55N_Pref_Tref/monthly_summaries/runoff_monthly_tot_aug.1950-2000.asc
ncols	311
nrows	91
xllcenter	102.75
yllcenter	31.75
cellsize	0.5
NODATA_value	-9999
[rows 32 to 63 of 91, columns 0 to 71 of 311]
-9999 -9999 -9999 -9999 -9999 -9999 -9999 -9999 -9999 -9999 -9999 5.66067 5.86373 6.37605 6.10872 6.08019 6.28146 6.73756 5.53576 5.60343 6.97855 6.90437 6.63511 6.52116 7.34564 7.27285 7.12775 7.51650 7.15095 5.35753 5.41757 5.09455 4.83293 5.00840 5.15464 4.96654 5.30098 5.60243 6.35949 6.26871 6.35655 6.23357 6.53518 6.45914 6.56085 6.57680 6.37035 6.74142 6.69861 6.68261 6.50190 6.24659 6.03951 6.95574 6.72664 6.55585 6.51874 6.71853 6.60915 5.85861 6.11530 6.27045 6.87615 7.44689 7.62839 7.13320 8.08884 8.48553 9.39905 9.98687 9.08610 10.54470
-9999 -9999 -9999 -9999 -9999 -9999 -9999 -9999 -9999 -9999 -9999 6.09989 6.29082 6.15696 6.37882 6.32640 6.36747 6.96491 6.99932 7.00076 7.27458 7.04200 8.22838 7.94919 8.09245 6.57226 6.37262 6.51226 6.02569 7.07337 7.07915 5.48669 5.80230 5.71095 6.47843 5.96035 7.09727 6.77703 7.49620 7.99751 6.93072 8.37605 7.31073 7.44642 7.85118 7.82133 7.90171 7.87043 7.59978 7.51171 7.38035 6.54758 6.32940 7.16100 5.93147 6.13345 6.03095 6.32089 6.36108 6.40463 6.47655 7.99955 7.66395 6.40795 8.55780 7.99185 8.61028 8.68165 8.97695 9.98716 9.23127 11.27450
-9999 -9999 -9999 -9999 -9999 -9999 -9999 -9999 -9999 -9999 -9999 -9999 5.91482 5.73340 5.73721 6.22188 6.65668 6.87258 6.96482 7.00254 8.31737 6.66908 6.93296 6.92980 7.00906 7.30397 6.91440 7.00822 6.17563 6.03789 7.61284 7.53818 7.77154 7.87009 7.87599 7.59383 7.53873 6.84749 7.67524 7.68369 7.96678 8.40263 8.78900 7.65226 8.01686 8.57708 8.05612 7.84551 7.68166 7.53525 7.05015 7.47428 7.35091 7.17008 7.22443 6.50898 6.34832 7.06289 7.82672 8.37057 8.21332 7.16028 7.32923 7.48403 7.98750 8.91616 8.46979 9.14100 10.76350 11.01170 9.45300 10.93200
-9999 -9999 -9999 -9999 -9999 -9999 -9999 -9999 -9999 -9999 -9999 -9999 5.93978 5.67591 6.10695 6.38213 6.40361 8.09409 8.02409 6.65018 6.88681 7.97875 7.88805 7.65096 8.12576 7.22725 6.78241 7.56400 6.61048 6.85931 6.74348 9.03794 8.40311 7.59353 8.04071 5.93277 6.10659 6.28905 6.40036 6.85566 8.69558 7.69704 7.95737 9.36492 8.67063 8.55873 8.51636 8.14622 7.50652 8.08018 7.68583 7.32081 7.26063 8.12523 7.75813 7.80144 8.11369 7.41471 6.10240 8.42225 8.06194 6.86360 7.19859 8.20827 9.18439 8.50711 9.02551 9.73487 10.62110 11.44420 12.50540 12.22920
-9999 -9999 -9999 -9999 -9999 -9999 -9999 -9999 -9999 -9999 -9999 -9999 6.21397 5.75562 7.64824 7.15128 7.54363 6.10795 6.56261 7.05988 7.52301 8.26333 8.20989 7.85436 7.72868 7.71945 7.10227 6.95763 7.14703 6.49726 6.08574 7.68296 6.60262 6.84655 6.24411 5.59142 5.82999 6.48428 6.27537 6.87322 8.17257 9.31913 9.09495 9.56571 9.82657 10.33140 10.24310 9.89087 9.42919 8.17747 7.74736 8.24967 7.69849 7.76284 7.42579 6.44540 6.25825 6.59616 6.64185 8.96508 7.06950 7.56161 7.63685 7.13117 9.40072 9.77130 9.84495 10.32240 12.05350 12.43790 13.33400 13.72040
-9999 -9999 -9999 6.21856 6.27601 6.20176 5.78613 5.85600 6.05275 -9999 6.31181 8.33448 7.82121 5.64551 5.81986 5.70951 6.07064 6.17386 7.07391 7.51196 7.58308 7.98625 8.28262 7.87223 7.77703 7.79308 7.24013 7.92068 7.44385 7.92939 7.00900 6.77477 6.67040 7.55465 6.98928 4.88372 6.65799 7.32518 7.78916 7.75452 8.33972 9.72167 10.19210 10.48650 11.22310 11.96190 12.89700 10.40820 10.14380 9.85243 9.61380 10.04200 10.03100 10.41660 10.16320 10.18030 10.36320 7.89772 8.18427 7.73999 9.57342 8.61927 8.73366 9.02992 8.64497 9.12896 9.84821 10.92320 12.05870 13.32070 15.25940 16.33270
-9999 -9999 -9999 6.43290 6.43081 6.53771 6.48367 6.67317 6.32757 8.21173 8.30733 7.63550 6.18664 5.58027 6.01788 6.32268 6.63383 6.83951 7.34300 7.65719 7.54558 8.29060 8.10927 8.03115 8.03703 7.97295 7.90865 7.70183 8.05097 8.29515 5.61248 6.94313 6.87812 7.35386 7.29033 7.96498 8.19489 9.17817 8.48497 10.36250 10.64080 9.88899 10.64730 12.27880 13.02420 14.29880 14.83140 11.81970 12.24050 11.96570 12.43180 12.67400 12.90470 12.56930 11.35610 11.94280 10.30620 9.51092 9.77607 9.31245 9.61278 10.62460 10.81940 10.49230 11.40020 10.46660 10.85450 10.72610 13.13510 14.73220 16.24950 18.50960
-9999 -9999 -9999 6.25551 6.61837 6.69435 8.99044 8.92376 8.58412 8.34209 8.18950 8.09887 6.39462 6.23251 6.71766 6.26945 7.12584 6.93293 6.92927 7.25984 7.79275 8.41929 6.72012 8.17088 8.86585 8.42146 8.52387 8.64722 7.89043 8.90868 10.40910 9.36930 7.74343 8.02872 8.18511 8.52058 8.69850 8.92789 9.11895 10.08610 11.12160 11.02600 11.89750 13.35440 13.10030 13.60170 14.21400 13.21670 12.94320 14.93740 15.85880 13.65320 13.92990 13.50410 12.85170 12.48840 10.92110 10.08720 10.79950 11.21910 10.66350 10.76950 11.11140 12.39270 12.56220 13.05070 13.36020 13.72110 15.51100 17.75790 19.85070 21.34770
-9999 -9999 -9999 6.80552 6.39892 7.24093 8.51110 8.89757 8.30131 8.33779 8.20836 6.07956 6.45706 6.69976 6.95104 6.41919 6.81217 7.30968 7.55896 7.07630 8.49162 8.37679 9.94593 9.45749 8.59979 9.06330 8.64097 8.53240 10.30010 11.38790 10.17920 7.48108 8.27552 10.08640 10.28320 10.03570 9.29807 8.83841 9.89300 10.14740 10.95980 13.14940 14.49520 15.14410 13.67370 15.95910 16.65060 14.64930 16.26550 15.25010 16.34340 15.17030 15.00800 14.70800 14.48660 13.09210 11.27520 10.83310 11.62390 12.05930 12.47720 12.79910 12.50420 13.54680 14.03920 14.10270 15.66250 16.68660 19.38870 21.19720 22.34080 23.62790
-9999 -9999 -9999 6.55764 6.52235 7.43244 9.07947 8.86263 8.89148 8.59688 8.20300 8.08096 6.50228 7.00411 7.84902 7.27390 7.47433 6.95841 6.65752 7.60570 8.51407 8.51190 9.90019 8.55335 8.17888 8.21182 8.36684 8.83456 9.25940 10.46790 10.45520 9.96016 10.13600 9.76545 10.10890 10.25060 10.24840 9.73637 9.94150 10.71670 12.51300 13.69560 15.51280 16.27620 15.89940 16.58910 16.43680 15.85640 15.80050 16.90170 16.95640 14.91900 15.15290 15.91750 13.99960 13.89600 12.45410 11.69170 12.86050 15.30590 15.13580 14.74910 14.91490 16.26420 16.03650 15.23680 16.90610 18.33860 20.24660 20.75670 22.37470 -9999
-9999 -9999 -9999 -9999 10.10940 10.45000 9.81678 10.36210 9.68390 9.12506 8.76976 7.16593 8.26548 6.66828 -9999 -9999 -9999 -9999 -9999 8.87182 9.64118 8.95147 9.63751 10.88430 9.44878 9.36298 8.99975 9.32972 10.38620 9.71723 10.25700 10.00170 10.52930 9.60448 9.32778 9.68167 10.34750 9.57758 10.32590 10.86260 10.92570 12.51190 14.63220 16.64240 17.23750 17.04510 17.79340 19.53530 18.21010 16.58760 18.12300 17.90360 16.53520 17.75610 16.80070 16.79820 16.82750 16.49110 15.37960 15.83000 17.42520 18.39940 15.89070 18.24640 18.34200 16.94070 19.02540 17.67600 17.32550 -9999 -9999 -9999
-9999 -9999 9.07951 11.01190 11.17440 10.66450 10.40360 11.18570 9.91353 9.67761 9.01240 7.47389 8.43997 -9999 -9999 -9999 -9999 -9999 12.35050 9.35109 10.50340 9.83646 9.62790 10.77620 10.24290 10.32150 9.02436 9.82387 10.18850 10.01630 9.91437 10.19150 10.21650 10.30430 10.32500 10.60100 10.87660 10.26580 10.66400 10.72500 11.56260 12.73470 13.96100 14.47680 14.57740 15.58680 16.59010 17.04260 16.50050 14.68220 14.96260 15.56740 17.88810 15.47440 16.93150 15.71190 16.14630 16.80070 16.97160 15.99980 16.65160 17.53960 16.00020 15.11530 15.06850 15.05750 14.08780 -9999 -9999 -9999 -9999 -9999
-9999 -9999 12.81650 12.51290 11.43650 11.20550 10.83070 11.77590 10.65370 10.24830 8.33453 8.26797 7.20346 -9999 -9999 -9999 -9999 8.62611 11.10220 9.96074 10.71210 10.41320 10.40190 10.04610 10.07030 9.64614 9.75773 9.70297 9.94604 9.95735 9.98288 10.47200 10.44060 10.64440 11.26290 11.27370 11.00020 10.37860 11.45360 12.73030 13.34720 13.93340 14.57830 14.91810 15.87240 15.08220 15.55590 16.42750 15.36520 15.60060 15.87750 14.94740 15.33120 15.25440 14.83730 13.27510 14.60300 15.39570 15.60520 14.75560 14.14610 15.39950 15.37700 15.75100 16.58300 -9999 -9999 -9999 -9999 -9999 12.83370 -9999
-9999 -9999 13.74820 14.45390 13.33400 12.65060 12.11720 11.73540 11.26400 11.15300 9.11659 8.30741 6.78524 -9999 -9999 -9999 -9999 10.21090 10.88180 10.77050 10.68840 10.23720 10.40590 10.51860 10.85430 10.46560 10.35630 9.81622 10.01110 9.94746 10.43040 10.54890 10.94780 11.00600 11.27360 12.10250 12.44220 12.50110 12.68100 12.42480 13.61360 12.86860 13.11380 15.60290 15.86270 15.26120 15.77780 16.89140 16.18800 16.41960 15.52790 15.14620 14.59530 14.88620 15.73740 13.56160 14.01640 16.75180 17.78570 17.69000 13.18540 15.66920 17.36760 17.93320 19.21720 18.85020 13.89860 13.72450 12.33550 -9999 -9999 -9999
-9999 -9999 -9999 15.89590 14.58070 13.04540 11.66120 10.95610 9.62913 10.44240 9.35645 7.71157 -9999 -9999 -9999 -9999 9.73447 10.48050 10.63990 10.41990 11.41880 10.72820 11.15770 11.32450 11.15490 10.88120 11.04520 10.76370 10.80490 11.27770 11.01370 11.19220 11.11760 11.42310 11.83120 11.63850 11.35680 11.72620 11.71030 11.89000 12.88860 12.22060 17.34350 18.39920 17.86840 19.28320 15.94960 13.65310 13.84410 15.10500 17.18110 17.14910 16.59470 17.87280 20.57620 20.14850 18.28210 20.34450 20.87530 19.60130 18.93320 18.99000 21.90600 23.41250 22.28380 20.99590 14.21150 13.13390 11.65090 15.64950 -9999 -9999
-9999 -9999 -9999 -9999 15.61680 12.80700 12.00410 10.79720 10.89480 8.21083 8.08868 -9999 -9999 -9999 -9999 10.38490 10.36890 10.05490 12.66060 10.14700 10.16450 10.29560 10.86580 11.74360 11.52590 10.82080 10.81420 10.83550 10.89440 10.52920 10.82210 10.66310 10.58450 10.71560 12.11710 12.52440 12.37990 12.59360 12.47040 12.49420 12.59490 12.60680 12.97090 14.30960 14.85240 19.16930 21.03660 18.23870 16.32460 15.34610 16.75300 15.60940 16.81510 19.06550 18.22790 17.41230 18.89490 19.76010 20.17400 20.40700 22.43650 23.32450 23.53640 22.78130 22.60480 21.60280 13.47910 11.96920 11.58250 10.25660 9.72622 9.25450
-9999 -9999 -9999 -9999 -9999 -9999 12.79910 14.74920 9.03240 10.02570 8.31346 -9999 -9999 -9999 -9999 -9999 9.80410 9.90122 10.25350 10.45320 10.65920 8.64515 10.27050 11.48180 11.52600 10.91640 10.62410 14.27380 13.68970 12.72610 10.31940 10.66070 10.45380 11.53690 11.56750 11.79960 13.08900 13.01310 12.38970 13.29530 13.19430 14.48210 14.67000 13.99750 18.85580 19.13920 19.49880 20.35060 18.78270 17.20930 17.63140 18.45650 20.50790 22.56160 20.90930 23.65670 18.24410 20.06090 20.40160 20.79040 21.88840 23.23760 24.96530 24.65170 22.49780 21.40470 14.09110 10.64170 9.40203 11.12170 12.13280 11.07480
-9999 -9999 -9999 -9999 -9999 -9999 -9999 -9999 -9999 -9999 -9999 -9999 -9999 -9999 -9999 -9999 -9999 -9999 -9999 10.44800 10.44550 8.50681 10.08090 10.85720 10.88930 10.91150 12.97040 10.90760 10.47140 9.60777 10.77930 10.46160 11.34620 11.58990 11.85490 12.19760 12.82490 13.57300 13.49930 14.94050 15.43190 15.61150 15.40300 15.45660 15.39480 16.41450 16.50980 21.27820 20.06140 20.54610 21.54490 19.06750 17.88840 17.63950 14.95410 14.99750 19.48340 18.88510 20.84960 22.03160 22.05670 21.42530 25.02340 24.80030 22.50510 16.91180 12.38160 9.68968 8.89696 10.90710 13.09950 12.55140
-9999 -9999 -9999 -9999 -9999 -9999 -9999 -9999 -9999 -9999 -9999 -9999 -9999 -9999 -9999 -9999 -9999 -9999 11.16320 10.27560 10.02770 9.82955 10.23020 10.19990 9.62875 9.64504 11.62870 11.76650 9.76447 9.69784 9.96682 11.07040 11.89130 12.25540 12.82340 15.32200 13.47200 13.68110 14.27650 15.64700 16.30390 16.41140 16.34450 16.83870 17.15090 20.72580 18.00360 10.74270 14.87250 15.61030 16.03100 24.21180 24.61430 25.60660 19.44110 18.78430 19.70420 21.81990 21.09550 22.30750 20.26220 20.65370 22.74750 23.05460 20.42740 17.19920 14.82770 10.56600 11.56160 9.89321 12.09920 15.76220
-9999 -9999 -9999 -9999 -9999 -9999 -9999 -9999 -9999 -9999 -9999 -9999 -9999 -9999 -9999 -9999 -9999 11.42720 11.25760 10.11940 10.49960 9.95795 9.35223 8.94311 8.68166 8.73018 11.51610 10.22330 11.59220 12.01220 12.69180 12.93280 11.51340 13.82570 14.87980 16.77900 18.05450 14.95240 14.91450 16.39520 17.00260 20.31940 17.79820 20.44250 16.68170 16.45520 21.40570 15.52690 14.91420 15.23090 14.58040 17.87050 21.71170 24.88870 25.70210 26.63290 21.36820 22.35990 23.22430 23.36290 20.60170 20.99760 24.55480 22.63480 21.58720 19.39170 17.06180 13.60930 14.39160 14.52220 18.07870 14.51300
-9999 -9999 -9999 -9999 -9999 -9999 -9999 -9999 -9999 -9999 -9999 -9999 -9999 -9999 -9999 -9999 -9999 12.38330 11.98400 12.01440 11.41940 12.84240 11.78810 8.68939 7.99237 8.92623 8.48641 8.52435 8.06504 11.50030 12.14170 12.20250 12.99510 14.22050 15.48450 17.00130 18.36340 14.30390 15.58000 16.66130 17.25960 16.75850 19.89710 15.60500 18.92800 19.06850 18.90770 10.93860 10.90200 15.14170 13.41760 17.32660 18.34870 20.43180 24.95360 27.71820 27.22750 24.41150 22.22640 22.23460 24.51530 26.08400 25.63090 24.58790 24.77850 22.38150 19.73820 18.61590 18.40430 18.45530 17.05580 18.12440
-9999 -9999 -9999 -9999 -9999 -9999 -9999 -9999 -9999 -9999 -9999 -9999 -9999 -9999 -9999 -9999 13.22120 13.67690 13.08090 11.85630 12.08830 9.27026 9.12311 8.67338 7.90664 8.18503 8.01429 7.86209 7.95542 8.26063 8.44368 8.93324 12.57350 12.90900 13.87730 15.25830 16.28800 17.82290 15.36310 15.50490 15.56590 16.27330 21.02990 18.46500 14.57290 18.19860 18.99040 11.24970 10.79220 15.24560 14.24650 18.95310 19.37510 20.45350 24.00060 27.17090 29.08350 27.12050 19.73830 24.14990 24.17200 26.53300 28.63600 33.46140 32.01380 27.05550 24.28020 22.19550 21.45210 20.39870 20.17910 16.74110
-9999 -9999 -9999 -9999 -9999 -9999 -9999 -9999 -9999 -9999 -9999 -9999 -9999 11.40340 11.37800 11.30370 11.41830 11.85250 13.55700 11.69290 9.39808 10.66920 9.77345 9.12253 8.99506 7.91476 7.76465 5.31701 5.35463 5.54358 8.66307 8.46025 5.93540 6.14069 9.61577 9.82456 11.40720 11.63940 9.35427 9.98848 9.73361 13.82780 13.52580 8.55605 13.15280 13.85220 14.54520 14.40620 14.86140 15.89390 16.45440 16.81300 16.75960 16.33500 16.80370 14.09540 17.47200 19.13520 14.35410 15.74700 19.07430 22.54670 26.11600 20.14320 19.02260 20.70140 16.51450 25.77390 18.60680 25.13730 24.03990 16.46890
-9999 -9999 -9999 -9999 -9999 -9999 -9999 -9999 -9999 -9999 -9999 -9999 10.27580 10.78290 13.23810 12.74700 13.40780 9.94356 9.79334 8.78101 8.69898 8.39740 7.95659 8.15984 8.32029 7.29024 6.90225 4.92097 7.33740 7.78375 7.23016 8.19552 8.93705 9.30194 9.77709 9.03282 7.15722 7.75481 9.38978 9.65830 9.54338 9.08449 13.05890 12.51070 12.74840 14.03140 14.65240 14.63290 15.12010 15.48220 16.95340 12.08070 17.83170 12.26100 16.96730 17.63050 19.42530 13.91290 15.84620 17.51290 21.41270 19.77980 18.29030 19.11300 19.63170 25.33380 24.75390 20.58230 22.96980 25.65460 22.63280 17.07710
-9999 -9999 -9999 -9999 -9999 -9999 -9999 -9999 -9999 -9999 -9999 12.68050 9.99216 12.35860 9.73566 9.02806 8.60949 8.21840 8.12291 8.05959 7.72087 7.08568 7.09035 6.95153 6.86653 6.43981 9.54381 7.20107 7.24533 7.11433 6.86231 4.88591 5.42211 5.80773 5.86207 9.50935 7.62524 8.56497 9.40874 9.55798 9.01904 13.44850 12.49230 12.49550 12.95030 13.40510 13.64180 13.92500 14.69690 15.59020 17.10240 14.89650 14.37190 19.01160 14.91240 14.20260 19.15580 16.14440 12.21350 14.56700 16.28310 19.39630 18.05870 19.01110 23.87630 20.80840 21.25990 21.89650 26.57430 25.57870 23.59680 19.53030
-9999 -9999 -9999 -9999 -9999 -9999 -9999 -9999 -9999 -9999 9.28975 9.27979 8.73470 9.04324 8.39385 7.67139 7.37741 7.29784 7.31608 7.16484 6.97189 6.34167 6.38522 6.25115 6.03163 5.90068 5.82860 6.44406 6.19048 3.75822 3.83739 4.73654 4.73866 7.15206 7.87603 9.02596 7.48771 8.51314 9.52638 9.30380 13.12350 12.14160 11.70200 12.01070 11.90920 12.76400 13.21900 13.54630 14.49800 15.51440 17.02190 15.45980 19.76490 15.28940 15.21420 14.88970 18.52990 16.67630 14.93110 18.97020 19.84060 18.82370 18.10730 20.22780 21.94750 20.70980 25.65340 30.85300 29.25470 27.07780 25.72860 21.38620
-9999 -9999 -9999 -9999 -9999 -9999 -9999 -9999 -9999 1.22635 1.16685 1.22625 1.32153 1.26465 1.24938 1.25812 1.23032 1.21326 1.13871 1.06192 1.05261 1.10887 1.14704 1.02509 0.98979 0.98918 0.98555 1.02642 1.00098 1.01783 1.01745 4.06062 5.09457 5.66271 8.22374 10.29990 8.64134 8.81664 8.93183 12.79310 11.23810 11.41560 11.34270 15.24080 10.67780 15.76970 12.59400 14.01890 14.87690 15.73530 17.14920 19.10240 16.03850 22.22100 19.61080 19.11880 18.35520 17.96850 17.70060 18.57030 18.49450 18.49410 17.76030 20.61870 19.95840 20.99670 23.18150 6.02958 5.48427 5.38023 5.00674 5.47826
-9999 -9999 -9999 -9999 -9999 -9999 -9999 -9999 -9999 -9999 1.11310 1.07904 1.09122 1.05084 0.99902 1.07301 1.10025 1.07574 1.01942 1.01608 1.02594 1.02471 1.04845 -9999 -9999 -9999 -9999 -9999 -9999 1.13562 1.27075 4.71485 4.77304 5.41444 5.71087 10.28940 11.65900 8.20673 8.24466 12.41660 11.48040 11.59740 12.00670 14.61360 14.19800 15.09390 16.41170 13.83330 15.49220 16.18380 17.35020 13.40570 15.76650 18.42770 22.54340 18.36000 17.33970 17.49690 17.31020 18.05030 18.06040 16.90590 15.48620 13.61030 20.99610 21.95520 22.96860 5.70189 6.01323 6.12164 5.57645 6.60815
-9999 -9999 -9999 -9999 -9999 -9999 -9999 -9999 -9999 -9999 -9999 -9999 0.97260 0.96352 0.97761 0.88720 0.91482 0.93277 0.94313 -9999 -9999 -9999 -9999 -9999 -9999 -9999 -9999 -9999 -9999 -9999 -9999 -9999 -9999 5.62243 9.10365 9.93271 10.32570 10.63310 7.73087 8.93001 12.12360 11.17270 11.84920 11.40100 10.88290 14.37540 15.54580 12.72920 14.25770 14.86910 16.04790 18.97840 20.08620 20.56110 20.07510 17.34080 17.44200 16.60250 11.53920 17.50990 17.07070 16.20070 18.57950 18.84330 20.36030 21.22650 20.28890 4.95372 5.30299 5.62305 6.67848 6.63768
-9999 -9999 -9999 -9999 -9999 -9999 -9999 -9999 -9999 -9999 -9999 -9999 -9999 -9999 -9999 -9999 -9999 -9999 -9999 -9999 -9999 -9999 -9999 -9999 -9999 -9999 -9999 -9999 -9999 -9999 -9999 -9999 -9999 -9999 8.93085 9.29321 9.58703 9.78307 7.28684 11.28530 11.83370 11.45690 15.23860 11.95110 15.18580 15.13120 12.84080 12.82780 14.48680 14.94790 15.97490 18.49680 18.81430 18.97370 19.02470 17.17140 16.04650 17.68790 16.14400 16.12240 14.94390 18.37460 18.14250 18.60650 19.18880 19.68830 21.66860 5.11332 5.68391 6.08337 6.64749 -9999
-9999 -9999 -9999 -9999 -9999 -9999 -9999 -9999 -9999 -9999 -9999 -9999 -9999 -9999 -9999 -9999 -9999 -9999 -9999 -9999 -9999 -9999 -9999 -9999 -9999 -9999 -9999 -9999 -9999 -9999 -9999 -9999 -9999 -9999 8.53379 8.98799 9.77824 10.83380 8.01995 9.72349 10.05720 14.28210 14.16210 10.10960 12.14390 11.76510 12.32350 13.01100 14.19960 15.16360 15.73770 16.02760 16.46030 18.61480 18.48320 16.12300 16.03300 15.24240 15.13220 15.92760 13.66390 12.20870 14.24860 14.92210 17.04270 16.98370 20.69450 19.39010 22.53190 24.11940 -9999 -9999
-9999 -9999 -9999 -9999 -9999 -9999 -9999 -9999 -9999 -9999 -9999 -9999 -9999 -9999 -9999 -9999 -9999 -9999 -9999 -9999 -9999 -9999 -9999 -9999 -9999 -9999 -9999 -9999 -9999 -9999 -9999 -9999 -9999 -9999 -9999 -9999 -9999 -9999 9.90133 9.78382 9.61288 10.06300 12.46590 12.19710 10.78830 12.27750 13.68850 13.95190 14.48760 15.64940 15.86670 15.78220 15.95780 17.64650 18.72160 15.29520 10.41170 10.43200 15.12210 12.92900 11.26540 15.14900 18.22960 16.63540 20.19010 17.26000 20.06550 22.37140 18.21510 -9999 -9999 -9999
