data/hydroclimate-scenarios/1948-2000.Pcorr55N_Pref_Tref/monthly_summaries/runoff_monthly_tot_sep.1950-2000.asc
ncols	311
nrows	91
xllcenter	102.75
yllcenter	31.75
cellsize	0.5
NODATA_value	-9999
[rows 0 to 31 of 91, columns 0 to 71 of 311]
-9999 -9999 -9999 -9999 -9999 -9999 -9999 -9999 -9999 -9999 -9999 -9999 -9999 -9999 -9999 -9999 -9999 -9999 -9999 -9999 -9999 -9999 -9999 -9999 -9999 -9999 -9999 -9999 -9999 -9999 -9999 -9999 -9999 -9999 -9999 -9999 -9999 -9999 -9999 -9999 -9999 -9999 -9999 -9999 -9999 -9999 -9999 -9999 -9999 -9999 -9999 -9999 -9999 -9999 -9999 -9999 -9999 -9999 -9999 -9999 -9999 -9999 -9999 -9999 -9999 -9999 -9999 -9999 -9999 -9999 -9999 -9999
-9999 -9999 -9999 -9999 -9999 -9999 -9999 -9999 -9999 -9999 -9999 -9999 -9999 -9999 -9999 -9999 -9999 -9999 -9999 -9999 -9999 -9999 -9999 -9999 -9999 -9999 -9999 -9999 -9999 -9999 -9999 -9999 -9999 -9999 -9999 -9999 -9999 -9999 -9999 -9999 -9999 -9999 -9999 -9999 -9999 -9999 -9999 -9999 -9999 -9999 -9999 -9999 -9999 -9999 -9999 -9999 -9999 -9999 -9999 -9999 -9999 -9999 -9999 -9999 -9999 -9999 -9999 -9999 -9999 -9999 -9999 -9999
-9999 -9999 -9999 -9999 -9999 -9999 -9999 -9999 -9999 -9999 -9999 -9999 -9999 -9999 -9999 -9999 -9999 -9999 -9999 -9999 -9999 -9999 -9999 -9999 -9999 -9999 -9999 -9999 -9999 -9999 -9999 -9999 -9999 -9999 -9999 -9999 -9999 -9999 -9999 -9999 -9999 -9999 -9999 -9999 -9999 -9999 -9999 -9999 -9999 -9999 -9999 -9999 -9999 -9999 -9999 -9999 -9999 -9999 -9999 -9999 -9999 -9999 -9999 -9999 -9999 -9999 -9999 -9999 -9999 -9999 -9999 -9999
-9999 -9999 -9999 -9999 -9999 -9999 -9999 -9999 -9999 -9999 -9999 -9999 -9999 -9999 -9999 -9999 -9999 -9999 -9999 -9999 -9999 -9999 -9999 -9999 -9999 -9999 -9999 -9999 -9999 -9999 -9999 -9999 -9999 -9999 -9999 -9999 -9999 -9999 -9999 -9999 -9999 -9999 -9999 -9999 -9999 -9999 -9999 -9999 -9999 -9999 -9999 -9999 -9999 -9999 -9999 -9999 -9999 -9999 -9999 -9999 -9999 -9999 -9999 -9999 -9999 -9999 -9999 -9999 -9999 -9999 -9999 -9999
-9999 -9999 -9999 -9999 -9999 -9999 -9999 -9999 -9999 -9999 -9999 -9999 -9999 -9999 -9999 -9999 -9999 -9999 -9999 -9999 -9999 -9999 -9999 -9999 -9999 -9999 -9999 -9999 -9999 -9999 -9999 -9999 -9999 -9999 -9999 -9999 -9999 -9999 -9999 -9999 -9999 -9999 -9999 -9999 -9999 -9999 -9999 -9999 -9999 -9999 -9999 -9999 -9999 -9999 -9999 -9999 -9999 -9999 -9999 -9999 -9999 -9999 -9999 -9999 -9999 -9999 -9999 -9999 -9999 -9999 -9999 -9999
-9999 -9999 -9999 -9999 -9999 -9999 -9999 -9999 -9999 -9999 -9999 -9999 -9999 -9999 -9999 -9999 -9999 -9999 -9999 -9999 -9999 -9999 -9999 -9999 -9999 -9999 -9999 -9999 -9999 -9999 -9999 -9999 -9999 -9999 -9999 -9999 -9999 -9999 -9999 -9999 -9999 -9999 -9999 -9999 -9999 -9999 -9999 -9999 -9999 -9999 -9999 -9999 -9999 -9999 -9999 -9999 -9999 -9999 -9999 -9999 -9999 -9999 -9999 -9999 -9999 -9999 -9999 -9999 -9999 -9999 -9999 -9999
-9999 -9999 -9999 -9999 -9999 -9999 -9999 -9999 -9999 -9999 -9999 -9999 -9999 -9999 -9999 -9999 -9999 -9999 -9999 -9999 -9999 -9999 -9999 -9999 -9999 -9999 -9999 -9999 -9999 -9999 -9999 -9999 -9999 -9999 -9999 -9999 -9999 -9999 -9999 -9999 -9999 -9999 -9999 -9999 -9999 -9999 -9999 -9999 -9999 -9999 -9999 -9999 -9999 -9999 -9999 -9999 -9999 -9999 -9999 -9999 -9999 -9999 -9999 -9999 -9999 -9999 -9999 -9999 -9999 -9999 -9999 -9999
-9999 -9999 -9999 -9999 -9999 -9999 -9999 -9999 -9999 -9999 -9999 -9999 -9999 -9999 -9999 -9999 -9999 -9999 -9999 -9999 -9999 -9999 -9999 -9999 -9999 -9999 -9999 -9999 -9999 -9999 -9999 -9999 -9999 -9999 -9999 -9999 -9999 -9999 -9999 -9999 -9999 -9999 2.71220 2.65230 2.69703 2.48821 2.61653 2.32632 2.06000 2.54085 2.40562 2.16234 -9999 -9999 -9999 -9999 -9999 -9999 -9999 -9999 -9999 -9999 -9999 -9999 -9999 -9999 -9999 -9999 -9999 -9999 -9999 -9999
-9999 -9999 -9999 -9999 -9999 -9999 -9999 -9999 -9999 -9999 -9999 -9999 -9999 -9999 -9999 -9999 -9999 -9999 -9999 -9999 -9999 -9999 -9999 -9999 -9999 -9999 -9999 -9999 -9999 -9999 -9999 -9999 -9999 -9999 -9999 -9999 -9999 -9999 2.57938 2.73679 2.86704 3.04473 2.91560 2.62247 2.75764 2.62754 2.47593 2.36594 2.47505 2.45417 2.65992 3.78086 3.64991 3.44935 -9999 -9999 -9999 -9999 -9999 -9999 -9999 -9999 -9999 -9999 -9999 -9999 -9999 -9999 -9999 -9999 -9999 -9999
-9999 -9999 -9999 -9999 -9999 -9999 -9999 -9999 -9999 -9999 -9999 -9999 -9999 -9999 -9999 -9999 -9999 -9999 -9999 -9999 -9999 -9999 -9999 -9999 -9999 -9999 -9999 -9999 -9999 -9999 -9999 -9999 -9999 -9999 -9999 -9999 -9999 -9999 -9999 -9999 2.94565 3.01054 2.78578 2.57350 2.62688 2.54090 2.63848 2.73692 2.56955 2.49675 2.44001 2.65380 2.79151 2.57640 -9999 -9999 -9999 -9999 -9999 -9999 -9999 -9999 -9999 -9999 -9999 -9999 -9999 -9999 -9999 -9999 -9999 -9999
-9999 -9999 -9999 -9999 -9999 -9999 -9999 -9999 -9999 -9999 -9999 -9999 -9999 -9999 -9999 -9999 -9999 -9999 -9999 -9999 -9999 -9999 -9999 -9999 -9999 -9999 -9999 -9999 -9999 -9999 -9999 -9999 -9999 -9999 -9999 -9999 -9999 -9999 -9999 -9999 -9999 -9999 -9999 -9999 2.77665 2.76441 2.53382 2.60075 2.46640 2.98793 3.01108 2.99124 2.63637 3.11867 -9999 -9999 -9999 -9999 -9999 -9999 1.37654 -9999 -9999 -9999 -9999 -9999 -9999 -9999 -9999 -9999 -9999 -9999
-9999 -9999 -9999 -9999 -9999 -9999 -9999 -9999 -9999 -9999 -9999 -9999 -9999 -9999 -9999 -9999 -9999 -9999 -9999 -9999 -9999 -9999 -9999 -9999 -9999 -9999 -9999 -9999 -9999 -9999 -9999 -9999 -9999 -9999 -9999 -9999 -9999 -9999 -9999 -9999 -9999 2.64292 2.75792 2.57213 2.65048 2.95268 2.87720 2.71497 2.91195 3.13693 3.06858 3.20270 2.62505 3.40730 -9999 -9999 -9999 -9999 -9999 1.63086 1.54182 1.50861 1.49513 1.66868 1.69596 1.62015 1.65738 1.65965 1.61703 1.59319 1.58033 1.65979
-9999 -9999 -9999 -9999 -9999 -9999 -9999 -9999 -9999 -9999 -9999 -9999 -9999 -9999 -9999 -9999 -9999 -9999 -9999 -9999 -9999 -9999 -9999 -9999 -9999 -9999 -9999 -9999 -9999 -9999 -9999 -9999 -9999 -9999 -9999 -9999 -9999 -9999 -9999 -9999 -9999 3.14415 3.21627 3.04575 3.40233 3.06837 3.75345 3.72970 3.13312 3.54254 3.39936 3.16889 2.39017 2.86790 2.91282 2.42515 2.54181 -9999 2.15403 1.88001 1.76705 1.76805 1.64235 1.87080 1.87278 1.79089 1.76986 1.75943 1.75344 1.64659 1.74530 1.88704
-9999 -9999 -9999 -9999 -9999 -9999 -9999 -9999 -9999 -9999 -9999 -9999 -9999 -9999 -9999 -9999 -9999 -9999 -9999 -9999 -9999 -9999 -9999 -9999 -9999 -9999 -9999 -9999 -9999 -9999 -9999 -9999 -9999 -9999 -9999 3.14569 2.74456 2.53646 2.54396 2.95126 3.05868 3.34133 3.42830 3.38465 4.15519 3.65580 3.23826 3.25815 3.48608 3.86950 3.42330 3.33695 2.85020 3.02873 2.28431 2.11653 2.67102 2.43192 2.39008 1.89138 1.75235 1.70714 1.62709 1.76036 1.79787 1.76552 1.83686 1.80062 1.93374 1.35872 1.40007 1.32168
-9999 -9999 -9999 -9999 -9999 -9999 -9999 -9999 -9999 -9999 -9999 -9999 -9999 -9999 -9999 -9999 -9999 -9999 -9999 -9999 -9999 -9999 -9999 -9999 -9999 -9999 -9999 -9999 -9999 -9999 -9999 -9999 -9999 -9999 2.64802 2.17730 2.33797 2.57903 2.69435 3.07857 3.22208 3.34177 3.47055 4.51112 3.94975 3.66301 3.69689 3.83918 4.21045 3.64265 3.08132 3.30953 3.05316 2.29192 2.31835 2.66003 2.67422 2.42281 2.31522 2.01332 1.83552 1.65947 1.59018 1.61828 1.63566 1.63441 1.59486 1.81754 1.76190 1.79300 1.83737 1.96121
-9999 -9999 -9999 -9999 -9999 -9999 -9999 -9999 -9999 -9999 -9999 -9999 -9999 -9999 -9999 -9999 -9999 -9999 -9999 -9999 -9999 -9999 -9999 -9999 -9999 -9999 -9999 -9999 -9999 -9999 -9999 -9999 -9999 2.45202 2.58350 2.14776 2.28949 2.63935 2.76356 3.09047 3.23316 3.40729 4.69937 4.47579 3.80177 3.69430 3.79259 3.78001 3.60642 3.18652 2.81894 2.83590 2.90498 2.10566 2.21834 2.56002 2.53422 2.38490 2.21310 1.86611 1.80116 1.69676 1.60389 1.61569 1.53438 1.57824 1.63575 1.79260 1.81565 1.82020 1.90614 2.01930
-9999 -9999 -9999 -9999 -9999 -9999 -9999 -9999 -9999 -9999 -9999 -9999 -9999 -9999 -9999 -9999 -9999 -9999 -9999 -9999 -9999 -9999 -9999 -9999 -9999 -9999 -9999 -9999 -9999 -9999 -9999 2.49135 2.02257 2.01149 2.10118 2.28439 2.34282 2.53412 2.56341 3.14320 3.24910 3.39324 4.18288 3.69788 3.72003 3.96004 4.35449 4.32032 3.89481 3.13588 2.57794 2.54194 2.45413 2.18875 2.71249 2.37822 2.48289 2.30950 2.07175 1.91853 1.74355 1.50027 1.48787 1.47788 1.47085 1.61040 1.60775 1.60542 1.66848 1.93219 1.96222 2.03032
-9999 -9999 -9999 -9999 -9999 -9999 -9999 -9999 -9999 -9999 -9999 -9999 -9999 -9999 -9999 -9999 -9999 -9999 -9999 -9999 -9999 -9999 -9999 -9999 -9999 -9999 -9999 -9999 -9999 1.83447 1.84061 1.91649 1.88255 1.92526 2.05579 2.08908 2.30678 2.78595 2.71990 3.00181 3.68247 4.64771 3.45938 3.67455 3.63360 3.84379 3.94713 4.08312 3.39769 2.84713 2.34492 2.70347 2.49301 2.34006 2.65906 2.48409 2.52918 2.34410 2.13906 1.80658 1.62997 1.41316 1.30956 1.38564 1.41713 1.53938 1.54280 1.67916 1.71939 1.98321 2.05575 2.11876
-9999 -9999 -9999 -9999 -9999 -9999 -9999 -9999 -9999 -9999 -9999 -9999 -9999 -9999 -9999 -9999 -9999 -9999 -9999 -9999 -9999 -9999 -9999 -9999 2.43600 2.32171 2.25997 2.11453 2.12098 2.20544 2.19206 2.41874 2.41500 2.42234 2.53519 2.56898 2.98769 2.93994 2.92563 3.03283 3.28078 4.81707 3.56496 3.69255 3.68601 3.64621 3.74527 3.36970 3.19137 3.22153 3.01500 2.77967 2.30365 2.65222 2.83380 2.99881 2.79525 2.51354 2.30506 1.93213 1.74034 1.75452 1.67761 1.63189 1.70961 1.69663 1.87026 1.79869 1.91171 1.95592 2.13913 2.42823
-9999 -9999 -9999 -9999 -9999 -9999 3.15335 3.00281 3.04295 3.11868 3.11386 -9999 -9999 -9999 -9999 -9999 -9999 -9999 -9999 -9999 -9999 2.54954 2.24217 2.40295 2.47773 2.33344 2.17156 2.03977 2.02532 2.26499 2.29648 2.49546 2.49915 2.49625 2.60702 2.53600 2.66879 2.72815 3.14734 3.03439 3.14798 3.39609 4.85760 3.55061 3.70186 3.63921 3.68666 3.62467 3.56053 3.18618 2.99765 2.55982 2.37804 2.93702 3.11755 3.09942 2.84108 2.57895 2.34822 2.12920 1.91065 1.79681 1.77405 1.67765 1.74406 1.80720 1.88048 1.91035 2.00580 2.04713 2.17741 2.55995
-9999 -9999 -9999 -9999 -9999 2.77268 2.72300 2.86342 2.94302 2.87505 2.84423 2.82763 2.87792 3.27247 -9999 -9999 -9999 2.93515 2.85940 2.57099 2.42588 2.31502 2.31580 2.21096 2.52338 2.62367 2.60209 2.68531 2.66597 2.95574 3.00688 2.88269 2.88540 2.96796 2.88944 3.33173 3.37553 3.28216 3.33796 3.44746 3.59837 3.65695 4.62718 4.53434 3.60527 3.87421 3.82333 4.03422 3.60509 3.30527 3.12906 2.47785 2.87955 3.07902 3.01875 3.03061 2.98657 2.74389 2.46033 2.36106 2.12965 2.07636 1.71052 1.69002 1.83153 1.84152 1.87582 1.97689 2.12546 2.20947 2.34739 2.46658
-9999 3.17809 2.65045 2.49762 2.47013 2.83201 2.97975 2.95704 2.99402 2.86229 2.85904 2.97231 3.02245 3.41029 3.29137 3.21414 3.13878 2.96113 3.01282 2.77695 2.62266 2.38260 2.42735 2.52379 2.51180 2.62798 2.63581 2.72853 2.72171 2.94695 2.90961 2.85121 2.90720 2.91590 2.91647 3.24486 3.37299 3.12693 3.32607 3.39513 3.40735 3.45603 4.49010 4.48978 3.46680 3.77090 3.75755 3.83806 3.53938 3.44506 3.43613 3.07989 3.08427 2.75278 3.04055 3.26315 3.25700 2.81264 2.69621 2.55821 2.36803 2.36156 2.36844 2.00968 2.02584 1.97916 1.97126 2.03172 2.25770 2.60820 2.77984 2.78715
-9999 3.63146 3.45027 3.13967 2.98441 2.90834 2.82103 2.93273 2.85908 3.07270 3.03475 3.29766 3.35819 3.55491 3.56353 3.67745 3.70878 3.60940 3.58262 3.03176 2.86144 2.94236 3.68556 3.19235 3.02913 3.01533 2.89512 2.83865 2.82168 2.84057 2.76849 2.90018 2.92746 3.15965 3.27399 3.09145 3.09864 3.22341 3.27309 3.39337 3.49459 3.44505 3.56522 4.88102 4.69793 3.56579 3.55415 3.84930 3.80413 3.75181 3.83787 3.23825 3.16297 3.28452 3.06172 3.17747 3.19486 3.35905 2.92321 2.28505 2.56039 2.56982 2.60821 1.98243 2.17799 1.99845 2.12591 2.38245 2.51928 2.78898 2.94385 2.85152
-9999 -9999 -9999 3.23757 3.06271 3.08217 2.94759 2.89411 2.94084 3.15224 3.16480 3.24809 3.26074 3.48003 3.46831 3.56937 3.74327 3.57143 3.57126 3.27070 3.74686 3.77763 3.55845 3.35291 3.08110 3.02838 2.94576 2.82851 2.79144 2.76363 2.78518 2.90798 3.00573 3.34814 3.41731 4.32406 3.05861 3.22253 3.51270 3.58292 3.59103 4.39618 4.72371 4.97885 5.14703 4.83386 4.60233 3.79408 3.78193 3.89765 3.72930 3.43236 3.14176 3.47293 3.47029 3.28135 3.50705 3.18297 3.31795 2.52040 2.86962 2.90592 2.79754 2.55980 2.28834 2.16185 2.19746 2.61550 2.71263 3.27949 3.33524 3.26715
-9999 -9999 -9999 -9999 -9999 -9999 3.37980 3.60409 3.55908 3.15650 3.28919 3.99291 4.06535 3.96104 3.90334 3.48261 3.57456 4.06146 4.02003 3.72846 3.52616 3.37538 3.24833 3.18350 3.16505 3.02887 2.81871 3.10453 3.90506 2.87840 2.81836 2.88365 4.01460 4.18108 4.20843 4.11770 4.52787 4.30946 4.35154 4.30702 4.25843 4.30345 4.21045 4.70575 4.94034 5.23961 5.32031 5.11429 4.90845 4.44810 4.16534 3.89883 3.72165 3.83694 3.77719 3.82414 3.82723 3.68633 3.41693 3.27414 2.68082 2.84256 2.59313 2.17093 2.60386 2.82339 2.80681 3.20904 3.49085 3.62081 3.64200 3.94520
-9999 -9999 -9999 -9999 -9999 -9999 3.82937 3.91052 3.92323 3.89725 3.77872 4.06959 4.08469 3.91882 4.08754 4.28236 4.12925 3.88574 3.74861 3.41456 3.44222 3.46066 3.39545 3.37587 3.33800 3.01062 2.96586 3.11777 4.26432 4.19331 4.00569 4.09221 4.02681 4.38269 4.49141 4.20064 4.35110 4.49997 4.40849 3.99499 4.29518 4.51495 4.44106 4.71017 4.62235 4.85382 5.21082 5.49095 5.36252 5.41743 4.95056 4.56289 4.36667 4.10066 3.84493 3.43225 3.54903 3.52477 3.34679 3.53320 3.26435 3.41813 3.43670 2.80393 2.86255 3.00258 3.14277 3.44235 3.77466 3.92387 4.14032 4.78004
-9999 -9999 -9999 -9999 -9999 -9999 -9999 -9999 -9999 -9999 3.88558 4.16908 4.20197 4.04522 4.14250 3.68397 3.67262 3.54315 3.58603 3.64310 3.67795 3.82272 3.65634 3.62170 3.54251 3.49042 3.38946 3.27184 3.12564 4.38034 4.16617 4.18116 4.33759 4.42133 4.59825 4.54340 4.63630 4.28798 4.36788 4.44315 4.71824 4.41669 3.31239 4.94004 4.98941 5.26735 5.31018 4.97072 5.22394 5.62548 5.59379 5.07093 4.66477 4.91406 4.55867 4.86846 4.74714 4.17961 4.24556 4.04201 3.48940 3.52413 3.52818 3.27133 3.37683 3.33281 3.43017 3.50055 4.31366 4.66479 5.15853 5.10633
-9999 -9999 -9999 -9999 -9999 -9999 -9999 -9999 -9999 -9999 3.66511 3.93750 4.09928 3.98345 4.17463 3.93859 3.79426 3.70278 3.88049 3.87526 3.83792 4.03483 3.87888 3.82447 3.75977 3.55113 3.31956 3.33827 3.20812 4.20502 4.39743 4.17624 4.56862 4.37908 4.44051 4.78932 4.32206 3.12958 3.19986 3.14045 3.14769 3.17889 3.23635 3.54587 3.48560 3.74464 3.81015 3.71099 3.79976 5.37387 5.24916 5.00479 4.78750 4.63674 4.41523 4.34380 4.47133 4.48627 4.37732 4.22485 4.01028 3.96232 3.97403 4.46166 4.14166 4.35239 4.26126 3.55812 3.93722 5.02622 6.38452 5.77096
-9999 -9999 -9999 -9999 -9999 -9999 -9999 -9999 -9999 -9999 -9999 -9999 3.96342 4.04794 4.22075 4.33653 4.14063 4.14887 4.10262 4.09812 4.03701 4.15105 3.75569 3.78358 3.78247 3.53256 3.30311 3.37015 3.32718 3.27083 4.16020 4.06214 4.14118 3.17080 3.25614 3.27958 3.28619 3.28322 3.28032 3.34962 3.28247 3.26235 3.38352 3.43808 3.44942 3.47727 3.64305 3.63209 3.62339 3.74168 4.81270 5.21137 4.51974 4.54319 4.10526 3.95778 4.25158 4.53806 4.59129 4.47051 4.27773 4.21727 4.09748 4.69206 4.40327 4.92488 4.98111 3.81642 4.38199 4.56135 5.75863 6.24549
-9999 -9999 -9999 -9999 -9999 -9999 -9999 -9999 -9999 -9999 -9999 -9999 4.14773 4.00835 4.36352 4.53225 4.77269 5.07291 4.62074 4.65874 4.06435 3.96021 4.09683 3.96591 3.99273 3.67899 3.51907 3.69277 3.45327 3.41191 3.27304 3.23451 3.30334 3.32283 3.37422 3.40492 3.46046 3.58330 3.46939 3.50673 3.57524 3.44927 3.41889 3.54952 3.57160 4.77108 4.87805 5.24043 4.85043 4.82590 5.34226 5.02197 4.59298 4.06102 4.14635 3.98648 4.33838 4.62782 4.68016 4.52018 4.44623 3.95288 4.26397 4.59385 4.94286 5.30870 5.18628 5.61719 5.84713 6.18511 5.84150 6.17340
-9999 -9999 -9999 -9999 -9999 -9999 -9999 -9999 -9999 -9999 -9999 3.89875 3.99701 3.95883 4.28098 4.75638 4.26153 3.39296 3.56533 3.53941 3.49845 3.91328 4.06339 4.17462 4.12692 3.76768 3.68279 3.72817 3.56582 3.50108 3.40391 3.38290 3.42329 3.45944 3.48006 3.43486 3.51157 3.67081 3.74449 3.73214 3.67215 3.54297 3.61284 3.76825 3.71042 3.77432 3.92339 5.21799 5.19538 5.20404 5.11087 4.88712 4.68431 4.21586 4.00719 4.18513 4.37496 4.62641 4.76509 4.43765 4.51569 4.68067 4.89693 4.86585 5.06468 4.98089 5.15008 5.48614 5.92491 5.77433 6.52537 6.53666
-9999 -9999 -9999 -9999 -9999 -9999 -9999 -9999 -9999 -9999 -9999 3.41924 3.90037 4.16938 4.57108 4.95353 3.80457 3.46828 3.56780 3.73446 3.91063 4.39555 4.37479 4.49655 4.34903 4.01718 3.92336 3.97103 3.85332 3.89282 3.78326 3.48927 3.56080 3.68066 3.77369 3.79472 3.67612 3.90343 3.98808 3.89053 3.92419 3.91714 4.88452 5.15971 5.30581 5.86390 6.01880 5.29543 4.96270 4.84517 5.02900 4.93303 4.68243 4.44609 4.25624 4.92852 5.11695 4.93891 5.06283 5.01431 4.96731 5.04159 4.98498 4.94698 4.80436 5.47665 5.39738 5.91320 6.32750 6.81574 6.76122 6.42473
