data/hydroclimate-scenarios/1948-2000.Pcorr55N_Pref_Tref/monthly_summaries/runoff_monthly_tot_nov.1950-2000.asc
ncols	311
nrows	91
xllcenter	102.75
yllcenter	31.75
cellsize	0.5
NODATA_value	-9999
[rows 32 to 63 of 91, columns 0 to 72 of 311]
-9999 -9999 -9999 -9999 -9999 -9999 -9999 -9999 -9999 -9999 -9999 0.00000 0.00000 0.00000 0.00000 0.00000 0.00000 0.00013 0.00012 0.00000 0.00000 0.00000 0.00103 0.00662 0.00957 0.00185 0.00000 0.00000 0.00000 0.00000 0.00000 0.00000 0.00000 0.00066 0.00000 0.00256 0.00174 0.00173 0.00000 0.00000 0.00000 0.00000 0.00000 0.00000 0.00000 0.00000 0.00000 0.00000 0.00000 0.00000 0.00000 0.00000 0.00000 0.00000 0.00000 0.00000 0.00000 0.00000 0.00000 0.00000 0.00000 0.00000 0.00000 0.00000 0.00000 0.00000 0.00000 0.00000 0.00000 0.00000 0.00000 0.00000 0.00000
-9999 -9999 -9999 -9999 -9999 -9999 -9999 -9999 -9999 -9999 -9999 0.00000 0.00000 0.00000 0.00000 0.00000 0.00000 0.00163 0.00219 0.00335 0.00171 0.00153 0.00480 0.01183 0.00588 0.00000 0.00000 0.00000 0.00007 0.00004 0.00000 0.00000 0.00000 0.00517 0.00690 0.01553 0.01065 0.00848 0.00384 0.00016 0.00124 0.00000 0.00000 0.00000 0.00000 0.00000 0.00000 0.00000 0.00000 0.00000 0.00000 0.00000 0.00000 0.00000 0.00000 0.00000 0.00000 0.00000 0.00000 0.00000 0.00000 0.00000 0.00000 0.00000 0.00000 0.00000 0.00000 0.00000 0.00000 0.00000 0.00000 0.00000 0.00000
-9999 -9999 -9999 -9999 -9999 -9999 -9999 -9999 -9999 -9999 -9999 -9999 0.00000 0.00000 0.00000 0.00000 0.00000 0.03560 0.04127 0.00895 0.00950 0.00224 0.00016 0.00000 0.00003 0.00000 0.00000 0.00000 0.00000 0.00000 0.00000 0.00000 0.00000 0.04044 0.04142 0.04088 0.03686 0.03539 0.03098 0.00310 0.00117 0.00000 0.00000 0.00000 0.00000 0.00000 0.00000 0.00000 0.00000 0.00000 0.00000 0.00000 0.00000 0.00000 0.00000 0.00000 0.00000 0.00000 0.00000 0.00000 0.00000 0.00000 0.00000 0.00000 0.00000 0.00000 0.00000 0.00000 0.00000 0.00000 0.00000 0.00000 0.00000
-9999 -9999 -9999 -9999 -9999 -9999 -9999 -9999 -9999 -9999 -9999 -9999 0.00000 0.00000 0.00000 0.00000 0.00023 0.04964 0.04801 0.00967 0.00993 0.00020 0.00006 0.00000 0.00000 0.00000 0.00000 0.00000 0.00000 0.00000 0.00000 0.00000 0.00000 0.03731 0.03744 0.03150 0.02966 0.03658 0.03290 0.01321 0.00757 0.00000 0.00000 0.00000 0.00000 0.00000 0.00000 0.00000 0.00000 0.00000 0.00000 0.00000 0.00000 0.00000 0.00000 0.00000 0.00000 0.00000 0.00000 0.00000 0.00000 0.00000 0.00000 0.00000 0.00000 0.00000 0.00000 0.00000 0.00000 0.00000 0.00000 0.00000 0.00000
-9999 -9999 -9999 -9999 -9999 -9999 -9999 -9999 -9999 -9999 -9999 -9999 0.00000 0.00000 0.00000 0.00103 0.00164 0.00000 0.00000 0.00054 0.00045 0.00000 0.00000 0.00000 0.00000 0.00000 0.00000 0.00001 0.00001 0.00000 0.00000 0.00001 0.00000 0.00000 0.00339 0.02245 0.02440 0.02070 0.02063 0.00000 0.00000 0.00048 0.01461 0.00123 0.01982 0.00514 0.00000 0.00000 0.00000 0.00000 0.00000 0.00000 0.00000 0.00000 0.00000 0.00000 0.00000 0.00000 0.00000 0.00000 0.00000 0.00000 0.00000 0.00000 0.00000 0.00000 0.00000 0.00000 0.00000 0.00001 0.00000 0.00000 0.00000
-9999 -9999 -9999 0.03925 0.04059 0.01433 0.01786 0.01881 0.01672 -9999 0.00008 0.00000 0.00000 0.00113 0.00183 0.00000 0.00000 0.00000 0.00000 0.00026 0.00103 0.00025 0.00000 0.00000 0.00000 0.00000 0.00001 0.00001 0.00006 0.00000 0.00000 0.00000 0.00000 0.00000 0.00006 0.00698 0.00865 0.00156 0.00430 0.00000 0.00000 0.00148 0.01717 0.00508 0.00444 0.00000 0.00000 0.00000 0.00000 0.00000 0.00000 0.00000 0.00000 0.00000 0.00000 0.00000 0.00000 0.00000 0.00000 0.00000 0.00000 0.00000 0.00000 0.00000 0.00000 0.00000 0.00000 0.00000 0.00000 0.00001 0.00000 0.00000 0.00000
-9999 -9999 -9999 0.03966 0.03875 0.03220 0.02994 0.01814 0.01915 0.01208 0.01982 0.00923 0.00463 0.00195 0.00065 0.00323 0.00347 0.00188 0.00021 0.00080 0.00239 0.00037 0.00054 0.00018 0.00000 0.00000 0.00004 0.00000 0.00000 0.00000 0.00000 0.00001 0.00029 0.00000 0.00000 0.00002 0.00001 0.00000 0.00001 0.00000 0.00000 0.00559 0.02259 0.00003 0.00000 0.00000 0.00000 0.00000 0.00000 0.00000 0.00000 0.00000 0.00000 0.00000 0.00000 0.00000 0.00000 0.00000 0.00000 0.00000 0.00000 0.00000 0.00000 0.00000 0.00000 0.00000 0.00000 0.00000 0.00000 0.00002 0.00000 0.00001 0.00000
-9999 -9999 -9999 0.03319 0.03334 0.02770 0.02938 0.01954 0.02957 0.04071 0.03982 0.00823 0.00193 0.00247 0.00000 0.00053 0.00008 0.00053 0.00261 0.00215 0.00097 0.00070 0.00134 0.00017 0.00000 0.00026 0.00002 0.00000 0.00047 0.00016 0.00005 0.00009 0.00032 0.00000 0.00000 0.00002 0.00002 0.00001 0.00000 0.00000 0.00000 0.00000 0.00088 0.00000 0.00000 0.00000 0.00000 0.00000 0.00000 0.00000 0.00000 0.00000 0.00000 0.00000 0.00001 0.00000 0.00000 0.00000 0.00000 0.00000 0.00000 0.00001 0.00000 0.00000 0.00000 0.00000 0.00000 0.00000 0.00000 0.00000 0.00000 0.00001 0.00008
-9999 -9999 -9999 0.01442 0.02308 0.00291 0.00778 0.00173 0.00181 0.00716 0.01814 0.02535 0.00885 0.00063 0.00000 0.00009 0.00004 0.00023 0.00035 0.00235 0.00025 0.00010 0.00004 0.00014 0.00010 0.00095 0.00122 0.00008 0.00012 0.00000 0.00006 0.00005 0.00010 0.00007 0.00004 0.00001 0.00000 0.00000 0.00000 0.00000 0.00000 0.00000 0.00000 0.00000 0.00000 0.00000 0.00000 0.00000 0.00000 0.00000 0.00000 0.00000 0.00000 0.00000 0.00000 0.00000 0.00000 0.00000 0.00000 0.00000 0.00000 0.00000 0.00003 0.00000 0.00000 0.00000 0.00000 0.00000 0.00000 0.00000 0.00074 0.06457 -9999
-9999 -9999 -9999 0.01331 0.01147 0.00053 0.00098 0.00172 0.00089 0.00410 0.01588 0.01410 0.00282 0.00075 0.00004 0.00011 0.00005 0.00394 0.00679 0.00795 0.00300 0.00060 0.00090 0.00211 0.00175 0.00278 0.00339 0.00018 0.00151 0.00002 0.00020 0.00003 0.00000 0.00008 0.00003 0.00001 0.00001 0.00000 0.00000 0.00001 0.00000 0.00000 0.00000 0.00000 0.00000 0.00000 0.00000 0.00000 0.00000 0.00000 0.00000 0.00000 0.00000 0.00000 0.00000 0.00000 0.00000 0.00000 0.00000 0.00000 0.00000 0.00000 0.00000 0.00000 0.00000 0.00000 0.00000 0.00000 0.00000 0.00158 0.05125 -9999 -9999
-9999 -9999 -9999 -9999 0.00486 0.00000 0.00119 0.00011 0.00066 0.00354 0.00541 0.00003 0.00004 0.00094 -9999 -9999 -9999 -9999 -9999 0.00048 0.00049 0.00187 0.00095 0.00029 0.00047 0.00202 0.00281 0.00113 0.00052 0.00095 0.00012 0.00005 0.00007 0.00014 0.00064 0.00167 0.00084 0.00022 0.00012 0.00004 0.00000 0.00000 0.00000 0.00000 0.00001 0.00000 0.00000 0.00000 0.00000 0.00000 0.00000 0.00003 0.00002 0.00002 0.00002 0.00000 0.00000 0.00000 0.00000 0.00000 0.00000 0.00000 0.00000 0.00000 0.00000 0.00000 0.00000 0.00001 0.00011 -9999 -9999 -9999 -9999
-9999 -9999 0.00414 0.00584 0.00694 0.00361 0.00162 0.00052 0.00600 0.00318 0.00693 0.00010 0.00005 -9999 -9999 -9999 -9999 -9999 0.00001 0.00077 0.00082 0.00580 0.00410 0.00070 0.00151 0.00366 0.00497 0.00174 0.00098 0.00224 0.00214 0.00051 0.00053 0.00228 0.00236 0.00365 0.00237 0.00022 0.00011 0.00005 0.00003 0.00001 0.00000 0.00002 0.00000 0.00000 0.00000 0.00001 0.00000 0.00000 0.00000 0.00001 0.00001 0.00001 0.00007 0.00001 0.00001 0.00000 0.00000 0.00000 0.00000 0.00037 0.00016 0.00000 0.00000 0.00000 0.00013 -9999 -9999 -9999 -9999 -9999 -9999
-9999 -9999 0.01091 0.01127 0.00445 0.00193 0.00204 0.00000 0.00000 0.00000 0.00000 0.00000 0.00546 -9999 -9999 -9999 -9999 0.00204 0.00005 0.00273 0.00227 0.00443 0.00233 0.00339 0.00421 0.00684 0.00526 0.00313 0.00335 0.00345 0.00160 0.00170 0.00083 0.00236 0.00060 0.00084 0.00355 0.00020 0.00030 0.00029 0.00001 0.00001 0.00032 0.00001 0.00001 0.00004 0.00001 0.00000 0.00000 0.00000 0.00000 0.00000 0.00001 0.00000 0.00000 0.00031 0.00000 0.00000 0.00000 0.00001 0.00000 0.00000 0.00007 0.00183 0.00317 -9999 -9999 -9999 -9999 -9999 0.05274 -9999 -9999
-9999 -9999 0.03551 0.01687 0.00884 0.00205 0.00195 0.00237 0.00053 0.00054 0.00001 0.00508 0.08214 -9999 -9999 -9999 -9999 0.00074 0.00019 0.00388 0.00256 0.01603 0.01946 0.02328 0.01788 0.00820 0.00456 0.00492 0.00434 0.00270 0.00247 0.00123 0.00084 0.00335 0.00700 0.00000 0.00001 0.00075 0.00014 0.00128 0.00093 0.00088 0.00098 0.00000 0.00001 0.00002 0.00000 0.00000 0.00001 0.00029 0.00044 0.00000 0.00000 0.00000 0.00000 0.00252 0.00171 0.00001 0.00005 0.00008 0.00009 0.00690 0.00592 0.00098 0.00104 0.00075 0.00882 0.00222 0.01642 -9999 -9999 -9999 0.01052
-9999 -9999 -9999 0.02703 0.01098 0.01059 0.01787 0.00402 0.00092 0.00153 0.01486 0.05466 -9999 -9999 -9999 -9999 0.00475 0.00174 0.00319 0.00718 0.01193 0.01289 0.01462 0.00625 0.00396 0.00487 0.00463 0.00092 0.00118 0.00035 0.00006 0.00046 0.00089 0.00129 0.00280 0.00626 0.00272 0.00212 0.00000 0.00581 0.00183 0.00173 0.00000 0.00383 0.01069 0.00000 0.00000 0.00074 0.00038 0.00004 0.00006 0.00001 0.00000 0.00003 0.00059 0.00044 0.00067 0.00001 0.00000 0.00178 0.00156 0.00031 0.00001 0.00000 0.00000 0.00028 0.01153 0.00320 0.00786 0.04863 -9999 -9999 0.03256
-9999 -9999 -9999 -9999 0.04173 0.02888 0.01859 0.01199 0.00696 0.02651 0.05455 -9999 -9999 -9999 -9999 0.00748 0.00602 0.00684 0.01392 0.01552 0.02814 0.02392 0.02017 0.00701 0.00553 0.00890 0.00661 0.00449 0.00280 0.00129 0.00089 0.00347 0.00405 0.00819 0.00439 0.00599 0.00587 0.00405 0.00151 0.00814 0.00453 0.00264 0.00605 0.00440 0.00777 0.00053 0.00059 0.00330 0.00233 0.00109 0.00015 0.00073 0.00025 0.00304 0.00002 0.00849 0.01255 0.00000 0.00000 0.00173 0.00191 0.00000 0.00001 0.00070 0.00005 0.00053 0.01421 0.00335 0.00880 0.06292 0.08505 0.02371 0.05488
-9999 -9999 -9999 -9999 -9999 -9999 0.01619 0.02419 0.02012 0.07022 0.02330 -9999 -9999 -9999 -9999 -9999 0.01672 0.01710 0.02092 0.02011 0.01464 0.04693 0.00940 0.00786 0.01206 0.01206 0.01259 0.01336 0.00863 0.00925 0.00225 0.00799 0.01185 0.01054 0.01523 0.02719 0.02596 0.00378 0.00450 0.00881 0.00625 0.01210 0.01953 0.00797 0.01271 0.00703 0.00862 0.01121 0.00152 0.00872 0.00721 0.00366 0.00281 0.00436 0.00252 0.00337 0.00175 0.00006 0.00140 0.00036 0.00013 0.00001 0.00000 0.00244 0.00383 0.00011 0.00559 0.01302 0.01476 0.04036 0.04418 0.05272 0.04537
-9999 -9999 -9999 -9999 -9999 -9999 -9999 -9999 -9999 -9999 -9999 -9999 -9999 -9999 -9999 -9999 -9999 -9999 -9999 0.01517 0.01212 0.03211 0.02173 0.01592 0.01480 0.01285 0.01088 0.00680 0.00203 0.00485 0.00817 0.01236 0.00715 0.01499 0.01454 0.03921 0.04308 0.01214 0.01047 0.01658 0.01261 0.02543 0.02431 0.02444 0.01866 0.01939 0.02323 0.01434 0.01432 0.01398 0.01052 0.01343 0.01136 0.03309 0.03299 0.01706 0.01355 0.00667 0.00153 0.00126 0.00037 0.00000 0.00000 0.00458 0.00017 0.00803 0.02550 0.03703 0.05904 0.03535 0.03436 0.04990 0.04086
-9999 -9999 -9999 -9999 -9999 -9999 -9999 -9999 -9999 -9999 -9999 -9999 -9999 -9999 -9999 -9999 -9999 -9999 0.02561 0.03197 0.03514 0.03004 0.03724 0.05429 0.04441 0.02328 0.01529 0.03406 0.03787 0.01485 0.01406 0.00584 0.00926 0.01915 0.02169 0.05206 0.04168 0.04190 0.03074 0.02886 0.02160 0.01718 0.01509 0.03826 0.04379 0.04263 0.05496 0.02271 0.02758 0.04181 0.03698 0.02785 0.03834 0.05845 0.02985 0.02674 0.01983 0.00466 0.00006 0.00123 0.00265 0.00359 0.00178 0.00129 0.00070 0.01523 0.03379 0.03066 0.05722 0.12642 0.15264 0.04314 0.21979
-9999 -9999 -9999 -9999 -9999 -9999 -9999 -9999 -9999 -9999 -9999 -9999 -9999 -9999 -9999 -9999 -9999 0.05091 0.04072 0.05903 0.04819 0.04580 0.04450 0.05778 0.03712 0.01007 0.00938 0.01890 0.04361 0.02484 0.02314 0.01523 0.01621 0.02536 0.03952 0.05320 0.04615 0.04413 0.06122 0.04179 0.03324 0.04829 0.02837 0.08570 0.08793 0.07651 0.09018 0.03096 0.05635 0.03328 0.04724 0.03531 0.03053 0.08171 0.07909 0.05977 0.02959 0.01365 0.00480 0.01121 0.02783 0.02074 0.00109 0.00085 0.02286 0.03773 0.05245 0.04066 0.08036 0.21536 0.17130 0.16477 0.27448
-9999 -9999 -9999 -9999 -9999 -9999 -9999 -9999 -9999 -9999 -9999 -9999 -9999 -9999 -9999 -9999 -9999 0.06520 0.06090 0.05452 0.05173 0.06822 0.05151 0.02855 0.03238 0.01483 0.01589 0.01397 0.02792 0.02320 0.02538 0.01056 0.01225 0.01609 0.02932 0.03859 0.05293 0.02616 0.01642 0.04824 0.05644 0.08559 0.10234 0.05132 0.03085 0.07814 0.09476 0.04376 0.05450 0.08714 0.06832 0.04014 0.03372 0.05540 0.09976 0.07065 0.04004 0.03066 0.03842 0.07092 0.06411 0.01098 0.01424 0.00662 0.00301 0.00310 0.06471 0.07006 0.16405 0.31711 0.35612 0.12376 0.07507
-9999 -9999 -9999 -9999 -9999 -9999 -9999 -9999 -9999 -9999 -9999 -9999 -9999 -9999 -9999 -9999 0.04386 0.03890 0.04853 0.04368 0.04213 0.04825 0.02725 0.04355 0.04459 0.02908 0.02311 0.02936 0.02155 0.01063 0.01202 0.00744 0.00712 0.03545 0.03312 0.03479 0.04665 0.04714 0.02766 0.09284 0.11352 0.14795 0.15050 0.08387 0.06600 0.13530 0.14647 0.05776 0.06473 0.07645 0.05424 0.07500 0.06071 0.07718 0.09463 0.12179 0.08051 0.12532 0.09152 0.07823 0.08264 0.03553 0.02624 0.00737 0.02805 0.03669 0.06325 0.16394 0.35816 0.47679 0.43981 0.18625 0.18485
-9999 -9999 -9999 -9999 -9999 -9999 -9999 -9999 -9999 -9999 -9999 -9999 -9999 0.03480 0.03279 0.07185 0.05937 0.04386 0.05228 0.07274 0.07038 0.03746 0.02163 0.02251 0.01607 0.01475 0.01589 0.01340 0.02036 0.03035 0.04635 0.04398 0.05219 0.03478 0.03748 0.03834 0.05808 0.07478 0.07329 0.09192 0.09839 0.13040 0.13218 0.12325 0.12082 0.11619 0.13969 0.14377 0.16747 0.17074 0.14230 0.02879 0.02112 0.05183 0.06737 0.10340 0.09335 0.14146 0.08777 0.08643 0.09961 0.08884 0.07824 0.08756 0.13805 0.27896 0.28746 0.50500 0.46136 0.86369 0.53224 0.16335 0.19881
-9999 -9999 -9999 -9999 -9999 -9999 -9999 -9999 -9999 -9999 -9999 -9999 0.06746 0.04425 0.04742 0.09010 0.07828 0.03776 0.01663 0.08334 0.04204 0.02277 0.02603 0.02661 0.02365 0.01775 0.01814 0.01688 0.02405 0.08794 0.07845 0.06645 0.07887 0.05561 0.05859 0.03649 0.02467 0.04910 0.09100 0.12131 0.10094 0.09980 0.15883 0.14109 0.11302 0.09119 0.10195 0.15084 0.18040 0.23480 0.23360 0.08644 0.10493 0.11493 0.10875 0.13807 0.24838 0.12867 0.10072 0.13441 0.15015 0.14203 0.14289 0.15061 0.21440 0.53500 0.61457 0.52235 0.75377 0.70052 0.34700 0.38658 0.28565
-9999 -9999 -9999 -9999 -9999 -9999 -9999 -9999 -9999 -9999 -9999 0.05061 0.05374 0.04474 0.06692 0.02907 0.01653 0.01374 0.02200 0.02438 0.02082 0.04055 0.02960 0.02766 0.02915 0.01825 0.02508 0.01372 0.01999 0.03830 0.02737 0.05810 0.07094 0.05694 0.04840 0.05575 0.07548 0.09225 0.11483 0.09822 0.11745 0.22264 0.22927 0.18863 0.16573 0.09809 0.09793 0.12353 0.11529 0.26699 0.35120 0.14161 0.12800 0.22836 0.18526 0.12856 0.27888 0.22013 0.19923 0.25149 0.28754 0.43918 0.44248 0.41707 0.59130 0.62438 0.72351 0.84607 0.99094 0.59202 0.29169 0.17609 0.23964
-9999 -9999 -9999 -9999 -9999 -9999 -9999 -9999 -9999 -9999 0.04055 0.05583 0.04770 0.04394 0.05156 0.01551 0.01212 0.01772 0.01771 0.02518 0.02681 0.04407 0.03048 0.02883 0.03167 0.01481 0.01498 0.02953 0.02982 0.01866 0.02536 0.07223 0.07912 0.10408 0.14179 0.11009 0.11737 0.10065 0.12249 0.12032 0.21016 0.21582 0.25484 0.20118 0.16235 0.18054 0.14809 0.14865 0.12637 0.29541 0.36263 0.14045 0.33150 0.21774 0.24228 0.23767 0.28947 0.28374 0.29632 0.41369 0.44353 0.53741 0.54941 0.63399 0.80984 0.80475 1.17869 1.48405 0.94756 0.46713 0.38911 0.50963 0.64450
-9999 -9999 -9999 -9999 -9999 -9999 -9999 -9999 -9999 0.00951 0.00712 0.00313 0.00377 0.00695 0.00409 0.00319 0.00391 0.00357 0.00319 0.00129 0.00194 0.00558 0.00580 0.00552 0.00478 0.00599 0.00743 0.00799 0.00571 0.00582 0.00835 0.04975 0.06269 0.05422 0.08504 0.13285 0.09965 0.11267 0.13283 0.25571 0.14541 0.19626 0.19134 0.20054 0.14033 0.26222 0.26645 0.22614 0.19816 0.23907 0.31771 0.39299 0.25332 0.26846 0.19264 0.46416 0.50999 0.42778 0.41344 0.55768 0.54590 0.60194 0.63244 0.82521 0.95872 0.88450 1.16540 0.30422 0.19014 0.10561 0.15355 0.21278 0.34459
-9999 -9999 -9999 -9999 -9999 -9999 -9999 -9999 -9999 -9999 0.00711 0.00213 0.00251 0.00361 0.00658 0.00763 0.00697 0.00481 0.00421 0.00094 0.00091 0.00443 0.00532 -9999 -9999 -9999 -9999 -9999 -9999 0.01136 0.01265 0.06763 0.07739 0.05086 0.07574 0.21262 0.19162 0.15962 0.15601 0.25898 0.15255 0.22040 0.19832 0.23441 0.25308 0.25949 0.24951 0.21517 0.28135 0.30092 0.35962 0.31556 0.31091 0.23420 0.27519 0.48963 0.52460 0.53977 0.56515 0.77685 0.81964 0.76280 0.73287 0.71471 0.74433 1.16893 1.09149 0.23928 0.07731 0.10232 0.12127 0.39372 0.67486
-9999 -9999 -9999 -9999 -9999 -9999 -9999 -9999 -9999 -9999 -9999 -9999 0.00285 0.00495 0.00475 0.00657 0.00570 0.00544 0.00498 -9999 -9999 -9999 -9999 -9999 -9999 -9999 -9999 -9999 -9999 -9999 -9999 -9999 -9999 0.07708 0.09749 0.17691 0.19497 0.25947 0.17469 0.11850 0.14507 0.22913 0.24005 0.18660 0.18310 0.31358 0.34824 0.23941 0.33880 0.32229 0.33742 0.39608 0.38939 0.45620 0.37306 0.57300 0.70363 0.76809 0.61232 0.97074 0.97152 0.97517 1.09174 0.76666 0.96345 1.17426 0.78847 0.20711 0.20548 0.33086 0.51290 0.75385 -9999
-9999 -9999 -9999 -9999 -9999 -9999 -9999 -9999 -9999 -9999 -9999 -9999 -9999 -9999 -9999 -9999 -9999 -9999 -9999 -9999 -9999 -9999 -9999 -9999 -9999 -9999 -9999 -9999 -9999 -9999 -9999 -9999 -9999 -9999 0.10659 0.07606 0.13095 0.17427 0.13456 0.16121 0.19392 0.25180 0.32297 0.23804 0.33779 0.40608 0.42085 0.34772 0.41058 0.34180 0.39573 0.48376 0.42910 0.46241 0.40628 0.82011 0.86247 0.97346 1.06584 1.18955 1.08867 1.25018 1.37163 1.28013 1.51249 1.40835 1.00894 0.22109 0.23603 0.42877 1.17660 -9999 -9999
-9999 -9999 -9999 -9999 -9999 -9999 -9999 -9999 -9999 -9999 -9999 -9999 -9999 -9999 -9999 -9999 -9999 -9999 -9999 -9999 -9999 -9999 -9999 -9999 -9999 -9999 -9999 -9999 -9999 -9999 -9999 -9999 -9999 -9999 0.08408 0.11973 0.12416 0.27247 0.21408 0.29033 0.27447 0.32920 0.30511 0.33549 0.40286 0.44624 0.47012 0.50064 0.51525 0.55048 0.53231 0.56300 0.53034 0.51277 0.47216 0.83116 1.05878 1.30498 1.45598 1.60735 1.43326 1.23587 1.44105 0.95877 1.05255 0.95705 1.28365 0.92294 1.10463 2.57368 -9999 -9999 -9999
-9999 -9999 -9999 -9999 -9999 -9999 -9999 -9999 -9999 -9999 -9999 -9999 -9999 -9999 -9999 -9999 -9999 -9999 -9999 -9999 -9999 -9999 -9999 -9999 -9999 -9999 -9999 -9999 -9999 -9999 -9999 -9999 -9999 -9999 -9999 -9999 -9999 -9999 0.30092 0.29919 0.27082 0.33361 0.36149 0.45265 0.50842 0.57805 0.70114 0.61672 0.65370 0.73084 0.76403 0.72347 0.82604 0.67019 0.69308 1.00075 0.81394 1.18432 1.83772 1.86650 1.64401 2.20389 2.16965 1.12246 0.75706 1.13965 1.38025 2.20010 3.65515 -9999 -9999 -9999 -9999
