data/hydroclimate-scenarios/1948-2000.Pcorr55N_Pref_Tref/monthly_summaries/runoff_monthly_tot_sep.asc
ncols	311
nrows	91
xllcenter	102.75
yllcenter	31.75
cellsize	0.5
NODATA_value	-9999
[rows 0 to 31 of 91, columns 216 to 287 of 311]
-9999 -9999 -9999 -9999 -9999 -9999 -9999 -9999 -9999 -9999 -9999 -9999 -9999 -9999 -9999 -9999 -9999 -9999 -9999 -9999 -9999 -9999 -9999 -9999 -9999 -9999 -9999 -9999 -9999 -9999 -9999 -9999 -9999 -9999 -9999 -9999 -9999 -9999 -9999 -9999 -9999 -9999 -9999 -9999 -9999 -9999 -9999 -9999 -9999 -9999 -9999 -9999 -9999 -9999 -9999 -9999 -9999 -9999 -9999 -9999 -9999 -9999 -9999 -9999 -9999 -9999 -9999 -9999 -9999 -9999 -9999 -9999
-9999 -9999 -9999 -9999 -9999 -9999 -9999 -9999 -9999 -9999 -9999 -9999 -9999 -9999 -9999 -9999 -9999 -9999 -9999 -9999 -9999 -9999 -9999 -9999 -9999 -9999 -9999 -9999 -9999 -9999 -9999 -9999 -9999 -9999 -9999 -9999 -9999 -9999 -9999 -9999 -9999 -9999 -9999 -9999 -9999 -9999 -9999 -9999 -9999 -9999 -9999 -9999 -9999 -9999 -9999 -9999 -9999 -9999 -9999 -9999 -9999 -9999 -9999 -9999 -9999 -9999 -9999 -9999 -9999 -9999 -9999 -9999
-9999 -9999 -9999 -9999 -9999 -9999 -9999 -9999 -9999 -9999 -9999 -9999 -9999 -9999 -9999 -9999 -9999 -9999 -9999 -9999 -9999 -9999 -9999 -9999 -9999 -9999 -9999 -9999 -9999 -9999 -9999 -9999 -9999 -9999 -9999 -9999 -9999 -9999 -9999 -9999 -9999 -9999 -9999 -9999 -9999 -9999 -9999 -9999 -9999 -9999 -9999 -9999 -9999 -9999 -9999 -9999 -9999 -9999 -9999 -9999 -9999 -9999 -9999 -9999 -9999 -9999 -9999 -9999 -9999 -9999 -9999 -9999
-9999 -9999 -9999 -9999 -9999 -9999 -9999 -9999 -9999 -9999 -9999 -9999 -9999 -9999 -9999 -9999 -9999 -9999 -9999 -9999 -9999 -9999 -9999 -9999 -9999 -9999 -9999 -9999 -9999 -9999 -9999 -9999 -9999 -9999 -9999 -9999 -9999 -9999 -9999 -9999 -9999 -9999 -9999 -9999 -9999 -9999 -9999 -9999 -9999 -9999 -9999 -9999 -9999 -9999 -9999 -9999 -9999 -9999 -9999 -9999 -9999 -9999 -9999 -9999 -9999 -9999 -9999 -9999 -9999 -9999 -9999 -9999
-9999 -9999 -9999 -9999 -9999 -9999 -9999 -9999 -9999 -9999 -9999 -9999 -9999 -9999 -9999 -9999 -9999 -9999 -9999 -9999 -9999 -9999 -9999 -9999 -9999 -9999 -9999 -9999 -9999 -9999 -9999 -9999 -9999 -9999 -9999 -9999 -9999 -9999 -9999 -9999 -9999 -9999 -9999 -9999 -9999 -9999 -9999 -9999 -9999 -9999 -9999 -9999 -9999 -9999 -9999 -9999 -9999 -9999 -9999 -9999 -9999 -9999 -9999 -9999 -9999 -9999 -9999 -9999 -9999 -9999 -9999 -9999
-9999 -9999 -9999 -9999 -9999 -9999 -9999 -9999 -9999 -9999 -9999 -9999 -9999 -9999 -9999 -9999 -9999 -9999 -9999 -9999 -9999 -9999 -9999 -9999 -9999 -9999 -9999 -9999 -9999 -9999 -9999 -9999 -9999 -9999 -9999 -9999 -9999 -9999 -9999 -9999 -9999 -9999 -9999 -9999 -9999 -9999 -9999 -9999 -9999 -9999 -9999 -9999 -9999 -9999 -9999 -9999 -9999 -9999 -9999 -9999 -9999 -9999 -9999 -9999 -9999 -9999 -9999 -9999 -9999 -9999 -9999 -9999
-9999 -9999 -9999 -9999 -9999 -9999 -9999 -9999 -9999 -9999 -9999 -9999 -9999 -9999 -9999 -9999 -9999 -9999 -9999 -9999 -9999 -9999 -9999 -9999 -9999 -9999 -9999 -9999 -9999 -9999 -9999 -9999 -9999 -9999 -9999 -9999 -9999 -9999 -9999 -9999 -9999 -9999 -9999 -9999 -9999 -9999 -9999 -9999 -9999 -9999 -9999 -9999 -9999 -9999 -9999 -9999 -9999 -9999 -9999 -9999 -9999 -9999 -9999 -9999 -9999 -9999 -9999 -9999 -9999 -9999 -9999 -9999
-9999 -9999 -9999 -9999 -9999 -9999 -9999 -9999 -9999 -9999 -9999 -9999 -9999 -9999 -9999 -9999 -9999 -9999 -9999 -9999 -9999 -9999 -9999 -9999 -9999 -9999 -9999 -9999 -9999 -9999 -9999 -9999 -9999 -9999 -9999 -9999 -9999 -9999 -9999 -9999 -9999 -9999 -9999 -9999 -9999 -9999 -9999 -9999 -9999 -9999 -9999 -9999 -9999 -9999 -9999 -9999 -9999 -9999 -9999 -9999 -9999 -9999 -9999 -9999 -9999 -9999 -9999 -9999 -9999 -9999 -9999 -9999
-9999 -9999 -9999 -9999 -9999 -9999 -9999 -9999 -9999 -9999 -9999 -9999 -9999 -9999 -9999 -9999 -9999 -9999 -9999 -9999 -9999 -9999 -9999 -9999 -9999 -9999 -9999 -9999 -9999 -9999 -9999 -9999 -9999 -9999 -9999 -9999 -9999 -9999 -9999 -9999 -9999 -9999 -9999 -9999 -9999 -9999 -9999 -9999 -9999 -9999 -9999 -9999 -9999 -9999 -9999 -9999 -9999 -9999 -9999 -9999 -9999 -9999 -9999 -9999 -9999 -9999 -9999 -9999 -9999 -9999 -9999 -9999
-9999 -9999 -9999 -9999 -9999 -9999 -9999 -9999 -9999 -9999 -9999 -9999 -9999 -9999 -9999 -9999 -9999 -9999 -9999 -9999 -9999 -9999 -9999 -9999 -9999 -9999 -9999 -9999 -9999 -9999 -9999 -9999 -9999 -9999 -9999 -9999 -9999 -9999 -9999 -9999 -9999 -9999 -9999 -9999 -9999 -9999 -9999 -9999 -9999 -9999 -9999 -9999 -9999 -9999 -9999 -9999 -9999 -9999 -9999 -9999 -9999 -9999 -9999 -9999 -9999 -9999 -9999 -9999 -9999 -9999 -9999 -9999
-9999 -9999 -9999 -9999 -9999 -9999 -9999 -9999 -9999 -9999 -9999 -9999 -9999 -9999 -9999 -9999 -9999 -9999 -9999 -9999 -9999 -9999 -9999 -9999 -9999 -9999 -9999 -9999 -9999 -9999 -9999 -9999 -9999 -9999 -9999 -9999 -9999 -9999 -9999 -9999 -9999 -9999 -9999 -9999 -9999 -9999 -9999 -9999 -9999 -9999 -9999 -9999 -9999 -9999 -9999 -9999 -9999 -9999 -9999 -9999 -9999 -9999 -9999 -9999 -9999 -9999 -9999 -9999 -9999 -9999 -9999 -9999
-9999 -9999 -9999 -9999 -9999 -9999 -9999 -9999 -9999 -9999 -9999 -9999 -9999 -9999 -9999 -9999 -9999 -9999 -9999 -9999 -9999 -9999 -9999 -9999 -9999 -9999 -9999 -9999 -9999 -9999 -9999 -9999 -9999 -9999 -9999 -9999 -9999 -9999 -9999 -9999 -9999 -9999 -9999 -9999 -9999 -9999 -9999 -9999 -9999 -9999 -9999 -9999 -9999 -9999 -9999 -9999 -9999 -9999 -9999 -9999 -9999 -9999 -9999 -9999 -9999 -9999 -9999 -9999 -9999 -9999 -9999 -9999
-9999 -9999 -9999 -9999 -9999 -9999 -9999 -9999 -9999 -9999 -9999 -9999 -9999 -9999 -9999 -9999 -9999 -9999 -9999 -9999 -9999 -9999 -9999 -9999 -9999 -9999 -9999 -9999 -9999 -9999 -9999 -9999 -9999 -9999 -9999 -9999 -9999 -9999 -9999 -9999 -9999 -9999 -9999 -9999 -9999 -9999 -9999 -9999 -9999 -9999 -9999 -9999 -9999 -9999 -9999 -9999 -9999 -9999 -9999 -9999 -9999 -9999 -9999 -9999 -9999 -9999 -9999 -9999 -9999 -9999 -9999 -9999
1.14723 1.13319 1.20584 -9999 -9999 -9999 -9999 -9999 -9999 -9999 -9999 -9999 -9999 -9999 -9999 -9999 -9999 -9999 -9999 -9999 -9999 -9999 -9999 -9999 -9999 -9999 -9999 -9999 -9999 -9999 -9999 -9999 -9999 -9999 -9999 -9999 -9999 -9999 -9999 -9999 -9999 -9999 -9999 -9999 1.53821 -9999 -9999 -9999 -9999 -9999 -9999 -9999 -9999 -9999 -9999 -9999 -9999 -9999 -9999 -9999 -9999 -9999 -9999 -9999 -9999 -9999 -9999 -9999 -9999 -9999 -9999 -9999
1.51757 1.47600 1.52370 0.64617 0.68652 0.80632 0.92520 1.12127 1.45814 1.65004 1.58504 1.40595 1.40512 1.34304 1.12674 19.17790 -9999 -9999 -9999 -9999 -9999 -9999 -9999 -9999 -9999 -9999 -9999 -9999 -9999 -9999 -9999 -9999 -9999 -9999 -9999 -9999 -9999 -9999 -9999 0.58649 0.90221 0.56600 0.37057 0.39235 0.57945 1.53831 -9999 -9999 -9999 1.97292 -9999 -9999 -9999 1.79335 1.69711 1.77671 -9999 -9999 -9999 -9999 -9999 -9999 -9999 -9999 -9999 -9999 -9999 -9999 -9999 -9999 -9999 -9999
1.61003 1.61148 1.66652 0.85995 0.01104 0.00591 0.01784 0.03788 0.18681 0.36042 0.54556 0.68162 0.40125 0.36765 0.39314 0.09422 0.08555 0.25396 0.68669 1.53968 2.49740 1.73837 -9999 -9999 -9999 -9999 -9999 2.05013 1.84743 1.72684 2.01375 1.99803 1.90837 1.51597 1.16981 1.31641 1.27824 1.17358 1.17429 0.28761 0.34469 0.27517 0.39507 0.33290 0.48648 1.49706 1.54140 1.67610 1.85025 1.89202 2.03229 1.60595 1.59353 1.57984 1.32512 1.23031 1.31829 1.70519 1.83562 1.93068 2.24527 -9999 -9999 -9999 -9999 -9999 -9999 -9999 -9999 -9999 -9999 -9999
2.33989 2.15775 2.40182 0.03336 0.08361 0.12733 0.09832 0.31400 0.31254 0.36478 0.57754 0.30196 0.30100 0.21827 0.16051 0.12272 0.39803 0.97242 0.82154 2.16247 1.45720 1.07298 1.38528 2.11373 1.97579 2.07070 1.99625 1.89406 2.07829 1.76306 1.77142 1.45321 1.44731 1.46527 1.24044 1.21654 1.16029 1.14778 1.15679 1.21585 1.17040 1.27551 1.33673 1.14135 1.24427 1.41024 1.53168 1.58301 1.63490 1.80783 1.81680 1.67150 1.63759 1.53636 1.64679 1.93202 1.96415 2.11826 2.11578 2.03809 1.71452 1.87051 2.07797 2.38647 2.41339 2.65770 2.82256 2.48559 2.32679 -9999 -9999 -9999
0.35937 0.28333 0.43960 0.07430 0.04591 0.03352 0.01498 0.00965 0.00621 0.14328 0.10445 0.03546 0.02699 0.18928 0.88870 3.36995 3.52592 2.90220 2.49921 3.70238 3.51799 1.14165 1.17068 1.26897 1.04852 0.93941 0.97614 1.32329 1.95896 1.77012 1.84383 1.53434 1.49290 1.56732 1.40808 1.37710 1.26201 1.24882 1.30639 1.32379 1.32298 1.36771 1.36622 1.18956 1.30684 1.50489 1.59341 1.53705 1.69517 1.70950 1.91853 1.66421 1.64756 1.65407 1.64285 1.91870 1.91865 2.08488 2.09486 1.93154 1.87624 2.06058 2.20351 2.36760 2.45763 2.75684 2.79037 2.71906 2.61871 -9999 2.36184 -9999
3.68702 2.46742 1.54993 2.57857 0.01446 0.73053 2.26900 1.56356 1.49348 0.58651 1.40252 0.00168 1.57668 1.43468 1.30048 2.21569 1.69194 3.16047 3.43608 4.46324 3.54547 1.39893 1.19551 1.61217 0.83261 0.64849 0.48624 0.92910 1.49558 1.43771 1.33773 1.40571 1.41843 1.35183 1.43419 1.51326 1.43649 1.23721 1.20097 1.39931 1.42540 1.45827 1.60242 1.55163 1.42952 1.43974 1.57716 1.69181 1.76769 1.89534 1.91368 1.88150 1.95266 2.02526 2.11517 2.13757 2.12615 2.05475 2.04735 1.98723 2.20923 2.39890 2.40262 2.29783 2.44844 2.50693 2.66438 2.89878 3.22638 2.92997 -9999 -9999
5.31328 3.83590 3.55054 3.14141 3.16534 2.92005 2.24685 1.79895 1.56671 1.53261 1.33281 1.43566 1.48479 1.38559 1.52266 4.84191 4.11680 2.84668 3.62876 2.97775 2.69552 0.88230 1.09996 1.61869 1.63338 1.57923 0.60954 1.01080 1.24709 1.55212 1.69017 2.45534 2.51304 2.54259 2.60898 2.61410 2.47625 2.58122 2.57557 2.41135 2.38222 2.42069 2.55520 2.34406 2.40010 2.47695 2.58836 2.76848 2.17758 2.21184 2.27112 1.67248 1.70908 1.85209 1.94324 2.26604 2.51243 2.60694 3.18757 2.96771 2.91264 2.88528 3.05615 3.36748 2.78534 2.95791 3.90683 4.09290 3.58132 3.53451 2.76602 -9999
7.02769 4.82332 3.79223 3.05682 2.68102 1.98684 1.73194 1.77809 1.77157 1.71634 1.59936 1.31608 1.42066 1.61173 1.78931 3.16080 2.24052 1.57878 1.27977 2.27583 1.64278 0.73589 1.17595 1.39729 1.47056 1.17846 0.84317 0.72781 1.24961 1.74877 1.73552 1.82364 1.65016 1.53655 1.76859 1.98696 1.91136 2.85660 2.88696 2.82298 2.67983 2.60278 2.59593 2.55252 2.57874 2.74977 2.76194 2.58834 2.77651 2.78591 2.77339 2.65263 2.76153 2.68618 2.78940 3.12286 3.09487 2.70247 3.50153 3.25942 3.48420 3.40997 3.43321 3.29408 3.54698 3.47351 3.54985 3.95580 4.08989 4.27294 4.02277 2.70713
2.38488 2.37521 2.37284 2.07814 2.15342 2.04910 1.78466 1.73281 1.62782 1.40965 1.27292 1.35345 1.40866 1.62569 1.71522 4.07074 3.36577 0.99680 0.37901 0.12726 0.54705 0.82231 1.51118 1.27059 1.25863 1.12937 0.96948 0.66002 1.00021 1.35335 1.68294 1.81430 1.78591 1.97243 1.99230 2.13997 2.10282 2.28747 2.76929 4.28133 4.32160 3.41567 3.22383 2.74732 2.57995 3.10233 3.02705 3.10016 2.99171 3.11552 3.04678 2.90943 2.84597 2.72733 2.73497 2.90577 3.31791 4.03330 3.32854 3.30424 3.35348 3.33219 3.33164 3.23706 3.23739 3.04905 3.43599 3.63975 3.83069 3.77940 3.76187 3.57134
2.75791 3.45411 5.09113 7.55542 8.23803 6.27012 4.49211 3.49708 2.89578 2.40532 1.51960 2.04429 2.31760 3.11828 2.66162 4.15766 4.08076 1.19111 0.49722 0.16735 0.39315 0.34301 0.97310 0.96473 1.06717 1.32462 1.53315 0.99478 1.22746 1.26755 1.21120 1.61547 1.74613 1.66682 1.55760 1.96966 1.86293 1.57092 1.88336 3.03600 3.62520 4.45766 4.51919 4.38990 4.04967 4.07428 3.93832 3.04716 2.82381 3.12417 2.97298 2.85739 2.70165 2.69997 3.14025 3.11255 3.17978 3.35291 3.39598 3.01500 3.05738 2.93023 3.04138 2.86723 3.04236 3.21610 3.33018 3.33757 3.32057 3.47510 3.58679 3.67362
4.34632 3.43477 4.63403 6.57257 6.45388 5.91358 5.90447 5.51000 5.32879 5.07073 4.56879 4.51306 3.68288 3.01276 2.63645 4.71478 4.20840 1.76460 0.43647 0.48858 0.57980 0.32765 0.40569 0.49558 0.59558 0.63230 0.81752 1.00838 1.34761 1.20730 1.06365 0.79519 0.84409 0.67900 0.90965 1.39902 1.47316 1.45713 1.71314 2.38382 2.55438 2.79686 2.84513 3.46076 3.67840 4.27063 4.57173 4.63952 4.68824 4.25370 2.88395 3.01040 2.77192 3.09048 3.91089 3.18915 2.60045 2.59675 2.92277 2.81709 2.64465 2.56978 2.56267 2.37513 2.67447 2.89456 3.03083 2.97404 3.20659 3.35097 3.53142 3.52617
4.14811 3.90092 3.72953 3.16198 3.53882 5.14058 5.03283 4.82062 4.91959 5.54460 3.86253 0.90711 2.30399 0.01681 1.56010 2.26300 4.59455 3.46825 0.57136 0.05968 0.01067 0.06112 0.11002 0.02338 0.18300 0.27517 0.28652 0.15783 0.24663 0.30062 0.24598 0.15589 0.30668 0.32142 0.33854 0.59201 0.89823 1.06227 1.25490 1.82103 2.04791 2.35807 2.47497 2.58010 3.05914 3.38326 3.55211 3.52031 3.83981 4.74133 4.02006 2.82829 2.93646 2.89135 2.83564 2.89001 2.89475 2.80188 2.65917 2.30664 2.19005 2.31456 2.51921 2.60043 2.31603 2.67691 2.71005 2.78281 2.92244 3.24460 3.46343 3.56156
3.69991 4.63742 4.37513 4.83869 4.86936 4.58154 3.75053 3.71441 3.98566 5.66286 8.61024 8.79399 5.01658 3.56179 2.86245 3.02452 2.56044 1.74081 1.72210 0.56252 0.82261 0.34925 0.18829 0.09443 0.12779 0.25983 0.59700 0.71874 0.79910 0.51394 0.61542 0.41980 0.43299 0.64944 0.62886 0.97052 1.38878 1.32312 1.60636 2.36358 2.74206 2.95929 3.25067 3.25028 3.29755 3.46922 3.62427 3.67018 3.66671 3.71890 3.99092 3.59953 2.73692 3.01168 2.87555 2.86428 2.88592 2.80029 2.66044 2.50037 2.41266 2.36790 2.40966 2.54383 2.58303 2.56631 2.48113 2.53948 2.74179 3.02775 3.28953 3.38418
8.88074 7.81749 12.81390 15.70510 13.82080 15.35630 22.71190 15.85930 19.95890 11.33320 8.24853 7.99583 4.91618 3.69612 3.08904 4.67723 2.21369 1.64958 1.53627 1.59937 1.57657 1.17208 1.15025 1.19460 0.99174 1.07673 1.81852 1.87938 1.29722 1.09919 1.08981 1.38687 1.44790 0.99980 1.15978 1.40847 1.83317 2.04997 2.38480 2.62134 3.11227 3.36212 3.68479 3.71517 3.58466 3.46259 3.53169 3.73773 3.74083 3.70017 3.53018 4.37468 2.60884 2.82361 2.82372 2.91184 2.84756 2.94396 2.79602 2.67886 2.59400 2.60562 2.78676 2.51033 2.39475 2.58156 2.52965 2.52569 2.78692 2.92853 3.08643 3.23681
15.78140 17.44610 17.02340 15.64050 22.04910 25.46720 31.92440 30.25930 21.64170 32.91140 25.30490 16.84040 6.29917 3.26132 3.00156 5.01067 4.41983 2.81110 3.35320 2.70390 3.21020 1.18505 1.18963 1.04785 1.23008 1.31897 1.49674 1.36369 1.17185 0.98199 1.25158 0.87775 0.95717 1.24305 1.45003 1.58137 1.78261 2.08086 2.53735 3.02862 3.86622 4.19218 4.54742 4.56317 4.40950 3.93531 3.81841 4.12029 3.85055 3.68372 3.63563 4.64810 2.74834 2.48543 3.00971 3.08431 2.98060 2.99839 3.00088 3.04468 3.03020 2.86229 2.88972 2.56440 2.55101 2.66200 2.69426 3.33810 3.69299 3.73919 3.15717 3.35624
22.35930 18.55280 18.06230 16.38160 8.56950 6.13383 6.69862 8.22051 8.58963 6.68085 10.37080 9.59340 11.37170 7.67431 2.86641 7.54304 6.29019 5.77607 6.18452 4.63931 2.85168 0.52494 0.33148 0.87683 1.17035 1.25961 1.52847 1.93661 1.53122 1.13823 0.82090 0.84186 1.14941 1.33660 1.43954 1.79865 2.21324 2.41138 2.72089 2.96034 3.99604 4.66090 5.04748 5.21522 4.82219 4.50796 4.48980 4.34513 3.76581 3.90664 3.86140 4.92341 3.72941 2.84854 3.44102 3.47985 3.29604 2.61852 2.45118 2.62674 2.51126 2.43527 3.00591 2.72721 2.83186 2.75506 3.14557 3.23717 3.47234 4.01841 3.88497 4.44705
28.32210 23.53040 20.28910 14.18200 9.24773 4.10873 4.18431 3.79736 3.93035 14.74250 23.76950 26.42660 25.10580 19.04710 11.49470 14.22030 10.81870 11.10900 15.57350 11.89010 5.27885 2.36570 1.27847 0.97167 0.49893 0.98659 1.53110 1.54395 1.16421 1.11974 0.79276 0.96606 1.11521 1.52906 1.77437 2.24998 2.69398 2.96758 3.15486 3.49076 4.17294 5.30921 6.09109 6.24185 5.89278 5.39998 4.78813 4.77839 4.32327 4.31229 4.43284 4.48353 4.56847 4.49014 3.96520 3.87175 4.43479 3.65019 3.03742 3.04497 2.83417 2.23084 2.35172 2.69165 3.03700 3.26499 3.45988 3.82191 3.86743 3.92503 4.44980 4.78913
17.80680 17.98220 12.54510 21.64230 34.25270 32.48050 13.23040 7.44490 4.27021 10.27480 23.30410 51.61670 33.50170 51.45480 46.80260 26.24380 23.45130 18.61400 19.39250 13.27440 6.02100 3.15173 1.85423 1.91562 2.58167 1.94238 2.31983 2.06230 1.96395 2.11291 1.56102 1.59245 1.75084 2.07463 2.50070 2.75614 3.36194 3.48466 4.00408 4.83564 4.99675 6.27442 7.36419 6.96560 5.90522 5.64323 5.52185 5.48784 5.08383 4.63550 4.99464 5.10487 4.70416 5.26010 4.62736 5.00705 4.60888 4.61295 4.38351 4.00350 3.71802 3.81241 3.76733 3.67341 3.80212 4.21194 4.20863 4.38600 4.57728 4.09162 5.08784 5.29553
19.37610 47.25740 122.52800 -9999 171.89101 122.95200 61.41400 31.26830 15.77240 20.24320 20.17530 23.50830 21.29730 15.24530 42.69600 44.36820 27.07320 20.00010 13.02390 21.49180 14.48750 9.19991 4.98147 3.82927 3.27816 3.47802 3.28712 2.92526 2.97140 2.11304 2.00699 1.96986 2.30614 2.67191 2.82500 2.75075 3.13581 3.69185 4.13935 6.15347 5.86865 5.64069 5.71540 5.87770 5.30248 5.42849 5.42750 5.48208 5.16579 4.88572 5.15888 5.17204 4.78951 5.71099 5.36982 5.07953 4.91412 4.52932 4.40930 4.06479 3.84475 3.63576 3.33008 3.23208 3.51693 3.92925 4.49096 4.28608 5.29419 5.36601 4.93310 4.74993
