data/hydroclimate-scenarios/1948-2000.Pcorr55N_Pref_Tref/monthly_summaries/runoff_monthly_tot_may.1950-2000.asc
ncols	311
nrows	91
xllcenter	102.75
yllcenter	31.75
cellsize	0.5
NODATA_value	-9999
[rows 0 to 31 of 91, columns 216 to 287 of 311]
-9999 -9999 -9999 -9999 -9999 -9999 -9999 -9999 -9999 -9999 -9999 -9999 -9999 -9999 -9999 -9999 -9999 -9999 -9999 -9999 -9999 -9999 -9999 -9999 -9999 -9999 -9999 -9999 -9999 -9999 -9999 -9999 -9999 -9999 -9999 -9999 -9999 -9999 -9999 -9999 -9999 -9999 -9999 -9999 -9999 -9999 -9999 -9999 -9999 -9999 -9999 -9999 -9999 -9999 -9999 -9999 -9999 -9999 -9999 -9999 -9999 -9999 -9999 -9999 -9999 -9999 -9999 -9999 -9999 -9999 -9999 -9999
-9999 -9999 -9999 -9999 -9999 -9999 -9999 -9999 -9999 -9999 -9999 -9999 -9999 -9999 -9999 -9999 -9999 -9999 -9999 -9999 -9999 -9999 -9999 -9999 -9999 -9999 -9999 -9999 -9999 -9999 -9999 -9999 -9999 -9999 -9999 -9999 -9999 -9999 -9999 -9999 -9999 -9999 -9999 -9999 -9999 -9999 -9999 -9999 -9999 -9999 -9999 -9999 -9999 -9999 -9999 -9999 -9999 -9999 -9999 -9999 -9999 -9999 -9999 -9999 -9999 -9999 -9999 -9999 -9999 -9999 -9999 -9999
-9999 -9999 -9999 -9999 -9999 -9999 -9999 -9999 -9999 -9999 -9999 -9999 -9999 -9999 -9999 -9999 -9999 -9999 -9999 -9999 -9999 -9999 -9999 -9999 -9999 -9999 -9999 -9999 -9999 -9999 -9999 -9999 -9999 -9999 -9999 -9999 -9999 -9999 -9999 -9999 -9999 -9999 -9999 -9999 -9999 -9999 -9999 -9999 -9999 -9999 -9999 -9999 -9999 -9999 -9999 -9999 -9999 -9999 -9999 -9999 -9999 -9999 -9999 -9999 -9999 -9999 -9999 -9999 -9999 -9999 -9999 -9999
-9999 -9999 -9999 -9999 -9999 -9999 -9999 -9999 -9999 -9999 -9999 -9999 -9999 -9999 -9999 -9999 -9999 -9999 -9999 -9999 -9999 -9999 -9999 -9999 -9999 -9999 -9999 -9999 -9999 -9999 -9999 -9999 -9999 -9999 -9999 -9999 -9999 -9999 -9999 -9999 -9999 -9999 -9999 -9999 -9999 -9999 -9999 -9999 -9999 -9999 -9999 -9999 -9999 -9999 -9999 -9999 -9999 -9999 -9999 -9999 -9999 -9999 -9999 -9999 -9999 -9999 -9999 -9999 -9999 -9999 -9999 -9999
-9999 -9999 -9999 -9999 -9999 -9999 -9999 -9999 -9999 -9999 -9999 -9999 -9999 -9999 -9999 -9999 -9999 -9999 -9999 -9999 -9999 -9999 -9999 -9999 -9999 -9999 -9999 -9999 -9999 -9999 -9999 -9999 -9999 -9999 -9999 -9999 -9999 -9999 -9999 -9999 -9999 -9999 -9999 -9999 -9999 -9999 -9999 -9999 -9999 -9999 -9999 -9999 -9999 -9999 -9999 -9999 -9999 -9999 -9999 -9999 -9999 -9999 -9999 -9999 -9999 -9999 -9999 -9999 -9999 -9999 -9999 -9999
-9999 -9999 -9999 -9999 -9999 -9999 -9999 -9999 -9999 -9999 -9999 -9999 -9999 -9999 -9999 -9999 -9999 -9999 -9999 -9999 -9999 -9999 -9999 -9999 -9999 -9999 -9999 -9999 -9999 -9999 -9999 -9999 -9999 -9999 -9999 -9999 -9999 -9999 -9999 -9999 -9999 -9999 -9999 -9999 -9999 -9999 -9999 -9999 -9999 -9999 -9999 -9999 -9999 -9999 -9999 -9999 -9999 -9999 -9999 -9999 -9999 -9999 -9999 -9999 -9999 -9999 -9999 -9999 -9999 -9999 -9999 -9999
-9999 -9999 -9999 -9999 -9999 -9999 -9999 -9999 -9999 -9999 -9999 -9999 -9999 -9999 -9999 -9999 -9999 -9999 -9999 -9999 -9999 -9999 -9999 -9999 -9999 -9999 -9999 -9999 -9999 -9999 -9999 -9999 -9999 -9999 -9999 -9999 -9999 -9999 -9999 -9999 -9999 -9999 -9999 -9999 -9999 -9999 -9999 -9999 -9999 -9999 -9999 -9999 -9999 -9999 -9999 -9999 -9999 -9999 -9999 -9999 -9999 -9999 -9999 -9999 -9999 -9999 -9999 -9999 -9999 -9999 -9999 -9999
-9999 -9999 -9999 -9999 -9999 -9999 -9999 -9999 -9999 -9999 -9999 -9999 -9999 -9999 -9999 -9999 -9999 -9999 -9999 -9999 -9999 -9999 -9999 -9999 -9999 -9999 -9999 -9999 -9999 -9999 -9999 -9999 -9999 -9999 -9999 -9999 -9999 -9999 -9999 -9999 -9999 -9999 -9999 -9999 -9999 -9999 -9999 -9999 -9999 -9999 -9999 -9999 -9999 -9999 -9999 -9999 -9999 -9999 -9999 -9999 -9999 -9999 -9999 -9999 -9999 -9999 -9999 -9999 -9999 -9999 -9999 -9999
-9999 -9999 -9999 -9999 -9999 -9999 -9999 -9999 -9999 -9999 -9999 -9999 -9999 -9999 -9999 -9999 -9999 -9999 -9999 -9999 -9999 -9999 -9999 -9999 -9999 -9999 -9999 -9999 -9999 -9999 -9999 -9999 -9999 -9999 -9999 -9999 -9999 -9999 -9999 -9999 -9999 -9999 -9999 -9999 -9999 -9999 -9999 -9999 -9999 -9999 -9999 -9999 -9999 -9999 -9999 -9999 -9999 -9999 -9999 -9999 -9999 -9999 -9999 -9999 -9999 -9999 -9999 -9999 -9999 -9999 -9999 -9999
-9999 -9999 -9999 -9999 -9999 -9999 -9999 -9999 -9999 -9999 -9999 -9999 -9999 -9999 -9999 -9999 -9999 -9999 -9999 -9999 -9999 -9999 -9999 -9999 -9999 -9999 -9999 -9999 -9999 -9999 -9999 -9999 -9999 -9999 -9999 -9999 -9999 -9999 -9999 -9999 -9999 -9999 -9999 -9999 -9999 -9999 -9999 -9999 -9999 -9999 -9999 -9999 -9999 -9999 -9999 -9999 -9999 -9999 -9999 -9999 -9999 -9999 -9999 -9999 -9999 -9999 -9999 -9999 -9999 -9999 -9999 -9999
-9999 -9999 -9999 -9999 -9999 -9999 -9999 -9999 -9999 -9999 -9999 -9999 -9999 -9999 -9999 -9999 -9999 -9999 -9999 -9999 -9999 -9999 -9999 -9999 -9999 -9999 -9999 -9999 -9999 -9999 -9999 -9999 -9999 -9999 -9999 -9999 -9999 -9999 -9999 -9999 -9999 -9999 -9999 -9999 -9999 -9999 -9999 -9999 -9999 -9999 -9999 -9999 -9999 -9999 -9999 -9999 -9999 -9999 -9999 -9999 -9999 -9999 -9999 -9999 -9999 -9999 -9999 -9999 -9999 -9999 -9999 -9999
-9999 -9999 -9999 -9999 -9999 -9999 -9999 -9999 -9999 -9999 -9999 -9999 -9999 -9999 -9999 -9999 -9999 -9999 -9999 -9999 -9999 -9999 -9999 -9999 -9999 -9999 -9999 -9999 -9999 -9999 -9999 -9999 -9999 -9999 -9999 -9999 -9999 -9999 -9999 -9999 -9999 -9999 -9999 -9999 -9999 -9999 -9999 -9999 -9999 -9999 -9999 -9999 -9999 -9999 -9999 -9999 -9999 -9999 -9999 -9999 -9999 -9999 -9999 -9999 -9999 -9999 -9999 -9999 -9999 -9999 -9999 -9999
-9999 -9999 -9999 -9999 -9999 -9999 -9999 -9999 -9999 -9999 -9999 -9999 -9999 -9999 -9999 -9999 -9999 -9999 -9999 -9999 -9999 -9999 -9999 -9999 -9999 -9999 -9999 -9999 -9999 -9999 -9999 -9999 -9999 -9999 -9999 -9999 -9999 -9999 -9999 -9999 -9999 -9999 -9999 -9999 -9999 -9999 -9999 -9999 -9999 -9999 -9999 -9999 -9999 -9999 -9999 -9999 -9999 -9999 -9999 -9999 -9999 -9999 -9999 -9999 -9999 -9999 -9999 -9999 -9999 -9999 -9999 -9999
2.94977 3.69332 3.85156 -9999 -9999 -9999 -9999 -9999 -9999 -9999 -9999 -9999 -9999 -9999 -9999 -9999 -9999 -9999 -9999 -9999 -9999 -9999 -9999 -9999 -9999 -9999 -9999 -9999 -9999 -9999 -9999 -9999 -9999 -9999 -9999 -9999 -9999 -9999 -9999 -9999 -9999 -9999 -9999 -9999 2.68808 -9999 -9999 -9999 -9999 -9999 -9999 -9999 -9999 -9999 -9999 -9999 -9999 -9999 -9999 -9999 -9999 -9999 -9999 -9999 -9999 -9999 -9999 -9999 -9999 -9999 -9999 -9999
6.82722 7.63428 8.17928 5.37710 5.59914 5.92548 7.01170 3.40229 4.20200 4.44731 9.13808 8.13771 7.78748 6.54080 5.44742 80.27380 -9999 -9999 -9999 -9999 -9999 -9999 -9999 -9999 -9999 -9999 -9999 -9999 -9999 -9999 -9999 -9999 -9999 -9999 -9999 -9999 -9999 -9999 -9999 0.68753 1.85792 0.98741 0.35825 0.45856 1.45678 6.19334 -9999 -9999 -9999 2.88840 -9999 -9999 -9999 4.14825 3.87701 4.14753 -9999 -9999 -9999 -9999 -9999 -9999 -9999 -9999 -9999 -9999 -9999 -9999 -9999 -9999 -9999 -9999
10.59970 11.53880 12.34560 1.23460 0.72493 1.00620 1.18071 1.28925 1.20136 1.93951 2.34950 0.72288 1.80824 1.35630 1.02929 0.37225 0.23152 0.16874 0.46097 4.85481 10.48840 6.28469 -9999 -9999 -9999 -9999 -9999 9.06885 8.49584 9.53759 11.60600 12.37990 9.88789 7.91042 7.11552 6.99580 6.51927 5.71849 5.89103 0.51323 0.79466 0.60247 0.79947 0.88626 1.45139 7.71782 7.79479 4.88504 3.87846 4.50856 4.58919 4.45965 3.99863 4.44263 2.98130 2.21682 2.37573 2.68807 3.46446 4.13408 5.10849 -9999 -9999 -9999 -9999 -9999 -9999 -9999 -9999 -9999 -9999 -9999
11.53360 11.46990 5.37733 1.84305 2.56055 2.72312 2.89772 0.82922 3.19132 3.70772 3.87855 3.04324 2.30168 1.51379 1.21741 0.60472 0.66912 0.84648 0.83437 9.59695 2.97137 4.81972 7.17123 10.82490 12.17940 13.97730 13.84360 13.73900 13.62630 12.61170 15.20640 14.35120 12.32270 10.28500 9.95014 11.67080 10.66450 10.63050 10.13890 9.38520 8.87444 7.38707 8.09233 6.57527 7.62320 8.87720 9.86192 9.76781 9.12660 8.15314 7.92523 8.53977 9.06460 10.27420 10.02320 7.20243 7.05002 8.36471 8.09445 5.96953 3.69238 5.05126 4.96155 4.48706 3.97709 3.75731 4.16226 3.68998 3.56465 -9999 -9999 -9999
5.96258 5.17132 3.43224 2.57300 2.09219 2.00155 1.75767 1.49379 1.50374 2.34057 1.56885 0.78211 0.57755 0.68392 0.60800 1.79040 4.87866 5.31017 8.81197 26.80620 28.32760 7.42614 8.92215 8.88450 10.03690 11.10230 13.23330 20.53590 16.06810 14.44160 17.20440 18.64540 20.67360 20.32820 19.29750 16.92070 15.22510 12.58350 12.65790 11.25870 10.36510 9.94509 9.83062 8.98984 9.52288 13.17760 12.89600 13.69450 13.55880 12.22290 13.55900 14.34490 14.75630 15.20760 13.90740 10.81600 10.97020 13.21500 12.30710 7.55836 6.51011 8.89588 8.17031 6.42438 5.65869 6.13942 5.83817 4.89846 5.43522 -9999 7.00202 -9999
13.18470 8.54687 4.03293 2.92915 1.36409 1.05994 0.97328 1.15625 1.21519 0.78465 0.48745 0.46686 0.51688 3.36591 0.63375 1.53713 1.03618 15.26700 24.09620 31.71370 29.82260 11.26220 10.95030 16.78960 10.52570 9.76479 11.31520 24.61640 18.24780 15.97360 14.38410 16.27630 18.12590 18.63730 16.80970 14.81120 13.60710 12.81580 10.48510 13.36560 13.95200 14.65480 14.57530 16.42570 17.10770 17.38950 18.34540 19.95410 18.95250 19.29630 19.58390 19.97120 20.71900 20.17210 21.18470 17.59910 17.43500 19.64290 17.90550 13.29490 14.04990 13.11470 12.35460 8.94566 8.35282 7.49861 7.62290 9.21540 11.10890 13.07860 -9999 -9999
17.79850 15.80120 12.03370 7.70478 2.38962 6.62651 5.05055 4.71448 3.62612 4.82449 5.59792 5.57491 4.95424 3.63971 4.49088 46.71940 42.30080 23.28710 26.20640 20.68480 25.10180 7.92838 10.98450 16.47450 19.76150 26.17600 20.07280 37.48420 32.00280 28.34520 29.21980 30.01810 25.90510 25.38000 24.69460 23.54370 23.11960 23.25090 21.75380 22.27400 24.60900 26.42160 25.70740 26.38460 28.33930 27.82730 26.85360 26.31430 24.78920 22.44100 24.56570 21.69690 22.40450 25.17840 25.75660 23.68050 23.19390 24.36640 24.70820 23.84510 23.95110 21.46750 21.11260 19.10400 17.31680 17.07090 19.16240 19.16830 18.19210 19.62290 16.48240 -9999
32.31620 16.41640 10.63260 9.09565 5.78937 2.01080 1.69614 4.62120 5.50142 4.98248 5.53473 5.61131 6.61426 7.00795 7.88194 24.41660 12.39740 1.92967 3.28310 11.41850 8.35025 6.77919 12.22320 16.61650 20.82720 24.95400 30.23160 28.81520 34.17260 36.79100 36.68490 33.46750 26.13630 23.43240 25.12940 24.51280 23.47450 27.84240 25.25550 28.45320 27.97200 28.20930 27.84510 27.28600 29.37940 30.18380 30.78410 29.40470 31.79840 32.55410 32.41040 30.64600 28.77030 34.71200 31.91620 30.46460 28.22500 24.26140 26.10860 26.74620 27.32300 29.50190 30.10820 27.69940 25.60640 25.43170 25.14070 19.42040 18.10370 18.41980 17.00710 15.79010
8.14035 6.12914 6.21783 5.88373 5.74194 4.38903 4.83526 6.37730 6.44924 6.38645 8.04346 8.15076 5.41598 4.82955 4.46562 34.86150 28.56660 1.33953 0.88904 0.94660 2.54477 6.57925 18.08310 23.74760 27.01890 24.12850 28.35690 29.14810 40.69000 43.56530 41.95370 37.95900 34.53560 33.32690 30.73330 29.95940 29.89470 29.41720 30.98400 41.03800 41.16910 31.45190 35.60560 37.18590 34.33240 35.11700 33.73370 36.98300 36.12440 33.59320 31.80210 28.98800 29.56630 29.20020 32.06340 29.60420 30.97510 29.15000 27.98040 29.13070 30.11080 29.51930 27.56750 25.09360 17.18530 27.33620 34.74040 27.38500 24.40400 22.19800 20.71900 25.60000
12.66850 11.32080 12.07450 20.86910 17.20480 13.05460 14.73790 1.76260 4.94131 9.22370 11.79860 11.53820 8.94157 9.63535 7.81504 11.68460 23.39310 1.84501 1.08421 0.80865 2.16183 2.39652 9.69275 14.13070 18.29120 28.84260 36.25310 31.68710 33.81750 33.48870 34.87880 39.46110 43.72690 46.80290 42.89280 47.43900 43.39220 42.21910 39.89150 41.70260 44.32910 45.79490 55.64200 60.76950 67.99180 71.55760 65.61480 54.73540 48.96090 37.99100 34.02680 30.49050 31.42510 30.44870 32.86540 30.06440 26.72630 25.91020 29.03330 27.21190 29.07050 26.99470 26.76370 23.76590 27.62280 38.77010 42.73240 41.48570 40.39480 38.22220 34.54470 30.53610
9.80266 5.51391 8.10928 11.81410 10.36860 10.95330 3.96879 3.58605 3.67507 3.54603 3.12451 2.73569 2.07847 11.39720 9.63891 13.53390 25.18400 4.54908 1.10980 1.68542 3.09937 3.00434 3.39998 6.24701 8.59899 15.20640 25.52800 34.50980 40.38230 39.90300 34.37750 45.06610 36.57250 34.02920 44.06720 59.54740 53.34370 58.22640 67.24020 87.80260 81.41230 88.21280 85.36030 82.01330 73.73780 83.87580 77.82590 67.57970 56.03120 58.11760 46.24050 35.70940 35.90800 35.19730 30.89940 29.75020 29.96460 31.38480 27.14380 28.53550 25.99440 24.55980 22.65690 20.50850 25.68780 35.01300 42.67420 41.44760 45.20590 45.93940 44.62440 38.60150
7.05938 5.78635 5.36475 5.90386 7.11176 12.65280 10.83310 8.54411 3.29387 4.37562 4.64924 4.90284 3.98687 3.16928 1.97571 1.51444 33.00750 44.26060 2.21805 1.35350 1.27886 1.44759 1.53066 0.96874 2.41902 5.01157 7.14561 6.30303 9.16637 9.73666 13.64020 11.68910 18.12990 21.81730 21.59080 34.05090 42.97380 53.04730 59.80310 75.07970 74.35810 87.48950 96.13290 117.52400 112.27800 85.64610 70.69400 61.59930 50.20310 53.21640 60.37120 47.86220 36.08720 35.33920 34.85180 30.17230 31.16080 32.93760 32.67040 33.59700 33.20480 29.58200 27.69460 26.41930 28.22060 31.48970 35.49940 34.58430 40.54970 46.20780 49.90820 50.64960
5.74783 7.90687 7.88440 11.37760 8.81307 7.72702 6.75689 14.32930 18.85720 11.41780 10.70680 4.02354 2.43745 1.88071 1.59850 2.56877 4.40352 4.72821 16.23540 2.00963 5.90522 2.75805 1.94698 1.65251 1.66025 2.81502 9.61466 9.55460 13.36140 8.01298 10.73280 8.40910 13.40390 20.42960 25.30480 38.96920 53.61200 58.24350 71.39120 90.83300 93.89310 106.51700 104.06800 126.06100 139.14301 140.91200 106.75200 89.05040 73.79400 54.09490 74.40260 78.39200 52.39710 39.87100 39.09780 33.98020 35.23870 35.55960 38.13790 38.56260 36.17200 36.28460 34.98630 31.80460 29.18010 31.20870 33.53440 32.39050 33.28870 40.61810 46.48050 52.61330
24.14810 16.74280 40.52160 51.29930 53.28900 38.78910 36.86570 52.04970 57.62610 20.86830 5.54146 3.89371 3.70493 3.14139 3.57627 7.57886 3.71259 6.77684 6.42418 8.67042 14.83330 12.33040 15.76300 19.81430 20.42670 25.54230 40.71160 37.21770 18.41780 14.63510 17.12470 20.07900 24.09000 18.27320 27.10320 39.21600 58.84620 80.20900 95.96750 109.25200 127.49500 106.14700 131.43300 138.93800 131.08800 141.71500 137.95900 102.56900 89.15090 69.28570 58.96470 67.31530 64.92910 44.87940 41.70250 41.65610 40.37730 36.89210 40.06920 41.84550 41.78060 38.93640 36.28400 35.12480 32.76890 30.61190 31.22830 36.18580 38.48960 41.71190 46.02800 52.38990
52.28370 49.20750 46.09410 52.23480 78.28430 79.38250 85.97450 80.96820 69.84380 83.51060 57.59680 46.03900 12.78210 2.99657 2.96372 45.60910 51.05140 33.14940 39.70680 28.31160 39.16950 12.42690 13.71770 15.95860 25.76710 24.87220 27.65970 22.14440 10.50860 6.86715 9.25612 5.56337 11.55630 20.57520 31.51590 33.88090 46.46920 71.61840 96.92540 129.03600 167.41800 134.71500 127.56600 116.73400 128.03600 156.20200 151.17500 142.84200 117.81900 87.61630 75.85430 60.97450 63.36420 48.25800 42.73900 41.36320 44.76900 39.16260 41.07090 41.57380 36.88110 33.94960 33.93480 36.16530 36.76860 32.11490 28.86770 33.40840 39.79290 47.34590 46.03130 47.52660
65.73140 42.41810 43.10060 55.37840 24.03100 21.73580 24.14200 27.09650 28.79590 17.41050 25.08220 20.33240 23.84550 13.70540 2.50691 32.62140 54.54630 81.73120 89.50930 59.67230 30.78010 2.55744 1.27192 9.00200 12.18320 9.80687 13.25460 14.80250 6.55723 4.63803 1.99185 2.52654 9.14746 22.67610 30.29280 41.57070 57.56210 54.55800 80.18080 116.14900 151.93401 127.44500 125.30000 113.87400 97.82020 115.79900 115.19600 132.89500 119.93200 104.88200 84.43340 79.22880 47.87840 46.15180 44.82150 34.62720 32.98130 31.74850 31.47350 31.48600 31.64230 32.72020 37.35460 38.85820 41.68210 37.94490 32.10100 30.13740 30.12380 40.00170 46.97030 50.72110
98.36170 103.15600 91.04240 51.46150 32.50890 15.19920 12.28190 9.01758 9.13124 41.30430 94.04510 104.01600 76.10220 51.62360 25.71960 40.25790 48.41580 60.44710 127.52000 133.68401 64.65440 19.27070 6.08298 3.35635 2.39331 6.31426 8.72763 6.28714 1.93845 2.68691 0.69711 1.45032 6.94028 25.04210 36.05790 53.33140 68.83220 74.83010 81.11210 102.88400 135.23300 155.72400 135.31900 141.39799 139.17799 123.51600 126.01200 135.30901 142.07300 136.80400 99.27710 81.75270 40.71950 37.30370 43.77360 32.15650 48.81040 57.78050 67.80340 67.34150 60.73580 56.24650 47.05070 38.07800 39.70010 42.94810 38.62790 31.80860 29.14560 39.35360 46.16180 46.71810
52.45970 73.85970 49.58070 108.65000 170.59599 158.12100 69.92740 38.63090 15.22260 26.69840 61.34180 129.14101 63.08840 127.59800 171.90300 93.24810 109.14500 116.03200 143.24699 129.56400 77.65170 31.40700 18.72590 18.04350 24.65050 10.70140 11.45220 4.35005 1.65861 1.11376 1.01897 1.64452 6.58792 19.78290 34.16110 49.07370 64.20410 69.52080 92.25540 89.96610 142.32600 146.30701 152.66901 141.47900 117.22700 111.57100 113.86700 96.99700 100.83400 122.10900 81.95770 66.34790 50.67600 36.32930 43.33200 31.04450 33.86540 33.53070 42.24300 43.12830 42.69720 41.62520 41.44940 40.95220 44.53060 48.52970 44.07400 39.86340 32.93870 29.44110 26.31880 33.96270
60.70940 187.97600 336.99301 -9999 255.61400 219.63699 156.08400 124.87500 130.24800 281.11899 200.59801 174.03000 130.02000 38.86540 166.53000 131.54601 40.44960 31.09400 25.02000 153.31799 160.27499 114.42200 96.69660 69.82500 47.60350 52.99860 38.41700 26.63320 10.06400 2.89353 3.45242 5.09206 15.68620 33.22270 43.59860 58.80220 81.72160 123.25200 125.07900 115.12800 111.15100 116.25100 95.76750 123.85600 110.49300 94.13150 85.30320 86.80930 76.74780 74.35910 74.27740 57.45270 37.97440 27.54940 28.28090 32.66250 36.01910 33.37420 29.56240 30.84060 29.96800 30.34580 31.75420 33.56340 32.78670 30.79750 32.57430 31.72310 25.38700 22.07930 19.45740 27.24370
