data/hydroclimate-scenarios/1948-2000.Pcorr55N_Pref_Tref/monthly_summaries/runoff_monthly_tot_jul.asc
ncols	311
nrows	91
xllcenter	102.75
yllcenter	31.75
cellsize	0.5
NODATA_value	-9999
[rows 0 to 31 of 91, columns 0 to 71 of 311]
-9999 -9999 -9999 -9999 -9999 -9999 -9999 -9999 -9999 -9999 -9999 -9999 -9999 -9999 -9999 -9999 -9999 -9999 -9999 -9999 -9999 -9999 -9999 -9999 -9999 -9999 -9999 -9999 -9999 -9999 -9999 -9999 -9999 -9999 -9999 -9999 -9999 -9999 -9999 -9999 -9999 -9999 -9999 -9999 -9999 -9999 -9999 -9999 -9999 -9999 -9999 -9999 -9999 -9999 -9999 -9999 -9999 -9999 -9999 -9999 -9999 -9999 -9999 -9999 -9999 -9999 -9999 -9999 -9999 -9999 -9999 -9999
-9999 -9999 -9999 -9999 -9999 -9999 -9999 -9999 -9999 -9999 -9999 -9999 -9999 -9999 -9999 -9999 -9999 -9999 -9999 -9999 -9999 -9999 -9999 -9999 -9999 -9999 -9999 -9999 -9999 -9999 -9999 -9999 -9999 -9999 -9999 -9999 -9999 -9999 -9999 -9999 -9999 -9999 -9999 -9999 -9999 -9999 -9999 -9999 -9999 -9999 -9999 -9999 -9999 -9999 -9999 -9999 -9999 -9999 -9999 -9999 -9999 -9999 -9999 -9999 -9999 -9999 -9999 -9999 -9999 -9999 -9999 -9999
-9999 -9999 -9999 -9999 -9999 -9999 -9999 -9999 -9999 -9999 -9999 -9999 -9999 -9999 -9999 -9999 -9999 -9999 -9999 -9999 -9999 -9999 -9999 -9999 -9999 -9999 -9999 -9999 -9999 -9999 -9999 -9999 -9999 -9999 -9999 -9999 -9999 -9999 -9999 -9999 -9999 -9999 -9999 -9999 -9999 -9999 -9999 -9999 -9999 -9999 -9999 -9999 -9999 -9999 -9999 -9999 -9999 -9999 -9999 -9999 -9999 -9999 -9999 -9999 -9999 -9999 -9999 -9999 -9999 -9999 -9999 -9999
-9999 -9999 -9999 -9999 -9999 -9999 -9999 -9999 -9999 -9999 -9999 -9999 -9999 -9999 -9999 -9999 -9999 -9999 -9999 -9999 -9999 -9999 -9999 -9999 -9999 -9999 -9999 -9999 -9999 -9999 -9999 -9999 -9999 -9999 -9999 -9999 -9999 -9999 -9999 -9999 -9999 -9999 -9999 -9999 -9999 -9999 -9999 -9999 -9999 -9999 -9999 -9999 -9999 -9999 -9999 -9999 -9999 -9999 -9999 -9999 -9999 -9999 -9999 -9999 -9999 -9999 -9999 -9999 -9999 -9999 -9999 -9999
-9999 -9999 -9999 -9999 -9999 -9999 -9999 -9999 -9999 -9999 -9999 -9999 -9999 -9999 -9999 -9999 -9999 -9999 -9999 -9999 -9999 -9999 -9999 -9999 -9999 -9999 -9999 -9999 -9999 -9999 -9999 -9999 -9999 -9999 -9999 -9999 -9999 -9999 -9999 -9999 -9999 -9999 -9999 -9999 -9999 -9999 -9999 -9999 -9999 -9999 -9999 -9999 -9999 -9999 -9999 -9999 -9999 -9999 -9999 -9999 -9999 -9999 -9999 -9999 -9999 -9999 -9999 -9999 -9999 -9999 -9999 -9999
-9999 -9999 -9999 -9999 -9999 -9999 -9999 -9999 -9999 -9999 -9999 -9999 -9999 -9999 -9999 -9999 -9999 -9999 -9999 -9999 -9999 -9999 -9999 -9999 -9999 -9999 -9999 -9999 -9999 -9999 -9999 -9999 -9999 -9999 -9999 -9999 -9999 -9999 -9999 -9999 -9999 -9999 -9999 -9999 -9999 -9999 -9999 -9999 -9999 -9999 -9999 -9999 -9999 -9999 -9999 -9999 -9999 -9999 -9999 -9999 -9999 -9999 -9999 -9999 -9999 -9999 -9999 -9999 -9999 -9999 -9999 -9999
-9999 -9999 -9999 -9999 -9999 -9999 -9999 -9999 -9999 -9999 -9999 -9999 -9999 -9999 -9999 -9999 -9999 -9999 -9999 -9999 -9999 -9999 -9999 -9999 -9999 -9999 -9999 -9999 -9999 -9999 -9999 -9999 -9999 -9999 -9999 -9999 -9999 -9999 -9999 -9999 -9999 -9999 -9999 -9999 -9999 -9999 -9999 -9999 -9999 -9999 -9999 -9999 -9999 -9999 -9999 -9999 -9999 -9999 -9999 -9999 -9999 -9999 -9999 -9999 -9999 -9999 -9999 -9999 -9999 -9999 -9999 -9999
-9999 -9999 -9999 -9999 -9999 -9999 -9999 -9999 -9999 -9999 -9999 -9999 -9999 -9999 -9999 -9999 -9999 -9999 -9999 -9999 -9999 -9999 -9999 -9999 -9999 -9999 -9999 -9999 -9999 -9999 -9999 -9999 -9999 -9999 -9999 -9999 -9999 -9999 -9999 -9999 -9999 -9999 4.17247 4.02230 4.03721 4.09315 4.04060 4.14980 3.94451 4.21662 4.11537 3.43909 -9999 -9999 -9999 -9999 -9999 -9999 -9999 -9999 -9999 -9999 -9999 -9999 -9999 -9999 -9999 -9999 -9999 -9999 -9999 -9999
-9999 -9999 -9999 -9999 -9999 -9999 -9999 -9999 -9999 -9999 -9999 -9999 -9999 -9999 -9999 -9999 -9999 -9999 -9999 -9999 -9999 -9999 -9999 -9999 -9999 -9999 -9999 -9999 -9999 -9999 -9999 -9999 -9999 -9999 -9999 -9999 -9999 -9999 4.41794 5.05790 4.85532 4.68214 4.53803 3.98645 4.07571 3.90039 3.71365 3.80596 3.97044 4.05086 4.36843 5.05156 5.04919 5.64230 -9999 -9999 -9999 -9999 -9999 -9999 -9999 -9999 -9999 -9999 -9999 -9999 -9999 -9999 -9999 -9999 -9999 -9999
-9999 -9999 -9999 -9999 -9999 -9999 -9999 -9999 -9999 -9999 -9999 -9999 -9999 -9999 -9999 -9999 -9999 -9999 -9999 -9999 -9999 -9999 -9999 -9999 -9999 -9999 -9999 -9999 -9999 -9999 -9999 -9999 -9999 -9999 -9999 -9999 -9999 -9999 -9999 -9999 4.43053 4.36737 4.74270 4.44251 4.41648 4.58778 4.36619 4.07212 4.00100 4.16574 4.00639 3.48186 3.63421 3.80122 -9999 -9999 -9999 -9999 -9999 -9999 -9999 -9999 -9999 -9999 -9999 -9999 -9999 -9999 -9999 -9999 -9999 -9999
-9999 -9999 -9999 -9999 -9999 -9999 -9999 -9999 -9999 -9999 -9999 -9999 -9999 -9999 -9999 -9999 -9999 -9999 -9999 -9999 -9999 -9999 -9999 -9999 -9999 -9999 -9999 -9999 -9999 -9999 -9999 -9999 -9999 -9999 -9999 -9999 -9999 -9999 -9999 -9999 -9999 -9999 -9999 -9999 4.32155 4.20112 4.56177 5.22799 4.62060 4.62120 4.68027 4.90357 3.89383 4.37095 -9999 -9999 -9999 -9999 -9999 -9999 3.00676 -9999 -9999 -9999 -9999 -9999 -9999 -9999 -9999 -9999 -9999 -9999
-9999 -9999 -9999 -9999 -9999 -9999 -9999 -9999 -9999 -9999 -9999 -9999 -9999 -9999 -9999 -9999 -9999 -9999 -9999 -9999 -9999 -9999 -9999 -9999 -9999 -9999 -9999 -9999 -9999 -9999 -9999 -9999 -9999 -9999 -9999 -9999 -9999 -9999 -9999 -9999 -9999 4.68420 4.63965 4.64560 4.76038 4.30774 4.69443 5.51363 5.33647 4.93964 5.25255 5.31712 4.13102 4.60782 -9999 -9999 -9999 -9999 -9999 3.38910 3.31193 3.40884 3.42485 3.19675 3.21769 2.85041 2.93619 3.26935 3.05760 2.86518 2.82923 2.88342
-9999 -9999 -9999 -9999 -9999 -9999 -9999 -9999 -9999 -9999 -9999 -9999 -9999 -9999 -9999 -9999 -9999 -9999 -9999 -9999 -9999 -9999 -9999 -9999 -9999 -9999 -9999 -9999 -9999 -9999 -9999 -9999 -9999 -9999 -9999 -9999 -9999 -9999 -9999 -9999 -9999 4.71979 4.85100 3.94859 3.73063 4.03388 4.98828 6.06614 5.26619 4.94960 5.15106 6.12470 4.98440 5.11247 4.84796 4.44324 4.25955 -9999 3.72559 3.85076 3.67657 3.47260 3.49522 3.82612 3.87911 3.67146 3.44562 3.30874 3.14970 3.07032 3.02420 3.16435
-9999 -9999 -9999 -9999 -9999 -9999 -9999 -9999 -9999 -9999 -9999 -9999 -9999 -9999 -9999 -9999 -9999 -9999 -9999 -9999 -9999 -9999 -9999 -9999 -9999 -9999 -9999 -9999 -9999 -9999 -9999 -9999 -9999 -9999 -9999 5.00665 4.34223 4.47268 4.46895 4.08063 4.01219 3.95683 4.20775 3.43069 4.22190 4.63782 3.94930 4.68405 5.48387 6.03932 5.90953 6.85647 7.21211 6.67594 5.11993 5.61223 5.28650 4.89554 4.25078 3.97197 3.79370 3.72114 3.55374 4.62368 4.52448 3.95776 4.04819 3.71275 3.50853 2.51130 2.57918 2.37947
-9999 -9999 -9999 -9999 -9999 -9999 -9999 -9999 -9999 -9999 -9999 -9999 -9999 -9999 -9999 -9999 -9999 -9999 -9999 -9999 -9999 -9999 -9999 -9999 -9999 -9999 -9999 -9999 -9999 -9999 -9999 -9999 -9999 -9999 3.33335 3.45255 3.42888 3.39215 3.23306 2.99417 2.94004 2.85869 2.81374 4.71113 4.07427 3.98691 4.12894 4.92123 6.58853 7.01942 6.45706 5.44439 7.44891 6.12965 5.59432 5.09091 4.28497 4.44352 3.68866 3.93897 4.04219 4.36248 4.45796 4.80728 4.26392 4.00198 4.04185 4.19643 4.76620 4.54174 4.96504 5.09622
-9999 -9999 -9999 -9999 -9999 -9999 -9999 -9999 -9999 -9999 -9999 -9999 -9999 -9999 -9999 -9999 -9999 -9999 -9999 -9999 -9999 -9999 -9999 -9999 -9999 -9999 -9999 -9999 -9999 -9999 -9999 -9999 -9999 3.50207 3.45444 3.24612 3.27854 3.17968 3.08238 2.76218 2.73600 2.81688 3.62548 4.58717 3.96084 4.08821 4.65450 5.33985 6.82665 7.41781 8.05225 8.22822 9.11434 6.36662 4.62450 5.09473 4.78099 4.72088 3.90536 4.21932 4.51047 4.38991 4.01735 3.95460 4.27741 4.27747 4.37362 4.56218 4.71008 4.75758 4.94303 4.90166
-9999 -9999 -9999 -9999 -9999 -9999 -9999 -9999 -9999 -9999 -9999 -9999 -9999 -9999 -9999 -9999 -9999 -9999 -9999 -9999 -9999 -9999 -9999 -9999 -9999 -9999 -9999 -9999 -9999 -9999 -9999 3.39071 2.97936 3.07678 3.01731 3.33299 3.22903 2.86858 2.78519 2.72920 2.83262 3.15571 3.68454 3.74416 4.00878 4.46835 5.18564 5.44134 5.92059 5.88045 6.89749 7.92015 9.76165 6.17156 5.73033 4.99618 4.15400 4.18986 4.51431 4.93207 4.34520 3.80424 3.78867 3.54432 3.73409 4.27569 4.24887 4.13987 4.21427 5.19593 5.45333 5.99223
-9999 -9999 -9999 -9999 -9999 -9999 -9999 -9999 -9999 -9999 -9999 -9999 -9999 -9999 -9999 -9999 -9999 -9999 -9999 -9999 -9999 -9999 -9999 -9999 -9999 -9999 -9999 -9999 -9999 2.73963 2.77697 2.94192 2.94520 2.99038 3.01353 3.08176 3.18098 3.12016 3.01011 2.79265 3.27197 4.27486 3.17857 3.76128 4.01636 4.67847 5.03147 5.72831 6.69877 6.89936 7.04107 8.45325 8.77941 5.87904 6.55354 6.14802 4.82864 5.07490 4.13889 4.16845 4.04954 3.83926 3.67325 3.88184 3.75828 3.92413 4.35318 5.11872 5.39826 5.30182 5.06124 6.16847
-9999 -9999 -9999 -9999 -9999 -9999 -9999 -9999 -9999 -9999 -9999 -9999 -9999 -9999 -9999 -9999 -9999 -9999 -9999 -9999 -9999 -9999 -9999 -9999 5.16965 4.89762 4.47043 4.20561 4.24237 4.48428 4.48132 4.15585 4.02185 4.36598 4.40907 4.47253 5.15464 4.86838 4.73809 4.18155 4.07934 5.48414 4.20715 4.16679 4.20257 4.62852 4.78576 5.70636 6.98274 7.41507 7.16676 10.80410 9.09493 8.06399 7.48315 7.01361 5.96335 5.73201 5.65751 3.41074 2.95658 2.82620 2.78345 2.72055 2.65403 2.92229 2.86922 2.80021 2.96552 3.52172 5.29991 5.88980
-9999 -9999 -9999 -9999 -9999 -9999 4.49384 4.22790 4.24239 4.83079 4.62738 -9999 -9999 -9999 -9999 -9999 -9999 -9999 -9999 -9999 -9999 5.47847 5.58979 5.54460 5.59068 5.24346 4.78625 4.83839 4.59570 4.74667 4.57089 4.26964 4.47943 4.61690 4.76785 4.80015 4.83164 4.85530 5.31806 4.44977 4.33977 4.26896 5.84412 4.23297 4.32682 4.57508 4.80361 5.72001 7.26299 7.42384 8.84114 9.57415 9.01210 9.54091 7.59053 6.55807 6.09515 5.78757 5.04557 3.15796 3.12857 3.09645 3.20261 3.18330 3.26769 2.71961 2.60425 2.92388 3.13889 3.10120 3.57477 5.09897
-9999 -9999 -9999 -9999 -9999 4.64423 4.59067 4.84790 4.37266 5.04517 4.79119 6.65797 6.58834 6.83674 -9999 -9999 -9999 6.88134 6.72772 5.88729 5.84835 5.74619 5.76705 5.56921 6.36183 5.97353 5.67035 5.18117 5.14700 5.46746 5.16281 4.64573 4.74126 5.17281 5.10957 5.57591 5.65769 5.75200 5.79340 5.44482 5.32713 5.51105 6.39346 5.77639 5.35050 5.14635 6.05296 7.28374 7.90385 7.78816 8.35026 7.93889 8.16990 7.17782 6.74771 7.12458 7.27199 5.93408 4.56828 3.49294 3.30216 3.37783 2.94341 2.89603 3.54710 4.07303 3.97302 4.06692 3.75308 3.93546 3.96927 4.74561
-9999 4.16339 3.68367 3.59133 3.64949 4.63504 5.04964 4.73450 4.90353 5.07747 5.29113 6.91829 7.17916 7.07355 6.88301 6.60235 6.19758 6.78959 7.14286 6.33684 5.86275 5.40625 5.67617 6.08754 5.83885 6.00298 5.65067 5.53676 5.45157 5.44880 5.05644 4.59190 4.57016 4.90641 4.95601 5.53566 5.67049 5.73966 5.78488 5.38296 5.28464 5.44597 6.27784 6.12553 5.14778 5.15619 5.68779 6.35741 6.66432 7.38780 8.42687 9.54202 8.53961 8.05448 8.09626 8.56463 7.97323 5.58845 5.62053 3.98571 3.33282 3.64563 4.11750 3.93695 4.49710 4.22227 3.74284 4.50573 4.10568 4.92056 6.32900 8.12593
-9999 7.24451 6.89402 6.95950 6.70796 6.60801 6.21675 6.12638 5.88813 6.02872 6.25509 6.73982 7.21272 6.98599 7.18297 6.98899 7.41441 7.24958 7.07802 6.74921 6.46922 6.57170 8.20156 6.54899 6.12052 5.87882 5.73663 5.56221 5.53325 5.42362 5.10228 4.80477 4.71602 4.72354 5.04781 5.32722 5.37870 5.52488 5.59606 5.70303 5.68907 5.53945 5.29192 6.47766 5.90467 4.95969 5.34358 5.65837 6.36532 7.51298 8.23176 8.25559 8.22696 10.39570 9.57734 8.25914 7.66476 7.00775 5.91417 4.80108 5.25663 5.72712 5.94553 4.61481 5.60236 5.92705 5.97431 5.96689 6.31750 6.33937 6.75510 7.75865
-9999 -9999 -9999 7.27261 7.16078 6.83734 6.49765 6.31487 6.15827 5.77069 6.28386 6.31062 6.26920 6.67870 6.90875 6.74599 7.03810 6.56424 6.81569 7.20023 8.17220 8.25846 7.89732 6.84377 6.19210 5.82450 5.72568 5.43443 5.12495 5.01758 4.79088 4.56457 4.70693 4.80624 5.11240 6.49648 5.06494 5.36986 5.78722 5.93290 5.93864 6.58740 6.62642 6.54909 6.64168 5.99710 6.26955 5.46372 5.76929 6.68437 7.35709 7.61268 8.11544 9.89668 9.14250 9.23372 8.06924 6.43223 6.92040 5.57263 5.67450 6.58072 6.55573 6.50327 5.93048 5.90678 5.55879 6.77515 7.48279 8.04047 8.04187 8.59569
-9999 -9999 -9999 -9999 -9999 -9999 6.81509 6.52301 6.73600 6.05562 6.26064 7.25057 7.17174 7.24947 7.06325 6.22626 6.35373 7.37289 7.14570 6.88166 6.62477 6.47130 6.01322 6.22266 6.07882 6.08678 5.57551 5.38958 6.44475 5.05015 4.95024 4.74298 5.95838 6.00270 5.87714 6.23462 7.21785 6.62328 6.71958 6.97110 6.80160 6.48349 6.31962 6.01899 6.28832 6.17739 6.65062 6.87973 6.70278 6.93640 8.01991 8.55544 8.97332 8.00635 8.74428 8.96774 8.62919 9.16477 9.11884 7.15255 6.45211 6.82637 6.56393 6.36543 6.99379 7.39850 6.30709 7.37707 8.35502 8.27203 8.34969 8.80151
-9999 -9999 -9999 -9999 -9999 -9999 7.57279 7.25274 6.91437 7.26371 6.99694 7.12103 6.95540 6.83409 6.83797 6.90254 6.66015 6.60753 6.41366 6.42083 6.42415 6.31422 6.25982 6.47896 6.10904 5.70897 5.16968 5.17041 6.67850 6.87629 6.57996 6.06640 6.00765 6.26436 6.49999 6.79908 6.98690 6.82572 6.74377 6.56731 6.90588 6.67719 6.66568 6.22781 5.85927 5.84376 6.11423 6.13748 6.36413 6.77947 7.41206 7.15775 7.45776 7.85357 7.63562 6.66993 7.32340 8.15842 7.24083 7.33146 8.31956 8.18331 8.76374 7.19099 7.41685 6.56019 6.83524 7.13321 7.72712 8.12194 9.05651 10.23260
-9999 -9999 -9999 -9999 -9999 -9999 -9999 -9999 -9999 -9999 6.80875 7.40144 7.33523 6.46717 6.81458 6.39009 6.34370 6.33382 6.04953 6.11124 6.24080 6.47177 6.61277 5.91923 5.77730 5.88830 5.55941 5.43669 5.29191 6.93124 6.79501 6.79997 7.08941 6.92546 7.08981 6.75418 6.93512 7.08932 6.90785 6.83475 7.06563 6.38173 5.04914 6.63354 6.59496 6.62476 6.80271 6.12815 6.37067 6.41674 6.46898 6.21371 6.47824 6.85464 6.55085 6.93758 6.89613 6.55848 6.78355 7.61255 6.74942 7.20408 7.27083 7.15829 7.71202 7.33879 7.54133 6.70112 8.52458 9.13382 10.08490 10.75900
-9999 -9999 -9999 -9999 -9999 -9999 -9999 -9999 -9999 -9999 5.72996 6.28338 6.82213 6.38168 6.56631 6.30902 6.22829 6.11411 6.44911 6.51150 6.51013 6.79729 6.74569 6.07586 5.85367 5.61038 5.08173 5.48961 5.25309 6.78534 6.98225 6.79410 7.52472 6.97581 7.24186 7.46340 6.79881 5.35129 5.59473 5.39354 5.22601 5.22313 5.22308 5.32180 5.26357 5.10259 5.11817 4.87846 4.67515 6.22073 6.37124 6.33126 6.16493 6.01169 5.93178 5.72267 6.05092 6.21155 6.07335 6.38470 6.41875 6.27597 6.37603 7.32424 6.90083 7.31522 7.36862 6.08924 6.60832 9.08663 11.15260 10.89550
-9999 -9999 -9999 -9999 -9999 -9999 -9999 -9999 -9999 -9999 -9999 -9999 5.95432 6.83872 7.16171 6.99276 6.04678 5.51961 5.91719 5.69865 5.91801 6.30319 5.92940 5.38424 5.59645 5.30364 5.29380 5.59583 5.61138 5.48258 7.17136 6.94776 6.97187 5.40841 5.28527 5.52608 5.39145 5.52997 5.44482 5.38928 5.30248 5.06852 5.22847 5.13055 5.09284 5.19313 5.16511 4.73813 4.68045 4.71241 6.13936 6.46700 5.75142 6.23821 5.49442 5.26871 5.77646 6.43989 6.56779 6.33366 6.52442 6.66014 6.52384 7.24800 6.76924 7.12723 7.56830 5.94665 7.12344 7.73245 10.85910 11.81040
-9999 -9999 -9999 -9999 -9999 -9999 -9999 -9999 -9999 -9999 -9999 -9999 5.96839 6.57181 6.91211 6.84270 6.87500 6.68538 6.72047 6.42895 5.72476 5.99220 6.22377 5.68311 6.04444 5.88409 5.64180 6.05300 5.99698 6.23375 6.30874 6.30886 5.89035 5.72085 5.90296 5.83492 6.11888 6.09912 5.88309 5.41169 5.24291 5.09337 5.06957 5.14302 5.12775 6.35923 6.48199 6.63724 6.12073 6.17001 6.71930 6.33454 6.13226 5.90013 5.72048 5.59234 5.91945 6.46598 6.62123 6.47598 6.23583 6.21558 6.45131 6.93717 7.21480 7.68309 7.76848 8.39561 8.86317 10.69100 10.80600 10.31370
-9999 -9999 -9999 -9999 -9999 -9999 -9999 -9999 -9999 -9999 -9999 5.72766 6.22565 6.01338 6.08727 7.22154 6.12527 5.05380 5.39591 5.32331 4.79271 6.08104 6.07177 6.65079 6.92240 6.92485 6.93107 6.33909 6.23824 5.97719 6.03369 6.11961 5.91816 5.74844 5.69128 5.22008 5.37835 5.58591 5.82891 6.11946 5.84649 5.98204 5.76398 5.44769 5.16673 5.04434 5.28037 6.09802 6.21710 5.83352 5.73847 6.12567 6.06140 5.79026 5.17917 5.71737 5.94115 6.52768 6.63188 6.19882 6.44533 6.87275 7.24635 7.36158 7.50865 7.20282 7.80178 8.14654 9.27917 9.47186 11.32470 13.34900
-9999 -9999 -9999 -9999 -9999 -9999 -9999 -9999 -9999 -9999 -9999 5.12327 6.03658 6.16093 6.08506 7.02837 5.57144 5.31537 5.28412 5.60834 5.70304 6.39973 6.31534 6.67869 6.49682 6.67066 6.69170 6.50745 6.26512 6.13917 6.26243 6.16656 5.92910 5.83540 5.79028 5.51599 5.22596 5.51387 6.04180 5.93401 5.93249 6.10175 7.02791 6.93779 6.84737 7.58507 7.43268 6.02976 5.50753 5.45634 5.80174 5.93731 5.75987 5.53469 5.35209 6.61006 6.77369 6.58203 6.65672 6.89598 6.75020 7.26504 7.38441 7.06467 7.13912 7.88511 8.37572 8.36314 9.93868 11.26430 11.55070 10.57090
