data/hydroclimate-scenarios/1948-2000.Pcorr55N_Pref_Tref/monthly_summaries/runoff_monthly_tot_apr.asc
ncols	311
nrows	91
xllcenter	102.75
yllcenter	31.75
cellsize	0.5
NODATA_value	-9999
[rows 32 to 63 of 91, columns 0 to 71 of 311]
-9999 -9999 -9999 -9999 -9999 -9999 -9999 -9999 -9999 -9999 -9999 2.13206 1.74343 2.46111 1.75456 1.03523 1.27553 1.72485 0.90089 0.91002 0.99224 1.52035 2.20883 1.93836 2.29822 2.68386 2.55791 3.15218 3.27167 4.28103 3.72340 4.48949 4.20727 4.26356 3.35963 6.11080 6.03144 5.54252 4.90569 4.61362 4.56987 4.51663 4.36569 3.32966 3.62281 2.71049 2.37144 2.61310 2.14271 3.52097 3.97060 4.54727 4.77562 4.56975 5.40208 5.37033 5.76817 6.85649 7.85042 5.66691 6.07830 5.91363 6.68780 8.25755 8.21097 7.21195 4.79632 3.01888 2.40998 1.46867 1.59656 0.29866
-9999 -9999 -9999 -9999 -9999 -9999 -9999 -9999 -9999 -9999 -9999 1.96690 1.53045 2.05747 2.05717 1.51711 1.53794 1.67256 1.86039 1.94325 2.02326 2.41101 2.91323 2.60316 1.92993 1.86659 1.74391 2.39192 3.77645 7.37856 8.92921 5.66507 5.47762 6.23517 6.96799 10.90040 8.77662 6.80823 5.87046 3.16256 4.53960 3.18085 3.76884 3.25170 2.48630 2.05171 1.71307 2.72614 2.70702 4.71964 5.26298 6.41333 6.94104 8.05733 8.08418 7.01108 6.93698 7.92823 7.77618 6.13110 6.19080 6.97549 9.02818 7.20307 6.96100 5.91158 6.17756 4.61382 3.77175 2.44143 2.73484 0.36496
-9999 -9999 -9999 -9999 -9999 -9999 -9999 -9999 -9999 -9999 -9999 -9999 1.92667 1.92516 2.37076 2.51985 2.41275 2.82584 3.25255 3.81959 3.22951 2.70491 1.84707 1.34169 1.15314 0.94516 1.22015 1.54943 2.96649 4.56173 6.17201 9.26253 9.73750 9.36655 9.58104 9.20619 7.14621 6.31721 6.38654 3.71346 3.17330 2.51009 2.46411 4.35693 3.56656 2.64504 3.14158 2.89725 2.95919 4.46520 6.47667 6.36276 6.13518 7.94968 9.86081 10.58320 10.59740 11.07750 9.60981 10.16950 11.31870 10.13900 9.44231 7.91900 8.79694 8.31655 7.80375 3.85884 2.86920 1.89879 3.49277 1.61959
-9999 -9999 -9999 -9999 -9999 -9999 -9999 -9999 -9999 -9999 -9999 -9999 3.28025 3.12962 3.09473 3.61528 4.10737 4.30895 4.38753 4.02478 3.76889 1.74597 1.40693 1.36598 0.88736 2.66247 3.62510 2.04671 3.76668 3.98444 4.11068 6.66168 10.52840 11.12530 10.21390 8.79201 8.10970 7.89159 7.64297 3.87630 4.02787 2.09227 2.46777 3.24940 4.03269 3.56904 3.48331 3.14035 4.30900 3.52230 4.16240 7.89710 8.46791 11.61490 13.10710 13.49020 13.13150 13.57580 9.54882 9.06389 9.75047 5.79139 5.86670 6.52654 6.98230 9.39576 7.59870 6.29648 5.10872 4.19991 3.21801 2.31167
-9999 -9999 -9999 -9999 -9999 -9999 -9999 -9999 -9999 -9999 -9999 -9999 4.56099 5.69511 6.56173 4.77462 4.73694 4.55352 3.74076 3.09708 2.55233 1.81292 2.14881 1.92873 2.16089 1.93310 2.40450 4.11147 4.04033 5.56733 6.13370 9.60525 7.49525 7.65328 9.64578 10.05030 9.37282 7.63064 7.95593 5.65111 2.91972 1.47496 2.14038 1.89323 2.39231 1.54783 1.76623 1.80539 1.47320 4.12799 5.41601 4.68774 7.64767 8.56556 7.83065 6.43597 7.05299 7.83364 6.66109 6.22249 6.14671 4.73333 5.86083 8.27587 10.00310 8.10690 6.57735 5.54973 3.43158 3.50716 3.51751 3.01280
-9999 -9999 -9999 6.15021 5.11472 5.68083 6.18901 4.90409 4.40323 -9999 4.10528 4.99946 6.26947 7.21424 7.08314 5.92101 4.83909 5.27898 3.12631 2.53073 2.90547 3.04581 3.43484 2.68983 2.68854 3.05343 4.21150 4.50570 4.80169 5.42151 5.98046 7.83448 8.35695 7.31911 8.84447 8.05299 8.78848 7.15502 7.08891 6.57181 5.22602 2.65595 3.01034 2.64576 1.74481 1.85379 1.07579 3.67588 4.68044 4.58684 3.90410 3.29950 4.03609 4.57236 5.63423 3.86751 3.32867 8.09900 4.67703 7.50054 8.13228 6.35161 6.76669 6.49257 9.16988 7.90559 6.31298 3.87846 3.04882 3.19013 3.38376 2.56367
-9999 -9999 -9999 7.30106 7.44736 6.78869 6.25788 6.70309 7.11027 7.84241 8.15314 8.92954 5.70966 7.29575 5.64429 6.34289 4.26476 4.88645 4.04926 4.34796 5.37193 3.18596 5.12511 5.15635 3.82207 4.77982 4.58978 6.23552 5.63015 5.37390 5.10888 6.22648 6.71561 7.38381 9.14103 7.82949 9.66493 6.93944 8.70386 3.42945 4.06949 5.04592 3.47808 2.13557 2.25370 1.63300 1.69844 6.36544 3.19482 2.86526 2.86362 4.03945 3.23339 4.22590 7.38382 5.87842 7.95333 8.40889 6.22469 5.87962 6.82406 7.23502 6.89356 5.98375 5.71424 8.17727 6.71638 5.81780 4.72510 3.36223 1.88155 1.81532
-9999 -9999 -9999 11.40640 9.31737 7.85160 7.38286 8.52640 9.78945 10.41020 9.40255 8.72506 6.62905 7.58679 5.74313 6.90338 3.37915 4.51565 6.95575 6.73662 6.49139 4.27175 4.34009 3.90697 3.53790 4.90310 5.22241 5.75165 6.33957 5.31010 3.86028 4.75761 5.77912 7.58606 7.44157 8.25331 9.16425 9.72248 10.89070 7.56678 7.25127 5.71767 4.27309 2.94866 5.12844 5.95733 4.71974 3.64272 4.07797 3.29117 2.59728 7.00776 6.05045 7.39042 8.19273 8.18053 9.21887 9.01951 7.88311 6.88149 7.68120 8.56354 10.01010 8.03398 8.10116 6.09917 6.50822 5.24274 2.29172 1.73610 1.01521 2.27409
-9999 -9999 -9999 11.70960 14.58560 9.67663 12.27710 10.38850 11.01520 10.85830 10.63780 10.16460 8.76458 6.37570 6.84148 8.13340 5.42849 5.50566 6.12042 6.62927 7.11273 4.80683 4.26127 3.89327 3.83336 5.35545 6.90600 7.94791 6.71173 4.65146 4.66010 5.68639 5.26536 5.63563 5.84884 5.37262 7.77324 9.85461 9.01938 10.16910 11.08100 4.77475 2.74795 2.77530 6.51343 3.09682 2.44813 5.65450 3.27808 6.31774 3.62798 5.09540 5.00860 5.21723 6.82867 7.13450 7.38729 6.36889 5.90025 5.69161 3.94139 6.97654 8.69083 7.38503 5.65156 3.97844 3.57226 4.90137 2.59188 1.06578 2.92969 5.56359
-9999 -9999 -9999 13.93160 15.35970 10.26370 11.28340 11.29130 9.71045 10.51870 13.75710 11.39530 8.48885 7.23813 5.63348 7.31977 6.76803 7.27122 8.30350 8.14134 6.79268 6.31554 4.90906 5.39293 5.63060 6.27433 7.05360 7.19269 5.96391 5.06902 4.99002 5.19560 5.04963 6.91202 8.17069 8.63402 8.73583 9.51484 10.49520 10.28890 9.70370 6.79872 6.27771 7.31130 6.41427 5.76107 6.26373 6.67007 5.27670 6.08892 5.40926 8.41481 5.72434 5.19622 8.49535 5.57581 8.03703 7.88967 7.44577 4.91884 5.88692 7.89084 8.96046 5.89109 5.59626 7.24878 6.26006 4.25870 3.40026 4.31275 8.52926 -9999
-9999 -9999 -9999 -9999 13.28630 11.03980 11.34000 9.12859 9.88756 11.69340 14.74340 10.45240 7.07873 8.70193 -9999 -9999 -9999 -9999 -9999 5.66062 6.20162 6.10055 5.66504 5.10479 5.61345 5.34504 5.74022 5.92780 5.62322 5.61222 6.15739 6.09631 6.65691 6.99715 7.48043 8.37973 8.89880 9.25016 10.12110 11.22490 13.06150 12.57860 10.56230 8.79536 9.13927 9.46665 9.90733 7.18855 8.05573 9.32018 9.05575 7.84937 10.26420 7.61169 7.20062 6.39086 5.94562 5.53988 5.41352 6.80825 5.72908 4.62603 4.21694 7.90385 8.19291 5.90958 8.35218 11.29650 14.41920 -9999 -9999 -9999
-9999 -9999 15.02620 14.78010 13.07530 13.18300 12.42700 8.59735 11.90600 12.66670 15.03800 10.77260 7.44074 -9999 -9999 -9999 -9999 -9999 5.07540 6.08521 5.39179 5.25088 5.39521 5.53744 4.97206 4.74855 4.27183 4.62919 4.72089 4.95475 4.77271 5.14047 6.02579 6.26940 6.63752 7.13781 8.09685 9.03271 9.25897 10.32920 11.62050 11.21830 11.16290 12.16970 13.24510 13.65340 13.13000 13.78480 14.87810 14.55680 14.06830 12.41590 9.45410 9.93235 8.26063 11.08160 9.95410 6.45757 6.75842 11.42990 10.76040 9.90858 7.66417 7.03739 8.90222 9.85701 13.80450 -9999 -9999 -9999 -9999 -9999
-9999 -9999 17.52980 16.71790 15.37910 14.10750 14.41140 11.81870 14.21130 15.77350 12.51510 9.41078 11.23150 -9999 -9999 -9999 -9999 8.53664 7.38386 7.06861 5.64349 3.89014 3.52159 3.75022 3.54764 3.82338 3.98063 3.84062 3.69556 3.72401 4.10394 4.71697 4.95532 5.50610 6.51530 7.32025 7.71293 6.91495 8.62175 8.97540 9.45426 9.62956 9.79917 10.81360 10.01300 10.88030 11.85900 13.00910 14.09370 14.22740 13.32040 13.42830 13.65710 13.18530 13.65550 14.83240 14.27190 9.40832 8.80760 9.67489 9.62612 6.66754 8.74653 13.70490 18.60150 -9999 -9999 -9999 -9999 -9999 12.78560 -9999
-9999 -9999 19.92140 16.48430 15.05840 13.75200 14.92830 15.67620 15.48390 15.08550 11.44620 12.60420 10.07850 -9999 -9999 -9999 -9999 7.00224 8.57993 6.39928 4.22420 2.62721 2.26781 2.45008 2.48466 3.01870 3.63553 3.52241 3.40509 3.57616 3.84982 4.15330 4.59021 5.42382 5.91163 6.87511 7.34444 7.30026 7.74007 7.13507 8.14698 8.96304 9.32741 10.03340 10.47560 9.65763 10.19360 10.22930 10.58180 10.56650 11.17560 12.09590 13.43200 13.21200 12.52640 13.55120 16.03060 13.54250 14.39280 14.72320 15.06770 17.83090 21.72630 19.14610 15.32980 11.49150 17.39210 10.40370 10.28480 -9999 -9999 -9999
-9999 -9999 -9999 20.71260 17.04400 14.91830 13.79370 14.26710 14.56190 15.47310 17.85560 11.72050 -9999 -9999 -9999 -9999 8.77477 8.77678 7.59261 5.11114 3.49830 2.01951 2.20992 2.29928 2.39072 2.95594 3.29008 3.35231 3.63009 4.19913 4.20515 3.96042 3.96424 3.94047 4.18078 4.80950 4.96267 5.01734 5.79313 5.36471 6.24873 6.38182 7.80736 8.10701 8.33277 10.74730 10.13080 9.96249 9.68010 9.93941 11.59060 11.32430 11.48360 12.00000 11.83980 11.88840 12.24960 11.30650 12.18630 16.05840 18.49490 21.81990 16.44520 6.45337 2.66602 12.87930 16.09350 16.28690 17.31680 11.21710 -9999 -9999
-9999 -9999 -9999 -9999 19.89180 15.83600 14.53540 14.53970 14.36630 15.15700 8.41456 -9999 -9999 -9999 -9999 9.75335 10.76370 8.77165 6.23004 3.77990 2.51147 1.68396 1.73917 2.05617 2.33150 2.22675 2.38515 2.62975 3.29596 3.39529 3.59091 2.96802 2.94756 3.05473 3.94727 4.83781 5.34822 5.09907 5.37292 5.01752 5.53296 5.73205 5.85438 6.23068 6.38382 8.65079 10.98810 9.65382 8.88747 9.33098 11.25380 11.05420 12.26820 12.69020 12.81830 14.05190 15.63350 13.44390 13.44870 18.17440 15.08620 13.72850 15.26950 14.83510 9.83991 16.03230 18.65750 18.99970 13.99230 12.21270 12.74860 9.81742
-9999 -9999 -9999 -9999 -9999 -9999 16.70680 18.51050 9.15372 8.97413 12.58420 -9999 -9999 -9999 -9999 -9999 11.19790 6.96601 4.92195 2.84375 2.30960 1.23177 1.69569 1.93561 1.83800 1.58775 1.69462 2.72034 2.93173 2.86527 2.97735 2.54502 2.38564 3.48910 3.74893 3.37266 4.62234 5.34878 4.64850 5.04113 5.19946 6.09160 6.69186 6.52354 7.19779 6.62515 7.26426 9.63482 9.96894 9.85855 10.30910 10.98000 13.08480 13.83880 12.69250 15.43430 13.48180 14.09770 13.88810 14.31880 15.00130 15.25240 14.65770 12.08250 8.42903 13.40600 17.61170 18.71850 17.43610 15.58830 14.63870 11.41500
-9999 -9999 -9999 -9999 -9999 -9999 -9999 -9999 -9999 -9999 -9999 -9999 -9999 -9999 -9999 -9999 -9999 -9999 -9999 2.74351 2.21501 1.34798 1.50784 1.44925 1.54275 1.57143 2.23408 1.87712 2.27428 2.73760 3.11500 2.54881 3.05798 3.52797 3.45681 3.37762 3.68936 4.12396 4.24614 5.03642 5.36355 5.29103 5.50151 5.66637 6.26233 5.76877 5.95290 8.01469 8.88071 11.44290 13.40250 10.95180 10.21720 8.81237 8.42308 9.25186 11.33370 14.13200 14.15880 14.98850 11.92040 14.03250 14.49960 11.39280 9.21462 13.41170 15.29810 15.71490 16.33360 12.12090 13.54500 9.98005
-9999 -9999 -9999 -9999 -9999 -9999 -9999 -9999 -9999 -9999 -9999 -9999 -9999 -9999 -9999 -9999 -9999 -9999 3.62122 2.62600 1.86618 1.28615 1.17247 1.20268 1.26137 1.40435 1.71556 2.21455 1.87506 2.01577 2.21714 2.53404 2.82168 2.81078 3.36338 3.50461 3.84946 3.78204 4.34409 4.59263 5.04666 4.97067 5.16110 6.29760 6.59889 7.01345 6.14465 3.42703 4.70787 5.85770 6.65745 11.24150 12.19220 12.08160 9.00004 8.42280 9.83868 12.77860 12.81040 14.29550 13.26590 13.46260 14.16470 14.87910 12.35920 13.81880 16.98660 15.98590 18.47940 17.60230 17.81520 8.46813
-9999 -9999 -9999 -9999 -9999 -9999 -9999 -9999 -9999 -9999 -9999 -9999 -9999 -9999 -9999 -9999 -9999 4.24749 3.64098 1.99924 1.72954 1.32561 1.06601 1.12511 1.14615 1.37716 1.63324 1.85296 2.18161 2.38846 2.72600 2.84576 2.82625 2.88514 3.39381 3.88573 4.52102 4.24681 4.04650 4.37974 4.73457 4.95335 5.07521 5.74166 5.66645 5.22940 6.15205 4.42251 4.58254 5.18205 5.39951 8.61721 12.44720 12.29150 11.78820 11.88690 10.16070 11.64800 12.43440 12.37490 12.12890 12.66440 13.15860 12.00600 14.99850 15.57920 17.03840 19.72500 23.03860 22.93550 18.42170 12.80520
-9999 -9999 -9999 -9999 -9999 -9999 -9999 -9999 -9999 -9999 -9999 -9999 -9999 -9999 -9999 -9999 -9999 3.25127 2.75638 2.39192 1.96003 1.86008 1.58543 1.03058 0.94297 1.16254 1.09635 1.36968 1.48058 2.33632 2.73017 2.66973 2.82441 3.34311 3.44462 3.78759 4.15443 3.49281 4.21733 4.23017 4.24478 3.82678 4.16400 4.07702 4.81979 4.40298 4.42776 3.24501 3.28370 4.64483 4.51600 7.69154 8.47520 9.83013 11.05810 13.14150 11.80980 11.38010 10.67560 10.63520 12.18280 13.24080 14.61380 14.57990 13.43790 17.75600 17.80980 18.19550 26.64130 30.64510 34.15620 20.01770
-9999 -9999 -9999 -9999 -9999 -9999 -9999 -9999 -9999 -9999 -9999 -9999 -9999 -9999 -9999 -9999 4.24578 3.35131 2.75745 2.34118 1.93337 1.23674 1.27973 0.98053 0.67137 0.88982 0.88693 1.04063 1.22012 1.59487 1.76833 2.05548 2.78553 2.77904 2.83391 3.07937 3.35965 3.77607 3.70970 3.49923 3.15590 3.42395 4.08192 3.83101 3.33067 3.61555 3.78332 3.00307 3.03144 4.66295 4.59858 7.18006 8.05787 8.72742 10.13100 11.80020 12.83230 10.16430 8.65818 12.03270 11.94620 14.71020 15.84070 15.92860 18.91170 19.13040 23.05600 22.79390 27.45230 32.68800 35.27700 20.51150
-9999 -9999 -9999 -9999 -9999 -9999 -9999 -9999 -9999 -9999 -9999 -9999 -9999 3.01988 3.16626 2.94850 3.05709 3.20999 2.67847 1.53588 1.37568 1.41351 1.14160 1.10644 1.13776 0.74624 0.75103 0.64663 0.73970 0.69162 1.19614 1.42917 1.10020 1.08731 1.71116 2.08806 2.29325 2.05763 1.77084 1.79663 1.78701 2.31200 2.39155 1.47737 2.43818 2.75575 2.91340 3.21485 3.55477 4.55313 5.32172 5.71990 6.38766 6.74150 7.30592 5.14358 6.83605 6.84811 5.26783 6.88833 9.32912 10.77000 15.05940 12.47290 12.63140 15.72000 15.23350 29.11940 23.42650 36.88160 34.38890 14.84720
-9999 -9999 -9999 -9999 -9999 -9999 -9999 -9999 -9999 -9999 -9999 -9999 2.07935 2.25356 3.02130 3.00578 2.85383 2.25122 1.98920 0.92838 1.11518 0.95283 0.83899 1.02475 0.98257 0.51191 0.47360 0.53557 0.92392 0.83785 0.91317 1.20658 1.31627 1.61899 1.53474 1.78589 1.41103 1.28578 1.63084 1.51478 1.50899 1.47991 2.13432 2.15906 2.51483 2.76220 3.10849 3.11211 3.38322 3.83963 4.57576 3.46366 5.30360 4.21032 6.47777 6.87979 6.09279 4.52932 5.98210 7.38321 9.45306 8.93677 9.30611 12.32840 14.36670 21.65930 23.88890 23.95150 28.30850 34.64430 22.42080 19.32600
-9999 -9999 -9999 -9999 -9999 -9999 -9999 -9999 -9999 -9999 -9999 3.61416 2.65351 3.08314 2.14783 1.82186 1.56430 1.66681 1.52367 1.25067 1.13834 0.64746 0.66306 0.70712 0.70603 0.63651 0.93469 0.71531 0.70879 0.68479 0.83476 0.66870 0.88466 0.95986 0.93391 1.85033 1.44809 1.49415 1.47110 1.47082 1.23976 1.96309 1.88193 2.04037 2.45095 2.36323 2.50653 2.92468 3.28313 3.31929 3.81853 4.02311 4.22645 5.54600 4.95063 4.13091 4.82034 4.72859 3.59730 4.60643 6.14517 8.61999 9.67716 12.88060 18.92380 20.04000 21.96110 23.47760 31.61030 25.53310 15.48910 10.44910
-9999 -9999 -9999 -9999 -9999 -9999 -9999 -9999 -9999 -9999 2.51432 2.54439 1.96248 2.23837 1.82697 1.45288 1.20392 1.22266 1.29731 1.15235 0.91995 0.54723 0.59067 0.62181 0.63566 0.59978 0.65041 0.62153 0.55486 0.39330 0.40990 0.60966 0.78009 1.14680 1.49311 1.99734 1.57757 1.65392 1.44227 1.34891 1.82504 1.61417 1.55680 1.91665 1.91495 1.90467 2.12504 2.51459 2.97959 3.44526 3.68190 3.81073 4.60743 4.12862 4.27542 3.42338 4.23476 4.02206 3.96981 6.72491 7.79256 8.48245 10.18530 13.46320 17.33660 19.45130 26.63040 32.21550 33.09820 20.02910 12.08160 20.30810
-9999 -9999 -9999 -9999 -9999 -9999 -9999 -9999 -9999 0.18940 0.18893 0.19928 0.25015 0.27699 0.25881 0.23298 0.22733 0.17699 0.13454 0.12021 0.12175 0.12036 0.13372 0.09554 0.08647 0.10455 0.10024 0.11213 0.12074 0.10423 0.11207 0.55884 0.86423 1.28074 1.89577 2.32355 1.94769 1.75807 1.51930 1.54856 1.35027 1.52635 1.74282 2.30342 1.67717 2.22493 1.84252 2.25813 2.80731 3.14171 3.35656 3.97808 3.69097 5.44292 5.05375 3.94308 4.31157 4.81217 5.25934 5.99590 6.79609 7.49656 8.43608 11.18140 13.14670 17.41200 19.59220 6.00843 4.82561 3.16454 3.19591 3.14660
-9999 -9999 -9999 -9999 -9999 -9999 -9999 -9999 -9999 -9999 0.14670 0.13346 0.16530 0.15891 0.14017 0.17260 0.17880 0.16749 0.14214 0.12546 0.12057 0.11389 0.10274 -9999 -9999 -9999 -9999 -9999 -9999 0.13712 0.15672 0.73244 0.86809 1.17767 1.33848 2.09073 2.42030 1.42131 1.27575 1.62498 1.39575 1.60945 1.78542 2.28010 2.07071 2.27378 2.59401 2.28884 2.66934 2.95089 3.27263 2.88101 3.52845 4.64669 5.70967 3.97669 4.12007 4.63750 5.12422 5.72107 6.74021 7.14286 7.56502 7.32140 15.85610 17.24510 21.26250 5.52142 2.98272 2.68343 2.28103 4.80427
-9999 -9999 -9999 -9999 -9999 -9999 -9999 -9999 -9999 -9999 -9999 -9999 0.13068 0.11058 0.11854 0.06172 0.08321 0.08654 0.08146 -9999 -9999 -9999 -9999 -9999 -9999 -9999 -9999 -9999 -9999 -9999 -9999 -9999 -9999 1.11195 1.80769 1.87118 1.86119 1.69681 1.04353 1.24336 1.72330 1.70223 1.94827 1.65372 1.68421 2.35721 2.73288 2.29333 2.59629 2.84882 3.01933 4.08575 4.50348 4.31458 4.56774 3.42924 3.79844 3.96543 3.34514 5.76183 6.54651 7.15189 9.24509 10.53170 13.76520 18.09270 19.69910 4.56297 3.91293 5.42235 6.31580 7.47005
-9999 -9999 -9999 -9999 -9999 -9999 -9999 -9999 -9999 -9999 -9999 -9999 -9999 -9999 -9999 -9999 -9999 -9999 -9999 -9999 -9999 -9999 -9999 -9999 -9999 -9999 -9999 -9999 -9999 -9999 -9999 -9999 -9999 -9999 1.80580 1.83296 1.43997 1.40006 1.05183 1.45977 1.63657 1.87954 2.66279 1.99103 2.61550 2.78909 2.49695 2.39224 2.79736 2.96514 3.22611 4.08342 4.46490 4.44656 4.91840 3.92383 3.71016 4.58880 4.83429 6.62882 7.19536 9.70096 11.19520 10.89720 12.64440 16.56690 21.10430 4.95023 4.22509 5.99981 9.43222 -9999
-9999 -9999 -9999 -9999 -9999 -9999 -9999 -9999 -9999 -9999 -9999 -9999 -9999 -9999 -9999 -9999 -9999 -9999 -9999 -9999 -9999 -9999 -9999 -9999 -9999 -9999 -9999 -9999 -9999 -9999 -9999 -9999 -9999 -9999 1.32949 1.32301 1.43296 1.71337 1.13539 1.14862 1.33816 2.37023 2.47468 2.14361 2.63867 2.57241 2.71745 2.95438 3.37257 3.53580 3.84072 3.68037 4.04812 4.53602 4.80957 4.09327 4.34769 4.42276 5.51367 6.42441 6.47786 6.41897 9.17084 11.77760 14.31260 16.25450 21.10140 16.47410 15.27360 23.25880 -9999 -9999
-9999 -9999 -9999 -9999 -9999 -9999 -9999 -9999 -9999 -9999 -9999 -9999 -9999 -9999 -9999 -9999 -9999 -9999 -9999 -9999 -9999 -9999 -9999 -9999 -9999 -9999 -9999 -9999 -9999 -9999 -9999 -9999 -9999 -9999 -9999 -9999 -9999 -9999 1.49097 1.32658 1.44711 1.67477 2.10012 2.53995 2.55041 2.86551 3.21068 3.28093 3.67041 3.62529 3.25609 3.68192 3.27564 3.82893 4.30408 3.85077 3.06720 3.46443 5.65642 5.43697 5.62628 8.26522 11.76770 13.90640 19.59210 17.42510 20.56020 23.81260 26.00030 -9999 -9999 -9999
