data/hydroclimate-scenarios/1948-2000.Pcorr55N_Pref_Tref/monthly_summaries/runoff_monthly_tot_jul.1950-2000.asc
ncols	311
nrows	91
xllcenter	102.75
yllcenter	31.75
cellsize	0.5
NODATA_value	-9999
[rows 0 to 31 of 91, columns 0 to 71 of 311]
-9999 -9999 -9999 -9999 -9999 -9999 -9999 -9999 -9999 -9999 -9999 -9999 -9999 -9999 -9999 -9999 -9999 -9999 -9999 -9999 -9999 -9999 -9999 -9999 -9999 -9999 -9999 -9999 -9999 -9999 -9999 -9999 -9999 -9999 -9999 -9999 -9999 -9999 -9999 -9999 -9999 -9999 -9999 -9999 -9999 -9999 -9999 -9999 -9999 -9999 -9999 -9999 -9999 -9999 -9999 -9999 -9999 -9999 -9999 -9999 -9999 -9999 -9999 -9999 -9999 -9999 -9999 -9999 -9999 -9999 -9999 -9999
-9999 -9999 -9999 -9999 -9999 -9999 -9999 -9999 -9999 -9999 -9999 -9999 -9999 -9999 -9999 -9999 -9999 -9999 -9999 -9999 -9999 -9999 -9999 -9999 -9999 -9999 -9999 -9999 -9999 -9999 -9999 -9999 -9999 -9999 -9999 -9999 -9999 -9999 -9999 -9999 -9999 -9999 -9999 -9999 -9999 -9999 -9999 -9999 -9999 -9999 -9999 -9999 -9999 -9999 -9999 -9999 -9999 -9999 -9999 -9999 -9999 -9999 -9999 -9999 -9999 -9999 -9999 -9999 -9999 -9999 -9999 -9999
-9999 -9999 -9999 -9999 -9999 -9999 -9999 -9999 -9999 -9999 -9999 -9999 -9999 -9999 -9999 -9999 -9999 -9999 -9999 -9999 -9999 -9999 -9999 -9999 -9999 -9999 -9999 -9999 -9999 -9999 -9999 -9999 -9999 -9999 -9999 -9999 -9999 -9999 -9999 -9999 -9999 -9999 -9999 -9999 -9999 -9999 -9999 -9999 -9999 -9999 -9999 -9999 -9999 -9999 -9999 -9999 -9999 -9999 -9999 -9999 -9999 -9999 -9999 -9999 -9999 -9999 -9999 -9999 -9999 -9999 -9999 -9999
-9999 -9999 -9999 -9999 -9999 -9999 -9999 -9999 -9999 -9999 -9999 -9999 -9999 -9999 -9999 -9999 -9999 -9999 -9999 -9999 -9999 -9999 -9999 -9999 -9999 -9999 -9999 -9999 -9999 -9999 -9999 -9999 -9999 -9999 -9999 -9999 -9999 -9999 -9999 -9999 -9999 -9999 -9999 -9999 -9999 -9999 -9999 -9999 -9999 -9999 -9999 -9999 -9999 -9999 -9999 -9999 -9999 -9999 -9999 -9999 -9999 -9999 -9999 -9999 -9999 -9999 -9999 -9999 -9999 -9999 -9999 -9999
-9999 -9999 -9999 -9999 -9999 -9999 -9999 -9999 -9999 -9999 -9999 -9999 -9999 -9999 -9999 -9999 -9999 -9999 -9999 -9999 -9999 -9999 -9999 -9999 -9999 -9999 -9999 -9999 -9999 -9999 -9999 -9999 -9999 -9999 -9999 -9999 -9999 -9999 -9999 -9999 -9999 -9999 -9999 -9999 -9999 -9999 -9999 -9999 -9999 -9999 -9999 -9999 -9999 -9999 -9999 -9999 -9999 -9999 -9999 -9999 -9999 -9999 -9999 -9999 -9999 -9999 -9999 -9999 -9999 -9999 -9999 -9999
-9999 -9999 -9999 -9999 -9999 -9999 -9999 -9999 -9999 -9999 -9999 -9999 -9999 -9999 -9999 -9999 -9999 -9999 -9999 -9999 -9999 -9999 -9999 -9999 -9999 -9999 -9999 -9999 -9999 -9999 -9999 -9999 -9999 -9999 -9999 -9999 -9999 -9999 -9999 -9999 -9999 -9999 -9999 -9999 -9999 -9999 -9999 -9999 -9999 -9999 -9999 -9999 -9999 -9999 -9999 -9999 -9999 -9999 -9999 -9999 -9999 -9999 -9999 -9999 -9999 -9999 -9999 -9999 -9999 -9999 -9999 -9999
-9999 -9999 -9999 -9999 -9999 -9999 -9999 -9999 -9999 -9999 -9999 -9999 -9999 -9999 -9999 -9999 -9999 -9999 -9999 -9999 -9999 -9999 -9999 -9999 -9999 -9999 -9999 -9999 -9999 -9999 -9999 -9999 -9999 -9999 -9999 -9999 -9999 -9999 -9999 -9999 -9999 -9999 -9999 -9999 -9999 -9999 -9999 -9999 -9999 -9999 -9999 -9999 -9999 -9999 -9999 -9999 -9999 -9999 -9999 -9999 -9999 -9999 -9999 -9999 -9999 -9999 -9999 -9999 -9999 -9999 -9999 -9999
-9999 -9999 -9999 -9999 -9999 -9999 -9999 -9999 -9999 -9999 -9999 -9999 -9999 -9999 -9999 -9999 -9999 -9999 -9999 -9999 -9999 -9999 -9999 -9999 -9999 -9999 -9999 -9999 -9999 -9999 -9999 -9999 -9999 -9999 -9999 -9999 -9999 -9999 -9999 -9999 -9999 -9999 4.12793 3.99100 4.01715 4.10200 4.05049 4.17793 3.97140 4.23072 4.12978 3.45471 -9999 -9999 -9999 -9999 -9999 -9999 -9999 -9999 -9999 -9999 -9999 -9999 -9999 -9999 -9999 -9999 -9999 -9999 -9999 -9999
-9999 -9999 -9999 -9999 -9999 -9999 -9999 -9999 -9999 -9999 -9999 -9999 -9999 -9999 -9999 -9999 -9999 -9999 -9999 -9999 -9999 -9999 -9999 -9999 -9999 -9999 -9999 -9999 -9999 -9999 -9999 -9999 -9999 -9999 -9999 -9999 -9999 -9999 4.37345 4.99981 4.80521 4.62501 4.48842 3.98084 4.07888 3.91297 3.72653 3.82185 3.98686 4.06677 4.38593 5.04657 5.03724 5.62771 -9999 -9999 -9999 -9999 -9999 -9999 -9999 -9999 -9999 -9999 -9999 -9999 -9999 -9999 -9999 -9999 -9999 -9999
-9999 -9999 -9999 -9999 -9999 -9999 -9999 -9999 -9999 -9999 -9999 -9999 -9999 -9999 -9999 -9999 -9999 -9999 -9999 -9999 -9999 -9999 -9999 -9999 -9999 -9999 -9999 -9999 -9999 -9999 -9999 -9999 -9999 -9999 -9999 -9999 -9999 -9999 -9999 -9999 4.37755 4.30661 4.68392 4.42938 4.41089 4.59149 4.38036 4.08660 4.01747 4.18185 4.02235 3.47960 3.62624 3.78973 -9999 -9999 -9999 -9999 -9999 -9999 -9999 -9999 -9999 -9999 -9999 -9999 -9999 -9999 -9999 -9999 -9999 -9999
-9999 -9999 -9999 -9999 -9999 -9999 -9999 -9999 -9999 -9999 -9999 -9999 -9999 -9999 -9999 -9999 -9999 -9999 -9999 -9999 -9999 -9999 -9999 -9999 -9999 -9999 -9999 -9999 -9999 -9999 -9999 -9999 -9999 -9999 -9999 -9999 -9999 -9999 -9999 -9999 -9999 -9999 -9999 -9999 4.31725 4.19398 4.56374 5.23692 4.62460 4.63871 4.70075 4.90522 3.88783 4.36187 -9999 -9999 -9999 -9999 -9999 -9999 2.97446 -9999 -9999 -9999 -9999 -9999 -9999 -9999 -9999 -9999 -9999 -9999
-9999 -9999 -9999 -9999 -9999 -9999 -9999 -9999 -9999 -9999 -9999 -9999 -9999 -9999 -9999 -9999 -9999 -9999 -9999 -9999 -9999 -9999 -9999 -9999 -9999 -9999 -9999 -9999 -9999 -9999 -9999 -9999 -9999 -9999 -9999 -9999 -9999 -9999 -9999 -9999 -9999 4.59461 4.55846 4.61952 4.74412 4.29410 4.68679 5.50968 5.33142 4.94754 5.26940 5.32946 4.12333 4.58475 -9999 -9999 -9999 -9999 -9999 3.35530 3.27205 3.36124 3.37008 3.17047 3.18611 2.79831 2.88019 3.21224 3.00632 2.80784 2.77861 2.83825
-9999 -9999 -9999 -9999 -9999 -9999 -9999 -9999 -9999 -9999 -9999 -9999 -9999 -9999 -9999 -9999 -9999 -9999 -9999 -9999 -9999 -9999 -9999 -9999 -9999 -9999 -9999 -9999 -9999 -9999 -9999 -9999 -9999 -9999 -9999 -9999 -9999 -9999 -9999 -9999 -9999 4.65546 4.79182 3.88464 3.67732 3.98853 4.94088 6.03424 5.24867 4.94088 5.15528 6.13987 4.98458 5.09378 4.81845 4.41713 4.22906 -9999 3.69062 3.81510 3.63513 3.39912 3.41192 3.75853 3.80590 3.60866 3.38670 3.22884 3.07591 3.00594 2.96852 3.11125
-9999 -9999 -9999 -9999 -9999 -9999 -9999 -9999 -9999 -9999 -9999 -9999 -9999 -9999 -9999 -9999 -9999 -9999 -9999 -9999 -9999 -9999 -9999 -9999 -9999 -9999 -9999 -9999 -9999 -9999 -9999 -9999 -9999 -9999 -9999 4.97096 4.30939 4.38853 4.38525 4.01574 3.94520 3.89688 4.15020 3.36268 4.15049 4.57417 3.90392 4.65122 5.45515 6.01239 5.90826 6.88925 7.20976 6.65572 5.09057 5.57239 5.24132 4.85321 4.20811 3.93208 3.74742 3.63525 3.46583 4.52925 4.42685 3.89098 3.97827 3.63359 3.43103 2.46802 2.53937 2.34205
-9999 -9999 -9999 -9999 -9999 -9999 -9999 -9999 -9999 -9999 -9999 -9999 -9999 -9999 -9999 -9999 -9999 -9999 -9999 -9999 -9999 -9999 -9999 -9999 -9999 -9999 -9999 -9999 -9999 -9999 -9999 -9999 -9999 -9999 3.27300 3.40180 3.37838 3.31160 3.15627 2.95295 2.89837 2.80218 2.76326 4.66894 4.04389 3.94811 4.09603 4.88875 6.55603 6.98788 6.44377 5.45168 7.46035 6.12115 5.56575 5.04942 4.24330 4.40271 3.65367 3.86525 3.95682 4.26144 4.34051 4.66417 4.14567 3.86688 3.92905 4.11453 4.69802 4.47106 4.90192 4.98144
-9999 -9999 -9999 -9999 -9999 -9999 -9999 -9999 -9999 -9999 -9999 -9999 -9999 -9999 -9999 -9999 -9999 -9999 -9999 -9999 -9999 -9999 -9999 -9999 -9999 -9999 -9999 -9999 -9999 -9999 -9999 -9999 -9999 3.43070 3.38400 3.19144 3.22373 3.09764 3.00166 2.72034 2.69506 2.75616 3.55140 4.53591 3.92456 4.04228 4.61024 5.29821 6.78853 7.37961 8.04173 8.25017 9.15832 6.36575 4.60244 5.04927 4.72752 4.67551 3.86492 4.13818 4.41431 4.28592 3.91560 3.85100 4.16691 4.15982 4.25417 4.49160 4.65046 4.69155 4.88267 4.80581
-9999 -9999 -9999 -9999 -9999 -9999 -9999 -9999 -9999 -9999 -9999 -9999 -9999 -9999 -9999 -9999 -9999 -9999 -9999 -9999 -9999 -9999 -9999 -9999 -9999 -9999 -9999 -9999 -9999 -9999 -9999 3.29044 2.88912 3.01139 2.95374 3.26834 3.16615 2.79956 2.71967 2.67534 2.77574 3.11242 3.62960 3.71659 3.98729 4.41039 5.13170 5.41996 5.89489 5.84396 6.89703 7.93698 9.81326 6.21845 5.73953 4.95360 4.10166 4.18211 4.49399 4.82706 4.24562 3.72568 3.70035 3.44053 3.62273 4.17639 4.15321 4.07466 4.17108 5.17220 5.45222 5.91681
-9999 -9999 -9999 -9999 -9999 -9999 -9999 -9999 -9999 -9999 -9999 -9999 -9999 -9999 -9999 -9999 -9999 -9999 -9999 -9999 -9999 -9999 -9999 -9999 -9999 -9999 -9999 -9999 -9999 2.66447 2.69508 2.84848 2.85319 2.91994 2.94347 3.01877 3.11528 3.03665 2.92993 2.73073 3.20363 4.21513 3.12927 3.72924 3.99009 4.61053 4.97395 5.69537 6.64961 6.88776 7.05088 8.47247 8.82547 5.93353 6.58969 6.10726 4.77824 5.06097 4.12190 4.07265 3.95275 3.75274 3.58752 3.76093 3.65188 3.84122 4.25190 5.05355 5.33622 5.27416 5.04286 6.09803
-9999 -9999 -9999 -9999 -9999 -9999 -9999 -9999 -9999 -9999 -9999 -9999 -9999 -9999 -9999 -9999 -9999 -9999 -9999 -9999 -9999 -9999 -9999 -9999 5.08057 4.84218 4.41881 4.16918 4.20185 4.39812 4.40525 4.05416 3.92249 4.26537 4.30931 4.38061 5.04843 4.78307 4.65790 4.12390 4.02339 5.43574 4.16346 4.07840 4.12463 4.54561 4.71523 5.65548 6.93405 7.36014 7.13363 10.78050 9.10244 8.10667 7.50612 7.01130 5.94196 5.69665 5.59238 3.36053 2.90718 2.80388 2.75985 2.69884 2.63412 2.88523 2.83464 2.77728 2.93994 3.48202 5.27692 5.86677
-9999 -9999 -9999 -9999 -9999 -9999 4.48295 4.19227 4.21101 4.82489 4.62370 -9999 -9999 -9999 -9999 -9999 -9999 -9999 -9999 -9999 -9999 5.41343 5.49225 5.46811 5.50565 5.19291 4.73381 4.80046 4.56445 4.66451 4.49046 4.17551 4.39124 4.52974 4.67855 4.71797 4.75038 4.78720 5.24424 4.40513 4.29685 4.23110 5.80618 4.15889 4.25165 4.49489 4.73235 5.67180 7.21325 7.37583 8.82179 9.54979 9.01242 9.60385 7.62351 6.57093 6.08692 5.76661 5.00199 3.11692 3.07716 3.07059 3.17385 3.15649 3.23931 2.68671 2.57750 2.90271 3.11670 3.06783 3.54249 5.09147
-9999 -9999 -9999 -9999 -9999 4.60070 4.54938 4.82861 4.34173 4.98833 4.73828 6.62450 6.55546 6.80555 -9999 -9999 -9999 6.82604 6.69649 5.84983 5.80664 5.73586 5.72603 5.53033 6.31302 5.91027 5.60535 5.15700 5.12034 5.39401 5.09815 4.54767 4.64463 5.06699 5.00952 5.47479 5.55934 5.67412 5.71498 5.40136 5.28405 5.46924 6.35229 5.70393 5.27946 5.07569 5.98229 7.19196 7.82073 7.71790 8.29882 7.92889 8.18509 7.24473 6.81130 7.15366 7.28792 5.89397 4.51582 3.45272 3.25442 3.31302 2.89020 2.85114 3.48744 4.04514 3.93901 4.04528 3.73662 3.91605 3.95232 4.74617
-9999 4.14587 3.66200 3.57873 3.63114 4.56852 4.99419 4.70012 4.86820 5.00930 5.21894 6.87249 7.13164 7.03006 6.84015 6.51743 6.12087 6.73013 7.10371 6.29254 5.81879 5.38520 5.65736 6.06424 5.80838 5.95172 5.59607 5.51935 5.43052 5.39080 5.00213 4.50489 4.48502 4.81032 4.86325 5.44215 5.57954 5.67066 5.72072 5.35868 5.25861 5.42445 6.25373 6.07045 5.09535 5.10611 5.62670 6.27379 6.60982 7.31945 8.36147 9.53122 8.55540 8.11051 8.17156 8.62976 8.00547 5.56225 5.57400 3.95223 3.29635 3.59272 4.04386 3.87829 4.43533 4.18773 3.71475 4.48038 4.09435 4.90476 6.32552 8.12219
-9999 7.21607 6.86423 6.89472 6.64502 6.54547 6.15227 6.06705 5.83104 5.93622 6.16050 6.64329 7.10952 6.90274 7.09694 6.92337 7.34811 7.16645 7.01240 6.73741 6.45357 6.54530 8.16894 6.52402 6.08840 5.84394 5.69690 5.48147 5.44786 5.33042 5.01164 4.73735 4.64575 4.64047 4.96165 5.25284 5.30841 5.45230 5.52786 5.64400 5.63500 5.49482 5.25106 6.47426 5.90322 4.93789 5.31983 5.60322 6.32134 7.45307 8.20230 8.26314 8.25450 10.47620 9.68139 8.27992 7.65983 7.02609 5.91574 4.79347 5.22885 5.70971 5.91771 4.54213 5.53322 5.87634 5.93802 5.91327 6.26853 6.29538 6.72516 7.72669
-9999 -9999 -9999 7.18375 7.07201 6.75896 6.42077 6.25060 6.09351 5.67932 6.17840 6.20029 6.16022 6.58208 6.81406 6.66599 6.97039 6.48422 6.74425 7.17860 8.15288 8.22024 7.86277 6.82066 6.17345 5.80139 5.69791 5.36915 5.06020 4.94212 4.71481 4.50775 4.64679 4.72736 5.03287 6.42515 5.00298 5.30478 5.72393 5.87871 5.88847 6.53863 6.58256 6.55248 6.66017 5.99393 6.25838 5.42843 5.73022 6.62739 7.31017 7.64081 8.15684 9.97809 9.22514 9.27381 8.09716 6.46412 6.93517 5.58860 5.66847 6.58901 6.55197 6.44938 5.86764 5.87006 5.51958 6.72294 7.43998 8.00983 8.01041 8.56420
-9999 -9999 -9999 -9999 -9999 -9999 6.75265 6.45455 6.66268 5.99775 6.20075 7.16252 7.08653 7.14164 6.96297 6.17641 6.32362 7.34923 7.12760 6.87305 6.60663 6.41689 5.96784 6.18685 6.05077 6.04243 5.52571 5.30949 6.35040 4.97619 4.87826 4.69976 5.90307 5.96739 5.84617 6.15899 7.14244 6.53786 6.62831 6.91919 6.74481 6.42513 6.26590 5.98685 6.26013 6.20182 6.68487 6.88765 6.71058 6.90395 7.99540 8.58058 9.01814 8.06662 8.82722 9.05803 8.70941 9.23185 9.17714 7.17823 6.48776 6.82828 6.56151 6.37896 6.96478 7.32945 6.24611 7.34011 8.31042 8.18872 8.26660 8.76694
-9999 -9999 -9999 -9999 -9999 -9999 7.49143 7.16304 6.83025 7.18344 6.92067 7.02656 6.86129 6.71687 6.71646 6.84279 6.62250 6.58475 6.39260 6.40253 6.40193 6.25984 6.21314 6.44430 6.08282 5.67653 5.13530 5.10056 6.58441 6.79039 6.49597 6.02114 5.95947 6.23580 6.46661 6.71852 6.92163 6.74559 6.67103 6.52746 6.84569 6.60939 6.59849 6.18321 5.83172 5.86123 6.14075 6.15482 6.38895 6.76839 7.40156 7.17706 7.48959 7.90509 7.70382 6.72683 7.38170 8.22066 7.28434 7.36331 8.39150 8.19502 8.76479 7.18865 7.41252 6.51764 6.78071 7.09147 7.68367 8.01822 8.95518 10.18780
-9999 -9999 -9999 -9999 -9999 -9999 -9999 -9999 -9999 -9999 6.74825 7.30050 7.23453 6.39995 6.75142 6.32732 6.29997 6.33706 6.04868 6.07405 6.20562 6.41488 6.55865 5.89702 5.76273 5.85825 5.53586 5.39611 5.24672 6.88362 6.74508 6.75083 7.03825 6.85707 7.01881 6.69658 6.87946 7.03672 6.85769 6.79727 7.02416 6.31317 4.98048 6.56937 6.54875 6.61179 6.80081 6.15340 6.40804 6.45598 6.51630 6.22924 6.50736 6.92190 6.62098 7.02955 6.99354 6.65100 6.87943 7.63620 6.76088 7.18453 7.24073 7.15428 7.70765 7.33073 7.51744 6.61133 8.38336 9.01436 9.95368 10.71950
-9999 -9999 -9999 -9999 -9999 -9999 -9999 -9999 -9999 -9999 5.67001 6.18738 6.71316 6.30686 6.50217 6.24604 6.18433 6.11209 6.44187 6.46794 6.46785 6.73160 6.68871 6.05193 5.83872 5.58187 5.06225 5.46251 5.22098 6.75445 6.94803 6.76011 7.48575 6.92099 7.19494 7.42788 6.76542 5.31528 5.55149 5.36128 5.18788 5.15546 5.14888 5.25717 5.21367 5.08466 5.11140 4.89704 4.69936 6.24725 6.41602 6.35769 6.19971 6.07617 6.00069 5.80302 6.13852 6.30607 6.16777 6.41797 6.44164 6.27434 6.37638 7.34162 6.91985 7.33631 7.37627 6.04563 6.53557 8.97628 10.99070 10.83330
-9999 -9999 -9999 -9999 -9999 -9999 -9999 -9999 -9999 -9999 -9999 -9999 5.85051 6.75684 7.09041 6.93143 6.01252 5.50717 5.90080 5.63614 5.86033 6.25350 5.88718 5.35891 5.58100 5.29104 5.28838 5.57406 5.58860 5.47257 7.15213 6.91815 6.94098 5.40831 5.28415 5.48367 5.34353 5.49437 5.40165 5.34946 5.25665 5.02168 5.17287 5.05303 5.02917 5.16269 5.14703 4.74839 4.69638 4.72631 6.16460 6.49435 5.78577 6.27380 5.53748 5.32487 5.84020 6.52647 6.65315 6.37092 6.55134 6.68684 6.55131 7.28069 6.80326 7.12434 7.54737 5.91794 7.06331 7.65400 10.67750 11.78110
-9999 -9999 -9999 -9999 -9999 -9999 -9999 -9999 -9999 -9999 -9999 -9999 5.85521 6.49168 6.84397 6.78584 6.83478 6.66662 6.70309 6.36655 5.66952 5.93985 6.18162 5.66185 6.02814 5.87141 5.63747 6.03290 5.98713 6.23758 6.30939 6.29892 5.87242 5.72037 5.89534 5.78103 6.05483 6.06696 5.84080 5.37142 5.19665 5.04534 5.01479 5.05816 5.05594 6.31440 6.45198 6.63957 6.13206 6.18070 6.74070 6.34715 6.14469 5.91420 5.74503 5.64137 5.98123 6.55405 6.71356 6.52378 6.28185 6.26008 6.50105 6.99023 7.24871 7.67128 7.73833 8.34160 8.76734 10.54900 10.61060 10.28530
-9999 -9999 -9999 -9999 -9999 -9999 -9999 -9999 -9999 -9999 -9999 5.59852 6.09606 5.95556 6.04023 7.11039 6.05994 5.02583 5.36792 5.34907 4.81794 6.03764 6.04123 6.63783 6.91806 6.89683 6.91090 6.35290 6.25567 5.98702 6.03494 6.09815 5.88891 5.69933 5.63527 5.19057 5.35389 5.57718 5.80479 6.09235 5.80931 5.96307 5.73967 5.39106 5.12417 5.02069 5.26618 6.09361 6.22444 5.85062 5.75658 6.16468 6.10617 5.79443 5.19166 5.72886 5.96603 6.56135 6.67821 6.26214 6.51365 6.94772 7.32633 7.41893 7.54310 7.22637 7.80134 8.11092 9.21349 9.45636 11.27850 13.24690
-9999 -9999 -9999 -9999 -9999 -9999 -9999 -9999 -9999 -9999 -9999 5.00464 5.90992 6.10916 6.05688 6.94533 5.51860 5.29435 5.26297 5.64155 5.73768 6.37293 6.29400 6.67796 6.50469 6.65607 6.68564 6.51751 6.27787 6.15529 6.26242 6.13944 5.89413 5.77898 5.72632 5.47826 5.20831 5.51474 6.02711 5.91663 5.90081 6.08324 6.99977 6.86778 6.77566 7.53828 7.40348 6.01606 5.50865 5.45616 5.81418 5.97746 5.79997 5.52665 5.35449 6.61146 6.78987 6.60457 6.69493 6.95894 6.83052 7.35476 7.47511 7.12507 7.16670 7.90551 8.37078 8.31520 9.85474 11.23500 11.51940 10.49230
