data/hydroclimate-scenarios/1948-2000.Pcorr55N_Pref_Tref/monthly_summaries/runoff_monthly_tot_mar.asc
ncols	311
nrows	91
xllcenter	102.75
yllcenter	31.75
cellsize	0.5
NODATA_value	-9999
[rows 32 to 63 of 91, columns 0 to 72 of 311]
-9999 -9999 -9999 -9999 -9999 -9999 -9999 -9999 -9999 -9999 -9999 0.03505 0.02843 0.01857 0.01150 0.00000 0.00000 0.00000 0.00000 0.00000 0.00000 0.00098 0.00229 0.00384 0.00428 0.00000 0.00000 0.00000 0.00000 0.00163 0.00000 0.01263 0.01537 0.00000 0.00000 0.01134 0.00881 0.00000 0.00000 0.00573 0.00419 0.00000 0.00000 0.00000 0.00000 0.00000 0.00000 0.00000 0.00000 0.00000 0.00000 0.00000 0.00000 0.00000 0.00000 0.00000 0.00000 0.00384 0.00965 0.00000 0.00000 0.00000 0.00000 0.00000 0.00000 0.00381 0.00000 0.00000 0.00000 0.00000 0.00000 0.00000 0.00000
-9999 -9999 -9999 -9999 -9999 -9999 -9999 -9999 -9999 -9999 -9999 0.03285 0.02032 0.01708 0.00742 0.00015 0.00000 0.00000 0.00000 0.00083 0.00000 0.00423 0.00504 0.00508 0.00313 0.00000 0.00000 0.00000 0.00587 0.01339 0.00090 0.01661 0.01784 0.00516 0.00416 0.01824 0.01793 0.00000 0.00000 0.00118 0.00279 0.00000 0.00000 0.00000 0.00000 0.00000 0.00000 0.00000 0.00000 0.00000 0.00000 0.00000 0.00000 0.00000 0.00082 0.00178 0.00234 0.00920 0.00932 0.00919 0.00967 0.00000 0.00524 0.00467 0.00000 0.00000 0.00249 0.00000 0.00000 0.00000 0.00000 0.00000 0.00000
-9999 -9999 -9999 -9999 -9999 -9999 -9999 -9999 -9999 -9999 -9999 -9999 0.02477 0.01489 0.01686 0.01643 0.00754 0.00000 0.00000 0.00851 0.00475 0.00751 0.00380 0.00000 0.00000 0.00000 0.00058 0.00000 0.00346 0.00404 0.00529 0.05501 0.03799 0.00980 0.01127 0.01188 0.00228 0.00564 0.00761 0.00000 0.00000 0.00000 0.00000 0.00000 0.00000 0.00000 0.00000 0.00000 0.00000 0.00000 0.00000 0.00000 0.00000 0.00278 0.00125 0.00000 0.00018 0.00265 0.00518 0.00948 0.00969 0.03585 0.03716 0.01347 0.01242 0.00071 0.00106 0.00026 0.00000 0.00000 0.00000 0.00000 0.00000
-9999 -9999 -9999 -9999 -9999 -9999 -9999 -9999 -9999 -9999 -9999 -9999 0.05205 0.03378 0.02174 0.02564 0.01991 0.00000 0.00000 0.00984 0.00818 0.00312 0.00136 0.00000 0.00000 0.00221 0.00441 0.00087 0.00486 0.00608 0.00457 0.03706 0.09198 0.03998 0.03158 0.01446 0.00779 0.00933 0.01155 0.00000 0.00000 0.00000 0.00000 0.00000 0.00000 0.00000 0.00000 0.00741 0.00609 0.00000 0.00000 0.00038 0.00034 0.00123 0.00235 0.00052 0.00088 0.00122 0.00640 0.02026 0.02263 0.02141 0.01526 0.00881 0.01332 0.00172 0.00120 0.00175 0.00030 0.00006 0.00000 0.00000 0.00000
-9999 -9999 -9999 -9999 -9999 -9999 -9999 -9999 -9999 -9999 -9999 -9999 0.03127 0.14951 0.16977 0.00918 0.00311 0.00138 0.00035 0.00000 0.00000 0.00000 0.00000 0.00052 0.00076 0.00353 0.01523 0.03318 0.03940 0.08987 0.10899 0.21240 0.08832 0.01453 0.02988 0.02843 0.02013 0.01036 0.01190 0.00000 0.00000 0.00000 0.00000 0.00000 0.00000 0.00000 0.00000 0.00000 0.00000 0.00000 0.00000 0.00000 0.00009 0.01875 0.02721 0.00000 0.00108 0.00444 0.00536 0.00366 0.00000 0.01145 0.02489 0.01053 0.00347 0.01714 0.01620 0.00002 0.00000 0.00000 0.00000 0.00000 0.00000
-9999 -9999 -9999 0.07497 0.03511 0.04108 0.06371 0.03631 0.03739 -9999 0.03568 0.01832 0.04623 0.12818 0.14609 0.02132 0.00644 0.00237 0.00053 0.00000 0.00028 0.00265 0.00328 0.00749 0.00615 0.03499 0.06038 0.03437 0.05613 0.03055 0.10954 0.22732 0.17799 0.00888 0.04647 0.03940 0.01981 0.01422 0.01798 0.00050 0.00000 0.00000 0.00000 0.00000 0.00000 0.00000 0.00000 0.00000 0.00000 0.00000 0.00000 0.00000 0.00021 0.00870 0.01390 0.00000 0.00000 0.00274 0.00000 0.00826 0.01739 0.02700 0.02548 0.00739 0.00391 0.02188 0.00316 0.00000 0.00040 0.00000 0.00000 0.00000 0.00000
-9999 -9999 -9999 0.03929 0.03853 0.04325 0.06823 0.06987 0.10974 0.18912 0.06965 0.20436 0.03001 0.08370 0.03709 0.01230 0.01021 0.00697 0.00658 0.01682 0.02130 0.01047 0.01551 0.00967 0.00394 0.04978 0.04806 0.13191 0.11321 0.04082 0.09173 0.08893 0.09416 0.01328 0.00602 0.03775 0.03126 0.00637 0.02543 0.00000 0.00000 0.00000 0.00000 0.00104 0.00000 0.00000 0.00000 0.00000 0.00011 0.00000 0.00000 0.00000 0.00000 0.00588 0.02263 0.00028 0.00045 0.00601 0.00211 0.01889 0.02809 0.04142 0.04054 0.01928 0.01490 0.03407 0.01242 0.01561 0.00389 0.00141 0.00068 0.00004 0.00000
-9999 -9999 -9999 0.08439 0.03843 0.09501 0.04028 0.08613 0.10383 0.14427 0.11791 0.16511 0.13355 0.08861 0.01388 0.01473 0.00872 0.00424 0.02284 0.03811 0.03021 0.01123 0.02725 0.00418 0.00052 0.07153 0.07222 0.16451 0.16032 0.06066 0.02885 0.04076 0.13102 0.02956 0.02007 0.05830 0.09349 0.03280 0.01454 0.00000 0.00000 0.00007 0.00003 0.00269 0.00433 0.00000 0.00000 0.00048 0.00024 0.00000 0.00000 0.00000 0.00000 0.01605 0.02976 0.00070 0.00164 0.02019 0.00982 0.02781 0.03110 0.04927 0.06315 0.02368 0.02680 0.03112 0.01365 0.00215 0.00019 0.00046 0.00000 0.00646 0.00699
-9999 -9999 -9999 0.06883 0.12206 0.02219 0.04523 0.07821 0.21778 0.20963 0.19375 0.46433 0.43672 0.05157 0.01643 0.02424 0.02665 0.03838 0.06248 0.09383 0.04304 0.00875 0.00473 0.00687 0.01248 0.12949 0.16107 0.17793 0.07581 0.04722 0.13597 0.20017 0.12622 0.04673 0.05952 0.06975 0.14912 0.12054 0.06992 0.08902 0.02235 0.00000 0.00000 0.00782 0.03986 0.00290 0.00059 0.00106 0.00000 0.00028 0.00008 0.00020 0.00018 0.00318 0.00607 0.01052 0.02007 0.00946 0.00606 0.01721 0.00703 0.03167 0.03445 0.13137 0.10819 0.03706 0.02444 0.01206 0.00000 0.00056 0.00800 0.00957 -9999
-9999 -9999 -9999 0.19537 0.11219 0.03253 0.04763 0.15930 0.19553 0.19011 0.29480 0.54110 0.40259 0.02953 0.00249 0.01786 0.01008 0.15083 0.29065 0.28694 0.16457 0.03544 0.06193 0.13329 0.19661 0.35653 0.49256 0.36947 0.17655 0.11347 0.09616 0.08774 0.03278 0.08146 0.08207 0.12470 0.14253 0.15280 0.19561 0.18878 0.07388 0.00803 0.00321 0.00301 0.02763 0.01231 0.01135 0.00214 0.00118 0.00229 0.00194 0.00694 0.00380 0.00196 0.00912 0.00693 0.03348 0.01716 0.01036 0.01072 0.01466 0.03522 0.03926 0.10760 0.08799 0.03514 0.02262 0.00808 0.00006 0.00919 0.03566 -9999 -9999
-9999 -9999 -9999 -9999 0.17763 0.05059 0.03973 0.03933 0.09700 0.21620 0.15610 0.10614 0.02255 0.15106 -9999 -9999 -9999 -9999 -9999 0.15979 0.19959 0.30582 0.18684 0.04258 0.06493 0.27345 0.72381 0.53101 0.33631 0.46228 0.30079 0.30065 0.22086 0.35462 0.66909 0.51892 0.46729 0.46402 0.47374 0.26373 0.20710 0.17030 0.08001 0.06889 0.06243 0.17265 0.14293 0.03175 0.06423 0.21298 0.19106 0.02569 0.04153 0.05491 0.05109 0.00001 0.00015 0.00816 0.00774 0.02022 0.01461 0.02001 0.01912 0.03679 0.03575 0.00000 0.00000 0.03630 0.03879 -9999 -9999 -9999 -9999
-9999 -9999 0.24034 0.28197 0.16444 0.19976 0.12061 0.06552 0.20140 0.19402 0.15975 0.12252 0.02558 -9999 -9999 -9999 -9999 -9999 0.13192 0.24118 0.33832 0.57800 0.56444 0.18974 0.20754 0.42314 0.99193 1.11792 0.93771 0.91120 0.71723 0.77772 0.80225 0.70371 0.80947 1.05926 0.79836 0.63249 0.57965 0.52819 0.29576 0.48203 0.35362 0.26534 0.28170 0.34040 0.22804 0.31085 0.38765 0.49475 0.41030 0.18887 0.07972 0.30443 0.20066 0.11838 0.05269 0.01261 0.01350 0.10203 0.11598 0.10288 0.10844 0.07005 0.08653 0.00281 0.00623 -9999 -9999 -9999 -9999 -9999 -9999
-9999 -9999 0.34120 0.29822 0.46819 0.56215 0.39184 0.10025 0.24651 0.19662 0.07777 0.04415 0.22420 -9999 -9999 -9999 -9999 0.47072 0.29287 0.55068 0.56041 0.73299 0.72838 0.74638 1.02247 1.31969 1.09807 1.03631 1.23923 1.28589 1.02840 1.11166 1.46855 1.63740 1.57151 1.08840 1.17434 1.40446 1.01297 0.86253 1.25251 0.78843 0.67109 0.76876 0.63494 0.59492 0.61783 0.40982 1.06364 0.84911 1.00248 0.70301 0.61848 0.42313 0.24652 0.98574 0.64990 0.06038 0.03489 0.08717 0.10955 0.10074 0.14575 0.13111 0.14992 -9999 -9999 -9999 -9999 -9999 0.30625 -9999 -9999
-9999 -9999 1.05911 0.57079 0.46724 0.45175 0.65963 0.82692 0.49363 0.24237 0.14532 0.24860 1.76656 -9999 -9999 -9999 -9999 0.46223 0.61425 0.80310 0.72865 0.82567 0.98292 1.12142 1.02738 1.26377 0.86204 1.14052 1.06577 1.06860 0.93388 1.27934 1.39510 1.40013 1.72077 1.30683 1.18730 1.53776 1.26730 1.64236 1.76089 1.77260 1.82252 1.14500 1.21490 0.74707 0.64035 0.60357 0.94885 0.94518 1.40051 0.94501 0.63401 0.55396 0.50268 1.56493 1.40025 0.30778 0.37617 0.54160 0.68507 0.89193 0.83075 0.16707 0.10150 0.06848 0.07860 0.06288 0.13935 -9999 -9999 -9999 0.22379
-9999 -9999 -9999 0.91971 0.75299 1.76922 2.13438 1.89982 0.43901 0.29020 1.05552 2.19692 -9999 -9999 -9999 -9999 0.61769 0.58352 0.85910 1.40484 1.59523 1.15003 0.93880 0.90806 0.90181 0.95433 0.97692 0.86740 1.00398 0.73942 0.80671 1.10245 1.42987 1.74879 1.91722 1.79453 1.99975 2.22571 2.18861 2.46200 2.47287 2.42258 2.74561 2.79414 3.16319 2.70851 2.67607 2.36207 1.98653 2.03518 1.58673 0.99133 1.05839 1.06823 0.80332 0.54886 0.56402 0.41957 0.47868 0.52437 0.63717 0.54191 0.20268 0.05589 0.01863 0.08123 0.12798 0.07462 0.12800 0.17309 -9999 -9999 0.02286
-9999 -9999 -9999 -9999 1.80600 2.84993 2.76481 0.80114 0.41580 1.74174 2.57475 -9999 -9999 -9999 -9999 0.31041 0.73147 1.15896 2.07367 1.39978 1.22188 0.89995 0.83208 0.62437 0.73221 0.86921 0.88999 0.90472 0.88610 0.96979 0.82782 1.37252 1.51359 1.78823 1.80075 2.12412 2.18377 2.19651 2.10710 2.28869 2.09650 2.28282 2.58951 3.12839 3.68921 3.85174 4.10875 3.43547 2.95435 2.67401 2.92045 1.98941 1.55169 1.71105 1.94725 1.66150 1.92242 0.81269 0.79750 0.97315 0.47395 0.25379 0.15578 0.08789 0.08398 0.10121 0.28004 0.28719 0.20268 0.27161 0.32772 0.16933 0.13022
-9999 -9999 -9999 -9999 -9999 -9999 1.55086 1.65166 3.27937 3.28720 1.98681 -9999 -9999 -9999 -9999 -9999 1.60967 2.10598 1.94676 1.53005 1.10572 0.91223 0.44226 0.52961 0.48295 0.67820 0.80108 1.05109 1.26378 1.26472 0.98345 1.51052 1.69949 1.26247 1.47576 2.11768 2.12961 1.76616 2.14143 1.99282 1.89510 1.78185 1.88744 2.24410 3.01727 3.87733 3.88624 3.56069 3.52109 2.88727 3.06414 2.69962 2.83608 2.87857 2.34746 3.17354 2.43282 1.39853 1.17416 0.70426 0.26575 0.28533 0.22881 0.12331 0.07641 0.27856 0.46524 0.90604 0.86582 0.77945 0.61272 0.21540 0.10860
-9999 -9999 -9999 -9999 -9999 -9999 -9999 -9999 -9999 -9999 -9999 -9999 -9999 -9999 -9999 -9999 -9999 -9999 -9999 1.47285 1.10737 0.80506 0.52972 0.44936 0.54027 0.74914 0.85319 0.78645 0.89853 0.89296 1.18205 1.78667 1.64129 1.52463 1.50037 2.01285 2.32932 2.41678 2.42503 2.00581 1.90273 1.94382 2.21241 2.49882 2.89861 3.42026 3.66489 3.87651 3.31949 4.02959 4.24405 3.09643 2.57248 2.93711 2.69512 2.54388 2.63343 1.63443 1.28455 0.90592 0.27617 0.30948 0.31848 0.14614 0.10371 0.54589 1.02955 1.29674 1.31560 0.61322 0.48997 0.14098 0.08478
-9999 -9999 -9999 -9999 -9999 -9999 -9999 -9999 -9999 -9999 -9999 -9999 -9999 -9999 -9999 -9999 -9999 -9999 1.65763 1.14549 1.04406 0.65295 0.71035 0.75459 0.67250 0.61145 0.57857 0.89069 0.68329 0.94220 1.11357 1.14735 1.25255 1.35323 1.68643 2.16076 2.00950 2.30463 1.97578 1.43240 1.42413 1.85933 1.96304 2.00183 2.24898 3.03972 3.28798 2.38503 3.09174 3.69064 3.96858 4.50658 4.53361 5.21707 3.64352 3.45389 3.09001 1.41291 0.79603 0.62101 0.69713 0.95159 0.41066 0.13590 0.05262 0.78074 1.06441 1.77236 1.72821 1.33730 0.86496 0.10118 0.40924
-9999 -9999 -9999 -9999 -9999 -9999 -9999 -9999 -9999 -9999 -9999 -9999 -9999 -9999 -9999 -9999 -9999 1.79981 1.50817 1.17107 0.89560 0.68164 0.69181 0.61330 0.42384 0.34240 0.44008 0.59594 0.65404 1.07086 1.20130 1.11157 1.32745 1.42691 1.87277 1.84942 1.80400 1.92610 1.97528 1.44820 1.40867 1.86769 1.97990 2.04803 1.99201 2.76057 3.46380 2.75194 3.26876 3.35664 3.61554 3.74505 4.12329 5.40649 5.09368 5.21408 2.85811 1.47866 1.16486 1.30318 2.05755 1.36365 0.12710 0.09568 0.81960 1.19616 1.17220 1.96198 2.31472 1.90156 0.87273 0.34709 0.37233
-9999 -9999 -9999 -9999 -9999 -9999 -9999 -9999 -9999 -9999 -9999 -9999 -9999 -9999 -9999 -9999 -9999 1.27716 1.00889 0.70251 0.69451 0.55818 0.33295 0.21154 0.29662 0.17381 0.21604 0.24862 0.38549 0.42965 0.53249 0.74649 0.76974 1.25885 1.29917 1.63488 1.77525 1.40254 1.02233 1.24460 1.35831 1.68452 1.83573 1.71078 1.67941 2.68135 3.02401 1.72041 2.01599 3.53258 3.21672 3.30272 2.88968 3.40471 4.18712 4.98452 2.47352 1.60883 2.09867 2.69188 2.31029 0.99434 0.89552 0.92009 0.33048 0.70499 1.77306 1.27329 2.61255 2.76178 2.66676 0.53030 0.09581
-9999 -9999 -9999 -9999 -9999 -9999 -9999 -9999 -9999 -9999 -9999 -9999 -9999 -9999 -9999 -9999 1.14855 0.76495 0.57002 0.56089 0.51710 0.38533 0.27367 0.30951 0.37161 0.21331 0.18520 0.47581 0.35547 0.27013 0.24028 0.48609 0.66997 1.02187 0.91377 1.15320 1.37129 1.62172 1.14163 1.18612 1.05197 1.60897 1.64634 1.80990 1.83332 2.53088 2.72642 1.55246 1.71720 3.26584 3.17646 3.69278 3.18774 3.50228 4.12732 5.40041 4.22436 2.90023 2.44950 2.38202 2.60712 1.72940 1.15271 0.53852 1.03868 1.23537 1.71911 2.15875 4.40960 3.50044 2.89316 0.52643 0.31354
-9999 -9999 -9999 -9999 -9999 -9999 -9999 -9999 -9999 -9999 -9999 -9999 -9999 0.94534 0.98611 0.99280 0.89662 0.52715 0.45601 0.23488 0.26201 0.18362 0.14950 0.17963 0.14446 0.21473 0.35433 0.19155 0.18912 0.27689 0.34714 0.33523 0.44564 0.50262 0.57342 0.40086 0.64439 0.75949 0.62248 0.74778 0.73732 1.00603 0.98766 0.89147 1.29569 1.38844 1.73223 1.84051 2.19195 2.41994 2.09403 2.84316 2.95811 3.54064 3.58918 2.96963 2.95187 3.35156 2.73725 2.40530 2.31985 2.59547 2.50649 1.35972 1.92517 3.55863 2.92225 4.33147 3.16182 3.18142 0.95410 0.31148 0.24630
-9999 -9999 -9999 -9999 -9999 -9999 -9999 -9999 -9999 -9999 -9999 -9999 0.89687 0.74280 0.85155 0.89519 0.79468 0.41209 0.28138 0.16953 0.15787 0.13763 0.15353 0.18187 0.15869 0.18512 0.17291 0.18323 0.23879 0.39541 0.32621 0.34342 0.47379 0.57033 0.51655 0.33127 0.20658 0.40997 0.66628 0.57229 0.54536 0.46400 0.72873 0.69947 1.04363 1.37712 1.33556 1.70652 1.81582 2.01527 2.57363 2.03106 3.14519 2.67722 3.60475 3.90876 4.51124 2.82698 2.55601 2.31962 2.90373 3.00010 2.86760 2.20416 2.64132 4.92896 4.86569 3.94678 3.99538 1.46258 0.33362 0.57309 0.30613
-9999 -9999 -9999 -9999 -9999 -9999 -9999 -9999 -9999 -9999 -9999 0.91743 0.77115 0.63839 0.46596 0.34408 0.31346 0.19765 0.21475 0.11696 0.11921 0.07716 0.07836 0.11545 0.11086 0.07574 0.10181 0.11913 0.16508 0.24299 0.24405 0.14327 0.18937 0.21835 0.20692 0.25177 0.34628 0.36151 0.34193 0.38121 0.38025 0.50168 0.50987 0.55901 0.70368 0.92956 0.87971 1.28269 1.53806 1.88647 2.34389 1.96857 2.06853 2.70448 2.38426 2.73765 4.31278 3.47720 3.03059 3.61079 4.00231 4.89298 4.55981 4.22526 5.28084 3.73014 3.75377 4.30376 3.74614 0.71393 0.24354 0.06610 0.08752
-9999 -9999 -9999 -9999 -9999 -9999 -9999 -9999 -9999 -9999 0.86181 0.71983 0.58383 0.45956 0.38223 0.26035 0.26530 0.21569 0.21379 0.14595 0.08195 0.07760 0.08620 0.08389 0.11979 0.09785 0.07608 0.17072 0.13914 0.13108 0.12732 0.14360 0.14406 0.31621 0.48637 0.43199 0.43650 0.39738 0.38125 0.40641 0.60740 0.44997 0.53939 0.52482 0.51501 0.67420 0.89370 1.04567 1.20846 1.63875 2.01344 1.65425 2.66725 2.06386 2.35415 2.75288 3.67329 3.49781 3.81320 4.98200 5.26727 5.22026 5.12784 5.42726 5.73348 4.25199 6.00071 6.22841 2.42561 0.40866 0.15641 0.37869 0.26037
-9999 -9999 -9999 -9999 -9999 -9999 -9999 -9999 -9999 0.05844 0.05218 0.04568 0.05759 0.04297 0.03452 0.04051 0.02895 0.02820 0.02875 0.02289 0.02203 0.01211 0.01289 0.02139 0.01690 0.01969 0.01769 0.02552 0.01926 0.02126 0.02470 0.09507 0.14176 0.13419 0.24848 0.60774 0.36207 0.32908 0.28973 0.49932 0.26050 0.35057 0.33591 0.59669 0.43233 0.72348 0.84185 1.22230 1.39914 1.51130 2.00427 1.84350 1.67329 2.17290 2.14151 3.01678 3.51798 4.22976 4.40828 5.38730 5.51000 6.22186 6.12270 7.55775 7.02636 5.69463 6.14538 0.80291 0.27009 0.05918 0.06510 0.08235 0.08964
-9999 -9999 -9999 -9999 -9999 -9999 -9999 -9999 -9999 -9999 0.03844 0.02920 0.02286 0.02413 0.02662 0.03122 0.03044 0.02834 0.02723 0.02010 0.01997 0.01282 0.01522 -9999 -9999 -9999 -9999 -9999 -9999 0.02778 0.03108 0.08045 0.12068 0.08353 0.18003 0.59289 0.42913 0.30375 0.25808 0.49926 0.30292 0.39511 0.36577 0.61347 0.58743 0.65186 0.87516 0.98857 1.49989 1.46453 1.84175 1.54222 1.61844 1.78183 2.37889 2.69527 3.40013 4.12181 4.24818 5.29605 5.94004 6.35408 6.42983 5.79441 5.35777 5.89606 4.32181 0.45350 0.07322 0.05389 0.05692 0.18183 0.25539
-9999 -9999 -9999 -9999 -9999 -9999 -9999 -9999 -9999 -9999 -9999 -9999 0.02070 0.01877 0.02132 0.02165 0.01935 0.01895 0.01658 -9999 -9999 -9999 -9999 -9999 -9999 -9999 -9999 -9999 -9999 -9999 -9999 -9999 -9999 0.08605 0.18602 0.39241 0.42605 0.46229 0.32497 0.20189 0.29575 0.37152 0.45156 0.40365 0.37699 0.67730 0.92371 1.13750 1.30092 1.79877 1.90982 1.87201 1.88787 2.12779 1.99444 2.63814 3.45027 3.50358 3.12527 5.15467 5.64613 5.84031 6.50009 7.49018 7.05782 3.99892 1.78586 0.21236 0.13474 0.20421 0.20619 0.20735 -9999
-9999 -9999 -9999 -9999 -9999 -9999 -9999 -9999 -9999 -9999 -9999 -9999 -9999 -9999 -9999 -9999 -9999 -9999 -9999 -9999 -9999 -9999 -9999 -9999 -9999 -9999 -9999 -9999 -9999 -9999 -9999 -9999 -9999 -9999 0.15207 0.10511 0.19156 0.30252 0.23853 0.27058 0.43281 0.47075 0.59046 0.45154 0.58012 0.82411 0.87572 1.08365 1.48768 1.55511 1.87561 2.04458 1.95427 2.09928 2.10233 2.86705 3.11783 4.01811 4.66969 5.41273 5.71855 6.85398 7.76864 9.44782 8.49141 4.34733 2.18630 0.12446 0.18741 0.22986 0.68596 -9999 -9999
-9999 -9999 -9999 -9999 -9999 -9999 -9999 -9999 -9999 -9999 -9999 -9999 -9999 -9999 -9999 -9999 -9999 -9999 -9999 -9999 -9999 -9999 -9999 -9999 -9999 -9999 -9999 -9999 -9999 -9999 -9999 -9999 -9999 -9999 0.14351 0.22528 0.31495 0.40852 0.24248 0.34794 0.47477 0.61559 0.58476 0.54874 0.60225 0.80705 0.77358 1.16538 1.58794 1.33047 1.46253 1.81290 2.14703 2.32237 2.23067 2.09766 2.68807 3.39671 3.93253 6.07044 5.87184 5.91869 7.20117 6.08013 5.52069 1.85861 1.58302 0.35369 0.39516 1.06272 -9999 -9999 -9999
-9999 -9999 -9999 -9999 -9999 -9999 -9999 -9999 -9999 -9999 -9999 -9999 -9999 -9999 -9999 -9999 -9999 -9999 -9999 -9999 -9999 -9999 -9999 -9999 -9999 -9999 -9999 -9999 -9999 -9999 -9999 -9999 -9999 -9999 -9999 -9999 -9999 -9999 0.46391 0.46938 0.44782 0.42951 0.64947 0.68819 0.70903 0.76576 1.06452 1.50109 1.59093 1.45936 1.47686 1.45202 1.71972 2.34568 2.37444 2.03705 1.70579 2.44974 4.65941 5.96203 5.84272 8.43261 8.82561 5.87241 2.79759 1.75929 1.72293 1.44298 3.84161 -9999 -9999 -9999 -9999
