data/hydroclimate-scenarios/1948-2000.Pcorr55N_Pref_Tref/monthly_summaries/runoff_monthly_tot_apr.1950-2000.asc
ncols	311
nrows	91
xllcenter	102.75
yllcenter	31.75
cellsize	0.5
NODATA_value	-9999
[rows 32 to 63 of 91, columns 0 to 71 of 311]
-9999 -9999 -9999 -9999 -9999 -9999 -9999 -9999 -9999 -9999 -9999 1.88874 1.57315 2.38223 1.72803 1.04728 1.29323 1.71017 0.89883 0.92786 1.01169 1.55016 2.25214 1.97519 2.34105 2.73513 2.60807 3.21399 3.33582 4.35853 3.79068 4.55360 4.27426 4.26832 3.35197 6.16622 6.10012 5.63116 4.97580 4.70025 4.65201 4.59435 4.44165 3.32606 3.59506 2.67797 2.31416 2.61849 2.17495 3.58547 4.04655 4.63035 4.86154 4.61460 5.43792 5.30023 5.67715 6.81237 7.77247 5.69548 6.09472 5.98706 6.73712 8.18662 8.13889 7.11612 4.72811 3.07808 2.45723 1.24333 1.41034 0.19396
-9999 -9999 -9999 -9999 -9999 -9999 -9999 -9999 -9999 -9999 -9999 1.80276 1.42412 2.05780 2.05881 1.53121 1.55822 1.66048 1.87026 1.98136 2.06293 2.45828 2.97035 2.65420 1.96777 1.90319 1.77811 2.43882 3.84948 7.50026 9.07875 5.73101 5.55449 6.21704 6.94469 10.94220 8.85548 6.90767 5.95316 3.22235 4.62364 3.23081 3.83141 3.28325 2.46461 2.02038 1.71069 2.77115 2.75660 4.80522 5.36002 6.52881 7.06433 8.07179 8.08804 6.89676 6.84099 7.87116 7.71406 6.17401 6.22268 7.05422 9.03865 7.16269 6.93017 5.84654 6.09173 4.70429 3.84571 2.17956 2.47218 0.28919
-9999 -9999 -9999 -9999 -9999 -9999 -9999 -9999 -9999 -9999 -9999 -9999 1.88754 1.90739 2.35611 2.54348 2.44627 2.85642 3.29176 3.79656 3.22365 2.71824 1.86274 1.36158 1.16972 0.96369 1.24347 1.57592 3.00354 4.61855 6.22931 9.32879 9.83346 9.39534 9.59849 9.10979 7.17507 6.34620 6.38098 3.77664 3.22547 2.54282 2.49030 4.07924 3.30042 2.52804 3.02334 2.94070 3.00986 4.55275 6.60366 6.48752 6.25548 8.02120 9.92198 10.59110 10.60050 11.26360 9.76074 10.27520 11.42940 10.25190 9.54464 7.93665 8.87213 8.35447 7.82240 3.90329 2.92510 1.81651 3.32143 1.34931
-9999 -9999 -9999 -9999 -9999 -9999 -9999 -9999 -9999 -9999 -9999 -9999 3.19845 3.09029 3.09540 3.63413 4.14870 4.35879 4.45261 4.01092 3.75024 1.75289 1.41105 1.37837 0.90104 2.71201 3.68918 2.08153 3.79976 4.03385 4.14849 6.74487 10.59060 11.04740 10.14700 8.69715 8.06063 7.90805 7.65968 3.94060 4.09669 2.12709 2.50799 3.13101 3.91662 3.51116 3.46902 3.19927 4.38459 3.59136 4.24401 8.05195 8.63395 11.68880 13.11020 13.44580 13.09130 13.80210 9.69686 9.16643 9.85858 5.86495 5.93273 6.53003 6.92455 9.35272 7.59011 6.37739 5.19978 4.03090 3.03375 2.02624
-9999 -9999 -9999 -9999 -9999 -9999 -9999 -9999 -9999 -9999 -9999 -9999 4.48873 5.63249 6.51997 4.80946 4.78811 4.41582 3.68165 3.09981 2.56167 1.83141 2.15905 1.95064 2.18590 1.97101 2.44770 4.18010 4.09130 5.62095 6.16234 9.58966 7.49366 7.64600 9.60997 9.94875 9.26846 7.68356 8.01725 5.71151 2.94235 1.50210 2.17801 1.84815 2.33495 1.56259 1.76052 1.83557 1.50050 4.20439 5.50653 4.77734 7.77918 8.65958 7.91903 6.53893 7.15344 7.91038 6.71493 6.32561 6.25085 4.77210 5.82738 8.26683 10.06580 8.18415 6.62128 5.56434 3.49411 3.44962 3.44275 3.02232
-9999 -9999 -9999 5.95461 4.88523 5.50271 6.00520 4.75315 4.29093 -9999 4.04184 4.89590 6.12999 7.10281 7.02989 5.94410 4.88475 5.06367 3.02187 2.50378 2.92028 3.07013 3.45435 2.72037 2.72186 3.10755 4.26041 4.56611 4.84342 5.50166 6.00624 7.81332 8.38650 7.35888 8.86217 7.98976 8.71714 7.15697 7.14314 6.64544 5.27576 2.70261 3.06059 2.59542 1.69668 1.78025 1.01693 3.72855 4.73808 4.66871 3.97782 3.36350 4.10971 4.62405 5.68819 3.93607 3.39382 8.15972 4.72446 7.63375 8.25333 6.35242 6.71577 6.44260 9.20159 7.99625 6.36304 3.88468 3.07505 3.08065 3.26174 2.57975
-9999 -9999 -9999 7.16405 7.30959 6.62704 6.07180 6.51137 6.94605 7.63544 7.99251 8.66209 5.60182 7.12183 5.52149 6.40143 4.31256 4.91499 4.08214 4.34756 5.41268 3.22205 5.16184 5.23968 3.88642 4.84828 4.64646 6.18243 5.57957 5.38691 5.11232 6.24873 6.73325 7.43548 9.24314 7.86683 9.71218 7.05796 8.84779 3.43049 4.06030 4.98223 3.45939 2.16788 2.29667 1.66502 1.73175 6.49026 3.25746 2.92144 2.91977 4.07109 3.25386 4.28341 7.47657 5.99121 8.09430 8.43920 6.28564 5.67126 6.65760 7.14211 6.81220 5.93802 5.67151 8.25864 6.76683 5.76670 4.63677 3.32094 1.86571 1.67266
-9999 -9999 -9999 11.39770 9.25939 7.74775 7.17988 8.33512 9.62960 10.23760 9.19479 8.48811 6.50733 7.46750 5.56139 6.97388 3.41417 4.52839 6.95909 6.64852 6.47311 4.25342 4.34896 3.96939 3.59240 4.96852 5.27302 5.71207 6.30258 5.32839 3.87908 4.80252 5.80551 7.62009 7.50414 8.28013 9.19201 9.80662 11.03830 7.54278 7.24836 5.66606 4.23820 2.99317 5.20984 6.06424 4.81229 3.71415 4.15793 3.35570 2.64821 7.02887 6.05319 7.49449 8.28610 8.32228 9.37257 9.01450 7.91762 6.68966 7.55198 8.48787 9.94083 7.99522 8.08579 6.11534 6.55065 5.22325 2.24067 1.71647 1.01356 2.18119
-9999 -9999 -9999 11.71370 14.65010 9.55218 12.11920 10.20470 10.85410 10.72330 10.49210 10.07440 8.63105 6.18790 6.61117 8.23012 5.49500 5.60028 6.21545 6.65536 7.22888 4.89058 4.34455 3.96452 3.89541 5.31588 6.86572 7.93010 6.70911 4.65337 4.67985 5.69967 5.26892 5.66828 5.87955 5.36234 7.76051 9.81281 8.96699 10.13470 10.99130 4.72242 2.74443 2.82209 6.61629 3.14970 2.49144 5.75316 3.34236 6.42743 3.69262 5.19410 5.10588 5.31928 6.95941 7.26926 7.52205 6.45289 5.97978 5.60805 3.87045 6.84733 8.55870 7.27270 5.54208 3.90945 3.50598 4.91648 2.60736 1.04956 2.92217 5.59172
-9999 -9999 -9999 14.02880 15.45520 10.18240 11.20160 11.18810 9.55537 10.40330 13.73270 11.33330 8.36939 7.06149 5.41466 7.41803 6.86966 7.36591 8.34034 8.10658 6.81179 6.33814 4.93354 5.38841 5.61998 6.28034 7.06714 7.21456 5.98007 5.07629 5.00740 5.20593 5.07015 6.94868 8.20088 8.66400 8.75327 9.49220 10.45680 10.26640 9.66496 6.73300 6.22448 7.40686 6.49727 5.83794 6.35051 6.79873 5.37923 6.18533 5.49471 8.54978 5.82190 5.29806 8.65238 5.68304 8.17467 7.98754 7.52617 4.86032 5.78872 7.75076 8.83084 5.76083 5.46521 7.24339 6.25260 4.27165 3.42025 4.36540 8.63742 -9999
-9999 -9999 -9999 -9999 13.30410 10.96420 11.26230 9.01117 9.76285 11.61460 14.74710 10.39810 6.94781 8.62414 -9999 -9999 -9999 -9999 -9999 5.72320 6.27577 6.11578 5.67940 5.08447 5.61482 5.37558 5.80098 5.98985 5.69927 5.68445 6.24283 6.12098 6.69958 7.04368 7.53223 8.47820 8.99307 9.30723 10.15520 11.18620 13.02900 12.53510 10.52670 8.73133 9.07234 9.47869 9.94678 7.23770 8.06971 9.26733 8.95398 7.94545 10.36350 7.71943 7.30736 6.34694 5.92810 5.61696 5.48565 6.64133 5.56923 4.39467 4.00559 7.95670 8.24891 5.95027 8.40018 11.38850 14.59680 -9999 -9999 -9999
-9999 -9999 15.14150 14.82630 13.09260 13.17650 12.38480 8.48179 11.87700 12.65050 15.08860 10.75750 7.35593 -9999 -9999 -9999 -9999 -9999 5.13771 6.11932 5.42077 5.28410 5.44460 5.57304 5.01885 4.81488 4.34253 4.70177 4.79157 5.01781 4.83965 5.17853 6.03593 6.30438 6.69869 7.24066 8.20909 9.12032 9.33665 10.33780 11.61600 11.20600 11.12800 12.18850 13.26930 13.72850 13.16340 13.76280 14.86790 14.54730 14.02350 12.47750 9.56979 9.94645 8.28863 10.96930 9.83496 6.52825 6.82868 11.26170 10.59380 9.67518 7.48500 7.06027 8.90928 9.91779 13.93410 -9999 -9999 -9999 -9999 -9999
-9999 -9999 17.63080 16.75060 15.42540 14.14580 14.43970 11.80980 14.26170 15.86550 12.53440 9.35467 11.24520 -9999 -9999 -9999 -9999 8.48865 7.33238 7.05152 5.64231 3.92888 3.55930 3.79723 3.60000 3.88805 4.04949 3.90110 3.74689 3.76494 4.14446 4.74449 4.96355 5.50128 6.52585 7.38805 7.79017 7.01372 8.73840 9.02327 9.49518 9.65453 9.79844 10.80600 10.00360 10.94990 11.92210 13.04610 14.20630 14.14220 13.21470 13.40940 13.63190 13.18500 13.62990 14.76240 14.19030 9.34888 8.76385 9.56184 9.53030 6.55966 8.64247 13.75150 18.75240 -9999 -9999 -9999 -9999 -9999 12.95430 -9999
-9999 -9999 20.16150 16.49470 15.07470 13.77950 14.99120 15.78220 15.59520 15.18430 11.47380 12.64510 10.24100 -9999 -9999 -9999 -9999 6.98284 8.62621 6.42771 4.24586 2.65504 2.29477 2.48189 2.51846 3.06657 3.69427 3.56839 3.44675 3.61219 3.88687 4.17424 4.59370 5.41574 5.86426 6.93789 7.41499 7.37063 7.83135 7.20415 8.21566 8.99996 9.36093 10.03700 10.47340 9.72719 10.26030 10.29630 10.65240 10.46150 11.12970 12.15990 13.40140 13.18200 12.48480 13.47910 15.95780 13.47110 14.33790 14.62960 15.05570 17.78790 21.74020 19.30630 15.45300 11.51330 17.52900 10.42470 10.33320 -9999 -9999 -9999
-9999 -9999 -9999 20.83930 17.11100 14.93760 13.84750 14.37800 14.65880 15.57790 18.03070 11.91960 -9999 -9999 -9999 -9999 8.86504 8.87842 7.70564 5.17101 3.52623 2.02926 2.22135 2.32419 2.42053 2.97989 3.31449 3.40299 3.67533 4.26177 4.26711 3.98033 3.97230 3.93674 4.16610 4.82093 4.96810 5.04289 5.83145 5.38642 6.30077 6.45560 7.89030 8.18397 8.39909 10.85860 10.25670 10.06240 9.72722 9.99539 11.63670 11.29180 11.44770 11.87340 11.76790 11.84150 12.19700 11.21450 12.08390 16.09680 18.48760 21.88540 16.49150 6.37531 2.69602 12.84470 16.12310 16.42360 17.54530 11.35220 -9999 -9999
-9999 -9999 -9999 -9999 20.05650 15.87470 14.59050 14.62720 14.46610 15.34240 8.55565 -9999 -9999 -9999 -9999 9.87680 10.93800 8.91093 6.31654 3.81857 2.53964 1.70028 1.75191 2.07427 2.35492 2.23623 2.39912 2.66745 3.32724 3.42696 3.62712 2.97930 2.95505 3.04547 3.92744 4.82149 5.32576 5.09875 5.38298 4.98842 5.52712 5.75098 5.89540 6.30055 6.43785 8.72944 11.11700 9.74884 8.92365 9.33943 11.29160 11.12930 12.35880 12.65580 12.77650 14.04130 15.57850 13.32490 13.30900 18.15200 15.15870 13.73910 15.31010 14.68330 9.69462 16.07560 18.92310 19.31920 14.17610 12.39460 12.94600 9.90148
-9999 -9999 -9999 -9999 -9999 -9999 16.81020 18.63330 9.22143 9.07938 12.73530 -9999 -9999 -9999 -9999 -9999 11.35980 7.05683 4.96861 2.86907 2.33743 1.24944 1.71383 1.95494 1.85402 1.61186 1.72152 2.75379 2.94557 2.89176 3.00095 2.54567 2.39069 3.49144 3.73961 3.34264 4.58262 5.33043 4.59112 4.95199 5.12894 6.05791 6.67708 6.55309 7.25896 6.67896 7.32741 9.71814 10.00970 9.91071 10.39840 11.09760 13.24640 14.00680 12.84980 15.60480 13.47730 14.11500 13.83080 14.24720 14.96420 15.16420 14.57210 11.90240 8.25769 13.40180 17.83190 19.00680 17.69470 15.83690 14.84420 11.47330
-9999 -9999 -9999 -9999 -9999 -9999 -9999 -9999 -9999 -9999 -9999 -9999 -9999 -9999 -9999 -9999 -9999 -9999 -9999 2.77576 2.24895 1.37060 1.53137 1.46988 1.56259 1.59649 2.26876 1.90221 2.27646 2.75498 3.13581 2.55259 3.07171 3.53808 3.45507 3.35236 3.65512 4.08211 4.19923 4.95681 5.28561 5.23660 5.45080 5.63638 6.25707 5.79737 6.00107 8.07305 8.94506 11.46120 13.46050 11.03410 10.33190 8.94057 8.55259 9.39133 11.50390 14.35840 14.24510 15.07050 11.87840 13.99120 14.46240 11.27020 9.10798 13.45440 15.48250 15.97090 16.59910 12.30540 13.72750 9.99739
-9999 -9999 -9999 -9999 -9999 -9999 -9999 -9999 -9999 -9999 -9999 -9999 -9999 -9999 -9999 -9999 -9999 -9999 3.66101 2.66352 1.89837 1.30712 1.19029 1.22113 1.27828 1.42202 1.73690 2.24036 1.87696 2.01721 2.21235 2.49873 2.79725 2.82333 3.36521 3.50762 3.85027 3.77032 4.32869 4.56207 5.01143 4.92257 5.12021 6.29210 6.60639 7.03327 6.17904 3.45040 4.74683 5.88090 6.69221 11.39820 12.38680 12.21930 9.15055 8.56226 10.00280 12.97920 12.89440 14.34390 13.26670 13.40490 14.13930 14.92370 12.40290 13.97480 17.26990 16.22030 18.74670 17.91550 18.08330 8.51210
-9999 -9999 -9999 -9999 -9999 -9999 -9999 -9999 -9999 -9999 -9999 -9999 -9999 -9999 -9999 -9999 -9999 4.28594 3.67694 2.02658 1.75810 1.34567 1.07503 1.13219 1.15235 1.39211 1.65466 1.87864 2.19086 2.38685 2.74414 2.83741 2.83012 2.90583 3.41538 3.91654 4.55588 4.26915 4.05893 4.38510 4.73473 4.94865 5.06126 5.73509 5.66154 5.23322 6.17961 4.45725 4.63118 5.23386 5.46156 8.75238 12.64680 12.35830 11.83860 12.07650 10.28940 11.82170 12.54230 12.43390 12.17160 12.63580 13.14090 12.03450 15.11780 15.81910 17.32420 20.01200 23.37110 23.33880 18.65520 12.95710
-9999 -9999 -9999 -9999 -9999 -9999 -9999 -9999 -9999 -9999 -9999 -9999 -9999 -9999 -9999 -9999 -9999 3.28345 2.79093 2.42594 1.99234 1.89253 1.60440 1.04543 0.95665 1.17359 1.11037 1.38388 1.49340 2.34540 2.74969 2.70059 2.85444 3.38467 3.48424 3.83173 4.20318 3.52965 4.25822 4.26877 4.27466 3.85217 4.18609 4.08830 4.83084 4.41595 4.45106 3.26802 3.31527 4.69825 4.57607 7.71909 8.51600 9.87332 11.09440 13.34040 11.94610 11.49040 10.76230 10.71910 12.23200 13.29440 14.71110 14.61270 13.47360 17.95440 18.10510 18.37460 27.04140 31.06910 34.60400 20.31600
-9999 -9999 -9999 -9999 -9999 -9999 -9999 -9999 -9999 -9999 -9999 -9999 -9999 -9999 -9999 -9999 4.29528 3.39251 2.79237 2.37250 1.96269 1.25776 1.30176 0.99752 0.68237 0.90306 0.90101 1.05730 1.24037 1.61195 1.78555 2.08002 2.81384 2.81417 2.87064 3.11422 3.39776 3.81804 3.74885 3.53423 3.18403 3.46296 4.12972 3.86996 3.36327 3.65808 3.82443 3.02661 3.05904 4.71636 4.65485 7.16575 8.07204 8.74050 10.14690 11.97330 13.02260 10.30610 8.76292 12.15540 12.07850 14.88950 15.98160 15.93940 19.04290 19.38090 23.41710 23.02070 27.76580 33.13520 35.65360 20.70770
-9999 -9999 -9999 -9999 -9999 -9999 -9999 -9999 -9999 -9999 -9999 -9999 -9999 3.06595 3.21048 2.99120 3.10197 3.24078 2.70924 1.56289 1.39759 1.43763 1.16140 1.12340 1.15605 0.75932 0.76475 0.65846 0.75264 0.70485 1.21874 1.45572 1.12083 1.10764 1.74307 2.11485 2.32214 2.07826 1.78897 1.81378 1.80260 2.32660 2.40727 1.48676 2.45278 2.77367 2.93127 3.23840 3.57754 4.58648 5.37338 5.77052 6.44705 6.82941 7.40658 5.21370 6.93192 6.93725 5.33780 6.99465 9.47884 10.88530 15.24190 12.64180 12.83630 15.99940 15.49960 29.43060 23.70180 37.35120 34.59040 14.96160
-9999 -9999 -9999 -9999 -9999 -9999 -9999 -9999 -9999 -9999 -9999 -9999 2.09460 2.28252 3.07171 3.05942 2.90457 2.27768 2.01090 0.94332 1.12762 0.96401 0.85011 1.03243 0.99054 0.51922 0.48151 0.54429 0.93954 0.85364 0.93040 1.22922 1.34091 1.64922 1.56322 1.80761 1.42819 1.29974 1.64791 1.52909 1.52265 1.49061 2.14909 2.17322 2.53141 2.78203 3.12875 3.13588 3.40583 3.86372 4.59787 3.48718 5.34728 4.26268 6.56641 6.97476 6.16939 4.58062 6.06035 7.48188 9.59427 9.08345 9.43905 12.54220 14.61110 22.03890 24.30090 24.22490 28.44540 34.77790 22.46770 19.47470
-9999 -9999 -9999 -9999 -9999 -9999 -9999 -9999 -9999 -9999 -9999 3.63393 2.65871 3.06903 2.14623 1.84381 1.59032 1.69112 1.54750 1.25986 1.13974 0.65528 0.66968 0.70428 0.70415 0.62476 0.91985 0.72112 0.72047 0.69447 0.84440 0.68105 0.90106 0.97774 0.95117 1.86488 1.46205 1.50662 1.48225 1.48122 1.24812 1.97015 1.88897 2.06157 2.47608 2.38638 2.52875 2.94702 3.30706 3.33503 3.83095 4.04761 4.26195 5.60054 5.01273 4.17491 4.86179 4.76651 3.63267 4.66573 6.23623 8.76211 9.84914 13.11250 19.25430 20.38760 22.33930 23.85100 31.85640 25.64700 15.73750 10.55370
-9999 -9999 -9999 -9999 -9999 -9999 -9999 -9999 -9999 -9999 2.48405 2.52081 1.94232 2.20755 1.79745 1.45293 1.20775 1.22082 1.29518 1.13828 0.91144 0.55357 0.59516 0.61370 0.63026 0.58519 0.63818 0.62199 0.55902 0.39842 0.41464 0.62090 0.79459 1.16806 1.52088 2.01259 1.59224 1.66879 1.45487 1.35943 1.83885 1.62251 1.56411 1.93864 1.93638 1.92650 2.14685 2.53642 3.00139 3.46505 3.69531 3.83248 4.62276 4.15245 4.31440 3.44698 4.25580 4.04129 3.99556 6.80951 7.90249 8.61565 10.35900 13.69600 17.64020 19.78180 27.04150 32.53270 33.12080 20.25640 12.28150 20.45640
-9999 -9999 -9999 -9999 -9999 -9999 -9999 -9999 -9999 0.18498 0.18489 0.19474 0.24504 0.27204 0.25446 0.23019 0.22461 0.17563 0.13385 0.12025 0.12202 0.12079 0.13218 0.09524 0.08623 0.10475 0.10090 0.10988 0.11891 0.10490 0.11298 0.56252 0.87005 1.28728 1.90391 2.33866 1.96398 1.78066 1.53893 1.55654 1.35713 1.53491 1.75477 2.33605 1.70054 2.24196 1.85515 2.27694 2.82652 3.15465 3.36307 3.99800 3.70888 5.46281 5.09342 3.97315 4.34498 4.83425 5.29103 6.05996 6.88196 7.59886 8.56821 11.34710 13.34300 17.67900 19.81020 6.03934 4.83917 3.19155 3.22179 3.18848
-9999 -9999 -9999 -9999 -9999 -9999 -9999 -9999 -9999 -9999 0.14500 0.13165 0.16334 0.15745 0.13922 0.17162 0.17793 0.16746 0.14233 0.12623 0.12141 0.11485 0.10157 -9999 -9999 -9999 -9999 -9999 -9999 0.13834 0.15820 0.73799 0.87309 1.18263 1.34303 2.10066 2.43349 1.43687 1.29191 1.63640 1.40643 1.62186 1.79794 2.31395 2.10121 2.29226 2.61314 2.30841 2.68841 2.96299 3.28136 2.89977 3.54622 4.67643 5.73053 3.99680 4.14736 4.65328 5.15033 5.77850 6.81863 7.23287 7.68175 7.42088 16.09730 17.49050 21.47100 5.54463 3.01094 2.70861 2.29649 4.86007
-9999 -9999 -9999 -9999 -9999 -9999 -9999 -9999 -9999 -9999 -9999 -9999 0.13289 0.10956 0.11721 0.06106 0.08247 0.08750 0.08238 -9999 -9999 -9999 -9999 -9999 -9999 -9999 -9999 -9999 -9999 -9999 -9999 -9999 -9999 1.12381 1.82047 1.88403 1.87373 1.71326 1.05727 1.25653 1.74276 1.71586 1.96312 1.67575 1.70510 2.38029 2.75699 2.30246 2.60356 2.86719 3.03261 4.09331 4.50836 4.31160 4.57073 3.45146 3.82887 3.99618 3.37367 5.80948 6.61365 7.25483 9.39290 10.66910 13.93610 18.32370 19.90490 4.59174 3.94542 5.47568 6.39350 7.56336
-9999 -9999 -9999 -9999 -9999 -9999 -9999 -9999 -9999 -9999 -9999 -9999 -9999 -9999 -9999 -9999 -9999 -9999 -9999 -9999 -9999 -9999 -9999 -9999 -9999 -9999 -9999 -9999 -9999 -9999 -9999 -9999 -9999 -9999 1.82089 1.84268 1.44843 1.41238 1.05874 1.47423 1.65486 1.89497 2.68409 2.01757 2.64855 2.81795 2.52067 2.40519 2.80652 2.98359 3.23997 4.09428 4.47073 4.44752 4.91903 3.93651 3.73770 4.64153 4.89254 6.68751 7.27043 9.84203 11.37080 11.02440 12.78180 16.78260 21.32500 4.98330 4.26785 6.06668 9.53959 -9999
-9999 -9999 -9999 -9999 -9999 -9999 -9999 -9999 -9999 -9999 -9999 -9999 -9999 -9999 -9999 -9999 -9999 -9999 -9999 -9999 -9999 -9999 -9999 -9999 -9999 -9999 -9999 -9999 -9999 -9999 -9999 -9999 -9999 -9999 1.34804 1.32747 1.43549 1.71935 1.14326 1.15982 1.35364 2.41265 2.51971 2.18253 2.68665 2.59828 2.74234 2.97102 3.38636 3.55333 3.85439 3.70204 4.06303 4.54471 4.81230 4.08622 4.34758 4.44516 5.56827 6.48854 6.54818 6.49505 9.29860 11.95590 14.52010 16.44670 21.34840 16.55310 15.40780 23.52420 -9999 -9999
-9999 -9999 -9999 -9999 -9999 -9999 -9999 -9999 -9999 -9999 -9999 -9999 -9999 -9999 -9999 -9999 -9999 -9999 -9999 -9999 -9999 -9999 -9999 -9999 -9999 -9999 -9999 -9999 -9999 -9999 -9999 -9999 -9999 -9999 -9999 -9999 -9999 -9999 1.49881 1.33666 1.46089 1.70457 2.13779 2.58608 2.59599 2.89424 3.24073 3.30079 3.68720 3.64516 3.26810 3.70117 3.28973 3.83186 4.29584 3.83244 3.06079 3.47342 5.69625 5.48498 5.69851 8.37904 11.90800 14.09090 19.80730 17.59080 20.74080 24.03460 26.23680 -9999 -9999 -9999
