data/hydroclimate-scenarios/1948-2000.Pcorr55N_Pref_Tref/monthly_summaries/runoff_monthly_tot_oct.asc
ncols	311
nrows	91
xllcenter	102.75
yllcenter	31.75
cellsize	0.5
NODATA_value	-9999
[rows 0 to 31 of 91, columns 219 to 291 of 311]
-9999 -9999 -9999 -9999 -9999 -9999 -9999 -9999 -9999 -9999 -9999 -9999 -9999 -9999 -9999 -9999 -9999 -9999 -9999 -9999 -9999 -9999 -9999 -9999 -9999 -9999 -9999 -9999 -9999 -9999 -9999 -9999 -9999 -9999 -9999 -9999 -9999 -9999 -9999 -9999 -9999 -9999 -9999 -9999 -9999 -9999 -9999 -9999 -9999 -9999 -9999 -9999 -9999 -9999 -9999 -9999 -9999 -9999 -9999 -9999 -9999 -9999 -9999 -9999 -9999 -9999 -9999 -9999 -9999 -9999 -9999 -9999 -9999
-9999 -9999 -9999 -9999 -9999 -9999 -9999 -9999 -9999 -9999 -9999 -9999 -9999 -9999 -9999 -9999 -9999 -9999 -9999 -9999 -9999 -9999 -9999 -9999 -9999 -9999 -9999 -9999 -9999 -9999 -9999 -9999 -9999 -9999 -9999 -9999 -9999 -9999 -9999 -9999 -9999 -9999 -9999 -9999 -9999 -9999 -9999 -9999 -9999 -9999 -9999 -9999 -9999 -9999 -9999 -9999 -9999 -9999 -9999 -9999 -9999 -9999 -9999 -9999 -9999 -9999 -9999 -9999 -9999 -9999 -9999 -9999 -9999
-9999 -9999 -9999 -9999 -9999 -9999 -9999 -9999 -9999 -9999 -9999 -9999 -9999 -9999 -9999 -9999 -9999 -9999 -9999 -9999 -9999 -9999 -9999 -9999 -9999 -9999 -9999 -9999 -9999 -9999 -9999 -9999 -9999 -9999 -9999 -9999 -9999 -9999 -9999 -9999 -9999 -9999 -9999 -9999 -9999 -9999 -9999 -9999 -9999 -9999 -9999 -9999 -9999 -9999 -9999 -9999 -9999 -9999 -9999 -9999 -9999 -9999 -9999 -9999 -9999 -9999 -9999 -9999 -9999 -9999 -9999 -9999 -9999
-9999 -9999 -9999 -9999 -9999 -9999 -9999 -9999 -9999 -9999 -9999 -9999 -9999 -9999 -9999 -9999 -9999 -9999 -9999 -9999 -9999 -9999 -9999 -9999 -9999 -9999 -9999 -9999 -9999 -9999 -9999 -9999 -9999 -9999 -9999 -9999 -9999 -9999 -9999 -9999 -9999 -9999 -9999 -9999 -9999 -9999 -9999 -9999 -9999 -9999 -9999 -9999 -9999 -9999 -9999 -9999 -9999 -9999 -9999 -9999 -9999 -9999 -9999 -9999 -9999 -9999 -9999 -9999 -9999 -9999 -9999 -9999 -9999
-9999 -9999 -9999 -9999 -9999 -9999 -9999 -9999 -9999 -9999 -9999 -9999 -9999 -9999 -9999 -9999 -9999 -9999 -9999 -9999 -9999 -9999 -9999 -9999 -9999 -9999 -9999 -9999 -9999 -9999 -9999 -9999 -9999 -9999 -9999 -9999 -9999 -9999 -9999 -9999 -9999 -9999 -9999 -9999 -9999 -9999 -9999 -9999 -9999 -9999 -9999 -9999 -9999 -9999 -9999 -9999 -9999 -9999 -9999 -9999 -9999 -9999 -9999 -9999 -9999 -9999 -9999 -9999 -9999 -9999 -9999 -9999 -9999
-9999 -9999 -9999 -9999 -9999 -9999 -9999 -9999 -9999 -9999 -9999 -9999 -9999 -9999 -9999 -9999 -9999 -9999 -9999 -9999 -9999 -9999 -9999 -9999 -9999 -9999 -9999 -9999 -9999 -9999 -9999 -9999 -9999 -9999 -9999 -9999 -9999 -9999 -9999 -9999 -9999 -9999 -9999 -9999 -9999 -9999 -9999 -9999 -9999 -9999 -9999 -9999 -9999 -9999 -9999 -9999 -9999 -9999 -9999 -9999 -9999 -9999 -9999 -9999 -9999 -9999 -9999 -9999 -9999 -9999 -9999 -9999 -9999
-9999 -9999 -9999 -9999 -9999 -9999 -9999 -9999 -9999 -9999 -9999 -9999 -9999 -9999 -9999 -9999 -9999 -9999 -9999 -9999 -9999 -9999 -9999 -9999 -9999 -9999 -9999 -9999 -9999 -9999 -9999 -9999 -9999 -9999 -9999 -9999 -9999 -9999 -9999 -9999 -9999 -9999 -9999 -9999 -9999 -9999 -9999 -9999 -9999 -9999 -9999 -9999 -9999 -9999 -9999 -9999 -9999 -9999 -9999 -9999 -9999 -9999 -9999 -9999 -9999 -9999 -9999 -9999 -9999 -9999 -9999 -9999 -9999
-9999 -9999 -9999 -9999 -9999 -9999 -9999 -9999 -9999 -9999 -9999 -9999 -9999 -9999 -9999 -9999 -9999 -9999 -9999 -9999 -9999 -9999 -9999 -9999 -9999 -9999 -9999 -9999 -9999 -9999 -9999 -9999 -9999 -9999 -9999 -9999 -9999 -9999 -9999 -9999 -9999 -9999 -9999 -9999 -9999 -9999 -9999 -9999 -9999 -9999 -9999 -9999 -9999 -9999 -9999 -9999 -9999 -9999 -9999 -9999 -9999 -9999 -9999 -9999 -9999 -9999 -9999 -9999 -9999 -9999 -9999 -9999 -9999
-9999 -9999 -9999 -9999 -9999 -9999 -9999 -9999 -9999 -9999 -9999 -9999 -9999 -9999 -9999 -9999 -9999 -9999 -9999 -9999 -9999 -9999 -9999 -9999 -9999 -9999 -9999 -9999 -9999 -9999 -9999 -9999 -9999 -9999 -9999 -9999 -9999 -9999 -9999 -9999 -9999 -9999 -9999 -9999 -9999 -9999 -9999 -9999 -9999 -9999 -9999 -9999 -9999 -9999 -9999 -9999 -9999 -9999 -9999 -9999 -9999 -9999 -9999 -9999 -9999 -9999 -9999 -9999 -9999 -9999 -9999 -9999 -9999
-9999 -9999 -9999 -9999 -9999 -9999 -9999 -9999 -9999 -9999 -9999 -9999 -9999 -9999 -9999 -9999 -9999 -9999 -9999 -9999 -9999 -9999 -9999 -9999 -9999 -9999 -9999 -9999 -9999 -9999 -9999 -9999 -9999 -9999 -9999 -9999 -9999 -9999 -9999 -9999 -9999 -9999 -9999 -9999 -9999 -9999 -9999 -9999 -9999 -9999 -9999 -9999 -9999 -9999 -9999 -9999 -9999 -9999 -9999 -9999 -9999 -9999 -9999 -9999 -9999 -9999 -9999 -9999 -9999 -9999 -9999 -9999 -9999
-9999 -9999 -9999 -9999 -9999 -9999 -9999 -9999 -9999 -9999 -9999 -9999 -9999 -9999 -9999 -9999 -9999 -9999 -9999 -9999 -9999 -9999 -9999 -9999 -9999 -9999 -9999 -9999 -9999 -9999 -9999 -9999 -9999 -9999 -9999 -9999 -9999 -9999 -9999 -9999 -9999 -9999 -9999 -9999 -9999 -9999 -9999 -9999 -9999 -9999 -9999 -9999 -9999 -9999 -9999 -9999 -9999 -9999 -9999 -9999 -9999 -9999 -9999 -9999 -9999 -9999 -9999 -9999 -9999 -9999 -9999 -9999 -9999
-9999 -9999 -9999 -9999 -9999 -9999 -9999 -9999 -9999 -9999 -9999 -9999 -9999 -9999 -9999 -9999 -9999 -9999 -9999 -9999 -9999 -9999 -9999 -9999 -9999 -9999 -9999 -9999 -9999 -9999 -9999 -9999 -9999 -9999 -9999 -9999 -9999 -9999 -9999 -9999 -9999 -9999 -9999 -9999 -9999 -9999 -9999 -9999 -9999 -9999 -9999 -9999 -9999 -9999 -9999 -9999 -9999 -9999 -9999 -9999 -9999 -9999 -9999 -9999 -9999 -9999 -9999 -9999 -9999 -9999 -9999 -9999 -9999
-9999 -9999 -9999 -9999 -9999 -9999 -9999 -9999 -9999 -9999 -9999 -9999 -9999 -9999 -9999 -9999 -9999 -9999 -9999 -9999 -9999 -9999 -9999 -9999 -9999 -9999 -9999 -9999 -9999 -9999 -9999 -9999 -9999 -9999 -9999 -9999 -9999 -9999 -9999 -9999 -9999 -9999 -9999 -9999 -9999 -9999 -9999 -9999 -9999 -9999 -9999 -9999 -9999 -9999 -9999 -9999 -9999 -9999 -9999 -9999 -9999 -9999 -9999 -9999 -9999 -9999 -9999 -9999 -9999 -9999 -9999 -9999 -9999
-9999 -9999 -9999 -9999 -9999 -9999 -9999 -9999 -9999 -9999 -9999 -9999 -9999 -9999 -9999 -9999 -9999 -9999 -9999 -9999 -9999 -9999 -9999 -9999 -9999 -9999 -9999 -9999 -9999 -9999 -9999 -9999 -9999 -9999 -9999 -9999 -9999 -9999 -9999 -9999 -9999 0.07908 -9999 -9999 -9999 -9999 -9999 -9999 -9999 -9999 -9999 -9999 -9999 -9999 -9999 -9999 -9999 -9999 -9999 -9999 -9999 -9999 -9999 -9999 -9999 -9999 -9999 -9999 -9999 -9999 -9999 -9999 -9999
0.06597 0.07315 0.06641 0.08115 0.01950 0.01974 0.02360 0.10818 0.13563 0.14610 0.16855 0.15184 1.28570 -9999 -9999 -9999 -9999 -9999 -9999 -9999 -9999 -9999 -9999 -9999 -9999 -9999 -9999 -9999 -9999 -9999 -9999 -9999 -9999 -9999 -9999 -9999 0.03536 0.07268 0.03681 0.01579 0.00722 0.01727 0.17068 -9999 -9999 -9999 0.24261 -9999 -9999 -9999 0.17915 0.18511 0.17771 -9999 -9999 -9999 -9999 -9999 -9999 -9999 -9999 -9999 -9999 -9999 -9999 -9999 -9999 -9999 -9999 -9999 -9999 -9999 -9999
0.00604 0.00000 0.00000 0.00000 0.00000 0.00000 0.00126 0.00000 0.00006 0.00000 0.00000 0.00000 0.00000 0.00000 0.00595 0.02207 0.04258 0.18454 0.12488 -9999 -9999 -9999 -9999 -9999 0.03661 0.03944 0.05250 0.07288 0.10822 0.13296 0.12499 0.10218 0.11086 0.11067 0.12062 0.13259 0.01171 0.01561 0.01143 0.01594 0.00428 0.01017 0.15541 0.17180 0.13594 0.16302 0.23109 0.27341 0.30603 0.22427 0.14728 0.07577 0.06387 0.05866 0.08629 0.11792 0.04794 0.06721 -9999 -9999 -9999 -9999 -9999 -9999 -9999 -9999 -9999 -9999 -9999 -9999 -9999 -9999 -9999
0.00000 0.00000 0.00000 0.00000 0.00000 0.00000 0.00000 0.00000 0.00000 0.00000 0.00000 0.00000 0.00000 0.01148 0.01893 0.01499 0.02836 0.00962 0.02844 0.04027 0.04903 0.08784 0.07518 0.06806 0.07320 0.07100 0.03700 0.04240 0.05423 0.09329 0.12016 0.11349 0.14606 0.14709 0.11287 0.11682 0.14781 0.13868 0.15801 0.17356 0.11101 0.12016 0.17044 0.18419 0.15092 0.18525 0.16069 0.16555 0.15477 0.13951 0.13731 0.15282 0.19627 0.16646 0.14740 0.13809 0.07814 0.00826 0.06176 0.06314 0.17573 0.19129 0.18521 0.18087 0.27441 0.28469 -9999 -9999 -9999 -9999 -9999 -9999 -9999
0.00000 0.00000 0.00000 0.00000 0.00000 0.00000 0.00000 0.00000 0.00000 0.00000 0.00101 0.03290 0.13354 0.14079 0.05706 0.05350 0.36791 0.35236 0.04181 0.03279 0.01405 0.01403 0.01249 0.01546 0.04710 0.08430 0.06534 0.07953 0.10062 0.10754 0.15270 0.16669 0.18825 0.18788 0.12470 0.13758 0.19223 0.19879 0.19681 0.18371 0.11841 0.13467 0.18956 0.21205 0.16507 0.18771 0.21643 0.23933 0.20712 0.21486 0.18942 0.17219 0.20695 0.18940 0.19705 0.18113 0.05865 0.04049 0.13750 0.14618 0.23743 0.24438 0.23512 0.25570 0.42108 0.47155 -9999 0.40974 -9999 -9999 -9999 -9999 -9999
0.01015 0.00000 0.00025 0.01097 0.01384 0.01601 0.00625 0.02282 0.00000 0.01163 0.12042 0.01990 0.05716 0.05802 0.09492 0.25864 0.47933 0.42014 0.22597 0.13170 0.08044 0.00901 0.00900 0.00818 0.08869 0.23216 0.20591 0.20989 0.19288 0.20547 0.32351 0.31961 0.30009 0.29527 0.23533 0.20762 0.14169 0.13383 0.17810 0.19429 0.20317 0.20530 0.32875 0.36107 0.34251 0.33202 0.23633 0.24311 0.20335 0.20568 0.16416 0.17372 0.18774 0.19292 0.13055 0.11864 0.15828 0.21752 0.23480 0.22490 0.35199 0.41063 0.32388 0.35040 0.62051 0.83164 0.97709 -9999 -9999 -9999 -9999 -9999 -9999
0.03958 0.02777 0.16343 0.17455 0.12725 0.15320 0.09457 0.13504 0.21978 0.22452 0.21084 0.20432 1.37887 1.30874 0.39237 0.47119 0.19674 0.21424 0.10845 0.14768 0.17059 0.15889 0.18541 0.01950 0.16019 0.24584 0.35285 0.33707 0.43115 0.46485 0.58553 0.63505 0.56803 0.58549 0.53250 0.50731 0.25144 0.26064 0.34006 0.36753 0.37502 0.37404 0.60595 0.59648 0.51487 0.41903 0.34212 0.33414 0.21098 0.22127 0.19391 0.18539 0.25347 0.26240 0.19088 0.24750 0.46102 0.51109 0.34872 0.41254 0.69671 0.65480 0.58051 0.74481 1.26314 1.41394 1.34331 1.04239 -9999 -9999 -9999 -9999 -9999
0.17688 0.13499 0.18480 0.17520 0.22084 0.23220 0.20472 0.23453 0.29884 0.30359 0.26761 0.28266 0.79454 0.26940 0.04695 0.04263 0.06404 0.04898 0.07928 0.22986 0.40448 0.46547 0.21130 0.08478 0.07919 0.40243 0.44135 0.46083 0.51286 0.43767 0.42736 0.46450 0.55529 0.55926 0.90422 0.81707 0.60342 0.50031 0.45869 0.50476 0.46627 0.45372 0.65510 0.64630 0.64268 0.71945 0.53261 0.59322 0.35937 0.43994 0.37274 0.31052 0.41047 0.45991 0.26174 0.36248 0.43760 0.43988 0.50335 0.49851 0.67047 0.53412 0.59315 0.64114 0.85378 0.97077 0.90156 0.90604 0.81787 0.70184 0.70005 0.64871 -9999
0.20382 0.18697 0.25067 0.24015 0.25860 0.25391 0.20606 0.19533 0.30146 0.33581 0.32452 0.33595 1.28669 0.85062 0.02411 0.00946 0.00001 0.00307 0.07360 0.39626 0.57071 0.55712 0.27084 0.22580 0.06881 0.28421 0.38875 0.58126 0.75313 0.70863 0.65044 0.57459 0.69026 0.74139 0.80034 0.85635 0.91503 1.03566 0.66729 0.63787 0.55997 0.50612 0.77525 0.79623 0.79241 0.82069 0.67928 0.74374 0.55927 0.72436 0.63724 0.55595 0.51323 0.57138 0.59031 0.59155 0.58042 0.52267 0.65390 0.72986 0.76941 0.61090 0.62801 0.74121 1.04908 0.98336 0.80107 0.77597 1.08905 0.87639 0.77292 0.77775 0.71839
1.15606 0.12321 0.08212 0.29662 0.07483 0.16189 0.21797 0.13260 0.16467 0.19515 0.42083 0.40872 0.30465 0.38618 0.01762 0.00319 0.00204 0.00712 0.01152 0.08565 0.12708 0.15315 0.25789 0.40903 0.36616 0.54324 0.37042 0.25387 0.47354 0.55256 0.47022 0.40667 0.70617 0.66284 0.51377 0.62378 0.97596 1.16303 1.48153 1.50447 1.36987 1.04512 1.44192 1.35662 0.82612 0.82865 0.80981 0.82868 0.77197 0.71143 0.48986 0.60545 0.87777 1.15667 0.78865 0.59810 0.93616 0.84718 0.76536 0.75991 0.62492 0.64602 0.97299 1.05674 1.24101 1.23633 1.44346 1.42728 1.19808 1.36770 1.34443 0.84788 0.82370
1.52209 1.44678 0.09648 0.12747 0.11821 0.15061 0.19411 0.14226 0.14006 0.09271 0.38809 0.33550 0.46048 0.37127 0.03908 0.00391 0.00943 0.00992 0.01791 0.01881 0.01751 0.02767 0.03050 0.07573 0.23641 0.46358 0.24687 0.12970 0.10341 0.06046 0.01725 0.06659 0.19913 0.27042 0.14654 0.19035 0.56173 0.69690 1.04562 1.04722 1.45074 1.46412 2.12680 2.10242 1.67171 1.74971 1.30792 0.87992 0.86183 0.78522 0.64914 0.73400 1.29152 0.76674 0.60330 0.69672 0.81736 0.77567 0.71594 0.77625 0.75684 0.84355 0.98623 1.02167 1.12355 1.32761 1.69235 1.66166 1.44614 1.47859 1.59488 1.52700 1.21497
0.90109 0.96359 1.30402 0.56824 0.11501 0.11440 0.12421 0.10297 0.03844 0.06814 0.00000 0.01428 0.02132 0.32090 1.12848 0.00301 0.00020 0.00000 0.00011 0.00109 0.00000 0.00091 0.00042 0.00038 0.00024 0.00054 0.00062 0.00034 0.00098 0.00210 0.00181 0.00057 0.01410 0.02519 0.03708 0.04820 0.18336 0.17831 0.29964 0.33185 0.43607 0.64332 1.07565 1.64496 1.27390 1.27778 1.36113 0.95566 0.68987 0.81341 0.68672 0.73368 0.97096 0.98038 0.86504 0.72254 0.71459 0.58895 0.95210 1.10285 1.32709 1.14933 1.48685 1.39405 1.23181 1.31274 1.59016 1.90224 1.67773 1.74077 1.61144 1.61857 1.55116
1.14631 1.22314 1.22468 0.89884 0.54763 0.41910 0.10548 0.15972 0.14724 0.09344 0.06169 0.04239 0.03246 0.02551 0.01720 0.21962 0.01365 0.02821 0.00646 0.00110 0.00015 0.00021 0.00009 0.00933 0.01306 0.01679 0.00752 0.00752 0.00956 0.00835 0.01526 0.01210 0.04843 0.06242 0.06002 0.08988 0.41666 0.51794 0.60976 0.63156 0.67556 1.04964 1.18861 1.49129 1.62946 1.68148 1.32455 1.35423 0.90662 0.86926 0.82749 0.73999 0.98592 1.02477 0.92462 0.90355 0.89164 0.81099 0.92779 0.99657 1.61364 1.50009 1.61142 1.55070 1.38277 1.53700 1.72061 1.95085 1.85600 1.98439 1.91399 1.91530 2.15447
0.27006 0.38526 0.18375 0.18093 2.25765 0.98794 1.28109 0.43458 0.39366 0.47168 0.42787 0.29820 0.02194 0.01929 0.02306 0.02610 0.05044 0.28236 0.29910 0.34145 0.40740 0.21181 0.21899 0.76392 1.02321 0.34456 0.26484 0.23831 0.33163 0.43827 0.02637 0.08356 0.07841 0.11426 0.21288 0.36609 0.43542 0.53596 0.63367 1.12438 0.93815 0.67766 0.91894 1.09535 1.12928 1.57261 1.64431 1.62900 2.37498 1.23064 1.25295 1.29005 1.32557 1.41110 1.39241 1.35122 1.25003 1.11172 1.40174 1.51309 1.64571 1.53164 1.47890 1.59320 1.45440 1.74466 1.61958 1.71333 2.10814 2.14280 2.30492 2.21544 2.94769
1.63363 2.42240 0.26838 0.45823 0.35855 0.44017 0.37177 1.20013 1.67122 0.69760 0.37054 0.33320 2.78682 1.55404 0.81686 0.94199 0.57852 1.06237 0.27244 0.35398 0.32332 0.54490 0.49349 0.63519 0.44179 0.11105 0.01728 0.23697 0.01698 0.01936 0.14477 0.27191 0.24561 0.28108 0.43788 0.68492 0.68945 1.30616 1.46190 1.31776 0.76231 0.85734 1.40494 1.52233 1.27150 1.19306 1.48210 1.68901 2.66246 1.50710 1.07032 1.34112 1.68317 1.71456 1.63271 1.67198 1.72175 1.66286 1.70352 1.66458 1.71689 1.81513 1.83754 1.80127 2.18698 2.45942 2.44993 2.23676 2.62440 2.72263 2.83876 2.78360 3.15259
1.16941 0.98999 0.81769 0.96889 1.50424 1.67213 1.40800 1.42056 1.21754 0.90504 0.83559 0.34042 5.24642 5.16251 4.95093 2.55283 0.86863 0.47745 0.00447 0.00202 0.28373 0.48192 0.35829 0.63704 0.97085 0.47806 0.15546 0.01484 0.01785 0.01510 0.25653 0.25232 0.38528 0.80400 0.63608 0.88618 0.77759 1.10944 1.27062 1.24753 1.14932 0.72089 1.10984 0.81347 1.13210 1.06023 1.84966 2.48920 3.47536 2.52287 1.67714 2.02890 2.24418 2.07251 1.70129 1.63490 1.61309 1.58319 1.56774 1.98866 2.05425 2.18420 2.00593 2.31338 2.56227 2.78532 3.28863 3.69306 3.83348 3.91304 4.46845 3.78932 3.15383
0.52981 0.38503 0.43773 0.57862 1.00135 1.59648 3.28687 1.97098 1.43384 1.21430 1.33242 0.70176 1.32042 1.53948 3.96352 11.51370 7.25116 1.88291 0.55151 0.11093 0.00746 0.00317 0.21851 0.75217 0.76340 0.13208 0.10651 0.01225 0.01226 0.01745 0.66367 0.53780 1.20093 1.89788 1.82552 1.99035 2.08838 1.07179 2.32613 2.07041 2.74258 2.48595 1.46454 1.27311 1.29216 1.52321 1.96262 2.49980 2.95960 3.08482 2.76715 2.70939 2.57794 3.10044 2.87854 2.25000 1.73953 1.66676 1.57453 1.81277 2.31556 2.59602 2.94976 3.11337 3.15600 3.34868 2.81959 3.28019 4.78817 4.63242 4.70619 4.89230 2.95919
3.19509 3.94408 3.28613 1.80147 1.43670 1.37238 2.44287 4.63432 4.81490 1.73222 3.23535 1.59393 0.89763 2.03110 2.72883 5.93053 6.01158 1.75871 0.40470 0.13951 0.39061 1.03357 0.24521 0.52882 0.36772 0.00381 0.23636 0.02012 0.01144 0.01566 0.20466 0.78024 1.61175 2.35445 2.11023 2.20951 3.68315 3.01732 3.54445 4.75761 3.88043 2.84789 3.25059 3.63354 2.34144 2.07310 1.85835 1.87053 1.57655 2.35339 2.98998 2.74705 3.04743 3.11402 3.46739 3.78116 3.22933 3.17197 3.55477 3.57146 3.32075 3.58132 4.46619 4.47399 4.65177 4.35201 2.98263 3.15474 3.43064 3.49012 4.85418 4.55837 4.49980
-9999 113.51200 52.50880 21.77130 9.44734 7.04573 8.48236 6.55955 5.41117 6.49951 6.40792 5.60343 7.14345 1.14938 1.06796 0.53890 7.86869 8.08616 5.51691 2.69182 1.75377 1.31235 1.88784 1.68766 1.51513 1.26699 0.02177 0.02466 0.01753 0.62464 1.30415 1.00257 1.09818 1.74707 2.89859 2.60511 5.39723 6.05607 3.69549 3.92981 3.87318 3.71163 4.02652 3.86884 4.06634 3.02831 1.82584 2.29638 2.05517 2.75224 3.49421 3.36447 3.50946 3.56305 3.58835 3.29889 3.39248 3.29448 3.55003 3.32552 3.01803 3.27821 3.64749 4.29509 4.05086 3.78149 3.50441 3.14321 3.34773 5.50910 5.46924 5.06090 4.89242
