data/hydroclimate-scenarios/1948-2000.Pcorr55N_Pref_Tref/monthly_summaries/runoff_monthly_tot_jun.asc
ncols	311
nrows	91
xllcenter	102.75
yllcenter	31.75
cellsize	0.5
NODATA_value	-9999
[rows 0 to 31 of 91, columns 72 to 143 of 311]
-9999 -9999 -9999 -9999 -9999 -9999 -9999 -9999 -9999 -9999 -9999 -9999 -9999 -9999 -9999 -9999 -9999 -9999 -9999 -9999 -9999 -9999 -9999 -9999 -9999 -9999 -9999 -9999 -9999 -9999 -9999 -9999 -9999 -9999 -9999 -9999 -9999 -9999 -9999 -9999 -9999 -9999 -9999 -9999 -9999 -9999 -9999 -9999 -9999 -9999 -9999 -9999 -9999 -9999 -9999 -9999 -9999 -9999 -9999 -9999 -9999 -9999 -9999 -9999 -9999 -9999 -9999 -9999 -9999 -9999 -9999 -9999
-9999 -9999 -9999 -9999 -9999 -9999 -9999 -9999 -9999 -9999 -9999 -9999 -9999 -9999 -9999 -9999 -9999 -9999 -9999 -9999 -9999 -9999 -9999 -9999 -9999 -9999 -9999 -9999 -9999 -9999 -9999 -9999 -9999 -9999 -9999 -9999 -9999 -9999 -9999 -9999 -9999 -9999 -9999 -9999 -9999 -9999 -9999 -9999 -9999 -9999 -9999 -9999 -9999 -9999 -9999 -9999 -9999 -9999 -9999 -9999 -9999 -9999 -9999 -9999 -9999 -9999 -9999 -9999 -9999 -9999 -9999 -9999
-9999 -9999 -9999 -9999 -9999 -9999 -9999 -9999 -9999 -9999 -9999 -9999 -9999 -9999 -9999 -9999 -9999 -9999 -9999 -9999 -9999 -9999 -9999 -9999 -9999 -9999 -9999 -9999 -9999 -9999 -9999 -9999 -9999 -9999 -9999 -9999 -9999 -9999 -9999 -9999 -9999 -9999 -9999 -9999 -9999 -9999 -9999 -9999 -9999 -9999 -9999 -9999 -9999 -9999 -9999 -9999 -9999 -9999 -9999 -9999 -9999 -9999 -9999 -9999 -9999 -9999 -9999 -9999 -9999 -9999 -9999 -9999
-9999 -9999 -9999 -9999 -9999 -9999 -9999 -9999 -9999 -9999 -9999 -9999 -9999 -9999 -9999 -9999 -9999 -9999 -9999 -9999 -9999 -9999 -9999 -9999 -9999 -9999 -9999 -9999 -9999 -9999 -9999 -9999 -9999 -9999 -9999 -9999 -9999 -9999 -9999 -9999 -9999 -9999 -9999 -9999 -9999 -9999 -9999 -9999 -9999 -9999 -9999 -9999 -9999 -9999 -9999 -9999 -9999 -9999 -9999 -9999 -9999 -9999 -9999 -9999 -9999 -9999 -9999 -9999 -9999 -9999 -9999 -9999
-9999 -9999 -9999 -9999 -9999 -9999 -9999 -9999 -9999 -9999 -9999 -9999 -9999 -9999 -9999 -9999 -9999 -9999 -9999 -9999 -9999 -9999 -9999 -9999 -9999 -9999 -9999 -9999 -9999 -9999 -9999 -9999 -9999 -9999 -9999 -9999 -9999 -9999 -9999 -9999 -9999 -9999 -9999 -9999 -9999 -9999 -9999 -9999 -9999 -9999 -9999 -9999 -9999 -9999 -9999 -9999 -9999 -9999 -9999 -9999 -9999 -9999 -9999 -9999 -9999 -9999 -9999 -9999 -9999 -9999 -9999 -9999
-9999 -9999 -9999 -9999 -9999 -9999 -9999 -9999 -9999 -9999 -9999 -9999 -9999 -9999 -9999 -9999 -9999 -9999 -9999 -9999 -9999 -9999 -9999 -9999 -9999 -9999 -9999 -9999 -9999 -9999 -9999 -9999 -9999 -9999 -9999 -9999 -9999 -9999 -9999 -9999 -9999 -9999 -9999 -9999 -9999 -9999 -9999 -9999 -9999 -9999 -9999 -9999 -9999 -9999 -9999 -9999 -9999 -9999 -9999 -9999 -9999 -9999 -9999 -9999 -9999 -9999 -9999 -9999 -9999 -9999 -9999 -9999
-9999 -9999 -9999 -9999 -9999 -9999 -9999 -9999 -9999 -9999 -9999 -9999 -9999 -9999 -9999 -9999 -9999 -9999 -9999 -9999 -9999 -9999 -9999 -9999 -9999 -9999 -9999 -9999 -9999 -9999 -9999 -9999 -9999 -9999 -9999 -9999 -9999 -9999 -9999 -9999 -9999 -9999 -9999 -9999 -9999 -9999 -9999 -9999 -9999 -9999 -9999 -9999 -9999 -9999 -9999 -9999 -9999 -9999 -9999 -9999 -9999 -9999 -9999 -9999 -9999 -9999 -9999 -9999 -9999 -9999 -9999 -9999
-9999 -9999 -9999 -9999 -9999 -9999 -9999 -9999 -9999 -9999 -9999 -9999 -9999 -9999 -9999 -9999 -9999 -9999 -9999 -9999 -9999 -9999 -9999 -9999 -9999 -9999 -9999 -9999 -9999 -9999 -9999 -9999 -9999 -9999 -9999 -9999 -9999 -9999 -9999 -9999 -9999 -9999 -9999 -9999 -9999 -9999 -9999 -9999 -9999 -9999 -9999 -9999 -9999 -9999 -9999 -9999 -9999 -9999 -9999 -9999 -9999 -9999 -9999 -9999 -9999 -9999 -9999 -9999 -9999 -9999 -9999 -9999
-9999 -9999 -9999 -9999 -9999 5.99977 -9999 -9999 -9999 -9999 -9999 -9999 -9999 -9999 -9999 -9999 -9999 -9999 -9999 -9999 -9999 -9999 -9999 -9999 -9999 -9999 -9999 -9999 -9999 -9999 -9999 -9999 -9999 -9999 -9999 -9999 -9999 -9999 -9999 -9999 -9999 -9999 -9999 -9999 -9999 -9999 -9999 -9999 -9999 -9999 -9999 -9999 -9999 -9999 -9999 -9999 -9999 -9999 -9999 -9999 -9999 -9999 -9999 -9999 -9999 -9999 -9999 -9999 -9999 -9999 -9999 -9999
-9999 10.62340 3.16300 3.35149 4.60757 5.05931 7.01317 8.17330 10.95270 13.53370 14.61240 15.95980 16.68630 17.35460 17.55100 18.68490 17.92430 17.26710 17.45530 16.29820 15.62470 -9999 -9999 -9999 -9999 -9999 -9999 -9999 -9999 -9999 -9999 -9999 -9999 -9999 -9999 -9999 -9999 -9999 -9999 -9999 -9999 -9999 -9999 -9999 -9999 -9999 -9999 -9999 -9999 -9999 -9999 -9999 -9999 -9999 -9999 -9999 -9999 -9999 -9999 -9999 -9999 -9999 -9999 -9999 -9999 -9999 -9999 -9999 -9999 -9999 -9999 -9999
-9999 -9999 -9999 3.09740 3.59069 4.49223 5.35316 7.76459 9.30815 10.59880 12.61240 15.66460 16.26180 17.07800 18.40390 19.32630 19.73040 19.41970 20.12930 20.04470 19.47230 -9999 -9999 -9999 -9999 -9999 -9999 -9999 -9999 -9999 -9999 -9999 -9999 -9999 -9999 -9999 -9999 -9999 -9999 -9999 -9999 -9999 -9999 -9999 -9999 -9999 -9999 -9999 -9999 -9999 -9999 -9999 -9999 -9999 -9999 -9999 -9999 -9999 -9999 -9999 -9999 -9999 -9999 -9999 -9999 -9999 -9999 -9999 -9999 -9999 -9999 -9999
2.68960 2.94729 3.01930 2.93469 3.33148 4.43750 4.79403 6.81554 8.42462 9.36169 10.62280 12.77230 14.34330 16.75600 17.27860 18.90860 20.41330 19.94400 21.57910 22.67770 22.81210 13.70780 12.68520 12.31580 11.23770 10.80880 9.52322 -9999 -9999 -9999 -9999 -9999 -9999 -9999 -9999 -9999 -9999 -9999 -9999 -9999 -9999 -9999 -9999 -9999 -9999 -9999 -9999 -9999 -9999 -9999 -9999 -9999 -9999 -9999 -9999 -9999 -9999 -9999 -9999 -9999 -9999 -9999 -9999 -9999 -9999 -9999 -9999 -9999 -9999 -9999 -9999 -9999
2.66687 2.69587 3.03595 3.11008 3.47244 4.19049 4.85716 6.01867 7.58213 6.84599 7.90804 11.83580 14.46690 15.50220 19.09350 20.23420 22.70000 26.91750 20.83210 19.25350 19.13490 18.10140 15.77560 14.78320 12.67990 13.10680 11.92000 10.28100 9.21684 7.75147 7.55367 6.76802 6.34420 3.90155 3.70793 3.63018 3.80221 2.75831 2.43826 2.57479 2.46348 2.78011 -9999 -9999 -9999 -9999 -9999 -9999 -9999 -9999 -9999 -9999 -9999 -9999 -9999 -9999 -9999 -9999 -9999 -9999 -9999 -9999 -9999 -9999 -9999 -9999 -9999 -9999 -9999 -9999 -9999 -9999
2.30170 2.16102 2.95852 3.43893 3.63510 3.86684 4.12994 5.00391 5.72579 5.78556 7.06727 10.26490 12.98270 15.27780 17.36120 19.72490 22.12700 21.26460 21.11860 21.12360 21.39760 19.84880 17.62050 16.12530 14.30540 13.72960 13.11490 11.82040 11.17580 8.61380 8.16222 5.95042 5.30213 3.46893 3.10423 3.96203 3.66163 2.56578 2.38432 2.64637 2.54568 2.77878 4.07236 -9999 -9999 -9999 -9999 -9999 -9999 -9999 -9999 -9999 -9999 -9999 -9999 -9999 -9999 -9999 -9999 -9999 -9999 -9999 -9999 -9999 -9999 -9999 -9999 -9999 -9999 -9999 -9999 -9999
5.31670 4.07345 5.94856 5.45177 5.28908 6.04885 6.43729 7.66363 6.67104 10.39500 11.31950 10.77160 11.41550 12.49550 13.68040 15.92680 16.49210 18.93710 23.65960 19.77390 21.08740 18.89080 17.89870 15.99310 17.64100 13.81250 11.46410 10.67190 10.10070 7.92658 6.77457 5.41614 5.46978 4.51412 4.39596 3.83811 3.41765 3.96054 3.62197 3.08107 2.99933 3.11440 2.94830 -9999 -9999 -9999 -9999 -9999 -9999 -9999 -9999 -9999 -9999 -9999 -9999 -9999 -9999 -9999 3.69334 4.81428 -9999 -9999 -9999 -9999 9.10482 13.85780 17.52780 17.07720 14.63410 14.35070 16.68580 17.31830
5.02363 4.70820 5.10466 4.65732 3.98415 3.62854 4.67407 5.48289 6.75605 7.17773 7.61787 7.42393 9.90262 12.09060 10.79600 13.90290 14.14850 20.36480 16.92450 17.88720 17.42650 15.45950 14.15970 14.03810 12.16550 12.40600 11.47840 9.10089 7.64657 6.63064 5.79052 5.44294 5.22192 5.42320 5.73954 4.27489 3.46726 4.26944 5.67217 4.99505 4.30302 4.35589 3.65725 3.54863 3.54095 5.45449 3.40204 4.64856 6.01664 6.39353 7.15970 8.16992 8.17429 7.74791 6.72701 4.28148 4.26488 4.67601 5.26923 5.46358 -9999 -9999 -9999 -9999 -9999 11.78470 14.61800 18.29380 21.16260 23.29110 22.87050 26.05400
3.22419 4.47008 6.76469 4.45570 3.97628 4.00351 3.80320 3.24369 3.20170 3.02674 4.06440 6.18309 7.82978 9.73088 11.68130 13.12530 15.19110 14.25810 13.51270 14.16520 13.90740 13.45770 13.46180 13.63250 13.23390 10.86680 10.65380 10.40510 11.79290 10.33200 9.49674 11.49000 9.15921 9.91230 11.37130 8.58518 9.96380 9.30165 11.06920 7.63738 9.66326 7.70867 6.73867 6.26148 5.99354 7.43357 6.25627 6.44043 7.99287 6.23092 6.92558 8.54794 11.54400 15.14180 11.09440 12.48810 12.61290 10.98440 8.63352 9.68040 10.76990 9.61564 9.01102 10.41300 10.51780 12.13740 13.66820 18.39150 22.13920 27.78370 28.60490 32.03470
10.45030 3.40338 6.58166 8.20718 5.15053 4.21496 4.37241 2.95440 2.81968 2.66519 3.28426 4.93734 7.61315 7.90061 11.15740 10.44810 10.45910 13.96570 15.98600 15.33320 11.29640 10.32890 9.30900 12.26640 10.18520 9.82049 8.86724 11.63830 12.90810 12.96450 13.37560 12.80580 9.89272 10.05710 11.06080 11.88910 8.99398 8.27496 10.92160 8.52960 6.22254 6.99164 10.39550 10.31290 7.58943 6.66997 5.04076 6.19871 5.76635 7.89701 6.08302 9.65239 9.36716 11.87880 15.24160 15.24890 15.50950 16.72650 16.70480 13.97250 18.41710 15.23840 12.75780 12.29840 13.38380 13.27900 13.71650 17.55920 26.27030 32.90870 34.46630 38.48240
13.82550 8.10839 2.66343 4.94056 3.65306 3.67064 4.94736 3.40431 2.77463 3.02928 3.55516 3.90641 5.33808 6.86749 8.35426 7.99609 8.20489 10.00250 16.31080 13.14340 10.80880 9.62204 8.05132 7.48449 8.26210 8.47204 10.24500 9.85533 9.31023 10.00290 13.02130 10.16950 11.24160 10.37400 9.67725 8.66385 7.30944 8.35254 9.87640 7.12126 5.93527 7.45407 10.56650 12.54360 9.58620 7.79125 5.57766 4.90611 6.64085 7.62397 8.95605 9.58588 9.75324 9.38693 9.26040 10.41260 15.80620 17.56890 21.55120 22.09610 24.28920 26.17180 24.39320 24.51450 23.88810 24.77360 25.87940 28.84710 32.62710 34.21530 37.18160 39.31900
11.47170 10.95110 9.63568 5.14835 3.44035 3.69825 4.99789 4.40408 3.27130 7.11053 6.55106 5.67372 4.97400 5.09523 5.70133 5.62670 6.13048 8.67040 9.05547 10.43000 8.16927 7.51048 6.48777 6.12094 5.36471 7.32508 5.68760 10.36950 10.09770 8.24550 11.08040 11.08020 8.53286 6.15412 7.22729 6.88544 7.01134 5.06153 6.66012 7.72650 6.94792 5.11325 6.02068 9.99824 10.44190 7.98284 10.89840 7.80086 8.27871 9.70188 10.42010 10.46450 9.55943 11.96180 14.96230 16.57190 21.87770 19.63960 17.97000 17.82480 17.95590 21.11090 29.95100 33.77840 32.39730 37.96410 34.14680 33.82440 35.81330 36.29170 32.20010 35.38380
9.09103 10.97780 13.84360 15.72090 5.45226 2.94523 2.62025 3.42706 3.05893 4.07058 8.60060 15.21980 14.11030 11.84280 7.87257 5.13818 4.84153 6.21303 6.03603 7.80663 7.65472 8.41332 6.72071 5.29485 6.31785 5.90779 4.51610 7.69713 9.55922 9.83188 9.31581 9.59192 8.92279 7.00033 8.62739 7.21030 10.02230 7.49172 7.07994 9.48352 10.60520 9.16105 9.11160 9.36431 9.08802 10.55670 9.82700 7.24817 8.78048 8.12548 9.40329 11.61630 12.05770 12.79240 16.20740 20.91920 24.22360 21.63400 27.96910 29.11970 28.68310 25.28950 30.03670 31.61590 31.43030 32.48180 36.92730 34.47030 36.69300 36.80430 34.33230 34.55790
14.29020 13.52130 11.80150 16.56780 14.19800 12.32930 9.63343 5.15114 3.49791 3.03024 3.52395 6.39084 10.31550 16.02930 16.36950 15.32310 13.02900 8.02714 7.35523 8.08280 9.51579 8.39195 7.73356 6.83815 6.66309 4.22097 4.03402 10.13090 10.05630 8.22343 12.68400 12.90310 13.39960 10.12500 10.24690 8.86311 10.50430 7.56341 9.05199 9.82198 11.00170 9.22334 9.99421 9.46485 10.41760 10.90240 11.04160 9.49520 9.62498 13.69390 15.19010 18.64930 18.89430 21.59800 22.48120 27.06780 25.30710 27.20240 36.20320 32.14000 34.67820 33.80530 29.74680 34.00900 31.55170 36.83930 35.18300 32.96130 33.82060 31.31240 30.64700 35.33940
11.36380 10.63640 11.77440 11.08400 10.53520 12.08840 8.60811 8.26682 5.24371 4.37969 6.06621 5.00022 3.45389 4.62319 5.18898 7.72168 14.40090 16.42200 13.83480 12.35270 12.58000 9.93196 9.65564 6.23119 6.34927 5.63705 7.03507 7.12234 6.94215 8.00418 8.24917 10.89660 8.44083 10.25200 6.90793 5.12905 6.12199 9.57883 8.67100 9.04723 8.22665 9.19592 9.44253 13.35500 15.63710 16.89550 14.78690 17.66650 23.96510 26.92640 26.49800 29.63610 35.32940 30.71540 34.08060 32.73430 37.78880 34.51030 33.94420 35.14500 35.42710 34.14520 31.55430 35.33840 31.12650 27.46080 25.68650 30.12170 35.80110 30.90120 29.39310 42.17770
7.72289 6.90948 7.62415 11.83250 10.87120 13.14670 13.43930 11.23050 7.32541 4.16617 10.01610 9.76260 7.03368 13.63160 13.83410 13.21940 4.38640 10.63850 16.77900 18.77270 19.95850 17.27250 7.45273 6.17558 5.49661 5.89898 7.87086 6.77765 5.63547 6.84605 6.60964 6.91133 7.03936 5.56921 6.39664 5.96718 5.84844 9.03429 9.53432 15.79210 13.00840 10.89050 10.86000 7.00468 7.96617 12.99650 15.89750 23.60410 26.60570 28.67760 26.65440 29.68820 30.19710 37.77050 42.48060 39.76320 45.09520 34.98240 35.79190 32.41340 34.56270 37.10850 42.58130 28.03340 32.70880 32.72710 26.42490 25.03360 33.05520 28.88750 30.51980 36.65520
8.13736 7.24332 6.12472 8.50852 8.60661 8.90945 10.13460 7.64441 7.69507 7.75685 6.77008 5.61784 5.11294 10.29370 12.34790 14.82230 16.31020 10.54520 8.52557 12.76930 15.31530 14.22020 13.32750 8.51692 6.67574 6.03633 6.70711 6.74595 5.07204 7.41105 6.86559 7.07676 6.86532 6.04063 5.85168 6.28473 7.03975 9.01386 10.95380 16.10520 15.84160 20.82020 16.49920 10.01530 10.07060 14.69860 18.46070 25.70940 30.35570 31.86800 29.40420 36.28140 42.96010 40.57980 40.17990 37.37060 34.41410 48.17250 46.65920 40.42500 34.38830 38.62890 32.46280 28.66380 40.28990 31.43170 26.12870 35.35730 32.84250 31.21620 37.47650 40.94050
10.81580 10.62710 10.13590 10.22950 7.77563 7.65891 7.16997 5.96953 5.12668 6.11014 10.02110 8.06678 4.97998 5.49151 8.88236 11.80630 12.91680 15.46620 16.02170 13.60970 9.56238 8.54610 9.95921 11.08010 11.10420 6.45259 5.96707 6.08861 7.08942 6.50047 6.72676 6.76561 7.04920 6.29996 8.77962 9.40247 13.22990 10.62130 18.14590 24.50960 19.78070 21.25400 27.19550 23.13370 16.40720 14.38890 17.58560 19.22640 24.63510 31.75100 25.85330 26.88520 26.35880 25.87670 32.47850 33.06110 38.91480 41.79700 52.14700 42.35150 44.94110 43.10330 34.27230 26.45690 24.64450 23.40980 24.37090 29.44510 39.68710 41.97990 39.87710 41.26850
17.59420 13.95870 12.76150 12.64090 11.97640 8.71514 7.12383 5.44851 6.11967 5.24632 6.22482 9.11265 7.96997 6.62514 6.68024 10.46560 12.59950 17.56350 18.36840 15.53680 13.96450 17.24660 13.24270 12.98840 13.72970 11.42030 8.73013 6.48547 8.17418 6.97027 5.32498 6.50177 10.34930 10.30000 6.19313 9.21519 15.02700 13.13430 12.87140 22.59120 25.14870 26.38010 22.98960 20.11860 18.59430 17.66000 20.19450 19.86490 24.10010 25.99040 32.42680 34.78050 35.40420 38.01120 41.72130 39.90110 31.22810 29.23560 27.38410 23.06300 28.38380 31.64520 29.35570 32.69150 31.75870 29.05350 31.05200 50.17410 57.37280 59.12690 59.87350 52.10920
13.23430 15.28480 14.91960 14.29170 12.06450 9.27783 6.78064 6.98190 5.30495 3.88963 4.77851 6.73509 10.90460 9.55220 9.15964 11.36810 9.89760 12.44810 11.23210 22.27880 14.64750 13.68030 12.16560 11.34540 14.17530 18.55880 11.42660 6.94806 7.58374 12.41970 10.80920 9.32566 11.25300 13.85280 7.83131 10.41200 12.00800 19.41570 18.64800 23.25030 25.37990 25.14320 29.43850 21.81240 21.73200 14.58530 19.03150 23.76670 25.44630 26.39380 32.39110 35.19150 31.60980 42.11520 38.71110 35.24630 31.80410 28.73890 30.38180 27.53960 30.24320 34.11920 37.40760 54.97290 52.91550 51.67490 51.48630 61.31740 52.85600 58.92550 65.96920 67.42110
14.94800 21.62270 19.73300 17.80080 22.64000 15.59370 11.85190 9.50250 9.32585 5.51401 7.90536 5.93773 7.41958 13.42840 11.68200 9.65690 8.30647 10.51580 11.67930 13.50200 19.10930 18.16750 13.68220 13.14330 9.96998 13.28830 11.06720 5.89482 9.56628 12.28650 14.25920 13.85220 12.22190 15.82170 14.90150 13.22660 21.82640 31.44330 38.72780 31.17450 29.39860 31.88510 24.18260 17.88710 14.64120 9.89074 8.13075 12.31770 13.01940 14.03440 15.99080 22.54510 30.21600 39.81550 44.60990 42.38090 35.06710 33.89200 31.00300 39.10110 42.26870 54.67490 69.91790 76.74110 74.22130 77.22240 83.21240 79.10690 75.75340 81.18490 85.87110 94.45400
12.48590 20.65300 20.48410 19.69440 20.98120 28.66810 19.11070 15.48520 14.58630 13.73620 13.57340 9.45125 13.83650 14.80230 13.66570 15.52970 12.40930 9.16541 11.35030 14.34990 21.76220 29.29160 19.55560 13.79790 10.97210 18.53260 14.23290 10.79710 16.64470 13.36380 9.85552 17.00680 16.01760 21.00890 18.22360 21.32580 24.29420 37.66120 40.39100 36.59910 22.23880 23.04550 15.74160 9.03798 8.60778 8.68447 9.90797 22.44650 20.23100 -9999 -9999 22.43790 26.97600 25.89910 39.76840 43.91270 39.07170 38.67550 45.40850 56.48300 75.88570 84.52940 90.05360 89.82610 95.15490 94.58250 103.74900 99.79170 91.63310 100.57200 89.10820 107.90400
15.59210 18.19700 22.22310 23.80610 24.08930 25.11140 20.14590 19.97560 21.80570 22.51220 21.47610 18.20430 18.42740 21.04950 18.69310 17.48570 14.65300 11.75650 16.36800 18.76500 19.00140 19.60060 25.79500 30.49510 22.92100 25.31600 17.42550 11.03640 15.61500 19.38830 11.29110 15.62380 20.26730 26.55120 30.07880 41.79300 26.68790 18.18980 -9999 -9999 -9999 -9999 6.67912 -9999 18.93610 31.20330 26.40260 30.00550 15.14710 -9999 -9999 29.04240 29.49960 30.54330 35.09370 35.26560 43.40610 52.71580 65.06130 66.59050 77.02740 85.15880 87.97420 89.47500 103.35300 96.88790 105.21600 94.77610 93.60220 99.07250 82.98380 -9999
15.29750 18.75280 23.83550 26.26720 17.48930 24.75270 20.03190 12.90930 16.47950 15.46270 17.88700 24.76700 27.82610 25.73920 14.24150 16.08390 21.06140 23.08410 22.45750 31.41380 23.45400 26.31770 24.01550 29.02270 27.42500 24.19600 27.67830 17.74390 16.62350 23.10740 25.88290 30.61500 29.17280 43.54640 30.95820 28.72370 -9999 -9999 -9999 -9999 -9999 -9999 -9999 20.19240 23.45910 22.65580 -9999 -9999 -9999 -9999 -9999 18.82510 24.98100 48.85530 45.40800 58.28990 53.25460 51.80430 68.99350 54.37210 61.57840 77.00370 90.27880 88.05170 86.03340 102.13300 122.15500 106.20900 80.26980 -9999 -9999 -9999
