data/hydroclimate-scenarios/1948-2000.Pcorr55N_Pref_Tref/monthly_summaries/runoff_monthly_tot_may.asc
ncols	311
nrows	91
xllcenter	102.75
yllcenter	31.75
cellsize	0.5
NODATA_value	-9999
[rows 0 to 31 of 91, columns 216 to 287 of 311]
-9999 -9999 -9999 -9999 -9999 -9999 -9999 -9999 -9999 -9999 -9999 -9999 -9999 -9999 -9999 -9999 -9999 -9999 -9999 -9999 -9999 -9999 -9999 -9999 -9999 -9999 -9999 -9999 -9999 -9999 -9999 -9999 -9999 -9999 -9999 -9999 -9999 -9999 -9999 -9999 -9999 -9999 -9999 -9999 -9999 -9999 -9999 -9999 -9999 -9999 -9999 -9999 -9999 -9999 -9999 -9999 -9999 -9999 -9999 -9999 -9999 -9999 -9999 -9999 -9999 -9999 -9999 -9999 -9999 -9999 -9999 -9999
-9999 -9999 -9999 -9999 -9999 -9999 -9999 -9999 -9999 -9999 -9999 -9999 -9999 -9999 -9999 -9999 -9999 -9999 -9999 -9999 -9999 -9999 -9999 -9999 -9999 -9999 -9999 -9999 -9999 -9999 -9999 -9999 -9999 -9999 -9999 -9999 -9999 -9999 -9999 -9999 -9999 -9999 -9999 -9999 -9999 -9999 -9999 -9999 -9999 -9999 -9999 -9999 -9999 -9999 -9999 -9999 -9999 -9999 -9999 -9999 -9999 -9999 -9999 -9999 -9999 -9999 -9999 -9999 -9999 -9999 -9999 -9999
-9999 -9999 -9999 -9999 -9999 -9999 -9999 -9999 -9999 -9999 -9999 -9999 -9999 -9999 -9999 -9999 -9999 -9999 -9999 -9999 -9999 -9999 -9999 -9999 -9999 -9999 -9999 -9999 -9999 -9999 -9999 -9999 -9999 -9999 -9999 -9999 -9999 -9999 -9999 -9999 -9999 -9999 -9999 -9999 -9999 -9999 -9999 -9999 -9999 -9999 -9999 -9999 -9999 -9999 -9999 -9999 -9999 -9999 -9999 -9999 -9999 -9999 -9999 -9999 -9999 -9999 -9999 -9999 -9999 -9999 -9999 -9999
-9999 -9999 -9999 -9999 -9999 -9999 -9999 -9999 -9999 -9999 -9999 -9999 -9999 -9999 -9999 -9999 -9999 -9999 -9999 -9999 -9999 -9999 -9999 -9999 -9999 -9999 -9999 -9999 -9999 -9999 -9999 -9999 -9999 -9999 -9999 -9999 -9999 -9999 -9999 -9999 -9999 -9999 -9999 -9999 -9999 -9999 -9999 -9999 -9999 -9999 -9999 -9999 -9999 -9999 -9999 -9999 -9999 -9999 -9999 -9999 -9999 -9999 -9999 -9999 -9999 -9999 -9999 -9999 -9999 -9999 -9999 -9999
-9999 -9999 -9999 -9999 -9999 -9999 -9999 -9999 -9999 -9999 -9999 -9999 -9999 -9999 -9999 -9999 -9999 -9999 -9999 -9999 -9999 -9999 -9999 -9999 -9999 -9999 -9999 -9999 -9999 -9999 -9999 -9999 -9999 -9999 -9999 -9999 -9999 -9999 -9999 -9999 -9999 -9999 -9999 -9999 -9999 -9999 -9999 -9999 -9999 -9999 -9999 -9999 -9999 -9999 -9999 -9999 -9999 -9999 -9999 -9999 -9999 -9999 -9999 -9999 -9999 -9999 -9999 -9999 -9999 -9999 -9999 -9999
-9999 -9999 -9999 -9999 -9999 -9999 -9999 -9999 -9999 -9999 -9999 -9999 -9999 -9999 -9999 -9999 -9999 -9999 -9999 -9999 -9999 -9999 -9999 -9999 -9999 -9999 -9999 -9999 -9999 -9999 -9999 -9999 -9999 -9999 -9999 -9999 -9999 -9999 -9999 -9999 -9999 -9999 -9999 -9999 -9999 -9999 -9999 -9999 -9999 -9999 -9999 -9999 -9999 -9999 -9999 -9999 -9999 -9999 -9999 -9999 -9999 -9999 -9999 -9999 -9999 -9999 -9999 -9999 -9999 -9999 -9999 -9999
-9999 -9999 -9999 -9999 -9999 -9999 -9999 -9999 -9999 -9999 -9999 -9999 -9999 -9999 -9999 -9999 -9999 -9999 -9999 -9999 -9999 -9999 -9999 -9999 -9999 -9999 -9999 -9999 -9999 -9999 -9999 -9999 -9999 -9999 -9999 -9999 -9999 -9999 -9999 -9999 -9999 -9999 -9999 -9999 -9999 -9999 -9999 -9999 -9999 -9999 -9999 -9999 -9999 -9999 -9999 -9999 -9999 -9999 -9999 -9999 -9999 -9999 -9999 -9999 -9999 -9999 -9999 -9999 -9999 -9999 -9999 -9999
-9999 -9999 -9999 -9999 -9999 -9999 -9999 -9999 -9999 -9999 -9999 -9999 -9999 -9999 -9999 -9999 -9999 -9999 -9999 -9999 -9999 -9999 -9999 -9999 -9999 -9999 -9999 -9999 -9999 -9999 -9999 -9999 -9999 -9999 -9999 -9999 -9999 -9999 -9999 -9999 -9999 -9999 -9999 -9999 -9999 -9999 -9999 -9999 -9999 -9999 -9999 -9999 -9999 -9999 -9999 -9999 -9999 -9999 -9999 -9999 -9999 -9999 -9999 -9999 -9999 -9999 -9999 -9999 -9999 -9999 -9999 -9999
-9999 -9999 -9999 -9999 -9999 -9999 -9999 -9999 -9999 -9999 -9999 -9999 -9999 -9999 -9999 -9999 -9999 -9999 -9999 -9999 -9999 -9999 -9999 -9999 -9999 -9999 -9999 -9999 -9999 -9999 -9999 -9999 -9999 -9999 -9999 -9999 -9999 -9999 -9999 -9999 -9999 -9999 -9999 -9999 -9999 -9999 -9999 -9999 -9999 -9999 -9999 -9999 -9999 -9999 -9999 -9999 -9999 -9999 -9999 -9999 -9999 -9999 -9999 -9999 -9999 -9999 -9999 -9999 -9999 -9999 -9999 -9999
-9999 -9999 -9999 -9999 -9999 -9999 -9999 -9999 -9999 -9999 -9999 -9999 -9999 -9999 -9999 -9999 -9999 -9999 -9999 -9999 -9999 -9999 -9999 -9999 -9999 -9999 -9999 -9999 -9999 -9999 -9999 -9999 -9999 -9999 -9999 -9999 -9999 -9999 -9999 -9999 -9999 -9999 -9999 -9999 -9999 -9999 -9999 -9999 -9999 -9999 -9999 -9999 -9999 -9999 -9999 -9999 -9999 -9999 -9999 -9999 -9999 -9999 -9999 -9999 -9999 -9999 -9999 -9999 -9999 -9999 -9999 -9999
-9999 -9999 -9999 -9999 -9999 -9999 -9999 -9999 -9999 -9999 -9999 -9999 -9999 -9999 -9999 -9999 -9999 -9999 -9999 -9999 -9999 -9999 -9999 -9999 -9999 -9999 -9999 -9999 -9999 -9999 -9999 -9999 -9999 -9999 -9999 -9999 -9999 -9999 -9999 -9999 -9999 -9999 -9999 -9999 -9999 -9999 -9999 -9999 -9999 -9999 -9999 -9999 -9999 -9999 -9999 -9999 -9999 -9999 -9999 -9999 -9999 -9999 -9999 -9999 -9999 -9999 -9999 -9999 -9999 -9999 -9999 -9999
-9999 -9999 -9999 -9999 -9999 -9999 -9999 -9999 -9999 -9999 -9999 -9999 -9999 -9999 -9999 -9999 -9999 -9999 -9999 -9999 -9999 -9999 -9999 -9999 -9999 -9999 -9999 -9999 -9999 -9999 -9999 -9999 -9999 -9999 -9999 -9999 -9999 -9999 -9999 -9999 -9999 -9999 -9999 -9999 -9999 -9999 -9999 -9999 -9999 -9999 -9999 -9999 -9999 -9999 -9999 -9999 -9999 -9999 -9999 -9999 -9999 -9999 -9999 -9999 -9999 -9999 -9999 -9999 -9999 -9999 -9999 -9999
-9999 -9999 -9999 -9999 -9999 -9999 -9999 -9999 -9999 -9999 -9999 -9999 -9999 -9999 -9999 -9999 -9999 -9999 -9999 -9999 -9999 -9999 -9999 -9999 -9999 -9999 -9999 -9999 -9999 -9999 -9999 -9999 -9999 -9999 -9999 -9999 -9999 -9999 -9999 -9999 -9999 -9999 -9999 -9999 -9999 -9999 -9999 -9999 -9999 -9999 -9999 -9999 -9999 -9999 -9999 -9999 -9999 -9999 -9999 -9999 -9999 -9999 -9999 -9999 -9999 -9999 -9999 -9999 -9999 -9999 -9999 -9999
2.92243 3.75715 3.91228 -9999 -9999 -9999 -9999 -9999 -9999 -9999 -9999 -9999 -9999 -9999 -9999 -9999 -9999 -9999 -9999 -9999 -9999 -9999 -9999 -9999 -9999 -9999 -9999 -9999 -9999 -9999 -9999 -9999 -9999 -9999 -9999 -9999 -9999 -9999 -9999 -9999 -9999 -9999 -9999 -9999 2.63886 -9999 -9999 -9999 -9999 -9999 -9999 -9999 -9999 -9999 -9999 -9999 -9999 -9999 -9999 -9999 -9999 -9999 -9999 -9999 -9999 -9999 -9999 -9999 -9999 -9999 -9999 -9999
6.72211 7.49303 8.03098 5.42769 5.64003 5.91607 6.98916 3.34174 4.12805 4.46521 9.07981 8.09809 7.75411 6.55034 5.43787 80.47730 -9999 -9999 -9999 -9999 -9999 -9999 -9999 -9999 -9999 -9999 -9999 -9999 -9999 -9999 -9999 -9999 -9999 -9999 -9999 -9999 -9999 -9999 -9999 0.67431 1.83064 0.96842 0.35136 0.44974 1.42877 6.09545 -9999 -9999 -9999 2.83285 -9999 -9999 -9999 4.08417 3.81261 4.06777 -9999 -9999 -9999 -9999 -9999 -9999 -9999 -9999 -9999 -9999 -9999 -9999 -9999 -9999 -9999 -9999
10.59180 11.54300 12.34660 1.25476 0.73422 1.00678 1.18643 1.27200 1.18699 1.94731 2.34661 0.70931 1.78434 1.33776 1.01341 0.36662 0.22798 0.16556 0.45214 4.81939 10.43140 6.25799 -9999 -9999 -9999 -9999 -9999 9.00771 8.43534 9.47668 11.51300 12.21420 9.75878 7.81408 7.01965 6.91309 6.43911 5.64627 5.80746 0.50340 0.77938 0.59088 0.78410 0.86922 1.42348 7.60632 7.67614 4.79267 3.80522 4.42186 4.50094 4.40708 3.95483 4.36723 2.92470 2.17419 2.33005 2.63637 3.39784 4.05458 5.01245 -9999 -9999 -9999 -9999 -9999 -9999 -9999 -9999 -9999 -9999 -9999
11.58170 11.53630 5.42121 1.87716 2.59878 2.77091 2.94524 0.82766 3.20796 3.70197 3.87622 3.00733 2.27857 1.48611 1.19557 0.60405 0.66784 0.83203 0.81832 9.59941 2.97867 4.80456 7.15926 10.61670 11.94520 13.70850 13.57740 13.62240 13.50230 12.52710 15.08880 14.21280 12.20890 10.20690 9.86373 11.54030 10.54410 10.48830 9.99775 9.24982 8.74235 7.29563 7.99476 6.47870 7.51321 8.70649 9.67227 9.64272 9.00289 8.06330 7.83620 8.42765 8.94702 10.08280 9.83551 7.06940 6.91760 8.20618 7.93879 5.85473 3.62137 4.95413 4.86614 4.44408 3.93446 3.70342 4.09974 3.61902 3.49610 -9999 -9999 -9999
5.98302 5.25952 3.49849 2.61380 2.11525 2.02364 1.76588 1.49062 1.49852 2.33383 1.56348 0.77654 0.57356 0.67220 0.59747 1.81618 4.84385 5.23817 8.76492 26.77550 28.39500 7.41618 8.90475 8.71364 9.84389 10.88880 12.97880 20.36820 15.92200 14.31540 17.05100 18.45870 20.46760 20.13240 19.09480 16.71010 15.03650 12.42010 12.49270 11.11440 10.23910 9.84934 9.73692 8.87676 9.40218 12.92430 12.64800 13.52660 13.40010 12.08760 13.40160 14.15800 14.56540 14.95360 13.67580 10.61730 10.76830 12.96550 12.07410 7.42721 6.39409 8.72480 8.01319 6.35459 5.58083 6.03026 5.72743 4.80426 5.33070 -9999 6.86736 -9999
13.18310 8.58121 4.07038 2.99481 1.38323 1.04150 0.95598 1.15308 1.20941 0.77760 0.48330 0.46584 0.53150 3.38521 0.62891 1.53377 1.03300 15.26090 24.03520 31.65060 29.79220 11.11070 10.77180 16.68080 10.43400 9.65774 11.19740 24.51050 18.07330 15.81720 14.23160 16.11310 17.94150 18.41600 16.61430 14.60780 13.42140 12.66870 10.36240 13.25440 13.83770 14.52270 14.43950 16.10980 16.77870 17.05570 17.99270 19.75720 18.76270 19.06480 19.33650 19.71760 20.42230 19.90760 20.94640 17.49700 17.36820 19.34330 17.59490 13.03930 13.77970 12.86250 12.11710 8.81616 8.22969 7.35618 7.47630 9.03818 10.89530 12.82710 -9999 -9999
17.90790 15.83290 12.04620 7.80855 2.47012 6.57175 5.01428 4.66483 3.56181 4.81689 5.64535 5.63560 4.93543 3.64711 4.49140 46.73960 42.29990 23.28810 26.04130 20.57180 25.06260 7.87139 10.91160 16.36980 19.64760 26.00960 19.93630 37.36860 31.78680 28.02660 28.97170 29.81680 25.70040 25.19930 24.52790 23.24910 22.78590 23.00780 21.55770 22.10850 24.39610 26.21350 25.51040 25.87820 27.79430 27.29950 26.34400 26.08160 24.58660 22.21440 24.28670 21.42790 22.11040 24.86300 25.45350 23.49900 23.07800 24.20010 24.54910 23.39700 23.49740 21.05470 20.70660 18.89420 17.10130 16.76920 18.81960 18.79960 17.84220 19.24560 16.16540 -9999
32.51400 16.69450 10.82360 9.21141 5.87369 1.98560 1.67236 4.55432 5.45104 4.93321 5.50981 5.66773 6.65923 7.02939 7.90986 24.43740 12.44710 1.97178 3.33702 11.44170 8.35036 6.75907 12.15130 16.48180 20.67510 24.86090 30.10580 28.67750 33.86590 36.38640 36.35040 33.15510 25.86420 23.19170 24.89610 24.32380 23.32810 27.64960 25.13310 28.28490 27.79980 28.04630 27.68710 27.13950 29.18170 29.89140 30.51230 29.12750 31.55680 32.26750 32.09860 30.33560 28.43830 34.34200 31.62890 30.25710 28.07430 24.12590 26.01710 26.29710 26.85130 29.03570 29.60510 27.31330 25.16210 24.95170 24.65870 19.04690 17.75550 18.06550 16.68010 15.48650
8.28922 6.25470 6.33307 5.97270 5.80547 4.40785 4.84936 6.35697 6.39883 6.35390 7.98785 8.22824 5.47560 4.83817 4.47909 35.00670 28.62130 1.34505 0.89269 0.94370 2.53063 6.54992 18.02040 23.63400 26.81180 24.06170 28.24010 29.02680 40.47210 43.25300 41.64710 37.57090 34.18930 32.94400 30.37770 29.71430 29.68750 29.27110 30.85510 40.79820 40.93240 31.31010 35.48110 37.08670 34.24100 34.88330 33.44920 36.75950 35.90940 33.36240 31.54550 28.70550 29.29830 28.88940 31.74570 29.37530 30.81920 29.03060 27.89210 28.82080 29.67000 29.15340 27.25890 24.84900 16.93930 26.87060 34.12460 26.94060 24.00590 21.77120 20.32060 25.10770
12.86700 11.51500 12.33310 21.21650 17.60010 13.11510 14.64080 1.73288 4.86709 9.07892 11.83060 11.62360 9.01438 9.77950 7.90352 11.78370 23.58940 1.84882 1.09344 0.81723 2.17333 2.38809 9.73377 14.17970 18.29490 28.72630 36.08840 31.47830 33.63370 33.24180 34.55750 39.10740 43.34310 46.39760 42.54230 47.11570 43.12770 41.97140 39.72860 41.57000 44.19220 45.65220 55.51110 60.49920 67.48820 71.16240 65.15920 54.40900 48.68180 37.63870 33.67960 30.17890 31.06930 30.12110 32.53450 29.84480 26.51770 25.56410 28.96190 27.00570 28.93230 26.86220 26.50680 23.66500 27.53360 39.13300 43.30570 41.01870 39.91510 37.67240 34.00970 29.98720
10.11990 5.68865 8.34787 12.06480 10.60700 10.87710 3.93115 3.54823 3.64860 3.52285 3.10175 2.73469 2.06700 11.55440 9.81309 13.57650 25.38190 4.53301 1.12144 1.69641 3.10167 2.97667 3.37122 6.26068 8.59397 15.03530 25.28330 34.29570 40.07590 39.49330 33.93470 44.54570 36.15830 33.62050 43.58600 59.07200 52.98680 57.82080 66.81990 87.29630 80.92820 87.92170 85.09570 81.69970 73.54720 83.56530 77.47770 67.27190 55.86470 57.77140 46.03750 35.51640 35.64860 34.95770 30.70770 29.62670 29.65030 31.14410 26.91680 28.35030 25.73810 24.30290 22.35790 20.23110 25.48960 35.18390 42.97480 41.23420 44.86570 45.36990 44.04220 38.02270
7.35327 6.05787 5.60994 6.14609 7.35159 12.75080 10.84890 8.42336 3.29466 4.36564 4.64093 4.91041 3.98349 3.18178 1.98592 1.53562 33.25200 44.48320 2.21193 1.37665 1.29788 1.44757 1.53025 0.97186 2.41775 4.98668 7.09602 6.24944 9.11378 9.62362 13.47040 11.52640 17.89480 21.57590 21.36960 33.69570 42.60550 52.61420 59.36650 74.81950 74.12100 86.43420 94.86460 116.38400 111.41300 85.26730 70.51370 61.45270 50.18100 53.18480 60.20910 47.72860 35.96440 35.16330 34.63450 30.02430 31.04720 32.68850 32.29930 33.34550 33.08000 29.32750 27.46970 26.23160 28.13870 31.31190 35.44400 34.57570 40.60140 46.18790 49.65950 49.86590
6.03391 8.24643 8.19988 11.70550 9.10546 7.68958 6.74219 14.47510 19.03100 11.29550 10.62180 4.03979 2.43197 1.89798 1.60376 2.58580 4.40661 4.71800 16.35080 2.02939 5.89912 2.75100 1.94684 1.64730 1.65198 2.80115 9.51929 9.46351 13.19070 7.89260 10.56720 8.29134 13.22780 20.23110 25.06630 38.55750 53.11870 57.87360 71.03840 90.63190 93.78300 105.37100 102.91200 124.99400 138.32100 140.07800 106.49300 88.73200 73.69230 54.22340 74.00650 77.97700 52.25300 39.72160 38.90630 33.83930 35.13050 35.48550 37.88100 38.40280 36.16330 36.09300 34.79560 31.66320 29.07570 31.06750 33.35840 32.20600 33.05190 40.42380 46.31390 51.93290
24.59290 16.69400 40.64080 51.41420 53.10640 38.72230 37.13390 51.96260 57.78010 20.96220 5.54673 3.98004 3.73314 3.15415 3.59702 7.55994 3.71358 6.75383 6.41321 8.79310 15.03300 12.44780 15.85880 19.98110 20.50760 25.40070 40.41950 36.65560 18.13060 14.41470 16.87200 19.77250 23.75320 17.99270 26.70290 38.83550 58.39500 79.71570 95.55120 109.02200 127.72900 105.66200 130.92799 137.67500 129.69501 140.53900 137.37300 102.05800 88.71920 69.34200 59.00590 67.25390 64.81820 44.70810 41.48160 41.47510 40.23430 36.85070 40.04830 41.78410 41.63080 39.03500 36.48670 35.15810 32.77670 30.58720 31.22750 35.98820 38.28960 41.47300 45.81370 52.14880
52.95260 49.47000 46.18570 52.40050 78.33420 79.05080 85.50030 81.09680 69.82140 83.43060 57.87850 46.78600 13.13370 3.02922 2.98699 46.12230 51.53200 33.41860 40.02920 28.69450 39.64710 12.58680 13.86300 16.11780 25.85260 24.71680 27.35800 21.80810 10.34680 6.78393 9.13304 5.49842 11.39810 20.25270 31.08540 33.63470 46.20200 71.27550 96.70390 128.86301 167.80499 134.20200 126.96300 115.38900 126.62000 155.05299 150.72900 142.41000 117.26600 87.39480 75.94940 60.89110 63.28730 48.02230 42.46850 41.16740 44.61350 39.14160 41.06320 41.65070 37.03230 34.21420 34.17190 35.96150 36.63390 32.09200 28.77510 33.03750 39.28420 47.14120 45.80110 47.15600
66.63300 42.86400 43.46430 55.72990 24.38900 22.05980 24.45900 27.11730 28.87810 17.43080 25.12580 20.48390 24.12960 13.82320 2.51422 33.77410 55.74890 82.45680 89.73960 60.11700 31.03230 2.56497 1.27773 9.10913 12.22860 9.69335 13.07000 14.55660 6.46226 4.58379 1.98397 2.48369 8.98455 22.33910 29.91400 41.34990 57.38470 54.43410 80.13090 115.44100 150.74500 126.40500 124.09300 113.04000 97.01750 114.62400 114.01000 131.60600 118.96000 104.42000 84.31200 79.02140 47.64540 46.10580 44.70640 34.32620 32.73740 31.52780 31.22200 31.16460 31.38310 32.38920 36.94960 38.40380 41.28350 37.52050 31.65520 29.85190 29.75470 39.72150 46.62950 50.35280
99.80020 104.05400 91.49920 51.64410 32.71810 15.42690 12.45900 8.95193 9.07126 41.22190 93.43890 104.18300 76.55900 52.08040 25.97630 41.31690 49.41340 61.19210 128.24300 134.43300 65.29930 19.48110 6.09009 3.38220 2.39065 6.24710 8.59405 6.19323 1.92119 2.66124 0.70578 1.42771 6.81731 24.67350 35.67020 53.06060 68.64840 74.74100 81.10670 102.69000 133.98599 154.83701 134.21800 140.66299 138.44099 122.29200 124.82100 133.99400 141.08900 136.20399 98.93540 81.56650 40.38850 37.06010 43.51130 31.75030 48.41950 57.55980 67.74600 66.84890 60.28210 55.84140 46.86710 37.68360 39.25230 42.48300 38.12140 31.44230 28.77020 39.04020 45.69700 46.21380
53.26200 74.50440 50.06400 109.28200 170.98500 157.58800 70.28620 39.08730 15.45130 26.88140 61.48640 128.32800 62.30410 126.73800 171.91200 92.97590 108.83600 115.29000 142.08099 129.47701 78.07360 31.60190 18.76060 18.10580 24.71320 10.56160 11.30120 4.29524 1.64756 1.11474 1.02096 1.63234 6.49669 19.54440 33.91280 48.80430 63.96580 69.15690 91.58410 89.33620 141.33000 145.04601 151.39101 140.54100 116.42700 111.13300 113.61400 96.73200 100.51300 121.58800 81.57950 65.92050 50.29430 35.95890 43.00650 30.50680 33.31710 33.14720 42.01250 42.84360 42.43120 41.35030 41.10080 40.66730 44.18270 48.25660 43.76220 39.40400 32.40610 28.95050 25.85840 33.35990
61.76660 188.16400 334.32300 -9999 253.73199 217.77901 154.51801 123.49700 130.06500 280.70001 201.79900 176.96001 132.96300 39.57540 168.47800 129.58299 39.72230 30.49600 24.53880 151.88300 159.90500 115.08000 97.08230 69.99540 47.68040 53.07800 38.26780 26.25540 9.89960 2.86816 3.41330 5.02290 15.44520 32.78650 43.26600 58.47890 81.28960 122.33400 124.25100 114.54500 110.75600 115.58600 95.24060 123.26700 110.10100 94.00550 85.10290 86.48180 76.56860 73.90880 73.80260 57.14430 37.52400 27.11970 27.82920 32.11410 35.40090 32.82870 29.07590 30.34750 29.48550 29.86240 31.25310 33.09200 32.30830 30.35730 32.13480 31.15350 24.95460 21.69980 19.10820 26.74440
