data/hydroclimate-scenarios/1948-2000.Pcorr55N_Pref_Tref/monthly_summaries/snodep_monthly_day1_apr.1950-2000.asc
ncols	311
nrows	91
xllcenter	102.75
yllcenter	31.75
cellsize	0.5
NODATA_value	-9999
[rows 0 to 31 of 91, columns 216 to 287 of 311]
-9999 -9999 -9999 -9999 -9999 -9999 -9999 -9999 -9999 -9999 -9999 -9999 -9999 -9999 -9999 -9999 -9999 -9999 -9999 -9999 -9999 -9999 -9999 -9999 -9999 -9999 -9999 -9999 -9999 -9999 -9999 -9999 -9999 -9999 -9999 -9999 -9999 -9999 -9999 -9999 -9999 -9999 -9999 -9999 -9999 -9999 -9999 -9999 -9999 -9999 -9999 -9999 -9999 -9999 -9999 -9999 -9999 -9999 -9999 -9999 -9999 -9999 -9999 -9999 -9999 -9999 -9999 -9999 -9999 -9999 -9999 -9999
-9999 -9999 -9999 -9999 -9999 -9999 -9999 -9999 -9999 -9999 -9999 -9999 -9999 -9999 -9999 -9999 -9999 -9999 -9999 -9999 -9999 -9999 -9999 -9999 -9999 -9999 -9999 -9999 -9999 -9999 -9999 -9999 -9999 -9999 -9999 -9999 -9999 -9999 -9999 -9999 -9999 -9999 -9999 -9999 -9999 -9999 -9999 -9999 -9999 -9999 -9999 -9999 -9999 -9999 -9999 -9999 -9999 -9999 -9999 -9999 -9999 -9999 -9999 -9999 -9999 -9999 -9999 -9999 -9999 -9999 -9999 -9999
-9999 -9999 -9999 -9999 -9999 -9999 -9999 -9999 -9999 -9999 -9999 -9999 -9999 -9999 -9999 -9999 -9999 -9999 -9999 -9999 -9999 -9999 -9999 -9999 -9999 -9999 -9999 -9999 -9999 -9999 -9999 -9999 -9999 -9999 -9999 -9999 -9999 -9999 -9999 -9999 -9999 -9999 -9999 -9999 -9999 -9999 -9999 -9999 -9999 -9999 -9999 -9999 -9999 -9999 -9999 -9999 -9999 -9999 -9999 -9999 -9999 -9999 -9999 -9999 -9999 -9999 -9999 -9999 -9999 -9999 -9999 -9999
-9999 -9999 -9999 -9999 -9999 -9999 -9999 -9999 -9999 -9999 -9999 -9999 -9999 -9999 -9999 -9999 -9999 -9999 -9999 -9999 -9999 -9999 -9999 -9999 -9999 -9999 -9999 -9999 -9999 -9999 -9999 -9999 -9999 -9999 -9999 -9999 -9999 -9999 -9999 -9999 -9999 -9999 -9999 -9999 -9999 -9999 -9999 -9999 -9999 -9999 -9999 -9999 -9999 -9999 -9999 -9999 -9999 -9999 -9999 -9999 -9999 -9999 -9999 -9999 -9999 -9999 -9999 -9999 -9999 -9999 -9999 -9999
-9999 -9999 -9999 -9999 -9999 -9999 -9999 -9999 -9999 -9999 -9999 -9999 -9999 -9999 -9999 -9999 -9999 -9999 -9999 -9999 -9999 -9999 -9999 -9999 -9999 -9999 -9999 -9999 -9999 -9999 -9999 -9999 -9999 -9999 -9999 -9999 -9999 -9999 -9999 -9999 -9999 -9999 -9999 -9999 -9999 -9999 -9999 -9999 -9999 -9999 -9999 -9999 -9999 -9999 -9999 -9999 -9999 -9999 -9999 -9999 -9999 -9999 -9999 -9999 -9999 -9999 -9999 -9999 -9999 -9999 -9999 -9999
-9999 -9999 -9999 -9999 -9999 -9999 -9999 -9999 -9999 -9999 -9999 -9999 -9999 -9999 -9999 -9999 -9999 -9999 -9999 -9999 -9999 -9999 -9999 -9999 -9999 -9999 -9999 -9999 -9999 -9999 -9999 -9999 -9999 -9999 -9999 -9999 -9999 -9999 -9999 -9999 -9999 -9999 -9999 -9999 -9999 -9999 -9999 -9999 -9999 -9999 -9999 -9999 -9999 -9999 -9999 -9999 -9999 -9999 -9999 -9999 -9999 -9999 -9999 -9999 -9999 -9999 -9999 -9999 -9999 -9999 -9999 -9999
-9999 -9999 -9999 -9999 -9999 -9999 -9999 -9999 -9999 -9999 -9999 -9999 -9999 -9999 -9999 -9999 -9999 -9999 -9999 -9999 -9999 -9999 -9999 -9999 -9999 -9999 -9999 -9999 -9999 -9999 -9999 -9999 -9999 -9999 -9999 -9999 -9999 -9999 -9999 -9999 -9999 -9999 -9999 -9999 -9999 -9999 -9999 -9999 -9999 -9999 -9999 -9999 -9999 -9999 -9999 -9999 -9999 -9999 -9999 -9999 -9999 -9999 -9999 -9999 -9999 -9999 -9999 -9999 -9999 -9999 -9999 -9999
-9999 -9999 -9999 -9999 -9999 -9999 -9999 -9999 -9999 -9999 -9999 -9999 -9999 -9999 -9999 -9999 -9999 -9999 -9999 -9999 -9999 -9999 -9999 -9999 -9999 -9999 -9999 -9999 -9999 -9999 -9999 -9999 -9999 -9999 -9999 -9999 -9999 -9999 -9999 -9999 -9999 -9999 -9999 -9999 -9999 -9999 -9999 -9999 -9999 -9999 -9999 -9999 -9999 -9999 -9999 -9999 -9999 -9999 -9999 -9999 -9999 -9999 -9999 -9999 -9999 -9999 -9999 -9999 -9999 -9999 -9999 -9999
-9999 -9999 -9999 -9999 -9999 -9999 -9999 -9999 -9999 -9999 -9999 -9999 -9999 -9999 -9999 -9999 -9999 -9999 -9999 -9999 -9999 -9999 -9999 -9999 -9999 -9999 -9999 -9999 -9999 -9999 -9999 -9999 -9999 -9999 -9999 -9999 -9999 -9999 -9999 -9999 -9999 -9999 -9999 -9999 -9999 -9999 -9999 -9999 -9999 -9999 -9999 -9999 -9999 -9999 -9999 -9999 -9999 -9999 -9999 -9999 -9999 -9999 -9999 -9999 -9999 -9999 -9999 -9999 -9999 -9999 -9999 -9999
-9999 -9999 -9999 -9999 -9999 -9999 -9999 -9999 -9999 -9999 -9999 -9999 -9999 -9999 -9999 -9999 -9999 -9999 -9999 -9999 -9999 -9999 -9999 -9999 -9999 -9999 -9999 -9999 -9999 -9999 -9999 -9999 -9999 -9999 -9999 -9999 -9999 -9999 -9999 -9999 -9999 -9999 -9999 -9999 -9999 -9999 -9999 -9999 -9999 -9999 -9999 -9999 -9999 -9999 -9999 -9999 -9999 -9999 -9999 -9999 -9999 -9999 -9999 -9999 -9999 -9999 -9999 -9999 -9999 -9999 -9999 -9999
-9999 -9999 -9999 -9999 -9999 -9999 -9999 -9999 -9999 -9999 -9999 -9999 -9999 -9999 -9999 -9999 -9999 -9999 -9999 -9999 -9999 -9999 -9999 -9999 -9999 -9999 -9999 -9999 -9999 -9999 -9999 -9999 -9999 -9999 -9999 -9999 -9999 -9999 -9999 -9999 -9999 -9999 -9999 -9999 -9999 -9999 -9999 -9999 -9999 -9999 -9999 -9999 -9999 -9999 -9999 -9999 -9999 -9999 -9999 -9999 -9999 -9999 -9999 -9999 -9999 -9999 -9999 -9999 -9999 -9999 -9999 -9999
-9999 -9999 -9999 -9999 -9999 -9999 -9999 -9999 -9999 -9999 -9999 -9999 -9999 -9999 -9999 -9999 -9999 -9999 -9999 -9999 -9999 -9999 -9999 -9999 -9999 -9999 -9999 -9999 -9999 -9999 -9999 -9999 -9999 -9999 -9999 -9999 -9999 -9999 -9999 -9999 -9999 -9999 -9999 -9999 -9999 -9999 -9999 -9999 -9999 -9999 -9999 -9999 -9999 -9999 -9999 -9999 -9999 -9999 -9999 -9999 -9999 -9999 -9999 -9999 -9999 -9999 -9999 -9999 -9999 -9999 -9999 -9999
-9999 -9999 -9999 -9999 -9999 -9999 -9999 -9999 -9999 -9999 -9999 -9999 -9999 -9999 -9999 -9999 -9999 -9999 -9999 -9999 -9999 -9999 -9999 -9999 -9999 -9999 -9999 -9999 -9999 -9999 -9999 -9999 -9999 -9999 -9999 -9999 -9999 -9999 -9999 -9999 -9999 -9999 -9999 -9999 -9999 -9999 -9999 -9999 -9999 -9999 -9999 -9999 -9999 -9999 -9999 -9999 -9999 -9999 -9999 -9999 -9999 -9999 -9999 -9999 -9999 -9999 -9999 -9999 -9999 -9999 -9999 -9999
37.86220 32.16490 31.24640 -9999 -9999 -9999 -9999 -9999 -9999 -9999 -9999 -9999 -9999 -9999 -9999 -9999 -9999 -9999 -9999 -9999 -9999 -9999 -9999 -9999 -9999 -9999 -9999 -9999 -9999 -9999 -9999 -9999 -9999 -9999 -9999 -9999 -9999 -9999 -9999 -9999 -9999 -9999 -9999 -9999 27.22310 -9999 -9999 -9999 -9999 -9999 -9999 -9999 -9999 -9999 -9999 -9999 -9999 -9999 -9999 -9999 -9999 -9999 -9999 -9999 -9999 -9999 -9999 -9999 -9999 -9999 -9999 -9999
37.72310 38.02480 37.70810 30.52830 29.18960 25.97740 27.07710 22.69710 23.65440 24.18160 40.52670 38.91880 37.44860 35.52780 30.53060 108.29900 -9999 -9999 -9999 -9999 -9999 -9999 -9999 -9999 -9999 -9999 -9999 -9999 -9999 -9999 -9999 -9999 -9999 -9999 -9999 -9999 -9999 -9999 -9999 12.09080 17.96590 16.31460 10.32270 12.39320 19.83310 34.66800 -9999 -9999 -9999 33.56490 -9999 -9999 -9999 34.07080 40.51200 40.02920 -9999 -9999 -9999 -9999 -9999 -9999 -9999 -9999 -9999 -9999 -9999 -9999 -9999 -9999 -9999 -9999
38.43990 38.22600 38.40700 14.79880 7.57344 8.24760 8.69487 9.83110 11.75920 11.37770 11.93420 0.72009 8.99059 7.60551 6.49834 4.40515 3.73232 3.74113 9.83257 27.61270 43.16090 29.78590 -9999 -9999 -9999 -9999 -9999 36.40140 36.29740 39.58680 42.40410 41.35800 38.95330 36.21230 36.28740 36.11800 34.34230 32.01430 32.53310 12.08580 14.33290 13.16700 13.00650 16.11200 19.23380 40.14810 41.92900 43.30470 41.19190 40.30340 44.80990 42.68450 40.36860 44.71430 45.57910 37.36250 37.64530 39.91020 38.89380 41.93100 38.97200 -9999 -9999 -9999 -9999 -9999 -9999 -9999 -9999 -9999 -9999 -9999
32.11770 30.96080 26.24930 9.79028 11.22530 12.05780 11.86080 0.00000 13.56140 12.27600 12.73720 8.89362 6.91328 5.02433 4.48078 3.97171 2.96644 7.32555 9.65907 34.75500 16.54880 25.03240 31.48850 36.08040 43.16390 47.88590 45.71620 42.20000 41.61400 41.90140 47.62870 50.19060 45.16930 41.06990 41.85840 44.21870 42.22440 42.61230 43.11990 40.54580 40.69400 42.07700 40.95000 41.71320 41.81380 41.60630 41.74330 43.51290 42.68600 45.23030 46.96940 48.94200 54.39220 55.60540 55.68120 58.01220 58.10330 53.38490 57.43310 53.35850 52.03370 47.45350 42.86450 41.39980 41.17310 40.10610 40.74700 43.73980 44.05930 -9999 -9999 -9999
23.99900 21.96220 13.35650 12.03280 10.66600 10.65760 9.68101 8.67808 8.38871 9.84508 7.17747 3.58510 2.59242 2.88987 3.37344 16.75380 16.28430 18.85830 28.73350 58.31670 62.87980 31.80340 35.73090 34.02690 44.51160 52.74740 57.29070 57.37750 44.99980 45.22620 49.75710 55.61790 58.21880 57.17550 56.76530 55.11140 52.40360 49.36380 50.80940 46.30140 43.72560 43.86110 42.22460 41.47410 42.99720 45.21780 44.96310 45.73930 47.42100 49.09590 52.79170 54.52610 58.09940 60.74100 57.15530 57.48390 59.32680 61.27690 65.21130 56.21940 56.75660 51.21520 49.56820 48.02010 51.27980 57.14190 59.18900 61.91320 55.50090 -9999 41.50920 -9999
31.98350 31.39960 24.38510 23.24900 14.38170 13.83250 12.53700 12.71340 11.74540 7.21189 5.28027 1.63977 6.29558 18.23110 7.78059 14.92630 13.57310 33.89870 46.35420 60.23330 64.45990 38.51190 37.84590 44.21200 38.04310 37.37680 48.04020 73.17640 60.50510 58.62590 57.08140 58.65990 61.67960 61.33930 57.68080 53.33330 51.76530 48.02490 45.97350 45.56900 47.23470 47.43970 47.55430 50.01610 51.02070 52.17070 51.14270 53.69420 51.80830 51.21900 52.25320 55.39350 54.48540 53.67450 57.98120 60.71770 61.10800 62.72050 63.40020 58.70580 59.84220 59.39840 62.83530 61.98940 60.28820 59.09930 60.66550 63.33230 68.34460 66.55900 -9999 -9999
39.15440 34.47280 31.32190 26.90610 22.67770 28.10480 25.35410 22.72160 19.00190 21.94000 21.28990 23.01670 22.62640 21.93240 24.19060 62.31560 61.14560 43.62360 51.82260 45.80260 55.92200 32.53060 37.71700 46.21410 51.26320 58.62770 57.80790 83.71410 80.42130 70.84380 66.94550 60.82080 56.17190 53.83860 51.84360 52.58780 54.59580 49.92200 46.66180 52.26160 56.61870 54.18300 53.53750 55.49420 55.63180 55.49340 52.80970 55.31510 59.52140 55.03560 54.84380 56.56440 57.99750 60.37690 62.23710 60.66690 59.02920 58.85910 57.60260 59.20810 62.20760 65.28290 67.45140 66.57520 72.40630 76.76370 77.81270 78.98920 89.12200 86.46260 78.83950 -9999
52.58580 39.96080 33.08520 31.71880 30.43830 23.91680 22.82530 23.21780 23.82410 24.93210 25.07390 27.31140 28.65690 30.08660 30.89590 45.74210 31.60310 11.92170 16.83050 30.73620 26.30620 26.85860 37.25410 44.92280 51.66000 56.87630 64.33620 68.42680 75.38750 73.97020 69.01780 61.78740 56.15890 55.21770 56.50460 54.43120 53.51990 53.92250 49.00510 53.47040 53.28170 52.75280 52.02330 52.58960 56.01960 57.08860 58.02310 62.58670 61.04070 61.95980 61.68990 60.29250 60.15850 64.16250 59.04510 57.41960 53.89410 53.90060 52.20550 54.32750 57.24500 61.39610 64.88250 68.02810 75.92280 76.43090 79.65700 79.93780 80.53830 84.58130 85.28510 85.22960
29.31240 25.86070 26.26460 26.53220 27.67210 25.56280 25.71080 25.56240 26.17090 28.50430 30.33900 31.75640 29.48980 29.51530 29.46000 57.09870 50.14080 8.30837 7.31123 8.40865 16.03840 24.49870 41.13370 54.13470 59.02390 55.08000 61.32390 64.91500 76.94080 79.42080 72.61230 66.20030 61.89540 60.26820 57.60450 55.16840 55.14570 53.96080 50.12070 51.90300 50.88630 49.03700 51.11640 55.28210 56.81820 58.59140 58.78600 64.95000 63.32830 60.15040 58.68180 56.43840 54.56740 54.35590 57.80280 56.44770 56.04250 53.82950 53.70160 53.74740 55.46920 56.75840 53.55780 58.15760 64.42870 69.81950 76.76870 81.54160 78.42040 72.19880 71.17670 75.10550
34.39510 32.68760 36.53880 47.95430 43.97000 36.68920 39.78320 15.48950 18.02000 29.32970 30.43630 35.17730 33.41860 32.59860 29.04240 36.61580 46.51930 8.13723 8.69018 10.00550 17.07720 15.18280 31.30920 37.88110 42.33040 53.69630 61.52890 62.72750 63.24550 64.68970 68.62710 65.04830 66.78410 69.71280 66.86070 73.70370 71.34290 74.07950 68.17480 61.07300 57.09210 54.74550 61.90810 65.23940 74.13770 78.77250 75.94560 73.69680 71.82830 63.55140 60.69420 57.71330 60.76730 58.49880 59.66420 54.73090 50.63050 52.69480 51.94870 53.98290 55.14120 53.65810 55.13270 61.57790 64.41600 69.63550 73.79340 80.59620 81.87830 77.17330 73.08590 74.85370
33.01180 24.93330 30.03020 39.68360 38.51640 33.33390 19.46430 12.05670 10.37310 0.02337 1.16032 1.12546 0.76605 33.03790 33.50880 40.04300 49.91890 16.85370 7.56483 12.71040 17.10730 17.14880 18.81490 28.83950 32.09590 41.34810 52.23320 60.08680 64.82310 68.15860 63.14210 68.93770 61.00000 59.08160 68.88460 83.58530 77.54760 85.64970 93.15170 102.29000 101.51900 103.28800 101.27800 90.03380 81.24260 88.74010 83.66900 73.21830 62.58890 66.03010 62.94020 58.87330 62.63540 60.66820 55.84810 53.36980 58.91360 61.07550 52.73370 54.10740 56.35860 53.97410 55.84000 59.26070 62.39150 64.42970 67.74050 70.85870 76.69050 79.33680 78.93560 72.03630
29.04420 26.30950 25.63760 25.35460 26.92160 33.76610 33.59040 16.48400 8.02005 0.01015 0.00000 0.00000 0.01546 0.00000 0.00000 4.54823 57.41750 68.20540 9.25025 8.83866 9.27253 11.06180 13.10540 12.82740 19.38030 25.68970 30.02320 30.09490 33.53570 36.34200 40.55040 36.63450 43.13770 48.45730 48.55930 62.90000 71.86500 90.31150 96.19350 108.79400 110.60100 124.24800 140.33200 143.95700 122.85700 97.40450 78.74360 70.51430 58.92360 58.25450 66.91840 65.53100 62.22730 59.27460 57.82750 51.53070 52.99420 57.65060 63.08850 67.40590 65.14320 58.11970 53.48140 52.32950 56.38710 59.23380 61.12370 62.26220 65.64000 70.87730 75.93990 77.71050
27.94010 29.95010 28.81120 31.91210 27.40170 24.42010 23.90060 27.30470 31.34920 19.09660 16.78730 8.70927 5.07091 3.93494 0.00821 7.45395 17.43520 18.20760 39.15770 7.60447 22.69410 13.53680 10.05680 12.17440 15.05140 23.59760 36.61480 37.02970 41.66430 34.30290 37.43730 31.67080 37.72110 48.05350 51.31850 65.53700 79.42130 88.40860 104.40300 118.66900 132.00800 133.07201 139.06500 148.40800 143.29300 134.22800 110.76100 95.77010 79.19070 63.83170 78.33310 84.89820 68.80010 64.13270 63.82480 57.64800 57.61120 59.79120 64.85440 66.17890 62.21990 63.45860 63.49110 57.33760 53.65770 58.76320 58.53670 60.70940 62.52580 65.30790 70.19260 75.62960
48.64390 43.24580 61.56940 79.01190 81.15140 62.68430 62.98110 66.26340 74.34200 46.31420 24.98930 20.50850 20.38340 18.95880 20.24020 25.17330 16.56210 28.61750 21.87020 25.01810 34.44100 31.24930 36.24560 44.27840 46.19290 49.72090 59.28050 60.62540 44.72600 43.92120 43.42680 42.61240 47.72570 44.06990 54.15050 65.94740 81.30330 95.92600 109.44100 122.49500 143.79500 152.98801 159.71700 160.28500 163.32300 146.12801 125.52000 107.35700 96.72320 78.21930 68.42150 69.24850 76.66760 66.95560 64.95880 66.22490 63.80330 61.33090 63.95380 64.82240 67.10810 63.57450 61.45300 59.94970 57.08210 55.27300 56.32340 60.12420 62.10960 64.86440 67.35020 71.60200
74.93920 70.85510 67.85860 73.96120 96.45580 98.25180 110.12200 90.49710 88.96860 89.09220 80.95580 67.60110 34.56430 19.73000 18.06550 72.69450 72.78450 57.21090 59.65980 45.90430 56.09540 31.18750 35.63290 40.68450 52.41700 48.55530 52.87990 48.97950 33.07200 27.80460 32.14480 27.20930 35.02910 43.65350 55.67990 63.79090 78.48510 97.15660 121.06700 136.15199 149.57700 163.67200 171.94400 175.97900 176.21899 153.28200 136.30600 129.89101 114.19500 97.20460 83.16820 66.60940 74.97600 72.31420 68.55320 65.58310 69.46330 65.80590 65.50910 63.58970 60.63670 61.42280 62.16570 62.26030 62.21960 55.52090 54.35080 54.21420 58.39830 63.65820 66.88430 68.88650
89.31800 67.38420 63.14410 66.27770 46.47060 44.80640 47.53970 49.32550 50.92440 38.32710 44.77700 46.93280 49.24730 36.08470 15.90260 74.08780 86.46250 93.95240 100.17400 72.43930 49.09780 13.84030 8.32454 32.93560 39.85280 35.49800 41.15720 41.61290 28.07010 23.33180 15.86150 19.69000 31.56810 46.54310 54.36910 67.54820 83.95840 94.29650 116.93900 136.90700 153.97400 176.07600 182.58501 194.19299 191.51100 164.10400 165.90700 141.42599 123.46400 113.54100 89.22140 80.74670 62.91690 70.82840 70.10730 61.93820 61.06990 59.18180 59.49220 60.32800 60.17330 62.66190 64.93580 66.98840 65.76270 62.77340 55.46850 54.22650 54.80170 58.79190 60.79030 65.15080
128.60899 139.86099 96.63410 61.02230 47.55060 35.88600 35.41110 31.55390 30.88300 65.09960 112.71400 117.71400 98.11660 81.59150 47.95670 69.72640 80.44900 88.11400 149.60300 137.27100 77.58380 41.10620 26.17020 26.54360 22.45000 30.20100 35.10530 30.01910 18.52730 20.32490 13.42000 20.47260 33.01890 51.68380 61.87370 76.56060 88.63720 107.23000 123.79800 146.35001 171.91200 185.57700 203.58299 188.93201 189.08299 185.31599 178.21201 149.43700 138.26900 131.20200 105.24100 86.87400 61.95680 66.00410 70.21840 62.12670 67.50820 74.04280 87.33510 89.70090 88.43530 86.53170 72.57460 61.84700 62.70370 62.45630 61.10650 58.73470 56.39460 62.56640 64.01830 60.20780
88.02710 96.68000 69.60820 122.70400 177.25200 167.25400 95.61340 70.65540 41.81380 56.74650 107.38400 392.78101 800.74799 368.88300 160.85699 133.15800 146.15900 143.31000 189.60899 164.55299 95.83480 53.87550 42.74080 45.07370 52.65800 42.26920 37.30370 25.03870 16.23910 13.19710 14.11340 26.14940 41.10550 52.12690 63.63460 69.98600 84.50710 95.09250 115.80500 115.68900 147.85800 173.78000 182.41800 186.18300 156.57700 133.69400 123.34200 112.55400 115.28300 126.00400 96.37010 74.41450 72.94510 64.33900 66.19980 53.39720 54.26060 55.67260 60.88650 62.13630 62.59350 61.46130 61.15530 59.68580 60.75690 61.64180 64.31130 61.76920 57.32880 54.30160 54.16580 52.01750
85.22260 203.83501 1543.59998 -9999 5726.41016 1156.32996 369.27399 314.28799 188.79300 173.24001 142.18201 132.59700 120.44100 77.66560 135.63000 1447.17004 2255.10010 2295.02002 2136.92993 279.51300 201.67900 138.47800 116.49400 92.75790 75.99600 82.55840 70.19300 54.36830 35.16650 21.32040 25.61790 37.42450 47.62410 63.55680 71.66010 85.55840 98.05430 115.97000 124.11100 119.67900 113.07500 153.05299 146.75500 159.75999 140.62199 119.78400 109.53700 109.97700 101.44200 104.88300 95.75620 70.26360 65.29940 53.76410 53.82080 55.96250 58.05310 56.65860 53.09590 53.21910 53.48360 55.45320 56.35100 57.99870 56.44460 57.57150 59.32860 57.18890 55.52080 53.33160 50.26680 45.24230
