data/hydroclimate-scenarios/1948-2000.Pcorr55N_Pref_Tref/monthly_summaries/snodep_monthly_day1_dec.1950-2000.asc
ncols	311
nrows	91
xllcenter	102.75
yllcenter	31.75
cellsize	0.5
NODATA_value	-9999
[rows 0 to 31 of 91, columns 216 to 287 of 311]
-9999 -9999 -9999 -9999 -9999 -9999 -9999 -9999 -9999 -9999 -9999 -9999 -9999 -9999 -9999 -9999 -9999 -9999 -9999 -9999 -9999 -9999 -9999 -9999 -9999 -9999 -9999 -9999 -9999 -9999 -9999 -9999 -9999 -9999 -9999 -9999 -9999 -9999 -9999 -9999 -9999 -9999 -9999 -9999 -9999 -9999 -9999 -9999 -9999 -9999 -9999 -9999 -9999 -9999 -9999 -9999 -9999 -9999 -9999 -9999 -9999 -9999 -9999 -9999 -9999 -9999 -9999 -9999 -9999 -9999 -9999 -9999
-9999 -9999 -9999 -9999 -9999 -9999 -9999 -9999 -9999 -9999 -9999 -9999 -9999 -9999 -9999 -9999 -9999 -9999 -9999 -9999 -9999 -9999 -9999 -9999 -9999 -9999 -9999 -9999 -9999 -9999 -9999 -9999 -9999 -9999 -9999 -9999 -9999 -9999 -9999 -9999 -9999 -9999 -9999 -9999 -9999 -9999 -9999 -9999 -9999 -9999 -9999 -9999 -9999 -9999 -9999 -9999 -9999 -9999 -9999 -9999 -9999 -9999 -9999 -9999 -9999 -9999 -9999 -9999 -9999 -9999 -9999 -9999
-9999 -9999 -9999 -9999 -9999 -9999 -9999 -9999 -9999 -9999 -9999 -9999 -9999 -9999 -9999 -9999 -9999 -9999 -9999 -9999 -9999 -9999 -9999 -9999 -9999 -9999 -9999 -9999 -9999 -9999 -9999 -9999 -9999 -9999 -9999 -9999 -9999 -9999 -9999 -9999 -9999 -9999 -9999 -9999 -9999 -9999 -9999 -9999 -9999 -9999 -9999 -9999 -9999 -9999 -9999 -9999 -9999 -9999 -9999 -9999 -9999 -9999 -9999 -9999 -9999 -9999 -9999 -9999 -9999 -9999 -9999 -9999
-9999 -9999 -9999 -9999 -9999 -9999 -9999 -9999 -9999 -9999 -9999 -9999 -9999 -9999 -9999 -9999 -9999 -9999 -9999 -9999 -9999 -9999 -9999 -9999 -9999 -9999 -9999 -9999 -9999 -9999 -9999 -9999 -9999 -9999 -9999 -9999 -9999 -9999 -9999 -9999 -9999 -9999 -9999 -9999 -9999 -9999 -9999 -9999 -9999 -9999 -9999 -9999 -9999 -9999 -9999 -9999 -9999 -9999 -9999 -9999 -9999 -9999 -9999 -9999 -9999 -9999 -9999 -9999 -9999 -9999 -9999 -9999
-9999 -9999 -9999 -9999 -9999 -9999 -9999 -9999 -9999 -9999 -9999 -9999 -9999 -9999 -9999 -9999 -9999 -9999 -9999 -9999 -9999 -9999 -9999 -9999 -9999 -9999 -9999 -9999 -9999 -9999 -9999 -9999 -9999 -9999 -9999 -9999 -9999 -9999 -9999 -9999 -9999 -9999 -9999 -9999 -9999 -9999 -9999 -9999 -9999 -9999 -9999 -9999 -9999 -9999 -9999 -9999 -9999 -9999 -9999 -9999 -9999 -9999 -9999 -9999 -9999 -9999 -9999 -9999 -9999 -9999 -9999 -9999
-9999 -9999 -9999 -9999 -9999 -9999 -9999 -9999 -9999 -9999 -9999 -9999 -9999 -9999 -9999 -9999 -9999 -9999 -9999 -9999 -9999 -9999 -9999 -9999 -9999 -9999 -9999 -9999 -9999 -9999 -9999 -9999 -9999 -9999 -9999 -9999 -9999 -9999 -9999 -9999 -9999 -9999 -9999 -9999 -9999 -9999 -9999 -9999 -9999 -9999 -9999 -9999 -9999 -9999 -9999 -9999 -9999 -9999 -9999 -9999 -9999 -9999 -9999 -9999 -9999 -9999 -9999 -9999 -9999 -9999 -9999 -9999
-9999 -9999 -9999 -9999 -9999 -9999 -9999 -9999 -9999 -9999 -9999 -9999 -9999 -9999 -9999 -9999 -9999 -9999 -9999 -9999 -9999 -9999 -9999 -9999 -9999 -9999 -9999 -9999 -9999 -9999 -9999 -9999 -9999 -9999 -9999 -9999 -9999 -9999 -9999 -9999 -9999 -9999 -9999 -9999 -9999 -9999 -9999 -9999 -9999 -9999 -9999 -9999 -9999 -9999 -9999 -9999 -9999 -9999 -9999 -9999 -9999 -9999 -9999 -9999 -9999 -9999 -9999 -9999 -9999 -9999 -9999 -9999
-9999 -9999 -9999 -9999 -9999 -9999 -9999 -9999 -9999 -9999 -9999 -9999 -9999 -9999 -9999 -9999 -9999 -9999 -9999 -9999 -9999 -9999 -9999 -9999 -9999 -9999 -9999 -9999 -9999 -9999 -9999 -9999 -9999 -9999 -9999 -9999 -9999 -9999 -9999 -9999 -9999 -9999 -9999 -9999 -9999 -9999 -9999 -9999 -9999 -9999 -9999 -9999 -9999 -9999 -9999 -9999 -9999 -9999 -9999 -9999 -9999 -9999 -9999 -9999 -9999 -9999 -9999 -9999 -9999 -9999 -9999 -9999
-9999 -9999 -9999 -9999 -9999 -9999 -9999 -9999 -9999 -9999 -9999 -9999 -9999 -9999 -9999 -9999 -9999 -9999 -9999 -9999 -9999 -9999 -9999 -9999 -9999 -9999 -9999 -9999 -9999 -9999 -9999 -9999 -9999 -9999 -9999 -9999 -9999 -9999 -9999 -9999 -9999 -9999 -9999 -9999 -9999 -9999 -9999 -9999 -9999 -9999 -9999 -9999 -9999 -9999 -9999 -9999 -9999 -9999 -9999 -9999 -9999 -9999 -9999 -9999 -9999 -9999 -9999 -9999 -9999 -9999 -9999 -9999
-9999 -9999 -9999 -9999 -9999 -9999 -9999 -9999 -9999 -9999 -9999 -9999 -9999 -9999 -9999 -9999 -9999 -9999 -9999 -9999 -9999 -9999 -9999 -9999 -9999 -9999 -9999 -9999 -9999 -9999 -9999 -9999 -9999 -9999 -9999 -9999 -9999 -9999 -9999 -9999 -9999 -9999 -9999 -9999 -9999 -9999 -9999 -9999 -9999 -9999 -9999 -9999 -9999 -9999 -9999 -9999 -9999 -9999 -9999 -9999 -9999 -9999 -9999 -9999 -9999 -9999 -9999 -9999 -9999 -9999 -9999 -9999
-9999 -9999 -9999 -9999 -9999 -9999 -9999 -9999 -9999 -9999 -9999 -9999 -9999 -9999 -9999 -9999 -9999 -9999 -9999 -9999 -9999 -9999 -9999 -9999 -9999 -9999 -9999 -9999 -9999 -9999 -9999 -9999 -9999 -9999 -9999 -9999 -9999 -9999 -9999 -9999 -9999 -9999 -9999 -9999 -9999 -9999 -9999 -9999 -9999 -9999 -9999 -9999 -9999 -9999 -9999 -9999 -9999 -9999 -9999 -9999 -9999 -9999 -9999 -9999 -9999 -9999 -9999 -9999 -9999 -9999 -9999 -9999
-9999 -9999 -9999 -9999 -9999 -9999 -9999 -9999 -9999 -9999 -9999 -9999 -9999 -9999 -9999 -9999 -9999 -9999 -9999 -9999 -9999 -9999 -9999 -9999 -9999 -9999 -9999 -9999 -9999 -9999 -9999 -9999 -9999 -9999 -9999 -9999 -9999 -9999 -9999 -9999 -9999 -9999 -9999 -9999 -9999 -9999 -9999 -9999 -9999 -9999 -9999 -9999 -9999 -9999 -9999 -9999 -9999 -9999 -9999 -9999 -9999 -9999 -9999 -9999 -9999 -9999 -9999 -9999 -9999 -9999 -9999 -9999
-9999 -9999 -9999 -9999 -9999 -9999 -9999 -9999 -9999 -9999 -9999 -9999 -9999 -9999 -9999 -9999 -9999 -9999 -9999 -9999 -9999 -9999 -9999 -9999 -9999 -9999 -9999 -9999 -9999 -9999 -9999 -9999 -9999 -9999 -9999 -9999 -9999 -9999 -9999 -9999 -9999 -9999 -9999 -9999 -9999 -9999 -9999 -9999 -9999 -9999 -9999 -9999 -9999 -9999 -9999 -9999 -9999 -9999 -9999 -9999 -9999 -9999 -9999 -9999 -9999 -9999 -9999 -9999 -9999 -9999 -9999 -9999
24.74760 24.26850 23.79570 -9999 -9999 -9999 -9999 -9999 -9999 -9999 -9999 -9999 -9999 -9999 -9999 -9999 -9999 -9999 -9999 -9999 -9999 -9999 -9999 -9999 -9999 -9999 -9999 -9999 -9999 -9999 -9999 -9999 -9999 -9999 -9999 -9999 -9999 -9999 -9999 -9999 -9999 -9999 -9999 -9999 19.70410 -9999 -9999 -9999 -9999 -9999 -9999 -9999 -9999 -9999 -9999 -9999 -9999 -9999 -9999 -9999 -9999 -9999 -9999 -9999 -9999 -9999 -9999 -9999 -9999 -9999 -9999 -9999
23.34810 24.39990 24.35470 21.97970 21.79830 21.98180 22.81790 16.72810 18.18630 17.57250 25.70260 25.29460 24.45910 23.30000 20.83090 95.02350 -9999 -9999 -9999 -9999 -9999 -9999 -9999 -9999 -9999 -9999 -9999 -9999 -9999 -9999 -9999 -9999 -9999 -9999 -9999 -9999 -9999 -9999 -9999 6.95757 11.87960 8.75173 2.20991 1.62051 10.13420 22.91050 -9999 -9999 -9999 21.18240 -9999 -9999 -9999 24.31010 29.45360 30.17520 -9999 -9999 -9999 -9999 -9999 -9999 -9999 -9999 -9999 -9999 -9999 -9999 -9999 -9999 -9999 -9999
23.56920 24.32680 24.69630 15.51420 0.00000 0.00000 0.00000 0.00000 0.01138 0.10937 0.40365 0.86533 0.11593 0.00000 0.00000 0.00000 0.00000 0.61432 2.01589 24.44380 38.78200 24.63710 -9999 -9999 -9999 -9999 -9999 27.07110 26.69320 27.82940 28.49300 28.93080 26.51040 24.17940 24.44630 23.42570 23.43490 21.84870 22.47910 1.71055 2.52128 0.66443 2.08792 1.23169 3.24696 24.60130 24.66510 25.07670 23.39760 23.85450 25.99330 26.32020 25.59660 29.10430 28.92830 22.60070 25.23270 27.77260 28.49270 28.07190 27.62470 -9999 -9999 -9999 -9999 -9999 -9999 -9999 -9999 -9999 -9999 -9999
18.10340 18.79670 19.83610 0.00000 0.00000 0.00000 0.00000 0.00000 0.00000 0.05700 0.11276 0.02634 0.00000 0.00000 0.00000 0.00000 0.35732 1.89322 2.02426 30.81520 8.17360 19.15790 24.58660 28.14160 33.17800 33.90570 32.34620 30.04060 29.22680 28.43410 30.72460 31.60910 29.15390 25.86410 26.60850 26.82510 25.93390 26.60750 25.86720 24.42770 24.50400 24.43540 23.66930 22.92980 23.08050 23.59310 24.13240 25.57160 25.15580 26.33940 28.00230 30.07300 33.29910 33.40600 34.70400 37.95600 37.67700 35.10940 38.11340 33.97960 31.63070 29.20430 27.11990 26.01630 26.03820 25.75410 25.38700 26.95310 27.81680 -9999 -9999 -9999
0.04000 0.00000 0.06038 0.00000 0.00000 0.00000 0.00000 0.00000 0.00000 0.00000 0.00000 0.00000 0.00000 0.03383 1.15701 12.40920 15.97860 16.50380 25.23000 45.93180 48.24690 24.10900 25.35740 24.77900 29.49070 33.24740 35.35100 37.82570 30.11790 29.85370 31.47820 34.89860 35.19370 34.81450 33.56810 32.49830 30.99010 29.56030 29.94460 27.42050 26.19780 26.40390 25.14140 23.64460 24.33210 25.49260 25.29130 26.42780 27.99860 28.92950 30.97300 33.25030 35.10420 36.61210 35.67130 36.62450 37.21380 38.42800 41.62920 33.88060 34.07300 31.66060 31.41290 29.70360 31.17770 34.88080 36.12460 38.15410 33.95370 -9999 27.62360 -9999
23.43670 23.76150 18.38930 18.45520 14.35210 13.96030 13.84340 13.00880 12.32600 8.61942 8.30816 0.00000 9.13101 16.46610 8.75245 10.54520 9.74948 27.39670 39.45930 49.06950 53.23410 29.48120 28.88100 29.57720 21.38700 20.49280 26.29590 45.84980 39.19870 36.20750 34.96270 35.76650 36.62940 37.15190 33.54760 31.88860 30.68760 29.12380 27.37390 27.30290 28.28960 27.87700 27.69190 27.72870 28.53200 29.62770 29.40630 29.85460 28.85150 28.93640 30.08710 32.51160 32.42260 32.55470 34.22420 36.65430 37.27690 39.27720 39.19270 33.83520 34.74140 34.71640 36.82590 38.08190 37.58020 36.41950 36.72210 37.81510 39.35890 40.05310 -9999 -9999
21.30680 19.71080 17.87860 15.23370 15.05520 20.90460 19.16720 16.67680 16.25840 16.12160 16.23590 17.09940 17.46060 17.63420 18.34930 51.00510 49.16620 34.73590 38.39710 34.06950 42.87130 22.91070 26.90590 31.24630 33.94750 38.78430 32.38180 52.18530 51.41200 43.93680 41.56540 36.98030 33.98780 32.76740 31.28670 32.28430 32.70630 30.65450 28.01760 30.30430 32.84160 31.96340 31.44350 31.76450 31.24570 31.37690 29.84740 30.34490 32.40850 31.49850 31.41750 33.03480 34.28230 37.31860 36.56120 36.44100 35.89430 36.08030 35.90250 35.49690 37.05180 36.83810 38.27050 41.24190 44.25070 44.98940 46.30760 44.94970 51.13270 50.45140 46.30260 -9999
39.70660 30.35160 25.16010 24.42100 23.34340 19.01450 18.00590 17.00040 17.48200 18.03870 18.55310 20.32010 21.03540 23.59410 23.73610 37.14600 26.18310 9.71978 10.03110 21.37640 15.99450 16.97640 25.37110 29.35750 33.81910 37.57200 38.74460 40.40590 46.22310 44.09500 41.35230 37.36720 33.46610 33.86120 34.47720 33.66580 32.97010 31.36060 28.15050 31.58410 30.94620 30.94740 30.54880 29.97250 31.40350 32.33540 32.21670 33.19020 33.62370 33.90560 34.86730 36.10710 36.10280 39.37720 36.50890 37.60060 34.36660 34.32150 34.02280 34.35370 35.42240 37.39200 38.62240 42.23600 44.72940 44.58320 44.83570 45.04970 45.92700 47.32960 49.44310 49.60370
22.06240 19.10530 19.69740 20.26940 20.37200 19.12540 19.50780 18.64720 19.56790 21.01620 22.86540 23.23730 21.78980 23.28140 22.95690 42.87380 36.11770 5.37327 0.06288 0.00000 4.54545 15.13880 27.98390 35.35290 37.07980 34.78040 38.18110 35.75420 46.34360 47.80580 44.07680 39.64700 37.18000 37.24880 35.90460 35.50150 34.77610 31.98640 29.71660 31.50770 30.62430 29.68340 31.06520 32.07610 31.73390 32.70880 33.16910 35.65820 36.09750 34.51660 34.46650 34.39840 34.08890 34.97460 36.49130 37.82930 37.89300 36.93870 36.21130 33.17670 34.80180 35.10920 33.02440 35.45820 37.39100 40.07670 45.35360 47.16850 45.79760 42.04960 41.97810 44.46160
26.67910 24.49910 27.22210 38.15890 28.36950 22.43970 31.36930 16.99410 17.69920 22.98870 23.86500 27.74890 26.67520 26.78980 24.52650 29.89060 32.67390 5.90878 0.33907 0.05906 5.03599 6.93989 18.49860 24.14010 26.31940 32.20200 37.76310 38.81610 39.16860 40.15380 41.45870 38.40990 40.25780 41.31130 39.48170 43.11900 41.74070 43.37890 40.88960 37.07910 34.55860 31.39220 36.02230 36.55160 39.38300 41.38370 40.40090 39.16570 39.47580 37.10500 35.76300 36.03100 37.93290 36.41160 38.90180 35.00870 31.10180 31.54410 32.62630 33.59350 34.14380 34.34190 34.70820 34.71410 36.00370 39.80640 42.23270 45.73930 46.96290 44.00310 42.64310 43.90920
23.90720 18.44340 22.79410 32.70340 33.29590 21.22460 21.98710 21.70170 21.75590 1.90003 17.44670 16.02490 15.05290 26.83970 25.87890 32.20570 34.36570 11.98860 0.21231 4.43911 7.05766 6.83846 8.84922 13.65170 14.95950 19.36990 27.10420 34.90550 39.31850 39.81910 34.89110 33.34620 28.23470 22.44980 28.08310 39.26750 39.08150 38.98290 46.41680 56.74430 57.12880 56.63200 54.83000 49.00660 42.38930 46.35480 44.48550 39.21080 34.59990 39.77090 37.82930 37.74780 39.43070 39.20610 37.50280 32.82470 34.25130 36.10170 31.45690 32.26940 32.95890 32.49450 33.66710 32.53260 33.76560 36.06920 38.39300 40.32170 43.78680 45.30180 46.48120 42.40710
21.29160 19.11220 19.32770 18.87960 20.37830 24.10460 22.42710 19.00380 16.31790 1.66240 1.29373 0.56331 1.02383 0.00000 0.37788 0.51897 36.34640 48.95500 0.13722 0.00000 0.00000 0.01529 2.79934 0.00000 8.09392 11.43080 12.03840 10.34380 10.50770 12.53130 13.36130 10.29620 13.06520 13.36290 12.98140 19.43070 24.75070 28.78790 32.98850 47.95460 47.27420 53.26450 60.26290 64.42400 59.50710 52.91130 44.29440 40.39490 34.58320 35.41210 40.75160 40.98420 39.29490 37.88830 36.87600 32.39930 33.77480 34.95160 37.54620 39.02790 37.22120 33.65130 31.60210 29.82900 32.17490 32.97260 34.65490 36.91370 39.66650 41.79120 45.52890 49.39820
21.32700 22.32200 21.86890 23.32800 20.92140 19.00620 19.74370 22.75550 26.01410 16.98450 19.04650 3.03156 1.24259 0.53733 0.48263 8.21317 12.24950 12.58950 20.49160 2.86183 11.64720 7.66326 2.88667 2.81760 6.77589 9.69217 17.33650 16.60110 17.61810 13.73820 13.55850 11.51870 11.66390 16.25580 16.53120 23.87870 30.56570 30.68230 39.67700 59.00450 66.03960 65.43670 66.49890 72.27640 73.34790 73.46370 62.49580 55.63630 46.42210 38.62040 46.49970 50.21590 43.12380 41.44520 40.50390 35.91830 35.22060 36.09090 38.20510 38.53410 36.07710 36.95580 36.72340 31.48850 30.48210 32.02790 31.74910 35.50150 36.75260 38.45920 42.00290 48.62060
31.64800 28.47920 40.00130 39.82050 45.39760 41.57620 34.33180 42.11120 39.96190 33.27830 21.38210 18.55570 20.00750 19.04310 19.53340 17.94260 11.45470 14.06820 9.45567 11.89900 17.65070 18.00770 20.69970 26.02220 25.10230 26.02690 33.68300 37.19910 26.85690 23.06800 23.07200 22.23610 26.17210 18.59880 23.91190 28.30700 37.73850 47.15980 57.46180 60.23410 71.46480 77.22020 84.70720 85.91700 84.96770 79.82310 71.92880 61.34480 55.54080 45.58970 40.35190 41.13740 45.02510 38.67710 38.22690 39.98160 38.15570 37.13480 37.19880 39.23210 39.54390 36.44380 35.58480 34.01110 32.40310 31.13440 32.24340 36.11200 38.04260 40.93430 43.26900 44.53950
45.23380 44.49220 41.97880 47.24800 58.24370 40.25900 43.21040 36.01760 30.68360 43.43480 45.67780 42.84410 24.91100 17.36250 16.87280 51.69620 46.10780 33.32690 30.05950 21.90050 28.56420 16.20950 19.99820 23.05100 30.40780 26.43110 28.94090 27.12580 16.76160 13.37720 17.83870 12.01840 14.28050 20.78090 27.89170 31.15040 38.73920 51.67350 65.30970 68.76930 82.13190 90.94100 95.73950 94.86640 93.79880 86.38400 77.88950 73.19970 63.78520 56.13320 48.47220 39.15880 44.10640 41.70910 39.94350 38.81500 41.06350 39.08590 38.31680 38.26110 36.17040 35.95610 35.88820 35.45370 34.77460 30.58280 31.01050 33.47900 36.12240 40.34520 42.66400 42.55020
52.64600 39.33690 37.58790 44.27730 28.89990 27.51220 29.90180 32.59660 33.61480 25.23600 28.85740 29.71120 31.79150 25.04130 15.64930 58.65450 62.77390 60.06750 53.69110 36.45620 24.00140 8.17502 6.19717 19.42580 24.45800 20.97940 25.07700 25.33000 17.95700 14.31910 8.73358 9.41927 15.22820 23.30050 26.49620 32.86720 44.20870 51.03320 64.53230 72.51380 85.37080 96.68690 101.49100 104.21500 97.64670 86.64670 82.38580 73.94010 64.12150 60.95740 49.10590 44.83480 35.42780 39.13400 38.74270 35.75630 34.90770 36.72580 36.78780 35.11370 34.58180 35.80750 36.43690 37.89130 36.74970 34.13250 31.45980 31.41690 33.18730 37.38870 37.12830 39.01760
66.68870 76.86680 60.75710 44.92900 33.15120 24.60320 24.58450 24.16550 24.87590 42.43860 71.15140 74.49270 61.58960 52.88380 32.85220 48.09900 50.17640 51.76540 84.51950 79.53080 45.81220 27.89260 17.72680 17.62870 13.66150 17.01330 21.34600 19.25950 12.80400 12.85030 6.97673 11.36620 15.08230 27.89610 31.81890 40.18060 48.58920 58.83680 68.98310 79.52700 91.02920 105.16000 112.10900 105.55500 102.12300 97.60350 89.28230 77.46970 71.31670 67.33330 54.99600 46.11040 34.08610 34.66590 36.96510 35.00610 37.26000 43.53050 49.63920 48.48930 46.61310 46.11470 38.35170 33.15970 33.79350 33.44490 33.90270 34.24100 33.99490 35.97570 37.55870 35.83640
45.02630 53.05520 44.51240 68.00310 102.38600 95.83220 58.58880 44.95980 30.56700 40.86640 74.56660 318.83600 705.54102 295.26801 101.59600 83.77420 85.74320 79.94780 104.72200 97.06050 57.70410 30.22010 23.57130 28.49680 33.92710 23.81040 21.09410 15.25790 10.49230 11.28950 10.27950 13.85760 19.21920 22.99200 32.30990 36.19650 45.38020 49.45690 59.64140 63.35430 82.20520 97.27120 104.46800 102.04700 84.28070 73.07480 68.11180 61.57620 62.27640 63.03350 49.25860 35.79450 36.66540 33.22360 34.18240 28.98050 29.72770 30.23800 32.38200 33.25100 33.38820 31.47440 30.28740 28.57590 29.68050 30.52720 33.47410 33.33690 32.94360 28.65480 29.65400 27.87620
48.61680 104.44200 1249.06006 -9999 5101.87988 876.13702 205.22400 169.21300 104.80500 98.77400 84.54710 81.49440 74.60220 50.92880 84.54460 1307.09998 2032.41003 2046.56995 1880.48999 161.55200 117.39700 81.28040 68.58770 54.85130 45.90580 48.09420 38.72110 29.46520 19.42400 12.19070 13.39170 18.91480 24.81550 32.53610 34.39250 41.04150 48.34750 56.96220 60.80050 63.00930 60.96570 80.89300 79.21710 85.17350 74.99100 65.73130 58.51170 60.50370 54.54410 51.84270 48.31590 33.60280 32.46250 26.99320 27.43120 29.83070 31.25740 30.42950 28.39200 28.36200 28.13470 27.52470 27.81000 27.76480 27.34500 28.93290 30.84050 29.61550 29.88650 28.41120 26.46590 21.98480
