data/hydroclimate-scenarios/1948-2000.Pcorr55N_Pref_Tref/monthly_summaries/snodep_monthly_day1_mar.asc
ncols	311
nrows	91
xllcenter	102.75
yllcenter	31.75
cellsize	0.5
NODATA_value	-9999
[rows 0 to 31 of 91, columns 216 to 287 of 311]
-9999 -9999 -9999 -9999 -9999 -9999 -9999 -9999 -9999 -9999 -9999 -9999 -9999 -9999 -9999 -9999 -9999 -9999 -9999 -9999 -9999 -9999 -9999 -9999 -9999 -9999 -9999 -9999 -9999 -9999 -9999 -9999 -9999 -9999 -9999 -9999 -9999 -9999 -9999 -9999 -9999 -9999 -9999 -9999 -9999 -9999 -9999 -9999 -9999 -9999 -9999 -9999 -9999 -9999 -9999 -9999 -9999 -9999 -9999 -9999 -9999 -9999 -9999 -9999 -9999 -9999 -9999 -9999 -9999 -9999 -9999 -9999
-9999 -9999 -9999 -9999 -9999 -9999 -9999 -9999 -9999 -9999 -9999 -9999 -9999 -9999 -9999 -9999 -9999 -9999 -9999 -9999 -9999 -9999 -9999 -9999 -9999 -9999 -9999 -9999 -9999 -9999 -9999 -9999 -9999 -9999 -9999 -9999 -9999 -9999 -9999 -9999 -9999 -9999 -9999 -9999 -9999 -9999 -9999 -9999 -9999 -9999 -9999 -9999 -9999 -9999 -9999 -9999 -9999 -9999 -9999 -9999 -9999 -9999 -9999 -9999 -9999 -9999 -9999 -9999 -9999 -9999 -9999 -9999
-9999 -9999 -9999 -9999 -9999 -9999 -9999 -9999 -9999 -9999 -9999 -9999 -9999 -9999 -9999 -9999 -9999 -9999 -9999 -9999 -9999 -9999 -9999 -9999 -9999 -9999 -9999 -9999 -9999 -9999 -9999 -9999 -9999 -9999 -9999 -9999 -9999 -9999 -9999 -9999 -9999 -9999 -9999 -9999 -9999 -9999 -9999 -9999 -9999 -9999 -9999 -9999 -9999 -9999 -9999 -9999 -9999 -9999 -9999 -9999 -9999 -9999 -9999 -9999 -9999 -9999 -9999 -9999 -9999 -9999 -9999 -9999
-9999 -9999 -9999 -9999 -9999 -9999 -9999 -9999 -9999 -9999 -9999 -9999 -9999 -9999 -9999 -9999 -9999 -9999 -9999 -9999 -9999 -9999 -9999 -9999 -9999 -9999 -9999 -9999 -9999 -9999 -9999 -9999 -9999 -9999 -9999 -9999 -9999 -9999 -9999 -9999 -9999 -9999 -9999 -9999 -9999 -9999 -9999 -9999 -9999 -9999 -9999 -9999 -9999 -9999 -9999 -9999 -9999 -9999 -9999 -9999 -9999 -9999 -9999 -9999 -9999 -9999 -9999 -9999 -9999 -9999 -9999 -9999
-9999 -9999 -9999 -9999 -9999 -9999 -9999 -9999 -9999 -9999 -9999 -9999 -9999 -9999 -9999 -9999 -9999 -9999 -9999 -9999 -9999 -9999 -9999 -9999 -9999 -9999 -9999 -9999 -9999 -9999 -9999 -9999 -9999 -9999 -9999 -9999 -9999 -9999 -9999 -9999 -9999 -9999 -9999 -9999 -9999 -9999 -9999 -9999 -9999 -9999 -9999 -9999 -9999 -9999 -9999 -9999 -9999 -9999 -9999 -9999 -9999 -9999 -9999 -9999 -9999 -9999 -9999 -9999 -9999 -9999 -9999 -9999
-9999 -9999 -9999 -9999 -9999 -9999 -9999 -9999 -9999 -9999 -9999 -9999 -9999 -9999 -9999 -9999 -9999 -9999 -9999 -9999 -9999 -9999 -9999 -9999 -9999 -9999 -9999 -9999 -9999 -9999 -9999 -9999 -9999 -9999 -9999 -9999 -9999 -9999 -9999 -9999 -9999 -9999 -9999 -9999 -9999 -9999 -9999 -9999 -9999 -9999 -9999 -9999 -9999 -9999 -9999 -9999 -9999 -9999 -9999 -9999 -9999 -9999 -9999 -9999 -9999 -9999 -9999 -9999 -9999 -9999 -9999 -9999
-9999 -9999 -9999 -9999 -9999 -9999 -9999 -9999 -9999 -9999 -9999 -9999 -9999 -9999 -9999 -9999 -9999 -9999 -9999 -9999 -9999 -9999 -9999 -9999 -9999 -9999 -9999 -9999 -9999 -9999 -9999 -9999 -9999 -9999 -9999 -9999 -9999 -9999 -9999 -9999 -9999 -9999 -9999 -9999 -9999 -9999 -9999 -9999 -9999 -9999 -9999 -9999 -9999 -9999 -9999 -9999 -9999 -9999 -9999 -9999 -9999 -9999 -9999 -9999 -9999 -9999 -9999 -9999 -9999 -9999 -9999 -9999
-9999 -9999 -9999 -9999 -9999 -9999 -9999 -9999 -9999 -9999 -9999 -9999 -9999 -9999 -9999 -9999 -9999 -9999 -9999 -9999 -9999 -9999 -9999 -9999 -9999 -9999 -9999 -9999 -9999 -9999 -9999 -9999 -9999 -9999 -9999 -9999 -9999 -9999 -9999 -9999 -9999 -9999 -9999 -9999 -9999 -9999 -9999 -9999 -9999 -9999 -9999 -9999 -9999 -9999 -9999 -9999 -9999 -9999 -9999 -9999 -9999 -9999 -9999 -9999 -9999 -9999 -9999 -9999 -9999 -9999 -9999 -9999
-9999 -9999 -9999 -9999 -9999 -9999 -9999 -9999 -9999 -9999 -9999 -9999 -9999 -9999 -9999 -9999 -9999 -9999 -9999 -9999 -9999 -9999 -9999 -9999 -9999 -9999 -9999 -9999 -9999 -9999 -9999 -9999 -9999 -9999 -9999 -9999 -9999 -9999 -9999 -9999 -9999 -9999 -9999 -9999 -9999 -9999 -9999 -9999 -9999 -9999 -9999 -9999 -9999 -9999 -9999 -9999 -9999 -9999 -9999 -9999 -9999 -9999 -9999 -9999 -9999 -9999 -9999 -9999 -9999 -9999 -9999 -9999
-9999 -9999 -9999 -9999 -9999 -9999 -9999 -9999 -9999 -9999 -9999 -9999 -9999 -9999 -9999 -9999 -9999 -9999 -9999 -9999 -9999 -9999 -9999 -9999 -9999 -9999 -9999 -9999 -9999 -9999 -9999 -9999 -9999 -9999 -9999 -9999 -9999 -9999 -9999 -9999 -9999 -9999 -9999 -9999 -9999 -9999 -9999 -9999 -9999 -9999 -9999 -9999 -9999 -9999 -9999 -9999 -9999 -9999 -9999 -9999 -9999 -9999 -9999 -9999 -9999 -9999 -9999 -9999 -9999 -9999 -9999 -9999
-9999 -9999 -9999 -9999 -9999 -9999 -9999 -9999 -9999 -9999 -9999 -9999 -9999 -9999 -9999 -9999 -9999 -9999 -9999 -9999 -9999 -9999 -9999 -9999 -9999 -9999 -9999 -9999 -9999 -9999 -9999 -9999 -9999 -9999 -9999 -9999 -9999 -9999 -9999 -9999 -9999 -9999 -9999 -9999 -9999 -9999 -9999 -9999 -9999 -9999 -9999 -9999 -9999 -9999 -9999 -9999 -9999 -9999 -9999 -9999 -9999 -9999 -9999 -9999 -9999 -9999 -9999 -9999 -9999 -9999 -9999 -9999
-9999 -9999 -9999 -9999 -9999 -9999 -9999 -9999 -9999 -9999 -9999 -9999 -9999 -9999 -9999 -9999 -9999 -9999 -9999 -9999 -9999 -9999 -9999 -9999 -9999 -9999 -9999 -9999 -9999 -9999 -9999 -9999 -9999 -9999 -9999 -9999 -9999 -9999 -9999 -9999 -9999 -9999 -9999 -9999 -9999 -9999 -9999 -9999 -9999 -9999 -9999 -9999 -9999 -9999 -9999 -9999 -9999 -9999 -9999 -9999 -9999 -9999 -9999 -9999 -9999 -9999 -9999 -9999 -9999 -9999 -9999 -9999
-9999 -9999 -9999 -9999 -9999 -9999 -9999 -9999 -9999 -9999 -9999 -9999 -9999 -9999 -9999 -9999 -9999 -9999 -9999 -9999 -9999 -9999 -9999 -9999 -9999 -9999 -9999 -9999 -9999 -9999 -9999 -9999 -9999 -9999 -9999 -9999 -9999 -9999 -9999 -9999 -9999 -9999 -9999 -9999 -9999 -9999 -9999 -9999 -9999 -9999 -9999 -9999 -9999 -9999 -9999 -9999 -9999 -9999 -9999 -9999 -9999 -9999 -9999 -9999 -9999 -9999 -9999 -9999 -9999 -9999 -9999 -9999
38.29350 28.31320 27.57120 -9999 -9999 -9999 -9999 -9999 -9999 -9999 -9999 -9999 -9999 -9999 -9999 -9999 -9999 -9999 -9999 -9999 -9999 -9999 -9999 -9999 -9999 -9999 -9999 -9999 -9999 -9999 -9999 -9999 -9999 -9999 -9999 -9999 -9999 -9999 -9999 -9999 -9999 -9999 -9999 -9999 27.57240 -9999 -9999 -9999 -9999 -9999 -9999 -9999 -9999 -9999 -9999 -9999 -9999 -9999 -9999 -9999 -9999 -9999 -9999 -9999 -9999 -9999 -9999 -9999 -9999 -9999 -9999 -9999
38.54060 39.85550 39.55180 26.65000 25.24640 21.81010 22.70580 17.91810 17.90630 18.98790 41.03340 40.80380 39.39260 36.81690 31.75260 122.03300 -9999 -9999 -9999 -9999 -9999 -9999 -9999 -9999 -9999 -9999 -9999 -9999 -9999 -9999 -9999 -9999 -9999 -9999 -9999 -9999 -9999 -9999 -9999 10.21030 16.99110 14.55720 7.14013 7.84986 17.50210 34.96200 -9999 -9999 -9999 32.50590 -9999 -9999 -9999 33.91490 40.70170 38.30940 -9999 -9999 -9999 -9999 -9999 -9999 -9999 -9999 -9999 -9999 -9999 -9999 -9999 -9999 -9999 -9999
39.38120 40.35810 40.67940 8.66659 0.37880 0.33279 0.36286 0.16048 0.20997 0.25445 0.53581 0.85583 1.17121 0.72061 0.65976 0.23049 0.17810 0.93714 6.84196 27.38440 43.47370 29.55210 -9999 -9999 -9999 -9999 -9999 37.05530 37.00680 40.17770 41.95200 42.65920 40.10030 36.53590 36.62260 35.57230 34.85650 32.95180 33.31170 7.81597 9.90099 8.75861 9.34757 10.13050 14.20730 39.38020 41.50060 41.06070 39.33220 38.53690 42.68410 41.86450 40.18740 44.62110 42.31870 31.82780 33.44780 35.44160 36.44410 37.84040 37.25730 -9999 -9999 -9999 -9999 -9999 -9999 -9999 -9999 -9999 -9999 -9999
31.17390 31.70940 25.65170 0.56260 0.63676 0.30826 0.29327 0.00000 0.01945 0.12884 0.18541 0.60644 0.50690 0.46355 0.47182 0.72286 0.80943 2.10866 7.32774 32.57950 13.83680 23.18730 28.72850 33.96490 40.61580 44.82900 43.85310 42.72030 42.30660 42.00120 46.89130 49.98880 45.46810 41.71680 42.69930 44.59620 41.57690 41.97490 42.30590 40.07190 39.66020 40.77620 40.04580 40.30160 40.61770 40.24770 40.29170 41.76750 41.16490 44.36380 45.79180 47.18790 52.01780 52.20510 51.96170 54.27420 54.18840 49.84480 53.43340 48.60980 46.01520 42.72880 38.91620 39.63100 39.30670 37.14960 38.15260 42.33660 42.31490 -9999 -9999 -9999
18.23530 17.51240 0.75344 0.72634 0.65399 0.28090 0.23807 0.01158 0.00726 0.05138 0.02286 0.35488 0.32696 0.43070 1.53155 17.46990 15.87240 21.14020 30.45730 62.24300 65.24120 30.38840 32.72490 30.30610 38.76840 45.47840 51.57380 55.94180 45.08270 45.27780 49.72990 56.74420 58.53680 57.41390 57.55320 54.55860 53.05480 49.01680 50.29090 46.58220 44.12580 43.77520 42.15380 41.07820 42.57170 44.51360 44.13610 44.63630 46.10580 48.52930 51.86670 51.97810 55.12790 58.83310 54.21010 54.15340 55.67270 57.74580 61.63770 51.14500 52.59270 48.20230 47.10210 46.48010 49.90210 53.48780 55.52680 60.24000 54.09220 -9999 41.51110 -9999
30.18660 29.37050 23.07650 22.36520 7.90491 8.17448 8.42763 8.09192 7.66920 5.36748 5.22965 0.16954 5.61934 19.55050 8.64876 14.19220 12.82670 33.61100 49.17750 65.54570 68.08980 39.67490 38.19610 42.67890 31.01920 30.49620 40.71880 69.03170 59.44960 56.52680 55.26980 58.24360 60.86790 62.01550 57.33700 53.89490 52.71740 50.29400 47.43050 46.07920 47.64800 47.57830 47.77680 49.70490 50.90440 52.57890 52.76290 53.53490 51.38490 51.00920 50.95490 53.87330 52.43770 50.55940 54.35870 58.78160 59.94040 60.00090 60.60540 51.94070 53.87910 54.37900 58.36780 59.97980 58.62050 57.36350 58.65640 59.93040 63.93160 64.68330 -9999 -9999
40.62860 35.62800 32.68810 28.29000 23.77780 31.00800 28.64390 25.52570 19.93420 25.60220 25.29440 25.96620 25.28120 24.61210 26.66900 70.04680 65.75490 46.16440 55.11410 47.98830 57.59760 32.23940 37.77430 45.96720 50.63220 57.82830 52.85140 80.82030 79.56640 68.83070 65.77280 60.50090 55.69760 54.22290 52.47550 53.61560 56.22160 52.71540 49.39020 53.42920 58.03260 55.27450 54.69010 57.80190 56.70950 57.31050 54.73120 55.63100 59.58650 54.76280 54.17200 55.53160 55.80940 58.53350 59.52460 60.13740 57.78130 56.20300 54.74010 54.58320 58.32540 60.36320 62.89940 64.28120 70.96150 74.36700 75.88260 74.79180 84.01810 83.24570 76.66290 -9999
57.92060 45.26270 38.39200 35.92100 34.18220 28.56380 27.66740 27.55250 28.41110 29.98130 30.66530 32.22310 32.46710 32.55540 33.09110 49.71000 34.63500 13.61260 15.30300 30.19060 27.09670 26.10090 37.89810 45.15900 52.17320 57.00860 62.89020 67.09570 75.82620 72.91540 68.39120 61.87950 56.14920 56.62180 58.18720 55.14080 54.59640 55.59520 50.72320 55.03320 54.92370 53.68150 53.09770 54.03040 57.17000 58.93370 59.62730 61.87470 59.84770 59.59860 60.38660 59.55340 59.37330 64.21960 58.33540 57.62920 54.72900 53.78890 52.84720 53.78740 56.32830 59.56670 63.65300 65.15770 70.33830 71.72780 74.84610 77.10620 77.63650 81.02770 81.93530 83.01580
34.90690 31.36160 31.49000 30.98050 31.73310 30.02830 29.87810 28.97790 29.39200 31.92780 35.09200 36.29940 33.72890 33.12580 32.76550 63.79850 53.47070 10.06970 5.53906 5.18393 14.71600 24.31360 43.63330 55.40520 60.87260 55.66060 61.58370 63.74340 77.53130 78.42930 72.77140 66.07210 62.22530 61.79150 59.79780 56.81150 57.04320 56.40090 52.41140 54.29130 53.22360 51.49070 53.58790 57.45180 58.76440 60.88850 61.71040 66.07740 64.09420 59.97370 57.84640 56.93890 56.13020 55.61640 58.98050 57.80220 57.63970 54.68080 54.27640 53.87570 55.45200 57.61320 53.75260 55.33530 60.30520 67.12410 73.29200 79.28470 76.14370 69.82730 68.97470 73.66040
39.79540 36.37530 39.73270 50.87540 46.76460 40.21500 43.97350 15.40820 18.82460 33.52520 35.56530 40.35940 38.74210 38.58600 34.85710 41.99210 50.56690 10.97450 10.34070 9.21394 16.07620 14.41870 33.38480 39.76970 44.02770 54.98780 63.37660 63.61240 64.14650 66.07060 68.64720 65.74540 68.82610 70.32370 67.50850 74.26190 72.19280 74.15150 69.72050 63.77860 59.56530 57.86950 66.06890 70.30430 78.79350 82.16660 79.94450 78.06450 74.91250 65.68720 62.46610 58.89490 61.31830 59.63120 61.23190 56.10280 51.18880 52.77550 52.99850 54.45030 55.70440 54.34550 55.64340 58.99690 61.93490 68.81730 72.55500 76.84270 78.26470 76.30880 72.61780 74.27360
37.47940 29.49300 34.87970 44.27030 44.05080 38.77750 22.90350 12.27660 12.29700 1.77726 9.92915 8.20841 7.11185 37.14920 37.92230 46.60600 55.05260 19.53020 9.66268 13.93790 18.21420 17.87840 20.03700 29.72820 32.64840 41.00060 51.80770 60.19580 66.97930 67.96750 63.18510 67.39800 58.19570 53.57730 63.67970 79.08050 73.32240 80.40030 88.17950 101.75200 102.73600 106.53200 104.61400 97.30850 86.91230 95.25170 88.67410 78.23040 66.76890 69.68400 66.39750 60.23810 63.49700 63.00600 58.21950 54.85850 59.04830 60.99480 52.84220 53.97040 56.29120 54.20200 55.85600 56.32640 59.47780 63.94650 67.12840 68.85950 73.92440 78.84520 78.72740 72.01060
35.15590 32.75870 32.72500 30.71190 31.93280 38.74920 38.09130 22.24720 8.28326 1.25799 0.92334 0.44682 0.71555 0.00000 0.24216 8.75620 67.70300 79.53740 10.67890 9.23083 8.67592 9.10868 12.62250 11.22910 19.62180 24.89450 29.44250 27.36240 30.95160 32.55260 33.66910 30.63700 35.66590 39.26820 37.31350 54.10560 62.44880 75.81990 82.63170 101.51600 103.20700 119.48400 135.41901 141.68700 125.10200 103.24300 84.74640 75.62150 63.22120 62.48230 70.92750 67.60120 64.42310 61.71070 59.53130 53.72480 55.06660 57.69680 62.63070 66.91910 64.92810 57.49010 53.91860 53.64890 57.98010 58.84950 60.95450 61.51200 65.09860 71.34510 76.49230 79.25060
34.88180 37.21980 36.45270 36.55220 32.33870 30.65480 30.89870 34.98130 39.91890 26.04220 22.35550 13.61880 10.09190 8.20271 0.36722 16.08610 25.72250 25.50360 47.35670 9.17418 26.22680 16.61440 10.96980 11.62300 16.02030 24.89750 38.98860 39.57720 43.91110 33.20750 35.33390 28.01720 33.63550 42.26800 43.74180 59.12650 71.79000 77.61230 91.61230 114.01900 126.45600 128.73199 135.02200 146.14799 143.53400 138.54700 116.22900 101.39200 84.39470 68.71670 82.45050 86.14420 70.04810 67.86730 66.47030 60.46100 60.11140 60.02090 64.26370 65.98290 62.43570 63.11820 62.91100 58.88480 55.31650 59.07000 58.54560 60.34470 62.30640 66.05170 71.56270 78.40390
53.54240 48.81590 66.08590 82.73020 80.28060 56.69420 61.37190 70.99490 78.42180 54.17650 33.47160 28.74290 29.51550 28.53300 29.50620 32.31120 18.71700 32.45380 24.43940 29.72320 39.05520 36.41010 41.88590 52.65660 53.32830 57.37470 68.56410 73.26750 52.42550 47.82220 46.04170 43.88690 47.51980 41.38040 51.80540 62.80490 76.64530 92.34230 105.62600 118.81900 137.01900 147.11900 156.60400 159.47200 161.14200 147.07500 129.28000 112.34800 102.32000 81.84670 71.25430 74.38790 80.93100 70.81540 68.86600 68.74420 65.77260 65.28330 66.43900 67.60220 68.76590 66.43680 64.53040 62.21880 58.44910 57.08460 58.29020 62.78070 65.15210 68.52260 71.78110 75.32810
77.86510 76.40550 73.03820 80.67100 100.30300 93.97850 103.86400 88.03880 76.27450 85.33450 83.37050 70.59140 40.87300 28.10120 26.63230 79.78850 75.67120 59.83220 61.54940 49.99500 62.67470 36.84640 42.88760 48.22440 62.62660 57.09860 61.98700 60.68440 40.74930 32.52670 35.79130 26.98060 32.48610 43.31940 55.27590 60.86820 75.85590 95.22590 117.94100 132.22200 147.34900 160.18300 167.91600 172.68401 172.73000 154.43600 139.46700 134.60201 118.98200 99.10020 85.93630 72.00240 80.59250 76.25580 72.27580 68.42120 72.12850 69.47320 69.20710 66.84810 63.88300 65.82040 66.00720 64.25460 63.78970 57.28810 57.24470 57.82870 61.78230 67.44310 71.67840 72.97690
89.83480 71.19850 68.36100 73.74720 51.58710 49.40520 51.99910 54.37410 56.20640 43.86250 49.76810 50.51250 53.61110 43.37040 25.10990 84.98130 97.33430 102.17400 103.73200 75.46760 52.17300 17.93270 12.97410 39.37080 47.08290 42.75990 48.85220 49.56340 35.15950 29.70100 20.82910 20.68190 32.36150 46.90830 53.99920 65.89150 82.62300 92.46090 114.43700 131.45100 148.61600 173.54100 178.90900 191.61400 186.29300 165.64900 164.08299 139.80800 123.14700 112.87700 90.58200 85.11570 67.17050 74.13050 72.74350 64.46140 63.30430 63.14640 63.28710 64.06990 63.91760 65.46180 67.48110 69.50590 68.35970 66.43520 59.01000 57.73220 58.47880 63.41960 65.23540 70.17430
125.26000 140.36301 103.95000 70.31090 53.93920 41.51330 41.77860 39.71640 39.90570 71.59330 116.38300 118.72800 101.22900 86.08810 53.00810 76.83000 87.33570 93.94410 156.13800 146.24300 81.21100 44.97010 31.89330 33.16550 29.64050 37.34090 42.80240 37.64130 26.68160 26.51870 18.07210 23.76300 33.46060 53.61820 61.83740 75.95280 88.58630 107.60100 123.14900 143.66499 162.99100 183.27499 199.46300 188.97301 188.53999 184.01199 176.31200 145.99899 136.74800 127.67900 103.44800 89.79260 66.45970 69.92490 73.74570 65.58560 69.40520 76.90530 89.23530 91.80370 89.90600 87.95640 74.32330 64.13190 64.95270 66.24680 64.57150 61.72840 59.65280 67.03880 68.63680 64.44180
89.98930 96.72910 73.68170 125.36400 181.50600 167.13100 98.78600 76.02750 49.54190 63.22820 111.07800 392.19400 792.08301 366.74500 160.71600 135.56300 147.86000 144.70700 192.45100 167.48000 96.88970 54.02060 44.17330 51.93520 60.12720 49.07760 43.26390 32.59830 23.26990 21.69000 21.07490 30.97350 42.98590 51.75520 63.22340 71.14610 86.84220 95.27390 113.20500 116.44200 145.17900 172.20700 179.95700 184.04601 155.14900 134.30800 125.70800 111.77400 114.07700 122.47500 95.44420 72.27230 73.28740 66.68580 68.30330 56.18510 57.14000 57.65920 61.85400 65.09210 66.06300 63.28360 63.21970 60.95720 62.25440 63.13360 65.67530 64.25520 60.35560 57.31380 57.52150 55.38390
92.84720 208.55200 1526.56995 -9999 5632.18018 1133.82996 351.66501 304.06000 187.47701 171.48000 143.20200 140.07700 129.34000 86.76020 141.16800 1430.13000 2215.00000 2246.11011 2079.81006 274.28900 201.62500 138.92900 120.02600 96.63160 81.80710 87.51090 74.08690 60.35070 40.31040 26.54100 30.80960 41.71930 51.51970 64.79590 71.30600 84.38270 97.48930 114.27900 121.22200 120.35300 114.10100 152.14101 145.63800 159.69501 141.07899 121.86800 111.86200 110.51200 101.21700 101.39600 94.22930 68.08570 65.72580 56.70410 55.92210 58.46310 59.80060 57.97480 54.53240 56.40120 56.91340 56.89170 58.42990 59.83770 57.97510 59.33630 61.03730 60.17720 59.54770 56.73610 52.93390 47.38020
