data/hydroclimate-scenarios/1948-2000.Pcorr55N_Pref_Tref/monthly_summaries/snodep_monthly_day1_dec.asc
ncols	311
nrows	91
xllcenter	102.75
yllcenter	31.75
cellsize	0.5
NODATA_value	-9999
[rows 0 to 31 of 91, columns 72 to 143 of 311]
-9999 -9999 -9999 -9999 -9999 -9999 -9999 -9999 -9999 -9999 -9999 -9999 -9999 -9999 -9999 -9999 -9999 -9999 -9999 -9999 -9999 -9999 -9999 -9999 -9999 -9999 -9999 -9999 -9999 -9999 -9999 -9999 -9999 -9999 -9999 -9999 -9999 -9999 -9999 -9999 -9999 -9999 -9999 -9999 -9999 -9999 -9999 -9999 -9999 -9999 -9999 -9999 -9999 -9999 -9999 -9999 -9999 -9999 -9999 -9999 -9999 -9999 -9999 -9999 -9999 -9999 -9999 -9999 -9999 -9999 -9999 -9999
-9999 -9999 -9999 -9999 -9999 -9999 -9999 -9999 -9999 -9999 -9999 -9999 -9999 -9999 -9999 -9999 -9999 -9999 -9999 -9999 -9999 -9999 -9999 -9999 -9999 -9999 -9999 -9999 -9999 -9999 -9999 -9999 -9999 -9999 -9999 -9999 -9999 -9999 -9999 -9999 -9999 -9999 -9999 -9999 -9999 -9999 -9999 -9999 -9999 -9999 -9999 -9999 -9999 -9999 -9999 -9999 -9999 -9999 -9999 -9999 -9999 -9999 -9999 -9999 -9999 -9999 -9999 -9999 -9999 -9999 -9999 -9999
-9999 -9999 -9999 -9999 -9999 -9999 -9999 -9999 -9999 -9999 -9999 -9999 -9999 -9999 -9999 -9999 -9999 -9999 -9999 -9999 -9999 -9999 -9999 -9999 -9999 -9999 -9999 -9999 -9999 -9999 -9999 -9999 -9999 -9999 -9999 -9999 -9999 -9999 -9999 -9999 -9999 -9999 -9999 -9999 -9999 -9999 -9999 -9999 -9999 -9999 -9999 -9999 -9999 -9999 -9999 -9999 -9999 -9999 -9999 -9999 -9999 -9999 -9999 -9999 -9999 -9999 -9999 -9999 -9999 -9999 -9999 -9999
-9999 -9999 -9999 -9999 -9999 -9999 -9999 -9999 -9999 -9999 -9999 -9999 -9999 -9999 -9999 -9999 -9999 -9999 -9999 -9999 -9999 -9999 -9999 -9999 -9999 -9999 -9999 -9999 -9999 -9999 -9999 -9999 -9999 -9999 -9999 -9999 -9999 -9999 -9999 -9999 -9999 -9999 -9999 -9999 -9999 -9999 -9999 -9999 -9999 -9999 -9999 -9999 -9999 -9999 -9999 -9999 -9999 -9999 -9999 -9999 -9999 -9999 -9999 -9999 -9999 -9999 -9999 -9999 -9999 -9999 -9999 -9999
-9999 -9999 -9999 -9999 -9999 -9999 -9999 -9999 -9999 -9999 -9999 -9999 -9999 -9999 -9999 -9999 -9999 -9999 -9999 -9999 -9999 -9999 -9999 -9999 -9999 -9999 -9999 -9999 -9999 -9999 -9999 -9999 -9999 -9999 -9999 -9999 -9999 -9999 -9999 -9999 -9999 -9999 -9999 -9999 -9999 -9999 -9999 -9999 -9999 -9999 -9999 -9999 -9999 -9999 -9999 -9999 -9999 -9999 -9999 -9999 -9999 -9999 -9999 -9999 -9999 -9999 -9999 -9999 -9999 -9999 -9999 -9999
-9999 -9999 -9999 -9999 -9999 -9999 -9999 -9999 -9999 -9999 -9999 -9999 -9999 -9999 -9999 -9999 -9999 -9999 -9999 -9999 -9999 -9999 -9999 -9999 -9999 -9999 -9999 -9999 -9999 -9999 -9999 -9999 -9999 -9999 -9999 -9999 -9999 -9999 -9999 -9999 -9999 -9999 -9999 -9999 -9999 -9999 -9999 -9999 -9999 -9999 -9999 -9999 -9999 -9999 -9999 -9999 -9999 -9999 -9999 -9999 -9999 -9999 -9999 -9999 -9999 -9999 -9999 -9999 -9999 -9999 -9999 -9999
-9999 -9999 -9999 -9999 -9999 -9999 -9999 -9999 -9999 -9999 -9999 -9999 -9999 -9999 -9999 -9999 -9999 -9999 -9999 -9999 -9999 -9999 -9999 -9999 -9999 -9999 -9999 -9999 -9999 -9999 -9999 -9999 -9999 -9999 -9999 -9999 -9999 -9999 -9999 -9999 -9999 -9999 -9999 -9999 -9999 -9999 -9999 -9999 -9999 -9999 -9999 -9999 -9999 -9999 -9999 -9999 -9999 -9999 -9999 -9999 -9999 -9999 -9999 -9999 -9999 -9999 -9999 -9999 -9999 -9999 -9999 -9999
-9999 -9999 -9999 -9999 -9999 -9999 -9999 -9999 -9999 -9999 -9999 -9999 -9999 -9999 -9999 -9999 -9999 -9999 -9999 -9999 -9999 -9999 -9999 -9999 -9999 -9999 -9999 -9999 -9999 -9999 -9999 -9999 -9999 -9999 -9999 -9999 -9999 -9999 -9999 -9999 -9999 -9999 -9999 -9999 -9999 -9999 -9999 -9999 -9999 -9999 -9999 -9999 -9999 -9999 -9999 -9999 -9999 -9999 -9999 -9999 -9999 -9999 -9999 -9999 -9999 -9999 -9999 -9999 -9999 -9999 -9999 -9999
-9999 -9999 -9999 -9999 -9999 28.97620 -9999 -9999 -9999 -9999 -9999 -9999 -9999 -9999 -9999 -9999 -9999 -9999 -9999 -9999 -9999 -9999 -9999 -9999 -9999 -9999 -9999 -9999 -9999 -9999 -9999 -9999 -9999 -9999 -9999 -9999 -9999 -9999 -9999 -9999 -9999 -9999 -9999 -9999 -9999 -9999 -9999 -9999 -9999 -9999 -9999 -9999 -9999 -9999 -9999 -9999 -9999 -9999 -9999 -9999 -9999 -9999 -9999 -9999 -9999 -9999 -9999 -9999 -9999 -9999 -9999 -9999
-9999 27.65960 24.90910 25.85700 26.36830 28.17990 30.61590 31.85680 33.17690 34.00700 35.01190 35.23600 36.11920 35.48260 35.21120 35.77150 35.88860 35.40350 35.37670 35.23250 34.59310 -9999 -9999 -9999 -9999 -9999 -9999 -9999 -9999 -9999 -9999 -9999 -9999 -9999 -9999 -9999 -9999 -9999 -9999 -9999 -9999 -9999 -9999 -9999 -9999 -9999 -9999 -9999 -9999 -9999 -9999 -9999 -9999 -9999 -9999 -9999 -9999 -9999 -9999 -9999 -9999 -9999 -9999 -9999 -9999 -9999 -9999 -9999 -9999 -9999 -9999 -9999
-9999 -9999 -9999 27.31380 28.93130 30.14510 31.45520 34.32310 35.77480 36.68320 37.83710 36.10230 37.81360 35.95750 36.58730 37.79610 37.70730 37.94740 37.85690 36.80020 36.03550 -9999 -9999 -9999 -9999 -9999 -9999 -9999 -9999 -9999 -9999 -9999 -9999 -9999 -9999 -9999 -9999 -9999 -9999 -9999 -9999 -9999 -9999 -9999 -9999 -9999 -9999 -9999 -9999 -9999 -9999 -9999 -9999 -9999 -9999 -9999 -9999 -9999 -9999 -9999 -9999 -9999 -9999 -9999 -9999 -9999 -9999 -9999 -9999 -9999 -9999 -9999
25.93420 26.06850 27.38580 28.09970 27.91140 30.82050 30.84140 33.65920 35.46350 36.15920 37.45760 35.98680 36.76880 36.25250 36.35900 37.14000 38.64940 38.15670 38.53120 36.92780 37.19150 34.94740 35.08050 35.06820 34.98640 32.81030 32.40530 -9999 -9999 -9999 -9999 -9999 -9999 -9999 -9999 -9999 -9999 -9999 -9999 -9999 -9999 -9999 -9999 -9999 -9999 -9999 -9999 -9999 -9999 -9999 -9999 -9999 -9999 -9999 -9999 -9999 -9999 -9999 -9999 -9999 -9999 -9999 -9999 -9999 -9999 -9999 -9999 -9999 -9999 -9999 -9999 -9999
28.12650 27.50940 27.40440 27.72660 29.87430 30.88250 32.48960 32.43560 34.04650 35.69080 35.84870 37.73890 39.34230 37.83920 39.44090 38.96310 39.21840 39.66380 40.09350 38.52150 37.67380 37.92830 37.12700 36.76700 34.95160 34.75840 34.18230 33.66660 32.56040 31.12520 30.83500 29.71220 28.99980 28.47490 28.46640 28.21550 28.11640 27.94980 27.26270 26.72330 26.13220 25.60520 -9999 -9999 -9999 -9999 -9999 -9999 -9999 -9999 -9999 -9999 -9999 -9999 -9999 -9999 -9999 -9999 -9999 -9999 -9999 -9999 -9999 -9999 -9999 -9999 -9999 -9999 -9999 -9999 -9999 -9999
27.38930 26.46350 26.70230 27.20680 28.93720 29.86090 30.84800 32.88350 33.26530 35.27840 36.49280 36.93970 38.70740 37.57410 38.66300 38.79980 39.31810 38.86830 39.16270 38.36010 37.87150 37.95430 37.45450 36.92480 36.33390 35.14880 34.98400 33.95230 33.67520 32.24700 31.89410 29.83290 28.63490 29.05200 28.27100 29.09170 28.96430 28.05310 26.70590 27.38920 27.29310 26.71290 26.65300 -9999 -9999 -9999 -9999 -9999 -9999 -9999 -9999 -9999 -9999 -9999 -9999 -9999 -9999 -9999 -9999 -9999 -9999 -9999 -9999 -9999 -9999 -9999 -9999 -9999 -9999 -9999 -9999 -9999
27.08690 25.70780 26.06620 27.31520 27.01610 29.87030 30.08440 31.91120 33.62530 34.02840 35.49560 36.83350 37.69510 37.92870 38.14310 38.47960 38.29830 36.80050 37.79170 37.11090 37.46740 38.30100 37.78480 37.04330 36.86640 36.17890 35.30440 34.47290 34.35130 33.77060 31.96650 30.79090 30.71660 30.36360 30.20980 30.77170 29.03630 29.31580 29.25980 28.16200 27.39120 27.05060 26.82260 -9999 -9999 -9999 -9999 -9999 -9999 -9999 -9999 -9999 -9999 -9999 -9999 -9999 -9999 -9999 25.20650 25.82180 -9999 -9999 -9999 -9999 29.50090 31.37510 32.80700 30.72110 30.60260 30.94560 31.48440 32.50210
25.61150 25.68430 25.13050 25.67910 26.60750 27.29240 29.34250 29.76510 31.40210 32.92710 34.55360 34.63890 36.67480 37.17970 36.14880 37.08140 36.60560 35.40510 35.25450 35.36050 35.96950 36.23050 35.09900 34.90440 35.30700 35.30640 35.50440 35.16960 34.28370 33.75880 32.69450 31.52520 30.86290 30.90380 30.50970 29.93440 29.96520 30.12270 30.00780 28.15480 27.95730 27.70490 27.53210 27.53210 27.34510 26.92480 27.06360 27.40130 27.84300 28.09110 27.54050 27.45560 27.70740 26.89930 26.96280 26.14800 26.01260 25.53970 26.70750 27.29290 -9999 -9999 -9999 -9999 -9999 31.30210 32.57490 32.13180 33.02850 33.18410 33.99010 36.74290
25.39120 26.03480 25.69390 25.69710 25.99770 26.71190 27.57160 28.97120 29.16160 29.69320 31.46490 33.34920 35.27400 33.97630 34.46030 35.08430 34.45620 33.95950 34.63240 33.71230 34.43240 33.50540 33.39970 34.78550 34.97650 35.60830 35.64310 35.08220 33.50840 32.65120 32.11250 31.70240 31.84840 31.53440 29.40640 29.77360 29.64290 29.18540 28.80230 28.63500 28.56060 28.46610 28.52940 28.79740 28.73810 27.86330 27.37330 28.21930 28.59620 28.70110 27.76140 27.83910 28.33820 29.74820 28.30390 26.99650 27.03970 27.38520 27.04590 28.07230 28.49630 29.97440 30.58970 30.20390 31.96330 31.78230 32.77900 34.19450 35.07910 36.29340 36.68020 37.56840
24.68850 25.02430 25.02070 25.08690 25.01190 25.69090 25.77280 27.39860 27.87900 28.52210 30.38130 31.97230 33.50360 32.43230 32.53020 33.13360 33.52110 32.25400 33.05390 32.64050 33.33090 33.14800 32.91750 32.95890 33.50790 33.46900 34.60010 33.78390 33.17280 32.24870 31.73210 30.79980 31.59080 30.51690 29.94660 30.25680 29.73210 29.37780 28.85880 28.60420 29.39360 30.11070 28.68000 28.07810 28.22030 27.81520 28.11180 28.13410 28.34210 27.92530 28.13290 27.77720 28.85030 29.86690 29.79690 28.00030 28.35810 28.40960 28.62490 28.28480 30.45970 31.66120 32.78390 31.82990 32.27460 32.23680 32.13560 33.49660 36.16620 37.82160 37.89460 40.14620
25.98690 24.08910 24.47910 24.16210 24.39470 25.45460 24.71820 25.38290 25.92340 26.71020 28.25870 28.40980 29.19240 29.96550 29.73550 31.75800 31.61550 31.21260 31.39530 33.06120 32.76000 32.76400 33.61280 33.48990 33.38250 33.78890 33.77940 34.77350 34.70120 34.41670 34.49200 33.66730 32.29140 31.22420 30.45250 29.79720 30.48530 30.35780 29.84570 29.94320 29.76190 30.15110 29.74690 29.58800 29.44700 28.80150 28.73720 28.16380 28.65300 28.45940 28.67850 29.02530 29.10460 28.68040 29.15300 28.98330 29.63660 29.80510 30.24850 30.32690 31.21610 32.14010 34.12340 36.41640 36.61800 36.09470 36.47120 36.61240 36.80850 37.08670 37.66060 38.35950
25.38320 24.84320 24.23980 24.06160 24.04260 23.22200 23.20570 24.43270 25.00980 25.62730 26.31220 27.03890 27.71240 28.50410 30.04510 30.24190 31.19890 30.79920 31.46210 32.05020 32.09490 33.02670 33.39150 34.00470 32.36540 33.03190 33.24230 32.60150 33.80690 34.58030 33.68910 33.02020 32.91670 32.59550 31.18180 31.07340 30.23750 30.58380 30.64520 30.16920 30.45570 29.51140 29.41340 29.83270 29.61230 28.40750 28.11250 27.98050 28.16320 28.56820 29.50220 29.24230 29.45530 29.76900 30.41770 30.38800 31.01970 30.11600 30.20000 30.22820 31.25890 32.53070 35.72980 37.13230 39.22130 39.25700 39.01460 38.62590 37.82010 38.23490 36.76230 38.22850
25.59540 24.88170 25.67080 25.23270 24.59870 23.64910 23.75920 24.44350 23.09200 23.36210 24.64270 25.58180 25.00840 27.37540 27.22790 28.17100 29.03390 30.29840 30.92050 29.60870 30.45050 31.63060 33.14650 33.03540 33.63440 34.28680 34.41530 34.35550 34.48460 34.65080 34.92190 33.69220 33.36480 32.90480 32.41170 31.26100 31.48520 31.20900 30.61090 30.81260 30.90240 29.81650 29.55280 29.55180 28.76270 28.69250 29.08370 28.50620 28.92240 29.01440 29.98170 29.94640 29.99490 30.36530 31.11000 30.51920 31.93840 31.86290 33.42710 33.25950 33.51810 35.03580 37.12530 37.82450 38.32480 38.37290 39.56540 38.57790 38.35190 37.95640 37.94510 38.33450
25.72870 24.82170 24.39280 25.87170 25.31400 25.03420 23.90430 23.92530 23.62760 22.74570 23.77110 24.39300 25.72710 26.92540 26.88420 28.32530 29.12290 29.66030 30.61020 30.22240 31.05940 31.83590 33.48660 34.37370 35.21540 36.73900 36.88340 36.55620 36.79030 35.88610 35.36680 33.75120 33.43090 33.29960 32.80460 32.34200 32.13000 31.45450 31.09000 31.45530 30.94450 30.46360 30.37300 30.29110 29.97130 30.50830 30.12460 29.95880 29.43190 31.05150 31.08560 31.46120 32.29920 32.30240 32.78960 32.97520 32.52640 33.61250 35.27500 34.58630 35.30310 37.77550 38.56370 39.61480 39.94220 39.59190 39.14290 38.10060 38.72140 37.79110 38.02010 38.86960
28.29430 26.15130 28.15420 24.57450 24.11810 25.19880 24.56470 24.25940 23.67570 23.94790 24.17430 24.24120 24.47500 25.47190 25.76380 26.33890 28.20940 28.38290 29.31100 29.93310 31.27520 32.41650 33.08370 35.83770 37.29690 38.34550 38.57550 38.40010 37.65840 36.54180 36.19080 34.21330 33.43490 33.20580 32.85890 32.21440 31.31480 32.30310 32.05240 31.82970 31.40320 31.36520 31.13950 30.71490 30.78350 30.96570 30.20790 31.22860 33.30830 32.72390 32.33770 32.87450 33.33230 32.74710 33.83020 33.85480 35.17530 35.38270 35.73770 36.20670 37.92000 38.95760 39.56750 40.40470 40.93480 38.81310 38.09160 38.54000 38.32890 39.17250 39.83970 40.33050
29.36760 28.05400 28.76910 27.60570 25.94540 25.23320 24.74380 25.32090 23.68920 23.99140 24.95600 25.16900 25.36560 25.38990 25.46780 26.21030 26.59670 27.41340 27.82500 29.03470 31.88780 32.66090 33.27210 36.75270 37.30680 38.82990 39.23340 37.82670 37.37050 37.93720 37.25140 35.04200 33.87500 33.81790 32.59400 32.45530 31.97940 32.29610 32.26340 33.19120 33.03030 32.18530 31.91310 30.36060 30.11250 30.27440 31.03860 32.66320 33.81640 33.89210 33.87660 33.24190 33.93210 34.37980 35.13040 35.50480 36.28770 36.85920 37.32110 37.47140 38.61610 39.68560 41.46580 40.92860 40.20380 38.91940 38.10410 38.25990 38.71660 40.43190 40.47970 40.36920
29.09420 28.81450 27.63430 27.38450 27.24980 26.41970 25.91580 24.42400 23.74050 22.92290 24.71410 24.22250 24.87020 26.20880 26.46540 27.26890 27.66620 28.23270 28.15010 28.54270 30.15000 32.33300 33.14850 35.57700 36.81430 37.27730 38.71240 38.45550 38.27220 37.61350 36.75320 36.40830 34.74870 34.65570 33.54100 33.07740 33.07950 32.41990 32.47180 33.87210 33.62710 33.10300 32.27150 30.57830 29.92970 30.91030 31.30550 32.82800 34.65260 35.33590 34.28140 34.60930 35.22700 34.73810 35.82970 35.49270 36.02370 38.48390 38.39410 38.98920 39.25660 40.78330 41.49900 42.63720 42.41480 40.98590 40.43040 40.86160 39.61280 39.63920 39.71250 41.36890
30.40380 29.85400 29.58250 28.11120 27.61140 27.11330 25.74670 24.72460 23.47710 23.86680 25.23690 24.32820 25.14980 26.00860 26.98190 27.80940 28.16590 29.00470 29.07950 28.36210 29.85510 32.18440 33.51910 35.85580 37.39830 38.50570 38.74930 39.11280 39.31550 38.83300 38.06670 37.16310 36.74770 35.29790 34.37800 34.09790 34.75160 33.57300 33.88760 35.74870 34.46100 34.31540 34.37150 33.43090 32.15400 32.04450 32.71070 33.97440 34.75460 35.59750 34.89860 33.73190 33.67430 33.74990 34.72510 35.63300 37.04910 38.19690 39.95730 39.71790 40.93610 41.94510 42.58510 43.35410 43.24800 41.79080 41.24370 40.69650 42.40410 42.57680 42.30370 43.34250
32.47200 30.02600 29.49360 29.98960 28.71520 26.95730 26.94460 26.21000 25.54910 24.98550 25.76190 25.59760 26.16170 26.70030 27.60280 29.05720 29.01090 29.25340 30.49270 30.77380 31.83300 33.58430 34.53600 36.02330 37.01070 38.66200 40.15010 39.86760 40.25820 39.05860 38.57270 37.57340 37.27990 36.99340 35.23870 34.92950 35.65820 35.49820 35.68270 34.66320 35.03970 35.39490 34.06940 33.68470 33.66310 34.01890 34.98170 34.31380 35.48150 35.78870 36.43250 36.82540 37.30270 36.90830 37.79090 38.77820 38.86420 39.13920 39.87140 40.69290 42.46030 43.38500 44.69590 45.78560 45.32020 45.28870 44.94240 46.08360 46.68680 47.21190 47.83940 46.65640
32.58060 30.18010 29.76500 29.58760 30.08210 29.13210 28.63490 28.62080 27.36410 25.45050 26.18520 27.00890 28.54330 28.44780 28.35310 29.94730 30.35910 30.76570 31.43970 32.22200 32.91390 34.07470 36.48340 36.94510 38.32450 40.07100 40.76340 41.92730 41.63970 41.31650 40.03820 40.42000 38.93050 38.84600 37.41590 36.41970 36.92190 37.80690 38.26970 36.74550 36.95000 35.79570 36.42430 35.72800 36.02000 35.11550 36.56590 36.99830 37.66830 37.92060 38.49120 39.48220 39.73070 40.16720 40.56770 41.58070 41.94120 41.31420 41.86170 42.97370 44.42140 45.12810 46.59700 49.09000 49.05130 48.95270 48.79840 48.58840 47.17140 49.21850 49.80440 50.04620
33.17600 33.88300 32.33470 31.00170 31.66320 29.90350 30.33280 29.69080 29.13960 28.54180 29.34900 29.28700 29.88250 29.90570 30.50400 31.10670 30.68010 32.36990 33.02860 33.82960 35.20160 37.04650 38.82240 38.96070 39.84540 39.84910 41.78690 43.98800 43.77140 41.88430 42.00220 42.24660 40.62790 39.20420 37.94720 37.77850 38.74260 39.69280 40.89020 39.01790 38.82330 39.27270 36.52160 36.19440 36.31370 35.76810 35.55300 35.75980 36.54340 37.79310 38.35120 40.77540 41.97720 42.65910 43.54040 44.27320 43.93510 44.24340 44.74270 44.22990 44.97200 47.11970 49.31870 50.76370 50.50060 52.22800 53.39050 52.07790 51.67360 52.88500 53.49970 52.84000
33.34120 34.67330 34.31400 33.30020 33.09780 33.80090 32.75160 32.45710 31.08680 31.08980 32.46450 31.39390 33.33490 32.48700 32.30370 33.34320 32.85930 32.99410 35.56660 35.67110 38.06310 41.18510 41.48640 42.06750 42.35240 42.19850 43.25620 44.59580 45.79900 45.99070 45.38200 45.76980 44.75130 43.96050 41.58580 41.63410 42.46590 43.15480 43.36810 41.75370 39.04830 40.38140 38.49410 35.59120 36.14440 37.04410 38.27560 39.23960 39.60160 -9999 -9999 42.31230 42.66670 42.44110 44.24550 45.13040 45.51660 45.72740 47.59980 46.72140 49.80150 51.42550 52.80770 53.40570 54.31570 54.71530 57.07280 56.19440 54.91890 57.11570 56.12650 55.99020
35.21340 35.61920 36.08410 35.63930 34.74520 34.63310 34.66840 32.89040 32.85660 34.61640 34.47300 34.39360 34.04770 35.11620 34.51300 34.12530 35.35680 36.08400 37.75780 40.92910 42.83170 44.48920 46.18180 45.57800 45.18930 45.51660 45.08930 45.69330 47.54330 49.46290 49.63720 48.81180 48.69490 48.40910 46.34540 46.33140 44.73940 43.50790 -9999 -9999 -9999 -9999 38.53840 -9999 39.85670 43.56030 43.09130 42.31320 41.02520 -9999 -9999 44.88410 44.74820 44.20750 44.21920 43.32240 45.44960 46.07750 48.35030 49.36930 50.73700 52.69320 53.19760 53.77000 56.79520 56.49980 57.51440 55.60510 55.24260 55.51180 54.73450 -9999
36.41150 37.81750 37.92630 36.48610 34.84370 35.90640 35.51790 34.24620 34.52730 34.81650 35.99230 37.25450 37.63340 37.37510 35.81930 36.54470 39.28350 40.89230 41.57250 44.64920 46.20820 48.31010 49.51900 49.39640 49.69830 48.27810 48.34710 49.23150 52.34380 54.36080 55.85400 55.42460 54.62340 54.03420 52.01020 50.59480 -9999 -9999 -9999 -9999 -9999 -9999 -9999 44.69050 45.50730 46.99070 -9999 -9999 -9999 -9999 -9999 43.31290 44.24780 46.45690 45.45800 47.23850 46.80800 46.10170 49.25960 48.25260 50.23580 53.32420 54.76780 55.01920 54.39940 57.05730 59.08080 57.45920 55.64020 -9999 -9999 -9999
