data/hydroclimate-scenarios/1948-2000.Pcorr55N_Pref_Tref/monthly_summaries/snodep_monthly_day1_nov.asc
ncols	311
nrows	91
xllcenter	102.75
yllcenter	31.75
cellsize	0.5
NODATA_value	-9999
[rows 0 to 31 of 91, columns 0 to 72 of 311]
-9999 -9999 -9999 -9999 -9999 -9999 -9999 -9999 -9999 -9999 -9999 -9999 -9999 -9999 -9999 -9999 -9999 -9999 -9999 -9999 -9999 -9999 -9999 -9999 -9999 -9999 -9999 -9999 -9999 -9999 -9999 -9999 -9999 -9999 -9999 -9999 -9999 -9999 -9999 -9999 -9999 -9999 -9999 -9999 -9999 -9999 -9999 -9999 -9999 -9999 -9999 -9999 -9999 -9999 -9999 -9999 -9999 -9999 -9999 -9999 -9999 -9999 -9999 -9999 -9999 -9999 -9999 -9999 -9999 -9999 -9999 -9999 -9999
-9999 -9999 -9999 -9999 -9999 -9999 -9999 -9999 -9999 -9999 -9999 -9999 -9999 -9999 -9999 -9999 -9999 -9999 -9999 -9999 -9999 -9999 -9999 -9999 -9999 -9999 -9999 -9999 -9999 -9999 -9999 -9999 -9999 -9999 -9999 -9999 -9999 -9999 -9999 -9999 -9999 -9999 -9999 -9999 -9999 -9999 -9999 -9999 -9999 -9999 -9999 -9999 -9999 -9999 -9999 -9999 -9999 -9999 -9999 -9999 -9999 -9999 -9999 -9999 -9999 -9999 -9999 -9999 -9999 -9999 -9999 -9999 -9999
-9999 -9999 -9999 -9999 -9999 -9999 -9999 -9999 -9999 -9999 -9999 -9999 -9999 -9999 -9999 -9999 -9999 -9999 -9999 -9999 -9999 -9999 -9999 -9999 -9999 -9999 -9999 -9999 -9999 -9999 -9999 -9999 -9999 -9999 -9999 -9999 -9999 -9999 -9999 -9999 -9999 -9999 -9999 -9999 -9999 -9999 -9999 -9999 -9999 -9999 -9999 -9999 -9999 -9999 -9999 -9999 -9999 -9999 -9999 -9999 -9999 -9999 -9999 -9999 -9999 -9999 -9999 -9999 -9999 -9999 -9999 -9999 -9999
-9999 -9999 -9999 -9999 -9999 -9999 -9999 -9999 -9999 -9999 -9999 -9999 -9999 -9999 -9999 -9999 -9999 -9999 -9999 -9999 -9999 -9999 -9999 -9999 -9999 -9999 -9999 -9999 -9999 -9999 -9999 -9999 -9999 -9999 -9999 -9999 -9999 -9999 -9999 -9999 -9999 -9999 -9999 -9999 -9999 -9999 -9999 -9999 -9999 -9999 -9999 -9999 -9999 -9999 -9999 -9999 -9999 -9999 -9999 -9999 -9999 -9999 -9999 -9999 -9999 -9999 -9999 -9999 -9999 -9999 -9999 -9999 -9999
-9999 -9999 -9999 -9999 -9999 -9999 -9999 -9999 -9999 -9999 -9999 -9999 -9999 -9999 -9999 -9999 -9999 -9999 -9999 -9999 -9999 -9999 -9999 -9999 -9999 -9999 -9999 -9999 -9999 -9999 -9999 -9999 -9999 -9999 -9999 -9999 -9999 -9999 -9999 -9999 -9999 -9999 -9999 -9999 -9999 -9999 -9999 -9999 -9999 -9999 -9999 -9999 -9999 -9999 -9999 -9999 -9999 -9999 -9999 -9999 -9999 -9999 -9999 -9999 -9999 -9999 -9999 -9999 -9999 -9999 -9999 -9999 -9999
-9999 -9999 -9999 -9999 -9999 -9999 -9999 -9999 -9999 -9999 -9999 -9999 -9999 -9999 -9999 -9999 -9999 -9999 -9999 -9999 -9999 -9999 -9999 -9999 -9999 -9999 -9999 -9999 -9999 -9999 -9999 -9999 -9999 -9999 -9999 -9999 -9999 -9999 -9999 -9999 -9999 -9999 -9999 -9999 -9999 -9999 -9999 -9999 -9999 -9999 -9999 -9999 -9999 -9999 -9999 -9999 -9999 -9999 -9999 -9999 -9999 -9999 -9999 -9999 -9999 -9999 -9999 -9999 -9999 -9999 -9999 -9999 -9999
-9999 -9999 -9999 -9999 -9999 -9999 -9999 -9999 -9999 -9999 -9999 -9999 -9999 -9999 -9999 -9999 -9999 -9999 -9999 -9999 -9999 -9999 -9999 -9999 -9999 -9999 -9999 -9999 -9999 -9999 -9999 -9999 -9999 -9999 -9999 -9999 -9999 -9999 -9999 -9999 -9999 -9999 -9999 -9999 -9999 -9999 -9999 -9999 -9999 -9999 -9999 -9999 -9999 -9999 -9999 -9999 -9999 -9999 -9999 -9999 -9999 -9999 -9999 -9999 -9999 -9999 -9999 -9999 -9999 -9999 -9999 -9999 -9999
-9999 -9999 -9999 -9999 -9999 -9999 -9999 -9999 -9999 -9999 -9999 -9999 -9999 -9999 -9999 -9999 -9999 -9999 -9999 -9999 -9999 -9999 -9999 -9999 -9999 -9999 -9999 -9999 -9999 -9999 -9999 -9999 -9999 -9999 -9999 -9999 -9999 -9999 -9999 -9999 -9999 -9999 34.49300 34.58570 34.49850 34.94340 33.72400 33.68400 32.10340 30.76100 29.65400 27.73460 -9999 -9999 -9999 -9999 -9999 -9999 -9999 -9999 -9999 -9999 -9999 -9999 -9999 -9999 -9999 -9999 -9999 -9999 -9999 -9999 -9999
-9999 -9999 -9999 -9999 -9999 -9999 -9999 -9999 -9999 -9999 -9999 -9999 -9999 -9999 -9999 -9999 -9999 -9999 -9999 -9999 -9999 -9999 -9999 -9999 -9999 -9999 -9999 -9999 -9999 -9999 -9999 -9999 -9999 -9999 -9999 -9999 -9999 -9999 33.82940 34.48830 33.97360 34.91860 35.19510 36.54880 35.93280 35.71600 34.65530 33.65490 32.90530 31.88810 30.02610 28.32020 26.54520 16.71140 -9999 -9999 -9999 -9999 -9999 -9999 -9999 -9999 -9999 -9999 -9999 -9999 -9999 -9999 -9999 -9999 -9999 -9999 -9999
-9999 -9999 -9999 -9999 -9999 -9999 -9999 -9999 -9999 -9999 -9999 -9999 -9999 -9999 -9999 -9999 -9999 -9999 -9999 -9999 -9999 -9999 -9999 -9999 -9999 -9999 -9999 -9999 -9999 -9999 -9999 -9999 -9999 -9999 -9999 -9999 -9999 -9999 -9999 -9999 31.86180 33.86070 34.89680 37.09700 36.74550 36.91000 35.85830 34.61580 33.85840 32.74240 31.13880 27.78050 26.07060 16.00120 -9999 -9999 -9999 -9999 -9999 -9999 -9999 -9999 -9999 -9999 -9999 -9999 -9999 -9999 -9999 -9999 -9999 -9999 -9999
-9999 -9999 -9999 -9999 -9999 -9999 -9999 -9999 -9999 -9999 -9999 -9999 -9999 -9999 -9999 -9999 -9999 -9999 -9999 -9999 -9999 -9999 -9999 -9999 -9999 -9999 -9999 -9999 -9999 -9999 -9999 -9999 -9999 -9999 -9999 -9999 -9999 -9999 -9999 -9999 -9999 -9999 -9999 -9999 37.61450 37.52180 38.25380 38.29640 37.83570 34.73290 33.32980 30.97240 27.07590 17.32830 -9999 -9999 -9999 -9999 -9999 -9999 19.61810 -9999 -9999 -9999 -9999 -9999 -9999 -9999 -9999 -9999 -9999 -9999 -9999
-9999 -9999 -9999 -9999 -9999 -9999 -9999 -9999 -9999 -9999 -9999 -9999 -9999 -9999 -9999 -9999 -9999 -9999 -9999 -9999 -9999 -9999 -9999 -9999 -9999 -9999 -9999 -9999 -9999 -9999 -9999 -9999 -9999 -9999 -9999 -9999 -9999 -9999 -9999 -9999 -9999 37.97080 38.14560 38.47800 38.86620 37.34940 38.02040 39.08110 37.94470 36.26030 35.08600 31.89420 27.71540 23.59040 -9999 -9999 -9999 -9999 -9999 19.47230 18.60390 18.78250 18.08720 16.96790 16.89060 17.45060 17.47740 16.46530 16.47900 16.74950 16.73630 16.53440 16.88750
-9999 -9999 -9999 -9999 -9999 -9999 -9999 -9999 -9999 -9999 -9999 -9999 -9999 -9999 -9999 -9999 -9999 -9999 -9999 -9999 -9999 -9999 -9999 -9999 -9999 -9999 -9999 -9999 -9999 -9999 -9999 -9999 -9999 -9999 -9999 -9999 -9999 -9999 -9999 -9999 -9999 35.72180 37.51390 38.02460 36.78960 37.03140 36.83920 36.72200 36.68160 35.82400 34.05090 33.65110 30.90880 27.75720 25.00700 24.20570 21.77570 -9999 19.31020 20.43760 19.55920 19.81960 18.76330 19.07790 19.11090 18.39530 17.33420 16.65520 16.57300 16.99030 17.42070 17.58210 17.56960
-9999 -9999 -9999 -9999 -9999 -9999 -9999 -9999 -9999 -9999 -9999 -9999 -9999 -9999 -9999 -9999 -9999 -9999 -9999 -9999 -9999 -9999 -9999 -9999 -9999 -9999 -9999 -9999 -9999 -9999 -9999 -9999 -9999 -9999 -9999 29.50800 30.63670 31.98230 32.64180 33.39330 34.05440 34.05400 34.85610 35.91020 36.24350 36.44330 36.01530 36.03430 36.26130 35.81320 34.77780 33.75530 33.23020 29.77170 27.06070 25.82340 22.88460 21.01950 18.96780 19.78000 18.66200 19.24530 18.31730 18.91750 18.67580 18.01160 17.33560 16.49000 16.21970 16.93230 16.96510 17.05900 17.29650
-9999 -9999 -9999 -9999 -9999 -9999 -9999 -9999 -9999 -9999 -9999 -9999 -9999 -9999 -9999 -9999 -9999 -9999 -9999 -9999 -9999 -9999 -9999 -9999 -9999 -9999 -9999 -9999 -9999 -9999 -9999 -9999 -9999 -9999 28.13550 30.56180 31.77050 31.66340 32.50600 31.97490 33.09620 33.95070 34.71730 34.36590 33.74690 34.79370 34.83170 35.03870 35.59810 35.71130 35.93010 34.20090 33.83440 31.42640 29.97970 26.48050 22.43000 21.01040 19.26880 19.71630 19.18780 19.18590 19.15940 18.77540 18.64710 17.94830 17.48600 17.58900 18.75150 18.06100 18.86170 18.65290 18.51000
-9999 -9999 -9999 -9999 -9999 -9999 -9999 -9999 -9999 -9999 -9999 -9999 -9999 -9999 -9999 -9999 -9999 -9999 -9999 -9999 -9999 -9999 -9999 -9999 -9999 -9999 -9999 -9999 -9999 -9999 -9999 -9999 -9999 27.32490 28.15000 29.74600 30.65260 30.56240 31.30110 31.01360 31.93990 33.12970 33.26780 33.17040 33.90650 34.15830 34.71540 34.12950 35.51770 36.32190 35.45440 34.76860 32.13470 30.35420 27.05860 24.15250 22.86190 19.74440 18.74870 19.34710 18.83840 17.74850 17.40000 17.16540 17.23340 17.33870 17.35510 17.25580 17.42070 16.91980 17.65630 17.18020 17.48450
-9999 -9999 -9999 -9999 -9999 -9999 -9999 -9999 -9999 -9999 -9999 -9999 -9999 -9999 -9999 -9999 -9999 -9999 -9999 -9999 -9999 -9999 -9999 -9999 -9999 -9999 -9999 -9999 -9999 -9999 -9999 26.37480 27.38980 27.84150 28.48810 28.88680 29.73280 29.69400 30.64990 30.47410 31.25010 32.89920 32.69440 33.13580 33.40970 34.08350 33.79060 31.56390 32.93350 33.52690 33.85470 33.24160 31.25110 30.39270 27.33050 23.91420 21.06760 19.48150 19.14290 17.86840 16.94060 16.47110 16.45280 15.99520 16.45670 16.81500 17.01840 16.16720 16.39450 16.25230 17.26640 17.53040 16.19860
-9999 -9999 -9999 -9999 -9999 -9999 -9999 -9999 -9999 -9999 -9999 -9999 -9999 -9999 -9999 -9999 -9999 -9999 -9999 -9999 -9999 -9999 -9999 -9999 -9999 -9999 -9999 -9999 -9999 23.79970 24.46590 26.64420 27.17100 27.28650 27.95220 28.22210 28.96070 28.55830 29.54330 29.31590 30.62240 31.30860 31.83130 31.89640 32.31520 33.09270 32.52260 31.67600 33.32200 33.93790 33.31510 31.12670 30.37310 28.93310 26.53980 23.77510 20.40230 19.14000 17.69100 16.89350 15.91530 15.58120 15.62520 15.74300 15.44710 15.60040 16.60470 16.25620 16.33020 16.67970 16.43250 17.13560 17.92910
-9999 -9999 -9999 -9999 -9999 -9999 -9999 -9999 -9999 -9999 -9999 -9999 -9999 -9999 -9999 -9999 -9999 -9999 -9999 -9999 -9999 -9999 -9999 -9999 23.38500 23.94360 23.37000 22.84590 23.44060 23.89830 24.61660 24.58740 24.58470 25.00910 26.26100 27.08080 27.55790 27.32560 27.85760 27.26760 27.54110 28.90360 29.76120 30.39630 30.13050 30.77210 30.13780 31.99930 33.63780 32.50050 31.55060 30.36770 29.82030 27.16480 23.73460 20.75720 18.81800 17.85650 16.90240 15.13550 14.12390 13.50170 13.19860 13.62900 13.93170 15.05330 14.46400 14.57710 15.81930 15.34570 17.27080 17.29790 18.62120
-9999 -9999 -9999 -9999 -9999 -9999 21.99600 22.62860 22.00090 22.96640 23.06690 -9999 -9999 -9999 -9999 -9999 -9999 -9999 -9999 -9999 -9999 23.45940 23.76630 23.69570 23.47650 23.88480 23.60520 23.61890 23.18040 23.55360 23.29490 23.47890 24.27140 24.68560 25.25890 26.39570 27.26170 26.48720 27.12780 26.70290 26.99960 26.95130 27.47330 28.55370 28.83620 28.80800 29.01550 30.51550 31.87610 31.16580 31.49980 30.21790 28.66150 26.06930 22.46210 19.71650 18.62100 17.64460 15.90040 14.49590 13.87930 14.06680 13.82280 14.37320 14.95080 14.63530 14.74190 14.61780 15.43830 14.69180 15.75890 17.03760 18.24400
-9999 -9999 -9999 -9999 -9999 22.53030 22.80510 23.24000 22.54490 22.95250 23.34600 24.80370 24.48400 23.73970 -9999 -9999 -9999 23.93630 24.37160 22.95880 23.18210 23.34570 22.78640 23.21590 23.15470 22.13030 22.45810 21.69220 22.01260 21.81660 21.59800 21.05390 21.64310 21.76580 23.01650 24.47510 24.15310 25.28240 26.65070 26.46830 26.46360 26.56170 26.13200 26.33760 27.67380 27.34000 28.80600 31.10000 31.84920 30.55440 30.58130 28.78610 27.26300 24.22880 22.57510 20.08000 18.87150 16.95000 14.95420 14.28430 13.33370 13.54750 13.90780 14.74990 15.58810 16.18640 16.52940 15.90040 15.48560 16.39360 16.77670 16.93340 17.58620
-9999 20.20220 19.99280 20.80070 21.71530 21.99930 22.55870 22.59420 23.28230 23.28600 23.48820 24.96000 25.10340 23.73860 23.16980 22.59640 21.97810 24.07850 24.10320 22.74880 22.67670 22.12480 21.61640 21.93450 21.39380 21.51410 21.05420 20.59830 20.88480 20.70440 20.53850 19.95260 20.40130 20.86270 21.02490 22.46960 23.52180 24.12710 25.50000 25.36650 25.13160 25.23310 24.65010 25.39660 25.40780 25.43100 27.11220 28.97960 29.26560 29.28410 28.32010 27.47310 25.87190 25.08760 23.11860 21.01090 19.02310 16.31360 15.75570 15.02240 13.99470 14.48280 14.97060 15.84490 16.69780 16.80130 16.42820 17.24810 16.13160 17.18270 18.62550 19.06450 18.88720
-9999 22.26540 21.25300 21.22690 20.87510 21.03740 22.12550 22.40810 22.50190 22.83580 22.89990 22.71670 23.62770 22.88240 22.56930 22.53650 21.73160 22.24180 21.87780 21.60870 22.07610 22.92530 22.06880 19.36710 19.28320 19.83950 19.82180 20.77830 20.30930 20.19120 20.19440 19.50770 19.30820 19.30940 20.12230 21.36650 22.05220 21.72190 22.84120 24.55720 24.34270 22.65360 22.76780 22.35960 22.05720 23.04000 22.92880 24.84620 25.75160 26.48030 25.73070 26.87330 25.84120 26.48400 25.08250 21.88390 19.39740 17.50490 17.03970 16.44080 16.53490 15.93840 16.26720 16.99080 17.50830 17.89150 18.31040 17.29540 17.95500 18.10670 18.44210 20.22800 20.62810
-9999 -9999 -9999 22.67430 22.23020 21.28570 21.41250 21.64140 22.02860 20.99260 21.91410 20.85730 21.47670 21.51020 21.94870 21.27000 20.77370 20.20850 20.90650 22.15680 21.49370 22.22150 21.18050 19.55430 18.83430 19.46130 18.67200 19.67270 19.13120 19.26840 18.95990 18.06170 17.99380 18.17380 18.57150 20.12390 20.42950 20.26710 20.80330 22.14380 22.98710 22.05220 21.23250 20.65640 20.48450 21.58540 21.11520 23.41410 23.81660 23.85460 24.61350 25.70200 25.50110 25.86630 23.61700 22.48190 19.74540 18.21890 18.40260 17.83320 17.02350 17.45460 17.62900 18.17210 17.70590 18.66960 18.30490 18.05840 19.43210 19.86790 20.23930 20.82040 20.89860
-9999 -9999 -9999 -9999 -9999 -9999 20.60320 21.05660 21.41250 20.64130 20.49470 19.71320 19.99070 20.60660 21.20790 20.10830 20.18140 19.89180 19.81030 21.59270 21.24970 20.37250 20.00710 19.15640 18.83710 19.20870 18.33460 18.06890 17.62070 17.64310 18.15700 17.33410 17.08680 17.34150 17.77620 18.65660 18.93960 19.23810 19.47430 19.92550 20.70280 20.38690 20.69000 19.73270 19.03220 19.25160 19.73930 21.74230 21.74130 23.30610 24.53710 25.11380 24.62820 22.48300 22.67790 21.29510 19.56870 20.71110 21.21410 19.61440 19.94760 19.40300 18.94780 19.76120 20.06120 19.48620 19.00900 19.31440 20.55540 21.68390 22.77890 21.74670 21.30890
-9999 -9999 -9999 -9999 -9999 -9999 19.68080 20.71210 21.01120 20.56250 20.15240 19.48830 19.18360 19.73700 19.95840 19.65500 19.95250 20.08080 20.06700 21.55620 21.64750 20.62330 20.21400 19.57220 18.73650 18.45320 17.34520 16.87730 16.51420 17.10870 17.31210 16.26030 16.12780 16.84700 16.92380 17.29150 18.08870 18.17940 19.13580 19.09570 18.21910 18.82500 19.38730 18.18910 18.48370 18.22930 18.42920 18.70740 20.05520 20.78130 21.78810 21.89050 20.75480 21.13230 20.47550 18.38910 18.48520 20.21290 19.83030 19.72660 20.54210 20.84510 20.49440 20.46600 21.43130 19.59200 20.03490 19.42080 20.16870 22.06830 23.68190 23.19580 23.23690
-9999 -9999 -9999 -9999 -9999 -9999 -9999 -9999 -9999 -9999 19.17750 19.83180 19.13720 18.52810 19.86050 20.10440 20.39750 21.57210 21.27630 21.18420 21.53470 21.18940 19.84170 19.82650 19.28530 18.89470 18.45220 17.32660 16.43920 16.58950 16.61100 16.06720 15.91530 15.68830 16.03110 15.49670 15.68230 15.68630 15.87880 16.99260 17.64500 17.22690 17.17740 17.41050 18.05770 18.22210 17.79170 18.17140 18.66530 18.12090 17.53030 16.03010 15.27970 14.30690 14.65640 14.84560 15.59160 15.76970 15.69120 16.72360 17.32830 18.72670 19.01310 18.58590 18.64490 19.14590 18.70900 19.72250 21.05950 22.08580 24.12650 24.91540 25.17630
-9999 -9999 -9999 -9999 -9999 -9999 -9999 -9999 -9999 -9999 17.00610 18.10560 18.77210 19.02110 19.10930 19.69210 20.20300 21.25720 21.96760 22.03300 21.75540 20.52120 20.30900 19.61960 19.34700 18.46560 17.67630 16.78070 16.17240 15.74010 15.68800 15.15900 15.06910 15.21170 15.27620 15.05080 15.70240 15.40550 15.83750 16.93410 17.26550 17.26120 17.77040 17.57100 17.86990 17.02470 17.11270 17.20170 16.70310 16.76840 15.81770 15.10720 14.30110 13.96500 14.09100 14.80460 15.02870 15.10640 14.82590 16.15040 16.19550 17.60520 17.43180 17.38210 17.48810 18.22110 18.32240 19.25540 19.33780 22.77790 24.05130 24.44080 25.17010
-9999 -9999 -9999 -9999 -9999 -9999 -9999 -9999 -9999 -9999 -9999 -9999 18.22810 21.07510 21.84550 21.67790 20.96630 19.54620 21.12160 19.87560 19.94080 19.79260 18.83960 18.50180 17.56100 16.65510 16.50110 16.13320 15.09660 14.55590 14.50630 14.64880 14.50240 14.51890 14.97350 14.57140 14.48810 15.11360 15.58460 16.21390 16.16780 15.98740 16.13540 16.14020 16.57160 17.05370 16.70530 16.26910 15.71760 15.51310 15.25010 14.71270 14.26660 13.68280 14.20620 13.79650 14.20110 14.26480 15.13330 16.89620 16.94010 17.73800 18.43050 17.08670 17.23790 16.72480 17.44130 19.11320 19.31510 21.14100 23.86440 25.78450 25.35730
-9999 -9999 -9999 -9999 -9999 -9999 -9999 -9999 -9999 -9999 -9999 -9999 17.81880 19.46390 20.65440 19.70040 19.95080 19.69680 21.01590 20.43150 19.67650 19.68470 19.11800 17.83500 17.46490 16.95890 15.72970 15.00130 14.33240 14.02110 13.02890 13.24580 13.92360 13.83600 14.31270 14.15670 14.47680 14.87470 15.01120 15.85660 15.57710 14.93220 15.20270 15.21630 15.59100 15.79310 15.82500 15.47890 15.68110 14.72060 14.88140 14.16450 14.61520 13.99230 13.96600 14.26480 14.15300 14.35330 15.03780 17.34750 18.33090 18.42220 18.01000 17.27180 17.48930 17.61860 17.55250 19.06320 20.31310 22.02330 23.77540 24.77380 25.04820
-9999 -9999 -9999 -9999 -9999 -9999 -9999 -9999 -9999 -9999 -9999 15.91690 18.08720 18.14410 18.27810 20.60390 21.92010 21.41450 21.95490 22.58870 19.68820 20.33090 19.07540 19.06350 18.43320 17.92870 16.35850 14.70950 13.45440 13.10810 12.42180 13.09610 12.82470 12.95580 13.13130 12.80990 13.78740 14.01010 14.99520 15.22060 15.12190 16.27300 16.21830 15.81170 15.43510 14.99020 15.15850 15.49570 15.03410 15.06170 15.62810 14.99430 15.48510 15.26270 15.13670 14.89960 14.77170 16.17680 16.16000 16.37880 16.38550 16.92430 17.69660 18.22260 18.22750 17.82280 18.65290 18.84110 21.40170 24.06370 26.20880 27.21240 26.36600
-9999 -9999 -9999 -9999 -9999 -9999 -9999 -9999 -9999 -9999 -9999 14.93260 15.52520 17.11140 17.28670 18.80770 19.90400 20.19870 20.28660 20.53810 19.70950 19.35910 18.25500 17.35620 16.76400 16.12200 15.17420 14.38220 13.36400 13.46460 12.81550 13.06090 12.95960 12.37510 12.79040 12.36590 12.93060 13.73960 14.85890 14.51880 14.91150 15.50820 17.07630 16.77320 15.79710 15.66860 15.28460 16.08140 15.83950 15.79340 15.79000 15.46370 15.28940 15.11500 14.86340 15.00750 15.28110 15.88610 16.04020 16.73990 16.97450 17.62110 17.62240 18.76940 19.17050 18.17880 19.18970 19.02480 22.05860 24.64750 24.57990 25.51770 26.38220
