data/hydroclimate-scenarios/1948-2000.Pcorr55N_Pref_Tref/monthly_summaries/snodep_monthly_day1_feb.1950-2000.asc
ncols	311
nrows	91
xllcenter	102.75
yllcenter	31.75
cellsize	0.5
NODATA_value	-9999
[rows 32 to 63 of 91, columns 0 to 70 of 311]
-9999 -9999 -9999 -9999 -9999 -9999 -9999 -9999 -9999 -9999 -9999 51.54460 52.40500 53.16190 54.82860 55.18090 59.23240 59.41420 62.14060 65.08080 65.17620 63.21450 61.66960 59.88230 57.52260 56.03170 53.41860 51.78430 48.69830 47.26070 45.06430 45.08970 44.40070 44.67840 45.23580 45.18400 47.11800 46.85330 47.03730 48.51700 49.16460 50.13620 50.00590 49.95610 49.86120 49.01080 49.47450 50.10870 49.02950 49.59800 48.30970 48.19040 47.87240 47.06070 46.48270 46.54280 46.33640 46.29860 45.60610 45.75170 45.36830 45.30030 45.00560 45.38690 44.89480 43.26350 43.71540 41.95490 44.02000 43.72540 43.31640
-9999 -9999 -9999 -9999 -9999 -9999 -9999 -9999 -9999 -9999 -9999 54.61980 54.82210 54.87020 55.51720 56.20770 57.75420 60.37540 63.44020 64.36120 64.57580 63.99090 61.61200 59.73730 58.10570 56.16730 54.02740 49.79540 47.94350 46.41720 45.07850 44.00900 43.62340 43.19630 44.52080 45.29490 46.67890 47.03480 47.22510 49.81040 50.33650 50.39040 51.04970 51.13150 52.05490 51.29230 51.67060 52.17400 51.26040 51.76920 50.67890 50.61210 49.82860 49.01050 48.58710 48.46480 48.60810 47.80800 47.46430 46.56290 46.30330 45.89450 46.04880 45.92790 46.09520 45.46350 44.68780 43.97730 45.06520 44.56900 44.50360
-9999 -9999 -9999 -9999 -9999 -9999 -9999 -9999 -9999 -9999 -9999 -9999 54.22990 53.40700 54.06390 57.16850 59.39870 60.02510 62.46530 63.70260 63.78240 62.41760 62.08860 60.82890 58.24510 56.26740 53.21670 49.70610 46.30470 44.61330 43.65230 42.72730 42.45980 42.47390 42.32930 43.53380 45.17780 46.29020 47.26630 48.64540 50.23000 51.92580 52.42460 53.05220 53.52960 53.36080 54.27220 52.96360 52.41860 52.40040 51.23160 51.06210 49.83580 49.83110 49.61960 49.80860 49.02290 48.63640 47.35360 47.00230 46.67390 46.65850 46.51380 45.67640 45.89310 45.30230 44.98490 44.12400 45.15460 45.55700 45.39090
-9999 -9999 -9999 -9999 -9999 -9999 -9999 -9999 -9999 -9999 -9999 -9999 51.56370 52.22880 55.38200 55.46390 57.67240 59.71260 61.61990 62.16010 63.16640 64.20690 61.90520 60.47250 57.05160 54.07630 49.82410 45.89250 44.07510 41.99290 41.26320 39.76980 39.05410 39.47970 40.18670 41.26020 43.30490 44.87550 45.93020 46.41190 50.82030 51.65170 52.04680 53.38750 54.44420 55.38620 55.71250 54.98850 53.57460 52.35180 51.14800 50.60520 49.18570 49.69160 49.33400 49.49700 48.90990 48.47580 47.40430 46.06380 46.74420 45.97460 46.61470 45.42540 43.86070 44.48220 45.58120 45.71040 46.58010 46.30790 47.04390
-9999 -9999 -9999 -9999 -9999 -9999 -9999 -9999 -9999 -9999 -9999 -9999 51.82560 51.52040 50.08130 51.79360 54.81300 55.87260 59.52910 62.38830 65.68660 62.49650 60.60330 56.71780 51.68780 49.11850 45.00990 41.32550 39.81650 38.81830 37.24270 36.73810 36.31120 36.93500 38.11070 39.37960 39.38290 41.11820 43.13370 45.19240 47.53730 50.50410 51.71470 53.63050 54.88690 57.69590 57.37520 56.15950 53.52370 52.92470 51.62270 49.80200 49.28570 48.24630 47.31100 47.90340 47.86520 47.05460 46.64990 46.18730 46.24680 45.76340 46.65210 45.71740 45.44580 45.03280 45.52440 46.42880 48.16440 48.10530 49.12540
-9999 -9999 -9999 50.48970 49.42600 49.52600 50.71620 50.58090 49.83500 -9999 50.18450 51.14840 50.20550 48.25190 48.81230 48.37890 50.26270 51.31960 53.72490 56.52470 58.40460 56.45030 52.03010 50.07730 47.26180 44.41970 41.81980 40.16850 37.69940 36.49080 35.19390 33.30200 34.09320 34.15020 35.40620 36.65690 36.98820 38.24660 40.73920 43.02520 45.73650 47.45410 49.11210 51.74060 54.97470 58.34930 60.11390 57.61440 55.20000 53.09540 51.10240 49.21660 48.13090 48.76940 47.78810 48.63560 48.18590 46.95040 46.99560 46.64280 46.20320 46.86490 46.88970 46.94100 47.66340 46.99710 48.20660 48.87060 49.16400 50.09440 51.55580
-9999 -9999 -9999 48.29240 47.38050 46.71380 48.25940 48.17820 49.30800 49.71710 50.12250 49.81190 49.01000 48.43750 47.51500 47.46480 47.75670 45.76150 45.61810 46.75550 47.39070 47.23840 45.38740 44.97540 43.10780 41.69150 39.34900 37.69670 35.67020 34.74620 32.78760 31.04380 31.47590 31.83040 33.53210 33.53940 34.38950 37.10220 39.19490 41.93060 44.45700 46.78630 48.01390 51.24080 56.18940 58.85470 59.92290 56.77890 54.93410 54.01230 52.21710 49.06720 49.12980 47.76440 46.11060 46.42780 46.00280 45.76680 46.98370 46.39280 46.15740 46.77430 47.32440 46.71990 48.15490 48.09200 48.23380 48.26230 50.80620 51.68910 54.09100
-9999 -9999 -9999 42.24730 40.49880 42.61780 46.05980 46.88340 45.26830 45.67520 46.32420 46.77210 47.48710 48.19370 48.60760 46.46010 46.28850 43.69630 43.01750 42.44000 42.65560 42.00100 40.08160 40.33600 39.09870 36.98030 36.02610 34.18810 32.87060 30.35670 28.82650 27.70430 27.35430 28.68450 29.91370 30.35140 31.89010 33.62890 36.29050 38.76860 41.89160 43.88300 46.66970 49.68340 52.76420 56.82880 56.57200 54.11480 52.64630 52.21610 50.63660 48.32390 46.29290 45.64540 43.75030 44.21360 45.47200 44.89960 46.42350 46.14040 46.40880 45.99930 47.43720 48.19380 48.85070 49.82090 51.09220 52.07670 54.96770 56.18280 58.72920
-9999 -9999 -9999 40.58660 39.66480 44.70140 49.70850 47.94700 46.22630 45.83020 44.84410 44.08560 47.52780 46.83290 47.82240 46.20390 44.34730 43.20180 41.51030 39.26000 38.79880 36.86510 35.89460 34.44580 33.17840 32.60940 31.41540 30.03610 28.15170 27.19790 25.85480 22.80160 23.84530 24.36630 26.44470 27.77290 29.28810 29.89910 31.27600 33.58920 37.69760 41.77150 44.56430 46.84740 50.07100 51.66810 51.03090 51.18980 51.31820 49.62870 47.51910 45.55890 44.19320 42.89300 43.32010 42.48280 43.55560 43.83060 45.24140 44.59890 46.67310 46.35620 48.86440 51.12480 52.01740 52.68870 54.80570 55.47980 58.07510 59.20330 59.30500
-9999 -9999 -9999 36.40470 36.86470 41.29350 40.73100 41.48660 42.73380 42.14570 41.65050 43.35430 44.93520 46.28940 45.95050 45.30050 43.47270 41.09320 37.96440 33.82870 32.73690 31.58610 30.19040 29.13270 28.02590 27.54350 26.55200 24.97760 24.20170 22.54500 21.56110 20.62630 21.01580 21.73870 23.60440 25.46590 27.13240 26.80830 28.49600 30.86330 33.23160 36.33360 39.27710 41.26770 42.05940 43.56790 44.72790 45.44640 45.36220 44.44830 43.75880 41.30710 40.42030 41.11250 41.59080 41.77950 40.99910 41.59860 43.38130 44.31130 46.08710 47.00450 48.73820 54.23000 56.20150 55.71600 57.94610 59.85470 62.04330 59.06430 55.30080
-9999 -9999 -9999 -9999 36.94690 40.60220 40.05660 41.82080 42.51230 42.70680 41.65630 42.11500 45.29000 43.54100 -9999 -9999 -9999 -9999 -9999 30.04570 27.57630 25.24300 24.07120 23.57340 23.03200 21.37460 20.76730 20.16820 18.59030 17.57510 17.91230 18.21220 18.32360 19.81510 21.37330 22.85340 23.33550 24.38600 25.33120 27.58630 29.18660 30.11270 30.94280 33.00100 34.46750 35.65020 38.32000 38.97680 38.78600 38.19490 38.60140 37.85840 37.60640 38.52520 39.08440 39.62380 40.22390 41.09340 42.48870 44.12710 46.18720 47.22740 51.54870 54.74910 57.74970 59.00850 60.21540 58.59250 58.29440 -9999 -9999
-9999 -9999 34.17870 36.18100 35.80920 37.33850 38.84150 39.72410 38.79750 40.82130 39.38570 41.73790 44.51690 -9999 -9999 -9999 -9999 -9999 30.78740 25.49400 21.69620 17.93420 17.93810 17.57720 17.37430 16.37350 16.50970 16.33440 15.19500 15.51190 14.83880 15.14310 16.34340 16.33920 18.00230 19.23880 20.47120 22.14000 22.35860 23.59360 26.10700 25.89590 26.93580 28.55630 29.52510 30.81860 32.16170 33.07900 32.58870 33.62690 33.89010 33.08360 33.89530 35.32150 35.44560 35.94370 37.97600 40.70040 41.69060 42.56840 44.15790 46.80180 50.18900 52.76250 55.24430 56.67050 57.58790 -9999 -9999 -9999 -9999
-9999 -9999 35.24290 35.13280 33.33210 33.60780 34.62350 35.81290 36.51770 37.50450 40.58410 43.04440 44.74970 -9999 -9999 -9999 -9999 30.78270 27.79760 21.15590 17.27530 12.68420 12.11870 13.20140 13.01580 14.79770 14.63090 13.43110 13.02530 12.59310 12.87460 12.82050 14.78250 15.18550 17.07360 17.79950 18.92680 19.50580 20.57540 19.99000 21.22660 21.52490 23.33570 25.00080 25.56260 26.96770 28.40840 29.76150 28.79330 30.21520 30.41550 29.69690 30.39110 31.67380 32.22980 33.17480 34.60770 38.00780 40.13120 39.81930 40.93140 43.88040 44.87270 47.91200 49.61820 -9999 -9999 -9999 -9999 -9999 58.31790
-9999 -9999 34.33870 35.39200 32.86590 32.12990 32.69460 33.77430 35.11190 37.61610 40.32260 44.07890 28.83350 -9999 -9999 -9999 -9999 28.34460 24.95980 18.37400 13.59520 10.05720 8.85599 10.14930 9.04957 11.74350 11.33920 11.93890 10.67910 10.55900 11.12150 11.26690 12.40570 14.19740 15.18560 15.23710 16.25570 17.07610 17.34730 17.30580 18.27210 19.87330 20.11440 21.73650 22.81030 24.52810 25.56900 25.76540 25.50210 26.04730 26.87530 27.40100 28.54080 29.72050 30.81050 30.77630 32.90280 35.46860 37.48710 37.37500 37.37150 38.30250 40.26700 44.52930 48.07260 51.17140 49.47350 51.82320 51.42830 -9999 -9999
-9999 -9999 -9999 33.66200 31.37640 29.58650 29.46170 31.14780 34.25510 39.07590 41.38330 31.24450 -9999 -9999 -9999 -9999 31.08130 26.16210 20.57720 16.32990 11.88940 8.83683 8.11239 8.49887 8.57027 9.03938 9.37121 9.35303 9.87861 8.56253 8.96504 10.73690 12.28690 12.82290 13.39660 14.54280 14.90170 14.45130 15.35570 15.49200 15.88140 16.48740 16.91650 17.79080 19.23730 21.71110 22.24440 23.26510 21.54300 22.11200 24.67130 25.33130 25.85490 27.80610 29.24700 30.36280 32.08510 34.52890 36.40720 36.54120 38.09340 39.77280 42.81890 46.87940 50.19630 45.50540 42.46510 46.59060 45.69930 39.91570 -9999
-9999 -9999 -9999 -9999 31.53830 29.72600 28.88010 31.01590 34.06230 35.91800 25.29070 -9999 -9999 -9999 -9999 34.80230 30.73710 22.84100 16.65620 13.83580 9.95887 7.61348 7.45391 6.01511 6.11045 7.79419 8.03281 8.17456 8.83634 9.55520 9.12108 10.57030 10.61680 11.08570 11.76530 12.60280 13.55470 14.23520 13.57410 13.98500 14.30450 15.24200 14.95670 15.75330 16.98250 19.41670 21.06040 20.15850 19.57400 20.39910 21.92690 23.21320 23.99160 25.67560 26.01710 28.16850 29.98060 32.47930 33.96930 34.83450 37.08840 39.81070 40.84740 40.85580 43.93920 42.53880 38.65670 38.05740 40.77490 39.34400 40.90640
-9999 -9999 -9999 -9999 -9999 -9999 31.22220 32.54820 26.37130 24.23790 33.37500 -9999 -9999 -9999 -9999 -9999 28.63420 21.01930 16.38640 10.37530 8.63952 8.27668 4.88885 5.00701 4.82308 6.89058 6.92311 7.70539 8.48781 8.85359 9.43250 10.50220 10.64250 11.34040 11.10070 12.40030 12.47370 12.38180 12.47160 12.33720 12.73790 12.42640 13.98080 14.67870 15.19920 15.45580 16.52190 18.51350 19.56720 19.77310 21.64520 21.68160 22.87980 23.51820 24.43200 26.99260 28.44060 30.67590 32.11330 33.59720 35.76740 37.69540 39.10290 40.73820 42.66000 40.32060 36.46550 35.22510 37.39810 36.35050 39.77760
-9999 -9999 -9999 -9999 -9999 -9999 -9999 -9999 -9999 -9999 -9999 -9999 -9999 -9999 -9999 -9999 -9999 -9999 -9999 9.84052 6.43505 6.65027 5.12542 4.23914 4.24933 6.29572 7.44742 8.63807 10.89680 9.61297 9.85259 10.78810 10.54340 11.19080 11.12580 11.52210 11.67760 11.57980 11.55650 10.87150 10.78450 11.40010 12.17860 12.68740 13.96020 14.17120 14.64330 16.12720 16.65180 18.42910 20.64430 20.50610 21.75930 21.90670 22.30270 23.89870 25.45330 28.87920 29.53880 30.95090 33.00170 33.14390 36.46020 37.15020 37.82900 33.86490 30.26650 31.24300 32.93410 34.43750 38.28990
-9999 -9999 -9999 -9999 -9999 -9999 -9999 -9999 -9999 -9999 -9999 -9999 -9999 -9999 -9999 -9999 -9999 -9999 10.77750 8.55832 7.06805 5.16252 5.18371 5.69313 5.91236 6.38165 6.26026 7.57698 7.56900 8.09283 8.88825 8.85675 9.68827 9.53958 10.50910 10.92510 11.18830 11.54900 11.04480 9.21465 9.97021 10.28530 10.65330 11.62080 12.48470 12.90750 12.61730 14.43270 14.57120 16.44700 18.35910 19.56770 20.57830 21.34300 22.46450 22.52390 24.07640 27.13490 27.96680 27.64110 28.35870 28.10480 30.54270 33.27870 34.30900 32.22130 31.87320 29.99320 32.11170 32.33320 35.77330
-9999 -9999 -9999 -9999 -9999 -9999 -9999 -9999 -9999 -9999 -9999 -9999 -9999 -9999 -9999 -9999 -9999 12.27930 10.04970 7.21529 6.55177 5.17564 5.25664 5.09000 5.12147 5.51960 6.05937 6.76497 6.06917 7.04681 7.95085 8.21877 9.75144 9.83927 10.80360 10.63620 11.07860 11.46610 10.94740 9.94902 9.54256 9.49773 9.71225 10.03130 10.06180 11.51970 12.29800 12.71700 14.23920 15.73000 17.95120 18.99760 20.50770 20.63800 21.37430 21.16630 22.67850 23.95290 25.00560 24.44230 24.50630 26.18840 30.66610 32.42230 29.99230 30.34870 31.26030 31.60710 32.72740 31.52490 35.09360
-9999 -9999 -9999 -9999 -9999 -9999 -9999 -9999 -9999 -9999 -9999 -9999 -9999 -9999 -9999 -9999 -9999 8.41778 7.26749 3.92282 3.69721 2.63521 1.61603 3.12623 5.55460 4.44971 4.84861 6.02789 6.53849 6.53566 7.84540 9.37177 9.22839 11.69520 10.10440 10.10740 10.15850 10.12130 9.14700 9.35863 8.75145 8.25609 8.26329 9.13758 9.24690 11.08560 11.81000 12.00230 13.06510 15.12580 16.74170 17.99770 18.71970 20.18350 20.60450 20.81260 21.39260 21.13350 22.61590 22.28440 23.05090 25.36540 27.75440 30.23880 33.60160 32.44580 30.29260 32.10150 31.44250 30.20730 34.20210
-9999 -9999 -9999 -9999 -9999 -9999 -9999 -9999 -9999 -9999 -9999 -9999 -9999 -9999 -9999 -9999 8.70056 5.37219 4.14075 2.67916 2.32924 2.62919 2.64873 2.99913 5.62323 3.95602 4.23329 7.63535 7.32755 6.83838 6.97514 9.07465 9.45962 10.93240 9.46503 10.21930 10.20120 9.84669 8.37684 8.40112 7.73521 7.57945 7.68565 8.05685 9.08154 9.95626 10.42090 10.97590 11.54770 14.59090 16.38820 17.10450 17.94330 19.25710 20.41200 20.49690 19.85590 18.46890 20.57670 22.03220 22.02610 24.49160 26.79000 31.93490 31.58840 32.07280 33.57480 32.27310 32.48040 31.31700 35.20230
-9999 -9999 -9999 -9999 -9999 -9999 -9999 -9999 -9999 -9999 -9999 -9999 -9999 8.16292 7.67258 6.05510 5.06197 2.75302 2.39289 1.15366 1.28568 1.04835 0.98013 3.25017 3.11527 3.51394 5.10226 5.28216 5.66398 7.10134 6.79028 6.86650 8.48206 8.81163 8.54678 8.47944 8.57084 7.81119 6.11707 5.97559 5.77363 5.43338 5.28665 7.20673 7.72987 7.86431 8.53115 9.64829 9.70604 11.88980 12.69780 15.03820 17.01410 18.77800 20.57960 19.28790 19.12800 18.92350 19.19100 19.99680 21.15250 21.77520 24.90440 26.50040 27.59320 30.01870 33.21960 33.00860 33.14940 33.16860 36.31510
-9999 -9999 -9999 -9999 -9999 -9999 -9999 -9999 -9999 -9999 -9999 -9999 6.18961 5.67368 4.59849 4.36911 3.19024 2.70918 0.74620 1.61623 0.73593 0.46554 1.68897 2.62144 2.73255 3.16487 3.19139 4.79354 4.82274 6.25849 6.14283 6.51503 7.61346 7.72258 7.36094 8.30149 7.62576 6.89726 5.60633 5.38031 5.12343 4.47874 4.13103 4.14667 5.69557 7.96637 7.96709 9.01234 9.15006 9.41263 11.39470 12.92760 14.21350 16.29670 18.95090 19.71030 17.62860 17.24480 18.22100 19.37370 19.56170 21.06430 23.24320 26.52590 29.59770 32.57860 34.74030 34.19110 34.13140 35.42930 39.27020
-9999 -9999 -9999 -9999 -9999 -9999 -9999 -9999 -9999 -9999 -9999 4.65116 3.76634 3.26945 2.63664 2.50720 2.51728 1.20738 1.19513 0.51308 0.17624 1.35160 1.54150 1.80947 1.90442 1.66447 1.79928 2.08864 3.56137 4.87523 5.17372 5.55869 5.84443 6.62309 6.34145 6.30616 5.26599 3.87461 3.54739 3.83267 3.12846 2.48627 2.75519 3.27568 4.59164 5.15752 5.09773 7.45576 9.07523 8.80196 8.87346 11.20080 12.31830 13.33150 14.15440 15.01840 15.05960 15.53010 17.30630 17.92230 19.37370 22.15690 24.54670 27.72180 32.02570 34.67730 35.05950 32.89350 32.58930 34.57870 41.75400
-9999 -9999 -9999 -9999 -9999 -9999 -9999 -9999 -9999 -9999 4.43103 4.16842 2.98174 1.66167 2.70788 1.70222 1.98004 1.18587 1.12139 0.29472 0.33977 1.05332 1.55584 1.69807 1.47255 1.88825 1.81437 3.59980 3.62595 4.39107 4.79787 5.42539 5.68319 6.51863 7.21992 6.52330 5.02353 4.57475 3.90032 3.23158 2.88883 2.14013 2.63496 2.64329 2.94183 4.08461 4.78551 5.83950 6.46332 8.16148 8.35706 8.97492 10.38310 10.79760 12.52460 12.56620 13.34240 14.83030 17.15310 18.61440 19.68120 22.12380 24.97010 27.88630 30.20520 33.43890 34.25540 32.31160 34.47770 38.34040 42.80930
-9999 -9999 -9999 -9999 -9999 -9999 -9999 -9999 -9999 1.99788 1.97245 2.34691 2.88517 2.10804 1.69495 0.76742 0.93976 0.91297 0.44011 0.39746 0.40795 0.74206 1.00765 1.84181 1.96333 1.94430 1.86855 1.69254 1.64327 1.99954 3.68593 3.91032 4.94883 4.60509 5.21947 5.47947 4.93447 4.15108 3.01513 2.16588 1.36356 1.86575 1.63874 2.16917 2.44344 3.07216 4.47021 6.27614 6.75020 6.75192 7.88260 6.83947 7.35562 8.48041 9.08408 11.43370 13.43900 15.46430 15.64740 16.97720 18.25680 20.98700 23.62990 25.64290 27.00550 30.38660 30.98120 31.29600 36.26770 40.26570 42.23800
-9999 -9999 -9999 -9999 -9999 -9999 -9999 -9999 -9999 -9999 1.46186 0.96973 0.51868 1.49756 1.22767 0.76372 0.89494 0.52109 0.61418 0.41197 0.47541 0.85557 0.98669 -9999 -9999 -9999 -9999 -9999 -9999 1.86620 3.13179 1.83571 3.02055 3.33841 4.42136 4.76857 4.08580 3.45863 0.69664 1.76029 1.23727 1.41774 1.30939 1.76612 2.35304 3.01606 3.20991 5.28479 6.25718 5.92494 6.73440 6.61775 7.29157 6.93649 9.05210 10.88840 12.44100 14.14320 14.50320 16.27490 18.11300 21.24460 23.00580 24.45490 26.69480 27.80790 31.71690 33.10130 42.72700 46.31980 50.11460
-9999 -9999 -9999 -9999 -9999 -9999 -9999 -9999 -9999 -9999 -9999 -9999 0.24729 0.41629 0.83186 1.58780 0.60234 1.61148 1.74087 -9999 -9999 -9999 -9999 -9999 -9999 -9999 -9999 -9999 -9999 -9999 -9999 -9999 -9999 0.75753 1.30271 2.39724 2.68247 2.23446 1.59399 0.79350 0.80013 1.40953 0.60458 0.90540 0.98938 2.75335 2.87519 4.69532 4.88229 7.18800 7.51075 6.37381 6.54192 6.76049 7.60663 9.40374 10.86140 11.86780 13.58590 15.87920 18.40410 20.44150 21.95210 23.81760 24.76950 26.38580 30.04160 33.39410 39.37230 43.41370 48.38410
-9999 -9999 -9999 -9999 -9999 -9999 -9999 -9999 -9999 -9999 -9999 -9999 -9999 -9999 -9999 -9999 -9999 -9999 -9999 -9999 -9999 -9999 -9999 -9999 -9999 -9999 -9999 -9999 -9999 -9999 -9999 -9999 -9999 -9999 0.36735 0.25433 0.77044 0.28459 0.19975 0.17781 0.18312 0.36233 0.36726 0.41404 1.07152 1.05098 2.58458 4.36645 4.21844 6.39285 7.43384 6.34966 6.87552 6.56472 6.77040 9.04544 9.78354 11.69160 14.02950 17.50570 20.08400 21.36890 24.14480 24.37980 24.54340 25.59490 31.05360 36.26360 44.43100 47.00160 49.98280
-9999 -9999 -9999 -9999 -9999 -9999 -9999 -9999 -9999 -9999 -9999 -9999 -9999 -9999 -9999 -9999 -9999 -9999 -9999 -9999 -9999 -9999 -9999 -9999 -9999 -9999 -9999 -9999 -9999 -9999 -9999 -9999 -9999 -9999 0.11088 0.29433 0.28205 0.36298 0.24888 0.74197 0.68116 0.18102 0.14849 0.24193 0.29115 2.39420 2.38181 3.45169 5.26481 4.08877 5.28765 6.41552 7.08934 7.14473 6.78119 6.67332 7.71837 10.89840 13.56390 16.88170 18.96950 21.16910 23.58710 25.01210 25.47960 27.07780 30.36840 36.75850 46.58150 48.77510 -9999
-9999 -9999 -9999 -9999 -9999 -9999 -9999 -9999 -9999 -9999 -9999 -9999 -9999 -9999 -9999 -9999 -9999 -9999 -9999 -9999 -9999 -9999 -9999 -9999 -9999 -9999 -9999 -9999 -9999 -9999 -9999 -9999 -9999 -9999 -9999 -9999 -9999 -9999 0.24874 0.49828 0.47593 0.14939 0.85625 0.88184 0.96761 1.57238 2.22458 4.25700 4.59502 4.59557 5.01126 4.83127 5.32371 6.23559 6.37640 6.26795 6.91883 10.44880 14.21190 17.78160 20.16390 20.44160 22.62390 24.76750 27.61820 28.96810 32.77290 39.10610 43.28920 -9999 -9999
