data/hydroclimate-scenarios/1948-2000.Pcorr55N_Pref_Tref/monthly_summaries/snodep_monthly_day1_oct.asc
ncols	311
nrows	91
xllcenter	102.75
yllcenter	31.75
cellsize	0.5
NODATA_value	-9999
[rows 33 to 65 of 91, columns 0 to 72 of 311]
-9999 -9999 -9999 -9999 -9999 -9999 -9999 -9999 -9999 -9999 -9999 0.68367 0.79399 0.55076 0.66037 0.60616 0.65424 1.11392 1.06558 0.65722 0.66476 0.72392 0.58303 0.78297 1.04927 1.23954 1.29529 0.82267 0.66341 0.58217 0.74512 0.57468 0.57713 0.62916 0.62441 0.34144 0.26290 0.29475 0.39678 1.00069 0.83112 1.42189 1.18901 1.32076 1.51266 1.45857 1.61141 1.24914 1.23694 1.22585 1.24023 1.36326 1.39014 0.95695 0.80211 0.73631 0.79117 0.89467 0.81178 0.67849 0.63634 0.62608 0.56614 0.57885 0.59264 0.46067 0.55835 1.43286 2.11464 3.24529 2.99188 4.15761 3.27001
-9999 -9999 -9999 -9999 -9999 -9999 -9999 -9999 -9999 -9999 -9999 -9999 0.32910 0.36826 0.39867 0.66924 0.64381 0.69022 0.56571 0.54505 0.53859 0.78427 1.02707 1.51287 1.69462 2.70770 2.37582 2.28770 1.43976 0.74431 0.65013 0.54241 0.52057 0.61797 0.64947 0.52617 0.47477 0.55118 0.69685 0.72320 0.79600 1.38686 1.55516 0.99059 1.24125 0.96676 0.94031 1.31586 1.28922 0.94721 1.02058 0.97287 0.96606 0.92008 1.11270 1.00687 0.94145 1.08153 1.02420 0.94718 0.96922 0.75083 0.86365 0.85447 0.87045 1.29211 1.34243 0.89367 2.29956 3.22982 2.04520 2.24264 2.31716
-9999 -9999 -9999 -9999 -9999 -9999 -9999 -9999 -9999 -9999 -9999 -9999 0.26550 0.31794 0.32506 0.51159 0.39384 0.48532 0.50059 0.50397 0.55027 1.42537 1.67528 2.58057 3.40799 2.72459 2.31771 2.62145 1.86006 1.26330 1.16205 0.99298 0.53508 0.54852 0.56178 0.30204 0.45250 0.54545 0.54629 0.53408 0.69253 1.52097 1.58052 1.25111 1.03396 0.76477 0.77234 1.25654 1.40052 1.09323 1.15703 1.13884 1.13334 1.08883 0.94940 0.89988 0.87161 1.03034 0.78870 0.71579 0.88905 1.05339 1.11891 1.17857 0.96337 1.24414 1.48948 0.99284 1.60873 2.15996 2.63616 2.09804 2.06392
-9999 -9999 -9999 -9999 -9999 -9999 -9999 -9999 -9999 -9999 -9999 -9999 0.29408 0.28550 0.29425 0.19270 0.20904 0.48034 0.61185 0.88353 0.98870 1.55891 1.83034 2.14508 2.07412 2.29082 1.77628 1.46674 1.56440 0.88449 0.64669 0.39810 0.40731 0.49192 0.27371 0.41550 0.44792 0.40298 0.41227 0.43520 1.01660 1.40106 1.10448 0.94170 0.93404 1.28881 1.18058 1.85899 1.31753 0.95645 1.07255 0.93318 1.04453 0.79567 0.52732 0.92145 1.00027 0.96780 1.01140 1.29674 1.35108 1.56057 1.47048 1.42112 1.65096 1.46584 1.49273 1.24425 1.88272 1.63322 1.75808 1.37426 1.40681
-9999 -9999 -9999 0.59755 0.53732 0.63801 0.62792 0.51259 0.51372 -9999 0.50920 0.25694 0.23610 0.24454 0.22865 0.16389 0.18640 0.40880 0.66206 0.99602 0.99792 1.26041 1.49060 1.46885 1.60314 1.38138 1.04213 1.98552 1.89388 2.40163 1.14126 0.46442 0.70717 1.30239 0.58384 0.80903 0.86405 0.78875 0.67358 0.43618 0.69778 0.94145 0.92087 0.96109 1.37360 2.32134 3.44565 1.95848 1.83862 1.64729 1.69811 1.55203 2.07378 2.91874 2.00418 3.66743 3.92879 1.83315 2.25687 1.66746 1.40151 1.54549 1.61160 1.72835 1.68521 1.39667 1.60982 1.35288 1.29843 1.42847 1.85073 1.60494 2.00527
-9999 -9999 -9999 0.40281 0.41804 0.51951 0.61001 0.65133 0.64335 0.37800 0.29742 0.19532 0.27510 0.26459 0.36990 0.96851 1.08956 1.13339 1.23926 0.71616 0.75996 0.73921 0.58857 0.87314 1.18122 1.56157 1.80195 1.60327 1.90839 2.39668 1.53297 1.52997 1.38818 1.68720 1.57827 1.05320 1.11665 2.13828 1.19167 1.97464 2.18760 1.24504 0.99258 1.61808 2.57009 4.27139 4.36341 1.94116 2.48514 3.13242 3.31534 2.96075 3.35909 3.13245 1.89628 2.28083 1.82793 2.15602 2.73080 1.75519 1.50677 1.80850 1.85721 1.80562 1.77398 1.37263 1.43247 0.85382 1.15234 1.01075 1.62488 1.06466 1.88666
-9999 -9999 -9999 0.33596 0.31220 0.53002 0.57149 0.55243 0.48643 0.25796 0.27915 0.20428 0.37577 0.65798 0.99022 1.35515 1.52615 1.40778 1.11541 0.72808 0.91915 0.93732 0.80039 1.42553 1.92446 2.12344 2.19522 1.62651 1.66154 2.80682 3.84960 3.28674 1.98842 1.71517 2.11003 1.43795 1.24619 1.44874 1.45597 1.84190 2.14753 1.64040 1.16107 1.29877 1.18138 2.45260 2.62650 2.60196 2.66528 3.93630 4.22718 2.57023 2.84324 2.31568 1.83731 2.01543 1.81293 1.85488 2.50844 1.76763 1.28813 1.59341 1.41012 1.98501 1.68339 1.35815 1.50789 1.52032 2.54671 2.17791 2.77927 1.13095 1.05658
-9999 -9999 -9999 0.32800 0.25033 0.34847 0.34544 0.32688 0.33498 0.22566 0.17465 0.27067 0.84236 0.96096 1.21758 1.67794 1.82893 2.34236 2.08017 0.92740 1.53855 2.13276 2.87230 2.51161 2.04340 1.88195 1.71242 1.44558 2.63420 4.14376 3.81610 1.07216 2.05845 2.17973 2.17812 2.07841 0.99998 0.70244 1.03952 0.99733 1.53995 2.78109 3.61736 1.93466 0.82636 1.96792 2.81650 2.43287 4.12465 2.98286 4.01351 2.97983 3.03713 2.80695 2.11759 2.56210 2.51359 2.32599 2.69735 1.40094 2.04078 1.44052 1.35054 2.09425 2.12787 1.48380 1.66906 1.66510 3.09453 2.20441 1.12376 0.39199 -9999
-9999 -9999 -9999 0.27687 0.20246 0.32544 0.31452 0.27645 0.36605 0.20018 0.12869 0.50181 0.92757 1.34783 1.92178 2.40111 2.77361 2.71875 1.85252 0.52311 1.14109 1.79222 2.34718 1.64259 1.52401 1.30762 0.97888 1.00575 1.90076 2.94339 2.88149 2.11484 2.65965 1.19051 0.87167 1.20293 1.27327 0.95390 0.72155 0.90964 1.62723 2.28761 2.93597 2.24854 1.34852 1.61188 1.85518 2.58699 3.03050 2.83693 3.08282 2.20156 2.51895 2.87467 2.00446 3.39732 2.41177 2.01971 2.50494 2.03561 1.62862 1.95536 1.79050 3.43063 3.49351 2.08580 2.35785 2.51863 3.15606 1.18001 0.33207 -9999 -9999
-9999 -9999 -9999 -9999 0.16317 0.16921 0.10524 0.50665 0.48841 0.20893 0.11743 0.14252 1.19551 0.64521 -9999 -9999 -9999 -9999 -9999 2.35653 2.42721 2.30094 2.67223 4.01975 2.91503 1.67064 0.63850 0.73110 1.06989 0.69602 0.90769 1.29733 1.36007 0.76742 0.43388 0.50303 0.69003 0.40398 0.42822 0.41195 0.43561 0.79444 0.92942 1.93741 1.72087 1.32596 1.61699 2.11394 1.46032 1.70200 2.29710 1.96748 1.57064 2.54308 2.78792 2.63597 2.88949 2.61591 2.54337 2.38406 2.75237 3.16469 2.94002 2.99045 3.04937 3.34950 2.57857 1.22121 0.81939 -9999 -9999 -9999 -9999
-9999 -9999 0.15640 0.11449 0.14043 0.06425 0.08058 0.57143 0.28047 0.20028 0.12443 0.16033 1.09898 -9999 -9999 -9999 -9999 -9999 3.98649 2.05518 1.90206 1.44212 1.40876 2.24022 2.21709 1.61883 0.58660 0.39424 0.47445 0.24995 0.46370 0.69115 0.67151 0.39732 0.35504 0.24928 0.39624 0.36726 0.42519 0.41568 0.50703 0.71989 0.85829 1.38193 1.27693 1.06566 1.21030 0.85196 0.58361 0.76250 0.85834 0.81064 0.92113 0.83773 1.37920 0.75510 1.27682 2.14625 2.30766 1.54253 1.69398 1.92310 1.84153 2.36464 2.07058 1.47237 1.16884 -9999 -9999 -9999 -9999 -9999 -9999
-9999 -9999 0.12009 0.17752 0.17331 0.07936 0.06969 0.25008 0.20609 0.25280 0.37454 0.34336 0.52629 -9999 -9999 -9999 -9999 1.63929 3.38723 1.22394 1.29476 1.07251 1.00532 0.89538 0.69618 0.78438 0.88133 0.46951 0.43427 0.34825 0.44410 0.38116 0.24734 0.12463 0.16897 0.15514 0.11398 0.45411 0.75290 0.50094 0.37677 0.91635 1.10576 1.29618 1.32344 0.75559 0.49708 0.42986 0.24055 0.35482 0.29178 0.44215 0.43218 0.33545 0.45524 0.12387 0.20842 0.92816 1.42118 1.57727 1.31958 1.61636 1.23487 0.87080 0.59753 -9999 -9999 -9999 -9999 -9999 0.07615 -9999 -9999
-9999 -9999 0.10364 0.23568 0.23219 0.11205 0.11022 0.20563 0.20918 0.38830 0.65324 0.59915 0.04089 -9999 -9999 -9999 -9999 2.66342 2.43054 1.12687 0.94446 0.53994 0.30289 0.49635 0.52361 0.67344 0.99339 0.26111 0.33883 0.35787 0.42257 0.23255 0.26647 0.21661 0.09660 0.18230 0.20582 0.56653 0.74345 0.29232 0.28819 0.65510 0.66240 1.04305 0.89925 0.80626 0.64703 0.31229 0.23823 0.24173 0.14586 0.36936 0.45525 0.41087 0.39031 0.06055 0.06778 0.24021 0.22166 0.57835 0.29143 0.31624 0.34985 0.76504 1.28710 1.03703 0.31815 0.35738 0.12369 -9999 -9999 -9999 0.02933
-9999 -9999 -9999 0.32648 0.38312 0.27218 0.25438 0.04400 0.05572 0.18883 0.18929 0.28044 -9999 -9999 -9999 -9999 2.07273 2.46363 1.64360 1.16062 0.99577 0.11114 0.18777 0.42530 0.47591 0.63526 0.66738 0.87268 0.85627 0.57751 0.58014 0.24671 0.17416 0.09004 0.07876 0.08980 0.10615 0.10214 0.10065 0.27081 0.26743 0.36316 0.40685 0.39711 0.33703 0.23880 0.16710 0.20388 0.18925 0.15575 0.20702 0.10429 0.10451 0.41104 0.52511 0.37056 0.33111 0.55440 0.44782 0.16333 0.17439 0.66617 1.21360 2.64636 4.32984 0.78896 0.08498 0.25090 0.04813 0.12903 -9999 -9999 0.01134
-9999 -9999 -9999 -9999 0.36220 0.25225 0.26531 0.05909 0.08585 0.08256 0.01311 -9999 -9999 -9999 -9999 1.53163 1.94337 1.16625 0.69573 0.90896 0.72176 0.09171 0.10581 0.44149 0.48630 0.49317 0.48448 0.52950 0.73769 0.16429 0.30110 0.08429 0.07574 0.03552 0.07477 0.05363 0.05753 0.04980 0.08091 0.28227 0.32115 0.39459 0.36477 0.23805 0.19152 0.15405 0.12562 0.16510 0.09963 0.06063 0.05009 0.07127 0.09450 0.27352 0.27578 0.16116 0.12045 0.20274 0.23187 0.10787 0.30428 1.31696 1.70194 1.37201 1.79275 0.67034 0.07121 0.05244 0.09050 0.08587 0.07903 0.01445 0.00440
-9999 -9999 -9999 -9999 -9999 -9999 0.11310 0.00790 0.00103 0.00595 0.01188 -9999 -9999 -9999 -9999 -9999 0.90586 0.55241 0.49757 0.21550 0.21793 0.02770 0.09203 0.31303 0.30096 0.31749 0.27781 0.37059 0.33842 0.05350 0.09589 0.11436 0.11085 0.08370 0.08124 0.09858 0.16608 0.12220 0.09220 0.16903 0.20949 0.44201 0.40062 0.02952 0.00520 0.11572 0.10047 0.07995 0.07215 0.06597 0.06126 0.11192 0.10844 0.14067 0.16894 0.09981 0.10599 0.08965 0.12270 0.14627 0.52931 1.94273 2.26720 1.85257 2.49762 1.22649 0.27091 0.00447 0.00158 0.04093 0.05661 0.05628 0.10665
-9999 -9999 -9999 -9999 -9999 -9999 -9999 -9999 -9999 -9999 -9999 -9999 -9999 -9999 -9999 -9999 -9999 -9999 -9999 0.25031 0.20306 0.04134 0.05155 0.17658 0.15124 0.29057 0.29295 0.09364 0.13574 0.05414 0.05040 0.09072 0.11998 0.08476 0.08557 0.12704 0.08303 0.08179 0.09477 0.14970 0.25442 0.29959 0.19371 0.00266 0.00515 0.10218 0.07953 0.01971 0.02228 0.04155 0.03573 0.03440 0.03340 0.03219 0.01958 0.05649 0.06766 0.09756 0.13356 0.14366 0.62923 1.60473 1.90810 1.83465 2.09711 0.37987 0.05641 0.00028 0.00017 0.05553 0.07773 0.06081 0.11313
-9999 -9999 -9999 -9999 -9999 -9999 -9999 -9999 -9999 -9999 -9999 -9999 -9999 -9999 -9999 -9999 -9999 -9999 0.10578 0.05151 0.03882 0.01785 0.01416 0.03000 0.04087 0.13372 0.14468 0.10541 0.13585 0.05171 0.04926 0.02944 0.02877 0.09137 0.11089 0.10874 0.12408 0.22114 0.28633 0.17710 0.21425 0.09780 0.10148 0.17635 0.17013 0.03657 0.01026 0.07950 0.07183 0.01317 0.01187 0.07846 0.06515 0.09778 0.09082 0.00087 0.00174 0.01621 0.12204 0.34007 0.32774 0.34689 0.53561 1.17883 1.39656 0.21981 0.04584 0.00568 0.00531 0.00954 0.00682 0.12716 0.01077
-9999 -9999 -9999 -9999 -9999 -9999 -9999 -9999 -9999 -9999 -9999 -9999 -9999 -9999 -9999 -9999 -9999 0.07276 0.09114 0.04140 0.03486 0.01566 0.01427 0.03695 0.04915 0.13631 0.13235 0.13130 0.26508 0.10104 0.11973 0.03246 0.01240 0.08733 0.08185 0.12205 0.19752 0.29384 0.22017 0.16394 0.18417 0.08200 0.08709 0.12545 0.11451 0.01804 0.01978 0.07800 0.05124 0.01879 0.00566 0.05016 0.06962 0.08498 0.05921 0.00099 0.00632 0.01937 0.02923 0.19555 0.13419 0.18770 0.80722 1.57570 0.41514 0.09362 0.07367 0.01670 0.01022 0.01180 0.01524 0.01940 0.00785
-9999 -9999 -9999 -9999 -9999 -9999 -9999 -9999 -9999 -9999 -9999 -9999 -9999 -9999 -9999 -9999 -9999 0.22277 0.15646 0.00754 0.00331 0.00203 0.00056 0.00870 0.00529 0.05113 0.05691 0.05765 0.06792 0.07534 0.07203 0.02997 0.02419 0.13341 0.13515 0.05146 0.05314 0.23791 0.36329 0.42050 0.37634 0.08716 0.08438 0.12432 0.13553 0.00826 0.00312 0.17084 0.12752 0.06272 0.03338 0.06449 0.08036 0.14198 0.12841 0.01562 0.04911 0.02049 0.02726 0.04685 0.06176 0.37953 0.46169 0.74098 1.19531 0.37787 0.09117 0.08899 0.02394 0.00674 0.01265 0.04095 0.05001
-9999 -9999 -9999 -9999 -9999 -9999 -9999 -9999 -9999 -9999 -9999 -9999 -9999 -9999 -9999 -9999 0.20239 0.29480 0.25777 0.01682 0.00763 0.00185 0.00058 0.00425 0.00076 0.02664 0.02122 0.02158 0.03905 0.02825 0.03553 0.01678 0.01448 0.11639 0.12908 0.07121 0.06389 0.20027 0.29572 0.31437 0.23071 0.08047 0.07364 0.05639 0.02905 0.00111 0.00137 0.14416 0.12167 0.04858 0.05291 0.03411 0.05485 0.09531 0.09562 0.01836 0.01330 0.00294 0.01092 0.04473 0.04328 0.24216 0.35140 0.98197 0.58094 0.19761 0.15151 0.04397 0.00000 0.00699 0.01371 0.03238 0.02980
-9999 -9999 -9999 -9999 -9999 -9999 -9999 -9999 -9999 -9999 -9999 -9999 -9999 0.02094 0.03993 0.26210 0.34825 0.52490 0.26052 0.06748 0.01274 0.14387 0.07439 0.01277 0.04562 0.01299 0.01440 0.01634 0.01263 0.00704 0.00163 0.00000 0.00000 0.00026 0.00040 0.09974 0.09359 0.01648 0.01912 0.01579 0.00828 0.00183 0.00137 0.00103 0.00001 0.07521 0.05759 0.13094 0.12887 0.04170 0.04780 0.00008 0.00012 0.00402 0.00594 0.00049 0.00050 0.00013 0.00019 0.00780 0.00734 0.00094 0.01379 0.03462 0.02377 0.00000 0.00000 0.00000 0.00116 0.00153 0.01213 0.00889 0.01713
-9999 -9999 -9999 -9999 -9999 -9999 -9999 -9999 -9999 -9999 -9999 -9999 0.03966 0.03033 0.04714 0.27523 0.27149 0.28428 0.24799 0.00919 0.01131 0.09488 0.08625 0.01269 0.01987 0.01145 0.01167 0.00673 0.01077 0.00000 0.00000 0.00000 0.00000 0.00000 0.00000 0.09774 0.11040 0.01705 0.01459 0.00107 0.00236 0.00270 0.00002 0.00002 0.00005 0.06326 0.06554 0.12960 0.12297 0.02427 0.03038 0.00008 0.00011 0.00024 0.00023 0.00202 0.00016 0.00004 0.00017 0.00613 0.00593 0.00120 0.00109 0.01211 0.00516 0.00000 0.00000 0.00000 0.00000 0.00141 0.06192 0.00686 0.01016
-9999 -9999 -9999 -9999 -9999 -9999 -9999 -9999 -9999 -9999 -9999 0.48983 0.38461 0.32689 0.27012 0.00069 0.00011 0.00225 0.00391 0.14076 0.10793 0.05932 0.03010 0.00415 0.01195 0.00131 0.00142 0.00359 0.00349 0.01468 0.02980 0.00349 0.00454 0.00634 0.00526 0.14866 0.14456 0.18726 0.13624 0.00272 0.00092 0.00000 0.00000 0.02594 0.03315 0.00684 0.01079 0.05265 0.06844 0.00218 0.00179 0.00116 0.00396 0.00354 0.00661 0.00267 0.00202 0.00042 0.00085 0.00261 0.00275 0.00000 0.00000 0.00000 0.00000 0.00000 0.00000 0.00000 0.00000 0.00421 0.15529 0.23055 0.17676
-9999 -9999 -9999 -9999 -9999 -9999 -9999 -9999 -9999 -9999 0.34433 0.46156 0.29521 0.29853 0.24264 0.00000 0.00000 0.00000 0.00026 0.13625 0.06517 0.01933 0.01997 0.00439 0.00402 0.00030 0.00046 0.00160 0.00160 0.02231 0.02148 0.00369 0.00433 0.00000 0.00385 0.13948 0.15084 0.20095 0.13210 0.00071 0.00093 0.00000 0.00000 0.00045 0.00000 0.00241 0.00350 0.02691 0.03970 0.00333 0.00397 0.00031 0.00019 0.00418 0.00312 0.00520 0.00261 0.00232 0.00331 0.00000 0.00000 0.00000 0.00000 0.00000 0.00000 0.00000 0.00000 0.00000 0.00000 0.03497 0.16750 0.09052 0.09175
-9999 -9999 -9999 -9999 -9999 -9999 -9999 -9999 -9999 0.55613 0.54217 0.08971 0.07861 0.09043 0.07717 0.02379 0.01585 0.04693 0.00739 0.05934 0.00603 0.03859 0.05096 0.00037 0.00076 0.00192 0.00228 0.00000 0.00000 0.00000 0.00000 0.00211 0.02952 0.04546 0.05982 0.00489 0.00944 0.01719 0.00374 0.00002 0.00002 0.00000 0.00000 0.00000 0.00000 0.00000 0.00000 0.01767 0.02689 0.00372 0.00079 0.00000 0.00139 0.11264 0.07164 0.00010 0.00028 0.00091 0.00093 0.00000 0.00000 0.00000 0.00000 0.00000 0.00000 0.00000 0.00000 0.00000 0.00004 0.01922 0.00909 0.06361 0.06407
-9999 -9999 -9999 -9999 -9999 -9999 -9999 -9999 -9999 -9999 0.41015 0.04798 0.03346 0.06119 0.05084 0.00425 0.00631 0.02438 0.00665 0.05616 0.02838 0.00497 0.01242 -9999 -9999 -9999 -9999 -9999 -9999 0.00000 0.00000 0.00238 0.02812 0.03545 0.04504 0.00285 0.00223 0.00580 0.00131 0.00000 0.00000 0.00000 0.00000 0.00000 0.00000 0.00000 0.00000 0.00769 0.00000 0.00000 0.00125 0.00014 0.00000 0.06545 0.05939 0.00000 0.00000 0.00087 0.00064 0.00000 0.00000 0.00000 0.00000 0.00000 0.00521 0.00000 0.00000 0.00003 0.01113 0.03523 0.03096 0.04780 0.02303
-9999 -9999 -9999 -9999 -9999 -9999 -9999 -9999 -9999 -9999 -9999 -9999 0.00284 0.00091 0.00125 0.00348 0.00334 0.06604 0.07523 -9999 -9999 -9999 -9999 -9999 -9999 -9999 -9999 -9999 -9999 -9999 -9999 -9999 -9999 0.01010 0.14930 0.05399 0.04183 0.00112 0.00000 0.00000 0.00000 0.00000 0.00000 0.00000 0.00000 0.00000 0.00000 0.00000 0.00000 0.00000 0.00000 0.01938 0.00648 0.00248 0.00644 0.00149 0.00153 0.00040 0.00046 0.00255 0.00247 0.00000 0.00000 0.00000 0.00000 0.00001 0.00002 0.00000 0.00209 0.01091 0.00477 0.02335 -9999
-9999 -9999 -9999 -9999 -9999 -9999 -9999 -9999 -9999 -9999 -9999 -9999 -9999 -9999 -9999 -9999 -9999 -9999 -9999 -9999 -9999 -9999 -9999 -9999 -9999 -9999 -9999 -9999 -9999 -9999 -9999 -9999 -9999 -9999 0.02380 0.05472 0.01885 0.00239 0.00000 0.00000 0.00000 0.00000 0.00000 0.00000 0.00000 0.00000 0.00000 0.00000 0.00000 0.00000 0.00000 0.00167 0.02010 0.00270 0.00539 0.00167 0.00118 0.00021 0.00044 0.00328 0.00228 0.00000 0.00000 0.00000 0.00000 0.00000 0.00003 0.00007 0.00288 0.01387 0.01101 -9999 -9999
-9999 -9999 -9999 -9999 -9999 -9999 -9999 -9999 -9999 -9999 -9999 -9999 -9999 -9999 -9999 -9999 -9999 -9999 -9999 -9999 -9999 -9999 -9999 -9999 -9999 -9999 -9999 -9999 -9999 -9999 -9999 -9999 -9999 -9999 0.00000 0.00207 0.00388 0.00391 0.00000 0.00000 0.00000 0.00000 0.00000 0.00000 0.00000 0.00000 0.00000 0.00000 0.00000 0.00000 0.00006 0.00000 0.00000 0.02315 0.00723 0.00000 0.00000 0.00000 0.00000 0.00000 0.00000 0.00000 0.00000 0.00000 0.00000 0.00101 0.00000 0.00000 0.00146 0.00034 -9999 -9999 -9999
-9999 -9999 -9999 -9999 -9999 -9999 -9999 -9999 -9999 -9999 -9999 -9999 -9999 -9999 -9999 -9999 -9999 -9999 -9999 -9999 -9999 -9999 -9999 -9999 -9999 -9999 -9999 -9999 -9999 -9999 -9999 -9999 -9999 -9999 -9999 -9999 -9999 -9999 0.00000 0.00000 0.00000 0.00000 0.00000 0.00000 0.00000 0.00000 0.00000 0.00000 0.00000 0.00000 0.00000 0.00000 0.00010 0.00218 0.00215 0.00000 0.00000 0.00000 0.00000 0.00000 0.00000 0.00000 0.00000 0.00000 0.02668 0.00219 0.00065 0.00000 0.00000 -9999 -9999 -9999 -9999
-9999 -9999 -9999 -9999 -9999 -9999 -9999 -9999 -9999 -9999 -9999 -9999 -9999 -9999 -9999 -9999 -9999 -9999 -9999 -9999 -9999 -9999 -9999 -9999 -9999 -9999 -9999 -9999 -9999 -9999 -9999 -9999 -9999 -9999 -9999 -9999 -9999 -9999 -9999 0.00000 0.00000 0.00000 0.00000 0.00000 0.00000 0.00000 0.00000 0.00000 0.00000 0.00000 0.00000 0.00220 0.00020 0.00000 0.00000 0.00006 0.00006 0.00031 0.00000 0.00000 0.00000 0.00000 0.00000 0.00000 0.00000 0.00011 0.00000 0.00000 -9999 -9999 -9999 -9999 -9999
-9999 -9999 -9999 -9999 -9999 -9999 -9999 -9999 -9999 -9999 -9999 -9999 -9999 -9999 -9999 -9999 -9999 -9999 -9999 -9999 -9999 -9999 -9999 -9999 -9999 -9999 -9999 -9999 -9999 -9999 -9999 -9999 -9999 -9999 -9999 -9999 -9999 -9999 -9999 -9999 -9999 -9999 -9999 0.00000 0.00000 0.00000 0.00000 0.00000 0.00000 0.00000 0.00000 0.00223 0.00012 0.00000 0.00000 0.00001 0.00004 0.00088 0.00000 0.00000 0.00000 0.00000 0.00000 0.00000 0.00000 0.00000 0.00000 -9999 -9999 -9999 -9999 -9999 -9999
