data/hydroclimate-scenarios/1948-2000.Pcorr55N_Pref_Tref/monthly_summaries/snodep_monthly_day1_may.1950-2000.asc
ncols	311
nrows	91
xllcenter	102.75
yllcenter	31.75
cellsize	0.5
NODATA_value	-9999
[rows 0 to 31 of 91, columns 216 to 287 of 311]
-9999 -9999 -9999 -9999 -9999 -9999 -9999 -9999 -9999 -9999 -9999 -9999 -9999 -9999 -9999 -9999 -9999 -9999 -9999 -9999 -9999 -9999 -9999 -9999 -9999 -9999 -9999 -9999 -9999 -9999 -9999 -9999 -9999 -9999 -9999 -9999 -9999 -9999 -9999 -9999 -9999 -9999 -9999 -9999 -9999 -9999 -9999 -9999 -9999 -9999 -9999 -9999 -9999 -9999 -9999 -9999 -9999 -9999 -9999 -9999 -9999 -9999 -9999 -9999 -9999 -9999 -9999 -9999 -9999 -9999 -9999 -9999
-9999 -9999 -9999 -9999 -9999 -9999 -9999 -9999 -9999 -9999 -9999 -9999 -9999 -9999 -9999 -9999 -9999 -9999 -9999 -9999 -9999 -9999 -9999 -9999 -9999 -9999 -9999 -9999 -9999 -9999 -9999 -9999 -9999 -9999 -9999 -9999 -9999 -9999 -9999 -9999 -9999 -9999 -9999 -9999 -9999 -9999 -9999 -9999 -9999 -9999 -9999 -9999 -9999 -9999 -9999 -9999 -9999 -9999 -9999 -9999 -9999 -9999 -9999 -9999 -9999 -9999 -9999 -9999 -9999 -9999 -9999 -9999
-9999 -9999 -9999 -9999 -9999 -9999 -9999 -9999 -9999 -9999 -9999 -9999 -9999 -9999 -9999 -9999 -9999 -9999 -9999 -9999 -9999 -9999 -9999 -9999 -9999 -9999 -9999 -9999 -9999 -9999 -9999 -9999 -9999 -9999 -9999 -9999 -9999 -9999 -9999 -9999 -9999 -9999 -9999 -9999 -9999 -9999 -9999 -9999 -9999 -9999 -9999 -9999 -9999 -9999 -9999 -9999 -9999 -9999 -9999 -9999 -9999 -9999 -9999 -9999 -9999 -9999 -9999 -9999 -9999 -9999 -9999 -9999
-9999 -9999 -9999 -9999 -9999 -9999 -9999 -9999 -9999 -9999 -9999 -9999 -9999 -9999 -9999 -9999 -9999 -9999 -9999 -9999 -9999 -9999 -9999 -9999 -9999 -9999 -9999 -9999 -9999 -9999 -9999 -9999 -9999 -9999 -9999 -9999 -9999 -9999 -9999 -9999 -9999 -9999 -9999 -9999 -9999 -9999 -9999 -9999 -9999 -9999 -9999 -9999 -9999 -9999 -9999 -9999 -9999 -9999 -9999 -9999 -9999 -9999 -9999 -9999 -9999 -9999 -9999 -9999 -9999 -9999 -9999 -9999
-9999 -9999 -9999 -9999 -9999 -9999 -9999 -9999 -9999 -9999 -9999 -9999 -9999 -9999 -9999 -9999 -9999 -9999 -9999 -9999 -9999 -9999 -9999 -9999 -9999 -9999 -9999 -9999 -9999 -9999 -9999 -9999 -9999 -9999 -9999 -9999 -9999 -9999 -9999 -9999 -9999 -9999 -9999 -9999 -9999 -9999 -9999 -9999 -9999 -9999 -9999 -9999 -9999 -9999 -9999 -9999 -9999 -9999 -9999 -9999 -9999 -9999 -9999 -9999 -9999 -9999 -9999 -9999 -9999 -9999 -9999 -9999
-9999 -9999 -9999 -9999 -9999 -9999 -9999 -9999 -9999 -9999 -9999 -9999 -9999 -9999 -9999 -9999 -9999 -9999 -9999 -9999 -9999 -9999 -9999 -9999 -9999 -9999 -9999 -9999 -9999 -9999 -9999 -9999 -9999 -9999 -9999 -9999 -9999 -9999 -9999 -9999 -9999 -9999 -9999 -9999 -9999 -9999 -9999 -9999 -9999 -9999 -9999 -9999 -9999 -9999 -9999 -9999 -9999 -9999 -9999 -9999 -9999 -9999 -9999 -9999 -9999 -9999 -9999 -9999 -9999 -9999 -9999 -9999
-9999 -9999 -9999 -9999 -9999 -9999 -9999 -9999 -9999 -9999 -9999 -9999 -9999 -9999 -9999 -9999 -9999 -9999 -9999 -9999 -9999 -9999 -9999 -9999 -9999 -9999 -9999 -9999 -9999 -9999 -9999 -9999 -9999 -9999 -9999 -9999 -9999 -9999 -9999 -9999 -9999 -9999 -9999 -9999 -9999 -9999 -9999 -9999 -9999 -9999 -9999 -9999 -9999 -9999 -9999 -9999 -9999 -9999 -9999 -9999 -9999 -9999 -9999 -9999 -9999 -9999 -9999 -9999 -9999 -9999 -9999 -9999
-9999 -9999 -9999 -9999 -9999 -9999 -9999 -9999 -9999 -9999 -9999 -9999 -9999 -9999 -9999 -9999 -9999 -9999 -9999 -9999 -9999 -9999 -9999 -9999 -9999 -9999 -9999 -9999 -9999 -9999 -9999 -9999 -9999 -9999 -9999 -9999 -9999 -9999 -9999 -9999 -9999 -9999 -9999 -9999 -9999 -9999 -9999 -9999 -9999 -9999 -9999 -9999 -9999 -9999 -9999 -9999 -9999 -9999 -9999 -9999 -9999 -9999 -9999 -9999 -9999 -9999 -9999 -9999 -9999 -9999 -9999 -9999
-9999 -9999 -9999 -9999 -9999 -9999 -9999 -9999 -9999 -9999 -9999 -9999 -9999 -9999 -9999 -9999 -9999 -9999 -9999 -9999 -9999 -9999 -9999 -9999 -9999 -9999 -9999 -9999 -9999 -9999 -9999 -9999 -9999 -9999 -9999 -9999 -9999 -9999 -9999 -9999 -9999 -9999 -9999 -9999 -9999 -9999 -9999 -9999 -9999 -9999 -9999 -9999 -9999 -9999 -9999 -9999 -9999 -9999 -9999 -9999 -9999 -9999 -9999 -9999 -9999 -9999 -9999 -9999 -9999 -9999 -9999 -9999
-9999 -9999 -9999 -9999 -9999 -9999 -9999 -9999 -9999 -9999 -9999 -9999 -9999 -9999 -9999 -9999 -9999 -9999 -9999 -9999 -9999 -9999 -9999 -9999 -9999 -9999 -9999 -9999 -9999 -9999 -9999 -9999 -9999 -9999 -9999 -9999 -9999 -9999 -9999 -9999 -9999 -9999 -9999 -9999 -9999 -9999 -9999 -9999 -9999 -9999 -9999 -9999 -9999 -9999 -9999 -9999 -9999 -9999 -9999 -9999 -9999 -9999 -9999 -9999 -9999 -9999 -9999 -9999 -9999 -9999 -9999 -9999
-9999 -9999 -9999 -9999 -9999 -9999 -9999 -9999 -9999 -9999 -9999 -9999 -9999 -9999 -9999 -9999 -9999 -9999 -9999 -9999 -9999 -9999 -9999 -9999 -9999 -9999 -9999 -9999 -9999 -9999 -9999 -9999 -9999 -9999 -9999 -9999 -9999 -9999 -9999 -9999 -9999 -9999 -9999 -9999 -9999 -9999 -9999 -9999 -9999 -9999 -9999 -9999 -9999 -9999 -9999 -9999 -9999 -9999 -9999 -9999 -9999 -9999 -9999 -9999 -9999 -9999 -9999 -9999 -9999 -9999 -9999 -9999
-9999 -9999 -9999 -9999 -9999 -9999 -9999 -9999 -9999 -9999 -9999 -9999 -9999 -9999 -9999 -9999 -9999 -9999 -9999 -9999 -9999 -9999 -9999 -9999 -9999 -9999 -9999 -9999 -9999 -9999 -9999 -9999 -9999 -9999 -9999 -9999 -9999 -9999 -9999 -9999 -9999 -9999 -9999 -9999 -9999 -9999 -9999 -9999 -9999 -9999 -9999 -9999 -9999 -9999 -9999 -9999 -9999 -9999 -9999 -9999 -9999 -9999 -9999 -9999 -9999 -9999 -9999 -9999 -9999 -9999 -9999 -9999
-9999 -9999 -9999 -9999 -9999 -9999 -9999 -9999 -9999 -9999 -9999 -9999 -9999 -9999 -9999 -9999 -9999 -9999 -9999 -9999 -9999 -9999 -9999 -9999 -9999 -9999 -9999 -9999 -9999 -9999 -9999 -9999 -9999 -9999 -9999 -9999 -9999 -9999 -9999 -9999 -9999 -9999 -9999 -9999 -9999 -9999 -9999 -9999 -9999 -9999 -9999 -9999 -9999 -9999 -9999 -9999 -9999 -9999 -9999 -9999 -9999 -9999 -9999 -9999 -9999 -9999 -9999 -9999 -9999 -9999 -9999 -9999
31.19580 25.98950 25.08840 -9999 -9999 -9999 -9999 -9999 -9999 -9999 -9999 -9999 -9999 -9999 -9999 -9999 -9999 -9999 -9999 -9999 -9999 -9999 -9999 -9999 -9999 -9999 -9999 -9999 -9999 -9999 -9999 -9999 -9999 -9999 -9999 -9999 -9999 -9999 -9999 -9999 -9999 -9999 -9999 -9999 22.50410 -9999 -9999 -9999 -9999 -9999 -9999 -9999 -9999 -9999 -9999 -9999 -9999 -9999 -9999 -9999 -9999 -9999 -9999 -9999 -9999 -9999 -9999 -9999 -9999 -9999 -9999 -9999
31.21200 31.59030 31.29600 27.41030 25.54770 19.13680 21.73010 7.43039 8.87822 8.60792 36.31680 35.08770 33.72790 31.35830 26.82140 105.14400 -9999 -9999 -9999 -9999 -9999 -9999 -9999 -9999 -9999 -9999 -9999 -9999 -9999 -9999 -9999 -9999 -9999 -9999 -9999 -9999 -9999 -9999 -9999 7.01390 12.48380 10.48730 5.70485 8.46139 15.66600 30.84350 -9999 -9999 -9999 29.39620 -9999 -9999 -9999 30.44020 37.67820 37.46520 -9999 -9999 -9999 -9999 -9999 -9999 -9999 -9999 -9999 -9999 -9999 -9999 -9999 -9999 -9999 -9999
31.20510 31.13980 31.11310 1.09339 0.17402 0.03391 0.20087 0.44914 1.05066 1.04198 1.74625 0.48782 1.01221 0.38072 0.19125 0.00676 0.00276 0.01338 1.07034 20.92080 37.28850 23.66160 -9999 -9999 -9999 -9999 -9999 30.37690 30.41670 32.60790 35.10600 35.58370 32.91220 30.31710 30.18290 29.15570 27.18930 25.02380 25.52950 6.51102 8.46132 7.66697 8.44778 11.61040 15.34200 35.40830 37.00050 37.85910 35.88200 34.98720 39.22760 39.31460 36.85020 41.09880 41.28760 33.60340 34.47930 36.61860 35.58620 36.81170 34.92610 -9999 -9999 -9999 -9999 -9999 -9999 -9999 -9999 -9999 -9999 -9999
24.38720 23.24050 6.57311 0.26831 0.79547 1.28959 1.32250 0.76931 2.84184 1.56494 2.06143 0.55278 0.29207 0.00346 0.00007 0.00000 0.00000 0.16594 0.87875 28.48790 11.33220 18.77380 24.69910 29.36110 35.76540 38.41340 36.26270 34.37140 33.78400 34.68810 40.37060 42.97140 38.71400 34.66050 36.17180 36.79350 34.57120 35.50990 35.40160 33.57950 34.32870 35.97540 34.46460 35.35250 36.13180 36.53890 36.36390 38.66280 37.91340 40.12220 41.81090 44.81200 50.48200 49.80240 49.38920 52.60080 52.89700 48.88620 52.97360 48.92390 47.50020 43.45550 39.45290 38.34670 38.17260 36.49320 37.89060 41.22630 41.71860 -9999 -9999 -9999
5.52832 4.30279 1.54769 0.37486 0.16649 0.52583 0.44645 0.78159 0.74439 0.39190 0.27297 0.03105 0.01643 0.00000 0.00000 0.27793 8.77575 12.54090 24.10590 50.66690 55.45060 24.52970 27.92040 26.13490 35.43110 41.40920 45.74380 48.09540 35.54470 36.70300 41.42340 47.35190 50.03880 49.36170 49.15480 45.91980 44.08530 41.96330 43.47020 39.11110 36.68160 37.27510 35.79440 34.91320 36.37940 39.50210 39.20890 39.68560 41.49960 42.88920 46.64560 49.08220 52.62780 54.07970 51.17660 51.78900 53.63280 56.16810 60.28280 51.01980 51.38550 47.16820 45.56960 44.05960 48.53390 52.75200 55.87750 59.24810 53.31740 -9999 38.82800 -9999
22.30860 8.03919 2.63086 2.12686 0.22146 0.19725 0.15807 0.56732 0.52579 0.27746 0.16100 0.00008 0.00009 5.12609 0.24649 0.19768 0.04486 23.46470 38.65510 52.32280 54.75050 30.83050 29.35980 35.64850 28.63860 30.18880 40.14930 61.45330 50.32980 49.07950 47.92430 50.42640 53.21140 53.96180 50.30530 46.43330 45.01550 42.14600 41.23160 39.31820 41.07170 41.29010 41.43190 43.90510 44.81440 46.40890 46.09810 46.60070 44.98920 44.01180 45.32920 49.05690 48.33480 46.62340 50.42600 53.55940 55.02930 54.80820 55.85210 50.77930 51.82290 52.02290 56.21150 58.82490 58.30240 56.00390 58.15930 60.45780 65.46180 63.93900 -9999 -9999
22.81270 22.14500 16.80770 10.78790 1.71509 8.64211 6.75774 7.20083 5.72573 8.17223 9.74287 9.31274 8.22089 5.24223 6.32716 45.75160 47.83710 32.37190 42.54380 35.79840 44.98240 23.28140 28.55380 36.57460 40.07050 49.45890 48.85240 70.09100 67.81940 59.16270 54.73230 51.13620 47.47470 46.07630 44.20320 45.06230 47.50920 43.04180 39.93820 45.99980 49.40510 46.64110 46.60490 48.10900 47.94690 48.86480 45.71260 47.25690 51.21680 46.83440 46.34330 48.96560 49.56390 51.12150 53.09860 53.35300 52.00280 50.55800 49.39680 50.84240 54.00560 56.96720 59.11100 62.88800 68.69410 73.05600 74.82580 74.24420 83.79810 81.86500 72.95540 -9999
33.80280 18.53650 12.54140 10.44110 5.87946 1.93225 1.73723 6.52067 8.43108 7.22406 8.54948 8.65928 9.68276 9.59573 10.03570 26.94750 17.87500 1.93638 4.70296 16.54630 13.51940 17.49210 27.58590 34.43850 40.84160 46.24840 53.62060 57.13120 63.49610 61.52200 56.63970 49.01870 44.13520 44.38930 46.50580 44.73730 44.63530 45.43070 40.99950 45.00210 44.50530 44.64950 44.34580 46.16320 48.62170 49.77440 50.62910 52.33800 49.68450 50.07800 50.31580 51.99640 52.12500 56.26840 51.30420 49.56550 46.40660 45.34120 44.88350 46.84650 50.47740 54.10390 57.52350 60.84400 67.29780 70.06600 72.93330 73.51450 73.78640 76.64020 76.94010 75.99100
10.27690 7.94692 7.83586 6.84713 6.34631 4.88799 5.96332 9.08390 9.48543 9.39266 12.38160 11.37700 6.48881 5.28860 4.68675 32.41440 31.61130 0.63708 0.25174 0.07591 2.35835 12.30300 27.70280 39.35590 46.15610 42.09250 49.63270 53.29910 63.70690 64.79310 58.86500 52.26940 48.22650 45.92860 42.62350 42.80100 43.64700 43.26680 39.75360 41.17120 41.11060 38.72450 41.58810 46.79040 47.89590 49.49310 49.95040 51.19110 49.74040 45.48620 45.67250 47.29730 45.52990 45.73870 49.37330 48.28140 47.02260 44.15120 44.73320 45.30380 47.40340 48.11460 45.04370 50.69480 56.57830 63.03560 68.97560 74.21950 71.03180 63.48350 62.49190 65.81780
15.40020 12.03170 9.39804 14.43270 11.66010 9.94228 13.26370 0.07849 5.60336 11.35340 18.54090 13.14350 8.45149 8.15116 7.32678 10.53530 21.46290 1.33150 0.30307 0.01081 2.74972 4.67645 16.26820 19.98890 25.48410 37.46010 44.60340 48.46650 48.63330 49.33880 51.63400 50.70320 51.23040 52.31500 52.28710 58.95820 56.27410 57.46270 52.33240 46.79500 44.85240 42.35600 49.94260 55.75110 64.09030 65.94910 64.52660 61.08300 59.04820 52.75960 51.13650 48.21370 51.39260 49.25310 49.77800 43.09440 41.95390 45.67200 42.28220 46.71610 48.42120 45.46530 47.64720 51.95540 55.07110 60.22820 63.60770 69.19940 70.30570 67.50330 63.69530 64.69700
9.26380 4.41002 5.48169 7.17272 5.59704 7.89761 0.14794 0.15708 0.13366 0.08109 0.04916 0.00576 0.00117 9.87437 9.17875 11.15260 23.51620 4.61976 0.28796 1.49925 4.17819 5.03770 6.36206 8.40803 11.84650 21.25360 31.72210 40.85870 43.91620 46.50310 43.95810 52.48250 46.61620 44.49420 53.37740 67.92580 62.49010 70.74100 76.48970 85.71860 86.67570 86.78320 84.79560 75.76590 67.14610 74.51180 69.95240 60.02430 49.59610 52.72200 48.39220 44.86520 48.53060 44.32100 37.49630 41.39980 49.74050 51.66290 43.31440 45.87820 50.40420 47.08680 48.88050 49.07870 51.59340 53.41740 56.07980 58.90320 64.89120 68.85850 68.51620 61.72880
6.72901 4.46917 3.56212 5.11218 6.38638 9.90322 8.70390 7.71258 0.02867 0.11813 0.14098 0.03881 0.00977 0.28715 0.18677 0.02546 31.27870 42.60040 1.44982 0.05418 0.06781 1.81009 1.87085 0.07840 2.67059 6.90844 9.76601 10.45920 16.05130 15.70600 22.09870 20.29560 28.90900 34.64180 35.12710 48.68800 57.92890 72.58680 78.75020 95.31900 97.61020 111.52400 125.88300 127.27400 105.80300 81.29090 64.31320 57.35080 45.16500 44.64990 52.29180 48.18640 42.98900 44.49900 45.97770 39.42810 41.92240 48.44310 54.25260 59.73830 56.91730 49.76150 44.84530 44.64790 47.15250 48.46290 48.95830 51.31940 54.15860 58.64470 63.66680 67.47890
4.92597 6.82785 6.82570 10.24640 6.79016 5.05014 4.61769 13.47860 16.82540 8.24471 7.84700 0.01766 0.00800 0.17480 0.16618 1.00479 4.10184 5.64794 19.36160 1.08781 7.19112 3.11986 1.11755 1.13076 1.44633 2.79262 13.14270 13.81150 19.48260 12.35260 16.47890 14.29590 22.71470 31.28700 36.77510 50.35730 63.40910 70.59670 85.31620 102.49400 115.46900 118.82800 124.34400 131.60400 124.28100 111.49600 90.64690 78.91830 63.87090 47.03000 64.42480 68.11250 51.90160 47.41620 47.32800 40.47290 43.88080 46.92920 54.75430 55.65670 50.68010 49.97790 52.25820 47.56590 43.56970 46.98530 46.60830 48.90390 51.66440 52.44560 57.07740 64.60680
21.07660 14.71190 35.52620 47.27360 47.69230 34.15690 29.62520 41.15140 47.10530 16.03720 3.71063 2.30367 1.42200 0.88795 1.84416 4.67890 2.59930 7.51472 6.75842 8.49183 14.58120 13.44710 17.15260 21.27290 23.18890 28.27680 36.58830 33.82380 21.68510 18.53690 22.38940 25.50080 30.14230 27.24940 37.56160 48.94440 63.90710 82.41180 94.92910 104.63000 125.46600 136.18500 142.64500 142.16901 147.92300 127.87100 104.96400 88.76260 80.54100 57.51300 49.04430 50.81390 58.56090 48.81520 46.75210 47.45560 47.25040 43.29350 50.20910 55.21780 57.57690 51.08600 45.71050 48.18540 46.16740 43.05980 42.96670 43.25360 47.23050 52.35280 53.20440 59.46690
51.64920 45.18020 40.28140 41.58690 64.57590 70.70920 78.06770 65.99340 70.49510 56.58220 43.13010 35.62660 9.98335 1.47349 1.16070 30.49680 38.61600 32.14090 36.78400 25.26180 30.80880 13.35100 14.88250 17.49190 24.78420 25.19330 26.66320 23.31730 12.77900 9.04213 11.74190 7.32438 16.36660 27.60620 40.29260 49.26430 61.83360 80.29940 102.24900 115.68300 128.71100 146.26300 155.36900 160.38000 159.59000 134.07800 112.78200 106.08100 92.09430 76.45030 63.50800 43.82170 53.77510 46.81190 44.99890 44.62290 48.39570 42.69260 47.24740 48.65780 42.88620 37.88790 38.54980 44.46220 46.84780 42.37290 37.87160 34.69240 38.37190 46.46700 52.42320 56.07560
54.86060 36.81270 36.22640 41.13590 17.64740 17.64900 20.26040 24.21390 25.27760 14.48430 19.88310 13.53400 15.54380 9.17231 0.39009 19.77330 36.42990 58.69800 69.96800 48.44430 26.97900 1.97652 0.45768 10.42230 13.04020 10.57920 13.36010 14.79610 7.44077 5.88352 2.27303 2.95406 12.19490 27.88130 38.01240 52.11670 68.97550 83.07060 101.34500 116.21800 133.09300 160.79100 168.20799 178.07899 176.21899 147.78900 149.88699 125.06900 105.85200 87.45770 67.21970 55.07940 36.49510 44.61770 44.80870 35.25290 34.09160 34.75900 34.84360 35.75370 36.84030 38.90090 42.00770 43.78390 45.91130 43.87690 35.43200 32.03750 31.68350 35.61490 42.93750 46.84010
89.78290 112.65000 73.96780 42.32580 26.74000 13.61980 10.25870 8.24993 7.37720 28.12650 83.92710 85.61400 61.70840 49.00100 17.59350 28.76150 40.37520 47.51340 100.07300 94.41930 48.61330 16.62710 4.79996 2.15841 2.30833 7.10369 8.44076 6.75943 1.82253 3.14961 0.11493 0.87736 9.02509 27.90050 39.45730 53.93440 69.19950 91.53300 107.03200 123.50400 152.65199 168.20700 188.12500 171.90199 171.51601 168.69299 161.27299 132.75000 118.00900 98.42480 83.08090 60.04410 30.77830 34.03890 41.11730 30.59460 39.03590 52.38080 67.58640 68.66880 67.69130 66.15490 56.22860 42.39880 40.70960 44.82910 39.71810 31.20240 28.49910 39.89350 38.90710 41.73020
43.90820 58.29210 40.65130 83.63100 142.29401 131.21800 57.35870 30.50220 13.04260 21.31220 58.22210 351.56900 767.53302 329.70200 116.28900 99.25550 106.91600 106.42100 155.05800 132.36400 62.72390 26.32150 18.05540 17.00060 20.43160 9.32578 10.91960 3.64355 0.73696 0.17041 0.15702 0.69490 5.52322 21.41370 37.09100 50.81900 62.91860 75.98950 95.32330 99.77300 127.78800 148.85600 157.20399 168.17500 139.47099 112.14100 96.30610 83.30760 83.33730 84.64670 66.51560 55.94540 41.98350 32.66050 39.21050 25.92120 27.80110 28.38030 34.11660 36.84960 36.64390 34.38110 34.45780 35.00100 38.66280 40.18730 41.82150 40.03370 32.55930 28.92100 23.67860 26.41020
49.44200 159.98399 1488.47998 -9999 5643.27979 1086.63000 322.00000 272.73499 126.02400 106.16700 73.77640 59.13990 51.21030 22.03810 76.43980 1395.26001 2185.93994 2228.42993 2077.07007 256.10800 171.12100 104.81200 78.22110 47.34610 37.92400 37.39140 31.66200 23.36150 8.90903 2.03137 2.80765 3.95669 15.97510 31.83560 44.40940 59.21500 69.60370 82.82000 97.97990 97.92230 91.70340 127.94800 125.15600 139.60100 119.83900 93.89130 89.36290 83.33330 72.83660 68.35250 58.84350 47.66410 30.50050 19.99680 21.17300 24.75780 28.22100 26.25840 23.73510 25.13550 24.82740 25.11410 27.54730 29.92450 29.85780 27.65690 29.54250 28.36830 20.05430 17.52550 15.75610 26.24680
