data/hydroclimate-scenarios/1948-2000.Pcorr55N_Pref_Tref/monthly_summaries/snodep_monthly_day1_sep.1950-2000.asc
ncols	311
nrows	91
xllcenter	102.75
yllcenter	31.75
cellsize	0.5
NODATA_value	-9999
[rows 0 to 32 of 91, columns 73 to 145 of 311]
-9999 -9999 -9999 -9999 -9999 -9999 -9999 -9999 -9999 -9999 -9999 -9999 -9999 -9999 -9999 -9999 -9999 -9999 -9999 -9999 -9999 -9999 -9999 -9999 -9999 -9999 -9999 -9999 -9999 -9999 -9999 -9999 -9999 -9999 -9999 -9999 -9999 -9999 -9999 -9999 -9999 -9999 -9999 -9999 -9999 -9999 -9999 -9999 -9999 -9999 -9999 -9999 -9999 -9999 -9999 -9999 -9999 -9999 -9999 -9999 -9999 -9999 -9999 -9999 -9999 -9999 -9999 -9999 -9999 -9999 -9999 -9999 -9999
-9999 -9999 -9999 -9999 -9999 -9999 -9999 -9999 -9999 -9999 -9999 -9999 -9999 -9999 -9999 -9999 -9999 -9999 -9999 -9999 -9999 -9999 -9999 -9999 -9999 -9999 -9999 -9999 -9999 -9999 -9999 -9999 -9999 -9999 -9999 -9999 -9999 -9999 -9999 -9999 -9999 -9999 -9999 -9999 -9999 -9999 -9999 -9999 -9999 -9999 -9999 -9999 -9999 -9999 -9999 -9999 -9999 -9999 -9999 -9999 -9999 -9999 -9999 -9999 -9999 -9999 -9999 -9999 -9999 -9999 -9999 -9999 -9999
-9999 -9999 -9999 -9999 -9999 -9999 -9999 -9999 -9999 -9999 -9999 -9999 -9999 -9999 -9999 -9999 -9999 -9999 -9999 -9999 -9999 -9999 -9999 -9999 -9999 -9999 -9999 -9999 -9999 -9999 -9999 -9999 -9999 -9999 -9999 -9999 -9999 -9999 -9999 -9999 -9999 -9999 -9999 -9999 -9999 -9999 -9999 -9999 -9999 -9999 -9999 -9999 -9999 -9999 -9999 -9999 -9999 -9999 -9999 -9999 -9999 -9999 -9999 -9999 -9999 -9999 -9999 -9999 -9999 -9999 -9999 -9999 -9999
-9999 -9999 -9999 -9999 -9999 -9999 -9999 -9999 -9999 -9999 -9999 -9999 -9999 -9999 -9999 -9999 -9999 -9999 -9999 -9999 -9999 -9999 -9999 -9999 -9999 -9999 -9999 -9999 -9999 -9999 -9999 -9999 -9999 -9999 -9999 -9999 -9999 -9999 -9999 -9999 -9999 -9999 -9999 -9999 -9999 -9999 -9999 -9999 -9999 -9999 -9999 -9999 -9999 -9999 -9999 -9999 -9999 -9999 -9999 -9999 -9999 -9999 -9999 -9999 -9999 -9999 -9999 -9999 -9999 -9999 -9999 -9999 -9999
-9999 -9999 -9999 -9999 -9999 -9999 -9999 -9999 -9999 -9999 -9999 -9999 -9999 -9999 -9999 -9999 -9999 -9999 -9999 -9999 -9999 -9999 -9999 -9999 -9999 -9999 -9999 -9999 -9999 -9999 -9999 -9999 -9999 -9999 -9999 -9999 -9999 -9999 -9999 -9999 -9999 -9999 -9999 -9999 -9999 -9999 -9999 -9999 -9999 -9999 -9999 -9999 -9999 -9999 -9999 -9999 -9999 -9999 -9999 -9999 -9999 -9999 -9999 -9999 -9999 -9999 -9999 -9999 -9999 -9999 -9999 -9999 -9999
-9999 -9999 -9999 -9999 -9999 -9999 -9999 -9999 -9999 -9999 -9999 -9999 -9999 -9999 -9999 -9999 -9999 -9999 -9999 -9999 -9999 -9999 -9999 -9999 -9999 -9999 -9999 -9999 -9999 -9999 -9999 -9999 -9999 -9999 -9999 -9999 -9999 -9999 -9999 -9999 -9999 -9999 -9999 -9999 -9999 -9999 -9999 -9999 -9999 -9999 -9999 -9999 -9999 -9999 -9999 -9999 -9999 -9999 -9999 -9999 -9999 -9999 -9999 -9999 -9999 -9999 -9999 -9999 -9999 -9999 -9999 -9999 -9999
-9999 -9999 -9999 -9999 -9999 -9999 -9999 -9999 -9999 -9999 -9999 -9999 -9999 -9999 -9999 -9999 -9999 -9999 -9999 -9999 -9999 -9999 -9999 -9999 -9999 -9999 -9999 -9999 -9999 -9999 -9999 -9999 -9999 -9999 -9999 -9999 -9999 -9999 -9999 -9999 -9999 -9999 -9999 -9999 -9999 -9999 -9999 -9999 -9999 -9999 -9999 -9999 -9999 -9999 -9999 -9999 -9999 -9999 -9999 -9999 -9999 -9999 -9999 -9999 -9999 -9999 -9999 -9999 -9999 -9999 -9999 -9999 -9999
-9999 -9999 -9999 -9999 -9999 -9999 -9999 -9999 -9999 -9999 -9999 -9999 -9999 -9999 -9999 -9999 -9999 -9999 -9999 -9999 -9999 -9999 -9999 -9999 -9999 -9999 -9999 -9999 -9999 -9999 -9999 -9999 -9999 -9999 -9999 -9999 -9999 -9999 -9999 -9999 -9999 -9999 -9999 -9999 -9999 -9999 -9999 -9999 -9999 -9999 -9999 -9999 -9999 -9999 -9999 -9999 -9999 -9999 -9999 -9999 -9999 -9999 -9999 -9999 -9999 -9999 -9999 -9999 -9999 -9999 -9999 -9999 -9999
-9999 -9999 -9999 -9999 0.18943 -9999 -9999 -9999 -9999 -9999 -9999 -9999 -9999 -9999 -9999 -9999 -9999 -9999 -9999 -9999 -9999 -9999 -9999 -9999 -9999 -9999 -9999 -9999 -9999 -9999 -9999 -9999 -9999 -9999 -9999 -9999 -9999 -9999 -9999 -9999 -9999 -9999 -9999 -9999 -9999 -9999 -9999 -9999 -9999 -9999 -9999 -9999 -9999 -9999 -9999 -9999 -9999 -9999 -9999 -9999 -9999 -9999 -9999 -9999 -9999 -9999 -9999 -9999 -9999 -9999 -9999 -9999 -9999
0.08509 0.05427 0.08698 0.10001 0.17714 0.20803 0.10487 0.12521 0.14251 0.16479 0.14234 0.14328 0.11470 0.11154 0.12310 0.10764 0.08093 0.07944 0.06261 0.05172 -9999 -9999 -9999 -9999 -9999 -9999 -9999 -9999 -9999 -9999 -9999 -9999 -9999 -9999 -9999 -9999 -9999 -9999 -9999 -9999 -9999 -9999 -9999 -9999 -9999 -9999 -9999 -9999 -9999 -9999 -9999 -9999 -9999 -9999 -9999 -9999 -9999 -9999 -9999 -9999 -9999 -9999 -9999 -9999 -9999 -9999 -9999 -9999 -9999 -9999 -9999 -9999 -9999
-9999 -9999 0.00106 0.00127 0.00361 0.00456 0.08527 0.09585 0.08034 0.08196 0.07580 0.08101 0.11906 0.10526 0.13012 0.12675 0.12668 0.14729 0.14800 0.15413 -9999 -9999 -9999 -9999 -9999 -9999 -9999 -9999 -9999 -9999 -9999 -9999 -9999 -9999 -9999 -9999 -9999 -9999 -9999 -9999 -9999 -9999 -9999 -9999 -9999 -9999 -9999 -9999 -9999 -9999 -9999 -9999 -9999 -9999 -9999 -9999 -9999 -9999 -9999 -9999 -9999 -9999 -9999 -9999 -9999 -9999 -9999 -9999 -9999 -9999 -9999 -9999 -9999
0.18108 0.18545 0.00057 0.00055 0.00259 0.00288 0.06861 0.07901 0.04131 0.03257 0.04327 0.05110 0.10176 0.09442 0.11801 0.08355 0.07955 0.08144 0.11302 0.09039 0.07935 0.07000 0.08631 0.07619 0.12576 0.11510 -9999 -9999 -9999 -9999 -9999 -9999 -9999 -9999 -9999 -9999 -9999 -9999 -9999 -9999 -9999 -9999 -9999 -9999 -9999 -9999 -9999 -9999 -9999 -9999 -9999 -9999 -9999 -9999 -9999 -9999 -9999 -9999 -9999 -9999 -9999 -9999 -9999 -9999 -9999 -9999 -9999 -9999 -9999 -9999 -9999 -9999 -9999
0.11656 0.12421 0.00673 0.00000 0.00194 0.00851 0.01481 0.01384 0.05787 0.06636 0.01165 0.04278 0.10469 0.13115 0.21192 0.20447 0.13386 0.15276 0.15533 0.15186 0.15618 0.13478 0.13861 0.12638 0.00457 0.00393 0.08882 0.07005 0.00297 0.00255 0.00511 0.00422 0.03418 0.03351 0.05254 0.05578 0.00755 0.00757 0.03742 0.03521 0.04175 -9999 -9999 -9999 -9999 -9999 -9999 -9999 -9999 -9999 -9999 -9999 -9999 -9999 -9999 -9999 -9999 -9999 -9999 -9999 -9999 -9999 -9999 -9999 -9999 -9999 -9999 -9999 -9999 -9999 -9999 -9999 -9999
0.11279 0.12161 0.01061 0.00699 0.00828 0.00121 0.01226 0.01318 0.03972 0.04265 0.00647 0.01106 0.08471 0.08647 0.14474 0.15381 0.07980 0.09166 0.15010 0.18021 0.19635 0.15273 0.15190 0.11230 0.00414 0.00366 0.08271 0.08546 0.00283 0.00291 0.00410 0.00249 0.03135 0.02920 0.04778 0.04605 0.00412 0.00649 0.03042 0.03220 0.02148 0.01625 -9999 -9999 -9999 -9999 -9999 -9999 -9999 -9999 -9999 -9999 -9999 -9999 -9999 -9999 -9999 -9999 -9999 -9999 -9999 -9999 -9999 -9999 -9999 -9999 -9999 -9999 -9999 -9999 -9999 -9999 -9999
0.07702 0.11669 0.13391 0.13318 0.08400 0.07431 0.46558 0.35413 0.38531 0.29224 0.11491 0.10993 0.04087 0.06155 0.23165 0.25526 0.18151 0.24460 0.07617 0.07950 0.12145 0.11473 0.03588 0.12216 0.07097 0.05780 0.10950 0.12939 0.08288 0.07545 0.00214 0.00363 0.06433 0.06327 0.02425 0.04094 0.03521 0.05025 0.05123 0.06311 0.01999 0.01458 -9999 -9999 -9999 -9999 -9999 -9999 -9999 -9999 -9999 -9999 -9999 -9999 -9999 -9999 -9999 0.08145 0.04425 -9999 -9999 -9999 -9999 0.07256 0.14065 0.19934 0.21638 0.07718 0.06443 0.05535 0.06887 0.13772 0.10411
0.07990 0.10757 0.10932 0.07452 0.05038 0.06383 0.41734 0.46017 0.21758 0.12945 0.06190 0.05571 0.03134 0.03513 0.13349 0.13716 0.07285 0.08145 0.04345 0.06211 0.08743 0.04181 0.00482 0.00570 0.05336 0.05020 0.07797 0.06709 0.06539 0.05817 0.00167 0.00191 0.04741 0.03964 0.01119 0.01873 0.01356 0.01102 0.02993 0.03261 0.01960 0.01471 0.01132 0.00981 0.00845 0.01255 0.15297 0.18287 0.14264 0.16967 0.07922 0.07237 0.20879 0.21264 0.05071 0.04279 0.08604 0.08605 0.03574 -9999 -9999 -9999 -9999 -9999 0.06732 0.08996 0.12950 0.14221 0.16345 0.09820 0.32854 0.25699 0.13485
0.13463 0.22428 0.05026 0.01583 0.08652 0.08003 0.27788 0.24043 0.00503 0.01154 0.05075 0.00715 0.00015 0.00019 0.00377 0.00319 0.01555 0.01791 0.01255 0.01278 0.01212 0.00627 0.10279 0.09585 0.17323 0.16937 0.00719 0.00518 0.03332 0.02943 0.09841 0.10549 0.05876 0.04395 0.01416 0.01278 0.01524 0.01470 0.01032 0.00739 0.00319 0.00851 0.04405 0.04304 0.03167 0.03793 0.13030 0.19577 0.12321 0.09808 0.09286 0.15252 0.60891 0.33822 0.41488 0.45141 0.36594 0.27386 0.17474 0.19264 0.14882 0.11490 0.09528 0.10148 0.09494 0.09647 0.22603 0.28025 0.50316 0.44690 0.61613 0.95042 0.53727
0.05877 0.25700 0.12840 0.05435 0.10869 0.12868 0.14372 0.12371 0.00339 0.00257 0.00611 0.00491 0.00012 0.00006 0.00276 0.00262 0.00928 0.02469 0.00515 0.01309 0.01459 0.01575 0.06772 0.08446 0.14078 0.14023 0.00434 0.00222 0.00759 0.00352 0.06779 0.09082 0.04836 0.03557 0.01211 0.01368 0.01270 0.00937 0.01269 0.03284 0.00416 0.00228 0.02747 0.02878 0.02574 0.02783 0.03660 0.06721 0.09833 0.08914 0.08349 0.09909 0.28653 0.48351 0.52764 0.44679 0.38732 0.45747 0.26479 0.42014 0.25130 0.14464 0.10455 0.08997 0.09675 0.08601 0.18861 0.29289 0.63762 0.68002 0.84583 1.01520 0.46157
0.58570 0.11791 0.17590 0.09255 0.00654 0.04663 0.04662 0.02254 0.02891 0.02827 0.05221 0.04812 0.01740 0.01331 0.07677 0.07862 0.08218 0.14030 0.37085 0.32744 0.08220 0.05741 0.12902 0.11040 0.13681 0.12997 0.08452 0.07903 0.00826 0.00616 0.09805 0.08106 0.05113 0.05744 0.01026 0.01934 0.07931 0.09047 0.10168 0.09430 0.16889 0.17312 0.13613 0.09017 0.11046 0.12561 0.01666 0.02366 0.03965 0.03581 0.23384 0.24276 0.17200 0.14726 0.18344 0.26000 0.57507 0.69864 0.53375 0.67085 1.20327 0.78404 0.55292 0.44500 0.33036 0.33683 0.49705 0.58593 0.52529 0.52963 0.75780 0.93392 0.89028
0.72698 0.77265 0.25226 0.08057 0.00658 0.02416 0.08120 0.04285 0.30938 0.19645 0.15022 0.09386 0.03353 0.02849 0.07377 0.06963 0.07312 0.09798 0.33651 0.30256 0.06201 0.04077 0.08489 0.07480 0.11508 0.12251 0.03356 0.05122 0.00171 0.00155 0.11407 0.12919 0.06864 0.09486 0.00856 0.02499 0.11157 0.11817 0.13414 0.11584 0.12655 0.13828 0.13729 0.10640 0.19823 0.10400 0.01437 0.03190 0.03189 0.03684 0.22377 0.21128 0.16281 0.21913 0.27583 0.40918 0.55581 0.40905 0.32684 0.29917 0.56703 0.74780 0.92464 0.57200 0.66358 0.46034 0.54812 0.52840 0.37671 0.21871 0.30458 0.63788 0.60492
0.93930 1.20127 1.10525 0.28682 0.01580 0.00563 0.01680 0.01012 0.07418 0.28778 0.32487 0.39056 0.34075 0.20345 0.20180 0.14639 0.13436 0.13713 0.09191 0.09956 0.02304 0.02972 0.02333 0.02176 0.01482 0.01805 0.03064 0.02821 0.02105 0.04234 0.08623 0.08836 0.02896 0.08192 0.05812 0.10563 0.19260 0.17052 0.24533 0.27091 0.12088 0.11767 0.12306 0.07768 0.06218 0.05592 0.03042 0.01988 0.02464 0.03568 0.15726 0.16588 0.09982 0.11115 0.21631 0.35131 0.43857 0.79663 0.20545 0.14826 0.42991 0.37560 0.34883 0.35166 0.49503 0.56328 0.43646 0.36727 0.32795 0.22323 0.14233 0.24653 0.26283
0.97355 1.00433 0.93810 0.77258 0.31850 0.18379 0.10983 0.02194 0.03786 0.05531 0.10779 0.20853 0.53421 0.54331 0.62735 0.51028 0.29007 0.22041 0.12254 0.09643 0.02737 0.02932 0.01576 0.02636 0.01683 0.01773 0.02654 0.06115 0.02237 0.08381 0.15451 0.14942 0.11987 0.13731 0.09006 0.11010 0.20587 0.22964 0.26752 0.26597 0.12955 0.13810 0.09781 0.10518 0.14361 0.11246 0.10023 0.06567 0.12466 0.11778 0.27327 0.25565 0.12853 0.13375 0.34749 0.21567 0.39877 0.72280 0.12277 0.13307 0.40459 0.28451 0.28862 0.30952 0.47707 0.40943 0.28316 0.23840 0.20040 0.16750 0.10675 0.33337 0.17645
0.61495 0.66688 0.32358 0.43890 0.53051 0.40138 0.33134 0.17286 0.09033 0.10174 0.12136 0.11319 0.09939 0.09864 0.14424 0.33776 0.30971 0.25933 0.03719 0.01275 0.02764 0.01884 0.06165 0.07070 0.02720 0.04371 0.33088 0.31807 0.02822 0.04106 0.05882 0.02047 0.10486 0.03515 0.01543 0.03656 0.30977 0.25587 0.18197 0.11194 0.06824 0.11254 0.27207 0.30343 0.20018 0.12111 0.15503 0.22934 0.28526 0.20266 0.17152 0.30566 0.22491 0.29094 0.18790 0.28749 0.36308 0.25840 0.17470 0.13354 0.22367 0.21201 0.29428 0.19027 0.04915 0.04271 0.14600 0.10117 0.01512 0.01740 0.13183 0.18301 0.00770
0.37503 0.33005 0.35680 0.28459 0.43816 0.46740 0.44271 0.20140 0.06328 0.22490 0.37836 0.26524 0.44708 0.60202 0.53908 0.03145 0.22405 0.35529 0.21104 0.15532 0.12918 0.02569 0.03818 0.05759 0.01882 0.02260 0.31969 0.29122 0.04609 0.02982 0.01740 0.01255 0.02052 0.02359 0.02291 0.00784 0.16959 0.25102 0.49311 0.28000 0.11233 0.21441 0.04255 0.03833 0.06907 0.12123 0.17609 0.21465 0.26869 0.21815 0.11746 0.13832 0.20323 0.24984 0.19760 0.24282 0.24921 0.18358 0.10699 0.10211 0.19945 0.21415 0.09710 0.06724 0.00482 0.00096 0.05787 0.05792 0.01961 0.01662 0.10926 0.09025 0.00002
0.10059 0.04371 0.34497 0.33036 0.40076 0.47951 0.33419 0.33243 0.22354 0.26462 0.18623 0.16743 0.20437 0.21074 0.66325 0.63724 0.25791 0.16529 0.14701 0.13393 0.04790 0.03486 0.01610 0.00110 0.01001 0.00804 0.21975 0.22279 0.03765 0.02794 0.00105 0.00064 0.14345 0.14246 0.07576 0.07624 0.14619 0.17861 0.53185 0.54248 0.48745 0.46530 0.08236 0.06747 0.16777 0.25739 0.32483 0.45928 0.44631 0.32796 0.27334 0.43200 0.24266 0.19058 0.05277 0.02865 0.47516 0.24139 0.06853 0.07550 0.22138 0.12763 0.00809 0.00611 0.00474 0.01111 0.00105 0.00000 0.02252 0.01807 0.07331 0.08700 0.04433
0.15501 0.16400 0.30620 0.20419 0.23504 0.15191 0.19275 0.15910 0.20847 0.41442 0.21503 0.11866 0.10297 0.11182 0.25941 0.32712 0.46555 0.42787 0.13961 0.07447 0.01136 0.03019 0.04343 0.04092 0.01527 0.01532 0.23131 0.26749 0.03020 0.03205 0.00000 0.00000 0.14369 0.16424 0.08276 0.12892 0.15957 0.33354 0.83890 0.56027 0.49126 0.65091 0.40390 0.21118 0.19596 0.24208 0.23705 0.30684 0.39046 0.18981 0.12779 0.11314 0.02898 0.02486 0.01249 0.00971 0.09638 0.21716 0.04621 0.05186 0.20224 0.14381 0.01661 0.00598 0.00000 0.00433 0.00032 0.00018 0.02778 0.02844 0.07085 0.10475 0.06510
0.25788 0.23690 0.33933 0.28980 0.30531 0.25728 0.04785 0.13638 0.03767 0.05834 0.35672 0.25686 0.11700 0.11596 0.14349 0.29686 0.56231 0.49845 0.25401 0.19252 0.11423 0.03444 0.00824 0.00701 0.01391 0.00047 0.00015 0.00046 0.00000 0.00000 0.00000 0.00811 0.03465 0.01236 0.14255 0.22553 0.25871 0.21640 0.24708 0.31936 0.45593 0.31394 0.32897 0.27866 0.15969 0.17536 0.14272 0.20295 0.23589 0.26471 0.21130 0.21075 0.25150 0.17804 0.09988 0.04111 0.04456 0.01860 0.00208 0.00347 0.00610 0.00290 0.00385 0.00000 0.00000 0.00159 0.00014 0.00675 0.06915 0.04160 0.00845 0.01507 0.00000
0.24141 0.24283 0.32634 0.26436 0.38040 0.29683 0.08976 0.07381 0.01415 0.01884 0.21921 0.35469 0.19084 0.18076 0.24732 0.09809 0.28493 0.21098 0.48431 0.17772 0.11803 0.02392 0.00571 0.02221 0.14397 0.05810 0.00024 0.00020 0.00050 0.00000 0.00000 0.02432 0.04994 0.00926 0.14238 0.17039 0.39002 0.40412 0.20030 0.25952 0.29235 0.33207 0.28220 0.31042 0.11742 0.12778 0.16236 0.16973 0.19349 0.20209 0.11236 0.05375 0.09323 0.03317 0.04109 0.01971 0.00705 0.00868 0.00272 0.00270 0.00499 0.00339 0.06751 0.03802 0.03427 0.02814 0.00014 0.00000 0.00230 0.00566 0.00955 0.01801 0.02726
0.40456 0.43295 0.34367 0.61284 0.53753 0.29781 0.15219 0.13363 0.02326 0.03675 0.09320 0.11270 0.19807 0.16022 0.02174 0.01953 0.07519 0.07317 0.13204 0.26818 0.32081 0.15855 0.01116 0.00455 0.02051 0.02541 0.01449 0.01823 0.02488 0.03231 0.00049 0.00996 0.02618 0.03710 0.21760 0.30819 0.21107 0.29642 0.04487 0.04472 0.03978 0.01163 0.01305 0.00044 0.02000 0.00000 0.00000 0.00000 0.00215 0.00147 0.00097 0.00718 0.00943 0.01105 0.00000 0.00000 0.00000 0.00000 0.01382 0.01175 0.00824 0.01878 0.05816 0.03672 0.05995 0.04107 0.01045 0.00601 0.02518 0.00745 0.01455 0.01499 0.00164
0.34557 0.29803 0.33262 0.39437 0.93130 0.52488 0.27224 0.29129 0.23054 0.16362 0.12726 0.20177 0.16056 0.13285 0.06302 0.04919 0.05790 0.05137 0.13105 0.23035 0.56119 0.16263 0.01307 0.00893 0.08101 0.07402 0.13727 0.19477 0.06153 0.04257 0.00976 0.03343 0.05469 0.02665 0.26994 0.24195 0.17886 0.21124 0.03687 0.01116 0.01196 0.00117 0.00000 0.00000 0.00000 0.00000 0.00243 0.00005 -9999 -9999 0.00127 0.00506 0.00000 0.00018 0.00000 0.00000 0.00000 0.00000 0.01247 0.04286 0.03436 0.06528 0.02971 0.05784 0.14644 0.16094 0.02322 0.00242 0.02857 0.01430 0.00319 0.00514 0.00000
0.19579 0.24401 0.14864 0.09685 0.30092 0.12867 0.28849 0.41839 0.42182 0.32928 0.23318 0.23097 0.15410 0.09623 0.23091 0.15118 0.06533 0.10506 0.14259 0.09376 0.06111 0.07979 0.19247 0.04946 0.29471 0.19611 0.18312 0.17082 0.22080 0.06911 0.10110 0.18061 0.26924 0.27572 0.21278 0.08710 0.00811 -9999 -9999 -9999 -9999 0.00000 -9999 0.00022 0.00317 0.00585 0.00301 0.00000 -9999 -9999 0.00000 0.00000 0.00000 0.00000 0.00000 0.00000 0.00000 0.00182 0.00555 0.00809 0.01625 0.02550 0.05011 0.18572 0.17811 0.10074 0.01652 0.00033 0.00000 0.00000 -9999 -9999 -9999
0.16419 0.20956 0.06592 0.02882 0.10393 0.09870 0.09311 0.13011 0.10469 0.11638 0.22007 0.22409 0.12403 0.04265 0.15450 0.16808 0.14564 0.11491 0.24192 0.09409 0.08448 0.06530 0.03806 0.02203 0.26288 0.26803 0.21783 0.18338 0.21353 0.22577 0.20879 0.17383 0.41981 0.18729 0.04746 -9999 -9999 -9999 -9999 -9999 -9999 -9999 0.00000 0.00000 0.00000 -9999 -9999 -9999 -9999 -9999 0.00000 0.00000 0.00251 0.00000 0.00899 0.00222 0.00000 0.00177 0.00000 0.00000 0.00623 0.00451 0.01422 0.01221 0.00532 0.02339 0.00205 0.00000 -9999 -9999 -9999 -9999 -9999
0.13412 0.13983 0.01784 0.01077 0.00651 0.02747 0.00889 0.00054 0.00639 0.00639 0.01704 0.00775 0.02326 0.00685 0.03547 0.06020 0.02407 0.03054 0.02746 0.01923 0.01914 0.05020 0.08370 0.05279 0.14352 0.13972 0.18794 0.15619 0.25474 0.32337 0.12156 0.05416 0.03651 0.00574 -9999 -9999 -9999 -9999 -9999 -9999 -9999 -9999 -9999 0.00000 -9999 -9999 -9999 -9999 0.00000 0.00000 0.00000 0.00000 0.00000 0.00000 0.00000 0.00000 0.00179 0.00000 0.00000 0.00000 0.00000 0.00037 0.00036 0.00425 0.00006 -9999 -9999 -9999 -9999 -9999 -9999 -9999 -9999
