data/hydroclimate-scenarios/1948-2000.Pcorr55N_Pref_Tref/monthly_summaries/snodep_monthly_day1_apr.asc
ncols	311
nrows	91
xllcenter	102.75
yllcenter	31.75
cellsize	0.5
NODATA_value	-9999
[rows 32 to 63 of 91, columns 0 to 71 of 311]
-9999 -9999 -9999 -9999 -9999 -9999 -9999 -9999 -9999 -9999 -9999 44.50450 45.35220 46.03720 47.12930 49.44970 52.92850 52.88240 54.89650 57.05080 57.42770 54.21960 52.06520 49.31530 47.21180 47.02900 44.36350 42.90690 40.13380 37.68650 36.47980 37.17560 36.49230 37.19980 37.94700 37.19950 38.84530 40.14570 40.27110 42.36060 42.85030 44.02590 44.23100 44.10440 43.91110 43.59550 43.95860 44.99430 44.57600 43.49460 42.20010 41.45560 40.89070 40.26410 38.66530 38.55440 37.45770 37.36790 36.87670 37.05360 36.98590 36.41300 36.28750 36.44120 36.01870 35.06760 35.61630 35.95120 38.33120 39.81520 39.65690 41.50800
-9999 -9999 -9999 -9999 -9999 -9999 -9999 -9999 -9999 -9999 -9999 47.67820 47.78740 46.94070 48.16840 49.98080 51.09520 53.08390 55.75270 55.80670 56.13640 54.55600 51.56270 49.65590 47.78760 46.85720 45.38940 41.09680 38.53710 36.60390 36.36040 35.83170 35.56760 35.06370 36.63140 37.27070 38.05920 39.82490 40.68060 43.82230 44.39110 45.46500 45.88740 45.90940 47.27180 47.30750 47.65530 47.58770 47.00290 46.05270 45.32020 43.34510 42.55600 41.54480 40.57030 39.82160 39.70090 39.57830 38.39970 37.50970 37.28420 37.80980 37.64220 36.57720 36.86140 36.72960 36.19080 38.10350 39.17430 40.27180 40.32340 42.79700
-9999 -9999 -9999 -9999 -9999 -9999 -9999 -9999 -9999 -9999 -9999 -9999 46.02210 45.22980 45.90220 48.69990 50.76340 51.93570 53.40090 54.89330 55.11580 52.61530 52.55420 51.74490 49.45750 48.01700 44.61220 42.97740 38.57050 35.73730 34.57060 33.57800 33.51670 33.57810 34.16360 35.59490 38.52780 39.45910 41.13750 43.08920 45.73260 47.40820 49.07830 49.07890 49.91200 50.26450 50.58100 48.97710 48.11930 46.82070 44.88530 45.17820 43.59850 43.32820 42.33590 42.03120 41.44730 40.17150 38.75190 38.44560 37.98430 37.25090 37.20460 36.56580 36.97090 37.01760 36.91560 36.61720 39.74300 41.09190 40.18420 42.60170
-9999 -9999 -9999 -9999 -9999 -9999 -9999 -9999 -9999 -9999 -9999 -9999 42.71590 43.25500 45.96790 46.73450 48.45580 50.03580 51.52960 53.45570 53.67810 55.24030 53.37350 52.20390 50.21570 45.50990 41.61920 39.79800 36.86310 33.92320 33.54530 31.68420 30.28470 30.73710 31.49490 33.73710 36.13920 37.93540 39.33690 41.15280 45.53650 48.27370 49.39170 50.53880 52.15930 52.94450 52.71690 51.56200 49.86920 47.59460 45.99160 44.74700 43.79360 43.27520 42.59260 41.56950 40.48710 40.03660 38.36390 37.65370 38.34770 37.71940 38.31270 37.63040 36.12850 35.82520 37.20510 38.50310 39.91640 41.45990 43.68660 44.72490
-9999 -9999 -9999 -9999 -9999 -9999 -9999 -9999 -9999 -9999 -9999 -9999 42.37320 41.43230 40.55760 43.36660 45.91500 46.99540 49.78170 52.08580 54.86720 53.26790 51.23800 48.75640 43.55140 41.39030 36.95680 33.88610 32.56820 30.90640 28.97780 27.70470 28.39040 28.78500 29.31060 31.71230 32.12440 34.75170 36.79120 40.18770 43.66540 48.58240 49.88760 51.92990 53.86740 58.05860 57.35020 55.14090 51.92250 48.36060 46.83560 44.71510 43.23340 42.19730 39.83260 39.77880 39.10490 39.19850 38.80710 38.79440 39.02650 39.20700 38.74170 37.29970 37.60460 37.73210 38.58440 39.38820 42.39010 43.30320 45.22930 46.89150
-9999 -9999 -9999 42.39150 41.63040 40.83150 40.90360 41.43490 41.18110 -9999 41.25490 41.66600 40.91850 39.39860 39.56800 39.68460 41.36190 42.10720 45.21880 47.57920 48.82940 47.19440 43.85130 42.00730 39.63250 36.25700 32.81950 32.98010 30.82650 30.50910 27.96120 24.86700 26.49650 27.86500 28.02390 30.05550 31.26860 33.45860 35.25120 38.20410 41.42910 45.21770 46.60390 50.20310 54.29210 59.69440 61.30620 56.34080 53.45160 49.93470 47.25290 45.29810 44.25680 44.81700 42.58240 43.72170 43.36060 40.64350 41.23860 39.41660 39.06350 39.87610 39.84410 39.64140 39.91510 40.16360 41.87400 42.37590 43.52730 45.74640 48.95690 51.16270
-9999 -9999 -9999 40.38550 39.04670 38.33870 39.67950 39.57330 40.54390 40.52830 40.61720 40.03600 40.12940 39.22630 39.16940 39.94640 40.05080 38.26510 38.11090 39.17350 39.47660 39.40390 37.71620 35.91530 34.94080 32.94110 31.34510 30.30910 29.18800 28.48550 25.57710 23.82120 24.78500 25.75150 27.51190 28.41340 29.20160 32.92160 34.17600 38.68240 42.07850 43.51130 44.94470 48.82240 54.87930 58.87990 59.52310 55.65250 54.11810 51.44990 49.94360 45.92080 45.81190 43.82620 41.31130 41.27130 40.08850 39.75000 41.07210 40.48220 40.07750 40.08490 40.68920 40.49580 41.81630 41.08340 41.90170 41.95460 45.48740 47.99500 52.06130 52.25790
-9999 -9999 -9999 34.91860 33.54280 35.31810 38.38580 38.51410 36.21200 36.28560 37.36450 37.45680 38.98210 39.78300 41.46110 38.82320 38.68010 37.16490 34.97640 35.14730 35.82880 35.00350 33.44520 34.08140 33.20870 29.87180 29.13960 26.91410 26.15130 25.68120 25.37440 23.66410 22.11000 23.34860 24.95340 26.04880 27.17860 29.15730 32.28690 36.02250 39.11640 41.70970 44.19230 46.78690 50.35500 55.72650 55.95550 54.32190 52.59640 50.57500 49.45570 45.04930 42.69000 42.05310 39.15240 39.49510 39.15390 38.72020 40.25760 40.17890 40.05310 39.26350 40.28390 42.17910 43.22140 43.43930 44.85510 47.22370 52.66660 54.38450 58.81140 56.66260
-9999 -9999 -9999 33.12570 31.38770 37.56720 41.25100 39.66110 37.55940 36.64440 35.62190 34.24000 38.41060 38.80260 40.56020 38.97150 37.60110 36.89000 34.65450 32.08460 32.44520 32.30030 32.27740 30.81290 27.86850 25.98080 24.74720 23.07850 23.57830 23.70130 21.84530 16.51750 20.30510 21.42150 23.30970 23.62260 23.38510 24.38630 26.76040 29.60170 34.09690 38.96690 43.20030 45.10690 45.98610 50.08710 51.17140 49.81800 51.14520 48.34400 46.74460 43.95360 41.70320 39.83590 38.68540 38.43540 38.00450 38.26330 39.93830 39.95300 42.25990 40.97310 43.13320 44.67950 46.05060 47.39510 50.19470 52.57720 57.95360 58.81520 58.47460 53.99370
-9999 -9999 -9999 28.81460 28.74490 33.88520 33.48430 33.80740 34.96740 33.86810 32.26390 34.12130 36.71070 39.36340 39.83020 38.93340 37.90380 34.14660 30.04310 26.16540 26.50070 26.94330 26.35320 23.65500 22.08390 20.19530 17.96060 17.46370 18.77840 19.04630 18.11800 17.45530 18.40030 17.79280 18.70020 20.63090 21.77110 22.10120 23.90830 26.12780 29.64000 33.31760 37.53350 39.16310 38.69690 40.92400 42.58320 44.31280 44.19740 43.05670 42.23440 38.73520 37.97440 38.81200 37.35340 38.38890 35.76830 36.09760 38.53470 41.01090 42.17920 42.62020 43.91840 49.96860 52.94000 52.19360 55.14500 59.02800 62.37880 58.15920 54.82590 -9999
-9999 -9999 -9999 -9999 29.26860 32.74210 32.21570 34.48100 35.12390 34.06230 32.41760 34.09720 40.41450 36.05810 -9999 -9999 -9999 -9999 -9999 25.90210 23.20920 19.24630 19.66510 21.02970 19.24850 15.29920 12.31990 13.07890 12.69910 11.38440 12.96380 13.00750 14.09580 13.92490 13.93620 15.55670 16.78560 18.27740 19.23460 21.85140 23.88740 26.27080 27.89920 30.48180 31.75050 32.54650 35.19350 38.61700 37.48160 35.85590 36.65180 35.16080 34.22670 35.49690 35.91420 37.00770 37.71220 38.47390 39.95280 39.97000 42.05810 44.33510 48.50630 52.38120 55.94770 58.28450 58.98700 58.09850 57.55930 -9999 -9999 -9999
-9999 -9999 27.40640 28.95530 28.43410 28.78530 30.33330 33.25340 30.98010 31.89170 30.53680 32.95850 38.61220 -9999 -9999 -9999 -9999 -9999 28.55540 20.82630 16.97960 10.57450 10.48970 13.48280 13.00900 10.91600 8.03089 7.64434 7.84898 7.74100 7.76646 8.64329 9.60677 10.35290 10.85140 10.61050 13.13250 15.66340 16.26330 17.79510 20.81870 20.61360 22.26230 24.30200 24.32070 26.12550 28.95850 30.57670 29.86340 28.96230 28.94370 28.80460 30.04690 29.75830 31.07620 30.68570 33.24770 37.36790 39.27750 36.88730 39.06620 42.43850 46.57790 50.44570 53.50530 55.80330 56.30990 -9999 -9999 -9999 -9999 -9999
-9999 -9999 28.98430 28.64310 25.50850 24.76540 25.75930 29.45100 28.60580 28.59300 32.40820 34.78870 35.55540 -9999 -9999 -9999 -9999 23.52990 22.32630 15.34260 11.31180 5.85037 5.03231 6.09113 4.91176 5.07943 5.95625 5.42246 4.51642 4.31479 5.31411 5.87373 5.88021 6.81614 8.94742 10.70930 11.64360 10.94360 14.17800 15.19420 14.73690 16.06370 18.35600 19.01330 19.90430 21.58680 22.38480 25.35990 21.33510 23.56780 22.90390 21.76370 22.72960 24.90020 25.59150 24.51150 27.13000 33.21780 36.51330 35.26650 35.87550 40.59760 41.09880 44.29550 46.46990 -9999 -9999 -9999 -9999 -9999 58.88800 -9999
-9999 -9999 27.13680 28.80370 26.40900 24.93240 24.25190 25.27280 26.98530 29.14560 33.01080 36.79800 17.36220 -9999 -9999 -9999 -9999 22.42240 18.51760 11.71700 7.18625 2.66261 1.36399 2.04090 2.01579 3.39577 4.86956 3.95981 3.52710 3.76605 4.53354 3.88932 4.49535 6.62827 7.17801 8.90051 10.00090 9.97663 11.45730 9.34972 10.36500 11.26190 11.49340 14.67430 15.64510 19.08200 20.39570 20.95670 19.13090 19.95820 17.74730 18.45680 20.00960 22.29670 23.26400 20.48740 23.08680 29.17870 30.86490 30.40920 29.04970 30.71060 33.30940 39.83290 45.72040 49.80970 47.31720 51.01450 50.32610 -9999 -9999 -9999
-9999 -9999 -9999 27.63460 25.66160 21.91560 19.63100 20.54930 26.91080 31.85050 30.70310 19.19220 -9999 -9999 -9999 -9999 24.20410 20.66340 12.78700 7.50486 3.53608 1.22780 1.26022 1.42390 1.61415 2.50710 3.05953 3.34215 3.80501 4.73952 4.54829 3.87208 3.56283 3.40300 3.70821 5.28574 5.01511 4.65531 5.54175 4.85454 5.87538 5.26952 6.25675 6.72375 7.24196 10.74830 10.53200 10.76210 10.30320 10.92940 14.18120 18.42090 17.73800 20.12240 23.18780 24.92530 25.91580 29.64090 30.97050 30.00350 30.69880 33.36210 38.19200 46.37260 51.00270 44.02990 40.20730 44.61180 43.61880 38.30470 -9999 -9999
-9999 -9999 -9999 -9999 24.59620 20.37970 18.48640 24.85730 29.08380 25.68530 12.36930 -9999 -9999 -9999 -9999 28.60350 24.54480 15.14540 7.25850 4.61489 1.78451 0.90611 0.87260 0.99599 1.23794 1.44932 1.94422 2.19188 3.22044 3.06857 3.59305 2.01005 1.95620 1.73524 3.06865 3.69157 4.54063 4.36613 4.76019 3.76662 4.71427 4.20142 4.05829 3.91813 3.79837 6.15928 7.55855 6.80882 6.65068 8.21398 9.38185 12.04750 14.79000 16.11420 15.28170 17.92350 19.41630 25.89610 27.51190 27.22270 31.16130 35.05320 36.99020 38.55840 42.53210 40.13310 34.92380 34.24240 38.12640 36.27400 38.30040 41.77720
-9999 -9999 -9999 -9999 -9999 -9999 23.51240 24.35840 12.47510 11.44780 19.47490 -9999 -9999 -9999 -9999 -9999 18.49180 9.56670 5.34750 2.10358 1.21726 0.51863 0.54404 1.02770 0.88599 0.66391 0.50296 1.19630 1.34912 1.81293 2.40202 1.24676 1.31694 3.08563 3.36814 2.48296 3.73092 4.60294 3.37333 3.67562 3.79418 4.89558 5.58893 4.40969 4.17430 3.04738 3.47028 5.89288 6.82212 7.61973 8.01416 10.28570 11.60320 12.62560 13.64690 14.21400 16.23020 22.49750 24.48240 27.15510 31.80310 34.30060 36.77820 39.22180 42.49810 37.85000 32.53550 28.72900 31.18240 31.23720 35.46110 39.54690
-9999 -9999 -9999 -9999 -9999 -9999 -9999 -9999 -9999 -9999 -9999 -9999 -9999 -9999 -9999 -9999 -9999 -9999 -9999 1.74275 0.97808 0.57478 0.56493 0.44836 0.53944 0.41996 0.86335 0.91608 1.41486 2.44606 2.49667 1.23773 1.62898 2.58967 2.78616 2.28833 2.15387 2.08054 2.05646 3.30064 3.63731 3.51484 3.19752 2.67698 3.22110 2.38034 2.45583 3.93007 5.23562 6.14313 7.36687 9.00227 10.59630 9.16403 9.97757 11.57930 13.49920 18.95980 21.21080 24.28690 30.01320 30.52010 33.49330 37.19450 38.73570 30.28570 24.20790 22.83610 25.14620 30.07600 35.45080 39.87840
-9999 -9999 -9999 -9999 -9999 -9999 -9999 -9999 -9999 -9999 -9999 -9999 -9999 -9999 -9999 -9999 -9999 -9999 2.94951 2.19409 1.17462 0.45256 0.55779 0.54898 0.51521 0.61375 0.44133 1.03662 1.06852 1.18522 1.33663 1.80807 2.04972 1.83124 2.06709 1.92044 2.40194 2.50987 3.16192 2.66174 3.19269 1.98535 2.02214 3.59940 3.50329 2.76823 1.94088 2.46904 2.41892 3.59312 4.46611 6.92293 7.72747 7.30583 8.95734 9.22443 11.58990 18.86910 21.94280 22.60660 22.70860 22.55350 26.62000 31.47940 33.63970 26.95700 25.49320 21.56530 24.84300 27.68690 33.69620 43.62690
-9999 -9999 -9999 -9999 -9999 -9999 -9999 -9999 -9999 -9999 -9999 -9999 -9999 -9999 -9999 -9999 -9999 3.93538 2.78502 1.30962 0.92272 0.44295 0.20790 0.22837 0.13961 0.37763 0.32653 0.72160 0.85277 1.03221 1.22229 1.56486 2.23116 1.82304 1.77238 2.25274 2.88999 3.19293 2.57419 2.65956 2.93810 1.75046 1.64919 2.33142 2.43371 1.23896 1.49167 1.68732 1.80226 2.99791 3.61133 5.66089 7.88644 7.21477 7.62630 8.09127 11.55420 16.18720 18.27580 17.70800 14.96680 19.50380 29.96470 32.36020 25.91840 23.74990 25.24320 23.94010 25.38420 27.38180 35.29980 39.08110
-9999 -9999 -9999 -9999 -9999 -9999 -9999 -9999 -9999 -9999 -9999 -9999 -9999 -9999 -9999 -9999 -9999 2.03650 1.59145 1.20727 0.92825 0.58188 0.20191 0.21169 0.06594 0.12605 0.10925 0.21420 0.38275 0.73068 1.20460 1.93724 1.89781 2.34416 2.00804 2.22631 2.25273 1.96368 2.63463 2.42799 1.87158 0.87599 0.75844 1.15774 1.21917 0.53947 0.75819 2.40149 2.27355 2.97215 3.27235 5.39689 6.72334 7.72980 7.45399 8.34068 12.46200 13.79240 12.95450 12.18830 14.78260 22.53940 25.52640 28.13610 34.23180 31.13450 25.41960 28.37210 25.17280 26.06620 31.12080 42.14760
-9999 -9999 -9999 -9999 -9999 -9999 -9999 -9999 -9999 -9999 -9999 -9999 -9999 -9999 -9999 -9999 2.65675 1.85022 1.21395 0.76702 0.32464 0.17312 0.27109 0.10087 0.00847 0.10204 0.12046 0.24172 0.27999 0.62321 0.71237 1.38771 1.71525 1.83466 1.78487 1.78611 1.99514 1.65788 1.86795 1.43434 0.84807 0.70973 0.90764 0.73924 0.66658 0.37985 0.56249 2.14701 2.08403 2.92216 3.24354 3.95696 5.98241 5.98947 6.52845 7.05527 8.59113 9.00804 10.17280 13.37160 12.84450 19.30630 24.55210 32.22620 30.37590 29.85700 30.24980 26.70630 23.18500 26.36440 32.59590 42.22740
-9999 -9999 -9999 -9999 -9999 -9999 -9999 -9999 -9999 -9999 -9999 -9999 -9999 2.66349 2.38238 1.60728 1.37624 1.74937 0.94867 0.28082 0.26995 0.35619 0.22316 0.12186 0.06923 0.12143 0.26549 0.38286 0.50620 0.31678 0.31825 0.57420 0.82113 0.75192 0.75804 1.76374 1.58865 0.79590 0.84380 0.48399 0.39205 0.44458 0.34212 0.19845 0.23371 0.77428 0.83318 0.86396 0.87515 2.40287 3.19007 3.38459 4.43852 4.67442 6.10168 5.35169 6.30040 6.24460 6.03418 9.45752 11.86120 13.10910 17.87640 22.01850 21.31450 18.87090 22.39410 25.12910 26.57850 29.00720 37.77310 44.53970
-9999 -9999 -9999 -9999 -9999 -9999 -9999 -9999 -9999 -9999 -9999 -9999 1.37172 1.29166 1.36702 0.99980 0.75745 0.84121 0.48090 0.15555 0.17649 0.19440 0.15272 0.09180 0.05240 0.07741 0.08369 0.31053 0.30541 0.23386 0.26326 0.25457 0.30636 0.60547 0.60595 1.30515 1.20402 0.51620 0.56780 0.19047 0.25127 0.30219 0.20956 0.15210 0.20739 0.73455 0.65470 0.63393 0.68534 1.57795 1.85015 2.19527 2.86173 3.74186 5.02631 5.33718 3.58803 4.32600 6.94338 10.22970 10.77220 11.14710 13.45600 20.30080 22.15820 21.34810 23.70600 25.74280 27.66940 35.44410 43.76430 46.21680
-9999 -9999 -9999 -9999 -9999 -9999 -9999 -9999 -9999 -9999 -9999 2.39588 1.46489 1.61423 0.95330 0.37787 0.37631 0.36200 0.31434 0.08233 0.04470 0.00740 0.01438 0.04022 0.01678 0.10678 0.10674 0.18048 0.22456 0.00040 0.00070 0.36187 0.44616 0.86623 0.95607 0.76848 0.86665 0.65336 0.34818 0.25713 0.17800 0.27328 0.24351 0.15643 0.36162 0.30874 0.31419 0.32035 0.39846 0.43552 0.56420 2.59039 2.91985 3.70042 4.26374 2.52899 2.15609 2.44473 2.76023 3.71535 5.73126 9.10103 12.44820 14.40970 18.24030 23.49970 24.95030 23.26880 27.96860 36.65570 48.45000 56.03210
-9999 -9999 -9999 -9999 -9999 -9999 -9999 -9999 -9999 -9999 1.17221 1.66491 0.69910 0.89417 0.51746 0.16708 0.15344 0.28446 0.28933 0.05976 0.03205 0.00824 0.01545 0.00193 0.03398 0.11621 0.09390 0.15786 0.13696 0.00026 0.00052 0.19512 0.27361 0.65794 1.18903 0.96269 0.87332 0.94840 0.42472 0.22453 0.10976 0.22005 0.17457 0.11128 0.12683 0.07908 0.15369 0.23215 0.29631 0.39078 0.53140 2.02146 1.61647 2.50940 3.01008 1.56892 1.95691 1.94811 1.88069 3.62123 4.86008 8.28344 11.62970 13.06640 16.39440 21.68620 22.77230 23.03920 33.05460 42.38400 50.55470 51.88480
-9999 -9999 -9999 -9999 -9999 -9999 -9999 -9999 -9999 0.57380 0.58925 0.50448 0.57902 0.41829 0.33912 0.36308 0.34262 0.19722 0.16908 0.00075 0.00120 0.03223 0.01050 0.00069 0.00000 0.17292 0.15655 0.00134 0.00315 0.07277 0.06018 0.09952 0.15202 0.45526 0.83380 1.01290 1.21968 0.80718 0.27433 0.27939 0.23239 0.08538 0.07381 0.13283 0.12510 0.13683 0.12076 0.27712 0.33464 0.17324 0.16349 0.28042 0.85478 1.73541 2.63736 1.41130 1.48041 1.21226 1.39559 2.03010 3.16614 4.09915 6.58578 7.39696 9.93559 15.88580 17.17420 25.27140 36.46290 44.46490 47.17420 47.66970
-9999 -9999 -9999 -9999 -9999 -9999 -9999 -9999 -9999 -9999 0.34068 0.29659 0.38353 0.19699 0.12778 0.25396 0.25640 0.21234 0.19669 0.00092 0.00158 0.02157 0.00000 -9999 -9999 -9999 -9999 -9999 -9999 0.06974 0.05923 0.12286 0.14209 0.35516 0.63887 0.69964 1.02287 0.35475 0.14109 0.22264 0.16197 0.07412 0.06132 0.13284 0.12935 0.15311 0.22255 0.29469 0.24829 0.08608 0.13334 0.18594 0.73144 1.72104 2.72359 1.14331 1.13994 0.89722 0.81868 1.69530 2.59890 3.71755 5.14836 5.95167 14.39420 14.74910 22.04980 30.81200 47.09360 50.77660 56.03350 53.14430
-9999 -9999 -9999 -9999 -9999 -9999 -9999 -9999 -9999 -9999 -9999 -9999 0.31987 0.10873 0.09668 0.07272 0.15966 0.24504 0.24163 -9999 -9999 -9999 -9999 -9999 -9999 -9999 -9999 -9999 -9999 -9999 -9999 -9999 -9999 0.17808 0.27966 0.36186 0.37830 0.17497 0.10146 0.00234 0.00060 0.18104 0.21677 0.12754 0.10249 0.15062 0.19365 0.12669 0.10190 0.01058 0.04091 0.40923 0.79864 0.80721 0.94123 0.45700 0.68324 0.52989 0.57018 1.86711 2.95326 4.34648 6.54393 6.12436 10.21740 17.85730 26.82140 34.86990 43.75150 46.72220 53.16140 56.77320
-9999 -9999 -9999 -9999 -9999 -9999 -9999 -9999 -9999 -9999 -9999 -9999 -9999 -9999 -9999 -9999 -9999 -9999 -9999 -9999 -9999 -9999 -9999 -9999 -9999 -9999 -9999 -9999 -9999 -9999 -9999 -9999 -9999 -9999 0.22584 0.37022 0.17222 0.12798 0.10222 0.00082 0.00070 0.17932 0.17880 0.11555 0.09176 0.16355 0.19665 0.09776 0.08366 0.00000 0.01295 0.29461 0.68491 0.36953 0.44780 0.28779 0.43824 0.73800 0.85293 2.72798 4.34731 5.51982 6.92501 4.79488 7.89789 16.73160 27.68130 39.23240 48.52120 49.65730 52.68910 -9999
-9999 -9999 -9999 -9999 -9999 -9999 -9999 -9999 -9999 -9999 -9999 -9999 -9999 -9999 -9999 -9999 -9999 -9999 -9999 -9999 -9999 -9999 -9999 -9999 -9999 -9999 -9999 -9999 -9999 -9999 -9999 -9999 -9999 -9999 0.12323 0.10545 0.08556 0.02002 0.00000 0.00000 0.00000 0.01096 0.01102 0.25929 0.29924 0.00083 0.00057 0.12797 0.13532 0.15432 0.17400 0.09553 0.10982 1.14650 1.01178 0.50234 0.26847 0.28618 1.05044 1.58945 2.55792 3.17865 5.44793 9.47651 13.57070 24.07990 29.22260 38.34760 49.29360 50.44430 -9999 -9999
-9999 -9999 -9999 -9999 -9999 -9999 -9999 -9999 -9999 -9999 -9999 -9999 -9999 -9999 -9999 -9999 -9999 -9999 -9999 -9999 -9999 -9999 -9999 -9999 -9999 -9999 -9999 -9999 -9999 -9999 -9999 -9999 -9999 -9999 -9999 -9999 -9999 -9999 0.00000 0.00000 0.00000 0.04661 0.03418 0.19141 0.22061 0.00000 0.00114 0.11353 0.11652 0.11094 0.11938 0.10742 0.09701 0.74726 0.92141 0.30690 0.22137 0.05992 0.58213 1.57898 2.85026 2.62999 6.27949 12.43800 23.32510 26.26360 31.90680 38.05180 36.73460 -9999 -9999 -9999
