data/hydroclimate-scenarios/1948-2000.Pcorr55N_Pref_Tref/monthly_summaries/snodep_monthly_day1_jun.asc
ncols	311
nrows	91
xllcenter	102.75
yllcenter	31.75
cellsize	0.5
NODATA_value	-9999
[rows 0 to 31 of 91, columns 73 to 145 of 311]
-9999 -9999 -9999 -9999 -9999 -9999 -9999 -9999 -9999 -9999 -9999 -9999 -9999 -9999 -9999 -9999 -9999 -9999 -9999 -9999 -9999 -9999 -9999 -9999 -9999 -9999 -9999 -9999 -9999 -9999 -9999 -9999 -9999 -9999 -9999 -9999 -9999 -9999 -9999 -9999 -9999 -9999 -9999 -9999 -9999 -9999 -9999 -9999 -9999 -9999 -9999 -9999 -9999 -9999 -9999 -9999 -9999 -9999 -9999 -9999 -9999 -9999 -9999 -9999 -9999 -9999 -9999 -9999 -9999 -9999 -9999 -9999 -9999
-9999 -9999 -9999 -9999 -9999 -9999 -9999 -9999 -9999 -9999 -9999 -9999 -9999 -9999 -9999 -9999 -9999 -9999 -9999 -9999 -9999 -9999 -9999 -9999 -9999 -9999 -9999 -9999 -9999 -9999 -9999 -9999 -9999 -9999 -9999 -9999 -9999 -9999 -9999 -9999 -9999 -9999 -9999 -9999 -9999 -9999 -9999 -9999 -9999 -9999 -9999 -9999 -9999 -9999 -9999 -9999 -9999 -9999 -9999 -9999 -9999 -9999 -9999 -9999 -9999 -9999 -9999 -9999 -9999 -9999 -9999 -9999 -9999
-9999 -9999 -9999 -9999 -9999 -9999 -9999 -9999 -9999 -9999 -9999 -9999 -9999 -9999 -9999 -9999 -9999 -9999 -9999 -9999 -9999 -9999 -9999 -9999 -9999 -9999 -9999 -9999 -9999 -9999 -9999 -9999 -9999 -9999 -9999 -9999 -9999 -9999 -9999 -9999 -9999 -9999 -9999 -9999 -9999 -9999 -9999 -9999 -9999 -9999 -9999 -9999 -9999 -9999 -9999 -9999 -9999 -9999 -9999 -9999 -9999 -9999 -9999 -9999 -9999 -9999 -9999 -9999 -9999 -9999 -9999 -9999 -9999
-9999 -9999 -9999 -9999 -9999 -9999 -9999 -9999 -9999 -9999 -9999 -9999 -9999 -9999 -9999 -9999 -9999 -9999 -9999 -9999 -9999 -9999 -9999 -9999 -9999 -9999 -9999 -9999 -9999 -9999 -9999 -9999 -9999 -9999 -9999 -9999 -9999 -9999 -9999 -9999 -9999 -9999 -9999 -9999 -9999 -9999 -9999 -9999 -9999 -9999 -9999 -9999 -9999 -9999 -9999 -9999 -9999 -9999 -9999 -9999 -9999 -9999 -9999 -9999 -9999 -9999 -9999 -9999 -9999 -9999 -9999 -9999 -9999
-9999 -9999 -9999 -9999 -9999 -9999 -9999 -9999 -9999 -9999 -9999 -9999 -9999 -9999 -9999 -9999 -9999 -9999 -9999 -9999 -9999 -9999 -9999 -9999 -9999 -9999 -9999 -9999 -9999 -9999 -9999 -9999 -9999 -9999 -9999 -9999 -9999 -9999 -9999 -9999 -9999 -9999 -9999 -9999 -9999 -9999 -9999 -9999 -9999 -9999 -9999 -9999 -9999 -9999 -9999 -9999 -9999 -9999 -9999 -9999 -9999 -9999 -9999 -9999 -9999 -9999 -9999 -9999 -9999 -9999 -9999 -9999 -9999
-9999 -9999 -9999 -9999 -9999 -9999 -9999 -9999 -9999 -9999 -9999 -9999 -9999 -9999 -9999 -9999 -9999 -9999 -9999 -9999 -9999 -9999 -9999 -9999 -9999 -9999 -9999 -9999 -9999 -9999 -9999 -9999 -9999 -9999 -9999 -9999 -9999 -9999 -9999 -9999 -9999 -9999 -9999 -9999 -9999 -9999 -9999 -9999 -9999 -9999 -9999 -9999 -9999 -9999 -9999 -9999 -9999 -9999 -9999 -9999 -9999 -9999 -9999 -9999 -9999 -9999 -9999 -9999 -9999 -9999 -9999 -9999 -9999
-9999 -9999 -9999 -9999 -9999 -9999 -9999 -9999 -9999 -9999 -9999 -9999 -9999 -9999 -9999 -9999 -9999 -9999 -9999 -9999 -9999 -9999 -9999 -9999 -9999 -9999 -9999 -9999 -9999 -9999 -9999 -9999 -9999 -9999 -9999 -9999 -9999 -9999 -9999 -9999 -9999 -9999 -9999 -9999 -9999 -9999 -9999 -9999 -9999 -9999 -9999 -9999 -9999 -9999 -9999 -9999 -9999 -9999 -9999 -9999 -9999 -9999 -9999 -9999 -9999 -9999 -9999 -9999 -9999 -9999 -9999 -9999 -9999
-9999 -9999 -9999 -9999 -9999 -9999 -9999 -9999 -9999 -9999 -9999 -9999 -9999 -9999 -9999 -9999 -9999 -9999 -9999 -9999 -9999 -9999 -9999 -9999 -9999 -9999 -9999 -9999 -9999 -9999 -9999 -9999 -9999 -9999 -9999 -9999 -9999 -9999 -9999 -9999 -9999 -9999 -9999 -9999 -9999 -9999 -9999 -9999 -9999 -9999 -9999 -9999 -9999 -9999 -9999 -9999 -9999 -9999 -9999 -9999 -9999 -9999 -9999 -9999 -9999 -9999 -9999 -9999 -9999 -9999 -9999 -9999 -9999
-9999 -9999 -9999 -9999 3.40421 -9999 -9999 -9999 -9999 -9999 -9999 -9999 -9999 -9999 -9999 -9999 -9999 -9999 -9999 -9999 -9999 -9999 -9999 -9999 -9999 -9999 -9999 -9999 -9999 -9999 -9999 -9999 -9999 -9999 -9999 -9999 -9999 -9999 -9999 -9999 -9999 -9999 -9999 -9999 -9999 -9999 -9999 -9999 -9999 -9999 -9999 -9999 -9999 -9999 -9999 -9999 -9999 -9999 -9999 -9999 -9999 -9999 -9999 -9999 -9999 -9999 -9999 -9999 -9999 -9999 -9999 -9999 -9999
12.78520 1.14706 0.86596 1.93582 2.20592 4.13873 5.06913 8.39653 13.07760 15.10800 18.13840 19.10500 21.94910 22.38290 23.98710 23.66470 21.72390 22.01850 18.86210 17.81550 -9999 -9999 -9999 -9999 -9999 -9999 -9999 -9999 -9999 -9999 -9999 -9999 -9999 -9999 -9999 -9999 -9999 -9999 -9999 -9999 -9999 -9999 -9999 -9999 -9999 -9999 -9999 -9999 -9999 -9999 -9999 -9999 -9999 -9999 -9999 -9999 -9999 -9999 -9999 -9999 -9999 -9999 -9999 -9999 -9999 -9999 -9999 -9999 -9999 -9999 -9999 -9999 -9999
-9999 -9999 0.81516 1.30912 2.41726 3.43743 6.84604 8.72660 10.51490 13.14700 17.57580 18.79350 20.58810 22.30820 22.95420 23.92410 21.92800 23.06590 22.95080 22.06070 -9999 -9999 -9999 -9999 -9999 -9999 -9999 -9999 -9999 -9999 -9999 -9999 -9999 -9999 -9999 -9999 -9999 -9999 -9999 -9999 -9999 -9999 -9999 -9999 -9999 -9999 -9999 -9999 -9999 -9999 -9999 -9999 -9999 -9999 -9999 -9999 -9999 -9999 -9999 -9999 -9999 -9999 -9999 -9999 -9999 -9999 -9999 -9999 -9999 -9999 -9999 -9999 -9999
0.39088 0.50783 0.52272 0.78673 1.67208 2.32438 4.94648 6.56417 8.46304 10.24880 13.32070 15.58080 19.31180 20.37980 21.23150 23.75820 21.39530 22.13890 21.83050 21.53270 15.25070 14.11110 13.07790 11.76060 11.75520 10.23190 -9999 -9999 -9999 -9999 -9999 -9999 -9999 -9999 -9999 -9999 -9999 -9999 -9999 -9999 -9999 -9999 -9999 -9999 -9999 -9999 -9999 -9999 -9999 -9999 -9999 -9999 -9999 -9999 -9999 -9999 -9999 -9999 -9999 -9999 -9999 -9999 -9999 -9999 -9999 -9999 -9999 -9999 -9999 -9999 -9999 -9999 -9999
0.06058 0.18868 0.43148 0.85794 1.43563 1.92114 3.66568 4.68080 4.14995 5.57281 9.97096 13.25220 14.51490 19.15590 18.80170 20.75700 20.30670 22.50110 21.41620 21.16190 19.88060 17.34520 15.57150 13.07630 14.10360 12.66410 10.51270 9.57481 7.42129 7.20617 6.38790 5.99293 2.84676 2.63850 3.42799 3.68199 1.91115 1.65231 1.93506 1.95188 2.02595 -9999 -9999 -9999 -9999 -9999 -9999 -9999 -9999 -9999 -9999 -9999 -9999 -9999 -9999 -9999 -9999 -9999 -9999 -9999 -9999 -9999 -9999 -9999 -9999 -9999 -9999 -9999 -9999 -9999 -9999 -9999 -9999
0.08819 0.15985 0.65659 0.66878 0.90982 1.32385 2.38991 3.36250 3.01414 3.88305 7.60282 9.79657 12.06930 14.64400 15.74630 18.58400 17.26790 19.59400 21.44110 21.93700 19.73920 18.07220 15.42860 12.66900 12.19230 11.57490 11.17950 11.44950 7.68104 6.89847 4.88513 4.31425 1.82530 1.61869 3.40996 3.00263 1.30058 1.22556 1.73685 1.69599 1.78917 1.71711 -9999 -9999 -9999 -9999 -9999 -9999 -9999 -9999 -9999 -9999 -9999 -9999 -9999 -9999 -9999 -9999 -9999 -9999 -9999 -9999 -9999 -9999 -9999 -9999 -9999 -9999 -9999 -9999 -9999 -9999 -9999
0.38609 1.33505 1.50631 1.50258 1.76162 1.88697 2.74363 2.31101 6.55799 6.69295 6.26524 7.02930 8.83828 10.35870 13.14040 14.56760 16.70370 18.48470 19.54650 19.67160 18.05920 16.70900 15.39950 17.78850 12.07860 9.09980 9.16937 8.89003 7.08800 5.95235 4.09058 4.18135 2.45161 2.30996 1.67557 1.31777 1.84353 1.66328 1.39227 1.27300 1.50414 1.43707 -9999 -9999 -9999 -9999 -9999 -9999 -9999 -9999 -9999 -9999 -9999 -9999 -9999 -9999 -9999 3.04432 5.08433 -9999 -9999 -9999 -9999 13.24630 20.83110 26.26120 22.98480 19.43080 19.59480 22.32460 22.87710 26.78100 28.66770
0.25826 0.75545 0.77711 0.59198 0.23521 0.96531 1.28221 1.79877 2.53727 3.44280 3.94269 6.57768 9.34083 7.81925 10.88710 10.84400 15.61880 15.50210 14.71890 15.34690 14.75070 13.94130 14.04830 10.99150 8.46897 7.35119 6.63814 5.52400 5.09773 4.51393 3.49359 2.78514 2.47794 3.91505 2.61098 1.30087 1.56779 2.32542 1.54868 0.75892 1.30324 1.27330 1.46814 1.73766 3.45715 2.43685 3.63925 5.31731 6.42262 7.84467 9.49204 9.09257 9.11428 9.46792 4.47129 4.11742 3.77664 4.51713 5.96552 -9999 -9999 -9999 -9999 -9999 16.43610 20.55190 23.35130 26.53420 29.06800 29.13190 33.31450 34.20090 35.65740
0.66918 2.51691 0.93560 0.19618 0.10478 0.11388 0.12009 0.18396 0.20166 1.03695 3.16667 4.64093 6.63473 7.30654 10.20410 13.21290 13.06110 10.35960 12.20370 12.76440 13.18150 13.16200 13.44660 12.67920 9.83525 9.71944 9.63448 11.92570 9.61469 8.89967 11.19570 8.27802 9.54605 11.91430 8.15826 9.83717 6.06231 7.14347 7.17769 7.01242 7.67905 6.11813 5.74156 5.58206 8.55055 6.91478 6.51483 8.54401 5.77518 7.34754 9.81721 13.43010 17.35220 12.03270 13.61470 14.36640 12.98850 10.53870 12.45020 14.18800 11.11420 9.73621 12.73400 13.88130 15.87460 17.61350 21.22920 25.98370 33.09450 34.59990 39.22110 43.68290 47.16070
0.18324 2.43303 3.71271 1.57907 0.18119 0.68291 0.01911 0.01558 0.08383 0.44306 1.50532 3.19105 4.71819 8.94421 7.94911 8.02454 12.15270 13.11730 12.32440 8.79935 8.59847 7.59759 11.26130 8.60162 8.66749 7.35803 11.33620 13.25830 13.10120 13.80490 12.94260 8.78144 8.54588 10.23000 7.66226 7.23644 6.02723 8.94731 7.35697 4.90173 4.90111 9.08449 10.14340 7.43072 6.57337 4.64559 6.34715 5.60841 7.42802 5.12330 9.76811 9.68726 12.51300 17.34890 16.85310 16.00740 16.19490 17.36050 16.98980 24.10360 19.79230 15.22780 14.37730 14.35940 14.84270 15.22200 19.00960 28.87570 38.89610 40.31160 45.55300 47.70740 46.34670
5.17582 0.28111 1.25751 0.36231 0.19368 1.22737 0.15705 0.01720 0.07719 0.34647 0.99783 2.29130 3.64423 5.07938 5.30787 5.66069 7.53302 13.53200 9.90465 7.56149 6.15403 5.25165 4.75363 5.75854 6.10678 8.19583 7.87046 7.52779 7.59645 7.82725 8.76698 9.38443 9.75133 9.00484 7.31114 5.21157 5.89242 7.15418 4.35473 3.73733 4.80034 7.77510 10.88170 7.91684 6.28833 4.63273 3.91747 5.40333 6.15325 6.60676 8.31452 8.47437 9.10348 9.12809 11.51820 16.74330 18.38590 21.21240 21.80220 26.02590 30.22860 28.00440 28.93770 27.69440 28.11490 28.94410 32.30070 36.67080 39.03500 41.67480 44.66540 49.92960 51.60230
6.64326 6.14543 2.31321 0.12062 0.25791 1.34893 0.38551 0.12753 2.34080 2.53364 2.76137 1.59771 1.74247 2.03791 2.11421 3.51829 5.99233 6.47564 8.25391 5.51971 4.62798 3.74113 3.14968 2.76614 4.91435 3.03531 8.34189 6.65745 5.75546 8.54967 8.48664 5.65492 3.65604 4.49126 3.74625 4.01612 2.35430 3.31847 3.88021 3.26207 2.41620 3.21042 6.91888 7.52042 5.66329 9.49748 6.64768 7.72184 10.00650 9.33890 8.96762 8.82375 11.71430 14.93910 18.60310 23.84960 19.50880 16.62480 15.85470 16.66970 22.50440 31.18140 36.65200 35.09420 40.19980 36.82100 36.03470 38.56240 38.78500 32.81930 37.49560 47.04030 50.95210
6.99124 10.04150 11.92150 1.97069 0.55747 0.13286 0.05709 0.15722 0.66501 3.45326 9.73092 8.10620 8.24910 4.65656 1.99777 1.63932 2.76967 3.15486 4.73963 4.83709 5.51864 3.48583 2.28869 3.05192 2.94818 1.45078 4.32551 5.23835 5.93387 5.21325 5.78495 5.60076 3.98726 5.39684 3.78106 6.47581 4.33864 4.01697 5.49865 6.34834 5.13394 5.31986 6.27042 6.79964 8.48590 7.73287 5.57617 7.41697 6.70878 7.17025 9.57169 9.42060 9.68845 12.61310 20.89160 24.90530 21.95420 30.27720 29.56790 28.51090 27.22900 27.98480 29.61160 31.32590 34.96140 39.40550 35.81330 36.67680 36.55910 33.19350 34.41610 43.65930 52.42690
6.73053 5.79458 11.18540 9.21637 8.75033 6.10224 1.53978 0.62244 0.14927 0.84390 3.80442 7.39174 10.74970 11.21970 10.33690 8.58566 4.83483 4.81857 4.12099 5.17103 4.60338 4.46908 3.71994 3.34467 0.78329 0.86192 4.82023 4.87755 3.55247 7.30554 8.70323 8.57742 6.57966 6.76651 4.84202 6.25596 4.96132 5.42250 6.07616 7.03300 4.79795 6.44336 6.15132 7.31624 8.01134 7.78825 7.03541 7.94998 12.30950 12.23770 16.06860 17.67450 19.34690 20.40390 29.97980 24.37340 25.06600 32.17080 28.76690 30.50040 30.41180 24.62480 30.19210 31.59030 37.62740 35.55930 31.55450 31.79230 28.81120 27.22920 32.88750 49.34270 50.41450
0.92967 2.53552 2.43761 3.25323 6.60130 4.15211 3.39652 1.87003 0.84490 2.48638 1.51517 0.96189 1.28618 2.00765 4.96955 10.25040 10.74890 9.97501 8.92882 8.09402 5.70550 4.78619 2.64478 2.39439 1.87294 2.86597 2.84390 2.20887 2.81521 3.08534 5.33214 3.93718 5.55594 2.71295 1.19429 2.14906 5.27607 4.55502 5.07863 4.05245 5.24712 6.36130 9.77944 12.36630 14.20480 11.68530 15.38300 22.59280 26.62880 25.63320 30.13720 35.50700 34.84640 39.02140 29.67870 34.70010 31.22780 27.81220 29.35220 28.26250 29.16190 29.82030 32.27080 27.97980 23.96470 22.73750 27.51320 34.61700 28.18020 25.22420 38.14110 48.63690 41.82030
0.38602 0.42187 3.60571 2.46721 4.86459 6.04329 4.32843 2.72366 0.80335 3.81277 4.51160 2.60244 6.67447 6.86603 7.82191 1.49627 6.47157 9.33344 13.47710 13.92310 12.12560 2.58872 1.68037 1.42096 2.25165 3.71391 2.31766 1.60327 2.70134 2.66876 3.25393 3.04106 1.70945 2.01701 1.54241 1.52407 4.19049 4.80086 11.69490 8.51609 6.42564 8.10823 5.01479 5.32646 9.72476 12.01770 18.49220 23.06610 27.82960 26.76920 27.86780 30.85280 38.53790 40.68220 35.71120 37.68610 31.59720 30.47510 24.08530 25.76010 28.27420 34.53730 22.24250 28.25260 28.62640 22.61890 20.51950 29.35320 24.00780 24.78040 30.92820 31.40270 36.84460
0.48758 0.44421 2.28300 2.37931 2.40501 3.64279 1.93102 2.41553 3.33742 2.04605 1.88851 1.07730 4.25089 5.81678 8.17707 11.44610 6.59145 3.88716 7.77308 9.70343 8.96475 7.62978 3.46254 1.84478 1.77385 1.43330 1.67688 0.58873 2.23555 2.00992 3.50751 3.42725 1.83703 1.57363 2.32389 3.07853 4.53702 5.94003 12.04350 12.37020 15.57830 14.48540 7.42658 6.82819 10.93330 14.15720 20.55830 27.96020 31.22700 26.79580 30.23250 38.32230 34.95760 34.91870 30.93320 28.70540 40.74400 35.30300 32.21050 28.39870 29.02340 22.91210 17.62580 26.80340 21.73160 20.36600 30.36450 27.59960 24.97650 30.66590 32.87750 32.57320 40.02610
2.48530 2.36947 3.05748 1.78091 1.57415 2.01072 1.78397 1.38499 1.43883 4.20425 3.30632 0.74551 0.93480 2.81917 5.76095 7.79823 9.07602 10.33970 8.06216 4.83243 3.78723 5.03088 5.85591 4.77090 1.24240 0.94563 0.85806 1.17365 1.18193 1.33852 2.28171 2.49840 1.77063 3.20524 3.88165 8.26993 6.19816 10.69670 20.76160 15.17810 16.64290 22.72630 18.73570 12.85020 12.90240 15.74470 17.33030 23.00530 27.98470 20.75560 22.24440 22.98590 20.88800 25.12290 24.43140 29.94060 30.62120 36.96980 28.30580 30.21390 28.06320 26.33340 21.11200 19.49650 18.31290 19.44810 23.99920 33.22670 34.09910 30.57840 30.85820 44.00730 48.49580
4.61884 4.42113 6.06640 4.83332 2.94073 2.07450 0.65629 0.60112 0.34941 0.97225 2.59108 2.43437 1.29207 1.44984 4.14410 7.43569 10.96880 12.10520 8.94263 8.46126 9.76188 7.45157 7.29233 6.80552 5.63807 3.47329 1.20113 2.26326 1.84842 1.03245 1.83919 4.18982 4.91037 2.07203 3.68985 7.98436 9.16406 8.14170 17.24960 19.82460 23.48290 20.02310 17.62560 16.04220 14.29710 16.86200 17.20130 22.12230 23.21050 25.23200 26.02860 29.65500 33.32110 35.20730 31.35840 23.22820 23.19890 19.87690 17.24980 21.46100 23.83440 22.79440 24.93200 22.84810 22.05870 23.32010 40.40660 48.18640 49.50970 47.64410 42.10780 49.08940 42.81830
5.10386 5.25265 6.05806 5.74188 4.04270 1.87616 1.10812 0.43377 0.08208 0.37582 1.42863 4.36141 3.04896 2.87158 5.05136 3.18980 6.01185 4.99529 13.51660 8.16217 7.21858 6.17763 6.04423 7.48742 10.24180 5.69664 1.44831 1.88374 5.51705 4.76746 3.34188 4.74884 7.29447 2.85197 4.34965 6.04305 13.04950 13.34440 18.57270 20.80020 21.18680 22.84480 17.15620 18.76880 11.15260 15.55540 21.26800 22.69720 23.14470 27.34670 27.40440 24.87070 31.94840 29.03760 27.29630 24.30410 21.21750 21.93310 20.31160 22.73690 25.10790 26.86940 43.03830 40.51930 40.33180 39.75190 47.60080 39.37200 44.17050 49.11480 47.95850 57.18310 66.86160
11.44720 9.74065 9.32274 12.82230 8.58510 6.74965 3.40703 2.41531 0.62285 2.31737 0.70689 1.53127 6.80311 5.36683 3.68399 3.41499 4.36095 4.34528 6.14466 11.03010 10.96690 7.26579 7.02616 4.85223 6.44573 5.12033 1.32037 3.57319 6.10865 6.77557 6.61296 5.66092 8.52676 9.50074 7.32986 13.70360 24.19960 29.06260 25.56140 25.50830 27.95760 18.33270 13.16630 10.53630 5.50066 4.18202 7.87924 8.55296 9.53076 10.94590 15.40680 22.09950 29.54180 32.30210 29.63420 23.80810 22.96310 21.40390 28.07530 29.89850 39.40730 54.31610 62.24310 59.73270 62.25330 64.71250 59.16040 55.22550 59.54720 60.75720 67.75940 69.18380 64.25760
11.33170 10.78150 9.53183 10.73760 17.78380 11.35170 7.31803 5.86920 4.76176 6.36190 3.17863 6.79438 7.43215 5.70813 7.18743 5.46270 2.83919 3.94595 8.14911 13.04360 18.72190 9.94601 7.44089 6.27472 10.07670 7.13266 4.61481 8.79043 6.47496 4.47956 8.91970 7.94981 13.37990 11.08390 12.90880 13.26220 24.63470 27.03370 24.12690 15.11960 18.46780 10.90410 4.87880 3.77879 3.83961 4.89162 13.15820 11.09490 -9999 -9999 14.16800 16.93890 15.87870 25.30930 26.94900 24.66680 24.00650 29.66610 37.86420 54.00840 62.39550 69.87460 68.60920 74.90290 76.82550 83.01050 71.48520 62.79420 68.16300 56.73310 69.94030 63.99260 53.30080
8.90052 11.02490 13.62100 12.11920 12.02180 10.13870 10.84950 10.64080 10.86860 12.00000 10.02410 10.84930 11.41890 9.01440 9.96379 8.12012 6.31457 9.74083 12.37870 10.91030 12.70860 15.73260 23.32410 15.73630 16.09380 10.14700 5.60112 7.85928 10.32070 5.51117 9.10935 12.07360 17.78680 19.46920 29.03680 15.50940 9.09051 -9999 -9999 -9999 -9999 1.10697 -9999 11.60430 19.51780 13.84990 15.39170 6.24368 -9999 -9999 17.73360 18.55670 18.21500 20.24170 19.67010 25.71630 33.66670 43.24990 43.88030 52.41700 61.17890 64.16210 62.97700 85.05250 83.67690 83.83790 65.69060 62.01000 61.77960 46.63630 -9999 -9999 -9999
8.89235 12.35590 13.12160 6.80377 13.92820 11.96740 5.35428 8.00078 6.56405 8.98281 14.00310 17.17270 14.43550 6.91067 9.12072 12.71030 14.66520 13.15910 20.11230 13.52000 16.15640 15.31990 20.27990 16.42730 16.74900 17.61950 9.21568 8.87143 13.10870 14.79220 18.79760 16.85030 27.04030 18.03230 15.73470 -9999 -9999 -9999 -9999 -9999 -9999 -9999 7.58573 10.73530 9.00512 -9999 -9999 -9999 -9999 -9999 9.88396 14.57160 31.95280 27.06940 38.20590 33.63750 31.80580 44.68780 32.10310 36.69480 48.24750 58.39480 53.89190 52.27360 64.44590 84.06790 67.20590 42.92990 -9999 -9999 -9999 -9999 -9999
