data/hydroclimate-scenarios/1948-2000.Pcorr55N_Pref_Tref/monthly_summaries/snodep_monthly_day1_sep.asc
ncols	311
nrows	91
xllcenter	102.75
yllcenter	31.75
cellsize	0.5
NODATA_value	-9999
[rows 0 to 32 of 91, columns 73 to 145 of 311]
-9999 -9999 -9999 -9999 -9999 -9999 -9999 -9999 -9999 -9999 -9999 -9999 -9999 -9999 -9999 -9999 -9999 -9999 -9999 -9999 -9999 -9999 -9999 -9999 -9999 -9999 -9999 -9999 -9999 -9999 -9999 -9999 -9999 -9999 -9999 -9999 -9999 -9999 -9999 -9999 -9999 -9999 -9999 -9999 -9999 -9999 -9999 -9999 -9999 -9999 -9999 -9999 -9999 -9999 -9999 -9999 -9999 -9999 -9999 -9999 -9999 -9999 -9999 -9999 -9999 -9999 -9999 -9999 -9999 -9999 -9999 -9999 -9999
-9999 -9999 -9999 -9999 -9999 -9999 -9999 -9999 -9999 -9999 -9999 -9999 -9999 -9999 -9999 -9999 -9999 -9999 -9999 -9999 -9999 -9999 -9999 -9999 -9999 -9999 -9999 -9999 -9999 -9999 -9999 -9999 -9999 -9999 -9999 -9999 -9999 -9999 -9999 -9999 -9999 -9999 -9999 -9999 -9999 -9999 -9999 -9999 -9999 -9999 -9999 -9999 -9999 -9999 -9999 -9999 -9999 -9999 -9999 -9999 -9999 -9999 -9999 -9999 -9999 -9999 -9999 -9999 -9999 -9999 -9999 -9999 -9999
-9999 -9999 -9999 -9999 -9999 -9999 -9999 -9999 -9999 -9999 -9999 -9999 -9999 -9999 -9999 -9999 -9999 -9999 -9999 -9999 -9999 -9999 -9999 -9999 -9999 -9999 -9999 -9999 -9999 -9999 -9999 -9999 -9999 -9999 -9999 -9999 -9999 -9999 -9999 -9999 -9999 -9999 -9999 -9999 -9999 -9999 -9999 -9999 -9999 -9999 -9999 -9999 -9999 -9999 -9999 -9999 -9999 -9999 -9999 -9999 -9999 -9999 -9999 -9999 -9999 -9999 -9999 -9999 -9999 -9999 -9999 -9999 -9999
-9999 -9999 -9999 -9999 -9999 -9999 -9999 -9999 -9999 -9999 -9999 -9999 -9999 -9999 -9999 -9999 -9999 -9999 -9999 -9999 -9999 -9999 -9999 -9999 -9999 -9999 -9999 -9999 -9999 -9999 -9999 -9999 -9999 -9999 -9999 -9999 -9999 -9999 -9999 -9999 -9999 -9999 -9999 -9999 -9999 -9999 -9999 -9999 -9999 -9999 -9999 -9999 -9999 -9999 -9999 -9999 -9999 -9999 -9999 -9999 -9999 -9999 -9999 -9999 -9999 -9999 -9999 -9999 -9999 -9999 -9999 -9999 -9999
-9999 -9999 -9999 -9999 -9999 -9999 -9999 -9999 -9999 -9999 -9999 -9999 -9999 -9999 -9999 -9999 -9999 -9999 -9999 -9999 -9999 -9999 -9999 -9999 -9999 -9999 -9999 -9999 -9999 -9999 -9999 -9999 -9999 -9999 -9999 -9999 -9999 -9999 -9999 -9999 -9999 -9999 -9999 -9999 -9999 -9999 -9999 -9999 -9999 -9999 -9999 -9999 -9999 -9999 -9999 -9999 -9999 -9999 -9999 -9999 -9999 -9999 -9999 -9999 -9999 -9999 -9999 -9999 -9999 -9999 -9999 -9999 -9999
-9999 -9999 -9999 -9999 -9999 -9999 -9999 -9999 -9999 -9999 -9999 -9999 -9999 -9999 -9999 -9999 -9999 -9999 -9999 -9999 -9999 -9999 -9999 -9999 -9999 -9999 -9999 -9999 -9999 -9999 -9999 -9999 -9999 -9999 -9999 -9999 -9999 -9999 -9999 -9999 -9999 -9999 -9999 -9999 -9999 -9999 -9999 -9999 -9999 -9999 -9999 -9999 -9999 -9999 -9999 -9999 -9999 -9999 -9999 -9999 -9999 -9999 -9999 -9999 -9999 -9999 -9999 -9999 -9999 -9999 -9999 -9999 -9999
-9999 -9999 -9999 -9999 -9999 -9999 -9999 -9999 -9999 -9999 -9999 -9999 -9999 -9999 -9999 -9999 -9999 -9999 -9999 -9999 -9999 -9999 -9999 -9999 -9999 -9999 -9999 -9999 -9999 -9999 -9999 -9999 -9999 -9999 -9999 -9999 -9999 -9999 -9999 -9999 -9999 -9999 -9999 -9999 -9999 -9999 -9999 -9999 -9999 -9999 -9999 -9999 -9999 -9999 -9999 -9999 -9999 -9999 -9999 -9999 -9999 -9999 -9999 -9999 -9999 -9999 -9999 -9999 -9999 -9999 -9999 -9999 -9999
-9999 -9999 -9999 -9999 -9999 -9999 -9999 -9999 -9999 -9999 -9999 -9999 -9999 -9999 -9999 -9999 -9999 -9999 -9999 -9999 -9999 -9999 -9999 -9999 -9999 -9999 -9999 -9999 -9999 -9999 -9999 -9999 -9999 -9999 -9999 -9999 -9999 -9999 -9999 -9999 -9999 -9999 -9999 -9999 -9999 -9999 -9999 -9999 -9999 -9999 -9999 -9999 -9999 -9999 -9999 -9999 -9999 -9999 -9999 -9999 -9999 -9999 -9999 -9999 -9999 -9999 -9999 -9999 -9999 -9999 -9999 -9999 -9999
-9999 -9999 -9999 -9999 0.18581 -9999 -9999 -9999 -9999 -9999 -9999 -9999 -9999 -9999 -9999 -9999 -9999 -9999 -9999 -9999 -9999 -9999 -9999 -9999 -9999 -9999 -9999 -9999 -9999 -9999 -9999 -9999 -9999 -9999 -9999 -9999 -9999 -9999 -9999 -9999 -9999 -9999 -9999 -9999 -9999 -9999 -9999 -9999 -9999 -9999 -9999 -9999 -9999 -9999 -9999 -9999 -9999 -9999 -9999 -9999 -9999 -9999 -9999 -9999 -9999 -9999 -9999 -9999 -9999 -9999 -9999 -9999 -9999
0.08345 0.05323 0.08699 0.09987 0.17376 0.20408 0.10451 0.12447 0.13977 0.16162 0.13960 0.14052 0.11249 0.10939 0.12074 0.10557 0.07937 0.07791 0.06140 0.05072 -9999 -9999 -9999 -9999 -9999 -9999 -9999 -9999 -9999 -9999 -9999 -9999 -9999 -9999 -9999 -9999 -9999 -9999 -9999 -9999 -9999 -9999 -9999 -9999 -9999 -9999 -9999 -9999 -9999 -9999 -9999 -9999 -9999 -9999 -9999 -9999 -9999 -9999 -9999 -9999 -9999 -9999 -9999 -9999 -9999 -9999 -9999 -9999 -9999 -9999 -9999 -9999 -9999
-9999 -9999 0.00104 0.00125 0.00354 0.00447 0.08363 0.09401 0.07880 0.08039 0.07435 0.07945 0.11676 0.10324 0.12762 0.12431 0.13265 0.15333 0.15547 0.16138 -9999 -9999 -9999 -9999 -9999 -9999 -9999 -9999 -9999 -9999 -9999 -9999 -9999 -9999 -9999 -9999 -9999 -9999 -9999 -9999 -9999 -9999 -9999 -9999 -9999 -9999 -9999 -9999 -9999 -9999 -9999 -9999 -9999 -9999 -9999 -9999 -9999 -9999 -9999 -9999 -9999 -9999 -9999 -9999 -9999 -9999 -9999 -9999 -9999 -9999 -9999 -9999 -9999
0.17760 0.18189 0.00056 0.00053 0.00254 0.00283 0.06729 0.07749 0.04052 0.03195 0.04244 0.05012 0.09980 0.09260 0.11574 0.08194 0.08355 0.08637 0.11857 0.09634 0.08304 0.07431 0.08465 0.07472 0.12334 0.11289 -9999 -9999 -9999 -9999 -9999 -9999 -9999 -9999 -9999 -9999 -9999 -9999 -9999 -9999 -9999 -9999 -9999 -9999 -9999 -9999 -9999 -9999 -9999 -9999 -9999 -9999 -9999 -9999 -9999 -9999 -9999 -9999 -9999 -9999 -9999 -9999 -9999 -9999 -9999 -9999 -9999 -9999 -9999 -9999 -9999 -9999 -9999
0.11432 0.12182 0.00660 0.00000 0.00190 0.00835 0.01453 0.01357 0.05676 0.06508 0.01143 0.04195 0.10268 0.12863 0.20889 0.20405 0.14743 0.16701 0.17310 0.17029 0.15318 0.13219 0.13594 0.12395 0.00448 0.00386 0.08711 0.06871 0.00292 0.00250 0.00501 0.00414 0.03353 0.03286 0.05153 0.05471 0.05473 0.05507 0.08197 0.08093 0.08195 -9999 -9999 -9999 -9999 -9999 -9999 -9999 -9999 -9999 -9999 -9999 -9999 -9999 -9999 -9999 -9999 -9999 -9999 -9999 -9999 -9999 -9999 -9999 -9999 -9999 -9999 -9999 -9999 -9999 -9999 -9999 -9999
0.11062 0.11927 0.01040 0.00686 0.00812 0.00119 0.01202 0.01292 0.03895 0.04183 0.00635 0.01085 0.08308 0.08481 0.14277 0.15136 0.08997 0.10516 0.16272 0.19277 0.19257 0.14979 0.14898 0.11014 0.00406 0.00359 0.08112 0.08382 0.00277 0.00285 0.00402 0.00245 0.03075 0.02863 0.04686 0.04517 0.04834 0.05109 0.07183 0.07342 0.05861 0.05331 -9999 -9999 -9999 -9999 -9999 -9999 -9999 -9999 -9999 -9999 -9999 -9999 -9999 -9999 -9999 -9999 -9999 -9999 -9999 -9999 -9999 -9999 -9999 -9999 -9999 -9999 -9999 -9999 -9999 -9999 -9999
0.07623 0.11691 0.21341 0.21075 0.08239 0.07288 0.45684 0.34743 0.37790 0.28662 0.11270 0.10781 0.04396 0.06380 0.23198 0.25390 0.22513 0.29485 0.07470 0.07797 0.11911 0.11253 0.03519 0.11981 0.06961 0.05669 0.10739 0.12690 0.08129 0.07399 0.00210 0.00356 0.06310 0.06205 0.02378 0.04016 0.03453 0.04928 0.05024 0.06190 0.01961 0.01430 -9999 -9999 -9999 -9999 -9999 -9999 -9999 -9999 -9999 -9999 -9999 -9999 -9999 -9999 -9999 0.08725 0.05659 -9999 -9999 -9999 -9999 0.07964 0.14208 0.20318 0.22220 0.08037 0.07817 0.06894 0.06754 0.13508 0.10211
0.07911 0.10792 0.18536 0.14347 0.04941 0.06260 0.40944 0.45138 0.21340 0.12696 0.06071 0.05464 0.03481 0.03784 0.13559 0.13863 0.11001 0.11894 0.04261 0.06091 0.08575 0.04101 0.00473 0.00559 0.05233 0.04923 0.07647 0.06580 0.06414 0.05705 0.00164 0.00187 0.04650 0.03888 0.01098 0.01837 0.01330 0.01080 0.02935 0.03198 0.01922 0.01443 0.01110 0.00962 0.00829 0.01231 0.18651 0.21433 0.18245 0.22004 0.07770 0.07097 0.20477 0.20855 0.06094 0.05275 0.09148 0.09159 0.04760 -9999 -9999 -9999 -9999 -9999 0.06800 0.09066 0.13181 0.14391 0.17260 0.10273 0.32222 0.25205 0.13226
0.13278 0.22122 0.14718 0.10052 0.17783 0.17149 0.27254 0.23581 0.00813 0.03028 0.06947 0.03262 0.00092 0.00091 0.00370 0.00313 0.01525 0.01757 0.01231 0.01253 0.01188 0.00615 0.10081 0.09400 0.16990 0.16611 0.00705 0.00508 0.04763 0.04171 0.09652 0.10346 0.05763 0.04311 0.01389 0.01253 0.01495 0.01442 0.02957 0.02801 0.01950 0.03124 0.04320 0.04222 0.03106 0.03720 0.12779 0.19200 0.12084 0.09620 0.09107 0.14959 0.59720 0.33172 0.40690 0.44273 0.37238 0.28018 0.18964 0.21324 0.14909 0.11452 0.10219 0.11312 0.09311 0.09462 0.22299 0.27641 0.49349 0.43830 0.60429 0.94505 0.52694
0.05805 0.25644 0.23819 0.15549 0.20263 0.22628 0.14096 0.12133 0.00333 0.00631 0.00635 0.02258 0.00081 0.00037 0.00271 0.00257 0.00910 0.02421 0.00506 0.01284 0.01431 0.01545 0.06642 0.08283 0.13807 0.13753 0.00425 0.00218 0.00781 0.00345 0.06648 0.08907 0.04743 0.03488 0.01188 0.01342 0.01246 0.00919 0.02100 0.05204 0.01392 0.01199 0.02694 0.02822 0.02525 0.02729 0.03589 0.06592 0.09644 0.08743 0.08189 0.09719 0.28102 0.47421 0.51749 0.43819 0.38444 0.45597 0.27867 0.43725 0.25374 0.14353 0.10548 0.09860 0.09489 0.08435 0.18560 0.28853 0.62536 0.66694 0.82957 0.99605 0.45270
0.57444 0.11565 0.17252 0.09077 0.00641 0.04993 0.07573 0.05080 0.07435 0.07664 0.06996 0.07452 0.01755 0.01352 0.07530 0.07711 0.08060 0.13760 0.36371 0.32114 0.08062 0.05631 0.12654 0.10827 0.13418 0.12747 0.08290 0.07751 0.11590 0.10867 0.22334 0.20876 0.05014 0.05634 0.01007 0.01896 0.07778 0.08873 0.09972 0.09249 0.20956 0.21105 0.13351 0.08844 0.10834 0.12319 0.01634 0.02321 0.03888 0.03512 0.22934 0.23809 0.16870 0.14442 0.17991 0.25500 0.56401 0.68520 0.52349 0.65795 1.18019 0.76909 0.54228 0.43644 0.32401 0.33035 0.48750 0.57467 0.51518 0.51944 0.74322 0.91596 0.87315
0.71300 0.75779 0.24741 0.07902 0.00645 0.02369 0.14014 0.06373 0.44267 0.32844 0.22703 0.14329 0.03446 0.02895 0.07236 0.06829 0.07171 0.09610 0.33004 0.29674 0.06082 0.03999 0.08326 0.07336 0.11287 0.12015 0.03291 0.05023 0.09370 0.09415 0.26011 0.26288 0.06732 0.09303 0.00839 0.02451 0.10942 0.11590 0.13171 0.11361 0.12686 0.13833 0.13465 0.10436 0.19442 0.10200 0.01409 0.03129 0.03127 0.03613 0.21947 0.20721 0.15968 0.21492 0.27053 0.40131 0.54512 0.40118 0.32055 0.29342 0.55612 0.73342 0.90686 0.56100 0.65082 0.45149 0.53758 0.51824 0.36946 0.21451 0.29873 0.62561 0.59328
0.92995 1.19942 1.13961 0.28893 0.03587 0.01577 0.04022 0.01970 0.12584 0.40155 0.45788 0.51540 0.38942 0.20931 0.19792 0.14358 0.13178 0.13449 0.09014 0.09765 0.02260 0.02915 0.02288 0.02134 0.01454 0.01770 0.03005 0.02767 0.03875 0.08235 0.24064 0.23212 0.09172 0.16744 0.05700 0.10359 0.18889 0.16724 0.24061 0.26570 0.11855 0.11541 0.12069 0.07618 0.06098 0.05485 0.02983 0.01950 0.02416 0.03499 0.15424 0.16269 0.09790 0.10902 0.21215 0.34455 0.43014 0.78131 0.20150 0.14541 0.42164 0.36838 0.34212 0.34607 0.48551 0.55244 0.42806 0.36021 0.32165 0.21893 0.13959 0.24179 0.25778
0.96705 0.99542 0.97606 0.80604 0.40469 0.25591 0.17028 0.03867 0.04345 0.09143 0.14252 0.27964 0.59790 0.59817 0.61529 0.50047 0.28449 0.21618 0.12019 0.09457 0.02684 0.02876 0.01546 0.02585 0.01650 0.01739 0.02603 0.05997 0.03200 0.16728 0.38890 0.36481 0.24752 0.25372 0.08833 0.10798 0.20191 0.22522 0.26238 0.26086 0.12706 0.14637 0.09593 0.10316 0.14084 0.11030 0.09830 0.06440 0.12226 0.11551 0.26802 0.25074 0.12606 0.13118 0.34081 0.21152 0.39110 0.70890 0.12041 0.13051 0.39682 0.27905 0.28307 0.30356 0.46790 0.40156 0.27771 0.23382 0.19654 0.16428 0.10470 0.32696 0.17306
0.66135 0.72469 0.41800 0.53566 0.65590 0.50864 0.32497 0.16953 0.08859 0.09978 0.11903 0.11101 0.09748 0.09674 0.14146 0.33576 0.32081 0.25936 0.06053 0.01860 0.02737 0.01848 0.06046 0.06934 0.02668 0.04287 0.32451 0.31195 0.02767 0.04027 0.06026 0.02008 0.13372 0.03447 0.01513 0.04323 0.30381 0.25095 0.17847 0.10979 0.06693 0.11038 0.26976 0.30724 0.22844 0.15665 0.18486 0.28664 0.27977 0.19876 0.16823 0.29978 0.22059 0.28534 0.18429 0.28196 0.38047 0.25687 0.17134 0.13097 0.21937 0.20794 0.29712 0.18661 0.04821 0.04189 0.14319 0.09922 0.01483 0.01706 0.12930 0.17949 0.00755
0.38952 0.33426 0.44198 0.37235 0.55494 0.58001 0.43419 0.19753 0.06207 0.22057 0.37108 0.26014 0.43848 0.59045 0.53653 0.03085 0.21974 0.36553 0.26619 0.19014 0.18083 0.02519 0.03745 0.05648 0.01846 0.02216 0.31354 0.28562 0.04521 0.02925 0.01706 0.01230 0.02012 0.02314 0.02835 0.00781 0.16633 0.24620 0.48363 0.27462 0.11017 0.21029 0.04173 0.03759 0.07472 0.15182 0.22176 0.25941 0.26352 0.21396 0.11520 0.13566 0.19932 0.24504 0.19380 0.23815 0.25375 0.18005 0.10493 0.10014 0.19791 0.21760 0.09524 0.06594 0.00472 0.00094 0.05676 0.05681 0.01923 0.01630 0.10716 0.08852 0.00002
0.13147 0.06963 0.39866 0.38687 0.44477 0.51853 0.32776 0.32604 0.21924 0.25954 0.18265 0.16421 0.20044 0.20669 0.69744 0.66672 0.29458 0.17427 0.17086 0.17255 0.05433 0.03568 0.02153 0.00150 0.01036 0.00849 0.21553 0.21851 0.03693 0.02740 0.00103 0.00062 0.14069 0.13972 0.07431 0.07481 0.14337 0.17518 0.52163 0.53205 0.47807 0.45635 0.08078 0.06617 0.20400 0.31791 0.49891 0.67143 0.53079 0.38014 0.26809 0.42369 0.23799 0.18691 0.05176 0.02810 0.46885 0.23675 0.06721 0.07405 0.23387 0.13871 0.00794 0.00599 0.00464 0.01090 0.00103 0.00000 0.02209 0.01773 0.07190 0.08532 0.04348
0.20431 0.20542 0.35713 0.23222 0.25630 0.17330 0.18905 0.15604 0.20446 0.40645 0.21089 0.11638 0.10099 0.10967 0.25442 0.32083 0.55118 0.46629 0.14261 0.07304 0.01114 0.02961 0.09484 0.06635 0.01583 0.01563 0.22686 0.26235 0.02962 0.03143 0.00000 0.00000 0.14092 0.16109 0.08117 0.13469 0.15650 0.32816 0.82277 0.54950 0.48181 0.64402 0.39925 0.20712 0.23595 0.29501 0.36893 0.47435 0.44322 0.20353 0.12533 0.11096 0.02843 0.02438 0.01225 0.00952 0.09453 0.21299 0.04532 0.05087 0.22043 0.15905 0.01629 0.00586 0.00000 0.00424 0.00031 0.00017 0.02725 0.02789 0.06948 0.10274 0.06385
0.34680 0.30602 0.33281 0.28422 0.29943 0.25234 0.04693 0.13376 0.03695 0.05722 0.34986 0.25192 0.11475 0.11373 0.14073 0.29115 0.55654 0.49567 0.25447 0.19596 0.11227 0.03387 0.00808 0.00688 0.01364 0.00046 0.00014 0.00046 0.00000 0.00000 0.00000 0.00795 0.04465 0.01213 0.13981 0.22119 0.25373 0.21224 0.24232 0.31322 0.44958 0.30790 0.37026 0.31275 0.23535 0.25032 0.14854 0.20967 0.23536 0.26076 0.20883 0.20669 0.24666 0.17461 0.09796 0.04032 0.04371 0.01824 0.00204 0.00341 0.00598 0.00285 0.00378 0.00000 0.00000 0.00156 0.00013 0.00662 0.06782 0.04080 0.00828 0.01478 0.00000
0.27523 0.26766 0.32006 0.25928 0.37308 0.29112 0.08803 0.07239 0.01388 0.01847 0.21500 0.34786 0.18717 0.17728 0.24257 0.09621 0.27945 0.20692 0.49067 0.17720 0.11598 0.02356 0.00560 0.02179 0.14120 0.05698 0.00024 0.00020 0.00049 0.00000 0.00000 0.02574 0.07883 0.00908 0.13965 0.16712 0.38252 0.39635 0.19644 0.25453 0.28673 0.32569 0.32270 0.33859 0.14570 0.19136 0.16000 0.17548 0.18977 0.19821 0.11020 0.05272 0.09144 0.03253 0.04030 0.01933 0.00691 0.00851 0.00267 0.00265 0.00489 0.00332 0.07912 0.03729 0.03361 0.02760 0.00014 0.00000 0.00225 0.00556 0.00937 0.01766 0.02673
0.39678 0.42462 0.33706 0.60106 0.52719 0.29208 0.16052 0.13679 0.02281 0.03604 0.09141 0.11053 0.19426 0.15714 0.02132 0.01915 0.07374 0.07176 0.12950 0.26302 0.31464 0.15550 0.01094 0.00446 0.02012 0.02492 0.01421 0.01788 0.02441 0.03169 0.00048 0.00977 0.02568 0.03638 0.21341 0.30226 0.20701 0.29072 0.04401 0.04386 0.03902 0.01140 0.01280 0.00043 0.01961 0.00000 0.00000 0.00000 0.00211 0.00145 0.00095 0.00704 0.00925 0.01083 0.00000 0.00000 0.00000 0.00000 0.01356 0.01153 0.00808 0.01842 0.05704 0.03602 0.06200 0.04422 0.01025 0.00590 0.02470 0.00731 0.01427 0.01470 0.00160
0.33892 0.29230 0.32623 0.38679 0.91339 0.51479 0.27899 0.29509 0.22614 0.16048 0.12481 0.19789 0.15747 0.13030 0.06181 0.04824 0.05679 0.05038 0.12853 0.22592 0.55040 0.15951 0.01282 0.00876 0.07945 0.07260 0.13463 0.19102 0.06035 0.04175 0.00958 0.03280 0.05689 0.02613 0.26475 0.23729 0.17541 0.20718 0.03616 0.01095 0.01173 0.00115 0.00000 0.00000 0.00000 0.00000 0.00239 0.00005 -9999 -9999 0.00125 0.00496 0.00000 0.00017 0.00000 0.00000 0.00000 0.00000 0.01223 0.04204 0.03370 0.06403 0.02913 0.05673 0.17356 0.19173 0.02639 0.00237 0.02802 0.01403 0.00313 0.00504 0.00000
0.19245 0.23971 0.14578 0.09499 0.29898 0.12874 0.28294 0.41035 0.41371 0.32295 0.22869 0.22652 0.15114 0.09437 0.22647 0.14827 0.06407 0.10304 0.13984 0.09196 0.05994 0.07825 0.18876 0.04851 0.28904 0.19234 0.17960 0.16753 0.21655 0.06778 0.09916 0.17714 0.26406 0.27042 0.20868 0.08543 0.00795 -9999 -9999 -9999 -9999 0.00000 -9999 0.00021 0.00311 0.00574 0.00295 0.00000 -9999 -9999 0.00000 0.00000 0.00000 0.00000 0.00000 0.00000 0.00000 0.00178 0.00544 0.00794 0.01593 0.02501 0.04915 0.18215 0.17468 0.09881 0.02537 0.00622 0.00000 0.00000 -9999 -9999 -9999
0.16124 0.20577 0.06465 0.02827 0.10374 0.09837 0.09132 0.12761 0.10268 0.11414 0.21584 0.21978 0.12165 0.04183 0.15153 0.16485 0.14284 0.11270 0.23727 0.09228 0.08285 0.06405 0.03733 0.02161 0.25783 0.26288 0.21364 0.17985 0.20942 0.22143 0.20477 0.17049 0.41359 0.18369 0.04655 -9999 -9999 -9999 -9999 -9999 -9999 -9999 0.00000 0.00000 0.00000 -9999 -9999 -9999 -9999 -9999 0.00000 0.00000 0.00246 0.00000 0.00881 0.00218 0.00000 0.00173 0.00000 0.00000 0.00611 0.00442 0.01395 0.01197 0.00522 0.02294 0.01173 0.00000 -9999 -9999 -9999 -9999 -9999
0.13154 0.13714 0.01756 0.01057 0.00639 0.02694 0.00872 0.00053 0.00627 0.00627 0.01671 0.00760 0.02282 0.00671 0.03478 0.05904 0.02361 0.02995 0.02693 0.01886 0.01877 0.04923 0.08209 0.05177 0.14076 0.13704 0.18432 0.15318 0.24984 0.31716 0.11922 0.05312 0.03581 0.00563 -9999 -9999 -9999 -9999 -9999 -9999 -9999 -9999 -9999 0.00000 -9999 -9999 -9999 -9999 0.00000 0.00000 0.00000 0.00000 0.00000 0.00000 0.00000 0.00000 0.00176 0.00000 0.00000 0.00000 0.00000 0.00036 0.00036 0.00417 0.00006 -9999 -9999 -9999 -9999 -9999 -9999 -9999 -9999
