data/hydroclimate-scenarios/1948-2000.Pcorr55N_Pref_Tref/monthly_summaries/snodep_monthly_day1_nov.1950-2000.asc
ncols	311
nrows	91
xllcenter	102.75
yllcenter	31.75
cellsize	0.5
NODATA_value	-9999
[rows 32 to 63 of 91, columns 0 to 72 of 311]
-9999 -9999 -9999 -9999 -9999 -9999 -9999 -9999 -9999 -9999 -9999 15.65140 16.03740 16.33130 16.57470 17.11690 18.71250 19.22660 19.54650 19.81270 19.87380 17.94280 16.76060 16.64090 15.73210 15.31580 14.95790 14.33690 13.43670 12.84750 12.38440 12.97440 12.43210 12.19640 12.77520 12.03230 12.73300 12.45040 13.28320 14.53950 15.18230 15.40980 15.68120 16.18470 16.69510 15.60390 16.35740 17.70020 17.77710 17.87730 17.24010 17.35510 16.96300 16.89620 16.22730 16.40750 16.48590 16.13180 16.62540 16.74010 17.15120 17.40000 17.70130 17.82030 17.86290 16.77170 18.06310 19.09280 21.89090 24.07650 23.65770 25.86900 26.58070
-9999 -9999 -9999 -9999 -9999 -9999 -9999 -9999 -9999 -9999 -9999 15.77860 16.19400 16.04010 16.41560 17.12160 17.15080 18.16040 18.76050 18.19870 18.35790 16.67350 15.69830 16.06820 16.03290 16.01900 15.42670 14.37320 12.84410 11.83360 12.42480 12.19230 11.90910 11.44710 11.20520 11.98060 11.59290 12.05650 12.69480 15.37750 15.13310 16.32000 16.59050 16.70060 17.88500 17.82140 18.44970 19.11140 18.98940 19.19400 18.97750 18.17350 17.79890 17.04010 16.62240 16.55230 17.01170 16.89080 16.88190 16.82600 16.63240 17.63100 17.28890 17.11760 17.69470 17.71880 17.92920 19.47190 21.02850 23.27250 23.04960 25.68390 24.41410
-9999 -9999 -9999 -9999 -9999 -9999 -9999 -9999 -9999 -9999 -9999 -9999 15.55280 14.81870 15.17540 15.73380 16.30380 16.21490 16.36700 16.67850 16.57130 16.59060 17.32360 17.97500 17.29570 18.48030 17.26860 16.76320 13.84580 12.10750 11.51070 10.48510 10.44330 10.53700 10.76640 11.36290 11.72020 12.13360 13.52330 15.17370 16.60090 18.01180 19.15650 17.60050 18.63340 18.89460 19.20850 18.88410 18.52120 18.55390 18.31710 18.47700 17.97400 17.71160 17.98190 17.19660 16.99390 17.30660 16.92900 17.08390 17.72980 18.16480 18.28760 17.13300 17.40740 17.42760 17.74500 20.06070 22.96730 23.59750 21.68930 23.63700 23.65120
-9999 -9999 -9999 -9999 -9999 -9999 -9999 -9999 -9999 -9999 -9999 -9999 14.16650 13.45400 14.36940 14.49920 14.49550 14.67410 15.38250 15.57820 16.01810 19.12330 18.68850 19.44410 19.65070 17.39230 15.86010 15.69130 14.03990 12.99000 12.64650 11.08360 9.97829 9.81588 9.87164 10.09520 10.91960 11.47770 12.41730 13.98570 16.31860 18.29620 18.80660 18.71510 18.76380 19.20690 18.69710 19.22050 18.96700 19.35070 19.19740 18.54100 18.33390 18.17820 17.69000 16.87080 16.42110 16.34770 16.00890 16.35930 17.39700 18.59090 19.35850 17.69670 16.72350 16.64360 17.81900 20.04970 21.77100 21.68560 23.62960 23.62990 24.13820
-9999 -9999 -9999 -9999 -9999 -9999 -9999 -9999 -9999 -9999 -9999 -9999 13.45610 11.93310 11.76720 11.55110 12.49260 13.35440 15.02580 16.02100 16.83940 17.73580 17.73870 18.41470 17.03560 16.30780 14.32610 12.38530 11.97870 10.68580 9.51932 8.75609 8.96780 9.59284 9.15704 9.22540 9.54841 10.59260 11.72770 14.09090 16.94610 19.27730 19.42780 19.07710 19.43840 21.44980 21.37330 22.52730 20.68720 19.62440 19.24180 17.96830 17.62500 17.13200 15.68180 15.86290 15.90930 16.52900 16.58380 17.35490 17.61410 19.54930 19.48360 18.14800 18.44710 18.38880 18.83270 19.25330 21.51550 22.11010 22.89750 23.29930 23.56040
-9999 -9999 -9999 11.49610 10.97070 11.12330 10.95690 10.75060 10.95150 -9999 11.53180 11.75620 11.25050 10.52050 10.33970 10.37950 11.33980 12.28330 13.83880 15.09970 15.66330 15.17960 14.88160 15.07890 14.73330 13.50500 11.88080 12.83580 12.18080 13.06000 10.40030 8.80934 9.55451 11.67250 9.95608 10.24750 11.02810 11.82700 12.59720 13.68570 15.27130 17.45660 18.34230 18.67690 21.27350 24.23160 26.26410 23.47760 21.97650 21.29060 20.62480 19.59510 19.74480 20.20360 18.94780 20.99750 21.38260 18.34170 19.57960 18.18370 17.96590 19.57870 20.00120 19.47990 18.91300 18.54250 19.63630 20.09680 20.41700 22.39550 23.73490 24.64170 26.45450
-9999 -9999 -9999 9.72464 9.57349 9.28006 10.17010 10.45400 10.45000 11.18760 9.97884 8.90019 9.46297 9.93994 10.40990 11.93700 12.36840 11.70710 12.19660 12.31640 12.36620 13.09300 11.82220 11.80870 12.56350 12.23230 12.29080 11.86970 12.53590 12.26410 10.43010 11.22340 11.14070 11.85770 12.11820 11.45980 12.17250 14.38350 13.79280 16.30100 17.77300 16.36680 16.49950 20.02930 23.42240 27.28870 27.36400 21.98980 22.74030 23.33710 22.72670 21.16860 21.59320 20.96070 18.68860 19.54300 18.84160 18.44420 20.12170 20.03220 19.77900 19.40350 19.80600 19.08450 19.56940 18.71650 18.88590 17.92170 20.37550 22.79580 24.87780 24.06560 27.03400
-9999 -9999 -9999 8.02147 7.87261 9.10777 9.75697 9.93418 8.93877 8.64862 8.91573 8.46238 9.69221 11.41780 13.22170 12.38610 12.95500 12.14270 10.96780 10.86360 11.58560 12.56080 11.68240 12.83500 13.44160 12.56400 12.31850 11.25730 11.16620 11.99700 13.25020 13.33270 11.39310 11.66740 12.22740 11.70310 11.59850 12.48690 13.45580 15.37940 16.66490 16.72820 17.13930 18.91800 19.89030 24.75200 24.47640 23.20720 22.52020 24.08490 24.18100 20.62540 20.33630 19.79550 18.35110 18.75670 18.71600 18.09390 19.52350 20.08340 19.58240 18.72430 18.58320 20.03970 19.37050 19.67870 20.11720 21.25010 24.93290 26.43120 28.35980 24.98060 25.00700
-9999 -9999 -9999 6.98398 5.99928 8.01373 8.01662 8.75603 8.74644 8.92937 8.06629 7.75987 11.10330 11.96500 12.93870 13.00130 13.44660 13.36830 12.80550 10.92730 11.93360 13.20750 14.45280 13.54630 12.06770 11.00070 10.74040 10.28980 12.16300 13.46810 12.48230 8.41087 10.18380 12.15850 12.51360 12.75510 11.49370 10.38670 11.91290 12.09370 14.27450 18.07400 20.40290 20.44520 18.98950 22.83790 23.70010 21.18050 23.93210 22.14830 23.23830 21.07220 20.46990 20.27580 19.39440 18.85430 19.05670 19.69460 20.68080 21.26670 23.31660 20.86510 21.23890 21.98950 22.52800 21.52000 22.24170 23.19730 26.62920 27.86080 24.52450 17.46810 -9999
-9999 -9999 -9999 5.51331 4.86060 6.91020 6.86529 7.44738 8.28126 8.06851 6.79010 8.56431 10.75410 12.26120 13.83080 13.88200 14.05980 12.93040 10.81080 8.26463 9.85971 11.47260 12.11970 10.12170 9.35174 8.72932 7.83338 8.67931 9.88326 11.42070 11.31170 9.88157 10.63690 9.60581 9.60792 11.26310 11.62270 10.43840 10.68010 11.17210 13.26660 15.88220 17.52650 18.51460 17.15020 18.63830 19.51310 20.01050 20.58850 20.86150 20.88140 18.22920 18.55480 20.47300 18.59500 20.22880 18.32330 18.56610 20.27980 22.76020 22.80010 22.27720 22.79290 25.76580 26.83750 23.83730 24.62560 26.05310 27.59490 24.09920 17.00930 -9999 -9999
-9999 -9999 -9999 -9999 6.52944 7.64997 7.01027 8.46796 8.70264 8.34530 6.88044 7.46220 12.93860 10.30670 -9999 -9999 -9999 -9999 -9999 11.90590 11.42930 9.78924 10.39860 11.83670 9.93481 7.90586 5.75739 6.43579 7.34209 7.08841 7.69787 8.20706 8.44220 7.59155 6.86815 7.16148 7.85213 7.73980 8.62377 10.21040 10.62800 11.38990 12.37580 14.29700 14.26110 14.09490 15.76770 18.46360 17.56630 16.95030 17.62850 17.43290 16.41270 18.44210 19.21800 20.64570 21.73590 20.90740 21.27590 22.58280 24.22370 25.64470 26.77460 27.09170 27.80370 28.28070 26.28530 21.19040 18.75770 -9999 -9999 -9999 -9999
-9999 -9999 5.11045 6.09901 6.24306 6.08664 6.83400 8.20133 7.09598 7.86288 6.49800 7.82686 12.03700 -9999 -9999 -9999 -9999 -9999 14.18520 10.04650 9.30600 7.20520 6.91770 8.21440 7.64367 7.14404 5.07123 5.22700 5.44015 5.59249 6.05938 6.44562 6.45311 6.05507 6.08186 5.73913 6.62393 6.85535 7.48477 8.64385 9.98566 9.68760 10.72460 11.58180 11.15840 11.71640 13.08680 14.15680 13.24730 12.58780 12.95830 13.19020 14.11590 13.58210 15.99790 15.08080 17.50920 19.92280 20.69730 19.98330 21.03880 22.74610 23.86090 25.28180 24.78620 23.01580 20.81510 -9999 -9999 -9999 -9999 -9999 -9999
-9999 -9999 5.63950 5.78803 5.03885 4.91677 5.00676 6.32826 6.11164 5.86313 7.32676 9.16879 9.42317 -9999 -9999 -9999 -9999 8.19696 10.67740 7.35432 6.85055 5.58643 5.00458 4.90090 4.12159 4.12026 4.29265 4.19794 3.85782 3.38413 3.92972 5.31196 4.70113 4.95551 5.29984 5.56875 5.62835 6.01902 7.39449 8.09284 8.32329 9.16068 10.14980 10.23680 10.70950 10.69690 10.29870 12.63210 10.02650 11.34210 11.16920 10.51610 11.09300 11.26070 12.09440 9.99958 11.51140 16.59270 18.19110 17.15940 16.93300 20.16830 18.52710 17.62130 16.46520 -9999 -9999 -9999 -9999 -9999 9.14631 -9999 -9999
-9999 -9999 4.70692 6.23358 5.60328 5.46757 5.30550 5.08282 5.58390 6.42254 8.07238 9.66515 3.35855 -9999 -9999 -9999 -9999 9.48747 8.28859 6.28246 5.53026 4.04619 3.01778 2.88815 2.81165 3.31908 3.93374 3.45477 3.34007 3.20943 3.53877 4.05303 4.45558 4.77416 4.73581 5.12335 5.55208 5.94394 6.74708 6.34668 6.78229 7.37403 7.51843 8.74611 8.51916 9.77362 10.27030 11.08170 9.97510 10.15880 9.04605 9.72714 10.18110 10.69290 10.86360 8.22307 9.25715 12.73560 12.85950 12.78960 11.28790 10.86430 11.61040 16.03180 19.41770 19.83520 14.01980 16.18450 10.83990 -9999 -9999 -9999 7.69475
-9999 -9999 -9999 4.43088 4.75573 4.27705 4.13133 4.38499 5.63321 7.24044 6.34667 3.93766 -9999 -9999 -9999 -9999 8.78575 8.66929 6.12298 4.76385 4.08589 2.20632 2.07700 2.41386 2.30487 2.59103 2.70297 2.60380 2.72775 3.72695 3.67340 3.26344 2.94937 3.23771 3.42640 4.13765 3.72822 3.46234 3.96333 3.97639 4.74313 4.85991 5.78829 5.06864 4.92102 6.35114 6.13035 6.24398 6.75900 7.45713 8.99599 8.73844 7.89075 8.84616 10.27840 9.96195 9.88435 13.38940 13.24090 11.30850 11.57420 13.26630 17.20870 23.92840 27.78260 17.15170 11.45720 13.84770 10.55060 7.34303 -9999 -9999 6.48751
-9999 -9999 -9999 -9999 3.68025 3.84555 3.85970 4.92991 6.08124 4.41579 2.19612 -9999 -9999 -9999 -9999 7.75820 8.50967 5.72389 4.28126 3.56657 2.63597 1.56768 1.61362 2.29997 2.29665 1.64337 1.65286 1.58362 2.15085 2.09283 2.46997 1.90815 1.78229 2.31995 2.75906 3.16840 3.48589 2.92750 3.24564 3.40205 4.00630 4.18780 4.32602 3.95233 3.54966 4.45687 4.92520 5.16418 5.05430 5.76807 6.10658 6.40896 7.08454 6.62888 6.29416 6.18437 6.31591 10.89510 11.52510 10.22440 13.18440 16.68690 17.66600 16.82420 20.09410 15.14500 9.19314 9.10428 10.56280 6.83254 6.69514 5.15746 5.46959
-9999 -9999 -9999 -9999 -9999 -9999 4.11749 4.38181 3.22638 2.30656 3.38544 -9999 -9999 -9999 -9999 -9999 6.02913 4.46445 3.69674 2.38655 1.96527 1.06851 1.65916 1.60733 1.48953 1.08650 0.90420 1.07103 1.15069 1.43853 1.84160 1.69792 1.64534 2.69885 2.41702 2.15009 2.81028 2.54086 2.30790 3.00637 3.28986 4.35299 4.39813 4.42641 4.09341 3.15814 2.83214 4.03391 4.41130 4.50617 4.87483 5.14832 5.28415 4.07226 4.15425 4.28562 5.27773 7.58369 8.71789 10.38060 12.75960 15.25990 16.86010 16.74440 18.66300 14.46390 7.86063 5.55943 6.13972 4.91329 5.61332 5.06401 6.50150
-9999 -9999 -9999 -9999 -9999 -9999 -9999 -9999 -9999 -9999 -9999 -9999 -9999 -9999 -9999 -9999 -9999 -9999 -9999 2.01143 1.56686 1.21786 1.08733 0.72136 0.75472 0.76439 0.87678 0.84759 0.93941 1.36677 1.46511 1.43144 1.61650 2.19297 1.90434 2.33062 2.13686 2.08981 2.23985 2.79789 3.63341 3.45827 3.23643 3.46901 3.71170 2.56094 2.27386 3.10773 3.20775 3.63125 4.05162 4.16146 4.58183 2.70865 2.80965 3.18800 3.99439 5.46551 7.21289 9.08929 12.69000 12.82790 14.81980 15.48960 15.97680 8.97683 4.53721 4.01526 4.08330 5.30476 6.17631 5.01715 6.39146
-9999 -9999 -9999 -9999 -9999 -9999 -9999 -9999 -9999 -9999 -9999 -9999 -9999 -9999 -9999 -9999 -9999 -9999 2.33841 2.50913 1.87426 1.02466 0.77366 1.05864 1.01697 0.89291 0.86313 0.76845 0.88034 1.50137 1.65300 1.44089 1.64647 1.32576 1.35522 1.85575 2.24549 1.76355 2.22641 2.21487 2.67360 3.03690 3.11363 3.64183 3.41594 3.75141 2.84987 1.86506 1.66872 2.12626 2.18387 1.73245 1.80810 2.28552 3.04137 2.30575 2.72244 6.58192 8.77373 6.94235 6.62682 6.50491 8.66478 11.49540 12.39020 7.79972 5.55776 3.93301 3.81317 3.69309 4.39601 9.04796 5.35282
-9999 -9999 -9999 -9999 -9999 -9999 -9999 -9999 -9999 -9999 -9999 -9999 -9999 -9999 -9999 -9999 -9999 2.32882 2.13302 1.89265 1.60985 0.88052 0.82997 0.87727 0.91560 0.92471 0.80223 0.55756 0.74440 1.43245 1.43935 1.16310 1.24166 0.99655 1.01062 2.17137 2.51531 2.19337 2.07871 1.98171 2.31444 2.35220 2.77057 2.48734 2.57133 2.72741 2.49382 1.98387 1.58755 1.81543 1.67562 1.14913 1.46193 2.09432 2.11564 1.98115 2.85826 5.69889 6.90783 4.96193 3.26059 4.95001 10.56120 12.69780 7.02576 5.96541 5.97075 3.76631 3.65533 3.29412 5.05375 5.20023 4.09028
-9999 -9999 -9999 -9999 -9999 -9999 -9999 -9999 -9999 -9999 -9999 -9999 -9999 -9999 -9999 -9999 -9999 1.21090 1.13961 1.14492 0.81756 0.62973 0.50321 0.61227 0.49114 0.64737 0.72637 0.77155 0.80613 1.65113 1.79509 0.91019 0.96561 0.91356 1.01317 1.07102 1.36198 1.15641 1.67900 2.75108 2.43600 2.00225 1.94094 1.82575 1.88881 1.50029 1.23943 2.01451 1.71902 1.68216 1.65004 1.69194 1.79195 1.56581 1.43739 2.20522 4.31465 4.31194 4.03308 3.17534 3.78202 6.24638 7.04937 9.72308 12.38160 8.94352 5.38332 6.83056 4.78139 3.48121 4.09392 7.09981 9.22951
-9999 -9999 -9999 -9999 -9999 -9999 -9999 -9999 -9999 -9999 -9999 -9999 -9999 -9999 -9999 -9999 1.69343 1.15130 1.10576 1.07815 0.69928 0.52346 0.46914 0.32659 0.26875 0.51303 0.51188 0.55045 0.67475 1.52245 1.64481 0.78551 0.88111 0.65084 0.81508 0.94343 1.18009 1.12770 1.22057 2.02880 1.74046 1.56715 1.53181 1.32504 1.32760 1.08771 1.10138 1.86610 1.66863 1.64256 1.76367 1.55019 1.65177 1.42766 1.49746 1.96790 2.31560 2.74461 3.03740 3.26114 3.09700 4.27655 6.15754 11.71110 9.12023 7.21912 6.40258 5.21718 4.17079 3.02828 3.87261 5.84969 7.27001
-9999 -9999 -9999 -9999 -9999 -9999 -9999 -9999 -9999 -9999 -9999 -9999 -9999 1.62660 1.91138 2.28098 2.24462 2.65925 1.59543 0.71779 0.53133 0.67188 0.53258 0.78711 0.74880 0.46073 0.46480 0.23657 0.27798 0.58519 0.71772 0.72986 0.84930 0.80430 0.80525 1.20504 1.28503 0.85604 0.86725 0.85843 0.78685 0.89514 0.88845 0.73739 0.93082 0.80580 0.84028 0.68602 0.66236 1.15648 1.35074 1.96070 1.97763 2.25078 2.38106 1.72429 1.73933 2.18390 2.34415 2.72232 3.13419 3.54309 4.42988 4.32764 3.68315 3.18238 3.42104 3.05469 2.90594 2.18750 3.07805 3.99275 5.03442
-9999 -9999 -9999 -9999 -9999 -9999 -9999 -9999 -9999 -9999 -9999 -9999 1.32144 1.20964 1.63101 1.84060 1.81829 1.79447 1.39067 0.46097 0.48334 0.54728 0.51310 0.80965 0.73585 0.35267 0.39035 0.19971 0.21661 0.53622 0.65561 0.66962 0.81081 0.76689 0.74639 1.08240 1.26042 0.70104 0.68504 0.64341 0.65772 0.76946 0.73625 0.68025 0.84052 1.03012 0.99426 0.58442 0.54443 1.02949 1.16961 1.73897 1.82611 1.87247 2.14790 1.53740 1.33722 2.07341 2.65863 2.83682 2.87158 3.03101 3.28020 3.69196 3.24698 2.93645 2.97505 2.62247 2.14823 2.54006 4.71859 3.28207 4.48090
-9999 -9999 -9999 -9999 -9999 -9999 -9999 -9999 -9999 -9999 -9999 2.69916 1.97107 1.42350 1.10181 1.09925 1.14748 1.12884 0.95802 1.02038 0.91319 0.78469 0.71051 0.38059 0.41036 0.32796 0.35123 0.39508 0.38122 0.38560 0.46292 0.64124 0.72364 0.94482 1.00923 1.61588 1.61350 1.16806 0.92020 0.99727 0.96184 0.71868 0.73255 0.83659 0.94302 0.65967 0.71490 1.07160 1.21143 1.14637 1.30972 2.84183 2.82828 2.39096 2.35257 1.45222 1.23046 1.21150 1.09156 1.65681 1.83028 1.63896 1.75642 2.02223 2.01596 2.04004 2.05916 1.52026 2.06808 2.40461 4.85073 7.52243 6.08630
-9999 -9999 -9999 -9999 -9999 -9999 -9999 -9999 -9999 -9999 1.80501 2.20439 1.49387 1.20855 0.84557 0.84489 0.86374 0.93015 1.00527 1.00735 0.78254 0.63860 0.67571 0.36439 0.35408 0.36482 0.37237 0.37310 0.37638 0.38589 0.44310 0.65015 0.69027 0.93138 1.11106 1.64045 1.76840 1.18438 0.91996 0.81827 0.79728 0.58916 0.50703 0.66897 0.72467 0.45800 0.63905 0.93781 1.07523 1.12885 1.16468 2.68838 2.60157 2.25429 2.28988 1.15422 1.17806 1.08610 1.06057 1.65988 1.73728 1.64582 1.63741 1.87341 2.18617 1.86613 1.79163 1.41193 2.16302 3.54937 5.31458 4.45792 4.96792
-9999 -9999 -9999 -9999 -9999 -9999 -9999 -9999 -9999 1.19744 1.21221 0.88437 0.88940 0.71033 0.57289 0.66818 0.68544 0.19570 0.13249 0.58342 0.57692 0.65060 0.69496 0.24170 0.25089 0.25751 0.24085 0.72865 0.72312 0.65929 0.57586 0.98017 1.19089 1.00923 1.32216 1.32553 1.61603 0.68925 0.40351 0.26804 0.23745 0.27940 0.26157 0.73878 0.79765 0.40723 0.43894 1.13069 1.40338 1.00047 1.07582 1.09251 1.32398 3.20394 3.40424 0.79499 0.76541 0.77187 0.81285 1.15237 1.19232 1.48975 1.41980 1.21230 1.16344 1.41782 1.48919 1.52697 2.77922 4.71745 4.33884 2.79722 2.24517
-9999 -9999 -9999 -9999 -9999 -9999 -9999 -9999 -9999 -9999 1.03141 0.48492 0.45766 0.37375 0.27152 0.56926 0.58823 0.25138 0.22743 0.53880 0.54868 0.55220 0.59598 -9999 -9999 -9999 -9999 -9999 -9999 0.65521 0.62592 0.90830 1.09678 0.99759 1.24501 1.15897 1.17974 0.51622 0.32740 0.24952 0.18792 0.24599 0.26508 0.71740 0.71427 0.36404 0.48858 1.14188 1.17182 0.87028 0.99966 0.76156 1.24802 3.27724 3.49425 0.84830 0.67093 0.77154 0.79902 1.17961 1.25591 1.46215 1.33228 1.12232 1.52053 1.28002 1.61894 2.13651 6.49375 6.62774 7.24998 2.70807 1.47680
-9999 -9999 -9999 -9999 -9999 -9999 -9999 -9999 -9999 -9999 -9999 -9999 0.41809 0.46450 0.42832 0.13245 0.13316 0.10136 0.14552 -9999 -9999 -9999 -9999 -9999 -9999 -9999 -9999 -9999 -9999 -9999 -9999 -9999 -9999 0.58823 0.97820 0.88908 0.87552 0.58118 0.37800 0.03214 0.01685 0.18243 0.19995 0.50607 0.52417 0.50757 0.57048 0.57821 0.64903 0.45919 0.52015 0.87670 1.18516 1.03367 1.14654 0.79766 0.72597 1.07113 1.06537 2.13541 2.30693 1.37698 1.43887 0.94992 0.82870 0.86416 1.23493 2.40231 4.20473 2.91613 3.18774 1.82527 -9999
-9999 -9999 -9999 -9999 -9999 -9999 -9999 -9999 -9999 -9999 -9999 -9999 -9999 -9999 -9999 -9999 -9999 -9999 -9999 -9999 -9999 -9999 -9999 -9999 -9999 -9999 -9999 -9999 -9999 -9999 -9999 -9999 -9999 -9999 0.51872 0.73871 0.49289 0.45033 0.36221 0.00074 0.00472 0.17632 0.16429 0.48829 0.50955 0.49763 0.62840 0.58572 0.63828 0.43950 0.49157 0.75821 1.03878 1.02073 1.06970 0.73161 0.66106 1.10400 1.15186 2.36160 2.36689 1.50127 1.50516 0.88572 0.73195 0.91999 1.29461 2.87013 5.26075 3.47708 1.69512 -9999 -9999
-9999 -9999 -9999 -9999 -9999 -9999 -9999 -9999 -9999 -9999 -9999 -9999 -9999 -9999 -9999 -9999 -9999 -9999 -9999 -9999 -9999 -9999 -9999 -9999 -9999 -9999 -9999 -9999 -9999 -9999 -9999 -9999 -9999 -9999 0.12389 0.40796 0.47128 0.56049 0.36053 0.21116 0.17553 0.21262 0.21075 0.40713 0.46497 1.14095 1.22403 1.46968 1.58277 0.40605 0.60187 1.07955 1.14775 1.61318 1.68436 0.52667 0.36728 1.27737 1.49719 1.25148 1.11373 0.92014 0.98978 1.07941 1.00298 1.14095 1.25844 1.66510 3.61720 1.53222 -9999 -9999 -9999
-9999 -9999 -9999 -9999 -9999 -9999 -9999 -9999 -9999 -9999 -9999 -9999 -9999 -9999 -9999 -9999 -9999 -9999 -9999 -9999 -9999 -9999 -9999 -9999 -9999 -9999 -9999 -9999 -9999 -9999 -9999 -9999 -9999 -9999 -9999 -9999 -9999 -9999 0.29172 0.08928 0.10078 0.24960 0.24809 0.44983 0.46094 1.12520 1.28623 1.58164 1.71185 0.35556 0.47640 0.91240 0.89408 1.42741 1.57508 0.45887 0.44685 1.30919 1.38694 0.79654 0.79854 0.81180 0.93503 0.91658 1.23542 1.20443 1.53881 1.33825 0.88761 -9999 -9999 -9999 -9999
