data/hydroclimate-scenarios/1948-2000.Pcorr55N_Pref_Tref/monthly_summaries/snodep_monthly_day1_may.asc
ncols	311
nrows	91
xllcenter	102.75
yllcenter	31.75
cellsize	0.5
NODATA_value	-9999
[rows 0 to 31 of 91, columns 72 to 143 of 311]
-9999 -9999 -9999 -9999 -9999 -9999 -9999 -9999 -9999 -9999 -9999 -9999 -9999 -9999 -9999 -9999 -9999 -9999 -9999 -9999 -9999 -9999 -9999 -9999 -9999 -9999 -9999 -9999 -9999 -9999 -9999 -9999 -9999 -9999 -9999 -9999 -9999 -9999 -9999 -9999 -9999 -9999 -9999 -9999 -9999 -9999 -9999 -9999 -9999 -9999 -9999 -9999 -9999 -9999 -9999 -9999 -9999 -9999 -9999 -9999 -9999 -9999 -9999 -9999 -9999 -9999 -9999 -9999 -9999 -9999 -9999 -9999
-9999 -9999 -9999 -9999 -9999 -9999 -9999 -9999 -9999 -9999 -9999 -9999 -9999 -9999 -9999 -9999 -9999 -9999 -9999 -9999 -9999 -9999 -9999 -9999 -9999 -9999 -9999 -9999 -9999 -9999 -9999 -9999 -9999 -9999 -9999 -9999 -9999 -9999 -9999 -9999 -9999 -9999 -9999 -9999 -9999 -9999 -9999 -9999 -9999 -9999 -9999 -9999 -9999 -9999 -9999 -9999 -9999 -9999 -9999 -9999 -9999 -9999 -9999 -9999 -9999 -9999 -9999 -9999 -9999 -9999 -9999 -9999
-9999 -9999 -9999 -9999 -9999 -9999 -9999 -9999 -9999 -9999 -9999 -9999 -9999 -9999 -9999 -9999 -9999 -9999 -9999 -9999 -9999 -9999 -9999 -9999 -9999 -9999 -9999 -9999 -9999 -9999 -9999 -9999 -9999 -9999 -9999 -9999 -9999 -9999 -9999 -9999 -9999 -9999 -9999 -9999 -9999 -9999 -9999 -9999 -9999 -9999 -9999 -9999 -9999 -9999 -9999 -9999 -9999 -9999 -9999 -9999 -9999 -9999 -9999 -9999 -9999 -9999 -9999 -9999 -9999 -9999 -9999 -9999
-9999 -9999 -9999 -9999 -9999 -9999 -9999 -9999 -9999 -9999 -9999 -9999 -9999 -9999 -9999 -9999 -9999 -9999 -9999 -9999 -9999 -9999 -9999 -9999 -9999 -9999 -9999 -9999 -9999 -9999 -9999 -9999 -9999 -9999 -9999 -9999 -9999 -9999 -9999 -9999 -9999 -9999 -9999 -9999 -9999 -9999 -9999 -9999 -9999 -9999 -9999 -9999 -9999 -9999 -9999 -9999 -9999 -9999 -9999 -9999 -9999 -9999 -9999 -9999 -9999 -9999 -9999 -9999 -9999 -9999 -9999 -9999
-9999 -9999 -9999 -9999 -9999 -9999 -9999 -9999 -9999 -9999 -9999 -9999 -9999 -9999 -9999 -9999 -9999 -9999 -9999 -9999 -9999 -9999 -9999 -9999 -9999 -9999 -9999 -9999 -9999 -9999 -9999 -9999 -9999 -9999 -9999 -9999 -9999 -9999 -9999 -9999 -9999 -9999 -9999 -9999 -9999 -9999 -9999 -9999 -9999 -9999 -9999 -9999 -9999 -9999 -9999 -9999 -9999 -9999 -9999 -9999 -9999 -9999 -9999 -9999 -9999 -9999 -9999 -9999 -9999 -9999 -9999 -9999
-9999 -9999 -9999 -9999 -9999 -9999 -9999 -9999 -9999 -9999 -9999 -9999 -9999 -9999 -9999 -9999 -9999 -9999 -9999 -9999 -9999 -9999 -9999 -9999 -9999 -9999 -9999 -9999 -9999 -9999 -9999 -9999 -9999 -9999 -9999 -9999 -9999 -9999 -9999 -9999 -9999 -9999 -9999 -9999 -9999 -9999 -9999 -9999 -9999 -9999 -9999 -9999 -9999 -9999 -9999 -9999 -9999 -9999 -9999 -9999 -9999 -9999 -9999 -9999 -9999 -9999 -9999 -9999 -9999 -9999 -9999 -9999
-9999 -9999 -9999 -9999 -9999 -9999 -9999 -9999 -9999 -9999 -9999 -9999 -9999 -9999 -9999 -9999 -9999 -9999 -9999 -9999 -9999 -9999 -9999 -9999 -9999 -9999 -9999 -9999 -9999 -9999 -9999 -9999 -9999 -9999 -9999 -9999 -9999 -9999 -9999 -9999 -9999 -9999 -9999 -9999 -9999 -9999 -9999 -9999 -9999 -9999 -9999 -9999 -9999 -9999 -9999 -9999 -9999 -9999 -9999 -9999 -9999 -9999 -9999 -9999 -9999 -9999 -9999 -9999 -9999 -9999 -9999 -9999
-9999 -9999 -9999 -9999 -9999 -9999 -9999 -9999 -9999 -9999 -9999 -9999 -9999 -9999 -9999 -9999 -9999 -9999 -9999 -9999 -9999 -9999 -9999 -9999 -9999 -9999 -9999 -9999 -9999 -9999 -9999 -9999 -9999 -9999 -9999 -9999 -9999 -9999 -9999 -9999 -9999 -9999 -9999 -9999 -9999 -9999 -9999 -9999 -9999 -9999 -9999 -9999 -9999 -9999 -9999 -9999 -9999 -9999 -9999 -9999 -9999 -9999 -9999 -9999 -9999 -9999 -9999 -9999 -9999 -9999 -9999 -9999
-9999 -9999 -9999 -9999 -9999 28.80220 -9999 -9999 -9999 -9999 -9999 -9999 -9999 -9999 -9999 -9999 -9999 -9999 -9999 -9999 -9999 -9999 -9999 -9999 -9999 -9999 -9999 -9999 -9999 -9999 -9999 -9999 -9999 -9999 -9999 -9999 -9999 -9999 -9999 -9999 -9999 -9999 -9999 -9999 -9999 -9999 -9999 -9999 -9999 -9999 -9999 -9999 -9999 -9999 -9999 -9999 -9999 -9999 -9999 -9999 -9999 -9999 -9999 -9999 -9999 -9999 -9999 -9999 -9999 -9999 -9999 -9999
-9999 30.62780 25.63840 26.14480 28.48380 28.30040 31.60990 32.98550 35.77280 37.28410 38.26710 39.37220 40.02480 40.06010 39.73760 41.08070 40.96920 40.59720 40.65210 40.33590 39.21230 -9999 -9999 -9999 -9999 -9999 -9999 -9999 -9999 -9999 -9999 -9999 -9999 -9999 -9999 -9999 -9999 -9999 -9999 -9999 -9999 -9999 -9999 -9999 -9999 -9999 -9999 -9999 -9999 -9999 -9999 -9999 -9999 -9999 -9999 -9999 -9999 -9999 -9999 -9999 -9999 -9999 -9999 -9999 -9999 -9999 -9999 -9999 -9999 -9999 -9999 -9999
-9999 -9999 -9999 28.29950 29.81380 32.41340 33.00330 36.44070 37.50260 38.65540 40.13850 41.33420 41.73090 42.11670 42.81030 43.64140 43.47140 44.41590 44.88740 43.53190 43.20840 -9999 -9999 -9999 -9999 -9999 -9999 -9999 -9999 -9999 -9999 -9999 -9999 -9999 -9999 -9999 -9999 -9999 -9999 -9999 -9999 -9999 -9999 -9999 -9999 -9999 -9999 -9999 -9999 -9999 -9999 -9999 -9999 -9999 -9999 -9999 -9999 -9999 -9999 -9999 -9999 -9999 -9999 -9999 -9999 -9999 -9999 -9999 -9999 -9999 -9999 -9999
25.58730 25.54140 26.19200 28.13850 28.89010 31.62850 32.71730 35.19490 36.40610 38.37620 39.09680 39.81770 40.88790 42.34690 42.28630 43.29080 44.35450 44.30310 44.93560 44.21080 44.55120 42.31110 42.03230 41.43380 41.22970 39.66100 38.20820 -9999 -9999 -9999 -9999 -9999 -9999 -9999 -9999 -9999 -9999 -9999 -9999 -9999 -9999 -9999 -9999 -9999 -9999 -9999 -9999 -9999 -9999 -9999 -9999 -9999 -9999 -9999 -9999 -9999 -9999 -9999 -9999 -9999 -9999 -9999 -9999 -9999 -9999 -9999 -9999 -9999 -9999 -9999 -9999 -9999
25.52030 25.97270 26.27440 28.38380 30.74310 31.69080 33.37850 34.12980 35.79410 37.86210 38.52680 40.91110 42.29730 43.06990 44.94980 44.08260 44.32180 45.74280 46.96840 45.75970 45.30130 45.70870 44.59790 44.88180 42.48940 42.06410 40.86900 40.15620 38.49390 36.21110 36.09520 35.55910 35.13670 33.45800 33.05760 31.17210 31.17620 30.33480 29.60680 28.81870 28.73840 29.07560 -9999 -9999 -9999 -9999 -9999 -9999 -9999 -9999 -9999 -9999 -9999 -9999 -9999 -9999 -9999 -9999 -9999 -9999 -9999 -9999 -9999 -9999 -9999 -9999 -9999 -9999 -9999 -9999 -9999 -9999
24.95640 25.02110 25.78180 28.48260 29.65100 29.65930 31.09740 32.91920 34.62250 37.31880 38.36010 40.55410 41.78270 43.16340 44.03350 43.81970 44.41860 44.55460 46.29860 47.06910 46.51130 45.92310 45.40720 45.59280 44.14880 41.81740 41.78620 41.27050 41.17820 39.08100 38.85340 34.63080 33.57940 33.68590 33.16440 32.64120 31.56860 30.17420 29.67220 29.53980 28.98830 29.49350 29.16840 -9999 -9999 -9999 -9999 -9999 -9999 -9999 -9999 -9999 -9999 -9999 -9999 -9999 -9999 -9999 -9999 -9999 -9999 -9999 -9999 -9999 -9999 -9999 -9999 -9999 -9999 -9999 -9999 -9999
27.90070 26.19650 28.73320 27.88670 28.29270 30.83660 31.32410 34.26360 34.83950 38.01900 39.05340 41.09780 41.62690 43.20900 44.06910 43.83830 43.87240 43.92150 46.30920 46.42640 46.86850 45.55210 45.73500 44.61940 44.60430 43.95290 43.28020 42.50780 40.98230 38.89350 37.90630 37.56140 37.36950 35.38790 34.98880 34.48250 33.07450 33.23220 32.74970 31.73930 30.76850 30.69140 30.37260 -9999 -9999 -9999 -9999 -9999 -9999 -9999 -9999 -9999 -9999 -9999 -9999 -9999 -9999 -9999 29.06610 29.60440 -9999 -9999 -9999 -9999 35.42290 39.67990 42.45850 41.63080 40.63110 41.38980 44.00610 44.74900
25.74460 25.72170 27.00360 25.87450 25.91780 25.88860 28.73270 31.64950 32.83310 34.78850 36.72970 39.06070 41.89830 43.32490 42.08780 42.13170 42.21540 42.30320 42.75660 43.98780 44.67710 44.78230 42.81850 41.97770 42.24310 43.28110 43.46530 42.78560 41.70910 39.45980 38.27910 38.14940 37.15990 35.89520 35.76550 34.13920 33.27970 33.48220 33.22360 31.69190 30.85660 30.96860 30.78570 30.18510 30.15090 30.66270 30.78090 32.12100 32.89750 33.04800 32.99880 33.14400 32.89790 32.67330 32.82870 30.43050 30.94070 30.79040 31.67170 31.67760 -9999 -9999 -9999 -9999 -9999 39.63150 41.70750 43.30740 45.94050 48.22680 48.11370 51.87700
24.18510 25.43350 27.55970 25.88650 25.36200 26.06610 26.85480 27.76830 28.14950 29.43410 32.38610 37.14080 39.03110 39.85290 41.12470 41.94120 41.80330 41.91730 42.19140 42.13920 42.82410 40.58740 40.48900 41.37030 41.78140 41.77770 42.27390 41.74520 40.93690 40.43050 39.44950 39.39660 39.29630 38.23960 36.88780 35.60190 35.44760 35.98510 35.42900 34.55620 34.45670 34.07550 34.00490 34.25230 33.75620 33.30770 33.15680 34.63750 35.75190 35.45900 34.15240 35.29470 36.28040 38.10680 36.05780 36.34970 36.43080 36.38150 35.84030 35.98810 36.59160 37.06860 37.99210 39.03580 40.63610 42.38760 43.99550 46.73580 48.79540 52.50910 53.74080 55.68560
26.87930 23.42160 25.71610 27.40380 25.52710 25.36970 26.14810 24.72660 26.04390 26.73410 30.18450 34.48400 37.46700 38.09490 39.43620 39.86700 40.50090 39.96360 40.51990 40.61430 40.21180 39.62670 40.17400 40.64210 40.85830 40.99330 41.64060 41.17220 40.41880 40.07450 39.65550 39.12020 39.43970 38.42310 37.06440 36.58890 36.14540 35.65070 35.44460 34.88950 35.10330 35.22520 34.27390 34.37830 34.49690 34.23250 34.44110 34.24920 34.47080 35.61650 35.14280 35.55730 37.13060 38.04990 39.87210 39.06430 38.86220 38.90880 39.06910 37.95360 41.35160 40.72260 41.63910 42.13920 43.65850 44.06310 43.98750 46.65200 51.97010 56.67450 57.91420 60.58160
28.74900 26.25830 22.80600 23.70300 23.23840 23.43420 25.51990 25.72060 25.70330 27.04230 29.08300 31.20150 33.11580 34.04430 35.32540 36.49810 37.18630 36.86570 38.61630 39.95610 40.49410 39.74760 41.00010 40.92990 40.37290 40.50700 41.39310 42.06010 41.63750 41.84090 42.21980 40.68460 39.67480 38.15640 37.41590 36.75220 37.41150 36.83540 36.32270 36.47890 36.22040 37.64380 37.65110 36.73620 35.57460 35.38580 35.23220 35.63880 36.92860 36.63430 37.78760 38.21090 38.36440 37.96230 38.28730 38.85870 40.89470 40.96170 42.06220 41.47730 44.05480 45.11190 46.97670 49.04210 49.13400 50.04220 51.47670 53.22160 55.15890 56.48280 58.41610 60.38820
26.77990 27.22050 26.83670 24.20210 21.41090 21.46860 23.50750 24.74370 23.69880 29.18600 30.24720 30.61780 30.81740 31.85590 33.61540 34.33290 35.57000 35.85570 37.17560 39.24120 38.93350 39.73460 39.82070 40.67790 39.44520 39.52950 39.65020 39.87120 40.34850 41.10970 41.65500 40.16760 39.58960 38.56000 37.25020 37.52750 37.49320 37.50170 37.84940 37.55200 37.36570 36.89130 37.04550 37.44680 37.69850 36.65770 36.22500 35.95640 37.26140 38.22460 39.19970 40.05690 39.33260 40.56830 42.14920 42.16400 43.98900 42.15770 41.30090 41.39990 42.28310 44.02590 49.24350 51.36770 54.52600 56.51560 56.28260 56.95300 57.67900 58.78610 57.74170 60.42610
27.53170 28.41090 29.59530 29.74220 25.99370 23.48280 22.67330 24.00820 23.18670 26.29130 30.06850 33.34610 33.09010 34.90490 33.71860 31.72620 32.32970 33.26100 35.20170 35.28840 35.97390 38.00210 38.80090 39.54250 40.05170 42.07500 42.51200 42.27270 42.50970 42.75170 43.10790 42.37950 41.60280 39.98030 40.04980 38.37250 39.28840 38.40500 37.92050 39.15440 39.76700 38.37230 38.33030 37.82670 36.67560 36.45320 37.23990 37.08110 38.04320 37.64330 39.93680 40.60460 40.62060 41.43050 42.55350 44.03470 45.47690 44.91230 48.11570 47.75560 48.13790 48.47340 51.27770 52.55080 53.91290 55.42240 58.50270 58.26610 59.38500 59.55060 60.10760 60.71790
29.24490 27.75070 27.26740 30.01150 29.02370 28.51630 27.41740 26.11750 24.45550 22.88680 25.87020 28.13720 32.04230 34.96480 35.86760 34.65900 35.10730 34.66310 35.66430 35.91000 36.92990 37.66360 39.36570 40.65140 42.68550 44.07000 44.35340 45.32260 44.67360 44.10140 45.68880 43.70920 43.43000 41.37490 41.02800 39.44030 39.82620 39.40260 39.85500 40.52130 40.38990 38.47370 39.79570 39.69030 39.58540 39.71320 39.74240 40.24150 39.80020 41.91780 43.32180 44.44480 45.06360 46.15130 47.14000 49.26060 48.37300 49.39330 51.99540 50.77780 51.96810 54.06110 54.32160 56.72320 57.55760 58.89620 58.20890 58.38720 60.18100 59.29900 60.57000 63.06350
28.76610 25.26100 29.07750 25.74760 26.38720 27.14470 26.62550 27.08840 25.47720 25.25860 27.04650 27.22490 27.61130 28.82180 30.54190 32.27470 34.87660 36.45050 37.48980 39.39870 40.71210 39.14580 40.22140 42.02080 45.00160 44.47610 45.79190 47.85810 46.93470 45.57620 45.20430 44.71810 43.15110 42.63220 39.78470 38.77650 38.70420 40.21670 40.06240 39.58120 38.81810 39.26620 39.49000 40.59690 40.58310 41.65010 40.45880 41.81290 45.30710 46.31860 46.01720 47.69560 49.72380 48.95970 51.88780 51.28180 53.30730 52.93000 53.53110 54.74870 56.98750 58.38640 59.70200 61.31430 61.03070 58.79260 58.30370 60.10870 60.55560 61.11150 63.48570 68.18600
27.75510 26.30570 26.91490 28.66680 27.00900 26.28120 27.47860 28.19480 25.76610 24.75560 29.59030 29.98420 28.80380 31.66180 32.37400 31.56360 29.65140 33.85200 35.57230 40.21250 42.64890 41.15990 40.15520 41.65290 44.20160 45.12230 46.69110 47.30080 46.60400 46.81740 46.20850 44.79800 42.91280 40.73130 40.07220 39.30520 39.09200 40.19150 40.56010 42.24640 41.76860 40.67490 41.11410 38.17110 37.29010 39.52720 41.21290 44.52280 47.26020 47.71790 48.54210 48.35920 50.95150 53.02150 54.97520 55.56250 57.03170 56.87750 57.35820 58.02230 59.44940 61.21700 64.31030 62.47490 61.94370 60.81030 59.88980 60.41100 62.39290 63.65470 65.94260 69.96960
28.13650 27.77880 26.96900 27.11080 27.90540 26.37910 27.04040 26.80100 26.66860 25.42640 27.31620 28.07190 27.93390 31.44780 32.98030 33.70050 35.08530 34.65170 34.38280 36.42870 38.90860 40.12220 41.33410 41.94270 42.01120 43.15300 44.77420 46.75870 46.13690 46.39390 45.55140 44.86730 44.10320 42.39210 41.24600 40.76420 40.88690 40.25480 40.89540 43.37730 43.36080 42.59630 41.99330 38.70210 38.70110 41.35750 43.29010 46.10890 49.43710 51.49080 50.72320 51.36000 54.60980 54.17010 55.51250 56.29140 57.27080 61.67770 61.69160 62.36890 63.07630 64.15140 64.68710 65.38380 65.57370 64.30380 63.72510 66.00530 65.70350 65.39490 68.70260 71.53100
30.13980 29.96750 29.87590 28.80520 27.16490 25.37820 24.84620 25.00050 23.78720 24.77490 28.25060 27.47580 27.70810 28.28300 31.45020 33.01880 33.95820 35.20320 36.50770 35.75410 36.52400 37.43120 40.11710 43.53680 44.93790 43.79600 44.60740 47.86020 48.36250 47.08130 46.12070 44.49460 44.06310 42.87840 43.33840 42.48870 44.10850 42.30560 44.00430 46.76930 45.37960 44.46030 46.75800 44.74080 41.95590 43.30410 45.88840 46.62000 49.32190 52.12810 50.69660 50.17660 51.25080 51.99530 54.76920 57.89390 61.11170 62.42060 65.42700 64.79960 66.81650 67.62100 68.32800 68.59330 67.50000 66.60620 65.96590 66.88920 71.25900 72.08860 73.12270 75.29350
32.80190 31.11310 31.11780 32.25770 30.94920 27.51390 25.76460 22.89490 23.27780 24.00070 26.14990 29.14590 30.21620 29.42270 30.89490 33.17040 35.03150 35.46000 36.92330 37.63440 38.84160 40.96420 42.31190 43.64680 44.73820 47.67590 47.84260 47.34250 48.53460 46.62420 46.08940 46.06530 47.29260 45.95990 43.35950 44.34500 46.06840 45.17280 45.12260 45.84210 46.69910 47.00400 46.02810 45.50390 45.44350 45.29820 47.61230 48.89380 51.73010 51.98510 54.02330 54.86350 57.33060 59.54240 62.65940 63.82780 64.18810 66.10980 67.22730 68.26000 70.51230 71.85110 72.49120 73.43860 73.03450 71.72280 71.17960 75.27180 76.57720 78.62290 81.22570 81.25550
31.33760 31.46440 31.32460 31.27870 31.97280 29.91810 26.75770 25.29450 23.77140 21.47450 24.10400 28.08060 32.15360 32.93470 33.01100 34.47380 33.97310 36.37400 36.16450 40.30510 39.72610 40.25330 42.81560 43.86600 46.61110 50.12860 49.94360 49.09250 49.11220 49.91870 48.75880 49.64510 48.88880 48.91360 45.61120 45.83490 47.09860 48.61830 49.73860 48.80280 49.22610 48.67690 49.60960 48.77410 49.03210 47.01870 50.46950 53.72870 55.01760 56.88200 59.14050 61.62800 63.49180 67.78280 69.89830 70.68760 71.84230 72.02170 72.89960 74.26570 74.94000 76.30610 77.69780 80.94080 80.24660 79.54570 80.59340 81.42060 79.72010 83.31680 86.49160 89.42690
33.01430 35.77490 34.65310 36.06950 37.69360 32.64210 32.00300 31.24370 29.36620 26.44860 28.97080 29.36880 31.82750 35.25470 34.34700 33.87130 34.06020 37.00120 38.14540 38.57590 42.47460 43.67640 44.67540 45.35830 45.38780 47.82240 49.48690 50.68850 51.97390 50.56050 50.26180 50.90970 50.41240 49.61250 47.96470 46.97780 49.88420 51.76890 54.33710 52.28440 52.79550 54.08750 51.16820 49.25410 49.50410 49.26120 49.97730 52.22190 54.47780 56.62120 59.47080 64.49460 69.78080 75.75250 79.84980 81.27620 80.28810 79.73320 79.21310 80.37460 81.07000 83.40530 86.70350 87.59900 86.60630 87.79750 92.09590 89.39810 88.86150 90.07990 93.30790 97.10780
32.96180 36.81560 36.79550 38.09890 37.81170 38.84890 36.32300 35.36630 33.17840 32.71980 34.66920 34.00630 36.80830 37.08820 36.52600 37.57370 36.75410 37.18850 39.90740 41.68540 46.12950 49.17290 47.46050 47.22510 48.14110 49.93350 50.94790 53.06070 56.06180 55.23390 54.16950 55.45080 54.79570 54.71470 52.14990 52.37840 53.60370 55.71020 57.13610 55.32020 53.04480 55.32790 53.21900 48.16860 49.57600 51.78530 54.08720 58.08000 59.96330 -9999 -9999 69.13000 73.26620 77.72120 82.33920 84.00380 85.14040 85.09460 86.82460 87.41490 91.83100 94.69030 96.58850 96.22690 97.41140 97.06600 102.01100 98.49650 97.03710 100.25700 99.94450 104.41800
37.71780 39.40250 41.32950 42.19050 41.13560 40.05540 39.85730 36.18900 35.29500 35.72930 37.40420 36.82920 37.79380 39.20530 38.21240 39.57560 40.30660 41.28820 44.83090 47.66560 48.53420 49.86610 52.02890 54.01260 53.20100 53.96560 52.20820 53.88640 57.07710 61.24130 60.15560 59.71090 60.10050 59.06930 57.22470 58.03000 54.62200 53.24820 -9999 -9999 -9999 -9999 49.86450 -9999 55.44510 60.84720 61.39820 62.59430 61.52490 -9999 -9999 73.14130 75.73860 76.89690 78.83870 79.03410 82.96490 85.61880 89.53910 91.32700 94.09720 95.61240 97.39440 97.24020 104.47700 104.27600 106.38300 101.56600 101.86000 102.62600 102.78000 -9999
38.78910 42.37620 43.82500 43.37560 39.87650 42.84220 41.81870 35.90970 36.75300 35.69860 38.06330 41.29540 42.92420 42.64620 39.68570 41.48570 46.01950 48.61440 48.59570 53.23640 52.83850 55.83150 56.22210 57.13080 57.00380 56.35570 57.07290 59.07980 62.62650 67.71920 69.52680 69.49100 68.01740 66.71330 63.40020 60.65040 -9999 -9999 -9999 -9999 -9999 -9999 -9999 58.42080 61.19910 62.87590 -9999 -9999 -9999 -9999 -9999 72.06930 75.37310 80.61930 80.84080 83.18790 84.15050 86.60320 91.68790 91.15670 94.57040 99.01740 101.82700 101.15400 101.10600 106.53700 111.76600 107.10900 105.61600 -9999 -9999 -9999
