data/hydroclimate-scenarios/1948-2000.Pcorr55N_Pref_Tref/monthly_summaries/snodep_monthly_day1_oct.1950-2000.asc
ncols	311
nrows	91
xllcenter	102.75
yllcenter	31.75
cellsize	0.5
NODATA_value	-9999
[rows 33 to 65 of 91, columns 0 to 72 of 311]
-9999 -9999 -9999 -9999 -9999 -9999 -9999 -9999 -9999 -9999 -9999 0.69708 0.80956 0.56156 0.67332 0.61805 0.66707 1.13576 1.08647 0.67011 0.67779 0.73811 0.59446 0.79832 1.06985 1.26384 1.32069 0.83880 0.67642 0.59359 0.75973 0.58595 0.58845 0.64149 0.63665 0.34813 0.26806 0.30053 0.40456 1.02031 0.84742 1.44977 1.21232 1.34665 1.54232 1.48716 1.64300 1.27364 1.26113 1.24989 1.26455 1.38999 1.41740 0.97571 0.81784 0.75075 0.80668 0.91221 0.82770 0.69180 0.64882 0.63836 0.57724 0.59012 0.60421 0.46970 0.56930 1.44034 2.10291 3.30887 3.05055 4.23522 3.33098
-9999 -9999 -9999 -9999 -9999 -9999 -9999 -9999 -9999 -9999 -9999 -9999 0.33555 0.37548 0.40649 0.68236 0.65644 0.70376 0.57681 0.55574 0.54915 0.79965 1.04721 1.54253 1.72784 2.76079 2.42240 2.33256 1.46799 0.75890 0.66288 0.55304 0.53078 0.63009 0.66221 0.53649 0.48408 0.56199 0.71051 0.73738 0.81161 1.41405 1.58566 1.01002 1.26558 0.98572 0.95875 1.34166 1.31450 0.96578 1.04060 0.99195 0.98500 0.93812 1.13451 1.02661 0.95991 1.10274 1.04428 0.96576 0.98822 0.76552 0.88052 0.85845 0.87538 1.28823 1.34388 0.91119 2.34465 3.29315 2.08530 2.28662 2.36260
-9999 -9999 -9999 -9999 -9999 -9999 -9999 -9999 -9999 -9999 -9999 -9999 0.27071 0.32418 0.33144 0.52162 0.40156 0.49483 0.51040 0.51385 0.56106 1.45332 1.70813 2.62328 3.45519 2.77801 2.36315 2.67285 1.89653 1.28807 1.18484 1.01245 0.54557 0.55927 0.57279 0.30796 0.46137 0.55615 0.55700 0.54455 0.70610 1.55079 1.61152 1.27564 1.05423 0.77977 0.78749 1.28117 1.42798 1.11467 1.17972 1.16117 1.15556 1.11018 0.96802 0.91753 0.88870 1.05054 0.80416 0.72983 0.90648 1.07292 1.13769 1.16487 0.96992 1.23616 1.47621 1.01231 1.64028 2.20231 2.68785 2.13918 2.10439
-9999 -9999 -9999 -9999 -9999 -9999 -9999 -9999 -9999 -9999 -9999 -9999 0.29985 0.29110 0.30002 0.19648 0.21314 0.48976 0.62384 0.90085 1.00809 1.58948 1.86623 2.18714 2.11479 2.33574 1.81111 1.49550 1.59484 0.90003 0.65937 0.40590 0.41529 0.50156 0.27908 0.42365 0.45670 0.41088 0.42035 0.44374 1.03653 1.42853 1.12614 0.96017 0.95236 1.31408 1.20373 1.89542 1.34337 0.97520 1.09358 0.95148 1.06501 0.81128 0.53766 0.93952 1.01988 0.98678 1.03123 1.32217 1.37757 1.59117 1.49932 1.44569 1.67588 1.40165 1.43688 1.26865 1.91964 1.66525 1.79255 1.40121 1.43439
-9999 -9999 -9999 0.60157 0.54548 0.65052 0.64023 0.52264 0.52379 -9999 0.51918 0.26198 0.24072 0.24934 0.23313 0.16710 0.19005 0.41682 0.67505 1.01555 1.01749 1.28512 1.51983 1.49765 1.63457 1.40847 1.06257 2.02445 1.93099 2.44215 1.16214 0.47353 0.72103 1.32793 0.59528 0.82489 0.88099 0.80421 0.68679 0.44473 0.71146 0.95991 0.93893 0.97994 1.40053 2.36686 3.51321 1.99688 1.87467 1.67959 1.73141 1.58246 2.11444 2.94398 2.03851 3.69330 3.93763 1.86910 2.29704 1.70015 1.42899 1.57580 1.64320 1.74970 1.71239 1.33149 1.54459 1.37941 1.32389 1.45648 1.88702 1.63641 2.04459
-9999 -9999 -9999 0.41071 0.42624 0.52969 0.62197 0.66410 0.65597 0.38541 0.30325 0.19915 0.28049 0.26697 0.37408 0.98750 1.11092 1.15562 1.26356 0.72962 0.77302 0.75363 0.60010 0.89026 1.20438 1.59219 1.83728 1.62912 1.93395 2.42244 1.55258 1.55659 1.41113 1.71686 1.60325 1.07385 1.13854 2.18021 1.21504 2.01334 2.23045 1.26944 1.01204 1.64981 2.62048 4.35514 4.44897 1.97922 2.53387 3.19384 3.38035 3.01880 3.42495 3.19387 1.93346 2.30271 1.86377 2.18299 2.72815 1.78961 1.53632 1.84396 1.89363 1.84102 1.80876 1.39954 1.46055 0.83610 1.11785 1.03056 1.65674 1.08553 1.92365
-9999 -9999 -9999 0.34255 0.31832 0.54042 0.58270 0.56326 0.49597 0.26301 0.28463 0.20828 0.38314 0.66977 1.00819 1.38172 1.55607 1.43539 1.13728 0.74146 0.93607 0.95543 0.81537 1.45348 1.96219 2.16508 2.23826 1.65339 1.68388 2.83329 3.87028 3.34602 2.02181 1.74728 2.14611 1.46614 1.27063 1.47714 1.48452 1.87796 2.18953 1.67254 1.18382 1.32424 1.20455 2.50069 2.67800 2.65298 2.71755 4.01348 4.31007 2.62062 2.89899 2.36108 1.87334 2.05085 1.84847 1.88577 2.51879 1.80229 1.31338 1.62466 1.43777 2.02393 1.71640 1.38478 1.53746 1.46696 2.47810 2.22061 2.83376 1.15312 1.07729
-9999 -9999 -9999 0.33443 0.25523 0.35530 0.35222 0.33329 0.34155 0.23009 0.17808 0.27598 0.85888 0.97899 1.24075 1.71084 1.86480 2.38829 2.12096 0.91659 1.48681 2.11103 2.89379 2.56086 2.08346 1.91879 1.74600 1.46774 2.66796 4.14990 3.84486 1.08965 2.09463 2.22245 2.22073 2.11916 1.01959 0.71621 1.05991 1.01688 1.57014 2.83562 3.68829 1.97260 0.84256 2.00650 2.87173 2.48057 4.20552 3.04135 4.09221 3.03823 3.09666 2.86167 2.15891 2.61132 2.56198 2.26545 2.61585 1.42841 2.08080 1.46876 1.37702 2.13532 2.16960 1.51284 1.70173 1.65454 3.05287 2.24370 1.14580 0.39051 -9999
-9999 -9999 -9999 0.28229 0.20643 0.33182 0.32068 0.28188 0.37323 0.20410 0.13122 0.51165 0.94576 1.37363 1.95901 2.44795 2.82549 2.76454 1.88144 0.53278 1.12426 1.79334 2.35284 1.67480 1.55389 1.33326 0.99808 1.02505 1.92747 2.94338 2.89407 2.15293 2.70323 1.21385 0.88876 1.22652 1.29823 0.97260 0.73570 0.92748 1.65914 2.33246 2.99354 2.29263 1.37496 1.64349 1.89155 2.63772 3.08992 2.89256 3.14326 2.24473 2.56834 2.93081 2.04367 3.46277 2.45835 2.01761 2.44876 2.07552 1.66056 1.99370 1.82561 3.49763 3.56175 2.12638 2.40383 2.50304 3.10188 1.20315 0.33858 -9999 -9999
-9999 -9999 -9999 -9999 0.16637 0.17253 0.10730 0.51658 0.49798 0.21303 0.11973 0.14531 1.21719 0.64376 -9999 -9999 -9999 -9999 -9999 2.24643 2.29521 2.24718 2.61362 4.09857 2.97219 1.70340 0.65102 0.74544 1.09087 0.70959 0.92539 1.32277 1.38674 0.78247 0.44239 0.51289 0.70356 0.41190 0.43662 0.42003 0.44415 0.81002 0.94764 1.97540 1.75461 1.35196 1.64870 2.15539 1.48895 1.73537 2.34214 2.00601 1.60144 2.59034 2.83925 2.68380 2.94110 2.66711 2.59315 2.33722 2.69441 3.22675 2.99762 3.03314 3.09743 3.38860 2.61116 1.24515 0.83545 -9999 -9999 -9999 -9999
-9999 -9999 0.15947 0.11674 0.14319 0.06551 0.08216 0.58264 0.28597 0.20420 0.12687 0.16347 1.11549 -9999 -9999 -9999 -9999 -9999 3.91616 1.95157 1.79439 1.45060 1.41941 2.28415 2.26056 1.65057 0.59810 0.40197 0.48375 0.25486 0.47279 0.70470 0.68468 0.40511 0.36200 0.25416 0.40401 0.37446 0.43352 0.42383 0.51697 0.73400 0.87511 1.40903 1.30197 1.08655 1.23403 0.86866 0.59506 0.77745 0.87517 0.82653 0.93919 0.85407 1.40563 0.76943 1.30026 2.18830 2.35287 1.52364 1.67375 1.96081 1.87764 2.39914 2.10214 1.48490 1.17663 -9999 -9999 -9999 -9999 -9999 -9999
-9999 -9999 0.12244 0.18100 0.17671 0.08089 0.07105 0.25498 0.21013 0.25776 0.38188 0.34870 0.52711 -9999 -9999 -9999 -9999 1.67141 3.42621 1.24281 1.31656 1.08388 1.01575 0.91294 0.70983 0.79975 0.89861 0.47872 0.44278 0.35508 0.45281 0.38864 0.25219 0.12707 0.17229 0.15818 0.11621 0.46301 0.76766 0.51077 0.38416 0.93432 1.12745 1.32160 1.34939 0.77041 0.50682 0.43829 0.24527 0.36177 0.29750 0.45082 0.44066 0.34086 0.46076 0.12630 0.21082 0.93561 1.41977 1.48334 1.25947 1.64790 1.25908 0.81726 0.57112 -9999 -9999 -9999 -9999 -9999 0.07764 -9999 -9999
-9999 -9999 0.10567 0.24030 0.23674 0.11422 0.11234 0.20966 0.21328 0.39591 0.66604 0.60035 0.04169 -9999 -9999 -9999 -9999 2.70730 2.47819 1.14400 0.96039 0.53818 0.29818 0.50609 0.53388 0.68664 1.01286 0.26623 0.34548 0.36489 0.43086 0.23711 0.27170 0.22086 0.09850 0.18588 0.20986 0.57764 0.75802 0.29805 0.29384 0.66795 0.67539 1.06350 0.91688 0.82206 0.65972 0.31841 0.24291 0.24647 0.14872 0.37660 0.46418 0.41650 0.39628 0.06173 0.06911 0.24331 0.22527 0.54669 0.28536 0.32244 0.35671 0.70746 1.19498 1.05736 0.32439 0.36439 0.12612 -9999 -9999 -9999 0.02991
-9999 -9999 -9999 0.33288 0.39063 0.27751 0.25936 0.04486 0.05678 0.16718 0.17256 0.28594 -9999 -9999 -9999 -9999 2.08939 2.51194 1.67582 1.18337 1.01518 0.11332 0.19128 0.43364 0.48524 0.64771 0.68046 0.88979 0.87306 0.58883 0.59152 0.25155 0.17758 0.09181 0.08030 0.09156 0.10823 0.10414 0.10263 0.27612 0.27267 0.37029 0.41483 0.40490 0.34364 0.24348 0.17037 0.20788 0.19296 0.15881 0.21108 0.10634 0.10656 0.41910 0.53540 0.37761 0.33563 0.56145 0.45467 0.16653 0.17781 0.67923 1.23739 2.69825 4.41474 0.80443 0.08665 0.25582 0.04907 0.13156 -9999 -9999 0.01156
-9999 -9999 -9999 -9999 0.36930 0.25719 0.27052 0.06021 0.08737 0.07579 0.01230 -9999 -9999 -9999 -9999 1.55589 1.97245 1.18911 0.70937 0.92642 0.73591 0.09351 0.10789 0.45015 0.49583 0.50284 0.49398 0.53988 0.75216 0.16751 0.30700 0.08594 0.07723 0.03621 0.07624 0.05468 0.05865 0.05078 0.08250 0.28780 0.32745 0.40233 0.37192 0.24272 0.19528 0.15707 0.12809 0.16834 0.10158 0.06182 0.05107 0.07266 0.09635 0.27889 0.28119 0.16432 0.12281 0.20580 0.23541 0.10999 0.31025 1.34278 1.73531 1.39891 1.82790 0.68348 0.07261 0.05347 0.09228 0.08755 0.08058 0.01474 0.00448
-9999 -9999 -9999 -9999 -9999 -9999 0.11532 0.00806 0.00105 0.00607 0.01212 -9999 -9999 -9999 -9999 -9999 0.92362 0.56324 0.50732 0.21972 0.22220 0.02825 0.09384 0.31916 0.30686 0.32371 0.28326 0.37786 0.34506 0.05455 0.09777 0.11661 0.11303 0.08534 0.08284 0.10051 0.16933 0.12459 0.09401 0.17234 0.21360 0.42454 0.39161 0.03009 0.00531 0.11799 0.10244 0.08152 0.07356 0.06726 0.06246 0.11412 0.11057 0.14343 0.17225 0.10176 0.10807 0.09141 0.12495 0.14914 0.46948 1.96394 2.29306 1.88890 2.54659 1.25054 0.27622 0.00456 0.00161 0.04173 0.05772 0.05738 0.10874
-9999 -9999 -9999 -9999 -9999 -9999 -9999 -9999 -9999 -9999 -9999 -9999 -9999 -9999 -9999 -9999 -9999 -9999 -9999 0.25521 0.20705 0.04215 0.05256 0.18004 0.15421 0.29626 0.29869 0.09548 0.13840 0.05520 0.05138 0.09250 0.12234 0.08642 0.08725 0.12953 0.08466 0.08339 0.09662 0.15264 0.25941 0.29873 0.19662 0.00271 0.00525 0.10419 0.08109 0.02010 0.02271 0.04236 0.03643 0.03508 0.03405 0.03282 0.01997 0.05759 0.06898 0.09948 0.13590 0.14648 0.55509 1.63620 1.93534 1.87062 2.13823 0.38732 0.05751 0.00028 0.00017 0.05662 0.07925 0.06200 0.11535
-9999 -9999 -9999 -9999 -9999 -9999 -9999 -9999 -9999 -9999 -9999 -9999 -9999 -9999 -9999 -9999 -9999 -9999 0.09926 0.05252 0.03958 0.01820 0.01443 0.03058 0.04167 0.13624 0.14732 0.10697 0.13775 0.05272 0.05023 0.03002 0.02934 0.09316 0.11307 0.11087 0.12652 0.22547 0.29194 0.18057 0.21845 0.09972 0.10347 0.17981 0.17347 0.03728 0.01046 0.08105 0.07324 0.01343 0.01210 0.08000 0.06642 0.09970 0.09260 0.00089 0.00178 0.01653 0.11813 0.34673 0.32655 0.35369 0.54611 1.17121 1.34755 0.22412 0.04674 0.00579 0.00541 0.00973 0.00695 0.12868 0.01098
-9999 -9999 -9999 -9999 -9999 -9999 -9999 -9999 -9999 -9999 -9999 -9999 -9999 -9999 -9999 -9999 -9999 0.06984 0.08367 0.04221 0.03555 0.01597 0.01455 0.03768 0.05011 0.13867 0.13463 0.13270 0.26724 0.10302 0.12207 0.03310 0.01265 0.08904 0.08346 0.12445 0.20139 0.29960 0.22449 0.16716 0.18778 0.08361 0.08880 0.12791 0.11676 0.01839 0.02017 0.07953 0.05225 0.01916 0.00577 0.05115 0.07099 0.08665 0.06037 0.00101 0.00645 0.01975 0.02981 0.19938 0.13682 0.19138 0.82305 1.52836 0.42328 0.09545 0.07512 0.01703 0.01042 0.01203 0.01554 0.01978 0.00801
-9999 -9999 -9999 -9999 -9999 -9999 -9999 -9999 -9999 -9999 -9999 -9999 -9999 -9999 -9999 -9999 -9999 0.22714 0.15953 0.00768 0.00337 0.00207 0.00057 0.00808 0.00540 0.05177 0.05739 0.05673 0.06683 0.07682 0.07344 0.03056 0.02466 0.13603 0.13780 0.05247 0.05418 0.24258 0.37042 0.42875 0.38372 0.08887 0.08604 0.12676 0.13818 0.00842 0.00318 0.17419 0.13002 0.06395 0.03404 0.06575 0.08194 0.14477 0.13092 0.01593 0.05008 0.02090 0.02779 0.04777 0.06297 0.38697 0.47074 0.75551 1.21874 0.38528 0.09296 0.09074 0.02441 0.00688 0.01289 0.04175 0.05099
-9999 -9999 -9999 -9999 -9999 -9999 -9999 -9999 -9999 -9999 -9999 -9999 -9999 -9999 -9999 -9999 0.20636 0.30058 0.26283 0.01715 0.00778 0.00189 0.00059 0.00410 0.00078 0.02690 0.02164 0.02025 0.03803 0.02881 0.03623 0.01710 0.01476 0.11867 0.13161 0.07260 0.06514 0.20419 0.30152 0.32053 0.23523 0.08205 0.07508 0.05750 0.02962 0.00113 0.00139 0.14699 0.12406 0.04953 0.05395 0.03478 0.05593 0.09718 0.09749 0.01872 0.01356 0.00300 0.01114 0.04560 0.04413 0.24691 0.35829 1.00122 0.59233 0.20149 0.15448 0.04483 0.00000 0.00713 0.01397 0.03301 0.03038
-9999 -9999 -9999 -9999 -9999 -9999 -9999 -9999 -9999 -9999 -9999 -9999 -9999 0.02135 0.04071 0.26724 0.35508 0.53520 0.26562 0.06880 0.01299 0.13543 0.06452 0.01302 0.04651 0.01325 0.01468 0.01666 0.01288 0.00718 0.00166 0.00000 0.00000 0.00027 0.00041 0.10170 0.09542 0.01681 0.01949 0.01610 0.00844 0.00186 0.00140 0.00105 0.00001 0.07668 0.05872 0.13351 0.13139 0.04252 0.04874 0.00008 0.00012 0.00409 0.00605 0.00050 0.00051 0.00014 0.00020 0.00795 0.00749 0.00096 0.01406 0.03530 0.02424 0.00000 0.00000 0.00000 0.00119 0.00156 0.01237 0.00907 0.01747
-9999 -9999 -9999 -9999 -9999 -9999 -9999 -9999 -9999 -9999 -9999 -9999 0.04044 0.03093 0.04806 0.28063 0.27681 0.28986 0.25285 0.00937 0.01154 0.08168 0.07450 0.01294 0.02025 0.01167 0.01190 0.00686 0.01098 0.00000 0.00000 0.00000 0.00000 0.00000 0.00000 0.09965 0.11257 0.01739 0.01488 0.00109 0.00241 0.00275 0.00002 0.00002 0.00005 0.06450 0.06682 0.13214 0.12539 0.02475 0.03097 0.00008 0.00012 0.00024 0.00024 0.00206 0.00016 0.00005 0.00018 0.00625 0.00605 0.00123 0.00111 0.01235 0.00526 0.00000 0.00000 0.00000 0.00000 0.00143 0.06314 0.00699 0.01035
-9999 -9999 -9999 -9999 -9999 -9999 -9999 -9999 -9999 -9999 -9999 0.49943 0.39215 0.33330 0.27542 0.00070 0.00011 0.00229 0.00398 0.13226 0.09739 0.05330 0.02383 0.00423 0.01218 0.00134 0.00145 0.00366 0.00355 0.01497 0.03038 0.00355 0.00463 0.00646 0.00536 0.15157 0.14739 0.19093 0.13892 0.00277 0.00094 0.00000 0.00000 0.02645 0.03380 0.00697 0.01101 0.05368 0.06978 0.00223 0.00182 0.00118 0.00403 0.00361 0.00674 0.00273 0.00206 0.00043 0.00087 0.00266 0.00281 0.00000 0.00000 0.00000 0.00000 0.00000 0.00000 0.00000 0.00000 0.00429 0.15833 0.23219 0.18023
-9999 -9999 -9999 -9999 -9999 -9999 -9999 -9999 -9999 -9999 0.35108 0.47061 0.30100 0.30438 0.24740 0.00000 0.00000 0.00000 0.00026 0.12597 0.05594 0.01279 0.01252 0.00448 0.00410 0.00030 0.00047 0.00164 0.00163 0.02275 0.02190 0.00376 0.00441 0.00000 0.00392 0.14222 0.15380 0.20489 0.13469 0.00073 0.00095 0.00000 0.00000 0.00045 0.00000 0.00246 0.00357 0.02743 0.04048 0.00339 0.00404 0.00032 0.00020 0.00426 0.00318 0.00530 0.00266 0.00236 0.00338 0.00000 0.00000 0.00000 0.00000 0.00000 0.00000 0.00000 0.00000 0.00000 0.00000 0.03566 0.17078 0.09230 0.09355
-9999 -9999 -9999 -9999 -9999 -9999 -9999 -9999 -9999 0.56704 0.55280 0.08943 0.07807 0.09220 0.07868 0.02426 0.01616 0.04785 0.00754 0.06050 0.00615 0.03935 0.05196 0.00037 0.00077 0.00196 0.00232 0.00000 0.00000 0.00000 0.00000 0.00215 0.03010 0.04635 0.06100 0.00499 0.00963 0.01753 0.00382 0.00002 0.00002 0.00000 0.00000 0.00000 0.00000 0.00000 0.00000 0.01802 0.02742 0.00380 0.00080 0.00000 0.00142 0.11485 0.07305 0.00010 0.00029 0.00093 0.00095 0.00000 0.00000 0.00000 0.00000 0.00000 0.00000 0.00000 0.00000 0.00000 0.00004 0.01600 0.00720 0.06486 0.06532
-9999 -9999 -9999 -9999 -9999 -9999 -9999 -9999 -9999 -9999 0.41819 0.04817 0.03338 0.06239 0.05184 0.00433 0.00643 0.02486 0.00678 0.05726 0.02894 0.00507 0.01266 -9999 -9999 -9999 -9999 -9999 -9999 0.00000 0.00000 0.00243 0.02868 0.03614 0.04593 0.00291 0.00228 0.00592 0.00133 0.00000 0.00000 0.00000 0.00000 0.00000 0.00000 0.00000 0.00000 0.00784 0.00000 0.00000 0.00128 0.00014 0.00000 0.06674 0.06056 0.00000 0.00000 0.00088 0.00065 0.00000 0.00000 0.00000 0.00000 0.00000 0.00532 0.00000 0.00000 0.00003 0.01111 0.03105 0.02691 0.04874 0.02348
-9999 -9999 -9999 -9999 -9999 -9999 -9999 -9999 -9999 -9999 -9999 -9999 0.00157 0.00093 0.00127 0.00355 0.00341 0.06733 0.07670 -9999 -9999 -9999 -9999 -9999 -9999 -9999 -9999 -9999 -9999 -9999 -9999 -9999 -9999 0.01029 0.15223 0.05505 0.04265 0.00114 0.00000 0.00000 0.00000 0.00000 0.00000 0.00000 0.00000 0.00000 0.00000 0.00000 0.00000 0.00000 0.00000 0.01976 0.00661 0.00253 0.00657 0.00152 0.00156 0.00041 0.00047 0.00260 0.00252 0.00000 0.00000 0.00000 0.00000 0.00001 0.00002 0.00000 0.00213 0.01112 0.00487 0.02380 -9999
-9999 -9999 -9999 -9999 -9999 -9999 -9999 -9999 -9999 -9999 -9999 -9999 -9999 -9999 -9999 -9999 -9999 -9999 -9999 -9999 -9999 -9999 -9999 -9999 -9999 -9999 -9999 -9999 -9999 -9999 -9999 -9999 -9999 -9999 0.02427 0.05580 0.01922 0.00244 0.00000 0.00000 0.00000 0.00000 0.00000 0.00000 0.00000 0.00000 0.00000 0.00000 0.00000 0.00000 0.00000 0.00170 0.02050 0.00275 0.00550 0.00171 0.00121 0.00021 0.00045 0.00334 0.00232 0.00000 0.00000 0.00000 0.00000 0.00000 0.00003 0.00007 0.00294 0.01415 0.01122 -9999 -9999
-9999 -9999 -9999 -9999 -9999 -9999 -9999 -9999 -9999 -9999 -9999 -9999 -9999 -9999 -9999 -9999 -9999 -9999 -9999 -9999 -9999 -9999 -9999 -9999 -9999 -9999 -9999 -9999 -9999 -9999 -9999 -9999 -9999 -9999 0.00000 0.00211 0.00395 0.00399 0.00000 0.00000 0.00000 0.00000 0.00000 0.00000 0.00000 0.00000 0.00000 0.00000 0.00000 0.00000 0.00006 0.00000 0.00000 0.02360 0.00737 0.00000 0.00000 0.00000 0.00000 0.00000 0.00000 0.00000 0.00000 0.00000 0.00000 0.00103 0.00000 0.00000 0.00149 0.00035 -9999 -9999 -9999
-9999 -9999 -9999 -9999 -9999 -9999 -9999 -9999 -9999 -9999 -9999 -9999 -9999 -9999 -9999 -9999 -9999 -9999 -9999 -9999 -9999 -9999 -9999 -9999 -9999 -9999 -9999 -9999 -9999 -9999 -9999 -9999 -9999 -9999 -9999 -9999 -9999 -9999 0.00000 0.00000 0.00000 0.00000 0.00000 0.00000 0.00000 0.00000 0.00000 0.00000 0.00000 0.00000 0.00000 0.00000 0.00010 0.00222 0.00219 0.00000 0.00000 0.00000 0.00000 0.00000 0.00000 0.00000 0.00000 0.00000 0.02720 0.00224 0.00067 0.00000 0.00000 -9999 -9999 -9999 -9999
-9999 -9999 -9999 -9999 -9999 -9999 -9999 -9999 -9999 -9999 -9999 -9999 -9999 -9999 -9999 -9999 -9999 -9999 -9999 -9999 -9999 -9999 -9999 -9999 -9999 -9999 -9999 -9999 -9999 -9999 -9999 -9999 -9999 -9999 -9999 -9999 -9999 -9999 -9999 0.00000 0.00000 0.00000 0.00000 0.00000 0.00000 0.00000 0.00000 0.00000 0.00000 0.00000 0.00000 0.00224 0.00020 0.00000 0.00000 0.00006 0.00006 0.00031 0.00000 0.00000 0.00000 0.00000 0.00000 0.00000 0.00000 0.00011 0.00000 0.00000 -9999 -9999 -9999 -9999 -9999
-9999 -9999 -9999 -9999 -9999 -9999 -9999 -9999 -9999 -9999 -9999 -9999 -9999 -9999 -9999 -9999 -9999 -9999 -9999 -9999 -9999 -9999 -9999 -9999 -9999 -9999 -9999 -9999 -9999 -9999 -9999 -9999 -9999 -9999 -9999 -9999 -9999 -9999 -9999 -9999 -9999 -9999 -9999 0.00000 0.00000 0.00000 0.00000 0.00000 0.00000 0.00000 0.00000 0.00228 0.00012 0.00000 0.00000 0.00001 0.00004 0.00090 0.00000 0.00000 0.00000 0.00000 0.00000 0.00000 0.00000 0.00000 0.00000 -9999 -9999 -9999 -9999 -9999 -9999
