data/hydroclimate-scenarios/1948-2000.Pcorr55N_Pref_Tref/monthly_summaries/snodep_monthly_day1_mar.1950-2000.asc
ncols	311
nrows	91
xllcenter	102.75
yllcenter	31.75
cellsize	0.5
NODATA_value	-9999
[rows 0 to 31 of 91, columns 0 to 70 of 311]
-9999 -9999 -9999 -9999 -9999 -9999 -9999 -9999 -9999 -9999 -9999 -9999 -9999 -9999 -9999 -9999 -9999 -9999 -9999 -9999 -9999 -9999 -9999 -9999 -9999 -9999 -9999 -9999 -9999 -9999 -9999 -9999 -9999 -9999 -9999 -9999 -9999 -9999 -9999 -9999 -9999 -9999 -9999 -9999 -9999 -9999 -9999 -9999 -9999 -9999 -9999 -9999 -9999 -9999 -9999 -9999 -9999 -9999 -9999 -9999 -9999 -9999 -9999 -9999 -9999 -9999 -9999 -9999 -9999 -9999 -9999
-9999 -9999 -9999 -9999 -9999 -9999 -9999 -9999 -9999 -9999 -9999 -9999 -9999 -9999 -9999 -9999 -9999 -9999 -9999 -9999 -9999 -9999 -9999 -9999 -9999 -9999 -9999 -9999 -9999 -9999 -9999 -9999 -9999 -9999 -9999 -9999 -9999 -9999 -9999 -9999 -9999 -9999 -9999 -9999 -9999 -9999 -9999 -9999 -9999 -9999 -9999 -9999 -9999 -9999 -9999 -9999 -9999 -9999 -9999 -9999 -9999 -9999 -9999 -9999 -9999 -9999 -9999 -9999 -9999 -9999 -9999
-9999 -9999 -9999 -9999 -9999 -9999 -9999 -9999 -9999 -9999 -9999 -9999 -9999 -9999 -9999 -9999 -9999 -9999 -9999 -9999 -9999 -9999 -9999 -9999 -9999 -9999 -9999 -9999 -9999 -9999 -9999 -9999 -9999 -9999 -9999 -9999 -9999 -9999 -9999 -9999 -9999 -9999 -9999 -9999 -9999 -9999 -9999 -9999 -9999 -9999 -9999 -9999 -9999 -9999 -9999 -9999 -9999 -9999 -9999 -9999 -9999 -9999 -9999 -9999 -9999 -9999 -9999 -9999 -9999 -9999 -9999
-9999 -9999 -9999 -9999 -9999 -9999 -9999 -9999 -9999 -9999 -9999 -9999 -9999 -9999 -9999 -9999 -9999 -9999 -9999 -9999 -9999 -9999 -9999 -9999 -9999 -9999 -9999 -9999 -9999 -9999 -9999 -9999 -9999 -9999 -9999 -9999 -9999 -9999 -9999 -9999 -9999 -9999 -9999 -9999 -9999 -9999 -9999 -9999 -9999 -9999 -9999 -9999 -9999 -9999 -9999 -9999 -9999 -9999 -9999 -9999 -9999 -9999 -9999 -9999 -9999 -9999 -9999 -9999 -9999 -9999 -9999
-9999 -9999 -9999 -9999 -9999 -9999 -9999 -9999 -9999 -9999 -9999 -9999 -9999 -9999 -9999 -9999 -9999 -9999 -9999 -9999 -9999 -9999 -9999 -9999 -9999 -9999 -9999 -9999 -9999 -9999 -9999 -9999 -9999 -9999 -9999 -9999 -9999 -9999 -9999 -9999 -9999 -9999 -9999 -9999 -9999 -9999 -9999 -9999 -9999 -9999 -9999 -9999 -9999 -9999 -9999 -9999 -9999 -9999 -9999 -9999 -9999 -9999 -9999 -9999 -9999 -9999 -9999 -9999 -9999 -9999 -9999
-9999 -9999 -9999 -9999 -9999 -9999 -9999 -9999 -9999 -9999 -9999 -9999 -9999 -9999 -9999 -9999 -9999 -9999 -9999 -9999 -9999 -9999 -9999 -9999 -9999 -9999 -9999 -9999 -9999 -9999 -9999 -9999 -9999 -9999 -9999 -9999 -9999 -9999 -9999 -9999 -9999 -9999 -9999 -9999 -9999 -9999 -9999 -9999 -9999 -9999 -9999 -9999 -9999 -9999 -9999 -9999 -9999 -9999 -9999 -9999 -9999 -9999 -9999 -9999 -9999 -9999 -9999 -9999 -9999 -9999 -9999
-9999 -9999 -9999 -9999 -9999 -9999 -9999 -9999 -9999 -9999 -9999 -9999 -9999 -9999 -9999 -9999 -9999 -9999 -9999 -9999 -9999 -9999 -9999 -9999 -9999 -9999 -9999 -9999 -9999 -9999 -9999 -9999 -9999 -9999 -9999 -9999 -9999 -9999 -9999 -9999 -9999 -9999 -9999 -9999 -9999 -9999 -9999 -9999 -9999 -9999 -9999 -9999 -9999 -9999 -9999 -9999 -9999 -9999 -9999 -9999 -9999 -9999 -9999 -9999 -9999 -9999 -9999 -9999 -9999 -9999 -9999
-9999 -9999 -9999 -9999 -9999 -9999 -9999 -9999 -9999 -9999 -9999 -9999 -9999 -9999 -9999 -9999 -9999 -9999 -9999 -9999 -9999 -9999 -9999 -9999 -9999 -9999 -9999 -9999 -9999 -9999 -9999 -9999 -9999 -9999 -9999 -9999 -9999 -9999 -9999 -9999 -9999 -9999 73.34120 73.55770 73.85690 74.02660 73.25640 72.84380 71.05320 70.47200 69.47830 69.55710 -9999 -9999 -9999 -9999 -9999 -9999 -9999 -9999 -9999 -9999 -9999 -9999 -9999 -9999 -9999 -9999 -9999 -9999 -9999
-9999 -9999 -9999 -9999 -9999 -9999 -9999 -9999 -9999 -9999 -9999 -9999 -9999 -9999 -9999 -9999 -9999 -9999 -9999 -9999 -9999 -9999 -9999 -9999 -9999 -9999 -9999 -9999 -9999 -9999 -9999 -9999 -9999 -9999 -9999 -9999 -9999 -9999 69.56670 71.27290 70.58420 73.33720 73.89330 75.21910 75.39430 75.75420 76.49670 74.52530 74.44310 73.60600 70.85190 71.23350 68.38220 41.73900 -9999 -9999 -9999 -9999 -9999 -9999 -9999 -9999 -9999 -9999 -9999 -9999 -9999 -9999 -9999 -9999 -9999
-9999 -9999 -9999 -9999 -9999 -9999 -9999 -9999 -9999 -9999 -9999 -9999 -9999 -9999 -9999 -9999 -9999 -9999 -9999 -9999 -9999 -9999 -9999 -9999 -9999 -9999 -9999 -9999 -9999 -9999 -9999 -9999 -9999 -9999 -9999 -9999 -9999 -9999 -9999 -9999 67.02060 71.89770 73.27710 74.39730 75.81810 76.78070 77.95900 75.79980 75.81180 76.55280 75.37240 73.02120 71.75460 43.70870 -9999 -9999 -9999 -9999 -9999 -9999 -9999 -9999 -9999 -9999 -9999 -9999 -9999 -9999 -9999 -9999 -9999
-9999 -9999 -9999 -9999 -9999 -9999 -9999 -9999 -9999 -9999 -9999 -9999 -9999 -9999 -9999 -9999 -9999 -9999 -9999 -9999 -9999 -9999 -9999 -9999 -9999 -9999 -9999 -9999 -9999 -9999 -9999 -9999 -9999 -9999 -9999 -9999 -9999 -9999 -9999 -9999 -9999 -9999 -9999 -9999 75.70160 76.79120 78.43060 80.32830 80.41410 80.66970 81.10170 78.48260 76.39880 48.45350 -9999 -9999 -9999 -9999 -9999 -9999 54.16660 -9999 -9999 -9999 -9999 -9999 -9999 -9999 -9999 -9999 -9999
-9999 -9999 -9999 -9999 -9999 -9999 -9999 -9999 -9999 -9999 -9999 -9999 -9999 -9999 -9999 -9999 -9999 -9999 -9999 -9999 -9999 -9999 -9999 -9999 -9999 -9999 -9999 -9999 -9999 -9999 -9999 -9999 -9999 -9999 -9999 -9999 -9999 -9999 -9999 -9999 -9999 71.39330 72.87110 73.90580 74.93330 74.66810 75.80040 77.58930 78.38810 79.46820 78.11480 76.96360 73.28300 69.66440 -9999 -9999 -9999 -9999 -9999 53.26200 51.64890 50.67040 48.76920 45.82470 45.09060 44.14350 43.26730 42.06260 40.09130 40.82040 40.79280
-9999 -9999 -9999 -9999 -9999 -9999 -9999 -9999 -9999 -9999 -9999 -9999 -9999 -9999 -9999 -9999 -9999 -9999 -9999 -9999 -9999 -9999 -9999 -9999 -9999 -9999 -9999 -9999 -9999 -9999 -9999 -9999 -9999 -9999 -9999 -9999 -9999 -9999 -9999 -9999 -9999 68.33970 71.64160 73.17220 73.10160 73.92050 73.85830 74.42940 74.94000 76.22680 73.76180 72.07450 69.28930 65.77290 64.26160 60.79930 58.02490 -9999 53.70150 53.63920 51.52980 50.00820 47.77060 45.96980 45.48800 43.57180 42.87480 41.48270 40.74300 40.78110 40.44830
-9999 -9999 -9999 -9999 -9999 -9999 -9999 -9999 -9999 -9999 -9999 -9999 -9999 -9999 -9999 -9999 -9999 -9999 -9999 -9999 -9999 -9999 -9999 -9999 -9999 -9999 -9999 -9999 -9999 -9999 -9999 -9999 -9999 -9999 -9999 58.31750 59.27260 62.55320 64.61800 64.99190 65.68780 67.54470 69.39530 70.64140 72.39560 73.52550 72.74780 74.09060 73.93730 75.13870 73.42920 70.72440 68.37320 65.77070 62.70230 60.03960 57.54960 53.72080 50.70350 51.14490 49.67470 47.52100 46.69590 43.64370 43.13650 43.07980 41.43580 40.43940 40.12480 39.80200 39.53190
-9999 -9999 -9999 -9999 -9999 -9999 -9999 -9999 -9999 -9999 -9999 -9999 -9999 -9999 -9999 -9999 -9999 -9999 -9999 -9999 -9999 -9999 -9999 -9999 -9999 -9999 -9999 -9999 -9999 -9999 -9999 -9999 -9999 -9999 56.33900 59.65320 61.09000 61.60770 63.34670 65.58730 67.64990 67.70470 70.49890 70.46350 69.68820 73.42810 73.24890 73.96470 75.04350 73.78260 72.93710 71.21170 69.07090 65.31180 63.84620 59.53470 54.27570 52.43850 50.91300 49.64960 47.86110 45.56790 45.70970 42.31000 43.53810 41.81450 41.17060 40.31210 39.75150 39.26790 38.44590
-9999 -9999 -9999 -9999 -9999 -9999 -9999 -9999 -9999 -9999 -9999 -9999 -9999 -9999 -9999 -9999 -9999 -9999 -9999 -9999 -9999 -9999 -9999 -9999 -9999 -9999 -9999 -9999 -9999 -9999 -9999 -9999 -9999 54.68790 57.36260 59.01670 59.87550 60.82750 61.70150 64.51350 66.30300 66.88860 67.67940 68.90090 69.73370 70.94570 72.46780 72.94470 72.43640 72.43360 69.49680 65.82120 60.56430 59.88580 56.99070 54.11820 51.75990 50.08140 48.43680 47.07240 44.66880 42.83410 42.18810 41.74050 41.54970 39.57910 39.61490 38.61170 38.22310 38.06860 36.11110
-9999 -9999 -9999 -9999 -9999 -9999 -9999 -9999 -9999 -9999 -9999 -9999 -9999 -9999 -9999 -9999 -9999 -9999 -9999 -9999 -9999 -9999 -9999 -9999 -9999 -9999 -9999 -9999 -9999 -9999 -9999 53.64300 54.93660 55.50750 57.40710 58.14710 59.42420 60.28040 62.64120 63.94050 64.75320 66.65330 67.19050 68.23630 70.06780 70.90360 70.88580 68.29860 68.54040 67.31900 65.86740 62.45330 56.77780 57.00950 55.24340 51.64750 49.10070 46.74420 44.17450 42.89740 42.11620 40.86110 40.90760 39.59650 38.65060 37.75970 38.16230 37.30890 37.57310 35.32800 35.18280
-9999 -9999 -9999 -9999 -9999 -9999 -9999 -9999 -9999 -9999 -9999 -9999 -9999 -9999 -9999 -9999 -9999 -9999 -9999 -9999 -9999 -9999 -9999 -9999 -9999 -9999 -9999 -9999 -9999 49.78330 50.97880 53.83870 54.66060 55.13380 55.95330 57.67560 58.70880 60.39140 61.28380 61.42830 64.23560 64.72750 65.74040 66.16690 66.48020 66.68190 66.02500 66.03450 66.87180 65.17060 62.99170 57.94740 54.19890 54.33160 50.26870 48.21530 46.60960 43.72020 42.22920 41.45710 39.52150 38.67720 37.19180 36.31510 35.81160 35.65730 35.47670 35.10400 34.60890 34.96540 34.66170
-9999 -9999 -9999 -9999 -9999 -9999 -9999 -9999 -9999 -9999 -9999 -9999 -9999 -9999 -9999 -9999 -9999 -9999 -9999 -9999 -9999 -9999 -9999 -9999 48.47950 48.48160 48.20640 48.33410 48.80290 49.25590 50.33940 50.53450 50.94570 52.18140 53.68570 54.42520 55.19380 56.73110 57.59820 59.33150 59.54290 60.76000 63.44210 62.61340 63.04160 63.98800 63.13330 63.80790 63.49910 61.47670 60.43060 55.75510 53.30990 52.04990 48.24210 45.39820 43.21970 41.91560 39.86790 38.73910 37.62380 36.60480 34.65820 34.70230 34.33940 34.66110 34.28940 34.37070 35.59350 33.29250 31.81520
-9999 -9999 -9999 -9999 -9999 -9999 50.60710 50.68590 51.25790 52.23910 52.70200 -9999 -9999 -9999 -9999 -9999 -9999 -9999 -9999 -9999 -9999 49.38390 47.64980 46.76090 46.34510 46.33100 46.23290 48.65940 48.26190 48.95640 49.22830 49.62230 50.63850 51.93970 52.89420 54.02060 54.92780 55.14440 56.82000 58.88580 58.86980 57.72860 59.07150 60.90400 61.55140 62.34510 62.64880 61.38600 61.72270 59.69820 58.22850 55.22570 52.28940 50.95960 48.09530 44.47670 42.47790 40.95810 38.50730 37.63640 37.09950 35.51880 34.42830 34.31310 34.50730 34.40340 34.31740 34.37300 35.30680 34.47350 33.21580
-9999 -9999 -9999 -9999 -9999 52.15840 51.42000 51.77590 52.47430 52.28610 53.38000 53.39490 52.89840 52.74580 -9999 -9999 -9999 49.89060 49.78570 48.79550 48.53150 48.71360 45.46290 45.20220 45.22710 44.03410 45.47830 46.49530 47.49560 47.01930 47.32170 48.33220 49.49750 49.69270 51.55230 51.55530 51.32050 53.35260 54.91260 57.67320 57.85370 57.37390 57.05220 57.62200 59.31990 59.45080 59.97380 60.43720 58.67310 58.16800 57.28360 54.40930 52.54060 48.82600 46.88590 44.33190 41.69680 40.35270 39.60850 36.38650 35.41900 35.01480 35.02920 35.21140 35.13070 33.23310 34.69600 33.92100 33.18680 34.04890 33.41510
-9999 49.57320 49.48170 50.87040 51.96540 51.81430 52.36340 52.29300 52.84580 53.06450 53.25440 54.18090 54.09600 53.40890 52.62990 51.63260 51.31870 50.09400 50.10010 49.32880 48.54270 47.04430 45.64540 44.59050 44.07540 44.02320 43.76640 45.19360 45.76770 46.00890 45.71370 46.44150 47.53150 48.04340 49.09000 49.67340 51.03350 52.00860 53.75710 56.61630 56.24460 56.16100 55.64830 56.85450 56.94930 56.96550 58.59960 58.77940 57.00970 57.68640 53.42460 52.21110 50.09180 47.21920 45.00640 42.57180 41.37340 39.23120 38.42480 37.80840 36.70160 36.10150 34.42510 35.98950 35.02590 34.01740 34.17100 33.40360 33.39170 32.72660 31.80490
-9999 52.04480 50.85940 51.49050 50.93820 50.69350 51.84660 51.22980 51.23900 52.04060 53.10300 52.99320 53.56800 53.27610 52.12700 51.26590 48.64840 49.43700 48.49800 48.12160 48.74530 48.07260 46.59050 45.26680 44.17120 45.64060 45.70410 45.65270 45.25290 46.13030 46.55620 46.00420 45.48280 46.11240 46.68920 48.58460 49.40720 50.06440 52.17750 53.50810 54.97700 54.10360 54.17840 53.74410 53.94070 54.66830 54.90250 56.04230 55.99540 55.12790 52.71870 52.78490 49.07480 47.36800 43.81410 43.17980 40.13620 39.25490 38.58700 38.48410 38.18670 35.16700 35.60130 35.89660 36.17860 35.29450 35.26210 33.84130 33.90170 33.86300 34.19270
-9999 -9999 -9999 53.34090 52.78120 51.92850 52.21950 51.03150 51.36570 51.36410 51.89440 51.43600 51.63670 51.72520 52.02180 50.40700 49.56580 49.19500 49.98090 49.87750 48.57970 48.40900 47.43280 46.76490 45.49100 45.59350 44.75060 45.30630 45.13930 45.46820 45.47980 45.13550 45.13780 45.37700 45.78590 47.00010 47.79270 48.78620 49.14290 50.92220 51.99780 53.07950 52.24860 51.68010 52.17420 53.39710 52.99320 53.90640 53.71630 54.48730 52.29310 52.06710 49.15680 46.37030 44.21550 41.44360 40.02370 38.72640 38.76750 37.81470 38.02850 36.87830 37.10590 36.14110 35.53580 36.25660 36.81650 34.31380 35.23230 32.94440 33.24350
-9999 -9999 -9999 -9999 -9999 -9999 51.87100 51.59320 51.80700 51.73270 51.45840 50.63600 50.84950 50.30490 50.79520 49.49920 49.59260 49.52460 49.57610 51.63420 50.58240 49.15420 48.71620 47.71350 47.27440 47.40690 46.36630 45.58750 44.74390 44.28830 44.14630 44.32220 44.33950 44.74320 45.17080 46.35570 46.11810 47.21430 47.46880 48.15730 49.22350 48.64620 50.10280 51.55520 51.67400 52.36200 53.09290 53.72220 54.46810 55.50690 53.95840 51.80740 49.01560 46.38940 43.83890 40.70930 39.87480 40.18690 38.40230 38.94130 38.39200 37.61420 36.54530 34.19700 36.89450 34.90640 35.70750 35.59240 33.90600 34.14330 35.01300
-9999 -9999 -9999 -9999 -9999 -9999 52.95920 53.11920 53.63790 52.42660 52.14000 51.09160 50.64900 49.95200 50.23140 50.19090 50.22980 50.81330 50.81250 52.13250 52.85330 52.79110 51.80860 49.73090 48.84140 48.61960 46.80690 45.27770 44.75360 44.23110 44.55130 44.87200 44.82720 44.71360 44.74590 45.33070 46.10260 46.16220 47.45370 46.76110 46.46630 46.92110 49.02210 49.43270 50.81060 51.96670 52.75770 53.46440 54.24720 55.09330 54.97140 51.64900 49.13860 45.24940 43.81860 41.88250 40.26630 40.90890 40.34160 39.52460 36.89620 37.30820 36.84560 37.83290 35.61890 35.99110 36.00540 35.63550 35.39140 35.69120 35.93490
-9999 -9999 -9999 -9999 -9999 -9999 -9999 -9999 -9999 -9999 52.08130 52.95950 52.44450 51.83460 53.13410 53.96050 54.32720 53.85630 54.19670 55.13080 55.79880 55.56330 54.12250 52.53440 51.56030 49.96410 49.46410 48.49780 45.28910 45.19680 44.96650 45.30130 45.02840 44.26510 44.52770 44.09250 44.15200 43.60890 43.72790 45.10700 45.47550 46.08050 46.38520 47.89590 49.31620 50.86450 51.19940 53.31600 53.72590 53.10280 52.12250 48.21980 45.55010 41.68250 40.84170 40.18600 41.42730 39.68280 39.57840 39.27240 39.69210 39.70590 39.81440 37.45800 37.34000 36.47220 36.02300 35.97490 35.98270 36.48480 36.66590
-9999 -9999 -9999 -9999 -9999 -9999 -9999 -9999 -9999 -9999 50.80060 52.08770 51.69010 52.45690 53.34110 54.96720 56.38570 57.61050 58.53730 59.32180 58.63940 57.95620 55.77960 54.80110 53.47080 51.56670 50.30810 48.50800 47.79320 45.76640 44.86280 45.33720 45.29620 44.91820 44.31140 44.06480 44.04600 44.21090 44.62870 45.86370 47.40350 47.61140 47.80470 48.20150 49.17840 49.09190 49.42830 50.56580 50.19490 49.04580 47.16890 45.94450 43.55590 41.22460 41.32090 40.97230 40.17090 40.11140 39.55340 40.60740 40.33760 40.84470 39.05670 39.35240 39.37050 38.69810 37.68440 37.10210 37.06150 37.20770 37.61000
-9999 -9999 -9999 -9999 -9999 -9999 -9999 -9999 -9999 -9999 -9999 -9999 51.88660 54.71380 56.99800 59.37780 60.28570 59.70930 61.11530 60.70200 60.12050 59.06650 57.47600 56.40150 54.39390 52.59410 50.52710 48.34270 46.42810 46.35770 46.23040 44.83720 45.77150 44.33680 45.41340 45.56510 45.62460 44.98270 45.89770 46.15380 46.06140 47.27000 47.56240 47.06540 47.84290 48.91370 48.87340 48.37850 47.43350 46.46410 45.78410 44.05700 43.62480 41.14900 40.95660 40.47310 41.11710 39.39930 40.37790 41.10040 40.76600 41.32280 41.48930 39.65920 39.33180 37.95760 37.49100 38.63390 38.43590 38.56550 38.11960
-9999 -9999 -9999 -9999 -9999 -9999 -9999 -9999 -9999 -9999 -9999 -9999 52.49990 53.95980 57.88830 59.53630 61.84790 61.66740 63.08110 63.36200 61.75900 59.89540 58.68200 56.95830 55.20850 53.66320 51.02910 47.90060 46.01060 45.42880 44.49400 45.39190 45.29260 44.78380 44.95140 45.10680 45.57300 46.06270 45.86240 46.66050 46.39180 46.20050 47.00140 46.96040 47.51920 47.56090 47.48080 47.86650 47.46770 45.07770 44.46750 43.57320 43.13600 41.23480 40.62000 41.05800 40.52860 40.37530 40.36190 42.00820 42.32540 42.47860 40.99360 41.13580 40.46220 39.66230 39.39600 40.05230 39.18100 38.99820 38.24740
-9999 -9999 -9999 -9999 -9999 -9999 -9999 -9999 -9999 -9999 -9999 49.02990 52.11910 53.24290 55.48470 57.00060 60.46300 61.36940 63.25330 63.89940 61.37590 62.20280 59.85370 58.87080 56.22940 55.10790 52.12340 47.91560 46.23450 45.27960 43.93990 44.23440 44.16040 44.37750 44.60640 43.75340 44.71700 45.11370 46.19920 47.19790 46.93540 47.78140 47.51500 46.67850 46.61330 46.44280 46.69380 46.75540 45.70200 45.43060 45.66070 43.55600 43.50300 43.48380 43.74010 42.85370 41.71020 41.69170 41.27810 42.54230 41.57520 41.94790 42.35960 42.12830 41.45390 40.08240 40.44470 40.31630 41.48760 41.80380 41.17390
-9999 -9999 -9999 -9999 -9999 -9999 -9999 -9999 -9999 -9999 -9999 47.72200 49.30720 53.02300 54.30730 56.17060 58.61900 61.60010 63.32210 63.03270 61.87760 61.31210 59.45730 58.11130 56.48340 54.22880 50.97160 48.24200 47.22030 46.46680 44.97210 44.60630 44.67530 44.19770 44.59870 43.85080 45.85230 46.19830 46.28610 47.72570 48.50320 48.28360 50.14300 49.67410 47.68300 47.45930 47.10740 47.83970 47.05020 46.93160 46.03280 45.64810 45.69940 45.02700 43.67470 43.19380 43.29740 42.88620 43.03700 43.34050 43.68100 43.86560 43.95510 44.08210 43.72020 42.70460 42.34980 40.35650 42.10900 41.85590 41.68330
