data/hydroclimate-scenarios/1948-2000.Pcorr55N_Pref_Tref/monthly_summaries/soilm3_monthly_day1_jul.1950-2000.asc
ncols	311
nrows	91
xllcenter	102.75
yllcenter	31.75
cellsize	0.5
NODATA_value	-9999
[rows 0 to 31 of 91, columns 0 to 70 of 311]
-9999 -9999 -9999 -9999 -9999 -9999 -9999 -9999 -9999 -9999 -9999 -9999 -9999 -9999 -9999 -9999 -9999 -9999 -9999 -9999 -9999 -9999 -9999 -9999 -9999 -9999 -9999 -9999 -9999 -9999 -9999 -9999 -9999 -9999 -9999 -9999 -9999 -9999 -9999 -9999 -9999 -9999 -9999 -9999 -9999 -9999 -9999 -9999 -9999 -9999 -9999 -9999 -9999 -9999 -9999 -9999 -9999 -9999 -9999 -9999 -9999 -9999 -9999 -9999 -9999 -9999 -9999 -9999 -9999 -9999 -9999
-9999 -9999 -9999 -9999 -9999 -9999 -9999 -9999 -9999 -9999 -9999 -9999 -9999 -9999 -9999 -9999 -9999 -9999 -9999 -9999 -9999 -9999 -9999 -9999 -9999 -9999 -9999 -9999 -9999 -9999 -9999 -9999 -9999 -9999 -9999 -9999 -9999 -9999 -9999 -9999 -9999 -9999 -9999 -9999 -9999 -9999 -9999 -9999 -9999 -9999 -9999 -9999 -9999 -9999 -9999 -9999 -9999 -9999 -9999 -9999 -9999 -9999 -9999 -9999 -9999 -9999 -9999 -9999 -9999 -9999 -9999
-9999 -9999 -9999 -9999 -9999 -9999 -9999 -9999 -9999 -9999 -9999 -9999 -9999 -9999 -9999 -9999 -9999 -9999 -9999 -9999 -9999 -9999 -9999 -9999 -9999 -9999 -9999 -9999 -9999 -9999 -9999 -9999 -9999 -9999 -9999 -9999 -9999 -9999 -9999 -9999 -9999 -9999 -9999 -9999 -9999 -9999 -9999 -9999 -9999 -9999 -9999 -9999 -9999 -9999 -9999 -9999 -9999 -9999 -9999 -9999 -9999 -9999 -9999 -9999 -9999 -9999 -9999 -9999 -9999 -9999 -9999
-9999 -9999 -9999 -9999 -9999 -9999 -9999 -9999 -9999 -9999 -9999 -9999 -9999 -9999 -9999 -9999 -9999 -9999 -9999 -9999 -9999 -9999 -9999 -9999 -9999 -9999 -9999 -9999 -9999 -9999 -9999 -9999 -9999 -9999 -9999 -9999 -9999 -9999 -9999 -9999 -9999 -9999 -9999 -9999 -9999 -9999 -9999 -9999 -9999 -9999 -9999 -9999 -9999 -9999 -9999 -9999 -9999 -9999 -9999 -9999 -9999 -9999 -9999 -9999 -9999 -9999 -9999 -9999 -9999 -9999 -9999
-9999 -9999 -9999 -9999 -9999 -9999 -9999 -9999 -9999 -9999 -9999 -9999 -9999 -9999 -9999 -9999 -9999 -9999 -9999 -9999 -9999 -9999 -9999 -9999 -9999 -9999 -9999 -9999 -9999 -9999 -9999 -9999 -9999 -9999 -9999 -9999 -9999 -9999 -9999 -9999 -9999 -9999 -9999 -9999 -9999 -9999 -9999 -9999 -9999 -9999 -9999 -9999 -9999 -9999 -9999 -9999 -9999 -9999 -9999 -9999 -9999 -9999 -9999 -9999 -9999 -9999 -9999 -9999 -9999 -9999 -9999
-9999 -9999 -9999 -9999 -9999 -9999 -9999 -9999 -9999 -9999 -9999 -9999 -9999 -9999 -9999 -9999 -9999 -9999 -9999 -9999 -9999 -9999 -9999 -9999 -9999 -9999 -9999 -9999 -9999 -9999 -9999 -9999 -9999 -9999 -9999 -9999 -9999 -9999 -9999 -9999 -9999 -9999 -9999 -9999 -9999 -9999 -9999 -9999 -9999 -9999 -9999 -9999 -9999 -9999 -9999 -9999 -9999 -9999 -9999 -9999 -9999 -9999 -9999 -9999 -9999 -9999 -9999 -9999 -9999 -9999 -9999
-9999 -9999 -9999 -9999 -9999 -9999 -9999 -9999 -9999 -9999 -9999 -9999 -9999 -9999 -9999 -9999 -9999 -9999 -9999 -9999 -9999 -9999 -9999 -9999 -9999 -9999 -9999 -9999 -9999 -9999 -9999 -9999 -9999 -9999 -9999 -9999 -9999 -9999 -9999 -9999 -9999 -9999 -9999 -9999 -9999 -9999 -9999 -9999 -9999 -9999 -9999 -9999 -9999 -9999 -9999 -9999 -9999 -9999 -9999 -9999 -9999 -9999 -9999 -9999 -9999 -9999 -9999 -9999 -9999 -9999 -9999
-9999 -9999 -9999 -9999 -9999 -9999 -9999 -9999 -9999 -9999 -9999 -9999 -9999 -9999 -9999 -9999 -9999 -9999 -9999 -9999 -9999 -9999 -9999 -9999 -9999 -9999 -9999 -9999 -9999 -9999 -9999 -9999 -9999 -9999 -9999 -9999 -9999 -9999 -9999 -9999 -9999 -9999 20.63070 20.39470 20.77000 20.55250 20.53540 20.64100 20.40130 21.09570 20.73380 22.32380 -9999 -9999 -9999 -9999 -9999 -9999 -9999 -9999 -9999 -9999 -9999 -9999 -9999 -9999 -9999 -9999 -9999 -9999 -9999
-9999 -9999 -9999 -9999 -9999 -9999 -9999 -9999 -9999 -9999 -9999 -9999 -9999 -9999 -9999 -9999 -9999 -9999 -9999 -9999 -9999 -9999 -9999 -9999 -9999 -9999 -9999 -9999 -9999 -9999 -9999 -9999 -9999 -9999 -9999 -9999 -9999 -9999 21.88260 22.64400 22.38780 22.42780 22.09840 21.16150 21.38360 20.29040 19.64460 19.66860 20.72140 21.35180 23.19540 25.90740 25.32690 23.79940 -9999 -9999 -9999 -9999 -9999 -9999 -9999 -9999 -9999 -9999 -9999 -9999 -9999 -9999 -9999 -9999 -9999
-9999 -9999 -9999 -9999 -9999 -9999 -9999 -9999 -9999 -9999 -9999 -9999 -9999 -9999 -9999 -9999 -9999 -9999 -9999 -9999 -9999 -9999 -9999 -9999 -9999 -9999 -9999 -9999 -9999 -9999 -9999 -9999 -9999 -9999 -9999 -9999 -9999 -9999 -9999 -9999 21.22870 21.22340 21.60990 21.61970 21.99860 22.74060 21.71910 21.93420 19.71560 19.49640 19.63660 24.06240 25.11150 23.58720 -9999 -9999 -9999 -9999 -9999 -9999 -9999 -9999 -9999 -9999 -9999 -9999 -9999 -9999 -9999 -9999 -9999
-9999 -9999 -9999 -9999 -9999 -9999 -9999 -9999 -9999 -9999 -9999 -9999 -9999 -9999 -9999 -9999 -9999 -9999 -9999 -9999 -9999 -9999 -9999 -9999 -9999 -9999 -9999 -9999 -9999 -9999 -9999 -9999 -9999 -9999 -9999 -9999 -9999 -9999 -9999 -9999 -9999 -9999 -9999 -9999 21.39570 21.88600 22.69210 23.65030 23.37320 21.20110 22.06240 25.18660 23.81440 23.97930 -9999 -9999 -9999 -9999 -9999 -9999 19.54540 -9999 -9999 -9999 -9999 -9999 -9999 -9999 -9999 -9999 -9999
-9999 -9999 -9999 -9999 -9999 -9999 -9999 -9999 -9999 -9999 -9999 -9999 -9999 -9999 -9999 -9999 -9999 -9999 -9999 -9999 -9999 -9999 -9999 -9999 -9999 -9999 -9999 -9999 -9999 -9999 -9999 -9999 -9999 -9999 -9999 -9999 -9999 -9999 -9999 -9999 -9999 21.44880 21.37920 21.83660 21.72440 21.26690 21.68220 22.28320 21.74350 21.19030 21.37900 25.18950 24.09570 24.02710 -9999 -9999 -9999 -9999 -9999 21.06200 21.47150 22.49920 22.23360 20.51330 20.91200 21.67610 22.48780 23.68800 22.34180 22.50860 21.69770
-9999 -9999 -9999 -9999 -9999 -9999 -9999 -9999 -9999 -9999 -9999 -9999 -9999 -9999 -9999 -9999 -9999 -9999 -9999 -9999 -9999 -9999 -9999 -9999 -9999 -9999 -9999 -9999 -9999 -9999 -9999 -9999 -9999 -9999 -9999 -9999 -9999 -9999 -9999 -9999 -9999 22.28750 21.60790 21.67040 21.20260 21.36840 21.95810 21.96390 21.49900 22.07320 22.91350 28.51330 26.57600 25.65190 24.48720 26.41090 23.72130 -9999 21.95540 23.96540 23.92320 23.71140 23.52370 22.61700 23.13860 23.69310 22.76540 22.52810 21.78730 20.88380 20.52900
-9999 -9999 -9999 -9999 -9999 -9999 -9999 -9999 -9999 -9999 -9999 -9999 -9999 -9999 -9999 -9999 -9999 -9999 -9999 -9999 -9999 -9999 -9999 -9999 -9999 -9999 -9999 -9999 -9999 -9999 -9999 -9999 -9999 -9999 -9999 24.33870 22.28520 21.37180 21.39710 20.79590 20.73480 20.63500 20.83330 21.03970 21.44410 21.45820 20.85730 21.17850 22.94170 24.32610 24.36400 28.81100 30.22950 27.67720 25.68120 28.36180 26.35190 24.55260 24.55030 23.94520 23.57440 23.07340 23.00830 23.32600 23.28800 23.69900 23.57010 23.21890 22.95520 22.30280 22.30140
-9999 -9999 -9999 -9999 -9999 -9999 -9999 -9999 -9999 -9999 -9999 -9999 -9999 -9999 -9999 -9999 -9999 -9999 -9999 -9999 -9999 -9999 -9999 -9999 -9999 -9999 -9999 -9999 -9999 -9999 -9999 -9999 -9999 -9999 24.46400 23.99710 23.46270 23.12350 21.42390 20.88350 20.79500 20.66300 20.81480 21.57640 21.34490 20.58460 20.55240 21.79450 24.62110 25.18200 25.58250 25.16290 26.29770 25.58410 24.74400 28.59890 25.70650 25.03750 24.46950 23.92660 23.40930 23.45420 23.77050 24.34900 23.96840 23.71930 23.31890 23.36360 23.60810 23.59960 23.88810
-9999 -9999 -9999 -9999 -9999 -9999 -9999 -9999 -9999 -9999 -9999 -9999 -9999 -9999 -9999 -9999 -9999 -9999 -9999 -9999 -9999 -9999 -9999 -9999 -9999 -9999 -9999 -9999 -9999 -9999 -9999 -9999 -9999 24.39470 24.23860 23.13140 23.13810 22.45730 21.42800 20.50880 20.63600 20.68430 21.67200 21.58080 20.64240 20.90500 22.02970 22.64550 24.58080 25.56330 26.32930 27.60160 26.54840 25.58100 23.87880 27.32550 26.52780 24.08670 23.61910 23.54660 23.85240 23.62630 23.54600 23.69830 23.77430 23.58290 23.25580 23.69810 23.86470 23.92260 23.23090
-9999 -9999 -9999 -9999 -9999 -9999 -9999 -9999 -9999 -9999 -9999 -9999 -9999 -9999 -9999 -9999 -9999 -9999 -9999 -9999 -9999 -9999 -9999 -9999 -9999 -9999 -9999 -9999 -9999 -9999 -9999 24.01540 22.24000 21.75820 21.70920 22.90330 22.10060 21.39590 20.60930 20.64170 20.73670 20.87400 21.51970 20.89550 20.53710 21.36700 23.59840 23.73470 24.28660 24.85490 26.26030 27.31930 27.59740 26.30010 24.89560 27.65140 25.13030 24.18630 24.70030 23.84910 23.75510 23.76440 23.58270 23.62150 23.67770 23.81480 23.68080 23.19080 23.07210 23.34100 23.99830
-9999 -9999 -9999 -9999 -9999 -9999 -9999 -9999 -9999 -9999 -9999 -9999 -9999 -9999 -9999 -9999 -9999 -9999 -9999 -9999 -9999 -9999 -9999 -9999 -9999 -9999 -9999 -9999 -9999 21.21250 22.43990 21.24100 20.40570 20.33310 20.25910 20.29490 21.34640 23.36400 21.53190 20.30800 20.80400 21.45290 20.35860 20.26640 20.32070 20.57700 21.32400 23.53090 25.34840 26.15240 26.92680 26.37700 27.06110 25.41210 25.42450 28.28100 24.71090 24.10280 23.41980 22.99440 23.48440 23.41810 23.38840 23.52420 23.60730 23.51140 23.87120 24.11910 24.20900 24.34980 23.42960
-9999 -9999 -9999 -9999 -9999 -9999 -9999 -9999 -9999 -9999 -9999 -9999 -9999 -9999 -9999 -9999 -9999 -9999 -9999 -9999 -9999 -9999 -9999 -9999 22.09390 21.74070 21.23980 20.65900 20.46840 19.95530 20.02190 19.92280 19.98880 19.97430 19.97260 20.28860 22.99890 21.57920 20.66600 20.19660 20.41700 21.19600 20.31170 20.01870 20.00380 20.10060 20.45440 21.46510 23.76600 25.36920 25.18750 33.78750 32.73520 28.10240 25.65690 25.74240 24.27820 23.71680 23.53510 23.53370 23.72690 23.63270 23.48030 23.33210 23.33400 23.40050 23.51420 23.25260 23.20860 23.63340 26.15900
-9999 -9999 -9999 -9999 -9999 -9999 25.30650 25.67330 25.98250 25.67280 25.11450 -9999 -9999 -9999 -9999 -9999 -9999 -9999 -9999 -9999 -9999 22.42680 21.09140 21.27750 22.38880 21.29300 20.39420 20.07300 20.06030 19.98060 19.94340 19.94890 19.97250 19.91980 19.94590 19.86880 19.93930 20.17960 22.35280 20.02470 20.39930 20.45430 21.10940 19.94910 19.94530 20.02550 20.34390 22.39300 24.54980 25.06960 25.85000 32.40120 32.54460 27.98170 24.83030 24.61800 24.13590 23.49400 23.54460 23.65640 23.63210 23.54010 23.45370 23.57500 23.67640 22.86730 22.84040 22.93240 22.94190 22.94210 23.10200
-9999 -9999 -9999 -9999 -9999 25.19690 25.45280 27.03640 25.72650 26.14330 25.94170 26.63630 26.07710 26.21300 -9999 -9999 -9999 24.16300 23.79150 22.43890 21.69050 21.04760 20.87620 20.05920 19.80330 19.45980 19.19490 19.09570 18.98780 18.98410 19.11980 19.10640 19.31350 19.31070 19.14620 19.04390 19.13050 19.21390 19.15150 19.00770 19.01360 19.12250 20.85190 20.11620 18.98830 19.15020 20.01780 21.63350 23.97300 24.95510 25.28770 29.37110 28.66490 25.36880 24.43580 25.03910 24.30450 23.43840 23.03290 22.98330 22.96720 23.01800 22.90850 22.88920 23.15140 23.67590 23.35000 23.19090 23.02740 23.14220 23.30240
-9999 27.04470 25.46220 20.77980 20.95390 25.22560 26.01100 25.84130 26.16470 25.73310 26.14040 26.15130 26.47590 25.70340 25.33080 24.28590 23.80890 24.05000 24.22820 23.66580 22.80730 20.74670 21.16250 19.11030 18.82260 18.98140 18.94260 18.85810 18.83960 18.76520 18.70140 18.67530 18.64510 18.65940 18.68590 18.69970 18.70860 18.69960 18.64570 18.69930 18.71010 18.79250 19.43740 20.83270 18.87500 18.90450 18.86100 20.07410 22.35160 23.00420 23.84770 29.51490 28.14520 27.93150 26.19500 26.15170 24.61680 23.19820 23.21730 23.13910 22.92660 23.11490 23.23460 23.16890 23.57540 23.67700 23.30830 23.41750 23.11070 23.64870 25.29560
-9999 28.99650 28.57170 25.23120 25.08980 24.48540 23.64340 23.79990 23.33350 24.16770 24.65040 24.57070 24.75770 24.34210 24.37170 24.28700 24.66540 24.32660 24.11720 23.90750 22.89670 22.16880 24.04580 19.86280 19.05280 18.92590 18.88620 18.87060 18.88110 18.86160 18.76560 18.72350 18.69230 18.66680 19.29270 18.74280 18.77120 18.74770 18.72760 18.60380 18.62120 18.60530 18.58610 21.04560 19.49580 18.70910 18.64880 18.99180 19.25570 20.62750 21.92350 25.09330 25.03150 26.32880 25.75340 24.88320 23.92220 23.52080 23.23490 22.59750 22.99840 23.09470 23.15770 22.96680 23.23520 23.89960 23.84020 23.29630 23.33560 23.52720 23.72930
-9999 -9999 -9999 21.94400 22.33860 21.28400 20.79330 20.63830 20.45210 20.41500 24.62320 24.28130 24.36130 24.44450 24.19130 24.07760 24.35310 23.88040 24.10680 24.41300 24.55510 24.28660 23.27790 19.52380 19.07320 18.91530 18.83220 18.75550 18.68720 18.69270 18.64750 18.62970 19.13180 19.31650 20.23260 21.12860 18.36700 18.39290 19.76560 21.07170 20.27840 20.34520 23.60740 23.37690 21.92260 20.80770 19.79060 19.13970 19.23860 20.60090 23.15500 24.25550 24.18180 25.64500 24.45720 25.45220 24.14240 23.69830 23.81230 22.80630 23.11970 23.44780 23.56680 23.47940 23.27670 23.25200 23.14300 23.30190 23.72720 24.40920 24.53900
-9999 -9999 -9999 -9999 -9999 -9999 21.71120 22.31290 23.05530 23.61350 24.38680 24.43410 24.37750 24.18920 23.99750 24.02660 24.06060 24.22460 23.97440 23.58860 22.15140 20.41690 19.16850 19.08660 18.94260 18.86170 18.72450 20.04790 21.29870 18.99300 18.61300 18.60590 20.76350 22.85550 19.43800 22.73440 22.12700 20.75900 23.82680 23.97660 23.98210 23.19160 22.79760 23.17570 23.34550 23.65880 22.19000 21.46450 20.62150 19.90480 21.11760 21.95290 21.63560 23.48380 23.56380 21.86300 24.42290 25.08160 25.43320 24.42680 23.92140 24.34900 23.66070 23.52530 24.02450 24.11930 23.33110 23.69750 24.53120 24.70300 25.30130
-9999 -9999 -9999 -9999 -9999 -9999 24.39510 24.47050 24.20760 24.49610 24.29070 24.15190 24.06590 23.88150 23.83970 24.02590 23.47550 21.89230 20.81740 19.68660 19.45850 19.24800 19.23590 19.07870 18.95160 18.75370 18.63110 19.96200 24.07630 24.06510 23.01310 23.09060 22.67570 23.46720 23.26370 23.15720 22.48520 22.39640 22.11860 22.66530 22.84080 23.14250 23.65610 23.36720 23.06950 22.86660 23.05010 23.92020 23.87310 22.79990 21.69570 20.36840 20.00470 20.41340 20.03300 19.24580 19.91310 20.77050 21.54920 21.55130 24.08800 23.90980 24.85580 24.46330 24.46380 23.66610 23.58880 23.63870 23.84780 24.30900 25.60570
-9999 -9999 -9999 -9999 -9999 -9999 -9999 -9999 -9999 -9999 23.55120 24.08720 24.02730 23.71910 23.78680 21.15760 19.46360 19.65020 19.40490 19.15640 19.15670 19.03760 19.06660 18.78200 18.71340 18.66410 18.59000 18.53060 19.11770 20.04920 19.43890 20.03620 21.03500 23.12490 23.91790 23.41840 23.81730 23.92020 23.92380 23.93500 21.95730 20.46020 19.81820 20.94270 20.95240 21.55120 21.15740 19.99240 23.46230 23.94380 23.94800 23.64900 23.35040 22.16980 21.96390 22.75170 21.76480 22.65020 22.66590 22.22940 22.70120 20.22820 19.95850 19.51770 20.25920 20.52390 20.32400 21.45700 23.34080 23.45650 23.90750
-9999 -9999 -9999 -9999 -9999 -9999 -9999 -9999 -9999 -9999 22.10110 23.59730 23.73650 23.60690 23.68600 21.04170 19.24710 19.32060 19.42820 19.30090 19.22890 19.08180 19.02190 18.73070 18.67420 18.56660 18.53300 18.52510 18.51550 19.23410 20.03160 20.03640 22.13390 22.82940 21.14270 22.13340 19.94010 18.51520 19.01910 19.12270 18.52240 18.52920 18.53270 18.51940 18.51490 18.51460 18.51640 18.52270 18.61540 22.63910 23.92930 23.93130 23.92150 23.72590 21.64280 24.12550 24.22300 24.22140 24.22060 24.13470 24.03410 24.03960 23.84140 22.26840 20.37870 20.88400 19.69030 18.70840 22.05290 23.44840 23.90180
-9999 -9999 -9999 -9999 -9999 -9999 -9999 -9999 -9999 -9999 -9999 -9999 23.55630 23.62430 23.72060 23.29590 20.08390 18.88730 19.08010 18.95120 18.93860 19.04610 18.56040 18.71540 18.58110 18.54150 18.53030 18.51780 18.51160 18.60790 19.42640 19.22920 19.23090 18.70900 18.51080 18.51330 18.51650 18.52000 18.52150 18.53620 18.53770 18.53990 18.54050 18.52090 18.51990 18.51630 18.51610 18.52950 18.52230 19.01250 20.67970 22.36430 22.65040 21.56930 20.45220 23.22710 24.21820 24.22580 24.23050 24.23830 24.23590 24.23600 23.44650 22.06410 23.25570 24.04580 21.17340 18.78610 19.65440 21.51550 23.96420
-9999 -9999 -9999 -9999 -9999 -9999 -9999 -9999 -9999 -9999 -9999 -9999 23.50210 23.54720 23.62170 23.69010 23.65870 23.48140 20.87550 20.07070 18.65670 20.16380 18.56950 19.40470 18.61930 18.55980 18.53500 18.51470 18.51020 18.50640 18.50560 18.50840 18.50760 18.50770 18.51440 18.51430 18.52360 18.53420 18.53780 18.54280 18.53610 18.53120 18.53030 18.51600 18.51540 19.14910 19.75880 21.68530 23.36590 23.36540 21.89420 21.87750 21.27130 20.46440 22.25530 24.11960 24.12160 24.12870 24.13220 24.13630 23.64060 22.35880 22.96520 24.04480 24.04250 22.07360 20.69380 21.77160 22.86160 23.69920 24.14040
-9999 -9999 -9999 -9999 -9999 -9999 -9999 -9999 -9999 -9999 -9999 23.48580 23.51750 23.51080 23.54280 23.56970 22.41650 18.50640 18.56750 18.48480 18.33190 20.05320 19.71000 18.84990 18.64130 18.57960 18.56320 18.51380 18.50620 18.50410 18.50340 18.50450 18.50440 18.50570 18.50740 18.50680 18.51220 18.51690 18.52840 18.56110 18.55000 18.55610 18.55310 18.53720 18.52860 18.52110 19.81740 20.94000 21.43200 23.12530 22.82600 22.84860 22.64560 23.43950 24.02790 24.12380 24.02430 24.02660 24.03070 22.84690 23.04380 24.23400 24.23480 24.04100 24.04210 22.65570 22.08840 22.86840 23.04920 23.46800 24.70070
-9999 -9999 -9999 -9999 -9999 -9999 -9999 -9999 -9999 -9999 -9999 23.45650 23.47870 23.50310 23.50470 23.51090 20.88360 19.02710 18.42450 19.23820 19.95550 19.94560 19.20030 19.66450 19.44680 19.33460 18.53220 18.52020 18.51260 18.50780 18.50630 18.50800 18.50590 18.50630 18.50700 18.50450 18.50570 18.50830 18.52360 18.52770 18.53490 18.65150 19.09650 19.59830 20.28560 22.46860 22.86530 23.33100 24.20850 24.20600 24.20720 24.21180 24.21220 24.20960 24.20780 24.22230 24.22360 22.93260 22.63320 23.73390 24.13580 24.23020 24.23270 24.04940 23.16370 22.07790 23.81320 23.16330 23.15430 24.07190 24.35000
