data/hydroclimate-scenarios/1948-2000.Pcorr55N_Pref_Tref/monthly_summaries/soilm1_monthly_day1_may.asc
ncols	311
nrows	91
xllcenter	102.75
yllcenter	31.75
cellsize	0.5
NODATA_value	-9999
[rows 0 to 31 of 91, columns 71 to 141 of 311]
-9999 -9999 -9999 -9999 -9999 -9999 -9999 -9999 -9999 -9999 -9999 -9999 -9999 -9999 -9999 -9999 -9999 -9999 -9999 -9999 -9999 -9999 -9999 -9999 -9999 -9999 -9999 -9999 -9999 -9999 -9999 -9999 -9999 -9999 -9999 -9999 -9999 -9999 -9999 -9999 -9999 -9999 -9999 -9999 -9999 -9999 -9999 -9999 -9999 -9999 -9999 -9999 -9999 -9999 -9999 -9999 -9999 -9999 -9999 -9999 -9999 -9999 -9999 -9999 -9999 -9999 -9999 -9999 -9999 -9999 -9999
-9999 -9999 -9999 -9999 -9999 -9999 -9999 -9999 -9999 -9999 -9999 -9999 -9999 -9999 -9999 -9999 -9999 -9999 -9999 -9999 -9999 -9999 -9999 -9999 -9999 -9999 -9999 -9999 -9999 -9999 -9999 -9999 -9999 -9999 -9999 -9999 -9999 -9999 -9999 -9999 -9999 -9999 -9999 -9999 -9999 -9999 -9999 -9999 -9999 -9999 -9999 -9999 -9999 -9999 -9999 -9999 -9999 -9999 -9999 -9999 -9999 -9999 -9999 -9999 -9999 -9999 -9999 -9999 -9999 -9999 -9999
-9999 -9999 -9999 -9999 -9999 -9999 -9999 -9999 -9999 -9999 -9999 -9999 -9999 -9999 -9999 -9999 -9999 -9999 -9999 -9999 -9999 -9999 -9999 -9999 -9999 -9999 -9999 -9999 -9999 -9999 -9999 -9999 -9999 -9999 -9999 -9999 -9999 -9999 -9999 -9999 -9999 -9999 -9999 -9999 -9999 -9999 -9999 -9999 -9999 -9999 -9999 -9999 -9999 -9999 -9999 -9999 -9999 -9999 -9999 -9999 -9999 -9999 -9999 -9999 -9999 -9999 -9999 -9999 -9999 -9999 -9999
-9999 -9999 -9999 -9999 -9999 -9999 -9999 -9999 -9999 -9999 -9999 -9999 -9999 -9999 -9999 -9999 -9999 -9999 -9999 -9999 -9999 -9999 -9999 -9999 -9999 -9999 -9999 -9999 -9999 -9999 -9999 -9999 -9999 -9999 -9999 -9999 -9999 -9999 -9999 -9999 -9999 -9999 -9999 -9999 -9999 -9999 -9999 -9999 -9999 -9999 -9999 -9999 -9999 -9999 -9999 -9999 -9999 -9999 -9999 -9999 -9999 -9999 -9999 -9999 -9999 -9999 -9999 -9999 -9999 -9999 -9999
-9999 -9999 -9999 -9999 -9999 -9999 -9999 -9999 -9999 -9999 -9999 -9999 -9999 -9999 -9999 -9999 -9999 -9999 -9999 -9999 -9999 -9999 -9999 -9999 -9999 -9999 -9999 -9999 -9999 -9999 -9999 -9999 -9999 -9999 -9999 -9999 -9999 -9999 -9999 -9999 -9999 -9999 -9999 -9999 -9999 -9999 -9999 -9999 -9999 -9999 -9999 -9999 -9999 -9999 -9999 -9999 -9999 -9999 -9999 -9999 -9999 -9999 -9999 -9999 -9999 -9999 -9999 -9999 -9999 -9999 -9999
-9999 -9999 -9999 -9999 -9999 -9999 -9999 -9999 -9999 -9999 -9999 -9999 -9999 -9999 -9999 -9999 -9999 -9999 -9999 -9999 -9999 -9999 -9999 -9999 -9999 -9999 -9999 -9999 -9999 -9999 -9999 -9999 -9999 -9999 -9999 -9999 -9999 -9999 -9999 -9999 -9999 -9999 -9999 -9999 -9999 -9999 -9999 -9999 -9999 -9999 -9999 -9999 -9999 -9999 -9999 -9999 -9999 -9999 -9999 -9999 -9999 -9999 -9999 -9999 -9999 -9999 -9999 -9999 -9999 -9999 -9999
-9999 -9999 -9999 -9999 -9999 -9999 -9999 -9999 -9999 -9999 -9999 -9999 -9999 -9999 -9999 -9999 -9999 -9999 -9999 -9999 -9999 -9999 -9999 -9999 -9999 -9999 -9999 -9999 -9999 -9999 -9999 -9999 -9999 -9999 -9999 -9999 -9999 -9999 -9999 -9999 -9999 -9999 -9999 -9999 -9999 -9999 -9999 -9999 -9999 -9999 -9999 -9999 -9999 -9999 -9999 -9999 -9999 -9999 -9999 -9999 -9999 -9999 -9999 -9999 -9999 -9999 -9999 -9999 -9999 -9999 -9999
-9999 -9999 -9999 -9999 -9999 -9999 -9999 -9999 -9999 -9999 -9999 -9999 -9999 -9999 -9999 -9999 -9999 -9999 -9999 -9999 -9999 -9999 -9999 -9999 -9999 -9999 -9999 -9999 -9999 -9999 -9999 -9999 -9999 -9999 -9999 -9999 -9999 -9999 -9999 -9999 -9999 -9999 -9999 -9999 -9999 -9999 -9999 -9999 -9999 -9999 -9999 -9999 -9999 -9999 -9999 -9999 -9999 -9999 -9999 -9999 -9999 -9999 -9999 -9999 -9999 -9999 -9999 -9999 -9999 -9999 -9999
-9999 -9999 -9999 -9999 -9999 -9999 57.56620 -9999 -9999 -9999 -9999 -9999 -9999 -9999 -9999 -9999 -9999 -9999 -9999 -9999 -9999 -9999 -9999 -9999 -9999 -9999 -9999 -9999 -9999 -9999 -9999 -9999 -9999 -9999 -9999 -9999 -9999 -9999 -9999 -9999 -9999 -9999 -9999 -9999 -9999 -9999 -9999 -9999 -9999 -9999 -9999 -9999 -9999 -9999 -9999 -9999 -9999 -9999 -9999 -9999 -9999 -9999 -9999 -9999 -9999 -9999 -9999 -9999 -9999 -9999 -9999
-9999 -9999 56.60680 55.78630 57.37340 57.37740 57.74020 58.00300 58.39850 58.71020 58.14020 58.37470 56.93600 57.01920 56.74070 57.99310 56.29020 56.00930 57.40410 56.94270 57.48230 56.01970 -9999 -9999 -9999 -9999 -9999 -9999 -9999 -9999 -9999 -9999 -9999 -9999 -9999 -9999 -9999 -9999 -9999 -9999 -9999 -9999 -9999 -9999 -9999 -9999 -9999 -9999 -9999 -9999 -9999 -9999 -9999 -9999 -9999 -9999 -9999 -9999 -9999 -9999 -9999 -9999 -9999 -9999 -9999 -9999 -9999 -9999 -9999 -9999 -9999
-9999 -9999 -9999 -9999 59.17960 59.77420 61.11570 61.28980 60.58340 60.72190 60.27950 60.39440 60.82460 60.57530 60.23610 60.30710 60.03460 59.99350 59.82450 59.89220 59.33310 58.60790 -9999 -9999 -9999 -9999 -9999 -9999 -9999 -9999 -9999 -9999 -9999 -9999 -9999 -9999 -9999 -9999 -9999 -9999 -9999 -9999 -9999 -9999 -9999 -9999 -9999 -9999 -9999 -9999 -9999 -9999 -9999 -9999 -9999 -9999 -9999 -9999 -9999 -9999 -9999 -9999 -9999 -9999 -9999 -9999 -9999 -9999 -9999 -9999 -9999
59.24590 59.53310 60.56200 60.75230 60.15270 60.86900 61.55110 61.49800 60.92510 61.29020 60.14880 60.24350 60.79750 61.07510 60.53100 60.48600 60.27470 60.14650 60.23400 62.17060 62.83760 71.08710 63.13490 62.76860 61.67770 61.62120 62.46660 61.06080 -9999 -9999 -9999 -9999 -9999 -9999 -9999 -9999 -9999 -9999 -9999 -9999 -9999 -9999 -9999 -9999 -9999 -9999 -9999 -9999 -9999 -9999 -9999 -9999 -9999 -9999 -9999 -9999 -9999 -9999 -9999 -9999 -9999 -9999 -9999 -9999 -9999 -9999 -9999 -9999 -9999 -9999 -9999
61.13640 60.78940 61.20710 61.28650 60.18240 59.85200 61.06680 61.69060 60.38690 60.87000 61.22960 61.30320 61.10800 61.22780 61.12460 61.21050 61.02080 60.91070 72.65860 64.39330 62.16210 61.43280 62.02150 61.79870 61.86790 61.77530 61.89270 61.59630 61.23510 60.98590 61.18150 60.94090 61.27010 61.56200 60.64690 60.38180 60.21320 60.15660 60.27550 60.52390 60.88130 60.52580 60.33520 -9999 -9999 -9999 -9999 -9999 -9999 -9999 -9999 -9999 -9999 -9999 -9999 -9999 -9999 -9999 -9999 -9999 -9999 -9999 -9999 -9999 -9999 -9999 -9999 -9999 -9999 -9999 -9999
52.30130 52.51280 53.71880 53.78280 60.40850 62.03530 61.52940 61.17120 60.00290 52.24950 54.14170 60.57020 53.72090 60.95980 61.26000 61.28120 61.56110 61.08540 63.46330 64.35270 62.01220 60.80810 60.49010 53.39640 53.60140 61.24260 60.88130 60.76600 61.77180 62.02540 61.99260 61.97360 62.04420 61.64860 61.14680 60.99400 60.88680 60.28860 60.73770 60.96460 61.36830 61.48820 61.53780 71.53360 -9999 -9999 -9999 -9999 -9999 -9999 -9999 -9999 -9999 -9999 -9999 -9999 -9999 -9999 -9999 -9999 -9999 -9999 -9999 -9999 -9999 -9999 -9999 -9999 -9999 -9999 -9999
64.23840 61.15800 56.09340 61.51120 63.87320 64.69710 64.52130 64.82450 64.09730 64.11430 63.89800 63.82350 63.58330 63.55560 62.48770 62.54720 64.29740 64.11760 65.42200 71.52190 64.02100 64.13260 63.29840 62.87650 63.72730 63.62440 63.53670 62.96440 62.96190 62.87110 62.58480 62.52300 61.44750 61.56290 62.29480 62.38910 62.27030 62.57370 62.85570 62.86270 61.91000 61.84640 61.22810 61.41030 -9999 -9999 -9999 -9999 -9999 -9999 -9999 -9999 -9999 -9999 -9999 -9999 -9999 -9999 -9999 59.02940 58.96400 -9999 -9999 -9999 -9999 62.68490 62.89710 62.16700 60.67650 54.65720 54.32630
63.38380 63.32660 66.04260 62.14550 64.63110 65.09250 65.97430 64.39830 64.95990 64.83800 64.28560 64.04620 63.24920 63.15990 63.31190 62.99510 64.59450 65.11030 71.61440 65.58340 64.39360 63.89690 62.93890 62.58620 63.40160 62.78960 64.39970 64.21810 63.01130 62.66310 62.51640 62.28470 61.39020 61.83890 62.61760 62.00760 62.74730 62.57180 62.75270 63.57220 72.48220 73.38870 71.39460 62.23200 63.06920 62.74770 72.03840 61.92550 59.64660 58.99930 51.95020 53.78990 61.09650 61.04040 59.11800 51.48820 49.53220 50.18020 58.43060 58.65030 50.34370 -9999 -9999 -9999 -9999 -9999 65.99700 64.21900 62.13580 61.78280 60.92920
65.84910 57.25560 64.53290 63.70430 57.01190 64.02960 65.02780 65.96060 65.18590 65.41190 66.59710 65.63710 62.51920 62.51660 63.73530 64.14090 63.93290 63.48550 64.31000 64.24090 64.21790 63.62580 63.66000 63.24060 63.20660 63.28240 62.23730 62.24170 62.91370 62.84690 62.29080 61.76130 61.66250 62.18060 62.72440 63.15000 63.42480 63.93730 70.76920 73.55390 63.23680 70.75700 62.45140 62.11020 62.36660 62.30180 62.36920 62.52490 62.36900 63.00610 62.14000 62.43510 61.68970 62.95060 62.95490 61.75640 61.47020 60.35230 52.69870 51.97290 52.00580 53.12350 52.17760 60.01520 60.56070 62.56700 64.10570 64.43060 61.36150 60.94290 60.92500
63.83240 59.33980 64.36410 66.63850 65.49200 66.07950 66.25560 64.61670 65.53660 66.13950 67.77930 68.02010 62.45620 62.83480 63.35280 63.47560 63.36280 63.19360 64.22520 61.83730 65.11800 64.14940 63.50290 63.20920 63.13510 62.92530 62.47700 62.23400 63.31000 63.34800 62.30250 62.31700 62.63850 62.14220 63.37810 63.91150 73.09430 64.35120 63.87930 63.99730 63.05020 63.60690 63.54170 63.55230 63.33510 63.11220 63.31600 63.30850 62.51810 62.60650 63.32360 61.25910 61.52540 61.50560 61.76480 63.36740 63.36290 63.99410 64.44330 63.77000 53.70710 54.79000 53.66390 52.62730 53.18850 59.25960 61.21040 61.66280 60.49450 59.59240 56.74420
66.83010 64.11310 57.68190 55.87100 64.72440 65.66300 64.80800 63.26050 63.91600 64.09220 64.35690 64.19370 63.88710 63.65410 64.65540 64.93880 64.14230 64.04420 64.82310 64.51900 64.57530 64.31700 65.27410 64.42940 63.32490 63.34220 62.80450 62.89520 62.80620 62.91400 63.36480 72.60980 62.53200 62.65060 63.24470 63.34330 63.12560 63.10200 64.14330 64.82640 64.20490 63.70030 64.34980 64.99180 64.60100 64.59480 63.73740 62.87020 63.31480 63.20110 62.55300 62.85060 63.57550 62.63020 53.51990 52.75500 52.69820 60.26170 61.79910 65.29540 64.37160 62.80280 60.92440 56.29780 54.53790 55.12840 55.39440 55.87470 56.74910 57.21580 57.63320
67.28310 66.43440 64.13840 58.20470 57.01300 66.48330 66.81500 65.77830 65.25550 65.22120 65.93330 62.88050 54.98400 61.87930 63.22860 64.70310 64.92140 64.28110 64.91530 65.05200 64.31140 64.24230 64.77200 64.69070 63.75410 62.79770 63.17720 62.78560 62.95180 63.24040 63.03280 62.38050 61.65880 62.75820 63.17980 64.17880 63.91830 63.48420 63.83030 63.87360 65.00130 64.75880 63.48990 63.86980 65.60840 65.30960 64.38810 64.64320 63.59210 63.81710 63.31920 63.27290 64.13320 63.76980 63.72940 63.09980 62.03530 62.47820 62.73510 63.46590 63.57390 61.29610 56.86910 61.52240 61.94620 57.15550 61.58790 57.68610 57.60220 57.73960 61.21570
62.62870 57.90250 57.74520 57.93310 57.31360 54.85940 55.08540 54.67920 62.20050 63.66440 63.93840 64.85880 64.47980 57.86260 56.64070 61.35930 64.20790 64.26920 65.17750 64.08000 64.24610 64.23550 64.56190 64.80930 64.64710 64.93790 64.27070 64.24730 63.70080 63.41270 62.95920 62.78880 62.37540 61.36500 61.52020 62.07090 61.04330 61.97100 62.56380 61.47630 64.71780 64.95580 64.87380 65.32450 63.89300 63.77410 64.62560 62.56000 61.43590 62.04330 63.35410 63.62190 63.45930 64.62930 65.15380 64.77240 62.83380 62.74250 61.39420 61.31680 62.40300 62.98740 57.86240 64.37250 64.45920 61.46380 57.90420 58.09330 57.62190 61.19320 61.65620
68.02950 66.75590 66.88200 61.67280 62.97740 63.07750 57.87780 57.15900 61.45000 62.90440 64.40550 53.71180 62.40490 61.57660 64.35830 62.88170 65.65460 65.26670 56.97560 56.25020 63.46260 64.24170 65.32020 64.61530 65.15110 65.16750 65.58770 64.52730 64.76730 64.67610 63.71900 63.78890 62.57870 65.02550 62.93900 63.18060 64.08360 64.54470 55.47720 61.89880 62.72930 64.06310 65.61960 62.51170 63.16870 63.07280 63.55070 64.11310 62.53270 61.67410 60.40200 62.77120 62.27930 57.52890 62.30550 62.67790 57.33110 63.02260 63.77610 67.13190 65.48470 65.83080 65.11370 65.21400 63.74890 56.92250 61.19080 61.32660 62.64640 61.88000 62.39120
67.04900 69.11610 68.80810 68.43950 67.11390 63.37380 59.41300 58.18180 62.15360 62.52190 63.76300 64.60630 62.67480 55.46390 64.12240 56.89120 57.60210 63.69220 66.72950 60.12050 57.64090 61.93180 63.31330 65.80080 65.08140 64.89190 66.61330 66.38980 65.45180 65.56250 65.39740 65.26010 65.92670 64.28020 66.09620 65.50420 67.16960 64.97520 62.36780 62.00820 63.49270 65.44260 66.35580 63.33120 65.98910 66.28170 65.13360 65.95940 63.53040 62.17000 63.05100 63.60050 64.20250 66.71080 58.26460 58.34490 64.06520 65.02850 65.48610 66.79610 66.35210 66.08930 63.66530 56.58370 61.63700 63.16800 62.85010 63.56030 63.18800 63.53010 63.56990
69.67520 67.63990 66.79040 70.64570 69.24040 68.53670 69.16940 67.11740 66.24000 66.15150 65.43490 64.85740 65.34760 64.83130 66.76390 62.68800 62.46090 58.60120 63.98130 67.80510 64.31760 65.53720 64.73980 64.83500 65.95620 64.88340 66.02230 65.76350 66.29280 65.52530 65.08390 65.07160 65.65380 65.88280 66.48160 66.84410 68.67550 68.38040 65.23970 65.24890 63.52520 64.41480 66.80040 58.33610 58.21940 66.26320 66.53330 66.53140 66.66320 64.73860 63.32140 58.00410 65.04920 58.82190 63.44130 64.80870 65.14360 67.69120 62.88060 64.89510 66.26400 66.08390 65.68630 65.40830 63.84490 63.72290 63.95680 63.04790 61.86350 61.57170 62.84060
69.31530 68.41270 67.01330 62.81150 65.72390 66.96590 69.47810 69.02570 67.97680 67.06700 66.76270 65.83300 58.22370 63.65630 67.10090 67.62220 64.28130 64.47840 58.62050 64.52630 65.66920 65.92000 65.40720 65.59650 63.95920 64.22070 66.89370 67.91450 66.04070 66.08240 66.57420 66.77630 65.22430 65.00290 66.28510 65.17950 63.54380 63.95000 66.57530 66.97300 62.38360 59.46900 67.20230 58.62850 57.93810 64.96100 65.48550 65.81350 66.10060 63.00720 57.92670 62.60480 66.60430 66.51520 66.18630 65.39310 66.36000 64.72200 66.83810 68.09900 66.44590 62.54920 65.67610 66.93330 67.78090 68.09430 67.61740 62.59300 62.46930 61.07370 57.28780
71.54400 70.87240 65.97690 65.56600 66.67220 66.17950 70.97290 70.10770 68.19530 66.82840 65.96550 65.19250 64.02690 64.15620 68.31720 68.15020 66.98430 65.21530 64.40770 64.57550 66.17090 64.60470 65.88660 64.61670 63.12090 67.39500 67.58060 66.99680 67.31140 66.91360 67.61990 67.83510 67.07630 66.77520 65.96950 66.87580 67.77290 64.50100 62.95390 68.36550 59.30040 62.45760 63.98440 63.96930 66.22640 63.94610 56.82270 57.29580 57.03550 56.79850 62.98270 64.23750 64.66400 62.09730 62.28760 65.00160 67.43070 66.40760 67.02750 68.83040 68.52530 68.18890 67.63580 67.50120 67.66040 68.92780 67.58910 65.06790 57.57200 57.38280 57.82200
69.28010 70.68670 67.37750 63.09860 63.80450 67.33430 68.57890 69.67320 71.76880 70.12680 68.69020 66.42730 65.63770 65.57310 68.75010 68.65400 68.06840 63.87460 65.72950 64.27910 66.80990 63.48050 67.48660 64.04760 67.02900 69.04760 65.75180 65.99140 68.67980 68.37410 68.99460 67.11090 65.89130 65.95810 64.21280 64.44570 67.75320 67.61510 59.06660 62.80120 64.24130 63.66220 60.54150 60.38180 58.75730 58.54140 62.83510 58.96900 59.15360 66.10150 58.61890 66.01860 66.59640 67.06790 67.27520 65.84200 64.67710 67.61190 68.45130 77.85980 68.94660 65.70010 67.69980 68.60580 64.84490 57.25960 64.77470 57.14000 57.75690 58.22510 58.00620
73.72940 69.65990 66.84490 66.85720 66.36990 63.86730 61.54360 67.75550 72.13860 72.11200 71.01610 70.79270 68.81490 67.09460 67.21460 66.70160 65.83980 68.79380 66.49880 66.43810 68.11150 66.69220 67.05390 65.32600 64.56390 67.58300 67.95160 66.73200 68.39850 68.87420 68.54450 68.21080 66.42570 66.66930 66.08920 64.37190 68.30300 65.41880 64.89050 59.78830 60.40650 60.09950 60.65490 66.13640 65.25580 65.54460 68.26270 68.05360 67.05420 69.46340 67.23510 67.12950 67.80770 65.60390 66.41800 66.57380 69.22200 68.87920 67.11070 73.86410 66.80270 67.00040 64.96820 59.67790 59.62240 58.65080 58.66650 58.18360 58.51120 58.04550 57.95830
71.58130 68.82950 67.33330 66.60210 65.24800 65.18540 62.14620 60.65270 61.21060 69.46250 66.59960 66.40720 67.90650 67.41930 64.90310 67.17690 67.09230 60.64290 66.50150 69.34060 69.37360 67.57740 66.63260 64.42070 66.23490 65.98320 69.62350 68.42760 66.74580 67.66640 65.69470 68.08520 67.29410 67.15400 65.16250 58.48820 64.74800 66.66580 64.36040 66.10870 62.76510 60.61770 62.87940 66.20750 79.45940 75.28680 65.68010 60.13620 59.00590 64.53250 66.86020 67.99390 58.97670 64.76200 67.88400 65.97120 67.47850 68.84010 71.52660 68.75080 64.95130 62.53910 58.93370 59.22510 59.01340 59.07660 58.97130 58.65240 58.59360 58.45590 58.07820
72.33300 69.50880 66.96570 68.39480 67.33320 67.55670 65.15690 60.79170 65.46700 66.09240 63.80060 63.91010 65.28200 61.20960 66.21490 70.22660 69.55520 66.57620 68.73970 69.97610 62.21470 67.73190 68.93550 69.99640 66.84320 60.17640 69.18010 69.08180 65.38010 67.22690 67.36160 64.94000 67.46740 67.49470 58.61820 62.92460 65.37010 67.60230 67.15910 67.44690 67.84710 69.01350 69.51450 69.61180 72.15100 70.19480 61.09140 61.29140 66.60150 67.21790 -9999 -9999 59.70180 64.27320 69.11580 69.33830 77.87100 67.15400 59.51530 58.99110 59.14620 59.46970 59.57190 59.81750 59.10260 58.95380 58.95250 59.25290 59.44480 59.48470 61.85880
68.90600 69.10360 67.91510 69.38790 66.11850 69.90280 68.79540 68.71960 66.78110 68.17540 67.77770 67.45810 66.04040 63.14530 68.75050 71.00600 66.61800 65.38910 60.89520 64.56160 60.41950 66.96500 64.60310 68.54940 60.60070 62.90410 66.30700 66.12140 58.40860 66.79140 66.02170 62.67380 63.57080 64.26430 62.25830 66.06280 66.36160 65.82690 65.86420 -9999 -9999 -9999 -9999 70.68360 -9999 59.84550 64.94310 67.75030 68.59030 66.95560 -9999 -9999 58.64590 73.41340 73.17490 63.72820 60.41610 59.76840 58.79640 58.90630 59.29510 59.41050 59.16730 58.92410 58.89870 61.50080 59.11700 59.13220 58.63820 58.60040 58.81650
66.61090 68.97760 68.29520 68.80370 70.28720 70.72740 68.62360 64.83370 69.72520 71.44530 71.58860 70.39970 69.57120 69.29580 70.05540 69.47070 66.16770 66.82000 66.08950 68.11790 66.85830 67.19330 66.04370 64.02040 60.97610 66.51340 59.84610 66.07530 63.99040 63.35390 64.21770 64.92900 63.93580 65.65330 66.13890 67.38590 66.08500 -9999 -9999 -9999 -9999 -9999 -9999 -9999 70.00540 67.57070 69.94450 -9999 -9999 -9999 -9999 -9999 77.50480 66.97680 59.88320 62.21940 62.83560 62.89510 59.41730 59.40740 59.61390 59.55460 59.29440 61.71880 62.28050 59.03090 59.73400 59.69240 59.40930 59.43770 -9999
