data/hydroclimate-scenarios/1948-2000.Pcorr55N_Pref_Tref/monthly_summaries/soilm1_monthly_day1_mar.1950-2000.asc
ncols	311
nrows	91
xllcenter	102.75
yllcenter	31.75
cellsize	0.5
NODATA_value	-9999
[rows 0 to 31 of 91, columns 71 to 141 of 311]
-9999 -9999 -9999 -9999 -9999 -9999 -9999 -9999 -9999 -9999 -9999 -9999 -9999 -9999 -9999 -9999 -9999 -9999 -9999 -9999 -9999 -9999 -9999 -9999 -9999 -9999 -9999 -9999 -9999 -9999 -9999 -9999 -9999 -9999 -9999 -9999 -9999 -9999 -9999 -9999 -9999 -9999 -9999 -9999 -9999 -9999 -9999 -9999 -9999 -9999 -9999 -9999 -9999 -9999 -9999 -9999 -9999 -9999 -9999 -9999 -9999 -9999 -9999 -9999 -9999 -9999 -9999 -9999 -9999 -9999 -9999
-9999 -9999 -9999 -9999 -9999 -9999 -9999 -9999 -9999 -9999 -9999 -9999 -9999 -9999 -9999 -9999 -9999 -9999 -9999 -9999 -9999 -9999 -9999 -9999 -9999 -9999 -9999 -9999 -9999 -9999 -9999 -9999 -9999 -9999 -9999 -9999 -9999 -9999 -9999 -9999 -9999 -9999 -9999 -9999 -9999 -9999 -9999 -9999 -9999 -9999 -9999 -9999 -9999 -9999 -9999 -9999 -9999 -9999 -9999 -9999 -9999 -9999 -9999 -9999 -9999 -9999 -9999 -9999 -9999 -9999 -9999
-9999 -9999 -9999 -9999 -9999 -9999 -9999 -9999 -9999 -9999 -9999 -9999 -9999 -9999 -9999 -9999 -9999 -9999 -9999 -9999 -9999 -9999 -9999 -9999 -9999 -9999 -9999 -9999 -9999 -9999 -9999 -9999 -9999 -9999 -9999 -9999 -9999 -9999 -9999 -9999 -9999 -9999 -9999 -9999 -9999 -9999 -9999 -9999 -9999 -9999 -9999 -9999 -9999 -9999 -9999 -9999 -9999 -9999 -9999 -9999 -9999 -9999 -9999 -9999 -9999 -9999 -9999 -9999 -9999 -9999 -9999
-9999 -9999 -9999 -9999 -9999 -9999 -9999 -9999 -9999 -9999 -9999 -9999 -9999 -9999 -9999 -9999 -9999 -9999 -9999 -9999 -9999 -9999 -9999 -9999 -9999 -9999 -9999 -9999 -9999 -9999 -9999 -9999 -9999 -9999 -9999 -9999 -9999 -9999 -9999 -9999 -9999 -9999 -9999 -9999 -9999 -9999 -9999 -9999 -9999 -9999 -9999 -9999 -9999 -9999 -9999 -9999 -9999 -9999 -9999 -9999 -9999 -9999 -9999 -9999 -9999 -9999 -9999 -9999 -9999 -9999 -9999
-9999 -9999 -9999 -9999 -9999 -9999 -9999 -9999 -9999 -9999 -9999 -9999 -9999 -9999 -9999 -9999 -9999 -9999 -9999 -9999 -9999 -9999 -9999 -9999 -9999 -9999 -9999 -9999 -9999 -9999 -9999 -9999 -9999 -9999 -9999 -9999 -9999 -9999 -9999 -9999 -9999 -9999 -9999 -9999 -9999 -9999 -9999 -9999 -9999 -9999 -9999 -9999 -9999 -9999 -9999 -9999 -9999 -9999 -9999 -9999 -9999 -9999 -9999 -9999 -9999 -9999 -9999 -9999 -9999 -9999 -9999
-9999 -9999 -9999 -9999 -9999 -9999 -9999 -9999 -9999 -9999 -9999 -9999 -9999 -9999 -9999 -9999 -9999 -9999 -9999 -9999 -9999 -9999 -9999 -9999 -9999 -9999 -9999 -9999 -9999 -9999 -9999 -9999 -9999 -9999 -9999 -9999 -9999 -9999 -9999 -9999 -9999 -9999 -9999 -9999 -9999 -9999 -9999 -9999 -9999 -9999 -9999 -9999 -9999 -9999 -9999 -9999 -9999 -9999 -9999 -9999 -9999 -9999 -9999 -9999 -9999 -9999 -9999 -9999 -9999 -9999 -9999
-9999 -9999 -9999 -9999 -9999 -9999 -9999 -9999 -9999 -9999 -9999 -9999 -9999 -9999 -9999 -9999 -9999 -9999 -9999 -9999 -9999 -9999 -9999 -9999 -9999 -9999 -9999 -9999 -9999 -9999 -9999 -9999 -9999 -9999 -9999 -9999 -9999 -9999 -9999 -9999 -9999 -9999 -9999 -9999 -9999 -9999 -9999 -9999 -9999 -9999 -9999 -9999 -9999 -9999 -9999 -9999 -9999 -9999 -9999 -9999 -9999 -9999 -9999 -9999 -9999 -9999 -9999 -9999 -9999 -9999 -9999
-9999 -9999 -9999 -9999 -9999 -9999 -9999 -9999 -9999 -9999 -9999 -9999 -9999 -9999 -9999 -9999 -9999 -9999 -9999 -9999 -9999 -9999 -9999 -9999 -9999 -9999 -9999 -9999 -9999 -9999 -9999 -9999 -9999 -9999 -9999 -9999 -9999 -9999 -9999 -9999 -9999 -9999 -9999 -9999 -9999 -9999 -9999 -9999 -9999 -9999 -9999 -9999 -9999 -9999 -9999 -9999 -9999 -9999 -9999 -9999 -9999 -9999 -9999 -9999 -9999 -9999 -9999 -9999 -9999 -9999 -9999
-9999 -9999 -9999 -9999 -9999 -9999 58.29300 -9999 -9999 -9999 -9999 -9999 -9999 -9999 -9999 -9999 -9999 -9999 -9999 -9999 -9999 -9999 -9999 -9999 -9999 -9999 -9999 -9999 -9999 -9999 -9999 -9999 -9999 -9999 -9999 -9999 -9999 -9999 -9999 -9999 -9999 -9999 -9999 -9999 -9999 -9999 -9999 -9999 -9999 -9999 -9999 -9999 -9999 -9999 -9999 -9999 -9999 -9999 -9999 -9999 -9999 -9999 -9999 -9999 -9999 -9999 -9999 -9999 -9999 -9999 -9999
-9999 -9999 57.50240 56.37840 58.03730 58.17520 58.35590 58.73040 59.08300 59.43470 58.71810 59.05380 57.75550 57.89610 57.48240 58.78520 57.01230 56.66690 58.20920 57.72420 58.33740 56.83680 -9999 -9999 -9999 -9999 -9999 -9999 -9999 -9999 -9999 -9999 -9999 -9999 -9999 -9999 -9999 -9999 -9999 -9999 -9999 -9999 -9999 -9999 -9999 -9999 -9999 -9999 -9999 -9999 -9999 -9999 -9999 -9999 -9999 -9999 -9999 -9999 -9999 -9999 -9999 -9999 -9999 -9999 -9999 -9999 -9999 -9999 -9999 -9999 -9999
-9999 -9999 -9999 -9999 59.77210 60.41330 61.53420 61.83970 61.21940 61.38960 61.06400 61.23240 61.74190 61.54700 61.20500 61.27720 60.95910 60.90920 60.73270 60.79970 60.21100 59.43540 -9999 -9999 -9999 -9999 -9999 -9999 -9999 -9999 -9999 -9999 -9999 -9999 -9999 -9999 -9999 -9999 -9999 -9999 -9999 -9999 -9999 -9999 -9999 -9999 -9999 -9999 -9999 -9999 -9999 -9999 -9999 -9999 -9999 -9999 -9999 -9999 -9999 -9999 -9999 -9999 -9999 -9999 -9999 -9999 -9999 -9999 -9999 -9999 -9999
59.36780 59.81520 60.48550 60.74270 60.66170 61.46540 61.82290 61.86130 61.26610 61.85150 60.90150 61.00630 61.59000 61.99220 61.53180 61.48070 61.24140 61.10040 61.17340 63.09830 63.68700 72.26810 63.95210 63.57260 62.46100 62.33930 63.09250 61.53680 -9999 -9999 -9999 -9999 -9999 -9999 -9999 -9999 -9999 -9999 -9999 -9999 -9999 -9999 -9999 -9999 -9999 -9999 -9999 -9999 -9999 -9999 -9999 -9999 -9999 -9999 -9999 -9999 -9999 -9999 -9999 -9999 -9999 -9999 -9999 -9999 -9999 -9999 -9999 -9999 -9999 -9999 -9999
59.92280 59.81460 60.59570 60.91200 60.21700 60.30630 61.16310 61.95450 60.94200 61.44620 61.81980 61.95800 62.08470 62.26200 62.06990 62.22030 61.99780 61.84730 73.68700 65.21490 63.24050 62.45550 62.94570 62.54940 62.50470 62.35610 62.42590 62.08740 61.79830 61.51040 61.74510 61.47500 61.29010 61.58520 60.93050 60.64850 60.37770 60.31750 60.41400 60.61940 61.13070 60.75860 60.83480 -9999 -9999 -9999 -9999 -9999 -9999 -9999 -9999 -9999 -9999 -9999 -9999 -9999 -9999 -9999 -9999 -9999 -9999 -9999 -9999 -9999 -9999 -9999 -9999 -9999 -9999 -9999 -9999
50.24190 50.85800 52.11650 52.75390 60.46680 62.03130 61.29440 61.13640 60.40960 52.47900 54.25880 61.09780 54.33030 61.92260 62.11330 62.17310 62.39930 61.91620 64.12660 65.09800 62.96890 61.84130 61.43710 53.99870 54.00840 61.85990 61.50660 61.38040 62.36380 62.56710 62.52400 62.49300 61.87470 61.47270 61.39200 61.21480 61.01580 60.34200 60.79440 60.91930 61.32670 61.46950 62.01430 72.39700 -9999 -9999 -9999 -9999 -9999 -9999 -9999 -9999 -9999 -9999 -9999 -9999 -9999 -9999 -9999 -9999 -9999 -9999 -9999 -9999 -9999 -9999 -9999 -9999 -9999 -9999 -9999
63.62250 60.76120 54.54880 61.44430 63.36510 64.14990 64.16520 64.23530 63.97050 63.89690 64.34250 64.28200 64.24310 64.27630 63.19750 63.31090 65.03190 64.87050 66.32560 72.76630 65.05210 65.13480 64.00340 63.53280 64.39630 64.32110 64.07960 63.36870 63.49590 63.37460 62.86380 62.77180 61.81990 61.94170 62.16320 62.23300 62.19600 62.41180 62.65430 62.71520 61.70630 61.65210 61.07300 61.13110 -9999 -9999 -9999 -9999 -9999 -9999 -9999 -9999 -9999 -9999 -9999 -9999 -9999 -9999 -9999 59.52650 59.48580 -9999 -9999 -9999 -9999 63.27200 63.50710 62.78490 61.34330 54.75100 54.64720
61.93670 62.32690 64.31430 61.46000 63.32090 63.40600 63.63630 63.11180 64.31640 64.56450 64.23670 63.99370 63.83340 63.82760 63.99290 63.69960 65.25460 65.77630 72.81300 66.48950 65.38450 64.86600 63.64860 63.28590 63.96160 63.27830 64.70680 64.46870 63.51040 63.10470 62.68370 62.40060 61.76560 62.18290 62.38060 61.85680 62.65050 62.42760 62.50980 63.23590 72.66210 73.40400 71.62060 61.82140 62.70150 62.44170 72.29190 61.56440 59.93130 59.44110 52.15550 54.00890 61.47870 61.27290 59.55860 51.59890 49.50480 50.17940 59.00010 59.19550 50.32700 -9999 -9999 -9999 -9999 -9999 66.31000 64.93590 62.75470 62.58370 61.87600
64.91810 55.01180 63.18070 63.77580 55.51550 61.82710 62.66130 63.79890 62.44740 62.26450 62.69660 63.27470 62.67470 62.81130 63.48820 64.02890 64.52830 64.20850 64.99840 64.83140 64.81860 64.29280 64.43610 63.96240 63.95100 64.01280 62.75650 62.75860 62.92490 62.96260 62.58880 62.00340 61.90190 62.38790 63.08050 63.55980 63.78440 64.35600 71.43740 74.21440 63.69710 71.78190 62.81870 62.38980 62.54400 62.50530 62.64810 62.72010 62.69310 63.45040 62.69110 62.97460 61.97420 63.41370 63.54370 62.17570 62.08900 61.02830 52.79750 52.03870 52.06430 53.32000 52.29700 60.57240 61.10490 63.18480 64.66820 65.33320 62.02310 61.65300 61.87120
62.86570 58.91840 61.01790 65.39320 64.72870 64.50010 64.01110 62.53500 60.51120 61.06150 61.59930 62.93690 62.03280 62.66090 62.85560 63.64390 63.88350 63.75650 64.86390 62.51800 65.70250 64.46670 64.09620 63.73770 63.79440 63.53710 62.78160 62.47390 63.36200 63.56250 62.65900 62.68540 62.92940 62.22570 63.61830 64.22470 73.91570 64.58860 63.76960 64.11500 63.56150 64.08370 63.76190 63.95850 63.74600 63.43250 63.54920 63.47010 62.67060 62.80660 63.85920 61.81470 61.85490 61.80940 62.18040 63.90580 63.99240 64.52050 64.90170 64.29600 53.89250 55.23590 54.01060 52.85090 53.43280 59.99020 61.83990 62.37010 61.17880 60.42680 57.47300
67.02070 64.66370 57.19830 52.71370 62.60890 62.52170 61.93620 61.84930 62.09700 61.83480 61.92670 61.90600 62.00040 62.41440 63.82680 64.59770 63.96120 63.97520 64.78210 65.08490 65.21900 64.96780 65.59800 64.58340 63.94770 63.94960 63.07400 63.25050 62.41900 61.99570 62.68770 72.87760 62.11530 62.30550 63.53290 63.64440 63.18580 62.94370 64.32220 65.07510 64.40870 63.92680 64.55520 65.25250 65.07950 64.86460 63.95630 63.03020 62.66010 62.83320 62.76480 63.00870 63.83580 62.92060 53.51460 52.69190 52.73940 60.83730 62.44140 65.90450 65.11100 63.66350 61.76540 56.87450 55.01750 55.65640 55.95060 56.47640 57.41530 57.96190 58.44940
66.80170 66.50030 64.37880 58.14490 54.94140 61.69150 62.77260 63.76090 63.89550 62.38640 65.36670 62.09890 53.26490 59.86730 61.25160 62.86420 62.82160 63.31080 64.26100 64.68190 64.86300 64.66880 65.20040 64.60910 64.19070 63.10470 63.10080 62.50970 62.23950 62.06080 61.82140 61.89750 60.94840 61.31740 62.75690 63.99860 63.62770 63.18910 63.94150 64.02190 65.15420 64.83190 63.34510 63.85020 65.98960 65.73990 64.76450 64.96040 63.21980 63.57480 63.67600 63.59690 64.44860 64.03680 64.10940 63.62750 62.75650 63.33340 63.46850 64.10270 64.26720 62.12390 57.45980 62.38360 62.79260 57.81360 62.55770 58.45700 58.37480 58.55500 62.28860
62.95090 58.29340 58.16820 58.60930 57.71160 54.20960 52.29170 51.35000 60.25560 61.32550 62.56750 64.78950 64.83430 57.44750 56.54990 60.90750 61.80690 61.31610 63.25740 62.77810 63.97990 64.08590 64.69300 64.60790 63.84930 64.22450 63.57110 63.33150 62.12700 61.97840 62.10050 61.83030 62.24590 61.29230 61.18210 62.12480 60.32300 61.54080 62.63010 61.47860 65.13740 65.44580 64.83890 65.32930 64.18830 64.05540 64.75630 62.69050 61.98840 62.53800 63.58610 63.87980 63.83200 64.92810 65.44000 65.04830 63.54150 63.54760 62.18160 62.17070 63.25060 63.86490 58.46120 65.22370 65.30690 62.42400 58.66100 58.94500 58.42220 62.31270 62.71620
68.84490 67.52090 67.36420 61.78980 63.48720 63.59550 57.65860 56.48590 60.58960 60.93330 60.85540 51.74240 61.39060 61.51950 64.62330 63.36960 65.49550 64.78050 55.81560 54.81060 62.87260 63.96590 64.94170 64.26850 63.92980 64.17090 63.74090 63.01200 63.05170 62.94330 62.24290 63.68940 62.82040 65.09700 62.93820 63.21190 63.34220 63.93730 55.33170 62.00210 63.16400 64.53660 65.35250 62.71000 63.56150 63.52830 63.70190 64.11730 63.17610 62.27660 60.99030 63.42480 63.08100 58.07870 63.12110 63.40620 58.02660 63.90230 64.60310 67.94640 66.27690 66.63700 66.02840 65.92480 64.69290 57.64100 62.29320 62.43850 63.77820 62.97370 63.37510
65.84390 68.95240 66.22470 68.25010 65.46520 61.80950 58.31990 56.72010 61.23030 60.29570 61.82970 63.14030 61.10730 53.08650 62.60910 55.96690 56.95510 63.89420 67.29510 60.36670 57.84950 62.32870 62.29180 64.75020 63.94310 63.77630 63.34420 64.13640 64.58410 64.39120 64.04180 64.48150 65.83980 64.07600 66.02100 64.47760 65.06090 63.32590 62.78680 62.32350 63.19010 64.91140 65.70640 63.08050 65.97850 66.29330 65.24710 65.87490 63.95060 62.90960 63.75090 64.23040 65.25410 67.81220 59.07780 59.17620 65.10920 66.04660 66.44270 67.60190 67.04250 66.77570 64.46780 57.14070 62.79750 64.30930 63.97310 64.65080 64.21300 64.63090 64.67600
67.86280 66.19690 64.83380 68.76400 68.85950 67.01460 67.74110 65.83880 65.26870 64.17340 62.22320 64.54060 64.67840 63.56820 66.89240 62.11520 60.96410 56.13560 63.97650 67.97210 65.05740 66.21160 64.39340 62.26390 63.45580 62.87980 63.23340 64.04570 64.74090 63.75040 63.86440 63.97980 65.04010 65.13500 64.67420 65.51130 66.31040 66.13580 65.47960 65.55570 63.94990 64.49710 66.39630 57.88570 56.31850 64.62420 66.05840 66.18920 67.10460 65.36010 64.07560 58.33950 65.97560 59.53120 64.44850 65.69840 66.24120 68.73820 63.92060 65.84320 66.95650 66.78520 66.50010 66.36050 64.89030 64.75710 65.07370 64.17990 62.94730 62.69530 63.93190
67.71390 66.73840 65.07500 60.04660 64.81560 66.20710 67.50740 67.57190 66.45700 65.65250 64.96470 64.33110 56.70430 62.17980 66.68290 67.66540 63.99130 64.72720 58.27100 64.35590 65.91090 66.37810 64.88440 64.78110 62.05770 61.18010 62.99890 64.10260 64.54110 64.08900 64.93060 64.99560 63.46170 63.60880 64.74690 63.80550 62.37890 62.99190 66.03500 66.87350 63.00220 59.88320 67.74700 58.82900 56.48160 63.67030 65.26140 65.79780 66.74690 63.88730 58.57570 63.45550 67.42580 67.52920 67.19540 66.46140 67.30720 65.48050 67.85400 68.94460 67.38530 63.51050 66.43560 67.55970 68.59420 69.02830 68.51200 63.51180 63.57970 62.19130 58.16750
70.00250 69.45050 64.47110 64.00920 65.96690 64.89610 68.08140 67.27740 65.74810 63.78330 63.16520 63.78550 62.46990 62.25270 65.89720 67.18360 66.86760 65.35490 64.29760 64.85050 66.23780 64.20460 63.97340 63.16160 62.55710 65.74260 63.36670 62.83770 65.36940 65.51510 65.41420 65.75460 63.85960 64.33090 64.05420 66.35400 66.87310 64.53590 62.78250 68.88000 59.98360 63.26760 64.60980 64.77990 66.26290 63.29860 56.70060 57.28030 57.33340 57.23950 63.73510 64.80840 64.58530 62.75830 63.21270 65.99790 67.86500 67.10650 67.84440 69.72410 69.44060 69.09620 68.37000 68.24270 68.55160 69.77950 68.43650 65.93240 58.30290 58.26640 58.76660
67.68270 69.53240 66.50410 62.16380 64.21820 67.40070 66.99530 67.12960 65.73820 65.22630 64.45780 63.43920 64.41760 64.81120 67.31870 67.19940 66.82970 63.21040 65.16650 63.71290 66.69530 63.38680 67.25390 63.30170 65.56080 67.12990 64.52810 63.76040 65.21940 65.90510 65.07530 63.57500 64.49850 65.95180 64.10970 63.76050 68.08330 68.31350 59.47720 63.43590 65.25050 64.74570 61.24580 60.90170 59.21990 58.92000 62.96230 59.03050 59.32050 66.70800 58.96400 66.61170 66.84300 67.56460 68.23180 66.88490 65.37550 68.13290 69.31520 78.90510 69.94870 66.75720 68.15450 69.05570 65.80820 57.98530 65.69190 57.73260 58.54570 59.14730 58.92860
69.78830 66.96320 65.74950 65.93750 65.80890 63.78360 59.73600 64.67890 66.61170 65.33580 63.29980 64.47040 65.40450 66.18570 66.63680 66.26770 64.95640 67.28960 65.90020 65.64630 68.04310 66.21310 65.80740 64.20490 62.77280 66.27350 67.66440 65.20980 65.19880 65.46940 66.70330 66.10160 65.84980 66.78310 66.23090 64.10310 68.72140 66.10420 65.81620 60.57050 61.33290 61.06510 61.26120 66.93780 65.85920 66.23500 67.95190 68.18200 67.55490 69.32470 67.63570 67.62630 67.99490 65.51900 67.25710 67.50750 69.43490 69.05420 67.78060 74.82260 67.91110 68.13550 65.55500 60.55900 60.52100 59.58340 59.63450 59.11340 59.48010 58.93610 58.90960
69.29400 66.59010 66.87100 65.78600 65.58350 65.42370 60.61530 59.40300 58.83490 66.47640 61.64030 63.15020 64.72400 65.68800 64.42910 66.14620 65.25680 58.33910 65.15320 67.84050 67.98860 67.00870 65.93230 62.97530 64.72100 63.48290 66.80490 65.00320 62.39150 65.23550 65.02230 67.47660 67.06110 67.09330 65.21230 58.41610 65.05480 67.32220 65.38320 67.18030 63.82910 61.47140 63.94870 67.20760 79.93020 75.93080 65.20820 59.05930 58.57190 64.50570 65.97680 67.14660 58.06410 64.97730 68.88330 67.00880 68.05900 69.31560 72.59770 69.59290 66.01270 63.68420 59.90750 60.24580 60.03180 60.09680 59.98660 59.64000 59.56230 59.46190 59.02900
67.95680 66.69380 66.59560 68.14170 67.43730 66.94360 64.69620 59.52010 64.29340 63.30730 60.73920 62.41880 63.26540 59.97570 65.27270 68.97580 68.20880 65.08080 66.72770 68.14520 60.25330 67.08680 68.84380 68.56480 64.98930 57.60580 67.37320 66.02070 63.04360 66.14830 66.23700 63.81680 67.55050 67.33660 58.88910 63.19090 66.01900 68.25080 68.15020 68.51880 68.78150 69.48150 70.48900 70.39240 71.17780 69.22430 59.93580 59.71110 67.02680 67.38790 -9999 -9999 59.29170 64.41320 70.17080 70.38770 78.38530 67.59940 59.97300 59.94740 60.30240 60.58910 60.67630 60.93690 60.19590 60.01270 60.00830 60.33840 60.53300 60.58440 63.10750
69.14820 68.54970 67.91380 69.92560 66.57250 70.63450 68.03970 68.80670 65.15940 65.65870 65.02900 66.13770 63.93320 61.26020 67.31580 69.25120 65.70770 64.16940 59.76800 64.90010 59.96940 66.33550 64.07530 68.44690 60.99710 62.95820 66.18420 64.33870 57.86590 66.69510 66.54810 62.62470 63.64600 64.71220 63.11360 66.93300 67.34180 66.44230 66.55950 -9999 -9999 -9999 -9999 69.52390 -9999 60.19080 65.33670 67.80370 69.21790 66.99480 -9999 -9999 59.16300 74.30080 73.62410 64.28270 60.28800 60.31930 59.98260 60.11960 60.42160 60.54970 60.32620 60.04660 60.02420 62.71000 60.18130 60.20320 59.65140 59.62330 59.88680
65.23290 68.19710 68.23310 69.28560 70.82740 70.33030 68.61750 64.75300 66.89710 68.82800 68.66370 68.34020 68.59050 69.20210 68.95470 66.77410 64.13440 65.84420 65.39250 67.52450 67.51430 66.99280 66.22350 63.72030 61.14700 66.62060 59.70180 65.39860 64.50020 63.92730 65.21930 65.92110 64.91360 66.01440 67.07670 68.12640 66.86770 -9999 -9999 -9999 -9999 -9999 -9999 -9999 69.46750 67.20510 69.44160 -9999 -9999 -9999 -9999 -9999 77.09370 67.33060 60.63150 63.29530 63.82000 63.75860 60.81490 60.78090 60.75160 60.67390 60.46040 63.02110 63.60450 60.19660 60.90430 60.82330 60.50600 60.58640 -9999
