data/hydroclimate-scenarios/1948-2000.Pcorr55N_Pref_Tref/monthly_summaries/soilm2_monthly_day1_jan.1950-2000.asc
ncols	311
nrows	91
xllcenter	102.75
yllcenter	31.75
cellsize	0.5
NODATA_value	-9999
[rows 31 to 61 of 91, columns 0 to 69 of 311]
-9999 -9999 -9999 -9999 -9999 -9999 -9999 -9999 -9999 -9999 -9999 87.33340 97.16180 97.62460 100.52100 104.65100 94.27990 95.30900 98.91420 99.04980 100.30100 108.23900 106.62500 105.02600 103.36200 99.87510 100.85500 99.56160 97.52960 98.52600 96.90240 93.81300 93.92430 93.29890 95.33360 94.71900 93.67870 97.33100 98.46430 97.46230 97.20370 96.30880 121.44400 122.43500 122.13200 122.42200 122.42300 113.22700 99.13320 98.47970 101.33700 102.16400 100.47000 99.30110 98.75180 116.26400 116.99300 115.73900 116.90100 115.32700 114.16800 116.70700 116.15500 115.22100 115.14800 122.20100 117.43100 120.01800 122.34300 126.73700
-9999 -9999 -9999 -9999 -9999 -9999 -9999 -9999 -9999 -9999 -9999 90.56220 92.53520 101.61900 96.24690 99.77350 98.39270 103.69700 100.21300 101.21600 108.74300 107.31100 106.56900 107.01200 123.36700 122.76700 122.57900 124.21300 123.85500 98.03470 97.99350 94.73210 96.26670 97.37310 97.96200 95.81170 97.51490 98.99620 108.47600 108.20400 106.70300 105.29600 107.50100 107.07500 106.43700 106.54100 105.40800 105.12400 104.65200 104.57100 103.17300 102.86900 101.88400 118.30000 118.57200 118.10600 117.82800 117.50100 115.79500 99.75670 100.91600 100.76200 113.93800 119.52100 120.66100 114.92300 117.90300 120.63300 121.66900 124.78400
-9999 -9999 -9999 -9999 -9999 -9999 -9999 -9999 -9999 -9999 -9999 96.83500 98.26930 96.66160 96.61850 99.08110 98.86400 105.73200 106.19700 110.12500 110.72800 109.67400 126.01600 125.63200 125.59100 103.16600 101.49400 102.77300 97.37780 118.71500 121.10900 97.19060 98.71000 93.53220 108.17000 102.32900 120.03700 110.41200 120.83700 121.94000 108.95400 121.99200 110.37100 111.32900 112.68000 111.62400 111.17300 109.90900 108.30500 106.21400 104.77900 103.41000 102.14500 116.15100 99.21360 103.35500 103.25600 102.04500 103.52300 104.10900 103.14200 121.32700 119.56600 99.30800 122.03900 117.69300 119.11100 121.24300 121.51400 123.65700
-9999 -9999 -9999 -9999 -9999 -9999 -9999 -9999 -9999 -9999 -9999 -9999 98.47710 99.02260 97.95040 99.77510 100.52400 108.02200 108.32900 109.79400 126.47300 103.68600 105.13700 105.26700 103.51000 103.50300 101.30100 99.61730 93.65830 93.47060 120.98700 121.02700 121.41300 121.88200 121.55400 121.46600 122.17300 111.43600 121.01900 120.88200 121.12600 121.82400 122.04600 110.12700 111.18600 114.39100 112.56200 111.77400 109.72900 108.23400 105.38300 105.86400 105.76400 103.25300 101.51200 100.46600 100.02000 113.70300 121.22100 121.54600 120.69200 114.64400 115.12200 116.19200 116.20100 123.35800 119.67900 121.56900 124.50200 126.34600
-9999 -9999 -9999 -9999 -9999 -9999 -9999 -9999 -9999 -9999 -9999 -9999 99.67890 98.06870 100.66900 100.79800 100.83500 125.19900 125.74000 104.42900 106.74700 110.36100 108.79600 105.74200 107.15400 99.36130 94.81760 102.32000 95.20930 96.78290 97.97910 121.93800 122.21800 120.45300 122.93800 98.52990 96.06970 98.87400 99.57430 101.70300 123.64500 107.17800 106.85400 117.19700 109.76900 111.89900 112.11500 109.36600 104.15800 106.66600 103.19300 97.57990 94.54110 105.29200 103.73000 115.99500 122.75600 114.53700 88.88380 119.38600 117.43500 92.81930 92.68100 107.77800 119.81700 119.58800 121.36700 122.07200 124.17800 125.87300
-9999 -9999 -9999 -9999 -9999 -9999 -9999 -9999 -9999 -9999 -9999 -9999 98.80480 98.73590 125.24000 124.58000 125.20400 101.92700 103.57700 106.01300 108.06800 112.26700 109.93900 106.15900 105.01000 104.63100 101.31800 97.61150 100.38200 97.49540 95.68400 120.01800 99.10310 100.80400 97.79480 94.78680 97.62890 100.53200 99.09210 104.93700 110.10800 112.88700 112.42200 115.39900 118.44200 115.11700 118.07200 118.40800 117.20200 110.21100 105.79300 106.41300 99.49700 97.86220 96.49760 93.88520 92.78350 95.07500 96.14850 121.53100 96.18130 99.39030 98.23110 94.20120 119.53400 120.80100 122.44000 123.28800 126.08400 127.01200
-9999 -9999 -9999 98.23630 101.36800 98.00220 95.01750 95.95540 96.71590 -9999 99.73070 125.12600 124.78200 96.57500 98.28850 99.52630 101.17200 102.01700 105.02700 106.83700 108.84000 109.82200 108.03300 105.86700 102.77000 104.37800 101.99700 102.40700 100.15900 102.30900 97.50020 95.97760 92.54630 98.45190 96.09370 73.23220 95.90950 100.77900 105.42100 107.76100 110.88200 114.76900 116.65600 116.23500 115.98600 115.78200 122.51200 113.11600 116.66900 116.13100 110.25400 107.32600 106.39300 109.85600 106.22600 111.06400 112.72500 100.30100 102.81500 98.16160 121.36000 103.27100 102.61200 107.14800 103.52400 103.95800 108.94400 115.67500 120.43300 124.48600
-9999 -9999 -9999 100.01800 99.68250 101.43000 99.15380 100.74300 97.68270 121.17800 125.13600 124.31700 102.70100 94.10600 98.30490 99.37620 102.13100 103.74200 106.22300 106.55200 106.19000 108.89000 107.41200 107.69300 106.21900 105.39000 104.65200 101.80900 103.37700 104.07600 77.90580 98.04340 98.61170 99.45470 98.00870 100.55700 100.73900 109.91400 104.90000 111.54500 113.47100 113.23000 118.93400 119.37000 115.54100 119.06100 125.89100 119.83900 115.98300 112.08400 113.37300 119.48700 119.93400 117.86400 110.74300 113.21900 108.29900 107.10000 110.35200 105.41500 105.88400 111.70600 112.38000 110.29900 115.41800 110.39400 112.82900 114.89800 122.99500 123.87100
-9999 -9999 -9999 96.52580 101.15000 98.65750 125.85200 124.86900 124.79800 124.77100 125.31100 125.34100 98.99130 93.96330 95.65330 92.08140 103.85000 101.68100 99.70560 100.12500 103.70700 106.14000 84.85520 102.18600 107.24100 105.23300 106.88000 107.05500 102.16800 107.15500 113.89300 114.07800 104.00400 101.50400 103.06200 103.87100 104.68300 105.52200 104.78500 106.01700 109.99300 113.80400 120.52000 123.94900 121.53800 122.50300 124.89100 113.35600 113.60100 127.12600 127.52600 121.76400 121.24600 118.45400 113.77900 113.20500 109.72100 109.76200 112.82100 112.45800 106.15700 107.35400 112.81200 118.11100 119.05200 119.43500 119.82700 121.53100 116.61700 124.58800
-9999 -9999 -9999 102.24600 99.25890 103.67200 124.55900 126.83500 123.39800 121.94400 123.58600 94.93140 92.24990 95.36170 94.60940 94.03990 99.73260 114.85200 113.74000 103.02800 105.19900 102.34400 111.25400 120.00800 110.85400 106.28300 104.64500 103.33100 114.39200 113.65800 109.83000 100.43900 104.85500 113.46800 116.70100 112.16200 107.81700 104.60800 110.32200 110.34400 112.12900 116.11600 118.77300 121.19000 121.90900 127.25500 128.15700 123.26200 128.08000 126.47000 127.24900 123.99500 120.99900 114.24700 117.57000 108.50700 106.56500 107.44400 109.82300 108.70400 107.22700 113.51700 113.60400 120.09500 119.32600 117.46900 125.98500 127.44300 130.99800 132.13600
-9999 -9999 -9999 97.65180 98.36180 103.88000 125.83000 125.81400 124.91800 123.77200 124.05800 120.67600 93.70480 98.12710 113.47100 112.60100 108.36200 105.03100 100.83900 101.82600 104.74300 109.87300 123.98400 106.75300 103.41800 104.33400 103.69200 103.10300 107.13000 112.69400 110.11000 109.32200 110.95500 110.91400 112.67400 113.15100 113.66800 110.07800 110.79300 114.61100 120.86200 124.17400 125.28900 125.87600 126.66600 127.12400 127.18300 125.23700 119.79000 127.88900 124.51300 116.58400 112.44200 115.65500 114.23300 112.84400 108.88800 107.38700 112.00100 124.39800 122.36500 121.05700 124.54000 122.10600 118.27300 117.20400 124.21900 122.96500 131.52901 132.30099
-9999 -9999 -9999 -9999 126.10100 126.93200 127.04600 128.02200 125.22600 123.15100 125.05100 101.48300 104.68400 98.61930 -9999 -9999 -9999 -9999 -9999 114.37800 123.85600 117.93400 121.54200 117.32400 112.34100 108.84600 104.90900 106.66800 112.34000 109.00700 109.16000 107.62200 110.16000 107.61200 105.29900 103.40200 108.16400 104.23600 110.66300 112.00900 111.46700 118.52700 124.06300 126.98900 127.93500 127.53300 127.43100 129.01801 128.41100 126.54600 125.81200 127.08400 124.68400 127.02100 127.22900 127.34600 126.86500 126.07000 114.75600 119.27200 128.34900 129.92700 127.60000 129.85001 129.90900 127.23500 131.03200 130.46800 133.61000 -9999
-9999 -9999 108.86700 127.07600 128.30800 127.01000 126.70500 128.08701 125.47800 124.65800 125.69500 101.20800 106.96400 -9999 -9999 -9999 -9999 -9999 125.85300 119.72800 122.27500 107.18000 107.27300 116.12500 121.09300 120.79700 112.38000 109.18600 110.96500 111.27500 105.94900 106.77000 108.22100 110.84600 111.06600 109.36100 109.36400 105.49800 108.79700 107.99300 113.14900 119.06300 122.78900 122.48700 122.53500 123.57500 125.01600 124.99000 122.11200 122.68500 122.72700 124.98100 129.26801 129.57100 126.62700 122.77000 124.18500 119.36100 117.55100 119.84100 121.24700 122.10200 126.23200 127.81300 128.32800 129.01199 130.64301 -9999 -9999 -9999
-9999 -9999 129.59500 129.05600 126.88100 126.86400 126.91800 128.73500 125.93100 126.35600 107.91600 107.87000 99.22600 -9999 -9999 -9999 -9999 104.33800 117.03700 106.32900 105.16600 103.49900 106.75900 115.28000 113.01900 104.40300 104.42700 105.64600 109.76700 110.40100 107.10900 111.39100 109.12500 110.51600 112.82300 109.21200 107.60900 103.65800 109.70200 120.17300 122.33600 124.99700 125.20500 123.67100 117.52000 111.80000 113.46000 113.45600 114.87800 118.14000 124.20000 127.40600 128.39799 126.50000 126.82700 115.70400 118.59600 122.75900 127.15400 127.64200 126.59800 126.76300 127.40900 127.74300 126.26900 -9999 -9999 -9999 -9999 -9999
-9999 -9999 132.27400 130.96201 128.96800 128.74699 128.44901 127.02300 126.58400 126.30800 106.30600 102.02900 86.87310 -9999 -9999 -9999 -9999 112.79400 110.02900 106.39100 103.32700 104.85800 109.62200 106.84600 109.16600 107.35800 105.75800 107.75700 109.54000 106.94100 108.18100 108.39000 110.78800 112.09400 111.28500 113.22600 115.94200 116.39600 117.26700 116.09100 122.08500 120.10000 122.10700 127.01900 123.24400 115.81400 113.89500 110.21000 106.99000 107.39900 111.80100 112.25300 116.72400 115.70900 121.04900 116.37300 117.67300 124.28400 128.29800 129.39301 127.42800 126.13200 127.24900 116.08200 115.48100 127.10800 128.26100 128.65401 128.42999 -9999
-9999 -9999 -9999 133.57300 130.26300 130.19400 126.48900 123.52200 108.90100 110.36700 99.00940 90.37300 -9999 -9999 -9999 -9999 105.17700 107.67400 103.33100 102.48200 104.74600 104.76400 106.92000 106.32100 106.90800 106.60000 108.14300 108.46600 110.73600 115.68500 112.81000 111.31800 110.34600 107.22500 104.04800 103.56100 106.27300 110.52100 112.06200 111.87200 117.59400 115.53500 135.44000 132.88699 131.38100 132.32001 125.81100 122.24000 119.02000 113.15200 122.08300 127.53900 126.10400 127.41500 129.12801 128.19000 130.49400 127.33600 130.89301 130.85400 129.78600 128.03200 128.88000 123.24600 113.58400 124.10500 131.36501 128.86000 124.73400 128.60100
-9999 -9999 -9999 -9999 132.98100 131.05099 125.84900 111.94700 113.62100 97.85580 93.71960 -9999 -9999 -9999 -9999 108.41500 102.86100 100.02100 125.49100 99.69920 97.92850 98.70950 101.87300 103.87100 107.05900 103.04000 99.30540 103.82000 102.38800 105.68200 106.53300 102.70100 100.61500 101.12900 106.18900 113.73500 115.54100 115.64200 115.24900 112.46400 114.16600 115.49900 118.92400 122.10100 124.29600 134.54201 137.89101 133.98801 130.22301 123.45600 119.16600 124.48800 127.42600 126.69100 127.51300 125.21600 127.94500 130.35001 133.53600 130.04800 130.55800 124.09500 120.18500 118.09100 116.12900 129.40401 127.24800 124.70300 124.00700 126.86300
-9999 -9999 -9999 -9999 -9999 -9999 118.74200 132.27200 88.05480 104.01400 98.82180 -9999 -9999 -9999 -9999 -9999 98.61000 97.61310 97.98430 98.25820 99.67290 91.81710 99.84350 104.73400 99.83210 97.58900 104.92600 145.98100 145.88499 137.59200 104.64500 100.91800 102.51300 103.68200 104.81300 102.94200 112.67800 115.20600 112.63100 116.45700 116.68700 122.12400 123.42400 119.06400 133.49300 132.40800 131.79500 135.65800 134.71300 131.05099 137.46100 135.20000 127.77100 133.67599 130.06700 129.70900 127.05400 128.32201 129.15500 114.03500 112.01800 114.92900 119.53200 114.49500 112.18300 118.24000 126.73600 122.40500 120.34100 122.15100
-9999 -9999 -9999 -9999 -9999 -9999 -9999 -9999 -9999 -9999 -9999 -9999 -9999 -9999 -9999 -9999 -9999 -9999 -9999 97.62640 99.63060 91.14730 97.25920 97.68790 102.32600 102.46000 121.46800 118.48800 117.41400 97.86560 103.77100 103.00300 109.29100 109.23000 106.02900 107.00600 113.31000 118.29700 117.95900 121.79200 124.28900 125.48800 124.81600 125.44300 124.40900 122.28500 116.30400 132.45900 133.14700 139.58501 142.85800 135.17200 136.13200 136.27100 125.78200 123.38000 109.63200 112.98900 110.09000 110.00600 120.68000 126.24100 110.21600 109.89800 107.86300 119.90900 122.31200 118.42400 119.54500 127.33600
-9999 -9999 -9999 -9999 -9999 -9999 -9999 -9999 -9999 -9999 -9999 -9999 -9999 -9999 -9999 -9999 -9999 -9999 98.93350 99.84620 96.49080 92.76990 94.45210 94.07650 94.37700 94.22270 119.86000 120.84700 95.62440 95.14610 97.93720 100.59500 101.67000 104.12000 108.88500 130.44800 117.50000 117.90100 120.08800 122.68200 124.58500 124.39800 124.73900 126.03600 124.89900 131.93201 121.21000 477.34601 617.72101 650.31403 657.72198 137.48199 138.32800 141.85201 139.26401 133.67000 113.32200 111.84100 122.92300 113.86000 127.98400 131.96201 115.56800 114.30400 127.90100 120.01100 112.14300 120.44000 131.54601 125.29200
-9999 -9999 -9999 -9999 -9999 -9999 -9999 -9999 -9999 -9999 -9999 -9999 -9999 -9999 -9999 -9999 -9999 100.43700 102.02600 94.14970 94.98940 93.77410 92.51500 91.63080 88.07780 88.14700 122.06500 115.68200 121.77500 123.52900 124.94500 124.12200 106.07900 121.66300 130.32001 133.95000 132.86900 120.22900 119.97000 122.79000 122.15900 130.55901 123.62500 131.18700 119.44300 116.83200 131.96001 632.10400 619.66302 634.91302 639.78998 141.35500 137.91200 143.75900 141.30701 146.16200 113.19900 110.59200 110.85000 110.59800 118.10400 127.25300 118.26100 120.95600 107.45700 110.01200 113.37800 110.06800 133.18100 136.95100
-9999 -9999 -9999 -9999 -9999 -9999 -9999 -9999 -9999 -9999 -9999 -9999 -9999 -9999 -9999 -9999 -9999 103.96700 100.05600 99.21970 99.74310 122.40700 118.32100 83.98100 80.30210 83.06020 81.91280 82.73900 82.77000 116.77300 123.77800 124.31600 125.22800 123.98500 130.81500 136.06400 137.84399 113.30000 117.74000 120.46400 118.28600 115.80000 128.93300 112.28600 127.95400 129.98199 127.23000 481.10400 478.00500 620.84497 643.12903 138.72701 139.69600 140.67799 137.72099 147.94501 125.23400 117.30700 112.39000 116.69400 111.80700 111.15500 111.15900 109.25800 109.90400 111.89800 113.09400 120.54100 136.02000 146.96300
-9999 -9999 -9999 -9999 -9999 -9999 -9999 -9999 -9999 -9999 -9999 -9999 -9999 -9999 -9999 -9999 111.18200 110.40800 102.12100 101.58500 119.93500 86.43140 83.95970 80.45770 76.79150 78.32450 79.13460 79.68270 79.39340 80.28450 81.89960 80.54090 113.12900 121.74400 126.07500 130.42000 128.13499 129.71001 114.54300 113.89600 109.11400 113.76100 130.83400 126.50000 107.07400 126.35600 126.48900 490.94800 480.16599 614.15399 634.04700 138.75301 140.85100 140.08000 136.87000 147.47800 148.42799 129.08000 129.74200 115.38900 113.66900 117.17800 120.17600 131.48700 135.31799 137.94800 133.81700 134.66100 135.22099 143.64799
-9999 -9999 -9999 -9999 -9999 -9999 -9999 -9999 -9999 -9999 -9999 -9999 -9999 101.72400 101.11100 102.80300 101.59100 106.93000 123.00500 117.29400 86.38880 87.08740 82.68360 80.90610 80.57230 76.79430 76.53250 368.81100 367.98801 367.14001 553.66400 561.01703 374.15100 375.39301 568.18500 576.45300 593.41199 590.07300 469.61099 467.28400 460.05899 611.04401 601.88000 426.15900 603.95001 610.85602 620.70099 628.21301 638.80798 643.47101 644.52502 641.60498 634.71399 631.96399 649.05298 669.35602 671.06000 656.99402 587.58099 597.31702 616.58899 700.23199 715.02502 729.81403 708.68701 704.57501 693.02899 136.07800 134.52299 144.57201
-9999 -9999 -9999 -9999 -9999 -9999 -9999 -9999 -9999 -9999 -9999 -9999 96.52930 99.55670 124.38200 123.13400 121.61300 92.47400 88.85870 81.53900 82.14840 81.38240 79.27710 79.72030 77.95350 73.92320 73.06990 362.86700 543.70801 548.40302 540.75800 548.86902 557.37500 546.10400 565.81201 568.19397 398.50299 418.30701 460.19501 452.60300 445.81000 437.49500 602.90100 598.53699 602.68201 611.94299 619.92700 623.68103 637.92401 645.64899 641.16302 490.01599 640.07898 494.84299 628.69000 636.51898 665.13702 621.29700 616.02100 691.96802 695.52600 704.16699 709.07397 713.51202 716.98499 722.93402 728.70203 134.47501 137.98700 133.18201
-9999 -9999 -9999 -9999 -9999 -9999 -9999 -9999 -9999 -9999 -9999 124.13700 97.05160 120.27100 90.34460 83.41940 81.69400 82.66230 83.12820 80.12500 79.33070 76.14950 76.00400 75.53930 75.29170 73.70770 114.32600 536.75299 544.74402 547.97400 541.56097 365.90399 370.84201 376.11401 372.38300 570.96899 424.97198 444.99100 453.70401 439.72699 427.18900 599.28302 589.94098 592.47601 599.88599 601.89398 608.47900 616.06000 622.16803 634.72699 656.19897 544.06299 522.83398 652.22998 547.09998 522.62500 652.93597 560.51501 571.09802 657.34399 681.46899 669.02301 668.22101 673.54602 700.16302 709.09698 705.57800 140.00900 132.94200 121.01000
-9999 -9999 -9999 -9999 -9999 -9999 -9999 -9999 -9999 -9999 90.36140 90.62200 83.34480 85.92060 81.69620 77.52220 75.83030 76.15300 76.47660 75.38630 74.51950 73.67740 74.09020 74.07090 73.18690 72.80920 72.20830 545.44598 541.36603 350.03799 350.37900 364.56000 365.55301 559.16101 563.84998 568.49298 434.17200 448.09799 462.84900 433.39999 596.72498 582.85797 578.17102 587.50500 591.90997 601.80902 601.36102 611.72699 616.53497 632.33698 649.75702 554.69000 656.82898 552.27100 545.42700 530.77899 659.09198 674.05798 649.15302 651.59900 658.55200 663.43298 665.92200 680.40503 693.78101 703.78101 748.48401 139.86200 127.99900 114.40400
-9999 -9999 -9999 -9999 -9999 -9999 -9999 -9999 -9999 151.56100 149.54601 148.86700 150.48700 150.92500 148.88499 147.88400 146.31799 143.98399 141.95200 141.57401 142.15601 143.77800 145.68600 144.85100 143.29500 143.63901 142.79900 143.54100 143.12900 143.26700 143.40900 352.97900 365.41299 376.13901 571.77197 587.90900 469.43100 459.65500 440.66400 588.52399 578.16302 570.25702 574.20898 735.65698 578.67297 753.50403 594.67499 608.06097 619.92798 627.86902 649.56299 662.00702 556.01300 680.33698 615.15100 653.25500 643.67902 635.27600 636.34100 647.93402 655.56299 670.81598 663.99298 685.11700 674.65302 683.43201 707.82501 263.02100 229.12500 222.23300
-9999 -9999 -9999 -9999 -9999 -9999 -9999 -9999 -9999 -9999 145.11900 142.74899 143.05499 142.02299 140.48900 142.14000 142.48900 141.24699 140.47800 140.98399 141.63100 141.74001 142.65601 -9999 -9999 -9999 -9999 -9999 -9999 148.01801 150.22099 362.82300 364.16599 373.55600 382.55099 587.02600 607.14398 431.38901 421.08899 574.41998 576.37903 576.75201 583.08899 741.49402 734.71802 745.43799 751.00897 600.11499 621.91199 629.72302 637.77100 504.54599 548.36499 599.05298 686.34998 642.64697 630.97101 634.91998 634.69202 641.06598 659.14001 648.58899 560.25500 671.50098 706.04999 707.09998 695.42798 248.16400 237.77100 245.31599
-9999 -9999 -9999 -9999 -9999 -9999 -9999 -9999 -9999 -9999 -9999 -9999 140.73900 139.98100 140.15700 139.07001 139.07800 139.74100 140.06200 -9999 -9999 -9999 -9999 -9999 -9999 -9999 -9999 -9999 -9999 -9999 -9999 -9999 -9999 373.44400 553.00702 572.99298 595.39398 576.23999 399.34000 394.13501 577.87201 575.70801 578.41400 578.10602 583.11902 739.90802 753.34003 594.46503 607.18298 614.81403 629.56201 661.62201 669.14301 663.57898 660.85699 633.52301 638.86798 615.98297 464.43301 637.33197 658.57098 653.22601 672.92902 672.03900 692.05603 695.88300 639.32202 223.22800 230.42400 246.26500
-9999 -9999 -9999 -9999 -9999 -9999 -9999 -9999 -9999 -9999 -9999 -9999 -9999 -9999 -9999 -9999 -9999 -9999 -9999 -9999 -9999 -9999 -9999 -9999 -9999 -9999 -9999 -9999 -9999 -9999 -9999 -9999 -9999 -9999 564.19202 569.36902 567.99597 571.67902 384.47198 569.80701 567.48199 573.22498 727.95801 584.50702 748.18701 746.75000 616.18597 586.74597 605.44897 610.16998 622.26801 654.67999 664.15601 656.19299 650.00000 630.64001 615.41901 644.86902 622.68597 628.19000 644.52600 664.40601 655.20001 673.72400 684.67297 668.10400 674.31799 233.53101 242.70000 262.58401
