data/hydroclimate-scenarios/1948-2000.Pcorr55N_Pref_Tref/monthly_summaries/soilm1_monthly_day1_jan.asc
ncols	311
nrows	91
xllcenter	102.75
yllcenter	31.75
cellsize	0.5
NODATA_value	-9999
[rows 0 to 31 of 91, columns 0 to 70 of 311]
-9999 -9999 -9999 -9999 -9999 -9999 -9999 -9999 -9999 -9999 -9999 -9999 -9999 -9999 -9999 -9999 -9999 -9999 -9999 -9999 -9999 -9999 -9999 -9999 -9999 -9999 -9999 -9999 -9999 -9999 -9999 -9999 -9999 -9999 -9999 -9999 -9999 -9999 -9999 -9999 -9999 -9999 -9999 -9999 -9999 -9999 -9999 -9999 -9999 -9999 -9999 -9999 -9999 -9999 -9999 -9999 -9999 -9999 -9999 -9999 -9999 -9999 -9999 -9999 -9999 -9999 -9999 -9999 -9999 -9999 -9999
-9999 -9999 -9999 -9999 -9999 -9999 -9999 -9999 -9999 -9999 -9999 -9999 -9999 -9999 -9999 -9999 -9999 -9999 -9999 -9999 -9999 -9999 -9999 -9999 -9999 -9999 -9999 -9999 -9999 -9999 -9999 -9999 -9999 -9999 -9999 -9999 -9999 -9999 -9999 -9999 -9999 -9999 -9999 -9999 -9999 -9999 -9999 -9999 -9999 -9999 -9999 -9999 -9999 -9999 -9999 -9999 -9999 -9999 -9999 -9999 -9999 -9999 -9999 -9999 -9999 -9999 -9999 -9999 -9999 -9999 -9999
-9999 -9999 -9999 -9999 -9999 -9999 -9999 -9999 -9999 -9999 -9999 -9999 -9999 -9999 -9999 -9999 -9999 -9999 -9999 -9999 -9999 -9999 -9999 -9999 -9999 -9999 -9999 -9999 -9999 -9999 -9999 -9999 -9999 -9999 -9999 -9999 -9999 -9999 -9999 -9999 -9999 -9999 -9999 -9999 -9999 -9999 -9999 -9999 -9999 -9999 -9999 -9999 -9999 -9999 -9999 -9999 -9999 -9999 -9999 -9999 -9999 -9999 -9999 -9999 -9999 -9999 -9999 -9999 -9999 -9999 -9999
-9999 -9999 -9999 -9999 -9999 -9999 -9999 -9999 -9999 -9999 -9999 -9999 -9999 -9999 -9999 -9999 -9999 -9999 -9999 -9999 -9999 -9999 -9999 -9999 -9999 -9999 -9999 -9999 -9999 -9999 -9999 -9999 -9999 -9999 -9999 -9999 -9999 -9999 -9999 -9999 -9999 -9999 -9999 -9999 -9999 -9999 -9999 -9999 -9999 -9999 -9999 -9999 -9999 -9999 -9999 -9999 -9999 -9999 -9999 -9999 -9999 -9999 -9999 -9999 -9999 -9999 -9999 -9999 -9999 -9999 -9999
-9999 -9999 -9999 -9999 -9999 -9999 -9999 -9999 -9999 -9999 -9999 -9999 -9999 -9999 -9999 -9999 -9999 -9999 -9999 -9999 -9999 -9999 -9999 -9999 -9999 -9999 -9999 -9999 -9999 -9999 -9999 -9999 -9999 -9999 -9999 -9999 -9999 -9999 -9999 -9999 -9999 -9999 -9999 -9999 -9999 -9999 -9999 -9999 -9999 -9999 -9999 -9999 -9999 -9999 -9999 -9999 -9999 -9999 -9999 -9999 -9999 -9999 -9999 -9999 -9999 -9999 -9999 -9999 -9999 -9999 -9999
-9999 -9999 -9999 -9999 -9999 -9999 -9999 -9999 -9999 -9999 -9999 -9999 -9999 -9999 -9999 -9999 -9999 -9999 -9999 -9999 -9999 -9999 -9999 -9999 -9999 -9999 -9999 -9999 -9999 -9999 -9999 -9999 -9999 -9999 -9999 -9999 -9999 -9999 -9999 -9999 -9999 -9999 -9999 -9999 -9999 -9999 -9999 -9999 -9999 -9999 -9999 -9999 -9999 -9999 -9999 -9999 -9999 -9999 -9999 -9999 -9999 -9999 -9999 -9999 -9999 -9999 -9999 -9999 -9999 -9999 -9999
-9999 -9999 -9999 -9999 -9999 -9999 -9999 -9999 -9999 -9999 -9999 -9999 -9999 -9999 -9999 -9999 -9999 -9999 -9999 -9999 -9999 -9999 -9999 -9999 -9999 -9999 -9999 -9999 -9999 -9999 -9999 -9999 -9999 -9999 -9999 -9999 -9999 -9999 -9999 -9999 -9999 -9999 -9999 -9999 -9999 -9999 -9999 -9999 -9999 -9999 -9999 -9999 -9999 -9999 -9999 -9999 -9999 -9999 -9999 -9999 -9999 -9999 -9999 -9999 -9999 -9999 -9999 -9999 -9999 -9999 -9999
-9999 -9999 -9999 -9999 -9999 -9999 -9999 -9999 -9999 -9999 -9999 -9999 -9999 -9999 -9999 -9999 -9999 -9999 -9999 -9999 -9999 -9999 -9999 -9999 -9999 -9999 -9999 -9999 -9999 -9999 -9999 -9999 -9999 -9999 -9999 -9999 -9999 -9999 -9999 -9999 -9999 -9999 66.05410 67.97840 67.07130 66.49940 66.75320 65.96040 65.13550 66.38650 65.98740 64.69060 -9999 -9999 -9999 -9999 -9999 -9999 -9999 -9999 -9999 -9999 -9999 -9999 -9999 -9999 -9999 -9999 -9999 -9999 -9999
-9999 -9999 -9999 -9999 -9999 -9999 -9999 -9999 -9999 -9999 -9999 -9999 -9999 -9999 -9999 -9999 -9999 -9999 -9999 -9999 -9999 -9999 -9999 -9999 -9999 -9999 -9999 -9999 -9999 -9999 -9999 -9999 -9999 -9999 -9999 -9999 -9999 -9999 65.18820 65.33970 65.36580 64.85360 65.25130 66.07240 65.49720 67.26590 67.07520 67.91880 66.97060 64.28290 63.96000 73.60730 75.63960 72.08000 -9999 -9999 -9999 -9999 -9999 -9999 -9999 -9999 -9999 -9999 -9999 -9999 -9999 -9999 -9999 -9999 -9999
-9999 -9999 -9999 -9999 -9999 -9999 -9999 -9999 -9999 -9999 -9999 -9999 -9999 -9999 -9999 -9999 -9999 -9999 -9999 -9999 -9999 -9999 -9999 -9999 -9999 -9999 -9999 -9999 -9999 -9999 -9999 -9999 -9999 -9999 -9999 -9999 -9999 -9999 -9999 -9999 67.34520 66.99320 66.61170 66.44640 64.98630 64.15580 65.16790 64.68080 68.07300 67.92560 66.94740 62.35550 60.09310 60.23950 -9999 -9999 -9999 -9999 -9999 -9999 -9999 -9999 -9999 -9999 -9999 -9999 -9999 -9999 -9999 -9999 -9999
-9999 -9999 -9999 -9999 -9999 -9999 -9999 -9999 -9999 -9999 -9999 -9999 -9999 -9999 -9999 -9999 -9999 -9999 -9999 -9999 -9999 -9999 -9999 -9999 -9999 -9999 -9999 -9999 -9999 -9999 -9999 -9999 -9999 -9999 -9999 -9999 -9999 -9999 -9999 -9999 -9999 -9999 -9999 -9999 66.92440 65.80860 65.04040 63.31030 60.39440 68.14230 65.48730 65.44320 59.22390 61.27470 -9999 -9999 -9999 -9999 -9999 -9999 61.44350 -9999 -9999 -9999 -9999 -9999 -9999 -9999 -9999 -9999 -9999
-9999 -9999 -9999 -9999 -9999 -9999 -9999 -9999 -9999 -9999 -9999 -9999 -9999 -9999 -9999 -9999 -9999 -9999 -9999 -9999 -9999 -9999 -9999 -9999 -9999 -9999 -9999 -9999 -9999 -9999 -9999 -9999 -9999 -9999 -9999 -9999 -9999 -9999 -9999 -9999 -9999 68.05590 68.29350 67.68830 67.81530 67.82280 67.41620 67.74660 67.18770 68.40440 67.85010 65.81360 58.69920 63.30720 -9999 -9999 -9999 -9999 -9999 61.71340 61.10460 60.73700 60.45100 60.68230 59.99190 60.73360 60.31570 60.37960 60.42460 59.72410 60.01270
-9999 -9999 -9999 -9999 -9999 -9999 -9999 -9999 -9999 -9999 -9999 -9999 -9999 -9999 -9999 -9999 -9999 -9999 -9999 -9999 -9999 -9999 -9999 -9999 -9999 -9999 -9999 -9999 -9999 -9999 -9999 -9999 -9999 -9999 -9999 -9999 -9999 -9999 -9999 -9999 -9999 68.72040 68.70160 67.81970 68.11510 67.77880 73.20090 73.06920 68.32800 69.71960 69.41260 66.64060 59.28850 59.85550 63.08120 58.97870 64.41310 -9999 63.01260 61.57790 60.89870 60.58740 60.23030 62.83020 62.41210 61.38730 60.99000 60.38680 60.28210 60.78610 60.84440
-9999 -9999 -9999 -9999 -9999 -9999 -9999 -9999 -9999 -9999 -9999 -9999 -9999 -9999 -9999 -9999 -9999 -9999 -9999 -9999 -9999 -9999 -9999 -9999 -9999 -9999 -9999 -9999 -9999 -9999 -9999 -9999 -9999 -9999 -9999 66.56710 67.07810 66.87760 67.08790 67.44960 67.62290 68.42710 68.41680 67.80760 73.12510 73.18940 68.09480 68.48300 68.84340 70.04210 68.51130 69.56680 67.43810 65.63360 59.53750 59.72930 65.64890 66.69520 64.00640 61.60940 61.40720 61.21290 60.16230 62.99680 63.42160 61.16880 61.85460 61.68990 61.28490 51.63540 51.98700
-9999 -9999 -9999 -9999 -9999 -9999 -9999 -9999 -9999 -9999 -9999 -9999 -9999 -9999 -9999 -9999 -9999 -9999 -9999 -9999 -9999 -9999 -9999 -9999 -9999 -9999 -9999 -9999 -9999 -9999 -9999 -9999 -9999 -9999 64.70200 65.28090 65.41880 66.26660 65.96050 68.29890 68.68290 68.65170 69.21840 73.82710 70.21650 69.63650 69.69660 69.87660 70.45680 70.05360 65.68710 66.53030 66.30080 61.59850 60.81670 66.36510 68.29240 65.99140 64.00900 62.09690 61.37260 60.02150 60.34860 61.15220 59.00680 59.83760 60.17740 61.49180 62.28170 61.64150 62.61040
-9999 -9999 -9999 -9999 -9999 -9999 -9999 -9999 -9999 -9999 -9999 -9999 -9999 -9999 -9999 -9999 -9999 -9999 -9999 -9999 -9999 -9999 -9999 -9999 -9999 -9999 -9999 -9999 -9999 -9999 -9999 -9999 -9999 63.82010 64.06830 64.32570 64.83160 66.14770 66.02340 68.15610 68.69330 68.84980 73.87260 73.50930 68.81590 69.65660 70.01080 69.56520 69.03790 70.38520 70.01150 67.83860 62.97760 60.99930 60.37960 65.95710 66.34030 67.41140 64.76550 61.45990 61.98570 60.15610 59.18340 58.43900 58.21200 59.62730 61.68440 62.21940 62.71520 62.89190 65.10330
-9999 -9999 -9999 -9999 -9999 -9999 -9999 -9999 -9999 -9999 -9999 -9999 -9999 -9999 -9999 -9999 -9999 -9999 -9999 -9999 -9999 -9999 -9999 -9999 -9999 -9999 -9999 -9999 -9999 -9999 -9999 63.15990 63.52130 63.81250 64.21300 65.01800 64.96000 65.70090 65.74510 67.59660 68.02210 68.66950 73.51290 69.13250 68.67900 69.96590 71.01120 70.63020 68.77270 65.65000 62.18120 61.42410 59.08490 61.06080 65.70670 64.55570 65.69620 65.40150 65.54650 63.81790 61.46620 59.15600 59.53690 57.87680 58.28560 60.23320 60.93960 62.04330 63.01630 65.76010 65.86850
-9999 -9999 -9999 -9999 -9999 -9999 -9999 -9999 -9999 -9999 -9999 -9999 -9999 -9999 -9999 -9999 -9999 -9999 -9999 -9999 -9999 -9999 -9999 -9999 -9999 -9999 -9999 -9999 -9999 63.34290 63.22080 63.85140 63.71770 63.74070 64.00630 64.27560 65.05300 67.17480 66.51950 67.45730 73.03360 74.06650 68.17560 68.23970 68.46250 69.68830 70.18980 70.93970 67.60750 66.47860 62.64600 60.32200 60.27920 61.30660 66.77590 68.46630 68.54790 68.31840 66.75800 63.14270 61.03050 59.89260 59.33210 59.01030 58.60030 60.18510 61.06580 62.67500 63.10400 63.78580 64.42240
-9999 -9999 -9999 -9999 -9999 -9999 -9999 -9999 -9999 -9999 -9999 -9999 -9999 -9999 -9999 -9999 -9999 -9999 -9999 -9999 -9999 -9999 -9999 -9999 66.51960 65.93360 65.50510 65.07590 64.89410 65.44340 65.95030 66.12470 66.45130 66.81230 67.21280 66.77270 68.35520 69.19550 69.38620 68.50800 69.35850 74.72040 68.79210 68.29200 68.88780 69.41190 69.69270 70.13370 69.91520 68.59800 67.27610 65.42500 61.81500 66.40340 68.59350 69.77470 68.68720 66.93540 66.23370 63.77620 60.81710 60.09080 60.42640 60.54850 61.11620 62.26750 62.45690 63.51480 64.15070 64.07270 65.72840
-9999 -9999 -9999 -9999 -9999 -9999 68.21000 68.01180 68.44790 67.51790 67.11940 -9999 -9999 -9999 -9999 -9999 -9999 -9999 -9999 -9999 -9999 68.12280 67.03650 66.95590 67.25160 66.36170 65.60550 65.44780 65.34360 66.04630 65.96570 66.67070 66.82680 67.12130 67.40780 66.69040 67.26040 68.40500 69.86020 68.04560 68.83110 70.25480 74.44250 68.50240 68.62650 69.05510 69.33050 70.28350 70.22300 67.61360 65.78320 62.17400 63.07890 70.80150 69.79230 69.50220 69.12350 67.57110 64.61160 62.97330 61.54270 60.23340 61.87070 61.47920 62.52420 62.21390 62.16690 65.23750 65.84270 65.31760 64.36600
-9999 -9999 -9999 -9999 -9999 68.57010 68.52480 68.98370 68.77900 68.68280 68.20890 69.18930 68.86550 69.44780 -9999 -9999 -9999 68.76270 68.84620 67.63070 67.51240 67.13530 66.88010 65.89060 74.02870 76.58540 77.06550 76.78690 77.88120 78.52920 77.85900 77.37790 76.27370 76.22780 77.37440 77.68810 78.09560 79.67510 79.52980 79.30850 79.48750 79.96420 75.85960 77.46880 80.40140 78.66560 77.87600 76.74580 71.27240 66.93890 66.36540 61.95430 65.27460 66.50940 66.83250 67.11770 69.37240 67.86790 65.88430 63.64960 62.83800 64.34540 53.69590 62.28940 62.15440 65.24170 66.06710 66.91510 66.64650 67.01360 65.90230
-9999 68.24740 68.40990 69.00140 68.16970 68.41440 68.86070 68.72960 68.90360 68.47050 68.54150 69.25010 69.33270 69.68420 69.11630 69.27240 68.70410 68.87160 69.17870 67.91650 67.68680 67.27470 67.49510 78.20380 79.48290 80.16540 80.26830 79.86650 79.76520 80.08460 80.03480 80.47010 80.35610 80.80630 81.02120 80.96180 81.14120 80.69600 80.56290 80.75610 80.91420 81.48030 79.51000 75.47110 81.45120 81.31310 81.09190 78.74550 71.15640 68.77060 70.68170 69.76490 68.09060 61.97270 67.45360 69.26520 69.26920 67.67350 67.45480 64.37430 65.04980 64.10120 66.17030 64.59370 65.39090 65.20980 65.93280 66.50520 67.19630 68.57620 69.64680
-9999 70.15870 69.73380 69.34620 69.16590 69.41260 69.47050 70.28900 70.00640 69.60310 69.77070 69.99040 69.99980 69.97360 69.91580 69.58390 69.89860 69.59810 69.59550 69.09300 69.33810 69.31770 75.75600 79.89220 80.72240 80.44600 80.30920 80.30050 80.27330 80.51090 80.34010 80.55530 80.96110 81.38290 80.26530 80.96120 81.14740 81.09070 80.88460 80.78020 80.86890 81.46830 82.05280 75.06090 78.50620 81.03540 81.11820 81.16430 81.10790 79.12550 76.52330 69.29270 65.65210 67.31100 65.16270 66.95660 68.79860 69.23040 66.25050 58.54420 64.87330 65.31740 66.15890 57.11640 65.30120 65.27430 66.65640 64.42060 66.48680 65.31770 66.82820
-9999 -9999 -9999 76.85000 77.17840 77.57910 77.45220 77.72580 77.74820 77.78680 69.96440 70.94330 71.25570 71.58610 70.77310 69.85170 70.39360 70.59360 71.08810 71.77740 76.37920 76.13340 76.79060 80.83180 80.90630 80.72350 80.73450 80.37520 80.37300 80.85280 81.18380 81.50030 80.48650 80.18250 78.37070 77.30990 84.52690 81.93550 80.11280 78.54220 78.80600 78.01770 69.69570 70.77600 73.98520 75.11930 77.38460 80.26730 80.45360 77.56660 70.16060 70.45760 68.96290 68.98040 68.32310 68.55620 67.41370 61.15310 64.66310 58.54480 64.10790 66.46350 63.70850 66.94550 65.34530 66.30660 66.74660 68.48760 67.84320 67.25880 67.55500
-9999 -9999 -9999 -9999 -9999 -9999 77.33670 77.29700 77.00880 72.17840 71.97870 76.85710 76.76050 76.56110 76.51390 72.30450 72.26360 76.57070 76.53390 76.77420 78.36780 80.02370 81.53260 81.15700 81.12060 81.44260 81.15210 79.16560 77.28520 81.09340 81.41220 80.84530 77.77780 68.72630 78.55620 68.11410 74.10770 75.15020 68.85680 68.65310 67.71780 68.01500 68.23070 69.11740 70.56870 70.40130 73.78780 74.53370 76.15650 78.65820 78.47090 79.16350 80.39380 70.21210 71.25490 80.50740 70.17750 69.72580 68.77040 64.63940 60.27700 60.27800 59.80600 59.05440 64.08690 65.24130 66.04650 69.08840 69.23010 68.53440 66.02080
-9999 -9999 -9999 -9999 -9999 -9999 76.57320 76.70410 76.51490 76.83130 76.67620 76.75390 76.83580 76.70630 76.86390 76.82320 77.36940 78.76050 79.81440 81.21510 81.43830 81.52350 81.66810 81.75110 81.67090 81.21340 81.32040 79.70260 70.80140 71.14540 71.69270 70.70910 71.11950 69.76960 70.65930 69.25060 73.05630 72.75270 72.64720 66.14720 69.30910 69.56240 68.53640 68.76660 68.44890 69.31190 70.24810 70.06010 68.87230 72.83650 74.35190 76.77540 78.17600 77.68420 78.79320 80.31490 79.24620 78.96260 76.34610 77.59820 71.81360 71.25660 69.83440 65.24000 66.87230 66.99610 68.88900 69.65280 69.38190 69.42230 67.95210
-9999 -9999 -9999 -9999 -9999 -9999 -9999 -9999 -9999 -9999 76.80900 76.54110 76.52590 76.72060 76.51090 79.39310 81.81140 81.52150 81.90020 81.44850 81.38740 81.58670 81.76100 81.97800 81.93950 81.80510 81.85830 82.29110 80.97180 79.18450 79.45610 77.15750 75.03460 69.97070 69.67160 68.81260 68.72960 67.70570 67.16990 67.57370 75.28490 77.82260 79.27070 77.37680 77.13980 76.34470 76.88940 78.90440 69.72710 69.59690 68.75300 67.80790 67.23620 72.59500 73.64500 73.71970 73.26580 66.67210 67.89550 72.69220 66.63960 75.52220 76.35710 78.01000 77.25760 76.30870 77.10910 72.00190 70.50120 70.99240 70.55050
-9999 -9999 -9999 -9999 -9999 -9999 -9999 -9999 -9999 -9999 77.85420 76.47340 76.59990 76.49600 76.95190 79.81710 82.28250 82.20790 82.06930 81.98100 82.32150 82.46500 82.42030 82.40890 82.31080 82.04620 81.86130 82.10490 82.08940 79.86300 77.55850 77.46500 75.01010 71.24180 76.59480 75.03060 78.17130 80.12470 79.17210 79.64350 80.99500 81.15480 81.00190 81.47400 81.49580 82.02640 82.03920 82.17160 81.97710 72.35260 68.52070 67.90480 67.49290 65.71560 73.19700 67.54630 66.04480 66.58220 65.97340 65.77910 65.53170 64.98600 65.46260 72.37710 74.58220 74.73750 76.57650 80.73220 71.63840 71.45020 72.42440
-9999 -9999 -9999 -9999 -9999 -9999 -9999 -9999 -9999 -9999 -9999 -9999 76.45480 76.49990 76.66460 77.16030 80.58360 82.01700 81.98830 82.55270 82.39430 80.81770 80.29080 78.37230 82.35820 81.88960 81.77540 82.14740 82.00730 81.71130 79.05150 79.59130 79.59870 81.03710 81.30890 80.93380 80.49660 80.49950 80.16540 80.77820 81.13680 81.36620 81.74080 81.76110 81.72420 81.56660 81.78360 81.83620 81.87760 80.95540 76.90350 74.23170 66.78380 75.00740 73.93410 63.67700 62.47110 65.74660 65.56750 65.30770 64.74170 64.69820 64.74790 72.24110 66.25050 67.43750 74.23230 80.54850 79.12200 73.00020 71.45440
-9999 -9999 -9999 -9999 -9999 -9999 -9999 -9999 -9999 -9999 -9999 -9999 76.40000 76.70380 76.79430 77.09270 77.12750 77.36570 80.02390 80.83180 77.35700 75.66700 83.60930 77.25810 82.11680 81.77380 81.89620 82.31650 81.98400 82.16720 82.04680 81.90610 81.98520 81.86050 81.44310 81.27280 80.81630 81.34600 80.67370 81.01980 81.43750 81.56120 81.78290 81.84610 81.86120 79.45620 78.58350 75.53910 69.52390 69.15050 75.90510 75.38020 75.88860 75.44950 73.89750 63.16110 64.21370 66.36930 65.98600 64.95730 64.60330 64.89880 67.50820 66.12280 67.84730 73.41620 75.93810 75.91130 72.71790 73.04420 71.05860
-9999 -9999 -9999 -9999 -9999 -9999 -9999 -9999 -9999 -9999 -9999 76.79950 76.31170 76.58270 76.85090 76.99980 72.62210 71.17730 72.92880 71.51540 74.12830 75.59040 76.98310 80.09020 82.16300 81.32460 81.60160 82.15710 81.98960 82.24120 82.22830 82.16950 82.22090 81.98300 81.74890 81.32870 81.39760 81.62170 81.50010 81.27680 81.44230 81.39900 81.59450 82.03570 81.76790 81.84390 79.49480 76.18650 74.22560 69.60480 69.89690 68.84860 67.60440 65.42170 62.94220 65.19530 66.47360 67.74240 66.80780 66.17480 68.31740 69.69920 70.79210 69.81180 69.69960 70.97300 72.41600 72.24520 72.60440 71.52020 69.80440
-9999 -9999 -9999 -9999 -9999 -9999 -9999 -9999 -9999 -9999 -9999 73.06230 76.88250 76.96650 77.31370 77.36790 73.73430 73.40030 72.15400 75.10550 75.96370 77.24120 80.60770 81.32320 81.33200 80.30970 82.26610 82.19900 82.07990 82.48830 82.36200 81.85610 82.05280 81.87910 82.14770 82.12880 82.21740 82.39970 82.31840 82.03250 81.92030 81.61220 79.41150 78.36570 77.48220 75.10730 75.37080 70.08010 71.60920 70.85940 71.74140 72.21720 71.35660 70.78130 71.06210 72.17050 71.93360 70.83630 71.25980 71.06680 69.60790 72.66130 71.99110 68.32470 68.04060 74.67730 72.14370 72.89890 73.10180 73.75210 73.04180
