data/hydroclimate-scenarios/1948-2000.Pcorr55N_Pref_Tref/monthly_summaries/soilm2_monthly_day1_nov.asc
ncols	311
nrows	91
xllcenter	102.75
yllcenter	31.75
cellsize	0.5
NODATA_value	-9999
[rows 0 to 30 of 91, columns 70 to 139 of 311]
-9999 -9999 -9999 -9999 -9999 -9999 -9999 -9999 -9999 -9999 -9999 -9999 -9999 -9999 -9999 -9999 -9999 -9999 -9999 -9999 -9999 -9999 -9999 -9999 -9999 -9999 -9999 -9999 -9999 -9999 -9999 -9999 -9999 -9999 -9999 -9999 -9999 -9999 -9999 -9999 -9999 -9999 -9999 -9999 -9999 -9999 -9999 -9999 -9999 -9999 -9999 -9999 -9999 -9999 -9999 -9999 -9999 -9999 -9999 -9999 -9999 -9999 -9999 -9999 -9999 -9999 -9999 -9999 -9999 -9999
-9999 -9999 -9999 -9999 -9999 -9999 -9999 -9999 -9999 -9999 -9999 -9999 -9999 -9999 -9999 -9999 -9999 -9999 -9999 -9999 -9999 -9999 -9999 -9999 -9999 -9999 -9999 -9999 -9999 -9999 -9999 -9999 -9999 -9999 -9999 -9999 -9999 -9999 -9999 -9999 -9999 -9999 -9999 -9999 -9999 -9999 -9999 -9999 -9999 -9999 -9999 -9999 -9999 -9999 -9999 -9999 -9999 -9999 -9999 -9999 -9999 -9999 -9999 -9999 -9999 -9999 -9999 -9999 -9999 -9999
-9999 -9999 -9999 -9999 -9999 -9999 -9999 -9999 -9999 -9999 -9999 -9999 -9999 -9999 -9999 -9999 -9999 -9999 -9999 -9999 -9999 -9999 -9999 -9999 -9999 -9999 -9999 -9999 -9999 -9999 -9999 -9999 -9999 -9999 -9999 -9999 -9999 -9999 -9999 -9999 -9999 -9999 -9999 -9999 -9999 -9999 -9999 -9999 -9999 -9999 -9999 -9999 -9999 -9999 -9999 -9999 -9999 -9999 -9999 -9999 -9999 -9999 -9999 -9999 -9999 -9999 -9999 -9999 -9999 -9999
-9999 -9999 -9999 -9999 -9999 -9999 -9999 -9999 -9999 -9999 -9999 -9999 -9999 -9999 -9999 -9999 -9999 -9999 -9999 -9999 -9999 -9999 -9999 -9999 -9999 -9999 -9999 -9999 -9999 -9999 -9999 -9999 -9999 -9999 -9999 -9999 -9999 -9999 -9999 -9999 -9999 -9999 -9999 -9999 -9999 -9999 -9999 -9999 -9999 -9999 -9999 -9999 -9999 -9999 -9999 -9999 -9999 -9999 -9999 -9999 -9999 -9999 -9999 -9999 -9999 -9999 -9999 -9999 -9999 -9999
-9999 -9999 -9999 -9999 -9999 -9999 -9999 -9999 -9999 -9999 -9999 -9999 -9999 -9999 -9999 -9999 -9999 -9999 -9999 -9999 -9999 -9999 -9999 -9999 -9999 -9999 -9999 -9999 -9999 -9999 -9999 -9999 -9999 -9999 -9999 -9999 -9999 -9999 -9999 -9999 -9999 -9999 -9999 -9999 -9999 -9999 -9999 -9999 -9999 -9999 -9999 -9999 -9999 -9999 -9999 -9999 -9999 -9999 -9999 -9999 -9999 -9999 -9999 -9999 -9999 -9999 -9999 -9999 -9999 -9999
-9999 -9999 -9999 -9999 -9999 -9999 -9999 -9999 -9999 -9999 -9999 -9999 -9999 -9999 -9999 -9999 -9999 -9999 -9999 -9999 -9999 -9999 -9999 -9999 -9999 -9999 -9999 -9999 -9999 -9999 -9999 -9999 -9999 -9999 -9999 -9999 -9999 -9999 -9999 -9999 -9999 -9999 -9999 -9999 -9999 -9999 -9999 -9999 -9999 -9999 -9999 -9999 -9999 -9999 -9999 -9999 -9999 -9999 -9999 -9999 -9999 -9999 -9999 -9999 -9999 -9999 -9999 -9999 -9999 -9999
-9999 -9999 -9999 -9999 -9999 -9999 -9999 -9999 -9999 -9999 -9999 -9999 -9999 -9999 -9999 -9999 -9999 -9999 -9999 -9999 -9999 -9999 -9999 -9999 -9999 -9999 -9999 -9999 -9999 -9999 -9999 -9999 -9999 -9999 -9999 -9999 -9999 -9999 -9999 -9999 -9999 -9999 -9999 -9999 -9999 -9999 -9999 -9999 -9999 -9999 -9999 -9999 -9999 -9999 -9999 -9999 -9999 -9999 -9999 -9999 -9999 -9999 -9999 -9999 -9999 -9999 -9999 -9999 -9999 -9999
-9999 -9999 -9999 -9999 -9999 -9999 -9999 -9999 -9999 -9999 -9999 -9999 -9999 -9999 -9999 -9999 -9999 -9999 -9999 -9999 -9999 -9999 -9999 -9999 -9999 -9999 -9999 -9999 -9999 -9999 -9999 -9999 -9999 -9999 -9999 -9999 -9999 -9999 -9999 -9999 -9999 -9999 -9999 -9999 -9999 -9999 -9999 -9999 -9999 -9999 -9999 -9999 -9999 -9999 -9999 -9999 -9999 -9999 -9999 -9999 -9999 -9999 -9999 -9999 -9999 -9999 -9999 -9999 -9999 -9999
-9999 -9999 -9999 -9999 -9999 -9999 -9999 84.30960 -9999 -9999 -9999 -9999 -9999 -9999 -9999 -9999 -9999 -9999 -9999 -9999 -9999 -9999 -9999 -9999 -9999 -9999 -9999 -9999 -9999 -9999 -9999 -9999 -9999 -9999 -9999 -9999 -9999 -9999 -9999 -9999 -9999 -9999 -9999 -9999 -9999 -9999 -9999 -9999 -9999 -9999 -9999 -9999 -9999 -9999 -9999 -9999 -9999 -9999 -9999 -9999 -9999 -9999 -9999 -9999 -9999 -9999 -9999 -9999 -9999 -9999
-9999 -9999 -9999 98.68800 76.61780 80.75860 83.30990 83.43820 86.69380 86.76200 89.36100 90.23530 91.02650 90.93440 91.35760 92.10520 95.56240 95.41060 94.45200 94.59330 94.47190 94.42410 92.05780 -9999 -9999 -9999 -9999 -9999 -9999 -9999 -9999 -9999 -9999 -9999 -9999 -9999 -9999 -9999 -9999 -9999 -9999 -9999 -9999 -9999 -9999 -9999 -9999 -9999 -9999 -9999 -9999 -9999 -9999 -9999 -9999 -9999 -9999 -9999 -9999 -9999 -9999 -9999 -9999 -9999 -9999 -9999 -9999 -9999 -9999 -9999
-9999 -9999 -9999 -9999 -9999 81.15660 82.87990 85.03300 86.08050 88.05840 90.16930 91.54170 93.60670 95.97150 96.27520 96.58980 97.36850 98.16250 99.51600 99.97010 100.76800 100.46600 98.82010 -9999 -9999 -9999 -9999 -9999 -9999 -9999 -9999 -9999 -9999 -9999 -9999 -9999 -9999 -9999 -9999 -9999 -9999 -9999 -9999 -9999 -9999 -9999 -9999 -9999 -9999 -9999 -9999 -9999 -9999 -9999 -9999 -9999 -9999 -9999 -9999 -9999 -9999 -9999 -9999 -9999 -9999 -9999 -9999 -9999 -9999 -9999
75.72420 76.08290 76.31140 78.10640 78.93910 79.66700 81.29040 81.30440 84.01240 85.74170 87.86300 89.57760 91.03680 93.24840 94.93860 96.44780 97.13330 97.85500 99.26750 99.31380 100.87900 115.77200 121.55700 99.97100 99.76690 97.14500 95.50350 92.81300 91.53320 -9999 -9999 -9999 -9999 -9999 -9999 -9999 -9999 -9999 -9999 -9999 -9999 -9999 -9999 -9999 -9999 -9999 -9999 -9999 -9999 -9999 -9999 -9999 -9999 -9999 -9999 -9999 -9999 -9999 -9999 -9999 -9999 -9999 -9999 -9999 -9999 -9999 -9999 -9999 -9999 -9999
77.26950 76.85250 77.37770 79.93370 80.14180 80.05370 81.84290 82.39310 83.30890 82.54820 83.63990 89.48410 91.57240 92.68160 94.42510 96.36110 98.12110 97.19280 93.69110 121.00400 106.40400 103.41500 101.47100 102.14400 101.25300 98.90990 97.25020 95.41000 94.38780 92.79750 90.73080 88.34680 87.67740 87.11000 87.10750 85.31240 84.51610 81.70010 81.79370 80.83870 80.46650 79.64960 79.10640 79.65250 -9999 -9999 -9999 -9999 -9999 -9999 -9999 -9999 -9999 -9999 -9999 -9999 -9999 -9999 -9999 -9999 -9999 -9999 -9999 -9999 -9999 -9999 -9999 -9999 -9999 -9999
54.57930 54.28080 55.27150 55.84000 76.39940 81.70190 81.60690 81.67650 82.34680 82.08540 79.29750 81.25620 86.81250 83.05730 89.19530 91.46130 93.40120 93.00860 92.73040 95.06340 101.05300 102.05600 102.30800 99.49060 81.52970 91.01100 93.18150 89.93560 88.95980 91.70360 94.15530 89.01330 89.14350 83.84980 82.90210 82.65620 81.84810 81.89000 81.80540 81.24530 80.86980 81.55380 81.29280 81.14920 116.10100 -9999 -9999 -9999 -9999 -9999 -9999 -9999 -9999 -9999 -9999 -9999 -9999 -9999 -9999 -9999 -9999 -9999 -9999 -9999 -9999 -9999 -9999 -9999 -9999 -9999
89.09530 89.71720 89.93930 81.66940 95.07310 88.26700 88.26530 91.38870 90.52420 92.70030 91.13930 94.74520 94.22270 93.15840 92.31460 90.83940 94.48420 96.13110 97.66470 96.60900 123.24900 103.36700 103.09400 100.52700 99.07390 98.15940 100.19200 94.54080 91.38810 90.90240 90.76230 86.89760 85.04450 85.18620 85.28430 83.77600 84.22600 82.89930 82.70440 82.81750 84.06500 82.94250 83.56510 84.96610 83.08160 -9999 -9999 -9999 -9999 -9999 -9999 -9999 -9999 -9999 -9999 -9999 -9999 -9999 -9999 -9999 81.52730 82.51820 -9999 -9999 -9999 -9999 98.93560 111.31400 118.62300 107.72600
86.15960 87.22690 88.76160 87.73520 92.52130 85.57900 83.59300 86.20320 89.59220 92.43750 92.89280 87.57040 88.62290 89.31130 93.99260 94.72040 93.26650 93.63660 92.92990 122.00300 93.58150 97.12920 97.14140 96.14810 90.49250 89.19190 87.82500 88.05360 89.58190 87.96220 88.59610 87.12110 85.54070 83.95490 82.96920 81.74450 82.07160 79.82590 79.48440 80.32790 108.85600 114.94300 115.26600 116.12000 109.67900 109.78100 109.39800 114.88900 82.84280 89.80560 92.79200 85.20150 86.84420 92.00850 89.89620 89.74180 69.50320 60.75770 60.74200 83.66380 84.42030 78.84020 -9999 -9999 -9999 -9999 -9999 102.14500 108.83500 109.15400
94.89130 97.84360 66.17280 89.80660 97.23540 68.91850 84.98640 86.41250 85.20600 82.75180 81.38040 80.91170 82.37710 82.60690 83.77320 85.46560 111.58900 88.12660 89.30070 88.28000 87.64350 88.33890 88.25060 86.73710 85.67410 86.13020 86.00270 84.74330 85.68060 84.11000 83.85020 84.02560 81.95110 81.99700 83.19910 83.15550 82.78390 82.66820 82.55490 115.72100 115.07400 82.19690 116.09900 83.74980 83.85530 84.18290 82.63630 82.17050 81.96330 87.07100 92.69440 91.01780 84.83910 89.40520 99.67230 104.81600 94.98750 98.22030 98.31240 90.56520 72.87180 72.99680 76.32490 86.44590 90.60380 93.14620 98.20780 100.90500 105.58100 105.61700
86.66040 98.30750 98.18490 84.57370 99.90940 100.49900 92.65020 89.89470 91.17820 78.84340 77.90170 77.00490 79.28620 81.30110 110.23500 85.09550 87.83270 86.74620 86.41860 86.27360 88.07840 87.77660 85.74980 84.59340 83.95760 85.11780 84.48370 83.54450 84.17090 82.24850 82.58700 82.21790 82.06090 81.60670 81.62540 82.40270 82.04930 115.93700 81.20700 80.30050 81.97870 82.28860 82.02190 80.30750 81.31480 82.94560 82.64590 82.02420 81.00750 81.02070 81.72900 84.29540 83.12520 86.69130 87.11710 94.02590 103.86400 105.23200 104.92400 105.81200 105.15300 93.64150 93.04980 85.97700 76.88030 87.90850 93.60480 97.52870 99.57710 102.25100
97.74780 105.62100 109.72900 93.53410 57.23640 82.94660 77.01740 76.14730 84.19470 82.01090 77.85320 77.47700 79.56900 79.39680 80.96860 82.71950 83.32410 83.71670 83.12500 85.12030 95.73150 94.73840 88.71640 87.73140 86.07700 83.58440 83.84990 82.42350 82.12950 82.56000 81.82580 81.60130 114.26000 80.78890 79.70440 81.17770 80.90410 80.99740 84.73760 83.38740 85.67880 82.86250 82.28180 90.25750 94.11660 92.04290 84.32540 81.07650 80.65790 81.94890 83.97870 88.77140 92.77160 93.08070 94.33120 75.82730 74.59950 75.71400 98.84840 101.33800 112.14400 111.86500 110.55400 111.09800 99.48270 95.95190 91.91110 92.27610 92.89170 94.85470
80.74960 99.45700 109.11700 105.28600 91.55350 68.54510 77.62260 74.63270 80.49280 83.79080 77.72880 96.61440 93.17490 82.87810 84.26700 82.53960 79.22320 79.28210 81.09860 83.53750 87.42560 93.23580 88.65080 88.57120 88.89130 82.84130 82.30940 81.06830 79.75250 79.39280 108.66400 80.65120 79.46300 79.67640 81.38840 79.94280 79.53670 81.70440 83.83600 83.35150 90.95000 91.98640 88.59960 90.03700 89.41740 95.14980 93.79650 88.10490 86.54630 81.52500 86.92240 93.79250 92.53840 93.10250 88.33950 97.19060 103.69900 103.43900 107.70200 103.35500 101.92700 103.35900 101.26200 99.21660 109.66900 113.61200 100.76800 110.88500 99.24050 97.33940
85.38740 95.67780 95.29110 92.86010 98.88420 100.85700 72.03980 59.70830 54.46040 79.62820 74.94510 82.69570 102.59500 112.62300 110.10500 98.41710 92.90750 85.09160 80.38100 79.81320 79.54870 81.06850 81.75010 82.53200 81.19060 80.38280 81.82440 80.46050 79.83620 78.70300 79.57030 78.20700 80.67780 87.40120 85.42080 83.90480 86.82370 89.69480 93.51610 90.55010 88.94090 95.38620 98.48720 94.46170 90.44200 90.14990 87.91290 87.37800 86.34150 82.83470 82.63880 81.45830 85.31070 89.28610 93.11090 94.68790 101.25400 102.77200 106.96300 102.72500 107.67400 107.74500 106.55500 94.72090 106.74200 107.42700 104.10800 96.35260 98.71060 96.31750
108.26400 117.32600 112.92200 113.62400 107.63400 110.42500 107.00200 92.99790 92.82100 89.34250 79.74210 74.73340 75.65510 86.79320 96.23170 113.35000 111.50800 110.37900 104.47900 88.33270 69.28480 83.22220 82.72840 82.17220 83.77070 82.59100 84.20750 83.32760 82.36890 81.34190 84.61360 85.02820 92.84970 90.95200 94.72970 92.81280 93.35670 94.61390 97.02540 76.08040 95.05480 96.85050 96.34620 94.61780 95.45200 93.75240 96.62780 95.93530 97.10470 93.23330 89.99060 97.73340 100.03600 103.14800 92.75020 102.32300 101.50600 98.85200 105.56300 106.56000 120.60000 110.43100 112.17700 109.37400 105.40600 105.07200 91.17740 109.16200 109.04200 111.25700
96.43490 105.96100 118.80400 120.63400 121.06400 118.03100 109.45300 103.85400 87.96920 99.20180 90.40960 86.83400 89.77680 89.21360 65.15380 87.89720 70.78010 80.33240 106.87300 113.35400 101.22900 86.60720 96.95280 88.85240 85.80440 82.30410 83.56520 84.26170 83.52450 90.78720 89.64450 94.12760 94.77530 97.55060 92.43420 98.82590 94.23260 94.58870 93.05240 98.23050 97.13320 93.75340 94.64370 94.38390 91.78930 104.63800 106.89800 105.01200 104.34200 101.52900 104.84500 107.86800 107.58400 110.58100 117.65300 101.06900 104.41700 109.27800 113.87700 110.34700 113.24100 113.12200 109.11100 103.99300 89.10400 108.28200 108.90700 106.15500 106.94300 108.49900
103.55500 109.00100 108.08400 106.36100 110.93300 118.28300 115.57900 117.97500 114.03900 110.40200 96.47590 84.14670 105.18600 105.18500 99.75950 119.18500 113.89500 109.20900 66.10500 102.28400 119.73700 111.79500 112.21100 106.01400 89.29820 83.70930 81.09580 83.15760 82.53560 87.77570 89.01170 92.07170 92.68320 92.34780 91.68430 88.77960 92.71520 96.61490 93.98540 97.80320 99.59930 104.16000 101.43300 98.94810 83.30780 70.35600 89.56680 97.46120 107.36100 112.14200 109.09200 109.20100 101.67200 110.82400 103.68200 112.43100 119.88500 112.74300 121.02400 106.22100 106.23100 108.30100 104.26100 105.29500 106.18500 101.68200 101.64500 100.84600 97.58890 101.39500
107.51400 111.64700 108.67200 105.58700 96.37450 103.16000 102.76200 103.57400 104.08700 96.36190 96.48530 93.10370 93.91490 77.93340 93.33340 111.78900 117.02300 114.96600 112.77300 90.04690 98.15890 105.91600 107.91700 102.95200 100.71100 89.26220 83.83070 84.01040 84.51510 88.49060 91.33460 91.73970 89.68550 83.35330 86.63760 91.36510 89.61810 92.39980 94.31620 97.96070 104.02100 105.19600 100.35700 113.67700 93.17250 90.42470 96.67310 103.23500 109.02000 112.43200 108.95700 105.52200 107.36700 116.16500 118.82700 115.43200 111.87400 112.26600 107.76800 115.38300 113.42200 105.43100 99.04640 101.47400 97.76290 96.16520 97.53110 96.17060 104.19500 110.84400
111.24300 120.26500 118.80500 112.07000 110.14900 108.54800 99.75290 95.90070 90.19880 85.98180 81.99550 91.37920 102.86100 99.38730 91.80210 95.70600 110.22300 110.36200 108.91200 112.55800 110.95800 109.03900 99.13900 95.21370 96.67040 96.97570 97.48550 87.42520 85.06650 87.94370 94.05110 91.09810 93.77040 85.39690 90.56250 92.21290 99.00430 99.86870 103.65200 100.89100 117.15500 104.49900 109.93100 110.40900 113.95100 111.45800 102.21600 87.02820 90.05920 91.08660 93.98520 109.41600 105.69500 102.79100 100.82600 100.65300 105.97900 107.88400 109.82700 110.02800 116.09000 111.32600 111.88200 111.07600 106.87300 104.22800 98.83270 101.93400 109.67700 101.91300
111.86600 118.54700 124.79500 115.92700 108.72200 111.10100 112.46900 104.09000 98.26680 87.51900 94.21640 91.21030 95.94240 106.29800 104.03700 100.54600 99.39040 111.59700 107.94800 114.13600 112.94000 111.69300 106.14200 110.68200 100.59100 99.53590 97.18440 94.45650 90.99020 86.95860 88.22200 86.99380 86.79230 88.06820 101.19600 99.14690 92.96760 107.92800 114.97600 94.05180 107.13200 114.16600 114.71700 106.69800 102.88100 99.66450 96.83340 110.05200 94.93360 93.77100 118.40600 96.38320 113.24800 115.25500 115.30900 115.95700 113.57200 110.29600 109.36900 110.64300 111.10000 108.20400 110.43600 110.29100 110.40700 112.46200 88.38390 110.11100 89.82740 96.75060
125.90700 116.95200 115.76900 116.92600 116.68300 114.86200 108.37200 91.01020 95.48600 95.18850 88.89360 82.52480 88.76870 101.29500 109.69200 109.37400 108.76100 109.25500 112.42300 109.65600 107.79700 122.87800 109.62300 107.99700 102.24900 98.46380 101.11400 109.32400 97.03880 93.43400 87.84160 92.95360 88.37300 91.79380 102.65700 104.06300 96.46650 110.69800 108.67200 112.98700 102.27400 104.79900 106.76400 104.16800 116.46200 115.04500 119.14600 114.20800 116.94700 118.53400 116.25700 116.52800 115.93000 112.92300 108.98300 113.10500 113.09200 118.97000 115.31700 111.05500 113.97400 110.63300 114.27200 111.04000 101.92300 106.61000 93.84780 95.72710 95.82290 99.92770
111.37100 122.49900 116.83900 120.54600 118.66300 116.64600 120.83000 105.85700 96.95940 93.05230 107.66400 94.67520 99.85960 99.85050 105.83500 111.97500 111.82000 105.15000 94.74780 105.34300 112.96000 109.38000 112.33500 110.09600 103.24500 98.74730 91.71670 98.38180 94.34630 89.31540 90.46360 85.87590 89.20200 95.35780 98.57110 102.05700 89.17890 103.65200 112.67700 115.99200 123.75600 113.55100 105.02500 117.33200 112.95200 117.77000 117.65900 102.68600 79.68460 91.93700 97.91240 100.94000 102.43500 82.92430 108.92700 113.63200 117.32700 114.93600 110.48800 117.02800 108.89700 113.14600 108.12600 95.46250 100.97600 102.43000 102.20200 103.63900 103.46600 101.18200
111.22700 113.92900 117.24300 119.62200 121.90600 122.68300 122.77700 126.33900 109.40700 113.70300 113.14200 111.55400 109.42000 108.71500 104.07100 114.22700 119.69500 116.86100 109.78600 106.63300 111.30900 100.99500 113.18400 120.62400 114.13200 100.36900 83.51310 107.19100 102.00400 96.80790 98.69460 94.14310 89.76870 98.49740 102.82000 100.94500 104.60000 110.13800 120.73300 127.47800 128.41299 126.51700 114.09000 120.56700 115.90300 102.66900 101.62700 82.70370 83.14700 105.36900 98.77980 -9999 -9999 85.50140 105.96800 108.44600 115.34200 119.48300 112.81800 92.29540 95.81730 97.13310 101.39600 103.52500 106.92900 104.93800 108.02900 109.00000 110.58500 105.38300
120.15400 124.87400 121.61800 121.57200 127.93300 120.26400 131.03000 131.97000 124.70000 119.07700 128.42900 126.26800 120.94600 115.00100 112.01500 118.51800 121.63500 115.14500 110.95100 102.53400 111.74300 98.25620 109.38300 106.60700 114.07800 108.67600 107.13300 112.32300 104.56100 85.52090 103.06500 105.65100 94.82470 100.13400 106.10800 109.00000 115.36100 121.19600 117.91800 113.84600 -9999 -9999 -9999 -9999 107.81500 -9999 92.88200 114.71700 113.74000 113.08000 100.37600 -9999 -9999 101.16100 117.48200 116.51700 106.86400 89.35520 90.89920 95.49030 99.71190 99.79050 102.23100 103.06100 102.68700 102.84300 118.56500 112.49300 110.93400 104.61400
