data/hydroclimate-scenarios/1948-2000.Pcorr55N_Pref_Tref/monthly_summaries/soilm3_monthly_day1_aug.asc
ncols	311
nrows	91
xllcenter	102.75
yllcenter	31.75
cellsize	0.5
NODATA_value	-9999
[rows 32 to 63 of 91, columns 0 to 70 of 311]
-9999 -9999 -9999 -9999 -9999 -9999 -9999 -9999 -9999 -9999 -9999 23.40030 23.40040 23.40050 23.40050 23.40060 23.40210 23.40300 20.51040 20.80200 22.90350 23.40080 23.40040 23.40040 22.92120 22.72140 22.52730 21.24580 20.24430 18.60150 18.50140 18.50020 18.50020 18.50030 19.40040 20.70010 22.10000 23.00000 24.20030 24.20160 24.20170 24.20080 24.20080 24.20080 24.20080 24.20070 24.20080 24.20060 24.20070 24.20060 24.20060 24.20100 24.20080 24.21310 24.01200 24.01070 23.91440 23.81590 24.21280 24.20040 24.20040 24.20090 23.81750 22.33170 21.82990 23.61980 23.51980 23.42670 23.65920 22.91920 23.03720
-9999 -9999 -9999 -9999 -9999 -9999 -9999 -9999 -9999 -9999 -9999 23.40040 23.40050 23.40050 23.40080 23.40070 23.40210 23.40290 23.40360 23.40160 23.40150 23.40080 23.12590 22.92560 22.72970 22.80170 22.80630 22.80420 22.80110 21.93510 20.23850 19.80020 21.80040 23.60010 24.20120 24.20070 24.01450 24.20040 24.11390 23.45600 24.20340 24.22790 24.20210 24.20170 24.20240 24.20400 24.20530 24.20120 24.20120 24.20120 24.20090 24.20110 24.20100 24.21260 24.20040 24.20040 24.20060 24.20090 24.20070 24.20040 24.20040 22.74330 22.73500 24.20050 22.84040 23.62110 23.82170 22.73400 22.75420 22.87180 22.99100
-9999 -9999 -9999 -9999 -9999 -9999 -9999 -9999 -9999 -9999 -9999 -9999 23.10010 23.00010 23.00010 23.00010 23.40030 23.40050 23.40100 23.40070 23.02770 22.80080 22.80430 22.90230 22.90540 22.84440 22.82700 22.91720 22.90100 22.90020 22.72270 23.31830 24.01710 24.01620 23.82030 23.72250 23.12310 24.20210 24.22020 23.14890 23.34640 23.34090 23.83730 24.20150 24.20240 24.20490 24.20240 24.20250 24.20260 24.20250 24.20080 24.20100 24.20090 24.20060 24.20090 24.20210 24.20230 23.81770 22.82840 22.93050 22.83290 22.91850 22.91990 23.12600 23.32880 22.58320 23.43320 22.75270 22.89110 23.07770 22.87580
-9999 -9999 -9999 -9999 -9999 -9999 -9999 -9999 -9999 -9999 -9999 -9999 22.90000 23.00000 23.20010 23.30010 23.20020 23.02390 22.83380 22.80200 22.90160 22.90990 22.91870 22.91820 22.95020 22.92460 22.90430 22.92590 22.90270 22.80160 22.80070 23.82790 23.62270 22.91700 22.82320 22.80020 22.80050 23.60030 23.80040 22.90440 22.77220 22.72410 23.21860 24.20490 24.10200 23.80640 23.90300 23.60550 23.50340 23.50720 23.40320 23.50080 23.80040 24.20080 24.20070 23.91630 21.73260 23.02060 23.80020 23.01900 22.72050 23.00080 23.90080 24.20850 23.47360 22.93850 22.74670 22.76300 22.86560 22.93430 23.12810
-9999 -9999 -9999 -9999 -9999 -9999 -9999 -9999 -9999 -9999 -9999 -9999 23.30000 23.10000 23.01570 22.72260 22.73150 22.80160 22.71690 22.93610 22.92080 22.93160 22.92680 22.94000 22.94660 22.96850 22.91670 22.80450 22.80360 22.70280 22.60170 22.71570 22.80010 22.90030 22.90000 22.90020 22.80040 22.90040 22.90030 22.90400 22.92500 22.88040 23.05290 23.53370 23.03530 22.88590 22.95790 22.98490 22.95210 22.90890 22.90260 22.90150 22.90040 23.10050 23.00030 22.80050 22.70090 22.90040 22.80040 22.72410 22.80050 22.90200 22.90180 23.30240 23.47570 23.15220 22.86420 22.79600 23.04260 23.08870 23.20930
-9999 -9999 -9999 22.90050 22.90030 22.90030 22.90030 22.90020 22.90040 -9999 23.30070 23.11940 22.81840 22.80000 22.80010 22.90070 22.80370 22.60360 22.71670 22.93610 22.92390 22.91840 22.82640 22.72980 22.86760 22.92590 22.90430 22.90680 22.70810 22.52580 22.50150 22.60010 22.70030 22.71100 22.80050 22.32890 22.80230 22.90200 22.90140 22.90390 22.90990 22.94470 22.95610 22.97970 23.08480 23.15080 23.18060 22.94230 22.96950 22.93990 22.84030 22.73720 22.73370 22.85550 22.71990 22.76570 22.85400 22.70310 22.61190 22.70180 22.72650 22.70460 22.71890 22.93170 22.93710 22.87030 22.94780 22.98470 23.13040 23.43100 24.13610
-9999 -9999 -9999 22.50090 22.90070 22.90060 22.90080 22.80020 22.80030 23.02480 22.83070 22.72060 22.70010 22.70030 22.80210 22.80180 22.62020 22.50370 22.50750 22.50950 22.50480 22.53590 22.52190 22.53140 22.56530 22.74790 22.63500 22.51940 22.51490 22.57860 22.28560 22.50540 22.50400 22.50530 22.70550 22.61390 22.80400 22.92700 22.90340 22.92830 22.94330 22.92840 22.95080 23.06890 23.15130 23.37850 23.34150 22.98770 23.00340 22.96090 22.91110 22.94990 22.96740 22.96580 22.81750 22.95600 22.90830 22.90910 22.81940 22.82890 22.83080 22.93900 22.98480 22.92490 23.06680 22.97550 23.04360 23.03390 23.32040 23.88080 25.32460
-9999 -9999 -9999 22.50040 22.90040 22.80050 22.75160 22.74750 22.74780 22.73440 22.74260 22.73300 22.50050 22.50190 22.50540 22.50120 22.51680 22.51530 22.50300 22.50350 22.50580 22.56260 22.35280 22.74830 22.65550 22.69410 22.74030 22.63740 22.54180 22.70090 22.94160 22.60550 22.52700 22.51500 22.53540 22.52340 22.60790 22.80780 22.81050 22.74560 22.85250 22.86360 22.97750 23.06980 23.06040 23.18940 23.20280 23.09750 23.07450 23.19090 23.27650 22.96240 22.98060 22.96430 22.93580 22.94270 22.91210 22.91050 22.92080 22.95680 22.87850 22.88800 22.94320 23.05920 23.15510 23.28870 23.51690 23.48850 25.52330 26.11400 27.71680
-9999 -9999 -9999 22.60030 22.90010 22.70040 22.73320 22.74520 22.74630 22.74510 22.75450 22.60020 22.50190 22.50400 22.50140 22.61680 21.14800 18.26570 18.93730 19.81720 22.77320 22.80510 22.10830 19.89580 20.08170 22.88960 22.76720 22.61730 22.79910 23.18010 23.03480 22.51440 22.60640 22.76880 22.69100 22.62500 22.52390 22.50480 22.71690 22.81170 22.82180 23.01180 23.37130 23.18250 23.07930 23.31610 23.41130 23.13450 23.23050 23.07470 23.28650 23.02930 23.02810 23.10100 22.99510 22.91860 22.75730 22.80320 22.81840 23.03950 23.25710 22.99310 22.99200 22.97620 23.36900 23.48110 23.77860 24.18290 26.31010 27.88580 28.23560
-9999 -9999 -9999 22.40020 22.80000 22.80030 22.74170 22.73800 22.75930 22.75230 22.73550 22.62650 22.50330 22.51280 18.27570 18.30750 19.73280 21.08330 22.52050 22.61390 22.78400 19.93410 18.99740 22.76580 22.75520 22.57560 22.50480 22.50500 22.61160 22.86310 22.91220 22.74240 22.78010 22.61200 22.43250 22.73700 22.63450 22.31010 22.30800 22.52360 22.96260 22.85890 22.82110 22.81540 22.90070 22.98090 22.90890 23.02410 23.02910 22.83990 22.78910 22.68260 22.96570 22.99620 22.64350 22.95310 22.60640 22.62370 22.56010 22.89470 22.96480 22.93940 23.01780 23.83330 24.26180 23.65340 24.23050 25.82150 26.89470 27.12800 27.74560
-9999 -9999 -9999 -9999 22.63680 22.74370 22.73720 22.74580 22.74630 22.73020 22.72350 22.60040 22.55340 22.52120 -9999 -9999 -9999 -9999 -9999 20.56150 18.89090 18.61320 18.76600 22.78180 21.32050 21.86270 21.91160 22.00740 22.52370 22.51380 22.54930 22.60870 22.59490 22.43740 22.80640 22.80130 23.00500 22.40270 22.30360 22.71070 22.80570 23.01580 22.48160 22.49710 22.80360 23.02040 23.70180 23.53890 22.93030 20.04820 22.96640 22.90710 22.78940 22.67370 22.63750 22.83810 22.91080 22.91680 23.32590 23.08670 23.15830 23.52150 21.47950 23.80430 24.04660 22.72380 24.29660 23.69310 23.14080 -9999 -9999
-9999 -9999 22.30160 22.66100 22.75430 22.74270 22.74560 22.77180 22.73250 22.72870 22.72600 22.50110 22.56480 -9999 -9999 -9999 -9999 -9999 21.09410 18.84320 20.06480 22.66360 22.59240 22.66370 19.83400 18.37100 18.90880 22.50140 22.50210 22.40280 22.54330 22.51260 22.81600 22.72230 22.41060 23.00120 23.00250 22.70090 22.40310 22.40390 22.31010 22.30960 22.32300 22.32430 22.33110 22.42180 22.57380 22.58000 22.23010 18.34010 18.36560 18.43940 18.77480 18.47140 20.98690 22.73740 22.49420 23.09180 23.28620 22.95670 23.24290 23.48290 21.33970 20.42390 20.53930 20.77590 20.33250 -9999 -9999 -9999 -9999
-9999 -9999 22.83950 22.78780 22.74770 22.74050 22.83570 22.75620 22.73500 22.73080 22.50170 22.52980 22.53500 -9999 -9999 -9999 -9999 22.59570 23.07380 22.74430 23.42970 22.90650 21.76920 18.35030 19.24640 22.50440 22.51230 22.40560 22.30310 22.40050 22.40060 22.30290 22.40140 22.40200 22.80220 22.50520 22.50190 22.40140 22.40560 22.31160 22.31230 22.31240 22.33670 22.32800 22.66830 23.03640 23.18850 23.31820 22.79650 22.75420 20.18100 18.52810 18.49980 18.47610 18.42170 21.05120 22.47480 20.75560 20.05190 19.70340 19.01560 19.94780 19.93250 21.35420 22.75000 -9999 -9999 -9999 -9999 -9999 23.03150
-9999 -9999 22.61620 23.01070 22.86790 22.81120 23.05820 23.03210 22.74240 22.66860 22.51490 22.56790 22.50740 -9999 -9999 -9999 -9999 23.08180 22.89100 23.14930 22.33970 20.64660 19.90740 22.53280 22.51930 22.50960 22.42240 22.30400 22.30380 22.40200 22.40420 22.50140 22.40170 22.40430 22.40850 22.41060 22.30690 22.30510 22.31170 22.40380 22.41200 22.40210 22.40250 22.32160 22.25400 21.94170 22.46410 23.72990 24.25710 24.41600 22.87180 22.48100 20.80290 21.54310 21.04830 20.50880 21.63800 21.48390 22.49350 22.66440 18.60800 21.39090 23.04470 24.66070 25.45780 23.34520 20.33220 20.06810 19.52590 -9999 -9999
-9999 -9999 -9999 23.54670 23.09710 21.87260 21.96240 22.54630 22.60340 23.66050 25.46040 22.50770 -9999 -9999 -9999 -9999 22.83590 22.88570 22.72910 22.76670 22.88460 22.72590 23.01450 22.66590 22.53650 22.44690 22.46320 22.52010 22.40810 22.42580 22.41970 22.40580 22.40370 22.72360 23.09890 23.29450 22.73020 22.60880 22.40210 22.40090 22.40190 22.40160 22.49440 22.32520 21.92870 22.02180 20.58750 19.97150 20.81740 23.04920 22.32530 19.91390 19.61440 19.60380 20.02740 19.54500 18.99030 22.34150 22.91920 22.70250 22.75080 22.92970 23.88070 26.25640 28.39640 25.38740 20.14120 19.52170 19.21230 20.41480 -9999
-9999 -9999 -9999 -9999 22.75780 21.00040 22.38880 22.51130 22.53650 22.51430 22.53310 -9999 -9999 -9999 -9999 22.82830 22.94910 22.85380 22.37110 23.19350 23.17360 23.57750 23.66270 23.06320 22.38260 22.90510 23.54420 22.79270 23.34010 22.92560 22.92070 23.07900 23.20370 23.17480 23.12370 22.62400 22.49270 22.37620 22.41660 22.40130 22.40150 22.40120 22.40200 22.40160 22.30410 23.16300 23.45360 21.83360 21.47380 21.00480 23.13750 18.83300 19.12330 20.42120 19.55380 18.93780 18.90460 19.13110 19.24200 22.68970 23.17210 24.22920 24.75580 25.40220 26.55680 24.72000 19.72310 18.87100 19.15150 18.71800 18.70140
-9999 -9999 -9999 -9999 -9999 -9999 22.61120 22.76330 22.70800 22.74600 23.22780 -9999 -9999 -9999 -9999 -9999 23.12490 23.25800 22.69570 23.71100 23.53960 23.01370 22.72830 22.67270 23.36420 23.50930 21.39330 19.46020 19.47410 20.31770 22.59170 23.38670 22.94070 23.26200 23.10560 23.41010 22.72290 22.37000 22.40370 22.40830 22.40950 22.41260 22.41770 22.40420 22.51780 22.91620 23.59460 23.19010 21.90710 19.09310 19.06050 19.62660 23.59070 23.93360 22.81740 24.78900 19.23890 19.29180 19.70670 23.27620 24.78020 25.28770 25.84660 27.26230 27.82710 25.18420 19.90060 18.55110 18.52460 21.02770 22.52940
-9999 -9999 -9999 -9999 -9999 -9999 -9999 -9999 -9999 -9999 -9999 -9999 -9999 -9999 -9999 -9999 -9999 -9999 -9999 23.54190 22.71260 21.30810 22.99290 23.17210 22.08810 21.96650 21.10110 20.83410 21.44920 23.04370 23.49730 22.88180 22.51430 22.62950 23.18780 23.21260 22.43450 22.42200 22.40510 22.42410 22.33870 22.33400 22.42580 22.41330 22.32650 22.91830 23.01660 23.29720 22.31460 23.22260 23.54740 22.32080 20.87840 20.31920 19.36920 19.65440 24.85330 23.82220 24.85460 24.80780 22.37570 20.92820 27.63770 29.13060 29.47720 21.91910 19.29890 18.54840 18.44460 18.79140 22.41780
-9999 -9999 -9999 -9999 -9999 -9999 -9999 -9999 -9999 -9999 -9999 -9999 -9999 -9999 -9999 -9999 -9999 -9999 23.26160 21.73920 21.81050 23.37680 23.42090 23.39760 22.14370 21.40710 21.13010 21.60260 23.21480 23.42680 23.42430 23.40500 23.45720 23.44890 23.00180 22.40480 22.30800 22.40280 22.30620 22.41620 22.31930 22.32540 22.32580 22.46070 22.88500 23.79620 23.06250 23.10230 22.84830 22.27460 22.40740 23.79890 23.94790 23.88060 20.11550 19.96520 23.33470 24.44950 21.49460 23.93100 19.65240 19.74990 24.58240 26.54790 23.31540 22.50220 23.54010 18.88310 18.82170 18.75610 20.90230
-9999 -9999 -9999 -9999 -9999 -9999 -9999 -9999 -9999 -9999 -9999 -9999 -9999 -9999 -9999 -9999 -9999 23.37230 22.24930 23.24910 23.40410 23.26630 22.75550 22.19080 22.20920 22.50020 21.11880 21.23190 22.24400 22.15980 22.48500 21.74290 21.88230 22.20080 21.59690 22.04240 22.46770 22.41110 22.40810 22.32350 22.94220 23.22530 23.15950 23.57540 23.16540 23.24480 23.61590 22.98740 23.32150 22.28140 21.32630 19.80480 23.29580 23.82410 23.68770 23.67180 24.22200 25.01720 25.18620 25.39050 21.89240 20.17740 25.68700 25.61010 28.20190 26.76350 24.59610 22.99730 21.11790 21.16740 24.61680
-9999 -9999 -9999 -9999 -9999 -9999 -9999 -9999 -9999 -9999 -9999 -9999 -9999 -9999 -9999 -9999 -9999 22.62440 23.28190 23.69420 22.99900 21.67680 22.27530 22.50090 23.30000 24.60030 23.70020 23.90110 22.40060 22.25390 20.74990 20.62650 21.15580 21.95520 21.17210 20.89280 21.58110 22.31840 22.37690 22.34410 23.24140 23.23680 23.53180 23.14510 23.45340 23.25150 23.32710 23.10190 23.30120 23.22020 19.99730 19.24080 19.34330 19.54690 22.48180 23.71420 25.80900 24.82290 24.12840 23.33230 25.37660 26.60120 26.60000 27.67750 28.69660 27.18880 26.15680 23.95640 22.13950 23.60630 23.65870
-9999 -9999 -9999 -9999 -9999 -9999 -9999 -9999 -9999 -9999 -9999 -9999 -9999 -9999 -9999 -9999 22.53160 22.55710 23.41780 22.64420 21.55110 23.10050 23.90050 24.30050 24.60000 24.30010 24.30010 24.70070 24.10060 23.00020 22.80020 23.20000 23.31720 20.91150 20.50870 20.62610 21.89020 22.48980 22.36560 22.43120 23.32350 23.24050 23.47190 23.32530 23.11790 23.11250 23.34220 23.10160 23.10220 23.61770 21.07400 19.70920 19.30010 19.68770 22.00040 23.50010 23.68410 25.08000 19.94170 25.01580 25.01220 25.48010 26.41000 28.35970 27.07820 22.73310 22.05170 20.70730 22.46190 23.76500 24.14070
-9999 -9999 -9999 -9999 -9999 -9999 -9999 -9999 -9999 -9999 -9999 -9999 -9999 23.33550 23.22200 22.72130 22.75800 22.71600 22.27440 21.91790 23.40060 24.40250 24.40040 23.90020 24.40030 24.70000 24.70020 24.70000 24.70000 24.70000 23.00510 22.51890 23.90000 23.30000 21.50530 20.40200 21.60750 22.01100 22.30060 23.20040 23.10020 23.05030 23.03660 23.10000 22.63630 22.21850 22.73110 22.23620 22.24410 22.96660 23.07850 23.25500 23.33180 23.32760 22.48140 18.49900 21.25920 22.60740 20.26000 21.08110 23.06820 22.11400 23.87010 20.42160 20.35930 22.05300 19.91390 23.72680 21.56650 25.14940 25.92060
-9999 -9999 -9999 -9999 -9999 -9999 -9999 -9999 -9999 -9999 -9999 -9999 23.16830 23.18680 22.38710 22.44740 23.00110 23.30260 23.80120 23.60010 22.90010 21.80000 21.90010 22.80010 24.00030 23.60000 23.70000 24.20000 22.30080 23.00290 21.40020 22.90170 23.10330 23.80720 22.50860 20.50200 22.20000 22.30000 22.70040 23.10010 23.10020 23.10010 22.94610 22.53800 21.90910 22.21190 22.91750 22.22530 21.93030 21.62410 23.32300 23.20260 23.63180 23.30320 23.36530 22.99790 22.98210 18.56090 20.30410 19.62530 22.25600 20.24260 19.04550 20.13840 20.42670 24.14640 24.37870 21.76030 23.04160 25.92630 28.88340
-9999 -9999 -9999 -9999 -9999 -9999 -9999 -9999 -9999 -9999 -9999 22.77880 23.30360 22.60780 23.40070 23.80020 23.50010 22.30010 21.50030 21.60010 21.30010 21.40000 21.30000 21.10010 21.10010 21.10000 20.90890 23.00430 22.80180 22.60610 21.50050 23.00000 24.20000 23.80000 22.70000 21.80510 22.30010 22.40030 22.80060 23.10020 23.10010 22.74150 22.21880 21.90770 21.70610 21.81110 21.71030 21.81650 21.93010 22.15300 22.45660 23.14340 23.12710 23.18190 23.14150 23.13140 23.05220 23.05890 18.28600 18.44380 18.97480 21.66890 20.34090 21.24800 23.55630 22.12610 22.90420 20.68420 25.29770 28.05260 31.75120
-9999 -9999 -9999 -9999 -9999 -9999 -9999 -9999 -9999 -9999 23.60170 22.50080 23.70020 23.30160 22.90090 21.90010 21.40000 21.10000 21.10000 21.10000 21.10000 21.10000 21.10000 21.10000 21.10000 21.10000 21.10000 21.40500 20.70150 21.10000 21.10000 23.70000 23.40000 20.30660 20.20170 21.60640 22.30020 22.40070 23.00100 23.10020 22.74680 21.81070 21.50220 21.20160 20.50230 21.31690 21.81560 21.51210 21.92810 21.94120 22.18040 22.94920 23.17860 23.02740 23.12450 23.12460 21.83050 19.47050 18.93670 22.70810 22.72740 21.82800 21.04050 22.52500 23.67470 22.75410 24.21520 25.43730 26.81690 31.30240 33.20430
-9999 -9999 -9999 -9999 -9999 -9999 -9999 -9999 -9999 22.00000 21.20000 21.10000 22.20000 21.40000 21.70000 21.10000 21.10000 21.10000 21.10000 21.10000 21.30000 21.10000 21.80000 21.80000 21.30000 21.10000 21.10000 21.70000 21.10000 21.70000 21.90000 21.50000 24.50000 24.70000 20.60260 22.11620 22.30140 22.80090 23.00020 22.45820 20.30650 21.10210 21.10390 20.63660 19.50190 20.08340 21.30690 21.94140 21.53720 21.74960 21.87570 22.88880 23.18980 23.83170 23.54560 22.69580 22.56710 22.68170 22.69260 22.74810 22.42570 21.67580 21.11290 23.21390 23.74120 24.03180 24.54550 28.97480 32.70590 35.48500 35.49980
-9999 -9999 -9999 -9999 -9999 -9999 -9999 -9999 -9999 -9999 22.40000 21.40000 21.40000 21.10000 21.10000 21.10000 21.10000 21.10000 21.10000 21.50000 22.00000 21.30000 21.70000 -9999 -9999 -9999 -9999 -9999 -9999 23.90000 25.40000 24.50000 24.00000 24.30000 22.70000 22.21230 22.23470 23.00010 23.10010 22.95850 20.81320 21.41540 22.29390 20.07150 19.62350 19.87490 20.50830 21.75410 22.09710 22.09930 22.56740 23.14170 23.18950 23.36770 23.34910 22.69100 22.56860 22.58740 22.46500 22.84660 22.35520 21.60450 23.24590 18.66590 23.60440 24.42380 25.47830 30.11710 35.79250 36.47190 37.07080
-9999 -9999 -9999 -9999 -9999 -9999 -9999 -9999 -9999 -9999 -9999 -9999 21.70000 21.10000 21.10000 21.10000 21.10000 21.10000 21.40000 -9999 -9999 -9999 -9999 -9999 -9999 -9999 -9999 -9999 -9999 -9999 -9999 -9999 -9999 24.80000 22.90380 21.90680 20.60650 21.71060 23.40010 25.10050 21.93830 20.71190 21.82800 21.00940 19.90990 19.73260 20.01180 20.81870 21.62840 21.53650 21.65540 23.08480 23.12750 23.41810 22.76520 22.56110 22.70940 22.88620 23.00960 22.83150 21.80950 21.12040 22.51430 23.46030 23.89930 24.54640 26.60130 31.64500 33.91300 34.37430 34.49780
-9999 -9999 -9999 -9999 -9999 -9999 -9999 -9999 -9999 -9999 -9999 -9999 -9999 -9999 -9999 -9999 -9999 -9999 -9999 -9999 -9999 -9999 -9999 -9999 -9999 -9999 -9999 -9999 -9999 -9999 -9999 -9999 -9999 -9999 22.30410 20.50280 20.70320 20.30350 22.90000 21.42080 22.12180 21.40590 21.09380 21.96960 20.18640 20.52180 21.22730 21.61330 22.14250 21.93530 22.27280 23.18140 22.44210 23.04930 23.25660 22.92950 22.86370 22.83010 22.89940 22.65420 20.84290 23.05100 23.23940 23.49050 23.70420 24.42410 26.84730 32.01700 34.00430 34.08350 33.40770
-9999 -9999 -9999 -9999 -9999 -9999 -9999 -9999 -9999 -9999 -9999 -9999 -9999 -9999 -9999 -9999 -9999 -9999 -9999 -9999 -9999 -9999 -9999 -9999 -9999 -9999 -9999 -9999 -9999 -9999 -9999 -9999 -9999 -9999 21.90900 20.30610 20.40960 23.04830 25.10050 19.80410 20.00210 20.12450 19.90550 20.00600 22.34130 21.31050 21.21220 21.61390 21.82320 21.94050 22.16510 21.74400 22.91880 23.14610 23.31460 23.09200 22.76980 22.84400 22.93980 22.94910 20.34920 18.66460 20.90100 23.47390 23.93910 26.54630 27.41580 30.68460 33.48690 31.36900 -9999
-9999 -9999 -9999 -9999 -9999 -9999 -9999 -9999 -9999 -9999 -9999 -9999 -9999 -9999 -9999 -9999 -9999 -9999 -9999 -9999 -9999 -9999 -9999 -9999 -9999 -9999 -9999 -9999 -9999 -9999 -9999 -9999 -9999 -9999 -9999 -9999 -9999 -9999 21.11380 19.80370 19.40170 19.30300 19.85650 19.96930 20.70420 21.81420 22.33350 21.71610 21.82160 22.14800 21.73300 22.27400 22.25800 23.02460 23.08340 22.84040 23.10140 23.10200 23.23010 20.52420 18.52850 22.77470 23.50250 23.80920 25.65920 27.17890 28.73420 29.73980 29.32140 -9999 -9999
