data/hydroclimate-scenarios/1948-2000.Pcorr55N_Pref_Tref/monthly_summaries/soilm2_monthly_day1_feb.asc
ncols	311
nrows	91
xllcenter	102.75
yllcenter	31.75
cellsize	0.5
NODATA_value	-9999
[rows 0 to 30 of 91, columns 70 to 139 of 311]
-9999 -9999 -9999 -9999 -9999 -9999 -9999 -9999 -9999 -9999 -9999 -9999 -9999 -9999 -9999 -9999 -9999 -9999 -9999 -9999 -9999 -9999 -9999 -9999 -9999 -9999 -9999 -9999 -9999 -9999 -9999 -9999 -9999 -9999 -9999 -9999 -9999 -9999 -9999 -9999 -9999 -9999 -9999 -9999 -9999 -9999 -9999 -9999 -9999 -9999 -9999 -9999 -9999 -9999 -9999 -9999 -9999 -9999 -9999 -9999 -9999 -9999 -9999 -9999 -9999 -9999 -9999 -9999 -9999 -9999
-9999 -9999 -9999 -9999 -9999 -9999 -9999 -9999 -9999 -9999 -9999 -9999 -9999 -9999 -9999 -9999 -9999 -9999 -9999 -9999 -9999 -9999 -9999 -9999 -9999 -9999 -9999 -9999 -9999 -9999 -9999 -9999 -9999 -9999 -9999 -9999 -9999 -9999 -9999 -9999 -9999 -9999 -9999 -9999 -9999 -9999 -9999 -9999 -9999 -9999 -9999 -9999 -9999 -9999 -9999 -9999 -9999 -9999 -9999 -9999 -9999 -9999 -9999 -9999 -9999 -9999 -9999 -9999 -9999 -9999
-9999 -9999 -9999 -9999 -9999 -9999 -9999 -9999 -9999 -9999 -9999 -9999 -9999 -9999 -9999 -9999 -9999 -9999 -9999 -9999 -9999 -9999 -9999 -9999 -9999 -9999 -9999 -9999 -9999 -9999 -9999 -9999 -9999 -9999 -9999 -9999 -9999 -9999 -9999 -9999 -9999 -9999 -9999 -9999 -9999 -9999 -9999 -9999 -9999 -9999 -9999 -9999 -9999 -9999 -9999 -9999 -9999 -9999 -9999 -9999 -9999 -9999 -9999 -9999 -9999 -9999 -9999 -9999 -9999 -9999
-9999 -9999 -9999 -9999 -9999 -9999 -9999 -9999 -9999 -9999 -9999 -9999 -9999 -9999 -9999 -9999 -9999 -9999 -9999 -9999 -9999 -9999 -9999 -9999 -9999 -9999 -9999 -9999 -9999 -9999 -9999 -9999 -9999 -9999 -9999 -9999 -9999 -9999 -9999 -9999 -9999 -9999 -9999 -9999 -9999 -9999 -9999 -9999 -9999 -9999 -9999 -9999 -9999 -9999 -9999 -9999 -9999 -9999 -9999 -9999 -9999 -9999 -9999 -9999 -9999 -9999 -9999 -9999 -9999 -9999
-9999 -9999 -9999 -9999 -9999 -9999 -9999 -9999 -9999 -9999 -9999 -9999 -9999 -9999 -9999 -9999 -9999 -9999 -9999 -9999 -9999 -9999 -9999 -9999 -9999 -9999 -9999 -9999 -9999 -9999 -9999 -9999 -9999 -9999 -9999 -9999 -9999 -9999 -9999 -9999 -9999 -9999 -9999 -9999 -9999 -9999 -9999 -9999 -9999 -9999 -9999 -9999 -9999 -9999 -9999 -9999 -9999 -9999 -9999 -9999 -9999 -9999 -9999 -9999 -9999 -9999 -9999 -9999 -9999 -9999
-9999 -9999 -9999 -9999 -9999 -9999 -9999 -9999 -9999 -9999 -9999 -9999 -9999 -9999 -9999 -9999 -9999 -9999 -9999 -9999 -9999 -9999 -9999 -9999 -9999 -9999 -9999 -9999 -9999 -9999 -9999 -9999 -9999 -9999 -9999 -9999 -9999 -9999 -9999 -9999 -9999 -9999 -9999 -9999 -9999 -9999 -9999 -9999 -9999 -9999 -9999 -9999 -9999 -9999 -9999 -9999 -9999 -9999 -9999 -9999 -9999 -9999 -9999 -9999 -9999 -9999 -9999 -9999 -9999 -9999
-9999 -9999 -9999 -9999 -9999 -9999 -9999 -9999 -9999 -9999 -9999 -9999 -9999 -9999 -9999 -9999 -9999 -9999 -9999 -9999 -9999 -9999 -9999 -9999 -9999 -9999 -9999 -9999 -9999 -9999 -9999 -9999 -9999 -9999 -9999 -9999 -9999 -9999 -9999 -9999 -9999 -9999 -9999 -9999 -9999 -9999 -9999 -9999 -9999 -9999 -9999 -9999 -9999 -9999 -9999 -9999 -9999 -9999 -9999 -9999 -9999 -9999 -9999 -9999 -9999 -9999 -9999 -9999 -9999 -9999
-9999 -9999 -9999 -9999 -9999 -9999 -9999 -9999 -9999 -9999 -9999 -9999 -9999 -9999 -9999 -9999 -9999 -9999 -9999 -9999 -9999 -9999 -9999 -9999 -9999 -9999 -9999 -9999 -9999 -9999 -9999 -9999 -9999 -9999 -9999 -9999 -9999 -9999 -9999 -9999 -9999 -9999 -9999 -9999 -9999 -9999 -9999 -9999 -9999 -9999 -9999 -9999 -9999 -9999 -9999 -9999 -9999 -9999 -9999 -9999 -9999 -9999 -9999 -9999 -9999 -9999 -9999 -9999 -9999 -9999
-9999 -9999 -9999 -9999 -9999 -9999 -9999 86.23880 -9999 -9999 -9999 -9999 -9999 -9999 -9999 -9999 -9999 -9999 -9999 -9999 -9999 -9999 -9999 -9999 -9999 -9999 -9999 -9999 -9999 -9999 -9999 -9999 -9999 -9999 -9999 -9999 -9999 -9999 -9999 -9999 -9999 -9999 -9999 -9999 -9999 -9999 -9999 -9999 -9999 -9999 -9999 -9999 -9999 -9999 -9999 -9999 -9999 -9999 -9999 -9999 -9999 -9999 -9999 -9999 -9999 -9999 -9999 -9999 -9999 -9999
-9999 -9999 -9999 98.53000 78.14780 82.96710 85.34930 85.53000 88.68520 88.82420 91.30310 91.54660 92.42650 92.10840 92.65240 93.21140 96.56060 95.92770 95.00240 95.30430 95.07290 95.29500 92.84280 -9999 -9999 -9999 -9999 -9999 -9999 -9999 -9999 -9999 -9999 -9999 -9999 -9999 -9999 -9999 -9999 -9999 -9999 -9999 -9999 -9999 -9999 -9999 -9999 -9999 -9999 -9999 -9999 -9999 -9999 -9999 -9999 -9999 -9999 -9999 -9999 -9999 -9999 -9999 -9999 -9999 -9999 -9999 -9999 -9999 -9999 -9999
-9999 -9999 -9999 -9999 -9999 82.87920 84.61600 86.70330 87.79330 89.55510 91.65350 92.90830 94.98730 97.53310 97.82690 98.13720 98.88800 99.23420 100.29200 100.79300 101.45900 101.00700 99.44640 -9999 -9999 -9999 -9999 -9999 -9999 -9999 -9999 -9999 -9999 -9999 -9999 -9999 -9999 -9999 -9999 -9999 -9999 -9999 -9999 -9999 -9999 -9999 -9999 -9999 -9999 -9999 -9999 -9999 -9999 -9999 -9999 -9999 -9999 -9999 -9999 -9999 -9999 -9999 -9999 -9999 -9999 -9999 -9999 -9999 -9999 -9999
77.03330 77.31450 77.66290 79.66740 80.58510 81.27120 83.10760 82.93760 85.80990 87.36320 89.63020 91.03080 92.58280 95.03700 96.81880 98.16380 98.75120 98.94810 100.03000 100.11800 101.64500 115.21500 121.13600 100.97000 100.93800 98.43480 96.77710 94.06520 92.29010 -9999 -9999 -9999 -9999 -9999 -9999 -9999 -9999 -9999 -9999 -9999 -9999 -9999 -9999 -9999 -9999 -9999 -9999 -9999 -9999 -9999 -9999 -9999 -9999 -9999 -9999 -9999 -9999 -9999 -9999 -9999 -9999 -9999 -9999 -9999 -9999 -9999 -9999 -9999 -9999 -9999
78.82290 78.17670 78.84610 81.79990 81.94710 81.89150 83.73980 84.32160 85.33960 84.16040 85.25000 91.50540 93.66180 94.73240 96.52360 98.19210 99.82010 98.50020 94.58270 120.19300 106.98900 104.18900 102.18600 102.78200 102.20900 100.40200 98.77480 96.82810 95.68780 94.04440 91.91300 89.60250 88.84150 88.28200 88.33570 86.43900 85.59000 82.72210 82.79530 81.72900 81.42110 80.88350 80.28590 80.99330 -9999 -9999 -9999 -9999 -9999 -9999 -9999 -9999 -9999 -9999 -9999 -9999 -9999 -9999 -9999 -9999 -9999 -9999 -9999 -9999 -9999 -9999 -9999 -9999 -9999 -9999
55.37100 54.89830 56.01260 56.73510 77.22890 83.62370 83.40250 83.66010 84.47030 83.78640 79.89460 82.33380 88.97100 84.10290 91.22060 93.40790 95.09220 94.22510 93.59880 95.90650 101.78300 102.58700 102.44200 99.77500 82.44020 91.81710 94.83670 91.64420 90.70360 93.03770 95.34080 90.35060 90.43030 84.94660 83.89880 83.75280 82.97530 83.04190 82.83470 82.29400 81.94990 82.90320 82.70570 82.61040 117.18900 -9999 -9999 -9999 -9999 -9999 -9999 -9999 -9999 -9999 -9999 -9999 -9999 -9999 -9999 -9999 -9999 -9999 -9999 -9999 -9999 -9999 -9999 -9999 -9999 -9999
90.64200 91.31020 91.24470 82.85510 95.93980 90.08820 90.13510 93.08680 92.35780 94.10530 92.75710 96.31910 95.89600 94.86250 94.09870 92.59450 95.91680 97.74610 98.79830 97.82250 121.65600 103.83900 103.60300 101.12600 99.92330 99.64520 101.29900 96.16840 93.03400 92.42050 92.19870 88.37570 86.51490 86.45110 86.50570 85.05700 85.47910 84.18560 84.02250 84.13620 85.49220 84.26180 84.95810 86.33610 84.21480 -9999 -9999 -9999 -9999 -9999 -9999 -9999 -9999 -9999 -9999 -9999 -9999 -9999 -9999 -9999 83.16200 84.12580 -9999 -9999 -9999 -9999 100.35900 111.17100 116.85300 106.80700
87.97050 88.86560 90.37940 89.65170 93.79500 87.49370 85.50090 88.04300 91.40040 93.88620 94.37570 89.44260 90.51420 91.13830 95.54460 96.07020 94.63620 95.32960 94.71700 120.98400 95.29450 98.39370 98.27000 97.18180 92.06230 91.09050 89.65910 89.77500 91.26530 89.58980 90.06180 88.63720 86.97390 85.29990 84.25540 82.89400 83.32500 81.26430 80.90120 81.64430 109.19200 116.26900 116.38600 117.08900 109.90900 110.16500 109.76200 116.29900 84.03910 91.15710 93.91930 85.88950 87.57220 93.02500 90.77750 90.74270 70.16080 61.30500 61.38230 85.45560 86.15360 79.32460 -9999 -9999 -9999 -9999 -9999 103.39700 109.69100 109.17400
96.25240 98.85820 67.83700 91.64490 98.38120 70.50110 86.89350 88.29930 87.05430 84.35220 82.92260 82.46520 84.12690 84.22260 85.42500 86.87520 111.16600 90.04480 91.35480 90.56460 89.75310 90.21590 90.07490 88.78600 87.63140 88.15570 88.02400 86.50540 87.38490 85.58510 85.34150 85.54340 83.30370 83.31190 84.57170 84.69560 84.42160 84.48880 84.40790 116.77700 116.85900 83.77890 117.09600 85.23960 85.25400 85.70290 84.16580 83.81070 83.67890 88.46990 94.07180 92.59420 86.58580 90.59930 100.38800 104.75600 96.04570 98.97090 98.78160 90.83030 73.65890 73.80910 77.27720 87.06940 92.30770 94.95660 100.06100 102.65800 107.58400 106.61900
88.40320 98.72340 96.77370 86.35090 100.95400 101.04600 94.15350 91.63210 92.51200 80.23510 79.19130 78.29220 80.70950 82.67610 110.25100 86.36500 89.25610 88.86670 88.55630 88.74210 90.29090 89.78040 87.51120 86.62710 85.91370 87.14380 86.46100 85.35350 85.89070 83.92990 84.32230 83.80620 83.58790 82.96900 82.73640 83.73550 83.55750 117.43300 82.79920 81.78290 83.49980 83.99610 83.75090 81.68190 82.76140 84.83620 84.47880 83.99870 82.96670 82.59300 83.38770 86.12090 84.99780 88.16480 88.54590 95.13460 104.18700 105.29900 105.48600 106.55200 105.57600 93.71960 92.59970 86.39810 77.90790 88.83420 95.41010 99.44620 101.49600 103.37400
98.23350 105.91200 107.68100 93.30460 58.35020 85.00620 78.70990 77.86490 85.92540 83.76140 79.49070 79.22390 81.22630 81.04850 82.79380 84.67080 85.44250 85.83110 85.15650 87.25560 97.23890 96.63320 90.95080 90.03330 88.30570 85.65320 85.94160 84.41880 84.16640 84.15880 83.29410 82.84310 115.57100 82.14200 80.98720 82.91030 82.65860 82.72420 86.33630 84.98000 87.32870 84.52790 84.05100 91.95370 95.63300 93.61820 86.10620 82.64400 82.44800 83.55480 85.65740 90.32340 94.14270 94.48270 95.54600 76.76960 75.54760 76.57610 98.89510 101.39000 112.02600 110.91500 108.61800 108.25000 98.36060 95.19670 92.11380 92.82050 93.55180 94.87360
83.13420 100.81700 108.43700 104.49100 91.03600 70.18980 79.33970 76.13410 82.22540 85.75410 79.33490 98.23930 94.25140 83.75840 85.87970 84.36400 81.12230 81.02840 83.01970 85.51300 89.35750 95.32330 90.93970 90.86350 91.02280 85.00730 84.14810 83.04340 81.63230 80.70740 108.88100 81.95730 80.93160 81.25060 82.67440 81.44010 81.13070 83.37810 85.40950 85.24830 92.62650 93.58600 90.20400 91.60270 91.09880 96.90290 95.67510 90.22400 88.43130 83.19690 88.79310 95.43720 94.13580 94.69700 90.09410 98.33870 103.88100 103.29800 106.30100 103.31400 102.55600 103.61800 101.03200 99.05060 107.61700 110.71000 99.77350 107.89700 98.69290 96.89870
87.89330 96.61900 95.39290 92.13210 97.27090 98.63810 73.36390 60.96090 55.50620 81.40500 76.28440 84.33420 103.16100 111.30600 107.65900 97.42510 93.68760 86.75820 82.20360 81.62350 81.59190 83.38140 84.08480 85.02620 83.26660 82.25630 83.50560 82.23390 81.44590 80.02430 80.83960 79.50850 81.77540 88.85540 87.03580 85.63030 88.46610 90.99700 94.62090 92.34420 90.77110 97.02430 100.07500 96.21650 92.37850 92.16030 90.15000 89.56960 88.63620 85.29110 84.88200 83.41600 87.20680 91.20850 94.83840 96.29640 102.44100 102.75000 105.74600 102.10800 105.57400 106.33100 105.72000 94.97610 106.51300 107.71800 103.54900 96.49620 98.17900 96.22620
109.14300 116.39300 111.89000 112.23500 105.53000 108.07600 105.61400 92.32430 92.64770 90.23130 81.30950 76.22330 76.78400 88.05250 96.34190 111.59200 109.37200 109.07100 104.07200 88.88030 70.66520 85.41370 85.07510 84.67220 86.15660 84.69920 86.05500 85.06840 84.25210 82.62840 85.90230 86.10380 94.02700 92.49010 96.24720 94.17860 94.71880 96.06820 98.32920 77.77240 96.22550 97.81100 97.69460 96.64780 96.77910 95.57980 98.10690 97.70450 98.85390 95.21230 92.07110 98.23680 101.13000 102.80800 92.84250 102.35300 101.71500 97.70200 104.87100 106.02600 119.15400 110.01000 111.60600 108.53100 105.78500 105.19400 91.80610 107.27200 107.48500 110.25100
97.59480 105.21800 116.89800 118.62900 119.11600 116.38500 107.10600 101.66800 87.72340 98.60770 91.07560 88.14660 90.99530 90.25200 66.56940 89.43650 72.46510 81.36120 105.43900 112.09300 100.39800 87.01230 97.22540 90.30840 87.83910 84.28220 85.41560 85.75290 84.94110 92.39580 91.15580 95.58240 96.35410 99.21060 94.27600 100.57200 95.72580 96.37680 94.74530 99.34830 98.20610 95.60650 96.80260 96.30020 93.82080 105.57000 107.48500 105.61600 105.61200 102.36700 104.14600 106.61400 106.82800 109.11100 115.23900 99.70080 102.03000 108.19600 111.61900 109.83200 113.68200 113.45000 109.98800 103.73100 89.18760 106.69100 108.74500 106.59000 107.99600 109.07300
103.31100 108.66700 106.88500 105.21600 111.49200 117.15600 114.44100 116.68600 112.48300 109.47100 97.40650 85.56580 104.62400 104.61600 99.91760 117.39800 111.10900 106.61800 67.87760 101.99600 117.48800 109.06700 110.25200 104.99600 90.56850 85.46350 82.97030 84.74140 84.19860 89.51240 90.52430 93.69200 94.35390 94.13560 93.52770 90.42680 94.46600 98.58840 96.20190 100.09400 101.61600 104.05300 102.46300 101.00300 85.11080 72.21550 91.63180 99.41250 108.59300 112.64700 108.59500 107.51600 100.67600 109.92100 102.36900 109.78500 116.71400 110.78700 119.02100 105.27600 106.16800 109.33300 105.52400 105.61800 106.04400 102.92400 103.21100 102.80200 100.01300 102.59100
105.45500 110.79200 107.86700 104.79800 96.51990 102.89700 103.22000 104.77100 105.26900 98.31170 98.06080 94.45850 95.16000 79.22380 94.24520 111.32500 115.72000 112.14000 110.17200 89.81780 98.86650 105.65000 107.18700 102.94100 101.13800 90.49590 85.29350 85.60350 86.16650 89.99850 92.64050 93.09250 91.16280 85.12840 88.50690 93.18090 91.56440 94.29170 96.21650 100.24100 105.85500 104.32800 100.58100 113.61100 93.79830 91.41900 98.24420 104.62300 109.97100 112.69300 107.14500 103.48300 106.07200 115.91800 116.75800 114.03300 110.77700 111.47700 107.25400 113.80700 113.84500 105.98000 99.35430 102.04900 99.20840 98.59380 100.14000 98.64650 104.70800 110.23300
108.91100 118.93500 117.12100 108.69500 107.33600 107.28500 100.24900 98.16720 92.60980 88.30650 83.99470 92.53220 102.47400 99.14290 92.97140 97.46990 110.52300 109.62800 107.32200 109.62800 108.59400 108.27400 99.51890 96.23580 97.23100 97.59600 99.14460 88.94600 86.65130 89.70680 95.65850 92.58310 95.31740 87.11000 92.33220 94.19400 101.35300 102.10100 104.25900 101.41100 117.28600 101.99700 106.90600 108.24300 110.32900 110.75400 102.74700 87.99300 90.75070 91.50490 93.48260 107.61700 105.59400 103.12000 100.92600 101.11100 106.60800 108.70300 109.45400 110.31000 116.08400 112.16900 112.44900 111.30100 107.12300 105.58600 100.96300 104.16300 110.80500 101.81200
110.66300 114.59000 120.44800 112.03100 105.62500 108.06000 111.06800 104.43900 100.09100 89.51610 95.66090 92.84450 96.64990 104.97800 103.54700 102.35900 101.16800 111.22000 105.63500 110.97600 109.62000 110.13700 104.32100 110.04900 100.54800 100.69200 99.26730 96.18700 92.89130 88.90120 90.37240 88.84900 89.03490 89.54520 102.55000 100.41200 95.06430 109.75600 114.45800 94.19520 105.20900 110.33600 110.29500 103.64300 101.19500 98.64360 96.56560 108.21300 95.22180 94.05590 116.99600 95.59340 111.76500 113.85100 113.49500 114.27600 111.84500 108.48800 109.78000 111.58400 112.47400 108.97500 110.48500 110.64900 110.33900 112.54800 89.54950 110.59200 90.64020 96.21150
122.78000 114.70000 112.02200 112.19200 112.14000 111.15800 105.88300 90.71490 96.03690 96.53080 90.59370 84.28800 90.30880 101.96100 108.26700 108.60800 108.00800 107.55400 112.05000 108.29000 106.73400 119.49500 108.23400 107.17900 102.14900 98.92690 102.38600 109.82800 98.67590 95.39580 89.92440 95.28010 90.86020 93.34310 104.00300 105.10200 98.22220 112.09300 108.00700 110.28500 100.34300 102.39700 103.37400 101.93500 112.88200 111.95400 116.05700 114.38600 116.28400 117.31200 115.13600 115.36600 114.33100 111.95300 108.27200 112.00900 112.74700 118.41500 115.72000 112.33400 114.61000 111.50500 114.13100 110.69700 101.24600 104.77500 93.76520 95.35630 95.49840 98.66130
110.24900 118.36700 112.49800 115.23500 113.23200 111.84100 115.50900 102.26600 95.25640 92.33340 107.33700 94.78470 99.48690 100.03500 105.46100 108.82800 110.01000 104.91400 94.87400 104.93800 113.17600 109.52500 110.73900 108.66900 102.50300 99.82990 93.36630 100.07400 95.97170 91.14910 92.57810 88.41290 91.71250 97.34560 100.49700 102.94200 89.91850 104.20400 111.70300 112.35800 119.34200 109.24700 102.79500 112.30700 111.27900 117.42000 117.52100 104.28800 81.84590 93.06770 99.90370 103.05400 104.43700 84.52950 108.87100 113.42400 116.42600 114.54500 111.65600 116.91400 110.37500 112.84000 106.92100 94.64690 99.10880 100.45300 100.32300 101.20100 100.96300 99.32880
110.31500 111.88500 112.92200 114.02700 116.78600 117.66000 117.73400 120.43900 104.87300 109.85700 109.78300 108.14200 106.21600 106.40000 101.44300 110.83900 118.42100 115.28200 108.07200 106.85500 111.70200 99.96040 111.10000 117.36800 113.62600 101.05100 84.86340 107.49800 102.74800 97.56950 100.21300 96.18290 91.95870 100.62800 104.48000 100.00100 104.21300 109.63200 119.54900 123.67300 124.32800 123.14100 113.39800 118.17900 115.62700 105.27900 104.17400 85.07090 85.20660 106.07700 101.08200 -9999 -9999 87.54150 106.62200 110.88400 115.66400 118.82200 113.63200 94.25960 96.14610 96.82900 99.78800 100.90600 103.22600 102.11100 104.06600 104.42800 105.31800 102.37900
115.58500 119.63300 116.96100 116.36700 122.48200 114.47900 125.74000 126.23400 120.07000 114.21700 123.74000 121.74400 117.06600 111.29600 107.91700 115.44200 120.08700 111.29700 108.04400 100.90500 108.72100 97.16430 108.09800 104.67100 112.63300 105.22100 104.60300 110.58200 103.72100 86.08690 103.61900 105.91300 95.86840 100.91900 105.87400 107.05400 114.26500 119.13200 116.24700 113.04100 -9999 -9999 -9999 -9999 109.95000 -9999 93.56200 111.16800 113.03000 113.70500 102.10100 -9999 -9999 100.79300 116.69400 116.04500 106.42400 90.83780 92.04220 95.57020 98.17930 98.52050 100.30300 100.81200 100.49100 100.78000 112.50000 106.95500 105.58300 101.40500
