data/hydroclimate-scenarios/1948-2000.Pcorr55N_Pref_Tref/monthly_summaries/soilm2_monthly_day1_sep.asc
ncols	311
nrows	91
xllcenter	102.75
yllcenter	31.75
cellsize	0.5
NODATA_value	-9999
[rows 0 to 30 of 91, columns 70 to 139 of 311]
-9999 -9999 -9999 -9999 -9999 -9999 -9999 -9999 -9999 -9999 -9999 -9999 -9999 -9999 -9999 -9999 -9999 -9999 -9999 -9999 -9999 -9999 -9999 -9999 -9999 -9999 -9999 -9999 -9999 -9999 -9999 -9999 -9999 -9999 -9999 -9999 -9999 -9999 -9999 -9999 -9999 -9999 -9999 -9999 -9999 -9999 -9999 -9999 -9999 -9999 -9999 -9999 -9999 -9999 -9999 -9999 -9999 -9999 -9999 -9999 -9999 -9999 -9999 -9999 -9999 -9999 -9999 -9999 -9999 -9999
-9999 -9999 -9999 -9999 -9999 -9999 -9999 -9999 -9999 -9999 -9999 -9999 -9999 -9999 -9999 -9999 -9999 -9999 -9999 -9999 -9999 -9999 -9999 -9999 -9999 -9999 -9999 -9999 -9999 -9999 -9999 -9999 -9999 -9999 -9999 -9999 -9999 -9999 -9999 -9999 -9999 -9999 -9999 -9999 -9999 -9999 -9999 -9999 -9999 -9999 -9999 -9999 -9999 -9999 -9999 -9999 -9999 -9999 -9999 -9999 -9999 -9999 -9999 -9999 -9999 -9999 -9999 -9999 -9999 -9999
-9999 -9999 -9999 -9999 -9999 -9999 -9999 -9999 -9999 -9999 -9999 -9999 -9999 -9999 -9999 -9999 -9999 -9999 -9999 -9999 -9999 -9999 -9999 -9999 -9999 -9999 -9999 -9999 -9999 -9999 -9999 -9999 -9999 -9999 -9999 -9999 -9999 -9999 -9999 -9999 -9999 -9999 -9999 -9999 -9999 -9999 -9999 -9999 -9999 -9999 -9999 -9999 -9999 -9999 -9999 -9999 -9999 -9999 -9999 -9999 -9999 -9999 -9999 -9999 -9999 -9999 -9999 -9999 -9999 -9999
-9999 -9999 -9999 -9999 -9999 -9999 -9999 -9999 -9999 -9999 -9999 -9999 -9999 -9999 -9999 -9999 -9999 -9999 -9999 -9999 -9999 -9999 -9999 -9999 -9999 -9999 -9999 -9999 -9999 -9999 -9999 -9999 -9999 -9999 -9999 -9999 -9999 -9999 -9999 -9999 -9999 -9999 -9999 -9999 -9999 -9999 -9999 -9999 -9999 -9999 -9999 -9999 -9999 -9999 -9999 -9999 -9999 -9999 -9999 -9999 -9999 -9999 -9999 -9999 -9999 -9999 -9999 -9999 -9999 -9999
-9999 -9999 -9999 -9999 -9999 -9999 -9999 -9999 -9999 -9999 -9999 -9999 -9999 -9999 -9999 -9999 -9999 -9999 -9999 -9999 -9999 -9999 -9999 -9999 -9999 -9999 -9999 -9999 -9999 -9999 -9999 -9999 -9999 -9999 -9999 -9999 -9999 -9999 -9999 -9999 -9999 -9999 -9999 -9999 -9999 -9999 -9999 -9999 -9999 -9999 -9999 -9999 -9999 -9999 -9999 -9999 -9999 -9999 -9999 -9999 -9999 -9999 -9999 -9999 -9999 -9999 -9999 -9999 -9999 -9999
-9999 -9999 -9999 -9999 -9999 -9999 -9999 -9999 -9999 -9999 -9999 -9999 -9999 -9999 -9999 -9999 -9999 -9999 -9999 -9999 -9999 -9999 -9999 -9999 -9999 -9999 -9999 -9999 -9999 -9999 -9999 -9999 -9999 -9999 -9999 -9999 -9999 -9999 -9999 -9999 -9999 -9999 -9999 -9999 -9999 -9999 -9999 -9999 -9999 -9999 -9999 -9999 -9999 -9999 -9999 -9999 -9999 -9999 -9999 -9999 -9999 -9999 -9999 -9999 -9999 -9999 -9999 -9999 -9999 -9999
-9999 -9999 -9999 -9999 -9999 -9999 -9999 -9999 -9999 -9999 -9999 -9999 -9999 -9999 -9999 -9999 -9999 -9999 -9999 -9999 -9999 -9999 -9999 -9999 -9999 -9999 -9999 -9999 -9999 -9999 -9999 -9999 -9999 -9999 -9999 -9999 -9999 -9999 -9999 -9999 -9999 -9999 -9999 -9999 -9999 -9999 -9999 -9999 -9999 -9999 -9999 -9999 -9999 -9999 -9999 -9999 -9999 -9999 -9999 -9999 -9999 -9999 -9999 -9999 -9999 -9999 -9999 -9999 -9999 -9999
-9999 -9999 -9999 -9999 -9999 -9999 -9999 -9999 -9999 -9999 -9999 -9999 -9999 -9999 -9999 -9999 -9999 -9999 -9999 -9999 -9999 -9999 -9999 -9999 -9999 -9999 -9999 -9999 -9999 -9999 -9999 -9999 -9999 -9999 -9999 -9999 -9999 -9999 -9999 -9999 -9999 -9999 -9999 -9999 -9999 -9999 -9999 -9999 -9999 -9999 -9999 -9999 -9999 -9999 -9999 -9999 -9999 -9999 -9999 -9999 -9999 -9999 -9999 -9999 -9999 -9999 -9999 -9999 -9999 -9999
-9999 -9999 -9999 -9999 -9999 -9999 -9999 79.69590 -9999 -9999 -9999 -9999 -9999 -9999 -9999 -9999 -9999 -9999 -9999 -9999 -9999 -9999 -9999 -9999 -9999 -9999 -9999 -9999 -9999 -9999 -9999 -9999 -9999 -9999 -9999 -9999 -9999 -9999 -9999 -9999 -9999 -9999 -9999 -9999 -9999 -9999 -9999 -9999 -9999 -9999 -9999 -9999 -9999 -9999 -9999 -9999 -9999 -9999 -9999 -9999 -9999 -9999 -9999 -9999 -9999 -9999 -9999 -9999 -9999 -9999
-9999 -9999 -9999 97.02810 74.40830 76.62720 78.95210 79.07900 81.72480 82.38940 84.83590 86.51610 87.56310 88.78930 89.01550 91.11950 94.71910 95.09140 94.10080 92.95010 92.82790 91.67840 89.43850 -9999 -9999 -9999 -9999 -9999 -9999 -9999 -9999 -9999 -9999 -9999 -9999 -9999 -9999 -9999 -9999 -9999 -9999 -9999 -9999 -9999 -9999 -9999 -9999 -9999 -9999 -9999 -9999 -9999 -9999 -9999 -9999 -9999 -9999 -9999 -9999 -9999 -9999 -9999 -9999 -9999 -9999 -9999 -9999 -9999 -9999 -9999
-9999 -9999 -9999 -9999 -9999 78.35630 80.07470 83.12040 84.11730 86.04000 88.12640 89.32470 91.33320 93.23710 93.77040 94.06210 94.80790 95.87530 97.15020 97.67430 98.51440 98.35740 97.01630 -9999 -9999 -9999 -9999 -9999 -9999 -9999 -9999 -9999 -9999 -9999 -9999 -9999 -9999 -9999 -9999 -9999 -9999 -9999 -9999 -9999 -9999 -9999 -9999 -9999 -9999 -9999 -9999 -9999 -9999 -9999 -9999 -9999 -9999 -9999 -9999 -9999 -9999 -9999 -9999 -9999 -9999 -9999 -9999 -9999 -9999 -9999
74.37990 74.26970 74.25090 75.29470 76.02470 77.54740 78.66560 79.55610 82.09670 83.86130 85.43560 87.78040 89.12490 90.84580 92.18210 93.51850 94.07240 95.04210 96.39620 96.41700 98.38950 114.23100 117.01800 98.60130 98.20480 96.14150 94.71720 92.31800 91.70000 -9999 -9999 -9999 -9999 -9999 -9999 -9999 -9999 -9999 -9999 -9999 -9999 -9999 -9999 -9999 -9999 -9999 -9999 -9999 -9999 -9999 -9999 -9999 -9999 -9999 -9999 -9999 -9999 -9999 -9999 -9999 -9999 -9999 -9999 -9999 -9999 -9999 -9999 -9999 -9999 -9999
75.65920 75.20430 75.41820 76.57680 76.77920 77.27890 79.04990 79.96340 80.44990 80.88960 82.00160 86.23830 87.29600 89.30690 91.22790 93.29830 94.39440 92.98950 89.63350 115.72700 103.84300 99.83950 98.31370 99.37110 99.16680 97.21130 95.89430 94.71660 93.84740 91.87730 89.95720 87.44210 87.00730 86.34340 86.24450 84.22990 83.53450 80.98980 81.10600 80.29090 79.75210 78.57580 78.14170 78.46360 -9999 -9999 -9999 -9999 -9999 -9999 -9999 -9999 -9999 -9999 -9999 -9999 -9999 -9999 -9999 -9999 -9999 -9999 -9999 -9999 -9999 -9999 -9999 -9999 -9999 -9999
53.91120 53.72170 54.54060 54.50390 75.21380 79.01580 79.46510 79.10830 79.32500 80.25090 79.31080 80.39370 82.33510 82.14410 84.74850 86.86720 88.80780 88.73130 88.78030 91.52960 97.77060 98.33510 98.99820 95.59890 79.99890 90.27690 90.59030 88.05410 87.05300 90.30880 93.11380 88.01450 88.26140 83.09850 82.32640 81.56790 80.69850 80.94510 81.08770 80.39150 79.93290 80.28310 79.84780 79.72750 111.82500 -9999 -9999 -9999 -9999 -9999 -9999 -9999 -9999 -9999 -9999 -9999 -9999 -9999 -9999 -9999 -9999 -9999 -9999 -9999 -9999 -9999 -9999 -9999 -9999 -9999
84.81440 86.25760 85.33270 80.05290 90.69560 84.98300 85.06320 87.66180 86.91230 88.95700 87.32440 91.68750 91.50830 89.71650 88.76790 86.28340 89.99670 91.11010 92.51210 91.41870 116.38600 98.47970 98.30640 97.26100 96.21020 94.57500 96.85520 91.86760 89.29500 89.10220 88.99500 85.04770 83.22840 84.23500 84.37210 82.46040 83.02750 81.65730 81.35850 81.62480 82.65440 81.54400 81.86860 83.87730 82.44830 -9999 -9999 -9999 -9999 -9999 -9999 -9999 -9999 -9999 -9999 -9999 -9999 -9999 -9999 -9999 79.93690 81.00410 -9999 -9999 -9999 -9999 96.59310 110.44700 119.40300 104.99600
83.06930 82.46310 84.09230 84.48130 87.51330 82.32270 80.39550 83.05340 85.62660 88.81260 89.04310 84.70190 85.96310 85.63600 89.99850 90.21740 88.82550 89.22020 88.97810 114.40500 87.80840 92.29440 92.12440 92.60750 87.10480 85.41050 84.67770 86.16780 87.65790 85.62070 86.66510 85.07220 83.74260 82.59930 81.83540 80.70590 80.76050 78.10910 77.78760 79.02040 108.05100 110.51400 111.56400 112.40300 109.41000 109.39700 109.06600 110.71200 81.89170 88.14710 90.72540 84.40650 86.00240 90.85590 89.46740 88.41780 69.24210 60.57170 60.41230 81.38970 82.32260 78.78270 -9999 -9999 -9999 -9999 -9999 100.86400 106.00500 105.80900
90.97470 93.77010 63.32200 85.27630 91.82740 66.15390 81.12510 81.67560 81.44150 80.11720 79.02270 78.84350 80.28420 79.89620 79.80870 81.40370 108.77200 83.75860 84.10220 83.58270 83.80700 84.78170 84.78180 82.72820 82.16860 82.02800 82.05350 81.85990 82.98500 82.57220 82.22660 82.45160 80.74600 80.78180 81.96970 80.95240 80.47360 80.17330 79.95400 110.45200 110.38600 80.56330 110.73000 82.01470 82.35940 82.92580 81.35160 80.47690 80.08750 85.94500 91.43670 89.20070 82.81210 88.10710 97.92160 103.44500 93.38750 96.06150 95.68060 90.39720 72.31520 72.32230 75.23140 85.71210 88.54380 91.19420 95.94800 98.55010 101.21800 102.93900
82.92990 92.48630 96.23970 80.43140 95.76300 96.65980 88.46050 84.54410 86.22050 76.53520 75.95110 75.35370 77.68070 79.17220 107.90400 80.69760 83.02510 81.43200 82.17030 81.67810 82.83150 84.45170 83.27120 81.62140 81.14050 81.27250 80.85200 80.28880 81.30730 80.09610 80.22240 80.24090 80.26240 80.22460 80.83930 80.58290 79.84980 109.95500 79.20200 78.90570 80.71610 80.59890 80.24300 78.99500 79.81410 80.59330 80.58500 79.69890 78.84270 79.57750 80.11030 82.27810 80.86520 84.84150 85.35740 92.15230 102.40600 103.31200 103.27900 104.63000 103.65000 92.77780 92.14340 84.73530 75.83290 86.77350 89.24790 94.34640 96.14800 98.61010
92.72200 100.73000 107.05700 91.05250 55.67880 79.42240 74.56740 73.49690 80.84670 78.74760 75.13320 74.44500 76.68940 76.66040 76.64760 77.37150 77.92170 78.35540 78.66610 80.30360 90.32580 90.33250 84.43120 82.89870 81.75410 80.15420 80.20040 79.23860 78.60470 80.61630 80.14170 79.79220 109.23200 79.17240 78.32460 78.92300 78.71910 78.77190 82.82550 82.01840 84.22500 80.90730 80.16430 87.75200 92.06100 90.61150 82.86090 79.88660 79.03890 80.59210 82.31630 86.93250 91.35470 90.90180 91.82410 74.71230 73.43270 74.98980 96.74800 99.15910 110.64300 110.11000 108.79000 110.52900 98.93390 95.13730 90.02060 89.68520 89.70710 91.51530
75.94490 94.36470 105.28900 100.20300 88.07900 65.25600 74.84060 72.43080 77.55370 79.63670 75.02190 92.50980 89.09430 80.34430 80.46220 78.23890 75.31700 75.81680 77.15510 79.31470 83.26590 88.42050 83.81340 83.56350 84.50930 78.99590 79.64260 78.01960 76.94400 77.93590 107.33700 78.57100 76.90080 77.31820 80.14650 78.15240 77.60500 79.53830 81.89120 80.99080 88.91570 90.11000 86.95160 88.43980 87.34410 93.50580 91.62380 85.39370 84.72750 80.00480 84.76290 91.30750 90.22760 90.42070 85.61700 94.50120 100.35600 100.82400 105.82800 100.32300 99.04490 99.92620 96.76030 96.64870 106.94900 112.11200 98.80280 107.96500 94.96600 92.83820
79.49840 89.27440 91.53620 90.57210 97.78180 101.44600 68.73770 57.19300 52.50800 75.73900 72.73590 79.61790 98.84040 111.45500 111.08200 96.84630 88.19090 81.01680 76.44640 76.33210 75.55440 76.82700 77.16990 78.01970 78.28920 77.30750 79.15340 77.48380 77.32850 77.01720 77.93880 76.91120 80.05560 85.31350 82.40700 80.53470 83.54980 85.22750 89.51380 86.73080 84.10430 93.31090 96.20210 92.35030 88.09860 87.18680 84.02980 84.55420 83.03870 79.34010 79.87860 79.67750 83.53990 86.20110 90.61970 92.53200 99.54230 99.64610 103.94600 99.15000 105.77600 105.00100 102.96400 90.76270 101.26700 102.43300 97.92500 91.20710 92.79590 90.26520
101.73600 112.96700 108.36100 109.79100 105.23100 109.51600 104.37000 90.34320 89.57280 84.85510 76.23170 71.84710 73.55530 83.05480 92.58400 112.18600 110.53300 108.00900 101.16400 85.65070 66.37270 78.37230 77.33740 77.16120 78.85820 77.92580 80.40870 80.12420 78.52890 80.06090 83.42670 84.46950 92.24080 87.15000 92.33370 88.94760 89.39240 90.83070 93.18550 73.20510 89.54010 92.58910 91.78920 90.82670 90.37620 89.20620 92.02340 92.00890 94.20870 89.32130 85.83200 93.84270 95.87830 98.50430 89.57520 97.73310 97.45860 96.47840 101.25700 102.57500 118.13400 106.84000 108.58500 103.81000 99.77870 99.03240 86.29650 102.27100 101.57100 102.90600
88.83130 100.01500 115.50200 118.83600 119.00400 116.63400 109.08500 103.77000 85.12390 96.27570 86.36580 82.91200 86.63340 84.22490 61.82140 82.79950 66.46710 76.44400 104.43300 109.99100 97.98770 83.10620 92.29500 83.32910 80.39940 77.99490 79.61900 80.82790 80.61760 87.23510 86.97300 92.35080 92.89140 94.79870 88.75230 95.18160 92.81790 91.86790 88.16030 91.90960 90.42010 89.02960 90.74510 91.02870 86.77580 100.87900 103.82100 102.24800 101.99000 97.65270 100.74400 104.19800 103.48800 106.17400 114.78000 97.99020 102.86900 104.07400 110.17400 105.14400 108.36000 108.70800 104.65400 98.06490 83.20920 100.65700 100.37800 97.51400 98.91940 102.54500
95.19590 101.92100 101.83500 100.54500 103.77100 114.61500 112.55700 115.30500 112.37700 108.27600 92.57510 81.31260 102.29500 101.42400 95.53000 117.31300 114.25800 109.56100 62.53840 97.53710 117.92700 110.95400 110.60800 103.36400 83.64000 79.06690 76.17110 79.15900 78.32670 83.61070 85.68780 88.65890 89.29900 88.93550 88.70880 87.08930 90.79190 93.58740 89.74000 92.23130 92.65620 97.21590 95.25570 93.70820 78.92780 67.03570 85.66260 94.49160 104.60500 108.67700 105.11000 104.79200 98.76400 106.38300 100.65800 109.17600 118.57200 107.40000 117.00200 99.16650 99.42610 103.15200 98.63000 98.27120 98.78350 92.07970 92.42120 91.09280 87.39930 93.31660
101.36200 103.30000 99.70410 97.10730 89.35510 95.72790 95.27680 97.43300 98.25050 90.90650 92.10520 89.39810 89.46050 73.35590 87.71080 107.52600 113.40300 114.54100 111.95300 87.83490 93.54300 101.93900 103.68000 98.98730 96.26650 83.04610 77.48140 79.37400 80.75150 84.85560 88.46700 89.15510 87.06230 80.41150 83.93210 89.42520 86.81620 88.08100 89.23830 92.82440 98.43320 96.42750 94.85520 106.93100 87.31340 87.84260 93.27270 100.37400 105.80700 108.15300 104.22900 103.65100 102.78800 111.99100 115.44900 110.27700 105.55100 104.79700 100.26700 109.33700 107.00500 97.42460 89.53450 93.33960 90.16950 87.43500 87.69520 86.87420 95.08860 103.44700
104.55100 111.30100 110.40100 106.78400 104.02800 100.88300 90.27230 87.85710 83.37800 80.69120 78.13880 87.08380 99.34720 94.87670 85.25480 90.34410 105.34300 106.03100 105.59100 112.26200 110.11400 105.70200 93.71120 89.88090 90.95380 90.80830 93.69130 82.86950 80.33380 83.58310 90.59860 88.07470 90.85910 83.14110 88.46880 89.66450 95.05210 96.25330 96.02470 91.02680 109.42000 97.62830 100.66400 101.18800 107.51500 104.96100 95.02790 82.59740 85.90900 86.30180 88.92230 105.11200 100.36000 96.44670 93.31680 92.55370 98.87730 99.55560 101.70900 102.27400 109.18100 104.41200 104.57200 103.95300 98.86270 94.94610 89.30630 92.44300 100.26700 96.93770
100.95600 112.33000 120.02500 111.24700 103.51500 105.73400 104.82500 95.31530 90.08920 82.32530 89.23830 86.30980 91.07470 101.54200 98.30690 93.95600 93.08640 106.94900 105.17000 114.52100 113.88600 108.06700 100.84900 104.30900 92.13230 92.93160 91.94870 88.81810 85.92950 83.24930 84.37700 84.22420 81.84030 85.63190 98.48310 94.14220 87.80060 100.81200 106.82600 85.70600 97.39150 106.27000 108.90000 101.21400 95.13800 91.15820 88.45060 100.09300 86.79280 88.10630 111.98200 91.25690 107.83600 108.51800 108.64000 109.13200 106.34000 101.61200 100.55000 101.53500 98.70570 100.80600 102.48800 102.57200 102.89200 104.82300 81.71670 103.02200 84.61640 90.54690
117.87200 107.47600 109.21200 113.54900 112.52400 110.40400 101.82300 82.88100 85.71430 87.58640 82.70940 77.40190 83.02450 95.02360 105.16300 102.85300 102.14000 104.79700 106.75000 105.40400 102.98700 122.31900 103.64800 101.39700 93.55980 90.07030 94.16770 104.69000 91.84970 89.72780 84.79640 88.69570 83.58470 89.17190 99.80340 98.61800 90.28520 103.32300 99.14620 105.30100 93.76160 95.51680 99.15880 95.22580 107.95700 104.61600 109.89100 103.38600 107.16200 111.12300 109.82200 109.47800 109.51800 105.10900 100.77000 105.21100 104.27300 110.49600 106.70100 100.30400 97.88050 100.96500 105.72500 101.75300 95.34000 100.67500 85.85010 88.86700 89.28000 93.88840
98.75480 115.85400 110.02400 118.48100 116.27700 113.71400 122.26600 103.58200 90.54900 87.05230 100.73300 87.42290 93.32290 91.83340 98.98720 107.73400 105.47600 98.44270 89.37380 98.80630 107.38500 102.54900 106.43600 103.54800 95.08580 90.99560 84.13810 91.62960 87.31870 83.47920 85.83880 79.17700 84.31010 91.91920 94.67610 98.03260 85.69690 96.03740 104.77600 111.18900 120.62400 105.47100 96.45770 110.29200 101.09400 105.61500 103.23200 92.04650 73.56130 85.55600 87.84970 91.90810 94.67160 75.96370 99.48570 105.39700 108.46200 104.99700 101.13400 101.65100 99.56480 102.78500 97.32030 87.50510 94.14660 96.75730 96.06460 98.71150 98.67490 95.70800
98.20470 101.59600 108.68300 116.50800 116.44700 120.48300 121.88400 130.13800 109.20300 110.31100 109.62800 110.79200 106.46100 103.01800 100.80400 109.21900 112.30300 111.09900 103.11000 99.11740 104.65500 95.12490 106.37700 116.46700 105.84000 91.51480 77.59980 99.65410 94.42900 88.64700 91.04800 87.24490 81.29600 92.85410 96.83390 98.52910 98.78710 102.24000 114.21000 124.77100 124.94300 119.05300 100.80500 109.55000 103.50300 91.01550 91.03600 73.87990 74.92550 94.23530 87.83630 -9999 -9999 77.35370 94.86100 98.30510 106.85300 107.73300 101.05600 81.90780 85.78900 87.58030 92.95240 96.31070 101.57500 99.34800 104.58900 107.20100 109.97700 100.16800
112.33400 118.66500 113.12800 115.98000 123.42500 118.12400 125.59800 131.64799 119.82300 117.75200 128.17000 126.98000 119.37800 112.24500 110.34500 114.34400 115.85200 111.80000 105.08500 95.57670 104.91100 91.16790 101.10600 98.48600 106.66600 104.97600 100.27900 106.33400 97.27270 77.83150 94.12950 98.30420 85.14670 91.07000 98.76910 103.17000 109.97200 117.66100 113.88600 107.74800 -9999 -9999 -9999 -9999 96.11610 -9999 82.81450 105.91800 103.85800 102.41200 87.71010 -9999 -9999 93.94270 104.25900 103.56000 96.09690 77.96150 79.44830 84.69840 89.78960 90.92680 93.99580 96.22610 95.87290 96.06940 119.14800 113.97900 111.16500 100.87600
