data/hydroclimate-scenarios/1948-2000.Pcorr55N_Pref_Tref/monthly_summaries/soilm1_monthly_day1_jun.asc
ncols	311
nrows	91
xllcenter	102.75
yllcenter	31.75
cellsize	0.5
NODATA_value	-9999
[rows 0 to 31 of 91, columns 0 to 70 of 311]
-9999 -9999 -9999 -9999 -9999 -9999 -9999 -9999 -9999 -9999 -9999 -9999 -9999 -9999 -9999 -9999 -9999 -9999 -9999 -9999 -9999 -9999 -9999 -9999 -9999 -9999 -9999 -9999 -9999 -9999 -9999 -9999 -9999 -9999 -9999 -9999 -9999 -9999 -9999 -9999 -9999 -9999 -9999 -9999 -9999 -9999 -9999 -9999 -9999 -9999 -9999 -9999 -9999 -9999 -9999 -9999 -9999 -9999 -9999 -9999 -9999 -9999 -9999 -9999 -9999 -9999 -9999 -9999 -9999 -9999 -9999
-9999 -9999 -9999 -9999 -9999 -9999 -9999 -9999 -9999 -9999 -9999 -9999 -9999 -9999 -9999 -9999 -9999 -9999 -9999 -9999 -9999 -9999 -9999 -9999 -9999 -9999 -9999 -9999 -9999 -9999 -9999 -9999 -9999 -9999 -9999 -9999 -9999 -9999 -9999 -9999 -9999 -9999 -9999 -9999 -9999 -9999 -9999 -9999 -9999 -9999 -9999 -9999 -9999 -9999 -9999 -9999 -9999 -9999 -9999 -9999 -9999 -9999 -9999 -9999 -9999 -9999 -9999 -9999 -9999 -9999 -9999
-9999 -9999 -9999 -9999 -9999 -9999 -9999 -9999 -9999 -9999 -9999 -9999 -9999 -9999 -9999 -9999 -9999 -9999 -9999 -9999 -9999 -9999 -9999 -9999 -9999 -9999 -9999 -9999 -9999 -9999 -9999 -9999 -9999 -9999 -9999 -9999 -9999 -9999 -9999 -9999 -9999 -9999 -9999 -9999 -9999 -9999 -9999 -9999 -9999 -9999 -9999 -9999 -9999 -9999 -9999 -9999 -9999 -9999 -9999 -9999 -9999 -9999 -9999 -9999 -9999 -9999 -9999 -9999 -9999 -9999 -9999
-9999 -9999 -9999 -9999 -9999 -9999 -9999 -9999 -9999 -9999 -9999 -9999 -9999 -9999 -9999 -9999 -9999 -9999 -9999 -9999 -9999 -9999 -9999 -9999 -9999 -9999 -9999 -9999 -9999 -9999 -9999 -9999 -9999 -9999 -9999 -9999 -9999 -9999 -9999 -9999 -9999 -9999 -9999 -9999 -9999 -9999 -9999 -9999 -9999 -9999 -9999 -9999 -9999 -9999 -9999 -9999 -9999 -9999 -9999 -9999 -9999 -9999 -9999 -9999 -9999 -9999 -9999 -9999 -9999 -9999 -9999
-9999 -9999 -9999 -9999 -9999 -9999 -9999 -9999 -9999 -9999 -9999 -9999 -9999 -9999 -9999 -9999 -9999 -9999 -9999 -9999 -9999 -9999 -9999 -9999 -9999 -9999 -9999 -9999 -9999 -9999 -9999 -9999 -9999 -9999 -9999 -9999 -9999 -9999 -9999 -9999 -9999 -9999 -9999 -9999 -9999 -9999 -9999 -9999 -9999 -9999 -9999 -9999 -9999 -9999 -9999 -9999 -9999 -9999 -9999 -9999 -9999 -9999 -9999 -9999 -9999 -9999 -9999 -9999 -9999 -9999 -9999
-9999 -9999 -9999 -9999 -9999 -9999 -9999 -9999 -9999 -9999 -9999 -9999 -9999 -9999 -9999 -9999 -9999 -9999 -9999 -9999 -9999 -9999 -9999 -9999 -9999 -9999 -9999 -9999 -9999 -9999 -9999 -9999 -9999 -9999 -9999 -9999 -9999 -9999 -9999 -9999 -9999 -9999 -9999 -9999 -9999 -9999 -9999 -9999 -9999 -9999 -9999 -9999 -9999 -9999 -9999 -9999 -9999 -9999 -9999 -9999 -9999 -9999 -9999 -9999 -9999 -9999 -9999 -9999 -9999 -9999 -9999
-9999 -9999 -9999 -9999 -9999 -9999 -9999 -9999 -9999 -9999 -9999 -9999 -9999 -9999 -9999 -9999 -9999 -9999 -9999 -9999 -9999 -9999 -9999 -9999 -9999 -9999 -9999 -9999 -9999 -9999 -9999 -9999 -9999 -9999 -9999 -9999 -9999 -9999 -9999 -9999 -9999 -9999 -9999 -9999 -9999 -9999 -9999 -9999 -9999 -9999 -9999 -9999 -9999 -9999 -9999 -9999 -9999 -9999 -9999 -9999 -9999 -9999 -9999 -9999 -9999 -9999 -9999 -9999 -9999 -9999 -9999
-9999 -9999 -9999 -9999 -9999 -9999 -9999 -9999 -9999 -9999 -9999 -9999 -9999 -9999 -9999 -9999 -9999 -9999 -9999 -9999 -9999 -9999 -9999 -9999 -9999 -9999 -9999 -9999 -9999 -9999 -9999 -9999 -9999 -9999 -9999 -9999 -9999 -9999 -9999 -9999 -9999 -9999 92.34710 96.32020 94.63840 95.10110 94.48850 95.30250 94.60730 94.77310 94.02460 96.44290 -9999 -9999 -9999 -9999 -9999 -9999 -9999 -9999 -9999 -9999 -9999 -9999 -9999 -9999 -9999 -9999 -9999 -9999 -9999
-9999 -9999 -9999 -9999 -9999 -9999 -9999 -9999 -9999 -9999 -9999 -9999 -9999 -9999 -9999 -9999 -9999 -9999 -9999 -9999 -9999 -9999 -9999 -9999 -9999 -9999 -9999 -9999 -9999 -9999 -9999 -9999 -9999 -9999 -9999 -9999 -9999 -9999 95.05650 91.88490 91.89230 89.86650 90.46070 95.17670 93.68270 96.09230 95.71060 96.82050 94.31150 91.36360 89.14340 99.71700 101.84900 90.92100 -9999 -9999 -9999 -9999 -9999 -9999 -9999 -9999 -9999 -9999 -9999 -9999 -9999 -9999 -9999 -9999 -9999
-9999 -9999 -9999 -9999 -9999 -9999 -9999 -9999 -9999 -9999 -9999 -9999 -9999 -9999 -9999 -9999 -9999 -9999 -9999 -9999 -9999 -9999 -9999 -9999 -9999 -9999 -9999 -9999 -9999 -9999 -9999 -9999 -9999 -9999 -9999 -9999 -9999 -9999 -9999 -9999 93.09660 92.18510 91.93760 94.33180 94.18130 91.96520 92.48370 90.94010 96.58630 97.39490 96.46940 91.49720 87.09850 77.03610 -9999 -9999 -9999 -9999 -9999 -9999 -9999 -9999 -9999 -9999 -9999 -9999 -9999 -9999 -9999 -9999 -9999
-9999 -9999 -9999 -9999 -9999 -9999 -9999 -9999 -9999 -9999 -9999 -9999 -9999 -9999 -9999 -9999 -9999 -9999 -9999 -9999 -9999 -9999 -9999 -9999 -9999 -9999 -9999 -9999 -9999 -9999 -9999 -9999 -9999 -9999 -9999 -9999 -9999 -9999 -9999 -9999 -9999 -9999 -9999 -9999 92.07970 94.61050 94.16460 91.97010 92.46320 98.38080 94.93520 93.11450 83.72810 77.64470 -9999 -9999 -9999 -9999 -9999 -9999 82.14780 -9999 -9999 -9999 -9999 -9999 -9999 -9999 -9999 -9999 -9999
-9999 -9999 -9999 -9999 -9999 -9999 -9999 -9999 -9999 -9999 -9999 -9999 -9999 -9999 -9999 -9999 -9999 -9999 -9999 -9999 -9999 -9999 -9999 -9999 -9999 -9999 -9999 -9999 -9999 -9999 -9999 -9999 -9999 -9999 -9999 -9999 -9999 -9999 -9999 -9999 -9999 97.59830 97.41980 92.85660 92.56300 96.28940 96.01700 96.98490 97.84960 98.24370 97.63810 90.66750 81.68330 83.44520 -9999 -9999 -9999 -9999 -9999 78.94260 78.65680 77.88360 77.20960 75.81310 75.10260 74.44510 74.33790 76.24100 76.11220 76.15990 77.15500
-9999 -9999 -9999 -9999 -9999 -9999 -9999 -9999 -9999 -9999 -9999 -9999 -9999 -9999 -9999 -9999 -9999 -9999 -9999 -9999 -9999 -9999 -9999 -9999 -9999 -9999 -9999 -9999 -9999 -9999 -9999 -9999 -9999 -9999 -9999 -9999 -9999 -9999 -9999 -9999 -9999 94.96820 94.63110 95.53860 96.94260 97.57720 99.87010 98.51330 97.39660 98.40910 97.75030 93.30310 86.52700 86.24180 83.85550 81.75430 80.71930 -9999 75.97170 76.51100 75.30990 74.16020 75.01010 75.29640 74.59110 72.64060 71.80000 73.35980 72.81790 74.72880 75.34610
-9999 -9999 -9999 -9999 -9999 -9999 -9999 -9999 -9999 -9999 -9999 -9999 -9999 -9999 -9999 -9999 -9999 -9999 -9999 -9999 -9999 -9999 -9999 -9999 -9999 -9999 -9999 -9999 -9999 -9999 -9999 -9999 -9999 -9999 -9999 96.38770 95.15210 95.70760 95.93690 91.14160 90.84830 90.81090 91.46820 95.38060 97.44210 99.84180 97.77900 97.05350 98.65430 98.82490 95.69010 96.86690 92.10660 90.31960 84.93090 82.97350 84.28000 82.26100 74.18250 73.58020 74.29830 75.93850 73.21560 76.73310 77.87650 71.50100 72.60930 76.24170 72.26390 68.94100 69.81860
-9999 -9999 -9999 -9999 -9999 -9999 -9999 -9999 -9999 -9999 -9999 -9999 -9999 -9999 -9999 -9999 -9999 -9999 -9999 -9999 -9999 -9999 -9999 -9999 -9999 -9999 -9999 -9999 -9999 -9999 -9999 -9999 -9999 -9999 94.52340 93.62820 93.75030 92.83710 91.15400 91.25060 91.77570 90.82570 91.31670 92.61420 91.47250 92.09170 91.88910 95.54850 97.95410 97.09650 88.53790 91.44530 88.76180 86.13720 85.47910 88.67210 86.27920 77.72400 70.73590 70.21400 71.05530 70.73140 74.12490 75.96990 69.62950 71.50400 74.40640 76.61650 79.39380 75.31000 78.09080
-9999 -9999 -9999 -9999 -9999 -9999 -9999 -9999 -9999 -9999 -9999 -9999 -9999 -9999 -9999 -9999 -9999 -9999 -9999 -9999 -9999 -9999 -9999 -9999 -9999 -9999 -9999 -9999 -9999 -9999 -9999 -9999 -9999 94.23530 94.54340 93.68200 93.86460 91.11470 90.16770 89.02920 90.03910 90.27520 92.27710 92.78020 88.49070 90.93350 92.75530 95.07340 95.20070 94.81100 91.36170 87.80520 86.53700 84.25180 84.30720 84.93460 83.67590 79.20780 72.31140 69.94020 73.41620 68.91660 67.69270 65.27970 66.20750 71.12790 75.69310 77.12610 78.38960 76.92190 82.37180
-9999 -9999 -9999 -9999 -9999 -9999 -9999 -9999 -9999 -9999 -9999 -9999 -9999 -9999 -9999 -9999 -9999 -9999 -9999 -9999 -9999 -9999 -9999 -9999 -9999 -9999 -9999 -9999 -9999 -9999 -9999 92.80280 91.86230 90.21050 90.42680 91.54960 90.67290 90.22030 89.89330 89.90390 90.46310 90.12950 93.65080 89.17670 87.52460 89.43630 91.02090 94.23410 92.69360 88.47220 84.26730 78.99550 77.98140 79.84950 86.73420 80.84760 78.19490 74.81120 78.07710 73.25040 68.34120 65.75490 66.99380 64.39540 66.06200 69.90310 72.13550 72.50180 74.85760 80.37310 81.76900
-9999 -9999 -9999 -9999 -9999 -9999 -9999 -9999 -9999 -9999 -9999 -9999 -9999 -9999 -9999 -9999 -9999 -9999 -9999 -9999 -9999 -9999 -9999 -9999 -9999 -9999 -9999 -9999 -9999 87.08900 87.82770 90.15010 89.72630 88.30970 87.91850 87.45810 88.48630 92.23160 90.17530 88.74740 89.86390 90.91220 88.55790 85.61740 85.87390 87.97030 88.63110 94.84130 89.24760 87.22200 82.84060 81.50800 79.87600 81.67740 86.72960 86.47310 82.84790 80.88950 77.29670 70.55650 66.93660 67.92890 67.56610 68.12840 66.26940 68.53930 71.79030 73.90860 75.16960 74.86640 75.40300
-9999 -9999 -9999 -9999 -9999 -9999 -9999 -9999 -9999 -9999 -9999 -9999 -9999 -9999 -9999 -9999 -9999 -9999 -9999 -9999 -9999 -9999 -9999 -9999 92.43830 90.04990 87.51020 86.42630 85.89670 85.05180 87.22340 85.47050 87.31320 86.56900 86.22000 86.14450 90.04220 92.30170 92.32940 88.34200 88.94910 86.72370 82.06250 83.20380 83.75200 84.96060 84.89640 90.72820 92.71980 90.40650 88.64760 85.41900 81.64950 86.60850 87.40890 85.08990 80.22020 77.63730 77.09330 70.33430 65.46050 64.66860 65.61670 66.53030 67.25400 71.11700 69.66880 70.58880 71.44540 73.11940 80.88950
-9999 -9999 -9999 -9999 -9999 -9999 93.01770 93.54190 93.21260 93.68390 94.36930 -9999 -9999 -9999 -9999 -9999 -9999 -9999 -9999 -9999 -9999 92.40490 91.17000 92.29950 92.68210 89.77720 87.22480 86.44950 86.92580 86.19580 85.34930 87.13040 87.20990 85.46830 85.64250 84.55570 86.62580 90.26400 92.95220 83.23390 84.67410 87.46120 86.81110 82.10550 81.89300 83.29960 83.12890 89.64460 92.68230 89.85320 86.53680 82.96050 83.81630 92.57110 86.46410 81.48190 79.81820 77.02830 70.43440 66.37930 65.42960 64.24230 67.75170 68.93550 70.56940 67.39050 64.96740 72.21500 73.63490 73.16280 71.42620
-9999 -9999 -9999 -9999 -9999 93.54330 93.10370 89.98530 91.77150 93.86410 94.11890 94.89400 95.23250 95.60730 -9999 -9999 -9999 93.49760 93.78280 93.85080 92.87250 91.12420 90.54420 88.58810 93.08050 96.00250 94.68240 93.00870 94.18890 93.37820 94.68480 96.34580 95.69750 95.84670 92.40130 92.89930 97.48810 97.69560 93.75630 88.86520 89.68410 94.23020 90.86370 90.51100 92.68680 90.20660 91.61980 94.92830 93.81180 87.88640 87.02940 83.22780 86.12870 82.16190 78.57360 77.85840 80.75650 76.72140 70.58250 67.35350 66.40140 71.19280 63.80200 68.92550 70.27460 77.82240 78.79790 79.55020 77.39430 79.91860 76.71620
-9999 92.88410 93.03330 93.99610 92.40140 92.19390 94.07560 91.91660 91.92440 93.23230 93.68110 95.57360 95.97890 96.27060 94.77390 94.15320 92.46370 92.74710 93.52900 92.33590 90.56130 89.69640 89.91510 95.85470 96.38440 100.16100 100.30400 98.77270 98.73150 95.95670 95.15230 94.83490 92.03940 94.22030 97.08160 96.61380 96.96480 94.76690 89.79380 88.17900 89.79180 93.09410 94.66570 86.30760 96.46230 95.46450 92.62470 93.18440 90.21460 89.32210 92.11360 91.55290 89.38240 81.09890 83.89690 83.35070 80.99480 73.35620 74.08420 68.30740 68.68980 68.20580 74.02750 73.81290 76.84280 76.26960 77.49370 79.05720 77.53130 82.84390 87.32660
-9999 94.07960 93.87390 94.05860 94.49590 95.02780 94.54720 95.90900 94.73650 95.19690 96.38370 94.84430 95.08950 95.33090 94.59620 94.15560 95.19700 93.38830 92.80680 92.53650 92.14110 92.03750 94.91210 97.41120 96.93670 96.45350 95.87440 95.67460 96.63430 95.83650 92.78580 92.50600 93.99630 93.80760 92.34620 92.51570 94.93700 92.85770 90.48770 87.74130 88.83850 92.04440 96.32080 84.88930 87.38820 88.97520 90.63770 91.64740 94.14210 94.74680 91.39280 88.57610 82.53060 85.93000 82.37240 79.69560 78.75070 77.24930 71.43540 66.43050 69.29300 70.80060 73.18650 67.77730 75.02820 75.39610 78.64490 73.92840 76.92920 75.73960 78.60870
-9999 -9999 -9999 99.02810 99.60770 100.71400 100.13700 100.71500 99.99730 100.94100 97.49230 98.14140 98.17300 97.08830 94.64030 94.40130 96.55340 95.59150 96.05420 96.26260 96.95380 96.65070 97.63310 99.90670 97.94380 96.97750 96.00130 93.35130 92.24650 93.18480 93.92070 93.81380 91.89480 90.22600 88.40320 86.54570 94.85220 93.23350 90.66440 87.09660 82.35480 81.06750 81.08470 80.92600 80.50860 79.47000 86.23600 89.96320 90.14520 87.64970 86.70940 89.13270 87.24290 87.77850 85.42320 83.15550 77.13620 71.21630 72.49390 67.62270 68.07000 74.54030 71.19600 77.95200 75.29120 76.18450 76.36940 80.03180 81.06050 80.31050 81.04720
-9999 -9999 -9999 -9999 -9999 -9999 100.55100 101.62800 101.15200 100.08200 100.19300 101.65200 100.11600 99.72950 97.47090 98.74620 98.05760 97.72430 94.44770 94.01100 98.99970 100.67500 101.33500 99.04630 97.37550 99.41540 96.63680 91.41660 88.09430 90.43960 89.98530 88.23840 86.11670 78.80600 85.38430 77.21220 80.92660 83.66940 79.97070 81.01410 77.83520 75.29920 75.80590 74.94740 78.71970 78.02220 79.58230 84.32240 85.51010 88.80980 93.25800 96.56060 98.24940 84.90120 87.83280 93.77880 82.30580 83.24450 82.70550 75.07720 74.12130 74.67870 73.95780 72.65600 74.11080 76.86920 75.12980 80.92960 83.09700 82.39010 79.59080
-9999 -9999 -9999 -9999 -9999 -9999 98.92350 99.44220 96.51300 101.35700 100.00000 99.17650 99.50130 98.87220 99.39090 98.81770 99.70700 99.81490 100.69300 101.69100 101.78700 99.91210 101.12500 101.06800 99.68340 96.33580 93.29930 90.95750 81.29530 80.37430 81.67750 79.43540 79.16710 76.87200 78.52120 76.44520 75.76010 75.44230 74.01920 70.78940 77.56040 75.74140 74.54900 73.42490 71.95130 73.31470 75.76350 75.04090 74.12950 79.33140 82.21080 83.41130 86.75860 87.11660 87.97420 85.94420 85.23140 87.90420 84.19660 86.26410 87.25380 86.45830 84.67590 76.69940 78.63060 76.90890 79.73290 80.00990 79.42350 81.36660 81.47550
-9999 -9999 -9999 -9999 -9999 -9999 -9999 -9999 -9999 -9999 93.72040 99.27200 98.80180 94.54130 92.71630 98.28320 102.23600 102.85800 102.96100 97.79730 96.46860 92.88650 95.25670 98.70340 97.82180 99.23000 97.58500 93.42420 89.34790 86.53380 86.17870 83.70730 81.25180 76.08590 76.20500 72.69420 73.31650 72.13530 70.11370 69.32750 76.75350 81.45230 83.50220 79.46490 77.44660 76.70940 77.96510 80.40350 73.66700 72.75250 71.25400 69.69840 69.73430 72.17110 72.34240 72.26900 70.97590 62.41080 66.89510 73.70800 68.63460 76.72480 78.58120 82.89500 84.22490 80.67460 82.64380 80.57650 79.76310 79.34860 81.55360
-9999 -9999 -9999 -9999 -9999 -9999 -9999 -9999 -9999 -9999 87.91750 89.27750 95.50540 88.92720 93.43430 100.16300 103.80800 103.82500 102.96400 101.74500 102.65900 99.37920 97.97240 99.67100 98.15360 96.17930 93.14450 90.77130 89.14750 85.39490 82.89120 82.35180 80.37880 76.88940 81.34610 78.14850 79.90030 81.35000 78.93680 78.59880 80.76290 84.47220 83.09820 80.42290 81.02800 83.23520 83.05130 85.97820 86.01810 75.59220 69.02970 68.59670 67.83440 64.36990 69.56870 64.79290 61.15380 61.87070 59.18720 62.36480 62.20530 61.30200 61.88410 71.41500 72.42690 72.74520 75.58370 80.87060 75.88550 79.50850 82.48740
-9999 -9999 -9999 -9999 -9999 -9999 -9999 -9999 -9999 -9999 -9999 -9999 85.12360 86.49750 88.69140 89.79730 95.80600 94.13350 97.63650 98.95020 96.56690 95.40960 94.75790 92.23340 93.15000 90.79940 90.11370 89.39990 87.95610 84.75120 81.28050 84.00640 83.72850 86.02370 86.03940 84.85370 83.23060 83.07760 80.58730 81.83030 82.50260 83.03260 83.68610 81.82790 80.97500 80.06100 81.06760 82.98040 83.59390 82.69950 75.39780 73.69500 67.31320 71.46020 67.31250 56.45210 53.97870 60.65320 60.40240 61.00000 60.25910 60.03520 59.68290 70.20040 64.49050 67.17710 73.90900 78.76690 79.70660 78.73200 82.90520
-9999 -9999 -9999 -9999 -9999 -9999 -9999 -9999 -9999 -9999 -9999 -9999 81.39840 84.28080 86.22120 89.67320 88.69860 90.22510 96.12600 95.00290 92.33020 93.34420 97.29170 87.47460 91.58960 90.02700 88.91960 87.75410 86.65630 84.15510 83.03230 85.92830 85.56780 85.71290 85.13440 83.71070 82.86190 85.57030 82.44480 82.39330 82.04790 81.33130 81.40370 80.27620 81.20980 78.38250 76.80730 76.32720 69.53130 69.96770 76.34150 72.94070 71.63110 70.52820 67.68930 55.09720 56.44210 61.31580 60.32300 59.50320 57.35910 57.82880 64.31300 62.95690 65.65350 72.88290 75.31090 76.35060 76.56760 83.27930 82.46130
-9999 -9999 -9999 -9999 -9999 -9999 -9999 -9999 -9999 -9999 -9999 82.91230 80.56480 80.06030 82.26290 90.63560 87.75990 87.52530 91.51420 85.47600 88.09220 95.97170 92.50030 93.54640 93.73610 86.00500 88.85190 87.94200 85.38250 84.48850 83.24620 85.28110 85.14420 83.75260 82.70220 79.12680 80.47120 82.68930 83.75900 85.01580 85.39710 84.92880 85.31970 83.96970 81.07130 79.93720 76.48230 74.39730 74.23780 70.05230 70.57880 69.75610 67.81860 60.75640 53.58720 58.15600 60.82390 64.08530 62.12140 59.84830 64.03300 68.68990 69.68480 69.56050 69.04910 69.78470 72.81520 75.02070 79.06400 82.72090 85.09060
-9999 -9999 -9999 -9999 -9999 -9999 -9999 -9999 -9999 -9999 -9999 81.36870 82.46780 81.57430 82.73350 87.54460 87.73390 88.54520 85.73600 91.03280 92.85060 92.63470 94.89920 92.83380 91.40690 86.49490 89.82320 86.49520 84.32400 86.18770 85.17930 83.95450 84.10590 81.93170 83.88690 82.66060 82.08750 85.41710 86.94160 85.77130 84.97520 85.42820 80.99900 78.61720 77.46580 74.23650 73.88250 68.17750 70.32540 68.38410 71.01490 72.19210 70.71680 68.08760 69.35250 71.17210 71.59550 68.62320 69.96350 67.82210 64.72710 72.89140 72.00720 63.90920 64.75320 72.41120 72.01200 74.71110 79.35300 86.86820 87.06000
