data/hydroclimate-scenarios/1948-2000.Pcorr55N_Pref_Tref/monthly_summaries/soilm1_monthly_day1_aug.1950-2000.asc
ncols	311
nrows	91
xllcenter	102.75
yllcenter	31.75
cellsize	0.5
NODATA_value	-9999
[rows 0 to 31 of 91, columns 71 to 141 of 311]
-9999 -9999 -9999 -9999 -9999 -9999 -9999 -9999 -9999 -9999 -9999 -9999 -9999 -9999 -9999 -9999 -9999 -9999 -9999 -9999 -9999 -9999 -9999 -9999 -9999 -9999 -9999 -9999 -9999 -9999 -9999 -9999 -9999 -9999 -9999 -9999 -9999 -9999 -9999 -9999 -9999 -9999 -9999 -9999 -9999 -9999 -9999 -9999 -9999 -9999 -9999 -9999 -9999 -9999 -9999 -9999 -9999 -9999 -9999 -9999 -9999 -9999 -9999 -9999 -9999 -9999 -9999 -9999 -9999 -9999 -9999
-9999 -9999 -9999 -9999 -9999 -9999 -9999 -9999 -9999 -9999 -9999 -9999 -9999 -9999 -9999 -9999 -9999 -9999 -9999 -9999 -9999 -9999 -9999 -9999 -9999 -9999 -9999 -9999 -9999 -9999 -9999 -9999 -9999 -9999 -9999 -9999 -9999 -9999 -9999 -9999 -9999 -9999 -9999 -9999 -9999 -9999 -9999 -9999 -9999 -9999 -9999 -9999 -9999 -9999 -9999 -9999 -9999 -9999 -9999 -9999 -9999 -9999 -9999 -9999 -9999 -9999 -9999 -9999 -9999 -9999 -9999
-9999 -9999 -9999 -9999 -9999 -9999 -9999 -9999 -9999 -9999 -9999 -9999 -9999 -9999 -9999 -9999 -9999 -9999 -9999 -9999 -9999 -9999 -9999 -9999 -9999 -9999 -9999 -9999 -9999 -9999 -9999 -9999 -9999 -9999 -9999 -9999 -9999 -9999 -9999 -9999 -9999 -9999 -9999 -9999 -9999 -9999 -9999 -9999 -9999 -9999 -9999 -9999 -9999 -9999 -9999 -9999 -9999 -9999 -9999 -9999 -9999 -9999 -9999 -9999 -9999 -9999 -9999 -9999 -9999 -9999 -9999
-9999 -9999 -9999 -9999 -9999 -9999 -9999 -9999 -9999 -9999 -9999 -9999 -9999 -9999 -9999 -9999 -9999 -9999 -9999 -9999 -9999 -9999 -9999 -9999 -9999 -9999 -9999 -9999 -9999 -9999 -9999 -9999 -9999 -9999 -9999 -9999 -9999 -9999 -9999 -9999 -9999 -9999 -9999 -9999 -9999 -9999 -9999 -9999 -9999 -9999 -9999 -9999 -9999 -9999 -9999 -9999 -9999 -9999 -9999 -9999 -9999 -9999 -9999 -9999 -9999 -9999 -9999 -9999 -9999 -9999 -9999
-9999 -9999 -9999 -9999 -9999 -9999 -9999 -9999 -9999 -9999 -9999 -9999 -9999 -9999 -9999 -9999 -9999 -9999 -9999 -9999 -9999 -9999 -9999 -9999 -9999 -9999 -9999 -9999 -9999 -9999 -9999 -9999 -9999 -9999 -9999 -9999 -9999 -9999 -9999 -9999 -9999 -9999 -9999 -9999 -9999 -9999 -9999 -9999 -9999 -9999 -9999 -9999 -9999 -9999 -9999 -9999 -9999 -9999 -9999 -9999 -9999 -9999 -9999 -9999 -9999 -9999 -9999 -9999 -9999 -9999 -9999
-9999 -9999 -9999 -9999 -9999 -9999 -9999 -9999 -9999 -9999 -9999 -9999 -9999 -9999 -9999 -9999 -9999 -9999 -9999 -9999 -9999 -9999 -9999 -9999 -9999 -9999 -9999 -9999 -9999 -9999 -9999 -9999 -9999 -9999 -9999 -9999 -9999 -9999 -9999 -9999 -9999 -9999 -9999 -9999 -9999 -9999 -9999 -9999 -9999 -9999 -9999 -9999 -9999 -9999 -9999 -9999 -9999 -9999 -9999 -9999 -9999 -9999 -9999 -9999 -9999 -9999 -9999 -9999 -9999 -9999 -9999
-9999 -9999 -9999 -9999 -9999 -9999 -9999 -9999 -9999 -9999 -9999 -9999 -9999 -9999 -9999 -9999 -9999 -9999 -9999 -9999 -9999 -9999 -9999 -9999 -9999 -9999 -9999 -9999 -9999 -9999 -9999 -9999 -9999 -9999 -9999 -9999 -9999 -9999 -9999 -9999 -9999 -9999 -9999 -9999 -9999 -9999 -9999 -9999 -9999 -9999 -9999 -9999 -9999 -9999 -9999 -9999 -9999 -9999 -9999 -9999 -9999 -9999 -9999 -9999 -9999 -9999 -9999 -9999 -9999 -9999 -9999
-9999 -9999 -9999 -9999 -9999 -9999 -9999 -9999 -9999 -9999 -9999 -9999 -9999 -9999 -9999 -9999 -9999 -9999 -9999 -9999 -9999 -9999 -9999 -9999 -9999 -9999 -9999 -9999 -9999 -9999 -9999 -9999 -9999 -9999 -9999 -9999 -9999 -9999 -9999 -9999 -9999 -9999 -9999 -9999 -9999 -9999 -9999 -9999 -9999 -9999 -9999 -9999 -9999 -9999 -9999 -9999 -9999 -9999 -9999 -9999 -9999 -9999 -9999 -9999 -9999 -9999 -9999 -9999 -9999 -9999 -9999
-9999 -9999 -9999 -9999 -9999 -9999 48.73590 -9999 -9999 -9999 -9999 -9999 -9999 -9999 -9999 -9999 -9999 -9999 -9999 -9999 -9999 -9999 -9999 -9999 -9999 -9999 -9999 -9999 -9999 -9999 -9999 -9999 -9999 -9999 -9999 -9999 -9999 -9999 -9999 -9999 -9999 -9999 -9999 -9999 -9999 -9999 -9999 -9999 -9999 -9999 -9999 -9999 -9999 -9999 -9999 -9999 -9999 -9999 -9999 -9999 -9999 -9999 -9999 -9999 -9999 -9999 -9999 -9999 -9999 -9999 -9999
-9999 -9999 51.21780 45.63250 46.92210 47.39020 49.03030 49.43610 48.28010 48.61600 48.31400 48.10910 47.27770 47.41620 46.41760 47.26570 45.55640 46.23890 49.05890 48.61110 50.13960 49.90850 -9999 -9999 -9999 -9999 -9999 -9999 -9999 -9999 -9999 -9999 -9999 -9999 -9999 -9999 -9999 -9999 -9999 -9999 -9999 -9999 -9999 -9999 -9999 -9999 -9999 -9999 -9999 -9999 -9999 -9999 -9999 -9999 -9999 -9999 -9999 -9999 -9999 -9999 -9999 -9999 -9999 -9999 -9999 -9999 -9999 -9999 -9999 -9999 -9999
-9999 -9999 -9999 -9999 47.31030 47.91700 48.27190 48.41010 47.74780 47.89400 48.22770 48.29390 49.11270 48.89410 49.61450 49.52370 49.68950 50.18530 51.49810 51.64040 51.28270 50.35640 -9999 -9999 -9999 -9999 -9999 -9999 -9999 -9999 -9999 -9999 -9999 -9999 -9999 -9999 -9999 -9999 -9999 -9999 -9999 -9999 -9999 -9999 -9999 -9999 -9999 -9999 -9999 -9999 -9999 -9999 -9999 -9999 -9999 -9999 -9999 -9999 -9999 -9999 -9999 -9999 -9999 -9999 -9999 -9999 -9999 -9999 -9999 -9999 -9999
47.08630 47.05310 47.08700 46.95000 47.67460 48.73660 48.24160 48.39610 47.89780 48.13360 47.88780 48.36110 49.17260 48.92460 49.85760 49.82960 50.25080 50.68820 51.99010 52.86850 52.49950 70.86970 52.35540 52.15070 50.86730 50.13010 50.11260 48.94010 -9999 -9999 -9999 -9999 -9999 -9999 -9999 -9999 -9999 -9999 -9999 -9999 -9999 -9999 -9999 -9999 -9999 -9999 -9999 -9999 -9999 -9999 -9999 -9999 -9999 -9999 -9999 -9999 -9999 -9999 -9999 -9999 -9999 -9999 -9999 -9999 -9999 -9999 -9999 -9999 -9999 -9999 -9999
47.62630 47.75120 47.32510 47.43570 47.85550 48.05340 47.63290 47.74840 47.72460 47.87770 49.63420 49.71940 49.07290 49.10780 50.07340 50.74920 52.03500 51.98940 71.12500 53.02010 52.69020 52.47360 52.73380 51.93120 51.09190 50.86480 50.11110 50.12750 49.32670 49.31390 50.32140 50.11180 50.39520 50.62970 51.30010 51.50230 49.18090 49.00080 48.54840 48.79690 53.39060 53.10130 53.09990 -9999 -9999 -9999 -9999 -9999 -9999 -9999 -9999 -9999 -9999 -9999 -9999 -9999 -9999 -9999 -9999 -9999 -9999 -9999 -9999 -9999 -9999 -9999 -9999 -9999 -9999 -9999 -9999
36.13680 36.83560 35.98940 36.11980 48.68280 48.86100 47.73400 47.85920 47.92190 35.98570 37.33830 49.78520 36.85590 49.19140 50.68830 50.79000 52.47850 52.43680 52.32030 52.98570 53.21990 53.59850 53.27830 41.59570 40.45440 51.42390 50.64070 50.21540 50.07890 50.13030 50.70430 50.72990 50.41910 50.38370 51.27060 51.48620 49.42740 49.35640 49.01490 48.83210 53.42980 53.78870 53.94910 72.93640 -9999 -9999 -9999 -9999 -9999 -9999 -9999 -9999 -9999 -9999 -9999 -9999 -9999 -9999 -9999 -9999 -9999 -9999 -9999 -9999 -9999 -9999 -9999 -9999 -9999 -9999 -9999
51.93620 51.44730 38.84770 51.63400 50.55830 50.49500 52.07670 51.60340 50.37120 49.50680 51.56270 50.97650 52.68290 52.77060 53.14810 53.19930 53.23840 53.96620 54.09920 72.57800 54.20010 53.79620 53.31610 52.95740 52.89210 53.61420 52.91500 52.07580 52.36680 53.27610 51.18300 50.86230 50.51800 50.82390 49.86300 50.09910 50.85690 51.31390 52.26750 52.67470 52.94890 53.34600 53.50090 53.06820 -9999 -9999 -9999 -9999 -9999 -9999 -9999 -9999 -9999 -9999 -9999 -9999 -9999 -9999 -9999 48.45660 49.43160 -9999 -9999 -9999 -9999 50.48350 53.71850 55.23500 54.94040 41.10070 41.07840
51.58940 52.00300 51.11840 51.65110 49.75460 49.12180 50.38320 51.56440 50.44380 50.71870 50.78500 50.68380 53.11070 53.69790 54.18570 54.28040 53.72880 53.26070 72.66960 54.32870 53.36160 53.31740 53.35150 52.36310 52.66020 51.85260 52.22250 52.14640 52.87050 52.65720 50.64240 50.79990 50.81260 51.04200 49.61770 50.26660 51.35800 51.32310 51.95350 52.00480 72.31760 72.36190 72.33100 52.71290 51.38390 50.72790 70.43760 50.36530 52.74510 53.39110 40.56780 41.80340 52.60080 50.74190 50.59430 40.05970 35.87290 36.02160 48.58240 48.50280 37.43230 -9999 -9999 -9999 -9999 -9999 52.28260 54.59820 54.85620 56.96580 56.22290
55.07690 40.44440 53.64660 56.06740 43.25600 52.93540 53.33650 52.85260 49.78440 49.34020 49.53650 49.83970 52.19390 53.00220 53.39120 53.14200 54.31810 54.47370 54.10900 53.16790 51.85380 51.70600 52.05210 51.99450 50.64740 50.64380 50.66220 50.46160 50.50100 50.81730 49.08410 49.05490 49.75060 50.09300 51.42270 51.84850 51.84230 52.79860 70.96810 71.65510 52.65940 71.30640 53.56090 52.82180 50.87600 51.02570 50.98070 50.35360 53.51280 54.63730 51.28510 50.96820 52.06720 54.51570 57.30500 53.53490 52.29630 52.31050 40.53750 38.87650 40.64240 41.36420 39.69520 51.05780 49.20070 50.43840 51.76350 55.39250 52.85430 53.41790 56.38760
55.49280 53.04130 51.89190 56.30420 57.71130 55.68600 55.42070 54.10700 48.74080 48.48950 49.38090 49.46210 51.74300 52.20460 53.55800 54.09360 54.19330 53.87510 54.18530 53.55590 53.17670 51.53220 52.07340 51.35680 50.98000 50.24210 50.66370 50.43910 50.97550 51.18890 49.65530 49.83000 50.05850 49.80470 50.85370 52.14640 71.52350 52.34270 52.18970 52.56120 52.36820 52.36920 53.14750 53.57880 52.76770 51.85590 51.67890 50.76520 52.42400 53.06170 51.73250 50.43570 52.16040 51.90970 53.86200 56.55240 55.19880 54.35440 54.88870 54.86490 43.19220 46.75600 43.80000 40.70610 38.00820 49.83810 50.14630 50.74860 52.76590 54.28940 50.51860
59.22400 61.45900 46.65580 39.34860 53.10970 51.53650 51.33000 52.67950 52.19610 51.55820 52.57380 51.82810 50.75380 51.80280 53.16180 53.74600 53.21570 53.32060 54.51500 56.75500 55.97980 54.92830 55.36110 54.04840 50.04960 49.99530 50.84720 50.75810 50.73330 50.62250 51.85130 71.55480 50.32540 50.64650 51.06250 51.29510 50.65280 50.10250 51.06360 51.86420 52.26520 52.26320 55.59220 56.11210 55.75800 54.01520 51.94460 50.96930 49.54910 50.32070 50.74210 51.02400 51.87530 51.83850 39.80270 38.53770 40.01970 53.48160 53.43600 56.69200 57.36280 57.77310 58.47620 47.17970 45.06650 44.52700 44.58820 44.86060 45.16110 47.06080 47.84000
56.59490 60.30480 59.87390 50.69880 43.25730 51.36820 52.39150 53.87390 54.81890 52.68130 57.18040 55.56150 41.96220 51.34620 51.61880 52.54310 52.03450 52.73110 53.75670 54.69870 55.80880 54.89700 55.63760 53.90920 50.37450 49.52130 50.87230 50.19450 50.90690 50.37570 51.64300 52.16250 50.63560 49.93970 50.07530 51.11650 50.63600 50.66830 51.64360 52.16850 53.38970 52.76560 53.30460 54.09860 56.63530 56.76830 53.62520 53.14790 50.45050 51.92490 52.11820 51.89110 52.18390 51.80570 52.20050 53.32230 55.77070 58.76890 54.51040 53.33210 54.55200 54.22220 45.84980 56.20120 58.17570 47.84650 59.32930 49.63710 47.14950 48.44530 55.55110
55.82300 47.86650 52.52680 55.76880 55.47550 44.73520 42.07640 41.33320 54.03230 53.36140 55.37370 60.47160 59.62120 53.41290 47.45670 52.20060 52.86280 51.94250 52.35970 52.26560 52.81270 53.20880 55.45350 53.87260 51.61530 51.23370 51.80620 50.86550 52.11750 51.91750 51.63420 51.44960 51.22120 51.82450 50.63240 51.56630 51.25270 52.59110 52.28660 52.26110 54.32160 55.16430 53.63290 53.41070 54.50490 53.96420 53.51580 52.45160 50.57290 49.93500 50.23120 50.36290 51.55800 51.87700 51.40160 51.79760 57.18060 59.04900 54.77530 57.87830 57.69600 57.03230 47.58380 56.60670 55.93730 55.82760 47.60270 49.41780 46.52930 55.73860 53.89360
64.21390 63.79340 65.47330 61.41400 63.23980 62.34940 53.35960 49.72150 56.66540 54.41990 54.52180 43.29040 53.63210 55.48080 59.48550 59.06030 62.17790 60.46650 45.49870 43.91190 53.61510 54.04120 56.19200 55.14350 52.73440 52.05630 52.18070 51.82490 52.99500 52.75320 51.59440 53.75110 53.76480 53.85090 51.96930 52.55060 52.49390 53.72710 41.12560 53.40300 54.54790 55.73890 53.92790 54.02040 54.62860 54.76290 54.10980 53.37720 51.89810 51.23820 52.19850 53.79770 55.69780 46.67710 55.10730 54.38680 51.86320 58.12980 56.07310 60.32650 57.48440 57.24600 58.01970 55.37330 55.71840 45.44990 57.30520 57.05340 55.15710 53.96020 50.37910
63.54060 67.61410 64.74610 67.46210 64.94620 63.44120 56.07850 51.16980 58.74800 54.70760 54.36790 55.03270 56.88190 44.14660 55.65570 45.20340 45.15200 59.39990 65.37110 54.21420 50.27160 58.88400 57.31180 56.91440 54.96850 54.51370 53.67220 54.09870 53.66750 52.85700 52.11530 52.14190 54.78910 53.72960 54.31720 51.67340 51.94770 53.01760 54.92590 54.33160 53.05740 53.17310 54.37110 54.86150 57.79620 58.18060 57.43000 56.48070 55.24640 57.64750 58.88890 57.92990 59.32630 63.81800 52.63990 54.82230 58.16580 61.15520 57.50740 56.30310 55.46540 53.95220 53.38960 42.39400 58.35590 56.82210 55.15180 54.24220 53.97250 55.52460 52.39660
64.87190 64.70560 64.52600 65.04950 68.64960 66.49330 66.71570 64.90030 61.72510 57.48150 53.10590 60.79740 62.44950 59.12460 64.52790 61.40310 59.33710 42.35010 61.53070 67.92050 66.67770 65.22880 62.25470 56.51700 55.21920 54.44430 54.31100 54.80740 53.71460 52.91350 53.06730 53.05830 53.82480 53.56890 51.42930 52.27670 53.67800 53.70870 55.06590 55.60540 56.99970 55.08910 55.34290 45.28020 42.66890 53.46500 55.18880 55.43760 57.86310 58.63780 59.69040 47.79320 57.02740 47.45090 61.31380 61.75650 61.03320 62.14670 56.20310 55.63890 52.83080 52.61350 53.89850 55.10350 55.20980 54.41600 54.36620 53.28550 52.29650 53.64240 50.92380
61.79250 62.17620 63.48360 51.46990 60.35630 60.03530 59.26310 59.87250 58.88580 58.03320 56.54230 56.25380 47.25920 56.34450 62.20400 64.86010 62.85530 63.18850 50.24490 57.98470 59.96180 61.75540 60.80840 59.40210 55.80890 53.41860 52.93260 52.50860 52.16600 51.27670 51.56760 50.90500 51.42220 52.13430 52.02650 51.95430 51.93710 52.46490 54.21230 54.96440 58.08780 47.31120 59.22440 46.92590 42.08580 52.56390 53.97500 55.36560 55.78900 57.67130 50.48680 57.47760 57.17630 61.87160 59.88320 58.94260 58.18830 55.99240 59.66530 57.12870 56.09300 54.33620 53.28160 51.02040 51.91470 53.53090 53.67970 52.45200 53.73570 52.89270 38.74670
64.76140 65.18720 65.49810 64.33500 62.53640 59.72190 58.58670 57.56020 56.81680 55.38400 55.12950 58.60870 58.35610 57.05440 58.19190 61.11870 61.94350 62.77380 64.24660 63.06830 61.74550 58.09990 58.06740 58.21860 58.53900 56.84370 53.78170 53.33000 53.92750 54.20470 52.40980 52.32090 51.20110 51.77280 52.03390 54.62780 54.48940 56.83290 55.64190 60.81820 55.76190 60.18000 59.58880 62.30620 61.08890 56.95600 44.80010 45.43220 43.16560 45.98510 57.45250 55.27420 53.64370 52.91490 53.08700 54.07610 55.90370 57.46380 55.83590 57.97490 55.41070 55.22780 53.10280 52.78260 53.03030 53.06440 53.88450 52.89890 40.70100 44.52720 43.12030
67.09530 69.39940 65.37240 56.42440 64.36310 63.90880 59.46910 57.89850 54.76450 54.88660 56.40210 56.79840 61.66140 60.83320 58.92370 58.90890 61.27290 62.71950 65.59070 64.21240 63.04590 60.91410 60.91080 57.72100 57.36840 56.62880 57.15750 54.50050 54.70630 56.16790 53.72470 54.63690 53.88170 56.67150 56.88010 55.10760 58.11640 61.09840 50.44230 60.52080 65.22480 65.64230 58.90240 55.80820 51.76030 50.01180 57.45050 47.93250 46.04380 58.84830 48.82550 60.23830 61.52000 62.41340 61.83390 60.46490 58.77030 57.61730 55.95560 73.09780 53.97200 53.89110 54.12160 53.95860 51.90990 39.38710 51.02780 39.16380 45.27620 48.67100 48.18380
66.75820 66.24040 65.70260 65.38050 65.73910 63.09370 50.85280 56.80800 56.77280 54.46530 53.31870 54.75540 57.23000 62.58190 62.49530 61.67240 62.97790 61.84440 61.55090 61.29030 65.05090 61.51180 57.72420 56.81180 56.31300 57.87650 60.38140 56.27570 54.62930 54.69670 57.15970 56.04090 55.87250 57.43350 58.92690 56.36750 58.25140 59.90340 63.32030 54.51630 56.75350 58.15250 56.62750 66.00550 61.69800 62.16790 58.23400 59.37580 58.74550 59.75970 60.31800 60.60010 61.61840 59.03610 59.79360 58.49250 59.11400 57.06300 55.03610 72.92850 54.49490 54.28640 53.64130 42.10820 44.94410 44.63210 45.19120 43.56830 47.69040 46.13870 46.13090
68.00160 66.57760 68.32680 67.14190 65.68150 65.52210 57.14590 52.63070 51.09520 59.35590 57.05120 59.00270 57.68980 59.88490 62.97520 62.20950 61.00230 48.49230 62.09390 61.77400 59.47770 61.60650 58.85870 55.78630 55.83630 54.48630 55.84480 53.83700 49.73350 51.10370 53.61180 54.25210 55.08500 55.74330 55.59860 46.96380 55.89030 60.16310 63.67800 66.10400 63.88960 55.39280 63.36220 62.36920 75.58180 74.90560 53.27000 40.23540 39.91630 51.95500 53.11570 53.06530 41.56970 55.14620 57.87720 57.15820 56.63720 55.70940 71.69960 53.29410 52.22020 51.85080 44.45170 48.29470 48.15690 49.18740 50.94070 50.04250 47.82530 46.48300 47.03510
65.38450 65.71530 68.72260 68.98940 66.06610 65.60170 65.54680 57.87190 63.48960 60.81150 59.96450 63.52640 61.22530 58.29410 63.99420 63.98000 65.61920 63.06470 61.81700 61.96850 49.06970 62.14920 65.31250 59.39790 56.81950 44.12690 59.01050 56.73900 54.67170 56.36610 54.65060 53.28540 56.31970 57.23990 47.55970 55.85740 59.78680 60.28570 63.72350 65.13090 64.20030 62.34430 64.22470 60.48960 55.43180 54.19410 41.27450 42.12720 55.23250 53.87560 -9999 -9999 42.06140 53.67870 54.10280 56.37720 74.17280 56.00230 42.64950 44.04680 43.05070 47.35710 51.46530 54.84480 50.36720 53.00390 55.13390 57.53090 51.93890 48.39470 58.26310
69.58300 68.34170 69.21640 71.45070 69.28410 71.27990 68.97630 67.78550 66.00570 65.19870 66.74350 67.48400 64.65710 62.81270 66.46150 65.67050 66.26950 62.71630 49.89160 61.70700 53.98930 61.55870 61.90480 64.08940 56.08010 58.78410 59.37840 57.34320 48.55070 58.03390 57.90990 54.33450 55.05030 57.27970 57.59150 60.46770 62.32330 56.84070 54.54000 -9999 -9999 -9999 -9999 52.87170 -9999 47.00830 59.11900 57.68750 58.76020 54.74340 -9999 -9999 44.59040 74.26440 73.77480 56.68790 45.91110 46.27880 45.63760 48.05450 49.55570 51.07960 51.23560 50.57550 49.77630 61.41130 57.01210 56.38940 49.97720 48.79610 48.20580
66.06900 69.02440 69.41890 71.09350 72.39520 69.23120 70.98650 67.00750 66.11530 67.37740 68.72110 69.14500 69.63200 72.13380 69.85180 64.09950 62.98540 65.92870 64.82250 64.97880 68.48970 63.81790 65.87180 64.30530 56.20290 62.60470 53.31920 61.95340 61.14230 59.25560 58.98120 58.87460 58.06120 58.54450 60.76310 59.91330 57.55950 -9999 -9999 -9999 -9999 -9999 -9999 -9999 58.05230 58.70090 57.89950 -9999 -9999 -9999 -9999 -9999 73.51260 57.49950 51.46600 58.89500 60.86170 59.40410 48.33470 50.97310 46.28770 46.22440 46.69060 57.07590 56.54060 44.88180 51.01750 56.02970 50.61230 44.50220 -9999
