data/hydroclimate-scenarios/1948-2000.Pcorr55N_Pref_Tref/monthly_summaries/soilm3_monthly_day1_apr.1950-2000.asc
ncols	311
nrows	91
xllcenter	102.75
yllcenter	31.75
cellsize	0.5
NODATA_value	-9999
[rows 0 to 31 of 91, columns 213 to 283 of 311]
-9999 -9999 -9999 -9999 -9999 -9999 -9999 -9999 -9999 -9999 -9999 -9999 -9999 -9999 -9999 -9999 -9999 -9999 -9999 -9999 -9999 -9999 -9999 -9999 -9999 -9999 -9999 -9999 -9999 -9999 -9999 -9999 -9999 -9999 -9999 -9999 -9999 -9999 -9999 -9999 -9999 -9999 -9999 -9999 -9999 -9999 -9999 -9999 -9999 -9999 -9999 -9999 -9999 -9999 -9999 -9999 -9999 -9999 -9999 -9999 -9999 -9999 -9999 -9999 -9999 -9999 -9999 -9999 -9999 -9999 -9999
-9999 -9999 -9999 -9999 -9999 -9999 -9999 -9999 -9999 -9999 -9999 -9999 -9999 -9999 -9999 -9999 -9999 -9999 -9999 -9999 -9999 -9999 -9999 -9999 -9999 -9999 -9999 -9999 -9999 -9999 -9999 -9999 -9999 -9999 -9999 -9999 -9999 -9999 -9999 -9999 -9999 -9999 -9999 -9999 -9999 -9999 -9999 -9999 -9999 -9999 -9999 -9999 -9999 -9999 -9999 -9999 -9999 -9999 -9999 -9999 -9999 -9999 -9999 -9999 -9999 -9999 -9999 -9999 -9999 -9999 -9999
-9999 -9999 -9999 -9999 -9999 -9999 -9999 -9999 -9999 -9999 -9999 -9999 -9999 -9999 -9999 -9999 -9999 -9999 -9999 -9999 -9999 -9999 -9999 -9999 -9999 -9999 -9999 -9999 -9999 -9999 -9999 -9999 -9999 -9999 -9999 -9999 -9999 -9999 -9999 -9999 -9999 -9999 -9999 -9999 -9999 -9999 -9999 -9999 -9999 -9999 -9999 -9999 -9999 -9999 -9999 -9999 -9999 -9999 -9999 -9999 -9999 -9999 -9999 -9999 -9999 -9999 -9999 -9999 -9999 -9999 -9999
-9999 -9999 -9999 -9999 -9999 -9999 -9999 -9999 -9999 -9999 -9999 -9999 -9999 -9999 -9999 -9999 -9999 -9999 -9999 -9999 -9999 -9999 -9999 -9999 -9999 -9999 -9999 -9999 -9999 -9999 -9999 -9999 -9999 -9999 -9999 -9999 -9999 -9999 -9999 -9999 -9999 -9999 -9999 -9999 -9999 -9999 -9999 -9999 -9999 -9999 -9999 -9999 -9999 -9999 -9999 -9999 -9999 -9999 -9999 -9999 -9999 -9999 -9999 -9999 -9999 -9999 -9999 -9999 -9999 -9999 -9999
-9999 -9999 -9999 -9999 -9999 -9999 -9999 -9999 -9999 -9999 -9999 -9999 -9999 -9999 -9999 -9999 -9999 -9999 -9999 -9999 -9999 -9999 -9999 -9999 -9999 -9999 -9999 -9999 -9999 -9999 -9999 -9999 -9999 -9999 -9999 -9999 -9999 -9999 -9999 -9999 -9999 -9999 -9999 -9999 -9999 -9999 -9999 -9999 -9999 -9999 -9999 -9999 -9999 -9999 -9999 -9999 -9999 -9999 -9999 -9999 -9999 -9999 -9999 -9999 -9999 -9999 -9999 -9999 -9999 -9999 -9999
-9999 -9999 -9999 -9999 -9999 -9999 -9999 -9999 -9999 -9999 -9999 -9999 -9999 -9999 -9999 -9999 -9999 -9999 -9999 -9999 -9999 -9999 -9999 -9999 -9999 -9999 -9999 -9999 -9999 -9999 -9999 -9999 -9999 -9999 -9999 -9999 -9999 -9999 -9999 -9999 -9999 -9999 -9999 -9999 -9999 -9999 -9999 -9999 -9999 -9999 -9999 -9999 -9999 -9999 -9999 -9999 -9999 -9999 -9999 -9999 -9999 -9999 -9999 -9999 -9999 -9999 -9999 -9999 -9999 -9999 -9999
-9999 -9999 -9999 -9999 -9999 -9999 -9999 -9999 -9999 -9999 -9999 -9999 -9999 -9999 -9999 -9999 -9999 -9999 -9999 -9999 -9999 -9999 -9999 -9999 -9999 -9999 -9999 -9999 -9999 -9999 -9999 -9999 -9999 -9999 -9999 -9999 -9999 -9999 -9999 -9999 -9999 -9999 -9999 -9999 -9999 -9999 -9999 -9999 -9999 -9999 -9999 -9999 -9999 -9999 -9999 -9999 -9999 -9999 -9999 -9999 -9999 -9999 -9999 -9999 -9999 -9999 -9999 -9999 -9999 -9999 -9999
-9999 -9999 -9999 -9999 -9999 -9999 -9999 -9999 -9999 -9999 -9999 -9999 -9999 -9999 -9999 -9999 -9999 -9999 -9999 -9999 -9999 -9999 -9999 -9999 -9999 -9999 -9999 -9999 -9999 -9999 -9999 -9999 -9999 -9999 -9999 -9999 -9999 -9999 -9999 -9999 -9999 -9999 -9999 -9999 -9999 -9999 -9999 -9999 -9999 -9999 -9999 -9999 -9999 -9999 -9999 -9999 -9999 -9999 -9999 -9999 -9999 -9999 -9999 -9999 -9999 -9999 -9999 -9999 -9999 -9999 -9999
-9999 -9999 -9999 -9999 -9999 -9999 -9999 -9999 -9999 -9999 -9999 -9999 -9999 -9999 -9999 -9999 -9999 -9999 -9999 -9999 -9999 -9999 -9999 -9999 -9999 -9999 -9999 -9999 -9999 -9999 -9999 -9999 -9999 -9999 -9999 -9999 -9999 -9999 -9999 -9999 -9999 -9999 -9999 -9999 -9999 -9999 -9999 -9999 -9999 -9999 -9999 -9999 -9999 -9999 -9999 -9999 -9999 -9999 -9999 -9999 -9999 -9999 -9999 -9999 -9999 -9999 -9999 -9999 -9999 -9999 -9999
-9999 -9999 -9999 -9999 -9999 -9999 -9999 -9999 -9999 -9999 -9999 -9999 -9999 -9999 -9999 -9999 -9999 -9999 -9999 -9999 -9999 -9999 -9999 -9999 -9999 -9999 -9999 -9999 -9999 -9999 -9999 -9999 -9999 -9999 -9999 -9999 -9999 -9999 -9999 -9999 -9999 -9999 -9999 -9999 -9999 -9999 -9999 -9999 -9999 -9999 -9999 -9999 -9999 -9999 -9999 -9999 -9999 -9999 -9999 -9999 -9999 -9999 -9999 -9999 -9999 -9999 -9999 -9999 -9999 -9999 -9999
-9999 -9999 -9999 -9999 -9999 -9999 -9999 -9999 -9999 -9999 -9999 -9999 -9999 -9999 -9999 -9999 -9999 -9999 -9999 -9999 -9999 -9999 -9999 -9999 -9999 -9999 -9999 -9999 -9999 -9999 -9999 -9999 -9999 -9999 -9999 -9999 -9999 -9999 -9999 -9999 -9999 -9999 -9999 -9999 -9999 -9999 -9999 -9999 -9999 -9999 -9999 -9999 -9999 -9999 -9999 -9999 -9999 -9999 -9999 -9999 -9999 -9999 -9999 -9999 -9999 -9999 -9999 -9999 -9999 -9999 -9999
-9999 -9999 -9999 -9999 -9999 -9999 -9999 -9999 -9999 -9999 -9999 -9999 -9999 -9999 -9999 -9999 -9999 -9999 -9999 -9999 -9999 -9999 -9999 -9999 -9999 -9999 -9999 -9999 -9999 -9999 -9999 -9999 -9999 -9999 -9999 -9999 -9999 -9999 -9999 -9999 -9999 -9999 -9999 -9999 -9999 -9999 -9999 -9999 -9999 -9999 -9999 -9999 -9999 -9999 -9999 -9999 -9999 -9999 -9999 -9999 -9999 -9999 -9999 -9999 -9999 -9999 -9999 -9999 -9999 -9999 -9999
-9999 -9999 -9999 -9999 -9999 -9999 -9999 -9999 -9999 -9999 -9999 -9999 -9999 -9999 -9999 -9999 -9999 -9999 -9999 -9999 -9999 -9999 -9999 -9999 -9999 -9999 -9999 -9999 -9999 -9999 -9999 -9999 -9999 -9999 -9999 -9999 -9999 -9999 -9999 -9999 -9999 -9999 -9999 -9999 -9999 -9999 -9999 -9999 -9999 -9999 -9999 -9999 -9999 -9999 -9999 -9999 -9999 -9999 -9999 -9999 -9999 -9999 -9999 -9999 -9999 -9999 -9999 -9999 -9999 -9999 -9999
19.13600 19.13000 19.43730 19.54000 19.12900 19.34250 -9999 -9999 -9999 -9999 -9999 -9999 -9999 -9999 -9999 -9999 -9999 -9999 -9999 -9999 -9999 -9999 -9999 -9999 -9999 -9999 -9999 -9999 -9999 -9999 -9999 -9999 -9999 -9999 -9999 -9999 -9999 -9999 -9999 -9999 -9999 -9999 -9999 -9999 -9999 -9999 -9999 22.03360 -9999 -9999 -9999 -9999 -9999 -9999 -9999 -9999 -9999 -9999 -9999 -9999 -9999 -9999 -9999 -9999 -9999 -9999 -9999 -9999 -9999 -9999 -9999
19.10420 19.11030 19.12060 19.12500 19.12200 19.42680 19.70910 20.31140 20.92630 21.35800 22.25670 23.46710 23.27510 22.12690 21.91590 22.40880 22.61960 22.54590 23.32480 -9999 -9999 -9999 -9999 -9999 -9999 -9999 -9999 -9999 -9999 -9999 -9999 -9999 -9999 -9999 -9999 -9999 -9999 -9999 -9999 -9999 -9999 -9999 21.33560 20.71890 19.74170 19.15240 19.21810 19.35930 20.06670 -9999 -9999 -9999 19.62760 -9999 -9999 -9999 19.60580 19.68270 19.74620 -9999 -9999 -9999 -9999 -9999 -9999 -9999 -9999 -9999 -9999 -9999 -9999
20.90950 21.51360 22.10510 22.61030 23.30970 23.31140 23.30270 23.31000 23.35960 23.42920 23.45840 23.67030 23.68660 23.82570 23.87360 23.79910 23.72550 23.68740 23.49840 23.46430 23.44990 23.49660 23.55290 23.57310 23.45310 -9999 -9999 -9999 -9999 -9999 18.68700 18.25780 18.26480 20.51370 21.94590 21.26490 20.95580 20.18650 19.94490 19.82240 19.58400 19.11230 19.13780 19.15410 19.19160 19.20550 19.33540 19.41080 19.33850 19.41130 19.48110 19.54860 19.60190 19.61910 19.58710 19.61260 19.72580 19.83560 20.13270 20.11850 19.98120 19.83220 19.91120 19.79240 -9999 -9999 -9999 -9999 -9999 -9999 -9999
23.38590 23.44390 23.48210 23.57430 23.49540 23.56140 23.60010 23.11870 22.13180 21.32070 20.61620 132.26300 132.10100 132.38901 132.12900 132.19501 131.84700 19.45090 19.31880 19.79290 21.82790 22.37770 22.41150 22.71290 22.86950 22.78590 22.61640 22.62120 22.71560 22.64250 22.21960 18.40180 18.26830 18.27080 18.89040 19.13000 19.13590 19.12270 19.11790 19.11740 19.11330 19.11690 19.14060 19.16920 19.21910 19.22260 19.25290 19.26550 19.30790 19.33970 19.40640 19.47500 19.51440 19.53990 19.58020 19.57360 19.55940 19.59910 19.63970 19.65310 19.71090 19.75020 19.88390 20.05530 19.88210 19.85260 19.73340 19.70910 19.70550 19.69790 19.67090
23.45500 23.19810 22.72450 22.28540 21.51060 132.45200 132.07600 131.84900 131.85500 131.65500 131.51199 131.50400 131.58000 131.52100 131.50101 131.50000 131.50101 131.50101 131.61700 131.63600 131.67400 131.73399 131.86301 132.01500 129.77800 129.97301 23.99250 130.24899 22.74900 22.90430 24.76960 20.43070 18.26190 18.67070 19.12640 19.12730 19.14390 19.14410 19.14550 19.13470 19.11860 19.12390 19.14830 19.14260 19.14550 19.16140 19.18360 19.19700 19.21930 19.22320 19.26420 19.32160 19.35670 19.47320 19.47310 19.49490 19.50190 19.48720 19.53200 19.52150 19.56390 19.57740 19.81970 19.90620 19.68430 19.71460 19.69050 19.74690 19.78630 19.78070 19.76460
132.14900 132.14600 131.89500 132.03799 132.10300 131.68401 131.59599 131.53000 131.50301 131.50301 131.50700 131.51199 131.50101 131.50400 131.50101 131.50500 131.50700 131.50301 131.56700 131.54201 131.68700 131.85600 132.11501 130.05600 129.87900 129.88800 131.77600 131.89301 131.79100 22.67450 24.44170 23.71380 19.97210 17.93690 17.93610 17.93670 17.94150 17.96270 17.94460 17.94570 17.93140 17.93350 17.93580 17.93900 17.94330 17.97310 18.03350 18.02090 18.00180 18.46550 19.22700 19.26550 19.32310 19.33670 19.37800 19.44780 19.42750 19.47670 19.48610 19.48310 19.46160 18.33020 18.64370 18.95520 18.90770 18.98640 19.27130 19.67850 19.66670 19.65550 20.20340
132.16600 132.36000 132.46100 132.05000 131.89000 131.79100 131.58000 131.58400 131.53300 131.50600 131.50600 131.50301 131.50400 131.50101 131.50301 131.50200 131.50200 131.50301 131.81900 131.82001 131.71300 131.87399 131.65900 130.09300 129.86200 129.85699 129.73801 129.99500 131.70900 130.18900 22.66430 24.02030 23.21320 18.22780 18.93230 18.86640 18.91040 18.92060 18.90930 18.95010 19.01070 18.96980 18.94510 18.94110 18.82700 18.91410 18.88230 18.94290 19.01950 19.08390 19.14660 18.37880 18.48510 18.52550 18.03600 18.06210 18.10340 18.14930 18.29510 18.65040 18.60650 19.48440 19.52800 19.51610 19.35220 19.37880 19.55000 19.29200 21.35690 22.26150 22.47830
132.21600 132.92400 132.82899 132.21600 131.81200 131.59599 131.52000 131.50700 131.50101 131.50000 131.50101 131.50101 131.50101 131.50101 131.50000 131.50301 131.51100 131.51300 131.60500 131.54800 131.52100 131.53600 131.54601 131.53000 129.80200 129.83701 129.88200 129.88100 129.84900 129.85300 23.37970 22.82350 24.62090 24.83050 24.81590 21.79540 19.46460 18.75890 18.23000 18.22190 19.30470 19.25650 19.09060 18.99950 18.86960 18.90890 18.94020 18.95680 19.04480 19.08380 19.13280 19.15490 19.18330 19.18560 19.14500 19.15350 19.03130 19.05890 19.14660 19.11450 18.52790 19.45120 19.26220 19.33210 19.24710 19.29120 20.44680 22.15750 22.13830 22.21380 22.32840
132.17700 131.88100 131.62900 131.50400 131.50301 131.50200 131.50101 131.50200 131.50101 131.50101 131.50101 131.50000 131.50000 131.50000 131.50101 131.50101 131.50200 131.50200 131.67101 131.62801 131.50700 131.50400 131.50000 131.50101 131.50101 131.54500 129.82600 130.10800 129.83200 129.83000 24.82570 24.79900 24.81010 24.83440 24.84160 24.81630 24.80710 24.79920 24.83890 24.84250 24.65370 23.49650 23.57530 23.58130 20.82130 22.71140 23.21980 22.05520 19.55400 19.28530 19.32570 19.15360 19.18760 19.18350 19.18750 19.19220 18.99730 18.97670 19.02570 19.15900 19.41860 19.30100 19.26130 19.31900 19.22760 19.13490 21.76830 21.91860 21.86330 22.00940 22.12130
132.07600 131.64301 131.52400 131.52800 131.64101 131.96400 132.68900 132.78300 132.37500 131.91800 131.66800 131.54700 131.51500 131.50000 131.50301 131.50900 131.57899 131.51801 131.65401 131.68201 131.50101 131.50000 131.50000 131.50000 131.50000 23.30370 23.30330 23.30740 23.30440 23.85110 24.07720 24.51190 24.48940 24.00960 23.93080 23.61520 23.61170 23.61190 23.94900 23.68080 23.88970 23.89280 23.73940 23.16080 24.01820 23.89600 23.79020 23.77650 23.91000 23.96120 23.25400 22.49100 19.84680 19.44230 19.12770 19.05170 19.04770 19.21570 19.23140 19.55830 19.60200 19.17040 19.10970 19.09930 19.00820 18.95450 21.75540 21.76750 21.85150 21.93590 21.95630
132.04100 132.01100 132.08000 131.88800 131.75600 132.22400 132.72301 132.72701 132.40300 132.36900 132.37500 132.45399 132.10800 132.06900 131.98199 131.65199 131.52800 131.50700 131.71001 131.72600 131.52699 131.50000 23.30000 23.30010 23.30070 23.30040 23.30100 23.30460 23.30660 23.30960 23.32680 23.30470 23.30420 23.30450 23.31880 23.33940 23.33880 23.36570 23.34320 23.34940 23.40790 23.41600 23.42870 23.46000 23.51170 23.55740 23.55660 23.38850 23.63270 24.23550 23.95940 23.91850 23.74530 23.14320 19.59950 19.06640 19.06280 19.40150 19.34350 19.28130 19.16090 19.04950 18.97550 18.98630 18.92580 18.96440 19.81580 21.70240 21.73870 21.76090 21.79160
131.72099 131.74400 131.84100 131.81799 131.78600 131.71800 131.62300 131.70900 132.19200 132.14101 132.29601 132.24001 132.47600 132.42999 132.30600 132.05600 131.68500 131.50301 131.50400 131.71899 131.78300 131.76500 131.74300 131.77400 21.60100 22.60010 23.30060 23.40080 23.40530 23.51140 23.61190 23.74940 23.84950 23.78490 23.68790 23.60160 23.65100 23.60120 23.50620 23.48190 23.64240 23.61560 23.57130 23.63610 23.79810 23.80980 23.75870 23.80410 23.61570 23.65520 23.67910 23.38010 23.82180 23.51970 23.23640 18.97890 18.97480 19.10390 19.04430 19.01580 19.04720 19.05050 18.93470 18.81150 18.82200 18.87220 19.06090 19.64620 21.69060 21.67840 21.68500
131.63400 131.63800 131.59900 131.65401 131.97400 131.83600 132.07500 132.12300 132.05099 131.79100 131.91701 132.11000 132.52200 132.74500 132.71500 131.68700 131.51700 131.50500 131.51100 131.50800 131.50800 131.51900 131.50600 131.52699 131.52000 131.71100 131.50700 131.50000 23.00180 131.50200 131.50301 131.50301 131.50600 131.50400 131.50900 131.51900 23.93730 23.59730 131.61700 131.85800 23.60560 23.67210 23.63550 23.75640 23.82360 23.97050 24.00980 23.83850 23.69290 23.69160 23.70580 23.67490 23.28460 23.81990 23.53710 23.34140 19.16280 18.98060 18.99700 19.01330 19.01030 19.01150 18.89900 18.78850 18.75510 18.80640 19.09930 19.05470 18.87360 21.66130 21.65580
132.45700 132.64700 132.73500 132.69800 132.41400 133.27600 133.29601 133.21400 133.49300 133.66200 133.68600 133.84700 133.39799 132.25600 132.13800 131.62199 131.55901 131.50400 131.57700 131.50500 131.51199 131.52200 131.52200 131.53000 131.50400 131.50200 131.50200 131.50400 131.50800 131.50999 131.50400 131.50400 131.50200 131.50200 131.50400 131.50700 131.51900 131.52200 131.57401 131.67700 131.76401 131.72200 23.83100 24.07200 24.12620 24.10590 24.03770 24.10240 23.93470 23.83120 23.76060 23.80260 23.59270 23.31220 24.05780 23.18240 19.35380 19.32120 19.28480 19.34350 19.12530 19.14040 19.05410 18.99760 18.97670 18.98120 18.97940 18.91040 18.95420 18.98330 21.62130
133.11200 23.69710 21.81890 20.30000 133.34599 133.25800 20.18180 20.25890 20.44000 20.48660 133.77800 20.48610 20.80220 134.21700 134.08099 132.24300 131.51900 131.51199 132.01801 131.82899 131.68201 131.79500 131.63100 131.65401 131.50200 131.50200 131.50101 131.50101 131.50200 131.50200 131.50301 131.50200 131.50200 131.50101 131.50200 131.50800 131.52299 131.53101 131.59100 131.66100 131.65199 131.86900 24.27020 24.13770 24.27770 24.50000 24.61800 24.52280 24.12450 23.95220 23.92640 23.80860 23.74110 23.67550 24.41560 23.46930 21.05910 19.36530 19.44930 19.39830 19.23240 19.33540 19.27600 19.12310 19.00580 18.98280 18.92880 18.99130 19.14480 19.18650 22.10940
22.11730 22.42800 22.12460 23.60050 25.00870 24.88810 24.08980 21.96610 20.05620 19.75180 19.84000 19.87190 22.20710 24.21940 25.56930 133.45900 133.06799 131.51801 132.81000 132.47099 132.37601 132.28600 132.11000 131.73100 131.50101 131.50101 131.50200 131.50200 131.50200 131.50600 131.52299 131.50600 131.50301 131.50101 131.50101 131.50200 131.51300 131.54900 131.57100 131.63901 131.77499 131.78999 24.61220 24.43020 24.46540 24.72150 24.93440 24.92420 24.82310 24.78980 24.39950 24.12110 23.93030 23.85760 24.41580 23.68670 19.88030 19.73240 19.65860 19.65210 18.49040 18.50100 18.48000 18.44480 18.32230 19.18530 19.12890 19.60540 18.98490 20.43360 20.61390
23.66010 24.75450 22.38310 22.41780 22.27910 24.88780 24.86150 24.66130 22.97310 20.22020 18.98630 19.13730 22.34720 22.75030 23.35090 133.48300 134.01801 133.85500 133.55901 133.32300 133.30200 133.75101 133.27000 132.26801 131.62199 131.51601 131.50400 131.50000 131.50101 131.50700 131.50600 131.50101 131.50101 131.50200 131.50101 131.50600 131.52400 131.53300 131.57800 131.70599 131.81900 131.94000 132.15700 25.01330 24.63180 25.09190 25.21980 25.10610 25.21610 25.01120 24.77820 24.40150 24.05600 24.28930 23.95950 22.90660 20.43140 20.19650 20.00920 22.75400 21.28610 20.58970 20.27250 19.35090 18.42690 18.40800 19.29890 20.23550 20.75840 20.82820 20.93150
23.14560 22.88310 23.46280 24.17890 25.37750 24.87970 24.80510 24.95500 25.09830 25.07280 24.57090 23.73900 24.22380 24.88610 23.49500 134.36000 23.58970 25.55360 133.81300 133.80200 133.75200 133.96001 133.65500 132.51199 131.86600 131.59599 131.52901 131.54300 131.51100 131.53500 131.52600 131.50999 131.50900 131.50301 131.53101 131.56200 131.54900 131.63901 131.81200 131.92900 132.00000 25.15920 26.10230 25.97550 25.32210 25.66940 25.52110 25.30580 25.25320 24.97610 24.96360 24.71430 24.40570 24.60090 24.67210 22.42150 21.04930 20.80880 21.49190 21.70100 21.29560 22.74090 22.26010 22.17690 22.86980 22.85960 23.01440 22.89800 23.98800 22.04410 21.84960
27.74560 -9999 27.32270 27.82540 29.13410 28.08120 -9999 27.88090 25.05600 22.51460 21.91680 24.39310 26.24870 26.04370 26.03610 26.29720 26.15280 25.93420 25.98030 25.74340 133.89301 133.75000 134.16200 134.11900 133.64301 132.29700 24.01160 23.84470 23.85900 131.63000 131.66100 131.64200 131.51199 131.52100 131.53300 131.56300 131.66400 131.70599 131.74400 24.58480 24.58970 24.50930 26.61730 26.26280 25.60370 25.75220 25.70080 25.51670 25.68140 25.77620 25.82450 25.64260 25.48820 24.90220 23.90530 21.45800 21.33680 21.06710 20.87460 20.84480 20.54240 20.35610 20.30480 20.10230 19.93980 19.76860 19.70090 20.39410 20.94680 21.44350 21.59970
