data/hydroclimate-scenarios/1948-2000.Pcorr55N_Pref_Tref/monthly_summaries/soilm3_monthly_day1_sep.asc
ncols	311
nrows	91
xllcenter	102.75
yllcenter	31.75
cellsize	0.5
NODATA_value	-9999
[rows 0 to 31 of 91, columns 0 to 70 of 311]
-9999 -9999 -9999 -9999 -9999 -9999 -9999 -9999 -9999 -9999 -9999 -9999 -9999 -9999 -9999 -9999 -9999 -9999 -9999 -9999 -9999 -9999 -9999 -9999 -9999 -9999 -9999 -9999 -9999 -9999 -9999 -9999 -9999 -9999 -9999 -9999 -9999 -9999 -9999 -9999 -9999 -9999 -9999 -9999 -9999 -9999 -9999 -9999 -9999 -9999 -9999 -9999 -9999 -9999 -9999 -9999 -9999 -9999 -9999 -9999 -9999 -9999 -9999 -9999 -9999 -9999 -9999 -9999 -9999 -9999 -9999
-9999 -9999 -9999 -9999 -9999 -9999 -9999 -9999 -9999 -9999 -9999 -9999 -9999 -9999 -9999 -9999 -9999 -9999 -9999 -9999 -9999 -9999 -9999 -9999 -9999 -9999 -9999 -9999 -9999 -9999 -9999 -9999 -9999 -9999 -9999 -9999 -9999 -9999 -9999 -9999 -9999 -9999 -9999 -9999 -9999 -9999 -9999 -9999 -9999 -9999 -9999 -9999 -9999 -9999 -9999 -9999 -9999 -9999 -9999 -9999 -9999 -9999 -9999 -9999 -9999 -9999 -9999 -9999 -9999 -9999 -9999
-9999 -9999 -9999 -9999 -9999 -9999 -9999 -9999 -9999 -9999 -9999 -9999 -9999 -9999 -9999 -9999 -9999 -9999 -9999 -9999 -9999 -9999 -9999 -9999 -9999 -9999 -9999 -9999 -9999 -9999 -9999 -9999 -9999 -9999 -9999 -9999 -9999 -9999 -9999 -9999 -9999 -9999 -9999 -9999 -9999 -9999 -9999 -9999 -9999 -9999 -9999 -9999 -9999 -9999 -9999 -9999 -9999 -9999 -9999 -9999 -9999 -9999 -9999 -9999 -9999 -9999 -9999 -9999 -9999 -9999 -9999
-9999 -9999 -9999 -9999 -9999 -9999 -9999 -9999 -9999 -9999 -9999 -9999 -9999 -9999 -9999 -9999 -9999 -9999 -9999 -9999 -9999 -9999 -9999 -9999 -9999 -9999 -9999 -9999 -9999 -9999 -9999 -9999 -9999 -9999 -9999 -9999 -9999 -9999 -9999 -9999 -9999 -9999 -9999 -9999 -9999 -9999 -9999 -9999 -9999 -9999 -9999 -9999 -9999 -9999 -9999 -9999 -9999 -9999 -9999 -9999 -9999 -9999 -9999 -9999 -9999 -9999 -9999 -9999 -9999 -9999 -9999
-9999 -9999 -9999 -9999 -9999 -9999 -9999 -9999 -9999 -9999 -9999 -9999 -9999 -9999 -9999 -9999 -9999 -9999 -9999 -9999 -9999 -9999 -9999 -9999 -9999 -9999 -9999 -9999 -9999 -9999 -9999 -9999 -9999 -9999 -9999 -9999 -9999 -9999 -9999 -9999 -9999 -9999 -9999 -9999 -9999 -9999 -9999 -9999 -9999 -9999 -9999 -9999 -9999 -9999 -9999 -9999 -9999 -9999 -9999 -9999 -9999 -9999 -9999 -9999 -9999 -9999 -9999 -9999 -9999 -9999 -9999
-9999 -9999 -9999 -9999 -9999 -9999 -9999 -9999 -9999 -9999 -9999 -9999 -9999 -9999 -9999 -9999 -9999 -9999 -9999 -9999 -9999 -9999 -9999 -9999 -9999 -9999 -9999 -9999 -9999 -9999 -9999 -9999 -9999 -9999 -9999 -9999 -9999 -9999 -9999 -9999 -9999 -9999 -9999 -9999 -9999 -9999 -9999 -9999 -9999 -9999 -9999 -9999 -9999 -9999 -9999 -9999 -9999 -9999 -9999 -9999 -9999 -9999 -9999 -9999 -9999 -9999 -9999 -9999 -9999 -9999 -9999
-9999 -9999 -9999 -9999 -9999 -9999 -9999 -9999 -9999 -9999 -9999 -9999 -9999 -9999 -9999 -9999 -9999 -9999 -9999 -9999 -9999 -9999 -9999 -9999 -9999 -9999 -9999 -9999 -9999 -9999 -9999 -9999 -9999 -9999 -9999 -9999 -9999 -9999 -9999 -9999 -9999 -9999 -9999 -9999 -9999 -9999 -9999 -9999 -9999 -9999 -9999 -9999 -9999 -9999 -9999 -9999 -9999 -9999 -9999 -9999 -9999 -9999 -9999 -9999 -9999 -9999 -9999 -9999 -9999 -9999 -9999
-9999 -9999 -9999 -9999 -9999 -9999 -9999 -9999 -9999 -9999 -9999 -9999 -9999 -9999 -9999 -9999 -9999 -9999 -9999 -9999 -9999 -9999 -9999 -9999 -9999 -9999 -9999 -9999 -9999 -9999 -9999 -9999 -9999 -9999 -9999 -9999 -9999 -9999 -9999 -9999 -9999 -9999 19.13190 18.62020 19.12520 19.11500 19.21490 19.41900 19.31570 20.11270 19.81190 19.32130 -9999 -9999 -9999 -9999 -9999 -9999 -9999 -9999 -9999 -9999 -9999 -9999 -9999 -9999 -9999 -9999 -9999 -9999 -9999
-9999 -9999 -9999 -9999 -9999 -9999 -9999 -9999 -9999 -9999 -9999 -9999 -9999 -9999 -9999 -9999 -9999 -9999 -9999 -9999 -9999 -9999 -9999 -9999 -9999 -9999 -9999 -9999 -9999 -9999 -9999 -9999 -9999 -9999 -9999 -9999 -9999 -9999 20.32820 20.40940 20.45220 20.84890 20.44690 19.63560 20.03680 18.81830 18.21310 18.21030 19.51100 20.41270 22.50910 22.74260 22.68120 22.82660 -9999 -9999 -9999 -9999 -9999 -9999 -9999 -9999 -9999 -9999 -9999 -9999 -9999 -9999 -9999 -9999 -9999
-9999 -9999 -9999 -9999 -9999 -9999 -9999 -9999 -9999 -9999 -9999 -9999 -9999 -9999 -9999 -9999 -9999 -9999 -9999 -9999 -9999 -9999 -9999 -9999 -9999 -9999 -9999 -9999 -9999 -9999 -9999 -9999 -9999 -9999 -9999 -9999 -9999 -9999 -9999 -9999 19.73000 19.74170 19.85780 19.95970 20.44880 21.25460 20.33250 20.82010 18.33010 18.21580 18.51510 20.82750 22.35010 22.43920 -9999 -9999 -9999 -9999 -9999 -9999 -9999 -9999 -9999 -9999 -9999 -9999 -9999 -9999 -9999 -9999 -9999
-9999 -9999 -9999 -9999 -9999 -9999 -9999 -9999 -9999 -9999 -9999 -9999 -9999 -9999 -9999 -9999 -9999 -9999 -9999 -9999 -9999 -9999 -9999 -9999 -9999 -9999 -9999 -9999 -9999 -9999 -9999 -9999 -9999 -9999 -9999 -9999 -9999 -9999 -9999 -9999 -9999 -9999 -9999 -9999 19.62640 20.01870 20.33130 21.84430 21.80430 19.71920 20.73760 20.51060 21.63240 22.36360 -9999 -9999 -9999 -9999 -9999 -9999 19.00160 -9999 -9999 -9999 -9999 -9999 -9999 -9999 -9999 -9999 -9999
-9999 -9999 -9999 -9999 -9999 -9999 -9999 -9999 -9999 -9999 -9999 -9999 -9999 -9999 -9999 -9999 -9999 -9999 -9999 -9999 -9999 -9999 -9999 -9999 -9999 -9999 -9999 -9999 -9999 -9999 -9999 -9999 -9999 -9999 -9999 -9999 -9999 -9999 -9999 -9999 -9999 19.72030 19.72330 19.71050 19.66550 19.61720 19.82720 20.23900 20.12440 19.72550 19.70810 20.92070 22.10150 21.83580 -9999 -9999 -9999 -9999 -9999 20.60110 21.10090 22.20070 22.00060 20.40030 20.80030 21.60030 22.40030 23.50120 22.20110 22.40070 21.60060
-9999 -9999 -9999 -9999 -9999 -9999 -9999 -9999 -9999 -9999 -9999 -9999 -9999 -9999 -9999 -9999 -9999 -9999 -9999 -9999 -9999 -9999 -9999 -9999 -9999 -9999 -9999 -9999 -9999 -9999 -9999 -9999 -9999 -9999 -9999 -9999 -9999 -9999 -9999 -9999 -9999 20.77770 19.90780 19.64470 19.61330 19.60810 20.43020 20.35110 19.81320 20.70760 21.60910 22.92790 22.32720 22.31140 22.02810 22.23370 21.01960 -9999 20.80730 23.40110 23.50090 23.40060 23.30050 22.40060 22.90070 23.50110 22.60140 22.20240 21.50230 20.70130 20.40090
-9999 -9999 -9999 -9999 -9999 -9999 -9999 -9999 -9999 -9999 -9999 -9999 -9999 -9999 -9999 -9999 -9999 -9999 -9999 -9999 -9999 -9999 -9999 -9999 -9999 -9999 -9999 -9999 -9999 -9999 -9999 -9999 -9999 -9999 -9999 23.23680 21.10420 19.81150 19.81860 19.63380 19.63990 19.64160 19.66090 19.72240 20.25910 20.31780 19.60450 19.90590 21.70920 22.90950 22.81690 22.99170 23.21930 23.07730 22.37130 22.47640 22.73570 23.01030 23.50600 23.50100 23.30060 22.90040 22.80050 22.80340 23.00170 23.50220 23.40300 23.00180 22.70180 22.28370 22.28370
-9999 -9999 -9999 -9999 -9999 -9999 -9999 -9999 -9999 -9999 -9999 -9999 -9999 -9999 -9999 -9999 -9999 -9999 -9999 -9999 -9999 -9999 -9999 -9999 -9999 -9999 -9999 -9999 -9999 -9999 -9999 -9999 -9999 -9999 23.52100 22.80240 22.10880 22.02090 20.14700 19.64520 19.65730 19.66700 19.86640 20.46380 20.02880 19.60410 19.60330 20.70520 22.91660 22.94330 22.84550 22.87840 23.29000 22.77780 22.63600 22.89440 22.92810 23.31410 23.50540 23.30370 22.80420 22.70590 23.10510 23.33180 23.50400 23.40240 23.10170 23.00290 22.80910 22.80920 22.71990
-9999 -9999 -9999 -9999 -9999 -9999 -9999 -9999 -9999 -9999 -9999 -9999 -9999 -9999 -9999 -9999 -9999 -9999 -9999 -9999 -9999 -9999 -9999 -9999 -9999 -9999 -9999 -9999 -9999 -9999 -9999 -9999 -9999 23.52490 23.32780 22.20290 22.20480 21.61720 20.53530 19.63040 19.64290 19.67110 20.61130 20.27000 19.63980 20.10740 21.10980 21.51180 22.07520 22.34810 22.29950 23.54760 23.50840 22.82070 22.40860 22.88430 22.90240 22.90950 22.90480 22.80790 23.10850 23.30310 23.30210 23.50170 23.50450 23.30390 23.00240 23.30340 23.30530 23.40510 22.90320
-9999 -9999 -9999 -9999 -9999 -9999 -9999 -9999 -9999 -9999 -9999 -9999 -9999 -9999 -9999 -9999 -9999 -9999 -9999 -9999 -9999 -9999 -9999 -9999 -9999 -9999 -9999 -9999 -9999 -9999 -9999 23.32530 21.60150 21.10130 21.00090 22.10160 21.30340 20.41130 19.62300 19.82750 19.76050 19.96040 20.45010 19.94480 19.64840 20.41160 22.70420 22.90800 22.83910 22.81520 23.02510 23.18790 23.22040 22.79610 23.02610 22.91730 22.82830 22.82350 23.13820 23.11280 23.30620 23.50210 23.40140 23.50090 23.50170 23.50310 23.40220 23.10070 23.00050 22.90610 22.83230
-9999 -9999 -9999 -9999 -9999 -9999 -9999 -9999 -9999 -9999 -9999 -9999 -9999 -9999 -9999 -9999 -9999 -9999 -9999 -9999 -9999 -9999 -9999 -9999 -9999 -9999 -9999 -9999 -9999 20.70100 22.10050 20.60110 19.60150 19.60120 19.60150 19.60200 20.70460 22.60560 20.72010 19.62770 20.28860 20.81910 19.71280 19.65940 19.65080 19.62220 20.31720 22.52040 22.88860 23.01590 22.98780 23.01490 23.12780 22.69220 23.22250 23.10350 22.92080 22.93430 22.90730 22.90080 23.30180 23.30080 23.30070 23.40110 23.50080 23.40090 23.50430 23.51300 23.51630 23.52380 22.90800
-9999 -9999 -9999 -9999 -9999 -9999 -9999 -9999 -9999 -9999 -9999 -9999 -9999 -9999 -9999 -9999 -9999 -9999 -9999 -9999 -9999 -9999 -9999 -9999 21.63060 21.34190 20.92020 20.31230 20.11340 19.60280 19.60250 19.60050 19.60050 19.60040 19.60050 20.00080 22.70060 21.10560 20.21210 19.62090 19.93030 20.84800 19.94710 19.68060 19.66820 19.64640 19.92890 20.46060 21.92340 23.17120 23.07390 24.36270 23.72890 23.21060 22.92600 22.97010 22.92100 22.91920 22.91330 23.20330 23.50170 23.50100 23.40060 23.30020 23.30020 23.30070 23.40070 23.20030 23.10060 23.30400 23.65710
-9999 -9999 -9999 -9999 -9999 -9999 22.74270 22.74260 22.74030 22.74190 22.73620 -9999 -9999 -9999 -9999 -9999 -9999 -9999 -9999 -9999 -9999 21.62370 20.03350 20.79430 21.95720 20.88490 20.05540 19.63550 19.61890 19.60250 19.60130 19.60050 19.60080 19.60060 19.60080 19.60120 19.60140 19.80520 22.00400 19.60460 20.00560 20.01050 20.76830 19.64040 19.66240 19.63980 19.92600 21.73200 23.04610 23.18650 23.51600 23.90040 23.87060 23.25780 22.94430 22.92680 22.91730 22.91080 23.20690 23.40250 23.40200 23.40140 23.30140 23.40140 23.40230 22.80040 22.80030 22.90020 22.90020 22.90030 22.80240
-9999 -9999 -9999 -9999 -9999 22.80650 22.80920 22.81880 22.90830 22.81790 22.81660 22.82350 22.81980 22.81740 -9999 -9999 -9999 22.90760 22.60630 21.11470 20.63190 19.67930 19.75440 19.65610 19.30990 18.94380 18.81460 18.80350 18.70180 18.70130 18.80090 18.80080 19.00100 19.00090 18.90050 18.80350 18.80500 18.90470 18.90540 18.71910 18.71500 18.70420 20.48030 19.68970 18.61670 18.85820 19.60810 20.89630 22.70330 23.21710 23.23000 23.07420 23.40040 22.87050 22.87110 22.86630 22.92830 22.91820 22.90130 22.70300 22.80140 22.90090 22.70180 22.80050 22.70630 22.82900 22.90780 22.90420 22.90110 22.90260 22.80610
-9999 21.83050 18.26370 18.20830 18.21370 22.60590 23.31060 22.91130 22.91240 22.91250 22.91650 22.91930 22.92560 22.91560 22.91160 22.90700 22.90340 22.90630 22.90690 22.90740 22.11730 19.85230 20.40170 18.76090 18.52400 18.52210 18.50930 18.50250 18.50140 18.50060 18.50030 18.50020 18.50030 18.50010 18.50020 18.50080 18.50100 18.50270 18.50410 18.51990 18.51600 18.50260 19.16380 20.56000 18.50310 18.51110 18.52770 19.55620 21.56110 21.77050 22.31840 23.61110 23.37430 23.49240 23.19690 23.11330 22.95430 22.90560 22.90490 22.70880 22.80080 22.80450 22.80680 22.80410 22.81620 23.02070 23.00390 22.82300 22.90270 22.91880 23.07550
-9999 22.94280 22.93220 22.90820 22.90630 22.60470 22.40250 22.40270 22.10150 22.80310 22.90390 22.90520 22.91170 22.90710 22.91030 22.91120 22.91860 22.90910 22.90680 22.90580 21.91790 21.43700 23.41010 19.28520 18.54020 18.50770 18.50370 18.50120 18.50050 18.50050 18.50010 18.50020 18.50020 18.50020 19.10050 18.50030 18.50030 18.50050 18.50090 18.50220 18.50320 18.50360 18.50150 20.96120 19.33400 18.60030 18.50050 18.50560 18.51510 19.37080 20.71060 23.02120 23.24750 23.93650 23.95810 23.17080 22.90540 22.93200 22.82000 22.33370 22.70670 22.80480 22.80700 22.70280 22.81610 23.45820 23.26870 22.79630 22.87380 22.81730 22.93090
-9999 -9999 -9999 19.25200 19.05920 18.62650 18.61620 18.61250 18.61160 18.70990 22.90470 23.00200 23.10200 23.30320 23.10460 22.90720 22.90870 22.90180 23.10240 23.40380 23.43860 23.46680 22.49020 18.78260 18.53760 18.50620 18.50200 18.50050 18.50010 18.50010 18.50000 18.50010 19.00010 19.20040 20.10070 20.95120 18.20020 18.20030 19.60060 21.00150 20.20320 20.26530 23.52370 23.32490 21.84730 20.73300 19.63780 18.70110 18.80240 20.01220 22.21600 22.68460 22.14880 23.54990 22.87280 23.45580 23.07030 22.80120 22.88870 22.30250 22.71140 22.82180 22.78050 22.84850 22.83810 22.93430 22.91190 22.96250 22.98230 23.14080 23.14710
-9999 -9999 -9999 -9999 -9999 -9999 20.11650 20.71090 21.41200 22.40190 23.30130 23.40540 23.40600 23.40850 23.40540 23.30190 23.30140 23.40400 23.40330 23.00800 21.42580 19.63430 18.51970 18.51310 18.50850 18.50530 18.50090 19.90010 21.13530 18.90000 18.50000 18.50030 20.65000 22.72660 19.33000 22.62380 22.05000 20.64280 23.71730 23.91210 23.91000 23.11490 22.71530 23.11500 23.31860 23.61460 22.14280 21.06710 20.16470 19.22320 19.91780 19.89600 19.35360 22.55830 22.20740 19.57080 23.05790 23.25600 23.24550 22.91380 22.48960 22.83430 22.49500 22.53010 22.94000 22.95250 22.83520 23.00040 23.21120 23.12160 23.35280
-9999 -9999 -9999 -9999 -9999 -9999 23.40530 23.40580 23.40310 23.40600 23.40440 23.40470 23.40390 23.40430 23.40400 23.40290 22.90210 21.10440 20.00660 18.71860 18.53970 18.51810 18.51440 18.50890 18.50610 18.50270 18.50040 19.90000 24.01280 24.01430 22.93020 23.02950 22.63290 23.41950 23.22650 23.12360 22.44250 22.34090 22.04180 22.61590 22.81900 23.12170 23.61450 23.31460 23.01450 22.81510 23.01920 23.81790 23.71720 22.58180 21.22670 19.81070 19.35240 19.62010 19.28160 18.52460 19.14500 19.48850 20.38540 20.11660 21.55410 21.78860 22.96840 22.99380 23.02380 22.84740 22.91670 22.93890 22.98450 23.03040 23.48630
-9999 -9999 -9999 -9999 -9999 -9999 -9999 -9999 -9999 -9999 23.10240 23.40740 23.40680 23.40180 23.40260 20.50250 18.50360 18.50440 18.50510 18.53180 18.53300 18.52320 18.52120 18.50300 18.50230 18.50100 18.50030 18.50000 19.10000 20.04010 19.43150 20.03150 21.03620 23.11460 23.90980 23.42360 23.82010 23.91180 23.91020 23.91000 21.93920 20.43620 19.80010 20.93250 20.92760 21.52780 21.12880 19.93560 23.42190 23.91230 23.91160 23.61880 23.32380 22.17410 21.95990 22.73830 21.73690 22.61620 22.61830 22.15090 22.61810 20.05610 19.76470 19.31180 20.01330 20.40390 20.20290 21.20110 22.90680 22.92400 22.92770
-9999 -9999 -9999 -9999 -9999 -9999 -9999 -9999 -9999 -9999 21.90090 23.40150 23.40410 23.40200 23.40150 20.50200 18.50240 18.50290 18.50990 18.53160 18.52040 18.51510 18.51300 18.50180 18.50140 18.50010 18.50000 18.50010 18.50000 19.23190 20.03180 20.03570 22.14550 22.82200 21.14040 22.19090 19.99560 18.50050 19.00040 19.10010 18.50000 18.50010 18.50010 18.50000 18.50000 18.50000 18.50000 18.50000 18.60000 22.62720 23.91060 23.91350 23.91300 23.71430 21.63490 24.11230 24.20930 24.20930 24.20880 24.10940 24.00950 24.00980 23.81070 22.24740 20.34540 20.85830 19.64910 18.60020 21.90030 22.91160 23.03070
-9999 -9999 -9999 -9999 -9999 -9999 -9999 -9999 -9999 -9999 -9999 -9999 23.40090 23.40640 23.40650 22.90390 19.60180 18.50110 18.50360 18.50290 18.50320 18.60840 18.20650 18.60060 18.50030 18.50020 18.50020 18.50030 18.50030 18.60040 19.43550 19.23010 19.22790 18.70000 18.50000 18.50080 18.50270 18.50070 18.50030 18.50030 18.50020 18.50040 18.50030 18.50000 18.50000 18.50000 18.50000 18.50020 18.50030 19.00040 20.64000 22.35310 22.62490 21.53660 20.42340 23.21540 24.20820 24.20890 24.20850 24.20910 24.20920 24.20920 23.41430 22.07330 23.22220 24.01650 21.19370 18.70010 19.50170 21.20100 22.82850
-9999 -9999 -9999 -9999 -9999 -9999 -9999 -9999 -9999 -9999 -9999 -9999 23.40160 23.40260 23.40290 23.40120 23.40140 23.20150 20.30400 19.60550 18.20800 19.70400 18.20460 19.30150 18.50090 18.50050 18.50040 18.50070 18.50070 18.50300 18.50240 18.50060 18.50030 18.50000 18.50010 18.50080 18.50400 18.50120 18.50060 18.50030 18.50010 18.50020 18.50020 18.50000 18.50000 19.11940 19.72330 21.64290 23.32110 23.32370 21.85610 21.85070 21.24290 20.42760 22.22270 24.10910 24.10890 24.10910 24.10900 24.10970 23.61360 22.31730 22.92010 24.01280 24.01530 22.08880 20.69270 21.59680 22.54980 22.80550 22.83110
-9999 -9999 -9999 -9999 -9999 -9999 -9999 -9999 -9999 -9999 -9999 23.40120 23.40150 23.40090 23.40070 23.40230 22.20110 18.20220 18.20210 18.20470 18.20060 19.80300 19.60280 18.70170 18.50160 18.50080 18.50130 18.50080 18.50050 18.50150 18.50070 18.50040 18.50020 18.50050 18.50020 18.50010 18.50010 18.50070 18.50050 18.50280 18.50090 18.50010 18.50010 18.50010 18.50020 18.50040 19.80080 20.94120 21.44780 23.11660 22.81820 22.83010 22.63860 23.42160 24.01000 24.11090 24.01140 24.01320 24.01190 22.81840 23.02230 24.21490 24.21810 24.03150 24.02630 22.64270 22.05180 22.73140 22.74190 22.78130 23.38930
-9999 -9999 -9999 -9999 -9999 -9999 -9999 -9999 -9999 -9999 -9999 23.40050 23.40090 23.40050 23.40020 23.40070 20.70050 18.80180 18.20300 19.00240 19.80140 19.80390 19.10140 19.60140 19.40140 19.30090 18.50170 18.50070 18.50040 18.50150 18.50110 18.50030 18.50010 18.50060 18.50040 18.50030 18.50020 18.50060 18.50070 18.50100 18.50070 18.60030 19.03480 19.53530 20.24090 22.45810 22.85160 23.31700 24.20070 24.20040 24.20120 24.20260 24.20190 24.20160 24.20090 24.22100 24.22070 22.92810 22.63260 23.72290 24.11620 24.22230 24.22190 24.02540 23.13980 22.09570 23.74350 23.04010 22.79400 23.12370 23.19300
