data/hydroclimate-scenarios/1948-2000.Pcorr55N_Pref_Tref/monthly_summaries/soilm1_monthly_day1_apr.1950-2000.asc
ncols	311
nrows	91
xllcenter	102.75
yllcenter	31.75
cellsize	0.5
NODATA_value	-9999
[rows 0 to 31 of 91, columns 71 to 141 of 311]
-9999 -9999 -9999 -9999 -9999 -9999 -9999 -9999 -9999 -9999 -9999 -9999 -9999 -9999 -9999 -9999 -9999 -9999 -9999 -9999 -9999 -9999 -9999 -9999 -9999 -9999 -9999 -9999 -9999 -9999 -9999 -9999 -9999 -9999 -9999 -9999 -9999 -9999 -9999 -9999 -9999 -9999 -9999 -9999 -9999 -9999 -9999 -9999 -9999 -9999 -9999 -9999 -9999 -9999 -9999 -9999 -9999 -9999 -9999 -9999 -9999 -9999 -9999 -9999 -9999 -9999 -9999 -9999 -9999 -9999 -9999
-9999 -9999 -9999 -9999 -9999 -9999 -9999 -9999 -9999 -9999 -9999 -9999 -9999 -9999 -9999 -9999 -9999 -9999 -9999 -9999 -9999 -9999 -9999 -9999 -9999 -9999 -9999 -9999 -9999 -9999 -9999 -9999 -9999 -9999 -9999 -9999 -9999 -9999 -9999 -9999 -9999 -9999 -9999 -9999 -9999 -9999 -9999 -9999 -9999 -9999 -9999 -9999 -9999 -9999 -9999 -9999 -9999 -9999 -9999 -9999 -9999 -9999 -9999 -9999 -9999 -9999 -9999 -9999 -9999 -9999 -9999
-9999 -9999 -9999 -9999 -9999 -9999 -9999 -9999 -9999 -9999 -9999 -9999 -9999 -9999 -9999 -9999 -9999 -9999 -9999 -9999 -9999 -9999 -9999 -9999 -9999 -9999 -9999 -9999 -9999 -9999 -9999 -9999 -9999 -9999 -9999 -9999 -9999 -9999 -9999 -9999 -9999 -9999 -9999 -9999 -9999 -9999 -9999 -9999 -9999 -9999 -9999 -9999 -9999 -9999 -9999 -9999 -9999 -9999 -9999 -9999 -9999 -9999 -9999 -9999 -9999 -9999 -9999 -9999 -9999 -9999 -9999
-9999 -9999 -9999 -9999 -9999 -9999 -9999 -9999 -9999 -9999 -9999 -9999 -9999 -9999 -9999 -9999 -9999 -9999 -9999 -9999 -9999 -9999 -9999 -9999 -9999 -9999 -9999 -9999 -9999 -9999 -9999 -9999 -9999 -9999 -9999 -9999 -9999 -9999 -9999 -9999 -9999 -9999 -9999 -9999 -9999 -9999 -9999 -9999 -9999 -9999 -9999 -9999 -9999 -9999 -9999 -9999 -9999 -9999 -9999 -9999 -9999 -9999 -9999 -9999 -9999 -9999 -9999 -9999 -9999 -9999 -9999
-9999 -9999 -9999 -9999 -9999 -9999 -9999 -9999 -9999 -9999 -9999 -9999 -9999 -9999 -9999 -9999 -9999 -9999 -9999 -9999 -9999 -9999 -9999 -9999 -9999 -9999 -9999 -9999 -9999 -9999 -9999 -9999 -9999 -9999 -9999 -9999 -9999 -9999 -9999 -9999 -9999 -9999 -9999 -9999 -9999 -9999 -9999 -9999 -9999 -9999 -9999 -9999 -9999 -9999 -9999 -9999 -9999 -9999 -9999 -9999 -9999 -9999 -9999 -9999 -9999 -9999 -9999 -9999 -9999 -9999 -9999
-9999 -9999 -9999 -9999 -9999 -9999 -9999 -9999 -9999 -9999 -9999 -9999 -9999 -9999 -9999 -9999 -9999 -9999 -9999 -9999 -9999 -9999 -9999 -9999 -9999 -9999 -9999 -9999 -9999 -9999 -9999 -9999 -9999 -9999 -9999 -9999 -9999 -9999 -9999 -9999 -9999 -9999 -9999 -9999 -9999 -9999 -9999 -9999 -9999 -9999 -9999 -9999 -9999 -9999 -9999 -9999 -9999 -9999 -9999 -9999 -9999 -9999 -9999 -9999 -9999 -9999 -9999 -9999 -9999 -9999 -9999
-9999 -9999 -9999 -9999 -9999 -9999 -9999 -9999 -9999 -9999 -9999 -9999 -9999 -9999 -9999 -9999 -9999 -9999 -9999 -9999 -9999 -9999 -9999 -9999 -9999 -9999 -9999 -9999 -9999 -9999 -9999 -9999 -9999 -9999 -9999 -9999 -9999 -9999 -9999 -9999 -9999 -9999 -9999 -9999 -9999 -9999 -9999 -9999 -9999 -9999 -9999 -9999 -9999 -9999 -9999 -9999 -9999 -9999 -9999 -9999 -9999 -9999 -9999 -9999 -9999 -9999 -9999 -9999 -9999 -9999 -9999
-9999 -9999 -9999 -9999 -9999 -9999 -9999 -9999 -9999 -9999 -9999 -9999 -9999 -9999 -9999 -9999 -9999 -9999 -9999 -9999 -9999 -9999 -9999 -9999 -9999 -9999 -9999 -9999 -9999 -9999 -9999 -9999 -9999 -9999 -9999 -9999 -9999 -9999 -9999 -9999 -9999 -9999 -9999 -9999 -9999 -9999 -9999 -9999 -9999 -9999 -9999 -9999 -9999 -9999 -9999 -9999 -9999 -9999 -9999 -9999 -9999 -9999 -9999 -9999 -9999 -9999 -9999 -9999 -9999 -9999 -9999
-9999 -9999 -9999 -9999 -9999 -9999 57.85100 -9999 -9999 -9999 -9999 -9999 -9999 -9999 -9999 -9999 -9999 -9999 -9999 -9999 -9999 -9999 -9999 -9999 -9999 -9999 -9999 -9999 -9999 -9999 -9999 -9999 -9999 -9999 -9999 -9999 -9999 -9999 -9999 -9999 -9999 -9999 -9999 -9999 -9999 -9999 -9999 -9999 -9999 -9999 -9999 -9999 -9999 -9999 -9999 -9999 -9999 -9999 -9999 -9999 -9999 -9999 -9999 -9999 -9999 -9999 -9999 -9999 -9999 -9999 -9999
-9999 -9999 57.08280 56.06680 57.60740 57.73490 57.91050 58.25440 58.62480 58.96760 58.31690 58.64970 57.42310 57.53270 57.19740 58.48410 56.76220 56.44210 57.91890 57.43940 57.96160 56.46810 -9999 -9999 -9999 -9999 -9999 -9999 -9999 -9999 -9999 -9999 -9999 -9999 -9999 -9999 -9999 -9999 -9999 -9999 -9999 -9999 -9999 -9999 -9999 -9999 -9999 -9999 -9999 -9999 -9999 -9999 -9999 -9999 -9999 -9999 -9999 -9999 -9999 -9999 -9999 -9999 -9999 -9999 -9999 -9999 -9999 -9999 -9999 -9999 -9999
-9999 -9999 -9999 -9999 59.42860 60.06490 61.18840 61.48060 60.89040 61.05020 60.73200 60.88860 61.35360 61.16280 60.82960 60.89770 60.60440 60.55990 60.38570 60.45120 59.88290 59.13160 -9999 -9999 -9999 -9999 -9999 -9999 -9999 -9999 -9999 -9999 -9999 -9999 -9999 -9999 -9999 -9999 -9999 -9999 -9999 -9999 -9999 -9999 -9999 -9999 -9999 -9999 -9999 -9999 -9999 -9999 -9999 -9999 -9999 -9999 -9999 -9999 -9999 -9999 -9999 -9999 -9999 -9999 -9999 -9999 -9999 -9999 -9999 -9999 -9999
59.11350 59.54050 60.17010 60.41240 60.33940 61.10370 61.48850 61.49320 60.92780 61.47350 60.57720 60.66650 61.20920 61.58190 61.12850 61.08010 60.86220 60.72820 60.79920 62.75330 63.41170 71.67340 63.66460 63.26910 62.16050 62.04740 62.81630 61.30950 -9999 -9999 -9999 -9999 -9999 -9999 -9999 -9999 -9999 -9999 -9999 -9999 -9999 -9999 -9999 -9999 -9999 -9999 -9999 -9999 -9999 -9999 -9999 -9999 -9999 -9999 -9999 -9999 -9999 -9999 -9999 -9999 -9999 -9999 -9999 -9999 -9999 -9999 -9999 -9999 -9999 -9999 -9999
59.65640 59.52270 60.22290 60.54510 59.86200 59.93730 60.78030 61.55050 60.61920 61.11970 61.40490 61.51320 61.64210 61.81430 61.64440 61.77280 61.54620 61.42310 73.08000 64.83960 62.81440 62.04870 62.55620 62.20760 62.15680 62.02250 62.12160 61.80100 61.52790 61.25630 61.48120 61.22530 61.04410 61.32850 60.69260 60.42160 60.15910 60.10310 60.21340 60.40860 60.87140 60.50900 60.55790 -9999 -9999 -9999 -9999 -9999 -9999 -9999 -9999 -9999 -9999 -9999 -9999 -9999 -9999 -9999 -9999 -9999 -9999 -9999 -9999 -9999 -9999 -9999 -9999 -9999 -9999 -9999 -9999
50.12220 50.71700 51.94220 52.58550 60.09700 61.68830 60.90780 60.72190 60.07690 52.34590 54.03170 60.65320 54.11490 61.46520 61.64870 61.70760 61.95730 61.49040 63.75130 64.71250 62.53090 61.41830 60.99820 53.76940 53.80660 61.47810 61.14160 61.01560 62.06560 62.29880 62.24500 62.22230 61.64820 61.26610 61.16510 60.98270 60.77260 60.12110 60.56910 60.68920 61.05060 61.18140 61.71860 71.86840 -9999 -9999 -9999 -9999 -9999 -9999 -9999 -9999 -9999 -9999 -9999 -9999 -9999 -9999 -9999 -9999 -9999 -9999 -9999 -9999 -9999 -9999 -9999 -9999 -9999 -9999 -9999
63.26050 60.34770 54.30890 60.99800 62.98420 63.77860 63.75950 63.82680 63.58180 63.48790 63.94380 63.88830 63.84650 63.87700 62.78290 62.89220 64.56050 64.39600 65.86880 72.07640 64.56930 64.66600 63.62280 63.17640 63.98240 63.91790 63.70170 63.02480 63.17070 63.05880 62.56290 62.47430 61.56000 61.68590 61.90110 61.97180 61.92880 62.13780 62.38060 62.42240 61.43980 61.37360 60.79100 60.89050 -9999 -9999 -9999 -9999 -9999 -9999 -9999 -9999 -9999 -9999 -9999 -9999 -9999 -9999 -9999 59.21200 59.16490 -9999 -9999 -9999 -9999 62.89090 63.12380 62.39880 60.85450 54.48710 54.38070
61.53220 61.92090 63.94200 61.00500 62.95790 63.05160 63.27970 62.69920 63.93500 64.16570 63.85700 63.61030 63.44120 63.42880 63.57740 63.29100 64.82640 65.36450 72.11720 66.01090 64.94190 64.41970 63.26570 62.92510 63.56730 62.91050 64.37780 64.14100 63.17090 62.79070 62.37610 62.10900 61.49400 61.92210 62.14880 61.59850 62.36040 62.13950 62.23890 63.03210 72.08650 72.87440 71.05300 61.64860 62.50450 62.25590 71.73810 61.30300 59.55920 59.03450 51.94940 53.79340 61.20630 61.06550 59.26380 51.44100 49.39830 50.06010 58.65110 58.85950 50.22470 -9999 -9999 -9999 -9999 -9999 66.03140 64.49900 62.26980 62.04360 61.33670
64.46910 54.71030 62.77180 63.32270 55.22470 61.42670 62.24780 63.42640 62.14130 61.97010 62.39430 62.93790 62.35320 62.46510 63.15510 63.73360 64.12510 63.76130 64.53290 64.41220 64.41850 63.90180 64.02590 63.58130 63.56300 63.62540 62.41860 62.42680 62.62190 62.65690 62.28540 61.73000 61.64070 62.10970 62.76820 63.22890 63.42960 63.99760 70.81040 73.63710 63.38340 71.15060 62.51300 62.09890 62.23400 62.19310 62.31830 62.38370 62.37070 63.08990 62.33940 62.62620 61.69610 63.06780 63.16170 61.85520 61.71560 60.62970 52.62520 51.87480 51.89290 53.10590 52.13200 60.21610 60.73430 62.78930 64.27950 64.80300 61.58840 61.21550 61.33320
62.34150 58.44420 60.63830 64.97500 64.26420 64.07680 63.58140 62.11550 60.24150 60.81480 61.34400 62.65960 61.76710 62.40490 62.53300 63.25970 63.45410 63.34500 64.41030 62.04000 65.30190 64.11370 63.70970 63.36990 63.40990 63.16390 62.43680 62.14450 63.02500 63.21430 62.34650 62.38200 62.66140 61.99980 63.34540 63.92410 73.31990 64.28020 63.47820 63.81510 63.22500 63.74150 63.48400 63.67150 63.37930 63.07210 63.17560 63.10550 62.36080 62.48090 63.50210 61.45190 61.54190 61.50710 61.85830 63.53710 63.60510 64.17960 64.57590 63.94330 53.67210 54.92010 53.74420 52.63690 53.19680 59.53520 61.39850 61.90630 60.72460 59.93550 57.03280
66.49190 64.10350 56.84290 52.51410 62.22030 62.20700 61.62180 61.49360 61.77310 61.53360 61.60040 61.58850 61.69050 62.06940 63.43640 64.18210 63.55910 63.58850 64.36100 64.62050 64.77200 64.52680 65.14850 64.15910 63.55680 63.55640 62.70770 62.87490 62.10790 61.70780 62.43910 72.31390 61.85020 62.05270 63.19820 63.30290 62.85140 62.62010 64.00410 64.74410 64.07410 63.57350 64.15400 64.86890 64.73260 64.53010 63.65850 62.70330 62.35320 62.51250 62.44250 62.70890 63.49310 62.56460 53.30440 52.49980 52.55840 60.44990 62.05510 65.52730 64.66910 63.16840 61.27540 56.50330 54.68710 55.30720 55.58730 56.09190 57.00870 57.51440 57.97000
66.32590 65.97110 63.83750 57.72010 54.62580 61.37920 62.49430 63.43870 63.54520 62.09730 64.95610 61.69660 53.01290 59.51430 60.88240 62.51250 62.51640 62.95960 63.87450 64.27260 64.39470 64.21380 64.74640 64.17890 63.78450 62.75540 62.74120 62.16800 61.98840 61.84550 61.55770 61.59900 60.64260 61.05740 62.46210 63.68860 63.30050 62.87220 63.56680 63.65540 64.80820 64.49980 62.99480 63.47870 65.61150 65.34080 64.36320 64.61480 62.90990 63.21470 63.30500 63.24180 64.07180 63.67600 63.73150 63.19350 62.31600 62.83580 63.03660 63.71170 63.84580 61.64950 57.08010 61.88160 62.29310 57.40400 62.00620 57.99680 57.91640 58.07520 61.68650
62.43400 57.87480 57.72960 58.14990 57.28310 53.90520 52.06620 51.16460 59.90930 61.07870 62.26000 64.37130 64.39260 57.12830 56.20770 60.47970 61.43760 60.96170 62.92490 62.39990 63.57530 63.67380 64.26180 64.24350 63.50670 63.90950 63.24930 63.04010 61.86830 61.72680 61.84760 61.60800 61.91570 60.91100 60.80420 61.74040 59.92230 61.13890 62.21190 61.03530 64.77290 65.05910 64.45290 64.93420 63.76670 63.61660 64.33870 62.25690 61.54850 62.13400 63.24410 63.53980 63.44910 64.57940 65.08370 64.71660 63.10740 63.07030 61.72760 61.68300 62.75660 63.36030 58.04650 64.68660 64.80770 61.87570 58.20720 58.44740 57.94840 61.68670 62.11970
68.26810 66.94770 66.78120 61.27560 62.97090 63.07350 57.23590 56.13350 60.18910 60.62610 60.58590 51.52350 61.00320 61.04720 64.16760 62.90140 64.99480 64.29350 55.53430 54.54840 62.46490 63.54440 64.51640 63.84480 63.52230 63.80300 63.41800 62.65550 62.79820 62.68490 62.02190 63.41360 62.38100 64.71350 62.50110 62.76760 62.94910 63.53590 54.99200 61.52040 62.72740 64.09250 64.92090 62.21750 63.07470 63.03080 63.22070 63.68800 62.70430 61.81610 60.53230 62.94450 62.55460 57.70520 62.60080 62.92120 57.61140 63.39420 64.12670 67.46590 65.78720 66.14700 65.47280 65.42690 64.14960 57.20330 61.67610 61.81570 63.12950 62.33560 62.80450
65.24600 68.34530 65.71950 67.68490 64.99840 61.34180 57.88860 56.33010 60.74980 59.89400 61.49330 62.82750 60.69580 52.81810 62.18720 55.62080 56.59020 63.37150 66.71810 59.89540 57.44960 61.80480 61.85420 64.33960 63.54380 63.38990 63.01250 63.81750 64.17870 64.03260 63.70570 64.13140 65.42620 63.62620 65.58000 64.15670 64.67830 62.86270 62.26600 61.80820 62.72980 64.47480 65.28000 62.57550 65.49250 65.82190 64.78450 65.45830 63.48100 62.39180 63.21870 63.70720 64.65570 67.18330 58.60370 58.69290 64.52350 65.45530 65.89710 67.11690 66.58070 66.32430 63.97220 56.75410 62.15320 63.67120 63.34290 64.03320 63.62850 64.00760 64.05440
67.26430 65.59100 64.22980 68.18820 68.26920 66.48580 67.20020 65.34620 64.79770 63.75670 61.92160 64.06810 64.18980 63.13080 66.39380 61.66930 60.50770 55.81420 63.41640 67.38890 64.45300 65.64790 63.91100 61.86090 63.07310 62.48660 62.87190 63.65670 64.33070 63.36470 63.45200 63.56030 64.59830 64.70880 64.33800 65.15050 65.90440 65.67850 64.95030 65.00110 63.38130 63.96190 65.86380 57.45480 55.98060 64.19280 65.63880 65.77140 66.63740 64.85460 63.50410 57.94050 65.42350 59.10120 63.87780 65.17210 65.61990 68.13590 63.32790 65.28770 66.48000 66.30300 65.98210 65.78940 64.28550 64.15680 64.43960 63.53920 62.33310 62.06170 63.31650
67.09750 66.11430 64.44650 59.54000 64.22120 65.63660 66.99160 67.05660 66.00390 65.22910 64.58150 63.90810 56.34890 61.71620 66.17840 67.12930 63.49220 64.20130 57.86320 63.84410 65.38380 65.82330 64.38670 64.32480 61.63280 60.77260 62.64140 63.76890 64.20290 63.77350 64.58880 64.65240 63.09690 63.22740 64.37140 63.39680 61.90770 62.50050 65.52350 66.33500 62.39320 59.37520 67.15980 58.35360 56.17030 63.25860 64.88170 65.39620 66.29030 63.34910 58.15870 62.93320 66.91670 66.95100 66.62130 65.86000 66.67460 64.86020 67.23530 68.37340 66.78490 62.89900 65.88810 67.04840 68.02350 68.43040 67.91450 62.89880 62.95140 61.56220 57.67000
69.34270 68.78940 63.81920 63.37120 65.33550 64.29410 67.53230 66.77880 65.32870 63.41080 62.75520 63.31580 61.97950 61.75370 65.46290 66.69330 66.34690 64.79270 63.73680 64.29770 65.72300 63.69460 63.51160 62.66320 62.03240 65.34010 62.99160 62.45050 64.98480 65.12800 65.04430 65.37030 63.53170 63.97880 63.65500 65.87930 66.40570 63.95620 62.19060 68.25970 59.41340 62.63540 63.98730 64.15400 65.68260 62.74300 56.32060 56.91050 56.96960 56.84290 63.21820 64.32320 64.06360 62.17730 62.62430 65.39920 67.22480 66.45490 67.23010 69.10420 68.82950 68.49290 67.81550 67.67650 67.94100 69.18980 67.82160 65.31780 57.83690 57.74230 58.22370
67.00670 68.84380 65.81970 61.55410 63.57590 66.78100 66.42810 66.62650 65.32350 64.80330 64.00550 62.95330 63.87280 64.27500 66.82990 66.71910 66.34170 62.65530 64.60820 63.19510 66.12080 62.78740 66.69380 62.73580 65.02340 66.66580 64.03940 63.30260 64.81890 65.47220 64.68840 63.10560 64.15800 65.54230 63.61710 63.27280 67.53160 67.71150 58.95240 62.79370 64.57300 64.07140 60.64570 60.31730 58.66830 58.38860 62.35330 58.51020 58.84990 66.09910 58.50740 66.07550 66.29980 66.98990 67.61490 66.25840 64.75230 67.50360 68.68820 78.16120 69.33480 66.12860 67.52250 68.43800 65.21900 57.49700 65.08430 57.27110 58.03950 58.60350 58.38960
69.11760 66.28320 65.05680 65.23960 65.13340 63.14160 59.22560 64.12730 66.12150 64.93540 62.93650 64.07670 64.96800 65.65000 66.06030 65.68440 64.38910 66.76970 65.39350 65.14490 67.46740 65.60740 65.25170 63.63600 62.19860 65.72080 67.12150 64.71650 64.76510 65.05520 66.21250 65.60080 65.46050 66.34250 65.68900 63.56270 68.14430 65.46200 65.14250 59.97270 60.70180 60.42550 60.62890 66.23250 65.19310 65.57580 67.31220 67.54220 66.92380 68.72540 67.03200 67.02600 67.40950 64.92630 66.62390 66.84830 68.76210 68.38080 67.08840 74.02120 67.20520 67.45750 64.84750 60.00270 59.99530 59.03850 59.08170 58.57990 58.92040 58.38520 58.35410
68.60420 65.90390 66.19460 65.10430 64.88920 64.81320 60.05160 58.88810 58.37750 65.96760 61.15490 62.63800 64.19940 65.13200 63.81440 65.55200 64.68330 57.91590 64.61650 67.32840 67.41710 66.38560 65.33300 62.41280 64.19630 62.99400 66.31870 64.52660 61.93810 64.79440 64.50610 66.97140 66.58860 66.59130 64.70680 57.99810 64.47020 66.68940 64.72300 66.52710 63.13690 60.84480 63.26250 66.51620 79.20900 75.16100 64.57810 58.60380 58.15660 63.97680 65.38430 66.57130 57.55930 64.32800 68.23900 66.34520 67.39910 68.63070 71.79610 68.93690 65.32900 63.00340 59.36330 59.67360 59.46750 59.51910 59.41070 59.07480 59.00530 58.88010 58.47350
67.27430 66.00910 65.89870 67.43100 66.76530 66.31040 64.18330 58.98500 63.68280 62.75810 60.25280 61.81450 62.65540 59.43310 64.64290 68.36820 67.60680 64.47570 66.23050 67.63130 59.77190 66.43290 68.17700 67.96810 64.41470 57.18960 66.83860 65.52720 62.51260 65.59630 65.73280 63.27330 67.01690 66.78080 58.44460 62.62300 65.38600 67.61560 67.52270 67.85810 68.08840 68.75240 69.76790 69.68070 70.50180 68.54970 59.39650 59.20500 66.39380 66.78560 -9999 -9999 58.71420 63.67710 69.38260 69.62770 77.51090 66.80550 59.33070 59.33440 59.68570 59.97410 60.06730 60.31170 59.60200 59.41640 59.40940 59.72320 59.91910 59.95670 62.41100
68.41180 67.82380 67.18660 69.19010 65.87400 69.90630 67.42150 68.11700 64.53650 65.10800 64.49700 65.52850 63.33200 60.68900 66.68030 68.62850 65.05610 63.54100 59.27260 64.26010 59.42980 65.70950 63.44510 67.81710 60.44280 62.36280 65.61260 63.80160 57.42550 66.14700 66.01700 62.06170 63.06000 64.12000 62.52660 66.32180 66.75800 65.89370 65.99720 -9999 -9999 -9999 -9999 68.84140 -9999 59.62310 64.68790 67.17410 68.56760 66.33600 -9999 -9999 58.63560 73.51520 72.79670 63.56740 59.61590 59.67630 59.38580 59.53160 59.81030 59.92730 59.71720 59.44850 59.42950 62.03760 59.58030 59.59560 59.07180 59.03460 59.27150
64.51630 67.45610 67.49330 68.53930 70.08730 69.61970 67.88440 64.05050 66.22350 68.15120 67.97650 67.64740 67.93200 68.50890 68.27180 66.12890 63.48430 65.17950 64.71880 66.84310 66.81830 66.32120 65.53350 63.04120 60.55510 65.96740 59.14940 64.78660 63.87840 63.29880 64.60900 65.29390 64.31050 65.39240 66.48020 67.49740 66.30030 -9999 -9999 -9999 -9999 -9999 -9999 -9999 68.77340 66.51670 68.74670 -9999 -9999 -9999 -9999 -9999 76.23220 66.56260 60.01410 62.54630 63.07510 63.00370 60.14940 60.12750 60.09350 60.02250 59.83900 62.31680 62.88270 59.59180 60.26960 60.18970 59.88830 59.93660 -9999
