data/hydroclimate-scenarios/1948-2000.Pcorr55N_Pref_Tref/monthly_summaries/soilm3_monthly_day1_may.1950-2000.asc
ncols	311
nrows	91
xllcenter	102.75
yllcenter	31.75
cellsize	0.5
NODATA_value	-9999
[rows 0 to 31 of 91, columns 0 to 70 of 311]
-9999 -9999 -9999 -9999 -9999 -9999 -9999 -9999 -9999 -9999 -9999 -9999 -9999 -9999 -9999 -9999 -9999 -9999 -9999 -9999 -9999 -9999 -9999 -9999 -9999 -9999 -9999 -9999 -9999 -9999 -9999 -9999 -9999 -9999 -9999 -9999 -9999 -9999 -9999 -9999 -9999 -9999 -9999 -9999 -9999 -9999 -9999 -9999 -9999 -9999 -9999 -9999 -9999 -9999 -9999 -9999 -9999 -9999 -9999 -9999 -9999 -9999 -9999 -9999 -9999 -9999 -9999 -9999 -9999 -9999 -9999
-9999 -9999 -9999 -9999 -9999 -9999 -9999 -9999 -9999 -9999 -9999 -9999 -9999 -9999 -9999 -9999 -9999 -9999 -9999 -9999 -9999 -9999 -9999 -9999 -9999 -9999 -9999 -9999 -9999 -9999 -9999 -9999 -9999 -9999 -9999 -9999 -9999 -9999 -9999 -9999 -9999 -9999 -9999 -9999 -9999 -9999 -9999 -9999 -9999 -9999 -9999 -9999 -9999 -9999 -9999 -9999 -9999 -9999 -9999 -9999 -9999 -9999 -9999 -9999 -9999 -9999 -9999 -9999 -9999 -9999 -9999
-9999 -9999 -9999 -9999 -9999 -9999 -9999 -9999 -9999 -9999 -9999 -9999 -9999 -9999 -9999 -9999 -9999 -9999 -9999 -9999 -9999 -9999 -9999 -9999 -9999 -9999 -9999 -9999 -9999 -9999 -9999 -9999 -9999 -9999 -9999 -9999 -9999 -9999 -9999 -9999 -9999 -9999 -9999 -9999 -9999 -9999 -9999 -9999 -9999 -9999 -9999 -9999 -9999 -9999 -9999 -9999 -9999 -9999 -9999 -9999 -9999 -9999 -9999 -9999 -9999 -9999 -9999 -9999 -9999 -9999 -9999
-9999 -9999 -9999 -9999 -9999 -9999 -9999 -9999 -9999 -9999 -9999 -9999 -9999 -9999 -9999 -9999 -9999 -9999 -9999 -9999 -9999 -9999 -9999 -9999 -9999 -9999 -9999 -9999 -9999 -9999 -9999 -9999 -9999 -9999 -9999 -9999 -9999 -9999 -9999 -9999 -9999 -9999 -9999 -9999 -9999 -9999 -9999 -9999 -9999 -9999 -9999 -9999 -9999 -9999 -9999 -9999 -9999 -9999 -9999 -9999 -9999 -9999 -9999 -9999 -9999 -9999 -9999 -9999 -9999 -9999 -9999
-9999 -9999 -9999 -9999 -9999 -9999 -9999 -9999 -9999 -9999 -9999 -9999 -9999 -9999 -9999 -9999 -9999 -9999 -9999 -9999 -9999 -9999 -9999 -9999 -9999 -9999 -9999 -9999 -9999 -9999 -9999 -9999 -9999 -9999 -9999 -9999 -9999 -9999 -9999 -9999 -9999 -9999 -9999 -9999 -9999 -9999 -9999 -9999 -9999 -9999 -9999 -9999 -9999 -9999 -9999 -9999 -9999 -9999 -9999 -9999 -9999 -9999 -9999 -9999 -9999 -9999 -9999 -9999 -9999 -9999 -9999
-9999 -9999 -9999 -9999 -9999 -9999 -9999 -9999 -9999 -9999 -9999 -9999 -9999 -9999 -9999 -9999 -9999 -9999 -9999 -9999 -9999 -9999 -9999 -9999 -9999 -9999 -9999 -9999 -9999 -9999 -9999 -9999 -9999 -9999 -9999 -9999 -9999 -9999 -9999 -9999 -9999 -9999 -9999 -9999 -9999 -9999 -9999 -9999 -9999 -9999 -9999 -9999 -9999 -9999 -9999 -9999 -9999 -9999 -9999 -9999 -9999 -9999 -9999 -9999 -9999 -9999 -9999 -9999 -9999 -9999 -9999
-9999 -9999 -9999 -9999 -9999 -9999 -9999 -9999 -9999 -9999 -9999 -9999 -9999 -9999 -9999 -9999 -9999 -9999 -9999 -9999 -9999 -9999 -9999 -9999 -9999 -9999 -9999 -9999 -9999 -9999 -9999 -9999 -9999 -9999 -9999 -9999 -9999 -9999 -9999 -9999 -9999 -9999 -9999 -9999 -9999 -9999 -9999 -9999 -9999 -9999 -9999 -9999 -9999 -9999 -9999 -9999 -9999 -9999 -9999 -9999 -9999 -9999 -9999 -9999 -9999 -9999 -9999 -9999 -9999 -9999 -9999
-9999 -9999 -9999 -9999 -9999 -9999 -9999 -9999 -9999 -9999 -9999 -9999 -9999 -9999 -9999 -9999 -9999 -9999 -9999 -9999 -9999 -9999 -9999 -9999 -9999 -9999 -9999 -9999 -9999 -9999 -9999 -9999 -9999 -9999 -9999 -9999 -9999 -9999 -9999 -9999 -9999 -9999 19.17820 18.68090 19.18830 19.17540 19.28030 19.46440 19.34660 20.15060 19.84730 19.37500 -9999 -9999 -9999 -9999 -9999 -9999 -9999 -9999 -9999 -9999 -9999 -9999 -9999 -9999 -9999 -9999 -9999 -9999 -9999
-9999 -9999 -9999 -9999 -9999 -9999 -9999 -9999 -9999 -9999 -9999 -9999 -9999 -9999 -9999 -9999 -9999 -9999 -9999 -9999 -9999 -9999 -9999 -9999 -9999 -9999 -9999 -9999 -9999 -9999 -9999 -9999 -9999 -9999 -9999 -9999 -9999 -9999 20.35750 20.39740 20.48680 20.88930 20.49200 19.68750 20.09100 18.88030 18.26690 18.25250 19.54830 20.45590 22.54630 22.87130 22.78640 22.80910 -9999 -9999 -9999 -9999 -9999 -9999 -9999 -9999 -9999 -9999 -9999 -9999 -9999 -9999 -9999 -9999 -9999
-9999 -9999 -9999 -9999 -9999 -9999 -9999 -9999 -9999 -9999 -9999 -9999 -9999 -9999 -9999 -9999 -9999 -9999 -9999 -9999 -9999 -9999 -9999 -9999 -9999 -9999 -9999 -9999 -9999 -9999 -9999 -9999 -9999 -9999 -9999 -9999 -9999 -9999 -9999 -9999 19.76660 19.77140 19.88280 19.98880 20.48710 21.29890 20.39100 20.87960 18.36100 18.25760 18.55760 20.91240 22.43510 22.46250 -9999 -9999 -9999 -9999 -9999 -9999 -9999 -9999 -9999 -9999 -9999 -9999 -9999 -9999 -9999 -9999 -9999
-9999 -9999 -9999 -9999 -9999 -9999 -9999 -9999 -9999 -9999 -9999 -9999 -9999 -9999 -9999 -9999 -9999 -9999 -9999 -9999 -9999 -9999 -9999 -9999 -9999 -9999 -9999 -9999 -9999 -9999 -9999 -9999 -9999 -9999 -9999 -9999 -9999 -9999 -9999 -9999 -9999 -9999 -9999 -9999 19.68640 20.09850 20.41060 21.92090 21.85520 19.77990 20.79530 20.59490 21.64580 22.50480 -9999 -9999 -9999 -9999 -9999 -9999 19.00280 -9999 -9999 -9999 -9999 -9999 -9999 -9999 -9999 -9999 -9999
-9999 -9999 -9999 -9999 -9999 -9999 -9999 -9999 -9999 -9999 -9999 -9999 -9999 -9999 -9999 -9999 -9999 -9999 -9999 -9999 -9999 -9999 -9999 -9999 -9999 -9999 -9999 -9999 -9999 -9999 -9999 -9999 -9999 -9999 -9999 -9999 -9999 -9999 -9999 -9999 -9999 19.68640 19.69090 19.69730 19.69490 19.68990 19.90000 20.30910 20.20470 19.78950 19.70100 20.99040 22.13820 21.96530 -9999 -9999 -9999 -9999 -9999 20.60270 21.10210 22.20090 22.00080 20.40080 20.80110 21.60070 22.40080 23.50170 22.20210 22.40170 21.60160
-9999 -9999 -9999 -9999 -9999 -9999 -9999 -9999 -9999 -9999 -9999 -9999 -9999 -9999 -9999 -9999 -9999 -9999 -9999 -9999 -9999 -9999 -9999 -9999 -9999 -9999 -9999 -9999 -9999 -9999 -9999 -9999 -9999 -9999 -9999 -9999 -9999 -9999 -9999 -9999 -9999 20.78020 19.89640 19.69610 19.68880 19.67690 20.52980 20.44150 19.89090 20.78200 21.67640 22.97800 22.36430 22.32780 22.14110 22.28450 21.08210 -9999 20.80740 23.40340 23.50230 23.40180 23.30090 22.40150 22.90230 23.50510 22.60420 22.20730 21.50970 20.70280 20.40180
-9999 -9999 -9999 -9999 -9999 -9999 -9999 -9999 -9999 -9999 -9999 -9999 -9999 -9999 -9999 -9999 -9999 -9999 -9999 -9999 -9999 -9999 -9999 -9999 -9999 -9999 -9999 -9999 -9999 -9999 -9999 -9999 -9999 -9999 -9999 23.26620 21.13570 19.85650 19.85980 19.66450 19.66260 19.66760 19.67870 19.78010 20.33260 20.40300 19.66740 19.96900 21.77620 22.97860 22.89170 23.05270 23.03200 22.91460 22.36050 22.40790 22.82850 23.01480 23.51390 23.50300 23.30090 22.90050 22.80120 22.81520 23.00520 23.50670 23.40660 23.00490 22.70740 22.28360 22.28360
-9999 -9999 -9999 -9999 -9999 -9999 -9999 -9999 -9999 -9999 -9999 -9999 -9999 -9999 -9999 -9999 -9999 -9999 -9999 -9999 -9999 -9999 -9999 -9999 -9999 -9999 -9999 -9999 -9999 -9999 -9999 -9999 -9999 -9999 23.54850 22.81460 22.13140 22.03930 20.15870 19.65640 19.65750 19.66220 19.85960 20.51560 20.07300 19.66070 19.66190 20.76710 22.98160 23.01750 22.85020 22.83860 22.86820 22.44990 22.38750 22.95690 22.96960 23.34970 23.51800 23.30750 22.81080 22.72950 23.12140 23.34000 23.51320 23.40890 23.10630 23.01500 22.84260 22.85020 22.78430
-9999 -9999 -9999 -9999 -9999 -9999 -9999 -9999 -9999 -9999 -9999 -9999 -9999 -9999 -9999 -9999 -9999 -9999 -9999 -9999 -9999 -9999 -9999 -9999 -9999 -9999 -9999 -9999 -9999 -9999 -9999 -9999 -9999 23.54700 23.35370 22.21700 22.22260 21.63610 20.54700 19.64410 19.64640 19.65910 20.59770 20.31480 19.67530 20.15940 21.16290 21.57080 22.11820 22.34170 22.16060 22.97660 22.86890 22.41250 22.35810 22.93520 22.98360 22.92290 22.91230 22.81840 23.12100 23.31560 23.31120 23.50730 23.51090 23.31150 23.01090 23.32080 23.33040 23.43210 22.91640
-9999 -9999 -9999 -9999 -9999 -9999 -9999 -9999 -9999 -9999 -9999 -9999 -9999 -9999 -9999 -9999 -9999 -9999 -9999 -9999 -9999 -9999 -9999 -9999 -9999 -9999 -9999 -9999 -9999 -9999 -9999 23.34460 21.61320 21.11290 21.01310 22.11570 21.32010 20.42990 19.63680 19.83910 19.74550 19.94210 20.39560 19.95490 19.67080 20.47590 22.76540 22.95440 22.90190 22.83380 22.83470 22.44250 22.44240 22.41170 22.83950 22.96280 22.90520 22.84980 23.16030 23.13050 23.31940 23.51630 23.41180 23.50450 23.50860 23.51910 23.41150 23.10240 23.00210 22.93010 22.89380
-9999 -9999 -9999 -9999 -9999 -9999 -9999 -9999 -9999 -9999 -9999 -9999 -9999 -9999 -9999 -9999 -9999 -9999 -9999 -9999 -9999 -9999 -9999 -9999 -9999 -9999 -9999 -9999 -9999 20.70810 22.10380 20.61310 19.61600 19.61550 19.61730 19.61760 20.72040 22.62070 20.73230 19.63380 20.27560 20.77770 19.65210 19.65500 19.66000 19.68180 20.38710 22.57030 22.83750 22.85350 22.74240 22.43140 22.44040 22.40360 22.85570 23.04130 22.96590 22.94370 22.91160 22.90630 23.32040 23.30740 23.30760 23.40880 23.50580 23.40630 23.52820 23.56000 23.57150 23.58480 22.94950
-9999 -9999 -9999 -9999 -9999 -9999 -9999 -9999 -9999 -9999 -9999 -9999 -9999 -9999 -9999 -9999 -9999 -9999 -9999 -9999 -9999 -9999 -9999 -9999 21.62260 21.32260 20.91850 20.31890 20.11960 19.61270 19.61280 19.61490 19.61680 19.61560 19.61820 20.01870 22.71640 21.12680 20.23280 19.63880 19.93920 20.87460 19.94380 19.65280 19.65240 19.65510 19.96090 20.48280 21.82620 22.94590 22.85090 23.01540 22.56400 22.96280 22.96240 23.02790 22.95820 22.93040 22.92610 23.21150 23.50920 23.51500 23.40920 23.32110 23.32050 23.30250 23.40460 23.20410 23.10480 23.32270 23.69900
-9999 -9999 -9999 -9999 -9999 -9999 22.80990 22.80310 22.80510 22.84120 22.83620 -9999 -9999 -9999 -9999 -9999 -9999 -9999 -9999 -9999 -9999 21.62550 19.94370 20.73280 21.92590 20.82940 20.02390 19.63240 19.62700 19.61400 19.61200 19.61630 19.62000 19.61820 19.62000 19.62200 19.62610 19.82400 22.02420 19.62980 20.02670 20.03560 20.78760 19.64410 19.64950 19.65120 19.95320 21.76540 23.00560 22.94020 22.87360 22.60700 22.89000 23.12940 23.01380 22.98100 22.95650 22.92570 23.22220 23.42190 23.41630 23.42210 23.31700 23.44720 23.44850 22.80490 22.81020 22.90170 22.90190 22.90190 22.82890
-9999 -9999 -9999 -9999 -9999 22.83380 22.83630 22.86050 22.94070 22.84080 22.83760 22.85830 22.85370 22.87360 -9999 -9999 -9999 22.93570 22.64150 21.14320 20.63970 19.64830 19.65170 19.63280 19.26760 18.95030 18.83630 18.83220 18.72820 18.72870 18.83020 18.82780 19.03170 19.03420 18.92540 18.83620 18.84560 18.93480 18.93340 18.74280 18.74520 18.74990 20.58400 19.76920 18.64230 18.85620 19.58340 20.74020 22.60470 22.93740 22.85640 22.49760 22.99480 22.88700 22.93450 22.99630 22.99250 22.98570 22.93770 22.73910 22.82370 22.91060 22.71350 22.80290 22.72990 22.86140 22.92310 22.91550 22.90600 22.91370 22.84760
-9999 21.90880 18.35040 18.25100 18.26110 22.64180 23.34350 22.94780 22.95140 22.93520 22.94280 22.95720 22.96740 22.97510 22.95820 22.93890 22.92440 22.93570 22.94160 22.92380 22.12860 19.85050 20.38490 18.81290 18.58340 18.53340 18.52780 18.52900 18.52760 18.52100 18.51590 18.51360 18.51290 18.51310 18.51580 18.52090 18.52600 18.52640 18.53370 18.53130 18.53170 18.53700 19.27830 20.68650 18.53510 18.54090 18.54970 19.59060 21.57780 21.70770 22.21420 23.07020 23.06080 22.93320 23.01820 23.14800 23.04430 22.99490 22.98930 22.75950 22.81250 22.83760 22.84110 22.81810 22.85750 23.05370 23.01390 22.85210 22.91450 22.97120 23.09140
-9999 23.02100 23.00010 22.94880 22.94010 22.63060 22.41830 22.42870 22.12130 22.83420 22.93640 22.94350 22.95870 22.94790 22.95140 22.95420 22.96450 22.95450 22.94950 22.93540 21.94450 21.44540 23.38270 19.27370 18.55560 18.57120 18.55310 18.61070 18.58340 18.52420 18.51710 18.51580 18.51860 18.51960 19.12520 18.51850 18.52080 18.54450 18.54740 18.53650 18.54570 18.55020 18.53870 21.09460 19.48630 18.71300 18.60150 18.66140 18.72540 19.49090 20.82770 22.85880 22.88890 23.02060 22.91880 22.93840 22.94090 22.98890 22.88620 22.36120 22.75190 22.90000 22.88400 22.74180 22.86250 23.47470 23.28180 22.80820 22.88940 22.83550 22.93720
-9999 -9999 -9999 19.31900 19.12180 18.69870 18.67720 18.68050 18.67600 18.77780 22.93970 23.03060 23.12460 23.32500 23.13080 22.94160 22.95590 22.93560 23.13560 23.43130 23.47770 23.48160 22.48730 18.77660 18.56430 18.57380 18.56190 18.62030 18.60790 18.51810 18.51460 18.51580 19.01840 19.22590 20.12880 21.08730 18.21440 18.22500 19.64970 21.12630 20.46970 20.46120 23.58230 23.40990 21.98980 21.00380 19.77860 18.84570 18.99760 20.21720 22.34330 22.71740 21.96640 22.99250 22.57330 22.94080 23.00350 22.83750 22.92310 22.35030 22.80030 22.93860 22.90510 22.89240 22.87330 22.94940 22.93130 22.95860 22.92330 23.00560 23.01250
-9999 -9999 -9999 -9999 -9999 -9999 20.18240 20.79100 21.49110 22.42860 23.31810 23.46210 23.46160 23.45440 23.44410 23.32280 23.32270 23.46550 23.45970 23.05160 21.46580 19.70550 18.57320 18.55000 18.54570 18.55880 18.55600 19.98750 21.39420 18.92110 18.51540 18.51340 20.78430 22.80900 19.48600 22.71560 22.21620 20.78130 23.78550 23.99460 24.02470 23.18580 22.78080 23.24230 23.40230 23.70620 22.28060 21.23810 20.32440 19.45470 19.99050 19.71190 19.11200 22.60540 22.14090 19.11140 23.07230 23.10770 23.04340 22.98160 22.47950 22.86030 22.45650 22.39940 22.90450 22.92710 22.90230 23.03890 23.11980 23.02270 22.98510
-9999 -9999 -9999 -9999 -9999 -9999 23.45210 23.46050 23.44570 23.46470 23.45310 23.45590 23.45230 23.44300 23.44580 23.46200 22.96480 21.18280 20.07990 18.76500 18.56850 18.67880 18.61770 18.55730 18.55460 18.64970 18.66390 20.09140 24.27300 24.19310 23.13480 23.16800 22.77450 23.58320 23.36100 23.27730 22.80350 22.57580 22.26480 22.89150 22.90760 23.20040 23.67760 23.38500 23.09850 22.91450 23.11670 23.94820 23.83810 22.93510 21.53310 19.92990 19.41980 19.67020 19.33440 18.64430 19.28940 19.54720 20.44430 20.30160 21.46180 21.71830 22.90720 22.94370 23.02530 22.93740 22.98620 23.02000 23.09710 23.10760 23.10790
-9999 -9999 -9999 -9999 -9999 -9999 -9999 -9999 -9999 -9999 23.13720 23.46920 23.46390 23.45190 23.45740 20.57980 18.57030 18.58950 18.57800 18.56560 18.56560 18.83200 18.73460 18.59670 18.62330 18.63780 18.71790 18.67410 19.26100 20.43160 19.82860 20.31850 21.32250 23.38630 24.13400 23.81820 24.15070 24.18410 24.21480 24.18090 22.35380 20.75700 19.83020 21.17000 21.28600 21.89480 21.37840 20.14020 23.55560 24.00850 24.01460 23.78450 23.49410 22.65810 22.46020 23.19420 22.40230 22.92990 22.82310 22.51140 22.75830 20.38220 20.03830 19.55950 20.27960 20.65630 20.38660 21.38940 23.16470 23.22570 23.09830
-9999 -9999 -9999 -9999 -9999 -9999 -9999 -9999 -9999 -9999 21.94280 23.45900 23.46250 23.51700 23.46090 20.58060 18.57480 18.58170 18.61110 18.58290 18.57830 18.69620 18.71620 18.61330 18.66710 18.76650 18.68660 18.69170 18.68330 19.72730 20.53670 20.40360 22.51330 23.14660 21.54490 22.79850 20.68770 18.65670 19.15990 19.23890 18.63340 18.57380 18.66370 18.61120 18.56170 18.56780 18.57220 18.53730 18.65250 22.78510 24.07690 24.12530 24.13810 23.94640 22.54100 24.31080 24.46630 24.52010 24.50240 24.28140 24.16150 24.26740 24.04400 22.87070 20.97920 21.74050 20.32350 18.88100 22.06700 23.27050 23.32830
-9999 -9999 -9999 -9999 -9999 -9999 -9999 -9999 -9999 -9999 -9999 -9999 23.43900 23.49610 23.49020 23.02890 19.70480 18.72620 18.63030 18.62480 18.68310 18.79830 18.45210 19.05910 18.89040 18.72560 18.69090 18.67850 18.66190 18.74260 19.97840 19.62000 19.56760 18.83660 18.63490 18.67500 18.68500 18.69270 18.76080 18.57650 18.55140 18.60600 18.59090 18.54590 18.58260 18.60410 18.57600 18.52600 18.53060 19.04640 21.19070 22.77900 22.80670 22.19800 22.18920 23.71760 24.72310 24.60620 24.64940 24.46110 24.50520 24.60310 24.00540 22.84320 23.59540 24.32560 21.64130 18.95280 19.87610 21.50350 23.15800
-9999 -9999 -9999 -9999 -9999 -9999 -9999 -9999 -9999 -9999 -9999 -9999 23.53530 23.71340 23.67000 23.52140 23.58410 23.43400 20.50320 19.90060 18.53950 19.90380 18.57250 19.91090 18.91960 18.75400 18.72020 18.71600 18.66500 18.70060 18.69130 18.64870 18.64400 18.70280 18.69160 18.76150 18.75970 18.67880 18.73470 18.57330 18.56180 18.72180 18.66920 18.57030 18.56440 19.58150 20.18180 22.01770 23.57670 23.56920 22.37500 22.55850 22.27260 21.44940 23.86480 24.60100 24.64470 24.59680 24.64760 24.55180 24.34150 23.13900 23.38680 24.42260 24.37010 22.54970 21.09120 22.33900 23.00500 23.15340 23.17610
-9999 -9999 -9999 -9999 -9999 -9999 -9999 -9999 -9999 -9999 -9999 23.53350 23.82480 23.94960 23.85690 23.60770 22.66950 18.66590 18.50030 18.52770 18.57940 19.98530 19.99410 19.14370 18.93900 18.96390 18.82020 18.70190 18.71330 18.73140 18.69330 18.64060 18.64120 18.68680 18.68570 18.84230 18.80770 18.75990 18.69190 18.79420 18.80210 18.65330 18.62830 18.55350 18.58390 18.60260 20.00420 21.63070 21.84610 23.45290 23.23600 23.51170 23.40750 24.23270 24.92380 24.75770 24.53830 24.71260 24.69120 23.54480 23.62160 24.58920 24.62540 24.43490 24.40420 23.14000 22.41720 23.15820 23.34110 23.24600 23.14710
-9999 -9999 -9999 -9999 -9999 -9999 -9999 -9999 -9999 -9999 -9999 23.52520 23.64280 23.91810 23.94950 23.71480 21.07770 19.40920 18.77570 19.35830 20.10780 20.19570 19.52120 20.04080 19.78590 19.69300 18.78070 18.73390 18.79360 18.80840 18.74290 18.68430 18.66270 18.75060 18.71720 18.94770 18.96900 18.90010 18.74060 19.00160 19.07640 18.90760 20.48540 20.15130 20.81430 23.22110 23.63720 24.23350 24.48420 24.70340 24.67110 24.81710 24.79100 24.57000 24.47070 24.75380 24.75010 24.01240 23.78380 24.42780 24.73730 24.68780 24.68580 24.88880 24.07900 23.64080 24.37320 23.62370 23.45050 23.30610 23.36990
