data/hydroclimate-scenarios/1948-2000.Pcorr55N_Pref_Tref/monthly_summaries/soilm1_monthly_day1_nov.asc
ncols	311
nrows	91
xllcenter	102.75
yllcenter	31.75
cellsize	0.5
NODATA_value	-9999
[rows 0 to 31 of 91, columns 213 to 283 of 311]
-9999 -9999 -9999 -9999 -9999 -9999 -9999 -9999 -9999 -9999 -9999 -9999 -9999 -9999 -9999 -9999 -9999 -9999 -9999 -9999 -9999 -9999 -9999 -9999 -9999 -9999 -9999 -9999 -9999 -9999 -9999 -9999 -9999 -9999 -9999 -9999 -9999 -9999 -9999 -9999 -9999 -9999 -9999 -9999 -9999 -9999 -9999 -9999 -9999 -9999 -9999 -9999 -9999 -9999 -9999 -9999 -9999 -9999 -9999 -9999 -9999 -9999 -9999 -9999 -9999 -9999 -9999 -9999 -9999 -9999 -9999
-9999 -9999 -9999 -9999 -9999 -9999 -9999 -9999 -9999 -9999 -9999 -9999 -9999 -9999 -9999 -9999 -9999 -9999 -9999 -9999 -9999 -9999 -9999 -9999 -9999 -9999 -9999 -9999 -9999 -9999 -9999 -9999 -9999 -9999 -9999 -9999 -9999 -9999 -9999 -9999 -9999 -9999 -9999 -9999 -9999 -9999 -9999 -9999 -9999 -9999 -9999 -9999 -9999 -9999 -9999 -9999 -9999 -9999 -9999 -9999 -9999 -9999 -9999 -9999 -9999 -9999 -9999 -9999 -9999 -9999 -9999
-9999 -9999 -9999 -9999 -9999 -9999 -9999 -9999 -9999 -9999 -9999 -9999 -9999 -9999 -9999 -9999 -9999 -9999 -9999 -9999 -9999 -9999 -9999 -9999 -9999 -9999 -9999 -9999 -9999 -9999 -9999 -9999 -9999 -9999 -9999 -9999 -9999 -9999 -9999 -9999 -9999 -9999 -9999 -9999 -9999 -9999 -9999 -9999 -9999 -9999 -9999 -9999 -9999 -9999 -9999 -9999 -9999 -9999 -9999 -9999 -9999 -9999 -9999 -9999 -9999 -9999 -9999 -9999 -9999 -9999 -9999
-9999 -9999 -9999 -9999 -9999 -9999 -9999 -9999 -9999 -9999 -9999 -9999 -9999 -9999 -9999 -9999 -9999 -9999 -9999 -9999 -9999 -9999 -9999 -9999 -9999 -9999 -9999 -9999 -9999 -9999 -9999 -9999 -9999 -9999 -9999 -9999 -9999 -9999 -9999 -9999 -9999 -9999 -9999 -9999 -9999 -9999 -9999 -9999 -9999 -9999 -9999 -9999 -9999 -9999 -9999 -9999 -9999 -9999 -9999 -9999 -9999 -9999 -9999 -9999 -9999 -9999 -9999 -9999 -9999 -9999 -9999
-9999 -9999 -9999 -9999 -9999 -9999 -9999 -9999 -9999 -9999 -9999 -9999 -9999 -9999 -9999 -9999 -9999 -9999 -9999 -9999 -9999 -9999 -9999 -9999 -9999 -9999 -9999 -9999 -9999 -9999 -9999 -9999 -9999 -9999 -9999 -9999 -9999 -9999 -9999 -9999 -9999 -9999 -9999 -9999 -9999 -9999 -9999 -9999 -9999 -9999 -9999 -9999 -9999 -9999 -9999 -9999 -9999 -9999 -9999 -9999 -9999 -9999 -9999 -9999 -9999 -9999 -9999 -9999 -9999 -9999 -9999
-9999 -9999 -9999 -9999 -9999 -9999 -9999 -9999 -9999 -9999 -9999 -9999 -9999 -9999 -9999 -9999 -9999 -9999 -9999 -9999 -9999 -9999 -9999 -9999 -9999 -9999 -9999 -9999 -9999 -9999 -9999 -9999 -9999 -9999 -9999 -9999 -9999 -9999 -9999 -9999 -9999 -9999 -9999 -9999 -9999 -9999 -9999 -9999 -9999 -9999 -9999 -9999 -9999 -9999 -9999 -9999 -9999 -9999 -9999 -9999 -9999 -9999 -9999 -9999 -9999 -9999 -9999 -9999 -9999 -9999 -9999
-9999 -9999 -9999 -9999 -9999 -9999 -9999 -9999 -9999 -9999 -9999 -9999 -9999 -9999 -9999 -9999 -9999 -9999 -9999 -9999 -9999 -9999 -9999 -9999 -9999 -9999 -9999 -9999 -9999 -9999 -9999 -9999 -9999 -9999 -9999 -9999 -9999 -9999 -9999 -9999 -9999 -9999 -9999 -9999 -9999 -9999 -9999 -9999 -9999 -9999 -9999 -9999 -9999 -9999 -9999 -9999 -9999 -9999 -9999 -9999 -9999 -9999 -9999 -9999 -9999 -9999 -9999 -9999 -9999 -9999 -9999
-9999 -9999 -9999 -9999 -9999 -9999 -9999 -9999 -9999 -9999 -9999 -9999 -9999 -9999 -9999 -9999 -9999 -9999 -9999 -9999 -9999 -9999 -9999 -9999 -9999 -9999 -9999 -9999 -9999 -9999 -9999 -9999 -9999 -9999 -9999 -9999 -9999 -9999 -9999 -9999 -9999 -9999 -9999 -9999 -9999 -9999 -9999 -9999 -9999 -9999 -9999 -9999 -9999 -9999 -9999 -9999 -9999 -9999 -9999 -9999 -9999 -9999 -9999 -9999 -9999 -9999 -9999 -9999 -9999 -9999 -9999
-9999 -9999 -9999 -9999 -9999 -9999 -9999 -9999 -9999 -9999 -9999 -9999 -9999 -9999 -9999 -9999 -9999 -9999 -9999 -9999 -9999 -9999 -9999 -9999 -9999 -9999 -9999 -9999 -9999 -9999 -9999 -9999 -9999 -9999 -9999 -9999 -9999 -9999 -9999 -9999 -9999 -9999 -9999 -9999 -9999 -9999 -9999 -9999 -9999 -9999 -9999 -9999 -9999 -9999 -9999 -9999 -9999 -9999 -9999 -9999 -9999 -9999 -9999 -9999 -9999 -9999 -9999 -9999 -9999 -9999 -9999
-9999 -9999 -9999 -9999 -9999 -9999 -9999 -9999 -9999 -9999 -9999 -9999 -9999 -9999 -9999 -9999 -9999 -9999 -9999 -9999 -9999 -9999 -9999 -9999 -9999 -9999 -9999 -9999 -9999 -9999 -9999 -9999 -9999 -9999 -9999 -9999 -9999 -9999 -9999 -9999 -9999 -9999 -9999 -9999 -9999 -9999 -9999 -9999 -9999 -9999 -9999 -9999 -9999 -9999 -9999 -9999 -9999 -9999 -9999 -9999 -9999 -9999 -9999 -9999 -9999 -9999 -9999 -9999 -9999 -9999 -9999
-9999 -9999 -9999 -9999 -9999 -9999 -9999 -9999 -9999 -9999 -9999 -9999 -9999 -9999 -9999 -9999 -9999 -9999 -9999 -9999 -9999 -9999 -9999 -9999 -9999 -9999 -9999 -9999 -9999 -9999 -9999 -9999 -9999 -9999 -9999 -9999 -9999 -9999 -9999 -9999 -9999 -9999 -9999 -9999 -9999 -9999 -9999 -9999 -9999 -9999 -9999 -9999 -9999 -9999 -9999 -9999 -9999 -9999 -9999 -9999 -9999 -9999 -9999 -9999 -9999 -9999 -9999 -9999 -9999 -9999 -9999
-9999 -9999 -9999 -9999 -9999 -9999 -9999 -9999 -9999 -9999 -9999 -9999 -9999 -9999 -9999 -9999 -9999 -9999 -9999 -9999 -9999 -9999 -9999 -9999 -9999 -9999 -9999 -9999 -9999 -9999 -9999 -9999 -9999 -9999 -9999 -9999 -9999 -9999 -9999 -9999 -9999 -9999 -9999 -9999 -9999 -9999 -9999 -9999 -9999 -9999 -9999 -9999 -9999 -9999 -9999 -9999 -9999 -9999 -9999 -9999 -9999 -9999 -9999 -9999 -9999 -9999 -9999 -9999 -9999 -9999 -9999
-9999 -9999 -9999 -9999 -9999 -9999 -9999 -9999 -9999 -9999 -9999 -9999 -9999 -9999 -9999 -9999 -9999 -9999 -9999 -9999 -9999 -9999 -9999 -9999 -9999 -9999 -9999 -9999 -9999 -9999 -9999 -9999 -9999 -9999 -9999 -9999 -9999 -9999 -9999 -9999 -9999 -9999 -9999 -9999 -9999 -9999 -9999 -9999 -9999 -9999 -9999 -9999 -9999 -9999 -9999 -9999 -9999 -9999 -9999 -9999 -9999 -9999 -9999 -9999 -9999 -9999 -9999 -9999 -9999 -9999 -9999
59.41860 59.86900 60.22630 60.09860 61.80270 61.63100 -9999 -9999 -9999 -9999 -9999 -9999 -9999 -9999 -9999 -9999 -9999 -9999 -9999 -9999 -9999 -9999 -9999 -9999 -9999 -9999 -9999 -9999 -9999 -9999 -9999 -9999 -9999 -9999 -9999 -9999 -9999 -9999 -9999 -9999 -9999 -9999 -9999 -9999 -9999 -9999 -9999 60.60920 -9999 -9999 -9999 -9999 -9999 -9999 -9999 -9999 -9999 -9999 -9999 -9999 -9999 -9999 -9999 -9999 -9999 -9999 -9999 -9999 -9999 -9999 -9999
59.59260 61.57680 63.81940 64.26000 64.07450 64.46320 57.97280 58.57830 60.22220 61.04540 54.33690 56.98010 57.18110 57.52120 57.38920 57.07340 56.90140 55.22740 69.78020 -9999 -9999 -9999 -9999 -9999 -9999 -9999 -9999 -9999 -9999 -9999 -9999 -9999 -9999 -9999 -9999 -9999 -9999 -9999 -9999 -9999 -9999 -9999 57.67940 50.34320 50.70250 51.61290 54.58050 54.41940 55.86570 -9999 -9999 -9999 58.17040 -9999 -9999 -9999 60.61730 61.01530 61.01600 -9999 -9999 -9999 -9999 -9999 -9999 -9999 -9999 -9999 -9999 -9999 -9999
59.41000 60.25350 52.25270 53.27470 53.22160 54.01560 50.11930 49.19830 53.53770 54.11860 55.11490 58.72540 58.53410 60.44470 61.52420 61.23490 61.28290 60.79660 55.89210 54.52760 55.26790 57.31080 58.42310 61.02350 57.15140 -9999 -9999 -9999 -9999 -9999 69.36520 68.40870 66.70600 64.24500 61.98480 61.14770 51.94750 51.40180 52.69780 53.03800 53.45450 53.99820 50.16030 50.53110 51.57800 52.04720 55.11390 55.97820 56.50620 57.19460 57.51730 58.75660 58.81600 59.17390 58.23990 59.15470 60.51710 60.71790 62.53770 62.25450 62.54660 62.02770 62.38890 62.56680 -9999 -9999 -9999 -9999 -9999 -9999 -9999
58.39150 60.62470 61.48290 64.06920 62.32040 64.14450 61.69870 63.80360 66.73920 67.82820 68.71550 68.02810 66.93330 68.31860 66.80750 68.66940 66.50150 66.28210 64.44490 63.42960 63.58410 61.35830 55.70590 64.57540 61.87040 62.88940 63.69110 58.15450 57.95200 57.46890 57.45500 68.56640 66.96990 66.62650 55.74980 55.11960 55.66570 53.99200 53.75470 53.75000 53.51780 53.78090 53.51480 53.10810 54.36250 54.86170 54.92970 56.01290 56.82420 57.92730 58.76920 59.13340 59.55860 59.58610 58.66800 58.44960 58.57900 59.73030 60.65690 60.82750 61.98330 61.98130 62.68810 62.68020 62.64290 62.69490 62.93070 62.59350 62.05140 61.96250 61.60910
69.34760 68.94070 70.48610 68.59180 69.74590 70.38060 71.06150 69.98000 70.19330 67.22910 63.56760 62.70710 64.21680 62.64720 60.97740 59.11700 61.88360 64.42410 72.55470 72.48920 70.61390 69.33310 70.95770 62.00430 50.72930 50.16280 58.30500 53.95440 53.72010 52.39450 50.38090 64.61140 68.19540 66.87430 56.92550 55.90370 56.15990 54.93260 54.67740 54.36870 54.57450 55.23490 55.10930 55.38070 55.91310 55.75620 55.39550 56.61900 57.65380 59.01190 58.72090 59.83310 59.65430 60.20870 58.07640 58.13430 58.86400 59.01870 60.13400 60.02490 61.41830 61.23450 62.48590 62.62390 61.87020 62.16970 62.72550 62.66750 62.21740 61.93420 61.99900
76.38770 75.66910 74.50320 75.22920 75.19760 72.08340 72.07940 63.07970 65.60700 68.84780 68.26750 68.37490 62.26990 74.04660 70.33350 76.93370 76.76110 75.41310 78.91170 79.39130 81.57690 82.12360 76.31780 55.85540 51.35620 50.44540 60.05000 52.65210 57.25750 50.18860 49.33350 53.76710 60.52690 60.88010 59.13660 58.33890 58.23070 67.36710 66.70430 66.48840 57.04210 57.30020 66.44410 66.46930 66.78650 67.63180 67.21200 58.42230 59.99160 60.15200 60.04560 60.69430 60.78160 60.92310 60.10010 59.78610 59.39480 60.05700 61.32060 61.12480 60.31020 62.77680 70.24800 70.33220 70.92490 70.42190 63.09120 62.27510 61.72120 61.52150 61.79380
83.64940 84.53900 84.11010 83.45470 82.13150 80.54910 78.88040 77.28140 76.35380 75.76890 74.99210 74.61210 74.16820 74.04710 74.62180 76.93660 78.01400 78.79490 83.65880 83.25310 82.43680 81.94140 70.63280 64.08630 49.36400 50.33270 51.98340 52.46910 58.35320 47.11130 51.28180 51.96860 54.36400 66.64450 77.36140 78.34310 79.03970 79.33230 78.68340 78.84030 78.99020 78.94440 78.36090 78.29430 78.11940 78.49730 78.23040 78.25790 78.83240 79.00930 79.05770 71.94790 70.63740 70.39690 60.46260 60.98610 60.46720 61.34030 70.84910 70.86260 71.91530 79.33810 79.05440 78.97190 78.95600 79.07450 79.33840 73.70160 69.84410 81.08900 82.13780
84.66800 84.73020 83.93490 79.52310 78.18390 77.98150 77.09880 76.58100 75.17530 74.27640 75.01530 74.86590 74.79730 76.14120 77.79020 78.84980 79.47750 80.63800 83.00070 81.04410 79.65780 76.58410 68.30130 66.42890 50.52450 50.71780 51.55900 51.12560 49.12130 46.35340 47.81000 54.80390 53.93650 52.96480 53.07230 56.31960 58.82650 68.68150 69.24740 70.04260 79.37510 79.48950 79.14300 78.92340 78.81670 79.02640 78.93010 78.78890 79.40680 79.46680 79.49990 79.53910 79.36530 79.51530 78.72810 78.92390 78.37570 78.40980 79.10040 79.07060 71.54490 79.78040 79.14580 79.39160 79.83200 79.73220 82.72840 82.20780 81.74950 82.03840 82.09550
81.91690 80.21070 80.46390 79.60470 79.97810 80.23910 79.22830 79.43210 79.58350 78.45710 78.02230 76.07840 74.33490 73.91500 75.95620 78.03270 78.91860 79.76680 84.16180 83.40130 78.08520 73.23800 59.51390 61.54640 61.05250 61.45650 52.55790 51.27740 49.36470 47.53780 45.52430 48.34560 50.64170 53.09470 54.25200 54.05550 54.07270 53.63320 54.51800 54.76050 57.06430 68.53560 81.04100 81.11720 79.26820 78.05710 70.63200 70.55370 80.96960 79.49010 79.17020 79.76010 79.60590 79.86650 79.50590 79.73890 79.14630 78.82550 79.10690 79.50510 70.73980 79.86850 79.37570 79.28040 79.91290 80.99280 82.65630 82.39470 81.76480 82.17650 82.01540
78.78840 77.89010 77.58190 77.64070 78.51790 80.36640 81.71300 81.63490 82.18960 82.49040 81.83810 81.77750 80.98550 75.94760 76.78960 79.01660 81.56370 79.71860 80.18650 78.69360 64.60640 59.56010 57.76840 58.07290 56.95610 59.92780 59.47700 60.20960 61.18050 60.96440 50.58260 52.04700 51.46490 51.16250 62.28770 63.51280 63.35130 63.18440 64.01180 64.26760 55.05470 57.30460 68.80570 80.11280 80.41200 81.28940 81.55770 80.52700 80.23820 79.99030 73.14070 72.39920 81.47160 79.69370 80.25050 79.92130 79.29170 79.87930 80.20210 81.33270 81.19100 79.67120 80.07080 79.80020 79.69380 80.78270 81.69050 81.94580 81.96470 82.06110 82.50200
79.70120 78.44580 78.61960 78.21750 78.60020 79.64390 79.30390 79.05430 77.09560 77.95630 81.99880 83.87070 75.01420 70.02540 70.08450 68.93790 66.95670 80.85190 82.63760 80.00120 74.16880 58.16840 58.27390 57.65990 55.71520 55.29020 55.52710 55.63880 55.58080 56.56080 57.59940 60.92830 59.51830 58.72760 56.35610 56.96620 57.49540 58.55730 61.52950 62.09100 62.61700 63.70550 67.68070 69.40360 70.52710 71.01980 73.71290 75.49040 80.47400 80.92430 82.05260 82.64790 81.03490 73.24500 81.21240 79.85480 79.51350 70.62730 81.02410 80.43760 79.60940 79.74530 79.62300 79.51320 79.42160 79.46870 82.43110 82.08690 81.99180 82.04360 82.27710
83.45200 82.41000 81.24500 80.04810 78.00800 78.39000 77.94680 77.65050 80.38020 80.53910 82.87300 83.95390 83.93970 83.42830 80.86120 82.57390 76.65430 78.84700 80.24870 83.65940 81.61980 70.62470 68.72520 68.55410 52.85410 52.43240 52.95990 53.02470 53.28570 53.51340 54.02490 53.02010 53.90390 53.18090 53.10390 54.54450 54.19240 56.33550 57.18200 59.82730 56.49760 58.73750 62.87890 65.11640 65.93100 67.23230 68.40260 70.99910 74.06130 76.23530 76.15020 80.41530 82.66600 80.92810 71.31570 80.01620 79.68880 80.12760 80.31940 80.13770 79.92540 79.49500 79.00910 78.23320 79.44410 79.75370 80.53180 83.42750 83.48680 83.15690 82.85300
83.32860 80.35250 71.48750 67.81530 77.61690 70.00540 69.20230 67.05730 67.45080 70.72840 70.97210 70.22090 69.91500 72.15280 80.44960 83.60570 82.28110 81.39710 81.78970 80.73280 78.86070 77.66320 72.05670 71.78630 68.92210 68.52290 67.42760 51.56180 52.30700 52.40760 55.15650 53.73850 53.48840 54.99130 53.59780 54.78280 55.00830 57.75990 58.79520 57.33090 59.58830 57.13700 64.00180 66.57550 69.98590 70.19950 70.52090 71.59280 73.49930 75.29850 75.45200 76.34760 77.16620 81.67440 79.90030 71.88020 79.31020 79.56600 79.87610 80.06010 79.74400 79.68770 79.07540 78.57750 78.89410 79.39260 81.16190 80.99850 82.08580 83.60190 83.26010
73.00200 70.77020 72.26980 76.16890 74.01390 85.10480 82.90130 80.27060 76.40780 83.15550 84.93920 80.58500 79.09400 72.75890 79.08710 84.18640 79.12270 69.98970 79.01310 78.88620 77.29330 76.74740 76.08130 76.47890 74.93030 75.03670 74.53640 73.24430 73.30990 76.96330 66.57400 59.61860 56.29150 57.94100 61.97790 62.09030 59.23300 61.12630 60.69630 61.65870 62.91800 65.92130 66.72770 68.14270 67.99080 69.57010 71.87480 71.18790 72.15310 74.00850 74.77830 76.19080 75.88170 76.86260 83.30610 73.51990 81.13970 80.52800 80.35590 80.66570 80.13540 80.12130 80.06960 79.72020 80.15520 80.67170 81.19460 80.96610 81.42560 82.20460 83.74630
69.53090 69.16600 72.09850 84.94020 83.39860 83.21150 85.73440 86.06090 83.71140 82.90450 84.79440 81.40010 82.51610 85.30320 85.45810 80.44080 80.25650 80.53610 81.25890 80.03890 81.20410 80.86500 79.67370 80.39000 75.80860 65.61270 62.93680 62.47610 64.15960 64.26890 60.91310 60.53980 59.65150 61.84330 57.15540 57.63440 61.56830 63.19900 63.69580 63.52030 63.41660 61.82260 67.24750 72.39810 73.59580 73.08680 72.12140 73.18500 74.47870 74.16530 74.40430 74.77430 75.67220 76.07710 82.39150 74.14930 72.59590 80.51590 81.06510 80.87520 80.45120 80.33830 80.70000 80.81730 80.55820 80.74180 81.05060 81.45410 82.53600 81.76560 83.69300
73.04950 76.76760 74.75100 74.82290 71.59120 70.68200 71.48530 74.94070 82.65300 84.69460 85.68070 85.80200 74.86890 73.24050 70.27380 70.30060 69.27690 63.17880 74.32790 75.66420 77.18750 78.24360 75.20280 71.33480 58.73110 52.75600 58.64670 59.41190 59.87010 62.34590 65.07890 62.09240 57.85010 54.66260 55.97080 60.12140 63.27580 63.47600 64.66170 66.74290 67.08800 66.27080 65.82730 71.93000 73.49080 75.37200 73.53850 71.60180 74.72220 69.77370 71.85440 72.38640 75.69150 77.29770 83.77660 78.10140 77.52110 81.84450 81.67130 80.60690 81.57390 81.64660 82.04640 82.13990 80.96830 81.05910 80.85620 82.35620 83.56000 82.45220 82.66900
78.30810 78.71210 77.05060 73.18760 70.85050 69.76920 69.91450 68.54550 68.11240 79.18230 83.53930 84.26190 82.50200 77.17360 75.63020 70.63770 70.51390 69.53000 70.06410 69.64880 71.62140 75.46880 79.06500 74.85100 67.42770 57.77940 52.54310 50.87540 58.14850 63.89350 62.36630 56.50400 54.98680 52.34450 53.82560 54.93080 61.56890 64.06140 69.45730 71.07800 69.54410 69.90430 68.95160 70.63870 76.66780 75.15570 76.99630 75.23920 74.13730 72.60010 72.79200 73.40800 75.24600 77.77280 80.15500 80.11530 82.77100 82.96730 82.02800 81.73890 81.33150 80.65330 80.42510 80.17520 80.68100 81.56440 82.29930 82.82110 83.91190 84.03220 83.59070
76.79190 76.43430 75.79340 74.74300 72.04310 69.97130 70.78800 71.12230 70.84870 70.72310 69.49260 67.88920 74.23670 76.69160 77.95570 77.98300 76.49830 70.42340 69.81780 70.57010 70.54720 71.83110 72.98290 71.58640 68.62720 63.74830 62.33190 67.32320 63.15870 66.38830 64.22940 63.20670 61.01060 56.43140 54.73110 55.05030 59.95060 64.77880 68.65090 70.53630 71.57760 69.38310 72.29920 71.23300 74.08420 76.10540 75.17060 75.76350 76.18960 77.50200 77.09530 76.87990 75.79190 77.11300 77.61630 78.66170 83.61360 85.46370 84.29270 84.03520 84.58240 82.84490 82.42130 81.85880 81.99020 82.38280 82.75110 83.23230 83.93950 85.08030 85.77830
79.18200 -9999 73.51500 73.56210 74.22930 74.41910 -9999 73.66430 72.78290 71.13180 69.88470 66.67570 68.08030 72.78580 72.35370 72.98450 73.64670 71.93530 71.17590 69.71740 69.26870 68.48800 72.00240 73.07030 72.46460 70.78230 71.16120 70.59380 72.92180 71.64590 70.80180 71.53890 64.54460 58.92400 56.39570 63.98380 66.67890 67.79940 66.87810 68.49710 70.83680 73.42420 80.16580 77.38250 73.09200 73.43980 72.98510 73.06250 73.52340 73.68170 74.09000 73.12830 72.05710 77.33460 78.71860 83.26360 87.05640 87.07970 86.66020 86.57610 86.27220 86.17640 86.70650 86.40820 87.05750 86.36730 86.28530 86.34770 85.58950 85.84850 85.15610
