data/hydroclimate-scenarios/1948-2000.Pcorr55N_Pref_Tref/monthly_summaries/soilm3_monthly_day1_apr.asc
ncols	311
nrows	91
xllcenter	102.75
yllcenter	31.75
cellsize	0.5
NODATA_value	-9999
[rows 32 to 63 of 91, columns 0 to 70 of 311]
-9999 -9999 -9999 -9999 -9999 -9999 -9999 -9999 -9999 -9999 -9999 23.41760 23.41950 23.44500 23.43250 23.44060 23.43910 23.45370 20.57100 20.86850 22.98800 23.46030 23.45610 23.45880 23.07460 22.86770 22.67150 21.41630 20.40620 18.64010 18.54300 18.53180 18.53720 18.54110 19.44590 20.74220 22.14520 23.04780 24.26080 24.26350 24.26020 24.25870 24.27130 24.26890 24.26570 24.26160 24.25420 24.24310 24.23940 24.23990 24.23570 24.24890 24.24200 24.31940 24.11710 24.11120 24.02200 23.92060 24.29090 24.23400 24.23920 24.24170 23.88940 22.48070 21.98920 23.71950 23.64910 23.58990 23.79700 22.94360 23.06000
-9999 -9999 -9999 -9999 -9999 -9999 -9999 -9999 -9999 -9999 -9999 23.43140 23.43690 23.43260 23.43620 23.43830 23.43940 23.45870 23.46170 23.47450 23.47710 23.47310 23.29980 23.10300 22.90460 22.86630 22.88090 22.85860 22.83930 22.04860 20.36830 19.84320 21.85740 23.63970 24.27270 24.24200 24.13450 24.27680 24.23990 23.56260 24.27690 24.35450 24.29080 24.29850 24.30870 24.29830 24.29410 24.26360 24.25440 24.24760 24.24100 24.24650 24.23840 24.29530 24.22390 24.24590 24.24740 24.24260 24.24850 24.25190 24.24960 22.88630 22.86120 24.23900 23.02570 23.75990 23.96670 22.89820 22.90000 22.93260 23.05400
-9999 -9999 -9999 -9999 -9999 -9999 -9999 -9999 -9999 -9999 -9999 -9999 23.13460 23.03750 23.03680 23.04540 23.44550 23.47040 23.47270 23.48010 23.21110 22.88270 22.92400 22.96860 22.98840 22.92050 22.89880 22.96820 22.93090 22.92750 22.84990 23.45140 24.14780 24.15370 23.95760 23.86070 23.26710 24.29030 24.34460 23.25220 23.45580 23.46670 23.96700 24.29700 24.30340 24.32250 24.30480 24.27750 24.26580 24.25550 24.23940 24.24520 24.24400 24.23100 24.22360 24.22670 24.22880 23.88520 22.98580 23.09110 22.97420 22.99820 22.99820 23.25110 23.45870 22.79050 23.61000 22.93970 22.98040 23.01220 22.99960
-9999 -9999 -9999 -9999 -9999 -9999 -9999 -9999 -9999 -9999 -9999 -9999 22.93620 23.03430 23.24070 23.34620 23.25040 23.20030 23.00850 22.88330 22.98300 23.00280 22.99300 22.97450 22.98190 22.96540 22.93470 22.96370 22.93640 22.86040 22.84940 23.95760 23.76510 23.04640 22.98030 22.85420 22.85190 23.65700 23.85610 22.97120 22.88720 22.82530 23.31700 24.34290 24.21490 23.92910 24.02530 23.68550 23.56090 23.56620 23.45110 23.53620 23.82620 24.23880 24.23350 24.00600 21.90150 23.10290 23.82600 23.14860 22.82560 23.04840 23.94560 24.31590 23.60970 23.10540 22.93770 22.94660 22.97960 23.01000 23.03210
-9999 -9999 -9999 -9999 -9999 -9999 -9999 -9999 -9999 -9999 -9999 -9999 23.32810 23.13540 23.20250 22.89440 22.90730 22.85800 22.80230 23.00280 22.99100 23.01180 22.99620 22.98050 22.97340 22.97220 22.95920 22.86020 22.87210 22.78850 22.68060 22.84060 22.85370 22.96010 22.94510 22.95310 22.87890 22.96670 22.95940 22.98500 23.02210 22.94290 23.13800 23.65180 23.17700 23.01630 23.08520 23.03620 23.02490 22.98810 22.96610 22.97270 22.94650 23.15810 23.06340 22.88280 22.77900 22.95190 22.85500 22.87840 22.86100 22.96810 22.96420 23.36800 23.60730 23.22920 22.95620 22.96960 23.01250 23.03130 23.05170
-9999 -9999 -9999 22.95170 22.95810 22.94290 22.93180 22.93620 22.93910 -9999 23.33740 23.29300 22.99550 22.83520 22.84120 22.94110 22.86170 22.68510 22.79290 22.98350 22.99210 22.99630 22.88770 22.78030 22.89060 22.97250 22.95910 22.96230 22.77930 22.60220 22.55380 22.65470 22.73780 22.80520 22.87570 22.36000 22.88400 22.97010 22.98650 22.99530 23.01810 23.04970 23.06250 23.08450 23.09210 23.09500 23.11020 22.94950 23.02370 23.02130 22.93350 22.84530 22.83360 22.92230 22.80190 22.83120 22.94120 22.78710 22.72210 22.78640 22.88030 22.79160 22.81730 23.04910 23.01970 22.93120 22.96780 23.03370 23.08960 23.13070 23.18110
-9999 -9999 -9999 22.58970 22.96840 22.96990 22.96020 22.86030 22.84910 23.19660 23.06240 22.90400 22.74370 22.74010 22.86160 22.84490 22.71620 22.56750 22.57490 22.57740 22.57700 22.59870 22.58710 22.58740 22.62090 22.83470 22.71820 22.59210 22.58560 22.63190 22.33140 22.58610 22.56020 22.59130 22.80600 22.72410 22.88680 23.01530 22.98650 23.05300 23.04600 23.03860 23.08040 23.10370 23.00140 23.02110 23.13030 23.05950 22.97460 22.87420 22.87200 23.04800 23.04510 23.03890 22.90320 23.04520 23.01310 23.00540 22.92020 22.99080 22.99240 23.09940 23.12730 23.05760 23.14200 23.09910 23.12310 23.13020 23.21920 23.17350 23.00390
-9999 -9999 -9999 22.56530 22.96690 22.85870 23.01860 22.97150 22.97330 22.96010 22.96880 22.91210 22.53790 22.52690 22.53390 22.52310 22.59650 22.60260 22.56440 22.55830 22.57180 22.61980 22.35660 22.74310 22.63620 22.72890 22.80100 22.71320 22.61330 22.65170 22.67880 22.63890 22.61590 22.62270 22.64260 22.63140 22.69370 22.88850 22.92450 22.87650 22.98630 22.98090 23.09310 23.11940 23.09960 23.10530 23.12310 22.89060 22.88980 23.09130 23.09310 23.05460 23.05260 23.04270 23.01910 23.05150 23.02600 23.02040 23.03820 23.12150 23.04530 23.05900 23.12710 23.17500 23.18780 23.19870 23.20600 22.93160 22.88460 22.81890 22.73930
-9999 -9999 -9999 22.67960 22.95020 22.77860 22.99710 22.99750 22.94330 22.92140 22.94740 22.62750 22.52520 22.54690 22.53240 22.66310 21.18720 18.33940 19.02560 19.89080 22.83670 22.74830 21.79560 19.61090 19.96210 22.86550 22.80740 22.67840 22.75140 22.70020 22.68270 22.61180 22.65070 22.68920 22.68240 22.68940 22.65870 22.62840 22.84540 22.93600 22.96010 23.02210 23.04470 23.04720 23.13370 23.15110 23.16050 23.08690 23.09400 23.08400 23.08890 23.06980 23.05990 22.96740 23.04280 22.98780 22.87830 22.87970 22.88570 23.00480 22.91090 22.92170 22.90750 22.90430 22.94590 22.87420 22.78950 22.68510 22.73170 22.75060 22.77170
-9999 -9999 -9999 22.45550 22.84130 22.88120 23.01630 22.97720 22.96420 22.94730 22.96500 22.78290 22.55460 22.56960 18.32280 18.32420 19.71820 21.11690 22.57300 22.72240 22.84790 19.93710 18.72850 22.75200 22.75840 22.64910 22.57090 22.57760 22.63680 22.66520 22.67580 22.66230 22.67140 22.65210 22.52500 22.83200 22.73900 22.41350 22.42080 22.64500 23.07820 22.91560 22.73380 22.74140 22.84660 22.85290 22.75610 22.89500 22.80030 22.69860 22.59620 22.68050 22.77630 22.68180 22.66200 22.72190 22.69620 22.69470 22.60030 22.65010 22.66300 22.65260 22.66060 22.80520 22.80320 22.79770 22.82000 22.80680 22.74480 22.76640 22.79830
-9999 -9999 -9999 -9999 22.82470 22.93380 22.93450 22.91960 22.88840 22.87020 22.89300 22.64300 22.58690 22.59070 -9999 -9999 -9999 -9999 -9999 20.29430 18.43690 18.39430 18.42610 22.30430 21.27800 21.94980 22.03740 22.11250 22.62790 22.61250 22.62580 22.65220 22.64850 22.51560 22.90660 22.88470 23.12040 22.53550 22.43240 22.82450 22.91620 23.16300 22.62100 22.49700 22.70010 22.90660 23.50100 23.10610 22.70660 19.92720 22.89140 22.79530 22.77820 22.49210 22.49120 22.55510 22.55310 22.54450 22.74160 22.66480 22.58420 22.60350 20.22160 22.60990 22.61300 20.72140 22.62540 22.61940 22.30290 -9999 -9999
-9999 -9999 22.40480 22.84400 22.94520 22.94140 22.93350 22.92120 22.89390 22.88630 22.90140 22.54700 22.57630 -9999 -9999 -9999 -9999 -9999 20.25170 18.39560 19.41640 22.61000 22.60460 22.64760 19.80180 18.40100 19.04010 22.61530 22.62370 22.52040 22.66470 22.64610 22.93490 22.83850 22.54260 23.11400 23.11290 22.79910 22.53560 22.50830 22.42900 22.47670 22.51340 22.47210 22.47010 22.47870 22.49220 22.49560 22.19750 18.43410 18.42430 18.40280 18.43090 18.44340 20.62850 22.82470 22.54280 22.65370 22.65910 22.66730 22.67940 22.69850 20.23280 18.52620 18.54150 18.54210 18.54750 -9999 -9999 -9999 -9999
-9999 -9999 22.91290 22.96210 22.94020 22.95170 23.04080 22.92680 22.89880 22.90310 22.57250 22.57410 22.56040 -9999 -9999 -9999 -9999 22.59630 22.65850 22.60940 23.03900 22.71120 21.62370 18.35330 19.33870 22.58630 22.62440 22.49340 22.41960 22.51250 22.49330 22.42850 22.53210 22.56930 22.97670 22.63140 22.62490 22.52840 22.55630 22.48410 22.52180 22.52930 22.54410 22.49340 22.71110 22.81460 22.82150 22.81390 22.74230 22.73600 20.00400 18.46280 18.45440 18.40850 18.39810 21.27830 22.68540 20.67400 19.79250 19.42430 18.52910 18.52920 18.54130 19.84730 21.15190 -9999 -9999 -9999 -9999 -9999 22.64000
-9999 -9999 22.76000 23.11230 22.97040 22.96710 23.26370 23.21640 22.91170 22.80450 22.58430 22.58210 22.55410 -9999 -9999 -9999 -9999 22.64700 22.62910 22.83790 21.85550 20.24340 19.72790 22.58830 22.59490 22.60020 22.49540 22.40410 22.41320 22.52310 22.52420 22.59880 22.52360 22.55840 22.58420 22.56780 22.48240 22.47950 22.47840 22.55970 22.62240 22.60550 22.63620 22.52250 22.43820 21.73520 21.83050 22.52600 22.95530 22.98160 22.13450 21.84500 20.69430 21.39730 20.90820 20.74190 21.91370 21.57820 22.58690 22.65200 18.60690 21.23010 22.69010 22.81070 22.80660 20.73970 18.55180 18.52890 18.54300 -9999 -9999
-9999 -9999 -9999 23.54860 23.00890 22.02150 22.22910 22.75120 22.69160 23.71520 25.51790 22.61210 -9999 -9999 -9999 -9999 22.59390 22.59960 22.57750 22.62290 22.73220 22.59920 22.89800 22.68640 22.58880 22.49320 22.51150 22.64290 22.54900 22.55080 22.52790 22.51320 22.53680 22.90450 23.26340 23.36430 22.89900 22.78880 22.56420 22.52890 22.55890 22.53670 22.70870 22.43540 21.98340 21.85600 20.84190 20.19910 20.79180 22.47560 21.58740 18.62380 18.63990 18.68720 18.65900 18.60780 18.63440 22.02120 22.72910 22.71410 22.72400 22.68460 22.66780 22.74790 22.82160 22.75890 18.60210 18.54050 18.57430 18.62460 -9999
-9999 -9999 -9999 -9999 22.78480 21.27950 22.67010 22.63090 22.62830 22.61410 22.57540 -9999 -9999 -9999 -9999 22.59730 22.70530 22.70140 22.34050 22.95460 23.03660 23.24630 23.43720 22.83570 22.39970 22.84600 23.37330 22.89320 23.41200 22.99630 22.98320 23.19150 23.30480 23.33410 23.25640 22.79770 22.59470 22.50650 22.59320 22.52980 22.54320 22.53170 22.56760 22.62090 22.59950 23.30030 23.67050 21.87250 21.31960 20.67080 23.10810 18.60060 18.61940 19.71140 19.02510 18.68980 18.84320 18.69850 18.72700 22.73750 22.70270 22.76530 22.75010 22.85970 22.84730 22.67310 18.58960 18.55480 18.53500 18.59530 18.70760
-9999 -9999 -9999 -9999 -9999 -9999 22.74160 22.82280 22.78250 22.95340 23.40990 -9999 -9999 -9999 -9999 -9999 23.08370 23.19670 22.70290 23.41630 23.35600 23.00630 22.70690 22.61790 23.15070 23.35020 21.41140 19.62790 19.63520 20.24880 22.57010 23.40680 23.06000 23.31750 23.22530 23.52330 22.80640 22.49080 22.57070 22.54540 22.54980 22.57400 22.58690 22.57050 22.70100 23.10140 23.71190 23.30550 21.94500 18.62630 18.81080 18.78250 22.74180 23.23480 21.64650 23.97130 18.97070 18.83650 18.85490 21.92140 22.84090 22.86320 22.76670 22.85210 22.93370 22.78730 19.20390 18.55250 18.57340 20.97190 22.46100
-9999 -9999 -9999 -9999 -9999 -9999 -9999 -9999 -9999 -9999 -9999 -9999 -9999 -9999 -9999 -9999 -9999 -9999 -9999 23.37310 22.62090 21.34040 22.91480 23.03440 22.02510 21.91990 20.97530 20.92570 21.52320 22.99270 23.45080 22.95810 22.59720 22.74430 23.22090 23.17060 22.57480 22.60010 22.59540 22.57750 22.50290 22.52220 22.61680 22.63000 22.54260 23.22630 23.32260 23.33560 22.38640 23.23360 23.50690 21.39070 19.25220 19.00950 18.86440 18.93870 23.39010 22.18570 23.24270 23.09370 19.99310 18.93510 22.99500 22.93910 23.13190 20.15410 18.61750 18.60870 18.63860 18.59550 22.26110
-9999 -9999 -9999 -9999 -9999 -9999 -9999 -9999 -9999 -9999 -9999 -9999 -9999 -9999 -9999 -9999 -9999 -9999 23.08610 21.69750 21.78140 23.29430 23.30630 23.32130 22.17420 21.44560 21.18410 21.60500 23.18670 23.34230 23.35840 23.33560 23.36420 23.36790 22.94770 22.50630 22.45730 22.55320 22.46410 22.56430 22.48450 22.50340 22.51280 22.69130 23.10820 23.42020 23.34550 23.12420 23.05360 22.47650 22.61350 23.11440 23.21830 23.52660 19.28980 19.11570 22.38160 22.47470 19.72330 21.92450 18.68480 18.76030 21.16840 21.48630 18.63890 20.13840 22.05770 18.75780 18.90680 18.71310 20.78730
-9999 -9999 -9999 -9999 -9999 -9999 -9999 -9999 -9999 -9999 -9999 -9999 -9999 -9999 -9999 -9999 -9999 23.32550 22.24600 23.21480 23.31640 23.19960 22.67470 22.16220 22.23050 22.52040 21.18810 21.25620 22.22000 22.14070 22.46420 21.72170 21.80850 22.05400 21.64710 22.11560 22.53900 22.56080 22.55550 22.47440 23.08150 23.13960 23.29780 23.33100 23.32780 23.36880 23.33500 23.18270 23.43240 22.45850 21.50710 19.24750 23.00370 23.81560 23.42830 23.70900 23.36370 22.97180 22.93850 23.11680 21.16690 19.16650 20.91170 19.82430 23.28350 23.21330 22.18290 22.74350 21.26070 21.01550 23.32850
-9999 -9999 -9999 -9999 -9999 -9999 -9999 -9999 -9999 -9999 -9999 -9999 -9999 -9999 -9999 -9999 -9999 22.67350 23.25490 23.33610 22.90860 21.71560 22.28310 22.51290 23.30690 24.61350 23.71280 23.90960 22.40570 22.27090 20.78290 20.67360 21.19750 21.99140 21.22530 20.96970 21.61450 22.41390 22.44750 22.46420 23.34880 23.34130 23.32750 23.25410 23.27170 23.25590 23.36680 23.12410 23.31820 23.31850 20.17080 18.92430 18.90310 19.54850 22.24990 23.77140 23.49080 23.20010 22.73940 22.03210 23.47520 23.12320 23.13390 23.26390 23.00670 23.07100 23.37330 21.74720 21.92660 23.82850 23.96770
-9999 -9999 -9999 -9999 -9999 -9999 -9999 -9999 -9999 -9999 -9999 -9999 -9999 -9999 -9999 -9999 22.62550 22.62820 23.25250 22.59530 21.58440 23.12210 23.91230 24.30740 24.60190 24.30520 24.30650 24.70500 24.10390 23.00450 22.80630 23.20550 23.34940 20.95380 20.57150 20.71580 21.94970 22.47810 22.42160 22.53280 23.40620 23.33450 23.12950 23.25490 23.22730 23.18340 23.32010 23.12330 23.12070 23.68420 21.23070 19.72600 19.32550 19.95590 22.17050 23.80290 23.72950 23.23480 18.88710 23.20400 23.61580 23.49130 23.45160 23.54620 23.02560 18.83880 18.98130 18.99870 22.16680 23.96350 24.14070
-9999 -9999 -9999 -9999 -9999 -9999 -9999 -9999 -9999 -9999 -9999 -9999 -9999 23.34010 23.23570 22.79010 22.79530 22.69980 22.22140 21.94790 23.41550 24.42050 24.40690 23.90440 24.40320 24.70060 24.70100 24.70000 24.70000 24.70000 23.00810 22.53360 23.90010 23.30010 21.51360 20.40670 21.62570 22.04300 22.30570 23.20770 23.10410 23.18710 23.14050 23.10070 22.71900 22.28750 22.83910 22.34660 22.37830 23.10200 23.21200 23.39010 23.44020 23.42210 22.68330 19.08000 21.70990 23.08500 20.53140 21.33070 23.26910 22.48070 24.09660 20.06030 20.04720 22.05940 19.87360 22.40180 19.92460 24.20060 23.86570
-9999 -9999 -9999 -9999 -9999 -9999 -9999 -9999 -9999 -9999 -9999 -9999 23.19480 23.20890 22.42590 22.50480 23.00970 23.33460 23.82660 23.60540 22.90680 21.80820 21.90470 22.80360 24.00180 23.60020 23.70010 24.20000 22.30100 23.00390 21.40030 22.90260 23.10630 23.81150 22.51770 20.50530 22.20010 22.30030 22.70360 23.10290 23.10240 23.10130 23.02950 22.60280 21.93890 22.25110 22.97570 22.31210 22.05480 21.73220 23.43520 23.22860 23.78450 23.32190 23.58350 23.29510 23.49030 18.87150 20.58200 20.03770 22.59700 20.67310 19.39860 20.03820 20.19790 24.30000 24.34180 20.39560 21.43210 23.95460 23.73440
-9999 -9999 -9999 -9999 -9999 -9999 -9999 -9999 -9999 -9999 -9999 22.75120 23.33930 22.61160 23.42220 23.80740 23.50540 22.30720 21.50850 21.60420 21.30340 21.40070 21.30070 21.10070 21.10060 21.10030 20.92130 23.00470 22.80230 22.60770 21.50060 23.00000 24.20000 23.80000 22.70000 21.81190 22.30050 22.40150 22.80380 23.10220 23.10080 22.80890 22.25410 21.92650 21.72320 21.83770 21.74390 21.86910 22.00370 22.29270 22.65710 23.23760 23.19600 23.49010 23.23660 23.22060 23.54490 23.25060 18.54690 19.07290 19.56710 22.24090 20.93650 22.01560 24.19060 22.31500 23.03960 20.64100 24.68870 23.84650 23.70880
-9999 -9999 -9999 -9999 -9999 -9999 -9999 -9999 -9999 -9999 23.62680 22.52010 23.70770 23.30990 22.90450 21.90110 21.40030 21.10040 21.10070 21.10040 21.10040 21.10020 21.10030 21.10020 21.10010 21.10020 21.10010 21.40650 20.70180 21.10000 21.10000 23.70000 23.40000 20.31250 20.20390 21.61460 22.30090 22.40170 23.00390 23.10270 22.80200 21.82870 21.50680 21.20560 20.50690 21.33770 21.84410 21.54760 21.99100 22.04840 22.39930 23.03840 23.50580 23.12670 23.23010 23.25020 22.35460 20.00200 19.33940 23.06120 23.23150 22.45360 21.68840 23.34290 24.23140 22.79180 24.64480 25.49610 24.46950 23.77580 23.68470
-9999 -9999 -9999 -9999 -9999 -9999 -9999 -9999 -9999 22.00030 21.20010 21.10010 22.20010 21.40010 21.70000 21.10010 21.10000 21.10000 21.10000 21.10000 21.30000 21.10000 21.80000 21.80000 21.30000 21.10000 21.10000 21.70000 21.10000 21.70000 21.90000 21.50000 24.50000 24.70000 20.60630 22.14540 22.30400 22.80240 23.00080 22.54100 20.31700 21.10480 21.10900 20.64600 19.50290 20.10550 21.31800 22.02420 21.61640 21.88240 22.14320 23.45000 23.39100 24.18850 23.94950 23.15400 22.89720 23.03140 23.08190 23.27520 23.19140 22.57770 22.06410 24.13520 24.53670 24.70830 25.13970 25.23250 24.59420 24.15020 24.15770
-9999 -9999 -9999 -9999 -9999 -9999 -9999 -9999 -9999 -9999 22.40000 21.40000 21.40000 21.10000 21.10000 21.10000 21.10000 21.10000 21.10000 21.50000 22.00000 21.30000 21.70000 -9999 -9999 -9999 -9999 -9999 -9999 23.90020 25.40070 24.50000 24.00000 24.30000 22.70000 22.23670 22.27320 23.00040 23.10030 23.00610 20.82740 21.43200 22.36300 20.07870 19.62100 19.88870 20.52510 21.80660 22.20500 22.24470 22.81720 23.20680 23.37620 23.66160 23.68900 23.05380 22.85660 22.93590 22.75670 23.32660 22.99530 22.46540 23.74950 19.56970 24.02040 25.01480 25.19590 24.70420 24.11480 24.09470 24.04780
-9999 -9999 -9999 -9999 -9999 -9999 -9999 -9999 -9999 -9999 -9999 -9999 21.70000 21.10000 21.10000 21.10000 21.10000 21.10000 21.40000 -9999 -9999 -9999 -9999 -9999 -9999 -9999 -9999 -9999 -9999 -9999 -9999 -9999 -9999 24.80000 22.90790 21.91790 20.61570 21.72060 23.40010 25.10070 21.95620 20.72050 21.84480 21.01360 19.91410 19.74480 20.03230 20.84820 21.68350 21.60470 21.77170 23.40860 23.52130 23.85960 23.13570 22.81240 23.07880 23.25550 23.07860 23.30010 22.52560 22.04040 23.47930 23.98120 24.58520 24.90960 24.95100 24.33730 24.22490 24.35750 24.39360
-9999 -9999 -9999 -9999 -9999 -9999 -9999 -9999 -9999 -9999 -9999 -9999 -9999 -9999 -9999 -9999 -9999 -9999 -9999 -9999 -9999 -9999 -9999 -9999 -9999 -9999 -9999 -9999 -9999 -9999 -9999 -9999 -9999 -9999 22.30990 20.50530 20.70550 20.30570 22.90000 21.42590 22.12750 21.41070 21.09140 21.98280 20.19450 20.52040 21.23490 21.63240 22.22030 22.02420 22.43970 23.58550 22.79960 23.34450 23.54280 23.25780 23.15440 23.30920 23.33000 23.21520 21.55980 23.73570 23.86470 24.08240 24.73360 24.73910 25.03630 24.16800 24.30030 24.40140 25.21030
-9999 -9999 -9999 -9999 -9999 -9999 -9999 -9999 -9999 -9999 -9999 -9999 -9999 -9999 -9999 -9999 -9999 -9999 -9999 -9999 -9999 -9999 -9999 -9999 -9999 -9999 -9999 -9999 -9999 -9999 -9999 -9999 -9999 -9999 21.91390 20.31060 20.41710 23.05780 25.10080 19.80550 20.00340 20.13740 19.92080 20.00960 22.35810 21.32200 21.23270 21.64040 21.87350 22.04260 22.32340 21.88240 23.20520 23.53250 23.66210 23.32160 22.98670 23.07460 23.14710 23.49550 21.29340 19.71330 21.80830 23.92150 24.34620 24.93680 25.02530 25.04020 25.20950 25.39670 -9999
-9999 -9999 -9999 -9999 -9999 -9999 -9999 -9999 -9999 -9999 -9999 -9999 -9999 -9999 -9999 -9999 -9999 -9999 -9999 -9999 -9999 -9999 -9999 -9999 -9999 -9999 -9999 -9999 -9999 -9999 -9999 -9999 -9999 -9999 -9999 -9999 -9999 -9999 21.11810 19.80510 19.40250 19.30410 19.87250 19.99670 20.70810 21.83510 22.39300 21.76070 21.88250 22.27690 21.85020 22.44250 22.45240 23.41910 23.44110 23.01390 23.11430 23.11900 23.41970 21.11520 19.58900 23.40660 24.16680 24.36310 24.93970 24.97070 25.09950 25.22510 25.71530 -9999 -9999
