data/hydroclimate-scenarios/1948-2000.Pcorr55N_Pref_Tref/monthly_summaries/soilm2_monthly_day1_jul.1950-2000.asc
ncols	311
nrows	91
xllcenter	102.75
yllcenter	31.75
cellsize	0.5
NODATA_value	-9999
[rows 0 to 30 of 91, columns 70 to 139 of 311]
-9999 -9999 -9999 -9999 -9999 -9999 -9999 -9999 -9999 -9999 -9999 -9999 -9999 -9999 -9999 -9999 -9999 -9999 -9999 -9999 -9999 -9999 -9999 -9999 -9999 -9999 -9999 -9999 -9999 -9999 -9999 -9999 -9999 -9999 -9999 -9999 -9999 -9999 -9999 -9999 -9999 -9999 -9999 -9999 -9999 -9999 -9999 -9999 -9999 -9999 -9999 -9999 -9999 -9999 -9999 -9999 -9999 -9999 -9999 -9999 -9999 -9999 -9999 -9999 -9999 -9999 -9999 -9999 -9999 -9999
-9999 -9999 -9999 -9999 -9999 -9999 -9999 -9999 -9999 -9999 -9999 -9999 -9999 -9999 -9999 -9999 -9999 -9999 -9999 -9999 -9999 -9999 -9999 -9999 -9999 -9999 -9999 -9999 -9999 -9999 -9999 -9999 -9999 -9999 -9999 -9999 -9999 -9999 -9999 -9999 -9999 -9999 -9999 -9999 -9999 -9999 -9999 -9999 -9999 -9999 -9999 -9999 -9999 -9999 -9999 -9999 -9999 -9999 -9999 -9999 -9999 -9999 -9999 -9999 -9999 -9999 -9999 -9999 -9999 -9999
-9999 -9999 -9999 -9999 -9999 -9999 -9999 -9999 -9999 -9999 -9999 -9999 -9999 -9999 -9999 -9999 -9999 -9999 -9999 -9999 -9999 -9999 -9999 -9999 -9999 -9999 -9999 -9999 -9999 -9999 -9999 -9999 -9999 -9999 -9999 -9999 -9999 -9999 -9999 -9999 -9999 -9999 -9999 -9999 -9999 -9999 -9999 -9999 -9999 -9999 -9999 -9999 -9999 -9999 -9999 -9999 -9999 -9999 -9999 -9999 -9999 -9999 -9999 -9999 -9999 -9999 -9999 -9999 -9999 -9999
-9999 -9999 -9999 -9999 -9999 -9999 -9999 -9999 -9999 -9999 -9999 -9999 -9999 -9999 -9999 -9999 -9999 -9999 -9999 -9999 -9999 -9999 -9999 -9999 -9999 -9999 -9999 -9999 -9999 -9999 -9999 -9999 -9999 -9999 -9999 -9999 -9999 -9999 -9999 -9999 -9999 -9999 -9999 -9999 -9999 -9999 -9999 -9999 -9999 -9999 -9999 -9999 -9999 -9999 -9999 -9999 -9999 -9999 -9999 -9999 -9999 -9999 -9999 -9999 -9999 -9999 -9999 -9999 -9999 -9999
-9999 -9999 -9999 -9999 -9999 -9999 -9999 -9999 -9999 -9999 -9999 -9999 -9999 -9999 -9999 -9999 -9999 -9999 -9999 -9999 -9999 -9999 -9999 -9999 -9999 -9999 -9999 -9999 -9999 -9999 -9999 -9999 -9999 -9999 -9999 -9999 -9999 -9999 -9999 -9999 -9999 -9999 -9999 -9999 -9999 -9999 -9999 -9999 -9999 -9999 -9999 -9999 -9999 -9999 -9999 -9999 -9999 -9999 -9999 -9999 -9999 -9999 -9999 -9999 -9999 -9999 -9999 -9999 -9999 -9999
-9999 -9999 -9999 -9999 -9999 -9999 -9999 -9999 -9999 -9999 -9999 -9999 -9999 -9999 -9999 -9999 -9999 -9999 -9999 -9999 -9999 -9999 -9999 -9999 -9999 -9999 -9999 -9999 -9999 -9999 -9999 -9999 -9999 -9999 -9999 -9999 -9999 -9999 -9999 -9999 -9999 -9999 -9999 -9999 -9999 -9999 -9999 -9999 -9999 -9999 -9999 -9999 -9999 -9999 -9999 -9999 -9999 -9999 -9999 -9999 -9999 -9999 -9999 -9999 -9999 -9999 -9999 -9999 -9999 -9999
-9999 -9999 -9999 -9999 -9999 -9999 -9999 -9999 -9999 -9999 -9999 -9999 -9999 -9999 -9999 -9999 -9999 -9999 -9999 -9999 -9999 -9999 -9999 -9999 -9999 -9999 -9999 -9999 -9999 -9999 -9999 -9999 -9999 -9999 -9999 -9999 -9999 -9999 -9999 -9999 -9999 -9999 -9999 -9999 -9999 -9999 -9999 -9999 -9999 -9999 -9999 -9999 -9999 -9999 -9999 -9999 -9999 -9999 -9999 -9999 -9999 -9999 -9999 -9999 -9999 -9999 -9999 -9999 -9999 -9999
-9999 -9999 -9999 -9999 -9999 -9999 -9999 -9999 -9999 -9999 -9999 -9999 -9999 -9999 -9999 -9999 -9999 -9999 -9999 -9999 -9999 -9999 -9999 -9999 -9999 -9999 -9999 -9999 -9999 -9999 -9999 -9999 -9999 -9999 -9999 -9999 -9999 -9999 -9999 -9999 -9999 -9999 -9999 -9999 -9999 -9999 -9999 -9999 -9999 -9999 -9999 -9999 -9999 -9999 -9999 -9999 -9999 -9999 -9999 -9999 -9999 -9999 -9999 -9999 -9999 -9999 -9999 -9999 -9999 -9999
-9999 -9999 -9999 -9999 -9999 -9999 -9999 95.73620 -9999 -9999 -9999 -9999 -9999 -9999 -9999 -9999 -9999 -9999 -9999 -9999 -9999 -9999 -9999 -9999 -9999 -9999 -9999 -9999 -9999 -9999 -9999 -9999 -9999 -9999 -9999 -9999 -9999 -9999 -9999 -9999 -9999 -9999 -9999 -9999 -9999 -9999 -9999 -9999 -9999 -9999 -9999 -9999 -9999 -9999 -9999 -9999 -9999 -9999 -9999 -9999 -9999 -9999 -9999 -9999 -9999 -9999 -9999 -9999 -9999 -9999
-9999 -9999 -9999 111.88800 84.93160 89.73480 93.83610 95.05830 99.86200 100.93600 105.21100 107.05600 109.25300 111.04000 111.00200 114.51000 118.24000 117.11800 116.36000 116.55500 116.03900 112.93600 108.92700 -9999 -9999 -9999 -9999 -9999 -9999 -9999 -9999 -9999 -9999 -9999 -9999 -9999 -9999 -9999 -9999 -9999 -9999 -9999 -9999 -9999 -9999 -9999 -9999 -9999 -9999 -9999 -9999 -9999 -9999 -9999 -9999 -9999 -9999 -9999 -9999 -9999 -9999 -9999 -9999 -9999 -9999 -9999 -9999 -9999 -9999 -9999
-9999 -9999 -9999 -9999 -9999 95.50280 98.82390 104.41500 105.82000 109.24300 112.33500 113.68200 116.64800 119.92500 120.69100 120.68100 121.80400 121.89700 122.80000 123.29100 124.18800 123.87500 121.85100 -9999 -9999 -9999 -9999 -9999 -9999 -9999 -9999 -9999 -9999 -9999 -9999 -9999 -9999 -9999 -9999 -9999 -9999 -9999 -9999 -9999 -9999 -9999 -9999 -9999 -9999 -9999 -9999 -9999 -9999 -9999 -9999 -9999 -9999 -9999 -9999 -9999 -9999 -9999 -9999 -9999 -9999 -9999 -9999 -9999 -9999 -9999
86.80390 85.83050 85.88850 89.06700 90.69880 94.29080 96.33910 98.02690 102.85000 105.84200 108.23800 112.04000 113.98200 116.76600 118.84400 120.32200 120.77600 120.65500 122.10100 121.79200 124.47100 131.67200 134.32001 125.42600 124.81500 121.84400 119.96100 116.64200 113.54200 -9999 -9999 -9999 -9999 -9999 -9999 -9999 -9999 -9999 -9999 -9999 -9999 -9999 -9999 -9999 -9999 -9999 -9999 -9999 -9999 -9999 -9999 -9999 -9999 -9999 -9999 -9999 -9999 -9999 -9999 -9999 -9999 -9999 -9999 -9999 -9999 -9999 -9999 -9999 -9999 -9999
90.68550 89.79280 90.30400 93.14540 93.28830 93.72330 97.77680 99.67260 100.44800 100.74300 102.83200 109.94600 111.30200 114.50200 117.46700 120.61900 122.22100 117.81500 111.97000 130.42599 133.05701 127.88300 124.47800 125.53700 126.72400 124.85500 122.83900 121.43500 119.68700 117.82000 114.81700 110.23900 109.54300 108.08700 107.78800 103.91300 102.41100 98.02180 98.02700 96.22550 95.08470 92.42590 91.69440 92.07710 -9999 -9999 -9999 -9999 -9999 -9999 -9999 -9999 -9999 -9999 -9999 -9999 -9999 -9999 -9999 -9999 -9999 -9999 -9999 -9999 -9999 -9999 -9999 -9999 -9999 -9999
67.03050 66.62770 68.23680 68.27600 88.66370 96.42750 98.27510 97.82450 98.40020 99.96980 97.59900 100.52000 103.34300 103.27400 106.95300 110.76400 113.14200 110.61200 110.14000 115.37500 124.35600 123.45400 122.57600 118.53300 108.70000 113.43100 114.73600 111.63200 110.43300 115.21400 119.26800 113.19400 112.89300 103.07200 101.33200 100.71700 99.24070 99.77730 98.73910 97.35790 96.25890 96.16360 94.70620 94.40810 120.58100 -9999 -9999 -9999 -9999 -9999 -9999 -9999 -9999 -9999 -9999 -9999 -9999 -9999 -9999 -9999 -9999 -9999 -9999 -9999 -9999 -9999 -9999 -9999 -9999 -9999
102.03400 105.93300 102.58300 95.61210 106.46600 104.38000 105.68700 108.96300 108.61800 111.53100 110.17100 116.02500 115.73400 113.86700 113.60800 112.01700 115.53500 117.03200 118.26900 118.48700 129.32600 124.13200 123.88700 123.07500 122.28700 121.52000 122.94200 118.29800 114.95000 115.71700 114.37900 109.40700 106.61300 106.89900 106.81600 103.68800 104.19700 101.77100 100.52200 101.24600 102.33000 101.51400 101.04300 102.66000 100.34500 -9999 -9999 -9999 -9999 -9999 -9999 -9999 -9999 -9999 -9999 -9999 -9999 -9999 -9999 -9999 94.62790 96.34260 -9999 -9999 -9999 -9999 117.33000 130.14700 137.15500 123.00500
100.97500 99.83030 101.94900 102.93700 103.38700 101.11800 99.16620 103.20600 106.09100 111.30400 111.32200 108.17600 110.51200 109.72200 114.89200 116.25300 114.50800 115.72600 115.81900 126.08700 116.00300 119.41000 118.72400 119.61200 115.47100 113.91100 111.67500 113.53100 114.43000 112.34100 112.55100 110.14900 107.65000 105.11400 103.39100 101.77400 102.82300 98.10820 96.64020 97.87960 116.53300 119.77500 122.11500 122.54200 119.47500 119.53100 119.01500 121.63000 99.83950 105.20800 107.14500 99.69640 101.75100 107.97400 105.81600 104.46200 86.44540 73.94820 74.64690 97.41840 99.12690 92.24900 -9999 -9999 -9999 -9999 -9999 125.82500 129.84599 128.21899
108.30600 110.98900 82.37720 103.14100 109.88900 87.54830 98.85430 100.45500 101.28500 99.39540 97.96610 98.81910 102.15800 103.58100 105.09900 107.53600 120.20900 111.70500 112.53600 112.10300 110.93200 112.49800 112.93700 111.87800 111.38300 111.27600 111.38100 109.87300 110.74000 110.15400 110.47600 110.02600 107.32200 106.95900 107.40100 106.94200 106.96300 105.08400 105.28400 119.96300 122.32300 103.75500 120.74200 104.82200 104.70300 105.48400 103.36800 102.95600 101.81800 107.20600 113.28200 110.43400 104.36000 109.28500 118.26500 122.48900 113.37200 114.84600 113.71900 107.11400 93.22300 93.77720 97.71650 103.50200 110.77300 115.25900 121.98200 125.30900 128.52699 128.03300
98.47790 106.86200 110.09300 96.05070 114.06100 114.12100 107.17800 103.37500 104.26500 92.79340 92.64580 92.76570 98.31460 100.78000 117.27200 104.83000 109.70300 107.93100 109.09200 109.81400 107.44400 113.02600 110.01100 108.54300 108.27800 110.07800 108.52400 107.98100 108.29100 108.73200 109.68900 109.17800 109.67900 108.32500 106.93200 106.52500 105.79300 122.21200 103.51400 102.28200 105.40200 104.42400 103.42300 101.76200 103.64900 104.76800 104.16800 102.76600 101.20400 102.15200 102.35700 105.19500 101.70500 106.46300 107.77800 113.76800 123.03200 123.18300 124.81200 127.35700 124.76800 110.43300 113.48100 107.58700 101.39700 108.05800 111.67000 120.37600 122.41800 122.63600
107.42600 117.00000 118.88600 104.51800 68.59140 95.19920 87.80190 86.05840 97.24170 95.45010 90.58200 90.53810 94.11070 95.66640 97.32400 99.58720 101.85100 103.29200 104.13200 106.58300 115.62200 115.28700 110.29400 109.01000 108.28900 107.43900 107.72400 106.38100 106.89800 108.65000 107.55600 107.16100 121.00400 105.79300 104.59500 106.14400 105.28100 103.80800 106.65400 107.33800 110.55000 104.76900 103.48100 111.16200 116.43200 116.84100 108.09000 104.72000 102.33900 103.40600 105.64200 109.58800 114.53200 114.53500 114.33000 98.73520 97.54950 99.40180 115.87500 119.45300 134.16600 129.50700 126.33300 125.88600 118.93100 116.96400 115.00500 115.28100 116.24900 116.98100
89.53840 112.04800 119.86600 114.47500 104.17000 84.20910 87.90050 83.18980 92.67370 96.01770 88.47930 113.54700 106.47300 96.88410 97.81600 96.48440 95.00050 97.38030 100.30100 104.85700 108.64200 113.21700 108.55000 108.60300 109.43100 105.07800 104.82700 104.47600 102.17900 105.99100 117.23700 104.53300 103.63500 101.58800 104.07100 101.69400 101.76600 103.43700 105.51200 104.81100 112.09000 115.38400 112.26000 110.88200 110.01400 119.34000 116.61500 110.47100 111.82200 104.12600 109.41300 116.18800 114.68700 115.31300 111.63300 118.75900 121.53800 121.52200 124.18800 121.20700 121.14600 120.76300 115.82100 116.19900 123.96500 129.93100 120.96700 125.25700 119.32400 118.14300
95.04610 104.47500 106.52300 106.41200 111.76100 113.71600 87.57270 72.77470 63.88050 88.95310 84.31700 97.26810 117.20900 126.69000 120.62200 111.31500 105.98600 100.53700 95.84500 97.45770 96.72960 100.58900 101.17500 102.87400 102.38900 101.72400 104.41200 103.64700 102.86800 102.69400 104.37600 103.66800 107.39900 108.89900 104.35000 102.23800 106.04000 104.62300 109.40400 108.49600 104.25200 119.06200 121.62300 117.80200 114.56900 110.84400 107.84000 110.09000 106.49700 101.61200 103.83300 104.87900 109.77100 112.08900 117.84000 118.41400 125.70100 120.93100 123.57600 119.19600 124.68200 124.77300 123.70600 116.34100 123.76500 127.86700 119.81100 118.27000 119.33400 117.00700
120.94900 130.04500 123.96800 124.18600 115.40400 120.53900 117.07800 107.41300 104.90400 99.02450 90.25050 83.16490 87.02390 100.54300 108.87900 126.45600 122.66500 123.19400 118.02400 103.40200 91.58370 99.57610 100.49600 101.07600 102.92200 102.92500 106.06000 105.69900 102.91900 108.74200 111.61600 111.02300 120.32800 109.69600 118.49200 110.56500 111.02900 113.15100 115.66200 100.10100 108.83100 112.39100 114.05300 116.27000 109.59700 110.49500 112.47200 113.40300 116.48100 110.86300 107.98200 113.01900 116.94900 117.88400 114.33800 118.38000 119.87400 119.27900 122.11100 124.65900 143.44400 130.87500 132.92700 126.68300 125.13600 123.68000 115.40800 123.86900 123.30100 125.75100
106.01800 112.54100 128.66600 130.16901 131.91200 128.93201 117.44600 113.79800 102.09600 108.29500 100.46200 99.30270 105.54700 100.93500 82.47670 101.56000 90.45080 99.73480 118.53200 126.19100 113.59000 105.49400 108.80300 103.33000 105.31300 102.21600 104.16400 104.79500 105.58300 112.26700 112.74400 119.32000 120.17300 119.81500 111.56700 119.12700 117.84100 115.90700 108.90700 110.67400 108.66800 110.36300 115.14900 116.55300 107.79200 122.04000 125.38500 123.57900 125.71700 118.92500 119.64200 122.97900 123.46600 126.19200 135.87801 121.53700 124.35000 125.06300 130.33900 128.34399 136.19400 137.58800 134.85500 122.49600 112.35600 121.50800 125.46300 122.22100 125.94900 128.39600
111.19400 116.73800 114.00100 111.30700 122.32000 129.55099 126.93300 130.13600 125.84500 122.66000 109.88800 98.13480 117.94700 117.13600 112.45400 132.49100 124.44300 119.63200 86.26350 112.86800 132.85899 122.59700 124.68500 118.83400 103.50100 101.25800 98.04430 102.62300 102.61000 108.47500 110.03800 112.60100 113.15700 113.18000 112.43000 112.02300 116.66300 118.94900 113.92900 113.76000 113.71700 114.86600 114.87300 116.81700 104.65700 94.40680 109.21900 121.63300 128.97501 133.25400 126.41100 122.96000 118.40900 127.75300 121.02000 129.58501 139.12199 128.85100 140.56100 120.38100 123.97700 133.09300 129.84399 126.67000 126.69300 120.47500 125.08800 124.64800 118.88800 117.14900
112.31700 117.89200 113.26600 109.62600 104.63100 110.32900 112.53000 117.79600 119.45800 112.10200 112.43600 108.86900 108.80800 96.12610 105.05000 126.13900 131.18300 126.80800 124.56000 107.65800 111.56700 119.86900 121.14800 116.51800 115.60500 101.90300 95.96610 101.92600 106.58800 111.45600 114.44500 116.06500 113.63200 104.85900 108.25200 113.78300 109.48600 107.14000 108.70100 115.70000 120.11200 113.53600 113.43700 128.85001 110.77000 107.25200 114.60900 126.03100 130.51300 133.26900 124.23800 122.47000 123.22600 138.49300 138.67300 133.72200 128.70100 128.48900 122.54800 133.71800 137.53700 126.42400 114.65800 122.75400 122.23300 120.22000 125.69300 119.38000 117.82200 124.95400
115.75900 127.57000 124.95200 114.58500 113.13300 114.94800 106.66400 110.11000 105.28900 100.69700 95.35940 103.83500 115.11800 110.06700 102.82500 112.55700 126.60900 123.98200 119.86300 123.60900 122.68400 123.15000 111.88700 109.53800 108.98000 107.81600 118.83300 104.90000 101.14200 110.16700 116.61500 114.37800 116.68800 109.17300 114.18900 112.51500 119.40400 120.87300 114.82300 109.23500 131.89400 116.50000 115.86800 118.39200 123.05000 124.94600 114.37400 107.85400 111.28300 111.99900 113.90400 125.20100 124.26800 120.43500 115.12000 114.60800 122.71400 125.97300 125.90100 128.68401 137.71100 133.65401 134.43401 133.04700 128.88699 125.89100 122.64900 122.94600 126.25100 117.97400
116.03400 122.19200 131.16100 120.23500 114.70600 115.97700 120.88800 114.29900 111.28500 101.41400 107.49100 103.87800 106.47500 115.53800 114.38200 117.38600 116.67000 126.54200 117.61800 125.63800 124.52500 123.94800 114.99100 124.00500 110.09900 113.23500 119.04300 110.03100 107.29600 108.55300 111.34100 110.90300 102.78500 111.49300 123.80700 114.90800 109.52800 126.79900 128.20900 109.01400 112.36300 119.98200 121.23400 119.02900 115.90600 113.02200 111.51800 118.57600 111.72700 113.40400 135.32800 115.02400 130.12300 132.85500 132.45399 134.12000 130.20799 123.83900 126.80100 132.51100 127.08800 128.44299 127.77300 130.43800 129.39900 129.70900 107.02000 126.59300 108.50300 116.25500
124.63300 121.06800 118.99100 120.94100 120.91200 120.98500 112.95600 103.88900 103.09200 107.58800 102.24700 93.47610 101.75500 116.01200 121.24800 120.56400 119.25700 119.40200 126.82300 121.12300 119.23900 136.50500 120.45300 119.40700 112.20500 107.05700 115.60600 125.82600 113.92000 113.85500 111.25400 116.53200 110.22400 117.53100 125.23700 120.43000 110.88400 128.79700 118.00700 120.47000 113.52900 115.31200 116.19300 115.56000 124.76900 122.62200 129.40500 128.81100 132.01500 134.98100 134.63200 135.04300 134.17599 131.48300 126.37500 130.55800 130.86600 137.76401 134.08800 129.41701 124.85900 128.69901 130.80400 125.01500 117.63400 126.16100 115.85500 117.38500 116.68300 121.60700
115.42300 126.43000 119.12900 127.27700 124.90700 123.84400 130.82700 117.06300 109.28100 106.49000 118.88300 101.94300 108.71800 110.59500 116.81700 120.92400 122.05100 116.14200 107.94100 116.23100 129.28900 123.91900 123.77500 121.43000 113.02000 112.81900 106.03800 118.48100 110.88200 104.11100 111.58400 105.00800 116.23600 121.73200 121.47100 119.85400 110.30300 116.74500 125.21400 127.64300 138.60800 120.84600 118.87600 125.70900 122.94600 129.74300 125.12000 116.21600 103.93400 108.67000 114.78900 121.05200 124.05900 106.59000 125.93300 136.63699 139.92101 135.19701 131.16200 126.35700 128.44600 128.89900 120.38200 115.65600 122.53800 132.48500 130.28300 133.67500 136.72800 130.07201
114.59500 115.92600 118.10600 124.74300 127.33600 130.85500 132.19000 138.29401 119.78900 120.93600 121.71900 119.85100 116.92700 115.88500 116.62500 122.90300 133.62500 129.93600 118.43400 119.83300 128.14200 112.90500 123.62900 133.88000 129.36700 112.76600 103.80000 124.36300 118.53600 107.77700 115.12400 114.28600 104.45500 123.27500 123.43600 115.85200 117.15000 123.56700 136.94000 143.92200 145.10600 140.57600 127.04200 133.04401 129.24300 120.14500 117.38700 102.33100 103.85800 118.68200 116.12500 -9999 -9999 106.81600 118.88300 128.68800 137.03500 132.54100 131.47200 111.89500 114.27800 115.89900 123.44900 128.65401 135.08400 144.30499 152.84599 156.80901 167.23000 146.80000
121.72100 128.50900 123.72900 125.29900 134.76601 127.22500 140.00101 142.54401 133.25999 128.12000 140.42101 138.28000 132.23000 125.19500 120.72100 129.67900 135.66299 124.06100 118.73500 112.53400 119.52800 113.66300 121.05900 116.31700 129.86301 121.66500 116.72900 126.29700 116.76000 105.10700 119.90900 122.91200 106.54700 111.89400 118.50600 120.16800 132.31599 142.32100 135.76700 131.07899 -9999 -9999 -9999 -9999 122.74800 -9999 108.81400 122.00400 126.51300 130.44200 113.40000 -9999 -9999 116.62800 128.47800 128.66499 122.61200 109.27300 112.10000 115.66300 119.37900 121.60200 125.27700 129.15601 132.48599 139.79900 172.97600 167.70100 167.77299 145.09200
