data/hydroclimate-scenarios/1948-2000.Pcorr55N_Pref_Tref/monthly_summaries/soilm1_monthly_day1_oct.1950-2000.asc
ncols	311
nrows	91
xllcenter	102.75
yllcenter	31.75
cellsize	0.5
NODATA_value	-9999
[rows 0 to 31 of 91, columns 213 to 283 of 311]
-9999 -9999 -9999 -9999 -9999 -9999 -9999 -9999 -9999 -9999 -9999 -9999 -9999 -9999 -9999 -9999 -9999 -9999 -9999 -9999 -9999 -9999 -9999 -9999 -9999 -9999 -9999 -9999 -9999 -9999 -9999 -9999 -9999 -9999 -9999 -9999 -9999 -9999 -9999 -9999 -9999 -9999 -9999 -9999 -9999 -9999 -9999 -9999 -9999 -9999 -9999 -9999 -9999 -9999 -9999 -9999 -9999 -9999 -9999 -9999 -9999 -9999 -9999 -9999 -9999 -9999 -9999 -9999 -9999 -9999 -9999
-9999 -9999 -9999 -9999 -9999 -9999 -9999 -9999 -9999 -9999 -9999 -9999 -9999 -9999 -9999 -9999 -9999 -9999 -9999 -9999 -9999 -9999 -9999 -9999 -9999 -9999 -9999 -9999 -9999 -9999 -9999 -9999 -9999 -9999 -9999 -9999 -9999 -9999 -9999 -9999 -9999 -9999 -9999 -9999 -9999 -9999 -9999 -9999 -9999 -9999 -9999 -9999 -9999 -9999 -9999 -9999 -9999 -9999 -9999 -9999 -9999 -9999 -9999 -9999 -9999 -9999 -9999 -9999 -9999 -9999 -9999
-9999 -9999 -9999 -9999 -9999 -9999 -9999 -9999 -9999 -9999 -9999 -9999 -9999 -9999 -9999 -9999 -9999 -9999 -9999 -9999 -9999 -9999 -9999 -9999 -9999 -9999 -9999 -9999 -9999 -9999 -9999 -9999 -9999 -9999 -9999 -9999 -9999 -9999 -9999 -9999 -9999 -9999 -9999 -9999 -9999 -9999 -9999 -9999 -9999 -9999 -9999 -9999 -9999 -9999 -9999 -9999 -9999 -9999 -9999 -9999 -9999 -9999 -9999 -9999 -9999 -9999 -9999 -9999 -9999 -9999 -9999
-9999 -9999 -9999 -9999 -9999 -9999 -9999 -9999 -9999 -9999 -9999 -9999 -9999 -9999 -9999 -9999 -9999 -9999 -9999 -9999 -9999 -9999 -9999 -9999 -9999 -9999 -9999 -9999 -9999 -9999 -9999 -9999 -9999 -9999 -9999 -9999 -9999 -9999 -9999 -9999 -9999 -9999 -9999 -9999 -9999 -9999 -9999 -9999 -9999 -9999 -9999 -9999 -9999 -9999 -9999 -9999 -9999 -9999 -9999 -9999 -9999 -9999 -9999 -9999 -9999 -9999 -9999 -9999 -9999 -9999 -9999
-9999 -9999 -9999 -9999 -9999 -9999 -9999 -9999 -9999 -9999 -9999 -9999 -9999 -9999 -9999 -9999 -9999 -9999 -9999 -9999 -9999 -9999 -9999 -9999 -9999 -9999 -9999 -9999 -9999 -9999 -9999 -9999 -9999 -9999 -9999 -9999 -9999 -9999 -9999 -9999 -9999 -9999 -9999 -9999 -9999 -9999 -9999 -9999 -9999 -9999 -9999 -9999 -9999 -9999 -9999 -9999 -9999 -9999 -9999 -9999 -9999 -9999 -9999 -9999 -9999 -9999 -9999 -9999 -9999 -9999 -9999
-9999 -9999 -9999 -9999 -9999 -9999 -9999 -9999 -9999 -9999 -9999 -9999 -9999 -9999 -9999 -9999 -9999 -9999 -9999 -9999 -9999 -9999 -9999 -9999 -9999 -9999 -9999 -9999 -9999 -9999 -9999 -9999 -9999 -9999 -9999 -9999 -9999 -9999 -9999 -9999 -9999 -9999 -9999 -9999 -9999 -9999 -9999 -9999 -9999 -9999 -9999 -9999 -9999 -9999 -9999 -9999 -9999 -9999 -9999 -9999 -9999 -9999 -9999 -9999 -9999 -9999 -9999 -9999 -9999 -9999 -9999
-9999 -9999 -9999 -9999 -9999 -9999 -9999 -9999 -9999 -9999 -9999 -9999 -9999 -9999 -9999 -9999 -9999 -9999 -9999 -9999 -9999 -9999 -9999 -9999 -9999 -9999 -9999 -9999 -9999 -9999 -9999 -9999 -9999 -9999 -9999 -9999 -9999 -9999 -9999 -9999 -9999 -9999 -9999 -9999 -9999 -9999 -9999 -9999 -9999 -9999 -9999 -9999 -9999 -9999 -9999 -9999 -9999 -9999 -9999 -9999 -9999 -9999 -9999 -9999 -9999 -9999 -9999 -9999 -9999 -9999 -9999
-9999 -9999 -9999 -9999 -9999 -9999 -9999 -9999 -9999 -9999 -9999 -9999 -9999 -9999 -9999 -9999 -9999 -9999 -9999 -9999 -9999 -9999 -9999 -9999 -9999 -9999 -9999 -9999 -9999 -9999 -9999 -9999 -9999 -9999 -9999 -9999 -9999 -9999 -9999 -9999 -9999 -9999 -9999 -9999 -9999 -9999 -9999 -9999 -9999 -9999 -9999 -9999 -9999 -9999 -9999 -9999 -9999 -9999 -9999 -9999 -9999 -9999 -9999 -9999 -9999 -9999 -9999 -9999 -9999 -9999 -9999
-9999 -9999 -9999 -9999 -9999 -9999 -9999 -9999 -9999 -9999 -9999 -9999 -9999 -9999 -9999 -9999 -9999 -9999 -9999 -9999 -9999 -9999 -9999 -9999 -9999 -9999 -9999 -9999 -9999 -9999 -9999 -9999 -9999 -9999 -9999 -9999 -9999 -9999 -9999 -9999 -9999 -9999 -9999 -9999 -9999 -9999 -9999 -9999 -9999 -9999 -9999 -9999 -9999 -9999 -9999 -9999 -9999 -9999 -9999 -9999 -9999 -9999 -9999 -9999 -9999 -9999 -9999 -9999 -9999 -9999 -9999
-9999 -9999 -9999 -9999 -9999 -9999 -9999 -9999 -9999 -9999 -9999 -9999 -9999 -9999 -9999 -9999 -9999 -9999 -9999 -9999 -9999 -9999 -9999 -9999 -9999 -9999 -9999 -9999 -9999 -9999 -9999 -9999 -9999 -9999 -9999 -9999 -9999 -9999 -9999 -9999 -9999 -9999 -9999 -9999 -9999 -9999 -9999 -9999 -9999 -9999 -9999 -9999 -9999 -9999 -9999 -9999 -9999 -9999 -9999 -9999 -9999 -9999 -9999 -9999 -9999 -9999 -9999 -9999 -9999 -9999 -9999
-9999 -9999 -9999 -9999 -9999 -9999 -9999 -9999 -9999 -9999 -9999 -9999 -9999 -9999 -9999 -9999 -9999 -9999 -9999 -9999 -9999 -9999 -9999 -9999 -9999 -9999 -9999 -9999 -9999 -9999 -9999 -9999 -9999 -9999 -9999 -9999 -9999 -9999 -9999 -9999 -9999 -9999 -9999 -9999 -9999 -9999 -9999 -9999 -9999 -9999 -9999 -9999 -9999 -9999 -9999 -9999 -9999 -9999 -9999 -9999 -9999 -9999 -9999 -9999 -9999 -9999 -9999 -9999 -9999 -9999 -9999
-9999 -9999 -9999 -9999 -9999 -9999 -9999 -9999 -9999 -9999 -9999 -9999 -9999 -9999 -9999 -9999 -9999 -9999 -9999 -9999 -9999 -9999 -9999 -9999 -9999 -9999 -9999 -9999 -9999 -9999 -9999 -9999 -9999 -9999 -9999 -9999 -9999 -9999 -9999 -9999 -9999 -9999 -9999 -9999 -9999 -9999 -9999 -9999 -9999 -9999 -9999 -9999 -9999 -9999 -9999 -9999 -9999 -9999 -9999 -9999 -9999 -9999 -9999 -9999 -9999 -9999 -9999 -9999 -9999 -9999 -9999
-9999 -9999 -9999 -9999 -9999 -9999 -9999 -9999 -9999 -9999 -9999 -9999 -9999 -9999 -9999 -9999 -9999 -9999 -9999 -9999 -9999 -9999 -9999 -9999 -9999 -9999 -9999 -9999 -9999 -9999 -9999 -9999 -9999 -9999 -9999 -9999 -9999 -9999 -9999 -9999 -9999 -9999 -9999 -9999 -9999 -9999 -9999 -9999 -9999 -9999 -9999 -9999 -9999 -9999 -9999 -9999 -9999 -9999 -9999 -9999 -9999 -9999 -9999 -9999 -9999 -9999 -9999 -9999 -9999 -9999 -9999
58.98920 59.54420 60.29100 60.10130 61.02160 60.72920 -9999 -9999 -9999 -9999 -9999 -9999 -9999 -9999 -9999 -9999 -9999 -9999 -9999 -9999 -9999 -9999 -9999 -9999 -9999 -9999 -9999 -9999 -9999 -9999 -9999 -9999 -9999 -9999 -9999 -9999 -9999 -9999 -9999 -9999 -9999 -9999 -9999 -9999 -9999 -9999 -9999 62.10940 -9999 -9999 -9999 -9999 -9999 -9999 -9999 -9999 -9999 -9999 -9999 -9999 -9999 -9999 -9999 -9999 -9999 -9999 -9999 -9999 -9999 -9999 -9999
59.86120 62.13040 64.04440 64.42090 64.31500 64.79420 57.67160 58.35650 60.49440 61.46600 55.36530 58.58000 58.82850 58.56830 58.02080 57.73240 57.42010 55.35880 77.85150 -9999 -9999 -9999 -9999 -9999 -9999 -9999 -9999 -9999 -9999 -9999 -9999 -9999 -9999 -9999 -9999 -9999 -9999 -9999 -9999 -9999 -9999 -9999 58.24680 50.04930 50.57140 51.87740 55.21390 55.00940 55.59690 -9999 -9999 -9999 59.44130 -9999 -9999 -9999 62.01850 62.45180 62.55630 -9999 -9999 -9999 -9999 -9999 -9999 -9999 -9999 -9999 -9999 -9999 -9999
60.06580 61.12950 52.54960 53.63220 53.52670 54.33590 50.62310 49.50410 54.07370 54.82680 56.02340 60.22220 60.02170 62.28720 63.61170 62.96540 62.84110 62.28870 56.73200 55.25690 56.02330 58.24900 59.24970 61.92370 57.20490 -9999 -9999 -9999 -9999 -9999 70.97230 69.60120 67.21340 65.33000 63.37360 62.53800 51.65500 51.05350 52.39200 52.77500 53.22210 53.76860 50.33130 50.72710 51.88920 52.35440 55.83310 56.78080 56.36900 57.07190 58.24630 59.62070 60.00640 60.37730 58.79980 60.03200 61.89870 62.33850 64.70390 64.52840 64.67290 63.85540 64.91400 65.25820 -9999 -9999 -9999 -9999 -9999 -9999 -9999
59.78100 62.47000 63.27920 66.52370 64.47710 66.81320 63.00610 65.54210 68.76870 69.83150 70.81680 70.04200 68.65750 70.39150 68.63890 70.73980 68.11230 67.66880 65.48750 64.42720 65.31600 62.66600 59.44870 66.51770 62.97170 64.19810 65.11480 59.27740 59.20050 58.52260 58.19030 69.47660 67.70010 67.32660 55.78040 55.10110 55.75090 53.83680 53.26160 53.23440 53.10480 53.37360 52.88270 52.61020 54.20210 54.74020 54.88410 56.02260 56.41040 57.64390 59.56670 59.88060 60.51410 60.57180 59.37130 59.19250 59.74610 61.03380 62.26730 62.62080 63.82210 63.88280 64.97780 65.34100 64.94300 65.23230 65.18630 64.64290 64.31000 64.24590 63.74410
73.64730 72.73490 74.90580 70.93020 72.05000 72.87190 73.25230 71.85540 72.07240 68.58040 64.62080 63.67170 65.41020 63.65000 61.60930 59.63680 62.56350 65.64650 76.40270 76.05770 73.59090 71.53830 73.38370 65.39900 51.51080 51.07860 60.22170 54.72260 54.30750 52.85710 51.30070 66.23370 69.50190 68.31170 57.22920 55.95870 55.98830 54.43370 54.24080 53.70290 54.09410 54.74090 54.33370 54.60710 55.41900 55.37960 55.13640 56.44860 57.00440 58.46290 59.25630 60.60710 60.15910 60.86930 58.32520 58.37780 59.75030 59.89910 61.37780 61.33900 62.63690 62.51760 64.62780 65.02550 63.67420 64.18730 64.61160 64.54380 64.29150 63.82910 64.09570
81.80110 80.71680 79.02690 79.98380 79.17820 74.83870 75.63610 63.86720 66.93180 71.43510 70.36970 70.48630 62.82890 76.84910 71.29370 80.09330 79.24840 77.75440 82.67200 82.10460 85.75130 85.87500 81.58000 59.17570 51.98230 50.95330 61.83060 54.73470 57.86060 50.48750 49.33060 54.61290 62.24380 60.92570 58.74820 57.50190 56.60450 67.43530 66.95800 66.62490 55.52600 55.95490 66.80190 66.98310 67.18680 68.31820 67.32410 57.22120 58.07350 58.50610 59.09090 60.04540 60.94950 61.07550 60.61890 60.30730 60.43030 61.35810 62.43960 62.22790 61.70870 63.85560 72.65310 72.40650 73.36690 72.95540 64.07280 63.41630 63.43990 63.15670 63.66640
90.52110 91.64670 91.29410 89.56590 87.59530 86.02510 83.76980 82.33010 80.15350 78.88120 77.65040 76.80310 76.32580 75.69800 76.32700 78.44670 79.07190 79.97630 89.36670 88.29810 85.56040 85.78160 72.20250 66.84230 49.38600 50.51860 52.71510 52.84570 59.47080 47.32780 50.24220 51.30340 54.49160 66.09230 79.93620 80.77250 81.46940 81.62990 81.21460 81.48950 81.35150 81.30020 81.04440 80.88010 80.51600 81.18230 80.03740 80.17210 81.12230 81.42010 81.97290 71.49400 71.01670 70.81170 59.70930 60.54790 60.48600 61.70190 72.57900 72.47740 73.61880 83.59850 82.63850 82.46000 82.70910 82.85660 83.26320 74.23290 70.25580 84.75810 85.33870
93.01070 93.09300 92.02330 86.59270 84.65450 83.54960 82.02430 80.91770 77.47210 75.99900 76.94790 76.80070 76.68370 77.76650 78.11880 79.81860 80.79100 82.16310 87.03160 83.86020 82.28010 78.80040 69.84690 67.74480 50.37490 50.61450 51.60130 50.85580 48.92750 46.45840 47.43790 52.95200 53.82900 52.51790 52.42210 54.59020 56.19810 68.17260 68.06880 68.64500 81.48900 81.67530 81.45610 81.11560 80.78850 81.00830 81.14670 81.05790 81.83080 82.00850 82.31770 82.34110 82.42600 82.51100 81.63290 81.82480 81.28400 81.54950 82.49340 82.16460 73.42090 84.25750 83.10620 83.74030 83.64100 83.51130 85.89250 85.70320 85.44840 85.79340 85.79640
88.93730 85.83250 85.56380 82.34650 82.58220 82.76780 81.64070 81.98280 81.77190 80.20380 79.45070 77.06230 75.07000 74.60940 76.75710 78.41360 79.32730 80.29110 88.75460 87.21760 79.91870 74.39290 59.96810 62.11110 61.15140 61.08240 50.80400 49.86380 48.77880 46.91970 45.29750 46.97290 49.40530 52.11800 52.95140 52.42680 53.31740 52.89430 53.93490 54.00470 56.63000 67.92980 83.16820 82.93560 81.20050 80.68840 69.53820 69.87630 83.42360 82.19190 82.35190 82.32360 82.45250 82.65720 82.39000 82.35530 81.60620 81.51010 81.95880 82.64400 70.23280 83.32560 83.05150 83.11390 83.12450 83.78760 85.02690 85.42360 84.72380 85.51010 84.99020
83.97710 81.58050 81.14010 81.76360 83.92150 86.33700 87.78550 89.11730 88.64040 87.20690 86.66870 85.78390 83.72000 76.93320 79.60160 82.05410 85.02770 82.50060 85.54120 83.62820 65.69340 60.05200 58.21940 58.50190 57.22340 59.81300 58.91510 59.54270 60.20410 60.24860 48.67710 50.11740 49.83550 49.61070 61.48140 61.85320 62.02160 61.99850 62.84140 63.85510 52.08950 54.46380 68.00970 82.18660 81.88190 82.90900 83.04430 82.34440 83.06040 82.96840 73.07750 72.39440 84.32180 82.76740 82.72750 82.31530 82.18610 83.21850 82.77200 84.88030 85.22000 82.37600 82.37390 82.35580 81.93410 82.93760 83.48000 84.02530 84.92520 84.98000 84.80590
84.45120 82.70030 83.37770 82.50640 82.83490 84.66530 84.57080 84.26990 83.22280 83.94780 88.03910 90.07550 80.81700 75.41610 74.93720 72.91390 68.71850 83.20240 88.08370 85.10940 77.06280 58.56730 58.73410 58.07510 55.94610 55.49450 55.61590 55.68840 55.54320 56.22590 56.25470 58.54680 58.11980 57.88900 55.74900 56.74090 57.54210 58.31550 60.72440 60.97130 62.12920 63.11800 66.45800 68.03980 69.01280 69.72170 72.66570 74.76610 84.84900 84.33350 84.55720 84.90840 83.10570 71.81630 83.04130 81.99190 81.92760 69.50330 83.21040 83.53920 82.21780 81.80010 81.51400 81.59810 81.35900 81.30430 83.46890 83.06140 83.98030 84.14090 83.38330
87.44740 85.90540 85.73840 84.40590 82.95280 82.78470 80.93540 81.31510 84.63540 85.13610 89.04030 90.50390 90.33080 88.76980 83.41500 86.78080 77.95810 81.33660 83.72430 89.19650 84.55540 71.70640 69.51160 69.37700 53.15920 52.69890 53.13520 53.14480 53.35870 53.58850 54.21980 53.27520 54.15740 53.45000 53.43330 54.83820 54.49620 56.71680 57.48530 60.13050 57.09470 59.29520 62.48980 65.09120 65.67660 67.07840 68.25430 70.75450 74.26580 76.28660 77.97930 83.90410 84.93460 82.73690 69.49140 81.19920 81.65580 82.57730 81.47400 81.18810 81.33510 81.33610 80.36410 79.27380 79.84040 80.03570 80.94460 82.91930 84.61650 84.37340 83.58350
86.82400 83.46610 73.68910 70.05590 82.91210 73.60330 72.36330 69.99660 69.51750 72.26100 73.47470 73.77070 75.50870 79.20160 88.95120 90.52360 87.57530 85.72710 86.42490 84.53820 81.41520 78.85930 73.17010 73.25490 69.87730 69.25000 68.08310 51.68150 52.41790 52.45790 55.42030 53.93210 53.62680 55.22770 53.90760 55.19150 55.29050 58.06970 58.90890 57.72320 60.09270 57.38140 62.77610 65.43620 69.43010 69.85630 70.64050 70.63280 73.19680 75.71570 76.20870 77.19180 76.90140 83.86240 81.40090 69.65170 81.27400 81.33370 80.57610 80.75450 80.65480 80.65020 79.79530 78.90460 78.97810 79.58190 80.80120 80.51520 82.57330 84.12120 83.19980
78.57420 76.62520 79.00760 82.80750 79.78520 93.13700 91.19850 88.01490 83.57660 91.96940 92.10570 88.74840 85.15660 77.82390 86.37870 89.12600 82.68290 70.67950 84.51830 81.50370 79.25630 79.00360 78.88950 78.34360 75.42800 75.07610 74.49600 73.75080 74.04760 77.34410 63.05400 58.26730 54.89140 56.98330 61.36730 60.91900 59.95770 61.26230 60.76600 61.62260 62.64420 65.41450 66.39900 68.04840 67.93410 68.60140 71.45890 71.37800 71.97830 74.40080 75.09060 75.72960 73.99410 74.60600 84.36520 70.76210 81.38290 80.69630 80.59620 80.95990 79.75540 80.09350 80.28300 80.00110 80.24130 80.26130 80.19850 79.81150 80.40500 80.67340 82.47570
77.64980 79.09370 81.78060 93.93130 92.12900 92.01140 93.98360 95.19980 93.06270 93.41980 94.89270 91.25970 92.97450 93.59330 94.01680 86.38750 83.47690 83.44110 86.11000 84.52070 84.38180 84.71580 83.29000 84.16420 77.11200 65.12600 62.02890 60.22310 62.82550 62.07570 58.93590 60.67550 60.45180 61.35210 57.71280 58.41210 62.23500 63.39740 64.10280 63.76970 62.71880 60.10730 67.04200 71.62630 74.18460 74.18570 73.49110 74.40890 74.52180 73.50530 74.12980 74.84610 75.29990 74.77320 83.66920 72.02070 69.22400 80.55190 80.84550 80.28450 79.62190 79.94440 80.38510 79.98430 79.51750 79.67340 79.42620 79.96140 81.02190 80.11180 81.18550
83.92860 85.30460 84.47240 84.15110 79.45100 79.22770 79.90540 80.90010 87.46330 89.93640 91.54000 91.92470 78.46400 79.18700 75.75500 77.08410 73.39490 62.97080 76.78890 77.20940 78.16790 80.85470 78.72660 73.86100 59.56780 53.25450 57.67760 57.32970 58.68090 60.21160 63.13760 61.11470 57.94590 55.20390 56.50850 60.98230 62.98330 63.56650 64.77620 66.53760 67.59670 65.38020 66.43500 73.20850 74.61610 77.84830 75.25350 73.37520 76.42420 70.42500 71.84800 71.96350 75.37640 75.63100 84.06350 76.10240 73.61610 81.80600 82.27010 80.99540 81.58050 81.09940 80.34880 79.91760 79.42570 79.08710 79.30080 80.40170 80.12000 79.65970 80.76460
83.54020 82.00670 84.41740 83.35640 80.13490 78.24770 78.44780 75.35410 70.93480 82.99220 85.26920 84.96340 89.02910 85.13040 84.04130 79.59530 78.00080 75.40710 76.76910 75.31050 75.54010 78.34240 82.67140 78.00350 67.89470 58.30700 53.24250 51.30750 57.28410 61.39650 59.85460 56.52340 55.07190 52.85520 54.48690 55.71550 59.22020 62.85800 66.47890 68.54840 68.14850 68.63750 68.81250 73.15050 78.19900 76.88490 78.45590 75.58480 75.76780 73.37590 73.50990 72.82170 74.51840 78.23010 79.91150 79.56320 84.15580 83.47070 82.94760 82.16730 81.50970 80.61300 79.48060 79.17330 79.64460 80.93790 80.26620 80.54280 80.83880 81.02150 82.12510
81.71200 80.22850 80.85570 82.05490 78.90500 76.61730 78.21100 79.78610 80.09620 77.34830 73.91460 68.52300 78.95750 84.36270 88.29410 85.83410 86.10250 80.23560 78.20210 78.12240 77.66780 78.30440 77.55070 73.71640 70.01190 64.50420 61.44770 64.49650 62.86140 66.48610 64.40580 65.45720 61.40470 57.33870 55.74440 56.18010 60.53870 64.16940 67.77150 68.78540 70.90000 69.65280 75.33530 72.82340 77.68700 80.72450 77.29440 78.64940 78.31220 79.27740 79.34150 78.20210 74.57260 77.67280 80.50880 78.28880 85.38400 87.28250 85.56480 84.57940 85.04470 82.74370 81.74030 79.85940 79.73540 79.67510 80.58810 81.26990 82.59170 83.39970 83.93870
82.42710 -9999 71.77920 79.77030 81.37420 83.09250 -9999 81.55680 82.91250 81.84810 80.61700 73.07450 73.69560 79.18250 79.87440 79.89090 77.19140 80.62450 80.46460 77.11960 75.15600 73.70310 78.04320 77.61720 75.22650 69.58730 68.26890 67.89910 69.15740 69.02870 68.62600 70.19220 66.95280 60.52840 57.64580 63.17870 64.73140 67.78890 65.76340 66.85730 67.77000 71.55590 83.88650 80.29770 76.57140 77.36050 76.02490 75.07350 75.99820 76.66170 75.88470 74.65280 73.48170 77.27680 81.20100 84.45530 88.47350 88.10930 86.67530 86.60260 86.02840 85.43610 85.55930 84.39710 83.85320 82.20350 82.26740 83.61000 82.93620 84.07770 82.68940
