data/hydroclimate-scenarios/1948-2000.Pcorr55N_Pref_Tref/monthly_summaries/soilm1_monthly_day1_aug.asc
ncols	311
nrows	91
xllcenter	102.75
yllcenter	31.75
cellsize	0.5
NODATA_value	-9999
[rows 0 to 31 of 91, columns 71 to 141 of 311]
-9999 -9999 -9999 -9999 -9999 -9999 -9999 -9999 -9999 -9999 -9999 -9999 -9999 -9999 -9999 -9999 -9999 -9999 -9999 -9999 -9999 -9999 -9999 -9999 -9999 -9999 -9999 -9999 -9999 -9999 -9999 -9999 -9999 -9999 -9999 -9999 -9999 -9999 -9999 -9999 -9999 -9999 -9999 -9999 -9999 -9999 -9999 -9999 -9999 -9999 -9999 -9999 -9999 -9999 -9999 -9999 -9999 -9999 -9999 -9999 -9999 -9999 -9999 -9999 -9999 -9999 -9999 -9999 -9999 -9999 -9999
-9999 -9999 -9999 -9999 -9999 -9999 -9999 -9999 -9999 -9999 -9999 -9999 -9999 -9999 -9999 -9999 -9999 -9999 -9999 -9999 -9999 -9999 -9999 -9999 -9999 -9999 -9999 -9999 -9999 -9999 -9999 -9999 -9999 -9999 -9999 -9999 -9999 -9999 -9999 -9999 -9999 -9999 -9999 -9999 -9999 -9999 -9999 -9999 -9999 -9999 -9999 -9999 -9999 -9999 -9999 -9999 -9999 -9999 -9999 -9999 -9999 -9999 -9999 -9999 -9999 -9999 -9999 -9999 -9999 -9999 -9999
-9999 -9999 -9999 -9999 -9999 -9999 -9999 -9999 -9999 -9999 -9999 -9999 -9999 -9999 -9999 -9999 -9999 -9999 -9999 -9999 -9999 -9999 -9999 -9999 -9999 -9999 -9999 -9999 -9999 -9999 -9999 -9999 -9999 -9999 -9999 -9999 -9999 -9999 -9999 -9999 -9999 -9999 -9999 -9999 -9999 -9999 -9999 -9999 -9999 -9999 -9999 -9999 -9999 -9999 -9999 -9999 -9999 -9999 -9999 -9999 -9999 -9999 -9999 -9999 -9999 -9999 -9999 -9999 -9999 -9999 -9999
-9999 -9999 -9999 -9999 -9999 -9999 -9999 -9999 -9999 -9999 -9999 -9999 -9999 -9999 -9999 -9999 -9999 -9999 -9999 -9999 -9999 -9999 -9999 -9999 -9999 -9999 -9999 -9999 -9999 -9999 -9999 -9999 -9999 -9999 -9999 -9999 -9999 -9999 -9999 -9999 -9999 -9999 -9999 -9999 -9999 -9999 -9999 -9999 -9999 -9999 -9999 -9999 -9999 -9999 -9999 -9999 -9999 -9999 -9999 -9999 -9999 -9999 -9999 -9999 -9999 -9999 -9999 -9999 -9999 -9999 -9999
-9999 -9999 -9999 -9999 -9999 -9999 -9999 -9999 -9999 -9999 -9999 -9999 -9999 -9999 -9999 -9999 -9999 -9999 -9999 -9999 -9999 -9999 -9999 -9999 -9999 -9999 -9999 -9999 -9999 -9999 -9999 -9999 -9999 -9999 -9999 -9999 -9999 -9999 -9999 -9999 -9999 -9999 -9999 -9999 -9999 -9999 -9999 -9999 -9999 -9999 -9999 -9999 -9999 -9999 -9999 -9999 -9999 -9999 -9999 -9999 -9999 -9999 -9999 -9999 -9999 -9999 -9999 -9999 -9999 -9999 -9999
-9999 -9999 -9999 -9999 -9999 -9999 -9999 -9999 -9999 -9999 -9999 -9999 -9999 -9999 -9999 -9999 -9999 -9999 -9999 -9999 -9999 -9999 -9999 -9999 -9999 -9999 -9999 -9999 -9999 -9999 -9999 -9999 -9999 -9999 -9999 -9999 -9999 -9999 -9999 -9999 -9999 -9999 -9999 -9999 -9999 -9999 -9999 -9999 -9999 -9999 -9999 -9999 -9999 -9999 -9999 -9999 -9999 -9999 -9999 -9999 -9999 -9999 -9999 -9999 -9999 -9999 -9999 -9999 -9999 -9999 -9999
-9999 -9999 -9999 -9999 -9999 -9999 -9999 -9999 -9999 -9999 -9999 -9999 -9999 -9999 -9999 -9999 -9999 -9999 -9999 -9999 -9999 -9999 -9999 -9999 -9999 -9999 -9999 -9999 -9999 -9999 -9999 -9999 -9999 -9999 -9999 -9999 -9999 -9999 -9999 -9999 -9999 -9999 -9999 -9999 -9999 -9999 -9999 -9999 -9999 -9999 -9999 -9999 -9999 -9999 -9999 -9999 -9999 -9999 -9999 -9999 -9999 -9999 -9999 -9999 -9999 -9999 -9999 -9999 -9999 -9999 -9999
-9999 -9999 -9999 -9999 -9999 -9999 -9999 -9999 -9999 -9999 -9999 -9999 -9999 -9999 -9999 -9999 -9999 -9999 -9999 -9999 -9999 -9999 -9999 -9999 -9999 -9999 -9999 -9999 -9999 -9999 -9999 -9999 -9999 -9999 -9999 -9999 -9999 -9999 -9999 -9999 -9999 -9999 -9999 -9999 -9999 -9999 -9999 -9999 -9999 -9999 -9999 -9999 -9999 -9999 -9999 -9999 -9999 -9999 -9999 -9999 -9999 -9999 -9999 -9999 -9999 -9999 -9999 -9999 -9999 -9999 -9999
-9999 -9999 -9999 -9999 -9999 -9999 48.80360 -9999 -9999 -9999 -9999 -9999 -9999 -9999 -9999 -9999 -9999 -9999 -9999 -9999 -9999 -9999 -9999 -9999 -9999 -9999 -9999 -9999 -9999 -9999 -9999 -9999 -9999 -9999 -9999 -9999 -9999 -9999 -9999 -9999 -9999 -9999 -9999 -9999 -9999 -9999 -9999 -9999 -9999 -9999 -9999 -9999 -9999 -9999 -9999 -9999 -9999 -9999 -9999 -9999 -9999 -9999 -9999 -9999 -9999 -9999 -9999 -9999 -9999 -9999 -9999
-9999 -9999 51.49450 45.72700 47.11430 47.59520 49.07740 49.49920 48.40150 48.75140 48.46830 48.23620 47.46650 47.58950 46.49790 47.32910 45.53900 46.19350 48.96660 48.50250 50.00880 49.78830 -9999 -9999 -9999 -9999 -9999 -9999 -9999 -9999 -9999 -9999 -9999 -9999 -9999 -9999 -9999 -9999 -9999 -9999 -9999 -9999 -9999 -9999 -9999 -9999 -9999 -9999 -9999 -9999 -9999 -9999 -9999 -9999 -9999 -9999 -9999 -9999 -9999 -9999 -9999 -9999 -9999 -9999 -9999 -9999 -9999 -9999 -9999 -9999 -9999
-9999 -9999 -9999 -9999 47.31600 47.93110 48.30390 48.44830 47.84450 48.02220 48.39000 48.44310 49.14890 48.90590 49.57670 49.46190 49.62310 50.11440 51.35700 51.50060 51.15630 50.22270 -9999 -9999 -9999 -9999 -9999 -9999 -9999 -9999 -9999 -9999 -9999 -9999 -9999 -9999 -9999 -9999 -9999 -9999 -9999 -9999 -9999 -9999 -9999 -9999 -9999 -9999 -9999 -9999 -9999 -9999 -9999 -9999 -9999 -9999 -9999 -9999 -9999 -9999 -9999 -9999 -9999 -9999 -9999 -9999 -9999 -9999 -9999 -9999 -9999
47.14280 47.10550 47.09310 46.94030 47.66630 48.76090 48.28360 48.44310 47.98850 48.24680 48.03100 48.49640 49.19100 48.91900 49.78070 49.75030 50.17850 50.59680 51.83630 52.70790 52.34050 70.75270 52.18960 51.99390 50.75870 50.03340 50.00310 48.83740 -9999 -9999 -9999 -9999 -9999 -9999 -9999 -9999 -9999 -9999 -9999 -9999 -9999 -9999 -9999 -9999 -9999 -9999 -9999 -9999 -9999 -9999 -9999 -9999 -9999 -9999 -9999 -9999 -9999 -9999 -9999 -9999 -9999 -9999 -9999 -9999 -9999 -9999 -9999 -9999 -9999 -9999 -9999
47.93490 48.04560 47.29250 47.40070 47.83700 48.03490 47.62270 47.74140 47.68720 47.84530 49.64640 49.71940 49.01310 49.03230 50.01160 50.65460 51.87070 51.81210 71.00770 52.83310 52.52550 52.31890 52.57810 51.78560 50.94320 50.72300 50.00160 50.02650 49.26370 49.26200 50.23970 50.04360 50.59570 50.84630 51.34720 51.56190 49.27040 49.09950 48.79980 49.06770 53.43810 53.19950 53.12950 -9999 -9999 -9999 -9999 -9999 -9999 -9999 -9999 -9999 -9999 -9999 -9999 -9999 -9999 -9999 -9999 -9999 -9999 -9999 -9999 -9999 -9999 -9999 -9999 -9999 -9999 -9999 -9999
36.46330 37.14640 35.96760 36.11060 48.66590 48.83800 47.71440 47.83650 47.87390 35.92950 37.31970 49.76600 36.77890 49.09960 50.60960 50.68170 52.29460 52.23910 52.13540 52.79680 53.05180 53.45290 53.11890 41.43390 40.29740 51.27730 50.52800 50.11500 50.02050 50.09590 50.62110 50.66330 50.63950 50.62130 51.32070 51.54490 49.52720 49.46900 49.27920 49.10240 53.53480 53.91800 54.00600 72.92590 -9999 -9999 -9999 -9999 -9999 -9999 -9999 -9999 -9999 -9999 -9999 -9999 -9999 -9999 -9999 -9999 -9999 -9999 -9999 -9999 -9999 -9999 -9999 -9999 -9999 -9999 -9999
51.83980 51.32760 38.79310 51.53810 50.48540 50.41640 52.01170 51.53700 50.42290 49.52080 51.55220 50.92230 52.57420 52.63690 52.96750 53.00170 53.22060 53.86870 54.08740 72.62920 54.15430 53.78750 53.36340 53.03510 52.71960 53.44820 52.81810 51.98190 52.27220 53.20240 51.42310 51.12990 50.47090 50.78850 50.01630 50.26620 51.02530 51.50120 52.40210 52.83240 53.02230 53.44130 53.66050 53.23000 -9999 -9999 -9999 -9999 -9999 -9999 -9999 -9999 -9999 -9999 -9999 -9999 -9999 -9999 -9999 48.65050 49.71620 -9999 -9999 -9999 -9999 50.82930 54.01240 55.50290 55.05480 41.28320 41.17800
51.46560 51.87930 51.03480 51.54490 49.66680 49.01620 50.27930 51.46860 50.45310 50.73220 50.72610 50.60340 52.97480 53.53490 53.98110 54.05490 53.67390 53.21330 72.73260 54.37230 53.32820 53.32310 53.40600 52.43720 52.51940 51.72680 52.11690 52.04940 52.76420 52.56410 50.88990 51.07750 50.76430 51.00100 49.76800 50.43390 51.52870 51.50550 52.07720 52.15200 72.34020 72.39070 72.42060 52.86330 51.59970 50.91500 70.48660 50.58630 52.95790 53.61890 40.87820 42.18690 52.87910 51.04440 50.85690 40.48170 36.14290 36.30930 48.81120 48.72900 37.87530 -9999 -9999 -9999 -9999 -9999 52.63300 54.87600 54.97220 57.05540 56.24240
55.74230 41.04800 53.55750 55.99870 43.22120 52.85120 53.20450 52.71860 49.68760 49.24170 49.44940 49.73660 52.02600 52.81220 53.18870 52.93130 54.12490 54.28610 54.09060 53.15550 51.73760 51.59660 51.90210 51.85050 50.53950 50.54490 50.52970 50.33580 50.64760 50.98090 49.24550 49.22760 49.90660 50.27470 51.67430 52.11410 52.01680 52.99870 71.10330 71.79960 52.83780 71.41780 53.63980 52.89240 51.18700 51.34050 51.19640 50.58470 53.60800 54.80830 51.43530 51.16810 52.37260 54.85760 57.67940 53.86850 52.72670 52.71090 41.17990 39.41660 41.16320 41.92200 40.15090 51.35230 49.46150 50.77910 52.10330 55.65610 53.00400 53.56390 56.55120
56.13590 53.73290 51.77830 56.24280 57.74010 55.63770 55.28360 53.97450 48.63860 48.39080 49.28380 49.35130 51.56830 52.01650 53.34330 53.87120 54.02030 53.70850 54.20660 53.58630 53.06140 51.43670 51.93020 51.22440 50.86590 50.14280 50.52870 50.31110 51.14020 51.37440 49.83560 50.02310 50.22220 49.97700 51.10290 52.41470 71.66840 52.53050 52.34470 52.73860 52.50020 52.49800 53.17170 53.62020 53.05450 52.13080 51.86840 50.97660 52.48590 53.17460 51.88330 50.57220 52.44850 52.23420 54.19040 56.94970 55.72720 54.88870 55.50310 55.46850 43.84070 47.38150 44.34810 41.21470 38.44750 50.13270 50.42890 51.03180 52.89890 54.39690 50.74520
59.53530 61.78270 46.81230 39.37140 53.12890 51.52930 51.22070 52.58570 52.11860 51.47250 52.44110 51.68090 50.65550 51.67200 53.00970 53.59300 53.03250 53.14180 54.33370 56.57160 55.76610 54.73290 55.18520 53.88880 49.96160 49.91700 50.80360 50.72830 50.72870 50.63310 51.94080 71.64360 50.28640 50.62170 51.10730 51.34400 50.72940 50.16950 51.13750 51.96610 52.41800 52.41090 55.61310 56.14720 55.81170 54.11850 52.00020 51.01510 49.59950 50.40390 50.89120 51.25360 52.16310 52.17040 40.19490 38.93530 40.69650 54.05000 54.13240 57.46420 57.93910 58.29190 58.91120 47.73920 45.71140 45.13600 45.00780 45.24810 45.74210 47.60400 48.36890
56.81650 60.55490 60.01830 50.83860 43.25240 51.34350 52.27420 53.76380 54.71740 52.58510 57.05060 55.40170 41.77610 51.21360 51.49680 52.42180 51.87270 52.56700 53.59870 54.54500 55.61120 54.70710 55.46420 53.75170 50.29010 49.44990 50.84120 50.17220 50.90340 50.38730 51.74120 52.26700 50.58740 49.88910 50.07440 51.12170 50.67010 50.71350 51.67530 52.20160 53.48290 52.85910 53.26210 54.06460 56.64410 56.80600 53.68070 53.24210 50.51930 52.06090 52.28850 52.10430 52.45160 52.10140 52.56290 53.78650 56.37070 59.39060 55.23820 54.08010 55.13180 54.72850 46.44030 56.64940 58.72250 48.46950 59.56200 49.97350 47.70460 48.97310 55.95470
55.92250 47.95560 52.71110 55.94710 55.53540 44.65390 41.93430 41.19510 54.06750 53.37710 55.23360 60.26780 59.50830 53.34810 47.30920 52.07360 52.78500 51.86320 52.21740 52.12720 52.66340 53.06130 55.31790 53.74670 51.48480 51.11600 51.71180 50.78220 52.03890 51.82890 51.56190 51.38100 51.21080 51.81060 50.60820 51.55420 51.43140 52.77330 52.49070 52.43430 54.27530 55.12930 53.54470 53.33700 54.48430 53.96240 53.59410 52.52790 50.67170 50.05310 50.37920 50.57390 51.85840 52.17980 51.90380 52.33260 57.60560 59.46580 55.25920 58.34520 58.21720 57.55240 48.21030 57.13230 56.38040 56.17220 48.19220 49.98710 47.16350 56.21510 54.23890
64.40420 63.93760 65.65680 61.56250 63.26780 62.34380 53.30110 49.60730 56.75260 54.44250 54.37380 43.12510 53.52130 55.38970 59.39360 58.98060 62.02280 60.31740 45.34850 43.77260 53.48200 53.90700 56.07180 55.03410 52.60690 51.94180 52.10020 51.75860 52.89880 52.65440 51.49750 53.69420 53.93330 53.98490 52.03100 52.59040 52.67650 53.88620 41.24600 53.51000 54.45080 55.64980 53.79780 53.93320 54.57710 54.75280 54.15040 53.45100 52.02300 51.37920 52.39740 54.09880 56.02050 47.18040 55.61510 54.94150 52.32570 58.53400 56.55310 60.82250 58.03410 57.81980 58.55210 55.91770 56.10360 45.91330 57.74970 57.45490 55.61390 54.36170 50.64570
63.81410 67.80710 64.82960 67.49250 64.91990 63.36720 55.96960 51.01130 58.64440 54.63710 54.49710 55.19650 56.91900 44.17220 55.49840 45.02800 44.95990 59.26330 65.30390 54.13480 50.19860 58.88320 57.23430 56.81620 54.89860 54.45510 53.60310 54.02830 53.60170 52.77720 52.05900 52.12910 54.79170 53.76870 54.40160 51.67590 51.91270 52.97980 54.88420 54.25410 53.02610 53.11630 54.25600 54.79280 57.88460 58.35100 57.59900 56.69170 55.32230 57.79370 59.09370 58.16940 59.66920 64.16930 53.05990 55.21560 58.60630 61.56670 57.94530 56.71000 55.60990 54.08080 53.55040 42.66560 58.65800 57.10430 55.49230 54.54310 54.34890 55.89440 52.62690
65.15910 64.94150 64.58570 65.06850 68.56240 66.42460 66.62810 64.80520 61.64480 57.39570 53.26820 60.89120 62.53440 59.21560 64.47100 61.30730 59.19520 42.17780 61.47650 67.93890 66.73260 65.28960 62.21900 56.43280 55.16180 54.37660 54.21540 54.71000 53.61670 52.80730 52.98800 53.01810 53.77430 53.56550 51.43330 52.33610 53.75030 53.75440 55.11560 55.61860 57.08470 55.15150 55.29390 45.18790 42.72680 53.53690 55.30560 55.60100 57.96320 58.79740 59.87870 48.14450 57.39540 47.95110 61.63610 62.10560 61.42090 62.56300 56.50490 55.91100 52.86720 52.60830 53.92900 55.23300 55.50010 54.67250 54.69920 53.55740 52.59730 53.94920 51.09400
61.93900 62.28770 63.48970 51.40690 60.45470 60.09910 59.16380 59.75590 58.67070 57.79050 56.36280 56.09360 47.49080 56.60610 62.20950 64.90720 62.87090 63.22640 50.29420 58.02020 60.06180 61.92740 60.84210 59.42030 55.75470 53.32210 52.81080 52.38620 52.00530 51.11820 51.41890 50.76840 51.29710 52.04250 52.07530 52.04940 52.04940 52.66180 54.43000 55.18690 58.30610 47.50450 59.29070 46.99300 42.17430 52.57290 54.11020 55.55110 55.92310 57.88460 50.82820 57.73680 57.56260 62.29580 60.24010 59.26390 58.57650 56.27840 59.86340 57.31510 56.09800 54.27670 53.26780 51.02730 51.97220 53.74210 54.02320 52.71890 53.95240 53.08480 38.81060
64.95980 65.37330 65.55950 64.36310 62.64600 59.75410 58.54450 57.49080 56.67210 55.21910 54.95680 58.43750 58.57890 57.29490 58.12510 61.09800 61.88490 62.76620 64.37620 63.21060 61.91000 58.26610 58.04910 58.19500 58.54080 56.78790 53.64800 53.19060 53.73830 54.01340 52.23430 52.17000 51.05520 51.64670 52.04390 54.74730 54.65660 57.10470 55.91470 61.21390 56.13830 60.46520 59.81550 62.52310 61.39180 57.23990 45.26360 45.88840 43.46040 46.24870 57.65410 55.48700 53.89940 53.11450 53.21380 54.22170 56.09060 57.65160 55.92030 58.06310 55.30680 55.10420 53.00990 52.65850 52.91930 53.04470 54.12500 53.13490 40.85390 44.72610 43.25330
67.55270 69.86150 65.68170 56.67310 64.46230 63.91060 59.33690 57.74150 54.60320 54.68440 56.16380 56.55400 61.51350 60.68460 58.76310 58.75590 61.09750 62.63790 65.68410 64.33070 63.13860 61.01590 61.01180 57.75720 57.28880 56.54190 56.98030 54.30610 54.49440 55.94030 53.51330 54.43000 53.68650 56.52820 56.88270 55.15250 58.52150 61.57260 50.96230 60.92030 65.52770 65.91090 59.17350 56.12870 52.19100 50.47000 57.72420 48.34970 46.61520 59.29840 49.34180 60.68500 61.73500 62.61030 62.05680 60.63280 59.01020 57.82680 55.99120 73.05670 54.01430 53.90550 53.95130 53.77650 51.92260 39.41180 51.09290 39.32400 45.49880 48.93720 48.23140
67.28670 66.70160 66.00350 65.62450 65.71210 63.05500 50.63280 56.62850 56.56160 54.26400 53.11810 54.53880 57.01890 62.38100 62.24170 61.46540 62.84610 61.75180 61.58640 61.39980 65.15040 61.52450 57.76680 56.82550 56.20090 57.77960 60.24680 56.09160 54.41980 54.47540 56.93020 55.80300 55.65060 57.25360 58.89780 56.39570 58.58590 60.30430 63.67720 54.96560 57.12350 58.49450 56.90340 66.20640 62.01810 62.48970 58.57750 59.66510 59.17260 60.16930 60.73620 60.98050 61.76200 59.10660 59.97360 58.63160 59.30590 57.17970 54.98340 72.85200 54.48700 54.25180 53.45760 41.91840 44.95390 44.69050 45.26670 43.66390 47.73300 46.27650 46.11600
68.24620 66.74820 68.60070 67.33570 65.63020 65.42270 56.80430 52.30900 50.77560 59.09470 56.83340 58.78790 57.52110 59.74060 62.76520 61.99760 60.83770 48.32060 61.97150 61.65360 59.29350 61.41190 58.78480 55.70720 55.68830 54.32900 55.68550 53.66660 49.60750 50.96290 53.53940 54.16410 54.91720 55.60580 55.62470 47.07220 56.33370 60.69650 64.06920 66.49850 64.08970 55.72350 63.50170 62.56900 75.69480 74.99200 53.55310 40.50830 40.17630 52.19270 53.29170 53.22660 41.69560 55.26690 58.06660 57.29180 56.91170 55.96900 71.78360 53.32100 52.29130 51.89170 44.29160 48.17340 48.27730 49.33680 51.00010 50.13830 47.82550 46.50130 47.07860
65.58670 65.83440 68.92880 69.07590 65.91140 65.39190 65.15770 57.42620 63.12390 60.43380 59.57300 63.22190 61.04650 58.06850 63.78210 63.82300 65.39090 62.93960 61.67530 61.80270 48.85550 61.93400 65.17220 59.23410 56.62230 43.91310 58.84600 56.56080 54.51720 56.20640 54.58390 53.21900 56.16110 57.02240 47.57130 55.88810 60.08720 60.61760 63.95560 65.35770 64.27690 62.43040 64.37580 60.60820 55.46120 54.19970 41.49400 42.34530 55.44140 54.07330 -9999 -9999 42.11520 53.69760 54.17140 56.42720 74.40690 56.17860 42.64780 44.00670 43.03690 47.35680 51.31490 54.69870 50.50330 53.16460 55.25450 57.66690 51.92140 48.40480 58.27730
69.67990 68.40380 69.16030 71.31260 69.23270 71.09350 68.61970 67.49580 65.60820 64.73390 66.28500 67.14490 64.53390 62.77960 66.35190 65.60320 66.19620 62.67270 49.71700 61.53430 53.76940 61.32730 61.67580 63.82310 55.87740 58.65000 59.22360 57.21090 48.36730 57.87040 57.78290 54.21830 54.93320 57.14940 57.64470 60.49730 62.22560 56.75980 54.53100 -9999 -9999 -9999 -9999 52.81470 -9999 47.15270 59.59110 58.13960 58.79020 54.72120 -9999 -9999 44.52540 74.20040 73.67470 56.55680 45.77410 46.11510 45.63690 47.98840 49.56680 51.13130 51.24200 50.66320 49.75570 61.46330 57.09290 56.45920 49.93090 48.76600 48.26530
66.13990 69.08490 69.37160 70.94980 72.21460 68.96030 70.70900 66.73820 65.74920 66.94120 68.29160 68.73530 69.37750 71.96320 69.67790 64.00410 62.88980 65.87700 64.67940 64.78700 68.31800 63.55700 65.58540 63.99490 55.88130 62.36980 53.03220 61.76120 60.99490 59.08800 58.82390 58.70260 57.90640 58.33200 60.73860 59.87300 57.44810 -9999 -9999 -9999 -9999 -9999 -9999 -9999 58.14470 58.79460 58.31040 -9999 -9999 -9999 -9999 -9999 73.41230 57.38930 51.33300 58.73040 60.66970 59.17870 48.20600 50.87160 46.27560 46.24790 46.72170 57.14740 56.48890 44.84300 51.01330 56.05780 50.54070 44.42280 -9999
