data/hydroclimate-scenarios/1948-2000.Pcorr55N_Pref_Tref/monthly_summaries/soilm3_monthly_day1_feb.asc
ncols	311
nrows	91
xllcenter	102.75
yllcenter	31.75
cellsize	0.5
NODATA_value	-9999
[rows 32 to 63 of 91, columns 0 to 70 of 311]
-9999 -9999 -9999 -9999 -9999 -9999 -9999 -9999 -9999 -9999 -9999 23.41600 23.41790 23.44350 23.43060 23.44340 23.44350 23.46040 20.58480 20.87880 23.00290 23.46660 23.46210 23.46460 23.12760 22.91640 22.72230 21.48920 20.47010 18.64560 18.54960 18.53510 18.54200 18.54600 19.45180 20.74600 22.14790 23.05070 24.26650 24.27030 24.26740 24.26910 24.28540 24.28320 24.27920 24.27270 24.26370 24.25130 24.24590 24.24650 24.24130 24.25700 24.24670 24.34650 24.14150 24.13250 24.04870 23.94720 24.30820 24.23890 24.24500 24.24830 23.90840 22.52450 22.03740 23.74870 23.68970 23.64650 23.85920 23.02700 23.10980
-9999 -9999 -9999 -9999 -9999 -9999 -9999 -9999 -9999 -9999 -9999 23.42950 23.43610 23.43050 23.43540 23.44170 23.44430 23.46700 23.47130 23.48570 23.48870 23.48420 23.36300 23.16840 22.97360 22.87720 22.89820 22.86680 22.84360 22.09000 20.41080 19.84850 21.86660 23.64560 24.28530 24.24630 24.16810 24.28990 24.27390 23.61180 24.28950 24.40190 24.31370 24.32520 24.34090 24.32450 24.31910 24.27880 24.26560 24.25730 24.24870 24.25280 24.24070 24.31000 24.22330 24.24970 24.25280 24.24840 24.25580 24.26020 24.25720 22.93910 22.90280 24.24230 23.08990 23.80700 24.01830 22.96090 22.96510 23.01560 23.10270
-9999 -9999 -9999 -9999 -9999 -9999 -9999 -9999 -9999 -9999 -9999 -9999 23.13440 23.03700 23.03740 23.04950 23.45110 23.48160 23.48640 23.49370 23.28520 22.90380 22.95900 22.97660 23.00380 22.95540 22.92450 22.98240 22.93310 22.92840 22.89030 23.49400 24.18860 24.19520 24.00440 23.91100 23.31870 24.30720 24.38370 23.29750 23.50490 23.52470 24.02630 24.32450 24.33580 24.36200 24.33510 24.29760 24.28200 24.26800 24.24570 24.25370 24.25060 24.23200 24.22420 24.22840 24.23070 23.90170 23.03570 23.14300 23.01770 23.01970 23.02180 23.28930 23.49890 22.89110 23.67570 23.02300 23.08710 23.13630 23.06700
-9999 -9999 -9999 -9999 -9999 -9999 -9999 -9999 -9999 -9999 -9999 -9999 22.93500 23.03270 23.24010 23.35060 23.25870 23.26670 23.07980 22.90240 22.99940 23.02770 23.01160 22.98580 22.99820 22.97910 22.93900 22.97760 22.94060 22.87150 22.85590 24.00440 23.81400 23.08690 23.03830 22.86150 22.86090 23.66420 23.86230 22.98490 22.95280 22.86880 23.35740 24.39300 24.25460 23.97230 24.06550 23.70970 23.57630 23.58270 23.46140 23.54200 23.82830 24.24260 24.23680 24.02710 21.96160 23.12470 23.82860 23.19060 22.85810 23.05940 23.95550 24.34480 23.67800 23.16600 23.02020 23.03750 23.09070 23.14070 23.17740
-9999 -9999 -9999 -9999 -9999 -9999 -9999 -9999 -9999 -9999 -9999 -9999 23.32570 23.13190 23.25720 22.95380 22.97550 22.86680 22.83180 23.03100 23.01030 23.03790 23.01560 22.99670 22.98950 22.98880 22.97050 22.86990 22.88520 22.81030 22.70020 22.87640 22.86180 22.97100 22.95120 22.95990 22.89730 22.97800 22.96760 23.00260 23.05960 22.99540 23.18800 23.70870 23.24570 23.11230 23.16020 23.08880 23.06860 23.01260 22.98060 22.98970 22.95440 23.17320 23.08200 22.90570 22.80060 22.96120 22.86340 22.93650 22.87560 22.98580 22.98130 23.38670 23.66790 23.30440 23.04840 23.07440 23.14550 23.17680 23.21130
-9999 -9999 -9999 22.95450 22.95900 22.94160 22.92940 22.93550 22.93850 -9999 23.33420 23.35160 23.05610 22.83360 22.84110 22.94410 22.87090 22.70230 22.81560 23.00330 23.01030 23.01450 22.90400 22.79680 22.91370 22.98640 22.96810 22.97280 22.79650 22.63290 22.56390 22.66380 22.74240 22.83950 22.89480 22.36520 22.90600 22.98270 23.00480 23.01650 23.05050 23.10190 23.12130 23.15990 23.17390 23.17800 23.20250 23.01310 23.06840 23.06410 22.98680 22.90850 22.89020 22.97050 22.83860 22.87460 22.98930 22.80810 22.76320 22.81390 22.93960 22.81760 22.85220 23.09260 23.05440 22.97210 23.02330 23.12150 23.21300 23.27950 23.36260
-9999 -9999 -9999 22.59750 22.96960 22.96900 22.95900 22.85760 22.84670 23.24120 23.14500 22.94750 22.74660 22.74370 22.86920 22.84850 22.74710 22.57790 22.58950 22.59430 22.59080 22.62130 22.60320 22.60530 22.65530 22.87320 22.74950 22.61460 22.60810 22.67880 22.34340 22.61050 22.57380 22.61720 22.83970 22.76470 22.90910 23.05040 23.00640 23.10660 23.09480 23.08420 23.14780 23.18940 23.08950 23.11870 23.23020 23.12400 23.05260 22.95500 22.95000 23.10770 23.10320 23.09520 22.94010 23.09760 23.05140 23.03890 22.96060 23.06470 23.06470 23.17190 23.21120 23.15730 23.22830 23.16730 23.20640 23.21860 23.35580 23.34980 23.21170
-9999 -9999 -9999 22.56640 22.96510 22.85800 23.12640 23.05180 23.05230 23.03700 23.05430 22.96530 22.53960 22.52870 22.53830 22.52370 22.61880 22.63130 22.57680 22.56910 22.58640 22.65480 22.37620 22.79570 22.68150 22.76700 22.82510 22.74260 22.64640 22.70790 22.74990 22.68660 22.65210 22.66240 22.69320 22.67400 22.71700 22.90780 22.96410 22.94610 23.06020 23.04900 23.16790 23.21130 23.17970 23.18830 23.21800 22.98270 22.98010 23.17710 23.18070 23.11720 23.11480 23.10120 23.06400 23.10730 23.06920 23.05900 23.08630 23.20820 23.15200 23.17010 23.21600 23.28180 23.30440 23.32580 23.34010 23.08100 23.08490 23.03560 22.96960
-9999 -9999 -9999 22.68130 22.94400 22.78050 23.09030 23.09430 23.00670 22.96760 23.00750 22.62280 22.52330 22.55600 22.53690 22.67550 21.20910 18.37660 19.05590 19.91270 22.88020 22.80410 21.87730 19.69340 20.02140 22.92240 22.83390 22.69790 22.80600 22.78420 22.75640 22.64670 22.70470 22.76540 22.75100 22.76490 22.70470 22.65630 22.88750 22.97620 23.01400 23.11960 23.16030 23.16100 23.23610 23.26510 23.28280 23.16940 23.17920 23.16340 23.17270 23.14130 23.12680 23.04270 23.10110 23.07160 22.95650 22.95580 22.96370 23.14410 23.05870 23.06940 23.04390 23.02130 23.09860 23.06350 22.98100 22.87440 22.95080 22.98340 23.03190
-9999 -9999 -9999 22.45450 22.83560 22.88240 23.11400 23.05810 23.04090 23.00780 23.01680 22.78570 22.55120 22.58790 18.35630 18.35540 19.75190 21.14920 22.58840 22.74620 22.89160 19.98070 18.81620 22.80090 22.80730 22.68480 22.57960 22.59230 22.68360 22.72790 22.74570 22.72550 22.73990 22.70680 22.56190 22.86820 22.77600 22.43530 22.44060 22.68160 23.13920 23.00200 22.83340 22.84630 22.95360 22.96660 22.87320 22.98380 22.89570 22.78790 22.68570 22.76220 22.85840 22.76660 22.73230 22.82530 22.78480 22.77970 22.68720 22.80590 22.83030 22.81590 22.82540 22.99770 23.00580 23.00800 23.03930 23.01950 22.97760 23.02050 23.09090
-9999 -9999 -9999 -9999 22.89090 23.01050 23.00930 23.00010 22.95010 22.91150 22.94080 22.64290 22.61070 22.61380 -9999 -9999 -9999 -9999 -9999 20.35550 18.51720 18.45820 18.51310 22.38870 21.34590 21.99680 22.06070 22.13270 22.66130 22.64210 22.66760 22.69840 22.69500 22.53600 22.90640 22.88550 23.12680 22.54160 22.44100 22.85670 22.94580 23.21550 22.71080 22.58580 22.78970 22.98900 23.58600 23.20770 22.80610 20.01410 22.96850 22.88450 22.85370 22.57840 22.57460 22.66920 22.66750 22.65300 22.85640 22.78730 22.71280 22.74490 20.37690 22.76010 22.76930 20.88690 22.79480 22.78520 22.45530 -9999 -9999
-9999 -9999 22.42100 22.91690 23.02160 23.01070 23.00690 23.00570 22.95580 22.93760 22.95400 22.55000 22.59550 -9999 -9999 -9999 -9999 -9999 20.35540 18.45680 19.48790 22.64120 22.63140 22.69610 19.87270 18.46480 19.06020 22.62670 22.64220 22.54190 22.71050 22.66100 22.94590 22.85230 22.54840 23.11870 23.11910 22.80130 22.54910 22.53080 22.46330 22.52400 22.58760 22.53810 22.53250 22.54420 22.57040 22.57570 22.27310 18.46600 18.45850 18.48480 18.54180 18.50600 20.71420 22.91820 22.65190 22.77390 22.78610 22.79120 22.81100 22.82690 20.37310 18.68240 18.69940 18.73160 18.74310 -9999 -9999 -9999 -9999
-9999 -9999 23.01520 23.03890 22.99300 23.00020 23.09740 23.01190 22.96460 22.96800 22.58130 22.58770 22.56010 -9999 -9999 -9999 -9999 22.61300 22.70780 22.63450 23.07890 22.73940 21.65410 18.39090 19.36430 22.59220 22.63990 22.50160 22.42740 22.52260 22.50580 22.44290 22.53410 22.54750 22.95920 22.62810 22.61390 22.52090 22.56300 22.52750 22.56020 22.59670 22.63140 22.55060 22.78430 22.88080 22.88530 22.87940 22.77790 22.76750 20.02370 18.51070 18.50990 18.49400 18.48310 21.31340 22.76950 20.80840 19.93420 19.57660 18.69240 18.69380 18.70920 20.01600 21.31910 -9999 -9999 -9999 -9999 -9999 22.83170
-9999 -9999 22.81310 23.18840 23.04450 23.04420 23.31080 23.26120 22.97690 22.87000 22.60460 22.58190 22.52000 -9999 -9999 -9999 -9999 22.68640 22.65670 22.87190 21.90150 20.27830 19.75460 22.60590 22.61140 22.60920 22.50830 22.40940 22.42320 22.54070 22.54470 22.60680 22.53170 22.55720 22.56620 22.57520 22.49360 22.49610 22.50350 22.57290 22.64500 22.61180 22.65600 22.57710 22.48670 21.79680 21.89530 22.59020 22.98810 22.98520 22.08870 21.88210 20.75910 21.47480 20.99890 20.74360 21.93610 21.71470 22.71690 22.77120 18.69850 21.30820 22.77960 22.97190 22.97400 20.92290 18.75430 18.71250 18.73420 -9999 -9999
-9999 -9999 -9999 23.59720 23.06780 22.01330 22.17170 22.71620 22.70760 23.74770 25.49460 22.54670 -9999 -9999 -9999 -9999 22.61000 22.61740 22.59400 22.61970 22.73890 22.61990 22.92070 22.70240 22.60500 22.50810 22.52980 22.66560 22.57190 22.58190 22.54960 22.52710 22.54830 22.91580 23.26830 23.36270 22.88960 22.77920 22.55740 22.51160 22.54540 22.53080 22.72960 22.43510 21.93710 21.85100 20.80210 20.17810 20.78360 22.38860 21.59780 18.74220 18.74490 18.77510 18.78890 18.75930 18.80980 22.17370 22.87590 22.86430 22.85290 22.82760 22.84830 22.92960 22.99390 22.95770 18.83400 18.73370 18.78740 18.87110 -9999
-9999 -9999 -9999 -9999 22.76100 21.17700 22.57910 22.63890 22.65490 22.56140 22.54410 -9999 -9999 -9999 -9999 22.62510 22.71870 22.70480 22.33790 22.96320 23.05360 23.27450 23.46750 22.87270 22.42320 22.88060 23.41940 22.93580 23.46190 23.03440 23.02570 23.21470 23.31960 23.33610 23.27780 22.79900 22.59950 22.50990 22.59830 22.51540 22.53300 22.52970 22.55800 22.59490 22.52790 23.21850 23.57810 21.83910 21.23250 20.58740 23.03360 18.65730 18.70530 19.73340 19.01840 18.69220 18.77420 18.81930 18.85330 22.84680 22.86410 22.94470 22.93790 23.05070 23.02990 22.87860 18.79820 18.75060 18.71680 18.80450 18.91740
-9999 -9999 -9999 -9999 -9999 -9999 22.73430 22.83530 22.72400 22.81340 23.25210 -9999 -9999 -9999 -9999 -9999 23.02910 23.12890 22.69840 23.40070 23.36830 23.01480 22.73570 22.65080 23.20200 23.39320 21.43790 19.68230 19.68460 20.31290 22.60930 23.42810 23.07200 23.35120 23.24940 23.47440 22.80700 22.51140 22.56660 22.54300 22.55090 22.58910 22.60260 22.56180 22.70020 23.02140 23.60430 23.20110 21.82630 18.54370 18.74840 18.81360 22.73480 23.22240 21.65050 23.83420 18.77660 18.80470 18.84880 22.02460 22.99970 23.02450 22.94860 23.04110 23.12090 22.94710 19.39590 18.66560 18.66680 21.11850 22.62960
-9999 -9999 -9999 -9999 -9999 -9999 -9999 -9999 -9999 -9999 -9999 -9999 -9999 -9999 -9999 -9999 -9999 -9999 -9999 23.37060 22.63450 21.34540 22.94630 23.08010 22.06110 21.95070 21.02320 20.95360 21.54510 23.00960 23.47910 22.96300 22.60760 22.75760 23.24300 23.15200 22.56940 22.60510 22.59580 22.58390 22.51630 22.53630 22.62300 22.62850 22.52090 23.12050 23.16330 23.21110 22.31160 23.16830 23.45320 21.34850 19.25640 18.87600 18.67910 18.71260 23.02510 22.04930 23.13690 23.10770 20.17580 19.13370 23.11840 23.11340 23.30000 20.29210 18.72680 18.66140 18.65880 18.76860 22.43680
-9999 -9999 -9999 -9999 -9999 -9999 -9999 -9999 -9999 -9999 -9999 -9999 -9999 -9999 -9999 -9999 -9999 -9999 23.07260 21.71150 21.79170 23.32200 23.33670 23.35500 22.19310 21.45430 21.20140 21.61910 23.19680 23.36450 23.37960 23.35960 23.39250 23.38680 22.95390 22.52130 22.46100 22.54900 22.47380 22.59450 22.51990 22.52960 22.53790 22.71990 23.12270 23.41510 23.24990 23.12000 23.04220 22.46280 22.59820 22.97040 23.05780 23.35690 19.05810 18.85110 22.03350 22.51130 19.87680 22.08550 18.86660 18.82880 21.32950 21.71830 18.89720 20.22890 22.13230 18.68430 18.81450 18.74990 20.93070
-9999 -9999 -9999 -9999 -9999 -9999 -9999 -9999 -9999 -9999 -9999 -9999 -9999 -9999 -9999 -9999 -9999 23.30030 22.25820 23.22640 23.33850 23.23020 22.69440 22.17740 22.23700 22.52290 21.20580 21.26150 22.24060 22.16110 22.49170 21.74450 21.82550 22.07740 21.65950 22.14900 22.58850 22.58000 22.57090 22.50830 23.12110 23.19420 23.32690 23.39140 23.34620 23.32680 23.29220 23.18060 23.41900 22.44500 21.48630 19.09210 22.86710 23.64700 23.24230 23.60170 23.10990 23.01720 23.02350 23.17210 21.14880 19.20850 21.13460 20.07590 23.37190 23.16760 22.16570 22.52130 21.09480 20.96460 23.48000
-9999 -9999 -9999 -9999 -9999 -9999 -9999 -9999 -9999 -9999 -9999 -9999 -9999 -9999 -9999 -9999 -9999 22.69420 23.29050 23.38360 22.94590 21.75220 22.30740 22.51480 23.30670 24.61510 23.71370 23.90890 22.40460 22.28120 20.79320 20.68190 21.21120 22.00020 21.24380 20.99860 21.66230 22.43970 22.49180 22.50500 23.38320 23.36110 23.37250 23.26990 23.33470 23.25640 23.33080 23.12130 23.31420 23.29970 20.14720 18.76160 18.79750 19.43150 22.13970 23.72230 23.46150 23.23550 22.64250 21.80390 23.28460 23.19270 23.19330 23.26760 23.15690 23.16140 23.15250 21.76070 21.87900 23.76100 23.80860
-9999 -9999 -9999 -9999 -9999 -9999 -9999 -9999 -9999 -9999 -9999 -9999 -9999 -9999 -9999 -9999 22.65110 22.66690 23.31110 22.63120 21.61000 23.12670 23.91490 24.30910 24.60170 24.30510 24.30640 24.70500 24.10380 23.00380 22.80580 23.20610 23.35450 20.95510 20.57810 20.73380 21.97880 22.51930 22.45580 22.56460 23.43230 23.34930 23.18560 23.29290 23.21800 23.18280 23.30850 23.11930 23.11700 23.67060 21.20320 19.54870 19.18430 19.83470 22.02560 23.70960 23.73400 23.18300 18.84280 23.07260 23.37010 23.40000 23.51430 23.72400 23.12490 18.94740 18.91110 18.90910 21.75050 23.68390 23.88510
-9999 -9999 -9999 -9999 -9999 -9999 -9999 -9999 -9999 -9999 -9999 -9999 -9999 23.36860 23.25830 22.80780 22.81490 22.73470 22.26590 21.96110 23.41940 24.42590 24.40780 23.90580 24.40370 24.70050 24.70100 24.70000 24.70000 24.70000 23.00790 22.53310 23.90010 23.30010 21.51320 20.40640 21.62510 22.04230 22.30530 23.20730 23.10380 23.19670 23.14490 23.10060 22.71800 22.28620 22.83900 22.34860 22.38040 23.10860 23.22070 23.38440 23.42960 23.40610 22.66330 19.14980 21.78710 23.17920 20.57710 21.41490 23.37350 22.68320 24.29950 20.67200 20.58530 22.35250 20.18580 21.85490 19.34890 24.25160 24.21990
-9999 -9999 -9999 -9999 -9999 -9999 -9999 -9999 -9999 -9999 -9999 -9999 23.21010 23.23470 22.45620 22.52910 23.04020 23.34360 23.83400 23.60600 22.90760 21.80910 21.90500 22.80430 24.00190 23.60020 23.70010 24.20000 22.30100 23.00370 21.40030 22.90250 23.10610 23.81140 22.51740 20.50510 22.20010 22.30030 22.70330 23.10260 23.10220 23.10120 23.03420 22.60570 21.93790 22.24990 22.97480 22.31280 22.05800 21.73320 23.43200 23.22500 23.77420 23.31690 23.56390 23.28220 23.49980 18.91070 20.67700 20.23650 22.76470 20.83430 19.59430 20.54480 20.68820 24.52900 24.60460 19.35890 20.82090 24.18800 24.08160
-9999 -9999 -9999 -9999 -9999 -9999 -9999 -9999 -9999 -9999 -9999 22.79190 23.34480 22.64510 23.42620 23.80820 23.50590 22.30830 21.51000 21.60510 21.30370 21.40070 21.30070 21.10070 21.10060 21.10030 20.92220 23.00470 22.80230 22.60760 21.50060 23.00000 24.20000 23.80000 22.70000 21.81140 22.30050 22.40140 22.80360 23.10200 23.10070 22.81220 22.25400 21.92590 21.72260 21.83680 21.74340 21.86910 22.00640 22.30060 22.66590 23.25360 23.20160 23.53390 23.23280 23.22000 23.54440 23.26830 18.55910 19.08240 19.60630 22.25470 20.95670 22.11170 24.34880 22.58880 23.26970 19.46130 24.16980 24.10960 24.04310
-9999 -9999 -9999 -9999 -9999 -9999 -9999 -9999 -9999 -9999 23.62730 22.52210 23.70830 23.31030 22.90430 21.90100 21.40030 21.10040 21.10070 21.10040 21.10040 21.10020 21.10030 21.10020 21.10010 21.10020 21.10010 21.40640 20.70180 21.10000 21.10000 23.70000 23.40000 20.31210 20.20370 21.61400 22.30080 22.40160 23.00370 23.10260 22.80440 21.82820 21.50650 21.20530 20.50660 21.33700 21.84400 21.54750 21.99360 22.05300 22.42000 23.05660 23.56150 23.12950 23.22710 23.24870 22.40610 20.07260 19.33790 23.05410 23.23490 22.43670 21.65040 23.38830 24.28940 23.02760 24.75180 24.32360 24.17940 24.09540 24.07720
-9999 -9999 -9999 -9999 -9999 -9999 -9999 -9999 -9999 22.00020 21.20010 21.10010 22.20010 21.40010 21.70000 21.10010 21.10000 21.10000 21.10000 21.10000 21.30000 21.10000 21.80000 21.80000 21.30000 21.10000 21.10000 21.70000 21.10000 21.70000 21.90000 21.50000 24.50000 24.70000 20.60600 22.14460 22.30370 22.80230 23.00080 22.54340 20.31660 21.10460 21.10870 20.65160 19.50280 20.10730 21.31730 22.02440 21.61770 21.88530 22.15110 23.58870 23.42210 24.50060 24.13510 23.16570 22.88310 23.00310 23.05950 23.29150 23.20950 22.54910 21.99350 24.10890 24.47520 24.73880 25.28790 24.96310 24.85870 24.80340 24.84060
-9999 -9999 -9999 -9999 -9999 -9999 -9999 -9999 -9999 -9999 22.40000 21.40000 21.40000 21.10000 21.10000 21.10000 21.10000 21.10000 21.10000 21.50000 22.00000 21.30000 21.70000 -9999 -9999 -9999 -9999 -9999 -9999 23.90020 25.40070 24.50000 24.00000 24.30000 22.70000 22.23560 22.27420 23.00040 23.10030 23.00720 20.82750 21.43180 22.38590 20.07970 19.62410 19.88970 20.53090 21.80980 22.21460 22.25990 22.84340 23.21550 23.40480 23.79750 23.94990 23.06450 22.84150 22.90920 22.73360 23.32050 22.97100 22.36260 23.66710 19.48200 24.14450 25.14180 25.61550 24.83920 24.74450 24.82290 24.76980
-9999 -9999 -9999 -9999 -9999 -9999 -9999 -9999 -9999 -9999 -9999 -9999 21.70000 21.10000 21.10000 21.10000 21.10000 21.10000 21.40000 -9999 -9999 -9999 -9999 -9999 -9999 -9999 -9999 -9999 -9999 -9999 -9999 -9999 -9999 24.80000 22.90780 21.91730 20.61510 21.72020 23.40010 25.10070 21.95690 20.72030 21.84540 21.01360 19.91400 19.75050 20.03790 20.84700 21.68260 21.60170 21.76970 23.54910 23.70950 24.05860 23.23730 22.81050 23.06640 23.23180 23.06450 23.25240 22.45970 21.92550 23.38150 23.90850 24.56800 25.20730 25.63970 24.76170 24.80930 24.93560 25.16870
-9999 -9999 -9999 -9999 -9999 -9999 -9999 -9999 -9999 -9999 -9999 -9999 -9999 -9999 -9999 -9999 -9999 -9999 -9999 -9999 -9999 -9999 -9999 -9999 -9999 -9999 -9999 -9999 -9999 -9999 -9999 -9999 -9999 -9999 22.30960 20.50510 20.70540 20.30560 22.90000 21.42590 22.12750 21.41060 21.10940 21.98710 20.19710 20.52540 21.23700 21.63070 22.21430 22.01860 22.43270 23.69290 22.87350 23.45690 23.65840 23.23540 23.12100 23.27240 23.25530 23.12960 21.41090 23.62570 23.68610 23.92430 24.59300 24.97110 25.73140 24.80680 24.86420 25.03640 25.44560
-9999 -9999 -9999 -9999 -9999 -9999 -9999 -9999 -9999 -9999 -9999 -9999 -9999 -9999 -9999 -9999 -9999 -9999 -9999 -9999 -9999 -9999 -9999 -9999 -9999 -9999 -9999 -9999 -9999 -9999 -9999 -9999 -9999 -9999 21.91370 20.31030 20.41670 23.05870 25.10070 19.80550 20.00340 20.13970 19.92220 20.00930 22.35790 21.32120 21.23150 21.63810 21.86860 22.04350 22.32950 21.87560 23.20820 23.62160 23.73980 23.32680 22.97280 23.03880 23.11320 23.37550 21.08590 19.48120 21.57980 23.86790 24.38900 25.61380 25.86640 26.13800 26.41870 26.63120 -9999
-9999 -9999 -9999 -9999 -9999 -9999 -9999 -9999 -9999 -9999 -9999 -9999 -9999 -9999 -9999 -9999 -9999 -9999 -9999 -9999 -9999 -9999 -9999 -9999 -9999 -9999 -9999 -9999 -9999 -9999 -9999 -9999 -9999 -9999 -9999 -9999 -9999 -9999 21.11810 19.80500 19.40240 19.30400 19.87250 19.99620 20.70770 21.83420 22.39180 21.75670 21.87690 22.27470 21.85060 22.44700 22.44550 23.46340 23.50150 23.01190 23.11350 23.11450 23.37350 20.93190 19.23230 23.19190 24.03090 24.36810 25.46400 25.71270 25.98420 26.26440 26.43810 -9999 -9999
