data/hydroclimate-scenarios/1948-2000.Pcorr55N_Pref_Tref/monthly_summaries/soilm2_monthly_day1_mar.1950-2000.asc
ncols	311
nrows	91
xllcenter	102.75
yllcenter	31.75
cellsize	0.5
NODATA_value	-9999
[rows 31 to 61 of 91, columns 0 to 69 of 311]
-9999 -9999 -9999 -9999 -9999 -9999 -9999 -9999 -9999 -9999 -9999 88.70880 98.83680 99.41150 102.27200 106.02400 95.42940 96.39880 99.77310 100.11900 101.45300 109.20200 107.97100 106.29000 104.73400 101.25100 102.20000 101.00100 99.05520 100.09400 98.46790 95.44420 95.61880 94.98770 97.01830 96.41800 95.47750 99.01500 100.04800 99.03980 98.73470 97.74590 120.87700 121.69800 121.20900 121.27900 121.35400 113.22800 100.09000 99.39270 102.18700 103.03600 101.38300 100.12200 99.68380 116.30400 116.94100 115.47700 116.49200 115.20300 114.28800 116.69200 116.12100 115.21100 114.81800 121.08500 117.00400 119.31200 121.29400 124.76800
-9999 -9999 -9999 -9999 -9999 -9999 -9999 -9999 -9999 -9999 -9999 92.29080 94.26690 103.42600 97.97970 101.29700 99.82190 105.07100 101.14900 102.35500 109.62700 108.71100 108.06900 108.48200 122.31100 121.78300 121.49000 122.56000 122.45900 99.62920 99.53540 96.30300 97.80920 98.88850 99.41560 97.34670 99.14530 100.61100 109.52700 109.12500 107.54200 106.03800 108.13900 107.67300 107.01700 107.26700 106.20900 105.82400 105.39300 105.29200 103.89100 103.58000 102.67500 117.92800 118.29700 117.95000 117.48300 117.23000 115.79400 100.57500 101.74400 101.49600 113.73600 118.94800 120.02300 114.59200 117.37700 119.76200 120.65900 123.22600
-9999 -9999 -9999 -9999 -9999 -9999 -9999 -9999 -9999 -9999 -9999 98.61650 99.99590 98.41990 98.25890 100.60400 100.34700 107.15100 107.58800 111.35500 111.91200 110.91600 124.72600 124.24300 124.05200 104.25200 102.22200 103.99600 98.82220 117.91900 120.37900 98.69410 100.02000 94.77110 108.73200 103.15800 119.57400 111.27900 120.37300 120.97500 109.60500 121.10600 110.72600 111.52000 112.66400 111.76700 111.35900 110.29800 108.86900 106.80500 105.47100 104.25000 103.06900 116.09600 100.23100 104.31300 104.11300 102.89100 104.40600 104.96500 103.94500 120.38600 118.93700 100.04700 121.02900 116.99600 118.36300 120.26100 120.47600 122.18800
-9999 -9999 -9999 -9999 -9999 -9999 -9999 -9999 -9999 -9999 -9999 -9999 100.12400 100.67600 99.57390 101.31100 102.06100 109.38900 109.66400 111.01000 124.95700 104.58700 105.21300 106.40100 104.18100 103.34900 101.55400 100.33800 94.96580 94.99980 120.26500 120.23600 120.67200 121.09400 120.60300 120.44700 121.22200 112.06500 120.40800 120.05500 120.20200 120.64100 120.82200 110.30800 111.26200 114.17600 112.69000 112.03000 110.17700 108.86200 106.31700 106.59300 106.55100 104.29300 102.52700 101.42500 100.85000 113.59800 120.33400 120.58000 119.97300 114.41500 114.87900 115.84300 115.76200 121.91500 118.81600 120.39300 122.83000 124.32100
-9999 -9999 -9999 -9999 -9999 -9999 -9999 -9999 -9999 -9999 -9999 -9999 101.38900 99.78650 102.35900 102.38200 102.35200 123.92100 124.32800 105.43100 107.81700 110.89300 109.45500 106.58200 107.71900 100.07100 95.98420 103.06100 96.40340 97.73390 99.20110 121.01600 121.24000 119.74800 121.72400 99.78310 97.19750 100.13300 100.90200 102.66300 122.26300 107.08200 106.90700 116.79300 109.96800 111.87600 112.18900 109.71600 104.98700 107.37900 104.18700 98.78160 95.86770 106.22300 104.65500 115.80400 121.65100 114.28700 90.11920 118.74000 117.01500 93.77380 93.66820 108.11900 118.97300 118.84300 120.21000 120.77700 122.45400 123.78700
-9999 -9999 -9999 -9999 -9999 -9999 -9999 -9999 -9999 -9999 -9999 -9999 100.67400 100.59000 124.04000 123.40400 123.78600 103.37300 104.14400 106.59700 108.90400 112.68700 110.57600 106.79400 105.72900 105.30100 102.29100 98.64400 101.24100 97.96740 96.26160 119.46300 100.38600 101.93900 99.23260 95.99880 98.40270 101.62200 100.29500 105.83800 110.21900 112.47200 112.16800 114.97300 117.57300 113.25200 116.93900 117.45400 116.59400 110.49500 106.54600 107.05300 100.56300 98.50150 96.94730 94.35940 93.25780 96.06130 97.15130 120.46200 97.04690 100.18700 99.05400 95.18050 118.77100 119.77700 121.13800 121.72900 123.93500 124.69800
-9999 -9999 -9999 99.92600 103.09700 99.71980 96.83160 97.74590 98.45200 -9999 101.61800 123.90700 123.56700 98.35900 100.03300 101.25500 102.53000 102.99000 105.81500 107.74300 109.70400 110.59400 108.80700 106.66500 103.26000 105.25900 103.14700 103.42400 100.78500 102.36300 98.51490 97.09450 93.77010 98.45760 96.80720 74.33860 96.40850 101.72200 106.25400 108.53700 111.21700 114.38300 116.07300 115.15300 114.65600 114.33400 120.72300 111.66300 116.05800 115.56600 109.18600 105.81000 105.15100 108.90900 105.74500 110.71500 112.22000 100.74300 102.66800 98.58710 120.29300 103.80300 102.66700 107.43500 104.03700 104.28700 108.90000 114.80000 118.86100 122.40800
-9999 -9999 -9999 101.45600 101.36200 103.12700 100.82600 102.41700 99.38910 120.68900 123.85400 123.20600 104.44100 95.62350 99.51780 100.86800 102.33900 104.98600 107.35300 107.61200 107.26400 109.47900 108.26100 108.51400 106.24000 105.22200 104.75400 102.27400 103.85200 103.51300 78.64800 98.44110 99.48070 99.80910 98.06540 100.35700 101.32500 109.98600 105.66800 110.94700 113.09200 113.07800 118.03400 117.84300 113.91900 117.04100 123.76500 118.28700 113.83500 109.79700 111.18000 118.09500 118.57200 116.53700 110.25400 112.52500 108.17000 107.18800 110.19400 105.10700 105.57300 111.35800 111.71200 109.38300 114.75400 110.13000 112.25300 114.18900 121.17800 121.19600
-9999 -9999 -9999 98.21280 102.98300 100.35500 124.34200 123.50800 123.46400 123.61200 123.98300 124.04600 100.63700 95.43050 97.00770 93.69890 104.45700 102.09600 100.87900 101.38800 104.76300 106.21400 85.46860 101.49600 106.76400 105.05000 107.29900 107.23000 102.12100 106.22900 112.42200 113.50700 103.89400 101.31200 102.45000 103.56300 105.19600 106.20600 104.72900 104.78900 108.65400 112.73300 119.30200 122.17300 120.20900 121.01300 123.01100 110.62200 110.91700 124.63000 124.91900 120.26700 119.72800 117.07800 112.94400 112.49900 109.47700 109.76400 112.47800 111.88000 105.18400 106.28700 112.31100 117.09300 117.87000 118.04300 118.26100 119.44300 113.55800 121.17000
-9999 -9999 -9999 103.98400 101.37400 105.39200 123.42600 125.18000 122.41300 121.23600 122.61000 96.81290 93.75820 96.55190 96.06860 95.00910 100.35400 114.87000 114.09300 103.73600 104.88900 101.46500 109.55600 118.41600 110.02200 105.36400 104.85800 103.97300 113.60900 111.79500 108.28700 100.39700 104.03700 111.92500 115.39900 110.68000 107.15400 104.65300 110.00400 110.23200 111.51400 114.00800 116.11800 118.62300 119.81700 124.72200 125.35400 120.94600 125.57000 124.23000 124.79100 122.08500 119.29200 112.12100 116.15700 107.00100 105.26900 106.15400 108.42700 106.91400 105.18000 111.67300 112.01700 118.76300 117.34200 115.01400 123.42300 124.63500 127.45200 128.33800
-9999 -9999 -9999 99.56870 100.60400 105.58400 124.55400 124.48800 123.65400 122.79800 123.11200 120.12100 94.87900 98.86450 113.62300 112.80200 108.40200 105.09200 101.70600 102.08000 104.28700 109.57900 122.15300 106.11300 102.60600 103.91900 104.74900 103.91200 106.64400 111.60200 108.73700 108.22100 109.68800 110.13300 112.52700 112.81600 113.31800 110.42300 111.11200 114.39300 119.81900 122.35400 123.08000 123.53400 124.29300 124.55400 124.53200 122.64900 116.92800 125.22800 121.84900 114.30900 110.11500 113.17700 112.42100 110.70900 107.29200 105.82300 110.37700 122.21900 119.98500 118.90700 122.37600 119.24700 115.33100 114.39900 121.20300 119.71300 127.82000 128.35201
-9999 -9999 -9999 -9999 124.72400 125.31700 125.49700 126.00200 123.78300 122.19000 123.88600 103.10900 104.94600 98.87470 -9999 -9999 -9999 -9999 -9999 113.20800 122.08000 116.80100 119.69100 115.49000 111.11100 108.24900 104.85300 106.98400 112.30600 109.18100 108.95000 106.84700 109.45700 107.70500 105.85400 104.30900 108.49200 104.45300 110.97600 112.02800 111.66400 117.80900 122.18600 124.39200 125.25000 124.83300 124.63700 125.85900 125.40600 123.63000 123.40500 124.49200 122.65700 124.55300 124.81700 124.80000 124.29500 123.66100 112.20600 116.77700 125.58900 126.79300 124.33500 126.61900 126.61100 123.88900 127.52200 127.11400 130.82401 -9999
-9999 -9999 110.09200 125.43400 126.63900 125.47200 125.17400 125.96200 124.00700 123.41700 124.41500 102.70800 107.45400 -9999 -9999 -9999 -9999 -9999 123.48500 118.72400 120.87700 107.34700 107.59500 115.60900 119.80000 119.58400 112.53100 109.62100 111.21700 111.58900 105.19500 106.61200 108.24200 110.86500 111.23900 109.89600 109.86900 106.23900 108.97800 108.37400 113.15400 118.34900 121.23500 120.68100 120.87600 121.75100 122.72800 122.55000 119.74000 120.65600 120.79300 122.65900 125.99200 126.97700 123.71000 121.03400 121.98400 116.72500 114.72500 117.43700 118.61500 119.31300 123.17900 124.58800 124.96200 125.40500 126.95600 -9999 -9999 -9999
-9999 -9999 127.49700 127.19200 125.52000 125.40000 125.48300 126.61000 124.39000 124.82800 109.19200 108.90400 100.36400 -9999 -9999 -9999 -9999 104.89700 116.30900 106.53200 104.74400 103.58100 106.77600 115.07900 113.14000 105.21200 104.52200 106.26000 110.20300 111.00800 107.83900 111.60200 109.49400 110.75700 112.87000 109.62900 108.21700 104.11400 109.66200 119.40600 121.18500 123.34700 123.06500 121.62800 114.75400 109.00000 110.65900 110.69100 112.28800 115.81800 121.07700 124.61900 125.67300 124.10600 124.69700 114.20900 116.32600 120.05400 124.22900 124.72200 123.43600 123.47600 124.09400 124.45400 122.84700 -9999 -9999 -9999 -9999 -9999
-9999 -9999 130.29900 128.47400 127.00300 126.77900 126.80300 125.53400 124.92100 124.70200 107.10100 102.85800 88.33550 -9999 -9999 -9999 -9999 112.38700 109.92600 106.14700 102.63400 104.59900 109.91200 107.57700 109.85100 108.02400 106.28100 108.36800 110.02400 107.11500 108.33200 109.05800 111.15300 112.18100 111.29300 113.08000 115.59100 116.04500 116.75100 115.98700 121.06100 119.52100 121.00800 124.60900 120.61500 112.86700 110.91500 107.18200 103.98000 104.47100 109.05100 109.65000 114.73900 113.41100 118.49100 114.55100 116.00500 121.55800 125.48900 126.34900 124.44000 122.91200 124.25500 112.88700 112.17600 123.58700 124.63400 125.31500 124.95500 -9999
-9999 -9999 -9999 131.03101 128.05800 128.68900 125.35200 122.60900 109.87700 110.58200 99.67760 91.50900 -9999 -9999 -9999 -9999 105.37700 107.77100 103.81800 102.78600 104.91200 105.28000 107.39800 107.07000 107.60300 107.18900 108.45800 108.26800 110.54900 115.39000 112.85100 111.80000 110.50800 106.39600 102.45800 102.02700 105.76100 110.35600 112.27900 112.16200 117.34600 115.51200 132.12601 129.46300 127.97400 128.71800 123.17500 120.08200 116.59500 110.37000 119.37900 124.64800 123.13300 124.17400 125.72800 125.05500 127.04300 123.94900 127.45900 127.38000 126.47400 124.96500 125.45300 119.72800 110.26500 120.55200 127.64000 126.18600 121.80000 124.88900
-9999 -9999 -9999 -9999 130.99001 130.09801 124.64200 112.52900 113.91900 99.19240 95.09370 -9999 -9999 -9999 -9999 108.68900 102.97300 100.32900 125.24200 99.35730 97.70010 98.22040 101.51200 103.50700 107.42300 102.56000 98.14860 102.53700 100.70800 104.45000 105.37800 101.71400 99.48440 99.86470 104.48700 113.30600 115.27800 115.30300 115.03700 112.77900 114.18000 115.55100 118.53000 121.10700 122.85100 131.38600 135.29100 130.70500 126.98500 121.02600 117.50700 122.51300 125.00300 123.92500 124.95500 122.88600 124.83900 126.79800 129.67999 126.78000 127.03400 120.61800 116.73500 114.49600 112.64300 125.68100 123.77700 122.00700 121.52800 123.83800
-9999 -9999 -9999 -9999 -9999 -9999 118.50000 129.96600 89.23770 104.79100 98.78150 -9999 -9999 -9999 -9999 -9999 98.52430 97.46750 98.25240 97.40430 99.16850 91.86710 99.82400 104.66700 98.87200 96.70940 104.98100 144.59000 144.48100 135.49600 103.73600 99.68230 102.14700 102.26700 103.51400 101.27300 112.16800 114.73000 112.77200 116.37100 116.44100 121.29800 122.36800 118.60300 130.64799 129.26601 128.81300 132.78500 131.59700 127.85700 134.34801 131.76801 124.64000 130.72000 126.82000 126.48900 123.83100 124.73800 125.07100 110.58000 108.75600 111.44400 115.87400 110.81300 108.66000 114.60900 123.24800 120.39200 118.42700 119.68200
-9999 -9999 -9999 -9999 -9999 -9999 -9999 -9999 -9999 -9999 -9999 -9999 -9999 -9999 -9999 -9999 -9999 -9999 -9999 97.05020 99.53860 92.01070 96.93810 96.93270 101.97000 102.26600 120.06800 117.73800 116.76900 98.01940 103.22500 102.84700 110.10600 109.34000 104.90700 105.77800 113.43000 118.01700 117.80000 121.03400 123.02100 123.94100 123.49900 123.99500 123.06300 120.88100 115.70800 129.42000 130.22400 137.46899 141.05800 132.09801 132.29800 132.37000 123.59300 120.89900 106.46200 109.70600 106.71200 106.64900 117.01500 122.21800 106.66900 106.35600 104.41800 116.16900 119.44700 116.39900 117.62400 124.62200
-9999 -9999 -9999 -9999 -9999 -9999 -9999 -9999 -9999 -9999 -9999 -9999 -9999 -9999 -9999 -9999 -9999 -9999 98.21670 99.89320 96.67860 92.32860 93.88030 93.51650 94.62050 94.94030 119.74800 120.69100 95.89990 94.53620 97.26130 99.66990 100.24100 102.83800 108.34900 128.99500 117.22600 117.86500 119.57700 121.88000 123.36700 122.99800 123.17500 124.31000 123.04000 128.75000 120.27400 479.57300 616.81299 649.46301 656.45203 134.16901 135.12000 138.75700 135.55400 129.64400 110.01900 108.57800 119.38300 110.24600 124.09700 128.38200 111.64000 110.41800 123.68400 116.35500 109.16200 118.26200 128.12100 122.60600
-9999 -9999 -9999 -9999 -9999 -9999 -9999 -9999 -9999 -9999 -9999 -9999 -9999 -9999 -9999 -9999 -9999 99.48060 101.66200 93.92820 94.56210 93.31690 92.45990 91.94240 88.79340 89.19380 122.29600 115.89300 121.48700 123.10500 124.21900 123.46700 105.93700 120.40900 129.84300 132.13100 130.32401 119.61500 119.52500 121.77300 120.77100 127.77100 122.10000 128.27299 118.59300 116.15300 129.10699 630.75403 620.41498 634.18597 638.60602 138.19099 135.61600 141.70100 138.35100 143.41701 109.94900 107.18900 107.34500 106.96500 114.16000 123.05700 114.27000 116.78700 103.80100 106.49100 110.06000 107.07800 129.80499 133.05400
-9999 -9999 -9999 -9999 -9999 -9999 -9999 -9999 -9999 -9999 -9999 -9999 -9999 -9999 -9999 -9999 -9999 103.18600 99.17050 98.19240 99.33280 121.62100 117.75600 84.69490 81.11270 83.75710 82.69190 83.58010 83.78190 116.82100 124.26100 124.78000 125.28800 123.97600 130.48300 135.07600 135.90300 113.21100 116.83600 119.35800 117.42500 115.32100 126.46100 112.23600 125.62100 127.56800 124.97000 483.21701 480.17001 621.83600 642.50500 135.92999 136.57600 137.14600 133.89200 144.98900 121.42000 113.73400 108.81500 113.04200 108.10300 107.30700 107.31000 105.60900 106.33200 108.37000 109.75400 117.18500 132.80800 143.96600
-9999 -9999 -9999 -9999 -9999 -9999 -9999 -9999 -9999 -9999 -9999 -9999 -9999 -9999 -9999 -9999 111.39800 110.21000 100.90200 101.36800 119.51200 86.99060 84.54140 81.04820 77.29560 78.83020 79.73830 80.40120 80.10600 81.12730 82.89540 81.46680 113.15300 122.36200 126.58600 130.28000 127.16300 128.14000 114.11200 113.30900 108.92700 113.51200 128.25500 124.58700 107.55100 124.61100 124.43800 493.11600 482.25000 615.25897 633.86401 135.91800 137.74500 136.50900 133.19200 144.63600 145.32201 125.18900 125.83900 111.87300 110.14100 113.35100 116.23700 127.42600 131.35100 133.44200 129.61099 130.44299 131.38699 140.32899
-9999 -9999 -9999 -9999 -9999 -9999 -9999 -9999 -9999 -9999 -9999 -9999 -9999 100.56600 100.07900 102.78200 101.30000 106.35100 121.65100 117.04200 86.99020 87.39180 83.16880 81.30950 81.05510 77.22030 76.86890 369.27802 368.45700 367.69000 554.78003 561.96899 375.40601 376.45200 569.56702 578.25201 594.99902 591.29700 471.83301 469.46799 462.27600 610.64801 602.04102 428.23700 604.58002 611.99103 621.21002 628.70398 639.01398 643.12701 644.02100 641.58002 635.41803 633.06097 648.20398 662.86298 665.72198 650.53998 584.29797 592.56500 612.12598 690.85602 706.08099 715.97900 695.48199 694.58197 682.43701 131.76401 129.84801 140.21899
-9999 -9999 -9999 -9999 -9999 -9999 -9999 -9999 -9999 -9999 -9999 -9999 96.31340 98.93370 123.45300 122.47900 120.62500 93.06750 89.32060 82.16650 82.69950 81.96590 79.90900 80.27150 78.40950 74.24400 73.34380 363.07700 544.31897 549.33899 541.41199 549.80499 558.60101 546.59003 566.98297 570.08002 400.47000 420.37799 462.34601 454.80399 447.85901 439.59698 603.26398 599.26898 604.34802 613.39203 621.20001 624.64099 638.48297 646.55798 641.82501 492.16901 640.10303 497.25000 627.58099 635.06097 660.66901 619.14899 611.94897 682.58301 687.26801 694.50800 698.22900 700.65698 703.12701 713.46399 717.97198 129.70300 132.95100 128.54601
-9999 -9999 -9999 -9999 -9999 -9999 -9999 -9999 -9999 -9999 -9999 122.57400 97.98250 119.21200 91.28450 84.18950 82.31240 83.40600 83.87130 80.70610 79.95100 76.50960 76.31650 75.82530 75.62110 73.98940 114.74900 536.76801 545.28198 548.73602 542.15698 366.30301 371.56400 376.97699 373.55099 572.72101 427.00201 447.08200 455.64301 441.65500 429.07300 599.88501 591.18701 594.08502 601.58197 603.43500 610.15802 617.46301 623.16699 634.69897 655.48602 544.59198 524.01898 647.74200 548.00000 523.97198 649.02002 560.54901 570.34399 651.44897 675.45898 662.98798 661.31097 665.62598 689.80499 697.50598 695.28302 134.95799 128.48900 116.67700
-9999 -9999 -9999 -9999 -9999 -9999 -9999 -9999 -9999 -9999 91.23990 91.71480 84.29950 86.86150 82.43680 78.05780 76.26990 76.59970 76.98020 75.81430 74.83890 73.94150 74.34920 74.30260 73.39550 73.00540 72.38740 546.07098 541.73700 350.21201 350.62399 364.91699 366.16699 560.62799 565.62903 569.97803 436.26199 450.06100 464.90100 435.23300 597.31299 584.11603 579.59998 589.12500 593.50000 603.25098 602.78998 613.26099 617.58801 632.98798 648.34802 555.25702 652.04199 553.33801 546.57703 532.01001 653.67200 668.39203 646.69598 649.74298 653.69397 656.52502 658.98700 670.55402 683.77698 691.15698 740.47101 135.12100 123.40500 110.04900
-9999 -9999 -9999 -9999 -9999 -9999 -9999 -9999 -9999 152.46001 150.36600 149.51100 151.13400 151.69299 149.39000 148.28999 146.67900 144.21700 142.10001 141.65199 142.26500 143.96600 145.89999 145.13300 143.53999 143.93300 143.05200 143.79601 143.38600 143.58400 143.74500 353.41101 366.21600 377.46899 573.82898 589.17297 471.76401 461.83301 442.77499 589.25598 579.27100 571.32098 575.57202 735.23798 580.15503 754.16498 596.40002 609.37000 621.49200 629.13599 649.94098 657.86200 556.43402 671.64099 610.38098 651.76501 643.62500 634.85101 635.42902 645.87500 650.40100 664.15503 657.72400 677.23199 667.62299 674.56097 695.27600 253.86099 220.27499 213.57500
-9999 -9999 -9999 -9999 -9999 -9999 -9999 -9999 -9999 -9999 145.66000 142.99800 143.24600 142.28000 140.62399 142.30099 142.65601 141.36900 140.58701 141.02800 141.69501 141.86900 142.80099 -9999 -9999 -9999 -9999 -9999 -9999 148.38100 150.70700 363.28900 364.89499 374.81900 384.22101 588.63300 608.02197 433.53900 422.87399 574.90302 577.18701 577.66998 582.45801 742.11603 734.56500 746.17102 751.34497 601.27399 622.72601 630.36401 637.34399 506.63501 549.05298 596.02698 679.53302 641.73798 630.98499 634.48700 634.88898 639.50897 655.87299 643.92401 559.17401 666.02301 697.95001 696.27802 680.44000 239.02600 228.92101 236.08900
-9999 -9999 -9999 -9999 -9999 -9999 -9999 -9999 -9999 -9999 -9999 -9999 140.79300 140.00600 140.18300 139.06500 139.07401 139.77200 140.12199 -9999 -9999 -9999 -9999 -9999 -9999 -9999 -9999 -9999 -9999 -9999 -9999 -9999 -9999 374.57501 554.05200 574.59100 597.42700 577.58099 400.74100 394.93701 578.60400 576.73798 579.19501 578.76202 584.01001 739.46600 753.62000 596.10101 608.84003 616.46100 630.92700 657.59100 664.03198 658.10400 658.28302 633.77301 638.09601 615.13702 466.72198 636.36298 654.77399 648.38202 665.46997 669.90302 685.24200 683.90698 623.32001 214.35899 221.28700 236.57899
-9999 -9999 -9999 -9999 -9999 -9999 -9999 -9999 -9999 -9999 -9999 -9999 -9999 -9999 -9999 -9999 -9999 -9999 -9999 -9999 -9999 -9999 -9999 -9999 -9999 -9999 -9999 -9999 -9999 -9999 -9999 -9999 -9999 -9999 565.93799 571.00598 569.40997 573.09802 385.24600 570.57599 568.06702 574.12299 726.68103 584.36499 748.36298 746.70300 618.01703 588.43201 606.97400 611.69800 623.22699 651.08899 662.07098 652.74799 646.40302 630.06299 615.75702 643.70898 622.15997 626.81799 641.92798 660.99701 653.41101 671.70697 677.33002 657.98798 657.79498 224.45399 233.32800 252.43900
