data/hydroclimate-scenarios/1948-2000.Pcorr55N_Pref_Tref/monthly_summaries/soilm2_monthly_day1_oct.1950-2000.asc
ncols	311
nrows	91
xllcenter	102.75
yllcenter	31.75
cellsize	0.5
NODATA_value	-9999
[rows 31 to 61 of 91, columns 0 to 69 of 311]
-9999 -9999 -9999 -9999 -9999 -9999 -9999 -9999 -9999 -9999 -9999 78.38130 84.69840 85.40910 87.22010 91.38670 84.71140 86.87380 90.08250 89.09470 88.78390 95.34250 92.96210 92.55120 91.23090 88.32220 89.68010 88.55550 86.43070 87.29720 86.29620 83.48100 83.31410 82.41270 84.04980 83.73960 82.71080 86.37010 88.02630 87.28100 87.31340 86.79150 117.31400 117.93800 118.11100 118.61100 118.18000 110.42900 93.72230 93.48720 95.72290 96.05220 94.77430 94.24610 93.46340 112.09500 112.92200 112.50700 113.89200 112.33800 111.15400 113.17200 112.83700 111.82200 112.33700 119.18400 113.85500 116.92100 120.99900 129.41800
-9999 -9999 -9999 -9999 -9999 -9999 -9999 -9999 -9999 -9999 -9999 80.23670 81.88210 87.97510 84.51970 88.00600 87.27810 92.20650 90.13350 89.77790 96.70580 93.91610 92.32560 92.98370 118.70600 118.17000 118.57500 121.30900 120.33900 86.63660 87.15580 84.93590 85.93930 86.57450 87.66050 84.66660 85.41050 86.36920 99.20780 99.47560 98.88950 98.14370 100.07900 99.61080 99.45830 99.72730 98.73130 99.20890 98.84930 98.47630 97.40280 97.15650 96.18320 115.12400 114.94100 114.05000 114.46600 113.99600 112.32800 94.72800 95.54280 95.44210 111.51300 115.82900 116.83300 111.36500 114.19000 117.52700 120.01600 125.15400
-9999 -9999 -9999 -9999 -9999 -9999 -9999 -9999 -9999 -9999 -9999 84.02740 85.65470 84.41650 85.27300 87.16740 87.20220 92.70640 92.79550 95.94710 96.63920 95.47180 120.76200 120.64500 121.78400 92.40410 92.01380 91.93120 86.70030 115.06600 116.82500 86.52740 88.08120 83.97360 100.51500 95.66440 115.06100 100.78900 115.65000 118.92500 100.98600 119.22000 103.24500 104.10400 106.53400 105.94300 105.50500 103.61600 101.95100 100.11600 98.77390 96.98350 95.84530 112.52100 93.74240 96.59210 97.04540 96.08720 96.96810 97.60240 97.14530 118.11200 115.91900 94.15680 118.32000 114.16700 115.88500 118.21500 119.40300 123.69300
-9999 -9999 -9999 -9999 -9999 -9999 -9999 -9999 -9999 -9999 -9999 -9999 86.17850 85.96670 85.14530 86.62510 87.38740 92.93870 92.96030 93.67270 120.46300 91.08000 95.14050 93.64330 93.50850 97.65950 94.45140 92.66350 85.42690 83.75620 116.57100 116.68300 117.05100 117.60600 117.87900 117.92900 118.60600 101.78100 115.81200 117.60600 118.30600 120.21400 120.97700 103.61700 105.07200 108.48200 105.60000 103.79700 102.11200 100.86800 97.58000 98.18930 97.96190 95.82740 95.08600 95.05800 95.16750 110.87500 117.66700 118.29700 117.14900 112.03400 112.85100 113.23200 113.19100 120.67900 116.31600 119.92400 125.56100 128.78999
-9999 -9999 -9999 -9999 -9999 -9999 -9999 -9999 -9999 -9999 -9999 -9999 86.72590 84.94960 86.82390 86.63850 86.39760 118.48500 119.39500 90.23140 91.90500 99.63570 98.36810 96.29960 99.41540 92.45560 87.43270 95.78670 87.46620 88.32550 88.57890 118.79600 118.42200 116.52700 119.56300 87.45150 86.45800 87.23050 87.33460 91.89360 121.38900 99.72710 99.13360 110.92200 99.67240 101.91100 101.23800 98.03870 93.07160 96.70000 93.13020 87.19660 84.77510 97.42990 96.49540 112.56600 119.78300 111.74200 80.93450 116.57900 114.59100 85.60380 85.59970 101.50300 117.45300 115.79200 118.64400 120.78400 125.16300 128.19299
-9999 -9999 -9999 -9999 -9999 -9999 -9999 -9999 -9999 -9999 -9999 -9999 86.09660 84.29060 118.26200 117.46200 118.78400 87.80770 91.84990 94.20420 95.50330 101.74800 99.44580 97.99080 97.18040 97.61950 93.08240 88.66170 91.46790 89.24480 87.32440 115.97600 88.51810 90.93990 87.19610 84.03610 87.36180 89.26840 87.55850 93.80180 101.77600 107.25000 105.25100 107.02600 110.73000 113.17700 113.18400 113.87800 111.04700 101.14900 95.79660 95.66280 88.88290 89.16090 88.92290 86.00350 84.99940 85.75510 86.55630 119.43500 87.99860 91.85030 90.89670 86.31210 117.07800 118.26900 120.48000 122.97500 129.67000 131.07300
-9999 -9999 -9999 84.79850 86.82500 85.63990 82.75350 82.62830 83.64750 -9999 85.90550 118.92200 118.16300 82.69830 83.85620 84.80870 87.17470 88.81960 93.30950 95.56690 96.15430 97.56490 97.30180 96.49610 95.09870 95.43100 92.04540 93.51370 92.32510 96.99180 89.05370 86.44670 84.18270 93.45800 88.48670 64.65020 87.51900 90.48560 94.24980 96.47960 100.48400 107.39300 109.26300 110.27700 112.96200 114.78100 123.98900 112.26700 111.01700 110.29900 107.51500 106.65700 105.09000 108.52500 103.10000 107.81400 109.78100 92.45620 97.30020 91.01390 119.27300 95.85400 96.40850 99.95510 96.23020 96.40100 102.03300 112.13200 119.61800 126.25000
-9999 -9999 -9999 85.04030 84.56990 86.57200 85.54190 86.47110 83.80850 114.32600 117.48200 116.46700 87.22870 81.80060 86.35880 87.22380 92.04160 91.75600 94.50960 94.98390 94.16770 98.83510 96.22130 96.77130 98.30760 97.32080 96.41490 94.11180 96.18610 101.30200 71.18550 90.99430 90.51630 93.02920 92.11480 95.45570 93.06770 103.65500 95.24430 106.41500 107.26100 104.38700 110.89300 116.08500 114.83400 121.27800 128.32600 117.76600 119.13400 116.76700 117.88800 118.42800 119.28900 117.78000 107.30200 111.21800 103.40300 100.32200 105.06400 100.66800 100.50500 105.67800 107.14300 105.52900 109.88800 103.73200 107.33300 109.68600 122.30600 128.75301
-9999 -9999 -9999 82.14130 85.39400 85.20460 119.63700 118.31300 117.43600 116.85300 117.71300 118.05600 86.17940 84.85020 87.31670 82.35860 93.78340 92.81470 89.11780 89.67170 93.36320 98.63660 76.78570 98.60290 102.92400 98.86600 98.58790 99.79950 96.60980 105.74200 115.29400 110.75200 98.46640 96.16160 99.28290 99.28760 97.17020 96.92740 97.57660 103.38800 107.25400 108.45700 114.57700 120.54300 115.98400 119.49800 123.77200 119.94500 119.61500 131.17700 133.44200 120.75500 120.80000 118.03300 111.35600 110.09500 104.27400 101.96400 107.31300 108.02600 103.12100 103.42500 104.48900 112.84100 113.83900 116.09900 118.03200 123.12300 126.89700 136.92900
-9999 -9999 -9999 85.49530 82.14700 87.94760 116.22900 119.23200 116.23700 115.67900 116.73000 82.31740 83.47890 86.09450 85.11720 84.68950 91.27250 106.81400 104.46100 94.04030 99.42540 100.61400 112.98700 119.62600 107.68500 103.07400 97.96730 95.61010 111.81700 117.18500 111.83200 93.97820 101.95700 114.22900 115.99100 111.92800 103.28800 96.85160 103.85000 101.45300 104.95000 117.42700 124.26800 124.54900 118.87900 129.57800 133.44701 124.45300 132.01100 128.61600 132.60699 125.40000 122.10600 119.45000 118.24900 109.60500 106.13900 106.89500 110.12800 110.77100 111.30500 113.96500 111.55300 115.57600 118.64700 119.79800 128.59399 133.11800 142.75500 146.57600
-9999 -9999 -9999 82.43530 81.54460 88.52870 118.32100 118.19100 118.49600 117.19300 116.19900 114.98600 84.85950 90.07120 106.21400 104.58600 102.26100 99.02460 92.29650 92.65930 99.08550 105.22400 124.37300 102.45200 99.87280 98.70340 94.12130 94.19740 103.22100 112.37300 111.12400 107.87500 110.33000 108.06700 107.08400 108.05000 108.22300 101.83300 101.85000 106.15900 115.62700 122.91800 126.93000 127.59300 127.82100 129.78500 130.47301 127.45900 125.31600 132.14200 129.79700 118.31200 116.37800 122.37500 115.46200 117.03000 109.81200 107.12700 112.41300 127.53300 126.04500 122.95200 124.87200 128.27901 125.89100 121.43000 130.03400 133.87300 143.86501 143.30499
-9999 -9999 -9999 -9999 119.82200 121.49800 120.88700 123.22000 119.79700 117.63600 118.28400 88.14570 97.66680 89.50830 -9999 -9999 -9999 -9999 -9999 112.49100 123.76800 115.97700 122.40300 119.53300 111.18700 103.80100 96.93300 98.18040 104.87400 101.96200 104.03900 105.38000 107.53700 101.80200 97.57730 93.84260 99.74270 95.34950 100.90700 104.41500 102.78700 112.34200 123.23800 130.44800 131.37900 129.82500 130.97000 137.24001 133.77600 131.09700 128.16901 129.69200 123.88800 130.76700 130.15900 132.08501 132.63400 130.89000 121.30900 123.95400 133.79500 137.60300 135.88400 136.19000 136.27499 136.03700 137.79700 133.80099 130.31100 -9999
-9999 -9999 93.77350 121.36200 122.56100 120.99800 120.92100 124.86700 119.67200 119.46400 119.03700 88.67720 99.66440 -9999 -9999 -9999 -9999 -9999 129.24500 117.35200 121.34300 102.25800 101.22300 111.84500 119.08400 117.76200 103.69800 99.58700 101.78900 102.35200 101.39400 100.52100 101.38500 104.06500 103.47100 99.75040 100.31100 95.54480 99.81620 99.67100 105.61400 112.97300 120.17600 121.11500 119.68800 120.65100 123.92300 124.82800 121.49000 119.73600 119.84000 124.28600 134.76601 128.80701 129.49300 119.99100 124.48700 125.22100 124.69400 121.03800 123.97200 125.10800 129.81900 135.01900 135.07700 134.60899 132.76401 -9999 -9999 -9999
-9999 -9999 124.07300 123.87900 120.97300 121.28600 120.91500 125.05400 120.62400 120.51500 93.61360 95.26440 88.93950 -9999 -9999 -9999 -9999 95.58680 114.00000 99.37510 101.03300 98.36890 101.29200 109.54400 105.40800 94.96290 96.97990 96.15240 99.37010 100.12000 97.51110 103.11600 100.58900 102.12800 104.96700 100.64900 98.60950 94.48590 101.61000 114.43700 117.03800 123.37500 126.92700 122.94500 123.43200 118.03300 118.28500 118.84800 114.84800 116.11600 125.03700 125.75400 126.00200 124.12700 122.93800 107.77400 114.81700 124.74600 130.86099 127.37800 127.22900 133.59000 131.91701 129.28000 126.56500 -9999 -9999 -9999 -9999 -9999
-9999 -9999 125.31900 128.21899 125.49800 125.12800 123.23200 121.17100 121.58800 121.74300 94.99010 92.43350 78.86290 -9999 -9999 -9999 -9999 108.14400 104.14100 100.90100 100.47800 100.50900 102.41100 98.55710 100.67500 98.35290 97.29430 97.73880 99.17750 98.83460 100.13600 99.14490 102.03600 104.14700 103.58300 105.89800 108.89800 108.51100 110.45000 108.08100 116.72900 113.78700 117.68000 127.70500 126.19500 122.98900 121.65700 119.07500 114.80000 113.40400 112.13800 111.89800 112.16600 114.40400 121.44400 110.01600 108.66000 123.03100 126.63600 126.34800 121.20700 122.86500 122.38100 119.02900 121.94400 133.61501 129.05400 129.12700 123.82400 -9999
-9999 -9999 -9999 129.46800 126.96900 124.62900 119.89600 117.75600 96.14100 98.80850 88.16300 82.69710 -9999 -9999 -9999 -9999 100.03700 102.63000 97.19480 97.51870 99.87230 97.58510 99.53590 99.12230 99.63820 98.92690 100.87600 101.13900 102.31300 107.66100 104.47800 102.17100 101.82700 102.35700 102.52600 102.34900 101.01600 102.42300 101.99100 101.16000 108.31400 106.69900 138.89900 139.81700 138.03900 140.09599 126.31900 118.33500 117.11600 114.17700 121.90100 126.91900 125.90400 130.20000 135.11301 132.76401 134.55200 133.08099 135.29201 132.55901 129.66000 128.01601 134.98000 136.67700 128.80600 131.34000 131.31799 125.89600 119.14200 129.29401
-9999 -9999 -9999 -9999 127.20400 122.29900 118.83100 99.50550 102.58200 86.26820 84.02780 -9999 -9999 -9999 -9999 101.06700 97.95270 94.02440 121.64000 96.03960 94.26650 94.95730 97.46430 100.62000 101.14800 98.88050 98.67510 101.28200 101.74100 102.04700 102.99000 98.74940 97.63410 98.78830 105.31200 107.19800 108.28000 107.97100 106.36400 101.45900 103.65600 105.93200 110.62000 115.27700 118.07700 137.44299 138.50700 135.62601 132.03300 119.43200 112.28200 116.23800 122.19600 125.71900 124.77300 122.24600 128.00500 135.91100 140.38699 131.35899 136.58200 134.45000 130.85400 127.87800 128.71300 136.27699 127.04500 120.32700 120.13800 117.65100
-9999 -9999 -9999 -9999 -9999 -9999 106.35100 127.16900 81.22190 92.87220 89.86500 -9999 -9999 -9999 -9999 -9999 93.15020 93.13770 92.90780 96.24620 96.84810 88.02470 95.47090 100.20400 98.71250 96.08400 99.06470 142.42599 141.50700 137.78000 100.89900 98.41880 96.81340 102.11500 102.07900 102.50900 107.10600 108.48600 103.12900 107.13500 107.77700 115.60600 117.64100 111.41400 135.49699 134.35400 133.32700 136.66400 136.07800 133.16000 136.64999 136.15100 129.66299 134.65700 133.77600 132.07401 126.52400 132.65800 136.33900 122.68900 121.49800 126.25600 131.77299 128.65601 126.38100 129.32100 126.94100 113.40900 109.30700 112.78800
-9999 -9999 -9999 -9999 -9999 -9999 -9999 -9999 -9999 -9999 -9999 -9999 -9999 -9999 -9999 -9999 -9999 -9999 -9999 95.22750 95.83200 85.82120 94.46290 96.28710 98.95490 98.10000 122.11600 116.57800 114.75100 91.39840 98.88700 95.98050 99.57540 101.34600 102.60500 104.06600 105.35100 110.01200 108.79800 114.60000 118.44100 120.75100 119.56500 120.23800 118.88400 116.59000 108.61800 133.99100 133.71500 135.81200 137.30800 135.43700 139.67101 139.46700 121.59800 120.15100 113.19100 115.62200 115.98300 118.21100 132.37399 137.95799 123.87200 124.93700 122.51200 127.34100 121.59000 110.53900 108.85000 120.97300
-9999 -9999 -9999 -9999 -9999 -9999 -9999 -9999 -9999 -9999 -9999 -9999 -9999 -9999 -9999 -9999 -9999 -9999 96.71550 95.37270 92.64250 90.11600 92.56280 93.06580 90.71430 88.92450 117.16700 117.33200 90.18200 92.08570 94.00970 97.61730 100.08600 101.47800 103.09100 128.07899 110.14900 109.35200 112.46000 115.63600 118.62000 119.55200 120.74600 121.40800 121.15200 135.39700 114.12000 458.34900 604.80402 634.52502 640.71100 137.01300 136.35500 139.71001 141.66299 139.70100 117.45800 118.12200 131.04601 121.97700 134.51100 138.07300 127.07800 127.11000 141.01401 127.09700 114.55900 113.81400 132.27000 113.97700
-9999 -9999 -9999 -9999 -9999 -9999 -9999 -9999 -9999 -9999 -9999 -9999 -9999 -9999 -9999 -9999 -9999 97.95060 98.17660 91.16250 92.91290 91.68710 89.65670 87.70090 82.96190 81.65820 117.75700 112.18600 117.81200 118.80200 120.74600 120.17500 100.38700 120.57600 124.82500 132.19701 133.97301 113.41300 112.37800 116.93400 117.91600 132.86900 120.13300 133.11700 111.97000 109.37300 133.13100 620.64203 604.52802 619.80499 625.27301 138.29401 132.34900 138.67500 140.28400 145.00800 118.18800 118.42800 120.54400 119.91900 123.71600 135.05400 132.17599 135.90100 118.23300 118.08600 118.64700 109.32600 132.97400 136.09300
-9999 -9999 -9999 -9999 -9999 -9999 -9999 -9999 -9999 -9999 -9999 -9999 -9999 -9999 -9999 -9999 -9999 99.61620 97.05520 98.34580 96.60170 120.61600 116.75100 80.10740 76.20050 78.98350 77.65490 77.81880 77.67710 113.66500 118.58200 118.42400 119.69000 119.19200 125.39400 132.45100 136.37399 106.36500 113.01300 116.52100 113.70900 110.15500 130.44800 103.50200 127.10300 127.44900 126.34700 462.94800 459.89401 604.99402 627.72302 134.22400 136.49500 139.78799 139.77499 147.15800 134.92400 124.62300 119.48800 122.23700 120.31900 123.13100 122.84200 120.87600 122.74300 122.16900 119.29300 125.45300 135.58200 139.80099
-9999 -9999 -9999 -9999 -9999 -9999 -9999 -9999 -9999 -9999 -9999 -9999 -9999 -9999 -9999 -9999 103.69800 103.86300 100.24600 97.87320 118.07500 82.45280 80.33940 77.72750 74.87950 75.98730 76.08600 75.86370 75.90860 76.44560 77.18320 76.18870 110.87400 116.43500 119.47500 125.25400 125.63300 128.44600 109.17700 108.97600 103.18500 107.36200 132.60001 125.54300 98.36380 124.36000 126.20300 472.65100 462.62201 600.34198 617.15002 134.48000 137.29800 137.87900 137.03500 146.02499 148.57401 137.62801 134.57500 120.81600 119.11900 126.13900 130.16100 144.99600 145.95000 149.34500 142.43201 142.12700 138.57001 140.16299
-9999 -9999 -9999 -9999 -9999 -9999 -9999 -9999 -9999 -9999 -9999 -9999 -9999 98.23410 98.14640 97.03950 97.38260 102.56600 122.02200 114.84000 81.95550 83.40740 79.55700 78.95180 78.20760 74.89680 74.97450 366.78000 366.12500 365.02600 548.69098 554.88501 368.22601 370.53799 560.53400 566.43500 582.94598 580.10797 456.42499 453.14600 446.33401 601.52301 592.55499 413.79199 592.50403 597.18103 607.38898 613.99597 623.64001 628.76703 627.50800 622.27100 613.24902 609.60699 629.04498 660.56000 661.67499 651.13098 574.44702 586.20697 604.08099 701.00897 714.34698 744.36499 720.25702 702.85901 687.82300 140.50400 140.51700 146.31799
-9999 -9999 -9999 -9999 -9999 -9999 -9999 -9999 -9999 -9999 -9999 -9999 91.59050 95.03780 121.52200 120.04700 119.72000 86.79890 84.41030 78.66420 78.96460 77.34360 75.70860 77.06250 75.96040 72.75920 72.14450 362.30899 542.03699 545.30499 538.76398 545.95001 552.26801 543.73297 559.44202 557.68597 387.08499 406.78799 448.24301 439.55200 434.08301 425.07401 592.81897 587.84601 589.49402 598.18597 604.24402 608.89099 622.16901 628.33600 623.27002 468.00800 621.56702 471.41199 611.45599 619.89001 653.13702 602.81201 602.83197 690.23401 692.26300 704.48199 710.99103 722.82300 728.33801 715.65302 723.56897 141.42599 146.20599 137.91499
-9999 -9999 -9999 -9999 -9999 -9999 -9999 -9999 -9999 -9999 -9999 122.51400 89.60680 118.13300 84.18450 79.52700 78.60190 78.35010 78.88450 77.12930 75.88210 74.41330 74.56850 74.82170 74.33560 72.75070 112.35900 536.60602 543.30499 545.44897 539.64398 364.77301 367.74399 372.33301 366.71399 560.52502 413.63199 432.37100 442.56201 428.77899 416.76199 590.26099 580.79498 581.24200 588.06097 589.27600 593.36102 600.95697 605.66699 620.20697 640.56403 527.87201 505.00699 643.66498 526.69598 498.17401 638.76801 538.47699 550.24701 645.54700 668.92700 656.89600 655.76501 661.41302 692.09003 701.24701 697.59198 147.22200 136.43401 128.93401
-9999 -9999 -9999 -9999 -9999 -9999 -9999 -9999 -9999 -9999 83.49820 83.55860 78.22960 80.48140 78.12120 75.31410 74.34380 74.47070 74.70740 73.63650 73.26610 72.53420 72.95010 73.42830 72.67750 72.17260 71.73050 543.60400 540.54199 349.65900 349.71799 363.32599 362.85901 551.41901 555.49103 559.64001 422.14099 436.58099 451.18900 423.62799 589.07202 575.48102 572.04401 578.89398 583.26398 592.32300 590.37299 598.59802 601.17499 615.49799 636.36902 538.49200 649.44202 531.71802 523.79700 507.04901 649.32300 665.08698 632.79498 630.18597 642.54102 649.55603 648.89099 669.80103 684.13898 701.29498 731.27698 146.09100 134.96400 126.57100
-9999 -9999 -9999 -9999 -9999 -9999 -9999 -9999 -9999 146.75600 145.24300 145.87000 147.62000 147.74500 146.83299 146.38499 145.04601 143.38200 141.66499 141.41800 141.79300 143.05400 144.63699 144.01199 142.62000 142.45200 141.68100 142.35100 141.89700 141.88000 141.95300 351.21600 361.86700 369.09100 559.34198 577.00098 454.64099 446.26801 428.54700 581.42603 573.06097 565.23999 565.28101 731.39600 570.95599 747.83801 587.11603 596.29303 603.87201 611.57703 632.76599 651.91498 536.42798 681.60602 606.49701 636.79199 623.73401 613.02899 613.37598 623.43103 636.73901 652.40698 645.32300 668.07397 658.36298 671.74799 705.46899 279.68500 252.89000 248.91100
-9999 -9999 -9999 -9999 -9999 -9999 -9999 -9999 -9999 -9999 142.64600 141.93201 142.51900 141.29300 140.27499 141.67200 141.96400 140.95300 140.22200 140.94200 141.45200 141.45300 142.27499 -9999 -9999 -9999 -9999 -9999 -9999 146.26300 147.80800 360.63400 361.13400 367.08600 373.10901 575.71503 596.68103 419.91901 411.43600 569.44598 572.52301 570.30701 576.60303 735.78601 731.08197 740.17902 745.05298 590.16803 609.70203 616.46600 623.92401 483.40302 527.55103 586.35101 683.50500 626.18201 610.80603 613.54700 611.37500 618.94897 635.39203 625.64697 527.33600 646.35699 694.24902 699.35498 700.84399 268.60101 265.76599 273.56100
-9999 -9999 -9999 -9999 -9999 -9999 -9999 -9999 -9999 -9999 -9999 -9999 140.70799 140.04601 140.24600 139.13100 139.15401 139.80099 140.03101 -9999 -9999 -9999 -9999 -9999 -9999 -9999 -9999 -9999 -9999 -9999 -9999 -9999 -9999 367.35001 547.25098 564.24701 584.57397 568.40302 392.12601 390.14401 573.32898 568.70300 571.42902 574.01001 577.24500 736.00897 745.36102 584.18298 595.03699 601.44397 614.72101 651.34003 659.54498 655.55200 645.57599 613.68597 618.83899 598.63800 440.22501 615.90900 637.56702 633.72699 659.98901 645.47498 676.30701 690.44501 652.61603 245.40100 254.70900 270.59000
-9999 -9999 -9999 -9999 -9999 -9999 -9999 -9999 -9999 -9999 -9999 -9999 -9999 -9999 -9999 -9999 -9999 -9999 -9999 -9999 -9999 -9999 -9999 -9999 -9999 -9999 -9999 -9999 -9999 -9999 -9999 -9999 -9999 -9999 552.90002 560.43201 561.06201 564.67999 379.51001 565.34698 564.84601 567.10699 725.64398 579.86798 743.55499 742.89600 604.55603 577.17200 592.60602 595.11200 606.10602 643.39502 649.24701 642.92200 634.08002 607.35498 594.26001 625.03198 600.32300 601.13300 619.60901 640.15698 627.04602 646.43201 666.37598 656.37903 688.43201 255.01401 266.84000 285.73300
