data/hydroclimate-scenarios/1948-2000.Pcorr55N_Pref_Tref/monthly_summaries/soilm2_monthly_day1_dec.1950-2000.asc
ncols	311
nrows	91
xllcenter	102.75
yllcenter	31.75
cellsize	0.5
NODATA_value	-9999
[rows 0 to 30 of 91, columns 210 to 279 of 311]
-9999 -9999 -9999 -9999 -9999 -9999 -9999 -9999 -9999 -9999 -9999 -9999 -9999 -9999 -9999 -9999 -9999 -9999 -9999 -9999 -9999 -9999 -9999 -9999 -9999 -9999 -9999 -9999 -9999 -9999 -9999 -9999 -9999 -9999 -9999 -9999 -9999 -9999 -9999 -9999 -9999 -9999 -9999 -9999 -9999 -9999 -9999 -9999 -9999 -9999 -9999 -9999 -9999 -9999 -9999 -9999 -9999 -9999 -9999 -9999 -9999 -9999 -9999 -9999 -9999 -9999 -9999 -9999 -9999 -9999
-9999 -9999 -9999 -9999 -9999 -9999 -9999 -9999 -9999 -9999 -9999 -9999 -9999 -9999 -9999 -9999 -9999 -9999 -9999 -9999 -9999 -9999 -9999 -9999 -9999 -9999 -9999 -9999 -9999 -9999 -9999 -9999 -9999 -9999 -9999 -9999 -9999 -9999 -9999 -9999 -9999 -9999 -9999 -9999 -9999 -9999 -9999 -9999 -9999 -9999 -9999 -9999 -9999 -9999 -9999 -9999 -9999 -9999 -9999 -9999 -9999 -9999 -9999 -9999 -9999 -9999 -9999 -9999 -9999 -9999
-9999 -9999 -9999 -9999 -9999 -9999 -9999 -9999 -9999 -9999 -9999 -9999 -9999 -9999 -9999 -9999 -9999 -9999 -9999 -9999 -9999 -9999 -9999 -9999 -9999 -9999 -9999 -9999 -9999 -9999 -9999 -9999 -9999 -9999 -9999 -9999 -9999 -9999 -9999 -9999 -9999 -9999 -9999 -9999 -9999 -9999 -9999 -9999 -9999 -9999 -9999 -9999 -9999 -9999 -9999 -9999 -9999 -9999 -9999 -9999 -9999 -9999 -9999 -9999 -9999 -9999 -9999 -9999 -9999 -9999
-9999 -9999 -9999 -9999 -9999 -9999 -9999 -9999 -9999 -9999 -9999 -9999 -9999 -9999 -9999 -9999 -9999 -9999 -9999 -9999 -9999 -9999 -9999 -9999 -9999 -9999 -9999 -9999 -9999 -9999 -9999 -9999 -9999 -9999 -9999 -9999 -9999 -9999 -9999 -9999 -9999 -9999 -9999 -9999 -9999 -9999 -9999 -9999 -9999 -9999 -9999 -9999 -9999 -9999 -9999 -9999 -9999 -9999 -9999 -9999 -9999 -9999 -9999 -9999 -9999 -9999 -9999 -9999 -9999 -9999
-9999 -9999 -9999 -9999 -9999 -9999 -9999 -9999 -9999 -9999 -9999 -9999 -9999 -9999 -9999 -9999 -9999 -9999 -9999 -9999 -9999 -9999 -9999 -9999 -9999 -9999 -9999 -9999 -9999 -9999 -9999 -9999 -9999 -9999 -9999 -9999 -9999 -9999 -9999 -9999 -9999 -9999 -9999 -9999 -9999 -9999 -9999 -9999 -9999 -9999 -9999 -9999 -9999 -9999 -9999 -9999 -9999 -9999 -9999 -9999 -9999 -9999 -9999 -9999 -9999 -9999 -9999 -9999 -9999 -9999
-9999 -9999 -9999 -9999 -9999 -9999 -9999 -9999 -9999 -9999 -9999 -9999 -9999 -9999 -9999 -9999 -9999 -9999 -9999 -9999 -9999 -9999 -9999 -9999 -9999 -9999 -9999 -9999 -9999 -9999 -9999 -9999 -9999 -9999 -9999 -9999 -9999 -9999 -9999 -9999 -9999 -9999 -9999 -9999 -9999 -9999 -9999 -9999 -9999 -9999 -9999 -9999 -9999 -9999 -9999 -9999 -9999 -9999 -9999 -9999 -9999 -9999 -9999 -9999 -9999 -9999 -9999 -9999 -9999 -9999
-9999 -9999 -9999 -9999 -9999 -9999 -9999 -9999 -9999 -9999 -9999 -9999 -9999 -9999 -9999 -9999 -9999 -9999 -9999 -9999 -9999 -9999 -9999 -9999 -9999 -9999 -9999 -9999 -9999 -9999 -9999 -9999 -9999 -9999 -9999 -9999 -9999 -9999 -9999 -9999 -9999 -9999 -9999 -9999 -9999 -9999 -9999 -9999 -9999 -9999 -9999 -9999 -9999 -9999 -9999 -9999 -9999 -9999 -9999 -9999 -9999 -9999 -9999 -9999 -9999 -9999 -9999 -9999 -9999 -9999
-9999 -9999 -9999 -9999 -9999 -9999 -9999 -9999 -9999 -9999 -9999 -9999 -9999 -9999 -9999 -9999 -9999 -9999 -9999 -9999 -9999 -9999 -9999 -9999 -9999 -9999 -9999 -9999 -9999 -9999 -9999 -9999 -9999 -9999 -9999 -9999 -9999 -9999 -9999 -9999 -9999 -9999 -9999 -9999 -9999 -9999 -9999 -9999 -9999 -9999 -9999 -9999 -9999 -9999 -9999 -9999 -9999 -9999 -9999 -9999 -9999 -9999 -9999 -9999 -9999 -9999 -9999 -9999 -9999 -9999
-9999 -9999 -9999 -9999 -9999 -9999 -9999 -9999 -9999 -9999 -9999 -9999 -9999 -9999 -9999 -9999 -9999 -9999 -9999 -9999 -9999 -9999 -9999 -9999 -9999 -9999 -9999 -9999 -9999 -9999 -9999 -9999 -9999 -9999 -9999 -9999 -9999 -9999 -9999 -9999 -9999 -9999 -9999 -9999 -9999 -9999 -9999 -9999 -9999 -9999 -9999 -9999 -9999 -9999 -9999 -9999 -9999 -9999 -9999 -9999 -9999 -9999 -9999 -9999 -9999 -9999 -9999 -9999 -9999 -9999
-9999 -9999 -9999 -9999 -9999 -9999 -9999 -9999 -9999 -9999 -9999 -9999 -9999 -9999 -9999 -9999 -9999 -9999 -9999 -9999 -9999 -9999 -9999 -9999 -9999 -9999 -9999 -9999 -9999 -9999 -9999 -9999 -9999 -9999 -9999 -9999 -9999 -9999 -9999 -9999 -9999 -9999 -9999 -9999 -9999 -9999 -9999 -9999 -9999 -9999 -9999 -9999 -9999 -9999 -9999 -9999 -9999 -9999 -9999 -9999 -9999 -9999 -9999 -9999 -9999 -9999 -9999 -9999 -9999 -9999
-9999 -9999 -9999 -9999 -9999 -9999 -9999 -9999 -9999 -9999 -9999 -9999 -9999 -9999 -9999 -9999 -9999 -9999 -9999 -9999 -9999 -9999 -9999 -9999 -9999 -9999 -9999 -9999 -9999 -9999 -9999 -9999 -9999 -9999 -9999 -9999 -9999 -9999 -9999 -9999 -9999 -9999 -9999 -9999 -9999 -9999 -9999 -9999 -9999 -9999 -9999 -9999 -9999 -9999 -9999 -9999 -9999 -9999 -9999 -9999 -9999 -9999 -9999 -9999 -9999 -9999 -9999 -9999 -9999 -9999
-9999 -9999 -9999 -9999 -9999 -9999 -9999 -9999 -9999 -9999 -9999 -9999 -9999 -9999 -9999 -9999 -9999 -9999 -9999 -9999 -9999 -9999 -9999 -9999 -9999 -9999 -9999 -9999 -9999 -9999 -9999 -9999 -9999 -9999 -9999 -9999 -9999 -9999 -9999 -9999 -9999 -9999 -9999 -9999 -9999 -9999 -9999 -9999 -9999 -9999 -9999 -9999 -9999 -9999 -9999 -9999 -9999 -9999 -9999 -9999 -9999 -9999 -9999 -9999 -9999 -9999 -9999 -9999 -9999 -9999
-9999 -9999 -9999 -9999 -9999 -9999 -9999 -9999 -9999 -9999 -9999 -9999 -9999 -9999 -9999 -9999 -9999 -9999 -9999 -9999 -9999 -9999 -9999 -9999 -9999 -9999 -9999 -9999 -9999 -9999 -9999 -9999 -9999 -9999 -9999 -9999 -9999 -9999 -9999 -9999 -9999 -9999 -9999 -9999 -9999 -9999 -9999 -9999 -9999 -9999 -9999 -9999 -9999 -9999 -9999 -9999 -9999 -9999 -9999 -9999 -9999 -9999 -9999 -9999 -9999 -9999 -9999 -9999 -9999 -9999
84.26640 84.31870 85.82020 87.86840 87.79750 88.79740 89.02230 84.96720 85.96290 -9999 -9999 -9999 -9999 -9999 -9999 -9999 -9999 -9999 -9999 -9999 -9999 -9999 -9999 -9999 -9999 -9999 -9999 -9999 -9999 -9999 -9999 -9999 -9999 -9999 -9999 -9999 -9999 -9999 -9999 -9999 -9999 -9999 -9999 -9999 -9999 -9999 -9999 -9999 -9999 -9999 89.09590 -9999 -9999 -9999 -9999 -9999 -9999 -9999 -9999 -9999 -9999 -9999 -9999 -9999 -9999 -9999 -9999 -9999 -9999 -9999
79.67320 80.14470 79.65150 81.60180 83.79230 86.21640 87.45550 88.20080 88.61900 81.01130 79.80540 79.79460 83.32370 79.71500 84.94910 85.63250 93.85570 94.46000 92.86510 92.76680 88.28170 110.76400 -9999 -9999 -9999 -9999 -9999 -9999 -9999 -9999 -9999 -9999 -9999 -9999 -9999 -9999 -9999 -9999 -9999 -9999 -9999 -9999 -9999 -9999 -9999 77.76180 74.44070 56.06760 59.79200 66.89580 70.34420 78.22360 -9999 -9999 -9999 88.75950 -9999 -9999 -9999 88.45410 91.20260 92.96400 -9999 -9999 -9999 -9999 -9999 -9999 -9999 -9999
83.69020 82.43340 81.40100 81.29130 80.54440 76.29260 77.01920 76.33410 76.68230 73.01660 74.69060 79.10890 83.85440 84.28260 96.10050 96.32780 101.56300 103.92100 100.07100 96.84730 95.64480 87.25070 85.53880 83.52470 85.86590 89.66390 91.83420 84.05970 -9999 -9999 -9999 -9999 -9999 90.11930 87.69040 86.98500 87.43770 86.72750 85.58240 79.32420 62.08190 62.52370 60.00510 57.21820 58.50120 56.92270 58.07200 62.88200 63.36090 76.31350 81.60680 81.21760 84.47620 86.43990 87.95750 88.94500 89.44740 88.92500 89.59620 92.36020 95.57730 102.64200 102.36300 99.80620 96.62240 98.83530 96.03150 -9999 -9999 -9999
80.09000 80.61650 81.75870 81.91710 84.92160 86.17600 89.31360 86.53990 88.48290 93.08720 105.93300 112.09900 113.39300 113.81600 167.09100 163.26401 175.17300 161.60400 163.74400 145.71300 98.41240 90.22560 86.24430 92.51310 91.20780 109.20200 97.33020 93.77360 94.76140 93.76300 77.62410 72.49190 69.37230 64.98670 88.57730 86.98390 89.01820 69.00940 66.31960 64.80990 62.62260 63.10680 61.99390 61.55280 62.20930 63.41800 66.07050 69.83460 68.19530 72.89200 75.03980 77.11300 79.81670 83.52850 86.39000 88.54510 89.19480 89.70900 90.11120 89.75510 90.91940 92.69530 93.47280 94.65500 95.99540 99.27260 103.00800 101.76000 100.37100 96.92030
154.35201 101.58500 104.77600 109.37900 108.76100 113.95300 113.35000 117.02200 176.59399 161.45599 147.55499 144.90601 129.24300 115.23700 112.24500 124.36300 115.62000 107.33300 104.32500 107.30200 107.28500 129.91901 130.37700 130.78400 140.46700 152.53400 139.06300 99.64820 103.13500 92.23730 114.55500 77.25500 76.37250 66.69540 83.83840 84.74500 83.15460 63.00370 64.03220 66.73900 68.39300 67.07910 64.33630 63.28650 64.45420 64.38120 62.82550 63.81040 64.24220 66.86670 69.13740 72.41790 73.32080 76.23680 78.75440 81.92500 87.53900 87.15610 88.00400 88.48430 88.12370 90.25500 90.47470 92.21240 93.02710 98.73850 100.41700 96.90430 97.31770 96.39650
148.91800 162.81900 168.70000 165.59500 166.13400 151.39301 159.13000 160.58299 133.25600 125.73500 113.45900 108.78600 110.69200 110.64200 111.71000 104.08700 113.19400 108.14300 116.58300 115.46700 111.41300 125.93800 120.78000 138.48900 152.30499 154.17599 105.07600 92.04550 93.18940 127.15000 142.38600 134.95900 80.21240 65.94480 62.32370 63.68880 64.76970 64.72220 64.71080 66.79450 70.28200 69.47550 69.82890 63.24180 65.31760 66.40780 67.57860 68.15180 70.88230 73.82820 71.77980 73.92010 74.97570 74.14520 75.97870 78.86330 79.09860 81.25830 85.14040 85.80470 88.17880 88.75910 88.88930 88.14010 95.80660 107.02900 112.24100 112.60600 113.24600 98.34280
154.32401 160.95300 167.01401 166.20599 176.22200 180.42200 163.34700 153.66499 146.23700 130.49100 130.28000 124.59000 117.21700 113.18000 111.14800 111.36900 109.41300 113.44100 112.70400 109.98200 111.48300 146.84700 148.15900 142.82401 151.99600 135.05901 113.16200 89.51820 89.63160 90.54650 94.98550 122.05300 113.80400 67.03630 59.03150 59.71800 81.49500 118.62800 119.02900 119.61900 119.78700 119.63700 120.28400 119.53200 119.16700 119.21500 119.14500 118.27500 119.40500 119.15800 119.96800 121.58200 122.57900 123.13800 95.64570 96.40390 97.89540 81.79240 79.95400 87.59220 90.12220 95.78720 104.13200 105.99600 127.42300 127.86700 127.73700 128.16000 128.46600 129.31500
155.84100 147.43700 149.43300 169.58400 194.46300 191.40800 166.33800 144.35600 130.79601 122.08400 117.44700 109.60200 107.23400 109.86100 109.96100 108.89300 108.85500 107.31400 112.72200 117.41500 119.18600 134.16299 126.79400 118.03500 120.86300 120.91200 116.06200 83.83590 88.19320 88.40460 88.17410 85.81840 92.92220 64.86640 59.23380 59.74370 58.48720 58.35320 57.39900 58.25010 64.11870 80.83890 81.37050 121.35900 121.15800 120.10200 119.47100 118.78500 119.29700 119.86500 120.09800 121.85100 122.43100 123.28500 123.62300 123.28800 123.34900 122.96900 122.89400 122.45900 122.94200 124.07300 123.58400 99.84520 126.80500 124.58800 125.29200 126.41700 127.11100 111.47000
141.33501 145.84100 161.50000 167.39400 151.71600 134.38901 113.76400 113.46300 113.08000 110.43400 111.47000 111.18700 108.96700 109.27000 107.46900 105.97300 105.83900 109.58600 109.36500 112.04200 112.78500 138.67500 137.00600 114.35400 113.97500 104.99100 106.78200 107.01700 113.41600 86.21470 85.44310 82.94770 85.42710 63.62540 57.51040 56.77820 58.31860 59.36010 58.00630 58.60660 57.99600 59.48810 59.92000 61.78490 80.55460 119.67000 119.58800 119.12100 92.00220 81.20610 83.58500 122.46900 123.52900 124.10400 123.45700 123.13200 123.06000 123.09600 123.03200 121.43800 121.27600 122.11000 123.96300 129.14999 124.82300 124.25200 125.14300 126.07600 125.50500 100.64400
172.72301 176.08501 174.20000 157.33200 130.08501 120.38000 122.56200 134.77200 152.79500 176.41499 180.46600 169.20200 151.43201 134.13200 124.39100 116.93100 106.71600 114.47600 117.51700 130.19000 121.95100 138.44701 138.37100 105.95900 102.79600 100.58000 102.58000 101.93500 78.29980 78.95080 81.23040 78.56690 77.76330 57.05180 56.67550 55.19010 56.33620 77.01700 76.63300 77.36620 78.18300 78.97790 64.64060 57.91420 57.88460 81.93800 93.78080 121.25800 121.95000 121.18100 120.93400 122.60700 123.19500 91.14040 91.18050 124.47100 125.08200 122.84600 122.02800 121.97400 124.11400 124.17200 127.91300 128.00101 123.09700 122.37700 122.36200 121.17900 121.31000 98.82040
158.10899 162.57201 157.04401 152.49600 150.10699 154.86099 146.89000 138.47501 154.43600 171.43401 171.23100 164.87000 164.42200 165.38800 166.94901 150.30499 138.53999 136.22099 124.08400 116.36400 116.90200 142.00999 142.62300 122.85500 101.85000 71.73760 72.73230 73.22600 73.37990 77.16390 80.03070 83.94420 85.24590 85.01840 81.44950 81.86920 83.11220 87.97320 90.58280 92.48440 94.06640 92.09900 91.25980 95.52070 95.40520 91.36000 91.50430 90.75140 91.55530 90.41370 91.03820 107.86400 126.31500 125.54200 125.19800 123.11400 86.03260 121.29000 122.03300 122.06600 129.39101 125.18600 124.83600 122.76900 121.21300 120.71800 120.93600 119.98500 120.19700 95.53110
147.38901 143.20900 146.17900 139.60600 140.17599 145.77800 144.76401 141.74800 137.63499 129.17500 134.19800 157.74100 157.28300 160.07001 161.14900 173.58099 172.43700 171.23100 160.23801 138.88400 114.56400 116.11900 143.62300 143.77800 159.02699 158.22900 158.76300 71.72930 71.09250 71.50970 72.39350 76.61100 79.47530 78.00850 82.15850 81.12970 84.68260 85.06780 90.71710 93.49700 98.25260 102.61000 101.56500 107.08200 105.16000 101.61500 102.80900 105.35100 105.67800 104.04400 103.23500 95.55690 95.63030 96.53130 102.73600 124.58800 120.50200 84.62320 120.58200 120.68700 122.31100 121.58300 121.16400 121.23300 121.42800 119.81400 118.32600 118.37600 118.75200 120.58800
112.72500 113.99500 142.83200 135.92900 134.32401 122.90700 124.28000 146.64101 133.18401 138.50500 137.30600 135.57899 130.36099 131.66499 135.18100 144.01199 155.07201 174.34700 139.19901 122.01000 116.50800 119.86100 117.84200 115.23600 120.55900 109.19800 115.35100 111.56900 157.15800 108.36700 101.13000 73.69510 106.68700 107.96400 108.37000 107.71200 108.53700 107.76500 112.02600 78.93610 90.82230 141.98900 154.33701 105.25900 106.51900 102.68000 105.28800 104.13600 106.89100 107.95800 102.64500 100.92900 97.65460 97.32000 96.43320 92.21660 124.42200 120.48300 83.92380 121.59100 120.62700 120.80300 120.95900 120.58900 120.66800 119.03100 117.46100 117.21900 118.07800 121.25700
144.08000 142.99300 153.73801 156.29601 155.69901 158.50500 167.07100 157.76500 199.39600 200.55901 198.07899 186.55299 197.95500 196.12700 192.20599 173.00600 137.27901 145.85400 130.51801 121.15700 108.08000 126.56000 113.83300 116.03900 116.76000 118.47000 120.44300 112.64300 111.72000 113.34500 114.29800 117.02100 119.65200 110.76400 108.30800 106.12700 106.68400 108.02200 108.64000 111.23600 120.20700 132.69600 142.66800 147.23000 144.16100 106.32300 111.53300 111.74900 109.36100 107.39700 109.66000 103.68100 98.74070 97.55100 98.67980 92.88370 91.38110 125.14900 86.54820 122.86500 122.48400 121.87900 122.39400 120.87800 121.16100 120.56000 119.96000 120.02600 120.07500 120.01100
110.05000 165.86501 169.93500 169.31599 115.16200 118.83900 136.97600 196.82500 194.79900 135.74500 137.45799 136.86099 137.46899 202.50500 136.96500 138.16800 203.42799 200.56400 155.53700 119.10400 117.88900 144.28200 141.34399 136.42500 141.50400 134.73599 136.85001 113.53600 106.87400 105.49900 106.07800 107.13200 107.83500 109.19500 105.50500 104.62400 104.68000 105.50200 108.03700 110.35600 112.45000 118.84700 123.03100 121.56100 129.58800 105.08400 111.27500 111.52700 115.79300 118.48500 116.57400 106.73000 103.48300 103.27700 99.99610 98.40670 96.24680 126.60900 89.52740 85.32620 122.79400 123.27900 122.68900 121.94900 122.34400 122.21200 121.08200 120.30700 120.08100 119.20800
115.83800 115.91000 115.23200 118.35100 121.93400 120.09700 121.32400 114.85500 114.25500 116.64600 114.63500 118.94000 119.76500 121.51800 121.99900 103.18000 114.80000 108.89000 162.58000 148.20700 109.87500 148.06500 146.32500 150.12100 152.79401 146.30499 129.78000 106.64600 102.63000 106.37200 106.38400 106.66600 108.18400 111.37100 108.36500 106.13200 104.25000 102.88500 104.66300 109.67700 114.74300 116.45700 119.57000 125.02500 124.86000 95.92900 111.44100 114.87200 118.65000 122.35000 123.07900 117.79900 120.08400 113.79900 107.44100 103.72800 100.61100 128.31400 96.93300 92.29800 126.21700 125.07800 123.40300 95.26950 92.28420 92.50110 91.10270 92.10270 121.35700 120.09700
117.70600 119.53600 119.99900 122.48500 122.00600 121.50000 118.26200 116.12800 115.12100 114.51600 109.29800 90.81400 99.86340 93.89100 96.65280 131.55099 127.90900 124.59600 169.61200 168.96400 164.17599 163.49699 159.34801 157.59500 167.86800 168.93401 146.45599 119.83000 109.25700 106.17500 101.80100 103.24400 108.73000 107.83300 104.89400 104.17600 102.37900 103.73400 106.67100 109.63500 112.79500 122.61700 125.36500 125.68800 128.78000 131.53999 110.94100 116.40200 123.25100 123.62500 123.17900 123.07700 121.63200 118.83000 113.07300 106.80000 109.86800 109.01700 106.96600 131.50600 130.34700 127.05900 125.21400 124.77200 122.94100 121.61900 122.10700 97.56250 96.95770 122.00400
117.86000 119.53600 120.85900 119.00800 114.11700 117.32500 119.05900 114.57900 111.27700 112.40400 114.40400 112.55800 110.52500 100.28400 88.26600 111.14000 123.91300 129.99001 188.94200 128.24001 117.08700 168.99400 168.60001 166.12399 168.32201 163.91600 148.49400 138.93401 126.79500 114.42200 114.25400 113.08600 114.02300 110.98300 109.90400 107.50600 104.36600 106.62100 111.51900 112.96500 117.86500 124.28900 127.91000 130.91499 99.72040 108.64600 107.87100 112.14900 118.94300 119.55400 116.59900 114.31700 113.07200 114.23100 113.96900 111.68100 113.57200 116.18000 108.61600 133.46100 134.77499 133.28799 131.86900 132.53000 129.65700 126.95700 124.58700 123.87400 123.70100 124.06500
