data/hydroclimate-scenarios/1948-2000.Pcorr55N_Pref_Tref/monthly_summaries/soilm2_monthly_day1_mar.asc
ncols	311
nrows	91
xllcenter	102.75
yllcenter	31.75
cellsize	0.5
NODATA_value	-9999
[rows 31 to 61 of 91, columns 0 to 69 of 311]
-9999 -9999 -9999 -9999 -9999 -9999 -9999 -9999 -9999 -9999 -9999 89.05310 98.96700 99.40930 102.11600 105.85800 95.24520 96.37420 99.78750 99.80110 101.12700 108.80900 107.52000 106.05200 104.47300 100.96400 101.85300 100.46200 98.51660 99.59230 98.04740 95.16230 95.37130 94.65500 96.73750 96.26010 95.42730 98.97710 100.01500 99.07940 98.79280 97.74460 120.92700 121.67400 121.19700 121.29300 121.34900 113.18200 99.95210 99.19340 101.92500 102.75400 101.13200 99.98020 99.54440 116.23000 116.86500 115.30400 116.31600 115.09200 114.21400 116.63200 116.06700 115.10500 114.71800 121.08000 116.92200 119.20400 121.16300 124.79300
-9999 -9999 -9999 -9999 -9999 -9999 -9999 -9999 -9999 -9999 -9999 92.56530 94.19550 103.27400 97.71390 101.28200 99.80310 105.11000 101.27700 102.33000 109.56500 108.59000 107.89400 108.27500 122.18800 121.58900 121.27000 122.44400 122.27800 99.11920 99.07820 95.87650 97.45700 98.63550 99.23480 97.39950 99.28740 100.79000 109.63100 109.19600 107.59200 106.10500 108.19400 107.77500 107.17500 107.36000 106.24500 105.80900 105.20800 105.10000 103.62900 103.32100 102.42300 117.83100 118.22600 117.79500 117.32600 117.03700 115.63000 100.37300 101.58800 101.37400 113.65700 118.94800 119.98900 114.49000 117.29200 119.72400 120.64700 123.27600
-9999 -9999 -9999 -9999 -9999 -9999 -9999 -9999 -9999 -9999 -9999 98.46210 99.73520 98.23110 98.10930 100.66800 100.43300 107.35500 107.81500 111.41500 111.94400 110.93400 124.75700 124.26600 124.03700 104.02800 101.94700 103.50400 98.29640 117.69300 120.22400 98.26230 99.70150 94.51690 108.63800 103.25800 119.70700 111.50700 120.48300 121.08900 109.82000 121.23200 110.95700 111.73200 112.87800 111.96800 111.54600 110.35700 108.77700 106.64000 105.23100 104.01300 102.83300 116.09500 100.19000 104.20600 103.97700 102.66000 104.19700 104.81100 103.82900 120.37300 118.94100 99.98250 121.06300 116.97800 118.33800 120.29700 120.50900 122.26100
-9999 -9999 -9999 -9999 -9999 -9999 -9999 -9999 -9999 -9999 -9999 -9999 99.95220 100.63400 99.56240 101.47400 102.25700 109.72400 110.01000 111.10600 124.99900 104.77500 105.32400 106.51900 104.18500 103.24700 101.34200 99.95620 94.50970 94.53710 120.04400 120.04300 120.60200 121.12300 120.70400 120.58500 121.34900 112.33800 120.56100 120.18300 120.32900 120.77800 120.95400 110.63200 111.57700 114.38800 112.85200 112.19700 110.25800 108.93800 106.32800 106.64900 106.58100 104.22100 102.42700 101.24000 100.66600 113.48800 120.32900 120.59800 120.02200 114.43500 114.89600 115.97500 115.91900 122.00100 118.94500 120.52300 122.92300 124.38000
-9999 -9999 -9999 -9999 -9999 -9999 -9999 -9999 -9999 -9999 -9999 -9999 101.21700 99.74990 102.38600 102.59100 102.59400 124.03100 124.42800 105.68100 107.96400 111.07100 109.50600 106.62100 107.52900 99.77830 95.60490 102.61000 95.95570 97.30320 98.80760 120.91700 121.22600 119.76900 121.82300 100.11400 97.68290 100.60600 101.35000 103.11200 122.36600 107.40800 107.26100 117.05200 110.33200 112.14600 112.39400 109.94800 105.14300 107.61100 104.39500 98.95070 95.99200 106.26400 104.67500 115.78900 121.70100 114.20600 89.95430 118.73900 116.99900 93.68320 93.54370 108.25400 119.13100 118.98500 120.35500 120.92600 122.56900 123.86100
-9999 -9999 -9999 -9999 -9999 -9999 -9999 -9999 -9999 -9999 -9999 -9999 100.54300 100.60200 124.10700 123.46400 123.85800 103.73100 104.44200 106.88000 109.15000 112.87900 110.65600 106.78100 105.60000 105.16900 102.11600 98.39810 100.96400 97.59330 95.88950 119.52200 100.56600 102.08400 99.54810 96.33360 98.81100 102.08800 100.76800 106.28300 110.57700 112.79400 112.49800 115.25400 117.80400 113.36300 117.14600 117.68400 116.82100 110.80400 106.86700 107.44300 100.95700 98.76650 97.17670 94.44470 93.32760 96.08010 97.19280 120.54100 96.98150 100.27400 99.02650 95.27650 118.92600 119.93800 121.29000 121.84700 124.00900 124.74400
-9999 -9999 -9999 99.96900 103.19200 99.76400 96.84550 97.70830 98.39250 -9999 101.50300 123.86900 123.56400 98.38220 100.12700 101.38600 102.74800 103.29200 106.14300 108.07400 109.98500 110.82000 108.91200 106.77400 103.26900 105.32200 103.12600 103.21800 100.50400 101.89000 98.10190 97.12320 93.97250 98.63270 97.16000 74.73510 96.77130 102.19400 106.66000 108.93400 111.56600 114.67700 116.33600 115.35200 114.84300 114.50600 120.90000 111.81900 116.31800 115.83900 109.37800 105.94400 105.32700 109.12900 105.99800 110.71100 112.17700 100.71700 102.69600 98.51130 120.38600 103.88000 102.77500 107.68100 104.30000 104.64200 109.22000 115.00200 119.04000 122.50500
-9999 -9999 -9999 101.41200 101.29300 103.07200 100.71600 102.47600 99.37240 120.67600 123.82300 123.15600 104.27500 95.63180 99.61840 101.04700 102.53700 105.34300 107.73700 108.01000 107.62800 109.82700 108.55400 108.65800 106.30400 105.35000 104.80800 102.27000 103.70500 103.11500 78.17320 98.37980 99.59100 100.13100 98.35610 100.58400 101.71500 110.35000 106.11500 111.19800 113.37400 113.39200 118.25700 118.01200 114.07000 117.15400 123.88900 118.43400 113.92100 109.87400 111.26500 118.29200 118.78500 116.78300 110.59800 112.75900 108.39800 107.31100 110.28400 105.33700 105.84200 111.39500 111.84700 109.59800 115.01300 110.39600 112.48100 114.42700 121.34400 121.28800
-9999 -9999 -9999 98.22840 103.03200 100.31100 124.33800 123.55500 123.49600 123.58400 123.96200 124.00400 100.49800 95.44910 97.08480 93.93210 104.72000 102.37700 101.31800 101.88800 105.19300 106.49600 85.87290 101.65900 106.89800 105.20500 107.37900 107.31800 102.11400 105.89200 111.97300 113.24700 104.01900 101.58200 102.67300 103.79500 105.57100 106.62300 105.00500 104.93100 108.80300 112.92000 119.50000 122.31900 120.39400 121.19100 123.15000 110.65700 110.95400 124.73500 125.01800 120.45500 119.92200 117.32300 113.25500 112.77800 109.75300 109.94400 112.70900 112.15800 105.40400 106.44100 112.53900 117.33200 118.09200 118.26200 118.47000 119.59200 113.60500 121.21600
-9999 -9999 -9999 104.17900 101.54100 105.51700 123.45600 125.23000 122.47900 121.32200 122.67200 96.88540 93.71340 96.62960 96.29350 95.28470 100.65200 115.10500 114.37000 104.13400 105.08400 101.64100 109.67800 118.53900 110.23300 105.53200 104.99000 103.99400 113.54600 111.77300 108.15600 100.06300 104.03200 112.00300 115.50000 110.82300 107.35400 104.88800 110.23600 110.48700 111.70600 114.10500 116.18300 118.69400 119.92000 124.82500 125.44300 121.03900 125.65800 124.34500 124.89200 122.23400 119.45700 112.23400 116.36400 107.18800 105.45300 106.31000 108.57400 107.03000 105.28900 111.80500 112.18400 118.95600 117.48200 115.11800 123.55300 124.74400 127.50600 128.38000
-9999 -9999 -9999 99.81950 100.85800 105.76600 124.60700 124.55400 123.73100 122.89400 123.19600 120.19300 95.00800 98.99140 113.79400 113.03200 108.64700 105.37100 102.11100 102.34000 104.48100 109.85700 122.28200 106.30700 102.71200 104.06800 104.84300 104.00400 106.69500 111.63800 108.66900 107.96700 109.51500 109.93700 112.31100 112.95000 113.52200 110.62500 111.35400 114.61200 119.96100 122.48700 123.20500 123.64200 124.38900 124.65500 124.63300 122.73400 116.98000 125.32500 121.93500 114.41500 110.20100 113.25700 112.55600 110.81900 107.45000 105.95800 110.52300 122.35800 120.09300 119.04000 122.51800 119.31000 115.38200 114.47000 121.28100 119.77000 127.86900 128.39900
-9999 -9999 -9999 -9999 124.79900 125.38400 125.55700 126.05400 123.86500 122.30500 123.96400 103.47100 105.24800 99.10620 -9999 -9999 -9999 -9999 -9999 113.38000 122.21500 116.99300 119.82000 115.62000 111.27200 108.31200 104.84500 106.91900 112.19900 108.98400 108.75900 106.72800 109.17600 107.25100 105.57900 104.15800 108.49300 104.54300 111.14100 112.24900 111.84800 117.92100 122.27500 124.50700 125.34600 124.93300 124.73400 125.93200 125.49900 123.71300 123.53400 124.60400 122.79400 124.66200 124.91400 124.89400 124.40000 123.77600 112.26800 116.86000 125.67300 126.85200 124.38500 126.67700 126.67000 123.94000 127.57100 127.18300 130.96400 -9999
-9999 -9999 110.45000 125.51400 126.70400 125.53800 125.24500 126.02200 124.09300 123.52000 124.49200 103.14300 107.83600 -9999 -9999 -9999 -9999 -9999 123.57100 118.93800 121.04900 107.79700 108.03700 115.88500 119.95000 119.64000 112.30500 109.37900 110.96400 111.39100 105.11500 106.37200 108.24800 110.63200 110.89700 109.64000 109.68700 106.07200 108.97400 108.46500 113.24400 118.37500 121.31200 120.85900 121.05100 121.92100 122.88000 122.69800 119.87100 120.80100 120.93500 122.76600 126.03300 127.06300 123.77100 121.20800 122.14000 116.78800 114.77000 117.53600 118.70600 119.38500 123.25300 124.64900 125.01500 125.44700 126.99100 -9999 -9999 -9999
-9999 -9999 127.56100 127.24400 125.59400 125.47100 125.54800 126.66000 124.47100 124.90500 109.53100 109.26300 100.80200 -9999 -9999 -9999 -9999 105.31800 116.57900 106.99700 105.06500 104.01000 107.14400 115.36800 113.31300 105.09400 104.35700 105.83800 109.91600 110.75500 107.52800 111.21600 109.29900 110.78200 112.80000 109.51300 107.98600 103.83100 109.56200 119.51200 121.31900 123.43900 123.19600 121.78800 114.82700 109.06300 110.73300 110.75800 112.37700 115.90800 121.12600 124.69900 125.75800 124.22000 124.83500 114.38800 116.45200 120.13500 124.30100 124.81000 123.52200 123.55000 124.18100 124.53000 122.90100 -9999 -9999 -9999 -9999 -9999
-9999 -9999 130.37801 128.51100 127.06000 126.83600 126.87700 125.63000 125.00300 124.79400 107.52600 103.34100 88.84130 -9999 -9999 -9999 -9999 112.68100 110.31900 106.50000 102.90200 104.91600 110.19100 107.78600 109.98000 108.04100 106.15400 108.07700 109.72100 106.82700 108.08300 108.65800 110.87800 112.13700 111.44800 113.26300 115.72500 116.11300 116.66700 115.96800 121.10700 119.60600 121.13400 124.70800 120.69100 112.92200 110.96600 107.21400 104.00900 104.49700 109.10100 109.71200 114.86700 113.51200 118.60100 114.71900 116.17700 121.65000 125.58100 126.42900 124.53100 122.98300 124.34900 112.92700 112.21300 123.65200 124.70300 125.38500 125.01800 -9999
-9999 -9999 -9999 131.07401 128.11301 128.80600 125.49600 122.74100 110.24600 110.85600 100.00500 92.11540 -9999 -9999 -9999 -9999 105.85600 108.20400 104.31200 103.28100 105.34100 105.69800 107.75300 107.30700 107.76700 107.20900 108.37700 108.12200 110.37000 115.04400 112.46200 111.53500 110.29500 106.45200 102.54500 102.14200 105.98300 110.60300 112.50700 112.33000 117.41100 115.36700 132.14101 129.48399 128.00200 128.74300 123.25900 120.20700 116.69500 110.42100 119.46000 124.75100 123.23300 124.24100 125.76700 125.11400 127.10900 124.00500 127.51700 127.43500 126.54900 125.07400 125.55200 119.74300 110.26700 120.57900 127.61700 126.31800 121.92900 124.97200
-9999 -9999 -9999 -9999 131.08200 130.28400 124.78600 112.85900 114.23100 99.71890 95.61000 -9999 -9999 -9999 -9999 109.09900 103.39000 100.71100 125.49800 99.62530 97.99540 98.42000 101.73100 103.73100 107.68500 102.69100 98.22400 102.57200 100.72600 104.31300 105.19600 101.59900 99.42580 99.90970 104.57300 113.54200 115.58800 115.60000 115.33000 113.07800 114.39100 115.66300 118.48000 121.04300 122.91300 131.43700 135.36600 130.74200 127.02600 121.11300 117.63300 122.66500 125.14800 124.03400 125.10000 123.04900 124.91100 126.84700 129.71899 126.84600 127.09300 120.67600 116.78700 114.48400 112.64400 125.68400 123.84000 122.14400 121.65600 123.93100
-9999 -9999 -9999 -9999 -9999 -9999 118.74200 130.01900 89.72780 105.09600 98.98510 -9999 -9999 -9999 -9999 -9999 98.79050 97.70950 98.65440 97.56760 99.38830 92.13290 100.16100 104.97800 99.04090 96.82540 105.09100 144.66800 144.54300 135.49600 103.73000 99.65580 102.10700 102.31300 103.60400 101.36400 112.41500 115.02300 113.08800 116.65400 116.68500 121.50300 122.52300 118.51300 130.63300 129.30299 128.85001 132.81100 131.63200 127.90100 134.39400 131.80701 124.67800 130.78799 126.87500 126.54000 123.90100 124.78500 125.09800 110.60400 108.77900 111.46400 115.89700 110.80400 108.66000 114.61600 123.19200 120.46000 118.48200 119.77500
-9999 -9999 -9999 -9999 -9999 -9999 -9999 -9999 -9999 -9999 -9999 -9999 -9999 -9999 -9999 -9999 -9999 -9999 -9999 97.26450 99.85260 92.66950 97.20640 97.13420 102.23500 102.48500 120.13800 117.85400 116.86400 98.03690 103.30400 102.90800 110.10300 109.43900 105.02600 105.90600 113.72000 118.27100 118.04500 121.23800 123.17400 124.08200 123.65600 124.04700 123.05500 120.94300 115.65200 129.43800 130.25200 137.56500 141.16600 132.14400 132.32201 132.40800 123.75800 121.03900 106.49800 109.74500 106.73200 106.66500 117.04200 122.24500 106.67700 106.34600 104.40900 116.16800 119.46200 116.54300 117.71300 124.71600
-9999 -9999 -9999 -9999 -9999 -9999 -9999 -9999 -9999 -9999 -9999 -9999 -9999 -9999 -9999 -9999 -9999 -9999 98.40380 100.28600 97.10370 92.53630 94.06630 93.74020 94.97670 95.05230 119.74800 120.78000 96.01480 94.62550 97.35900 99.77920 100.32200 102.96100 108.57800 129.11000 117.47300 118.11700 119.76400 122.06000 123.51500 123.14500 123.31800 124.43500 123.15100 128.78799 120.35900 478.78500 616.55603 649.12299 656.37097 134.21700 135.16100 138.80400 135.59599 129.68201 110.06300 108.60400 119.41400 110.25600 124.12300 128.39600 111.63300 110.41900 123.69900 116.39000 109.22200 118.29600 128.12100 122.54400
-9999 -9999 -9999 -9999 -9999 -9999 -9999 -9999 -9999 -9999 -9999 -9999 -9999 -9999 -9999 -9999 -9999 99.62590 101.92200 94.17030 94.77330 93.53380 92.73950 92.30620 88.99040 89.15160 122.32500 115.88500 121.55500 123.14400 124.29800 123.61300 106.15700 120.55800 130.03900 132.22000 130.39200 119.81200 119.71700 121.94100 120.91300 127.83100 122.23300 128.32001 118.78400 116.36700 129.14799 630.55200 620.24103 633.77899 638.37402 138.25900 135.71201 141.75000 138.39301 143.49699 109.98100 107.21000 107.35500 106.97000 114.17600 123.05000 114.26400 116.79100 103.79800 106.51600 110.10600 107.09700 129.80600 133.03900
-9999 -9999 -9999 -9999 -9999 -9999 -9999 -9999 -9999 -9999 -9999 -9999 -9999 -9999 -9999 -9999 -9999 103.35400 99.31740 98.33620 99.59210 121.82100 117.90600 84.87970 81.06790 83.77280 82.66480 83.67300 83.91390 116.90600 124.45100 125.01600 125.51100 124.16700 130.67400 135.25999 136.01500 113.54800 117.09600 119.56200 117.63000 115.56400 126.52700 112.55000 125.71100 127.63800 125.05100 483.03699 479.92099 621.95398 642.64203 135.94800 136.59900 137.16600 133.90199 145.05499 121.43100 113.73600 108.82100 113.06600 108.11100 107.30200 107.30400 105.59900 106.32600 108.38100 109.79200 117.16100 132.69299 143.86200
-9999 -9999 -9999 -9999 -9999 -9999 -9999 -9999 -9999 -9999 -9999 -9999 -9999 -9999 -9999 -9999 111.71700 110.46500 101.03200 101.73100 119.87000 87.60600 84.91130 81.29070 77.30600 78.76440 79.64620 80.54250 80.27270 81.12950 83.01340 81.59080 113.32100 122.49200 126.78400 130.54100 127.37200 128.29201 114.44100 113.58000 109.21300 113.76600 128.30701 124.69100 107.90500 124.71100 124.52400 493.33401 482.39301 615.64502 634.17102 135.95799 137.77499 136.53999 133.21001 144.70599 145.38600 125.19800 125.87100 111.89800 110.16300 113.35800 116.23500 127.41100 131.34200 133.46201 129.64200 130.39301 131.31900 140.24699
-9999 -9999 -9999 -9999 -9999 -9999 -9999 -9999 -9999 -9999 -9999 -9999 -9999 100.68200 100.22500 103.04900 101.55000 106.59600 121.80400 117.37600 87.68070 88.00380 83.64240 81.68510 81.21170 77.27740 76.83620 369.26300 368.52499 367.59100 554.79901 562.00598 375.49100 376.64001 569.80103 578.47498 595.17999 591.55298 471.87500 469.57199 462.45300 610.91901 602.28802 428.40799 604.73901 611.98901 621.32501 629.12000 639.57397 643.31500 644.29700 642.06201 635.85303 633.22101 648.41302 663.12299 665.86902 650.75201 582.96698 590.94397 610.14398 690.46997 705.29797 715.62299 695.15100 693.82703 681.65601 131.71001 129.78400 140.23100
-9999 -9999 -9999 -9999 -9999 -9999 -9999 -9999 -9999 -9999 -9999 -9999 96.52950 99.11360 123.62700 122.65600 120.76800 93.68300 89.94520 82.65900 83.26280 82.55970 80.30780 80.54690 78.51070 74.24940 73.29000 363.02200 544.33801 549.20898 541.36200 549.78699 558.58502 546.59198 567.11499 570.25897 400.55099 420.48999 462.37100 454.90701 447.95999 439.77100 603.39001 599.38702 604.45599 613.25299 621.21198 625.03003 638.98199 646.77600 642.04102 492.31100 640.57397 497.45401 627.89203 635.42700 660.89099 617.74902 610.26300 682.37097 686.99500 694.16498 697.82703 700.41803 702.76398 712.34698 716.54901 129.57300 132.92400 128.55299
-9999 -9999 -9999 -9999 -9999 -9999 -9999 -9999 -9999 -9999 -9999 122.68000 98.36100 119.38100 91.80270 84.53000 82.68150 83.93420 84.39630 81.17410 80.36680 76.68550 76.47190 75.86790 75.56710 73.93450 114.68100 536.73499 545.28400 548.66699 542.07898 366.24301 371.52600 377.09500 373.71100 572.89001 427.13400 447.14001 455.66101 441.76001 429.24799 600.37299 591.68597 593.89697 601.33600 603.30200 610.18298 617.53601 623.32098 634.85602 655.67401 544.29999 523.78497 648.09998 547.82599 523.80603 649.21600 559.61102 569.16998 651.31097 675.16998 662.60999 660.79700 664.85901 688.75000 696.15302 693.72400 134.97000 128.51500 116.68000
-9999 -9999 -9999 -9999 -9999 -9999 -9999 -9999 -9999 -9999 91.13130 91.81920 84.47390 87.25210 82.78350 78.34060 76.42010 76.92730 77.28220 75.93660 74.88740 73.90960 74.32890 74.27750 73.35400 72.95550 72.33920 546.09003 541.73102 350.14099 350.55701 364.86600 366.12100 560.75299 565.78802 570.09601 436.32401 449.97800 464.94699 435.27600 597.46899 584.50598 579.94397 588.77301 593.12000 603.02002 602.65900 613.27502 617.68298 633.07300 648.47998 554.87201 652.23297 553.04797 546.32703 531.63397 653.71301 668.41302 646.66803 649.36700 653.39697 656.14899 658.39899 669.83398 682.48297 689.87402 738.65198 135.14400 123.42300 110.04700
-9999 -9999 -9999 -9999 -9999 -9999 -9999 -9999 -9999 152.20900 150.16499 149.47501 151.22701 151.99699 149.75700 148.35500 146.70399 144.29700 142.15700 141.62900 142.23199 143.92101 145.85400 145.02699 143.44701 143.83501 142.96600 143.70100 143.29601 143.49200 143.66701 353.30801 366.15201 377.35901 573.74500 589.14001 471.49399 461.39700 442.50500 589.22998 579.19397 571.01703 575.29797 735.26703 580.15698 754.19897 596.54102 609.33698 621.61401 628.99597 649.87799 657.98499 555.80798 671.69598 609.06598 651.59802 643.31500 634.50897 635.04102 645.46399 649.99500 663.62299 657.02002 675.95300 666.03900 673.23798 694.57703 253.91299 220.30701 213.58501
-9999 -9999 -9999 -9999 -9999 -9999 -9999 -9999 -9999 -9999 145.52400 142.94701 143.24899 142.28999 140.60699 142.23100 142.57899 141.35699 140.57201 140.98700 141.64000 141.81500 142.73900 -9999 -9999 -9999 -9999 -9999 -9999 148.28999 150.62801 363.21201 364.82101 374.66199 383.98901 588.56702 607.97498 433.26300 422.55301 574.77197 576.98999 577.28802 582.18597 742.04102 734.58698 746.17297 751.40997 601.10101 622.73999 630.12799 637.16998 506.29300 548.36902 594.61603 679.37402 641.34698 630.57599 634.01398 634.33600 638.89502 655.17603 643.28497 557.04901 664.62402 696.41803 694.95697 677.96198 239.05400 228.94600 236.10300
-9999 -9999 -9999 -9999 -9999 -9999 -9999 -9999 -9999 -9999 -9999 -9999 140.75400 139.98000 140.15199 139.05499 139.06500 139.74899 140.09200 -9999 -9999 -9999 -9999 -9999 -9999 -9999 -9999 -9999 -9999 -9999 -9999 -9999 -9999 374.39999 553.80798 574.38702 597.21002 577.20697 400.24500 394.98199 578.63000 576.62903 579.09998 578.49500 583.81799 739.57300 753.79401 595.92401 608.70502 616.26501 630.67603 657.50299 663.90802 657.77197 657.66901 633.22302 637.62701 614.63898 465.76099 635.76801 654.15503 647.80298 664.95001 668.65002 684.10498 683.17200 622.29700 214.37601 221.30000 236.60001
-9999 -9999 -9999 -9999 -9999 -9999 -9999 -9999 -9999 -9999 -9999 -9999 -9999 -9999 -9999 -9999 -9999 -9999 -9999 -9999 -9999 -9999 -9999 -9999 -9999 -9999 -9999 -9999 -9999 -9999 -9999 -9999 -9999 -9999 565.71002 570.79199 569.16400 572.69598 384.76700 570.58502 568.09003 573.99597 726.60400 584.10797 748.19800 746.71600 617.96198 588.20697 606.78003 611.44702 622.92102 650.92603 661.67200 652.09998 645.66400 629.39099 615.25800 643.63898 621.79797 626.38800 641.30701 660.24402 652.43298 670.54602 676.58398 655.19800 656.09698 224.47099 233.34900 252.46201
