data/hydroclimate-scenarios/1948-2000.Pcorr55N_Pref_Tref/monthly_summaries/soilm2_monthly_day1_oct.asc
ncols	311
nrows	91
xllcenter	102.75
yllcenter	31.75
cellsize	0.5
NODATA_value	-9999
[rows 0 to 30 of 91, columns 210 to 279 of 311]
-9999 -9999 -9999 -9999 -9999 -9999 -9999 -9999 -9999 -9999 -9999 -9999 -9999 -9999 -9999 -9999 -9999 -9999 -9999 -9999 -9999 -9999 -9999 -9999 -9999 -9999 -9999 -9999 -9999 -9999 -9999 -9999 -9999 -9999 -9999 -9999 -9999 -9999 -9999 -9999 -9999 -9999 -9999 -9999 -9999 -9999 -9999 -9999 -9999 -9999 -9999 -9999 -9999 -9999 -9999 -9999 -9999 -9999 -9999 -9999 -9999 -9999 -9999 -9999 -9999 -9999 -9999 -9999 -9999 -9999
-9999 -9999 -9999 -9999 -9999 -9999 -9999 -9999 -9999 -9999 -9999 -9999 -9999 -9999 -9999 -9999 -9999 -9999 -9999 -9999 -9999 -9999 -9999 -9999 -9999 -9999 -9999 -9999 -9999 -9999 -9999 -9999 -9999 -9999 -9999 -9999 -9999 -9999 -9999 -9999 -9999 -9999 -9999 -9999 -9999 -9999 -9999 -9999 -9999 -9999 -9999 -9999 -9999 -9999 -9999 -9999 -9999 -9999 -9999 -9999 -9999 -9999 -9999 -9999 -9999 -9999 -9999 -9999 -9999 -9999
-9999 -9999 -9999 -9999 -9999 -9999 -9999 -9999 -9999 -9999 -9999 -9999 -9999 -9999 -9999 -9999 -9999 -9999 -9999 -9999 -9999 -9999 -9999 -9999 -9999 -9999 -9999 -9999 -9999 -9999 -9999 -9999 -9999 -9999 -9999 -9999 -9999 -9999 -9999 -9999 -9999 -9999 -9999 -9999 -9999 -9999 -9999 -9999 -9999 -9999 -9999 -9999 -9999 -9999 -9999 -9999 -9999 -9999 -9999 -9999 -9999 -9999 -9999 -9999 -9999 -9999 -9999 -9999 -9999 -9999
-9999 -9999 -9999 -9999 -9999 -9999 -9999 -9999 -9999 -9999 -9999 -9999 -9999 -9999 -9999 -9999 -9999 -9999 -9999 -9999 -9999 -9999 -9999 -9999 -9999 -9999 -9999 -9999 -9999 -9999 -9999 -9999 -9999 -9999 -9999 -9999 -9999 -9999 -9999 -9999 -9999 -9999 -9999 -9999 -9999 -9999 -9999 -9999 -9999 -9999 -9999 -9999 -9999 -9999 -9999 -9999 -9999 -9999 -9999 -9999 -9999 -9999 -9999 -9999 -9999 -9999 -9999 -9999 -9999 -9999
-9999 -9999 -9999 -9999 -9999 -9999 -9999 -9999 -9999 -9999 -9999 -9999 -9999 -9999 -9999 -9999 -9999 -9999 -9999 -9999 -9999 -9999 -9999 -9999 -9999 -9999 -9999 -9999 -9999 -9999 -9999 -9999 -9999 -9999 -9999 -9999 -9999 -9999 -9999 -9999 -9999 -9999 -9999 -9999 -9999 -9999 -9999 -9999 -9999 -9999 -9999 -9999 -9999 -9999 -9999 -9999 -9999 -9999 -9999 -9999 -9999 -9999 -9999 -9999 -9999 -9999 -9999 -9999 -9999 -9999
-9999 -9999 -9999 -9999 -9999 -9999 -9999 -9999 -9999 -9999 -9999 -9999 -9999 -9999 -9999 -9999 -9999 -9999 -9999 -9999 -9999 -9999 -9999 -9999 -9999 -9999 -9999 -9999 -9999 -9999 -9999 -9999 -9999 -9999 -9999 -9999 -9999 -9999 -9999 -9999 -9999 -9999 -9999 -9999 -9999 -9999 -9999 -9999 -9999 -9999 -9999 -9999 -9999 -9999 -9999 -9999 -9999 -9999 -9999 -9999 -9999 -9999 -9999 -9999 -9999 -9999 -9999 -9999 -9999 -9999
-9999 -9999 -9999 -9999 -9999 -9999 -9999 -9999 -9999 -9999 -9999 -9999 -9999 -9999 -9999 -9999 -9999 -9999 -9999 -9999 -9999 -9999 -9999 -9999 -9999 -9999 -9999 -9999 -9999 -9999 -9999 -9999 -9999 -9999 -9999 -9999 -9999 -9999 -9999 -9999 -9999 -9999 -9999 -9999 -9999 -9999 -9999 -9999 -9999 -9999 -9999 -9999 -9999 -9999 -9999 -9999 -9999 -9999 -9999 -9999 -9999 -9999 -9999 -9999 -9999 -9999 -9999 -9999 -9999 -9999
-9999 -9999 -9999 -9999 -9999 -9999 -9999 -9999 -9999 -9999 -9999 -9999 -9999 -9999 -9999 -9999 -9999 -9999 -9999 -9999 -9999 -9999 -9999 -9999 -9999 -9999 -9999 -9999 -9999 -9999 -9999 -9999 -9999 -9999 -9999 -9999 -9999 -9999 -9999 -9999 -9999 -9999 -9999 -9999 -9999 -9999 -9999 -9999 -9999 -9999 -9999 -9999 -9999 -9999 -9999 -9999 -9999 -9999 -9999 -9999 -9999 -9999 -9999 -9999 -9999 -9999 -9999 -9999 -9999 -9999
-9999 -9999 -9999 -9999 -9999 -9999 -9999 -9999 -9999 -9999 -9999 -9999 -9999 -9999 -9999 -9999 -9999 -9999 -9999 -9999 -9999 -9999 -9999 -9999 -9999 -9999 -9999 -9999 -9999 -9999 -9999 -9999 -9999 -9999 -9999 -9999 -9999 -9999 -9999 -9999 -9999 -9999 -9999 -9999 -9999 -9999 -9999 -9999 -9999 -9999 -9999 -9999 -9999 -9999 -9999 -9999 -9999 -9999 -9999 -9999 -9999 -9999 -9999 -9999 -9999 -9999 -9999 -9999 -9999 -9999
-9999 -9999 -9999 -9999 -9999 -9999 -9999 -9999 -9999 -9999 -9999 -9999 -9999 -9999 -9999 -9999 -9999 -9999 -9999 -9999 -9999 -9999 -9999 -9999 -9999 -9999 -9999 -9999 -9999 -9999 -9999 -9999 -9999 -9999 -9999 -9999 -9999 -9999 -9999 -9999 -9999 -9999 -9999 -9999 -9999 -9999 -9999 -9999 -9999 -9999 -9999 -9999 -9999 -9999 -9999 -9999 -9999 -9999 -9999 -9999 -9999 -9999 -9999 -9999 -9999 -9999 -9999 -9999 -9999 -9999
-9999 -9999 -9999 -9999 -9999 -9999 -9999 -9999 -9999 -9999 -9999 -9999 -9999 -9999 -9999 -9999 -9999 -9999 -9999 -9999 -9999 -9999 -9999 -9999 -9999 -9999 -9999 -9999 -9999 -9999 -9999 -9999 -9999 -9999 -9999 -9999 -9999 -9999 -9999 -9999 -9999 -9999 -9999 -9999 -9999 -9999 -9999 -9999 -9999 -9999 -9999 -9999 -9999 -9999 -9999 -9999 -9999 -9999 -9999 -9999 -9999 -9999 -9999 -9999 -9999 -9999 -9999 -9999 -9999 -9999
-9999 -9999 -9999 -9999 -9999 -9999 -9999 -9999 -9999 -9999 -9999 -9999 -9999 -9999 -9999 -9999 -9999 -9999 -9999 -9999 -9999 -9999 -9999 -9999 -9999 -9999 -9999 -9999 -9999 -9999 -9999 -9999 -9999 -9999 -9999 -9999 -9999 -9999 -9999 -9999 -9999 -9999 -9999 -9999 -9999 -9999 -9999 -9999 -9999 -9999 -9999 -9999 -9999 -9999 -9999 -9999 -9999 -9999 -9999 -9999 -9999 -9999 -9999 -9999 -9999 -9999 -9999 -9999 -9999 -9999
-9999 -9999 -9999 -9999 -9999 -9999 -9999 -9999 -9999 -9999 -9999 -9999 -9999 -9999 -9999 -9999 -9999 -9999 -9999 -9999 -9999 -9999 -9999 -9999 -9999 -9999 -9999 -9999 -9999 -9999 -9999 -9999 -9999 -9999 -9999 -9999 -9999 -9999 -9999 -9999 -9999 -9999 -9999 -9999 -9999 -9999 -9999 -9999 -9999 -9999 -9999 -9999 -9999 -9999 -9999 -9999 -9999 -9999 -9999 -9999 -9999 -9999 -9999 -9999 -9999 -9999 -9999 -9999 -9999 -9999
82.91940 83.51870 85.07080 87.06530 86.83930 87.60330 87.83360 83.83710 84.76780 -9999 -9999 -9999 -9999 -9999 -9999 -9999 -9999 -9999 -9999 -9999 -9999 -9999 -9999 -9999 -9999 -9999 -9999 -9999 -9999 -9999 -9999 -9999 -9999 -9999 -9999 -9999 -9999 -9999 -9999 -9999 -9999 -9999 -9999 -9999 -9999 -9999 -9999 -9999 -9999 -9999 86.44400 -9999 -9999 -9999 -9999 -9999 -9999 -9999 -9999 -9999 -9999 -9999 -9999 -9999 -9999 -9999 -9999 -9999 -9999 -9999
79.32170 79.77340 79.16800 80.69840 82.38570 84.34210 85.45260 86.32890 86.56570 80.32810 78.92870 78.35950 81.64160 78.21610 83.62800 84.29860 92.70190 93.50050 91.81690 91.79780 87.10410 119.04100 -9999 -9999 -9999 -9999 -9999 -9999 -9999 -9999 -9999 -9999 -9999 -9999 -9999 -9999 -9999 -9999 -9999 -9999 -9999 -9999 -9999 -9999 -9999 76.42140 73.54830 55.16320 58.86150 65.91900 69.11810 76.02510 -9999 -9999 -9999 86.74000 -9999 -9999 -9999 86.23210 89.18000 91.28100 -9999 -9999 -9999 -9999 -9999 -9999 -9999 -9999
83.05690 81.83870 80.62990 80.05670 78.98970 75.37710 75.93180 75.26720 75.52320 72.33460 74.30990 78.48050 83.73440 84.04940 98.20130 98.71960 105.62300 108.74100 103.56500 99.21910 97.69010 87.68560 85.78290 83.21490 85.52840 89.83230 91.23330 83.54400 -9999 -9999 -9999 -9999 -9999 87.70420 85.55960 85.30310 85.12040 83.75600 82.41830 77.93500 60.69170 60.83110 58.27140 55.46780 56.56150 56.20210 57.34580 62.28180 62.75010 76.01740 81.30150 79.36080 82.60360 84.42010 86.01820 86.89960 87.39500 86.85290 87.78930 90.95940 95.13460 103.80600 103.27400 99.60440 95.45140 97.34930 93.13420 -9999 -9999 -9999
78.82040 78.85070 79.72460 80.17740 83.27630 84.80210 88.48100 84.75790 86.85250 94.29840 109.98900 116.64700 117.20000 117.55800 170.92900 165.01500 180.07800 163.70700 165.84100 145.12500 98.02760 89.16880 85.01310 91.31500 90.00550 106.81300 96.86890 93.33630 94.20050 92.01330 75.86440 70.61160 67.53730 63.64280 86.85080 85.33260 87.30070 67.68290 64.72130 62.68720 60.86830 61.26940 60.16850 59.96500 60.55620 61.77210 64.50500 67.84210 65.99540 71.45840 73.41710 75.48510 77.94620 81.15050 84.18350 87.03750 87.93710 88.48480 88.87460 88.16580 89.32070 90.77700 91.60020 92.65640 94.18340 97.36260 102.41400 101.08600 99.09980 94.22570
156.20599 101.80100 107.32600 114.46100 112.77600 119.98200 118.21000 121.78600 183.42000 162.94299 146.95100 144.11501 127.28100 113.22800 110.41100 122.73400 114.06600 105.75500 102.99600 105.70500 104.55200 123.32300 124.22100 127.12200 137.82600 148.11600 135.93500 98.60020 102.51200 92.23610 113.43600 76.67300 75.73150 65.82610 81.49750 82.29180 80.53480 61.04060 62.24770 64.51680 66.39290 64.70270 62.22550 61.64460 62.69340 62.54850 60.87770 61.45970 61.95190 65.40450 67.39770 70.64280 71.16220 73.47540 75.74660 79.75170 85.65820 85.54070 86.38690 86.42670 86.01660 88.16940 88.29100 89.92420 90.78480 96.76470 98.63880 94.39270 94.58570 93.14740
144.42900 161.32700 168.34100 164.31700 164.99100 147.79700 156.71201 158.64301 129.06799 120.06300 111.64600 106.16100 106.35100 107.19800 108.31300 102.62100 108.66900 106.46500 111.47800 110.26400 107.45400 120.07700 116.10900 132.42900 146.22900 147.28500 99.37880 89.05980 91.21490 124.20900 139.53300 133.95100 79.87900 64.98330 58.94700 59.08270 61.56460 61.93800 62.21490 63.96990 65.85260 65.34670 65.94210 61.43240 63.72970 63.71300 64.80980 64.88200 67.15920 70.71220 70.04230 71.47850 71.97150 71.24340 73.16290 76.14100 76.36820 78.36550 82.47670 83.35300 85.64010 85.93180 85.94980 85.11670 93.22860 103.90700 109.25000 108.56700 109.68900 94.47320
150.13699 156.08000 164.43600 162.35100 175.31700 182.07500 159.61700 147.72900 139.66499 123.60600 123.17900 117.70300 110.87400 108.04500 106.24800 106.93700 104.96600 108.25000 107.75900 105.83400 107.25600 136.02800 138.22701 135.61700 144.64500 131.12000 108.44800 88.08190 87.60450 87.50030 92.21580 119.50200 112.93100 65.97290 56.80580 55.91490 78.26130 113.44000 113.58800 113.77500 113.62800 114.14600 114.78800 114.01500 113.65200 114.99400 114.97100 113.42200 114.34500 114.79300 115.79700 115.93400 117.17300 118.29100 92.28730 93.00900 94.62590 79.45640 77.20040 84.95000 87.40000 91.34120 100.24500 102.17000 124.49400 125.02500 124.59800 125.48700 125.93100 126.05900
147.89101 138.83501 141.79800 166.76700 204.40199 201.35100 163.26300 134.88800 120.67400 113.90100 110.18300 104.13300 102.51900 104.58200 104.64000 103.75300 103.66000 103.10200 107.69400 112.06000 113.46300 124.09300 120.57500 113.53300 116.99500 117.41700 113.25600 82.61550 85.63440 84.91570 84.60350 83.96860 91.75410 63.98880 56.74460 55.66210 54.39860 53.71820 53.96810 55.75630 59.05300 76.29980 77.08210 114.12400 114.13600 114.25000 114.13000 113.45100 113.79000 114.58700 114.98100 116.14000 116.96200 118.30300 118.64700 118.72400 118.43200 119.02300 118.36400 118.71600 119.26100 119.86400 119.13500 94.97060 122.40900 119.77900 120.44100 121.93800 123.10800 103.13200
131.33600 136.95399 156.62100 164.14900 144.96800 125.55900 107.32100 106.68000 106.35600 104.81000 105.81400 105.45500 103.88800 104.63100 103.14400 102.16600 102.13600 104.87700 104.84900 107.17900 107.69100 125.71300 126.72500 111.13700 111.94500 103.82400 105.31100 105.48000 110.02300 82.88080 81.98370 80.88700 83.85670 62.94510 55.86180 54.28760 53.80440 53.43400 52.60740 53.13080 53.13440 53.72530 53.96380 55.00700 74.64260 113.75100 113.49500 113.53100 84.07480 77.82480 79.93850 116.13200 117.46400 118.70100 117.77200 117.96700 117.38700 117.87100 117.13000 116.05100 116.20500 117.03600 119.08800 130.81000 119.26000 118.84400 120.16400 121.11300 119.52100 91.74480
174.53300 180.11900 176.61600 152.62100 122.18300 113.93100 115.66000 126.21500 145.21100 175.11200 184.23700 168.27600 146.89900 128.85300 118.04800 110.53100 102.95200 108.96600 111.28800 121.17300 113.62800 128.70799 128.99100 103.77100 101.62100 99.66150 101.59100 101.02700 77.52140 78.13830 80.25540 77.23870 74.95480 55.28710 53.54970 52.90450 55.00520 73.84230 73.86910 75.33270 76.44360 74.85970 59.11360 55.88850 54.78640 75.68080 83.72290 114.43900 115.10400 114.37800 115.25200 116.08100 117.28500 86.39540 86.05760 118.77200 119.39000 116.47700 115.91500 116.93900 118.92400 117.87700 120.89200 122.60200 118.02200 115.23600 115.61800 114.67700 114.64400 91.75060
150.41299 157.37199 149.79100 143.70200 140.93500 148.50800 140.13000 129.34100 145.15500 167.61400 168.18600 164.54900 163.83900 162.89999 163.34801 145.56799 132.74899 130.73199 117.92900 109.82300 109.67800 131.36200 133.30901 118.14500 100.87400 71.35480 72.40500 72.93580 73.10900 76.84670 79.60620 83.46250 84.61200 84.42070 80.28720 81.09500 82.53480 87.46700 89.94320 91.95290 93.52110 91.26200 90.33390 94.93270 94.79750 88.98550 88.54280 85.98460 86.75230 82.80460 83.04440 94.77860 119.70600 119.13200 117.87300 117.00900 81.38030 114.70400 115.84000 116.68800 131.21500 117.32300 118.72800 117.72600 115.36500 114.28300 114.68600 113.78300 113.76400 87.63970
142.11000 135.52400 136.13300 129.48399 130.58099 137.80000 137.19800 132.74800 128.25900 119.07700 123.88900 150.86900 153.37500 157.03900 157.19901 171.27699 170.54100 172.24300 156.81300 137.50200 110.66900 110.77500 134.01801 132.24899 157.54401 157.13200 157.72099 71.57910 70.96990 71.36880 72.25270 76.47060 79.31320 77.77020 82.00250 80.94020 84.60030 84.89980 90.39170 93.36850 98.17010 102.52500 101.33500 107.81800 105.63900 101.41900 102.54100 105.21900 105.49400 102.79700 100.97300 90.04380 86.73450 88.56500 92.52050 117.65200 114.54700 81.23660 114.03400 114.43300 115.81000 114.20000 113.86700 114.69300 115.47900 114.32700 113.56300 112.01200 111.79800 112.38600
109.81500 110.08500 133.07800 126.17000 124.92200 116.20400 118.13300 138.18100 126.16900 132.30299 132.39799 130.33701 123.98200 126.10200 130.10800 140.17599 153.38600 173.38699 129.59399 114.26400 110.07300 112.93000 112.07500 111.27800 116.64900 107.22800 112.80700 109.94900 156.00700 107.34400 100.53600 73.64720 106.12200 106.97200 107.44700 106.91500 107.61400 106.80700 110.89900 78.48550 90.33660 141.11200 154.42599 105.55500 107.18800 102.22200 104.71100 102.66700 105.85600 106.18200 98.98050 96.17860 90.36900 89.38800 87.21280 83.62150 118.15000 115.50600 79.72300 115.11800 114.37700 113.78400 113.74500 114.05300 114.21500 113.07200 111.99000 111.31600 111.60800 112.24300
133.13600 133.34399 146.25800 155.70700 157.71001 159.97900 167.96100 156.16499 214.26500 219.92700 216.22600 205.03200 219.83800 208.17000 209.80600 171.57201 129.23000 135.20399 119.81200 112.61600 103.96400 119.28400 109.92200 113.05700 113.40400 114.27000 115.59200 109.19500 108.35100 109.54500 111.43600 113.82200 113.19000 106.69000 106.28700 105.10500 105.38000 105.40600 105.79000 109.59300 118.48200 131.56200 141.79201 146.00301 142.19701 105.59400 111.36700 111.30100 107.33400 105.26100 108.56300 100.74000 93.65060 91.66810 90.63490 84.65340 83.11930 115.78000 80.76080 115.72900 115.27900 114.54400 114.82600 113.40600 113.70100 113.14400 113.04000 111.97500 111.36600 111.07000
113.73500 176.62399 190.29500 191.15500 133.36400 134.91901 148.67700 213.24300 210.49800 148.03799 152.87801 154.22400 156.10699 226.64500 154.08701 164.85699 226.96400 216.21300 146.74899 111.03400 110.47700 126.11600 128.13699 127.03700 131.53200 126.29300 125.74100 109.34800 104.26100 103.75100 104.31300 104.43900 104.88700 107.31700 103.79800 103.23500 102.88400 104.31300 106.53000 107.71000 109.39900 116.30900 120.85600 119.02700 127.81700 104.28200 108.76200 107.80000 113.70400 119.03300 116.02300 102.14200 98.04280 98.12710 94.25660 90.93150 87.85520 117.64000 81.84130 80.11720 115.86600 115.17300 114.59300 114.13000 114.39700 113.29400 112.37700 111.49700 111.11700 110.28200
130.17000 133.75000 133.13100 141.12700 142.63000 140.08400 137.13000 126.79300 126.64100 129.52600 116.70500 116.21600 115.24400 115.27700 115.69000 95.83620 116.99000 109.49200 167.79401 145.53000 106.25800 130.58099 127.23000 131.28200 141.01801 138.70700 123.33700 105.35100 101.79500 105.07600 104.63500 104.69300 105.05100 106.20700 105.35100 104.45100 103.28500 101.73600 103.10500 107.22800 112.11600 113.05300 113.96100 120.21300 120.21100 93.35660 108.94400 112.91500 117.05200 122.95600 125.20400 116.92900 121.23300 111.96000 104.65200 96.06910 89.72570 118.72100 84.31620 83.58650 117.64000 116.08100 114.74200 82.08350 79.82860 80.58660 79.57790 79.67250 111.45900 110.34900
131.74200 126.18700 126.45200 132.12500 119.99300 138.08800 137.51401 133.34500 129.39301 126.54000 113.94700 85.79460 92.21650 83.71050 84.16940 138.18100 147.52499 145.06599 189.09500 185.31500 173.30800 173.13901 163.78500 154.48300 160.59900 155.12199 135.06300 114.79100 107.65400 105.52000 101.31000 102.27900 105.26300 104.64700 103.62500 103.16000 101.60400 102.61300 105.27800 106.38700 109.59100 117.30800 115.68300 115.19800 118.15600 122.31000 110.70800 111.71100 122.38000 120.78000 121.34100 123.51500 122.09200 117.77600 109.96600 100.28900 100.69600 96.24950 91.12120 123.22000 121.11300 117.79600 116.40400 115.78800 114.58500 114.78400 114.59800 84.99910 81.57880 111.04100
136.24699 136.23300 128.92799 117.07300 100.71500 112.34300 128.20700 124.47400 119.38900 125.98800 131.83701 129.89500 115.45700 95.09120 79.88780 108.58800 140.81900 189.30600 212.95500 189.40700 159.91200 189.73100 186.80499 180.78101 181.54601 162.37000 141.37000 134.93900 124.97300 112.30800 109.36500 111.62200 109.72500 107.67400 107.38300 105.30500 103.12200 105.36100 110.26400 110.38200 112.46300 113.82400 114.34200 119.11000 92.02040 98.67400 102.54900 105.13700 113.03400 116.10200 111.91100 107.07900 102.66000 107.25000 107.81200 106.61000 107.57900 111.90800 99.67880 125.94300 125.53000 122.63200 120.02200 120.66400 118.45200 116.76500 113.92500 112.56500 111.73000 111.98000
