data/hydroclimate-scenarios/1948-2000.Pcorr55N_Pref_Tref/monthly_summaries/soilm3_monthly_day1_mar.1950-2000.asc
ncols	311
nrows	91
xllcenter	102.75
yllcenter	31.75
cellsize	0.5
NODATA_value	-9999
[rows 0 to 31 of 91, columns 71 to 141 of 311]
-9999 -9999 -9999 -9999 -9999 -9999 -9999 -9999 -9999 -9999 -9999 -9999 -9999 -9999 -9999 -9999 -9999 -9999 -9999 -9999 -9999 -9999 -9999 -9999 -9999 -9999 -9999 -9999 -9999 -9999 -9999 -9999 -9999 -9999 -9999 -9999 -9999 -9999 -9999 -9999 -9999 -9999 -9999 -9999 -9999 -9999 -9999 -9999 -9999 -9999 -9999 -9999 -9999 -9999 -9999 -9999 -9999 -9999 -9999 -9999 -9999 -9999 -9999 -9999 -9999 -9999 -9999 -9999 -9999 -9999 -9999
-9999 -9999 -9999 -9999 -9999 -9999 -9999 -9999 -9999 -9999 -9999 -9999 -9999 -9999 -9999 -9999 -9999 -9999 -9999 -9999 -9999 -9999 -9999 -9999 -9999 -9999 -9999 -9999 -9999 -9999 -9999 -9999 -9999 -9999 -9999 -9999 -9999 -9999 -9999 -9999 -9999 -9999 -9999 -9999 -9999 -9999 -9999 -9999 -9999 -9999 -9999 -9999 -9999 -9999 -9999 -9999 -9999 -9999 -9999 -9999 -9999 -9999 -9999 -9999 -9999 -9999 -9999 -9999 -9999 -9999 -9999
-9999 -9999 -9999 -9999 -9999 -9999 -9999 -9999 -9999 -9999 -9999 -9999 -9999 -9999 -9999 -9999 -9999 -9999 -9999 -9999 -9999 -9999 -9999 -9999 -9999 -9999 -9999 -9999 -9999 -9999 -9999 -9999 -9999 -9999 -9999 -9999 -9999 -9999 -9999 -9999 -9999 -9999 -9999 -9999 -9999 -9999 -9999 -9999 -9999 -9999 -9999 -9999 -9999 -9999 -9999 -9999 -9999 -9999 -9999 -9999 -9999 -9999 -9999 -9999 -9999 -9999 -9999 -9999 -9999 -9999 -9999
-9999 -9999 -9999 -9999 -9999 -9999 -9999 -9999 -9999 -9999 -9999 -9999 -9999 -9999 -9999 -9999 -9999 -9999 -9999 -9999 -9999 -9999 -9999 -9999 -9999 -9999 -9999 -9999 -9999 -9999 -9999 -9999 -9999 -9999 -9999 -9999 -9999 -9999 -9999 -9999 -9999 -9999 -9999 -9999 -9999 -9999 -9999 -9999 -9999 -9999 -9999 -9999 -9999 -9999 -9999 -9999 -9999 -9999 -9999 -9999 -9999 -9999 -9999 -9999 -9999 -9999 -9999 -9999 -9999 -9999 -9999
-9999 -9999 -9999 -9999 -9999 -9999 -9999 -9999 -9999 -9999 -9999 -9999 -9999 -9999 -9999 -9999 -9999 -9999 -9999 -9999 -9999 -9999 -9999 -9999 -9999 -9999 -9999 -9999 -9999 -9999 -9999 -9999 -9999 -9999 -9999 -9999 -9999 -9999 -9999 -9999 -9999 -9999 -9999 -9999 -9999 -9999 -9999 -9999 -9999 -9999 -9999 -9999 -9999 -9999 -9999 -9999 -9999 -9999 -9999 -9999 -9999 -9999 -9999 -9999 -9999 -9999 -9999 -9999 -9999 -9999 -9999
-9999 -9999 -9999 -9999 -9999 -9999 -9999 -9999 -9999 -9999 -9999 -9999 -9999 -9999 -9999 -9999 -9999 -9999 -9999 -9999 -9999 -9999 -9999 -9999 -9999 -9999 -9999 -9999 -9999 -9999 -9999 -9999 -9999 -9999 -9999 -9999 -9999 -9999 -9999 -9999 -9999 -9999 -9999 -9999 -9999 -9999 -9999 -9999 -9999 -9999 -9999 -9999 -9999 -9999 -9999 -9999 -9999 -9999 -9999 -9999 -9999 -9999 -9999 -9999 -9999 -9999 -9999 -9999 -9999 -9999 -9999
-9999 -9999 -9999 -9999 -9999 -9999 -9999 -9999 -9999 -9999 -9999 -9999 -9999 -9999 -9999 -9999 -9999 -9999 -9999 -9999 -9999 -9999 -9999 -9999 -9999 -9999 -9999 -9999 -9999 -9999 -9999 -9999 -9999 -9999 -9999 -9999 -9999 -9999 -9999 -9999 -9999 -9999 -9999 -9999 -9999 -9999 -9999 -9999 -9999 -9999 -9999 -9999 -9999 -9999 -9999 -9999 -9999 -9999 -9999 -9999 -9999 -9999 -9999 -9999 -9999 -9999 -9999 -9999 -9999 -9999 -9999
-9999 -9999 -9999 -9999 -9999 -9999 -9999 -9999 -9999 -9999 -9999 -9999 -9999 -9999 -9999 -9999 -9999 -9999 -9999 -9999 -9999 -9999 -9999 -9999 -9999 -9999 -9999 -9999 -9999 -9999 -9999 -9999 -9999 -9999 -9999 -9999 -9999 -9999 -9999 -9999 -9999 -9999 -9999 -9999 -9999 -9999 -9999 -9999 -9999 -9999 -9999 -9999 -9999 -9999 -9999 -9999 -9999 -9999 -9999 -9999 -9999 -9999 -9999 -9999 -9999 -9999 -9999 -9999 -9999 -9999 -9999
-9999 -9999 -9999 -9999 -9999 -9999 22.35420 -9999 -9999 -9999 -9999 -9999 -9999 -9999 -9999 -9999 -9999 -9999 -9999 -9999 -9999 -9999 -9999 -9999 -9999 -9999 -9999 -9999 -9999 -9999 -9999 -9999 -9999 -9999 -9999 -9999 -9999 -9999 -9999 -9999 -9999 -9999 -9999 -9999 -9999 -9999 -9999 -9999 -9999 -9999 -9999 -9999 -9999 -9999 -9999 -9999 -9999 -9999 -9999 -9999 -9999 -9999 -9999 -9999 -9999 -9999 -9999 -9999 -9999 -9999 -9999
-9999 -9999 22.54900 22.31200 22.32390 22.34290 22.34350 22.36760 22.05230 21.96600 21.77370 21.67010 21.67320 21.88460 21.24930 20.77030 21.09210 20.97500 20.99440 21.20100 21.73310 22.43870 -9999 -9999 -9999 -9999 -9999 -9999 -9999 -9999 -9999 -9999 -9999 -9999 -9999 -9999 -9999 -9999 -9999 -9999 -9999 -9999 -9999 -9999 -9999 -9999 -9999 -9999 -9999 -9999 -9999 -9999 -9999 -9999 -9999 -9999 -9999 -9999 -9999 -9999 -9999 -9999 -9999 -9999 -9999 -9999 -9999 -9999 -9999 -9999 -9999
-9999 -9999 -9999 -9999 20.81270 20.61450 20.31480 20.31920 20.32770 20.33600 20.34780 20.35640 20.37580 20.37420 20.37120 20.37990 20.40190 20.42710 20.42610 20.43680 20.44560 20.72420 -9999 -9999 -9999 -9999 -9999 -9999 -9999 -9999 -9999 -9999 -9999 -9999 -9999 -9999 -9999 -9999 -9999 -9999 -9999 -9999 -9999 -9999 -9999 -9999 -9999 -9999 -9999 -9999 -9999 -9999 -9999 -9999 -9999 -9999 -9999 -9999 -9999 -9999 -9999 -9999 -9999 -9999 -9999 -9999 -9999 -9999 -9999 -9999 -9999
21.90520 22.30680 21.81140 21.91310 20.90430 21.40900 23.41160 21.51460 21.31910 21.33180 20.43210 20.33590 20.34670 20.35980 20.37520 20.38710 20.41540 20.43970 20.63880 21.12140 21.12720 20.61520 18.47260 18.26770 18.23590 18.22830 18.21270 18.22850 -9999 -9999 -9999 -9999 -9999 -9999 -9999 -9999 -9999 -9999 -9999 -9999 -9999 -9999 -9999 -9999 -9999 -9999 -9999 -9999 -9999 -9999 -9999 -9999 -9999 -9999 -9999 -9999 -9999 -9999 -9999 -9999 -9999 -9999 -9999 -9999 -9999 -9999 -9999 -9999 -9999 -9999 -9999
23.00490 22.90650 21.71840 22.92400 23.21620 22.41780 22.61670 23.42550 23.41270 23.51560 21.44610 21.47060 21.36600 21.16580 20.37250 20.40550 21.44530 23.25160 22.81600 18.45960 18.38740 19.18040 19.07630 18.31940 18.25380 18.23700 18.22220 18.22020 18.22030 18.21290 18.21020 18.20760 18.21550 18.21580 18.21640 18.21280 18.20390 18.20410 18.20270 18.20230 18.20230 18.20210 18.20370 -9999 -9999 -9999 -9999 -9999 -9999 -9999 -9999 -9999 -9999 -9999 -9999 -9999 -9999 -9999 -9999 -9999 -9999 -9999 -9999 -9999 -9999 -9999 -9999 -9999 -9999 -9999 -9999
22.38220 22.28360 22.32890 22.80620 22.71550 22.80700 22.71460 22.72130 22.71100 23.00320 22.71380 22.96510 23.01930 23.38560 22.59700 22.41770 23.43850 23.65050 23.12340 20.34820 19.81900 20.34870 20.93500 21.78980 21.24200 20.76380 21.03740 21.13220 19.63540 18.42970 18.21270 18.21140 19.01000 18.70680 18.21090 18.20960 18.20550 18.20460 18.20350 18.20340 18.20460 18.20590 18.20650 21.45680 -9999 -9999 -9999 -9999 -9999 -9999 -9999 -9999 -9999 -9999 -9999 -9999 -9999 -9999 -9999 -9999 -9999 -9999 -9999 -9999 -9999 -9999 -9999 -9999 -9999 -9999 -9999
22.85550 22.81910 22.72060 22.88390 22.84540 21.83500 21.97180 22.85850 21.78440 21.17440 20.58100 21.36870 21.76670 21.76230 21.08490 20.61770 20.64010 19.97510 20.94230 21.63870 19.78730 20.67630 20.63040 20.50650 19.70050 19.92530 20.15890 20.83190 19.62830 19.62910 19.61770 19.61400 19.61000 19.61070 19.61180 19.61260 19.61210 19.61290 19.11280 18.21510 18.20830 18.21240 18.21310 18.20570 -9999 -9999 -9999 -9999 -9999 -9999 -9999 -9999 -9999 -9999 -9999 -9999 -9999 -9999 -9999 21.11330 21.21990 -9999 -9999 -9999 -9999 18.36360 18.64190 18.90790 21.53270 22.36160 21.81530
22.78420 22.78810 22.82730 22.85650 22.82450 21.21730 19.62400 20.86730 19.77490 21.97830 22.02850 20.03340 19.65070 19.69200 19.71890 19.71060 20.29790 20.57950 21.60430 20.41920 21.50920 20.92210 19.70180 19.65190 19.64520 20.33280 23.40880 23.21300 20.02700 19.62550 19.62060 19.61570 20.71220 22.40680 23.10410 20.30970 19.60820 20.10780 22.50780 22.56710 21.75140 22.01660 21.14360 20.05080 19.13590 19.32430 21.33220 20.22210 20.92960 21.82560 22.39120 21.69560 21.69500 22.93860 22.82030 22.31460 22.28560 22.28530 22.04510 21.64040 22.31110 -9999 -9999 -9999 -9999 -9999 18.27990 18.55080 20.84620 21.55860 22.09050
22.96210 22.29410 22.86500 22.96580 22.34170 22.74820 22.45820 21.53050 19.61360 19.61010 19.60910 19.61080 19.61840 19.63930 20.25660 20.99870 20.55910 20.47950 19.66560 21.04680 20.94140 20.14260 19.63710 19.62800 19.63130 19.62900 19.61880 19.62040 19.61400 19.61410 19.61190 19.60710 20.60650 20.10920 19.61750 19.61680 19.62490 19.92420 21.64750 21.99190 20.21320 21.67120 19.82960 20.22890 19.62220 19.61850 19.62200 19.62570 19.66420 19.71520 20.07890 20.43260 21.06500 21.83650 22.59140 22.83920 22.96580 23.04060 22.73350 22.31110 22.31450 22.33880 22.26530 20.86730 20.38150 18.31700 18.32180 18.48280 20.52690 20.79060 21.81640
22.95960 22.64400 22.74730 23.04060 22.90680 21.30010 21.08600 21.41450 21.61110 21.30650 20.20470 20.20430 20.21020 21.05360 20.26560 19.68590 20.16390 20.04590 20.14140 22.49300 21.82890 21.22000 20.01790 19.61520 19.62540 19.62110 19.61830 19.61760 19.61520 19.61840 19.61290 19.71130 20.00580 20.20410 20.31210 20.31180 22.09350 21.31140 22.10810 22.70820 21.21540 20.01720 22.70710 22.80960 21.23010 19.82840 19.92860 19.61860 19.62100 20.22530 22.32590 22.73130 22.65840 21.85640 22.53930 21.72600 22.19100 22.85950 23.10960 23.19300 22.81150 22.65410 22.48890 22.33030 22.29150 22.23340 20.56660 20.49760 21.13710 22.13220 22.74890
23.11030 23.05680 22.76300 22.32900 22.81550 22.10260 22.70280 22.82890 22.51220 20.70450 21.10690 21.50960 20.60950 20.42200 20.73630 21.13520 19.63580 19.62790 19.83570 21.71330 21.17840 20.94120 21.03970 20.03170 19.62090 19.62240 19.61560 19.61790 19.61940 19.61640 20.51650 21.75310 20.50920 21.80490 19.81290 19.91260 20.61210 20.72300 22.60940 22.91220 22.21640 20.71840 21.07080 22.57800 22.94360 22.81080 22.80340 21.00610 19.60970 21.31570 21.73640 22.74350 21.72580 21.49020 22.35390 22.33480 22.36720 23.07340 23.17230 23.28960 23.38520 23.46410 23.57420 22.87600 22.73880 22.62200 22.56620 22.48360 22.70960 22.83400 22.95990
23.01450 23.06800 22.97800 22.53330 22.34490 22.80350 22.90050 22.90520 22.91090 22.90250 22.96750 22.90590 22.64960 22.74440 22.73470 22.81190 22.40780 19.81710 19.62680 19.64320 19.67810 19.75070 19.84780 19.64640 19.62120 19.61410 19.61180 19.60850 20.30820 20.93200 20.32030 21.62310 22.71650 22.81050 21.41040 22.50640 22.31350 22.12000 20.42140 21.74770 22.93950 22.92520 21.25020 21.65510 22.95290 22.96260 22.83150 22.81030 21.70650 20.22790 19.67520 21.16590 21.43560 20.37810 20.14240 21.19640 21.36670 22.68480 23.24240 23.10870 23.19370 23.21690 23.04170 23.50710 23.59380 22.90170 23.63590 22.85550 22.81640 22.87260 22.54840
22.87520 22.78080 22.50820 22.57000 22.59400 22.32110 22.28730 22.28380 22.72410 22.90150 22.91150 23.04860 23.17280 23.09480 22.81230 22.83760 22.74750 22.72500 22.61190 21.31860 21.01370 20.31850 20.51470 20.90620 20.21320 20.61530 20.30930 20.70580 20.71050 22.41200 22.40550 22.90550 22.85290 22.77220 22.75840 22.87190 22.83410 22.86000 22.89670 22.81750 22.96230 22.99160 22.95910 22.94160 22.86960 22.86150 22.83180 22.74320 22.72900 22.52060 22.30650 22.91560 22.89340 22.78850 22.80900 23.07450 23.23180 23.32870 23.21350 23.44520 23.38100 23.31710 22.73340 23.39780 23.27750 23.33950 22.80420 22.88350 22.84660 22.82660 22.07870
23.21060 23.21520 23.13480 23.04640 23.05940 23.00760 22.49510 22.75860 22.81500 22.82110 22.90520 22.71240 22.77610 22.89050 23.10700 23.13680 23.10000 23.03730 22.69110 22.34840 22.83140 22.82740 22.11460 20.72470 19.93530 20.23540 20.31790 20.22470 22.90800 22.91440 22.91300 22.93410 22.82400 22.97890 22.83490 22.94250 22.91770 22.94060 22.37590 22.91990 23.01700 22.97780 22.98010 22.92050 22.85480 22.89370 22.84950 22.91280 22.82070 22.79980 22.96500 22.92990 23.38260 22.75900 23.32090 23.23900 22.84850 23.28850 23.32780 23.57410 23.34560 23.46710 23.47220 23.25830 23.33670 22.64520 22.69800 22.57920 21.88770 22.25270 21.18320
23.10370 23.27490 23.24380 23.26000 23.19950 23.03470 22.90630 22.49940 22.93630 22.82820 22.85530 22.94780 22.80740 22.30000 22.77690 22.31700 22.41510 23.00570 23.12840 22.85530 22.48870 22.98880 22.84230 22.65770 19.64990 19.65530 20.05440 20.44700 20.78310 22.55640 22.95150 22.94890 22.99390 22.50190 22.52380 22.93960 22.96210 22.94210 22.97580 22.97570 22.94820 22.98730 22.98420 22.84880 23.04300 23.16010 23.04120 23.04650 23.03410 23.10170 23.16050 23.11480 23.21740 23.40490 22.71190 22.78850 23.09730 23.26850 23.12560 23.13540 23.32750 23.44200 23.40970 22.65560 22.55510 21.40230 21.44390 20.87530 20.89810 20.92790 20.80560
23.08620 23.13490 23.03020 23.11950 23.22320 23.19700 23.21040 23.20000 23.15810 23.01670 22.92540 23.03460 23.04150 22.97880 23.22360 23.15490 23.04040 22.34140 22.96040 23.28040 23.28230 23.29800 23.18180 22.93730 21.36690 20.96240 20.16360 20.76660 21.57370 20.87680 20.89430 20.69330 20.19710 21.47650 22.72980 22.93810 22.96080 22.97780 22.95800 23.01880 23.11420 23.09390 22.97300 22.40420 22.31580 22.86970 22.97200 23.05790 23.16280 23.17460 23.22080 22.94080 23.23730 22.98940 23.28960 23.40900 23.26740 23.36580 23.08150 23.09640 23.25200 23.52260 23.57040 23.25820 21.69600 21.16630 21.16140 21.04270 21.78980 22.11440 21.18920
23.13010 23.13250 23.02570 22.91200 22.97540 23.02080 23.04450 23.04430 22.97000 22.97740 22.96890 22.89920 22.39430 22.84120 23.15230 23.21750 23.17450 23.17280 22.51190 22.97680 23.15020 23.20200 23.11200 23.04630 22.85600 22.80970 21.17100 22.94480 22.95270 22.95790 22.96240 22.95050 21.74500 21.24970 22.54380 22.85680 22.83090 22.85570 22.92780 23.10690 23.21490 22.94560 23.31390 22.58450 22.80950 22.92110 23.01490 23.08120 23.18790 23.19760 23.03670 23.14230 23.25490 23.44810 23.29670 23.39470 23.20620 23.18200 23.33440 23.27550 23.42160 23.25930 23.24770 22.32500 23.37700 23.78110 22.71980 21.75840 21.61300 22.51630 22.88770
23.27690 23.29500 23.17300 23.13990 23.14550 22.93240 22.99290 22.95330 22.92240 23.01880 23.29860 23.22500 22.92460 22.83970 22.97660 23.09990 23.16780 23.12940 23.19760 23.16560 23.18440 23.08830 23.00070 22.96350 22.98510 22.99980 22.88380 22.88160 22.95360 22.97350 22.96600 23.17140 23.32750 23.24040 22.86130 22.99000 22.98810 23.05690 23.08190 23.31610 22.86800 23.38430 23.31070 23.40050 23.25020 23.02660 22.42920 22.49990 22.52870 22.57100 23.17730 23.12420 23.11190 23.08020 23.05580 23.26250 23.40310 23.38610 23.51810 23.73480 23.99400 23.72130 23.50610 20.04170 18.71510 18.60150 18.67810 18.88240 21.90400 22.86050 22.85900
23.20010 23.42980 23.29880 23.13310 23.14050 23.14090 23.02410 23.00840 22.95550 23.11770 23.31220 23.73070 23.84380 23.46980 23.03710 23.03150 23.23510 23.22550 23.38870 23.28060 23.29090 23.22600 23.30790 23.06920 23.04930 23.00400 22.95900 22.91510 22.94410 22.94540 23.33750 22.97450 22.95560 23.13380 23.05150 22.94830 23.15030 23.42990 22.66490 23.38090 23.56080 23.59940 23.05190 22.92850 22.81460 22.71780 21.58640 22.64160 21.94140 18.93820 22.71850 23.33530 23.37210 21.63920 20.95550 22.06300 23.25920 21.13780 18.52280 18.56740 18.48140 19.44400 19.12760 18.54560 18.79910 22.57900 19.08260 22.38790 22.72030 22.82790 22.83380
23.10580 23.27950 23.23360 23.22980 23.18230 23.10570 22.50970 22.99620 23.07450 22.98640 22.95180 23.09710 23.10570 23.53400 23.22070 23.22490 23.29560 23.25480 23.24010 23.21480 23.52960 23.29910 23.21960 23.07550 23.03350 23.05020 23.30770 22.97130 22.97660 23.23820 23.27250 23.06330 22.97340 23.05750 23.11950 22.94570 23.22450 23.37430 23.46910 22.91430 23.03030 23.07690 22.96760 23.66230 22.22190 20.44720 18.72340 18.80680 18.85090 18.79040 18.79210 20.12290 21.18200 20.76480 21.53760 20.52730 18.76920 18.61210 18.60490 18.70520 18.56650 18.60550 19.83740 21.83480 21.84220 22.69600 22.71720 22.71830 22.80910 22.76940 22.79770
23.20560 23.30920 23.34680 23.25330 23.23380 23.32980 22.74300 22.58160 22.65760 23.23810 22.97890 23.03720 23.09600 23.17340 23.31800 23.31280 23.18150 22.94900 23.20100 23.23060 23.24840 23.32460 23.30550 23.12990 23.05230 22.96790 23.05080 22.95410 22.81540 22.97030 22.87250 23.15330 22.99280 23.03900 23.08420 22.55630 23.21450 23.40040 23.33970 23.30770 23.40410 22.31910 21.88440 22.11940 18.85210 18.88750 20.35050 21.49860 21.71020 19.66760 18.55270 18.46040 22.44330 19.86650 18.67810 18.77500 18.64940 18.56630 18.77790 18.54500 19.35760 21.37250 22.59360 22.68460 22.85050 22.86100 22.90710 22.90900 22.85000 22.81010 22.85680
23.21260 23.30710 23.36310 23.35270 23.33980 23.32260 23.42640 22.78300 23.36030 23.39530 23.27120 23.11560 23.15700 22.82440 23.34720 23.38490 23.40880 23.22690 23.13470 23.21790 22.98430 23.37570 23.57480 23.33490 23.12200 22.47390 23.21450 23.15020 22.98780 23.03060 23.03520 22.85370 23.05660 23.14560 23.03720 23.00440 22.97140 22.93750 23.15230 23.19630 23.17120 21.76050 19.04300 18.85350 18.51960 20.90430 22.51760 22.53070 23.24500 23.08290 -9999 -9999 22.51020 21.06280 18.66540 18.78150 18.84120 18.89680 22.41730 22.64130 22.64660 22.70540 22.75550 22.82950 22.95930 23.05260 23.08950 23.14360 22.98950 22.96190 22.60330
23.15100 23.13040 23.14000 23.25080 23.42810 23.53060 23.51720 23.38550 23.06090 23.04090 23.02620 22.92360 22.90100 23.00550 23.29090 23.30530 23.54020 23.35210 23.12100 23.46610 22.79710 23.41150 23.36140 23.52260 23.34440 23.39280 23.42430 23.30460 22.51500 23.10770 23.11880 22.97950 23.04150 23.13470 23.16220 22.90460 22.85890 22.79990 22.74250 -9999 -9999 -9999 -9999 23.16330 -9999 22.59780 23.39010 23.31380 23.23420 23.08000 -9999 -9999 22.20830 18.86800 18.88490 20.77710 22.37730 22.44630 22.50800 22.71290 22.70260 22.75530 22.76220 22.75880 22.77200 22.67870 23.02710 23.14080 22.97390 22.93360 22.95970
23.00960 23.12480 23.13960 23.15930 23.54620 23.46540 23.25350 23.12100 22.80530 22.69970 22.75930 22.89540 22.85470 22.87900 22.82830 22.77590 23.32170 23.28090 23.31940 23.29550 23.44010 23.37720 23.41070 23.31090 22.94990 23.23660 22.88820 23.34060 23.25350 23.08420 22.98160 22.89660 23.00410 22.98330 22.96610 22.80040 22.78310 -9999 -9999 -9999 -9999 -9999 -9999 -9999 23.32630 23.30960 23.34390 -9999 -9999 -9999 -9999 -9999 19.18700 19.82910 22.39800 22.47740 22.09280 22.17520 22.68950 22.77280 22.68600 22.70800 22.73650 22.48540 22.50050 22.82980 23.02870 23.15280 23.00650 22.92710 -9999
