data/hydroclimate-scenarios/1948-2000.Pcorr55N_Pref_Tref/monthly_summaries/soilm2_monthly_day1_apr.1950-2000.asc
ncols	311
nrows	91
xllcenter	102.75
yllcenter	31.75
cellsize	0.5
NODATA_value	-9999
[rows 0 to 30 of 91, columns 210 to 279 of 311]
-9999 -9999 -9999 -9999 -9999 -9999 -9999 -9999 -9999 -9999 -9999 -9999 -9999 -9999 -9999 -9999 -9999 -9999 -9999 -9999 -9999 -9999 -9999 -9999 -9999 -9999 -9999 -9999 -9999 -9999 -9999 -9999 -9999 -9999 -9999 -9999 -9999 -9999 -9999 -9999 -9999 -9999 -9999 -9999 -9999 -9999 -9999 -9999 -9999 -9999 -9999 -9999 -9999 -9999 -9999 -9999 -9999 -9999 -9999 -9999 -9999 -9999 -9999 -9999 -9999 -9999 -9999 -9999 -9999 -9999
-9999 -9999 -9999 -9999 -9999 -9999 -9999 -9999 -9999 -9999 -9999 -9999 -9999 -9999 -9999 -9999 -9999 -9999 -9999 -9999 -9999 -9999 -9999 -9999 -9999 -9999 -9999 -9999 -9999 -9999 -9999 -9999 -9999 -9999 -9999 -9999 -9999 -9999 -9999 -9999 -9999 -9999 -9999 -9999 -9999 -9999 -9999 -9999 -9999 -9999 -9999 -9999 -9999 -9999 -9999 -9999 -9999 -9999 -9999 -9999 -9999 -9999 -9999 -9999 -9999 -9999 -9999 -9999 -9999 -9999
-9999 -9999 -9999 -9999 -9999 -9999 -9999 -9999 -9999 -9999 -9999 -9999 -9999 -9999 -9999 -9999 -9999 -9999 -9999 -9999 -9999 -9999 -9999 -9999 -9999 -9999 -9999 -9999 -9999 -9999 -9999 -9999 -9999 -9999 -9999 -9999 -9999 -9999 -9999 -9999 -9999 -9999 -9999 -9999 -9999 -9999 -9999 -9999 -9999 -9999 -9999 -9999 -9999 -9999 -9999 -9999 -9999 -9999 -9999 -9999 -9999 -9999 -9999 -9999 -9999 -9999 -9999 -9999 -9999 -9999
-9999 -9999 -9999 -9999 -9999 -9999 -9999 -9999 -9999 -9999 -9999 -9999 -9999 -9999 -9999 -9999 -9999 -9999 -9999 -9999 -9999 -9999 -9999 -9999 -9999 -9999 -9999 -9999 -9999 -9999 -9999 -9999 -9999 -9999 -9999 -9999 -9999 -9999 -9999 -9999 -9999 -9999 -9999 -9999 -9999 -9999 -9999 -9999 -9999 -9999 -9999 -9999 -9999 -9999 -9999 -9999 -9999 -9999 -9999 -9999 -9999 -9999 -9999 -9999 -9999 -9999 -9999 -9999 -9999 -9999
-9999 -9999 -9999 -9999 -9999 -9999 -9999 -9999 -9999 -9999 -9999 -9999 -9999 -9999 -9999 -9999 -9999 -9999 -9999 -9999 -9999 -9999 -9999 -9999 -9999 -9999 -9999 -9999 -9999 -9999 -9999 -9999 -9999 -9999 -9999 -9999 -9999 -9999 -9999 -9999 -9999 -9999 -9999 -9999 -9999 -9999 -9999 -9999 -9999 -9999 -9999 -9999 -9999 -9999 -9999 -9999 -9999 -9999 -9999 -9999 -9999 -9999 -9999 -9999 -9999 -9999 -9999 -9999 -9999 -9999
-9999 -9999 -9999 -9999 -9999 -9999 -9999 -9999 -9999 -9999 -9999 -9999 -9999 -9999 -9999 -9999 -9999 -9999 -9999 -9999 -9999 -9999 -9999 -9999 -9999 -9999 -9999 -9999 -9999 -9999 -9999 -9999 -9999 -9999 -9999 -9999 -9999 -9999 -9999 -9999 -9999 -9999 -9999 -9999 -9999 -9999 -9999 -9999 -9999 -9999 -9999 -9999 -9999 -9999 -9999 -9999 -9999 -9999 -9999 -9999 -9999 -9999 -9999 -9999 -9999 -9999 -9999 -9999 -9999 -9999
-9999 -9999 -9999 -9999 -9999 -9999 -9999 -9999 -9999 -9999 -9999 -9999 -9999 -9999 -9999 -9999 -9999 -9999 -9999 -9999 -9999 -9999 -9999 -9999 -9999 -9999 -9999 -9999 -9999 -9999 -9999 -9999 -9999 -9999 -9999 -9999 -9999 -9999 -9999 -9999 -9999 -9999 -9999 -9999 -9999 -9999 -9999 -9999 -9999 -9999 -9999 -9999 -9999 -9999 -9999 -9999 -9999 -9999 -9999 -9999 -9999 -9999 -9999 -9999 -9999 -9999 -9999 -9999 -9999 -9999
-9999 -9999 -9999 -9999 -9999 -9999 -9999 -9999 -9999 -9999 -9999 -9999 -9999 -9999 -9999 -9999 -9999 -9999 -9999 -9999 -9999 -9999 -9999 -9999 -9999 -9999 -9999 -9999 -9999 -9999 -9999 -9999 -9999 -9999 -9999 -9999 -9999 -9999 -9999 -9999 -9999 -9999 -9999 -9999 -9999 -9999 -9999 -9999 -9999 -9999 -9999 -9999 -9999 -9999 -9999 -9999 -9999 -9999 -9999 -9999 -9999 -9999 -9999 -9999 -9999 -9999 -9999 -9999 -9999 -9999
-9999 -9999 -9999 -9999 -9999 -9999 -9999 -9999 -9999 -9999 -9999 -9999 -9999 -9999 -9999 -9999 -9999 -9999 -9999 -9999 -9999 -9999 -9999 -9999 -9999 -9999 -9999 -9999 -9999 -9999 -9999 -9999 -9999 -9999 -9999 -9999 -9999 -9999 -9999 -9999 -9999 -9999 -9999 -9999 -9999 -9999 -9999 -9999 -9999 -9999 -9999 -9999 -9999 -9999 -9999 -9999 -9999 -9999 -9999 -9999 -9999 -9999 -9999 -9999 -9999 -9999 -9999 -9999 -9999 -9999
-9999 -9999 -9999 -9999 -9999 -9999 -9999 -9999 -9999 -9999 -9999 -9999 -9999 -9999 -9999 -9999 -9999 -9999 -9999 -9999 -9999 -9999 -9999 -9999 -9999 -9999 -9999 -9999 -9999 -9999 -9999 -9999 -9999 -9999 -9999 -9999 -9999 -9999 -9999 -9999 -9999 -9999 -9999 -9999 -9999 -9999 -9999 -9999 -9999 -9999 -9999 -9999 -9999 -9999 -9999 -9999 -9999 -9999 -9999 -9999 -9999 -9999 -9999 -9999 -9999 -9999 -9999 -9999 -9999 -9999
-9999 -9999 -9999 -9999 -9999 -9999 -9999 -9999 -9999 -9999 -9999 -9999 -9999 -9999 -9999 -9999 -9999 -9999 -9999 -9999 -9999 -9999 -9999 -9999 -9999 -9999 -9999 -9999 -9999 -9999 -9999 -9999 -9999 -9999 -9999 -9999 -9999 -9999 -9999 -9999 -9999 -9999 -9999 -9999 -9999 -9999 -9999 -9999 -9999 -9999 -9999 -9999 -9999 -9999 -9999 -9999 -9999 -9999 -9999 -9999 -9999 -9999 -9999 -9999 -9999 -9999 -9999 -9999 -9999 -9999
-9999 -9999 -9999 -9999 -9999 -9999 -9999 -9999 -9999 -9999 -9999 -9999 -9999 -9999 -9999 -9999 -9999 -9999 -9999 -9999 -9999 -9999 -9999 -9999 -9999 -9999 -9999 -9999 -9999 -9999 -9999 -9999 -9999 -9999 -9999 -9999 -9999 -9999 -9999 -9999 -9999 -9999 -9999 -9999 -9999 -9999 -9999 -9999 -9999 -9999 -9999 -9999 -9999 -9999 -9999 -9999 -9999 -9999 -9999 -9999 -9999 -9999 -9999 -9999 -9999 -9999 -9999 -9999 -9999 -9999
-9999 -9999 -9999 -9999 -9999 -9999 -9999 -9999 -9999 -9999 -9999 -9999 -9999 -9999 -9999 -9999 -9999 -9999 -9999 -9999 -9999 -9999 -9999 -9999 -9999 -9999 -9999 -9999 -9999 -9999 -9999 -9999 -9999 -9999 -9999 -9999 -9999 -9999 -9999 -9999 -9999 -9999 -9999 -9999 -9999 -9999 -9999 -9999 -9999 -9999 -9999 -9999 -9999 -9999 -9999 -9999 -9999 -9999 -9999 -9999 -9999 -9999 -9999 -9999 -9999 -9999 -9999 -9999 -9999 -9999
85.38260 84.95430 86.30160 88.23790 88.28890 89.39100 89.59640 85.67910 86.66890 -9999 -9999 -9999 -9999 -9999 -9999 -9999 -9999 -9999 -9999 -9999 -9999 -9999 -9999 -9999 -9999 -9999 -9999 -9999 -9999 -9999 -9999 -9999 -9999 -9999 -9999 -9999 -9999 -9999 -9999 -9999 -9999 -9999 -9999 -9999 -9999 -9999 -9999 -9999 -9999 -9999 89.97880 -9999 -9999 -9999 -9999 -9999 -9999 -9999 -9999 -9999 -9999 -9999 -9999 -9999 -9999 -9999 -9999 -9999 -9999 -9999
79.98140 80.48890 80.07590 82.30100 84.74990 87.38090 88.65460 89.38510 89.87130 81.52690 80.48430 80.72750 84.25080 80.45530 85.08440 85.76920 93.59250 94.12680 92.63880 92.40180 88.30950 105.22900 -9999 -9999 -9999 -9999 -9999 -9999 -9999 -9999 -9999 -9999 -9999 -9999 -9999 -9999 -9999 -9999 -9999 -9999 -9999 -9999 -9999 -9999 -9999 79.02340 75.08880 56.80280 60.38920 67.44600 70.97990 79.08650 -9999 -9999 -9999 87.88900 -9999 -9999 -9999 88.11050 90.52660 91.95180 -9999 -9999 -9999 -9999 -9999 -9999 -9999 -9999
84.24840 82.99290 82.05590 82.16200 81.56450 76.88030 77.67050 77.02500 77.43060 73.59850 75.02850 79.46000 83.61120 84.03840 94.05260 94.13010 98.23680 100.06400 97.11510 94.67750 93.76930 86.67230 85.14810 83.51820 85.68640 89.05030 91.44830 84.14270 -9999 -9999 -9999 -9999 -9999 91.53440 89.00770 88.03270 88.84190 88.25010 87.02990 79.98190 62.86340 63.54340 61.07100 58.29930 59.62550 57.52700 58.65660 63.23570 63.69070 76.20340 81.26300 81.55890 84.55260 86.22090 87.55990 88.22590 88.69980 88.22780 88.87350 91.32490 93.94230 99.80720 99.58920 97.76370 95.28960 97.29180 95.26340 -9999 -9999 -9999
80.74000 81.41090 82.50430 82.60320 85.37620 86.40980 89.02250 86.89640 88.50300 91.81270 102.46400 108.20800 109.86100 110.45900 162.48500 160.10500 169.56100 158.22301 160.09500 144.80600 98.17480 90.85230 86.99800 92.74210 91.55210 109.64600 97.05420 93.48050 94.52270 94.17850 77.91290 73.26610 70.41590 66.00610 89.79170 88.08850 90.07360 69.87520 67.32180 65.94260 63.62580 64.18870 63.09560 62.59740 63.27790 64.39610 66.87730 70.45690 68.89390 73.28470 75.50400 77.60290 80.33610 83.86810 86.40760 88.25680 88.72000 88.92500 89.31480 89.19940 90.33710 92.16090 92.93370 94.00870 95.15980 98.01680 100.72200 99.64380 98.42550 95.80570
151.19501 100.13500 101.82400 105.02600 104.92100 109.18000 109.15500 112.83100 170.12000 158.83200 146.83000 144.22600 129.85201 116.56700 113.53700 125.26800 116.79600 108.26700 105.05000 108.35800 108.93100 132.59801 132.76199 132.18401 141.02400 152.82300 137.91901 100.01400 102.98600 91.36870 114.31900 77.17210 76.39810 67.35940 85.29730 86.37620 84.87290 64.33000 65.22170 67.86120 69.38820 68.19940 65.42330 64.40030 65.61780 65.49250 64.03460 65.05410 65.39570 67.65390 70.03860 73.42860 74.55680 77.26630 79.69590 82.47930 87.53360 86.82210 87.56200 88.21440 87.94000 90.07760 90.36670 92.12730 92.88270 97.77890 99.04060 96.03490 96.30560 95.57590
149.66400 161.61501 166.39400 163.77800 164.33501 151.68700 158.19901 159.38300 134.75500 128.09399 114.58600 110.45000 113.13700 112.95800 114.11900 105.28400 116.43400 109.43600 120.16300 118.86800 114.44900 129.07100 123.50900 140.95100 153.83000 154.11000 105.72600 93.09350 93.97240 127.94300 143.52901 134.46800 79.86180 66.42110 63.78760 65.94980 66.58670 66.25440 66.14260 68.10620 72.54180 71.55480 71.81480 64.31750 66.32660 68.46250 69.64530 70.32620 73.13920 75.67990 72.70350 75.17390 76.46050 75.65490 77.39620 80.07910 80.23920 82.03160 85.50840 85.95010 88.24750 89.05540 89.20170 88.59170 95.88160 106.78700 111.66000 111.78500 111.93200 97.86790
153.75400 160.16499 164.75800 164.70599 172.88901 175.95799 162.73100 154.85500 148.21800 133.72600 133.52000 128.29100 120.79000 116.54200 114.42800 114.34000 112.35800 116.59400 115.72200 112.75400 114.28900 149.00200 150.09700 145.42300 153.75000 136.34300 114.81100 90.23880 90.57680 91.69210 96.02610 122.95200 113.65000 67.49180 60.15270 61.30880 83.32780 118.82800 119.54800 120.09400 120.33700 119.99300 120.49400 120.13200 119.95800 119.95900 119.87800 119.20400 120.03200 119.85000 120.35000 121.48400 122.21100 122.57400 97.42540 97.91330 99.23950 82.72340 80.99770 88.08290 90.50700 97.02030 104.84400 106.79000 125.29000 125.33100 125.20500 125.45000 125.58500 125.71800
156.09399 148.88100 150.68300 167.62300 185.18300 182.93201 164.24899 147.17599 135.28700 126.11400 121.24900 112.90400 110.19600 113.11000 113.16300 112.07700 112.02100 110.05500 115.80400 120.75800 122.60600 137.80000 130.10400 121.02500 123.49100 122.66900 117.59500 84.64360 89.37630 89.35120 89.07910 86.54940 93.22410 65.22140 60.39760 61.39300 60.10200 60.13990 59.13590 59.75490 66.86370 83.11300 83.59330 121.23000 121.26700 120.50600 120.16000 119.77500 120.16100 120.48300 120.56400 121.75600 122.14100 122.82600 123.05000 122.82700 122.93900 122.47900 122.41600 121.99800 122.36600 123.27600 122.97500 101.59800 125.05000 123.64100 124.03200 124.80900 125.16400 113.51500
144.21100 147.67101 160.93600 165.64301 152.60100 137.57300 117.39900 117.44000 116.97400 113.67800 114.71700 114.49000 112.04400 112.34900 110.33100 108.69900 108.47300 112.57600 112.26000 115.38700 116.18100 142.14400 140.48000 116.89200 115.65000 105.61200 107.66100 107.81700 114.97300 87.21490 86.39320 83.83820 86.03580 63.87490 58.29740 57.90530 59.92350 61.27630 60.02270 60.64200 59.95050 61.51860 61.98550 64.06240 83.21300 120.42600 120.33400 119.49500 95.78880 83.52950 85.92120 122.31700 122.59200 122.84800 122.96100 122.72400 122.78200 122.64900 122.62500 121.44000 121.29300 122.00900 123.26500 125.27100 123.87800 123.38900 123.92500 124.61700 124.86300 104.20100
168.03900 170.56500 169.49200 156.66800 132.89301 123.90600 126.27200 138.32100 154.40199 171.67200 174.94000 166.90601 152.74001 137.75101 128.50000 120.64200 109.32800 117.87600 121.33600 134.94200 126.72800 142.32201 141.53999 107.32500 103.43300 101.04200 103.10600 102.36500 78.86720 79.58250 81.93640 79.51530 79.14120 57.79000 57.78350 56.31790 57.17090 78.85350 78.33910 78.94620 79.66500 81.18880 67.39890 59.20200 59.57950 84.52120 97.79190 121.03000 121.79600 121.34800 121.00900 121.85700 122.13200 93.35550 93.34810 123.46200 123.45600 122.74100 122.21800 121.93500 123.36700 123.46900 125.71800 125.85600 122.70100 122.56400 122.49700 121.75900 122.33500 102.19500
157.83600 161.25700 156.95300 153.01900 151.11800 155.29601 148.47701 142.97600 156.86501 168.17900 168.26900 162.68900 163.28000 167.25400 170.45000 149.95300 143.62300 139.91901 128.71201 119.56800 120.98200 146.08099 145.66299 125.87400 102.34200 72.24470 73.15640 73.53660 73.66200 77.47010 80.35080 84.21270 85.60010 85.30510 82.19430 82.42010 83.54660 88.17450 90.79000 92.73490 94.28460 92.72840 91.94550 95.99160 95.96130 92.64920 92.98760 92.41670 93.16880 92.78790 93.52590 109.51300 123.93600 124.17500 124.18900 122.54200 88.65300 121.58700 122.08000 122.01300 125.25500 124.10400 123.99700 122.38700 121.48000 121.43300 121.54800 120.86900 120.96000 99.32150
147.56200 144.43600 148.95100 143.36400 143.49400 148.10699 147.16400 144.99001 142.10500 133.26601 137.38800 157.38100 157.00800 162.67999 163.59200 171.30200 170.19200 168.33701 159.91299 139.14200 116.67500 119.24300 146.95000 147.01199 159.29401 158.17400 158.60899 71.88710 71.25520 71.66920 72.58600 76.78200 79.64650 78.28610 82.23340 81.29270 84.62650 85.00790 90.62110 93.18340 97.81150 102.12900 101.41100 106.13600 104.50700 101.52400 102.68400 104.90600 105.32700 104.25200 103.73000 97.47420 98.03110 98.72380 105.67700 123.86600 121.09100 87.02140 121.48100 121.23300 122.31200 121.99200 121.64700 121.56200 121.59700 120.40900 119.26500 119.71800 119.89900 121.15200
113.61900 114.64800 146.62601 140.91600 139.10100 126.66800 127.94400 149.62399 136.50800 139.15100 137.52699 137.17500 134.17400 136.71800 140.00999 146.21100 154.33900 171.17101 142.91499 126.21300 119.46100 124.87500 122.48200 118.59800 123.66700 110.97100 117.77600 113.10800 157.37199 109.43300 101.27900 73.87030 106.92400 108.46200 108.78000 108.05100 109.03500 108.19000 112.56200 79.34980 91.00220 142.03999 153.13300 104.68900 105.56600 102.53200 104.98300 104.26800 106.50900 107.52500 103.17100 102.26700 99.52050 99.15130 98.75830 95.42760 123.47700 120.84500 86.58320 121.36300 121.08300 121.26400 121.39800 121.02200 121.06900 119.78700 118.58800 118.65600 119.48700 121.71500
148.80099 146.58000 154.20900 153.24300 151.77600 154.94501 162.75200 155.03799 187.88499 188.48900 186.31700 176.02400 186.36301 185.90100 181.54601 169.65199 141.62500 152.34500 140.88800 128.93201 112.47200 131.64200 117.13500 119.10800 119.81600 121.79800 123.98400 115.52100 114.41900 116.26300 116.73600 119.54000 123.22000 112.62500 109.44500 106.73600 107.56500 109.67300 110.34000 112.23400 121.10800 133.27000 142.89101 147.32100 144.82300 105.84200 110.34600 110.55200 108.52100 107.09700 108.95800 104.14700 100.12600 99.57290 100.97900 95.61800 94.47460 124.26300 89.34730 122.95100 122.36700 121.80400 122.14400 120.94000 121.14900 121.08300 120.66600 120.73800 120.99900 121.34100
105.53800 157.00600 158.87100 159.10500 107.72600 110.65600 128.55000 185.02499 183.34200 127.64700 128.49699 128.27200 128.59200 189.61200 128.74600 129.48500 190.53400 188.65800 157.85800 124.63000 123.49400 147.44701 144.59801 139.93500 144.65401 138.51700 140.88100 116.94600 108.87300 106.84900 107.34700 108.84900 109.67400 110.37800 106.87200 105.83900 105.98900 106.30200 109.04100 111.93600 114.26900 120.42100 124.29200 122.80100 129.84300 104.08300 110.70600 110.65500 113.91000 115.89100 114.57600 107.08700 104.48300 104.57200 101.87100 100.41200 98.66000 124.41800 92.42630 87.67900 122.43400 122.64300 122.19800 121.52100 121.49600 121.92900 121.50000 121.03000 121.03100 120.76400
108.30300 108.35400 107.35400 109.20700 112.13400 111.16700 113.50200 108.12900 107.40000 109.64300 110.42200 116.39900 117.54500 118.85000 119.81400 103.95300 110.77300 105.67400 156.47900 147.08900 113.52200 147.18100 145.94299 149.85899 152.86400 147.01199 132.13000 108.03300 103.23900 107.61700 107.66500 108.27100 110.48800 114.42400 110.85700 108.13400 105.31500 103.64100 105.64700 111.14800 116.31500 118.43100 121.88800 126.78800 126.39500 95.29920 109.97000 113.24800 116.33300 118.78100 119.13000 115.50900 117.01700 112.70500 107.47600 104.77900 102.57000 125.67400 99.85630 95.18020 124.54200 123.61000 121.93500 98.82850 96.14190 96.66140 95.44770 96.68920 121.61500 120.67900
109.70400 113.51300 112.48300 114.57600 117.56800 111.88300 109.49600 107.92900 107.90800 107.69000 104.44500 92.13560 102.18200 97.55650 101.27200 124.48300 119.42000 116.61400 159.23000 159.01700 156.94600 155.56500 152.77499 151.48399 158.93201 163.60400 146.72099 122.73200 111.08600 106.86200 102.27700 104.69100 111.83600 110.88400 106.88500 106.34800 103.31300 104.75100 107.50300 111.40200 114.68300 125.00700 128.22200 128.29800 130.90700 132.21001 107.97100 114.85000 119.33300 119.55500 119.21300 119.21500 118.26000 116.48000 112.30000 107.02100 109.69600 109.88900 108.10600 126.93700 126.75900 124.43600 123.02900 122.54100 121.58000 121.06300 121.50100 101.72200 101.63900 122.26700
109.67800 111.72600 114.39300 113.85900 112.63000 113.75000 113.62100 108.48200 105.31600 105.33400 106.59100 104.91400 105.08200 98.74150 90.30350 108.56200 116.51600 119.27300 176.59300 118.01600 108.90300 158.50101 158.52600 156.71001 157.81400 155.60001 147.02499 139.87199 127.85300 115.99600 116.95500 114.30000 117.49100 115.06400 114.20600 113.33200 107.43300 108.57500 112.22200 114.51100 120.17900 126.78800 130.19600 133.28300 98.72400 104.87300 104.22900 108.86900 113.73000 114.60000 112.87200 111.39000 111.14600 112.13600 112.36700 111.16000 112.55800 114.12300 108.01300 127.69600 130.53500 129.55099 129.20100 129.24100 126.12900 124.48800 123.02000 122.68500 122.78400 122.94600
