data/hydroclimate-scenarios/1948-2000.Pcorr55N_Pref_Tref/monthly_summaries/soilm2_monthly_day1_aug.asc
ncols	311
nrows	91
xllcenter	102.75
yllcenter	31.75
cellsize	0.5
NODATA_value	-9999
[rows 31 to 61 of 91, columns 0 to 70 of 311]
-9999 -9999 -9999 -9999 -9999 -9999 -9999 -9999 -9999 -9999 -9999 74.15380 77.31720 79.24880 77.99370 83.70310 82.16810 83.97170 84.07900 82.80520 78.21850 79.66490 76.34840 76.80210 76.23640 77.27440 77.41240 76.66240 75.47460 73.83260 73.92780 75.58830 74.34420 74.45200 74.30460 72.89000 72.94320 73.24320 76.07840 78.13620 79.48320 80.87380 108.55200 108.49700 108.15800 108.19400 108.15700 107.01000 89.78280 89.34140 89.63440 89.37250 89.34350 89.38900 88.97440 107.29300 107.44500 107.40800 107.83300 107.52400 107.31500 107.76700 107.75000 107.40600 107.51100 108.85300 107.89600 108.35900 112.15400 119.32000 111.14900
-9999 -9999 -9999 -9999 -9999 -9999 -9999 -9999 -9999 -9999 -9999 72.73020 73.73150 74.94960 74.06590 76.64880 78.48120 81.86310 79.46180 75.95200 79.94530 77.72450 76.58760 76.79120 108.64900 108.48500 108.79800 109.24800 109.22700 75.30220 75.81020 75.37270 74.60700 74.62690 74.56460 72.76680 72.29180 72.38860 89.67340 90.29050 90.70750 90.35250 90.16720 90.65690 90.95900 90.37940 90.89630 91.75460 92.27000 91.48480 91.40090 90.97850 90.58520 107.68000 107.53600 107.43000 107.68300 107.72100 107.78500 89.62340 89.42090 90.06310 107.41900 108.54000 108.67400 107.33500 107.79600 108.64000 111.45100 116.12900 102.47900
-9999 -9999 -9999 -9999 -9999 -9999 -9999 -9999 -9999 -9999 -9999 73.60320 74.49740 73.84280 76.87240 77.60940 78.96360 78.46600 78.22580 77.82240 78.34060 77.68770 109.05500 108.98100 109.48300 76.29530 76.35020 76.15340 74.44000 108.28400 108.82800 75.16120 74.85750 73.29480 91.32740 90.64510 108.04400 90.07450 107.96600 109.50800 91.54570 108.92900 91.65930 91.76840 92.50590 93.05070 93.81280 93.09590 93.17600 92.76620 92.19210 91.33830 91.11790 107.45700 89.79960 89.51400 90.04430 90.89050 90.30320 89.55240 89.57540 109.36900 109.03400 89.44370 109.17700 107.69600 108.24600 109.55900 110.97100 114.62600 102.24200
-9999 -9999 -9999 -9999 -9999 -9999 -9999 -9999 -9999 -9999 -9999 -9999 73.40370 73.72980 73.68870 73.76930 75.11170 75.77270 76.31540 75.55800 108.93300 76.00950 77.14310 80.80590 80.24420 84.54580 81.87250 83.37230 79.48090 75.06960 108.31700 108.13400 108.32800 108.63400 108.85600 108.76000 108.94800 91.03820 108.23400 108.71000 108.54500 108.85400 108.98000 92.57310 93.59900 94.32430 93.28290 93.07320 93.12920 92.78940 91.36740 91.51000 91.48100 90.88030 91.78500 93.35800 93.76340 107.52600 108.54000 108.50100 108.66800 107.53300 107.91000 108.07700 107.96200 109.78900 108.53000 110.40200 116.23500 120.19700 101.42000
-9999 -9999 -9999 -9999 -9999 -9999 -9999 -9999 -9999 -9999 -9999 -9999 72.87740 73.76670 73.46000 73.83450 73.65490 108.58000 108.83700 75.42900 76.22090 83.46920 84.84490 89.52010 95.85470 88.19530 85.76840 90.72700 82.82300 78.39270 77.20400 109.11100 108.62200 108.22700 109.04800 73.90230 75.34440 74.13730 73.67070 78.42920 109.24600 81.70760 83.30660 94.79590 81.94610 82.90520 81.15910 81.79850 81.93820 84.34230 83.84070 79.18980 78.18590 91.31220 91.20470 107.63800 109.24000 107.51300 75.06660 107.89600 107.93500 78.70940 79.34580 93.36490 109.27300 108.41900 109.31000 111.22100 115.48900 117.75200 121.90600
-9999 -9999 -9999 -9999 -9999 -9999 -9999 -9999 -9999 -9999 -9999 -9999 72.96790 71.84770 107.96000 108.15800 108.44700 74.56010 75.62520 79.40860 81.95430 85.10560 84.88540 92.99690 92.24500 93.63340 86.86260 79.04150 78.86790 75.72170 74.97200 107.90500 73.85370 75.29900 72.94160 72.80700 73.66230 75.04810 74.70410 77.20710 82.50070 89.99910 88.95490 85.67920 85.79400 86.48140 89.62020 93.49190 91.13270 86.46250 83.29860 81.66720 78.01640 77.02550 74.55470 74.52950 75.16790 76.22320 76.46720 108.71100 77.83940 82.53390 82.18800 79.96260 109.58800 110.41000 111.20700 112.30500 119.58200 119.37700 121.50800
-9999 -9999 -9999 77.00190 75.27810 75.48280 75.06430 75.02040 76.42960 -9999 75.61890 108.73200 108.38200 72.62470 72.81220 73.11040 74.19760 74.03850 78.02900 83.61470 81.48670 82.14530 84.80430 86.26110 84.82760 84.77330 80.66880 83.38720 82.46970 90.32870 80.17730 73.77870 75.83330 81.01820 75.44420 55.90170 76.29840 78.85720 77.53350 78.27460 80.76130 87.23480 87.19670 86.52710 92.15350 96.57250 104.40000 92.06060 94.27380 92.36710 87.85080 84.80050 86.45710 92.61790 86.80060 99.01050 100.95200 83.80390 86.19680 80.58000 108.79500 84.00510 83.05030 87.50960 88.53480 88.50160 94.13290 102.03000 107.88100 113.99400 122.86900
-9999 -9999 -9999 75.14190 74.94260 74.41130 75.51200 74.96480 75.09150 108.33100 108.82400 108.51000 74.56440 74.59610 76.33070 79.35470 78.58910 79.13210 80.50940 80.70230 81.22620 85.55580 81.57270 80.34150 82.33630 79.42380 80.27150 81.14310 86.18520 91.09440 63.63510 81.64920 82.35470 82.75870 80.89640 81.02780 82.05150 92.28650 81.58430 87.96390 90.74850 88.36570 88.49800 93.82330 96.89850 105.23400 111.21200 97.57750 97.35140 96.48780 98.54140 101.78100 103.36600 101.60600 92.28180 97.36800 91.03560 89.93020 94.14490 88.81610 88.18850 94.80250 96.15890 90.73500 98.06450 93.19460 97.53070 98.63940 108.83400 114.71000 121.03700
-9999 -9999 -9999 73.89970 74.07650 75.07230 109.84600 109.74100 109.51300 109.00700 109.34600 109.45200 77.49300 82.45290 87.37280 82.33770 82.35370 81.25860 79.86440 81.27070 83.58880 85.89380 65.56940 86.23910 92.39330 85.20730 84.92950 84.25490 84.68780 95.13580 105.42200 102.32000 87.22660 83.09800 85.66160 85.90260 85.26350 84.82020 81.19930 84.82590 87.35380 88.44800 92.28680 96.36320 94.90340 101.16700 102.48700 96.59000 97.55250 111.42900 116.10400 103.50100 104.78500 101.21700 95.10050 93.64560 89.64900 87.25460 93.61540 94.50500 85.89460 87.39640 89.60170 98.66750 100.27300 102.71900 106.57700 110.61100 114.81600 126.07200 135.52800
-9999 -9999 -9999 74.05630 72.20720 74.47160 108.86400 110.05400 109.52400 109.35800 109.74100 74.48600 82.92990 82.64560 83.52240 79.48000 84.87800 96.71390 93.01380 83.89910 88.67420 91.82000 103.07000 107.35500 95.63040 87.92020 86.79800 86.62370 103.29000 107.59300 100.64500 81.47460 89.58760 101.21000 102.72200 92.10270 83.37270 78.08970 83.51320 83.36710 85.46270 95.73870 104.07300 101.37300 94.10740 105.29300 109.51800 99.01860 109.81200 105.78900 113.22900 105.36500 102.80500 102.35100 100.81100 91.19640 88.10390 90.80090 95.08620 94.23480 97.40910 95.72460 94.56810 100.87800 102.41400 101.05700 114.14400 120.11800 133.03900 138.83000 137.11600
-9999 -9999 -9999 73.45320 71.84030 75.02460 109.71600 109.84900 110.43300 110.02700 109.21100 109.15700 81.48830 85.67420 98.28120 97.04030 97.49360 92.85730 86.31640 79.01410 85.87690 96.20350 111.61500 89.53670 86.97500 83.86780 79.28610 80.62120 91.16280 101.64800 99.23500 95.14270 97.73120 95.23550 95.33920 93.83380 91.78010 84.66150 83.23950 86.43980 93.65160 101.51000 107.00700 106.99800 103.85300 105.12700 105.97400 103.59000 103.00300 109.25500 108.37800 94.50070 96.15080 104.26200 94.87390 100.70300 91.14820 89.37360 95.75380 112.03100 110.75000 105.31900 107.77200 113.18800 110.69000 103.11100 115.01500 122.19100 133.96600 133.40900 130.72501
-9999 -9999 -9999 -9999 110.37700 110.83000 110.45700 111.74400 110.78800 109.57900 109.12500 76.51350 92.84760 81.20130 -9999 -9999 -9999 -9999 -9999 100.37800 109.94100 102.34900 107.82900 107.93300 98.33380 89.85200 80.16040 82.91130 87.96350 84.56310 88.46530 90.22460 92.60030 89.25670 81.39970 78.54920 81.40390 77.14480 80.88590 83.21400 82.25720 87.66790 96.23800 105.25500 105.05100 105.15300 106.23100 113.89400 108.36000 104.83500 103.66600 105.58400 99.65760 111.88400 112.02100 115.67300 116.53700 115.15600 105.60600 107.36600 117.82300 120.61100 118.35300 118.92300 118.55300 120.72000 122.58500 118.79500 118.11900 -9999 -9999
-9999 -9999 79.34960 111.77500 112.11100 110.66000 110.90900 113.35900 110.48900 109.96300 109.44100 77.10880 94.92600 -9999 -9999 -9999 -9999 -9999 118.46800 105.41700 107.77900 89.59980 88.05850 96.99490 102.22200 101.10900 85.33480 80.17050 81.37200 80.59660 82.11210 82.49390 82.85340 83.72880 81.55620 78.43030 80.40810 77.60980 79.37170 79.96180 84.05500 85.93810 91.38690 94.23960 92.15300 95.64310 99.85810 99.85980 95.63290 92.80810 93.77260 99.21600 111.14700 102.35300 107.45500 96.15030 101.40200 105.00000 106.03000 101.86600 105.14200 103.88300 107.79900 113.61600 113.94100 114.79100 113.06100 -9999 -9999 -9999 -9999
-9999 -9999 115.34800 113.31900 111.35300 110.84500 110.59300 113.29500 110.77900 110.47100 77.69770 80.52480 81.24600 -9999 -9999 -9999 -9999 86.42210 106.59800 90.68760 89.49290 85.77510 86.55980 90.57500 85.62470 78.93160 80.01780 80.86190 81.30280 78.13630 77.60030 82.48150 79.51020 79.83740 81.02490 79.10190 77.60100 75.95610 80.52390 86.89940 86.44190 91.95830 97.56190 95.84480 99.14820 95.59030 95.58430 98.89440 92.52390 94.25490 103.04700 102.18000 101.38700 97.56590 95.65860 82.64830 86.06740 99.17820 108.00600 103.14300 102.24400 111.61800 109.10100 105.60100 102.99400 -9999 -9999 -9999 -9999 -9999 106.86400
-9999 -9999 116.06000 116.12400 115.17700 114.21600 112.49300 111.13500 111.08900 112.02300 81.79720 84.47200 75.00660 -9999 -9999 -9999 -9999 99.06620 95.82310 88.85900 86.80270 84.29920 85.05860 80.79760 81.67420 80.36590 80.95630 81.82450 82.07430 79.05260 80.00770 79.12130 80.93300 82.43100 81.60000 81.73980 82.35050 82.98660 85.48020 81.85040 86.36170 83.96240 86.51960 97.41110 97.52490 100.31300 101.12200 103.55200 100.20600 99.90280 95.64030 94.76650 92.45130 90.78110 93.33360 83.03700 80.70360 91.95340 95.34820 95.49820 89.81760 92.24770 94.38020 97.45510 104.10300 114.69600 105.74600 108.97300 101.96800 -9999 -9999
-9999 -9999 -9999 119.87700 118.87000 114.95500 112.01800 110.78200 80.67960 82.96650 78.65050 77.54670 -9999 -9999 -9999 -9999 92.36030 95.40230 86.06770 83.85100 83.55870 81.93780 83.14550 81.89480 82.05400 81.88080 83.10060 83.26980 83.31480 86.08910 84.71030 81.54230 80.45480 82.05060 84.05820 83.63550 80.25470 80.05270 78.92300 78.76150 82.04520 80.06890 120.08000 121.07700 120.54000 124.68000 100.43100 93.84100 95.71560 97.14230 101.86700 105.27900 103.01500 104.06800 109.45700 105.88200 103.79800 102.99500 103.93700 97.98510 96.48570 97.73320 109.92600 121.04500 118.49700 111.97000 106.65100 102.52900 97.54570 108.71000 -9999
-9999 -9999 -9999 -9999 118.32700 113.29700 111.78200 83.89440 85.74340 79.02070 77.93950 -9999 -9999 -9999 -9999 88.86780 88.56680 84.20060 114.17000 83.49560 80.81150 81.07630 81.73570 84.06630 82.95250 82.24260 83.11590 83.91600 85.46830 83.61610 84.56360 81.71320 81.57650 81.89250 86.63910 84.03720 84.65580 84.32670 82.42610 79.70530 80.54800 80.17280 82.43950 84.87590 86.90910 120.89200 120.91300 122.57800 120.50700 99.92030 90.73510 95.02920 98.79720 100.51200 97.76470 94.83870 99.21920 105.06700 109.28300 96.50970 106.28500 111.42800 111.18200 110.63300 113.92000 115.99700 101.12700 94.90620 98.09950 96.19050 95.76970
-9999 -9999 -9999 -9999 -9999 -9999 87.50610 118.06300 79.48260 80.26880 78.27920 -9999 -9999 -9999 -9999 -9999 83.02950 82.45520 81.50380 82.25730 81.90110 77.16480 80.27780 82.93320 82.61750 82.31210 82.19150 130.13400 130.42900 129.31200 83.39290 82.65190 80.52600 84.52380 83.87710 84.52080 85.49990 86.55480 81.40480 83.80160 83.95970 88.11210 90.15270 85.97830 117.62500 119.20900 120.00400 123.48200 123.32600 122.69100 122.50400 122.26300 117.78700 119.98800 121.03600 118.90500 97.76910 102.77500 111.43500 100.11500 103.49900 110.27500 116.86600 118.01500 116.53200 113.80100 102.71800 88.92480 88.10920 90.59670 96.02490
-9999 -9999 -9999 -9999 -9999 -9999 -9999 -9999 -9999 -9999 -9999 -9999 -9999 -9999 -9999 -9999 -9999 -9999 -9999 81.39360 81.42370 76.12220 80.87150 81.27930 82.51890 82.55790 113.67200 109.04800 108.77400 79.51600 83.45790 80.43930 81.38560 82.26910 84.52780 86.61350 84.00620 85.88830 84.65610 89.44300 92.82830 93.57470 92.28040 91.56080 91.84100 90.78260 86.02710 122.47800 121.25000 120.59000 120.62500 121.74500 124.91000 124.33400 93.64200 92.24900 92.06040 91.47080 96.08890 98.89660 111.84500 117.49300 113.33300 116.69900 114.30800 107.11200 95.51320 85.95290 85.69170 98.36710 100.09600
-9999 -9999 -9999 -9999 -9999 -9999 -9999 -9999 -9999 -9999 -9999 -9999 -9999 -9999 -9999 -9999 -9999 -9999 84.46630 81.71800 79.86530 79.25660 80.95190 82.03070 79.57530 77.22640 110.51700 111.59400 79.36350 80.59930 81.54470 83.75500 85.79750 86.70530 86.93520 114.84000 85.04660 83.82790 86.63160 89.36310 91.98490 93.66830 93.79200 96.88630 97.49520 123.50900 91.00250 416.66501 570.89301 602.25000 606.82501 125.00300 123.65200 123.55200 123.35600 122.21200 93.56060 96.60300 104.66400 100.72100 104.35500 107.29000 108.63900 112.11600 122.70700 105.33500 92.73130 89.56770 115.31000 91.62460 95.10800
-9999 -9999 -9999 -9999 -9999 -9999 -9999 -9999 -9999 -9999 -9999 -9999 -9999 -9999 -9999 -9999 -9999 86.34010 85.84770 80.10800 81.75390 81.01330 79.78360 79.71230 76.41440 74.29890 111.36800 109.63300 112.42800 112.79100 113.54500 113.61000 85.28410 114.43600 116.96500 119.57000 119.80900 88.62000 88.19290 92.12240 94.56050 121.62300 96.58220 123.31900 93.12170 89.76730 122.21600 590.04199 575.39203 595.02002 597.57300 125.38000 119.45000 121.64300 122.45700 122.00300 95.82760 99.10140 101.83100 100.48000 96.88240 106.29000 117.14800 120.38200 102.01500 98.42250 97.07700 87.96860 115.88800 119.02300 121.45000
-9999 -9999 -9999 -9999 -9999 -9999 -9999 -9999 -9999 -9999 -9999 -9999 -9999 -9999 -9999 -9999 -9999 87.52110 86.68530 86.86480 84.64760 114.00600 111.77400 74.82980 72.27230 74.27070 72.03350 74.48690 73.94040 110.64000 113.62700 113.76400 114.63400 112.55300 116.87800 120.54200 123.64300 86.82100 93.14830 95.03950 94.53550 91.32960 121.54200 87.69390 117.97000 117.62700 115.94500 432.14899 432.21201 579.41498 600.55603 121.84000 122.82400 124.57600 124.79100 124.23200 125.57800 104.86600 98.90390 99.85980 102.65500 108.24900 107.52300 106.38200 110.58800 105.14100 99.42630 104.06500 117.86300 119.90200 118.27900
-9999 -9999 -9999 -9999 -9999 -9999 -9999 -9999 -9999 -9999 -9999 -9999 -9999 -9999 -9999 -9999 90.01500 91.19480 91.10770 84.69850 111.57900 74.31650 75.15300 74.84290 73.22900 72.20680 72.25180 75.15300 74.96860 73.69170 73.50540 72.91320 108.80800 111.19400 112.17900 115.51600 115.78800 117.88000 91.12270 89.58920 88.27140 91.89120 126.00900 117.42900 84.25980 115.31600 116.98400 441.15900 435.89099 580.45398 595.94800 121.72300 122.69500 122.86800 122.26600 122.39000 125.86900 126.54300 104.57200 100.52000 99.74910 106.44900 112.63300 133.92999 132.49800 133.33800 127.07700 125.18100 121.48500 121.17400 121.17200
-9999 -9999 -9999 -9999 -9999 -9999 -9999 -9999 -9999 -9999 -9999 -9999 -9999 90.26130 88.91490 85.46200 86.04790 91.54820 116.79000 110.79700 76.75520 79.21720 77.12240 75.35060 74.84860 73.25480 73.58460 364.19299 363.60999 363.31000 544.58698 547.49597 360.68600 362.04599 549.56702 553.75702 566.31598 559.76099 426.52499 419.92001 414.07501 574.02197 567.45898 392.26300 573.31799 575.96100 583.01300 588.67603 593.52197 603.05103 604.27399 599.62299 587.82898 584.95203 598.89801 605.59998 609.14899 599.34802 524.45300 540.94702 559.47803 648.50897 672.01703 696.65997 675.31201 666.71198 657.98297 123.41800 122.55000 124.96000 125.48700
-9999 -9999 -9999 -9999 -9999 -9999 -9999 -9999 -9999 -9999 -9999 -9999 83.54490 86.86350 115.67000 113.55200 114.16100 78.90180 77.68290 74.74020 74.80780 73.38280 72.85930 73.96630 72.67200 70.91380 70.84110 360.80499 539.60303 542.92798 537.62000 542.03998 545.98700 539.40900 550.64099 548.19501 373.68799 387.69299 419.17300 408.69199 407.09900 401.49600 575.13000 572.51300 572.46997 580.69098 586.11700 585.41302 591.17499 597.93903 593.38397 438.23499 590.47998 434.79401 578.40900 581.66998 598.94702 543.85303 549.66998 639.23499 644.03802 652.88300 658.66302 676.75800 684.98700 683.16803 696.48199 124.06700 126.91000 110.35500 108.73400
-9999 -9999 -9999 -9999 -9999 -9999 -9999 -9999 -9999 -9999 -9999 116.97000 80.75090 113.42200 77.36380 74.68780 73.98760 73.69700 74.27760 73.48290 72.81330 72.06630 72.20600 71.55980 71.43200 71.18910 110.39100 535.36499 540.19397 542.82703 538.29199 361.89499 363.59201 367.29401 360.06201 551.02899 393.57501 408.44199 417.27301 404.82800 394.87900 573.40601 566.65198 568.58002 573.40100 573.07001 574.93597 581.38300 585.19702 589.31897 601.27399 486.94699 468.12201 601.75702 484.95700 461.38000 591.65399 485.89499 498.68500 598.36499 617.27802 615.70398 614.55603 625.74103 656.78900 668.72601 666.83398 126.60700 109.18500 114.12000 110.68400
-9999 -9999 -9999 -9999 -9999 -9999 -9999 -9999 -9999 -9999 77.75570 78.07890 75.13520 76.13100 75.11970 71.91160 71.22800 71.53600 71.73350 71.87180 71.68150 70.97920 71.30870 71.15650 70.58660 70.85310 70.56010 540.44299 538.21698 349.39899 349.47699 361.79401 361.06500 545.89203 547.89203 550.10400 401.93399 415.98901 426.84698 403.24500 573.52197 563.28699 559.34302 566.61902 570.53900 576.38898 575.68903 580.18799 581.89099 587.84302 599.38599 497.26001 607.00098 485.58600 475.58899 458.72299 600.54102 614.16101 594.84497 599.27899 606.63800 613.56897 614.54700 636.90503 651.62000 666.94501 705.28699 128.24100 115.63300 117.27600 117.76500
-9999 -9999 -9999 -9999 -9999 -9999 -9999 -9999 -9999 142.68700 141.80800 142.46700 144.39600 144.68300 144.48300 142.78999 141.58501 141.13200 139.87900 140.15900 140.09399 141.02901 142.00900 142.30800 141.25000 140.80800 140.05901 139.33400 139.11501 139.36501 139.42000 349.52899 360.07199 364.68799 551.20801 560.94000 431.90500 425.02600 408.59900 566.44000 562.28302 558.17902 558.68701 729.38397 563.29401 739.04999 571.20599 577.99500 583.03003 584.94800 597.21899 613.12903 492.66800 642.92297 558.94202 592.65198 586.93701 584.17499 584.49402 591.63202 602.50299 621.26703 612.58801 635.46399 623.74298 633.86200 659.93597 247.16400 236.20200 237.16701 237.14500
-9999 -9999 -9999 -9999 -9999 -9999 -9999 -9999 -9999 -9999 140.87399 140.48000 141.07201 140.07500 139.25200 139.98599 140.05701 139.72800 139.26401 139.78799 139.84000 140.00200 140.35300 -9999 -9999 -9999 -9999 -9999 -9999 143.58501 143.99699 359.24500 359.81900 363.66901 367.15302 560.05701 580.38300 403.91199 397.78900 559.91101 564.49902 564.40002 570.75299 734.42102 730.62201 734.78101 737.40601 575.95099 587.45099 589.67798 594.77502 445.62799 484.41199 545.91998 644.41498 590.74402 581.79999 585.78699 583.66901 588.16998 605.34003 596.44397 504.86499 617.85797 660.15802 656.94800 661.21899 245.89200 256.32501 263.03900 250.05200
-9999 -9999 -9999 -9999 -9999 -9999 -9999 -9999 -9999 -9999 -9999 -9999 140.26900 139.54800 139.68500 139.01100 139.01700 139.55000 139.49800 -9999 -9999 -9999 -9999 -9999 -9999 -9999 -9999 -9999 -9999 -9999 -9999 -9999 -9999 362.11700 540.97498 553.26703 572.46698 559.71100 383.33600 385.34399 567.55103 565.55298 568.21100 567.32397 569.44800 731.47198 737.78003 573.00702 578.14203 580.01099 588.74103 620.71899 625.82397 619.44702 613.85303 586.05701 588.30701 570.25098 412.65701 586.42999 607.41498 598.16101 625.30200 620.51099 643.80402 656.08301 624.35199 229.70200 242.65700 256.70499 289.21701
-9999 -9999 -9999 -9999 -9999 -9999 -9999 -9999 -9999 -9999 -9999 -9999 -9999 -9999 -9999 -9999 -9999 -9999 -9999 -9999 -9999 -9999 -9999 -9999 -9999 -9999 -9999 -9999 -9999 -9999 -9999 -9999 -9999 -9999 546.16101 555.91998 556.10797 560.78699 376.12900 563.27502 561.00000 564.62799 727.60400 574.47998 739.00201 738.89697 594.66699 568.34100 578.35999 577.50000 586.81799 616.75800 621.64001 618.63300 612.43799 585.74701 569.16199 592.43701 574.65698 577.69397 593.23602 613.45001 606.09698 624.73297 629.39398 624.47699 662.59302 240.74899 255.18100 272.81100 289.31900
