data/hydroclimate-scenarios/1948-2000.Pcorr55N_Pref_Tref/monthly_summaries/soilm1_monthly_day1_jul.1950-2000.asc
ncols	311
nrows	91
xllcenter	102.75
yllcenter	31.75
cellsize	0.5
NODATA_value	-9999
[rows 32 to 63 of 91, columns 0 to 70 of 311]
-9999 -9999 -9999 -9999 -9999 -9999 -9999 -9999 -9999 -9999 -9999 67.08720 66.87370 74.46680 66.66780 70.91040 66.89950 73.96500 68.37260 69.93000 76.96150 77.28920 76.93710 78.20900 69.78280 68.33740 69.52970 77.47000 77.91220 77.06510 77.28810 75.67160 77.28230 77.06000 77.36160 75.09950 75.81970 76.14630 67.45020 65.69590 63.09980 61.46750 64.70540 63.36660 62.01160 63.35620 61.02660 59.33930 58.44770 57.42070 56.44310 58.69850 58.40420 61.03240 60.75950 58.84070 60.08790 58.47150 55.43610 54.00220 54.65620 55.49780 51.88820 69.06980 69.10340 49.92460 53.40420 56.88450 58.33040 61.40440 61.30950
-9999 -9999 -9999 -9999 -9999 -9999 -9999 -9999 -9999 -9999 -9999 70.36990 71.04860 66.90700 64.22690 67.71160 67.38300 76.84840 76.30830 77.84700 78.52450 77.87840 71.03700 71.38370 72.19690 71.78940 70.57800 71.83820 68.40920 61.36810 71.62940 75.71000 77.01950 66.14580 64.42730 56.35120 63.50000 67.59970 65.35010 66.51890 64.14190 66.61780 65.86890 65.72950 68.26420 65.62450 63.64900 60.68500 59.20100 55.70520 54.94170 56.34140 55.49510 53.59720 52.23890 57.23280 57.04800 54.20140 56.68480 57.92550 56.07410 71.05710 69.05810 50.83420 70.93570 54.79660 55.47790 55.83280 55.47810 59.16630 58.46600
-9999 -9999 -9999 -9999 -9999 -9999 -9999 -9999 -9999 -9999 -9999 -9999 69.09930 68.61650 66.39170 67.17870 69.05810 77.28070 76.78100 77.43850 70.45750 68.52640 68.57490 70.42200 68.78940 68.40390 67.77380 65.91260 61.98400 63.87120 65.06210 64.93420 65.85320 67.40170 65.03760 64.01710 66.97720 69.53850 63.77880 61.00210 60.94790 63.27580 63.10620 59.30390 59.99420 64.53680 61.69870 61.39190 59.22480 56.44150 53.09900 54.00360 53.92720 53.89730 51.98930 48.56230 47.63700 48.36470 68.48350 68.71080 67.94470 49.95070 50.01650 52.38720 52.89910 70.74870 54.66080 56.62890 59.31400 63.51750 59.62380
-9999 -9999 -9999 -9999 -9999 -9999 -9999 -9999 -9999 -9999 -9999 -9999 68.43300 66.34460 69.36260 68.86600 68.90460 67.73170 68.12530 68.29350 69.03730 71.18140 69.80790 65.65010 63.84320 61.21070 58.94410 64.00200 60.55260 63.22570 67.29520 67.20220 66.83840 61.52910 66.51270 65.61230 62.47700 66.98460 68.72660 64.52480 62.96390 68.52330 65.64670 65.23790 66.79600 67.69480 68.40280 65.75400 59.77350 60.52240 57.19390 54.86250 53.81820 53.64750 52.17960 48.55400 68.28780 47.04870 51.16980 53.01350 50.02510 55.30500 56.00910 58.77940 57.22220 53.01210 54.68810 55.45630 57.57760 59.73370 61.67540
-9999 -9999 -9999 -9999 -9999 -9999 -9999 -9999 -9999 -9999 -9999 -9999 68.50300 66.36020 66.12350 66.46920 66.84540 67.37040 67.07130 68.93670 69.79710 70.84130 68.86490 63.46460 63.15540 62.74630 63.63020 62.28920 65.68560 62.48660 60.46480 59.97250 66.86770 67.02780 64.32060 61.81930 64.10110 66.30400 64.15030 68.75890 70.22360 68.29140 65.20300 70.92940 72.04540 70.98160 69.81250 70.28450 69.51880 60.41970 57.53980 56.98340 52.96290 52.02360 52.07940 52.35530 51.52870 53.56800 55.60660 56.04800 53.99730 56.67150 54.77510 53.54820 54.26540 57.85650 59.69450 58.58760 61.87950 63.50760 63.65440
-9999 -9999 -9999 60.13320 65.19170 62.75040 59.90160 61.11670 61.63390 -9999 67.93540 68.74740 66.62420 62.95570 63.42220 65.18620 66.25070 65.29030 67.82630 67.27870 70.48170 68.36960 65.34360 65.48590 63.28740 65.91770 65.80000 64.72270 62.49550 58.56460 62.48430 62.03290 56.63240 57.80700 58.97530 48.05730 57.68960 61.96070 67.38520 68.87710 69.06940 69.01190 68.64300 69.42050 67.63050 65.15730 68.31760 63.21380 62.49630 61.46660 59.64980 58.26670 57.66420 59.11810 57.06950 58.10820 58.25640 52.74670 55.01150 51.46660 52.79000 57.42760 56.41860 61.10710 56.84650 59.77210 63.25630 64.73500 66.92950 68.55640 70.47290
-9999 -9999 -9999 60.95670 61.60750 65.51990 63.23210 66.14460 63.62240 60.43520 66.77490 62.60450 66.47710 58.04400 61.42950 62.19650 62.76210 67.05730 68.04590 67.97540 66.40750 69.39600 69.21440 67.30930 65.49020 66.50000 65.82880 64.10820 64.08600 60.35560 49.55830 57.72960 59.50060 57.20070 54.41280 58.22490 57.27130 61.89300 61.69870 63.92050 62.46680 63.08670 68.62030 70.46550 66.54140 66.89520 67.00870 60.07670 61.56140 63.22330 63.10400 62.01170 63.10720 61.27890 56.76730 58.80870 55.20000 52.72780 55.32000 54.08800 53.81760 56.97740 57.44180 59.26040 61.76200 58.09110 60.34980 63.43030 68.05520 68.53050 71.78580
-9999 -9999 -9999 57.92080 64.63880 63.03590 67.26600 66.96350 66.01640 65.53690 66.55930 65.23710 63.61860 56.63690 54.00380 54.24730 64.30350 61.11990 60.07300 60.00840 62.27100 65.24120 54.21100 58.00410 60.96400 63.09090 66.15420 67.71360 62.11930 62.66040 66.90220 65.07250 60.34910 57.07410 56.93980 57.61450 59.40040 60.18800 58.65750 57.34580 58.89700 62.90900 66.94320 71.55540 67.58340 65.56790 66.62380 62.11420 61.06470 67.99670 68.91670 61.49110 61.77190 59.43640 57.59830 58.46290 56.71600 55.93370 56.60100 56.67370 55.22940 56.80670 58.42420 60.64900 61.74880 63.38880 63.98410 67.88610 71.79660 73.73630 76.79670
-9999 -9999 -9999 64.40940 62.89150 68.58950 64.37060 69.60790 64.43160 62.70540 65.52470 59.89030 53.06390 54.56470 54.30640 52.81900 55.90450 73.77180 75.26390 62.25660 58.34860 50.32610 62.37650 75.56800 65.60100 63.86680 60.89360 59.93540 62.65090 65.43600 64.56290 59.67730 59.74300 63.25520 64.97450 67.42180 63.54890 61.21050 62.96500 61.38580 60.62950 66.61110 70.34390 71.14050 67.51340 71.79210 71.87640 66.32670 67.59130 66.58610 68.97820 65.45940 65.11620 62.33500 61.78690 58.42640 57.19010 57.94210 57.39930 57.08890 51.49960 62.24530 61.43200 63.53270 65.02380 67.82340 70.10280 70.96770 74.34290 78.33600 76.16810
-9999 -9999 -9999 60.06010 62.61670 67.94120 67.94620 68.72470 67.82770 65.98680 64.62340 57.75300 52.69730 52.90150 73.16200 72.59120 57.47430 57.85530 57.69970 60.32080 60.01620 59.57870 76.37500 61.53610 59.77240 60.67050 63.42590 62.20180 61.79130 66.64580 64.98040 62.18490 62.45040 60.81420 60.34870 60.01110 60.43860 60.27570 60.98960 62.36080 62.83850 67.80450 70.16670 67.15110 69.03060 69.69880 68.88050 65.77910 65.27480 68.64100 67.92300 63.62080 64.26120 64.56060 60.07660 60.59560 57.41450 56.96920 58.30750 62.37210 59.71210 62.99810 63.65510 64.40460 65.22250 66.11040 68.83500 72.84080 76.58470 74.19220 72.93660
-9999 -9999 -9999 -9999 67.49340 71.69950 71.55840 70.11850 65.06010 59.95760 62.58210 65.87410 57.47030 56.50240 -9999 -9999 -9999 -9999 -9999 64.60810 76.94160 74.29150 75.32050 66.38320 61.96150 61.24820 64.23530 64.23600 67.77000 65.49930 64.34500 63.28530 63.76730 60.95600 59.84120 59.65370 59.89100 57.61770 60.01440 60.65390 59.41190 61.15630 66.89660 68.86650 68.31830 64.96570 63.46430 67.24360 68.56020 79.41310 68.17670 68.12620 65.52090 65.28890 63.93510 65.12950 65.22710 62.98450 59.99290 60.04620 63.80170 65.46410 67.18710 66.58740 68.01490 71.22300 69.74990 67.96250 66.66780 -9999 -9999
-9999 -9999 67.16140 67.81120 70.66000 70.53440 70.93530 70.64070 64.79650 62.05260 63.03500 64.55410 59.67420 -9999 -9999 -9999 -9999 -9999 78.52970 77.71090 77.60620 58.78960 58.50040 64.08020 77.21320 92.62390 78.00710 67.60680 68.95160 68.06090 63.80780 64.98230 64.46300 66.64800 67.77630 64.86890 62.02180 58.42890 59.39420 59.96900 60.95910 64.13980 67.34430 63.52160 63.02940 62.92780 63.68670 64.28620 64.50510 81.21050 81.18260 83.40600 95.75110 80.24350 78.25490 63.90410 63.78220 63.62660 61.74950 59.26010 60.47310 63.04050 66.98290 68.80960 68.63700 69.26490 66.54740 -9999 -9999 -9999 -9999
-9999 -9999 69.33200 69.86130 66.50560 66.23710 65.51440 70.71970 64.66220 64.79910 67.06330 70.30690 60.85610 -9999 -9999 -9999 -9999 62.55020 63.46040 58.51450 58.46580 58.16580 61.79330 80.41320 80.52290 63.49820 62.97680 63.61540 66.51600 67.70960 63.60950 66.22050 66.02100 70.06170 69.42240 66.22280 64.75040 60.45580 61.90030 64.59180 69.08790 70.91090 69.59460 65.56840 65.39900 63.94630 64.43630 61.50360 60.56380 64.64560 75.96550 77.80820 78.96210 79.63750 77.23130 57.81940 60.25230 65.31900 65.72570 65.18700 64.12700 67.39450 66.55070 69.23080 67.79300 -9999 -9999 -9999 -9999 -9999 66.42800
-9999 -9999 66.31290 71.51990 70.43680 69.83490 64.36790 60.92440 64.17180 65.39390 62.87070 60.24230 52.66670 -9999 -9999 -9999 -9999 65.09680 61.65930 58.38190 58.92290 63.12110 77.29510 67.24550 69.41410 66.69140 64.45930 64.59620 66.15010 62.36390 64.43880 66.25930 66.01710 68.29390 68.87740 68.11240 69.55890 68.07530 65.22380 64.16740 69.10870 69.62590 69.43810 72.52990 71.93650 67.85850 67.96570 66.97250 65.82330 67.65470 66.35730 63.13140 61.81020 60.85660 64.86030 58.02910 56.35580 65.61630 66.33400 64.51720 62.05480 63.35050 62.72160 64.89100 65.34920 72.81070 69.82260 70.18160 73.41710 -9999 -9999
-9999 -9999 -9999 66.26710 68.35310 62.54390 58.44970 59.03420 68.52800 65.96820 55.71500 49.52310 -9999 -9999 -9999 -9999 61.49190 59.50760 59.94780 59.57820 64.34390 64.79600 64.77790 67.10380 67.92890 65.33200 66.91940 63.88720 65.30290 66.77130 64.22090 66.25390 65.19410 64.77950 62.53490 60.29230 60.15650 63.04410 62.25350 61.01000 66.01070 65.50910 81.01750 82.00250 79.74320 80.17190 79.05070 71.43680 69.82770 68.15920 72.97050 84.68390 79.36210 84.30820 97.68170 97.42710 82.19980 73.07160 72.22890 72.43020 69.25580 68.50300 72.07780 71.54320 70.99500 68.09450 68.18530 67.64940 65.10130 73.04100 -9999
-9999 -9999 -9999 -9999 65.31230 58.28060 56.17460 69.79370 70.80980 56.85190 57.72920 -9999 -9999 -9999 -9999 68.80920 58.75000 56.06550 58.05960 58.24230 58.22770 59.41650 60.53800 64.18760 65.14860 63.39040 61.55140 61.29460 60.92700 61.57720 60.86300 60.09420 59.23960 60.94760 64.97400 68.07940 67.69240 66.69600 65.39790 62.94410 63.52620 66.30550 67.92570 72.24680 74.01700 68.32190 67.54870 80.15250 68.30440 78.52150 65.73820 78.86650 79.72730 79.99860 79.16230 78.30840 93.04600 83.42500 81.20870 67.55650 71.47820 73.04480 70.63390 64.76630 67.60860 67.12890 64.34830 61.91410 64.51610 65.92050 67.68520
-9999 -9999 -9999 -9999 -9999 -9999 72.17200 78.85590 51.18210 64.56440 58.62670 -9999 -9999 -9999 -9999 -9999 54.91230 57.32620 56.80730 58.00630 57.58130 54.45290 58.86380 63.88610 60.89790 59.53970 62.97340 76.47110 76.14810 62.24500 60.44410 59.45960 60.81790 63.10090 62.99690 61.48590 66.74530 65.01380 62.70800 65.60540 65.43640 70.13320 72.62150 70.13820 72.59190 72.91940 71.14210 79.60850 80.30340 85.60610 80.08940 80.40490 62.44690 65.72270 64.97970 60.33860 76.61340 82.98430 78.08230 64.80430 65.45110 68.32830 68.80890 65.79950 64.22770 65.23040 64.24940 58.54870 59.11210 61.21790 65.99050
-9999 -9999 -9999 -9999 -9999 -9999 -9999 -9999 -9999 -9999 -9999 -9999 -9999 -9999 -9999 -9999 -9999 -9999 -9999 57.04040 57.88830 54.54950 58.02860 59.10620 61.67910 61.02070 58.30690 51.58480 50.01650 55.16590 59.45660 61.19190 66.88660 66.87900 64.20390 63.73080 66.87840 68.61650 67.32510 70.60890 73.33910 75.65440 75.19430 76.22000 75.38710 73.45870 67.44120 79.33700 79.00570 67.83570 67.40650 65.64480 77.90730 79.85070 68.61410 60.99730 61.10520 63.59030 63.30490 64.54530 69.53790 72.40540 68.00270 65.21940 64.79590 64.93050 61.29090 58.36460 58.46260 67.80300 69.68750
-9999 -9999 -9999 -9999 -9999 -9999 -9999 -9999 -9999 -9999 -9999 -9999 -9999 -9999 -9999 -9999 -9999 -9999 60.63490 60.38560 57.81860 56.58830 58.62750 56.83810 57.65960 56.68850 55.42050 56.15410 56.04900 55.93390 57.50620 60.17540 61.60670 62.45330 66.42190 65.51760 67.74940 65.36910 66.68970 69.30610 71.49900 72.33090 71.70030 75.93160 74.57960 74.48400 73.33740 72.53290 69.25860 80.97250 82.04150 82.73150 82.03380 78.82640 68.60770 69.24800 67.29740 64.91200 68.06740 63.44140 66.71950 67.50790 64.14830 67.79890 71.84610 62.46180 58.68950 60.95600 62.14160 65.14100 74.96650
-9999 -9999 -9999 -9999 -9999 -9999 -9999 -9999 -9999 -9999 -9999 -9999 -9999 -9999 -9999 -9999 -9999 63.78380 63.04420 58.77100 59.83910 58.76210 57.05840 56.71990 54.98010 54.57820 72.07460 52.26240 56.61480 57.06400 58.68480 58.69150 62.97550 58.98240 76.62870 78.42350 71.58820 67.57630 67.87440 70.50070 67.93420 68.12600 72.40510 73.27630 71.56740 66.53930 77.72030 80.37200 68.69120 78.70530 79.75680 79.14550 65.67690 65.43130 67.51820 70.22240 66.09490 66.31170 65.41180 63.77690 64.46140 68.36540 67.45330 72.10330 65.57030 60.77960 60.20950 60.69960 60.28080 65.72220 74.08660
-9999 -9999 -9999 -9999 -9999 -9999 -9999 -9999 -9999 -9999 -9999 -9999 -9999 -9999 -9999 -9999 -9999 66.00830 63.15890 64.14140 64.73280 62.74170 56.29490 55.28820 53.06610 51.54980 51.39320 50.95240 52.13310 53.59050 72.39530 74.40020 74.08010 72.73480 76.61770 80.31400 82.17360 61.94560 63.09650 65.38540 67.50390 65.24690 65.76920 64.64350 64.70350 77.62440 65.12240 70.44400 68.07490 64.27720 77.69240 79.58960 79.79320 78.78870 79.54330 72.05620 71.86830 72.32450 67.50170 64.34710 64.94330 66.02390 64.20670 66.61810 67.33370 65.37920 63.82500 64.98610 63.27560 67.99860 64.68810
-9999 -9999 -9999 -9999 -9999 -9999 -9999 -9999 -9999 -9999 -9999 -9999 -9999 -9999 -9999 -9999 75.49710 74.29440 64.79060 66.25080 58.86840 55.01720 53.24430 52.84130 50.61730 50.35090 49.89330 49.31080 49.80530 51.11160 52.19180 53.97300 53.00770 71.98380 73.72790 75.13710 61.50050 60.71990 61.44520 58.87150 58.55760 65.66950 76.97620 60.76300 58.79810 61.49320 63.82200 71.52550 68.21310 60.27630 76.73090 79.36730 79.23640 78.98440 78.84190 68.85650 73.95200 74.10150 75.79750 65.05940 63.37180 66.84810 68.24490 74.28900 73.53620 87.79180 86.50100 83.40470 77.34160 63.47530 67.70550
-9999 -9999 -9999 -9999 -9999 -9999 -9999 -9999 -9999 -9999 -9999 -9999 -9999 67.24220 64.23990 67.41320 64.40700 70.66260 69.30720 55.77630 55.13690 52.02540 49.25930 53.19000 52.83320 49.61150 48.99780 49.65710 49.29230 48.56280 69.58190 70.22090 52.05590 52.34990 73.53640 75.66780 75.93760 60.61570 66.84220 68.87790 69.24320 69.65730 64.99260 61.34010 77.10400 78.45780 79.14620 82.64580 85.17290 78.70850 78.18290 76.26340 66.62620 63.82360 75.87700 76.08510 72.57600 70.19730 67.64890 69.11030 70.40530 81.59800 72.92040 90.12190 89.30130 81.96140 83.66370 77.53970 65.49640 69.75800 74.23960
-9999 -9999 -9999 -9999 -9999 -9999 -9999 -9999 -9999 -9999 -9999 -9999 62.00740 65.26590 68.74120 65.77330 64.83260 62.59950 59.58430 52.52060 52.42840 50.99200 49.87780 54.18530 52.51720 48.58980 48.25150 48.34270 69.29590 68.35410 69.37620 69.80290 70.55450 51.93610 72.26000 74.84580 60.14490 59.86870 66.28960 67.67770 64.41260 67.06610 76.95460 77.82300 80.11060 76.90610 76.70080 82.76440 87.24370 86.23190 69.82860 65.90960 64.21200 66.94570 62.41190 64.97350 82.76500 81.71470 79.21300 81.32210 76.67880 83.66650 79.45050 77.75510 82.25240 82.57870 81.17400 65.73990 72.50550 77.20230 70.98050
-9999 -9999 -9999 -9999 -9999 -9999 -9999 -9999 -9999 -9999 -9999 68.03590 62.93650 63.49880 60.90540 56.68810 54.35930 55.82230 55.79230 53.56020 53.04930 47.30740 47.27590 50.01720 50.00290 48.28400 68.93680 47.32210 68.44450 67.63610 68.47910 49.06680 50.23500 52.74310 55.39410 76.60960 67.44030 67.55010 66.60230 64.23960 62.40910 77.41880 77.01100 78.55050 80.05950 81.04620 83.69380 81.62010 82.63950 86.26330 87.67670 75.15320 70.65980 73.23670 70.00900 67.11450 80.92030 78.08760 75.11440 71.78500 76.37140 77.08150 67.77880 64.63090 79.08550 68.13630 66.23700 67.12760 72.78240 70.18870 66.75440
-9999 -9999 -9999 -9999 -9999 -9999 -9999 -9999 -9999 -9999 57.70680 59.32740 56.02120 58.70640 56.02100 53.80070 52.45710 52.13440 52.21670 50.99490 50.06140 46.62950 46.59000 49.21240 48.92620 47.49670 47.46130 67.95110 68.25130 46.51080 47.01800 48.56220 38.52240 72.55490 75.62660 63.83300 68.26320 67.20400 72.81580 65.77610 77.67460 76.42550 75.35940 79.38160 79.36150 80.25730 81.30960 81.41950 82.16270 87.02810 90.14620 80.79150 80.51280 79.78720 75.55550 72.37210 83.20090 84.94450 79.38500 79.59010 79.91990 77.04860 67.94290 76.25290 77.02480 76.63300 70.83780 71.04880 74.43990 71.27450 71.40620
-9999 -9999 -9999 -9999 -9999 -9999 -9999 -9999 -9999 51.64330 51.46910 52.75150 53.44020 54.91900 53.29290 51.62550 51.33680 51.26520 50.18370 51.02810 51.07350 50.77700 50.90860 46.65880 46.37400 46.63580 46.11620 47.13100 47.45550 47.64400 47.62010 48.30120 49.95770 55.25780 77.57200 69.59300 76.56450 73.80090 73.30710 66.85100 78.49670 75.96040 76.69250 83.45610 76.41770 93.46150 77.66150 82.85040 87.31520 85.11220 89.99180 87.84120 80.53410 87.19830 82.91880 82.36620 80.98640 79.42340 79.48480 80.77950 78.22280 78.11170 66.06150 77.58090 65.51970 68.97610 76.79000 80.69840 74.50080 74.85590 74.49790
-9999 -9999 -9999 -9999 -9999 -9999 -9999 -9999 -9999 -9999 48.49410 49.30560 50.24430 50.35340 49.22760 49.95920 49.89620 49.99890 49.70670 49.86550 50.40520 50.31260 50.27280 -9999 -9999 -9999 -9999 -9999 -9999 48.10060 51.27710 49.11910 51.19850 56.68260 61.74280 71.66200 78.06400 72.28440 69.70730 62.32020 77.49390 76.25660 72.48440 91.25440 82.93440 92.67350 93.13910 81.61060 84.82340 82.95440 83.86060 79.42090 82.04560 83.10820 89.70820 79.00370 76.83220 78.22520 79.69340 79.13190 78.52530 65.64640 68.38420 67.99580 72.97900 75.83240 80.47290 79.83510 78.66410 81.83980 76.81310
-9999 -9999 -9999 -9999 -9999 -9999 -9999 -9999 -9999 -9999 -9999 -9999 47.54160 49.31630 49.72540 47.76010 48.05370 49.50580 49.59440 -9999 -9999 -9999 -9999 -9999 -9999 -9999 -9999 -9999 -9999 -9999 -9999 -9999 -9999 53.98420 60.00870 68.42010 83.49660 67.15920 64.07850 60.59980 77.82880 79.08300 77.14800 75.44200 75.98990 85.84630 95.20460 80.99590 82.57700 83.69700 85.33190 85.44800 87.06270 85.06980 85.16230 79.74830 80.49240 64.86920 62.02000 76.59000 76.24000 66.19210 77.53200 67.19060 70.98680 79.56690 81.78810 74.81670 77.45970 78.83090 85.01300
-9999 -9999 -9999 -9999 -9999 -9999 -9999 -9999 -9999 -9999 -9999 -9999 -9999 -9999 -9999 -9999 -9999 -9999 -9999 -9999 -9999 -9999 -9999 -9999 -9999 -9999 -9999 -9999 -9999 -9999 -9999 -9999 -9999 -9999 76.80060 80.15880 78.92430 79.73980 61.45090 79.00960 78.81020 78.26530 78.25290 74.73670 94.24110 94.27110 93.94610 80.64980 81.88470 82.60190 82.98400 84.03820 87.11480 80.89870 79.27810 77.10790 67.26670 81.20380 66.12140 65.29340 63.93690 79.52870 65.39050 66.39080 75.44860 83.51120 83.98060 78.02400 79.83560 82.89920 87.46650
-9999 -9999 -9999 -9999 -9999 -9999 -9999 -9999 -9999 -9999 -9999 -9999 -9999 -9999 -9999 -9999 -9999 -9999 -9999 -9999 -9999 -9999 -9999 -9999 -9999 -9999 -9999 -9999 -9999 -9999 -9999 -9999 -9999 -9999 60.96640 78.19610 78.60040 61.50540 58.54680 77.67430 78.57500 89.75530 90.44260 81.90820 80.15880 78.95690 79.55050 81.70180 82.71180 82.64770 81.53550 81.03850 66.32200 70.97760 68.47960 63.97730 76.26340 60.58890 62.43390 76.30610 76.54900 77.55090 64.81810 67.99060 75.98410 76.80670 85.91580 78.49590 81.57130 83.96960 -9999
-9999 -9999 -9999 -9999 -9999 -9999 -9999 -9999 -9999 -9999 -9999 -9999 -9999 -9999 -9999 -9999 -9999 -9999 -9999 -9999 -9999 -9999 -9999 -9999 -9999 -9999 -9999 -9999 -9999 -9999 -9999 -9999 -9999 -9999 -9999 -9999 -9999 -9999 77.13570 77.56550 79.20400 79.05120 77.18060 80.30190 84.40080 79.43970 79.89140 82.33430 83.95980 82.74010 83.01890 78.98850 78.48490 69.40390 79.20160 63.46790 61.41000 61.12530 63.75950 63.67850 63.56950 65.69060 70.78090 78.58500 83.80210 77.18590 81.64110 86.04220 75.62460 -9999 -9999
