data/hydroclimate-scenarios/1948-2000.Pcorr55N_Pref_Tref/monthly_summaries/soilm3_monthly_day1_aug.1950-2000.asc
ncols	311
nrows	91
xllcenter	102.75
yllcenter	31.75
cellsize	0.5
NODATA_value	-9999
[rows 0 to 31 of 91, columns 71 to 141 of 311]
-9999 -9999 -9999 -9999 -9999 -9999 -9999 -9999 -9999 -9999 -9999 -9999 -9999 -9999 -9999 -9999 -9999 -9999 -9999 -9999 -9999 -9999 -9999 -9999 -9999 -9999 -9999 -9999 -9999 -9999 -9999 -9999 -9999 -9999 -9999 -9999 -9999 -9999 -9999 -9999 -9999 -9999 -9999 -9999 -9999 -9999 -9999 -9999 -9999 -9999 -9999 -9999 -9999 -9999 -9999 -9999 -9999 -9999 -9999 -9999 -9999 -9999 -9999 -9999 -9999 -9999 -9999 -9999 -9999 -9999 -9999
-9999 -9999 -9999 -9999 -9999 -9999 -9999 -9999 -9999 -9999 -9999 -9999 -9999 -9999 -9999 -9999 -9999 -9999 -9999 -9999 -9999 -9999 -9999 -9999 -9999 -9999 -9999 -9999 -9999 -9999 -9999 -9999 -9999 -9999 -9999 -9999 -9999 -9999 -9999 -9999 -9999 -9999 -9999 -9999 -9999 -9999 -9999 -9999 -9999 -9999 -9999 -9999 -9999 -9999 -9999 -9999 -9999 -9999 -9999 -9999 -9999 -9999 -9999 -9999 -9999 -9999 -9999 -9999 -9999 -9999 -9999
-9999 -9999 -9999 -9999 -9999 -9999 -9999 -9999 -9999 -9999 -9999 -9999 -9999 -9999 -9999 -9999 -9999 -9999 -9999 -9999 -9999 -9999 -9999 -9999 -9999 -9999 -9999 -9999 -9999 -9999 -9999 -9999 -9999 -9999 -9999 -9999 -9999 -9999 -9999 -9999 -9999 -9999 -9999 -9999 -9999 -9999 -9999 -9999 -9999 -9999 -9999 -9999 -9999 -9999 -9999 -9999 -9999 -9999 -9999 -9999 -9999 -9999 -9999 -9999 -9999 -9999 -9999 -9999 -9999 -9999 -9999
-9999 -9999 -9999 -9999 -9999 -9999 -9999 -9999 -9999 -9999 -9999 -9999 -9999 -9999 -9999 -9999 -9999 -9999 -9999 -9999 -9999 -9999 -9999 -9999 -9999 -9999 -9999 -9999 -9999 -9999 -9999 -9999 -9999 -9999 -9999 -9999 -9999 -9999 -9999 -9999 -9999 -9999 -9999 -9999 -9999 -9999 -9999 -9999 -9999 -9999 -9999 -9999 -9999 -9999 -9999 -9999 -9999 -9999 -9999 -9999 -9999 -9999 -9999 -9999 -9999 -9999 -9999 -9999 -9999 -9999 -9999
-9999 -9999 -9999 -9999 -9999 -9999 -9999 -9999 -9999 -9999 -9999 -9999 -9999 -9999 -9999 -9999 -9999 -9999 -9999 -9999 -9999 -9999 -9999 -9999 -9999 -9999 -9999 -9999 -9999 -9999 -9999 -9999 -9999 -9999 -9999 -9999 -9999 -9999 -9999 -9999 -9999 -9999 -9999 -9999 -9999 -9999 -9999 -9999 -9999 -9999 -9999 -9999 -9999 -9999 -9999 -9999 -9999 -9999 -9999 -9999 -9999 -9999 -9999 -9999 -9999 -9999 -9999 -9999 -9999 -9999 -9999
-9999 -9999 -9999 -9999 -9999 -9999 -9999 -9999 -9999 -9999 -9999 -9999 -9999 -9999 -9999 -9999 -9999 -9999 -9999 -9999 -9999 -9999 -9999 -9999 -9999 -9999 -9999 -9999 -9999 -9999 -9999 -9999 -9999 -9999 -9999 -9999 -9999 -9999 -9999 -9999 -9999 -9999 -9999 -9999 -9999 -9999 -9999 -9999 -9999 -9999 -9999 -9999 -9999 -9999 -9999 -9999 -9999 -9999 -9999 -9999 -9999 -9999 -9999 -9999 -9999 -9999 -9999 -9999 -9999 -9999 -9999
-9999 -9999 -9999 -9999 -9999 -9999 -9999 -9999 -9999 -9999 -9999 -9999 -9999 -9999 -9999 -9999 -9999 -9999 -9999 -9999 -9999 -9999 -9999 -9999 -9999 -9999 -9999 -9999 -9999 -9999 -9999 -9999 -9999 -9999 -9999 -9999 -9999 -9999 -9999 -9999 -9999 -9999 -9999 -9999 -9999 -9999 -9999 -9999 -9999 -9999 -9999 -9999 -9999 -9999 -9999 -9999 -9999 -9999 -9999 -9999 -9999 -9999 -9999 -9999 -9999 -9999 -9999 -9999 -9999 -9999 -9999
-9999 -9999 -9999 -9999 -9999 -9999 -9999 -9999 -9999 -9999 -9999 -9999 -9999 -9999 -9999 -9999 -9999 -9999 -9999 -9999 -9999 -9999 -9999 -9999 -9999 -9999 -9999 -9999 -9999 -9999 -9999 -9999 -9999 -9999 -9999 -9999 -9999 -9999 -9999 -9999 -9999 -9999 -9999 -9999 -9999 -9999 -9999 -9999 -9999 -9999 -9999 -9999 -9999 -9999 -9999 -9999 -9999 -9999 -9999 -9999 -9999 -9999 -9999 -9999 -9999 -9999 -9999 -9999 -9999 -9999 -9999
-9999 -9999 -9999 -9999 -9999 -9999 22.33120 -9999 -9999 -9999 -9999 -9999 -9999 -9999 -9999 -9999 -9999 -9999 -9999 -9999 -9999 -9999 -9999 -9999 -9999 -9999 -9999 -9999 -9999 -9999 -9999 -9999 -9999 -9999 -9999 -9999 -9999 -9999 -9999 -9999 -9999 -9999 -9999 -9999 -9999 -9999 -9999 -9999 -9999 -9999 -9999 -9999 -9999 -9999 -9999 -9999 -9999 -9999 -9999 -9999 -9999 -9999 -9999 -9999 -9999 -9999 -9999 -9999 -9999 -9999 -9999
-9999 -9999 23.15680 22.30920 22.30980 22.32150 22.32720 22.35110 22.05490 21.98200 21.80260 21.72000 21.97330 22.22770 21.64430 21.27120 21.80320 21.58730 21.50270 21.72590 22.18140 22.86210 -9999 -9999 -9999 -9999 -9999 -9999 -9999 -9999 -9999 -9999 -9999 -9999 -9999 -9999 -9999 -9999 -9999 -9999 -9999 -9999 -9999 -9999 -9999 -9999 -9999 -9999 -9999 -9999 -9999 -9999 -9999 -9999 -9999 -9999 -9999 -9999 -9999 -9999 -9999 -9999 -9999 -9999 -9999 -9999 -9999 -9999 -9999 -9999 -9999
-9999 -9999 -9999 -9999 20.82630 20.64220 20.37110 20.38390 20.44020 20.49680 20.54210 20.62450 20.73300 20.77790 20.79410 20.86920 20.92640 20.99880 21.02360 21.07700 21.17250 21.37610 -9999 -9999 -9999 -9999 -9999 -9999 -9999 -9999 -9999 -9999 -9999 -9999 -9999 -9999 -9999 -9999 -9999 -9999 -9999 -9999 -9999 -9999 -9999 -9999 -9999 -9999 -9999 -9999 -9999 -9999 -9999 -9999 -9999 -9999 -9999 -9999 -9999 -9999 -9999 -9999 -9999 -9999 -9999 -9999 -9999 -9999 -9999 -9999 -9999
21.90540 22.30660 21.81140 21.91560 20.91920 21.43440 23.47150 21.58510 21.42250 21.46620 20.61000 20.55620 20.63440 20.71400 20.79080 20.84240 20.90340 21.00150 21.21060 21.68450 21.94800 21.36460 19.02030 18.77330 18.47810 18.43130 18.34720 18.41090 -9999 -9999 -9999 -9999 -9999 -9999 -9999 -9999 -9999 -9999 -9999 -9999 -9999 -9999 -9999 -9999 -9999 -9999 -9999 -9999 -9999 -9999 -9999 -9999 -9999 -9999 -9999 -9999 -9999 -9999 -9999 -9999 -9999 -9999 -9999 -9999 -9999 -9999 -9999 -9999 -9999 -9999 -9999
23.01600 22.91960 21.72110 22.93210 23.25400 22.47700 22.69310 23.51990 23.52430 23.65830 21.60990 21.65790 21.66580 21.54770 20.79020 20.90340 21.88510 23.66310 23.25510 19.20030 19.22510 19.97800 19.86750 19.00400 18.57580 18.48680 18.44340 18.42260 18.60050 18.49930 18.40690 18.39060 18.87880 18.83670 18.63890 18.56130 18.38420 18.37960 18.33590 18.29920 18.27070 18.25660 18.26110 -9999 -9999 -9999 -9999 -9999 -9999 -9999 -9999 -9999 -9999 -9999 -9999 -9999 -9999 -9999 -9999 -9999 -9999 -9999 -9999 -9999 -9999 -9999 -9999 -9999 -9999 -9999 -9999
22.38310 22.28490 22.33010 22.82060 22.77250 22.85400 22.77810 22.79610 22.81030 23.10790 22.85490 23.11850 23.25080 23.64500 22.90700 22.77360 23.74880 24.01600 23.46130 20.88250 20.67560 21.26390 21.66530 22.12580 21.53040 20.96810 21.20660 21.28490 20.07700 18.86470 18.48430 18.45950 19.55030 19.11540 18.57120 18.50950 18.50950 18.44690 18.38770 18.35040 18.36540 18.33160 18.30860 21.88410 -9999 -9999 -9999 -9999 -9999 -9999 -9999 -9999 -9999 -9999 -9999 -9999 -9999 -9999 -9999 -9999 -9999 -9999 -9999 -9999 -9999 -9999 -9999 -9999 -9999 -9999 -9999
22.89520 22.87190 22.79130 23.12550 22.90120 21.89520 22.08480 22.96000 21.95670 21.34150 20.87450 21.66740 22.02280 22.02510 21.35560 20.94200 21.01090 20.40650 21.38340 22.11220 20.06020 20.92120 20.87400 20.73930 19.96610 20.23690 20.36070 20.97860 19.78650 19.76920 19.71150 19.68300 19.82470 19.81820 19.75320 19.75120 20.12150 20.03800 19.53420 18.58850 18.60260 18.57830 18.56070 18.42350 -9999 -9999 -9999 -9999 -9999 -9999 -9999 -9999 -9999 -9999 -9999 -9999 -9999 -9999 -9999 21.33690 21.47970 -9999 -9999 -9999 -9999 19.35240 21.45990 23.69220 22.91160 23.09280 22.37620
22.78370 22.80250 22.88530 22.97270 22.85490 21.24360 19.67810 20.95270 19.91920 22.11030 22.17300 20.25350 19.85990 20.00810 20.04930 19.97570 20.60590 20.88150 21.84370 20.78720 21.63700 21.06140 19.89460 19.79840 19.81450 20.46710 23.49480 23.30330 20.14700 19.73390 19.70870 19.68440 20.91950 22.55070 23.19470 20.46740 20.07950 20.49340 22.86320 23.38680 22.84240 23.07420 22.31700 20.81050 19.79500 19.92070 22.22190 20.47910 21.46830 22.67680 22.98180 22.33440 22.37920 23.32310 23.60550 22.64840 22.37540 22.37530 22.49330 22.11930 22.64130 -9999 -9999 -9999 -9999 -9999 19.50010 20.95020 22.03250 23.05330 23.77140
23.11820 22.30810 22.90440 23.06280 22.36480 22.77380 22.48590 21.56940 19.66200 19.65760 19.67500 19.72620 19.76240 19.81300 20.43700 21.24140 20.80210 20.77750 19.97560 21.30610 21.04310 20.25830 19.74310 19.73550 19.77730 19.77310 19.74840 19.75400 19.74120 19.74840 19.73470 19.70650 20.91290 20.40460 19.89930 19.89220 20.54440 20.82250 23.63940 23.66540 20.96610 23.45120 20.65500 21.03010 20.42430 20.27780 20.24050 20.19180 20.30460 20.73360 20.91440 20.98920 21.84290 23.42940 25.10920 24.12370 24.72990 25.05120 24.28170 22.90150 22.90340 23.07430 23.24140 21.84760 21.48890 19.74130 20.06490 20.65730 21.65610 22.34230 24.03960
23.05470 23.68820 22.77250 23.19280 23.12550 21.36240 21.11060 21.48780 21.62850 21.32530 20.23670 20.27200 20.30310 21.20720 20.40310 19.91650 20.36310 20.27230 20.40880 22.76160 21.92420 21.29850 20.10030 19.69430 19.75480 19.73360 19.72780 19.72630 19.74090 19.75170 19.74470 19.83870 20.33840 20.48070 20.55760 20.54280 24.01070 22.06800 22.80220 23.39940 22.15690 20.85790 23.22060 23.33950 22.12280 20.64810 20.67710 20.23400 20.07260 20.71170 22.90500 23.34000 23.46090 22.76950 23.99970 24.35940 24.97890 25.04440 25.07990 25.50760 24.89360 25.80290 24.38670 23.18980 23.84890 24.19060 22.40410 22.40670 22.11420 24.00250 25.52390
23.25590 23.63670 22.97350 22.32990 22.82150 22.10510 22.70560 22.84780 22.51450 20.70810 21.11170 21.52290 20.62770 20.44080 20.76000 21.16860 19.67720 19.67840 19.89170 21.82830 21.27530 21.01580 21.09540 20.09580 19.71860 19.71930 19.71280 19.72630 20.02770 20.00100 20.82650 22.15450 20.81470 22.05510 20.10760 20.18060 20.85560 20.99990 22.79470 23.09380 22.40230 20.92130 21.40850 22.95150 23.25570 22.96860 22.91420 21.16390 19.79510 21.54190 22.02070 23.07560 23.57380 23.66500 23.50200 23.41940 23.23410 25.98820 26.20000 26.51800 27.21070 28.67890 29.96460 27.67470 27.20540 25.91250 25.56320 25.53990 26.56880 27.81240 28.78890
23.05770 23.39400 23.13530 22.81040 22.35150 22.80430 22.90130 22.91170 22.91120 22.90360 23.00160 22.95350 22.68570 22.75550 22.74740 22.83260 22.43180 19.85630 19.68170 19.71750 19.77590 19.80510 19.90140 19.70200 19.70230 19.69390 19.69490 19.67910 20.61150 21.38340 20.61760 21.94820 23.00360 23.04180 21.60740 22.64910 22.50100 22.34630 20.66080 22.09010 23.19300 23.13390 21.56410 21.95350 23.28180 23.29200 23.08890 23.03960 21.91260 20.59220 20.23040 21.66910 23.64810 22.22420 23.02280 25.46440 25.02070 27.98630 26.66030 25.58020 25.78490 26.04480 26.49360 29.03030 31.01610 28.57320 31.17950 27.83880 27.47840 28.05960 29.12330
22.87670 22.92780 22.90470 23.22900 23.74210 22.35770 22.28860 22.28420 22.71050 22.90170 22.91420 23.12640 23.80070 24.08140 23.29470 22.94640 22.75830 22.73540 22.63070 21.34030 21.05170 20.35710 20.56920 20.95200 20.26580 20.67540 20.38120 20.76670 21.00770 22.69680 22.67580 23.15660 23.19300 23.09080 23.03200 23.17540 23.13530 23.28000 23.21380 23.10560 23.31050 23.40120 23.29280 23.21700 23.20550 23.12840 23.14590 23.11710 23.00530 22.82490 22.51130 23.19270 24.92490 24.77520 24.85140 25.74240 26.69260 28.09640 27.28820 30.19240 29.03380 28.13900 26.04210 27.64120 27.50520 28.12990 27.16790 28.41800 27.38400 28.70590 27.59790
23.63670 23.59650 23.52950 23.58380 24.01890 23.42150 22.83690 22.86800 22.78610 22.81200 22.90220 22.71430 22.79310 23.10020 23.85740 23.96630 23.65990 23.38040 22.80410 22.38310 22.85750 22.85360 22.15640 20.77620 19.99910 20.30770 20.38600 20.28990 23.20010 23.23680 23.20390 23.43870 23.30510 23.43940 23.28020 23.37670 23.29920 23.36500 22.54090 23.29810 23.47030 23.40940 23.29270 23.40340 23.28520 23.40640 23.42460 23.52130 23.35710 23.29640 23.94110 23.79580 28.44860 26.96590 28.51600 28.59090 28.43510 27.72420 27.92740 30.02040 28.32220 28.65110 28.52300 27.07780 27.97740 26.41310 29.33380 28.53980 27.02000 27.46230 25.87760
23.15530 23.79320 23.70620 23.72320 23.51560 23.51100 23.52680 22.64890 23.04350 22.82090 22.84270 22.97500 22.76780 22.29970 22.75710 22.31900 22.50920 23.67290 23.63250 23.24290 23.04310 23.71930 23.14480 22.90460 19.89780 19.94040 20.31000 20.71850 21.20130 22.88580 23.29480 23.29970 23.51900 22.94880 23.05850 23.24870 23.25650 23.25470 23.45120 23.38940 23.35360 23.29780 23.34960 23.29950 23.82460 24.23450 24.07340 23.76440 24.00300 24.66940 25.06180 24.79790 25.41800 26.79040 25.27390 26.69050 24.29610 25.19800 24.17540 23.96650 28.03490 27.73590 28.03970 26.04570 28.43290 26.35710 25.53470 24.88370 25.67910 26.72290 25.62840
23.09630 23.15630 22.96560 23.06000 23.35140 23.39440 23.53190 23.65140 23.49580 23.08380 22.94150 23.31010 23.15610 23.00590 23.76820 24.16570 24.42730 22.34610 23.11250 24.22630 26.12280 25.47530 24.64100 23.16270 21.56240 21.16380 20.41140 21.05080 21.89020 21.20910 21.30460 21.12140 20.67430 21.89320 22.98830 23.21090 23.27980 23.28550 23.38710 23.44590 23.84190 23.66690 23.48930 22.75720 22.44200 23.20590 23.45140 23.81970 24.46800 24.87060 25.20500 24.82000 25.17910 25.35630 26.94740 27.94130 24.92460 25.34160 24.02700 23.90110 27.19080 27.43070 27.87800 28.46460 25.44450 25.61700 25.42460 24.56650 25.44310 27.17700 25.94930
23.10110 23.03450 22.89410 22.82760 22.89860 22.95090 23.03530 23.06610 23.00660 23.04430 23.04630 22.94650 22.39910 22.80180 23.32210 23.47950 24.26290 24.19620 22.86180 23.03410 23.97290 24.24540 23.97290 23.72640 23.07070 22.96810 21.39060 23.13470 23.20090 23.19510 23.26400 23.23080 22.06100 21.61880 22.89770 23.17990 23.20190 23.24170 23.36670 23.66330 24.02840 23.91620 24.35420 23.21640 23.35250 23.41830 23.66320 24.01480 24.60310 25.63840 26.10430 25.18790 25.20400 26.76980 25.83200 25.72150 24.26390 24.06390 25.07790 24.34750 28.30890 27.86480 27.67510 25.96190 26.27890 27.30520 25.92830 25.74430 27.27170 27.83830 28.05770
23.30160 23.34950 23.35110 23.25430 23.11030 22.81620 22.96230 22.94440 22.93460 23.02420 23.38090 23.64600 23.06790 22.78340 22.97900 23.17110 23.36640 23.47370 24.37190 24.19960 24.17820 23.48970 23.31430 23.41090 23.44470 23.39460 23.09370 23.07680 23.17710 23.27930 23.23690 23.46320 23.56600 23.52710 23.24180 23.45200 23.44550 23.72350 23.50850 24.21130 24.36410 24.40110 24.36980 25.39660 24.72350 23.86460 22.93160 23.20830 23.29830 23.81190 25.52740 24.51240 24.30720 24.28080 24.16080 24.63970 24.04740 24.32630 24.36880 24.90290 28.70690 28.70570 28.23970 25.15840 23.22670 22.52210 22.47470 23.00380 27.29660 28.19200 28.38210
23.96710 24.53030 23.98680 23.79900 23.63790 23.32640 23.05160 23.01130 23.00310 23.22570 23.38980 23.94960 24.55440 23.88340 23.17290 23.17570 23.65280 24.18170 25.66910 25.97260 24.36560 24.12020 24.19210 23.56710 23.55890 23.46200 23.39530 23.26190 23.15930 23.21680 23.56800 23.19830 23.50970 24.08640 24.12590 23.67290 24.09270 24.91910 23.55920 24.51740 25.70370 26.47780 26.09920 24.89750 24.55570 24.17690 23.29870 24.05950 23.44600 22.45690 25.03830 26.53810 25.26400 24.04950 23.69710 24.82220 24.41850 21.94550 19.36630 19.08320 19.15670 20.19910 19.99350 19.36850 21.25470 23.62080 21.20970 23.50770 25.31690 26.71810 27.04520
23.35470 24.00310 24.65690 24.42090 24.03360 23.39560 22.57710 22.90480 23.13100 23.00120 22.95370 23.11910 23.26980 24.32220 23.65190 23.61160 23.93700 23.65860 23.96490 23.81900 26.07940 24.10130 23.91540 23.51340 23.44550 23.62350 24.42860 23.50410 23.26290 23.49520 23.71850 23.44150 23.73670 24.14450 24.46610 23.83140 24.29740 24.62010 25.47160 24.62190 24.94800 25.67530 25.03000 26.46130 24.45120 23.40200 20.45610 21.24350 22.19740 22.48580 22.36170 24.18020 23.39620 22.81500 24.14300 22.94610 20.18370 19.74540 19.36200 19.21040 19.31580 19.48660 20.69400 22.77130 26.64420 25.27820 25.69420 25.53330 26.70700 25.36570 26.25670
24.20740 24.26470 25.64290 25.34050 25.10180 26.35590 24.16690 22.81710 22.95420 23.47750 23.00770 23.24620 23.18960 23.49030 24.84020 24.14940 23.53560 23.29840 23.70090 23.80530 23.83000 24.46150 24.45000 23.79820 23.52330 23.30590 23.48020 23.32900 23.05750 23.33970 23.28570 23.59600 24.02250 24.14310 24.68160 23.71410 24.53370 25.40760 27.35290 28.97740 26.66830 25.12450 26.14930 24.16000 20.76360 20.22040 21.48440 21.93200 22.94200 20.92340 19.99850 20.16580 23.10490 21.74780 21.70170 22.24740 20.24750 19.70700 19.50680 19.42640 20.40660 22.34040 23.53170 24.62000 29.67190 29.09380 30.03570 30.40870 28.79210 27.93210 28.72200
23.35260 23.94280 25.58510 24.95180 25.45070 25.75460 27.04510 25.00540 25.69660 25.49310 25.50640 25.13420 24.04590 24.59980 24.97730 24.27910 24.35940 23.86970 23.52430 23.75910 23.83360 24.68740 26.33520 24.32160 23.63790 22.73320 24.00480 23.68940 23.41650 23.70230 23.56390 23.24870 24.41470 24.60030 25.84290 25.01000 24.98760 25.50790 28.09490 28.68320 26.89500 23.60600 22.05870 20.73600 19.55830 21.86370 22.96810 23.11790 24.83970 24.41910 -9999 -9999 23.18660 22.56840 20.43200 21.92870 20.17730 20.10280 22.88600 23.37580 23.57580 24.72000 25.65080 27.05320 33.04550 36.27620 38.02910 41.99880 33.38020 31.94490 33.05720
23.69970 23.48630 23.94410 24.41370 26.52900 25.49200 26.63440 25.14050 25.53450 25.41030 25.22380 24.64670 24.40860 24.65360 24.39320 23.84070 26.79940 25.40220 24.55890 25.60430 24.74020 25.45980 25.66610 26.39820 28.31980 26.25370 26.29200 25.02480 22.96560 23.88890 24.16530 23.52530 23.82740 24.38700 25.14430 24.90810 26.01260 24.70820 23.98280 -9999 -9999 -9999 -9999 23.28130 -9999 23.06640 24.85730 24.20140 23.96830 23.30080 -9999 -9999 24.17610 20.89110 20.92160 23.12110 22.78850 22.98760 23.29090 24.10200 24.43550 25.11960 26.13570 26.63860 30.97640 44.93020 47.30100 45.15880 34.03910 31.26280 30.27960
23.22220 23.45090 23.86540 24.40090 26.05760 24.54650 26.50670 25.85160 23.59500 23.79980 23.47300 23.81950 24.73980 25.10650 24.25550 23.01210 25.98140 26.96600 27.69420 26.72620 28.39970 26.16800 26.65220 26.51240 26.21790 26.07960 25.32910 26.72470 24.70070 24.17360 24.35880 24.41360 25.48230 25.05760 26.66490 24.78270 24.59200 -9999 -9999 -9999 -9999 -9999 -9999 -9999 23.77590 23.85620 23.99040 -9999 -9999 -9999 -9999 -9999 20.64920 21.62180 25.99770 25.79730 24.50230 23.89760 23.49680 24.48340 23.60090 23.83750 24.86540 26.43260 29.67450 28.79790 32.61510 41.77620 33.48990 27.55790 -9999
