data/hydroclimate-scenarios/1948-2000.Pcorr55N_Pref_Tref/monthly_summaries/soilm3_monthly_day1_oct.1950-2000.asc
ncols	311
nrows	91
xllcenter	102.75
yllcenter	31.75
cellsize	0.5
NODATA_value	-9999
[rows 0 to 31 of 91, columns 213 to 283 of 311]
-9999 -9999 -9999 -9999 -9999 -9999 -9999 -9999 -9999 -9999 -9999 -9999 -9999 -9999 -9999 -9999 -9999 -9999 -9999 -9999 -9999 -9999 -9999 -9999 -9999 -9999 -9999 -9999 -9999 -9999 -9999 -9999 -9999 -9999 -9999 -9999 -9999 -9999 -9999 -9999 -9999 -9999 -9999 -9999 -9999 -9999 -9999 -9999 -9999 -9999 -9999 -9999 -9999 -9999 -9999 -9999 -9999 -9999 -9999 -9999 -9999 -9999 -9999 -9999 -9999 -9999 -9999 -9999 -9999 -9999 -9999
-9999 -9999 -9999 -9999 -9999 -9999 -9999 -9999 -9999 -9999 -9999 -9999 -9999 -9999 -9999 -9999 -9999 -9999 -9999 -9999 -9999 -9999 -9999 -9999 -9999 -9999 -9999 -9999 -9999 -9999 -9999 -9999 -9999 -9999 -9999 -9999 -9999 -9999 -9999 -9999 -9999 -9999 -9999 -9999 -9999 -9999 -9999 -9999 -9999 -9999 -9999 -9999 -9999 -9999 -9999 -9999 -9999 -9999 -9999 -9999 -9999 -9999 -9999 -9999 -9999 -9999 -9999 -9999 -9999 -9999 -9999
-9999 -9999 -9999 -9999 -9999 -9999 -9999 -9999 -9999 -9999 -9999 -9999 -9999 -9999 -9999 -9999 -9999 -9999 -9999 -9999 -9999 -9999 -9999 -9999 -9999 -9999 -9999 -9999 -9999 -9999 -9999 -9999 -9999 -9999 -9999 -9999 -9999 -9999 -9999 -9999 -9999 -9999 -9999 -9999 -9999 -9999 -9999 -9999 -9999 -9999 -9999 -9999 -9999 -9999 -9999 -9999 -9999 -9999 -9999 -9999 -9999 -9999 -9999 -9999 -9999 -9999 -9999 -9999 -9999 -9999 -9999
-9999 -9999 -9999 -9999 -9999 -9999 -9999 -9999 -9999 -9999 -9999 -9999 -9999 -9999 -9999 -9999 -9999 -9999 -9999 -9999 -9999 -9999 -9999 -9999 -9999 -9999 -9999 -9999 -9999 -9999 -9999 -9999 -9999 -9999 -9999 -9999 -9999 -9999 -9999 -9999 -9999 -9999 -9999 -9999 -9999 -9999 -9999 -9999 -9999 -9999 -9999 -9999 -9999 -9999 -9999 -9999 -9999 -9999 -9999 -9999 -9999 -9999 -9999 -9999 -9999 -9999 -9999 -9999 -9999 -9999 -9999
-9999 -9999 -9999 -9999 -9999 -9999 -9999 -9999 -9999 -9999 -9999 -9999 -9999 -9999 -9999 -9999 -9999 -9999 -9999 -9999 -9999 -9999 -9999 -9999 -9999 -9999 -9999 -9999 -9999 -9999 -9999 -9999 -9999 -9999 -9999 -9999 -9999 -9999 -9999 -9999 -9999 -9999 -9999 -9999 -9999 -9999 -9999 -9999 -9999 -9999 -9999 -9999 -9999 -9999 -9999 -9999 -9999 -9999 -9999 -9999 -9999 -9999 -9999 -9999 -9999 -9999 -9999 -9999 -9999 -9999 -9999
-9999 -9999 -9999 -9999 -9999 -9999 -9999 -9999 -9999 -9999 -9999 -9999 -9999 -9999 -9999 -9999 -9999 -9999 -9999 -9999 -9999 -9999 -9999 -9999 -9999 -9999 -9999 -9999 -9999 -9999 -9999 -9999 -9999 -9999 -9999 -9999 -9999 -9999 -9999 -9999 -9999 -9999 -9999 -9999 -9999 -9999 -9999 -9999 -9999 -9999 -9999 -9999 -9999 -9999 -9999 -9999 -9999 -9999 -9999 -9999 -9999 -9999 -9999 -9999 -9999 -9999 -9999 -9999 -9999 -9999 -9999
-9999 -9999 -9999 -9999 -9999 -9999 -9999 -9999 -9999 -9999 -9999 -9999 -9999 -9999 -9999 -9999 -9999 -9999 -9999 -9999 -9999 -9999 -9999 -9999 -9999 -9999 -9999 -9999 -9999 -9999 -9999 -9999 -9999 -9999 -9999 -9999 -9999 -9999 -9999 -9999 -9999 -9999 -9999 -9999 -9999 -9999 -9999 -9999 -9999 -9999 -9999 -9999 -9999 -9999 -9999 -9999 -9999 -9999 -9999 -9999 -9999 -9999 -9999 -9999 -9999 -9999 -9999 -9999 -9999 -9999 -9999
-9999 -9999 -9999 -9999 -9999 -9999 -9999 -9999 -9999 -9999 -9999 -9999 -9999 -9999 -9999 -9999 -9999 -9999 -9999 -9999 -9999 -9999 -9999 -9999 -9999 -9999 -9999 -9999 -9999 -9999 -9999 -9999 -9999 -9999 -9999 -9999 -9999 -9999 -9999 -9999 -9999 -9999 -9999 -9999 -9999 -9999 -9999 -9999 -9999 -9999 -9999 -9999 -9999 -9999 -9999 -9999 -9999 -9999 -9999 -9999 -9999 -9999 -9999 -9999 -9999 -9999 -9999 -9999 -9999 -9999 -9999
-9999 -9999 -9999 -9999 -9999 -9999 -9999 -9999 -9999 -9999 -9999 -9999 -9999 -9999 -9999 -9999 -9999 -9999 -9999 -9999 -9999 -9999 -9999 -9999 -9999 -9999 -9999 -9999 -9999 -9999 -9999 -9999 -9999 -9999 -9999 -9999 -9999 -9999 -9999 -9999 -9999 -9999 -9999 -9999 -9999 -9999 -9999 -9999 -9999 -9999 -9999 -9999 -9999 -9999 -9999 -9999 -9999 -9999 -9999 -9999 -9999 -9999 -9999 -9999 -9999 -9999 -9999 -9999 -9999 -9999 -9999
-9999 -9999 -9999 -9999 -9999 -9999 -9999 -9999 -9999 -9999 -9999 -9999 -9999 -9999 -9999 -9999 -9999 -9999 -9999 -9999 -9999 -9999 -9999 -9999 -9999 -9999 -9999 -9999 -9999 -9999 -9999 -9999 -9999 -9999 -9999 -9999 -9999 -9999 -9999 -9999 -9999 -9999 -9999 -9999 -9999 -9999 -9999 -9999 -9999 -9999 -9999 -9999 -9999 -9999 -9999 -9999 -9999 -9999 -9999 -9999 -9999 -9999 -9999 -9999 -9999 -9999 -9999 -9999 -9999 -9999 -9999
-9999 -9999 -9999 -9999 -9999 -9999 -9999 -9999 -9999 -9999 -9999 -9999 -9999 -9999 -9999 -9999 -9999 -9999 -9999 -9999 -9999 -9999 -9999 -9999 -9999 -9999 -9999 -9999 -9999 -9999 -9999 -9999 -9999 -9999 -9999 -9999 -9999 -9999 -9999 -9999 -9999 -9999 -9999 -9999 -9999 -9999 -9999 -9999 -9999 -9999 -9999 -9999 -9999 -9999 -9999 -9999 -9999 -9999 -9999 -9999 -9999 -9999 -9999 -9999 -9999 -9999 -9999 -9999 -9999 -9999 -9999
-9999 -9999 -9999 -9999 -9999 -9999 -9999 -9999 -9999 -9999 -9999 -9999 -9999 -9999 -9999 -9999 -9999 -9999 -9999 -9999 -9999 -9999 -9999 -9999 -9999 -9999 -9999 -9999 -9999 -9999 -9999 -9999 -9999 -9999 -9999 -9999 -9999 -9999 -9999 -9999 -9999 -9999 -9999 -9999 -9999 -9999 -9999 -9999 -9999 -9999 -9999 -9999 -9999 -9999 -9999 -9999 -9999 -9999 -9999 -9999 -9999 -9999 -9999 -9999 -9999 -9999 -9999 -9999 -9999 -9999 -9999
-9999 -9999 -9999 -9999 -9999 -9999 -9999 -9999 -9999 -9999 -9999 -9999 -9999 -9999 -9999 -9999 -9999 -9999 -9999 -9999 -9999 -9999 -9999 -9999 -9999 -9999 -9999 -9999 -9999 -9999 -9999 -9999 -9999 -9999 -9999 -9999 -9999 -9999 -9999 -9999 -9999 -9999 -9999 -9999 -9999 -9999 -9999 -9999 -9999 -9999 -9999 -9999 -9999 -9999 -9999 -9999 -9999 -9999 -9999 -9999 -9999 -9999 -9999 -9999 -9999 -9999 -9999 -9999 -9999 -9999 -9999
19.14770 19.12460 19.42610 19.52890 19.11810 19.34310 -9999 -9999 -9999 -9999 -9999 -9999 -9999 -9999 -9999 -9999 -9999 -9999 -9999 -9999 -9999 -9999 -9999 -9999 -9999 -9999 -9999 -9999 -9999 -9999 -9999 -9999 -9999 -9999 -9999 -9999 -9999 -9999 -9999 -9999 -9999 -9999 -9999 -9999 -9999 -9999 -9999 21.96770 -9999 -9999 -9999 -9999 -9999 -9999 -9999 -9999 -9999 -9999 -9999 -9999 -9999 -9999 -9999 -9999 -9999 -9999 -9999 -9999 -9999 -9999 -9999
19.10650 19.10760 19.11110 19.11300 19.11510 19.41720 19.71000 20.30940 20.91120 21.32780 22.27840 23.73500 23.58940 22.50800 22.27610 22.80790 23.00620 22.65920 31.63980 -9999 -9999 -9999 -9999 -9999 -9999 -9999 -9999 -9999 -9999 -9999 -9999 -9999 -9999 -9999 -9999 -9999 -9999 -9999 -9999 -9999 -9999 -9999 21.31220 20.70780 19.74050 19.13950 19.46080 19.61250 20.11180 -9999 -9999 -9999 19.97030 -9999 -9999 -9999 19.86300 20.22780 20.41210 -9999 -9999 -9999 -9999 -9999 -9999 -9999 -9999 -9999 -9999 -9999 -9999
20.90900 21.50760 22.10450 22.60590 23.30620 23.30690 23.30020 23.30990 23.38230 23.71430 23.73320 25.87660 26.25700 28.15740 28.99470 27.50380 26.33940 26.03660 24.09220 23.88600 23.66110 23.88400 24.42250 24.54510 23.61290 -9999 -9999 -9999 -9999 -9999 18.63990 18.22860 18.30840 20.56100 21.99850 21.29450 21.03560 20.19760 19.95800 19.83110 19.59270 19.12300 19.12330 19.15550 19.46640 19.52660 20.22450 20.38450 19.57790 19.66280 19.68700 19.79420 19.97960 20.13360 20.00990 20.13350 20.51440 21.36160 23.01970 22.82010 21.72110 20.80680 20.98880 20.11040 -9999 -9999 -9999 -9999 -9999 -9999 -9999
23.37430 23.56380 23.77290 24.23110 23.69470 23.94200 24.94610 26.70580 26.73540 25.26690 24.72680 136.04201 134.16600 136.51700 134.48199 134.94501 132.66000 19.94000 19.36410 19.79310 21.94850 22.46180 23.24400 23.49450 23.48660 23.43460 22.72880 22.78660 22.97060 22.81570 22.21200 18.47890 18.34170 18.38690 18.91850 19.14900 19.14330 19.14110 19.14220 19.13760 19.15010 19.15500 19.16430 19.21770 19.31730 19.31900 19.43890 19.41370 19.46940 19.45360 19.63040 19.73910 19.82760 19.97130 20.12800 20.10970 19.99430 20.10370 20.29100 20.33930 20.41260 20.56690 21.06940 21.77150 21.08210 20.65280 19.90440 20.01290 20.23980 20.46420 19.99170
28.49260 27.43590 28.79400 26.90020 25.99440 137.56000 134.12500 132.80200 132.84200 131.72701 131.50400 131.50101 131.61501 131.51199 131.50000 131.50000 131.50000 131.50000 131.59801 131.67799 131.84000 131.99800 132.23100 132.62601 130.09000 130.49400 25.05300 130.51100 23.21660 23.26560 24.97920 20.54330 18.37320 18.79090 19.13980 19.14640 19.16200 19.17330 19.16620 19.15630 19.17140 19.18070 19.17680 19.16520 19.16200 19.18960 19.23490 19.25060 19.28770 19.26720 19.32870 19.35510 19.39540 19.60510 19.71510 19.76830 19.68790 19.64720 19.87090 19.83220 19.95530 19.99380 20.85450 20.99770 20.07830 20.00480 19.78650 20.05700 20.40420 20.66330 20.26030
133.70399 133.69600 132.33701 132.95799 133.22301 131.73300 131.53400 131.51601 131.50000 131.50000 131.50101 131.50200 131.50000 131.50000 131.50000 131.50101 131.50101 131.50000 131.51401 131.50700 131.78400 132.14700 132.42999 130.37100 129.97501 130.03999 132.05701 132.25900 132.24400 23.13230 24.55160 23.69090 19.94190 17.95590 17.95900 17.96200 17.96810 17.96360 17.96050 17.96290 17.97440 17.98110 17.96790 17.97360 17.96650 17.98250 18.10130 18.14810 18.08390 18.51840 19.24050 19.26250 19.32270 19.33610 19.41020 19.51930 19.43980 19.53260 19.62400 19.57410 19.56920 18.56470 19.17640 19.60760 19.09690 19.24890 19.45330 19.88110 19.98620 20.06700 20.42310
133.48100 134.56300 135.42599 132.77299 132.02600 131.79800 131.52000 131.51900 131.50700 131.50200 131.50101 131.50000 131.50101 131.50000 131.50101 131.50101 131.50000 131.50101 131.69400 131.71500 131.73599 132.06200 131.72701 130.31100 129.92101 129.91600 129.81400 130.06500 131.99300 130.48801 22.68750 24.01160 23.20130 18.45780 18.79430 18.73830 18.74590 18.72440 18.75940 18.82240 19.08390 19.03750 19.20410 19.22250 18.88820 18.94780 19.06010 19.16660 19.03640 19.06110 19.20060 18.63170 18.73560 18.75730 18.11560 18.10730 18.13900 18.18780 18.26800 18.83840 18.88930 20.01610 20.06370 19.95380 19.59590 19.66050 19.99120 19.51620 21.57170 22.37640 22.49840
134.29300 139.30701 139.22400 133.42300 131.68401 131.51900 131.50400 131.50200 131.50000 131.50000 131.50000 131.50000 131.50000 131.50101 131.50101 131.50200 131.50600 131.50600 131.54100 131.52400 131.50600 131.51500 131.52901 131.51500 129.79900 129.87601 129.88800 129.90900 129.93201 129.99300 23.39740 22.82290 24.57910 24.79650 24.79410 21.81020 19.48330 18.77340 18.41330 18.41400 19.10830 19.05920 19.05080 19.05120 18.88560 18.93440 18.98800 19.06150 19.12260 19.17230 19.29230 19.23690 19.35200 19.32410 19.40980 19.32740 19.19260 19.15910 19.16490 19.08510 18.71830 19.47730 19.26660 19.32940 19.07450 19.18090 20.43190 22.21080 22.18110 22.25990 22.56180
133.86700 132.20700 131.54401 131.50101 131.50101 131.50000 131.50000 131.50000 131.50000 131.50000 131.50000 131.50000 131.50101 131.50200 131.50301 131.50200 131.50301 131.50200 131.54800 131.55400 131.50200 131.50101 131.50000 131.50000 131.50101 131.57001 129.87500 130.15900 129.91000 129.93900 24.83870 24.79840 24.80220 24.79460 24.79210 24.79170 24.79140 24.79160 24.79230 24.79310 24.58470 23.68710 23.38110 23.37600 20.61050 22.84200 23.44430 22.30020 19.53190 19.29700 19.36460 19.13690 19.22030 19.17330 19.24200 19.08190 18.90100 18.89980 18.93400 19.06420 21.30640 19.16640 19.15770 19.26300 18.97310 18.81980 21.87060 22.04190 21.95170 22.02910 22.27600
132.94600 131.55400 131.50800 131.50700 131.56500 132.25301 134.76300 136.49800 133.80600 132.27100 131.69000 131.51500 131.50999 131.50400 131.51199 131.51300 131.54401 131.51401 131.57300 131.61900 131.50000 131.50000 131.50000 131.50000 131.50000 23.33320 23.36440 23.41560 23.39970 23.91270 24.07720 24.49340 24.49670 24.03140 24.05260 23.74270 23.78770 23.80640 24.10990 23.69320 23.92840 23.91980 23.86250 23.27000 23.71590 23.67800 23.69490 23.88410 23.78660 23.99050 23.46900 22.68190 19.78560 19.33690 19.06690 19.04020 19.03430 19.11130 18.97920 19.16510 19.45980 19.03280 19.00320 19.00600 18.95400 18.99020 22.06770 22.08100 21.95020 22.03920 22.09940
132.10500 132.02699 132.63000 132.04300 131.62700 132.24699 134.09801 134.29500 133.96899 133.95100 133.33900 133.18700 132.95799 132.11099 132.13200 131.56000 131.52100 131.51401 131.60300 131.67700 131.52000 131.50000 23.30010 23.30070 23.30080 23.30080 23.31080 23.32860 23.36130 23.40560 23.47560 23.41290 23.46310 23.46010 23.52370 23.53680 23.58030 23.67710 23.62260 23.61480 23.89750 23.89550 23.79470 23.82600 23.96540 24.01410 23.84300 23.62260 23.48690 24.35620 23.94450 23.64030 23.52470 23.33530 19.40910 18.94970 18.89850 21.06580 18.94110 19.10870 19.13310 18.93830 18.95760 19.05230 18.98840 19.05140 20.15440 22.03700 21.87610 21.86950 21.91000
131.59500 131.65401 131.97301 131.98599 131.81100 131.67101 131.52000 131.55400 132.68100 132.82401 133.16100 133.09000 134.39600 134.44099 134.64700 132.99200 131.87700 131.50101 131.50101 131.74001 132.32600 131.73900 131.74600 131.81400 21.60040 22.60010 23.30020 23.40080 23.40920 23.53130 23.63430 23.85640 23.96780 24.00030 23.85860 23.80530 24.00950 24.04430 24.04290 23.96440 24.77330 24.64390 24.39610 24.57460 25.29440 25.32890 24.85100 24.67830 23.83850 23.68570 23.71230 23.33510 23.43810 23.31590 23.42400 18.77920 18.78170 18.87210 18.73490 18.75410 18.91490 19.02910 19.05770 19.00760 18.91200 18.84410 18.89030 19.91660 21.80950 21.79150 21.82030
131.53000 131.54800 131.56300 131.64400 131.98100 131.86301 132.38400 132.70000 132.32100 131.76500 131.89000 132.28000 133.12700 134.34801 135.17599 131.57100 131.50200 131.50000 131.50200 131.50900 131.52100 131.66100 131.50200 131.54601 131.52000 131.70399 131.50500 131.50000 23.00340 131.51900 131.52400 131.54800 131.52800 131.54300 131.52499 131.57100 24.09120 23.83220 131.98900 132.78500 24.54480 24.85600 24.53060 24.87230 24.98460 25.63270 25.39780 24.59370 24.11580 23.89210 23.81040 23.66970 23.31260 23.61450 23.57380 23.53650 18.89000 18.80320 18.71670 18.74450 18.83820 18.92590 18.90910 18.81920 18.80870 18.86600 18.88670 18.82890 18.64150 21.78740 21.80400
134.98500 137.09200 136.02499 135.87399 134.00700 143.29300 146.11301 145.56599 146.56100 147.42000 142.27800 145.31000 137.14700 132.06799 131.60699 131.51801 131.51601 131.50500 131.56500 131.51100 131.54700 131.53999 131.53700 131.58701 131.53999 131.55800 131.64101 131.65601 131.74200 131.87399 131.83600 131.64799 131.63699 131.64400 131.64900 131.74100 131.78999 132.00700 132.58900 133.51900 134.66299 135.05400 27.16390 28.85670 26.31600 25.88560 25.60870 26.16010 25.17970 24.54960 24.55170 24.37500 23.78780 23.48030 23.58560 23.51880 19.31320 19.21990 19.10220 19.11920 18.82320 18.91540 18.95610 18.97610 18.81200 18.73780 18.78310 18.76540 18.74940 18.74540 21.83430
149.53300 41.35780 36.75460 30.88840 144.17700 143.62399 31.10120 33.77190 35.12430 35.95950 148.28799 35.29150 70.87580 175.05499 152.86000 132.21201 131.50900 131.50600 132.17700 132.22800 132.07800 132.25200 131.79900 131.91100 131.52699 131.55000 131.56599 131.69200 131.67200 131.73801 131.69800 131.52699 131.51100 131.52299 131.50999 131.57300 131.82899 132.27800 132.85201 133.72000 134.50500 136.34599 28.62270 27.92270 25.80200 26.96580 28.41280 27.68620 25.35590 24.78330 24.99120 24.62080 24.11590 23.86760 23.84540 23.69130 21.32850 19.28650 19.13220 19.10510 18.84620 18.93170 18.88840 18.79380 18.68920 18.67520 18.69580 18.71680 18.72390 18.71720 21.78440
44.91250 43.27010 41.20520 37.94830 36.33350 36.22760 35.32240 25.60450 21.26170 20.69490 20.93920 21.16330 22.63480 30.47370 29.21120 141.13901 135.26199 131.50500 132.65700 132.64799 132.93500 133.48801 132.83800 131.95300 131.50101 131.50000 131.53400 131.57100 131.55099 131.61400 131.63400 131.52600 131.51100 131.50101 131.50101 131.51500 131.79401 132.21100 133.01300 133.98801 135.39200 136.59100 29.05520 29.34010 26.91790 27.70370 29.54790 30.32760 28.34930 29.03650 26.65690 25.72880 24.38580 23.92380 24.03480 23.61450 20.08680 19.58900 19.20120 19.12830 18.46530 18.55710 18.56110 18.56520 18.43400 18.70170 18.71820 19.29450 18.77320 19.93640 19.96050
35.59900 29.23910 40.03080 40.57350 38.87220 38.37650 35.56470 29.48190 23.09970 20.17680 18.83170 18.83540 36.16200 66.67360 66.37230 167.47800 167.06400 148.15100 149.01801 143.37100 139.33400 142.20100 135.81300 132.78600 131.77100 131.53500 131.51700 131.50000 131.51300 131.57201 131.53101 131.50101 131.50301 131.50301 131.50301 131.55000 132.03600 132.39999 133.14200 134.03799 135.92500 137.42400 139.06400 34.25220 26.55940 29.26010 29.58060 29.34060 30.07530 29.45470 27.89120 26.19260 24.59630 24.69090 23.97830 22.46500 20.68440 20.15460 19.45330 22.23720 20.72620 20.25590 20.15940 19.15920 18.54280 18.48290 18.72420 19.66470 20.01000 19.99870 20.02780
28.22210 23.51230 26.50440 35.08270 36.15370 33.34790 38.84860 43.29080 42.39580 31.84680 25.35730 23.48080 27.48130 57.63310 95.82990 242.81100 95.07480 89.75640 179.42000 171.11600 158.81599 163.13499 145.88600 134.57600 132.46100 131.85699 131.75999 131.86700 131.63100 131.68300 131.53900 131.50500 131.50301 131.50200 131.58600 131.82500 132.09900 132.74600 133.26801 134.03400 137.64600 30.45970 31.68010 36.94190 26.77940 27.87320 28.87230 28.10010 27.20160 25.64230 26.22070 25.99440 25.55570 25.93860 26.65410 22.68520 21.68240 20.90940 21.00620 20.94290 20.54580 22.00340 21.67250 21.55460 22.09830 22.04070 22.12190 21.87120 22.81130 20.73730 20.76820
33.49290 -9999 23.63490 36.39290 44.95350 50.09370 -9999 49.74820 51.17470 46.87750 42.88560 33.15930 48.79900 44.16460 52.37960 49.33420 36.94880 82.75750 94.55550 95.77020 236.13800 214.25800 186.13000 154.50999 140.57001 134.26601 24.76360 24.38990 24.61220 132.58099 132.14799 131.67500 131.51100 131.53300 131.69701 131.94299 132.62100 133.10001 133.83900 26.31970 27.86440 29.52060 32.17890 30.14580 26.52740 27.37680 27.52310 26.83080 26.46000 27.04180 27.01540 27.36430 28.63370 26.90860 26.73370 22.26680 21.12020 20.58300 20.35710 20.24790 19.89590 19.69250 19.65680 19.53500 19.40580 19.40900 19.39680 19.62650 19.93210 20.05880 20.52580
