data/hydroclimate-scenarios/1948-2000.Pcorr55N_Pref_Tref/monthly_summaries/soilm3_monthly_day1_feb.1950-2000.asc
ncols	311
nrows	91
xllcenter	102.75
yllcenter	31.75
cellsize	0.5
NODATA_value	-9999
[rows 32 to 63 of 91, columns 0 to 70 of 311]
-9999 -9999 -9999 -9999 -9999 -9999 -9999 -9999 -9999 -9999 -9999 23.41600 23.41830 23.44430 23.43110 23.44420 23.44420 23.46140 20.58550 20.88020 23.00470 23.46780 23.46330 23.46590 23.13110 22.92020 22.72630 21.49320 20.47450 18.64650 18.55050 18.53580 18.54280 18.54690 19.45280 20.74670 22.14850 23.05090 24.26710 24.27110 24.26830 24.27010 24.28670 24.28420 24.27980 24.27350 24.26460 24.25210 24.24680 24.24740 24.24220 24.25810 24.24770 24.34880 24.14360 24.13480 24.05120 23.94980 24.31010 24.23960 24.24590 24.24920 23.91000 22.52610 22.03970 23.75100 23.69240 23.64910 23.86130 23.02660 23.11290
-9999 -9999 -9999 -9999 -9999 -9999 -9999 -9999 -9999 -9999 -9999 23.43010 23.43690 23.43110 23.43610 23.44230 23.44490 23.46720 23.47130 23.48680 23.49000 23.48550 23.36330 23.16890 22.97550 22.87870 22.90010 22.86810 22.84450 22.09350 20.41410 19.84950 21.86790 23.64650 24.28690 24.24670 24.16630 24.28880 24.27250 23.60950 24.28920 24.39990 24.31330 24.32510 24.34060 24.32460 24.31940 24.27980 24.26680 24.25840 24.24970 24.25380 24.24150 24.31100 24.22370 24.25060 24.25380 24.24930 24.25690 24.26140 24.25820 22.94050 22.90420 24.24300 23.08980 23.80890 24.02070 22.96130 22.96610 23.01460 23.10590
-9999 -9999 -9999 -9999 -9999 -9999 -9999 -9999 -9999 -9999 -9999 -9999 23.13510 23.03770 23.03810 23.05010 23.45170 23.47900 23.48330 23.49480 23.28490 22.90420 22.95930 22.97710 23.00520 22.95760 22.92670 22.98400 22.93370 22.92890 22.89370 23.49740 24.19110 24.19620 24.00310 23.90800 23.31550 24.30490 24.38050 23.29510 23.50260 23.52160 24.02360 24.32160 24.33270 24.36130 24.33570 24.29800 24.28300 24.26880 24.24650 24.25460 24.25140 24.23260 24.22470 24.22890 24.23130 23.90320 23.03720 23.14380 23.01760 23.02080 23.02310 23.28810 23.49630 22.88660 23.67350 23.01960 23.08410 23.13460 23.07080
-9999 -9999 -9999 -9999 -9999 -9999 -9999 -9999 -9999 -9999 -9999 -9999 22.93560 23.03330 23.24080 23.35100 23.25910 23.26270 23.07590 22.90230 23.00030 23.02720 23.01250 22.98620 23.00000 22.98060 22.93980 22.97910 22.94140 22.87290 22.85700 24.00690 23.81570 23.08730 23.03630 22.86110 22.85820 23.66120 23.85990 22.98070 22.95040 22.86410 23.35300 24.38800 24.25030 23.97060 24.06560 23.70970 23.57710 23.58270 23.46180 23.54250 23.82880 24.24320 24.23750 24.02870 21.96130 23.12650 23.82910 23.19160 22.85950 23.06050 23.95650 24.34570 23.67360 23.16300 23.01590 23.03200 23.08620 23.13870 23.17530
-9999 -9999 -9999 -9999 -9999 -9999 -9999 -9999 -9999 -9999 -9999 -9999 23.32620 23.13240 23.25600 22.95300 22.97370 22.86520 22.82640 23.02760 23.00890 23.03640 23.01590 22.99790 22.99100 22.99040 22.97180 22.87120 22.88690 22.81250 22.70220 22.87660 22.86260 22.97180 22.95080 22.95930 22.89350 22.97390 22.96400 22.99590 23.05350 22.98960 23.18220 23.70330 23.24080 23.10910 23.15600 23.08530 23.06580 23.01010 22.97930 22.98600 22.95320 23.17310 23.08200 22.90720 22.80200 22.96220 22.86430 22.93600 22.87690 22.98700 22.98280 23.38820 23.66360 23.29850 23.04170 23.07090 23.14340 23.17630 23.21080
-9999 -9999 -9999 22.95500 22.95940 22.94200 22.92970 22.93610 22.93910 -9999 23.33490 23.35410 23.05770 22.83420 22.84170 22.94460 22.87090 22.69790 22.80990 22.99970 23.00810 23.01300 22.90450 22.79740 22.91500 22.98730 22.96910 22.97410 22.79830 22.63550 22.56510 22.66490 22.74290 22.83890 22.89150 22.36480 22.90260 22.97830 22.99990 23.00970 23.04410 23.09600 23.11570 23.15500 23.16940 23.17370 23.19810 23.00970 23.06420 23.05960 22.98310 22.90520 22.88650 22.96780 22.83690 22.87750 22.99240 22.81000 22.76560 22.81610 22.93880 22.81920 22.85390 23.09210 23.05490 22.97060 23.02000 23.11990 23.20900 23.27760 23.36180
-9999 -9999 -9999 22.59890 22.97070 22.97020 22.96000 22.85830 22.84740 23.24270 23.14790 22.94990 22.74750 22.74430 22.86940 22.84840 22.74420 22.57450 22.58490 22.58890 22.58700 22.61750 22.60170 22.60600 22.65650 22.87190 22.75000 22.61550 22.60990 22.68220 22.34460 22.61250 22.57500 22.61440 22.83380 22.76020 22.90350 23.04460 22.99980 23.10140 23.08930 23.07840 23.14280 23.18530 23.08550 23.11470 23.22580 23.12180 23.05050 22.95270 22.94750 23.10390 23.09970 23.09150 22.93670 23.09690 23.05200 23.04070 22.96260 23.06470 23.06370 23.17570 23.21270 23.15070 23.22260 23.16630 23.20590 23.21580 23.34960 23.34470 23.20820
-9999 -9999 -9999 22.56700 22.96600 22.85890 23.12770 23.05070 23.05220 23.03970 23.05700 22.96770 22.54040 22.52890 22.53880 22.52390 22.61570 22.62660 22.57230 22.56430 22.58180 22.64960 22.37310 22.79380 22.68150 22.76590 22.82570 22.74320 22.64760 22.71170 22.75460 22.68990 22.65310 22.65760 22.68830 22.66970 22.71210 22.90250 22.95870 22.94250 23.05660 23.04450 23.16340 23.20730 23.17510 23.18310 23.21340 22.98130 22.97880 23.17440 23.17800 23.11340 23.11120 23.09740 23.06030 23.10500 23.06870 23.06000 23.08550 23.20560 23.14620 23.16830 23.21580 23.27420 23.29770 23.31930 23.33460 23.07450 23.08130 23.03210 22.96650
-9999 -9999 -9999 22.68100 22.94410 22.78120 23.09040 23.09270 23.00560 22.96580 23.00640 22.62310 22.52370 22.55650 22.53720 22.67350 21.20480 18.37140 19.05020 19.90580 22.87480 22.79970 21.87390 19.69110 20.01930 22.91940 22.83420 22.69920 22.80880 22.78610 22.75940 22.64930 22.70640 22.76590 22.75110 22.76230 22.70100 22.65330 22.88360 22.97260 23.01030 23.11660 23.15800 23.15900 23.23330 23.26180 23.27990 23.16660 23.17650 23.16030 23.17000 23.13830 23.12390 23.04010 23.09890 23.06740 22.95220 22.95210 22.95990 23.13970 23.05450 23.06550 23.03880 23.01590 23.09310 23.05860 22.97550 22.86910 22.94700 22.97960 23.02850
-9999 -9999 -9999 22.45320 22.83500 22.88250 23.11200 23.05540 23.03820 23.00430 23.01400 22.78460 22.55170 22.58850 18.35550 18.35210 19.74850 21.14550 22.58530 22.74010 22.88640 19.97440 18.81210 22.79780 22.80680 22.68330 22.58030 22.59340 22.68500 22.72960 22.74890 22.72960 22.74390 22.71040 22.56490 22.86940 22.77530 22.43480 22.43890 22.67970 23.13700 22.99840 22.83010 22.84380 22.95110 22.96350 22.87020 22.98140 22.89390 22.78520 22.68320 22.75940 22.85610 22.76430 22.72930 22.82170 22.78040 22.77560 22.68280 22.80090 22.82620 22.81100 22.81990 22.99340 23.00230 23.00400 23.03510 23.01570 22.97400 23.01670 23.08870
-9999 -9999 -9999 -9999 22.88830 23.00760 23.00660 22.99830 22.94800 22.90850 22.93860 22.64060 22.60750 22.61140 -9999 -9999 -9999 -9999 -9999 20.35070 18.51280 18.45280 18.50910 22.38530 21.34300 21.99810 22.06250 22.13460 22.66370 22.64460 22.67060 22.70190 22.69880 22.53870 22.90840 22.88700 23.12850 22.54310 22.44170 22.85560 22.94550 23.21550 22.71030 22.58290 22.78700 22.98620 23.58350 23.20580 22.80380 20.01150 22.96570 22.88180 22.85110 22.57550 22.57220 22.66640 22.66440 22.64980 22.85420 22.78400 22.70960 22.74240 20.37480 22.75820 22.76760 20.88450 22.79290 22.78190 22.45050 -9999 -9999
-9999 -9999 22.41350 22.91370 23.01860 23.00760 23.00380 23.00330 22.95330 22.93440 22.95150 22.54630 22.59190 -9999 -9999 -9999 -9999 -9999 20.35220 18.45110 19.48280 22.63370 22.62410 22.69090 19.86950 18.46560 19.06320 22.62910 22.64480 22.54440 22.71320 22.66400 22.94810 22.85510 22.55120 23.12080 23.12110 22.80320 22.55140 22.53220 22.46460 22.52550 22.58790 22.53490 22.52910 22.54020 22.56690 22.57280 22.27040 18.46270 18.45540 18.48220 18.53990 18.50330 20.71180 22.91360 22.64800 22.77180 22.78440 22.78770 22.80780 22.82460 20.37060 18.68080 18.69810 18.72980 18.74120 -9999 -9999 -9999 -9999
-9999 -9999 23.01100 23.03660 22.99050 22.99760 23.09510 23.00980 22.96210 22.96530 22.57770 22.58420 22.55770 -9999 -9999 -9999 -9999 22.60720 22.70230 22.62690 23.07300 22.73360 21.64890 18.38610 19.36430 22.59390 22.64240 22.50350 22.42990 22.52500 22.50790 22.44560 22.53660 22.54950 22.96160 22.63000 22.61590 22.52310 22.56540 22.52700 22.55740 22.59470 22.62760 22.54760 22.78240 22.87900 22.88320 22.87760 22.77550 22.76580 20.02210 18.50800 18.50710 18.49030 18.47930 21.30850 22.76580 20.80570 19.93150 19.57310 18.68940 18.69160 18.70660 20.01320 21.31670 -9999 -9999 -9999 -9999 -9999 22.82890
-9999 -9999 22.80810 23.18660 23.04210 23.04170 23.30800 23.25820 22.97410 22.86650 22.59920 22.57760 22.51940 -9999 -9999 -9999 -9999 22.68070 22.65020 22.86580 21.89670 20.27400 19.75240 22.60640 22.61240 22.61080 22.51020 22.41150 22.42560 22.54330 22.54740 22.60890 22.53420 22.55960 22.56700 22.57500 22.49350 22.49680 22.50590 22.57480 22.64580 22.61220 22.65480 22.57480 22.48470 21.79500 21.89350 22.58890 22.98690 22.98400 22.08680 21.88020 20.75600 21.47190 20.99580 20.73890 21.93120 21.71190 22.71390 22.76790 18.69450 21.30540 22.77660 22.97000 22.97230 20.92050 18.75180 18.70970 18.73150 -9999 -9999
-9999 -9999 -9999 23.59500 23.06540 22.00930 22.16720 22.71260 22.70160 23.74260 25.49020 22.54440 -9999 -9999 -9999 -9999 22.60410 22.61170 22.58880 22.61370 22.73320 22.61670 22.91860 22.70250 22.60580 22.50980 22.53200 22.66840 22.57490 22.58530 22.55250 22.52950 22.55100 22.91580 23.26540 23.35900 22.88600 22.77650 22.55650 22.51200 22.54610 22.53290 22.72920 22.43430 21.93590 21.84980 20.79970 20.17520 20.78100 22.38740 21.59610 18.73650 18.73920 18.77210 18.78720 18.75630 18.80660 22.17080 22.87280 22.86200 22.85030 22.82390 22.84500 22.93020 22.99450 22.95910 18.83920 18.73160 18.78370 18.86700 -9999
-9999 -9999 -9999 -9999 22.75680 21.17120 22.57420 22.63330 22.64940 22.55720 22.54140 -9999 -9999 -9999 -9999 22.61980 22.71360 22.69970 22.33310 22.95820 23.04860 23.27170 23.46470 22.86980 22.42300 22.88060 23.41940 22.93710 23.46330 23.03810 23.02940 23.21790 23.32240 23.33610 23.27510 22.79450 22.59310 22.50400 22.59330 22.51280 22.53190 22.53010 22.55980 22.59710 22.52830 23.21640 23.57570 21.83760 21.23110 20.58570 23.03220 18.65220 18.69890 19.72820 19.01210 18.68610 18.77020 18.81650 18.85080 22.84430 22.86210 22.94230 22.93560 23.05280 23.03110 22.88200 18.79850 18.74680 18.71530 18.80310 18.91720
-9999 -9999 -9999 -9999 -9999 -9999 22.72770 22.83300 22.72210 22.80860 23.24850 -9999 -9999 -9999 -9999 -9999 23.02450 23.12470 22.69360 23.39710 23.36460 23.01160 22.73150 22.64650 23.19910 23.39250 21.43920 19.68180 19.68480 20.31360 22.61110 23.43020 23.07430 23.35150 23.24720 23.47130 22.80140 22.50660 22.56250 22.53840 22.54790 22.58550 22.60060 22.56410 22.70150 23.02020 23.60310 23.20080 21.82570 18.54220 18.74720 18.81110 22.73260 23.21810 21.64680 23.83090 18.77370 18.80110 18.84630 22.02290 22.99810 23.02360 22.94740 23.04250 23.12190 22.94850 19.40300 18.67010 18.67140 21.11810 22.63090
-9999 -9999 -9999 -9999 -9999 -9999 -9999 -9999 -9999 -9999 -9999 -9999 -9999 -9999 -9999 -9999 -9999 -9999 -9999 23.36650 22.62960 21.34020 22.94260 23.07650 22.05730 21.94960 21.02280 20.95290 21.54480 23.01110 23.47980 22.96400 22.60920 22.75810 23.23950 23.14790 22.56420 22.60080 22.59160 22.57960 22.51250 22.53190 22.61880 22.62890 22.52290 23.12070 23.16590 23.21100 22.31120 23.16640 23.45150 21.34620 19.25490 18.87280 18.67240 18.70600 23.02260 22.04600 23.13480 23.10630 20.17390 19.13270 23.11810 23.11480 23.30120 20.29430 18.73120 18.66330 18.66300 18.76920 22.43780
-9999 -9999 -9999 -9999 -9999 -9999 -9999 -9999 -9999 -9999 -9999 -9999 -9999 -9999 -9999 -9999 -9999 -9999 23.06810 21.70600 21.78630 23.32010 23.33480 23.35080 22.19050 21.45510 21.20240 21.61900 23.19740 23.36520 23.37990 23.35850 23.39120 23.38440 22.94980 22.51820 22.45670 22.54490 22.47120 22.59080 22.51640 22.52530 22.53380 22.71540 23.11900 23.41300 23.25020 23.12040 23.04480 22.46610 22.60100 22.96740 23.05590 23.35420 19.05530 18.84740 22.03030 22.50930 19.87500 22.08500 18.86540 18.82980 21.33060 21.71900 18.89730 20.22780 22.12930 18.68920 18.81620 18.75680 20.93560
-9999 -9999 -9999 -9999 -9999 -9999 -9999 -9999 -9999 -9999 -9999 -9999 -9999 -9999 -9999 -9999 -9999 23.29610 22.25280 23.22210 23.33450 23.22780 22.69300 22.17610 22.23760 22.52340 21.20680 21.26220 22.24070 22.16200 22.49170 21.74290 21.82380 22.07360 21.65550 22.14640 22.58610 22.57740 22.56860 22.50480 23.11800 23.19150 23.32300 23.38880 23.34070 23.32290 23.29060 23.18340 23.42040 22.44820 21.48940 19.08910 22.86370 23.64700 23.24120 23.59720 23.10790 23.01540 23.02260 23.17190 21.14760 19.21030 21.13540 20.07630 23.37280 23.16580 22.16330 22.52230 21.09670 20.96760 23.48230
-9999 -9999 -9999 -9999 -9999 -9999 -9999 -9999 -9999 -9999 -9999 -9999 -9999 -9999 -9999 -9999 -9999 22.69050 23.28750 23.38020 22.94130 21.74920 22.30670 22.51500 23.30680 24.61540 23.71400 23.90910 22.40470 22.28130 20.79220 20.68000 21.20810 21.99850 21.24120 20.99400 21.65850 22.43630 22.48720 22.50110 23.37960 23.35750 23.37010 23.26430 23.33090 23.25360 23.32800 23.12170 23.31450 23.30050 20.14850 18.76290 18.79800 19.43190 22.13990 23.71860 23.46040 23.23560 22.64220 21.80160 23.28390 23.19350 23.19420 23.26910 23.15800 23.16100 23.14980 21.76510 21.88700 23.76770 23.81440
-9999 -9999 -9999 -9999 -9999 -9999 -9999 -9999 -9999 -9999 -9999 -9999 -9999 -9999 -9999 -9999 22.64460 22.66190 23.30800 22.62560 21.60330 23.12480 23.91470 24.30920 24.60180 24.30520 24.30650 24.70510 24.10390 23.00380 22.80590 23.20620 23.35320 20.95470 20.57700 20.72950 21.97440 22.51550 22.45210 22.56180 23.42970 23.34630 23.18360 23.28920 23.21380 23.17990 23.30570 23.11960 23.11730 23.67100 21.20340 19.54810 19.18390 19.83370 22.02510 23.70600 23.73000 23.18210 18.84090 23.07030 23.36790 23.39940 23.51480 23.72570 23.12650 18.94570 18.90820 18.91450 21.75660 23.69050 23.88870
-9999 -9999 -9999 -9999 -9999 -9999 -9999 -9999 -9999 -9999 -9999 -9999 -9999 23.36500 23.25470 22.80460 22.81190 22.73120 22.26260 21.95740 23.41650 24.42320 24.40750 23.90580 24.40370 24.70050 24.70100 24.70000 24.70000 24.70000 23.00790 22.53310 23.90010 23.30010 21.51320 20.40640 21.62520 22.04240 22.30540 23.20740 23.10390 23.19630 23.14470 23.10060 22.71830 22.28690 22.83980 22.34840 22.37940 23.10950 23.22100 23.38330 23.42920 23.40670 22.66380 19.14680 21.78750 23.17760 20.58780 21.42840 23.38660 22.69590 24.31590 20.69510 20.60710 22.37990 20.21450 21.86360 19.35910 24.25200 24.21970
-9999 -9999 -9999 -9999 -9999 -9999 -9999 -9999 -9999 -9999 -9999 -9999 23.20670 23.23100 22.45220 22.52670 23.03810 23.33960 23.82990 23.60540 22.90690 21.80860 21.90490 22.80440 24.00190 23.60020 23.70010 24.20000 22.30100 23.00380 21.40030 22.90250 23.10610 23.81150 22.51740 20.50510 22.20010 22.30030 22.70330 23.10270 23.10220 23.10120 23.03460 22.60620 21.93820 22.25050 22.97550 22.31290 22.05770 21.73410 23.43290 23.22540 23.77370 23.31720 23.56350 23.28120 23.49900 18.92020 20.68990 20.24580 22.77490 20.84710 19.60940 20.56420 20.71200 24.55810 24.63830 19.37390 20.82650 24.18770 24.08190
-9999 -9999 -9999 -9999 -9999 -9999 -9999 -9999 -9999 -9999 -9999 22.78940 23.34340 22.64150 23.42430 23.80790 23.50580 22.30780 21.50960 21.60500 21.30360 21.40070 21.30070 21.10070 21.10060 21.10030 20.92250 23.00470 22.80230 22.60760 21.50060 23.00000 24.20000 23.80010 22.70000 21.81140 22.30050 22.40150 22.80370 23.10210 23.10070 22.81110 22.25350 21.92620 21.72290 21.83730 21.74380 21.86980 22.00740 22.30200 22.66730 23.25630 23.20350 23.53100 23.23500 23.22210 23.54490 23.27340 18.56600 19.08970 19.61640 22.26580 20.97040 22.13550 24.37950 22.62540 23.30370 19.46090 24.16700 24.10960 24.04370
-9999 -9999 -9999 -9999 -9999 -9999 -9999 -9999 -9999 -9999 23.62780 22.52240 23.70840 23.31010 22.90410 21.90100 21.40030 21.10040 21.10070 21.10040 21.10040 21.10020 21.10030 21.10020 21.10010 21.10020 21.10010 21.40640 20.70180 21.10000 21.10000 23.70000 23.40000 20.31200 20.20370 21.61400 22.30080 22.40160 23.00370 23.10270 22.80470 21.82810 21.50650 21.20540 20.50670 21.33750 21.84460 21.54810 21.99460 22.05430 22.42150 23.05940 23.56170 23.13170 23.22930 23.25140 22.41010 20.07810 19.34300 23.06070 23.24420 22.44850 21.66460 23.41490 24.32090 23.06580 24.78070 24.31950 24.17620 24.09590 24.07790
-9999 -9999 -9999 -9999 -9999 -9999 -9999 -9999 -9999 22.00020 21.20010 21.10010 22.20010 21.40010 21.70000 21.10010 21.10000 21.10000 21.10000 21.10000 21.30000 21.10000 21.80000 21.80000 21.30000 21.10000 21.10000 21.70000 21.10000 21.70000 21.90000 21.50000 24.50000 24.70000 20.60600 22.14480 22.30380 22.80230 23.00080 22.54440 20.31680 21.10460 21.10880 20.65180 19.50280 20.10780 21.31760 22.02600 21.61910 21.88780 22.15490 23.59250 23.42800 24.50570 24.15480 23.17220 22.88860 23.00910 23.06650 23.30190 23.22440 22.56870 22.01390 24.13550 24.50050 24.76730 25.31750 24.95630 24.85280 24.80180 24.83950
-9999 -9999 -9999 -9999 -9999 -9999 -9999 -9999 -9999 -9999 22.40000 21.40000 21.40000 21.10000 21.10000 21.10000 21.10000 21.10000 21.10000 21.50000 22.00000 21.30000 21.70000 -9999 -9999 -9999 -9999 -9999 -9999 23.90020 25.40070 24.50000 24.00000 24.30000 22.70000 22.23580 22.27470 23.00040 23.10030 23.00820 20.82790 21.43220 22.38900 20.08010 19.62430 19.89010 20.53150 21.81140 22.21720 22.26360 22.84880 23.21770 23.41060 23.81280 23.96420 23.07140 22.84690 22.91590 22.73940 23.33060 22.98530 22.37920 23.67820 19.50500 24.17260 25.17550 25.66400 24.83490 24.74000 24.82050 24.76800
-9999 -9999 -9999 -9999 -9999 -9999 -9999 -9999 -9999 -9999 -9999 -9999 21.70000 21.10000 21.10000 21.10000 21.10000 21.10000 21.40000 -9999 -9999 -9999 -9999 -9999 -9999 -9999 -9999 -9999 -9999 -9999 -9999 -9999 -9999 24.80000 22.90780 21.91740 20.61520 21.72040 23.40010 25.10070 21.95730 20.72060 21.84590 21.01380 19.91420 19.75060 20.03820 20.84760 21.68380 21.60330 21.77220 23.55760 23.71990 24.07240 23.24910 22.81560 23.07360 23.23870 23.06580 23.26120 22.47450 21.94200 23.40120 23.92150 24.59130 25.23700 25.68320 24.75850 24.80710 24.93220 25.16680
-9999 -9999 -9999 -9999 -9999 -9999 -9999 -9999 -9999 -9999 -9999 -9999 -9999 -9999 -9999 -9999 -9999 -9999 -9999 -9999 -9999 -9999 -9999 -9999 -9999 -9999 -9999 -9999 -9999 -9999 -9999 -9999 -9999 -9999 22.30970 20.50520 20.70540 20.30570 22.90000 21.42610 22.12760 21.41070 21.11060 21.98810 20.19780 20.52590 21.23760 21.63110 22.21580 22.02020 22.43590 23.70150 22.88310 23.46980 23.67190 23.24230 23.12600 23.27850 23.26190 23.13890 21.42380 23.64070 23.69830 23.93740 24.61490 25.00760 25.78190 24.80380 24.86050 25.03410 25.44500
-9999 -9999 -9999 -9999 -9999 -9999 -9999 -9999 -9999 -9999 -9999 -9999 -9999 -9999 -9999 -9999 -9999 -9999 -9999 -9999 -9999 -9999 -9999 -9999 -9999 -9999 -9999 -9999 -9999 -9999 -9999 -9999 -9999 -9999 21.91380 20.31050 20.41690 23.05930 25.10070 19.80550 20.00340 20.14070 19.92300 20.00940 22.35850 21.32150 21.23190 21.63850 21.86930 22.04580 22.33320 21.87860 23.21470 23.63310 23.75040 23.33220 22.97720 23.04200 23.11590 23.38430 21.10110 19.49970 21.59730 23.88290 24.41420 25.65100 25.92030 26.15560 26.45160 26.68520 -9999
-9999 -9999 -9999 -9999 -9999 -9999 -9999 -9999 -9999 -9999 -9999 -9999 -9999 -9999 -9999 -9999 -9999 -9999 -9999 -9999 -9999 -9999 -9999 -9999 -9999 -9999 -9999 -9999 -9999 -9999 -9999 -9999 -9999 -9999 -9999 -9999 -9999 -9999 21.11830 19.80510 19.40250 19.30410 19.87320 19.99690 20.70780 21.83470 22.39310 21.75740 21.87780 22.27760 21.85330 22.45120 22.44960 23.47290 23.51230 23.01560 23.11380 23.11470 23.37620 20.94030 19.24490 23.20160 24.04490 24.39260 25.50880 25.74580 26.03210 26.32390 26.47750 -9999 -9999
