data/hydroclimate-scenarios/1948-2000.Pcorr55N_Pref_Tref/monthly_summaries/soilm2_monthly_day1_jun.asc
ncols	311
nrows	91
xllcenter	102.75
yllcenter	31.75
cellsize	0.5
NODATA_value	-9999
[rows 31 to 61 of 91, columns 0 to 69 of 311]
-9999 -9999 -9999 -9999 -9999 -9999 -9999 -9999 -9999 -9999 -9999 135.04800 140.61200 143.53900 143.86301 152.27699 149.02699 153.88300 152.31799 154.59700 151.71500 151.37700 151.37300 144.64999 142.43600 139.54401 140.83099 136.67799 131.79700 128.41499 126.03300 126.49000 124.19300 123.73800 125.66700 121.50600 123.77400 128.21001 136.04700 135.94800 137.22600 140.04700 141.02699 140.53300 137.62500 133.75200 133.61501 131.10001 130.68700 127.25400 126.79200 123.76300 123.87200 121.13800 120.03300 124.83700 125.14100 123.42600 123.65200 124.83800 127.69800 127.79000 128.45700 128.60500 127.81600 129.42101 134.89900 137.90401 144.28700 150.02600
-9999 -9999 -9999 -9999 -9999 -9999 -9999 -9999 -9999 -9999 -9999 140.25200 142.66100 144.22900 145.90401 150.00800 152.89400 152.58299 150.77800 150.33400 152.48500 153.03400 147.40800 145.71400 140.56700 139.24100 138.09801 134.42999 133.99400 129.13400 129.19200 127.52200 125.37900 125.18000 124.65100 113.73300 114.81500 116.96600 127.38000 130.49800 133.02000 133.98399 133.46201 135.64999 135.11900 134.66800 137.07001 139.49699 139.92700 137.37100 135.95700 133.53300 131.98599 132.94600 130.05499 128.11600 125.70300 124.87700 126.55100 122.23400 120.95500 120.33900 125.87600 127.16900 127.66300 127.47900 132.86099 138.98300 145.37300 148.67599
-9999 -9999 -9999 -9999 -9999 -9999 -9999 -9999 -9999 -9999 -9999 143.75999 146.22099 144.61200 147.85699 149.42200 150.48700 151.04700 151.07201 151.25900 151.50200 148.85500 144.03799 142.34000 142.71400 139.98000 134.29800 135.78700 128.42799 127.45300 130.37500 123.62500 119.09200 115.75200 125.27400 122.51600 127.24400 125.69500 131.57001 138.47301 135.86800 141.49300 138.64900 138.76801 141.22301 142.28700 144.00400 142.66901 142.45200 140.30099 138.49200 135.24699 133.62801 133.73199 128.29500 124.81000 124.64000 126.25900 123.54800 122.67300 122.82000 127.44100 126.26300 120.90000 126.45100 129.56799 133.10400 139.03999 143.12300 147.49600
-9999 -9999 -9999 -9999 -9999 -9999 -9999 -9999 -9999 -9999 -9999 -9999 140.82600 140.79300 141.43100 143.23199 145.87300 145.28600 145.09000 144.08200 143.80901 138.20500 134.13300 150.08701 142.23900 139.21800 136.64700 140.70200 134.98900 125.61500 130.12700 124.89100 125.90300 125.77000 125.23900 126.31800 129.63000 128.22301 133.41200 137.51401 139.42000 141.44299 142.72600 141.21500 142.94501 143.90300 142.40100 140.69600 140.61800 139.19299 135.90500 135.82899 135.05299 131.53400 129.54601 128.74899 128.03101 128.19501 128.14400 126.85300 126.46700 126.53900 128.83299 130.12801 129.63800 130.84801 133.37801 140.52699 147.06500 149.11600
-9999 -9999 -9999 -9999 -9999 -9999 -9999 -9999 -9999 -9999 -9999 -9999 136.13600 136.81799 140.12700 139.84000 137.55701 138.84100 139.41901 137.70399 141.99899 153.43201 154.19000 153.71800 154.57100 142.27200 141.78200 145.04700 135.28000 125.59700 127.34100 131.90500 123.35000 123.72800 123.88600 116.62900 121.47500 121.11300 123.10700 133.47400 138.02699 136.70900 139.36400 143.53400 141.24300 142.09300 140.43300 140.25900 139.18100 140.93201 139.99600 132.30800 129.97701 130.09700 127.62000 129.07100 128.87000 126.41600 117.80600 128.88200 129.69600 127.63300 128.31400 132.89301 133.95300 131.86000 136.99001 139.90199 144.39999 147.31500
-9999 -9999 -9999 -9999 -9999 -9999 -9999 -9999 -9999 -9999 -9999 -9999 136.00301 130.76401 132.76100 134.55701 135.37601 135.00200 129.81200 140.12500 150.29700 154.26801 152.58501 152.09100 148.65500 147.81100 141.71100 125.98300 126.08700 113.44200 110.21200 125.14500 113.70100 116.69800 110.99400 110.61300 110.11900 121.02200 122.01900 129.21500 138.93100 147.44701 146.39900 144.31799 144.68201 136.08200 146.83200 150.00400 147.30800 141.31000 138.42799 136.96600 129.90500 122.66200 117.00700 116.82000 114.78600 123.43100 124.79100 133.99699 127.50400 134.75800 133.14900 127.34900 134.02100 136.03101 140.00999 140.60201 146.61301 149.24500
-9999 -9999 -9999 136.00400 134.60899 134.02200 132.74001 133.48801 135.11099 -9999 135.14500 136.03900 132.34900 125.85400 126.84400 128.81000 127.85500 122.50200 135.04201 146.08800 146.13901 146.24400 145.68401 144.92900 135.73900 139.32600 131.75500 134.06799 125.34700 127.17800 123.25500 109.69700 114.27500 116.29300 111.79100 96.97860 114.83400 126.09100 125.57100 128.58200 133.79201 143.26601 142.35300 137.87300 142.17400 145.03300 156.95500 134.82300 145.06300 144.38699 131.47900 123.65100 124.90200 135.09801 130.83800 142.22000 143.81500 126.57100 128.71300 125.26400 134.61900 134.05600 127.17800 137.77000 135.30600 135.41299 141.42300 146.24699 150.34599 152.86000
-9999 -9999 -9999 127.47500 128.86200 129.12500 131.28101 129.64600 129.69200 134.61200 131.11200 129.90700 129.13300 123.34400 124.75100 136.46500 124.40900 136.22701 138.93100 138.55600 137.50600 142.11000 134.98199 132.16000 127.75200 119.76400 122.35400 124.01600 129.91701 125.33600 103.98600 117.43500 121.95400 120.68000 114.70700 115.11000 121.95200 137.68401 130.07600 136.05800 141.93700 141.45599 141.71001 144.42900 141.27000 145.07001 153.41800 140.63600 135.29500 129.66000 131.69501 143.66800 147.51900 145.96700 137.91901 141.82500 136.12399 134.78700 140.25200 132.35800 132.15601 139.43401 138.27699 133.20100 146.15199 139.33099 143.27200 144.97200 151.87601 150.88800
-9999 -9999 -9999 119.02400 120.69800 124.25500 131.70900 130.54700 127.99700 126.50600 127.68400 128.84500 131.08900 135.14101 139.62801 137.62601 134.33200 127.45300 129.95100 133.20200 135.69800 130.36200 111.79700 121.35300 131.62801 123.81200 127.87300 125.57700 119.04600 126.32400 134.64500 136.33099 121.41400 116.82500 118.58400 119.54600 124.99800 128.04300 120.60700 119.48900 125.41600 133.40700 142.87700 145.38000 144.04100 147.12801 148.02699 128.26601 127.66700 150.10699 151.88901 143.60201 143.81799 142.58600 138.32800 138.42400 135.82600 134.36000 139.72701 140.74899 124.44500 124.37500 137.42999 144.31200 145.18600 147.35100 148.78200 149.05200 142.74800 153.44501
-9999 -9999 -9999 118.42300 110.86100 123.10100 127.99600 128.96400 128.74699 128.74899 126.72400 119.64800 132.87399 131.88200 138.97200 121.16800 129.51300 143.01199 140.27000 129.62399 123.73100 123.16000 131.88300 139.51401 132.39400 119.87800 122.21700 122.61600 133.84399 131.73199 124.12500 109.35300 118.71400 130.27299 135.85699 126.47700 117.87100 111.85400 122.48600 125.66100 126.96300 133.05600 139.29401 141.73599 135.77200 149.36000 152.80499 139.90500 150.25700 146.10500 149.92101 145.37199 142.92101 132.72501 140.82001 126.55600 123.49100 125.45400 129.51401 126.17500 128.37100 132.60001 134.15100 146.49699 144.52800 141.35899 158.05200 159.34399 162.92200 162.93600
-9999 -9999 -9999 111.12000 104.76400 119.99200 125.93700 126.19700 129.38600 127.32500 122.53200 129.79601 125.60700 129.16100 144.13300 140.07201 136.94901 130.40601 127.15300 111.05400 117.35600 130.11800 140.14500 119.01300 111.38200 110.66800 108.69600 112.16400 120.17200 129.57700 125.13500 121.71700 124.73700 123.67700 127.21800 127.64300 128.27600 122.53300 122.15400 127.06000 134.54100 141.91701 145.01300 144.41200 142.24600 143.18201 143.97701 140.16200 133.39999 146.14799 142.30400 127.65200 125.31100 132.92200 128.53600 131.28900 123.50400 120.16000 128.94400 149.35500 143.86700 142.31900 146.54100 144.89101 141.15401 137.85300 149.95599 152.87100 164.81400 160.66100
-9999 -9999 -9999 -9999 123.70900 126.58700 125.02600 129.53900 130.28700 128.93100 122.17200 120.38200 134.19901 118.44500 -9999 -9999 -9999 -9999 -9999 132.02100 138.19600 129.91701 133.69099 131.66701 124.29300 117.07700 100.65500 109.06700 115.46100 112.03900 116.82700 115.64300 120.49100 116.81100 110.31200 108.09200 112.81800 107.57100 116.84100 118.73200 119.69600 125.46100 130.97501 136.83501 135.71500 135.00000 136.08501 143.96100 141.55099 134.23900 139.84100 141.80901 137.08501 144.54700 144.98500 147.54300 148.69600 147.70200 131.39000 136.36099 150.24300 153.19901 151.66299 154.37000 155.89301 155.08800 158.09300 154.30701 161.14700 -9999
-9999 -9999 111.24200 123.04900 123.78000 122.04700 123.58200 131.13499 126.06100 125.88400 120.95400 120.33700 140.44501 -9999 -9999 -9999 -9999 -9999 143.40500 134.74699 132.95799 113.93600 113.04200 123.47300 123.79500 120.30200 101.29100 96.97750 100.11500 100.43500 99.36190 105.91900 107.84400 109.19600 107.35900 101.13900 108.93300 108.44300 110.41200 111.66200 119.28600 119.27500 122.77400 124.44500 122.23000 124.22400 128.73399 129.55200 123.53100 120.78900 122.96500 126.76800 129.99600 131.98399 133.57100 132.49699 138.79401 134.61800 131.46500 131.93401 135.27800 137.48000 145.51100 148.88499 149.10600 149.48100 146.49899 -9999 -9999 -9999
-9999 -9999 120.57100 120.73600 119.50300 119.38200 119.20900 125.73500 124.19500 120.99900 118.92400 125.58900 125.34200 -9999 -9999 -9999 -9999 120.86300 136.55499 118.71300 111.41900 103.34700 103.88000 108.02400 97.77900 89.41510 90.67300 95.39560 94.04670 90.88970 95.81330 105.77900 101.74400 98.51750 103.40100 102.82700 102.01500 98.92530 109.42400 119.66000 111.89900 119.20500 123.92900 119.86900 113.89100 105.54800 106.65200 111.41700 105.49900 111.39400 114.35800 117.61000 117.68000 119.30700 122.28800 108.83800 114.96800 131.72900 140.68700 139.11800 136.62300 145.10600 144.20599 140.64900 135.40900 -9999 -9999 -9999 -9999 -9999
-9999 -9999 119.75000 122.39700 121.45600 120.93100 120.14700 120.84000 120.68600 122.93600 125.37900 128.66299 98.77010 -9999 -9999 -9999 -9999 131.39500 127.18000 113.19300 103.30500 93.32810 89.69530 86.37900 87.66370 86.29430 93.29720 91.28360 91.82000 91.03840 94.09940 97.83120 102.35700 103.80400 99.15500 101.37200 101.77000 105.78300 112.25500 107.06200 108.90700 109.30000 109.76000 114.23000 108.73400 108.88900 107.05000 104.15100 97.28430 97.62820 97.03940 101.06200 108.26400 107.55500 115.20100 104.46500 108.14000 124.07200 129.48900 131.50700 124.52000 123.93300 127.22400 120.23600 126.62900 146.88000 139.61800 146.42799 141.27499 -9999
-9999 -9999 -9999 120.63800 121.79700 122.49500 118.86100 117.04300 110.44600 115.73100 104.30500 105.66600 -9999 -9999 -9999 -9999 126.31300 126.83700 110.16400 102.65800 94.18710 85.07330 88.13200 85.55000 87.28950 88.27380 89.88590 90.34870 91.10230 102.38400 102.02000 94.72390 92.84250 90.50530 89.66150 89.29940 91.51890 92.50320 97.00870 98.24670 100.55400 99.84890 116.61700 115.73200 115.34300 118.49700 105.86300 101.74800 101.10700 94.52710 107.04600 111.18500 110.35400 112.94100 119.52100 120.40800 124.47800 130.74100 135.17200 129.29601 129.70500 129.69200 139.94701 145.56300 140.90900 140.28101 141.50800 140.60800 134.40700 138.99400
-9999 -9999 -9999 -9999 121.49000 124.43900 118.99300 110.04300 116.82200 108.02800 93.01450 -9999 -9999 -9999 -9999 124.55300 120.88800 107.68800 120.30000 92.92300 86.52970 80.75280 81.48790 85.36970 88.32190 81.48670 80.24030 81.68410 83.77690 86.97280 91.74270 83.64610 82.06970 83.70880 88.55870 91.25540 92.37030 90.63690 92.90700 94.02290 97.52300 97.15190 96.79120 95.76350 92.28850 114.94300 118.31300 117.10000 115.35200 101.49700 101.53100 108.71300 111.34800 110.50500 113.58900 111.79100 112.06100 126.91500 133.24100 126.32400 135.02200 133.14301 128.89799 126.36500 130.63200 142.60699 131.30200 127.25300 134.23199 135.68100
-9999 -9999 -9999 -9999 -9999 -9999 106.23100 119.28700 96.87600 86.76100 86.85760 -9999 -9999 -9999 -9999 -9999 103.18700 96.40890 94.18380 88.41620 87.73410 75.85310 84.45250 86.49750 82.75220 78.12110 79.23500 127.34900 127.20300 125.82900 85.98670 81.57860 80.16860 84.62960 85.14770 80.96950 88.51550 95.75600 91.96080 93.90540 96.08460 104.11900 105.09400 100.15900 115.60900 112.09200 112.06800 116.26800 118.27800 115.94700 120.86400 120.99700 116.45900 119.09900 117.96000 118.32000 112.18500 116.07800 122.01400 110.99500 113.16400 119.51700 127.35000 125.34800 129.49800 129.28200 130.60400 121.87600 123.67000 127.05100
-9999 -9999 -9999 -9999 -9999 -9999 -9999 -9999 -9999 -9999 -9999 -9999 -9999 -9999 -9999 -9999 -9999 -9999 -9999 87.96990 87.26400 79.56200 81.38590 80.23790 81.40570 79.47450 110.00000 108.88400 109.08600 83.22560 83.60000 79.70790 84.97030 85.34880 83.54200 82.87720 85.09630 89.37360 90.30350 95.04560 97.30780 97.83310 97.05650 95.19820 96.17470 90.38370 86.18760 113.76500 116.86700 121.31900 124.55700 118.80000 120.04300 119.88800 105.04600 106.72600 95.85000 101.77200 102.22900 105.21500 124.65300 130.37601 115.76000 120.62100 121.44000 123.41300 119.01700 113.93500 117.95000 135.19501
-9999 -9999 -9999 -9999 -9999 -9999 -9999 -9999 -9999 -9999 -9999 -9999 -9999 -9999 -9999 -9999 -9999 -9999 87.66980 87.24680 82.66910 78.49780 78.06470 77.62410 77.91660 79.92160 109.50000 109.14200 77.86080 78.17370 79.30670 81.21240 82.19810 82.67400 83.65760 109.72500 86.75260 86.31550 91.81110 93.69720 95.53950 94.58370 96.26650 96.91100 95.92020 113.57000 85.17510 448.94000 595.22601 628.05200 634.62799 117.39000 118.76800 122.27300 121.98600 116.40900 93.32600 101.98200 117.62500 107.26200 120.95000 125.23000 114.57400 116.76300 135.92200 118.98700 106.28600 114.53900 123.89800 121.92800
-9999 -9999 -9999 -9999 -9999 -9999 -9999 -9999 -9999 -9999 -9999 -9999 -9999 -9999 -9999 -9999 -9999 86.30540 88.72960 80.38360 79.33710 78.31690 78.16330 77.83900 77.57900 78.84950 110.99900 108.74100 109.28400 110.07000 110.31400 110.57800 83.78300 109.36200 111.29000 110.83600 112.64700 91.71840 88.45700 91.82270 96.27600 113.20600 94.20510 112.15500 85.19820 87.00130 113.62600 606.79303 598.98401 619.84601 621.82300 124.01300 123.14100 124.83100 122.33500 121.36100 95.03580 99.87520 103.67400 102.16900 105.21700 117.48700 122.67000 128.24200 104.36400 104.05100 107.54400 101.60300 124.81000 128.05200
-9999 -9999 -9999 -9999 -9999 -9999 -9999 -9999 -9999 -9999 -9999 -9999 -9999 -9999 -9999 -9999 -9999 84.30460 82.48090 85.08630 82.79820 110.20600 109.56100 76.01650 73.85450 75.26420 75.05910 75.84880 75.27080 109.15200 112.20900 112.43300 112.13400 111.94100 112.73900 112.19600 113.14200 91.44600 98.91760 95.88120 89.10340 86.22020 111.33900 85.64290 112.70700 112.26400 110.30200 455.60699 455.73401 604.04797 625.98199 123.27100 123.88700 122.68600 119.37900 122.55500 116.58900 101.74000 98.50130 101.92200 101.16700 107.11000 108.23000 109.15200 116.67800 113.25600 108.27300 121.19400 130.25700 137.88901
-9999 -9999 -9999 -9999 -9999 -9999 -9999 -9999 -9999 -9999 -9999 -9999 -9999 -9999 -9999 -9999 93.05510 91.40800 86.65810 86.86450 110.22000 76.43030 75.51570 73.55260 72.41250 73.02410 73.66630 73.50350 73.49060 74.82000 75.69250 75.20580 108.35800 111.19600 112.21500 113.65100 112.41400 114.19700 96.74980 92.29650 83.64060 81.33050 112.56700 110.73600 82.98130 109.55100 109.19100 460.57101 455.22501 601.60400 623.94397 121.55100 123.12700 121.99000 119.06700 122.98200 122.47400 115.77600 105.99400 103.18300 101.11200 106.83500 115.64500 137.55701 136.39301 137.43100 130.38200 130.82899 127.12500 135.47501
-9999 -9999 -9999 -9999 -9999 -9999 -9999 -9999 -9999 -9999 -9999 -9999 -9999 84.69440 87.99560 88.36800 89.34220 94.42670 112.21100 109.03500 76.07940 77.56960 76.01680 74.73520 74.55920 72.58760 72.62150 364.42401 364.09799 363.78699 547.66803 553.16498 369.40100 369.07001 558.11902 566.85602 577.30499 572.78400 445.18100 434.27499 426.19299 574.61102 571.30103 400.00800 579.50897 583.64600 586.85999 593.67603 597.92603 618.60498 629.43298 632.78601 632.65802 629.52698 639.13702 629.87097 636.01501 623.75299 564.96997 579.49500 603.06799 678.93298 708.34003 721.14001 701.74402 704.03998 701.14801 126.38800 126.30500 133.00900
-9999 -9999 -9999 -9999 -9999 -9999 -9999 -9999 -9999 -9999 -9999 -9999 80.84880 83.41300 112.62600 112.15800 110.95500 81.01240 79.98690 73.46880 75.09020 75.42080 74.19950 74.10160 72.98630 70.67140 70.40840 360.73199 539.99500 543.94598 538.55103 544.38397 550.89301 542.20001 556.68298 559.89801 390.91501 403.99399 434.45801 417.06299 416.08401 405.03699 572.40601 572.81897 579.56598 588.13898 595.65997 589.83301 596.86298 611.02100 615.19598 476.48700 623.28601 473.60300 611.05603 615.31799 619.32800 588.06299 590.40302 665.20099 674.07501 678.93701 689.78601 705.63098 713.29700 728.16699 738.06201 125.40000 127.98000 127.15400
-9999 -9999 -9999 -9999 -9999 -9999 -9999 -9999 -9999 -9999 -9999 115.81200 88.32200 112.68800 79.19290 75.59130 75.40900 76.44900 76.09370 74.99240 74.58570 72.26390 72.27180 71.98550 71.91890 71.07680 108.66400 535.63501 540.79498 543.10999 538.81799 362.66699 365.51401 370.12201 366.99799 561.79700 408.30600 422.67700 428.02399 410.66599 397.80099 570.06000 565.34998 570.58002 576.99402 579.30402 582.35303 591.22900 599.77600 594.28198 605.16302 510.29300 500.02399 616.38397 521.92499 502.71399 608.21301 525.74402 538.98798 624.91498 650.39099 651.30200 659.33698 672.52502 703.95001 719.21100 712.97302 128.16400 121.26300 123.19700
-9999 -9999 -9999 -9999 -9999 -9999 -9999 -9999 -9999 -9999 82.97850 83.94230 77.49100 79.14640 75.58250 73.51800 72.29590 72.60820 72.98850 72.38640 71.76520 70.95810 71.20210 71.22950 70.78920 70.66630 70.34180 541.33899 538.64502 348.74899 348.94000 362.06699 362.69901 550.83502 553.02600 558.33600 413.95901 427.03299 431.10300 402.88199 566.18500 560.81799 557.28601 564.85797 566.54102 573.61499 574.81299 584.40100 591.38397 593.86499 597.63501 515.39398 608.77698 510.70700 506.48099 492.79300 611.78198 630.85199 619.76202 636.57300 642.00500 651.65503 668.17499 679.67603 694.29602 704.78998 758.34601 126.75100 123.22500 121.96400
-9999 -9999 -9999 -9999 -9999 -9999 -9999 -9999 -9999 146.70399 145.41400 145.30000 146.78600 146.78400 145.51900 144.07899 142.87900 141.53500 140.22800 139.94701 140.22301 141.15601 142.22200 141.66901 140.77901 140.63901 140.22200 140.87601 140.63400 140.86600 140.89200 351.05701 362.90100 372.15100 564.63501 570.19702 444.13300 432.09799 408.19601 558.19397 556.15198 550.81702 555.72900 716.88098 558.12402 724.41400 567.03601 580.55200 592.99200 593.66803 599.18201 607.56403 512.45099 640.74298 579.38898 605.35901 613.44501 620.69598 622.15601 637.66901 642.90503 666.15997 660.89398 679.47900 667.33301 679.53400 699.50598 260.06201 239.18600 244.21201
-9999 -9999 -9999 -9999 -9999 -9999 -9999 -9999 -9999 -9999 142.55901 140.83099 141.05000 140.37900 139.41600 140.26100 140.48300 139.81500 139.44600 139.75999 140.10600 139.98100 140.50101 -9999 -9999 -9999 -9999 -9999 -9999 144.84300 145.57001 360.86200 362.17801 369.99899 378.78000 565.96301 580.84802 401.08401 392.48999 552.60498 554.39600 555.22699 557.93799 720.16803 715.64001 719.72803 723.55701 573.70801 590.82800 593.15698 592.06201 452.72400 499.99600 563.27197 648.87701 606.84003 609.83197 618.21399 618.56201 624.01599 647.19299 643.34198 565.77197 671.22699 703.43402 697.72101 696.55200 253.54300 268.07901 278.52301
-9999 -9999 -9999 -9999 -9999 -9999 -9999 -9999 -9999 -9999 -9999 -9999 139.73399 139.10600 139.15900 138.67101 138.69800 138.90300 138.96001 -9999 -9999 -9999 -9999 -9999 -9999 -9999 -9999 -9999 -9999 -9999 -9999 -9999 -9999 368.47501 548.27502 557.48401 572.79901 555.71301 380.27701 375.69199 555.07397 555.63501 558.33398 558.83002 561.75403 719.58899 728.04401 570.03302 579.13599 584.69897 592.72101 616.83698 621.79602 618.11499 627.86603 606.39899 609.55603 593.76703 446.77499 614.36902 642.01398 638.55402 658.46399 672.38098 687.80701 689.48700 649.58899 233.05800 252.44099 267.34601
-9999 -9999 -9999 -9999 -9999 -9999 -9999 -9999 -9999 -9999 -9999 -9999 -9999 -9999 -9999 -9999 -9999 -9999 -9999 -9999 -9999 -9999 -9999 -9999 -9999 -9999 -9999 -9999 -9999 -9999 -9999 -9999 -9999 -9999 557.28802 560.75702 554.43402 555.20099 371.86099 551.05402 548.54102 556.42700 714.23999 562.89301 725.07703 724.59198 588.88098 563.18799 578.81403 584.53900 591.36798 612.82599 628.38202 624.40100 629.00000 608.82599 592.52502 612.54901 605.42902 621.27197 638.10999 657.38098 656.28900 676.29602 672.55902 666.35901 689.88702 248.63901 269.92499 288.10599
