data/hydroclimate-scenarios/1948-2000.Pcorr55N_Pref_Tref/monthly_summaries/soilm1_monthly_day1_sep.1950-2000.asc
ncols	311
nrows	91
xllcenter	102.75
yllcenter	31.75
cellsize	0.5
NODATA_value	-9999
[rows 0 to 31 of 91, columns 213 to 283 of 311]
-9999 -9999 -9999 -9999 -9999 -9999 -9999 -9999 -9999 -9999 -9999 -9999 -9999 -9999 -9999 -9999 -9999 -9999 -9999 -9999 -9999 -9999 -9999 -9999 -9999 -9999 -9999 -9999 -9999 -9999 -9999 -9999 -9999 -9999 -9999 -9999 -9999 -9999 -9999 -9999 -9999 -9999 -9999 -9999 -9999 -9999 -9999 -9999 -9999 -9999 -9999 -9999 -9999 -9999 -9999 -9999 -9999 -9999 -9999 -9999 -9999 -9999 -9999 -9999 -9999 -9999 -9999 -9999 -9999 -9999 -9999
-9999 -9999 -9999 -9999 -9999 -9999 -9999 -9999 -9999 -9999 -9999 -9999 -9999 -9999 -9999 -9999 -9999 -9999 -9999 -9999 -9999 -9999 -9999 -9999 -9999 -9999 -9999 -9999 -9999 -9999 -9999 -9999 -9999 -9999 -9999 -9999 -9999 -9999 -9999 -9999 -9999 -9999 -9999 -9999 -9999 -9999 -9999 -9999 -9999 -9999 -9999 -9999 -9999 -9999 -9999 -9999 -9999 -9999 -9999 -9999 -9999 -9999 -9999 -9999 -9999 -9999 -9999 -9999 -9999 -9999 -9999
-9999 -9999 -9999 -9999 -9999 -9999 -9999 -9999 -9999 -9999 -9999 -9999 -9999 -9999 -9999 -9999 -9999 -9999 -9999 -9999 -9999 -9999 -9999 -9999 -9999 -9999 -9999 -9999 -9999 -9999 -9999 -9999 -9999 -9999 -9999 -9999 -9999 -9999 -9999 -9999 -9999 -9999 -9999 -9999 -9999 -9999 -9999 -9999 -9999 -9999 -9999 -9999 -9999 -9999 -9999 -9999 -9999 -9999 -9999 -9999 -9999 -9999 -9999 -9999 -9999 -9999 -9999 -9999 -9999 -9999 -9999
-9999 -9999 -9999 -9999 -9999 -9999 -9999 -9999 -9999 -9999 -9999 -9999 -9999 -9999 -9999 -9999 -9999 -9999 -9999 -9999 -9999 -9999 -9999 -9999 -9999 -9999 -9999 -9999 -9999 -9999 -9999 -9999 -9999 -9999 -9999 -9999 -9999 -9999 -9999 -9999 -9999 -9999 -9999 -9999 -9999 -9999 -9999 -9999 -9999 -9999 -9999 -9999 -9999 -9999 -9999 -9999 -9999 -9999 -9999 -9999 -9999 -9999 -9999 -9999 -9999 -9999 -9999 -9999 -9999 -9999 -9999
-9999 -9999 -9999 -9999 -9999 -9999 -9999 -9999 -9999 -9999 -9999 -9999 -9999 -9999 -9999 -9999 -9999 -9999 -9999 -9999 -9999 -9999 -9999 -9999 -9999 -9999 -9999 -9999 -9999 -9999 -9999 -9999 -9999 -9999 -9999 -9999 -9999 -9999 -9999 -9999 -9999 -9999 -9999 -9999 -9999 -9999 -9999 -9999 -9999 -9999 -9999 -9999 -9999 -9999 -9999 -9999 -9999 -9999 -9999 -9999 -9999 -9999 -9999 -9999 -9999 -9999 -9999 -9999 -9999 -9999 -9999
-9999 -9999 -9999 -9999 -9999 -9999 -9999 -9999 -9999 -9999 -9999 -9999 -9999 -9999 -9999 -9999 -9999 -9999 -9999 -9999 -9999 -9999 -9999 -9999 -9999 -9999 -9999 -9999 -9999 -9999 -9999 -9999 -9999 -9999 -9999 -9999 -9999 -9999 -9999 -9999 -9999 -9999 -9999 -9999 -9999 -9999 -9999 -9999 -9999 -9999 -9999 -9999 -9999 -9999 -9999 -9999 -9999 -9999 -9999 -9999 -9999 -9999 -9999 -9999 -9999 -9999 -9999 -9999 -9999 -9999 -9999
-9999 -9999 -9999 -9999 -9999 -9999 -9999 -9999 -9999 -9999 -9999 -9999 -9999 -9999 -9999 -9999 -9999 -9999 -9999 -9999 -9999 -9999 -9999 -9999 -9999 -9999 -9999 -9999 -9999 -9999 -9999 -9999 -9999 -9999 -9999 -9999 -9999 -9999 -9999 -9999 -9999 -9999 -9999 -9999 -9999 -9999 -9999 -9999 -9999 -9999 -9999 -9999 -9999 -9999 -9999 -9999 -9999 -9999 -9999 -9999 -9999 -9999 -9999 -9999 -9999 -9999 -9999 -9999 -9999 -9999 -9999
-9999 -9999 -9999 -9999 -9999 -9999 -9999 -9999 -9999 -9999 -9999 -9999 -9999 -9999 -9999 -9999 -9999 -9999 -9999 -9999 -9999 -9999 -9999 -9999 -9999 -9999 -9999 -9999 -9999 -9999 -9999 -9999 -9999 -9999 -9999 -9999 -9999 -9999 -9999 -9999 -9999 -9999 -9999 -9999 -9999 -9999 -9999 -9999 -9999 -9999 -9999 -9999 -9999 -9999 -9999 -9999 -9999 -9999 -9999 -9999 -9999 -9999 -9999 -9999 -9999 -9999 -9999 -9999 -9999 -9999 -9999
-9999 -9999 -9999 -9999 -9999 -9999 -9999 -9999 -9999 -9999 -9999 -9999 -9999 -9999 -9999 -9999 -9999 -9999 -9999 -9999 -9999 -9999 -9999 -9999 -9999 -9999 -9999 -9999 -9999 -9999 -9999 -9999 -9999 -9999 -9999 -9999 -9999 -9999 -9999 -9999 -9999 -9999 -9999 -9999 -9999 -9999 -9999 -9999 -9999 -9999 -9999 -9999 -9999 -9999 -9999 -9999 -9999 -9999 -9999 -9999 -9999 -9999 -9999 -9999 -9999 -9999 -9999 -9999 -9999 -9999 -9999
-9999 -9999 -9999 -9999 -9999 -9999 -9999 -9999 -9999 -9999 -9999 -9999 -9999 -9999 -9999 -9999 -9999 -9999 -9999 -9999 -9999 -9999 -9999 -9999 -9999 -9999 -9999 -9999 -9999 -9999 -9999 -9999 -9999 -9999 -9999 -9999 -9999 -9999 -9999 -9999 -9999 -9999 -9999 -9999 -9999 -9999 -9999 -9999 -9999 -9999 -9999 -9999 -9999 -9999 -9999 -9999 -9999 -9999 -9999 -9999 -9999 -9999 -9999 -9999 -9999 -9999 -9999 -9999 -9999 -9999 -9999
-9999 -9999 -9999 -9999 -9999 -9999 -9999 -9999 -9999 -9999 -9999 -9999 -9999 -9999 -9999 -9999 -9999 -9999 -9999 -9999 -9999 -9999 -9999 -9999 -9999 -9999 -9999 -9999 -9999 -9999 -9999 -9999 -9999 -9999 -9999 -9999 -9999 -9999 -9999 -9999 -9999 -9999 -9999 -9999 -9999 -9999 -9999 -9999 -9999 -9999 -9999 -9999 -9999 -9999 -9999 -9999 -9999 -9999 -9999 -9999 -9999 -9999 -9999 -9999 -9999 -9999 -9999 -9999 -9999 -9999 -9999
-9999 -9999 -9999 -9999 -9999 -9999 -9999 -9999 -9999 -9999 -9999 -9999 -9999 -9999 -9999 -9999 -9999 -9999 -9999 -9999 -9999 -9999 -9999 -9999 -9999 -9999 -9999 -9999 -9999 -9999 -9999 -9999 -9999 -9999 -9999 -9999 -9999 -9999 -9999 -9999 -9999 -9999 -9999 -9999 -9999 -9999 -9999 -9999 -9999 -9999 -9999 -9999 -9999 -9999 -9999 -9999 -9999 -9999 -9999 -9999 -9999 -9999 -9999 -9999 -9999 -9999 -9999 -9999 -9999 -9999 -9999
-9999 -9999 -9999 -9999 -9999 -9999 -9999 -9999 -9999 -9999 -9999 -9999 -9999 -9999 -9999 -9999 -9999 -9999 -9999 -9999 -9999 -9999 -9999 -9999 -9999 -9999 -9999 -9999 -9999 -9999 -9999 -9999 -9999 -9999 -9999 -9999 -9999 -9999 -9999 -9999 -9999 -9999 -9999 -9999 -9999 -9999 -9999 -9999 -9999 -9999 -9999 -9999 -9999 -9999 -9999 -9999 -9999 -9999 -9999 -9999 -9999 -9999 -9999 -9999 -9999 -9999 -9999 -9999 -9999 -9999 -9999
52.07610 52.49780 52.62890 52.35700 53.12060 52.76340 -9999 -9999 -9999 -9999 -9999 -9999 -9999 -9999 -9999 -9999 -9999 -9999 -9999 -9999 -9999 -9999 -9999 -9999 -9999 -9999 -9999 -9999 -9999 -9999 -9999 -9999 -9999 -9999 -9999 -9999 -9999 -9999 -9999 -9999 -9999 -9999 -9999 -9999 -9999 -9999 -9999 54.88230 -9999 -9999 -9999 -9999 -9999 -9999 -9999 -9999 -9999 -9999 -9999 -9999 -9999 -9999 -9999 -9999 -9999 -9999 -9999 -9999 -9999 -9999 -9999
52.03980 53.67880 54.86870 55.36060 55.68180 56.15070 54.22950 54.81800 56.84340 57.63800 50.77900 54.72840 54.75180 54.55170 54.07990 53.97170 53.75540 51.78320 60.86060 -9999 -9999 -9999 -9999 -9999 -9999 -9999 -9999 -9999 -9999 -9999 -9999 -9999 -9999 -9999 -9999 -9999 -9999 -9999 -9999 -9999 -9999 -9999 56.00700 43.77810 46.05180 50.01480 54.19610 52.53430 45.97140 -9999 -9999 -9999 50.10930 -9999 -9999 -9999 53.90020 55.20670 55.19770 -9999 -9999 -9999 -9999 -9999 -9999 -9999 -9999 -9999 -9999 -9999 -9999
52.60320 53.14520 42.98640 43.93740 44.21980 44.81920 46.14030 53.08680 58.49130 60.06240 61.40100 67.88130 67.82580 70.87640 72.51340 70.03450 68.91260 68.32460 60.76340 59.00920 58.30880 57.61950 54.92410 53.73150 50.80430 -9999 -9999 -9999 -9999 -9999 60.91230 59.69460 57.61850 56.11010 54.64980 53.38100 42.10610 42.13390 42.37360 42.58040 43.16710 43.63620 49.04080 48.99300 51.69480 50.90550 56.24020 56.37110 47.82550 48.96450 49.03840 50.04370 51.32870 51.23470 51.40690 53.20640 55.93530 58.79490 63.56890 62.72650 59.93950 57.15730 58.52690 56.35930 -9999 -9999 -9999 -9999 -9999 -9999 -9999
52.32700 56.19860 58.33110 62.90980 58.73430 61.88360 70.76390 76.27950 79.84940 80.04280 80.38420 79.29120 75.54570 78.06910 76.49090 78.75630 74.79440 73.94180 70.09690 66.87980 65.89050 63.00010 57.79010 65.18510 61.44370 61.63490 59.10580 52.09150 50.50460 49.55670 48.05430 59.27050 59.51040 58.70230 45.17760 44.10900 44.26930 43.80480 43.53030 43.92990 44.51160 44.83230 43.58570 44.13590 45.62100 45.81860 48.03160 48.73410 48.77460 49.66480 50.20760 50.98720 51.53000 51.88520 52.92610 52.71170 53.57190 54.56670 53.90940 54.35830 54.58260 55.14040 58.09740 61.16740 59.28330 58.46850 55.58970 54.90240 53.76890 53.69610 53.07800
75.54250 75.58810 76.97300 80.72910 81.64260 83.76650 82.43450 79.70730 79.66100 74.68610 70.31810 68.79830 70.82900 68.42530 65.97100 63.75970 66.20750 63.35890 67.96070 65.60790 65.99390 65.54980 64.32030 60.23890 48.76440 48.80810 59.54110 52.30600 51.45230 49.56350 46.35610 58.61570 61.98300 60.12070 46.24540 45.08820 44.51340 44.53790 44.38340 44.34090 45.29720 45.50600 44.32080 44.47790 45.14370 45.56060 47.47480 48.23940 48.03470 49.13640 49.45510 50.33320 50.77310 50.96630 50.90040 51.18210 52.37760 52.47120 52.59040 52.51770 52.65420 52.85100 57.74210 59.03410 55.41430 55.58950 54.81350 55.08010 54.02630 54.11910 53.15650
75.99020 75.29050 73.09370 76.23420 78.37640 73.47060 69.46980 69.97440 66.77430 61.80060 64.47720 65.33370 61.66370 74.02670 75.44800 77.68000 77.13390 75.92360 80.17250 80.37130 80.36370 80.67770 76.80140 49.97780 47.36870 47.82980 59.37960 55.90360 58.41220 50.78740 46.75590 48.63870 54.75370 51.46470 48.17480 46.73750 45.96840 58.56490 56.65890 56.73520 45.04110 45.99940 57.83970 58.16120 57.74300 58.33670 58.87910 47.48880 48.51090 48.40220 48.49720 49.43480 50.14980 50.08510 50.44110 50.08960 50.46950 51.27880 51.22740 51.16260 51.42430 53.85490 67.09200 65.16450 65.07810 65.20340 52.81790 52.00290 52.88880 52.07080 51.72470
83.95590 85.95010 88.58440 85.57150 82.91280 81.21210 79.51430 78.55090 76.03750 74.44930 72.84350 72.24130 72.38360 72.05800 73.35240 75.06770 75.98160 76.87810 79.74960 80.12280 80.87250 80.64720 63.81680 60.87070 47.48880 47.40690 47.60320 47.57500 56.36880 47.27460 46.27440 45.46770 45.64300 56.51260 73.83820 74.27530 75.07730 74.91590 73.75810 74.70800 74.21490 73.99880 75.58030 75.78010 74.61300 75.03320 74.91440 75.38650 75.79000 76.13500 76.25710 61.34890 60.70270 60.41990 49.35540 50.03710 50.22270 51.36440 62.16420 61.06980 62.74500 77.69350 77.69760 77.35010 78.14260 78.06110 76.63060 62.76710 58.87400 77.62580 77.93830
83.54360 87.87740 87.86710 80.54940 77.77650 76.00570 74.96750 74.01480 71.77200 70.58590 71.47460 71.36990 71.10280 72.03510 74.34520 77.45560 79.33090 80.28160 79.23670 79.02020 80.71810 79.22530 63.94750 64.04920 48.94610 47.05370 46.91700 45.57560 44.57720 44.51100 45.50890 46.24290 45.55710 43.73080 42.87520 43.45640 44.24830 56.58750 55.63770 56.79590 74.15650 74.25690 74.59510 74.95470 74.80840 75.04100 75.76760 75.78570 75.45590 75.70290 77.18020 76.44940 76.51120 76.15830 76.06740 75.51730 74.92690 75.11130 75.10700 74.69600 61.66100 77.49520 76.08080 76.50490 77.69330 77.51920 77.57210 78.60790 78.32430 78.51810 78.55120
80.95430 78.81420 77.92860 74.62300 75.66550 75.65960 75.41400 76.19480 76.67410 75.11350 74.40820 71.94980 70.27670 70.31950 73.83560 75.67220 77.61400 78.28510 79.62870 80.17250 81.16340 78.75700 64.26830 63.74140 60.43240 57.74160 46.41490 45.35080 44.68140 43.63330 44.47750 43.06790 42.89920 43.76240 43.74790 42.83580 43.06930 42.66530 42.41830 42.64180 44.77640 56.91710 76.00550 75.30260 74.44010 74.63470 58.92140 59.73830 76.13870 75.68390 76.62440 76.18690 75.93300 75.97670 76.34240 76.64860 75.06760 74.95760 74.96130 75.69850 55.86050 76.83720 76.74560 76.56630 77.72940 77.42110 76.44690 78.03000 77.32700 77.63860 77.08480
81.39110 76.74340 75.86410 77.46550 81.10830 84.16810 87.53850 89.42130 88.06990 84.73930 85.33920 83.32540 79.98720 72.96600 75.03370 77.15120 79.87390 77.16760 79.39140 77.96740 64.54810 61.84410 61.73570 60.32330 58.96630 58.43490 56.95230 57.16200 55.60030 54.94480 44.40710 44.20680 43.76800 43.90960 55.66070 55.22120 55.39070 55.90350 55.22800 56.20780 43.15310 43.61000 58.04720 76.48000 75.84210 76.87250 75.73370 76.29750 76.74830 77.25970 63.79740 63.20220 79.79130 78.71030 77.02260 76.72180 76.99160 78.01710 77.49710 81.74060 82.33460 76.21610 74.17350 74.17990 73.83130 73.88860 77.34490 77.26610 75.99400 76.24650 76.69030
83.47580 81.17960 81.94830 81.90400 81.95320 84.20060 84.73330 84.25050 82.47350 83.04850 89.47480 91.61590 81.11400 73.65340 71.43990 67.21300 60.40400 75.69120 80.51750 78.42440 76.18250 60.60800 60.37950 59.07280 58.23490 56.86490 56.38410 55.80430 55.35690 54.88480 54.29860 54.59330 54.95830 55.79940 54.83380 55.68640 57.52520 57.23430 57.22600 56.97820 58.43450 58.22850 59.26400 60.39230 60.23520 61.65420 61.74750 63.58210 78.86990 78.79630 80.14940 79.74750 78.26210 62.44700 77.09700 77.10610 76.71090 57.15830 77.72960 80.60860 78.60600 76.19110 74.04410 74.49780 74.39390 74.10210 76.86850 76.38580 75.10090 75.27530 75.80450
83.44760 82.41850 85.14760 84.05710 82.46390 81.85680 78.17700 78.52990 85.17900 84.81740 90.61040 92.32610 92.41600 92.50320 92.39880 90.96430 87.79960 80.31010 79.40140 80.69050 79.79050 74.52090 74.08210 73.87130 56.66390 55.66000 56.80180 55.49830 54.88820 55.21110 57.10980 56.19070 56.64890 56.58800 56.37500 56.92040 56.98960 59.35330 59.32720 59.98060 58.06200 58.86630 59.89710 61.85060 61.77400 62.84560 63.71680 64.34800 64.99530 67.24250 72.74010 81.37570 80.24320 77.74390 60.68430 75.90640 76.16110 77.70310 76.21880 75.77300 76.40660 76.79750 74.65080 73.70590 72.98500 72.54090 74.08270 74.86010 75.29130 74.80730 76.03290
84.06740 80.33850 68.95950 65.88630 80.87250 69.07150 68.88880 67.59980 67.95840 69.38170 71.43880 72.46110 74.44370 76.01430 85.45960 81.96660 78.51390 78.10860 79.60280 78.60050 78.93280 76.83990 75.89820 74.56260 72.26680 72.01190 71.01620 54.32850 54.15890 52.17250 55.13500 53.26990 54.66930 56.08270 54.99030 56.63550 55.43520 58.88980 58.57210 57.36370 59.79800 56.95110 58.99130 61.16620 63.51440 63.98360 64.90090 63.96290 64.09160 66.44460 68.58520 70.58680 69.13290 80.81180 77.54700 61.07060 76.14140 76.17340 75.86860 75.67930 75.95980 75.97190 73.51650 72.84860 72.48860 72.56540 74.30750 73.64170 73.81380 75.09770 75.58920
74.46190 73.14960 74.00780 77.32150 74.11360 92.65060 92.13060 90.63630 87.61520 93.68390 91.43980 89.28360 85.04220 64.72970 76.62320 78.90690 76.58080 60.75910 76.88990 76.80520 76.77290 77.98980 78.83180 78.55680 75.41520 74.41560 73.09570 72.78220 72.88550 73.68880 56.62330 55.02730 52.53390 54.94890 58.40220 57.42430 58.11240 58.92770 58.25750 58.08280 59.21390 60.79570 61.90620 63.60200 63.44160 62.58700 63.91380 64.99860 64.53620 66.72150 66.76880 67.84320 65.10060 65.95870 78.65340 62.67940 76.84190 76.16660 75.35330 76.30150 74.19220 74.57570 74.57990 74.50310 74.09460 73.46720 72.86210 72.60270 74.08680 74.36720 75.70810
81.62700 81.78410 82.48410 92.35770 90.90820 90.61540 91.06080 91.55800 93.64470 93.46500 94.68400 94.63430 96.68680 96.77470 92.41850 80.98110 76.22450 77.25500 76.86300 77.89280 80.36700 80.72410 82.32350 83.00140 78.07030 63.95550 60.62900 57.29520 59.90200 57.75850 55.13270 58.40460 59.13340 58.91170 56.70050 57.13800 60.05700 60.11690 61.08720 59.73540 58.15480 55.90220 62.16620 64.56930 66.45520 67.60590 68.25320 68.55910 66.16820 65.06300 65.41430 66.93640 68.63680 67.39870 79.23960 65.67240 62.53060 76.09340 75.64540 75.42250 74.70980 74.64530 73.89580 73.40420 73.03450 72.71190 72.07150 72.10210 75.11350 74.05030 74.77220
82.89320 82.58880 85.05220 84.81130 78.40790 77.35770 76.77540 74.22520 82.73100 83.52670 84.84850 84.96610 69.01220 75.36950 69.65260 72.15770 68.37540 56.07990 66.73530 68.20290 70.70910 73.49850 74.18560 71.65620 61.30780 55.36210 57.60020 55.55310 56.31040 56.89630 58.84230 58.33160 56.30970 54.24470 55.32940 58.68300 60.04040 60.57990 60.79480 61.78090 62.49380 58.84400 60.52510 65.73450 67.19270 70.50200 70.18140 70.09160 70.65120 66.87930 66.55640 67.04750 68.58700 68.69210 79.60310 70.30340 66.00500 76.94270 77.10200 75.73050 75.55970 74.94380 75.60980 75.43910 74.27630 73.22090 72.33470 72.67110 72.82750 72.39920 73.92220
77.31350 74.85870 83.83830 83.76210 81.02810 75.94640 75.03080 69.40520 63.22660 77.12670 77.87710 78.15170 86.77640 86.07640 82.66300 76.81870 76.95460 72.45410 72.62360 70.63350 69.40920 70.30850 73.83920 73.70150 64.83830 58.01240 53.40180 51.79240 55.55510 58.05930 56.57140 54.84650 53.25330 52.05300 52.55980 53.19870 55.23620 57.94810 60.58430 61.22780 60.25160 61.05460 60.66060 67.46820 68.69910 69.52910 70.82450 69.05490 70.79060 69.64740 69.43750 68.48340 68.39010 73.28270 75.45150 75.12890 80.90000 80.04180 78.10780 77.21360 76.71360 76.15990 76.84520 76.53700 76.12670 76.41990 73.88370 73.50050 73.87980 73.83120 75.03640
76.34560 73.57500 75.46280 77.02390 73.96180 71.14400 75.23340 78.24490 76.24980 69.85210 61.84370 56.16860 67.10570 77.84000 95.35330 91.40830 95.14210 81.01120 75.75540 74.48730 70.83080 71.69560 69.99520 67.31010 66.27130 62.71000 58.18820 58.38230 60.19820 63.23420 61.65360 63.06260 57.38430 54.34590 52.79820 53.39650 56.09770 58.59540 62.09610 60.06940 61.76990 60.80720 67.88270 64.21440 66.87220 69.70490 67.33670 70.19920 69.98110 70.65340 72.86080 72.59780 70.86970 74.35510 80.30770 75.00990 83.75920 86.50700 83.29230 81.86830 82.79350 80.76960 78.13400 75.25540 74.21040 73.59810 74.23010 74.92750 77.01440 75.85340 75.80440
77.19290 -9999 57.25540 72.16520 79.03160 87.61630 -9999 89.09780 86.80670 82.55890 72.86230 57.17500 59.92280 66.27260 73.43330 73.42500 71.42230 78.65340 95.40210 105.12200 82.86290 80.60160 74.44920 70.26710 66.14080 59.54130 59.61640 59.48430 60.98800 61.78650 62.18950 64.81470 63.93310 56.37170 53.68260 58.76460 59.24750 62.52170 58.87270 58.54700 57.97310 62.23660 77.93240 72.17180 66.20350 67.85760 65.70220 65.60760 68.05680 70.16370 70.24700 70.26550 70.87790 74.92850 81.78720 84.70080 88.39030 87.48710 84.81260 84.54720 84.29560 83.00930 82.11810 79.94630 78.35230 76.47260 75.38540 76.93980 76.88980 77.28120 75.86460
