data/hydroclimate-scenarios/1948-2000.Pcorr55N_Pref_Tref/monthly_summaries/soilm1_monthly_day1_jan.1950-2000.asc
ncols	311
nrows	91
xllcenter	102.75
yllcenter	31.75
cellsize	0.5
NODATA_value	-9999
[rows 32 to 63 of 91, columns 0 to 70 of 311]
-9999 -9999 -9999 -9999 -9999 -9999 -9999 -9999 -9999 -9999 -9999 74.54860 74.72780 77.31360 75.73590 76.44230 75.83450 77.25420 75.06480 75.54970 76.72170 77.61540 77.70450 77.61220 74.73150 73.79810 73.80440 76.91990 78.70260 82.30570 82.56460 81.98690 82.22020 82.28300 81.25530 79.77920 78.85210 78.18230 75.67140 75.23170 74.54710 74.33710 74.97470 74.40040 73.67790 74.06010 73.63650 72.96490 72.69870 72.77870 72.33630 71.88250 71.57850 71.92360 70.98930 71.16290 72.04000 72.38390 71.68270 71.65270 72.14840 71.37130 69.47050 74.47580 74.59590 70.27010 71.87060 73.52860 73.89700 73.20790 72.34020
-9999 -9999 -9999 -9999 -9999 -9999 -9999 -9999 -9999 -9999 -9999 75.72570 75.90530 75.73690 75.29470 75.84240 76.24270 77.64060 77.71040 77.83370 77.82990 77.71190 76.44250 75.37990 74.62920 73.56800 71.51250 73.82200 73.53730 73.30630 78.30930 80.20740 78.96570 75.38140 73.97030 71.80630 74.56740 76.11000 75.14520 74.28140 75.14660 75.04140 75.31110 75.16410 75.05790 74.57620 74.48630 74.27600 74.16150 73.72570 73.49520 72.66110 72.26760 71.36090 71.50790 73.19170 72.82970 72.48960 73.35860 73.74740 73.01450 75.24950 74.70550 70.51940 75.51350 72.29570 72.61560 72.70630 72.63730 72.92620 72.41210
-9999 -9999 -9999 -9999 -9999 -9999 -9999 -9999 -9999 -9999 -9999 -9999 73.98280 74.14310 73.68430 74.17910 76.78090 77.91540 77.97520 78.08020 76.18890 73.49160 70.38380 73.52060 71.88130 69.00750 69.38760 71.22180 71.73680 72.58050 73.13860 74.01330 74.88310 74.93360 73.70350 73.64080 74.20930 75.96320 74.72260 73.37570 73.61210 73.59370 73.97370 74.52440 74.67950 75.38120 75.56130 75.69090 75.49240 75.08010 74.49530 74.24270 74.06900 73.41070 72.29740 71.34830 70.52350 70.18340 75.35410 75.42060 74.89680 69.66220 69.38760 70.68190 70.94070 75.39120 72.49420 72.02990 72.62530 73.22920 72.30170
-9999 -9999 -9999 -9999 -9999 -9999 -9999 -9999 -9999 -9999 -9999 -9999 73.47550 73.79760 75.79210 76.41710 76.57540 75.82090 75.47540 74.88010 74.41820 73.80150 73.54900 72.80910 72.52520 71.03090 71.71150 72.09410 71.71350 70.79680 72.93650 74.78480 74.89160 72.77720 73.36800 73.52300 72.35860 74.35300 75.16640 72.97560 73.39310 72.85930 74.11770 76.38650 76.41480 75.99170 76.44780 75.44000 75.03200 75.04390 74.27910 73.99280 74.00780 73.90690 73.16790 71.63870 74.86300 70.30200 72.28500 72.17560 70.64030 71.77580 73.52720 74.17280 72.77560 72.10690 72.07950 71.66750 71.91260 72.67230 72.86650
-9999 -9999 -9999 -9999 -9999 -9999 -9999 -9999 -9999 -9999 -9999 -9999 76.27860 76.21030 75.67980 74.53890 74.45050 74.54990 71.54360 72.83510 73.93570 73.87570 73.64480 72.67430 72.63580 72.47310 72.73620 70.98660 71.35290 67.91310 67.25200 73.09460 73.75840 73.16640 73.12850 71.76460 70.92000 72.75280 72.71180 73.45100 73.75700 73.59190 73.84810 75.31050 74.51500 71.02310 73.77010 73.96080 73.99240 73.66130 73.38850 73.34220 72.61190 71.48360 69.63290 68.32670 67.17320 70.84210 71.65840 72.34330 71.88090 71.95470 71.86290 72.45660 71.93790 71.87400 72.15320 72.13670 72.47970 73.36430 73.83990
-9999 -9999 -9999 73.83810 73.86630 73.15680 72.90510 73.04380 72.95710 -9999 75.74280 75.83110 75.00910 73.94240 73.97090 73.95920 73.29330 71.89250 73.09070 73.78210 74.04690 73.99720 73.99710 73.93470 71.57210 73.20100 73.25800 72.97090 70.90260 69.71500 73.24210 72.88210 72.46430 67.17780 69.73220 62.23950 68.94200 72.41140 73.46820 73.75780 73.87480 73.85750 74.07160 73.25880 72.87860 72.45350 73.85580 70.97810 73.86880 73.72800 70.52680 66.94300 67.73040 70.90170 70.72020 72.16120 72.22590 70.73420 69.69000 70.76020 72.35990 72.99120 70.39500 72.75710 71.97030 71.89080 72.72650 72.79050 73.43510 74.05200 74.26570
-9999 -9999 -9999 73.75550 73.51620 73.75000 73.31620 73.99370 73.55000 74.13060 75.12190 74.14590 74.61960 71.45440 71.08380 73.52930 68.81710 74.99970 75.47930 75.32700 75.09310 75.02410 75.19660 75.26720 71.95830 69.59320 70.50700 71.55380 73.10570 67.88940 62.46480 69.36810 73.22530 70.10470 66.63650 66.74580 71.28130 72.80260 73.15100 72.23700 73.31850 73.77170 74.17130 73.49300 71.75620 72.08750 73.96710 73.54390 70.62430 67.84840 68.87090 73.32700 73.41180 73.02230 72.33340 72.19020 72.04990 72.51110 72.80900 71.15220 71.54220 72.86930 72.06140 70.93640 73.05170 72.51250 72.66690 73.02230 73.67120 72.78260 70.86500
-9999 -9999 -9999 73.49700 74.03870 73.87540 74.70100 74.42230 74.51570 74.67480 74.68540 74.56620 74.46980 73.19030 72.90170 74.01850 72.18060 70.26010 73.96850 74.94730 74.98430 71.88540 64.11720 66.27810 70.63320 70.08050 73.02390 72.82460 69.51470 68.75900 70.75800 73.84630 70.80620 68.39520 67.31410 68.92490 73.19040 73.37520 70.40170 66.84700 69.54170 72.03600 74.09070 74.15740 74.17050 74.06860 74.17100 67.29880 67.61620 74.06680 73.93640 73.79130 73.56740 73.13360 72.48810 72.60010 72.50190 73.02120 73.00310 72.85330 69.09310 69.21810 73.38310 73.51670 73.61580 73.46200 73.23880 72.17420 68.39960 71.14060 71.90320
-9999 -9999 -9999 73.67000 74.31660 74.95170 74.70430 74.98740 73.95020 73.47500 74.09670 74.26720 73.14880 71.83030 73.94450 67.61710 69.64380 77.54220 78.94720 74.52990 68.43420 64.77850 68.57490 75.83770 72.99430 68.46340 72.18070 73.71540 73.42250 69.74290 68.41110 68.78020 68.28610 71.23280 73.56110 70.48480 70.18840 70.60670 71.67910 72.63530 71.94750 70.66450 70.92790 72.24190 73.39080 74.18090 74.13330 73.23800 74.12510 74.07130 73.96710 73.89870 73.47130 69.76400 72.77710 69.12950 68.09820 67.74940 68.51510 67.09670 64.55940 70.09060 70.82630 73.03010 72.02280 70.69260 72.99780 72.52750 72.48500 72.67080 73.08960
-9999 -9999 -9999 72.88930 74.64350 74.88070 75.11000 74.85920 74.37940 74.16310 74.58390 73.25910 70.76700 70.26960 82.42510 79.94040 73.23930 72.30790 73.95200 69.07800 68.10520 73.29970 76.57610 69.67890 66.65420 68.72830 74.83160 74.59040 71.80010 72.40960 69.65200 70.11070 70.67640 72.51540 74.02100 70.76330 70.75170 72.28670 72.31400 71.47460 69.89520 71.23860 73.01960 73.19010 73.48080 73.52030 73.31630 72.32120 70.46340 73.30810 72.14030 70.10080 67.90700 69.13040 70.09330 68.38130 67.88580 66.44980 68.79460 71.96360 71.32230 71.71820 72.63670 70.85840 69.27560 69.64430 72.08020 70.83440 72.69960 73.06630 73.69590
-9999 -9999 -9999 -9999 74.73240 75.16860 75.36180 75.11480 74.38110 73.98220 74.98030 74.86960 71.89940 67.53700 -9999 -9999 -9999 -9999 -9999 72.39860 78.68760 80.23850 78.78410 72.35930 71.84070 72.57880 72.10590 74.83010 75.02790 74.35720 74.11480 71.14890 72.40880 72.14800 69.74280 70.07130 68.69750 70.00410 72.37770 70.74070 70.42000 69.79640 72.34640 72.83520 71.93480 71.11950 68.62250 70.21600 72.97470 76.67770 72.98720 73.10810 73.15820 72.82300 72.81640 72.68440 72.53440 72.38650 68.18820 70.35880 72.57210 72.72100 73.66260 72.94500 73.08210 73.47980 73.32650 73.44080 76.56990 -9999 -9999
-9999 -9999 73.25880 74.60720 75.51040 75.41190 75.27960 75.07430 74.64450 74.51540 75.41110 74.92070 73.96000 -9999 -9999 -9999 -9999 -9999 77.95530 82.98030 79.08780 74.22970 74.22740 74.55340 78.38910 90.55690 78.77860 74.88230 74.48380 73.21880 68.31410 72.38690 71.68990 70.69250 72.08440 69.77750 70.54400 72.02560 72.25130 72.56360 72.48230 72.76390 72.74670 72.56870 72.69220 72.76270 72.69980 72.49200 73.86440 86.83390 87.19100 86.90350 88.42430 81.64890 76.27600 73.27800 72.94420 70.33170 69.15900 71.19940 71.48830 71.61790 74.07290 73.56090 73.70330 73.54690 74.25650 -9999 -9999 -9999 -9999
-9999 -9999 75.49220 75.64810 75.29650 74.85930 73.42320 74.87350 74.92530 75.19890 75.77750 75.70370 74.12150 -9999 -9999 -9999 -9999 73.36760 74.14500 73.78700 71.57630 72.63940 74.94830 81.01520 79.01220 74.05260 71.32500 73.07240 72.34690 73.74740 72.73310 72.32850 73.12840 73.30660 72.73040 74.71620 74.72690 71.08920 71.74840 72.93980 72.76190 72.80000 72.63350 72.48930 68.86420 66.00060 67.05070 66.68960 68.03270 70.07780 72.41420 76.69320 77.71110 82.07420 81.81060 73.70070 71.67180 72.77880 74.51760 75.28690 73.41080 73.14420 73.67490 75.04700 73.62630 -9999 -9999 -9999 -9999 -9999 74.28570
-9999 -9999 73.29730 74.34200 75.55110 75.29790 71.20020 71.38060 74.78140 75.14090 75.29340 74.21560 72.19930 -9999 -9999 -9999 -9999 73.54520 73.69580 72.69510 70.13810 73.07720 78.54620 74.87950 75.08170 74.13380 72.42430 71.70160 72.01250 70.99760 71.93790 74.26410 73.43730 72.83660 73.15080 73.19350 72.83330 72.67240 72.68760 73.53000 73.64780 74.77590 73.81540 72.93150 70.88470 67.96650 66.81740 64.60780 63.14050 63.35780 66.25200 66.78620 70.95430 69.60770 72.42400 72.37540 73.47970 74.60420 73.57090 73.69540 74.10050 74.18730 73.84770 68.74310 68.13820 74.08060 73.95860 74.33330 73.97830 -9999 -9999
-9999 -9999 -9999 70.65490 74.40490 75.64830 74.16550 74.00900 75.54320 71.62170 65.49870 72.26610 -9999 -9999 -9999 -9999 73.54290 73.49410 73.61760 72.75200 73.39900 74.54950 71.70360 73.80890 74.13530 72.31850 71.56510 69.80890 70.78620 73.09090 72.85850 72.67530 71.08520 67.08090 63.55420 63.86730 68.88580 72.93370 74.30170 74.10370 74.67720 74.27210 76.40060 75.86960 75.73780 76.30340 74.69610 73.57530 70.92050 67.23150 72.26150 80.99940 76.93590 81.10250 89.51790 91.73450 80.36060 74.06980 73.45630 73.79020 73.86330 73.75640 73.44790 70.87620 66.11070 72.03590 75.42710 76.59640 73.83480 73.92910 -9999
-9999 -9999 -9999 -9999 72.06520 74.98540 73.25320 75.97810 75.96670 74.44360 73.14970 -9999 -9999 -9999 -9999 74.85810 72.24010 68.53480 71.49260 63.95990 66.29370 64.22360 63.66930 66.96790 71.39830 66.78650 62.38210 63.87620 62.79270 65.64190 66.05230 64.45350 62.84310 62.80570 64.66950 73.28750 73.83190 73.48670 73.79310 73.96830 73.29840 74.78050 74.23830 74.20130 73.73130 70.99300 72.48320 78.79410 74.37430 74.82220 74.31490 83.22480 81.23630 79.74760 81.35740 83.32400 91.37740 81.98260 79.06600 73.81570 73.68010 71.83940 70.34400 69.00550 67.87770 73.46930 73.98360 74.55190 74.32660 74.57310 75.81060
-9999 -9999 -9999 -9999 -9999 -9999 76.53720 77.32020 68.17210 71.74720 65.46050 -9999 -9999 -9999 -9999 -9999 65.71540 63.91600 64.99440 62.55040 62.63510 61.71610 67.28400 69.02080 63.22200 61.81560 67.46450 81.59220 81.65430 74.16800 64.78860 62.66570 66.88740 63.91670 64.97790 63.01060 72.52280 72.93500 73.62610 73.80440 73.50290 74.99350 75.10030 74.67130 76.01610 74.44250 72.25560 75.68500 79.18480 89.16890 82.49400 85.10070 75.08520 75.23940 72.90580 73.01340 79.70120 81.59390 73.24900 66.06350 65.70510 66.96030 69.01710 66.28630 64.88910 68.67870 74.69790 75.23030 74.33400 74.03780 74.98460
-9999 -9999 -9999 -9999 -9999 -9999 -9999 -9999 -9999 -9999 -9999 -9999 -9999 -9999 -9999 -9999 -9999 -9999 -9999 62.01720 63.90210 67.04020 63.94640 62.05560 65.07360 65.45280 66.78290 65.74380 64.74530 63.59490 63.69550 67.88900 75.25370 72.09330 66.32590 66.24060 73.85850 75.03580 74.52890 74.07710 73.68040 73.42780 74.15320 74.29140 74.11920 72.03990 72.15800 75.70990 79.07290 76.44450 76.59790 73.71680 77.45590 78.26050 75.58600 73.28360 65.27120 66.57440 64.50940 64.50860 69.97580 72.30440 64.38050 64.04630 63.21100 70.06180 72.75130 73.71620 74.37290 76.40500 75.97960
-9999 -9999 -9999 -9999 -9999 -9999 -9999 -9999 -9999 -9999 -9999 -9999 -9999 -9999 -9999 -9999 -9999 -9999 62.58240 65.96050 64.79350 60.58660 61.12450 60.85170 65.28710 68.55890 68.91940 68.99890 62.56170 61.23410 61.92250 62.54910 62.67230 62.98590 69.73490 76.00570 73.30550 74.48920 73.92020 74.56160 74.18080 73.21730 73.15190 73.60900 72.36720 73.49000 73.04410 72.03610 74.47440 78.08810 78.32750 81.52060 82.73080 80.10510 76.21170 74.16750 67.24990 66.15090 71.45300 66.44270 72.83980 75.28420 67.13240 66.58780 72.32570 70.31800 66.92830 73.62530 74.39830 74.51640 75.64740
-9999 -9999 -9999 -9999 -9999 -9999 -9999 -9999 -9999 -9999 -9999 -9999 -9999 -9999 -9999 -9999 -9999 62.86270 65.00780 62.10730 61.92330 61.40130 62.56690 64.83080 65.39800 66.89200 73.97340 66.90010 68.58680 69.64070 69.17590 69.86760 67.52300 69.38520 78.28860 77.13260 75.57520 74.39730 74.46190 73.85980 72.11090 73.34510 72.33920 73.60860 71.74020 71.43890 75.31400 75.96350 72.44220 78.08310 79.34030 79.62910 76.28400 76.60920 77.15700 77.07030 65.98800 65.35450 65.20910 64.78310 68.56910 72.70810 68.20130 69.86560 63.17330 64.74390 67.14350 66.00740 72.74020 74.08560 72.08040
-9999 -9999 -9999 -9999 -9999 -9999 -9999 -9999 -9999 -9999 -9999 -9999 -9999 -9999 -9999 -9999 -9999 65.08890 63.39030 62.46890 65.72270 70.79720 66.54170 64.45480 61.76110 59.35190 61.58520 60.88780 64.79050 66.91460 76.15610 76.32350 75.18600 77.12300 78.97660 79.79020 79.06480 74.01330 72.60950 72.72760 71.99980 72.16220 72.78150 72.13910 72.71840 75.32810 71.52190 72.00140 70.52360 72.77250 78.79420 81.07530 81.14050 80.41300 79.76860 77.21060 68.11900 66.44200 66.08610 68.02310 65.35020 64.66650 64.67930 63.86880 64.36860 65.20150 65.86580 68.48910 78.72710 77.36730 74.19410
-9999 -9999 -9999 -9999 -9999 -9999 -9999 -9999 -9999 -9999 -9999 -9999 -9999 -9999 -9999 -9999 74.62330 72.71560 63.65530 68.57000 68.57690 63.83450 61.01630 58.66110 55.25680 56.40130 57.39560 57.64470 58.64780 62.42940 64.72560 65.22200 65.45670 75.70600 78.38410 78.30420 74.64240 75.35950 73.53560 71.60960 69.69130 71.69830 74.99620 72.30420 71.01650 72.19150 71.22550 71.56130 71.12750 68.96180 77.33380 79.27490 79.73500 80.12060 80.11640 77.12270 77.14160 69.58490 73.84570 67.53080 66.30910 66.63370 68.24800 70.81310 72.09970 85.48770 89.97830 87.59980 81.28310 75.79020 73.67300
-9999 -9999 -9999 -9999 -9999 -9999 -9999 -9999 -9999 -9999 -9999 -9999 -9999 62.91100 63.32320 68.62520 66.79840 69.12680 71.34710 66.62000 63.53520 59.19100 56.75690 56.79360 56.44810 55.26840 54.00050 55.23110 55.21200 55.44970 72.24390 71.37890 62.59660 62.28510 76.42210 80.97980 78.18300 74.00530 72.67240 70.81680 71.35120 72.79770 73.07800 70.42760 76.92110 81.67760 77.74260 80.13270 80.35670 75.64310 75.38130 74.53380 73.43330 73.06980 77.68260 75.56260 73.41730 72.37880 72.19710 71.69680 72.57690 77.81010 74.07280 82.83030 86.41870 80.45790 87.19400 82.01230 75.62500 75.17160 73.27130
-9999 -9999 -9999 -9999 -9999 -9999 -9999 -9999 -9999 -9999 -9999 -9999 63.18150 63.42760 73.24770 71.91940 70.14840 66.80160 64.00940 60.49040 60.20870 60.91520 59.96990 59.35580 56.04590 54.66020 54.19350 53.61790 72.39480 70.75080 76.58990 73.31850 73.51640 61.00900 73.64420 78.47810 72.30640 72.73010 71.83640 70.87560 70.28410 71.31470 74.51890 77.49420 83.06770 79.45840 74.67960 80.89340 84.02950 85.34060 71.58770 71.35880 69.44040 71.38760 70.75490 74.15270 77.49100 77.55260 77.17180 77.40900 73.74140 75.81280 76.12400 76.40700 78.70620 79.86100 80.03150 75.50610 75.71460 73.24390 64.68650
-9999 -9999 -9999 -9999 -9999 -9999 -9999 -9999 -9999 -9999 -9999 72.40900 69.55940 70.08990 67.24490 62.87020 60.80670 62.35820 62.62620 61.32090 61.33000 56.11400 55.30030 56.00390 56.42420 55.87120 70.45510 54.09240 69.93650 69.38110 75.14350 56.00080 57.72290 58.68310 65.05140 77.12560 71.97490 72.35960 70.36400 69.64800 69.61110 75.70420 79.22900 82.44840 83.99350 82.98990 84.17230 83.83550 83.54550 82.89660 79.07420 72.30780 72.97320 74.09480 72.59070 72.43150 76.44990 76.42270 75.32360 74.41030 76.68270 75.01740 74.29330 72.67710 79.02970 74.76210 74.77090 76.40670 73.28000 68.87870 62.39010
-9999 -9999 -9999 -9999 -9999 -9999 -9999 -9999 -9999 -9999 66.52220 66.99720 64.21380 65.29090 60.98990 59.26370 58.03020 57.86880 58.36160 57.91040 56.32090 54.24680 54.02060 54.27230 54.47620 54.56890 54.66440 68.99680 70.26860 54.12560 55.73490 55.43670 51.46000 73.46180 78.05090 72.72380 71.37890 71.45760 70.71000 69.26560 76.06550 80.47660 82.35600 85.10150 85.02710 82.02380 82.88630 84.81450 83.16880 83.81950 82.42600 73.94400 74.88490 73.82850 72.80550 72.57440 76.84310 78.92460 78.90950 80.56270 79.06800 74.31490 72.92900 74.93650 77.17540 75.95460 78.09580 74.05550 71.60750 65.87730 64.21590
-9999 -9999 -9999 -9999 -9999 -9999 -9999 -9999 -9999 61.73520 61.56740 60.78530 59.48500 61.13440 58.05470 57.37810 56.66720 55.86070 54.80970 53.36440 53.50390 54.11910 53.63910 53.82560 54.32990 55.90090 55.48270 55.41960 55.93790 55.51320 55.29780 58.30650 60.42600 63.64680 78.65090 73.23910 72.48550 71.24600 71.48360 70.78800 80.95710 81.77810 82.48780 87.20420 85.18820 92.59810 84.82350 82.69700 85.46790 84.89170 85.02660 77.41680 72.79180 75.74430 72.68110 78.45800 81.61070 82.15560 81.39110 81.77130 76.53940 74.92180 72.97690 78.29010 73.32000 73.51190 74.19130 72.01840 64.82050 63.20840 62.97210
-9999 -9999 -9999 -9999 -9999 -9999 -9999 -9999 -9999 -9999 56.58080 55.25710 54.71610 55.44560 53.04320 53.70520 53.60360 53.46130 53.31090 51.79130 52.06530 52.77610 52.83820 -9999 -9999 -9999 -9999 -9999 -9999 54.13060 56.06360 58.36250 63.75450 66.90190 69.96460 74.76950 74.94450 71.50940 70.26220 67.65280 77.41800 79.05520 71.28980 91.09550 86.78620 91.73770 91.99160 81.17970 82.78690 83.47300 79.08070 73.51180 73.05130 73.77010 78.71510 78.59310 79.05470 79.93170 83.71540 81.48130 79.35430 73.26850 74.01960 77.60760 74.69830 74.34630 74.15970 70.32570 67.65510 69.73020 65.83150
-9999 -9999 -9999 -9999 -9999 -9999 -9999 -9999 -9999 -9999 -9999 -9999 52.02210 50.91030 50.76740 48.41760 48.67900 49.94580 50.43540 -9999 -9999 -9999 -9999 -9999 -9999 -9999 -9999 -9999 -9999 -9999 -9999 -9999 -9999 64.59770 70.90870 74.79250 79.60200 72.50360 67.90140 60.71790 73.27600 80.16210 77.22880 76.16230 76.61930 86.93710 92.16140 83.07020 84.75370 84.65470 84.36490 76.39220 76.54020 76.28400 81.44310 80.86990 78.95200 74.10050 72.17270 77.39730 76.11810 72.52700 75.28390 75.36140 74.27440 74.03930 71.42430 63.75030 65.71510 70.19710 77.63360
-9999 -9999 -9999 -9999 -9999 -9999 -9999 -9999 -9999 -9999 -9999 -9999 -9999 -9999 -9999 -9999 -9999 -9999 -9999 -9999 -9999 -9999 -9999 -9999 -9999 -9999 -9999 -9999 -9999 -9999 -9999 -9999 -9999 -9999 76.93570 78.61120 77.73650 78.04460 64.93270 75.48870 75.95270 80.24660 81.60630 73.01210 90.82260 91.16180 88.98780 83.71670 82.60860 82.55320 80.19180 76.41640 81.72780 76.49580 76.22720 76.23420 75.34380 77.85300 75.74580 75.42420 73.66050 80.84090 76.74180 75.38150 74.44990 74.54800 74.46090 66.73430 69.22190 74.44460 78.56570
-9999 -9999 -9999 -9999 -9999 -9999 -9999 -9999 -9999 -9999 -9999 -9999 -9999 -9999 -9999 -9999 -9999 -9999 -9999 -9999 -9999 -9999 -9999 -9999 -9999 -9999 -9999 -9999 -9999 -9999 -9999 -9999 -9999 -9999 69.99040 77.80310 77.35120 66.21400 60.34930 78.34230 80.59990 87.40240 88.20240 81.30130 78.10190 82.39150 82.06260 83.59100 84.05480 83.54360 80.64260 83.77380 74.02860 74.17310 73.67700 73.49150 77.21560 75.20490 76.02130 79.92870 77.60130 78.91600 74.96300 73.57230 75.26780 67.18480 75.37310 68.82510 73.20890 77.69720 -9999
-9999 -9999 -9999 -9999 -9999 -9999 -9999 -9999 -9999 -9999 -9999 -9999 -9999 -9999 -9999 -9999 -9999 -9999 -9999 -9999 -9999 -9999 -9999 -9999 -9999 -9999 -9999 -9999 -9999 -9999 -9999 -9999 -9999 -9999 -9999 -9999 -9999 -9999 76.67200 78.83560 81.76690 79.66830 76.41010 78.48880 85.57980 82.57430 81.30380 83.92800 85.09850 83.70440 84.72550 80.36730 80.26520 74.54990 76.89700 74.57840 71.66820 72.91890 75.19420 75.22030 75.54390 75.82390 77.35120 73.95080 73.70280 67.88830 72.19860 77.00020 69.91790 -9999 -9999
