data/hydroclimate-scenarios/1948-2000.Pcorr55N_Pref_Tref/monthly_summaries/soilm2_monthly_day1_nov.1950-2000.asc
ncols	311
nrows	91
xllcenter	102.75
yllcenter	31.75
cellsize	0.5
NODATA_value	-9999
[rows 0 to 30 of 91, columns 70 to 139 of 311]
-9999 -9999 -9999 -9999 -9999 -9999 -9999 -9999 -9999 -9999 -9999 -9999 -9999 -9999 -9999 -9999 -9999 -9999 -9999 -9999 -9999 -9999 -9999 -9999 -9999 -9999 -9999 -9999 -9999 -9999 -9999 -9999 -9999 -9999 -9999 -9999 -9999 -9999 -9999 -9999 -9999 -9999 -9999 -9999 -9999 -9999 -9999 -9999 -9999 -9999 -9999 -9999 -9999 -9999 -9999 -9999 -9999 -9999 -9999 -9999 -9999 -9999 -9999 -9999 -9999 -9999 -9999 -9999 -9999 -9999
-9999 -9999 -9999 -9999 -9999 -9999 -9999 -9999 -9999 -9999 -9999 -9999 -9999 -9999 -9999 -9999 -9999 -9999 -9999 -9999 -9999 -9999 -9999 -9999 -9999 -9999 -9999 -9999 -9999 -9999 -9999 -9999 -9999 -9999 -9999 -9999 -9999 -9999 -9999 -9999 -9999 -9999 -9999 -9999 -9999 -9999 -9999 -9999 -9999 -9999 -9999 -9999 -9999 -9999 -9999 -9999 -9999 -9999 -9999 -9999 -9999 -9999 -9999 -9999 -9999 -9999 -9999 -9999 -9999 -9999
-9999 -9999 -9999 -9999 -9999 -9999 -9999 -9999 -9999 -9999 -9999 -9999 -9999 -9999 -9999 -9999 -9999 -9999 -9999 -9999 -9999 -9999 -9999 -9999 -9999 -9999 -9999 -9999 -9999 -9999 -9999 -9999 -9999 -9999 -9999 -9999 -9999 -9999 -9999 -9999 -9999 -9999 -9999 -9999 -9999 -9999 -9999 -9999 -9999 -9999 -9999 -9999 -9999 -9999 -9999 -9999 -9999 -9999 -9999 -9999 -9999 -9999 -9999 -9999 -9999 -9999 -9999 -9999 -9999 -9999
-9999 -9999 -9999 -9999 -9999 -9999 -9999 -9999 -9999 -9999 -9999 -9999 -9999 -9999 -9999 -9999 -9999 -9999 -9999 -9999 -9999 -9999 -9999 -9999 -9999 -9999 -9999 -9999 -9999 -9999 -9999 -9999 -9999 -9999 -9999 -9999 -9999 -9999 -9999 -9999 -9999 -9999 -9999 -9999 -9999 -9999 -9999 -9999 -9999 -9999 -9999 -9999 -9999 -9999 -9999 -9999 -9999 -9999 -9999 -9999 -9999 -9999 -9999 -9999 -9999 -9999 -9999 -9999 -9999 -9999
-9999 -9999 -9999 -9999 -9999 -9999 -9999 -9999 -9999 -9999 -9999 -9999 -9999 -9999 -9999 -9999 -9999 -9999 -9999 -9999 -9999 -9999 -9999 -9999 -9999 -9999 -9999 -9999 -9999 -9999 -9999 -9999 -9999 -9999 -9999 -9999 -9999 -9999 -9999 -9999 -9999 -9999 -9999 -9999 -9999 -9999 -9999 -9999 -9999 -9999 -9999 -9999 -9999 -9999 -9999 -9999 -9999 -9999 -9999 -9999 -9999 -9999 -9999 -9999 -9999 -9999 -9999 -9999 -9999 -9999
-9999 -9999 -9999 -9999 -9999 -9999 -9999 -9999 -9999 -9999 -9999 -9999 -9999 -9999 -9999 -9999 -9999 -9999 -9999 -9999 -9999 -9999 -9999 -9999 -9999 -9999 -9999 -9999 -9999 -9999 -9999 -9999 -9999 -9999 -9999 -9999 -9999 -9999 -9999 -9999 -9999 -9999 -9999 -9999 -9999 -9999 -9999 -9999 -9999 -9999 -9999 -9999 -9999 -9999 -9999 -9999 -9999 -9999 -9999 -9999 -9999 -9999 -9999 -9999 -9999 -9999 -9999 -9999 -9999 -9999
-9999 -9999 -9999 -9999 -9999 -9999 -9999 -9999 -9999 -9999 -9999 -9999 -9999 -9999 -9999 -9999 -9999 -9999 -9999 -9999 -9999 -9999 -9999 -9999 -9999 -9999 -9999 -9999 -9999 -9999 -9999 -9999 -9999 -9999 -9999 -9999 -9999 -9999 -9999 -9999 -9999 -9999 -9999 -9999 -9999 -9999 -9999 -9999 -9999 -9999 -9999 -9999 -9999 -9999 -9999 -9999 -9999 -9999 -9999 -9999 -9999 -9999 -9999 -9999 -9999 -9999 -9999 -9999 -9999 -9999
-9999 -9999 -9999 -9999 -9999 -9999 -9999 -9999 -9999 -9999 -9999 -9999 -9999 -9999 -9999 -9999 -9999 -9999 -9999 -9999 -9999 -9999 -9999 -9999 -9999 -9999 -9999 -9999 -9999 -9999 -9999 -9999 -9999 -9999 -9999 -9999 -9999 -9999 -9999 -9999 -9999 -9999 -9999 -9999 -9999 -9999 -9999 -9999 -9999 -9999 -9999 -9999 -9999 -9999 -9999 -9999 -9999 -9999 -9999 -9999 -9999 -9999 -9999 -9999 -9999 -9999 -9999 -9999 -9999 -9999
-9999 -9999 -9999 -9999 -9999 -9999 -9999 84.60230 -9999 -9999 -9999 -9999 -9999 -9999 -9999 -9999 -9999 -9999 -9999 -9999 -9999 -9999 -9999 -9999 -9999 -9999 -9999 -9999 -9999 -9999 -9999 -9999 -9999 -9999 -9999 -9999 -9999 -9999 -9999 -9999 -9999 -9999 -9999 -9999 -9999 -9999 -9999 -9999 -9999 -9999 -9999 -9999 -9999 -9999 -9999 -9999 -9999 -9999 -9999 -9999 -9999 -9999 -9999 -9999 -9999 -9999 -9999 -9999 -9999 -9999
-9999 -9999 -9999 99.26170 76.75980 80.98060 83.58240 83.71350 87.03000 87.09920 89.74470 90.63420 91.44780 91.35560 91.78990 92.55060 96.07430 95.91870 94.94490 95.08910 94.96270 94.91350 92.50250 -9999 -9999 -9999 -9999 -9999 -9999 -9999 -9999 -9999 -9999 -9999 -9999 -9999 -9999 -9999 -9999 -9999 -9999 -9999 -9999 -9999 -9999 -9999 -9999 -9999 -9999 -9999 -9999 -9999 -9999 -9999 -9999 -9999 -9999 -9999 -9999 -9999 -9999 -9999 -9999 -9999 -9999 -9999 -9999 -9999 -9999 -9999
-9999 -9999 -9999 -9999 -9999 81.38920 83.14190 85.33970 86.40820 88.41980 90.56450 91.97050 94.07990 96.49510 96.80480 97.12550 97.91950 98.72910 100.10900 100.57200 101.38500 101.07800 99.39510 -9999 -9999 -9999 -9999 -9999 -9999 -9999 -9999 -9999 -9999 -9999 -9999 -9999 -9999 -9999 -9999 -9999 -9999 -9999 -9999 -9999 -9999 -9999 -9999 -9999 -9999 -9999 -9999 -9999 -9999 -9999 -9999 -9999 -9999 -9999 -9999 -9999 -9999 -9999 -9999 -9999 -9999 -9999 -9999 -9999 -9999 -9999
75.84290 76.21210 76.44570 78.27880 79.12480 79.86970 81.52400 81.53780 84.30040 86.05180 88.21190 89.96530 91.46340 93.71820 95.44180 96.98070 97.67960 98.41550 99.85580 99.90240 101.49700 115.96400 121.84200 100.56800 100.36400 97.69100 96.01720 93.27350 91.96780 -9999 -9999 -9999 -9999 -9999 -9999 -9999 -9999 -9999 -9999 -9999 -9999 -9999 -9999 -9999 -9999 -9999 -9999 -9999 -9999 -9999 -9999 -9999 -9999 -9999 -9999 -9999 -9999 -9999 -9999 -9999 -9999 -9999 -9999 -9999 -9999 -9999 -9999 -9999 -9999 -9999
77.42130 76.99680 77.53350 80.14040 80.35380 80.26240 82.08750 82.64830 83.58150 82.80020 83.91190 89.85330 91.99500 93.13920 94.91490 96.89220 98.68680 97.73890 94.16940 121.27300 107.12900 104.08400 102.10100 102.78700 101.87900 99.48990 97.79750 95.91980 94.87740 93.25770 91.15050 88.72000 88.03740 87.43070 87.42670 85.62480 84.81290 81.94290 82.03830 81.03910 80.65120 79.85060 79.29700 79.85420 -9999 -9999 -9999 -9999 -9999 -9999 -9999 -9999 -9999 -9999 -9999 -9999 -9999 -9999 -9999 -9999 -9999 -9999 -9999 -9999 -9999 -9999 -9999 -9999 -9999 -9999
54.67220 54.36800 55.37810 55.95560 76.53610 81.94170 81.84680 81.91490 82.59770 82.32810 79.49190 81.49060 87.13000 83.32430 89.58170 91.89090 93.87090 93.46930 93.18930 95.56690 101.67600 102.69500 102.95500 100.08000 82.14910 91.43330 93.64530 90.33460 89.33920 92.13880 94.63810 89.39920 89.53210 84.11900 83.15230 82.91670 82.09280 82.13660 82.05030 81.44890 81.06180 81.79240 81.52590 81.38070 116.22200 -9999 -9999 -9999 -9999 -9999 -9999 -9999 -9999 -9999 -9999 -9999 -9999 -9999 -9999 -9999 -9999 -9999 -9999 -9999 -9999 -9999 -9999 -9999 -9999 -9999
89.47530 90.11180 90.31750 81.90890 95.55340 88.62130 88.62660 91.81550 90.93100 93.10970 91.52790 95.18250 94.69200 93.60970 92.75620 91.24970 94.97100 96.65520 98.21670 97.14450 123.53300 104.03100 103.75500 101.13600 99.65660 98.72020 100.79600 95.03430 91.81860 91.31680 91.17370 87.23860 85.34920 85.49370 85.59380 84.04230 84.49930 83.15370 82.95310 83.06750 84.33400 83.20300 83.83370 85.27270 83.35140 -9999 -9999 -9999 -9999 -9999 -9999 -9999 -9999 -9999 -9999 -9999 -9999 -9999 -9999 -9999 81.50090 82.46120 -9999 -9999 -9999 -9999 99.18170 111.65400 119.07100 107.97600
86.48540 87.57360 89.13150 88.09400 92.95840 85.88880 83.87130 86.53050 89.98430 92.85460 93.30460 87.91520 88.99790 89.68310 94.45590 95.19640 93.72750 94.11250 93.39090 122.22500 94.05730 97.67380 97.68790 96.67040 90.90410 89.57690 88.18560 88.42040 89.97710 88.32630 88.97050 87.46660 85.85510 84.24000 83.23740 81.98170 82.30510 80.02000 79.67470 80.52920 108.90700 115.00300 115.34600 116.25700 109.74800 109.84800 109.45800 114.99500 83.09240 90.15230 93.14730 85.42010 87.00860 92.19810 90.14300 89.85950 69.64820 60.89420 60.79540 83.60780 84.37470 78.87070 -9999 -9999 -9999 -9999 -9999 102.43600 109.10200 109.47400
95.38360 98.36770 66.49300 90.20740 97.77870 69.29040 85.29090 86.74790 85.51800 83.00560 81.60380 81.12790 82.61540 82.85470 84.03310 85.77150 111.70100 88.48880 89.68400 88.64400 87.99840 88.70890 88.61860 87.07510 85.99130 86.45580 86.32570 85.04210 85.99770 84.39560 84.13040 84.31030 82.19520 82.24440 83.47080 83.39980 83.01800 82.90430 82.78490 115.69800 115.07400 82.44200 116.17900 84.02760 84.13630 84.45300 82.87790 82.40810 82.17110 87.31960 92.94900 91.32750 85.05710 89.72960 99.98050 105.07100 95.26310 98.36280 98.34440 90.83540 73.18150 73.10280 76.42430 86.54190 90.71690 93.26120 98.44600 101.14400 105.83100 106.07100
87.00010 98.79690 98.93230 84.87310 100.49600 101.07200 93.09790 90.29170 91.59370 79.02110 78.06440 77.14980 79.47510 81.53000 110.31400 85.38380 88.17610 87.05590 86.74190 86.59630 88.43230 88.13690 86.06880 84.88940 84.24120 85.42360 84.77710 83.81980 84.45840 82.49740 82.84180 82.46710 82.30990 81.84610 81.86430 82.64620 82.27310 116.00200 81.42670 80.49590 82.21170 82.53960 82.26740 80.51980 81.54780 83.19110 82.88340 82.21300 81.16720 81.14800 81.84770 84.45030 83.27910 86.89660 87.31930 94.31020 104.06200 105.28600 105.08600 106.17900 105.41100 93.61390 93.14860 86.14880 77.08620 88.01770 93.58080 97.63780 99.75970 102.58700
98.20410 106.21500 110.19400 93.93380 57.37940 83.20730 77.16710 76.27660 84.46280 82.25130 78.01630 77.63510 79.76450 79.58760 81.18500 82.93210 83.56490 83.91210 83.35620 85.42070 96.23000 95.23530 89.09320 88.08870 86.40400 83.86030 84.13110 82.67650 82.37640 82.81580 82.06770 81.84020 114.37500 81.01130 79.90690 81.39930 81.12370 81.21400 85.03170 83.66110 85.99390 83.10460 82.51400 90.62160 94.56580 92.48010 84.55620 81.17740 80.71950 82.05620 84.09420 88.99730 93.02290 93.29300 94.55030 76.16700 74.83620 76.12380 99.02140 101.56000 112.47800 112.10100 110.62300 111.09700 99.90520 96.16110 92.15220 92.46030 93.12270 95.24950
80.96230 99.99240 109.72000 105.72700 92.15980 68.90600 77.78120 74.73070 80.69900 84.06050 77.88800 97.06400 93.54490 83.13670 84.53170 82.75190 79.39170 79.40580 81.27230 83.80450 87.76600 93.69420 89.02780 88.94820 89.27140 83.10250 82.56040 81.29450 79.95300 79.58920 108.71800 80.87390 79.66010 79.87430 81.62240 80.14830 79.73230 81.94310 84.11750 83.62460 91.36900 92.41220 88.96350 90.43460 89.80030 95.60250 93.96820 88.09480 86.57910 81.55390 86.96990 93.94770 92.64500 93.23860 88.45420 97.37300 103.71600 103.53900 107.60400 103.47300 102.12800 103.53800 101.32200 99.34090 109.72200 113.47800 100.79000 110.69500 99.25330 97.39940
85.69520 96.14350 95.73950 93.49340 99.45300 101.35300 72.43490 59.90170 54.55110 79.82090 75.05080 82.94960 103.13300 113.14700 110.64300 98.81510 93.17170 85.29820 80.55340 80.01230 79.73950 81.29450 81.99160 82.78920 81.42350 80.59710 82.06870 80.67950 80.04230 78.88670 79.77150 78.38150 80.89690 87.75340 85.73610 84.18940 87.16320 90.08110 93.97300 90.96130 89.32000 95.88470 99.04240 94.94790 90.83780 90.35480 87.78090 87.23560 86.19400 82.78790 82.62350 81.42310 85.27890 89.30070 93.16340 94.73960 101.43500 102.71000 106.79400 102.51700 107.47900 107.63800 106.46700 94.67560 106.59600 107.24400 103.86200 96.16830 98.53850 96.47670
108.91800 118.00100 113.45500 113.99500 107.81700 110.59800 107.14800 93.48440 93.11800 89.65900 79.93630 74.83550 75.77630 87.09680 96.55640 113.83300 111.94900 110.73600 104.78800 88.61700 69.60770 83.48740 82.98540 82.42380 84.05070 82.84610 84.49570 83.59530 82.61540 81.57330 84.90880 85.33260 93.29820 91.27150 95.18190 93.20790 93.77270 95.09970 97.55460 76.59280 95.54360 97.35060 96.84800 95.10600 95.67750 93.72850 96.43120 95.71700 96.93990 93.19330 89.89180 97.56130 99.85020 102.99300 92.76580 102.10300 101.36100 98.69210 105.33300 106.35800 120.56000 110.47000 112.19200 109.09300 105.25900 104.72700 90.90020 108.89700 108.81400 111.11400
96.93210 106.50700 119.42000 121.17700 121.61500 118.51100 109.64500 104.13500 88.51070 99.44500 90.72220 87.15260 90.13910 89.48100 65.43460 88.09190 71.06920 80.85640 107.23500 113.61000 101.41500 87.16820 97.28710 89.15110 86.11800 82.55350 83.83960 84.55270 83.80140 91.19930 90.03990 94.60660 95.26070 98.01350 92.77410 99.21520 94.70820 95.06060 93.44460 98.67790 97.60710 94.23130 95.13690 94.86990 91.96730 104.80700 106.98500 104.98400 104.40800 101.30000 104.55600 107.66200 107.34000 110.42700 117.52600 100.97400 104.27000 109.09400 113.71300 110.09500 113.19600 112.90800 108.91600 103.73100 88.87250 108.02900 108.71700 105.96800 106.95500 108.65500
104.10000 109.60300 108.59100 106.74600 111.52700 118.77100 115.96500 118.52600 114.46200 110.87600 96.91220 84.42690 105.62400 105.53100 100.19500 119.63800 114.27300 109.49600 66.41920 102.50000 119.94900 111.88900 112.44300 106.17900 89.62110 83.97190 81.32090 83.42410 82.78910 88.13500 89.39500 92.50690 93.11890 92.75420 92.05800 89.14480 93.07440 96.88390 94.18090 98.06290 99.88990 104.51000 101.90900 99.20150 83.31860 70.26550 89.42380 97.43700 107.40200 111.95900 108.76600 108.94800 101.36200 110.61100 103.40700 112.25000 119.74000 112.52700 120.84700 105.92400 105.97300 108.17500 104.13100 105.18900 105.89300 101.43900 101.50400 100.61300 97.46560 101.35900
108.02000 112.24700 109.20600 106.05100 96.78080 103.56100 103.20100 104.10300 104.60600 96.77750 96.89100 93.46720 94.24440 78.46020 93.75370 112.39700 117.62000 115.32700 113.14400 90.56890 98.59470 106.41700 108.31800 103.24900 100.98800 89.49810 84.06380 84.28970 84.80310 88.86250 91.76230 92.17510 90.08090 83.60010 86.89670 91.72230 89.82830 92.60890 94.38870 97.97320 104.10600 105.12700 100.32500 113.36600 92.81610 90.38040 96.74630 103.40200 109.11200 112.41600 108.73200 105.29100 107.08300 115.87800 118.59500 115.16500 111.59800 111.94400 107.46800 115.17000 113.39900 105.16200 98.77790 101.40600 97.77600 96.24050 97.51060 96.07570 104.08400 110.89900
111.81600 120.98800 119.44000 112.40400 110.47200 108.98500 100.15800 96.35830 90.57270 86.27940 82.22720 91.71820 103.22000 99.80590 92.18930 96.18920 110.93000 110.96700 109.34700 112.71500 111.20200 109.63200 99.63550 95.62510 97.00830 97.19210 97.92930 87.76900 85.35710 88.30410 94.53060 91.52370 94.24670 85.69700 90.92880 92.55380 99.11330 100.01500 103.40600 100.63000 116.81300 104.34700 109.85700 110.15100 113.74300 111.12900 101.85300 86.76100 89.80450 90.91670 93.68320 109.12700 105.35200 102.31600 100.41500 100.25800 105.60900 107.55100 109.50300 109.81800 115.97500 111.19100 111.75200 111.15300 106.93500 104.39400 98.98490 101.90300 109.70900 102.06100
112.53100 118.96300 125.21200 116.16100 108.98200 111.29700 112.87600 104.62000 98.77180 87.83190 94.60790 91.50940 96.24420 106.67100 104.47700 101.12400 99.96070 112.32100 108.33700 114.47300 113.32900 112.24800 106.56100 111.26900 100.99100 99.86770 97.62320 94.79960 91.31760 87.29210 88.56560 87.33110 87.07780 88.42670 101.73900 99.43920 93.20770 108.03100 114.78000 93.76950 107.00600 114.06300 114.63900 106.49300 102.60200 99.33920 96.45450 109.77700 94.50300 93.45910 118.17400 95.96710 112.88000 114.85400 114.95300 115.60400 113.25800 110.05300 109.14000 110.58000 111.08100 108.34600 110.54200 110.51800 110.71900 112.58300 88.60060 110.34800 90.17010 96.78800
126.24700 117.61600 116.21600 117.13400 116.88200 115.10300 108.59100 91.63480 95.91870 95.59520 89.23600 82.77200 89.10730 101.81700 110.09700 109.86300 109.26600 109.67400 113.01200 110.12100 108.26700 123.44500 110.23100 108.61200 102.77100 98.75360 101.51300 109.81900 97.42510 93.88760 88.19540 93.38190 88.71920 92.22180 103.26000 104.44800 96.78630 111.00000 108.56800 112.91700 102.13400 104.62300 106.64200 103.93600 116.31200 114.83800 118.91500 113.79300 116.57300 118.35500 116.06800 116.13100 115.57300 112.51900 108.60100 112.79400 112.82300 118.91500 115.35400 111.22100 114.15900 110.88700 114.56300 111.32600 102.16000 106.61100 93.84690 95.80750 95.91510 99.88210
112.03100 122.66600 116.88200 120.58900 118.66600 116.69900 120.86800 106.19000 97.46570 93.45660 108.03100 95.02960 100.22000 100.23200 106.16800 112.01100 112.03800 105.42500 95.02290 105.54400 113.48700 109.98200 112.96600 110.69400 103.77100 99.27020 92.12460 98.90720 94.78400 89.67180 90.85260 86.18410 89.58300 95.85450 99.10010 102.56600 89.70550 103.96700 112.84000 115.98500 123.74000 113.44800 104.91800 117.24700 112.88700 117.64400 117.38500 102.38500 79.53630 91.66310 97.58120 100.64600 102.23300 82.61170 108.63200 113.33200 117.09900 114.99600 110.67200 117.15100 109.17200 113.41300 108.40400 95.69730 101.13600 102.51600 102.22300 103.52700 103.32700 101.02800
111.79900 114.06800 117.23100 119.60500 121.89000 122.73500 122.83200 126.37900 109.48100 113.65200 113.20100 111.75700 109.52200 108.70400 104.21000 114.18700 119.94700 117.10800 109.85700 106.83500 111.74600 101.44700 113.70400 121.18900 114.87900 100.89800 84.14790 107.81500 102.55200 97.22900 99.15990 94.57360 90.12710 99.02620 103.40800 101.43400 105.09800 110.70900 121.49300 128.07500 128.85201 126.91600 114.59700 121.00000 116.18400 102.86500 101.58700 82.65440 83.00150 105.10000 98.59470 -9999 -9999 85.46240 105.94000 108.49500 115.40300 119.71600 113.16500 92.63380 96.16580 97.46620 101.72700 103.78900 107.01000 105.09700 108.07700 108.93500 110.51300 105.32300
120.21500 124.98600 121.73100 121.58600 127.94800 120.23600 131.02200 132.00900 124.71000 119.20200 128.70900 126.48700 121.11300 115.06900 112.03700 118.53800 121.84000 115.12200 110.98700 102.75300 111.91200 98.69840 109.81100 107.12500 114.81800 109.06800 107.54300 112.89800 105.10800 86.01400 103.45900 106.03800 95.12250 100.51200 106.61800 109.52500 116.08600 122.03100 118.73800 114.62200 -9999 -9999 -9999 -9999 108.46200 -9999 92.71830 114.51700 113.49000 112.84800 100.32000 -9999 -9999 101.40000 117.69700 116.78300 107.21000 89.77890 91.32880 95.87940 100.12100 100.23500 102.66000 103.43500 102.97700 103.11400 118.61000 112.53200 110.94600 104.66100
