data/hydroclimate-scenarios/1948-2000.Pcorr55N_Pref_Tref/monthly_summaries/soilm2_monthly_day1_sep.1950-2000.asc
ncols	311
nrows	91
xllcenter	102.75
yllcenter	31.75
cellsize	0.5
NODATA_value	-9999
[rows 31 to 61 of 91, columns 0 to 69 of 311]
-9999 -9999 -9999 -9999 -9999 -9999 -9999 -9999 -9999 -9999 -9999 75.13030 78.30960 78.58320 78.09230 81.97170 78.37320 80.24480 81.65870 81.36550 79.28060 82.68690 80.57120 80.37690 79.68010 78.55230 79.54760 78.65240 77.45920 77.43420 76.95750 76.33660 75.41890 74.80530 75.16710 74.70840 74.34120 75.97160 77.63890 78.16810 78.49970 78.78770 110.63900 110.71300 110.77200 110.96500 110.63500 107.76400 90.00480 89.62500 90.72000 90.95450 90.42760 90.31270 89.76330 108.31200 108.42200 108.07100 108.57500 108.12500 107.91000 108.69400 108.63600 108.56200 108.88500 112.05900 109.73200 110.03400 113.25000 121.16200
-9999 -9999 -9999 -9999 -9999 -9999 -9999 -9999 -9999 -9999 -9999 75.16990 75.58720 77.81250 75.94060 78.02390 78.28470 82.06080 80.26980 78.52690 83.36960 81.32170 80.22670 80.34830 111.71200 111.53300 111.85300 112.88400 112.59800 77.53600 77.89000 77.20480 76.86920 76.93760 77.17460 75.41110 75.02340 75.33090 91.56480 91.60190 91.59940 91.29220 92.18530 91.97520 92.11360 92.28590 91.67030 92.19220 92.39340 92.09450 91.77760 91.50360 90.94240 109.46300 109.12400 108.63800 108.76400 108.57400 108.35200 89.89420 90.38240 90.99100 108.29200 110.69600 111.20000 108.58200 109.86200 110.80800 112.92800 117.30100
-9999 -9999 -9999 -9999 -9999 -9999 -9999 -9999 -9999 -9999 -9999 76.20650 76.98150 75.91460 77.15510 78.27290 78.61310 81.52530 81.17400 82.00970 82.99180 81.98410 112.33700 112.49300 113.48900 80.86690 80.77900 80.13560 77.29000 109.96800 110.43900 77.58930 78.19980 75.44380 93.08190 91.40230 109.36400 92.11890 109.36900 111.32400 92.69510 111.36900 93.91150 94.24330 95.93300 95.75830 95.63480 94.42480 93.69950 92.81720 92.13210 91.03830 90.58110 108.38200 89.64650 90.52280 90.64310 90.89850 91.08610 90.77730 91.04110 111.76600 110.97100 90.74700 112.41100 109.89000 110.74400 111.97000 112.76600 116.11600
-9999 -9999 -9999 -9999 -9999 -9999 -9999 -9999 -9999 -9999 -9999 -9999 76.53160 76.42130 75.83180 76.55970 77.31030 80.08370 80.15960 79.68100 112.00900 79.95510 82.38010 82.61760 82.91140 86.64090 84.08680 83.75790 78.50500 76.38710 110.69200 110.42100 110.61700 111.18500 111.43900 110.80500 110.95200 93.27320 109.74700 110.43500 110.41300 111.20200 111.68700 94.30740 95.59220 96.82420 94.71580 94.76220 94.11420 93.17410 91.30750 91.63540 91.60580 90.80880 91.23880 91.72240 91.75320 107.55300 110.59100 111.08400 111.05100 108.79600 109.49600 109.79400 110.00200 113.77300 110.69300 112.94200 118.02100 121.49800
-9999 -9999 -9999 -9999 -9999 -9999 -9999 -9999 -9999 -9999 -9999 -9999 76.57630 75.63270 76.28250 76.44650 76.42140 111.65100 111.94700 78.89240 79.70110 86.72850 86.41190 87.39560 91.76560 85.10740 81.66080 87.76090 80.74790 79.51810 79.15380 112.04400 111.58000 110.46400 112.20500 76.60030 76.66350 77.03360 76.75200 80.53870 112.32000 84.83070 84.40680 98.62330 84.82250 85.18460 84.22840 84.00660 81.24780 83.80240 81.80440 77.94000 77.15000 91.73500 91.55530 108.42700 111.87200 107.83300 74.71290 110.50400 109.85400 78.96980 78.97620 95.15440 112.27100 110.81500 112.18700 113.87300 117.34500 119.73800
-9999 -9999 -9999 -9999 -9999 -9999 -9999 -9999 -9999 -9999 -9999 -9999 76.16610 74.59740 110.56500 110.35100 110.95700 77.53400 80.24510 82.82520 84.34040 87.89270 86.51980 89.77070 89.35630 89.84770 84.94800 80.54060 82.18210 79.24010 77.72110 110.17100 78.31150 79.90180 76.99450 75.46250 77.24760 78.61130 77.47740 81.18610 87.52450 93.05130 90.70630 90.23340 92.07430 94.96090 94.52240 96.24120 93.90990 86.39110 82.90400 82.39020 78.72220 79.07510 78.48950 77.13510 76.94660 77.41770 77.93970 112.55100 79.66750 83.26020 82.47970 79.33580 112.28200 112.76700 113.75300 114.83800 121.11400 121.72200
-9999 -9999 -9999 77.50540 78.23020 77.36670 75.56960 76.15340 77.17830 -9999 77.54350 111.84800 111.01100 74.61700 75.13640 75.23550 76.93190 77.94420 82.00110 84.69530 84.46430 84.93260 85.94900 86.70410 86.08350 85.82110 82.62640 84.75310 83.88400 89.06380 80.73340 77.39180 77.02000 83.81550 78.81670 57.38370 78.40910 80.57120 82.18650 83.31460 86.27160 92.32220 93.12830 93.60010 97.32620 100.56200 107.91100 96.29880 95.12220 93.54850 91.45620 91.67710 92.72620 97.09860 92.00310 99.79460 101.61600 84.14710 87.35720 81.93540 112.63100 86.06830 86.88520 89.28760 87.89010 87.61540 92.66070 100.68600 106.84100 113.16200
-9999 -9999 -9999 78.09990 77.94040 78.22330 78.00470 78.15510 76.73510 110.16300 111.49800 110.39100 77.21310 74.69880 77.70240 79.32540 81.38570 80.87340 82.48780 82.97050 83.15330 87.80770 84.92160 84.65920 86.44210 86.15320 85.84320 84.14770 87.05120 92.50310 63.18050 82.57760 82.31270 84.12270 83.27390 85.25630 83.47750 92.11150 83.40970 92.67630 93.39900 90.03330 93.85280 100.37800 102.23100 108.93200 114.91800 100.61800 103.09700 103.21800 105.22000 104.98300 106.94400 106.47400 96.67120 100.81600 92.71040 90.51010 94.67020 90.60230 90.39910 96.31610 97.57890 94.19640 99.19180 93.07800 96.46130 98.25580 109.34800 116.23600
-9999 -9999 -9999 76.29850 78.49940 78.24620 113.77900 112.92400 112.16700 111.89100 111.96400 111.68500 78.53350 79.71970 81.93300 77.25200 83.16850 82.05380 79.70930 80.89790 83.99640 88.29000 67.50410 89.11600 93.50480 89.86570 89.12990 88.92280 87.71590 97.00180 107.22500 102.16100 88.86250 86.77190 89.64900 89.01100 87.00010 86.05000 84.85770 90.46460 93.27000 93.19570 97.46180 103.55000 100.63400 103.88900 106.81400 104.32000 104.62300 116.61900 122.04700 107.08800 108.88700 106.71600 101.00900 98.68930 92.92420 90.33770 96.25990 97.12540 91.73630 92.49820 92.93860 101.24800 102.06400 103.40400 105.88500 111.80500 117.89800 128.20799
-9999 -9999 -9999 78.52750 76.20460 79.86410 111.68100 113.03300 111.43500 111.09000 111.46900 75.57480 79.23090 80.33380 79.73590 77.88680 83.19610 95.93960 93.33010 85.04100 90.65730 92.62200 104.72700 109.85900 98.42620 93.71030 89.38650 88.01140 103.85100 109.95300 104.23900 84.79420 92.49740 104.29800 105.25900 99.10460 89.67710 84.01690 89.09380 86.93230 89.68920 102.18700 110.55800 109.60300 101.97200 112.76400 117.32300 106.73400 116.78800 112.16400 119.80500 111.79700 109.57100 109.29400 107.73300 99.61910 95.73850 96.80590 100.67600 100.91200 102.91100 101.75100 99.36370 103.36800 105.03600 105.48600 115.16400 120.97300 134.12100 139.24500
-9999 -9999 -9999 77.04960 76.02500 80.35000 113.23800 112.64300 112.89300 111.93500 110.95100 110.48800 79.10670 83.61610 96.70090 95.08210 94.18790 91.16570 85.04980 82.78470 89.63180 96.68900 114.33500 93.28800 91.13500 89.34880 85.39260 85.40130 94.74480 104.61800 103.19800 99.00930 100.99800 97.90710 96.69280 96.73950 95.50100 88.82390 88.33060 91.20470 99.44360 107.31500 113.46300 114.62800 112.01800 113.61000 113.81600 111.28600 111.19200 117.72100 117.29200 104.60100 105.75100 112.58500 103.95100 109.28600 99.91180 96.78290 102.50400 118.11600 115.90300 110.64600 111.85900 116.90500 114.16200 107.54900 117.08500 124.52300 134.97800 134.36800
-9999 -9999 -9999 -9999 114.94200 115.70400 114.76300 116.37400 114.17900 111.93800 111.84800 79.33530 90.79470 81.86240 -9999 -9999 -9999 -9999 -9999 102.42600 112.97900 106.17800 112.75300 112.02800 102.44400 94.81570 87.85620 88.64280 94.41440 91.01050 94.13040 95.38860 97.13540 91.85930 86.43040 84.20230 88.41060 83.30450 87.03220 89.87500 88.56990 96.39620 107.08900 114.67600 114.74700 113.58300 114.35200 122.09000 116.99600 115.96700 113.56300 115.36200 109.28600 120.97500 120.71000 122.43500 123.39500 121.69600 112.58500 114.91900 124.21400 127.30100 124.48700 123.79100 122.36000 124.04100 124.69600 120.98300 117.31800 -9999
-9999 -9999 86.35810 116.32500 117.35600 115.70300 115.56200 118.31100 114.14900 113.15900 112.31200 79.94800 92.53270 -9999 -9999 -9999 -9999 -9999 122.11200 107.69500 111.81800 93.77980 92.73990 102.19400 109.14800 108.08500 93.49320 88.15600 90.00830 90.28080 90.65180 90.09030 90.16180 91.89230 90.62580 88.15990 88.66960 83.63180 86.44420 86.95680 91.78490 96.97370 103.39200 104.27700 102.32100 105.22500 108.68300 108.40100 104.89600 104.02000 104.49800 110.45600 123.14400 115.92700 119.52900 106.99600 112.43200 114.66100 115.15300 111.05700 113.90100 113.44300 116.47900 120.95300 120.34400 119.72900 117.71500 -9999 -9999 -9999
-9999 -9999 118.96500 118.71300 116.31100 115.87900 115.29200 118.34100 114.54700 114.21800 83.57350 85.11210 82.35700 -9999 -9999 -9999 -9999 88.60310 106.53300 92.20610 93.79430 91.65760 93.69040 99.68300 95.57640 86.82500 88.30760 87.63470 89.67040 87.89470 86.71380 91.02950 88.60060 89.87300 91.83740 88.84340 86.95730 84.47030 90.19180 99.60980 101.85300 106.29100 109.70800 106.69400 109.38300 106.19300 105.75900 106.46200 101.61400 102.92100 112.55700 112.29400 112.53700 110.58500 109.59700 95.85110 101.20900 113.10200 120.16600 116.40900 115.21900 122.53300 119.37600 113.22400 109.90900 -9999 -9999 -9999 -9999 -9999
-9999 -9999 120.06600 122.21400 120.23600 119.37300 117.16700 115.30900 115.11200 115.86400 86.10490 85.43710 75.82530 -9999 -9999 -9999 -9999 100.67300 97.03100 93.27440 94.08490 94.27930 95.12260 90.86610 92.25700 90.40400 89.86770 88.87570 90.07770 87.98940 89.73370 88.23990 90.45780 92.37850 92.00330 93.58100 96.13730 96.40050 97.86540 95.29830 101.93300 97.19670 99.64110 111.18700 110.64900 111.14200 110.73800 110.17800 105.92100 106.02300 102.94700 101.98000 101.72900 102.85500 108.52300 98.34730 95.96510 109.00600 112.18300 111.98100 105.97400 106.93600 106.69600 105.53400 109.94100 118.79800 111.36200 114.62900 109.47900 -9999
-9999 -9999 -9999 123.46600 121.84900 118.42000 114.84400 113.05100 86.24580 88.41610 81.13080 78.65860 -9999 -9999 -9999 -9999 93.42890 96.87470 91.25180 90.58130 93.31630 90.66540 92.37720 92.00250 91.82710 91.27620 93.09620 92.83120 93.40860 96.70730 94.64090 92.44340 91.84220 93.35170 94.95230 95.00600 92.27920 92.21070 90.85860 89.70280 95.22020 93.27040 129.99200 131.01500 128.83299 131.41701 112.16100 105.78500 104.48700 102.66200 109.02600 114.98600 114.79600 118.90300 125.22300 123.58300 124.05300 122.75700 123.84700 116.70700 113.05700 111.89100 120.71000 128.03900 122.88600 117.45100 113.73400 107.74600 103.22500 117.34000
-9999 -9999 -9999 -9999 122.39400 116.62400 113.61000 90.24930 92.04380 80.82860 79.99960 -9999 -9999 -9999 -9999 93.78310 91.25080 88.92950 118.49100 91.25860 88.95210 89.83470 91.52910 94.86110 93.52740 92.36420 92.89690 94.19560 94.30000 93.58480 94.87190 91.66910 90.94560 91.73220 97.43780 97.78250 97.70080 97.73090 95.88540 91.38580 92.27370 93.62920 97.15270 100.27100 103.13400 128.80000 129.63200 128.92200 125.23000 107.13200 99.36290 103.81600 110.14400 116.00900 113.88300 112.11600 118.34700 126.09600 130.83600 116.41300 124.16300 124.03300 121.22900 119.32900 120.45600 122.04900 108.87800 100.50200 103.35600 100.46500
-9999 -9999 -9999 -9999 -9999 -9999 97.11710 121.11200 80.37720 87.34590 83.31460 -9999 -9999 -9999 -9999 -9999 87.53790 88.05000 88.28350 90.48510 90.50670 82.68830 88.50140 93.67160 93.91040 90.76930 92.05090 137.29900 136.19800 133.25000 92.74980 90.98990 89.11190 95.26980 94.54570 95.86080 98.48430 99.47540 94.51770 96.68830 96.40780 102.43300 104.02400 97.55480 127.27000 127.66400 126.87000 130.63300 129.86000 128.62399 130.18300 127.92100 122.57000 129.09500 129.62900 127.69400 116.19000 122.92400 129.85500 117.50000 117.18700 120.76700 125.48800 123.75100 120.24200 118.96100 109.58900 95.65290 92.69560 94.99420
-9999 -9999 -9999 -9999 -9999 -9999 -9999 -9999 -9999 -9999 -9999 -9999 -9999 -9999 -9999 -9999 -9999 -9999 -9999 89.06700 89.36720 80.62690 88.54940 90.96270 93.10160 91.91820 118.94300 113.09900 111.34200 85.16980 91.91520 88.19570 90.50520 93.24340 95.16560 97.56490 97.34050 100.19900 99.51800 104.21400 107.19800 109.23500 107.23200 105.70100 104.75800 105.87100 100.06300 129.80200 128.52200 128.86800 129.45700 127.79700 131.66600 133.13699 110.34300 109.40800 106.82500 107.36000 111.15900 114.62600 127.29300 131.26900 119.52100 121.13900 118.26800 115.13500 104.12700 91.70180 89.96260 102.74300
-9999 -9999 -9999 -9999 -9999 -9999 -9999 -9999 -9999 -9999 -9999 -9999 -9999 -9999 -9999 -9999 -9999 -9999 91.69000 90.11370 88.01230 86.55160 88.97310 87.75250 85.16270 83.44620 113.96400 114.68900 85.07780 85.82750 87.26070 91.68120 94.85080 95.57100 95.80090 122.29500 98.49830 98.67140 102.08800 105.58200 108.08000 108.49000 108.71800 109.75100 109.33300 129.59900 103.89000 439.97101 589.68201 618.45300 622.67798 130.99100 129.38499 132.67500 135.25500 134.17000 110.34300 111.55500 122.56000 115.48600 124.31200 126.62600 120.65100 121.97800 132.05701 114.85600 100.73000 96.06470 120.50800 95.48050
-9999 -9999 -9999 -9999 -9999 -9999 -9999 -9999 -9999 -9999 -9999 -9999 -9999 -9999 -9999 -9999 -9999 93.67290 92.99460 87.50040 89.41420 88.21090 85.44180 82.51340 78.33020 76.41070 113.58400 110.52700 114.45700 114.82700 115.81100 116.80200 94.13740 117.38000 120.99400 126.76000 129.17599 103.66400 102.85500 107.99500 109.27600 128.33501 110.10000 128.23801 102.13700 100.09100 128.21800 605.99701 589.24799 605.56097 609.39502 129.91400 124.35900 131.16499 133.02600 135.46899 112.44100 112.79000 114.93800 113.94800 113.76400 124.73900 126.18700 130.97900 113.04600 109.91500 107.37000 95.28500 121.50800 122.86700
-9999 -9999 -9999 -9999 -9999 -9999 -9999 -9999 -9999 -9999 -9999 -9999 -9999 -9999 -9999 -9999 -9999 96.38850 93.77470 96.26400 93.34720 119.08600 114.75100 77.25840 73.33990 75.80410 74.00720 74.77370 74.56430 111.08300 114.76300 115.39800 116.39200 115.59000 121.04200 127.16800 131.55299 98.62190 104.85200 107.78000 105.31200 101.64900 126.51100 95.63590 121.64600 121.92100 121.72200 446.96701 444.69901 590.92200 612.04797 126.96700 128.94901 133.88200 134.65300 138.49699 135.31200 121.40800 115.49900 115.59500 114.86500 117.16700 116.65900 117.06100 119.89500 117.19900 112.12100 115.51900 125.06500 125.54300
-9999 -9999 -9999 -9999 -9999 -9999 -9999 -9999 -9999 -9999 -9999 -9999 -9999 -9999 -9999 -9999 99.84180 100.91300 98.23870 94.92370 116.49400 80.14650 78.87030 76.43240 74.03910 73.82090 73.40770 74.21610 74.43470 74.19650 74.28410 74.71870 110.26300 114.15200 116.18200 120.61400 122.07300 125.10700 102.08500 101.72900 97.50000 100.30900 129.54500 121.84000 91.81070 120.55100 122.09300 456.70001 447.71301 589.18201 602.96899 127.30800 130.09100 132.02400 132.30800 136.97600 141.73000 137.31300 127.96800 115.42600 112.98600 118.98400 123.44600 142.32100 142.39999 145.46600 138.02000 136.12100 131.28400 127.62000
-9999 -9999 -9999 -9999 -9999 -9999 -9999 -9999 -9999 -9999 -9999 -9999 -9999 96.57780 95.01770 93.96170 94.06240 99.95670 121.71000 113.69300 79.96760 82.16640 79.03860 78.06650 76.92890 73.81300 73.78840 365.09000 364.61700 364.25699 546.60602 550.18597 363.76501 366.40100 554.82599 561.43500 577.12000 571.40997 444.03101 438.99799 432.79199 590.00403 581.94598 404.31799 582.89502 586.40399 594.57098 600.78802 608.31201 612.25800 610.53400 605.79602 595.44098 591.71002 610.63501 636.64801 639.76398 630.91498 553.23199 568.06299 585.42499 679.87402 695.48999 725.31799 700.40601 683.99799 669.88898 134.18500 133.58099 136.25000
-9999 -9999 -9999 -9999 -9999 -9999 -9999 -9999 -9999 -9999 -9999 -9999 89.96700 92.76700 119.51800 117.97300 118.12300 83.81150 82.13650 77.41380 77.41160 76.07190 74.97600 76.22420 74.96350 71.90530 71.41510 362.03000 541.05798 544.34601 538.33502 543.94397 548.76300 542.31897 555.28497 553.37799 381.46701 397.86801 437.22699 427.27100 423.59698 415.61200 584.04498 579.64398 580.13202 588.33197 591.81897 597.01001 607.27600 612.27802 606.32202 450.67700 605.09497 452.48199 594.07800 601.01001 631.23401 577.93500 580.80402 671.22900 673.03400 684.89301 690.50800 704.05701 711.60303 697.98700 708.89899 136.17101 139.98100 125.84300
-9999 -9999 -9999 -9999 -9999 -9999 -9999 -9999 -9999 -9999 -9999 121.08000 86.48140 117.30700 82.08710 78.40220 77.22220 76.46540 77.53630 75.96420 74.71420 73.65460 74.15440 74.33000 73.74350 72.16300 111.18800 536.48401 542.10999 544.08502 538.75702 363.98199 366.02301 369.86401 362.82001 554.23499 403.91400 423.01501 433.98599 421.82401 410.46799 584.24298 575.18701 575.10999 581.07501 581.03802 583.01501 589.94397 593.87402 606.44397 624.50800 510.42599 489.11301 627.69202 508.04001 480.69901 620.44000 515.47900 527.67603 625.73102 646.34302 639.10400 636.80298 643.62402 673.94598 683.19598 682.44299 142.28101 126.85800 122.93400
-9999 -9999 -9999 -9999 -9999 -9999 -9999 -9999 -9999 -9999 81.78470 82.25570 77.41580 79.43820 77.35740 74.95170 74.03740 73.93600 74.27680 73.38310 73.29750 72.25240 72.90810 73.32420 72.40790 71.88890 71.47720 542.54602 539.94299 349.41000 349.41901 362.78400 362.09000 547.44397 551.38202 554.37402 412.76999 429.60501 445.17700 418.96500 585.46899 572.37000 568.95898 575.27002 579.45300 586.32001 584.07202 590.50598 591.62799 603.80103 623.00800 524.24799 635.76001 514.90503 506.04999 488.93301 633.04700 647.03400 618.54700 615.14600 625.34100 633.07098 630.09698 653.23297 667.06897 686.13501 715.92603 141.82401 130.01801 123.39100
-9999 -9999 -9999 -9999 -9999 -9999 -9999 -9999 -9999 146.16600 145.00301 145.73900 148.12000 147.96001 147.21100 146.58701 145.20500 143.62199 141.79800 141.66200 141.86600 142.99500 144.59100 143.72900 142.36301 142.22600 141.34300 141.08000 140.59000 140.64301 140.69299 350.11899 360.51700 366.10001 553.08301 569.71301 445.93600 439.48099 423.41199 579.02899 572.52100 565.86603 564.33502 730.94397 568.32397 745.42798 581.05103 590.81299 596.52899 602.41699 621.17200 640.67603 523.33197 670.98102 591.74200 622.27698 609.96899 600.00403 599.28998 609.13000 621.58801 637.27600 629.72803 650.20398 638.82001 650.64398 682.33801 268.24600 246.73000 245.20900
-9999 -9999 -9999 -9999 -9999 -9999 -9999 -9999 -9999 -9999 142.92799 142.42500 143.23000 141.74800 140.67101 142.06500 142.37700 141.33501 140.49899 141.26300 141.69400 141.62700 142.28500 -9999 -9999 -9999 -9999 -9999 -9999 144.98700 146.01700 359.62500 360.22800 364.91199 368.93399 569.37097 592.60699 416.30701 408.56601 569.90802 574.05603 571.21503 577.30402 735.87201 731.36200 739.33899 744.06897 588.68903 604.04303 609.48102 616.71600 473.56500 516.56799 575.69897 674.03302 615.40198 599.51703 601.97302 599.08197 607.75403 622.58099 611.86902 514.17102 627.97699 675.37500 676.09003 681.27197 259.90201 261.11499 268.94501
-9999 -9999 -9999 -9999 -9999 -9999 -9999 -9999 -9999 -9999 -9999 -9999 141.15500 140.47701 140.75999 139.32800 139.36600 140.22900 140.44901 -9999 -9999 -9999 -9999 -9999 -9999 -9999 -9999 -9999 -9999 -9999 -9999 -9999 -9999 364.45901 543.99799 559.71301 579.80200 566.32800 389.92099 391.89899 574.71899 570.40302 572.85303 573.03900 574.94202 734.67700 742.93903 583.26898 591.63501 597.96899 609.85303 644.11102 652.36902 647.23297 637.27502 605.76501 608.79303 588.57898 429.20599 606.16302 624.90802 617.59302 644.40399 628.61298 657.46301 670.55499 636.30902 238.48900 248.26401 261.69199
-9999 -9999 -9999 -9999 -9999 -9999 -9999 -9999 -9999 -9999 -9999 -9999 -9999 -9999 -9999 -9999 -9999 -9999 -9999 -9999 -9999 -9999 -9999 -9999 -9999 -9999 -9999 -9999 -9999 -9999 -9999 -9999 -9999 -9999 548.11499 557.84100 559.86902 564.99701 379.87201 568.34900 567.56702 569.86902 729.50403 579.14801 743.09198 742.41199 600.60199 577.31500 590.12799 592.30499 603.13300 637.93903 643.48499 638.01202 627.91199 601.02197 586.47803 614.94897 589.31702 589.59698 605.57800 626.03900 614.70502 631.00500 644.35999 637.11499 671.89801 247.98399 260.50699 276.73300
