data/hydroclimate-scenarios/1948-2000.Pcorr55N_Pref_Tref/monthly_summaries/soilm3_monthly_day1_jan.asc
ncols	311
nrows	91
xllcenter	102.75
yllcenter	31.75
cellsize	0.5
NODATA_value	-9999
[rows 0 to 31 of 91, columns 213 to 283 of 311]
-9999 -9999 -9999 -9999 -9999 -9999 -9999 -9999 -9999 -9999 -9999 -9999 -9999 -9999 -9999 -9999 -9999 -9999 -9999 -9999 -9999 -9999 -9999 -9999 -9999 -9999 -9999 -9999 -9999 -9999 -9999 -9999 -9999 -9999 -9999 -9999 -9999 -9999 -9999 -9999 -9999 -9999 -9999 -9999 -9999 -9999 -9999 -9999 -9999 -9999 -9999 -9999 -9999 -9999 -9999 -9999 -9999 -9999 -9999 -9999 -9999 -9999 -9999 -9999 -9999 -9999 -9999 -9999 -9999 -9999 -9999
-9999 -9999 -9999 -9999 -9999 -9999 -9999 -9999 -9999 -9999 -9999 -9999 -9999 -9999 -9999 -9999 -9999 -9999 -9999 -9999 -9999 -9999 -9999 -9999 -9999 -9999 -9999 -9999 -9999 -9999 -9999 -9999 -9999 -9999 -9999 -9999 -9999 -9999 -9999 -9999 -9999 -9999 -9999 -9999 -9999 -9999 -9999 -9999 -9999 -9999 -9999 -9999 -9999 -9999 -9999 -9999 -9999 -9999 -9999 -9999 -9999 -9999 -9999 -9999 -9999 -9999 -9999 -9999 -9999 -9999 -9999
-9999 -9999 -9999 -9999 -9999 -9999 -9999 -9999 -9999 -9999 -9999 -9999 -9999 -9999 -9999 -9999 -9999 -9999 -9999 -9999 -9999 -9999 -9999 -9999 -9999 -9999 -9999 -9999 -9999 -9999 -9999 -9999 -9999 -9999 -9999 -9999 -9999 -9999 -9999 -9999 -9999 -9999 -9999 -9999 -9999 -9999 -9999 -9999 -9999 -9999 -9999 -9999 -9999 -9999 -9999 -9999 -9999 -9999 -9999 -9999 -9999 -9999 -9999 -9999 -9999 -9999 -9999 -9999 -9999 -9999 -9999
-9999 -9999 -9999 -9999 -9999 -9999 -9999 -9999 -9999 -9999 -9999 -9999 -9999 -9999 -9999 -9999 -9999 -9999 -9999 -9999 -9999 -9999 -9999 -9999 -9999 -9999 -9999 -9999 -9999 -9999 -9999 -9999 -9999 -9999 -9999 -9999 -9999 -9999 -9999 -9999 -9999 -9999 -9999 -9999 -9999 -9999 -9999 -9999 -9999 -9999 -9999 -9999 -9999 -9999 -9999 -9999 -9999 -9999 -9999 -9999 -9999 -9999 -9999 -9999 -9999 -9999 -9999 -9999 -9999 -9999 -9999
-9999 -9999 -9999 -9999 -9999 -9999 -9999 -9999 -9999 -9999 -9999 -9999 -9999 -9999 -9999 -9999 -9999 -9999 -9999 -9999 -9999 -9999 -9999 -9999 -9999 -9999 -9999 -9999 -9999 -9999 -9999 -9999 -9999 -9999 -9999 -9999 -9999 -9999 -9999 -9999 -9999 -9999 -9999 -9999 -9999 -9999 -9999 -9999 -9999 -9999 -9999 -9999 -9999 -9999 -9999 -9999 -9999 -9999 -9999 -9999 -9999 -9999 -9999 -9999 -9999 -9999 -9999 -9999 -9999 -9999 -9999
-9999 -9999 -9999 -9999 -9999 -9999 -9999 -9999 -9999 -9999 -9999 -9999 -9999 -9999 -9999 -9999 -9999 -9999 -9999 -9999 -9999 -9999 -9999 -9999 -9999 -9999 -9999 -9999 -9999 -9999 -9999 -9999 -9999 -9999 -9999 -9999 -9999 -9999 -9999 -9999 -9999 -9999 -9999 -9999 -9999 -9999 -9999 -9999 -9999 -9999 -9999 -9999 -9999 -9999 -9999 -9999 -9999 -9999 -9999 -9999 -9999 -9999 -9999 -9999 -9999 -9999 -9999 -9999 -9999 -9999 -9999
-9999 -9999 -9999 -9999 -9999 -9999 -9999 -9999 -9999 -9999 -9999 -9999 -9999 -9999 -9999 -9999 -9999 -9999 -9999 -9999 -9999 -9999 -9999 -9999 -9999 -9999 -9999 -9999 -9999 -9999 -9999 -9999 -9999 -9999 -9999 -9999 -9999 -9999 -9999 -9999 -9999 -9999 -9999 -9999 -9999 -9999 -9999 -9999 -9999 -9999 -9999 -9999 -9999 -9999 -9999 -9999 -9999 -9999 -9999 -9999 -9999 -9999 -9999 -9999 -9999 -9999 -9999 -9999 -9999 -9999 -9999
-9999 -9999 -9999 -9999 -9999 -9999 -9999 -9999 -9999 -9999 -9999 -9999 -9999 -9999 -9999 -9999 -9999 -9999 -9999 -9999 -9999 -9999 -9999 -9999 -9999 -9999 -9999 -9999 -9999 -9999 -9999 -9999 -9999 -9999 -9999 -9999 -9999 -9999 -9999 -9999 -9999 -9999 -9999 -9999 -9999 -9999 -9999 -9999 -9999 -9999 -9999 -9999 -9999 -9999 -9999 -9999 -9999 -9999 -9999 -9999 -9999 -9999 -9999 -9999 -9999 -9999 -9999 -9999 -9999 -9999 -9999
-9999 -9999 -9999 -9999 -9999 -9999 -9999 -9999 -9999 -9999 -9999 -9999 -9999 -9999 -9999 -9999 -9999 -9999 -9999 -9999 -9999 -9999 -9999 -9999 -9999 -9999 -9999 -9999 -9999 -9999 -9999 -9999 -9999 -9999 -9999 -9999 -9999 -9999 -9999 -9999 -9999 -9999 -9999 -9999 -9999 -9999 -9999 -9999 -9999 -9999 -9999 -9999 -9999 -9999 -9999 -9999 -9999 -9999 -9999 -9999 -9999 -9999 -9999 -9999 -9999 -9999 -9999 -9999 -9999 -9999 -9999
-9999 -9999 -9999 -9999 -9999 -9999 -9999 -9999 -9999 -9999 -9999 -9999 -9999 -9999 -9999 -9999 -9999 -9999 -9999 -9999 -9999 -9999 -9999 -9999 -9999 -9999 -9999 -9999 -9999 -9999 -9999 -9999 -9999 -9999 -9999 -9999 -9999 -9999 -9999 -9999 -9999 -9999 -9999 -9999 -9999 -9999 -9999 -9999 -9999 -9999 -9999 -9999 -9999 -9999 -9999 -9999 -9999 -9999 -9999 -9999 -9999 -9999 -9999 -9999 -9999 -9999 -9999 -9999 -9999 -9999 -9999
-9999 -9999 -9999 -9999 -9999 -9999 -9999 -9999 -9999 -9999 -9999 -9999 -9999 -9999 -9999 -9999 -9999 -9999 -9999 -9999 -9999 -9999 -9999 -9999 -9999 -9999 -9999 -9999 -9999 -9999 -9999 -9999 -9999 -9999 -9999 -9999 -9999 -9999 -9999 -9999 -9999 -9999 -9999 -9999 -9999 -9999 -9999 -9999 -9999 -9999 -9999 -9999 -9999 -9999 -9999 -9999 -9999 -9999 -9999 -9999 -9999 -9999 -9999 -9999 -9999 -9999 -9999 -9999 -9999 -9999 -9999
-9999 -9999 -9999 -9999 -9999 -9999 -9999 -9999 -9999 -9999 -9999 -9999 -9999 -9999 -9999 -9999 -9999 -9999 -9999 -9999 -9999 -9999 -9999 -9999 -9999 -9999 -9999 -9999 -9999 -9999 -9999 -9999 -9999 -9999 -9999 -9999 -9999 -9999 -9999 -9999 -9999 -9999 -9999 -9999 -9999 -9999 -9999 -9999 -9999 -9999 -9999 -9999 -9999 -9999 -9999 -9999 -9999 -9999 -9999 -9999 -9999 -9999 -9999 -9999 -9999 -9999 -9999 -9999 -9999 -9999 -9999
-9999 -9999 -9999 -9999 -9999 -9999 -9999 -9999 -9999 -9999 -9999 -9999 -9999 -9999 -9999 -9999 -9999 -9999 -9999 -9999 -9999 -9999 -9999 -9999 -9999 -9999 -9999 -9999 -9999 -9999 -9999 -9999 -9999 -9999 -9999 -9999 -9999 -9999 -9999 -9999 -9999 -9999 -9999 -9999 -9999 -9999 -9999 -9999 -9999 -9999 -9999 -9999 -9999 -9999 -9999 -9999 -9999 -9999 -9999 -9999 -9999 -9999 -9999 -9999 -9999 -9999 -9999 -9999 -9999 -9999 -9999
19.13880 19.13000 19.43730 19.54000 19.12670 19.34520 -9999 -9999 -9999 -9999 -9999 -9999 -9999 -9999 -9999 -9999 -9999 -9999 -9999 -9999 -9999 -9999 -9999 -9999 -9999 -9999 -9999 -9999 -9999 -9999 -9999 -9999 -9999 -9999 -9999 -9999 -9999 -9999 -9999 -9999 -9999 -9999 -9999 -9999 -9999 -9999 -9999 22.04330 -9999 -9999 -9999 -9999 -9999 -9999 -9999 -9999 -9999 -9999 -9999 -9999 -9999 -9999 -9999 -9999 -9999 -9999 -9999 -9999 -9999 -9999 -9999
19.10290 19.10700 19.11610 19.12000 19.11800 19.42200 19.70740 20.30870 20.92110 21.36280 22.27530 23.55730 23.37060 22.24780 22.03580 22.52400 22.73920 22.60840 24.54840 -9999 -9999 -9999 -9999 -9999 -9999 -9999 -9999 -9999 -9999 -9999 -9999 -9999 -9999 -9999 -9999 -9999 -9999 -9999 -9999 -9999 -9999 -9999 21.32930 20.71290 19.74100 19.16300 19.27220 19.40960 20.07670 -9999 -9999 -9999 19.94310 -9999 -9999 -9999 19.87550 19.98930 20.11220 -9999 -9999 -9999 -9999 -9999 -9999 -9999 -9999 -9999 -9999 -9999 -9999
20.90610 21.50890 22.10300 22.60650 23.30620 23.30750 23.30160 23.31000 23.37140 23.48540 23.52900 23.95030 23.99530 24.29440 24.40660 24.22400 24.06500 23.98870 23.61460 23.55590 23.51870 23.60230 23.71620 23.75720 23.54380 -9999 -9999 -9999 -9999 -9999 18.70920 18.25960 18.25870 20.51640 21.94460 21.26740 20.95070 20.18290 19.94200 19.82090 19.58350 19.11120 19.14000 19.16990 19.24990 19.26730 19.50780 19.61120 19.40570 19.49830 19.61700 19.75150 19.89440 19.94320 19.85450 19.88800 20.06740 20.29490 20.90740 20.86480 20.54930 20.25040 20.35550 20.07980 -9999 -9999 -9999 -9999 -9999 -9999 -9999
23.42100 23.51210 23.57610 23.75110 23.58160 23.69970 23.79800 23.54300 22.66560 21.81390 21.12760 132.80800 132.47600 133.02699 132.53101 132.63901 132.03300 19.58860 19.34940 19.81390 21.93080 22.44270 22.66470 22.90570 23.01200 22.94290 22.70690 22.73380 22.81680 22.70710 22.26160 18.43890 18.27640 18.27290 18.88570 19.12540 19.13130 19.11930 19.11500 19.11470 19.11310 19.11560 19.14200 19.18730 19.25370 19.26460 19.30970 19.31500 19.36720 19.39310 19.51140 19.62570 19.71360 19.77470 19.84810 19.82730 19.82450 19.90560 19.96540 19.98110 20.02790 20.10240 20.27880 20.60800 20.33690 20.28930 20.05260 20.02630 20.03560 20.05770 19.96440
24.20940 23.85970 23.56360 22.86680 22.09420 133.20200 132.43201 132.03799 132.06200 131.69800 131.50999 131.50301 131.59801 131.52100 131.50101 131.50000 131.50000 131.50000 131.64600 131.68800 131.76801 131.84399 132.00400 132.26801 129.84399 130.06900 24.24250 130.32899 22.86770 22.99880 24.85750 20.48910 18.27380 18.67660 19.12150 19.12320 19.14130 19.13880 19.14120 19.13150 19.11730 19.12160 19.15230 19.14990 19.15260 19.17260 19.20180 19.21720 19.23530 19.22910 19.28650 19.36860 19.45180 19.64320 19.66630 19.69440 19.72330 19.69500 19.78060 19.75270 19.80110 19.81690 20.13710 20.26580 19.92020 19.97780 19.95330 20.08070 20.15360 20.18380 20.16400
132.58099 132.56200 132.10201 132.36900 132.47800 131.73801 131.60201 131.52901 131.50200 131.50200 131.50500 131.50900 131.50000 131.50301 131.50101 131.50301 131.50400 131.50200 131.56599 131.53900 131.75400 131.97200 132.38200 130.19400 129.91400 129.92999 131.86600 132.03000 131.91701 22.78170 24.48650 23.75160 19.97280 17.93340 17.93260 17.93330 17.93620 17.95030 17.93740 17.93830 17.93150 17.93300 17.93380 17.93570 17.93820 17.96460 18.05820 18.05880 18.01550 18.46590 19.23080 19.29040 19.35980 19.38490 19.46280 19.56640 19.57800 19.66430 19.63460 19.61450 19.57830 18.48060 18.92120 19.20680 19.09540 19.24870 19.47480 19.95740 19.92830 19.93490 20.60210
132.64101 133.03000 133.24400 132.38200 132.04300 131.88600 131.57201 131.57800 131.52499 131.50400 131.50400 131.50200 131.50301 131.50101 131.50200 131.50101 131.50101 131.50200 131.99500 131.98801 131.76100 131.98100 131.70700 130.16901 129.88699 129.87601 129.79100 130.03999 131.79601 130.24200 22.67830 24.02640 23.21210 18.22430 19.09700 18.99100 19.10730 19.10300 19.09230 19.16090 19.20670 19.12810 19.09040 19.08940 18.90350 19.04050 18.97590 19.09200 19.22080 19.32600 19.47600 18.41210 18.55370 18.60950 18.02870 18.05710 18.12320 18.20060 18.38780 18.75290 18.68930 20.09030 20.22900 20.21180 19.98370 20.08140 20.42830 19.39800 21.42550 22.58390 22.97420
132.80901 134.40100 134.22301 132.74699 131.93401 131.58800 131.51401 131.50400 131.50000 131.50000 131.50101 131.50101 131.50000 131.50000 131.50000 131.50200 131.50800 131.50900 131.59599 131.54201 131.51801 131.53500 131.54900 131.53200 129.80099 129.84500 129.93300 129.93900 129.87399 129.87300 23.38350 22.82060 24.67180 24.86860 24.81710 21.79320 19.46460 18.75620 18.22330 18.21960 19.59110 19.48860 19.25860 19.12360 18.93510 18.99810 19.07920 19.12680 19.33120 19.40630 19.47980 19.52910 19.56120 19.54870 19.47650 19.47450 19.34320 19.36650 19.52240 19.44510 18.56090 19.96380 19.58600 19.73470 19.69290 19.79620 20.51380 22.28350 22.24670 22.34770 22.64810
132.69600 132.09500 131.65401 131.50200 131.50200 131.50101 131.50101 131.50101 131.50101 131.50000 131.50101 131.50000 131.50000 131.50000 131.50000 131.50000 131.50101 131.50101 131.67900 131.62300 131.50500 131.50301 131.50000 131.50101 131.50101 131.54201 129.82500 130.12399 129.84000 129.83600 24.83400 24.79310 24.84840 24.87840 24.85850 24.81350 24.80650 24.79540 24.83570 24.83930 24.69450 23.51070 23.71740 23.72550 20.98140 22.70560 23.22150 22.05780 19.85880 19.71380 19.81490 19.51670 19.56300 19.53240 19.52440 19.53230 19.25270 19.22150 19.28260 19.53290 20.20430 19.68150 19.58240 19.69150 19.65550 19.41240 21.74920 21.93390 21.84940 22.05080 22.30500
132.51100 131.66499 131.51900 131.52100 131.65199 132.18300 133.86099 134.04401 133.06000 132.21001 131.74400 131.54800 131.51401 131.50000 131.50200 131.50600 131.56599 131.51199 131.63800 131.67500 131.50000 131.50000 131.50000 131.50000 131.50000 23.30330 23.30390 23.30800 23.30450 23.84280 24.07540 24.52710 24.48640 24.00960 23.92750 23.61290 23.61210 23.61380 23.94230 23.67560 23.89010 23.89230 23.76910 23.16390 24.41970 24.32270 24.10460 24.11390 24.34960 24.45890 23.26780 22.51500 20.29500 19.98720 19.42250 19.30090 19.32170 19.64090 19.60570 20.26560 20.32390 19.50720 19.27710 19.27250 19.13550 19.02640 21.74110 21.76420 21.86380 22.00540 22.05440
132.35699 132.25999 132.45399 132.11800 131.75400 132.38600 133.82401 133.80000 133.09300 133.00301 132.73199 132.67200 132.49200 132.14999 132.08099 131.63499 131.51801 131.50500 131.71001 131.73000 131.52000 131.50000 23.30000 23.30010 23.30050 23.30040 23.30110 23.30440 23.30680 23.31050 23.33660 23.30510 23.30700 23.30750 23.32690 23.34650 23.34580 23.38300 23.35050 23.36060 23.44920 23.47300 23.49400 23.54300 23.60380 23.68490 23.64830 23.48440 23.97600 25.11860 24.54000 24.39030 24.10720 23.13920 19.81450 19.33680 19.35860 20.24450 19.82320 19.66890 19.50940 19.27810 19.07760 19.10520 19.01710 19.05890 19.80210 21.69110 21.73250 21.74770 21.78370
131.77200 131.81400 131.96500 131.93800 131.89101 131.78700 131.62399 131.76801 132.79100 132.63100 132.55299 132.57800 133.14500 133.02100 132.80901 132.34900 131.74699 131.50200 131.50301 131.71899 131.81000 131.76601 131.75600 131.79900 21.60070 22.60010 23.30040 23.40060 23.40510 23.51310 23.61510 23.76680 23.86420 23.81480 23.71460 23.62920 23.70280 23.67330 23.58080 23.54130 23.82750 23.79250 23.72820 23.85280 24.16290 24.22230 24.05710 24.13610 23.78780 23.81590 23.87320 23.50350 24.19770 23.64620 23.23270 19.05270 19.11320 19.32910 19.19750 19.17290 19.27580 19.28590 19.08080 18.89640 18.91150 19.01790 19.26890 19.63650 21.68270 21.68050 21.67660
131.63100 131.64400 131.61600 131.67200 132.12700 131.92799 132.43300 132.55099 132.36000 131.92700 131.90601 132.09399 132.55600 133.21899 133.63200 131.69501 131.51199 131.50301 131.50700 131.50600 131.50600 131.51900 131.50500 131.53200 131.52100 131.71100 131.50600 131.50000 23.00150 131.50200 131.50301 131.50400 131.50600 131.50400 131.50900 131.51801 23.94580 23.61970 131.64000 132.00200 23.75820 23.88780 23.82730 24.05460 24.20560 24.50290 24.48770 24.14270 23.91510 23.91290 23.93830 23.84890 23.30640 24.23970 23.71500 23.33760 19.41370 19.13830 19.14940 19.18240 19.21660 19.22580 19.05010 18.88240 18.83440 18.88570 19.33730 19.20550 18.96190 21.65070 21.64440
133.41299 133.64600 133.80800 133.78500 133.18800 135.42200 135.46800 135.29601 135.83000 136.39301 136.18201 136.28200 134.24800 132.11301 132.03900 131.56700 131.51700 131.50101 131.56500 131.50400 131.51100 131.51900 131.52000 131.52800 131.50301 131.50301 131.50600 131.50800 131.51401 131.51801 131.51300 131.50800 131.50600 131.50700 131.50800 131.51300 131.53000 131.54300 131.62500 131.79100 131.95200 131.89700 24.28310 24.81710 24.78120 24.74400 24.60960 24.74190 24.35420 24.15440 24.08370 24.10180 23.74290 23.38350 24.57090 23.19730 19.73840 19.70140 19.67150 19.78930 19.44950 19.47220 19.27870 19.17150 19.18950 19.13820 19.06270 18.93190 19.00020 19.02420 21.61760
135.02100 25.34130 23.85590 22.32320 135.58099 135.45200 22.09130 22.39280 22.80190 22.90200 136.82300 22.65170 24.56370 138.29300 137.45799 132.43100 131.50800 131.50600 132.14000 131.86800 131.68600 131.82201 131.63200 131.64799 131.50200 131.50200 131.50200 131.50600 131.50700 131.50900 131.50900 131.50301 131.50200 131.50101 131.50101 131.50800 131.53300 131.56000 131.64700 131.77800 131.80099 132.21700 25.03480 24.97100 25.13320 25.61120 25.86170 25.63190 24.72540 24.36640 24.33580 24.15810 23.99500 23.88330 25.26870 23.52910 21.14030 19.83760 20.02860 19.94980 19.68540 19.89040 19.67480 19.41200 19.21610 19.12650 18.97710 19.04280 19.26630 19.32560 22.10360
24.52320 25.35160 24.94630 25.71150 26.79430 26.45670 25.66950 23.02570 20.90660 20.57590 20.92600 20.87280 22.77550 25.48590 26.32140 134.83900 133.70300 131.50900 134.00301 133.52200 133.18300 132.87100 132.40300 131.75101 131.50101 131.50101 131.50200 131.50301 131.50301 131.50600 131.51601 131.50400 131.50200 131.50101 131.50000 131.50200 131.52400 131.57800 131.63499 131.74100 131.99699 132.10500 25.35830 25.48200 25.56090 26.09880 26.54590 26.53510 26.27850 26.15240 25.27500 24.73620 24.36220 24.19720 25.51630 23.85240 20.09130 20.66680 20.67010 20.55630 18.51600 18.48880 18.47020 18.42960 18.29960 19.44170 19.35140 19.74710 18.96890 20.55240 20.86580
25.89540 25.71350 25.32040 24.97890 24.28110 26.45930 26.33990 25.68570 23.09840 20.33800 19.02110 19.21100 24.92370 26.26530 26.64750 136.68300 138.41200 136.40601 136.67599 135.77299 135.88400 138.29601 135.73000 132.74300 131.60800 131.51199 131.50400 131.50000 131.50101 131.50600 131.50301 131.50101 131.50000 131.50200 131.50101 131.50700 131.54500 131.57201 131.64700 131.81000 132.08600 132.37399 132.93201 26.80670 25.98220 26.99380 27.34570 27.00790 27.15480 26.63760 26.05560 25.27090 24.62620 25.07160 24.51170 23.40230 22.47070 21.85630 21.38320 23.95860 22.38770 21.34010 20.77440 19.82890 18.41430 18.36020 19.56290 20.49080 21.11890 21.29130 21.54570
24.64600 23.54870 24.36490 26.01580 27.00270 26.29150 26.56470 26.89630 27.80180 26.94470 25.32760 23.96560 25.79500 29.44170 33.23220 141.75301 32.78960 32.01680 138.49600 138.36000 138.00301 139.13699 137.47701 133.36501 131.96800 131.60400 131.53300 131.54700 131.51500 131.53101 131.51100 131.50400 131.50301 131.50200 131.53900 131.59300 131.57800 131.70300 131.90401 132.13200 132.56200 26.68830 29.07070 29.19030 27.27310 28.43440 28.04110 27.40540 27.23970 26.63230 26.37240 25.86750 25.21890 25.61880 26.12930 23.52460 23.73470 22.75760 23.12590 22.88320 22.77980 24.23190 23.34940 22.91550 23.41410 23.30430 23.55060 23.63940 25.16430 23.54200 23.56770
27.88290 -9999 26.43450 29.33760 29.87810 30.14370 -9999 30.01500 28.33920 26.29420 25.65320 27.12730 30.90140 30.27510 30.45240 30.66580 29.62660 32.49420 34.66850 32.56580 140.10699 138.89101 140.91299 139.36900 136.64200 132.78500 24.15670 23.90520 23.96770 131.67200 131.61200 131.53799 131.50500 131.50900 131.54700 131.56700 131.70599 131.77699 131.87900 25.10820 25.54670 25.71570 31.23330 30.08600 27.53360 28.01390 27.97670 27.46130 27.84820 28.14000 28.31030 27.75870 27.32870 26.39330 25.96660 23.31390 23.21220 22.56980 22.05310 21.98760 21.58820 21.05170 20.80250 20.40900 20.07100 19.79610 19.75130 20.68410 21.46240 22.64430 22.81600
