data/hydroclimate-scenarios/1948-2000.Pcorr55N_Pref_Tref/monthly_summaries/soilm1_monthly_day1_jul.asc
ncols	311
nrows	91
xllcenter	102.75
yllcenter	31.75
cellsize	0.5
NODATA_value	-9999
[rows 0 to 31 of 91, columns 71 to 141 of 311]
-9999 -9999 -9999 -9999 -9999 -9999 -9999 -9999 -9999 -9999 -9999 -9999 -9999 -9999 -9999 -9999 -9999 -9999 -9999 -9999 -9999 -9999 -9999 -9999 -9999 -9999 -9999 -9999 -9999 -9999 -9999 -9999 -9999 -9999 -9999 -9999 -9999 -9999 -9999 -9999 -9999 -9999 -9999 -9999 -9999 -9999 -9999 -9999 -9999 -9999 -9999 -9999 -9999 -9999 -9999 -9999 -9999 -9999 -9999 -9999 -9999 -9999 -9999 -9999 -9999 -9999 -9999 -9999 -9999 -9999 -9999
-9999 -9999 -9999 -9999 -9999 -9999 -9999 -9999 -9999 -9999 -9999 -9999 -9999 -9999 -9999 -9999 -9999 -9999 -9999 -9999 -9999 -9999 -9999 -9999 -9999 -9999 -9999 -9999 -9999 -9999 -9999 -9999 -9999 -9999 -9999 -9999 -9999 -9999 -9999 -9999 -9999 -9999 -9999 -9999 -9999 -9999 -9999 -9999 -9999 -9999 -9999 -9999 -9999 -9999 -9999 -9999 -9999 -9999 -9999 -9999 -9999 -9999 -9999 -9999 -9999 -9999 -9999 -9999 -9999 -9999 -9999
-9999 -9999 -9999 -9999 -9999 -9999 -9999 -9999 -9999 -9999 -9999 -9999 -9999 -9999 -9999 -9999 -9999 -9999 -9999 -9999 -9999 -9999 -9999 -9999 -9999 -9999 -9999 -9999 -9999 -9999 -9999 -9999 -9999 -9999 -9999 -9999 -9999 -9999 -9999 -9999 -9999 -9999 -9999 -9999 -9999 -9999 -9999 -9999 -9999 -9999 -9999 -9999 -9999 -9999 -9999 -9999 -9999 -9999 -9999 -9999 -9999 -9999 -9999 -9999 -9999 -9999 -9999 -9999 -9999 -9999 -9999
-9999 -9999 -9999 -9999 -9999 -9999 -9999 -9999 -9999 -9999 -9999 -9999 -9999 -9999 -9999 -9999 -9999 -9999 -9999 -9999 -9999 -9999 -9999 -9999 -9999 -9999 -9999 -9999 -9999 -9999 -9999 -9999 -9999 -9999 -9999 -9999 -9999 -9999 -9999 -9999 -9999 -9999 -9999 -9999 -9999 -9999 -9999 -9999 -9999 -9999 -9999 -9999 -9999 -9999 -9999 -9999 -9999 -9999 -9999 -9999 -9999 -9999 -9999 -9999 -9999 -9999 -9999 -9999 -9999 -9999 -9999
-9999 -9999 -9999 -9999 -9999 -9999 -9999 -9999 -9999 -9999 -9999 -9999 -9999 -9999 -9999 -9999 -9999 -9999 -9999 -9999 -9999 -9999 -9999 -9999 -9999 -9999 -9999 -9999 -9999 -9999 -9999 -9999 -9999 -9999 -9999 -9999 -9999 -9999 -9999 -9999 -9999 -9999 -9999 -9999 -9999 -9999 -9999 -9999 -9999 -9999 -9999 -9999 -9999 -9999 -9999 -9999 -9999 -9999 -9999 -9999 -9999 -9999 -9999 -9999 -9999 -9999 -9999 -9999 -9999 -9999 -9999
-9999 -9999 -9999 -9999 -9999 -9999 -9999 -9999 -9999 -9999 -9999 -9999 -9999 -9999 -9999 -9999 -9999 -9999 -9999 -9999 -9999 -9999 -9999 -9999 -9999 -9999 -9999 -9999 -9999 -9999 -9999 -9999 -9999 -9999 -9999 -9999 -9999 -9999 -9999 -9999 -9999 -9999 -9999 -9999 -9999 -9999 -9999 -9999 -9999 -9999 -9999 -9999 -9999 -9999 -9999 -9999 -9999 -9999 -9999 -9999 -9999 -9999 -9999 -9999 -9999 -9999 -9999 -9999 -9999 -9999 -9999
-9999 -9999 -9999 -9999 -9999 -9999 -9999 -9999 -9999 -9999 -9999 -9999 -9999 -9999 -9999 -9999 -9999 -9999 -9999 -9999 -9999 -9999 -9999 -9999 -9999 -9999 -9999 -9999 -9999 -9999 -9999 -9999 -9999 -9999 -9999 -9999 -9999 -9999 -9999 -9999 -9999 -9999 -9999 -9999 -9999 -9999 -9999 -9999 -9999 -9999 -9999 -9999 -9999 -9999 -9999 -9999 -9999 -9999 -9999 -9999 -9999 -9999 -9999 -9999 -9999 -9999 -9999 -9999 -9999 -9999 -9999
-9999 -9999 -9999 -9999 -9999 -9999 -9999 -9999 -9999 -9999 -9999 -9999 -9999 -9999 -9999 -9999 -9999 -9999 -9999 -9999 -9999 -9999 -9999 -9999 -9999 -9999 -9999 -9999 -9999 -9999 -9999 -9999 -9999 -9999 -9999 -9999 -9999 -9999 -9999 -9999 -9999 -9999 -9999 -9999 -9999 -9999 -9999 -9999 -9999 -9999 -9999 -9999 -9999 -9999 -9999 -9999 -9999 -9999 -9999 -9999 -9999 -9999 -9999 -9999 -9999 -9999 -9999 -9999 -9999 -9999 -9999
-9999 -9999 -9999 -9999 -9999 -9999 48.64820 -9999 -9999 -9999 -9999 -9999 -9999 -9999 -9999 -9999 -9999 -9999 -9999 -9999 -9999 -9999 -9999 -9999 -9999 -9999 -9999 -9999 -9999 -9999 -9999 -9999 -9999 -9999 -9999 -9999 -9999 -9999 -9999 -9999 -9999 -9999 -9999 -9999 -9999 -9999 -9999 -9999 -9999 -9999 -9999 -9999 -9999 -9999 -9999 -9999 -9999 -9999 -9999 -9999 -9999 -9999 -9999 -9999 -9999 -9999 -9999 -9999 -9999 -9999 -9999
-9999 -9999 57.03290 46.09620 47.07900 48.21150 48.33240 49.01660 49.66310 50.62640 51.19120 51.58000 51.58510 51.94480 50.68660 52.95090 52.21050 52.86080 53.44910 53.47960 54.15170 52.70620 -9999 -9999 -9999 -9999 -9999 -9999 -9999 -9999 -9999 -9999 -9999 -9999 -9999 -9999 -9999 -9999 -9999 -9999 -9999 -9999 -9999 -9999 -9999 -9999 -9999 -9999 -9999 -9999 -9999 -9999 -9999 -9999 -9999 -9999 -9999 -9999 -9999 -9999 -9999 -9999 -9999 -9999 -9999 -9999 -9999 -9999 -9999 -9999 -9999
-9999 -9999 -9999 -9999 45.87900 46.67570 47.66850 48.05450 48.09810 49.20940 49.93130 50.72530 52.83070 53.01360 53.90560 54.81850 55.10340 56.37000 56.79100 57.32440 57.29840 55.95650 -9999 -9999 -9999 -9999 -9999 -9999 -9999 -9999 -9999 -9999 -9999 -9999 -9999 -9999 -9999 -9999 -9999 -9999 -9999 -9999 -9999 -9999 -9999 -9999 -9999 -9999 -9999 -9999 -9999 -9999 -9999 -9999 -9999 -9999 -9999 -9999 -9999 -9999 -9999 -9999 -9999 -9999 -9999 -9999 -9999 -9999 -9999 -9999 -9999
46.73190 46.94940 47.09370 46.98610 46.30780 47.54510 47.70290 48.03820 48.22460 49.03670 49.04990 49.96440 51.98310 52.32070 53.79100 54.42580 55.18260 55.98730 56.70090 60.14970 60.71450 70.70620 58.80580 57.58440 56.57550 54.67970 54.79010 52.50290 -9999 -9999 -9999 -9999 -9999 -9999 -9999 -9999 -9999 -9999 -9999 -9999 -9999 -9999 -9999 -9999 -9999 -9999 -9999 -9999 -9999 -9999 -9999 -9999 -9999 -9999 -9999 -9999 -9999 -9999 -9999 -9999 -9999 -9999 -9999 -9999 -9999 -9999 -9999 -9999 -9999 -9999 -9999
45.46870 45.64930 46.64460 46.89840 46.29130 46.58350 46.99530 47.27880 46.75290 47.56140 48.49630 48.91700 50.49260 51.49670 52.62920 53.45120 55.55200 55.52490 70.70580 61.86520 59.13360 58.10390 57.96820 56.75690 55.59300 54.30110 53.64400 53.06450 51.66700 50.72740 49.28970 49.14730 48.93470 48.47780 47.52040 47.40290 47.27550 47.30790 47.16770 46.96400 46.99540 46.69400 47.49730 -9999 -9999 -9999 -9999 -9999 -9999 -9999 -9999 -9999 -9999 -9999 -9999 -9999 -9999 -9999 -9999 -9999 -9999 -9999 -9999 -9999 -9999 -9999 -9999 -9999 -9999 -9999 -9999
34.15700 35.17380 35.48970 36.42490 47.08740 47.37310 47.04210 46.98520 46.76790 36.20020 36.66720 47.95290 39.25260 49.70920 52.02130 52.59020 54.12790 54.83280 56.39540 59.25860 58.62090 59.08670 56.42020 48.35060 47.17010 52.55560 51.52380 50.58780 51.72820 53.02340 50.07100 49.65800 48.72010 48.49460 47.55590 47.01160 47.35440 47.13650 46.97500 46.72430 46.97630 46.97970 47.77590 66.67500 -9999 -9999 -9999 -9999 -9999 -9999 -9999 -9999 -9999 -9999 -9999 -9999 -9999 -9999 -9999 -9999 -9999 -9999 -9999 -9999 -9999 -9999 -9999 -9999 -9999 -9999 -9999
52.84580 51.48520 40.47370 53.41930 51.06810 51.47750 51.38910 51.06630 50.63940 48.94360 51.64110 51.22900 52.19520 52.74450 52.40610 53.02890 54.94570 56.03590 57.44140 70.51210 59.31960 58.98240 57.85390 57.10930 55.84620 57.60390 54.85620 51.81380 51.10970 51.35550 50.66150 49.75810 48.77820 48.87800 48.31620 48.22520 47.84320 47.83420 48.31230 48.28180 47.87890 47.86110 48.31100 48.23380 -9999 -9999 -9999 -9999 -9999 -9999 -9999 -9999 -9999 -9999 -9999 -9999 -9999 -9999 -9999 47.47100 48.27840 -9999 -9999 -9999 -9999 55.59300 59.94320 62.80940 59.84130 47.66000 47.01630
51.14840 51.86210 52.30890 52.90060 50.03910 48.69610 48.63760 49.86820 50.17810 50.46810 49.46480 49.82960 51.71420 53.41510 53.61030 52.60790 54.58030 54.32380 69.51550 56.47020 56.53200 56.27870 56.29590 54.86640 54.31740 51.92820 52.17950 51.19660 49.86520 48.85180 49.35760 48.70970 48.31420 48.26510 47.82730 48.36720 48.19190 47.82010 47.95170 48.64640 66.75450 66.77070 66.99560 48.53210 48.58430 48.48000 66.56230 47.72740 50.28320 51.41950 40.95490 44.73170 54.95340 52.98420 51.39380 44.32920 37.60500 37.54340 47.60300 48.18570 38.55560 -9999 -9999 -9999 -9999 -9999 57.85570 59.97530 60.15410 62.63960 61.79740
55.00370 39.12780 51.15320 55.56080 41.17340 47.96110 47.82430 47.88020 47.75350 47.19370 46.30860 47.10900 49.51900 51.05700 52.28370 52.21110 52.81730 53.90280 55.03130 53.06020 53.69220 53.71750 53.63160 53.66710 53.67910 53.32920 51.83810 50.91830 49.99720 50.74860 50.38710 50.05760 50.62660 49.45600 51.73140 52.82480 50.66800 51.90990 66.74160 67.39040 50.32780 66.72210 51.52690 50.88450 49.56760 49.90310 50.38930 50.04700 51.95700 54.50520 51.37570 51.86090 53.53520 58.99890 62.76490 55.52500 57.95920 57.81390 48.98360 44.60350 44.63420 46.51580 42.16860 50.38190 50.17360 52.75080 54.21960 56.61570 57.19700 60.52360 64.39090
53.73660 56.56120 48.27310 56.51510 55.92980 52.33060 49.83360 49.08980 46.28100 46.19550 45.82210 46.47100 48.36700 49.63900 50.98310 52.80520 51.18120 51.19290 54.71890 52.88160 55.50250 51.99160 51.37030 50.47830 52.63650 50.85140 50.59110 49.76990 50.54670 51.23330 51.62860 51.77840 51.65530 50.00320 51.10380 52.77060 67.34500 50.62140 50.19930 51.13200 49.69620 49.36930 50.47700 52.95920 51.87670 50.59870 50.11200 49.04180 49.94660 50.26570 52.44940 49.16770 52.79150 52.70530 55.60220 62.29360 63.92760 63.46860 63.46930 63.19610 51.17750 57.34840 51.37760 44.81080 42.44050 50.77130 51.11740 52.05400 55.97120 59.56360 62.46600
59.84310 61.92710 46.09240 34.98680 49.95040 48.51590 48.96630 50.79120 47.97120 47.06880 46.91180 46.74560 47.18760 48.49430 50.08210 50.84080 51.56550 51.72240 53.74590 57.86290 54.41790 52.30200 51.78320 50.13910 49.00480 49.13580 49.71950 50.38810 50.22270 49.77310 49.13050 67.21170 48.53270 49.09410 50.14190 49.91950 50.27870 49.12760 50.28840 51.96040 50.03160 49.29720 52.21360 54.33020 55.16070 52.41120 50.67440 48.61770 48.92620 50.60740 52.43610 53.65300 54.69600 54.45550 44.80770 43.41250 44.44930 57.06520 60.76230 67.09460 65.73720 66.55380 66.50330 56.46670 54.10860 53.37620 53.44460 54.51240 56.92230 59.37600 61.66320
55.60790 60.42480 58.17590 49.93980 41.95640 47.29770 50.09010 52.34260 51.45750 48.06400 54.34740 51.40890 39.76370 47.35340 47.44110 48.54610 48.72790 49.43600 52.20590 53.51930 53.36400 50.94270 50.39430 48.63830 47.97310 46.86140 48.51910 47.84040 50.21160 49.02130 47.88900 48.70240 48.28250 46.69100 47.31440 48.88820 49.61400 49.73880 49.76460 50.47910 51.66170 50.66000 49.08790 49.96870 54.64090 54.85130 52.20070 53.66750 50.98700 53.73880 55.64130 55.30600 55.33340 54.73580 57.38670 59.43520 60.70710 65.22460 62.42630 60.05930 59.66930 57.69720 54.87140 62.18400 67.23680 57.82990 66.25890 60.54520 58.99600 60.48600 63.99600
52.74510 47.96490 51.73220 54.57110 54.98560 42.12370 38.04480 37.40730 48.21330 48.16710 50.42760 57.85340 62.68620 53.89030 48.88650 49.76650 49.22450 48.27800 49.57350 49.17600 50.41480 50.65940 49.47800 47.63450 46.93830 47.19120 47.21100 46.40720 47.89100 48.49140 48.09610 48.07920 47.60800 47.67810 45.84230 47.20430 47.87110 49.90660 48.47650 47.88380 52.51810 53.61350 51.22130 51.18360 53.04270 52.10180 53.66710 51.54280 50.19020 50.99020 51.40750 52.44400 54.85010 56.85500 58.08120 60.27640 61.10660 64.45670 61.70620 66.91470 64.73400 63.61860 55.77020 60.82410 62.54640 60.21250 56.78500 59.06210 56.56220 60.46630 59.46280
65.01060 63.30660 64.39410 57.54390 61.33310 60.51810 53.82580 49.78230 52.14760 49.24870 47.85940 38.61160 51.59790 54.70120 60.89370 59.56730 63.14170 60.14900 44.61270 43.22830 50.30430 51.26700 49.16790 48.20450 47.52820 47.03540 46.18020 45.95160 48.96590 49.20680 46.72330 50.72000 50.80210 51.95730 47.91150 48.44260 49.80160 51.53400 39.55000 49.41200 51.19320 53.04260 50.89490 50.14150 52.42820 53.36770 53.41080 54.01870 52.70570 52.36310 53.94150 56.80230 60.46230 56.68920 62.62910 63.15550 61.43090 62.67690 64.28670 73.08600 65.87310 65.81960 63.15430 58.29300 60.69930 53.95050 61.62600 60.45210 59.63100 57.46630 54.32840
57.33560 64.06890 60.33760 63.65200 60.91030 58.04990 54.39220 49.93540 56.48340 51.39000 50.65510 53.55160 51.05150 38.64420 50.55760 42.47730 47.37600 61.29150 65.71550 54.62200 49.66640 54.40650 49.81570 49.24290 47.74370 47.32610 47.39230 48.64670 48.47730 48.18560 48.85160 49.29410 50.97400 48.58560 52.25520 48.33730 47.83760 48.53660 51.68870 50.41870 49.90350 50.16590 51.46950 50.67910 57.51760 59.67970 59.63050 59.45320 58.19440 61.78080 64.70500 63.96750 67.19250 74.35610 64.25900 66.81420 65.48490 70.23440 65.28430 63.99150 63.86450 61.66090 58.57950 49.82140 58.15390 56.68930 53.60150 53.10070 54.36730 59.41950 55.63220
58.36570 57.79520 57.02060 59.30820 64.65900 63.15260 65.27710 63.17360 61.75050 56.58990 49.85850 61.00680 59.32170 54.63410 65.28990 61.05080 60.38320 40.29890 58.05570 68.74020 66.56530 64.51250 57.97340 47.42170 47.30380 46.63250 47.29230 48.58150 47.79550 47.44820 48.22570 48.18700 48.16940 47.84700 46.87260 47.99980 49.83840 49.54580 52.14410 52.62830 53.61730 51.45260 51.86100 44.25680 41.35970 51.31430 56.57170 58.65900 63.99780 64.62770 64.97260 58.37270 65.38130 60.17770 69.85630 72.08440 69.37520 72.71000 61.08330 61.31420 58.30550 58.23850 59.73780 61.80760 53.57960 55.24150 55.42690 52.24350 49.38140 52.93140 51.93380
58.67180 58.35460 57.47460 47.74390 57.65810 58.27040 59.32900 60.73600 58.53700 58.65980 58.57800 57.20910 46.81440 52.80780 62.54980 66.13410 65.51330 65.11750 51.36140 54.96690 59.84330 60.99970 57.03070 54.79010 49.72210 47.67910 46.68830 47.01770 46.91320 45.86010 47.56960 46.95970 46.34610 46.89980 46.93780 46.70480 46.73730 47.61950 49.83350 51.45480 54.87330 48.54660 59.61550 47.92940 38.87810 48.51840 54.65050 57.99390 62.75400 64.62430 61.60510 63.58130 65.65330 71.61910 68.06050 65.93620 65.52070 61.20120 69.13380 66.65240 61.55020 55.85970 56.56590 53.88510 52.52110 57.87280 55.23080 50.15560 52.87680 51.39050 41.61990
63.22620 63.07790 61.49200 60.43170 60.31360 56.26550 57.56930 56.62280 54.84080 52.78920 55.72270 60.82830 56.47540 53.18630 55.63630 60.82690 63.50990 63.67310 65.04300 63.96390 61.52540 54.72300 51.94690 52.16460 52.56770 52.43830 46.94320 46.77660 47.67690 48.72350 47.38260 47.43340 45.74960 45.98290 46.40590 50.21700 51.60660 53.64000 50.22730 60.12540 57.43730 57.90950 58.13390 62.43390 61.62440 54.30140 46.99430 49.89490 49.22640 54.24250 64.29850 60.75240 57.57650 55.38730 54.70180 57.50750 61.49640 63.46070 63.13770 67.77570 61.26920 60.71980 57.27870 55.56240 53.30050 54.04860 53.53950 51.19340 40.46110 47.56570 49.89480
66.23480 70.77120 66.19710 59.68840 63.63260 64.06090 59.67740 57.63160 53.70810 54.63420 54.42230 55.51290 63.89750 61.59820 58.37070 57.85040 60.56680 61.23360 66.50520 64.36260 64.23980 60.27570 60.05310 54.28960 53.48780 53.91140 50.32190 47.82280 47.33180 49.32490 47.61200 47.54770 46.83550 51.37520 51.45970 48.45870 54.57910 59.32190 49.04860 54.82680 60.06780 61.11660 59.23270 55.81260 54.39880 52.52750 57.51820 52.86240 52.70040 64.84260 55.87360 65.85770 65.49160 66.85490 67.48350 64.99570 63.71350 62.06850 60.21570 71.32080 54.17650 52.76370 54.35830 53.49880 52.29630 40.50170 51.15380 41.72240 50.17540 56.73480 56.60870
64.92230 65.01290 66.82290 66.74330 67.20200 62.11310 53.60690 55.78040 56.93110 53.61640 50.26520 52.31860 59.04250 66.12950 64.08150 62.71740 62.26260 60.86760 60.57630 59.34860 68.78800 61.60710 56.06760 53.55140 51.86890 54.58180 56.58630 50.22340 47.13580 47.50520 52.61990 50.87390 49.71340 52.31570 55.19710 50.28520 55.58770 55.53590 60.40700 54.13250 54.62150 55.63350 56.12230 63.89940 61.85010 62.95960 59.08170 62.14940 63.81670 66.41580 64.75890 66.12060 65.37260 60.14220 63.67050 61.08900 64.22990 60.82000 57.00030 70.97010 53.70700 53.19600 51.82190 42.63650 53.21870 50.47450 52.30870 50.27210 54.61640 50.96000 52.73390
67.91950 65.45300 70.99160 70.38540 69.39020 69.49590 62.51770 56.55870 53.85660 59.98050 53.76390 57.27220 56.77810 60.62840 67.29390 65.80260 58.69720 47.50040 58.98650 59.94800 59.31440 62.32510 60.47100 54.53480 52.73790 50.14230 52.73620 49.94280 45.42880 48.11240 51.38830 53.54740 53.43510 54.00990 54.89380 48.59950 54.85440 61.51190 64.59250 68.60090 61.11060 56.02070 62.45470 60.96410 72.47870 70.76050 52.34260 41.17440 41.01780 51.51000 52.27070 53.38250 44.36380 56.18080 62.92730 60.52140 59.99830 58.14960 70.28700 55.59150 54.33520 53.16910 49.65850 56.51000 59.34970 60.52300 62.34260 61.59840 58.18400 56.90990 58.22680
61.23900 62.56690 69.87540 70.65370 69.11150 68.61000 68.97180 61.74680 64.12830 62.74380 60.17780 63.86390 61.47200 63.12960 68.39650 68.84250 66.75570 60.95790 58.47150 59.70180 50.41180 62.98880 70.69620 61.70440 53.89820 42.16950 58.02210 53.73890 50.41350 54.63230 52.93900 50.60300 56.05090 56.80200 49.58930 54.29660 60.11180 61.64690 65.31080 67.62900 63.14080 59.45150 62.98540 58.39800 53.04160 51.13830 41.51710 42.60360 56.02730 54.87530 -9999 -9999 43.48090 52.56540 55.55920 59.12690 72.70940 57.45900 46.58930 49.18760 49.34290 56.70530 61.19690 66.01670 63.73060 68.14050 71.49140 75.46800 64.99040 61.76220 66.95360
68.07670 65.36370 68.43880 72.53520 70.10640 73.39600 71.29340 70.81660 66.13190 66.37200 67.34920 68.11020 67.49850 64.73960 69.49250 68.31060 69.79000 64.27130 51.79910 62.88480 55.71620 60.65180 59.72780 65.00370 62.57240 58.92510 62.06800 56.34710 46.93240 56.28440 56.40930 50.34970 52.46430 56.57780 56.54540 62.46080 66.80680 56.67820 52.10970 -9999 -9999 -9999 -9999 49.94180 -9999 46.78670 57.78310 57.52650 59.18140 52.39250 -9999 -9999 46.51760 71.67640 71.06340 56.20560 48.31200 50.12290 50.67440 54.90800 57.31190 59.55250 62.20280 62.82920 61.22770 77.56730 76.25800 75.19630 62.54860 60.98820 59.20660
61.44360 65.40880 67.83270 71.96380 73.34410 68.17140 74.25940 68.71520 64.57060 68.01060 67.96450 68.81610 72.38240 75.71540 72.36910 62.95390 64.34100 68.88910 68.36950 68.27610 70.59460 63.37880 64.75710 62.09360 60.68460 63.59820 56.70160 62.96220 57.97540 55.75790 56.40680 58.03190 57.80590 59.28000 63.97640 61.54190 58.06650 -9999 -9999 -9999 -9999 -9999 -9999 -9999 56.03080 56.63750 57.46640 -9999 -9999 -9999 -9999 -9999 69.99450 57.46190 55.74760 59.57360 62.73310 61.13650 53.80160 58.42240 51.98800 52.90380 56.70540 64.01590 62.42310 54.94810 62.90990 73.06640 63.48590 53.89540 -9999
