data/hydroclimate-scenarios/1948-2000.Pcorr55N_Pref_Tref/monthly_summaries/soilm1_monthly_day1_feb.1950-2000.asc
ncols	311
nrows	91
xllcenter	102.75
yllcenter	31.75
cellsize	0.5
NODATA_value	-9999
[rows 32 to 63 of 91, columns 0 to 70 of 311]
-9999 -9999 -9999 -9999 -9999 -9999 -9999 -9999 -9999 -9999 -9999 73.43980 73.60260 75.97750 74.52890 75.19690 74.64510 75.96030 73.85990 74.26250 75.37000 76.25090 76.31590 76.22220 73.52310 72.63940 72.66350 75.61760 77.42640 81.02560 81.28720 80.80550 81.00180 81.04830 80.00940 78.52390 77.51700 76.83120 74.52070 74.12480 73.51240 73.34500 73.90860 73.37880 72.70190 73.04830 72.65340 72.02190 71.78630 71.87080 71.48650 71.05500 70.78030 71.07950 70.12720 70.29460 71.16720 71.47890 70.90220 70.90000 71.34450 70.59680 68.81030 73.44310 73.52620 69.53410 70.99480 72.50550 72.87750 72.13200 71.23090
-9999 -9999 -9999 -9999 -9999 -9999 -9999 -9999 -9999 -9999 -9999 74.49470 74.66550 74.51320 74.11200 74.61100 75.01480 76.26960 76.32120 76.41200 76.41000 76.29610 75.10080 74.06140 73.35550 72.31070 70.29420 72.56670 72.34050 72.26420 77.10640 78.95410 77.67090 74.28630 72.94410 70.94990 73.50660 74.88990 74.03510 73.18230 74.05300 73.95550 74.19450 74.04780 73.93670 73.49180 73.41870 73.22250 73.14270 72.78010 72.58260 71.78790 71.43540 70.60370 70.75250 72.27540 71.95010 71.65080 72.44210 72.81400 72.13520 74.11010 73.64230 69.82570 74.33130 71.41480 71.68870 71.68700 71.62420 71.86950 71.32320
-9999 -9999 -9999 -9999 -9999 -9999 -9999 -9999 -9999 -9999 -9999 -9999 72.73540 72.87040 72.42670 72.87770 75.46510 76.47360 76.51590 76.59820 74.80620 72.13200 69.07270 72.24600 70.65720 67.85500 68.24080 70.14210 70.71170 71.46010 72.03720 72.91010 73.78550 73.81990 72.63420 72.57440 73.05760 74.75150 73.62980 72.31680 72.54590 72.52480 72.90250 73.44210 73.56740 74.20710 74.39380 74.52430 74.37060 74.00320 73.47160 73.25560 73.08150 72.47390 71.45850 70.58860 69.82240 69.51570 74.20300 74.26770 73.78930 68.95200 68.66910 69.89460 70.15940 74.20540 71.54810 71.03770 71.58780 72.13200 71.19320
-9999 -9999 -9999 -9999 -9999 -9999 -9999 -9999 -9999 -9999 -9999 -9999 72.18560 72.52100 74.47050 75.07600 75.20800 74.47460 74.10770 73.47080 72.98410 72.48060 72.27250 71.63830 71.40830 69.98510 70.72320 71.04310 70.69470 69.66840 71.77570 73.67450 73.74250 71.70950 72.21010 72.30420 71.23860 73.12500 73.90590 71.77430 72.22560 71.61780 72.86810 75.10530 75.08050 74.63050 75.06470 74.09900 73.74850 73.77350 73.06240 72.85520 72.93930 72.92200 72.24660 70.83550 73.69560 69.56070 71.35870 71.20410 69.76860 70.79680 72.55260 73.19530 71.81760 71.15470 71.09580 70.68080 70.89300 71.58730 71.76110
-9999 -9999 -9999 -9999 -9999 -9999 -9999 -9999 -9999 -9999 -9999 -9999 74.96980 74.85600 74.34470 73.22160 73.10920 73.17600 70.20140 71.47350 72.57670 72.54680 72.35300 71.53160 71.49930 71.37210 71.60420 69.82200 70.16410 66.74880 66.10900 72.03060 72.51220 71.93330 71.88290 70.58470 69.72520 71.52700 71.49870 72.16040 72.47520 72.33270 72.54500 73.92760 73.09980 69.65690 72.39690 72.61840 72.64760 72.36800 72.13780 72.08790 71.44730 70.36340 68.53070 67.29170 66.17610 69.82520 70.61740 71.30840 70.83430 70.87900 70.80140 71.41840 70.98350 70.89520 71.11670 71.09740 71.40830 72.21500 72.64380
-9999 -9999 -9999 72.50200 72.47700 71.88770 71.65380 71.76700 71.69460 -9999 74.41470 74.52050 73.67470 72.61660 72.60760 72.58170 71.92520 70.53810 71.75360 72.45600 72.67620 72.64470 72.71550 72.69850 70.37650 71.99580 72.03910 71.79210 69.76250 68.62140 72.14090 71.71930 71.41480 66.07810 68.59360 61.30910 67.83980 71.24070 72.18790 72.43050 72.53320 72.52600 72.69540 71.86000 71.51290 71.12620 72.53760 69.67650 72.54320 72.42480 69.27900 65.73010 66.54990 69.74470 69.60740 71.11820 71.16870 69.70120 68.61260 69.69580 71.30270 71.84160 69.27940 71.57210 70.85000 70.79690 71.59050 71.61310 72.19750 72.74830 72.94070
-9999 -9999 -9999 72.37940 72.14340 72.37120 72.00900 72.64610 72.25090 72.94100 73.75850 72.81120 73.20970 70.20800 69.81640 72.26880 67.54890 73.67920 74.14450 74.00080 73.77330 73.75150 73.89360 73.94600 70.70930 68.32890 69.26070 70.37190 71.96510 66.78480 61.55470 68.25070 72.12980 68.99960 65.54780 65.59890 70.12400 71.62090 71.91270 70.99180 72.04050 72.44280 72.76460 72.11870 70.43750 70.77250 72.62510 72.17590 69.31280 66.59650 67.61840 72.05470 72.16680 71.84170 71.22490 71.07740 70.95310 71.37490 71.64730 69.99690 70.39180 71.67570 70.86750 69.69460 71.80310 71.31280 71.45050 71.76270 72.35610 71.47870 69.56000
-9999 -9999 -9999 72.14080 72.59670 72.55940 73.35650 73.09660 73.16260 73.28950 73.29540 73.19880 73.17920 72.10620 71.80860 72.88760 70.90930 69.01520 72.71000 73.69980 73.71970 70.66120 63.05290 65.15080 69.48310 68.87640 71.78360 71.59160 68.37880 67.63280 69.61330 72.68730 69.66440 67.26660 66.18810 67.77040 72.01030 72.16670 69.17850 65.64750 68.29460 70.72470 72.71020 72.75170 72.75650 72.68960 72.78040 66.01230 66.32820 72.71220 72.61080 72.47940 72.29280 71.91880 71.33770 71.42920 71.34140 71.78160 71.76780 71.64610 67.91200 67.97720 72.07240 72.21230 72.28780 72.14920 71.95300 70.89720 67.14070 69.83300 70.58110
-9999 -9999 -9999 72.20620 72.82000 73.49910 73.32460 73.57750 72.67610 72.28180 72.81250 72.97330 72.08300 70.68830 72.79920 66.46890 68.46870 76.25030 77.60680 73.30880 67.23300 63.71820 67.43550 74.56570 71.81330 67.26470 70.99700 72.55710 72.23280 68.57670 67.26800 67.62540 67.13680 70.04180 72.34630 69.28590 68.99290 69.37120 70.41450 71.33110 70.63990 69.39080 69.64400 70.89530 71.96130 72.78920 72.75760 71.85380 72.75640 72.71230 72.63760 72.57330 72.17650 68.55050 71.56940 67.94440 66.90580 66.55450 67.32250 65.92750 63.46940 68.82170 69.53900 71.70540 70.69640 69.31550 71.60300 71.18950 71.17660 71.34070 71.64740
-9999 -9999 -9999 71.46860 73.11900 73.43050 73.70360 73.48140 73.07340 72.89160 73.23220 72.12560 69.67300 69.14040 81.17740 78.68880 72.08990 71.14880 72.77270 67.81600 66.89590 72.14780 75.31330 68.49090 65.49500 67.52310 73.57630 73.38030 70.62490 71.23860 68.49190 68.94290 69.49400 71.31590 72.81220 69.62480 69.57680 71.02540 71.03370 70.18230 68.62280 69.94210 71.70780 71.84480 72.09110 72.14820 71.94200 70.95240 69.12980 71.95240 70.81100 68.78110 66.65040 67.88130 68.81090 67.15210 66.65630 65.23480 67.56390 70.72610 70.07680 70.41090 71.29050 69.55370 67.97260 68.24480 70.65140 69.51170 71.34260 71.62030 72.06960
-9999 -9999 -9999 -9999 73.35780 73.78860 73.94870 73.74230 73.10330 72.76190 73.61610 73.53490 70.75980 66.35800 -9999 -9999 -9999 -9999 -9999 71.16740 77.39250 79.01590 77.56260 71.19750 70.68110 71.38190 70.86390 73.58880 73.75550 73.11640 72.89440 70.01140 71.25580 71.00520 68.55900 68.84690 67.48040 68.74390 71.07470 69.49840 69.14910 68.50000 70.99410 71.46910 70.56930 69.76130 67.32290 68.92190 71.62650 75.31380 71.67660 71.74020 71.77320 71.45770 71.45310 71.35730 71.23690 71.10610 66.94940 69.06290 71.25130 71.38370 72.27500 71.54580 71.65130 72.04500 71.83240 71.89170 74.92250 -9999 -9999
-9999 -9999 71.77260 73.19410 74.07450 73.98240 73.87560 73.72140 73.33600 73.23570 74.00350 73.60950 72.83160 -9999 -9999 -9999 -9999 -9999 76.65380 81.69570 77.76970 73.08190 73.06390 73.35360 77.10130 89.28830 77.46100 73.60700 73.19160 71.89260 67.06870 71.18530 70.50450 69.45380 70.78850 68.49710 69.28140 70.76970 70.94670 71.29820 71.18240 71.40220 71.38510 71.23040 71.32580 71.37960 71.31620 71.14030 72.50350 85.47950 85.85290 85.52960 87.04880 80.22810 74.88040 71.86340 71.54860 69.00730 67.84600 69.81660 70.09450 70.19350 72.57920 72.17020 72.27270 72.03480 72.70650 -9999 -9999 -9999 -9999
-9999 -9999 73.99480 74.18830 73.89180 73.46260 72.02300 73.45900 73.58060 73.81910 74.35610 74.31620 72.92180 -9999 -9999 -9999 -9999 72.19480 72.97890 72.66900 70.45400 71.53800 73.78130 79.74550 77.69940 72.83840 70.14650 71.89770 71.06690 72.40180 71.45240 71.05520 71.83310 71.98370 71.41620 73.44440 73.45520 69.84840 70.46530 71.59800 71.40520 71.44250 71.30270 71.16000 67.59310 64.77390 65.78040 65.45740 66.71630 68.71020 71.05050 75.33190 76.32060 80.65500 80.34420 72.22010 70.16080 71.30390 73.01800 73.72930 71.91760 71.71530 72.15420 73.39740 71.95970 -9999 -9999 -9999 -9999 -9999 72.50120
-9999 -9999 71.74880 72.86350 74.10830 73.86160 69.82000 70.02450 73.40240 73.79790 73.97790 73.01400 71.16130 -9999 -9999 -9999 -9999 72.35960 72.57350 71.52590 69.00880 71.89750 77.21640 73.61020 73.79180 72.86890 71.25080 70.46390 70.73830 69.76460 70.68500 73.01020 72.16190 71.52620 71.82770 71.89880 71.51190 71.32270 71.36380 72.20920 72.30680 73.43730 72.44460 71.53800 69.51790 66.70570 65.58410 63.42110 61.94080 62.14130 64.93340 65.45930 69.55090 68.20080 70.94560 70.87060 71.90130 73.05240 72.00680 72.09560 72.45500 72.47710 72.13960 67.20120 66.64970 72.47830 72.29130 72.75480 72.31850 -9999 -9999
-9999 -9999 -9999 69.11600 72.92170 74.21110 72.82210 72.72090 74.08850 70.24340 64.29120 71.21560 -9999 -9999 -9999 -9999 72.47280 72.41240 72.51750 71.67670 72.25030 73.32460 70.48150 72.55950 72.89380 71.10840 70.34050 68.59430 69.51300 71.80050 71.63320 71.36760 69.79620 65.85410 62.36820 62.69760 67.70740 71.62550 72.93040 72.78730 73.32820 72.92270 74.97560 74.46570 74.32540 74.86990 73.23820 72.10240 69.52370 65.91390 70.84570 79.54710 75.51240 79.64770 88.07290 90.31590 78.82910 72.55760 71.92560 72.16350 72.21460 72.13720 71.91220 69.49990 64.84530 70.47500 73.65430 75.07710 72.15810 72.22750 -9999
-9999 -9999 -9999 -9999 70.52520 73.52720 71.88550 74.48000 74.50220 73.16070 71.98150 -9999 -9999 -9999 -9999 73.59190 71.13020 67.43340 70.42200 62.90280 65.25220 63.14180 62.56430 65.83200 70.21370 65.63450 61.30710 62.74480 61.67100 64.47070 64.90840 63.29670 61.73170 61.66230 63.47260 71.99490 72.45590 72.06810 72.38120 72.62650 71.93900 73.41580 72.82900 72.76230 72.23510 69.57570 71.14470 77.29540 72.93900 73.38660 72.88480 81.72110 79.72360 78.22510 79.83420 81.83230 89.84850 80.45310 77.51270 72.18050 72.08580 70.35090 68.87930 67.50460 66.46090 71.85940 72.31550 72.95230 72.78450 72.83540 73.99380
-9999 -9999 -9999 -9999 -9999 -9999 74.93540 75.80960 67.29000 70.34190 64.18510 -9999 -9999 -9999 -9999 -9999 64.60520 62.83820 63.96850 61.47270 61.61440 60.80570 66.25080 67.89830 62.19380 60.79030 66.34500 80.27520 80.32070 73.00390 63.65160 61.54950 65.71550 62.73580 63.76550 61.81790 71.22270 71.57620 72.25150 72.43830 72.13350 73.57850 73.66300 73.25900 74.59700 72.98920 70.85650 74.26430 77.70960 87.71630 80.92880 83.52850 73.62380 73.74130 71.47500 71.56270 78.21720 80.16860 71.85370 64.71900 64.36520 65.58810 67.59580 64.90730 63.55040 67.22940 72.98330 73.67430 72.70830 72.36980 73.26320
-9999 -9999 -9999 -9999 -9999 -9999 -9999 -9999 -9999 -9999 -9999 -9999 -9999 -9999 -9999 -9999 -9999 -9999 -9999 61.01990 62.92320 66.22430 62.99760 61.08570 64.04070 64.38890 65.88150 65.00300 63.99960 62.62050 62.57530 66.67390 73.91070 70.77170 65.07180 64.98510 72.48700 73.60480 73.09940 72.68590 72.25230 71.95960 72.68180 72.79630 72.62360 70.58010 70.78660 74.28110 77.61190 74.92990 75.03710 72.19470 75.84000 76.59610 74.08510 71.75640 63.87050 65.14230 63.15820 63.16350 68.52180 70.74820 63.07450 62.75970 61.95010 68.50990 71.14080 72.21010 72.80270 74.68420 74.26350
-9999 -9999 -9999 -9999 -9999 -9999 -9999 -9999 -9999 -9999 -9999 -9999 -9999 -9999 -9999 -9999 -9999 -9999 61.54770 64.96390 63.89290 59.70590 60.19180 59.96590 64.42420 67.70690 68.18820 68.15910 61.61870 60.27040 60.87770 61.45330 61.53230 61.83040 68.50790 74.63820 71.86290 73.02360 72.46770 73.07510 72.67820 71.73190 71.67470 72.12070 70.91160 72.05590 71.58510 70.54180 73.03680 76.45870 76.66200 79.94000 81.15210 78.45070 74.52350 72.52900 65.75830 64.75720 69.92940 65.01750 71.26160 73.72900 65.65470 65.13660 70.76350 68.74870 65.45830 72.05880 72.83060 72.84560 73.86310
-9999 -9999 -9999 -9999 -9999 -9999 -9999 -9999 -9999 -9999 -9999 -9999 -9999 -9999 -9999 -9999 -9999 61.72490 63.90930 61.09440 60.91400 60.47520 61.73340 64.03400 64.66280 66.07650 73.00280 66.29130 67.65040 68.61840 68.09050 68.81320 66.35530 68.36360 77.00350 75.70320 74.15040 72.93760 72.99410 72.35710 70.67470 71.97610 70.92500 72.21280 70.30700 70.04610 73.86950 74.47670 71.01380 76.52430 77.75360 78.00530 74.73930 74.99870 75.50840 75.39480 64.56000 63.97830 63.84780 63.39710 67.00180 71.02990 66.74870 68.33330 61.77760 63.32390 65.66410 64.56690 71.14940 72.37930 70.43620
-9999 -9999 -9999 -9999 -9999 -9999 -9999 -9999 -9999 -9999 -9999 -9999 -9999 -9999 -9999 -9999 -9999 63.90650 62.27860 61.35810 64.62040 69.85750 65.81760 63.87370 61.19830 58.77880 60.98560 60.30020 64.15370 66.24750 75.16700 75.25910 74.07060 76.13950 77.76130 78.43200 77.59580 72.66990 71.22150 71.31840 70.64200 70.80960 71.44200 70.84650 71.43830 73.91660 70.22180 70.56630 69.11630 71.36690 77.22880 79.40370 79.45260 78.73640 78.08420 75.51530 66.67000 65.02220 64.65210 66.53400 63.92360 63.27480 63.28300 62.50320 63.03290 63.81880 64.43480 67.04080 77.05960 75.58790 72.46880
-9999 -9999 -9999 -9999 -9999 -9999 -9999 -9999 -9999 -9999 -9999 -9999 -9999 -9999 -9999 -9999 73.25190 71.42490 62.54150 67.47270 67.81450 63.20000 60.45420 58.18650 54.91030 56.02050 56.94600 57.16330 58.18520 61.90660 64.09670 64.61690 64.90010 74.80580 77.32340 77.10160 73.44990 74.08410 72.23040 70.29370 68.45060 70.32330 73.58190 71.11830 69.82110 70.98490 69.98900 70.11030 69.75320 67.73110 75.83580 77.67970 78.10360 78.43960 78.43980 75.44390 75.46100 68.05250 72.17290 66.08970 64.87210 65.17700 66.75870 69.32800 70.57910 83.81280 88.34220 85.93030 79.56650 74.05880 71.91510
-9999 -9999 -9999 -9999 -9999 -9999 -9999 -9999 -9999 -9999 -9999 -9999 -9999 61.73600 62.19530 67.46650 65.71010 67.94550 70.28920 65.90860 62.84710 58.56750 56.24430 56.40870 56.04140 54.94200 53.73800 54.90210 54.89070 55.10490 71.48390 70.42180 61.85280 61.65970 75.45760 79.84360 76.95650 72.79020 71.29360 69.45670 69.99750 71.44340 71.80880 69.19120 75.59150 80.31090 76.31700 78.65890 78.80570 74.16290 73.88710 73.05470 71.95620 71.53480 76.05320 73.84220 71.77920 70.76920 70.60330 70.09650 70.94690 76.06440 72.40280 81.08980 84.65180 78.62390 85.40500 80.22420 73.83270 73.29690 71.45940
-9999 -9999 -9999 -9999 -9999 -9999 -9999 -9999 -9999 -9999 -9999 -9999 62.12430 62.33100 72.11670 70.88310 69.14950 65.93400 63.23140 59.94010 59.64200 60.29810 59.42420 58.87950 55.66460 54.39830 53.96610 53.44580 71.98290 70.14040 76.18090 72.73140 72.71910 60.58160 72.74980 77.29600 71.12740 71.49770 70.52410 69.53930 69.03860 70.02790 73.18070 76.16400 81.74770 78.18780 73.29980 79.42380 82.44710 83.75550 70.12340 69.87130 68.00290 69.80780 69.25980 72.61520 75.76960 75.74130 75.43520 75.59540 72.04870 74.10310 74.30890 74.60470 76.91050 77.98590 78.14410 73.71340 73.77250 71.39260 63.10610
-9999 -9999 -9999 -9999 -9999 -9999 -9999 -9999 -9999 -9999 -9999 71.22010 68.51500 69.11700 66.37500 62.23820 60.27340 61.68360 61.93950 60.75790 60.73960 55.77640 55.00240 55.72410 56.12760 55.61090 69.87360 53.94700 69.53260 68.80810 74.74830 55.72260 57.24520 58.14160 64.32330 75.92730 70.74340 71.07120 69.13500 68.45200 68.42610 74.35800 77.97140 81.20550 82.76050 81.74570 82.79170 82.44540 82.09320 81.33100 77.39640 70.73140 71.42840 72.47350 70.95780 70.85440 74.74530 74.67850 73.60900 72.67320 74.82010 73.29050 72.55890 71.01740 77.20900 72.87230 72.91120 74.42950 71.40290 67.18370 60.87250
-9999 -9999 -9999 -9999 -9999 -9999 -9999 -9999 -9999 -9999 65.67700 66.08460 63.52020 64.55840 60.44170 58.82280 57.66250 57.46700 57.92880 57.50350 55.97820 53.95890 53.75030 54.01370 54.23270 54.35510 54.47250 68.48780 69.96670 53.97860 55.54580 55.17790 51.03920 72.41940 76.93320 71.65600 70.10450 70.25370 69.41470 68.10300 74.80650 79.39730 81.38150 84.01290 83.96520 80.85540 81.65990 83.51640 81.77580 82.21370 80.72580 72.32440 73.20370 72.13370 71.08860 70.91020 75.10530 77.09870 77.14940 78.77550 77.31550 72.59670 71.18600 73.16570 75.38040 74.05820 76.03490 72.12370 69.78080 64.26250 62.64620
-9999 -9999 -9999 -9999 -9999 -9999 -9999 -9999 -9999 61.10650 60.97400 60.30910 59.01950 60.59630 57.64950 56.99260 56.31020 55.55430 54.54150 53.12930 53.24820 53.82900 53.34040 53.52590 54.06980 55.63380 55.24130 55.16480 55.68710 55.23890 55.03450 57.98980 59.90210 62.79730 77.30880 71.94620 71.03120 69.89970 70.18120 69.61280 80.06320 80.98310 81.43770 86.10460 84.15460 91.32960 83.68350 81.37620 84.01430 83.33150 83.30430 75.65460 71.12580 74.07440 71.01940 76.63410 79.80200 80.41580 79.65300 79.97220 74.82380 73.13760 71.21960 76.40380 71.44740 71.60750 72.14390 70.04770 63.10440 61.58670 61.30530
-9999 -9999 -9999 -9999 -9999 -9999 -9999 -9999 -9999 -9999 56.13830 54.96180 54.41840 55.18430 52.84050 53.46410 53.36640 53.22510 53.09770 51.60330 51.86220 52.54770 52.60090 -9999 -9999 -9999 -9999 -9999 -9999 53.81880 55.66940 57.97660 63.23080 66.05610 68.90740 73.37240 73.51520 70.18470 69.02620 66.76210 76.62360 78.17520 70.20270 89.92310 85.78140 90.53360 90.70050 79.97500 81.38170 81.97150 77.42130 71.80520 71.32740 72.09400 77.00340 76.88480 77.36870 78.19300 81.95360 79.69640 77.51370 71.47650 72.13550 75.54940 72.79240 72.29420 72.12170 68.45000 65.99960 67.97850 64.14420
-9999 -9999 -9999 -9999 -9999 -9999 -9999 -9999 -9999 -9999 -9999 -9999 51.79280 50.69480 50.58330 48.28400 48.51410 49.77820 50.26170 -9999 -9999 -9999 -9999 -9999 -9999 -9999 -9999 -9999 -9999 -9999 -9999 -9999 -9999 63.70700 70.04620 73.53710 78.11580 71.34900 66.89430 59.97250 72.31730 79.20050 76.27180 75.42580 75.74630 85.88380 90.76740 81.82450 83.36920 83.25600 82.84920 74.71660 74.82580 74.57550 79.78470 79.24570 77.22340 72.55290 70.57180 75.57400 74.25530 70.64520 73.38140 73.49160 72.32460 72.00000 69.53660 62.02910 63.96160 68.26490 75.47100
-9999 -9999 -9999 -9999 -9999 -9999 -9999 -9999 -9999 -9999 -9999 -9999 -9999 -9999 -9999 -9999 -9999 -9999 -9999 -9999 -9999 -9999 -9999 -9999 -9999 -9999 -9999 -9999 -9999 -9999 -9999 -9999 -9999 -9999 75.47960 77.30860 76.57100 76.83260 64.10580 74.53760 75.13900 79.29870 80.71110 72.06300 89.74470 89.98880 87.42910 82.48650 81.13460 81.10530 78.61300 74.71990 80.07480 74.82260 74.59330 74.48800 73.69590 75.99400 73.95150 73.54310 71.79470 78.82370 74.75690 73.37230 72.31370 72.38420 72.46220 64.95390 67.39360 72.37620 76.02300
-9999 -9999 -9999 -9999 -9999 -9999 -9999 -9999 -9999 -9999 -9999 -9999 -9999 -9999 -9999 -9999 -9999 -9999 -9999 -9999 -9999 -9999 -9999 -9999 -9999 -9999 -9999 -9999 -9999 -9999 -9999 -9999 -9999 -9999 69.12670 76.65210 76.19990 65.43180 59.53250 77.47030 79.74280 86.37680 87.15370 80.11760 76.97200 81.24120 80.68110 82.12430 82.48570 81.84910 78.87840 82.10780 72.42860 72.58760 72.11880 71.95140 75.39290 73.51470 74.15180 77.85590 75.46360 76.61520 72.82310 71.57150 73.24260 65.33080 73.31040 67.01680 71.30820 75.50610 -9999
-9999 -9999 -9999 -9999 -9999 -9999 -9999 -9999 -9999 -9999 -9999 -9999 -9999 -9999 -9999 -9999 -9999 -9999 -9999 -9999 -9999 -9999 -9999 -9999 -9999 -9999 -9999 -9999 -9999 -9999 -9999 -9999 -9999 -9999 -9999 -9999 -9999 -9999 75.57560 77.91230 80.77020 78.75740 75.61480 77.35660 84.20210 81.22920 79.77670 82.42650 83.37280 81.99030 83.04410 78.62480 78.58670 72.94200 75.17760 73.00070 70.05820 71.04550 73.17360 72.99810 73.36970 73.50550 75.03320 71.88100 71.76480 65.98760 70.18900 74.83990 67.67040 -9999 -9999
