data/hydroclimate-scenarios/1948-2000.Pcorr55N_Pref_Tref/monthly_summaries/soilm1_monthly_day1_apr.asc
ncols	311
nrows	91
xllcenter	102.75
yllcenter	31.75
cellsize	0.5
NODATA_value	-9999
[rows 0 to 31 of 91, columns 0 to 70 of 311]
-9999 -9999 -9999 -9999 -9999 -9999 -9999 -9999 -9999 -9999 -9999 -9999 -9999 -9999 -9999 -9999 -9999 -9999 -9999 -9999 -9999 -9999 -9999 -9999 -9999 -9999 -9999 -9999 -9999 -9999 -9999 -9999 -9999 -9999 -9999 -9999 -9999 -9999 -9999 -9999 -9999 -9999 -9999 -9999 -9999 -9999 -9999 -9999 -9999 -9999 -9999 -9999 -9999 -9999 -9999 -9999 -9999 -9999 -9999 -9999 -9999 -9999 -9999 -9999 -9999 -9999 -9999 -9999 -9999 -9999 -9999
-9999 -9999 -9999 -9999 -9999 -9999 -9999 -9999 -9999 -9999 -9999 -9999 -9999 -9999 -9999 -9999 -9999 -9999 -9999 -9999 -9999 -9999 -9999 -9999 -9999 -9999 -9999 -9999 -9999 -9999 -9999 -9999 -9999 -9999 -9999 -9999 -9999 -9999 -9999 -9999 -9999 -9999 -9999 -9999 -9999 -9999 -9999 -9999 -9999 -9999 -9999 -9999 -9999 -9999 -9999 -9999 -9999 -9999 -9999 -9999 -9999 -9999 -9999 -9999 -9999 -9999 -9999 -9999 -9999 -9999 -9999
-9999 -9999 -9999 -9999 -9999 -9999 -9999 -9999 -9999 -9999 -9999 -9999 -9999 -9999 -9999 -9999 -9999 -9999 -9999 -9999 -9999 -9999 -9999 -9999 -9999 -9999 -9999 -9999 -9999 -9999 -9999 -9999 -9999 -9999 -9999 -9999 -9999 -9999 -9999 -9999 -9999 -9999 -9999 -9999 -9999 -9999 -9999 -9999 -9999 -9999 -9999 -9999 -9999 -9999 -9999 -9999 -9999 -9999 -9999 -9999 -9999 -9999 -9999 -9999 -9999 -9999 -9999 -9999 -9999 -9999 -9999
-9999 -9999 -9999 -9999 -9999 -9999 -9999 -9999 -9999 -9999 -9999 -9999 -9999 -9999 -9999 -9999 -9999 -9999 -9999 -9999 -9999 -9999 -9999 -9999 -9999 -9999 -9999 -9999 -9999 -9999 -9999 -9999 -9999 -9999 -9999 -9999 -9999 -9999 -9999 -9999 -9999 -9999 -9999 -9999 -9999 -9999 -9999 -9999 -9999 -9999 -9999 -9999 -9999 -9999 -9999 -9999 -9999 -9999 -9999 -9999 -9999 -9999 -9999 -9999 -9999 -9999 -9999 -9999 -9999 -9999 -9999
-9999 -9999 -9999 -9999 -9999 -9999 -9999 -9999 -9999 -9999 -9999 -9999 -9999 -9999 -9999 -9999 -9999 -9999 -9999 -9999 -9999 -9999 -9999 -9999 -9999 -9999 -9999 -9999 -9999 -9999 -9999 -9999 -9999 -9999 -9999 -9999 -9999 -9999 -9999 -9999 -9999 -9999 -9999 -9999 -9999 -9999 -9999 -9999 -9999 -9999 -9999 -9999 -9999 -9999 -9999 -9999 -9999 -9999 -9999 -9999 -9999 -9999 -9999 -9999 -9999 -9999 -9999 -9999 -9999 -9999 -9999
-9999 -9999 -9999 -9999 -9999 -9999 -9999 -9999 -9999 -9999 -9999 -9999 -9999 -9999 -9999 -9999 -9999 -9999 -9999 -9999 -9999 -9999 -9999 -9999 -9999 -9999 -9999 -9999 -9999 -9999 -9999 -9999 -9999 -9999 -9999 -9999 -9999 -9999 -9999 -9999 -9999 -9999 -9999 -9999 -9999 -9999 -9999 -9999 -9999 -9999 -9999 -9999 -9999 -9999 -9999 -9999 -9999 -9999 -9999 -9999 -9999 -9999 -9999 -9999 -9999 -9999 -9999 -9999 -9999 -9999 -9999
-9999 -9999 -9999 -9999 -9999 -9999 -9999 -9999 -9999 -9999 -9999 -9999 -9999 -9999 -9999 -9999 -9999 -9999 -9999 -9999 -9999 -9999 -9999 -9999 -9999 -9999 -9999 -9999 -9999 -9999 -9999 -9999 -9999 -9999 -9999 -9999 -9999 -9999 -9999 -9999 -9999 -9999 -9999 -9999 -9999 -9999 -9999 -9999 -9999 -9999 -9999 -9999 -9999 -9999 -9999 -9999 -9999 -9999 -9999 -9999 -9999 -9999 -9999 -9999 -9999 -9999 -9999 -9999 -9999 -9999 -9999
-9999 -9999 -9999 -9999 -9999 -9999 -9999 -9999 -9999 -9999 -9999 -9999 -9999 -9999 -9999 -9999 -9999 -9999 -9999 -9999 -9999 -9999 -9999 -9999 -9999 -9999 -9999 -9999 -9999 -9999 -9999 -9999 -9999 -9999 -9999 -9999 -9999 -9999 -9999 -9999 -9999 -9999 64.12030 65.85340 64.95300 64.54000 64.72190 64.11560 63.46110 64.57080 64.19820 63.11880 -9999 -9999 -9999 -9999 -9999 -9999 -9999 -9999 -9999 -9999 -9999 -9999 -9999 -9999 -9999 -9999 -9999 -9999 -9999
-9999 -9999 -9999 -9999 -9999 -9999 -9999 -9999 -9999 -9999 -9999 -9999 -9999 -9999 -9999 -9999 -9999 -9999 -9999 -9999 -9999 -9999 -9999 -9999 -9999 -9999 -9999 -9999 -9999 -9999 -9999 -9999 -9999 -9999 -9999 -9999 -9999 -9999 63.32700 63.44850 63.41550 62.85640 63.26400 64.10100 63.53230 65.26430 65.15010 66.07600 65.12860 62.44660 62.25590 71.31720 73.56920 70.34950 -9999 -9999 -9999 -9999 -9999 -9999 -9999 -9999 -9999 -9999 -9999 -9999 -9999 -9999 -9999 -9999 -9999
-9999 -9999 -9999 -9999 -9999 -9999 -9999 -9999 -9999 -9999 -9999 -9999 -9999 -9999 -9999 -9999 -9999 -9999 -9999 -9999 -9999 -9999 -9999 -9999 -9999 -9999 -9999 -9999 -9999 -9999 -9999 -9999 -9999 -9999 -9999 -9999 -9999 -9999 -9999 -9999 65.54860 65.19250 64.81010 64.56550 63.07880 62.17920 63.13700 62.67330 66.10790 66.07220 65.13440 60.60480 58.27590 58.39080 -9999 -9999 -9999 -9999 -9999 -9999 -9999 -9999 -9999 -9999 -9999 -9999 -9999 -9999 -9999 -9999 -9999
-9999 -9999 -9999 -9999 -9999 -9999 -9999 -9999 -9999 -9999 -9999 -9999 -9999 -9999 -9999 -9999 -9999 -9999 -9999 -9999 -9999 -9999 -9999 -9999 -9999 -9999 -9999 -9999 -9999 -9999 -9999 -9999 -9999 -9999 -9999 -9999 -9999 -9999 -9999 -9999 -9999 -9999 -9999 -9999 65.10240 63.80990 63.03400 61.25350 58.86190 66.25080 63.58010 63.36420 57.70790 59.19390 -9999 -9999 -9999 -9999 -9999 -9999 60.49310 -9999 -9999 -9999 -9999 -9999 -9999 -9999 -9999 -9999 -9999
-9999 -9999 -9999 -9999 -9999 -9999 -9999 -9999 -9999 -9999 -9999 -9999 -9999 -9999 -9999 -9999 -9999 -9999 -9999 -9999 -9999 -9999 -9999 -9999 -9999 -9999 -9999 -9999 -9999 -9999 -9999 -9999 -9999 -9999 -9999 -9999 -9999 -9999 -9999 -9999 -9999 66.29400 66.48160 65.87150 65.98860 65.96300 65.46420 65.80660 65.16600 66.41510 66.04880 63.81600 57.21240 61.20150 -9999 -9999 -9999 -9999 -9999 60.62300 60.13540 59.88190 59.61000 59.73640 59.08920 59.82640 59.50760 59.59930 59.53840 58.90590 59.14570
-9999 -9999 -9999 -9999 -9999 -9999 -9999 -9999 -9999 -9999 -9999 -9999 -9999 -9999 -9999 -9999 -9999 -9999 -9999 -9999 -9999 -9999 -9999 -9999 -9999 -9999 -9999 -9999 -9999 -9999 -9999 -9999 -9999 -9999 -9999 -9999 -9999 -9999 -9999 -9999 -9999 66.95150 66.81870 65.97020 66.22080 65.95410 70.75690 70.62510 66.40940 67.65940 67.48460 64.62870 57.66350 58.24770 61.06050 57.60480 62.43960 -9999 61.60650 60.55010 59.98100 59.72460 59.49060 61.75290 61.33390 60.46440 60.02490 59.34660 59.16240 59.70760 59.82170
-9999 -9999 -9999 -9999 -9999 -9999 -9999 -9999 -9999 -9999 -9999 -9999 -9999 -9999 -9999 -9999 -9999 -9999 -9999 -9999 -9999 -9999 -9999 -9999 -9999 -9999 -9999 -9999 -9999 -9999 -9999 -9999 -9999 -9999 -9999 65.46920 65.68200 65.30890 65.48350 65.86920 66.00710 66.59480 66.59030 66.01080 70.62450 70.70410 66.22000 66.52380 66.91280 68.04990 66.44220 67.58780 65.38560 63.64690 57.95230 58.19090 63.68910 65.22620 62.56470 60.57910 60.59110 60.52150 59.37050 61.80720 62.42360 60.27460 60.94130 60.81420 60.23430 51.16070 51.47830
-9999 -9999 -9999 -9999 -9999 -9999 -9999 -9999 -9999 -9999 -9999 -9999 -9999 -9999 -9999 -9999 -9999 -9999 -9999 -9999 -9999 -9999 -9999 -9999 -9999 -9999 -9999 -9999 -9999 -9999 -9999 -9999 -9999 -9999 63.75050 64.04670 64.10680 64.91810 64.54010 66.52020 66.80400 66.77390 67.31120 71.16110 68.19580 67.53070 67.55400 67.72970 68.35330 67.90450 63.44090 64.37650 64.21280 59.81560 59.10280 64.27150 66.55830 64.36840 62.59900 61.04650 60.32780 59.02360 59.45200 60.20440 58.18430 59.02040 59.42410 60.56990 61.18840 60.36780 61.23810
-9999 -9999 -9999 -9999 -9999 -9999 -9999 -9999 -9999 -9999 -9999 -9999 -9999 -9999 -9999 -9999 -9999 -9999 -9999 -9999 -9999 -9999 -9999 -9999 -9999 -9999 -9999 -9999 -9999 -9999 -9999 -9999 -9999 62.95990 63.14580 63.14170 63.58950 64.79510 64.63390 66.35870 66.77140 66.90780 71.25060 70.84670 66.83720 67.57970 67.91520 67.47130 66.92560 68.24910 67.83980 65.74040 61.24020 59.17710 58.71510 63.94070 64.38970 66.00250 63.52910 60.37050 60.92300 59.31210 58.39320 57.71650 57.50780 58.85510 60.83330 61.23030 61.62530 61.69630 63.93470
-9999 -9999 -9999 -9999 -9999 -9999 -9999 -9999 -9999 -9999 -9999 -9999 -9999 -9999 -9999 -9999 -9999 -9999 -9999 -9999 -9999 -9999 -9999 -9999 -9999 -9999 -9999 -9999 -9999 -9999 -9999 62.35950 62.56610 62.72560 63.04430 63.80610 63.71320 64.32280 64.31400 65.94000 66.24690 66.80950 70.84630 67.20350 66.69020 67.79410 68.79860 68.47870 66.43770 63.42400 60.38120 59.50250 57.53000 59.23110 63.57740 62.50120 63.82900 63.73210 64.02920 62.60130 60.45920 58.29710 58.70780 57.22440 57.56100 59.26600 59.99660 61.22980 62.15860 64.57470 64.48310
-9999 -9999 -9999 -9999 -9999 -9999 -9999 -9999 -9999 -9999 -9999 -9999 -9999 -9999 -9999 -9999 -9999 -9999 -9999 -9999 -9999 -9999 -9999 -9999 -9999 -9999 -9999 -9999 -9999 62.35820 62.33470 62.74420 62.55690 62.52400 62.74450 62.99760 63.74460 65.74440 65.03670 65.76820 70.46790 71.54030 66.22640 66.28090 66.48190 67.53120 68.00330 68.73510 65.22280 64.22130 60.77180 58.62670 58.53540 59.47850 64.62220 66.50910 66.89090 66.76660 65.44890 62.25150 60.10650 59.10630 58.55480 58.28800 57.86710 59.31160 60.00100 61.39840 61.74210 62.38390 63.10470
-9999 -9999 -9999 -9999 -9999 -9999 -9999 -9999 -9999 -9999 -9999 -9999 -9999 -9999 -9999 -9999 -9999 -9999 -9999 -9999 -9999 -9999 -9999 -9999 65.18940 64.63580 64.23880 63.86760 63.70120 64.11210 64.54580 64.60210 64.87100 65.26970 65.57920 65.25440 66.83300 67.39840 67.40220 66.60920 67.42230 72.13180 66.98160 66.39460 66.88800 67.33720 67.59450 67.97010 67.68600 66.31920 65.02430 63.51300 59.82630 64.17130 66.65340 67.94440 67.03590 65.58010 64.96030 62.54900 59.76960 59.06620 59.45930 59.72440 60.26040 61.31130 61.32580 62.41260 63.01110 62.74410 63.90710
-9999 -9999 -9999 -9999 -9999 -9999 66.63100 66.54700 66.91340 66.03310 65.70090 -9999 -9999 -9999 -9999 -9999 -9999 -9999 -9999 -9999 -9999 66.52070 65.43530 65.44280 65.81940 64.97240 64.27510 64.12160 64.04220 64.64230 64.57720 65.13000 65.21480 65.56630 65.78910 65.18730 65.63370 66.64190 68.05950 66.32600 67.12260 68.19690 71.79790 66.60160 66.66930 67.02260 67.27490 68.17810 67.99650 65.39220 63.59830 60.27540 61.07290 68.71560 67.97900 67.70500 67.41090 66.11810 63.27810 61.72510 60.45750 59.18170 60.76370 60.44340 61.35740 61.14340 61.06210 64.10250 64.67140 64.09570 62.82300
-9999 -9999 -9999 -9999 -9999 66.91140 66.87500 67.21960 67.01500 66.98410 66.60600 67.45540 67.19090 67.52370 -9999 -9999 -9999 66.94130 67.01200 65.87610 65.77710 65.41400 65.20230 64.42550 71.68050 74.19830 74.69150 74.52410 75.74730 76.27110 75.52430 74.90050 73.72110 73.59070 74.84420 75.11660 75.47130 77.16820 77.07670 76.82980 76.93830 77.23530 73.15970 74.81270 77.85900 76.03450 75.23570 74.03150 69.13790 64.76510 64.10200 60.00610 62.99950 64.42250 64.85630 65.11670 67.55190 66.28610 64.64140 62.14890 61.57130 63.23160 53.02170 61.25980 60.78540 63.73760 64.71600 65.48260 65.25630 65.54600 64.24380
-9999 66.34400 66.46840 67.23450 66.39570 66.60490 67.09900 66.92470 67.06980 66.73320 66.76940 67.43730 67.50110 67.68690 67.21910 67.36970 66.92200 67.05260 67.32020 66.23760 66.02220 65.55260 65.89710 76.12920 77.43730 77.93730 78.01140 77.76340 77.69110 77.91110 77.87310 78.20530 78.13500 78.45170 78.58970 78.54850 78.66070 78.37610 78.27990 78.40080 78.50080 78.89680 76.74910 72.81780 78.84510 78.72850 78.57910 76.14860 69.11950 66.65980 68.55530 67.54270 65.83410 60.19290 65.38130 67.23500 67.42930 66.13080 65.92740 62.74530 63.74020 62.61660 64.62840 63.26580 63.77880 63.58070 64.51950 64.87820 65.68280 66.82630 67.73860
-9999 68.00800 67.65960 67.41180 67.28790 67.50440 67.65950 68.40660 68.12830 67.70280 67.80500 67.90440 67.90710 67.82670 67.77840 67.48570 67.74110 67.56540 67.58060 67.25520 67.49820 67.55200 73.23850 77.47430 78.33460 78.12360 78.04600 78.05250 78.04280 78.25280 78.12470 78.23730 78.50680 78.80910 77.67280 78.53470 78.65380 78.64900 78.50100 78.41910 78.47550 78.86950 79.25540 72.33130 75.85090 78.43450 78.57890 78.64310 78.62490 76.58230 73.89510 67.13530 63.43370 65.15500 62.96820 64.75610 66.73280 67.22520 64.35360 57.11290 63.13560 63.57590 64.42010 55.98230 63.69120 63.70030 64.96220 62.62680 64.68440 63.42740 64.97850
-9999 -9999 -9999 74.20610 74.52660 74.94440 74.86410 75.07080 75.08990 75.06670 67.92910 68.73540 69.19960 69.52600 68.69580 67.75570 68.15980 68.44850 69.07780 69.97740 73.71780 73.53720 74.24080 78.32020 78.46550 78.33330 78.35520 78.12140 78.11990 78.47190 78.68730 78.89840 77.91530 77.50400 75.70610 74.67630 82.35710 79.40510 77.48830 75.97460 76.41760 75.53710 67.91130 68.68450 71.28690 72.48540 74.74440 77.70590 77.91180 75.00000 68.23160 68.45100 66.77800 66.80370 66.27840 66.38960 65.24260 59.42770 62.53370 57.04700 62.31020 64.61040 61.79340 65.14940 63.61380 64.69740 65.12930 66.71000 65.93660 65.26840 65.49640
-9999 -9999 -9999 -9999 -9999 -9999 74.62250 74.51980 74.25470 70.19870 69.98160 74.00960 73.95110 73.79600 73.76700 70.17150 70.23160 73.79000 73.76820 74.05970 75.65890 77.37880 78.87860 78.62710 78.59500 78.83370 78.62680 76.45820 74.58580 78.37770 78.84290 78.43090 75.15560 67.21460 75.98500 66.59950 71.53260 72.61400 67.22670 67.23550 66.46730 66.48860 66.67390 67.42140 68.53200 68.41180 71.06570 71.91430 73.59630 76.16180 75.79130 76.53330 77.81950 68.33180 69.24810 77.99850 68.14380 67.58070 66.57030 62.51880 58.57110 58.64570 58.15130 57.42860 62.17570 63.22910 64.20480 67.20550 67.20130 66.51350 63.86480
-9999 -9999 -9999 -9999 -9999 -9999 73.81480 73.89560 73.77380 73.98760 73.88820 73.94060 73.98970 73.88390 73.98130 73.96100 74.44660 75.94880 77.04590 78.59050 78.84610 78.89460 78.98810 79.03590 78.98210 78.70740 78.77350 76.79290 68.68120 68.93740 69.64600 68.75050 69.12470 67.85120 68.60030 67.44280 70.57830 70.30890 70.27610 64.91310 67.49730 67.60630 66.78310 66.99430 66.75780 67.50990 68.16970 67.95130 67.00500 70.22610 71.83100 74.30360 75.73280 75.22970 76.39390 78.05880 76.83870 76.47230 73.93550 75.02930 69.71350 69.21890 67.75860 63.17330 64.77620 65.00180 66.97010 67.68290 67.28000 67.37740 65.68820
-9999 -9999 -9999 -9999 -9999 -9999 -9999 -9999 -9999 -9999 74.03230 73.78620 73.77750 73.90130 73.78500 76.58520 79.04360 78.82160 79.09280 78.82810 78.80070 78.95450 79.08870 79.20200 79.16330 79.05540 79.09830 79.41080 78.14450 76.33340 76.65060 74.37210 72.28440 67.86860 67.62860 66.91450 66.84810 66.05680 65.59600 65.98020 72.62200 75.21200 76.56480 74.61920 74.47650 73.60870 74.13680 76.24170 67.83360 67.64090 66.93970 66.08820 65.62720 70.24800 71.36190 71.38590 71.01800 65.30560 66.29700 70.34360 65.29960 73.29310 74.13410 75.63600 74.77600 73.85950 74.57100 70.05530 68.41000 68.78330 68.17090
-9999 -9999 -9999 -9999 -9999 -9999 -9999 -9999 -9999 -9999 75.01900 73.73350 73.81880 73.74860 74.03970 76.84420 79.34990 79.28350 79.19580 79.17500 79.41040 79.51880 79.49060 79.47020 79.40250 79.22230 79.10800 79.28520 79.28430 77.08670 74.78690 74.70280 72.22440 69.12810 73.91830 72.35750 75.70730 77.91020 76.97760 77.24800 78.54830 78.65200 78.56410 78.89430 78.90280 79.24500 79.24790 79.32070 79.10630 70.18920 66.75630 66.21230 65.87890 64.35970 70.99780 66.41100 64.80080 65.05830 64.55970 64.42540 64.24010 63.83460 64.30860 70.11430 72.47620 72.54970 74.34670 78.30410 69.58040 69.15660 70.08990
-9999 -9999 -9999 -9999 -9999 -9999 -9999 -9999 -9999 -9999 -9999 -9999 73.75890 73.77770 73.87080 74.29090 77.67560 79.08110 79.10630 79.50280 79.40280 77.80410 77.24880 75.30450 79.42140 79.16450 79.10830 79.31390 79.21400 78.88500 76.29280 76.90460 76.89680 78.36770 78.69110 78.44830 78.11830 78.19450 77.95970 78.40440 78.67120 78.81260 79.07160 79.08990 79.06710 78.94100 79.07500 79.10350 79.12210 78.21470 74.50490 71.79810 65.50450 72.75040 71.92710 62.89400 61.56100 64.29530 64.14970 63.91550 63.42850 63.46110 63.51500 70.05480 64.88680 65.90730 71.78000 78.06030 76.46050 70.85810 69.06440
-9999 -9999 -9999 -9999 -9999 -9999 -9999 -9999 -9999 -9999 -9999 -9999 73.74370 73.89670 73.94980 74.08470 74.10920 74.27340 77.02190 77.80790 74.18030 72.85000 80.63460 74.21120 79.23730 79.05650 79.18520 79.39830 79.18330 79.34750 79.26750 79.14750 79.20140 79.06300 78.78700 78.69280 78.35930 78.79810 78.32960 78.56780 78.86970 78.92850 79.09300 79.12340 79.13340 76.70950 75.86870 72.76280 67.76870 67.54990 73.26390 72.91340 73.57250 73.18210 71.72430 62.32770 63.14180 64.92540 64.64340 63.71380 63.39680 63.82480 66.09510 64.82840 66.26130 70.90450 73.36320 73.15760 70.42230 70.59260 68.54840
-9999 -9999 -9999 -9999 -9999 -9999 -9999 -9999 -9999 -9999 -9999 74.10680 73.65760 73.85230 74.02890 74.02180 70.36370 68.93130 70.51620 69.16020 71.39900 72.76000 73.79750 77.10510 79.26770 78.68980 78.88470 79.27300 79.16300 79.39760 79.40510 79.33910 79.36450 79.17460 79.01110 78.73550 78.76070 78.96440 78.89450 78.75520 78.87120 78.83400 78.97030 79.24500 79.07060 79.11830 76.76850 73.58750 71.61220 67.73570 68.05300 67.19240 66.04040 64.27740 62.28850 64.15490 65.15430 66.31060 65.43070 64.91980 66.82630 68.20720 69.06400 67.93740 67.74980 68.85110 70.13980 69.95550 70.23980 68.92640 67.17430
-9999 -9999 -9999 -9999 -9999 -9999 -9999 -9999 -9999 -9999 -9999 71.17900 74.29450 74.13960 74.43390 74.26390 71.22920 70.98660 69.70240 72.36470 72.99860 74.04570 77.43680 78.17660 78.24020 77.37320 79.35410 79.31030 79.23370 79.54630 79.49070 79.12990 79.29240 79.16030 79.30910 79.30680 79.32270 79.48900 79.42670 79.26910 79.20050 78.90890 76.82920 75.63920 74.73140 72.29370 72.55890 68.43490 69.74750 69.14120 69.84150 70.28710 69.55850 69.13800 69.39340 70.23170 69.92620 68.96700 69.29190 69.29240 68.05110 70.66210 70.10610 66.69310 66.41160 72.06720 70.10690 70.53390 70.64370 71.08510 70.30950
