data/hydroclimate-scenarios/1948-2000.Pcorr55N_Pref_Tref/monthly_summaries/soilm3_monthly_day1_nov.1950-2000.asc
ncols	311
nrows	91
xllcenter	102.75
yllcenter	31.75
cellsize	0.5
NODATA_value	-9999
[rows 0 to 31 of 91, columns 0 to 70 of 311]
-9999 -9999 -9999 -9999 -9999 -9999 -9999 -9999 -9999 -9999 -9999 -9999 -9999 -9999 -9999 -9999 -9999 -9999 -9999 -9999 -9999 -9999 -9999 -9999 -9999 -9999 -9999 -9999 -9999 -9999 -9999 -9999 -9999 -9999 -9999 -9999 -9999 -9999 -9999 -9999 -9999 -9999 -9999 -9999 -9999 -9999 -9999 -9999 -9999 -9999 -9999 -9999 -9999 -9999 -9999 -9999 -9999 -9999 -9999 -9999 -9999 -9999 -9999 -9999 -9999 -9999 -9999 -9999 -9999 -9999 -9999
-9999 -9999 -9999 -9999 -9999 -9999 -9999 -9999 -9999 -9999 -9999 -9999 -9999 -9999 -9999 -9999 -9999 -9999 -9999 -9999 -9999 -9999 -9999 -9999 -9999 -9999 -9999 -9999 -9999 -9999 -9999 -9999 -9999 -9999 -9999 -9999 -9999 -9999 -9999 -9999 -9999 -9999 -9999 -9999 -9999 -9999 -9999 -9999 -9999 -9999 -9999 -9999 -9999 -9999 -9999 -9999 -9999 -9999 -9999 -9999 -9999 -9999 -9999 -9999 -9999 -9999 -9999 -9999 -9999 -9999 -9999
-9999 -9999 -9999 -9999 -9999 -9999 -9999 -9999 -9999 -9999 -9999 -9999 -9999 -9999 -9999 -9999 -9999 -9999 -9999 -9999 -9999 -9999 -9999 -9999 -9999 -9999 -9999 -9999 -9999 -9999 -9999 -9999 -9999 -9999 -9999 -9999 -9999 -9999 -9999 -9999 -9999 -9999 -9999 -9999 -9999 -9999 -9999 -9999 -9999 -9999 -9999 -9999 -9999 -9999 -9999 -9999 -9999 -9999 -9999 -9999 -9999 -9999 -9999 -9999 -9999 -9999 -9999 -9999 -9999 -9999 -9999
-9999 -9999 -9999 -9999 -9999 -9999 -9999 -9999 -9999 -9999 -9999 -9999 -9999 -9999 -9999 -9999 -9999 -9999 -9999 -9999 -9999 -9999 -9999 -9999 -9999 -9999 -9999 -9999 -9999 -9999 -9999 -9999 -9999 -9999 -9999 -9999 -9999 -9999 -9999 -9999 -9999 -9999 -9999 -9999 -9999 -9999 -9999 -9999 -9999 -9999 -9999 -9999 -9999 -9999 -9999 -9999 -9999 -9999 -9999 -9999 -9999 -9999 -9999 -9999 -9999 -9999 -9999 -9999 -9999 -9999 -9999
-9999 -9999 -9999 -9999 -9999 -9999 -9999 -9999 -9999 -9999 -9999 -9999 -9999 -9999 -9999 -9999 -9999 -9999 -9999 -9999 -9999 -9999 -9999 -9999 -9999 -9999 -9999 -9999 -9999 -9999 -9999 -9999 -9999 -9999 -9999 -9999 -9999 -9999 -9999 -9999 -9999 -9999 -9999 -9999 -9999 -9999 -9999 -9999 -9999 -9999 -9999 -9999 -9999 -9999 -9999 -9999 -9999 -9999 -9999 -9999 -9999 -9999 -9999 -9999 -9999 -9999 -9999 -9999 -9999 -9999 -9999
-9999 -9999 -9999 -9999 -9999 -9999 -9999 -9999 -9999 -9999 -9999 -9999 -9999 -9999 -9999 -9999 -9999 -9999 -9999 -9999 -9999 -9999 -9999 -9999 -9999 -9999 -9999 -9999 -9999 -9999 -9999 -9999 -9999 -9999 -9999 -9999 -9999 -9999 -9999 -9999 -9999 -9999 -9999 -9999 -9999 -9999 -9999 -9999 -9999 -9999 -9999 -9999 -9999 -9999 -9999 -9999 -9999 -9999 -9999 -9999 -9999 -9999 -9999 -9999 -9999 -9999 -9999 -9999 -9999 -9999 -9999
-9999 -9999 -9999 -9999 -9999 -9999 -9999 -9999 -9999 -9999 -9999 -9999 -9999 -9999 -9999 -9999 -9999 -9999 -9999 -9999 -9999 -9999 -9999 -9999 -9999 -9999 -9999 -9999 -9999 -9999 -9999 -9999 -9999 -9999 -9999 -9999 -9999 -9999 -9999 -9999 -9999 -9999 -9999 -9999 -9999 -9999 -9999 -9999 -9999 -9999 -9999 -9999 -9999 -9999 -9999 -9999 -9999 -9999 -9999 -9999 -9999 -9999 -9999 -9999 -9999 -9999 -9999 -9999 -9999 -9999 -9999
-9999 -9999 -9999 -9999 -9999 -9999 -9999 -9999 -9999 -9999 -9999 -9999 -9999 -9999 -9999 -9999 -9999 -9999 -9999 -9999 -9999 -9999 -9999 -9999 -9999 -9999 -9999 -9999 -9999 -9999 -9999 -9999 -9999 -9999 -9999 -9999 -9999 -9999 -9999 -9999 -9999 -9999 19.20360 18.70590 19.23420 19.18840 19.29200 19.46110 19.33780 20.15460 19.84840 19.35700 -9999 -9999 -9999 -9999 -9999 -9999 -9999 -9999 -9999 -9999 -9999 -9999 -9999 -9999 -9999 -9999 -9999 -9999 -9999
-9999 -9999 -9999 -9999 -9999 -9999 -9999 -9999 -9999 -9999 -9999 -9999 -9999 -9999 -9999 -9999 -9999 -9999 -9999 -9999 -9999 -9999 -9999 -9999 -9999 -9999 -9999 -9999 -9999 -9999 -9999 -9999 -9999 -9999 -9999 -9999 -9999 -9999 20.37440 20.46060 20.52570 20.94760 20.55850 19.74220 20.15630 18.90810 18.27950 18.23880 19.54090 20.45750 22.54240 23.13550 22.83330 22.92380 -9999 -9999 -9999 -9999 -9999 -9999 -9999 -9999 -9999 -9999 -9999 -9999 -9999 -9999 -9999 -9999 -9999
-9999 -9999 -9999 -9999 -9999 -9999 -9999 -9999 -9999 -9999 -9999 -9999 -9999 -9999 -9999 -9999 -9999 -9999 -9999 -9999 -9999 -9999 -9999 -9999 -9999 -9999 -9999 -9999 -9999 -9999 -9999 -9999 -9999 -9999 -9999 -9999 -9999 -9999 -9999 -9999 19.77840 19.80080 19.93950 20.05980 20.54830 21.38230 20.44950 20.90640 18.36440 18.25880 18.55800 20.94490 22.50570 22.57910 -9999 -9999 -9999 -9999 -9999 -9999 -9999 -9999 -9999 -9999 -9999 -9999 -9999 -9999 -9999 -9999 -9999
-9999 -9999 -9999 -9999 -9999 -9999 -9999 -9999 -9999 -9999 -9999 -9999 -9999 -9999 -9999 -9999 -9999 -9999 -9999 -9999 -9999 -9999 -9999 -9999 -9999 -9999 -9999 -9999 -9999 -9999 -9999 -9999 -9999 -9999 -9999 -9999 -9999 -9999 -9999 -9999 -9999 -9999 -9999 -9999 19.79020 20.23420 20.57220 22.11620 21.90870 19.85200 20.91790 20.85910 21.65360 22.71500 -9999 -9999 -9999 -9999 -9999 -9999 19.00110 -9999 -9999 -9999 -9999 -9999 -9999 -9999 -9999 -9999 -9999
-9999 -9999 -9999 -9999 -9999 -9999 -9999 -9999 -9999 -9999 -9999 -9999 -9999 -9999 -9999 -9999 -9999 -9999 -9999 -9999 -9999 -9999 -9999 -9999 -9999 -9999 -9999 -9999 -9999 -9999 -9999 -9999 -9999 -9999 -9999 -9999 -9999 -9999 -9999 -9999 -9999 19.79290 19.81500 19.82360 19.82150 19.82360 20.05750 20.47010 20.35240 19.88650 19.83770 21.27050 22.12790 22.07420 -9999 -9999 -9999 -9999 -9999 20.60090 21.10070 22.20040 22.00030 20.40020 20.80030 21.60020 22.40020 23.50040 22.20050 22.40030 21.60030
-9999 -9999 -9999 -9999 -9999 -9999 -9999 -9999 -9999 -9999 -9999 -9999 -9999 -9999 -9999 -9999 -9999 -9999 -9999 -9999 -9999 -9999 -9999 -9999 -9999 -9999 -9999 -9999 -9999 -9999 -9999 -9999 -9999 -9999 -9999 -9999 -9999 -9999 -9999 -9999 -9999 20.91320 20.06440 19.83870 19.81120 19.76640 20.74450 20.70420 20.00060 20.86930 21.74770 23.15960 22.41830 22.43340 22.19590 22.27860 21.04660 -9999 20.80170 23.40100 23.50070 23.40050 23.30030 22.40040 22.90060 23.50180 22.60160 22.20170 21.50260 20.70060 20.40040
-9999 -9999 -9999 -9999 -9999 -9999 -9999 -9999 -9999 -9999 -9999 -9999 -9999 -9999 -9999 -9999 -9999 -9999 -9999 -9999 -9999 -9999 -9999 -9999 -9999 -9999 -9999 -9999 -9999 -9999 -9999 -9999 -9999 -9999 -9999 23.29330 21.15070 19.89500 19.90750 19.73710 19.74090 19.77750 19.81940 19.89190 20.61010 20.54770 19.73330 20.04760 21.87830 23.04310 22.98560 23.16460 23.37210 23.20760 22.41780 22.50790 22.81060 23.00460 23.50310 23.50080 23.30030 22.90020 22.80030 22.80650 23.00190 23.50300 23.40310 23.00140 22.70170 22.28360 22.28360
-9999 -9999 -9999 -9999 -9999 -9999 -9999 -9999 -9999 -9999 -9999 -9999 -9999 -9999 -9999 -9999 -9999 -9999 -9999 -9999 -9999 -9999 -9999 -9999 -9999 -9999 -9999 -9999 -9999 -9999 -9999 -9999 -9999 -9999 23.55210 22.81190 22.12990 22.03880 20.18510 19.69640 19.70420 19.73500 19.93320 20.72670 20.15380 19.73130 19.74750 20.86160 23.08910 23.17160 23.15670 23.06850 23.24300 22.69380 22.57950 23.18330 22.94700 23.32890 23.50580 23.30210 22.80330 22.71530 23.11090 23.34590 23.50670 23.40350 23.10230 23.00850 22.83700 22.82650 22.76560
-9999 -9999 -9999 -9999 -9999 -9999 -9999 -9999 -9999 -9999 -9999 -9999 -9999 -9999 -9999 -9999 -9999 -9999 -9999 -9999 -9999 -9999 -9999 -9999 -9999 -9999 -9999 -9999 -9999 -9999 -9999 -9999 -9999 23.54850 23.36340 22.21510 22.22090 21.64000 20.56760 19.67210 19.68390 19.73800 20.97580 20.53820 19.77150 20.24230 21.25790 21.67190 22.34730 22.62750 22.47800 23.36090 23.27550 22.68650 22.45270 23.11610 23.06100 22.91040 22.90480 22.80900 23.11210 23.30570 23.30330 23.50270 23.50570 23.30610 23.00510 23.31400 23.32080 23.41250 22.90520
-9999 -9999 -9999 -9999 -9999 -9999 -9999 -9999 -9999 -9999 -9999 -9999 -9999 -9999 -9999 -9999 -9999 -9999 -9999 -9999 -9999 -9999 -9999 -9999 -9999 -9999 -9999 -9999 -9999 -9999 -9999 23.34620 21.60790 21.10830 21.00890 22.11140 21.31780 20.43810 19.65250 19.86520 19.78510 19.98970 20.52710 20.01760 19.76360 20.59650 22.83380 22.97730 23.02360 23.08290 23.11980 22.87190 22.84030 22.72870 23.12130 23.27760 22.91700 22.83680 23.15440 23.12540 23.30940 23.50550 23.40430 23.50160 23.50480 23.51160 23.40490 23.10060 23.00050 22.91610 22.90120
-9999 -9999 -9999 -9999 -9999 -9999 -9999 -9999 -9999 -9999 -9999 -9999 -9999 -9999 -9999 -9999 -9999 -9999 -9999 -9999 -9999 -9999 -9999 -9999 -9999 -9999 -9999 -9999 -9999 20.70520 22.10170 20.60790 19.61080 19.60900 19.61060 19.61120 20.71650 22.62170 20.74320 19.65420 20.36020 21.09710 19.71330 19.73460 19.73670 19.81330 20.52970 22.63120 23.10440 23.19620 23.06500 22.79740 22.83480 22.68540 23.19560 23.33530 22.95320 22.93700 22.90580 22.90070 23.30300 23.30180 23.30200 23.40540 23.50230 23.40210 23.51840 23.54430 23.56170 23.59540 22.93420
-9999 -9999 -9999 -9999 -9999 -9999 -9999 -9999 -9999 -9999 -9999 -9999 -9999 -9999 -9999 -9999 -9999 -9999 -9999 -9999 -9999 -9999 -9999 -9999 21.64090 21.33510 20.92640 20.31540 20.11820 19.60780 19.60770 19.61000 19.61270 19.61210 19.61610 20.02290 22.72080 21.13210 20.24490 19.67280 19.97880 21.13290 19.99850 19.73990 19.73080 19.72740 20.02700 20.61080 22.06000 23.24930 23.17540 23.84890 23.30980 23.53380 23.17250 23.09440 22.95450 22.92480 22.92000 23.20350 23.50200 23.50880 23.40330 23.30020 23.30020 23.30050 23.40070 23.20100 23.10110 23.31150 23.91350
-9999 -9999 -9999 -9999 -9999 -9999 22.85270 22.84020 22.83500 22.80480 22.78790 -9999 -9999 -9999 -9999 -9999 -9999 -9999 -9999 -9999 -9999 21.62570 19.96960 20.76010 21.94790 20.84540 20.03780 19.62680 19.62270 19.60860 19.60630 19.61240 19.61800 19.61800 19.62140 19.62170 19.63460 19.82380 22.02370 19.64990 20.05020 20.06310 21.05340 19.70780 19.72710 19.71380 20.00870 21.85750 23.18290 23.22990 23.31870 23.40870 23.63530 23.50930 23.08700 22.99320 22.95920 22.92130 23.21380 23.40670 23.40410 23.41260 23.31090 23.40300 23.40690 22.80030 22.80020 22.90030 22.90040 22.90040 22.81260
-9999 -9999 -9999 -9999 -9999 22.83490 22.83910 22.87540 22.93090 22.84020 22.83410 22.87250 22.86240 22.87220 -9999 -9999 -9999 22.92560 22.63350 21.14530 20.64890 19.66760 19.68490 19.64640 19.30470 18.96310 18.83340 18.83280 18.72730 18.72730 18.82560 18.81890 19.02330 19.03090 18.91910 18.83980 18.86000 18.93920 18.94310 18.75260 18.75910 18.76160 20.80420 19.92220 18.67280 18.91350 19.66730 20.99290 22.77940 23.23320 23.22830 23.05540 23.72760 23.16740 23.05210 23.11220 23.02110 22.95870 22.90390 22.72200 22.80890 22.90660 22.71050 22.80060 22.71910 22.86090 22.91290 22.90630 22.90170 22.90490 22.82890
-9999 21.92190 18.43060 18.25930 18.28520 22.64360 23.34600 22.93900 22.94300 22.92710 22.93690 22.96260 22.97870 22.96400 22.94310 22.93420 22.92030 22.92320 22.93400 22.91780 22.12900 19.84600 20.35660 18.74990 18.52960 18.53600 18.52650 18.52590 18.52490 18.51860 18.50990 18.50620 18.50580 18.50610 18.50840 18.51780 18.52500 18.51850 18.52480 18.53090 18.53260 18.53270 19.45570 20.80530 18.54540 18.57570 18.60080 19.70910 21.69480 21.91380 22.43730 23.70800 23.68280 23.49830 23.45430 23.49150 23.13030 22.93110 22.93730 22.74570 22.80320 22.84270 22.84360 22.80790 22.84660 23.03600 23.00550 22.84270 22.90550 22.96590 23.30030
-9999 23.06990 23.02280 22.95210 22.93660 22.62280 22.41200 22.41900 22.11210 22.82450 22.92510 22.93950 22.97010 22.94000 22.94990 22.95720 22.98000 22.96610 22.96130 22.93650 21.96260 21.47260 23.42420 19.27950 18.54830 18.52780 18.52260 18.51540 18.51370 18.51980 18.51110 18.50780 18.50980 18.51030 19.11720 18.50940 18.51060 18.50930 18.51070 18.52610 18.53650 18.53670 18.53240 21.28990 19.59010 18.62560 18.53970 18.62660 18.68320 19.67530 21.11430 23.20020 23.32340 23.61360 23.54270 23.35420 23.09120 23.04390 22.88490 22.39540 22.76230 22.87350 22.87960 22.72300 22.85960 23.48480 23.30460 22.85700 22.92240 22.95820 23.06950
-9999 -9999 -9999 19.40330 19.21540 18.72050 18.68020 18.68860 18.67950 18.79290 22.92700 23.01830 23.11380 23.31500 23.12170 22.93810 22.95690 22.93320 23.13520 23.43080 23.51730 23.51990 22.53040 18.79330 18.54460 18.52580 18.51560 18.50820 18.50500 18.51080 18.50930 18.50670 19.00890 19.21480 20.11900 21.20870 18.20620 18.20880 19.61630 21.03590 20.23510 20.42630 23.61870 23.47910 22.15320 20.99490 19.92830 18.79460 18.91270 20.18350 22.36070 22.92520 22.34730 23.50390 23.01540 23.45810 23.32370 23.02230 23.16760 22.42240 22.80420 22.96440 23.05160 22.91630 22.89210 22.95140 22.92400 22.97080 23.01770 23.33450 23.39040
-9999 -9999 -9999 -9999 -9999 -9999 20.19090 20.80480 21.50530 22.41400 23.30650 23.45500 23.45540 23.44670 23.43290 23.31130 23.31010 23.47010 23.45700 23.04950 21.47790 19.70420 18.56560 18.54410 18.53100 18.52560 18.50900 19.90660 21.40290 18.90770 18.50450 18.50500 20.90590 22.83380 19.59610 22.72860 22.36650 20.94570 23.80670 23.97520 23.93820 23.15790 22.75770 23.18360 23.44710 23.75020 22.47420 21.56490 20.62200 19.60680 20.24640 20.23380 19.65180 22.79620 22.45260 19.69120 23.27270 23.39740 23.39300 23.30500 22.66640 23.15070 22.70070 22.59090 23.13220 23.18020 22.92860 23.05610 23.32150 23.41150 23.75910
-9999 -9999 -9999 -9999 -9999 -9999 23.44460 23.45250 23.43140 23.45790 23.43940 23.45110 23.44400 23.43170 23.43390 23.47260 22.97150 21.20060 20.10260 18.77470 18.58960 18.58310 18.56590 18.54890 18.54040 18.52030 18.51180 19.90830 24.12570 24.12950 23.08840 23.15580 22.77840 23.55540 23.41950 23.28270 22.69510 22.61040 22.27940 22.67750 22.93300 23.22550 23.67380 23.38060 23.07020 22.92410 23.20230 24.06790 23.93150 23.04130 21.69830 20.27190 19.82040 19.98630 19.56950 18.66700 19.32160 19.64450 20.48650 20.44670 21.84580 22.08750 23.22880 23.23440 23.26180 22.97260 22.99950 23.03250 23.15620 23.35960 23.95030
-9999 -9999 -9999 -9999 -9999 -9999 -9999 -9999 -9999 -9999 23.12450 23.46040 23.45820 23.42870 23.43130 20.53930 18.55380 18.57430 18.58330 18.59120 18.59030 18.56750 18.56510 18.54230 18.53560 18.53250 18.52420 18.51130 19.10990 20.32850 19.67400 20.25760 21.29850 23.24990 24.02000 23.54930 23.92920 23.98610 23.96810 23.96190 22.16230 20.60700 19.80310 21.15770 21.11860 21.75870 21.38040 20.21620 23.57870 24.03210 24.02530 23.75880 23.46620 22.41220 22.15750 22.97300 21.95480 22.66660 22.69380 22.33530 22.64370 20.21700 19.93790 19.40060 20.14110 20.48570 20.29490 21.29720 23.12550 23.17830 23.50650
-9999 -9999 -9999 -9999 -9999 -9999 -9999 -9999 -9999 -9999 21.94020 23.42270 23.44270 23.42460 23.43260 20.56350 18.56910 18.59600 18.62480 18.63270 18.62330 18.58440 18.58000 18.56170 18.55120 18.52960 18.51850 18.51150 18.50970 19.46150 20.28740 20.24430 22.41520 22.97630 21.42730 22.48220 20.19410 18.51030 19.00470 19.10300 18.50190 18.50190 18.50170 18.50290 18.50240 18.50440 18.50610 18.51730 18.62640 22.83000 24.00000 24.02600 24.02200 23.80050 21.79500 24.15510 24.24610 24.26430 24.24540 24.13140 24.02590 24.02850 23.83860 22.47290 20.55160 21.13140 19.90510 18.65460 21.99010 23.23940 23.83930
-9999 -9999 -9999 -9999 -9999 -9999 -9999 -9999 -9999 -9999 -9999 -9999 23.41440 23.43000 23.44160 22.97160 19.69320 18.61710 18.62730 18.58440 18.56660 18.68250 18.27430 18.66990 18.54200 18.52470 18.52180 18.52990 18.52990 18.62160 19.64220 19.43580 19.43480 18.70910 18.51120 18.51830 18.51920 18.52770 18.51240 18.50680 18.50430 18.50270 18.50340 18.50270 18.50250 18.50180 18.50300 18.50630 18.51180 19.01340 20.84420 22.63860 22.73080 21.72420 20.52250 23.23310 24.22070 24.26220 24.25580 24.24090 24.23590 24.23070 23.45460 22.33930 23.35230 24.16440 21.57580 18.73900 19.63290 21.39300 23.51360
-9999 -9999 -9999 -9999 -9999 -9999 -9999 -9999 -9999 -9999 -9999 -9999 23.41960 23.42020 23.43130 23.45340 23.50290 23.37000 20.52220 19.74780 18.38280 19.78610 18.30110 19.38620 18.55390 18.53810 18.53740 18.54810 18.54070 18.54190 18.53500 18.51620 18.51610 18.51310 18.51310 18.51400 18.51990 18.52680 18.51820 18.51070 18.50680 18.50280 18.50240 18.50340 18.50390 19.29490 19.90190 21.97240 23.39510 23.40140 22.16170 22.09680 21.42580 20.56140 22.30100 24.11530 24.13030 24.16670 24.17010 24.14780 23.66660 22.35720 23.00070 24.10030 24.13490 22.48890 21.11160 22.29460 23.08510 23.62080 23.48660
-9999 -9999 -9999 -9999 -9999 -9999 -9999 -9999 -9999 -9999 -9999 23.43040 23.42330 23.41970 23.42860 23.46810 22.25000 18.26360 18.26070 18.28640 18.24370 19.85370 19.66310 18.77220 18.54980 18.53890 18.55030 18.56390 18.55430 18.53860 18.52660 18.53550 18.53130 18.51650 18.51330 18.50850 18.51010 18.52040 18.52210 18.53660 18.52690 18.51470 18.51170 18.51640 18.51220 18.50830 19.80970 21.10300 21.62200 23.22660 22.93020 22.98240 22.77980 23.48800 24.01830 24.12860 24.04500 24.06230 24.07100 22.89170 23.12950 24.31880 24.35850 24.18380 24.18600 22.90320 22.37020 23.06860 23.15620 23.22890 23.80690
-9999 -9999 -9999 -9999 -9999 -9999 -9999 -9999 -9999 -9999 -9999 23.41220 23.42550 23.41900 23.42720 23.45490 20.74000 18.85540 18.29140 19.08260 19.87940 19.89100 19.15370 19.68860 19.47440 19.36840 18.57230 18.57020 18.55870 18.55240 18.54350 18.53330 18.53040 18.52030 18.52400 18.52120 18.51390 18.52090 18.52700 18.52740 18.52640 18.63760 19.29860 19.83860 20.57730 22.79500 23.16600 23.38600 24.21890 24.21840 24.23230 24.25240 24.23580 24.22730 24.21680 24.31400 24.33960 23.08320 22.83640 23.85880 24.19940 24.37210 24.36430 24.13480 23.29290 22.49970 23.93910 23.41600 23.26010 23.61020 23.63140
