data/hydroclimate-scenarios/1948-2000.Pcorr55N_Pref_Tref/monthly_summaries/soilm2_monthly_day1_aug.1950-2000.asc
ncols	311
nrows	91
xllcenter	102.75
yllcenter	31.75
cellsize	0.5
NODATA_value	-9999
[rows 0 to 30 of 91, columns 0 to 70 of 311]
-9999 -9999 -9999 -9999 -9999 -9999 -9999 -9999 -9999 -9999 -9999 -9999 -9999 -9999 -9999 -9999 -9999 -9999 -9999 -9999 -9999 -9999 -9999 -9999 -9999 -9999 -9999 -9999 -9999 -9999 -9999 -9999 -9999 -9999 -9999 -9999 -9999 -9999 -9999 -9999 -9999 -9999 -9999 -9999 -9999 -9999 -9999 -9999 -9999 -9999 -9999 -9999 -9999 -9999 -9999 -9999 -9999 -9999 -9999 -9999 -9999 -9999 -9999 -9999 -9999 -9999 -9999 -9999 -9999 -9999 -9999
-9999 -9999 -9999 -9999 -9999 -9999 -9999 -9999 -9999 -9999 -9999 -9999 -9999 -9999 -9999 -9999 -9999 -9999 -9999 -9999 -9999 -9999 -9999 -9999 -9999 -9999 -9999 -9999 -9999 -9999 -9999 -9999 -9999 -9999 -9999 -9999 -9999 -9999 -9999 -9999 -9999 -9999 -9999 -9999 -9999 -9999 -9999 -9999 -9999 -9999 -9999 -9999 -9999 -9999 -9999 -9999 -9999 -9999 -9999 -9999 -9999 -9999 -9999 -9999 -9999 -9999 -9999 -9999 -9999 -9999 -9999
-9999 -9999 -9999 -9999 -9999 -9999 -9999 -9999 -9999 -9999 -9999 -9999 -9999 -9999 -9999 -9999 -9999 -9999 -9999 -9999 -9999 -9999 -9999 -9999 -9999 -9999 -9999 -9999 -9999 -9999 -9999 -9999 -9999 -9999 -9999 -9999 -9999 -9999 -9999 -9999 -9999 -9999 -9999 -9999 -9999 -9999 -9999 -9999 -9999 -9999 -9999 -9999 -9999 -9999 -9999 -9999 -9999 -9999 -9999 -9999 -9999 -9999 -9999 -9999 -9999 -9999 -9999 -9999 -9999 -9999 -9999
-9999 -9999 -9999 -9999 -9999 -9999 -9999 -9999 -9999 -9999 -9999 -9999 -9999 -9999 -9999 -9999 -9999 -9999 -9999 -9999 -9999 -9999 -9999 -9999 -9999 -9999 -9999 -9999 -9999 -9999 -9999 -9999 -9999 -9999 -9999 -9999 -9999 -9999 -9999 -9999 -9999 -9999 -9999 -9999 -9999 -9999 -9999 -9999 -9999 -9999 -9999 -9999 -9999 -9999 -9999 -9999 -9999 -9999 -9999 -9999 -9999 -9999 -9999 -9999 -9999 -9999 -9999 -9999 -9999 -9999 -9999
-9999 -9999 -9999 -9999 -9999 -9999 -9999 -9999 -9999 -9999 -9999 -9999 -9999 -9999 -9999 -9999 -9999 -9999 -9999 -9999 -9999 -9999 -9999 -9999 -9999 -9999 -9999 -9999 -9999 -9999 -9999 -9999 -9999 -9999 -9999 -9999 -9999 -9999 -9999 -9999 -9999 -9999 -9999 -9999 -9999 -9999 -9999 -9999 -9999 -9999 -9999 -9999 -9999 -9999 -9999 -9999 -9999 -9999 -9999 -9999 -9999 -9999 -9999 -9999 -9999 -9999 -9999 -9999 -9999 -9999 -9999
-9999 -9999 -9999 -9999 -9999 -9999 -9999 -9999 -9999 -9999 -9999 -9999 -9999 -9999 -9999 -9999 -9999 -9999 -9999 -9999 -9999 -9999 -9999 -9999 -9999 -9999 -9999 -9999 -9999 -9999 -9999 -9999 -9999 -9999 -9999 -9999 -9999 -9999 -9999 -9999 -9999 -9999 -9999 -9999 -9999 -9999 -9999 -9999 -9999 -9999 -9999 -9999 -9999 -9999 -9999 -9999 -9999 -9999 -9999 -9999 -9999 -9999 -9999 -9999 -9999 -9999 -9999 -9999 -9999 -9999 -9999
-9999 -9999 -9999 -9999 -9999 -9999 -9999 -9999 -9999 -9999 -9999 -9999 -9999 -9999 -9999 -9999 -9999 -9999 -9999 -9999 -9999 -9999 -9999 -9999 -9999 -9999 -9999 -9999 -9999 -9999 -9999 -9999 -9999 -9999 -9999 -9999 -9999 -9999 -9999 -9999 -9999 -9999 -9999 -9999 -9999 -9999 -9999 -9999 -9999 -9999 -9999 -9999 -9999 -9999 -9999 -9999 -9999 -9999 -9999 -9999 -9999 -9999 -9999 -9999 -9999 -9999 -9999 -9999 -9999 -9999 -9999
-9999 -9999 -9999 -9999 -9999 -9999 -9999 -9999 -9999 -9999 -9999 -9999 -9999 -9999 -9999 -9999 -9999 -9999 -9999 -9999 -9999 -9999 -9999 -9999 -9999 -9999 -9999 -9999 -9999 -9999 -9999 -9999 -9999 -9999 -9999 -9999 -9999 -9999 -9999 -9999 -9999 -9999 100.85400 103.50900 101.32400 100.52500 100.06900 99.63170 98.68930 98.58530 98.08790 97.85630 -9999 -9999 -9999 -9999 -9999 -9999 -9999 -9999 -9999 -9999 -9999 -9999 -9999 -9999 -9999 -9999 -9999 -9999 -9999
-9999 -9999 -9999 -9999 -9999 -9999 -9999 -9999 -9999 -9999 -9999 -9999 -9999 -9999 -9999 -9999 -9999 -9999 -9999 -9999 -9999 -9999 -9999 -9999 -9999 -9999 -9999 -9999 -9999 -9999 -9999 -9999 -9999 -9999 -9999 -9999 -9999 -9999 101.81200 106.39800 102.32000 98.88100 99.17880 100.16100 97.44450 101.62600 102.95500 104.54900 100.22800 94.91460 91.86730 113.69100 116.34800 121.33400 -9999 -9999 -9999 -9999 -9999 -9999 -9999 -9999 -9999 -9999 -9999 -9999 -9999 -9999 -9999 -9999 -9999
-9999 -9999 -9999 -9999 -9999 -9999 -9999 -9999 -9999 -9999 -9999 -9999 -9999 -9999 -9999 -9999 -9999 -9999 -9999 -9999 -9999 -9999 -9999 -9999 -9999 -9999 -9999 -9999 -9999 -9999 -9999 -9999 -9999 -9999 -9999 -9999 -9999 -9999 -9999 -9999 99.63650 99.54000 101.05300 101.56300 100.85100 98.07710 98.20510 94.13590 103.03900 102.33900 100.29900 92.24120 88.34880 91.34620 -9999 -9999 -9999 -9999 -9999 -9999 -9999 -9999 -9999 -9999 -9999 -9999 -9999 -9999 -9999 -9999 -9999
-9999 -9999 -9999 -9999 -9999 -9999 -9999 -9999 -9999 -9999 -9999 -9999 -9999 -9999 -9999 -9999 -9999 -9999 -9999 -9999 -9999 -9999 -9999 -9999 -9999 -9999 -9999 -9999 -9999 -9999 -9999 -9999 -9999 -9999 -9999 -9999 -9999 -9999 -9999 -9999 -9999 -9999 -9999 -9999 100.39200 101.45800 104.36400 96.33220 90.32540 99.04800 95.19730 97.04890 80.23200 90.49670 -9999 -9999 -9999 -9999 -9999 -9999 86.95460 -9999 -9999 -9999 -9999 -9999 -9999 -9999 -9999 -9999 -9999
-9999 -9999 -9999 -9999 -9999 -9999 -9999 -9999 -9999 -9999 -9999 -9999 -9999 -9999 -9999 -9999 -9999 -9999 -9999 -9999 -9999 -9999 -9999 -9999 -9999 -9999 -9999 -9999 -9999 -9999 -9999 -9999 -9999 -9999 -9999 -9999 -9999 -9999 -9999 -9999 -9999 102.21000 101.76100 102.64500 101.98200 100.16500 101.51100 102.46300 99.02390 99.12220 103.07700 95.86890 78.50040 89.31160 -9999 -9999 -9999 -9999 -9999 84.67070 83.35220 81.28970 80.75740 79.69450 79.07300 78.14540 77.77880 76.80270 77.13710 75.93240 76.64000
-9999 -9999 -9999 -9999 -9999 -9999 -9999 -9999 -9999 -9999 -9999 -9999 -9999 -9999 -9999 -9999 -9999 -9999 -9999 -9999 -9999 -9999 -9999 -9999 -9999 -9999 -9999 -9999 -9999 -9999 -9999 -9999 -9999 -9999 -9999 -9999 -9999 -9999 -9999 -9999 -9999 99.28370 100.60800 102.50300 100.05100 98.30440 101.01500 102.11000 98.28180 97.63450 98.41660 99.06340 85.13690 92.87720 90.59800 89.28620 90.16540 -9999 86.20360 82.26510 80.96760 80.84960 80.46910 82.37080 81.83420 79.17120 79.10200 79.10530 79.10940 79.00090 78.53680
-9999 -9999 -9999 -9999 -9999 -9999 -9999 -9999 -9999 -9999 -9999 -9999 -9999 -9999 -9999 -9999 -9999 -9999 -9999 -9999 -9999 -9999 -9999 -9999 -9999 -9999 -9999 -9999 -9999 -9999 -9999 -9999 -9999 -9999 -9999 112.25400 97.96590 100.67800 100.78700 97.76580 96.19500 93.30550 97.32860 98.57780 100.83900 93.88450 93.72420 91.45770 94.48060 105.47800 100.18000 108.20200 105.80200 101.46000 85.55220 88.92500 91.51980 90.01310 82.45580 81.16620 80.67330 81.70950 80.63930 86.14580 84.59430 79.08650 79.45600 79.28500 78.36590 56.01920 56.30070
-9999 -9999 -9999 -9999 -9999 -9999 -9999 -9999 -9999 -9999 -9999 -9999 -9999 -9999 -9999 -9999 -9999 -9999 -9999 -9999 -9999 -9999 -9999 -9999 -9999 -9999 -9999 -9999 -9999 -9999 -9999 -9999 -9999 -9999 110.53800 93.03810 96.00290 95.30520 98.01600 99.01530 96.76280 95.30970 93.48850 94.61700 91.35880 88.10590 87.91940 89.70500 104.37600 108.19200 99.96850 102.25600 110.12400 99.79030 96.10900 97.07080 97.74220 87.65520 81.39970 81.00320 82.20390 83.53860 83.87230 87.64150 80.13730 78.99350 79.97450 81.83480 86.74050 83.94280 87.75190
-9999 -9999 -9999 -9999 -9999 -9999 -9999 -9999 -9999 -9999 -9999 -9999 -9999 -9999 -9999 -9999 -9999 -9999 -9999 -9999 -9999 -9999 -9999 -9999 -9999 -9999 -9999 -9999 -9999 -9999 -9999 -9999 -9999 111.71600 111.04400 92.18550 92.39900 90.57940 92.50520 92.47450 89.86160 90.85280 110.26300 93.31310 90.52130 88.24200 90.60560 92.83160 102.03600 108.87500 111.92600 115.26900 112.93100 99.03720 90.21880 96.32110 95.31870 91.02540 83.59950 83.36040 84.43490 81.53180 78.95020 76.86100 79.09710 80.67510 82.43720 82.49040 83.67950 82.80000 86.84440
-9999 -9999 -9999 -9999 -9999 -9999 -9999 -9999 -9999 -9999 -9999 -9999 -9999 -9999 -9999 -9999 -9999 -9999 -9999 -9999 -9999 -9999 -9999 -9999 -9999 -9999 -9999 -9999 -9999 -9999 -9999 110.53900 91.17220 88.40450 86.69750 88.24820 87.17090 87.79980 87.78730 88.68180 87.32910 87.41600 85.92870 87.84790 90.11720 91.14830 95.37110 97.91970 97.81640 97.30110 102.03800 105.73000 110.24500 98.83860 102.00300 95.03460 90.75910 88.00960 90.31780 86.08940 81.34190 77.08050 76.03860 74.16520 75.11540 77.95790 78.86580 76.85050 76.96810 87.64930 93.45620
-9999 -9999 -9999 -9999 -9999 -9999 -9999 -9999 -9999 -9999 -9999 -9999 -9999 -9999 -9999 -9999 -9999 -9999 -9999 -9999 -9999 -9999 -9999 -9999 -9999 -9999 -9999 -9999 -9999 86.00970 84.21380 87.90140 89.30280 87.79580 87.78980 87.41170 86.54350 86.59520 86.22680 84.96550 88.01230 109.77200 83.32690 85.51400 87.01790 93.76050 95.35010 97.85350 100.96800 102.64500 102.37900 105.63700 106.97200 97.73300 106.60100 105.35200 98.27340 94.45230 86.29100 77.62030 75.89650 74.87300 73.32650 74.02870 73.14500 74.21640 78.13840 82.39980 83.12470 84.86370 85.02790
-9999 -9999 -9999 -9999 -9999 -9999 -9999 -9999 -9999 -9999 -9999 -9999 -9999 -9999 -9999 -9999 -9999 -9999 -9999 -9999 -9999 -9999 -9999 -9999 90.82860 91.28500 88.46360 85.81900 86.89690 86.16230 85.55420 84.35250 84.75040 84.04080 84.14370 83.30290 84.76660 83.89960 80.69260 82.56140 81.58000 110.27800 85.97980 85.88610 84.40080 86.54690 90.14220 95.87580 103.63900 106.02200 103.88400 116.16400 105.07900 102.66700 103.29900 103.20600 94.78170 89.37020 86.74730 77.95580 74.45010 73.02240 72.87560 71.74910 72.22280 73.95190 73.30820 72.66660 74.81620 79.36970 94.63110
-9999 -9999 -9999 -9999 -9999 -9999 112.00900 112.61300 112.38900 112.03200 111.41100 -9999 -9999 -9999 -9999 -9999 -9999 -9999 -9999 -9999 -9999 92.24240 94.41870 91.44210 90.18540 91.54200 90.34650 89.71560 88.32090 85.42890 84.48650 84.50410 85.20640 84.16710 85.19630 84.75800 85.39740 83.38320 83.68760 87.30420 86.15540 82.01740 110.34500 84.59300 84.83680 85.76910 87.39330 92.87860 104.82200 104.80100 108.80500 107.45200 107.26200 115.49500 104.65200 96.50330 92.56110 84.62430 76.81250 74.95820 74.91570 73.31620 74.48380 74.65840 75.71400 72.29970 71.79520 73.08750 74.20740 74.11870 78.28320
-9999 -9999 -9999 -9999 -9999 97.75680 99.56790 103.84700 99.14170 101.19800 101.84400 103.92700 103.71300 103.45000 -9999 -9999 -9999 96.58320 93.90800 92.38000 91.49700 92.98560 93.21540 90.13700 95.38400 93.38240 90.46550 88.16270 88.35720 89.86450 89.02650 87.70030 86.91360 86.13040 85.93250 88.39420 89.42470 89.31770 90.28240 93.29200 90.82000 88.19780 110.67700 109.81600 89.25860 87.81680 94.14940 103.51500 107.27700 104.22700 104.16700 97.07880 102.21300 96.63430 93.34620 92.81860 96.25760 84.91590 75.78270 74.77830 73.90530 75.61630 74.23770 73.04090 79.28000 85.31110 83.78420 82.49020 78.72200 82.23750 82.38080
-9999 95.61370 100.93400 98.22730 98.65140 95.62440 100.95500 100.69700 101.71600 99.78220 101.44700 102.89000 104.48700 102.84300 100.38600 98.35100 94.73530 96.78820 98.09920 95.44050 90.44120 89.41760 89.87060 92.76720 90.86490 93.10240 92.52820 91.52880 90.69290 89.19020 86.73160 85.53190 84.92030 83.35550 83.39050 87.34240 87.60220 87.86340 89.60790 89.26870 87.38050 87.10620 109.75500 109.10600 87.90510 89.01030 91.39160 96.29020 98.19390 100.53600 107.04700 113.02400 105.58500 102.35200 102.99300 103.12900 101.02300 80.62580 79.82570 77.86990 73.90450 77.65390 81.76350 81.10030 85.43120 82.19590 79.12670 84.21520 81.27090 90.88790 105.20000
-9999 99.73450 97.62450 98.21260 97.68100 94.92330 90.55190 92.47860 89.84470 94.05870 95.88850 97.44070 100.54200 96.92400 98.00510 98.86870 101.04900 98.15880 96.79780 96.36910 90.81350 90.31610 95.86970 91.50090 91.00920 89.18130 89.02950 88.50650 88.01860 87.85900 84.35080 83.06860 79.60580 78.03880 80.12560 83.58100 82.99260 83.25330 84.05810 85.56810 85.82230 82.47480 77.49720 109.59900 108.79800 82.02690 84.76120 89.15720 96.56430 103.05300 104.83700 107.27200 102.43700 112.48900 106.84200 98.78450 95.65380 91.33580 83.58820 67.03420 79.13650 80.75920 83.10210 77.17720 85.51860 84.73660 86.84990 84.13840 85.58790 86.37350 91.19060
-9999 -9999 -9999 99.87450 100.23200 100.14300 97.87660 98.04790 96.47980 95.58790 97.42450 92.89820 94.63900 94.21760 94.16980 96.32750 97.47390 91.96590 93.12870 95.68790 98.73010 97.61120 94.50650 93.92510 91.35110 88.79040 87.16700 85.52770 83.00230 81.18610 77.58740 76.16210 77.05380 76.36960 78.01760 107.70400 79.60570 81.78840 80.53380 81.16740 85.96430 110.07600 108.22100 107.72500 109.36200 108.99100 109.27400 87.29480 87.76620 92.87260 99.06120 105.21400 104.80400 111.21700 106.34500 104.14900 94.22460 87.75240 90.24480 73.82820 81.62290 88.48460 88.35470 91.37110 84.19340 83.18490 80.17440 87.27030 92.39730 96.94030 96.59090
-9999 -9999 -9999 -9999 -9999 -9999 93.38210 92.20240 92.44010 90.00860 91.60070 92.72570 94.36150 92.30240 87.95320 90.67610 92.87350 93.03840 89.81830 90.27480 88.34590 89.63310 87.55870 88.12120 86.29860 81.59130 80.03970 78.92890 107.96300 75.78120 78.40460 78.91980 107.69000 107.23900 108.09000 107.32300 108.92100 108.70600 107.65300 107.54000 107.55900 107.55100 107.49900 107.57900 107.52200 107.50600 109.40500 110.01800 109.95900 112.30300 105.91100 113.51000 116.31800 102.45600 106.22700 112.84100 102.70600 105.43900 104.63500 94.68390 85.96300 93.84060 86.08670 84.37810 93.41720 95.25720 86.83480 95.74000 102.48700 102.19500 100.08000
-9999 -9999 -9999 -9999 -9999 -9999 89.53070 89.14580 89.94230 88.90560 88.86830 91.77160 88.55770 85.22710 81.89850 89.58650 83.28100 87.58030 87.34070 93.37260 93.38720 90.51220 88.80040 85.28520 83.74480 80.80240 77.04770 72.66910 107.37900 107.43100 107.24500 107.17200 107.15700 107.28700 107.46800 107.56000 108.80900 108.70600 108.93200 107.65600 107.23300 107.53500 107.54200 107.47300 107.42200 107.28500 107.62200 107.47800 107.75100 109.00500 111.27600 112.97000 113.63600 108.11900 102.62200 91.49440 94.17470 102.88600 99.21590 102.07500 107.99500 107.08700 107.87600 95.35640 97.46590 90.36090 91.45430 91.85880 92.73040 99.62940 103.79700
-9999 -9999 -9999 -9999 -9999 -9999 -9999 -9999 -9999 -9999 85.79560 87.58180 87.10870 82.45850 86.69430 86.41990 91.09650 90.57530 85.45480 87.06470 88.81020 88.26780 87.89690 83.05960 81.35150 79.11030 75.60680 72.48170 71.95870 108.12100 107.95000 108.19400 108.35100 107.16100 107.27100 107.39300 107.42300 107.39700 107.27600 107.57300 108.14800 107.46600 73.62580 107.71500 107.75100 107.59600 107.67400 107.68100 107.29700 107.32900 107.35600 107.51500 107.42300 108.66700 108.35100 108.34800 108.50900 107.33600 107.52200 109.49800 107.64200 110.12800 110.49700 92.22380 92.34040 86.96020 85.70600 82.76830 91.97830 95.05590 102.02500
-9999 -9999 -9999 -9999 -9999 -9999 -9999 -9999 -9999 -9999 78.36290 79.89810 81.35750 81.81390 80.94280 80.57720 82.37530 81.38230 84.85260 85.52780 82.39690 82.15520 82.29430 78.73520 77.87390 74.44540 72.78280 72.95120 71.90650 107.95300 108.10000 108.35500 108.46200 107.18500 107.93600 108.39800 108.31700 74.59500 75.97340 77.01000 76.25260 76.12730 77.63090 78.38810 76.35540 74.89150 75.66090 72.46490 71.16000 107.14000 107.23100 107.39500 107.40100 107.22200 107.93400 106.95400 107.22800 107.23600 107.13900 107.06000 107.07900 107.18600 107.09400 108.16500 108.12000 108.25500 108.21000 77.70360 77.64090 91.60210 116.52100
-9999 -9999 -9999 -9999 -9999 -9999 -9999 -9999 -9999 -9999 -9999 -9999 80.29260 86.38150 88.76190 87.27270 83.17610 81.72360 84.21910 78.02700 80.90110 80.60610 78.00310 76.07370 76.46880 73.77160 73.07200 73.09080 73.06590 72.75990 108.97000 107.97800 108.24000 72.47200 72.74830 73.47080 74.18340 75.31110 76.08440 78.10920 78.29650 78.20580 78.12690 77.58140 77.62360 77.14160 76.81140 75.65070 74.51220 72.66320 108.05000 107.83800 107.19200 107.89800 107.94100 106.88100 107.06500 107.15800 107.15900 107.20500 107.28100 107.14100 107.14700 108.26900 107.10700 107.26700 108.76200 76.48650 80.59410 82.68690 100.18800
-9999 -9999 -9999 -9999 -9999 -9999 -9999 -9999 -9999 -9999 -9999 -9999 79.43980 82.66890 85.46060 83.39430 82.49110 81.12790 84.41570 82.45120 81.82900 78.75500 78.61720 79.48890 80.30320 76.49980 74.48750 74.42620 74.17300 74.49800 74.85940 74.80690 73.68530 72.78650 74.37930 74.39330 76.26180 77.27050 78.66280 78.82320 77.99250 77.39400 77.30360 76.89700 76.24280 107.62000 107.71000 108.18500 107.16800 107.26000 108.26700 107.63000 107.37900 107.47700 107.59900 106.91100 107.00300 107.06200 107.11600 107.19900 107.15200 107.23200 107.13900 107.27900 107.23600 108.89100 108.85500 108.87300 108.27600 112.37500 99.46750
-9999 -9999 -9999 -9999 -9999 -9999 -9999 -9999 -9999 -9999 -9999 77.52380 81.73930 81.44550 81.56890 85.79890 83.16980 85.98270 86.72410 86.00190 78.32700 80.20420 77.41090 80.98500 82.83790 82.23290 80.38270 74.91350 73.98980 73.21370 73.16760 74.45240 74.25340 73.76140 74.06700 73.32190 74.79060 75.88480 77.71930 83.27830 80.81950 81.54130 80.69940 78.54110 77.99320 76.78550 76.49720 107.51300 107.92000 107.10100 107.08800 107.14800 107.26400 107.26400 107.18000 106.93800 107.01500 107.22000 107.30300 107.29300 107.48600 107.58700 107.96200 107.94200 107.63500 107.70800 108.12900 108.26300 110.05200 100.08300 110.48900
