data/hydroclimate-scenarios/1948-2000.Pcorr55N_Pref_Tref/monthly_summaries/soilm3_monthly_day1_dec.1950-2000.asc
ncols	311
nrows	91
xllcenter	102.75
yllcenter	31.75
cellsize	0.5
NODATA_value	-9999
[rows 32 to 63 of 91, columns 0 to 70 of 311]
-9999 -9999 -9999 -9999 -9999 -9999 -9999 -9999 -9999 -9999 -9999 23.41140 23.41320 23.43450 23.42330 23.44260 23.44550 23.46720 20.60660 20.89310 23.02400 23.47480 23.46880 23.46840 23.23580 23.00790 22.82040 21.64280 20.59670 18.65050 18.55510 18.54080 18.55060 18.55490 19.46360 20.74790 22.14660 23.04680 24.26700 24.27430 24.27250 24.28190 24.30640 24.30630 24.30170 24.29170 24.28070 24.26490 24.25670 24.25810 24.24950 24.26820 24.25040 24.39200 24.17860 24.16380 24.09490 24.00030 24.34110 24.24650 24.25450 24.25750 23.94400 22.60840 22.13470 23.80280 23.77200 23.76430 23.99920 23.21280 23.22900
-9999 -9999 -9999 -9999 -9999 -9999 -9999 -9999 -9999 -9999 -9999 23.42200 23.42970 23.42250 23.42890 23.44210 23.44710 23.47730 23.48550 23.50610 23.50820 23.50330 23.50140 23.29990 23.11910 22.89520 22.93270 22.88010 22.84830 22.16710 20.49250 19.85570 21.88160 23.65800 24.30700 24.25080 24.22160 24.30530 24.32700 23.70260 24.30140 24.49980 24.35620 24.37890 24.41160 24.38140 24.37260 24.30830 24.28680 24.27520 24.26260 24.26230 24.24020 24.32550 24.21980 24.25210 24.26000 24.25620 24.26830 24.27420 24.26880 23.04540 22.98320 24.24600 23.22090 23.90640 24.13530 23.09210 23.10880 23.21130 23.21360
-9999 -9999 -9999 -9999 -9999 -9999 -9999 -9999 -9999 -9999 -9999 -9999 23.12980 23.02880 23.03150 23.04870 23.45350 23.48790 23.50430 23.51000 23.44920 22.94520 23.03440 22.98020 23.02200 23.02750 22.97560 23.00840 22.93310 22.92670 22.96130 23.57420 24.26650 24.26690 24.08440 24.00090 23.41580 24.32330 24.44750 23.38190 23.60350 23.65020 24.16060 24.37650 24.40290 24.44910 24.39940 24.33460 24.31320 24.29160 24.25620 24.26610 24.25670 24.22900 24.22190 24.22920 24.23160 23.93130 23.13470 23.24390 23.10050 23.06300 23.07450 23.36220 23.56470 23.10780 23.80360 23.21080 23.34590 23.45120 23.23360
-9999 -9999 -9999 -9999 -9999 -9999 -9999 -9999 -9999 -9999 -9999 -9999 22.92840 23.02410 23.23130 23.34740 23.26550 23.40010 23.22570 22.93620 23.02240 23.06840 23.03690 22.99710 23.02440 23.00360 22.94470 23.00430 22.94500 22.88910 22.86290 24.10050 23.91340 23.15980 23.14290 22.86970 22.87110 23.66510 23.86330 22.99930 23.09290 22.95430 23.43930 24.50260 24.33920 24.07070 24.15740 23.75670 23.60970 23.61670 23.48100 23.54760 23.82750 24.24260 24.23910 24.06120 22.08180 23.16400 23.83070 23.28120 22.92800 23.08080 23.97400 24.39630 23.83040 23.29050 23.19620 23.24880 23.36580 23.49680 23.58360
-9999 -9999 -9999 -9999 -9999 -9999 -9999 -9999 -9999 -9999 -9999 -9999 23.31750 23.12240 23.35820 23.06100 23.10750 22.87670 22.88250 23.07850 23.03520 23.07520 23.04200 23.02260 23.02150 23.02330 22.99010 22.88370 22.90620 22.85140 22.73750 22.94470 22.87100 22.99090 22.96110 22.96170 22.92040 22.98510 22.96880 23.01580 23.12070 23.11090 23.29650 23.84240 23.41320 23.36980 23.34720 23.21220 23.16710 23.05760 23.00440 23.01180 22.96210 23.20430 23.12880 22.95910 22.84810 22.97780 22.87480 23.06540 22.90490 23.02520 23.02110 23.43480 23.79000 23.45910 23.25930 23.34440 23.50720 23.58030 23.67310
-9999 -9999 -9999 22.95240 22.95180 22.93230 22.92060 22.92800 22.93080 -9999 23.32370 23.45210 23.16450 22.82500 22.83410 22.94400 22.88420 22.71950 22.84350 23.03290 23.03180 23.03240 22.92590 22.82470 22.96200 23.01130 22.98090 22.99010 22.82700 22.70140 22.57880 22.67490 22.74570 22.91820 22.92620 22.37060 22.93750 22.98940 23.02290 23.03650 23.09550 23.20890 23.25070 23.34550 23.38810 23.39410 23.44600 23.17570 23.16780 23.15350 23.11110 23.07470 23.02970 23.08910 22.92900 22.98410 23.10830 22.84730 22.85570 22.87770 23.07840 22.88070 22.93320 23.19760 23.14770 23.07140 23.15470 23.35030 23.55420 23.70750 23.90330
-9999 -9999 -9999 22.59100 22.95570 22.95360 22.94680 22.84250 22.83460 23.31000 23.28770 23.03680 22.74480 22.74240 22.87460 22.84760 22.79720 22.58410 22.60200 22.61200 22.60100 22.64830 22.62310 22.63370 22.72330 22.94190 22.80830 22.66120 22.65420 22.79980 22.36850 22.66330 22.59880 22.66670 22.90090 22.84560 22.93720 23.10730 23.02190 23.22150 23.19610 23.17600 23.29590 23.40550 23.32250 23.37980 23.49580 23.28070 23.26110 23.17660 23.16410 23.25220 23.24260 23.23290 23.02650 23.23010 23.14660 23.11280 23.06120 23.26410 23.25140 23.36100 23.42610 23.38980 23.43170 23.33700 23.42470 23.45700 23.72690 23.85290 23.85540
-9999 -9999 -9999 22.55390 22.94820 22.84630 23.32040 23.22160 23.21740 23.16650 23.20890 23.06770 22.53820 22.52850 22.54530 22.52100 22.65000 22.67730 22.58490 22.57600 22.60170 22.71370 22.41130 22.92020 22.78340 22.84220 22.87090 22.80700 22.72320 22.85550 22.94120 22.80530 22.73620 22.73980 22.79940 22.76000 22.75150 22.92640 23.03310 23.11200 23.23150 23.19650 23.33730 23.44220 23.37710 23.39290 23.46250 23.24600 23.23160 23.40460 23.41680 23.27240 23.26820 23.24520 23.17110 23.24290 23.17320 23.14730 23.20510 23.43560 23.44450 23.49810 23.44760 23.53530 23.60200 23.66380 23.70940 23.49330 23.70700 23.70930 23.69710
-9999 -9999 -9999 22.66360 22.92610 22.76250 23.23810 23.25880 23.10530 23.04620 23.11220 22.61590 22.52200 22.56990 22.54080 22.69330 21.24450 18.44900 19.11330 19.94460 22.96690 22.93150 22.08100 19.89370 20.15580 23.05310 22.89000 22.73870 22.94610 23.01400 22.96210 22.72740 22.84090 22.95750 22.91590 22.94750 22.80980 22.71820 22.97680 23.05930 23.13140 23.36930 23.47790 23.46850 23.50370 23.56960 23.62090 23.38630 23.40540 23.36520 23.39580 23.32140 23.29460 23.24540 23.24960 23.29160 23.16230 23.15770 23.17350 23.54730 23.48900 23.48740 23.40890 23.32200 23.53410 23.64040 23.54490 23.43250 23.61480 23.69810 23.91510
-9999 -9999 -9999 22.43900 22.81980 22.86240 23.25600 23.17140 23.16360 23.10400 23.10340 22.83110 22.55630 22.62580 18.42930 18.41250 19.81860 21.22320 22.61950 22.80140 22.98670 20.06620 19.02340 22.91200 22.93910 22.77460 22.59960 22.62370 22.80320 22.89670 22.93840 22.89380 22.92250 22.84080 22.64150 22.94410 22.85350 22.48430 22.48680 22.77070 23.28350 23.20680 23.08380 23.11480 23.23400 23.26760 23.18840 23.21900 23.16170 23.02300 22.92560 22.97350 23.07680 22.99960 22.91240 23.10610 23.03010 23.01270 22.92170 23.24230 23.30700 23.27530 23.27510 23.56910 23.63800 23.68310 23.73600 23.69570 23.70640 23.87040 24.24650
-9999 -9999 -9999 -9999 23.00530 23.13910 23.12850 23.15670 23.06220 22.98240 23.02050 22.63260 22.65170 22.65210 -9999 -9999 -9999 -9999 -9999 20.51960 18.73150 18.61800 18.72870 22.59630 21.50680 22.11360 22.13200 22.18560 22.73940 22.71140 22.77020 22.84310 22.83160 22.59710 22.94370 22.91100 23.17770 22.60760 22.50020 22.92620 23.00660 23.34670 22.94460 22.82510 23.03600 23.23710 23.84760 23.50140 23.08260 20.29760 23.18220 23.11990 23.04700 22.81160 22.79390 22.97320 22.97730 22.94840 23.18060 23.12540 23.06240 23.13770 20.82220 23.20130 23.24240 21.40010 23.32680 23.30910 22.93760 -9999 -9999
-9999 -9999 22.43650 23.07570 23.16910 23.13710 23.13580 23.18200 23.07010 23.03010 23.04520 22.54150 22.62590 -9999 -9999 -9999 -9999 -9999 20.62080 18.61730 19.67870 22.70920 22.68610 22.79750 20.03910 18.63010 19.12510 22.67090 22.69680 22.60000 22.84290 22.74700 23.02040 22.92080 22.61140 23.15930 23.16540 22.84090 22.62390 22.58950 22.54380 22.66050 22.79040 22.70940 22.69220 22.71700 22.77780 22.78240 22.49070 18.65780 18.64200 18.71690 18.86090 18.74750 20.97670 23.16830 22.94240 23.11720 23.15890 23.13840 23.19420 23.22510 20.82830 19.22180 19.29450 19.39420 19.44850 -9999 -9999 -9999 -9999
-9999 -9999 23.24090 23.21210 23.11900 23.12470 23.21590 23.19140 23.09160 23.08860 22.58170 22.59830 22.57090 -9999 -9999 -9999 -9999 22.64560 22.82430 22.68820 23.18690 22.81490 21.73460 18.48690 19.43500 22.61870 22.69970 22.52810 22.46000 22.55440 22.53890 22.49720 22.58350 22.61040 23.04120 22.68600 22.66240 22.57190 22.64720 22.65480 22.70580 22.79110 22.88900 22.73790 23.05290 23.16530 23.17480 23.16280 23.04750 22.99600 20.33370 18.78370 18.78200 18.74280 18.70840 21.58520 23.11930 21.19710 20.34420 20.02290 19.22310 19.23760 19.28710 20.62880 21.97890 -9999 -9999 -9999 -9999 -9999 23.60830
-9999 -9999 23.03150 23.45310 23.25730 23.24620 23.46080 23.39910 23.12900 23.00880 22.63050 22.60390 22.51920 -9999 -9999 -9999 -9999 22.78360 22.72680 22.96530 22.03120 20.38560 19.82700 22.65170 22.65550 22.64620 22.54370 22.43450 22.44920 22.59050 22.59590 22.63500 22.57590 22.62460 22.64760 22.66210 22.59340 22.59860 22.62080 22.66420 22.79100 22.73590 22.81930 22.79480 22.74270 22.09840 22.20630 22.91050 23.31900 23.30200 22.39260 22.16580 20.97440 21.73130 21.28920 21.08000 22.24030 22.11910 23.11080 23.23920 19.25370 21.93640 23.36640 23.58680 23.59120 21.55730 19.51950 19.38310 19.49320 -9999 -9999
-9999 -9999 -9999 23.89390 23.32080 22.20320 22.30690 22.80660 22.72370 23.81420 25.52890 22.56500 -9999 -9999 -9999 -9999 22.66130 22.67890 22.64700 22.69580 22.81790 22.67330 22.97330 22.74310 22.64710 22.54820 22.58170 22.73750 22.64020 22.65420 22.59500 22.56260 22.59550 23.02240 23.45170 23.55200 22.99520 22.87590 22.62890 22.55940 22.62030 22.61870 22.99840 22.74200 22.26220 22.20510 21.08290 20.40680 21.04230 22.69070 21.88810 19.30760 19.34900 19.41930 19.44440 19.39400 19.50500 22.79330 23.47400 23.50910 23.49610 23.42790 23.48830 23.54490 23.57040 23.69580 19.75390 19.48280 19.63360 19.90190 -9999
-9999 -9999 -9999 -9999 22.99180 21.30330 22.72290 22.68130 22.71770 22.56880 22.54550 -9999 -9999 -9999 -9999 22.69050 22.78900 22.76600 22.39640 23.06420 23.13220 23.37420 23.55690 22.96500 22.48250 22.98090 23.58140 23.09290 23.66940 23.18520 23.16480 23.34320 23.46280 23.49740 23.47650 22.90200 22.70040 22.62430 22.69600 22.55970 22.58950 22.60740 22.66880 22.73110 22.69000 23.50410 23.81910 22.14070 21.54970 20.84040 23.22410 19.09540 19.21460 20.31470 19.57840 19.26220 19.47810 19.52520 19.59100 23.47150 23.54100 23.61330 23.62420 23.79670 23.71900 23.63890 19.67140 19.53260 19.44480 19.63850 19.74190
-9999 -9999 -9999 -9999 -9999 -9999 22.85770 23.03380 22.72150 22.83320 23.33200 -9999 -9999 -9999 -9999 -9999 23.10900 23.21350 22.76080 23.53520 23.46100 23.06090 22.79420 22.72480 23.32510 23.52670 21.51350 19.80710 19.80510 20.49340 22.74730 23.58690 23.17030 23.52890 23.41610 23.67710 22.92490 22.63320 22.63940 22.59860 22.62000 22.70340 22.73620 22.66040 22.93410 23.29610 23.87550 23.45890 22.12860 18.87000 19.06890 19.46290 23.31420 23.80710 22.29820 24.48940 19.50280 19.55500 19.67050 22.73920 23.65640 23.71880 23.66320 23.77500 23.81010 23.71650 20.24550 19.29680 19.30340 21.81450 23.32520
-9999 -9999 -9999 -9999 -9999 -9999 -9999 -9999 -9999 -9999 -9999 -9999 -9999 -9999 -9999 -9999 -9999 -9999 -9999 23.47890 22.70040 21.34960 23.01660 23.19350 22.14630 22.03790 21.16360 21.02870 21.61050 23.06400 23.59240 23.04050 22.64360 22.82560 23.38990 23.30300 22.63740 22.70970 22.68140 22.66980 22.63580 22.68620 22.76590 22.77460 22.66790 23.27570 23.28070 23.48510 22.58180 23.38320 23.64940 21.94930 19.98030 19.67470 19.20320 19.32020 23.78820 22.81830 23.89250 23.80030 20.90680 19.97560 23.86410 23.84200 24.00170 21.13820 19.50600 19.28230 19.25670 19.52690 23.13240
-9999 -9999 -9999 -9999 -9999 -9999 -9999 -9999 -9999 -9999 -9999 -9999 -9999 -9999 -9999 -9999 -9999 -9999 23.17620 21.75890 21.82670 23.39460 23.41740 23.44560 22.23610 21.47160 21.23870 21.65660 23.23640 23.47200 23.49350 23.46550 23.52980 23.50080 23.03180 22.62320 22.53080 22.61630 22.55730 22.69720 22.64420 22.65240 22.67640 22.91410 23.34000 23.77510 23.40580 23.11980 23.07310 22.50860 22.65980 23.56020 23.65200 23.92280 19.79220 19.67100 22.77740 23.16220 20.58130 22.93280 19.76870 19.72120 22.27050 22.64930 19.85980 21.10980 22.89620 19.29550 19.64630 19.51530 21.83270
-9999 -9999 -9999 -9999 -9999 -9999 -9999 -9999 -9999 -9999 -9999 -9999 -9999 -9999 -9999 -9999 -9999 23.42960 22.34820 23.28960 23.40830 23.30490 22.73960 22.20430 22.24520 22.52200 21.23900 21.26950 22.28300 22.21010 22.56550 21.80100 21.88700 22.16630 21.70900 22.27290 22.76630 22.68720 22.65810 22.62610 23.25910 23.40160 23.46450 23.68920 23.47260 23.45180 23.60770 23.21940 23.42520 22.48330 21.53940 19.68870 23.33710 24.05810 23.81410 24.09590 23.81050 23.71170 23.73870 24.03250 22.14710 20.26430 22.04170 21.04500 24.31320 24.05260 23.00550 23.28270 21.88160 21.95570 24.64760
-9999 -9999 -9999 -9999 -9999 -9999 -9999 -9999 -9999 -9999 -9999 -9999 -9999 -9999 -9999 -9999 -9999 22.82080 23.41870 23.52010 23.02830 21.81350 22.34470 22.51580 23.30500 24.61390 23.71140 23.90610 22.40310 22.29760 20.80900 20.69600 21.23660 22.02390 21.28510 21.07880 21.80860 22.52320 22.62040 22.62650 23.49930 23.44540 23.55800 23.34820 23.59940 23.51290 23.56350 23.12320 23.31440 23.30180 20.17920 19.28940 19.40830 20.13380 22.89710 24.27130 24.23680 23.95400 23.39750 22.65610 24.18850 24.12250 24.12850 24.16680 24.00690 24.03040 23.99100 22.61600 22.63610 24.46520 24.73850
-9999 -9999 -9999 -9999 -9999 -9999 -9999 -9999 -9999 -9999 -9999 -9999 -9999 -9999 -9999 -9999 22.70370 22.74990 23.46590 22.70630 21.64300 23.13040 23.92000 24.31130 24.60120 24.30380 24.30470 24.70390 24.10280 23.00260 22.80450 23.20610 23.36220 20.95600 20.58480 20.76810 22.05830 22.65400 22.55890 22.65840 23.50200 23.41780 23.38340 23.48020 23.25660 23.33690 23.50330 23.11860 23.11630 23.67300 21.21640 20.06140 19.74840 20.52260 22.73390 24.22060 24.28890 23.97570 19.64740 23.87420 24.20050 24.31770 24.43340 24.60570 24.04010 20.00920 19.94220 19.97620 22.71360 24.52020 25.05110
-9999 -9999 -9999 -9999 -9999 -9999 -9999 -9999 -9999 -9999 -9999 -9999 -9999 23.46280 23.35240 22.84960 22.87160 22.80850 22.34770 21.97260 23.42010 24.42870 24.40820 23.90750 24.40360 24.70030 24.70070 24.70000 24.70000 24.70000 23.00730 22.53140 23.90010 23.30010 21.51230 20.40590 21.62360 22.04040 22.30490 23.20670 23.10340 23.20170 23.14520 23.10050 22.71710 22.28540 22.84360 22.35630 22.39700 23.13630 23.24760 23.39150 23.42880 23.40310 22.68020 19.41530 22.00540 23.47360 20.77540 21.71880 23.68930 23.33600 24.92650 22.36540 22.24560 23.50070 21.34870 23.66210 21.46400 26.11150 26.48630
-9999 -9999 -9999 -9999 -9999 -9999 -9999 -9999 -9999 -9999 -9999 -9999 23.25820 23.29790 22.51600 22.57260 23.09720 23.35100 23.83860 23.60500 22.90690 21.80750 21.90420 22.80440 24.00160 23.60010 23.70010 24.20000 22.30100 23.00360 21.40030 22.90240 23.10570 23.81120 22.51660 20.50460 22.20000 22.30030 22.70290 23.10230 23.10190 23.10100 23.03430 22.60540 21.93600 22.24910 22.97530 22.31680 22.06850 21.74120 23.43970 23.22510 23.78370 23.31580 23.58630 23.32490 23.65470 19.06520 20.96220 20.81630 23.32120 21.51170 20.46040 22.22740 22.49710 25.58560 25.76480 21.58060 23.19520 26.34210 26.45520
-9999 -9999 -9999 -9999 -9999 -9999 -9999 -9999 -9999 -9999 -9999 22.89360 23.35620 22.71010 23.42660 23.80760 23.50540 22.30790 21.51060 21.60560 21.30330 21.40060 21.30060 21.10060 21.10060 21.10020 20.92070 23.00470 22.80220 22.60730 21.50060 23.00000 24.20000 23.80000 22.70000 21.81040 22.30040 22.40120 22.80330 23.10180 23.10060 22.80800 22.25010 21.92420 21.72120 21.83500 21.74140 21.86910 22.01130 22.32110 22.69600 23.29600 23.22360 23.65740 23.25770 23.24290 23.69450 23.34820 18.67830 19.43320 20.01870 22.68580 21.52050 23.01450 25.59060 24.05330 24.44530 21.89060 26.28020 26.29010 26.33120
-9999 -9999 -9999 -9999 -9999 -9999 -9999 -9999 -9999 -9999 23.63160 22.52820 23.70790 23.30890 22.90300 21.90080 21.40020 21.10030 21.10060 21.10030 21.10030 21.10020 21.10030 21.10020 21.10000 21.10010 21.10010 21.40620 20.70180 21.10000 21.10000 23.70000 23.40000 20.31110 20.20330 21.61280 22.30070 22.40140 23.00330 23.10240 22.80290 21.82590 21.50580 21.20480 20.50600 21.33550 21.84340 21.54710 21.99670 22.06330 22.46390 23.09990 23.70080 23.15200 23.24940 23.28320 22.69610 20.40110 19.47330 23.18870 23.57120 22.95130 22.20980 24.51660 25.35560 24.50420 25.55280 26.49430 26.46820 26.38690 26.44010
-9999 -9999 -9999 -9999 -9999 -9999 -9999 -9999 -9999 22.00010 21.20000 21.10000 22.20010 21.40010 21.70000 21.10010 21.10000 21.10000 21.10000 21.10000 21.30000 21.10000 21.80000 21.80000 21.30000 21.10000 21.10000 21.70000 21.10000 21.70000 21.90000 21.50000 24.50000 24.70000 20.60540 22.14180 22.30330 22.80200 23.00070 22.53810 20.31550 21.10410 21.10760 20.65060 19.50250 20.10500 21.31620 22.02490 21.61910 21.89310 22.17690 23.84410 23.49750 25.21600 24.59530 23.26730 22.93870 23.07290 23.17230 23.52500 23.72700 23.30110 22.71070 24.84500 25.08330 25.54640 26.61870 28.57540 28.73340 28.67150 29.00610
-9999 -9999 -9999 -9999 -9999 -9999 -9999 -9999 -9999 -9999 22.40000 21.40000 21.40000 21.10000 21.10000 21.10000 21.10000 21.10000 21.10000 21.50000 22.00000 21.30000 21.70000 -9999 -9999 -9999 -9999 -9999 -9999 23.90010 25.40060 24.50000 24.00000 24.30000 22.70000 22.23270 22.27170 23.00030 23.10030 23.00390 20.82680 21.42980 22.39870 20.07690 19.62190 19.88680 20.53230 21.81260 22.23540 22.28820 22.89920 23.23770 23.48270 24.10480 24.60270 23.13840 22.88640 23.00810 22.80900 23.49840 23.30840 22.83510 23.92510 19.93390 24.95780 26.18380 27.55410 28.57560 28.29110 28.76620 28.82760
-9999 -9999 -9999 -9999 -9999 -9999 -9999 -9999 -9999 -9999 -9999 -9999 21.70000 21.10000 21.10000 21.10000 21.10000 21.10000 21.40000 -9999 -9999 -9999 -9999 -9999 -9999 -9999 -9999 -9999 -9999 -9999 -9999 -9999 -9999 24.80000 22.90720 21.91580 20.61370 21.71870 23.40010 25.10070 21.95450 20.71870 21.84350 21.01300 19.91320 19.75080 20.03950 20.84460 21.68150 21.60100 21.77480 23.81500 24.09420 24.48090 23.45030 22.84140 23.16140 23.32220 23.07950 23.35720 22.78750 22.37400 24.07440 24.13750 25.13940 26.40550 28.11050 28.73800 28.95170 29.36900 30.05960
-9999 -9999 -9999 -9999 -9999 -9999 -9999 -9999 -9999 -9999 -9999 -9999 -9999 -9999 -9999 -9999 -9999 -9999 -9999 -9999 -9999 -9999 -9999 -9999 -9999 -9999 -9999 -9999 -9999 -9999 -9999 -9999 -9999 -9999 22.30870 20.50470 20.70500 20.30520 22.90000 21.42450 22.12600 21.40980 21.11640 21.98740 20.19530 20.52610 21.23870 21.62770 22.20790 22.01320 22.43320 23.88800 23.00970 23.66790 23.88710 23.27910 23.13810 23.37280 23.33450 23.25790 21.63970 23.92010 23.87490 24.13290 25.18990 26.08500 28.22740 28.82490 29.02360 29.62510 31.85500
-9999 -9999 -9999 -9999 -9999 -9999 -9999 -9999 -9999 -9999 -9999 -9999 -9999 -9999 -9999 -9999 -9999 -9999 -9999 -9999 -9999 -9999 -9999 -9999 -9999 -9999 -9999 -9999 -9999 -9999 -9999 -9999 -9999 -9999 21.91290 20.30950 20.41550 23.05690 25.10060 19.80520 20.00310 20.13660 19.91820 20.00840 22.35400 21.31900 21.22790 21.63340 21.86140 22.03750 22.32780 21.87550 23.24410 23.82520 23.91890 23.35720 22.97260 23.03500 23.11090 23.47160 21.40260 19.84540 21.92950 24.24600 25.11320 28.12010 28.60140 29.86230 30.65330 30.79260 -9999
-9999 -9999 -9999 -9999 -9999 -9999 -9999 -9999 -9999 -9999 -9999 -9999 -9999 -9999 -9999 -9999 -9999 -9999 -9999 -9999 -9999 -9999 -9999 -9999 -9999 -9999 -9999 -9999 -9999 -9999 -9999 -9999 -9999 -9999 -9999 -9999 -9999 -9999 21.11690 19.80470 19.40220 19.30370 19.87100 19.99100 20.70650 21.83040 22.38270 21.75150 21.86820 22.26450 21.84690 22.44960 22.44330 23.57420 23.65450 23.02050 23.11410 23.11330 23.36030 20.96700 19.51890 23.29410 24.26180 25.02990 27.24780 28.44360 29.20520 29.80530 30.89180 -9999 -9999
