data/hydroclimate-scenarios/1948-2000.Pcorr55N_Pref_Tref/monthly_summaries/soilm3_monthly_day1_nov.asc
ncols	311
nrows	91
xllcenter	102.75
yllcenter	31.75
cellsize	0.5
NODATA_value	-9999
[rows 0 to 31 of 91, columns 71 to 141 of 311]
-9999 -9999 -9999 -9999 -9999 -9999 -9999 -9999 -9999 -9999 -9999 -9999 -9999 -9999 -9999 -9999 -9999 -9999 -9999 -9999 -9999 -9999 -9999 -9999 -9999 -9999 -9999 -9999 -9999 -9999 -9999 -9999 -9999 -9999 -9999 -9999 -9999 -9999 -9999 -9999 -9999 -9999 -9999 -9999 -9999 -9999 -9999 -9999 -9999 -9999 -9999 -9999 -9999 -9999 -9999 -9999 -9999 -9999 -9999 -9999 -9999 -9999 -9999 -9999 -9999 -9999 -9999 -9999 -9999 -9999 -9999
-9999 -9999 -9999 -9999 -9999 -9999 -9999 -9999 -9999 -9999 -9999 -9999 -9999 -9999 -9999 -9999 -9999 -9999 -9999 -9999 -9999 -9999 -9999 -9999 -9999 -9999 -9999 -9999 -9999 -9999 -9999 -9999 -9999 -9999 -9999 -9999 -9999 -9999 -9999 -9999 -9999 -9999 -9999 -9999 -9999 -9999 -9999 -9999 -9999 -9999 -9999 -9999 -9999 -9999 -9999 -9999 -9999 -9999 -9999 -9999 -9999 -9999 -9999 -9999 -9999 -9999 -9999 -9999 -9999 -9999 -9999
-9999 -9999 -9999 -9999 -9999 -9999 -9999 -9999 -9999 -9999 -9999 -9999 -9999 -9999 -9999 -9999 -9999 -9999 -9999 -9999 -9999 -9999 -9999 -9999 -9999 -9999 -9999 -9999 -9999 -9999 -9999 -9999 -9999 -9999 -9999 -9999 -9999 -9999 -9999 -9999 -9999 -9999 -9999 -9999 -9999 -9999 -9999 -9999 -9999 -9999 -9999 -9999 -9999 -9999 -9999 -9999 -9999 -9999 -9999 -9999 -9999 -9999 -9999 -9999 -9999 -9999 -9999 -9999 -9999 -9999 -9999
-9999 -9999 -9999 -9999 -9999 -9999 -9999 -9999 -9999 -9999 -9999 -9999 -9999 -9999 -9999 -9999 -9999 -9999 -9999 -9999 -9999 -9999 -9999 -9999 -9999 -9999 -9999 -9999 -9999 -9999 -9999 -9999 -9999 -9999 -9999 -9999 -9999 -9999 -9999 -9999 -9999 -9999 -9999 -9999 -9999 -9999 -9999 -9999 -9999 -9999 -9999 -9999 -9999 -9999 -9999 -9999 -9999 -9999 -9999 -9999 -9999 -9999 -9999 -9999 -9999 -9999 -9999 -9999 -9999 -9999 -9999
-9999 -9999 -9999 -9999 -9999 -9999 -9999 -9999 -9999 -9999 -9999 -9999 -9999 -9999 -9999 -9999 -9999 -9999 -9999 -9999 -9999 -9999 -9999 -9999 -9999 -9999 -9999 -9999 -9999 -9999 -9999 -9999 -9999 -9999 -9999 -9999 -9999 -9999 -9999 -9999 -9999 -9999 -9999 -9999 -9999 -9999 -9999 -9999 -9999 -9999 -9999 -9999 -9999 -9999 -9999 -9999 -9999 -9999 -9999 -9999 -9999 -9999 -9999 -9999 -9999 -9999 -9999 -9999 -9999 -9999 -9999
-9999 -9999 -9999 -9999 -9999 -9999 -9999 -9999 -9999 -9999 -9999 -9999 -9999 -9999 -9999 -9999 -9999 -9999 -9999 -9999 -9999 -9999 -9999 -9999 -9999 -9999 -9999 -9999 -9999 -9999 -9999 -9999 -9999 -9999 -9999 -9999 -9999 -9999 -9999 -9999 -9999 -9999 -9999 -9999 -9999 -9999 -9999 -9999 -9999 -9999 -9999 -9999 -9999 -9999 -9999 -9999 -9999 -9999 -9999 -9999 -9999 -9999 -9999 -9999 -9999 -9999 -9999 -9999 -9999 -9999 -9999
-9999 -9999 -9999 -9999 -9999 -9999 -9999 -9999 -9999 -9999 -9999 -9999 -9999 -9999 -9999 -9999 -9999 -9999 -9999 -9999 -9999 -9999 -9999 -9999 -9999 -9999 -9999 -9999 -9999 -9999 -9999 -9999 -9999 -9999 -9999 -9999 -9999 -9999 -9999 -9999 -9999 -9999 -9999 -9999 -9999 -9999 -9999 -9999 -9999 -9999 -9999 -9999 -9999 -9999 -9999 -9999 -9999 -9999 -9999 -9999 -9999 -9999 -9999 -9999 -9999 -9999 -9999 -9999 -9999 -9999 -9999
-9999 -9999 -9999 -9999 -9999 -9999 -9999 -9999 -9999 -9999 -9999 -9999 -9999 -9999 -9999 -9999 -9999 -9999 -9999 -9999 -9999 -9999 -9999 -9999 -9999 -9999 -9999 -9999 -9999 -9999 -9999 -9999 -9999 -9999 -9999 -9999 -9999 -9999 -9999 -9999 -9999 -9999 -9999 -9999 -9999 -9999 -9999 -9999 -9999 -9999 -9999 -9999 -9999 -9999 -9999 -9999 -9999 -9999 -9999 -9999 -9999 -9999 -9999 -9999 -9999 -9999 -9999 -9999 -9999 -9999 -9999
-9999 -9999 -9999 -9999 -9999 -9999 22.34690 -9999 -9999 -9999 -9999 -9999 -9999 -9999 -9999 -9999 -9999 -9999 -9999 -9999 -9999 -9999 -9999 -9999 -9999 -9999 -9999 -9999 -9999 -9999 -9999 -9999 -9999 -9999 -9999 -9999 -9999 -9999 -9999 -9999 -9999 -9999 -9999 -9999 -9999 -9999 -9999 -9999 -9999 -9999 -9999 -9999 -9999 -9999 -9999 -9999 -9999 -9999 -9999 -9999 -9999 -9999 -9999 -9999 -9999 -9999 -9999 -9999 -9999 -9999 -9999
-9999 -9999 22.69480 22.30480 22.31010 22.32820 22.32910 22.36430 22.04250 21.96240 21.79830 21.68280 21.66550 21.86610 21.23540 20.77090 21.11270 20.98130 21.01800 21.23590 21.79210 22.49660 -9999 -9999 -9999 -9999 -9999 -9999 -9999 -9999 -9999 -9999 -9999 -9999 -9999 -9999 -9999 -9999 -9999 -9999 -9999 -9999 -9999 -9999 -9999 -9999 -9999 -9999 -9999 -9999 -9999 -9999 -9999 -9999 -9999 -9999 -9999 -9999 -9999 -9999 -9999 -9999 -9999 -9999 -9999 -9999 -9999 -9999 -9999 -9999 -9999
-9999 -9999 -9999 -9999 20.80470 20.60540 20.30630 20.30960 20.31410 20.32110 20.34130 20.34540 20.35290 20.34530 20.34370 20.34780 20.38450 20.43350 20.43370 20.45700 20.47770 20.73570 -9999 -9999 -9999 -9999 -9999 -9999 -9999 -9999 -9999 -9999 -9999 -9999 -9999 -9999 -9999 -9999 -9999 -9999 -9999 -9999 -9999 -9999 -9999 -9999 -9999 -9999 -9999 -9999 -9999 -9999 -9999 -9999 -9999 -9999 -9999 -9999 -9999 -9999 -9999 -9999 -9999 -9999 -9999 -9999 -9999 -9999 -9999 -9999 -9999
21.90140 22.30200 21.80350 21.90410 20.90140 21.40300 23.40450 21.50650 21.30870 21.31680 20.42240 20.32130 20.32440 20.32980 20.34360 20.35300 20.40660 20.47020 20.67480 21.15280 21.22670 20.81980 18.45920 18.24870 18.22420 18.22450 18.20820 18.24500 -9999 -9999 -9999 -9999 -9999 -9999 -9999 -9999 -9999 -9999 -9999 -9999 -9999 -9999 -9999 -9999 -9999 -9999 -9999 -9999 -9999 -9999 -9999 -9999 -9999 -9999 -9999 -9999 -9999 -9999 -9999 -9999 -9999 -9999 -9999 -9999 -9999 -9999 -9999 -9999 -9999 -9999 -9999
23.00140 22.90190 21.70850 22.91330 23.20560 22.40640 22.60650 23.41050 23.40510 23.50650 21.42700 21.43650 21.33580 21.13230 20.34970 20.38970 21.47070 23.34890 23.12790 18.53430 18.49280 19.26220 19.11220 18.29820 18.23120 18.22100 18.21320 18.21740 18.21150 18.20770 18.20550 18.20450 18.22300 18.22180 18.21680 18.21360 18.20640 18.20640 18.20490 18.20370 18.20290 18.20250 18.20300 -9999 -9999 -9999 -9999 -9999 -9999 -9999 -9999 -9999 -9999 -9999 -9999 -9999 -9999 -9999 -9999 -9999 -9999 -9999 -9999 -9999 -9999 -9999 -9999 -9999 -9999 -9999 -9999
22.38220 22.28360 22.32880 22.80210 22.70600 22.80260 22.70570 22.70960 22.70410 23.00230 22.70650 22.93150 23.00890 23.34780 22.56480 22.40500 23.50040 23.77250 23.21820 20.44070 19.97270 20.50910 21.06250 21.77400 21.22570 20.73360 21.01730 21.11470 19.61770 18.41690 18.20670 18.20610 19.01670 18.71270 18.21260 18.21070 18.20980 18.20820 18.20640 18.20530 18.20640 18.20610 18.20550 21.36340 -9999 -9999 -9999 -9999 -9999 -9999 -9999 -9999 -9999 -9999 -9999 -9999 -9999 -9999 -9999 -9999 -9999 -9999 -9999 -9999 -9999 -9999 -9999 -9999 -9999 -9999 -9999
22.84270 22.83720 22.71140 22.92630 22.82340 21.81590 21.95830 22.83720 21.78820 21.17800 20.55410 21.34130 21.74800 21.73870 21.06210 20.62360 20.63900 20.05240 21.04740 22.18990 19.96020 20.82180 20.66220 20.50000 19.67350 19.90760 20.13160 20.81350 19.61380 19.61510 19.60810 19.60590 19.60520 19.60540 19.60590 19.60660 19.61600 19.61440 19.11430 18.21470 18.21250 18.21340 18.21440 18.20810 -9999 -9999 -9999 -9999 -9999 -9999 -9999 -9999 -9999 -9999 -9999 -9999 -9999 -9999 -9999 21.10890 21.21330 -9999 -9999 -9999 -9999 18.36920 18.84930 19.45160 21.82860 22.35630 21.83810
22.76130 22.76860 22.81380 22.85970 22.81010 21.20680 19.61090 20.85470 19.76730 21.98170 22.01180 20.01440 19.63000 19.66520 19.72360 19.73050 20.30120 20.55730 22.03810 20.45600 21.56770 20.99150 19.70680 19.63000 19.62450 20.31560 23.40310 23.20470 20.01300 19.61240 19.60920 19.60650 20.70540 22.40290 23.10180 20.30470 19.61280 20.11070 22.50910 22.54980 21.70290 21.98140 21.07310 20.04630 19.12850 19.31820 21.24400 20.21570 20.95560 21.88710 22.38100 21.68500 21.69420 22.93730 22.81910 22.32630 22.28640 22.28600 22.02400 21.62320 22.31260 -9999 -9999 -9999 -9999 -9999 18.27750 18.58830 20.99100 21.89720 22.53640
23.01450 22.28800 22.84630 22.98370 22.33470 22.72850 22.44790 21.51760 19.60540 19.60400 19.60340 19.60450 19.60890 19.62700 20.24360 21.15210 20.55290 20.47090 19.64490 21.02670 20.93000 20.12860 19.61760 19.61150 19.61290 19.61210 19.60830 19.60950 19.60670 19.60640 19.60500 19.60290 20.60270 20.10400 19.60840 19.60780 19.62930 19.92830 21.57390 21.90480 20.22040 21.60780 19.83010 20.22920 19.62820 19.62320 19.62260 19.62380 19.65640 19.71750 20.05690 20.42150 21.05500 21.87970 22.77490 22.82360 22.97790 23.09560 22.77380 22.31430 22.31150 22.33750 22.25890 20.84530 20.35490 18.28690 18.30780 18.43290 20.50910 20.83190 22.24940
23.11450 23.14780 22.73380 23.09240 23.04760 21.32180 21.08560 21.46350 21.60460 21.30210 20.20140 20.20140 20.20450 21.09570 20.26200 19.69010 20.14710 20.02440 20.11960 22.46410 21.81760 21.21050 20.00710 19.60570 19.61010 19.60850 19.60850 19.60820 19.60770 19.60980 19.60500 19.70420 20.00220 20.20220 20.30550 20.30530 22.02910 21.31890 22.11590 22.71600 21.22420 20.02450 22.71200 22.81310 21.23090 19.83030 19.92760 19.62030 19.61560 20.21790 22.31800 22.71980 22.64730 21.84600 22.52420 21.83300 22.35510 22.92070 23.14820 23.28330 22.93130 23.07280 22.62180 22.32390 22.27680 22.19320 20.52820 20.45550 21.11690 22.42290 23.31480
23.26010 23.55300 22.93090 22.32880 22.80840 22.10100 22.70090 22.82160 22.50440 20.70120 21.10210 21.50390 20.60430 20.41290 20.72110 21.11660 19.61780 19.61300 19.82030 21.72050 21.15750 20.92270 21.02300 20.01630 19.60940 19.60930 19.60610 19.60800 19.61080 19.60900 20.50910 21.77200 20.50450 21.80220 19.80460 19.90480 20.60570 20.71300 22.60480 22.90680 22.20760 20.70840 21.05840 22.56940 22.93480 22.80560 22.80190 21.00310 19.60580 21.30920 21.72440 22.72960 21.72490 21.50070 22.35650 22.33750 22.36090 23.29350 23.38980 23.50630 23.88530 24.31990 24.79320 23.45350 23.17680 22.86370 22.70130 22.58800 22.95620 23.28520 23.64790
23.06160 23.34900 23.30010 22.81080 22.34140 22.80100 22.90010 22.90240 22.90450 22.90080 22.97250 22.95180 22.66030 22.73800 22.72230 22.80460 22.40240 19.80650 19.61210 19.63050 19.65230 19.72800 19.82790 19.62750 19.61010 19.60610 19.60390 19.60280 20.30340 20.92360 20.31100 21.61170 22.70720 22.80510 21.40420 22.50230 22.30720 22.11210 20.41420 21.74160 22.92470 22.91430 21.23350 21.64050 22.93850 22.93950 22.81590 22.80550 21.70350 20.21650 19.65430 21.14580 21.43820 20.38110 20.16960 21.48370 21.70710 23.49940 23.58260 23.24010 23.44990 23.60470 23.35020 24.35360 24.77350 23.51120 25.02730 23.29510 23.27250 23.42300 23.69930
22.96150 22.93000 22.81250 22.99940 23.09300 22.33970 22.28590 22.28360 22.71230 22.90040 22.90870 23.14100 23.46430 23.45040 23.06270 22.93840 22.73540 22.71140 22.60370 21.30670 21.00470 20.30740 20.50450 20.90210 20.20520 20.60730 20.30300 20.70180 20.70390 22.40510 22.40240 22.90340 22.84160 22.76960 22.73720 22.85050 22.84480 22.87030 22.88660 22.81500 22.96490 22.99760 22.96080 22.93850 22.85700 22.83860 22.81660 22.72140 22.71250 22.50870 22.30280 22.90840 22.89170 22.79020 22.80910 23.09810 23.50070 24.00460 23.75020 24.49650 24.24350 23.97140 23.08190 23.78190 23.47980 23.84460 23.09930 23.39920 23.26870 23.83870 22.76080
23.54880 23.58250 23.57920 23.55670 23.58600 23.41090 22.83880 22.94590 22.89540 22.81440 22.90160 22.70850 22.81560 23.09150 23.47270 23.55900 23.43820 23.27440 22.73640 22.34070 22.81440 22.81140 22.10460 20.70980 19.92440 20.22530 20.30740 20.21140 22.90400 22.90840 22.90850 22.92610 22.87880 22.98540 22.88520 22.98590 22.89390 22.93170 22.37920 23.00230 23.06250 23.01560 22.98710 22.95550 22.85500 22.91210 22.82670 22.87720 22.78840 22.77520 23.08990 22.95100 23.95340 23.10320 23.79590 23.67260 23.56770 23.84880 23.90760 24.27390 23.91250 24.04410 24.13600 23.51220 23.67600 22.87910 23.84480 23.56180 22.65930 22.93550 21.47120
23.45620 23.77590 23.69720 23.76780 23.61950 23.58180 23.43940 22.77550 23.25180 22.93680 22.86600 22.96690 22.88170 22.29770 22.80850 22.32370 22.48570 23.42870 23.51830 23.19390 22.67500 23.30880 22.85170 22.63970 19.63040 19.63260 20.05070 20.45120 20.78990 22.55540 22.94590 22.93160 22.97800 22.51060 22.49740 22.92750 22.93780 22.94090 22.98480 23.00440 22.92260 22.96200 22.98560 22.84670 23.12850 23.27910 23.16250 23.04990 23.09520 23.43550 23.57340 23.42620 23.75600 24.20300 23.26980 23.65310 23.50300 23.91820 23.49290 23.30040 23.54490 23.55040 23.96870 23.09380 23.84220 22.08030 21.84810 21.16110 21.32380 21.41300 21.03990
23.36650 23.56270 23.51010 23.32950 23.67410 23.60280 23.62400 23.62190 23.45610 23.09670 22.92600 23.29490 23.33460 23.14620 23.65390 23.71110 23.61610 22.33380 23.25820 23.84430 24.35780 24.11980 23.68190 22.95840 21.35180 20.94180 20.16550 20.78220 21.58410 20.89860 20.92720 20.70620 20.20520 21.48200 22.72050 22.93050 22.93830 22.94900 22.90450 22.98060 23.35840 23.13980 22.94050 22.43620 22.30730 22.85010 22.95730 23.06790 23.26800 23.48780 23.83680 23.31290 23.66970 23.46200 24.21860 24.36670 23.92560 23.97400 23.60540 23.43630 23.36520 23.63140 24.04440 23.99540 22.07520 21.47630 21.40730 21.22560 22.18920 22.76120 21.58150
23.51500 23.52580 23.49910 23.17970 23.35240 23.27080 23.15000 23.15130 22.97380 23.00590 23.01070 22.95170 22.43390 22.93690 23.42520 23.61940 23.80500 23.79260 22.76920 23.09250 23.49100 23.66840 23.40900 23.23190 22.88450 22.85790 21.17070 22.93560 22.95330 22.96500 22.97570 22.94190 21.73330 21.23660 22.52950 22.84960 22.83360 22.86050 22.90210 23.09950 23.62930 23.10620 23.54220 22.76640 22.81170 22.91420 23.01050 23.11100 23.33930 23.86710 23.71530 23.78580 23.55230 24.19700 23.88480 23.93120 23.65440 23.59340 23.99640 23.57920 23.91680 24.02120 23.78110 22.55100 23.52900 23.96450 22.90980 22.44310 22.48750 23.41250 23.40170
23.77900 23.87790 24.13190 23.99980 23.73680 23.21540 23.01560 22.95270 22.91410 23.01350 23.37850 23.48500 23.18460 22.92810 22.97400 23.25550 23.50210 23.65380 23.91110 23.76700 23.62780 23.30030 23.06500 23.13370 23.13800 22.98510 22.90690 22.92230 22.97220 23.00870 22.99480 23.17590 23.31460 23.22460 22.83330 22.94870 22.94780 23.17110 23.31480 23.62690 23.89970 24.33940 24.09430 24.65040 23.74560 23.32240 22.55370 22.64850 22.74830 23.03510 23.95410 23.54430 23.49610 23.55320 23.36800 23.49370 23.64230 23.82830 23.85870 24.13410 24.39050 24.21920 24.07130 20.71840 19.23870 18.97900 19.06090 19.46830 22.58150 23.76290 23.74980
24.29010 24.54900 24.40190 24.02420 24.09730 23.73980 23.27320 23.06790 22.96350 23.19480 23.41400 23.96400 24.51160 23.91550 23.03220 23.02920 23.63590 24.26940 24.61620 24.49420 23.99630 24.04640 23.76890 23.46810 23.12460 22.98000 22.97890 22.92630 22.99020 23.01620 23.40580 23.03530 22.97450 23.19230 23.14470 22.94600 23.19390 23.93490 23.13790 24.42560 25.32340 25.66270 24.73470 24.09380 23.71310 23.44340 22.49630 23.19570 22.40510 19.85340 23.58900 24.33380 24.16130 22.52870 21.85440 22.97470 23.99680 21.49000 18.75960 18.84460 18.92310 20.08780 19.58970 19.08400 19.38370 22.98680 19.69110 22.91150 23.53840 23.97870 24.03540
23.95350 24.45520 24.61850 24.54630 24.36450 24.06800 22.99010 23.30240 23.24720 23.00530 22.94700 23.13260 23.31170 24.30540 23.82430 23.82030 24.18280 23.72510 23.95960 23.83960 24.70950 24.03380 23.77330 23.49810 23.31240 23.12330 23.51750 23.02070 23.03210 23.29280 23.33710 23.13290 23.05970 23.16030 23.27690 22.96940 23.30000 23.95120 24.79090 24.15140 24.51650 24.94120 24.47150 25.49230 23.69780 21.88070 19.22550 19.51040 19.75540 19.74920 19.83550 21.28820 21.93260 21.47250 22.27930 21.10050 19.29090 18.99110 18.88960 19.20710 19.17110 19.39430 20.65320 22.51630 22.93190 23.48750 23.68510 23.71810 24.00710 23.83000 24.01110
24.45430 24.64160 24.87350 24.82650 24.70140 24.70100 23.96610 23.37130 23.42580 23.84520 23.51410 23.66360 23.54180 23.75160 24.70160 24.22310 23.75840 23.28450 23.72600 23.51200 23.62400 24.15390 24.03240 23.65690 23.22080 23.04860 23.10090 23.01330 22.89340 23.00740 22.95830 23.21670 23.06440 23.14050 23.27770 22.77010 23.48250 24.06330 25.01340 25.25670 25.62530 23.91300 24.40970 23.26500 19.50440 19.45780 20.63380 21.57390 22.01700 20.01620 18.78750 18.69180 22.73610 20.44280 19.30960 19.55060 19.28310 18.94870 19.47040 18.82290 20.17290 22.41990 23.35770 23.69430 24.18270 24.17360 24.34340 24.43000 24.21180 24.20800 24.43060
23.99610 24.61820 25.02530 24.87200 24.76490 24.69670 24.73690 24.12230 25.06620 24.83140 24.58950 24.58300 24.36680 24.05690 24.81620 24.15140 24.24500 24.13620 23.52150 23.51270 23.63720 24.45130 24.91490 23.80130 23.40750 22.61320 23.49170 23.33980 23.18120 23.11600 23.10080 22.94120 23.13340 23.27420 23.61200 23.49590 23.54260 23.66050 24.72100 25.03620 24.83830 22.81230 20.66000 19.63890 18.62540 21.06060 22.71270 22.75050 23.76800 23.35510 -9999 -9999 22.87260 21.69570 19.01010 19.60490 19.85120 19.48210 22.80360 23.22030 23.59320 23.83230 23.97810 24.28270 24.53270 25.09860 25.42750 25.94430 24.82080 24.84530 25.18900
23.94470 23.88780 23.98450 24.10220 25.36080 25.20390 25.07450 24.85860 24.60150 24.28680 24.15460 24.01660 24.04580 24.22030 24.25850 23.95390 25.62350 24.98710 24.22600 25.21120 23.92240 24.49660 24.70510 24.53610 25.15220 24.81120 24.30950 23.93990 22.78210 23.35500 23.39440 23.19450 23.34070 23.55790 23.97390 23.57490 23.69210 23.60210 23.43890 -9999 -9999 -9999 -9999 23.40740 -9999 23.07960 24.73090 23.90200 23.63260 23.44430 -9999 -9999 22.83420 19.83470 19.96570 21.76500 22.87170 22.89150 22.98460 23.52280 23.54400 23.74960 23.85300 23.73870 24.12410 25.78960 25.93260 26.10810 25.01540 24.69160 24.78630
23.73170 23.86420 23.98500 24.07420 25.40640 24.85410 25.21210 25.09170 24.10270 23.85600 23.70430 23.94890 24.04610 24.15800 23.88940 23.48190 25.43310 25.49080 25.90240 25.50380 25.79700 25.09920 25.48870 25.53400 24.63870 24.68690 23.96270 24.70010 24.42010 24.07690 23.79020 23.64750 23.95780 23.73560 24.00340 23.47330 23.52250 -9999 -9999 -9999 -9999 -9999 -9999 -9999 23.82500 24.11110 23.93990 -9999 -9999 -9999 -9999 -9999 20.90060 20.71930 23.93180 24.45020 23.95320 23.85000 23.58570 23.83070 23.34230 23.35100 23.57420 24.19680 24.48890 23.74790 24.89180 26.09330 25.02200 24.23650 -9999
