data/hydroclimate-scenarios/1948-2000.Pcorr55N_Pref_Tref/monthly_summaries/soilm3_monthly_day1_jan.1950-2000.asc
ncols	311
nrows	91
xllcenter	102.75
yllcenter	31.75
cellsize	0.5
NODATA_value	-9999
[rows 32 to 63 of 91, columns 0 to 70 of 311]
-9999 -9999 -9999 -9999 -9999 -9999 -9999 -9999 -9999 -9999 -9999 23.41430 23.41640 23.44110 23.42840 23.44480 23.44620 23.46520 20.59550 20.88680 23.01440 23.47170 23.46690 23.46850 23.17460 22.95820 22.76630 21.55460 20.52600 18.64950 18.55400 18.53800 18.54620 18.55030 19.45730 20.74830 22.14890 23.05070 24.26900 24.27420 24.27170 24.27660 24.29630 24.29450 24.28960 24.28160 24.27170 24.25790 24.25130 24.25220 24.24580 24.26340 24.24990 24.36860 24.16040 24.14900 24.07060 23.97060 24.32320 24.24290 24.24990 24.25340 23.92470 22.56090 22.07910 23.77380 23.72550 23.69610 23.91530 23.09870 23.15730
-9999 -9999 -9999 -9999 -9999 -9999 -9999 -9999 -9999 -9999 -9999 23.42730 23.43470 23.42810 23.43390 23.44360 23.44730 23.47270 23.47840 23.49500 23.49800 23.49340 23.41700 23.22270 23.03400 22.88640 22.91390 22.87370 22.84700 22.12560 20.44730 19.85260 21.87410 23.65120 24.29580 24.24900 24.19090 24.29740 24.29680 23.64830 24.29640 24.43930 24.33150 24.34720 24.36840 24.34690 24.34060 24.29180 24.27530 24.26560 24.25530 24.25810 24.24190 24.31940 24.22250 24.25210 24.25710 24.25290 24.26220 24.26730 24.26330 22.98350 22.93750 24.24470 23.14270 23.84860 24.06580 23.01390 23.02240 23.08920 23.14830
-9999 -9999 -9999 -9999 -9999 -9999 -9999 -9999 -9999 -9999 -9999 -9999 23.13370 23.03520 23.03660 23.05130 23.45420 23.48530 23.49300 23.50360 23.34940 22.92210 22.98940 22.98070 23.01460 22.98630 22.94720 22.99470 22.93430 22.92860 22.92430 23.53090 24.22340 24.22760 24.03890 23.94740 23.35670 24.31510 24.40970 23.33090 23.54300 23.57130 24.07550 24.34370 24.36010 24.39550 24.36150 24.31370 24.29570 24.27840 24.25090 24.26040 24.25500 24.23190 24.22410 24.22960 24.23200 23.91540 23.07710 23.18490 23.05190 23.03830 23.04360 23.31910 23.52660 22.97260 23.72740 23.09230 23.18110 23.25000 23.13210
-9999 -9999 -9999 -9999 -9999 -9999 -9999 -9999 -9999 -9999 -9999 -9999 22.93350 23.03040 23.23810 23.35180 23.26410 23.31690 23.13480 22.91720 23.01180 23.04600 23.02490 22.99260 23.01140 22.99070 22.94240 22.98990 22.94370 22.88050 22.86060 24.04540 23.85600 23.11880 23.08210 22.86560 22.86420 23.66430 23.86260 22.98930 23.00620 22.89990 23.38680 24.43110 24.28460 24.00880 24.10110 23.72910 23.59000 23.59630 23.46990 23.54580 23.82910 24.24430 24.23900 24.04370 22.01020 23.14290 23.83030 23.22720 22.88700 23.06910 23.96410 24.36790 23.73330 23.21370 23.08670 23.11290 23.18840 23.26460 23.31690
-9999 -9999 -9999 -9999 -9999 -9999 -9999 -9999 -9999 -9999 -9999 -9999 23.32310 23.12930 23.30120 22.99930 23.02860 22.87110 22.84920 23.04940 23.02200 23.05460 23.02890 23.00940 23.00370 23.00390 22.98010 22.87740 22.89600 22.82950 22.71760 22.90570 22.86730 22.98000 22.95520 22.96230 22.90610 22.98000 22.96770 23.00570 23.08170 23.03500 23.22530 23.75410 23.30320 23.20090 23.22510 23.13220 23.10400 23.02940 22.99010 22.99750 22.95800 23.18580 23.09940 22.92710 22.82030 22.96910 22.86970 22.98620 22.88870 23.00210 22.99770 23.40550 23.71300 23.36150 23.12280 23.16940 23.27160 23.31850 23.37000
-9999 -9999 -9999 22.95540 22.95790 22.93910 22.92670 22.93390 22.93680 -9999 23.33090 23.39920 23.10550 22.83180 22.84060 22.94550 22.87730 22.70880 22.82520 23.01400 23.02000 23.02400 22.91520 22.80960 22.93390 22.99770 22.97500 22.98150 22.81110 22.66170 22.57190 22.67070 22.74520 22.86930 22.90600 22.36810 22.91830 22.98480 23.01120 23.02240 23.06670 23.13940 23.16630 23.22390 23.24650 23.25170 23.28580 23.06890 23.10290 23.09560 23.03060 22.96520 22.93840 23.01200 22.87050 22.91710 23.03600 22.82620 22.80130 22.84040 22.99170 22.84260 22.88450 23.13100 23.08780 23.00810 23.07030 23.20260 23.32830 23.42570 23.54560
-9999 -9999 -9999 22.60010 22.96740 22.96570 22.95630 22.85390 22.84380 23.27610 23.21290 22.99100 22.74820 22.74540 22.87360 22.84950 22.76720 22.58010 22.59350 22.59980 22.59500 22.63240 22.61230 22.61880 22.68430 22.90160 22.77460 22.63430 22.62830 22.72570 22.35440 22.63310 22.58550 22.63540 22.86020 22.79370 22.91860 23.07090 23.01120 23.14700 23.13000 23.11590 23.20100 23.26450 23.16900 23.20780 23.32070 23.18040 23.12510 23.03100 23.02300 23.15800 23.15220 23.14290 22.96960 23.14550 23.08740 23.06970 22.99980 23.13650 23.13210 23.24400 23.29130 23.23930 23.29930 23.22880 23.28430 23.30090 23.48010 23.51810 23.42270
-9999 -9999 -9999 22.56420 22.96080 22.85570 23.21460 23.12400 23.12490 23.09990 23.12580 23.01380 22.54090 22.52940 22.54190 22.52340 22.63140 22.64810 22.57930 22.57040 22.59120 22.67610 22.38850 22.84110 22.72100 22.79690 22.84460 22.76890 22.67730 22.76450 22.82230 22.73340 22.68530 22.68980 22.73090 22.70510 22.72910 22.91440 22.98960 23.00500 23.12210 23.10250 23.22900 23.29220 23.24820 23.25860 23.30210 23.07280 23.06720 23.25620 23.26220 23.17080 23.16820 23.15090 23.10080 23.15570 23.10810 23.09420 23.12990 23.28810 23.25010 23.28080 23.30080 23.36990 23.40570 23.44020 23.46440 23.21900 23.28910 23.25610 23.20680
-9999 -9999 -9999 22.67730 22.93740 22.77720 23.16150 23.17060 23.05540 23.00500 23.05690 22.62060 22.52360 22.56310 22.53970 22.68260 21.22140 18.40200 19.07560 19.92220 22.91050 22.84870 21.94920 19.76610 20.07140 22.97150 22.85740 22.71540 22.85980 22.86750 22.83200 22.68040 22.75720 22.83690 22.81330 22.83160 22.74420 22.68060 22.92080 23.00730 23.05670 23.20800 23.27050 23.26870 23.33040 23.37080 23.39920 23.24480 23.25750 23.23420 23.24990 23.20460 23.18580 23.11220 23.15330 23.14700 23.02670 23.02470 23.03470 23.27810 23.20200 23.21130 23.16960 23.12690 23.24470 23.25320 23.16840 23.05990 23.17110 23.21910 23.30920
-9999 -9999 -9999 22.44930 22.82920 22.87780 23.18400 23.11460 23.09750 23.05210 23.06150 22.80880 22.55500 22.60390 18.38430 18.37650 19.77600 21.17550 22.59920 22.76520 22.92560 20.01000 18.89110 22.84240 22.85740 22.72070 22.58870 22.60640 22.72930 22.79000 22.81700 22.78970 22.80920 22.76030 22.59600 22.90030 22.80760 22.45610 22.46010 22.71600 23.19230 23.07600 22.92240 22.94190 23.05230 23.07180 22.98290 23.06610 22.98740 22.87010 22.76900 22.83640 22.93470 22.84660 22.79510 22.92170 22.86690 22.85770 22.76620 22.95320 22.99130 22.97160 22.97950 23.18910 23.21270 23.22580 23.26480 23.23830 23.21630 23.28850 23.42650
-9999 -9999 -9999 -9999 22.94080 23.06600 23.06250 23.06470 22.99710 22.94260 22.97860 22.63830 22.62580 22.62930 -9999 -9999 -9999 -9999 -9999 20.41320 18.59340 18.51430 18.59030 22.46260 21.40410 22.04280 22.09180 22.15630 22.69450 22.67190 22.70960 22.75390 22.74810 22.56340 22.92420 22.89810 23.14910 22.56900 22.46580 22.88430 22.97090 23.26520 22.79560 22.66910 22.87470 23.07480 23.67560 23.30770 22.90180 20.11180 23.04340 22.96700 22.92190 22.65880 22.65160 22.77550 22.77470 22.75440 22.96730 22.90310 22.83360 22.88070 20.52940 22.91060 22.92890 21.05620 22.96960 22.95560 22.60920 -9999 -9999
-9999 -9999 22.42480 22.98090 23.08300 23.06570 23.06250 23.07550 23.00410 22.97710 22.99600 22.54570 22.60620 -9999 -9999 -9999 -9999 -9999 20.45010 18.51240 19.55480 22.66260 22.64830 22.73230 19.93360 18.52810 19.08980 22.64800 22.66770 22.56810 22.76320 22.69790 22.97720 22.88290 22.57680 23.13830 23.14050 22.81960 22.58030 22.55560 22.49610 22.57640 22.66240 22.59860 22.58900 22.60460 22.64330 22.65060 22.35060 18.53520 18.52450 18.56630 18.65130 18.59150 20.80690 23.00450 22.75320 22.89090 22.91240 22.91000 22.94080 22.96320 20.52740 18.85770 18.88870 18.93790 18.95880 -9999 -9999 -9999 -9999
-9999 -9999 23.10590 23.10970 23.04670 23.05470 23.15040 23.08270 23.01660 23.01860 22.58130 22.59240 22.56420 -9999 -9999 -9999 -9999 22.62350 22.74840 22.65110 23.11580 22.76390 21.68140 18.42470 19.39290 22.60520 22.66680 22.51550 22.44500 22.53990 22.52240 22.46780 22.55720 22.57560 22.99390 22.65310 22.63540 22.54350 22.59790 22.57590 22.61500 22.66740 22.72120 22.61670 22.87550 22.97620 22.98200 22.97420 22.86910 22.84750 20.12960 18.60460 18.60340 18.57940 18.56150 21.40360 22.88770 20.94040 20.07330 19.72860 18.86600 18.87070 18.89420 20.20860 21.52230 -9999 -9999 -9999 -9999 -9999 23.05400
-9999 -9999 22.90220 23.28910 23.12560 23.12290 23.37310 23.31520 23.03600 22.92390 22.61320 22.58930 22.51980 -9999 -9999 -9999 -9999 22.72010 22.68040 22.90390 21.94670 20.31570 19.78170 22.62430 22.62960 22.62570 22.52500 22.42320 22.43860 22.56490 22.56940 22.62140 22.55270 22.58730 22.60030 22.61020 22.53330 22.53750 22.55060 22.61020 22.70200 22.65950 22.71680 22.65390 22.57460 21.89760 21.99810 22.69500 23.09510 23.08850 22.18850 21.97690 20.83220 21.56160 21.09590 20.85180 22.03650 21.85150 22.85110 22.92810 18.87630 21.50410 22.96150 23.16000 23.16340 21.12230 18.98180 18.91500 18.95100 -9999 -9999
-9999 -9999 -9999 23.70620 23.16140 22.08450 22.22500 22.75320 22.71310 23.77050 25.50640 22.55270 -9999 -9999 -9999 -9999 22.62630 22.63670 22.60970 22.64240 22.76370 22.63920 22.94050 22.71890 22.62250 22.52600 22.55300 22.69740 22.60360 22.61610 22.57310 22.54470 22.57090 22.96030 23.33660 23.43140 22.92870 22.81570 22.58700 22.53200 22.57600 22.56420 22.82770 22.54240 22.04870 21.97060 20.89770 20.25850 20.87210 22.48970 21.69630 18.92470 18.93560 18.98470 19.00340 18.95960 19.03250 22.37790 23.07480 23.07400 23.06080 23.01920 23.05160 23.12900 23.18060 23.18670 19.11250 18.95340 19.03010 19.16140 -9999
-9999 -9999 -9999 -9999 22.84850 21.22830 22.63560 22.65490 22.67780 22.56320 22.54450 -9999 -9999 -9999 -9999 22.64660 22.74160 22.72290 22.35690 22.99650 23.08060 23.31180 23.50080 22.90630 22.44590 22.91990 23.47910 22.99630 23.53860 23.09590 23.08310 23.26800 23.37680 23.39870 23.35140 22.83830 22.63590 22.55120 22.63460 22.53270 22.55660 22.55920 22.59900 22.64650 22.58790 23.31760 23.66140 21.94620 21.34240 20.67630 23.10080 18.80000 18.86890 19.91930 19.19630 18.86680 18.98970 19.04660 19.09210 23.04850 23.08000 23.15500 23.15130 23.28110 23.24520 23.11730 19.05420 18.97760 18.92970 19.05240 19.16750
-9999 -9999 -9999 -9999 -9999 -9999 22.77770 22.91530 22.72250 22.82250 23.28110 -9999 -9999 -9999 -9999 -9999 23.05490 23.15630 22.71800 23.44810 23.40180 23.03240 22.75690 22.67620 23.24730 23.44160 21.46790 19.73360 19.73650 20.38510 22.66280 23.48920 23.11150 23.41810 23.31130 23.54780 22.84950 22.55550 22.59430 22.56340 22.57720 22.63030 22.65130 22.60100 22.78800 23.12050 23.70050 23.29410 21.93190 18.65590 18.85970 19.02710 22.92370 23.40720 21.85250 24.03500 19.00000 19.03670 19.10440 22.24160 23.20090 23.23840 23.16990 23.26900 23.33570 23.18190 19.65820 18.85920 18.86230 21.32700 22.84190
-9999 -9999 -9999 -9999 -9999 -9999 -9999 -9999 -9999 -9999 -9999 -9999 -9999 -9999 -9999 -9999 -9999 -9999 -9999 23.40850 22.65710 21.34460 22.97240 23.12000 22.09120 21.98260 21.07550 20.98220 21.57120 23.03330 23.52280 22.99530 22.62430 22.78560 23.29820 23.20820 22.59560 22.64380 22.62850 22.61600 22.56090 22.59010 22.67380 22.68510 22.57820 23.17870 23.20860 23.30980 22.40870 23.24530 23.52390 21.54400 19.49500 19.12970 18.84260 18.89730 23.24850 22.27700 23.36260 23.31900 20.40340 19.39310 23.34270 23.33570 23.51470 20.54900 18.96000 18.85050 18.84460 18.99870 22.65060
-9999 -9999 -9999 -9999 -9999 -9999 -9999 -9999 -9999 -9999 -9999 -9999 -9999 -9999 -9999 -9999 -9999 -9999 23.10920 21.72670 21.80230 23.34880 23.36680 23.38690 22.20850 21.46260 21.21750 21.63540 23.21390 23.40590 23.42400 23.39890 23.44300 23.43040 22.98300 22.56180 22.48640 22.57320 22.50570 22.63210 22.56600 22.57590 22.58980 22.79480 23.20480 23.54530 23.31040 23.12040 23.06000 22.48690 22.62790 23.16810 23.25380 23.54560 19.29700 19.10780 22.25580 22.71480 20.09980 22.33970 19.14200 19.09660 21.60940 21.99580 19.19180 20.49550 22.35710 18.87700 19.06680 18.98380 21.20020
-9999 -9999 -9999 -9999 -9999 -9999 -9999 -9999 -9999 -9999 -9999 -9999 -9999 -9999 -9999 -9999 -9999 23.34630 22.28860 23.24880 23.36410 23.25790 22.71150 22.18870 22.24180 22.52370 21.22050 21.26680 22.25990 22.18450 22.52390 21.76780 21.84920 22.11090 21.68000 22.19850 22.65780 22.61920 22.60430 22.55110 23.17160 23.27240 23.37790 23.50360 23.39630 23.37510 23.41050 23.20170 23.42400 22.46550 21.51250 19.29160 23.02210 23.78820 23.43270 23.76590 23.32280 23.23090 23.24330 23.42750 21.43960 19.52210 21.40960 20.36990 23.64160 23.42530 22.41280 22.74760 21.33770 21.25650 23.80660
-9999 -9999 -9999 -9999 -9999 -9999 -9999 -9999 -9999 -9999 -9999 -9999 -9999 -9999 -9999 -9999 -9999 22.73780 23.33550 23.43050 22.97520 21.77640 22.32330 22.51580 23.30620 24.61540 23.71340 23.90800 22.40410 22.28940 20.80060 20.68760 21.22110 22.01090 21.26160 21.03000 21.71870 22.46880 22.53610 22.54970 23.42500 23.39310 23.44380 23.29880 23.42840 23.35320 23.41860 23.12260 23.31470 23.30240 20.16420 18.94320 19.00140 19.66260 22.38530 23.90070 23.69830 23.45910 22.87350 22.05980 23.54870 23.46650 23.46800 23.52910 23.40760 23.41370 23.39430 22.01220 22.11860 23.98400 24.08210
-9999 -9999 -9999 -9999 -9999 -9999 -9999 -9999 -9999 -9999 -9999 -9999 -9999 -9999 -9999 -9999 22.66970 22.69630 23.36520 22.65620 21.62070 23.12720 23.91650 24.31030 24.60160 24.30470 24.30590 24.70470 24.10360 23.00330 22.80540 23.20640 23.35770 20.95660 20.58210 20.74740 22.00950 22.56840 22.49130 22.60030 23.45950 23.37690 23.26210 23.36370 23.23210 23.24480 23.38410 23.11940 23.11700 23.67270 21.21170 19.72540 19.37760 20.06320 22.25830 23.87950 23.91640 23.42820 19.09740 23.31400 23.61630 23.67000 23.78830 23.99280 23.39910 19.26540 19.21490 19.22590 22.03790 23.93440 24.21340
-9999 -9999 -9999 -9999 -9999 -9999 -9999 -9999 -9999 -9999 -9999 -9999 -9999 23.40420 23.29290 22.82380 22.83560 22.76170 22.29750 21.96480 23.41820 24.42600 24.40790 23.90670 24.40380 24.70040 24.70090 24.70000 24.70000 24.70000 23.00760 22.53250 23.90010 23.30010 21.51280 20.40620 21.62470 22.04180 22.30520 23.20710 23.10370 23.20110 23.14650 23.10060 22.71910 22.28730 22.84330 22.35370 22.38910 23.12330 23.23490 23.38930 23.43070 23.40670 22.67520 19.27230 21.88950 23.31010 20.67150 21.55270 23.51280 22.95210 24.55770 21.33470 21.22990 22.82140 20.66890 22.38420 19.96200 24.78240 24.82250
-9999 -9999 -9999 -9999 -9999 -9999 -9999 -9999 -9999 -9999 -9999 -9999 23.22800 23.25870 22.47950 22.54720 23.06370 23.34490 23.83370 23.60530 22.90700 21.80840 21.90480 22.80460 24.00180 23.60020 23.70010 24.20000 22.30100 23.00370 21.40030 22.90240 23.10590 23.81140 22.51710 20.50490 22.20010 22.30030 22.70310 23.10250 23.10210 23.10110 23.03590 22.60690 21.93760 22.25040 22.97620 22.31600 22.06440 21.73900 23.43780 23.22560 23.78050 23.31680 23.57770 23.30630 23.57620 18.98570 20.80580 20.48380 22.99550 21.11220 19.93860 21.19160 21.38390 24.96640 25.08910 19.99610 21.49370 24.76870 24.65820
-9999 -9999 -9999 -9999 -9999 -9999 -9999 -9999 -9999 -9999 -9999 22.83140 23.34880 22.66990 23.42600 23.80790 23.50570 22.30800 21.51010 21.60530 21.30360 21.40060 21.30070 21.10070 21.10060 21.10020 20.92210 23.00470 22.80230 22.60750 21.50060 23.00000 24.20000 23.80000 22.70000 21.81100 22.30050 22.40140 22.80350 23.10190 23.10070 22.81090 22.25240 21.92550 21.72230 21.83650 21.74320 21.87030 22.01040 22.31310 22.68420 23.27500 23.21340 23.59180 23.24630 23.23260 23.61760 23.30690 18.61540 19.23680 19.78290 22.43580 21.18580 22.49070 24.85240 23.18040 23.76100 20.13070 24.73630 24.67370 24.59830
-9999 -9999 -9999 -9999 -9999 -9999 -9999 -9999 -9999 -9999 23.63020 22.52500 23.70850 23.31000 22.90370 21.90090 21.40030 21.10040 21.10070 21.10030 21.10030 21.10020 21.10030 21.10020 21.10000 21.10020 21.10010 21.40630 20.70180 21.10000 21.10000 23.70000 23.40000 20.31170 20.20350 21.61360 22.30070 22.40160 23.00360 23.10260 22.80500 21.82730 21.50620 21.20520 20.50640 21.33690 21.84450 21.54820 21.99660 22.06040 22.44500 23.07790 23.62850 23.14230 23.23930 23.26630 22.53550 20.21820 19.40520 23.11850 23.37830 22.64810 21.87900 23.85500 24.74090 23.64230 25.11040 24.91950 24.77070 24.67100 24.65320
-9999 -9999 -9999 -9999 -9999 -9999 -9999 -9999 -9999 22.00020 21.20010 21.10010 22.20010 21.40010 21.70000 21.10010 21.10000 21.10000 21.10000 21.10000 21.30000 21.10000 21.80000 21.80000 21.30000 21.10000 21.10000 21.70000 21.10000 21.70000 21.90000 21.50000 24.50000 24.70000 20.60580 22.14390 22.30360 22.80220 23.00070 22.54320 20.31630 21.10440 21.10840 20.65240 19.50270 20.10740 21.31710 22.02710 21.62070 21.89290 22.17090 23.71320 23.46100 24.80810 24.34350 23.22420 22.91780 23.04330 23.11660 23.40100 23.43310 22.86450 22.29820 24.44410 24.75630 25.10950 25.86590 25.94560 25.85270 25.77750 25.87510
-9999 -9999 -9999 -9999 -9999 -9999 -9999 -9999 -9999 -9999 22.40000 21.40000 21.40000 21.10000 21.10000 21.10000 21.10000 21.10000 21.10000 21.50000 22.00000 21.30000 21.70000 -9999 -9999 -9999 -9999 -9999 -9999 23.90010 25.40070 24.50000 24.00000 24.30000 22.70000 22.23480 22.27410 23.00040 23.10030 23.00720 20.82760 21.43140 22.39680 20.07930 19.62410 19.88920 20.53310 21.81320 22.22790 22.27800 22.87820 23.22750 23.44350 23.94190 24.23010 23.11000 22.87070 22.95960 22.77250 23.41050 23.12720 22.57470 23.78500 19.70860 24.50210 25.61730 26.40800 25.84320 25.67530 25.83130 25.78510
-9999 -9999 -9999 -9999 -9999 -9999 -9999 -9999 -9999 -9999 -9999 -9999 21.70000 21.10000 21.10000 21.10000 21.10000 21.10000 21.40000 -9999 -9999 -9999 -9999 -9999 -9999 -9999 -9999 -9999 -9999 -9999 -9999 -9999 -9999 24.80000 22.90760 21.91680 20.61470 21.71980 23.40010 25.10070 21.95640 20.71990 21.84510 21.01350 19.91380 19.75190 20.04000 20.84680 21.68390 21.60380 21.77610 23.68080 23.89050 24.25780 23.34340 22.83290 23.11980 23.28260 23.07300 23.31530 22.62270 22.13820 23.69620 24.01890 24.83660 25.74010 26.57400 25.79450 25.87700 26.10490 26.47990
-9999 -9999 -9999 -9999 -9999 -9999 -9999 -9999 -9999 -9999 -9999 -9999 -9999 -9999 -9999 -9999 -9999 -9999 -9999 -9999 -9999 -9999 -9999 -9999 -9999 -9999 -9999 -9999 -9999 -9999 -9999 -9999 -9999 -9999 22.30930 20.50500 20.70530 20.30550 22.90000 21.42550 22.12710 21.41040 21.11590 21.98860 20.19740 20.52690 21.23840 21.62990 22.21410 22.01900 22.43900 23.79890 22.94950 23.56890 23.77570 23.26900 23.14020 23.33370 23.30470 23.20750 21.53410 23.77590 23.78640 24.03330 24.88640 25.46980 26.68750 25.85360 25.94340 26.26490 27.15060
-9999 -9999 -9999 -9999 -9999 -9999 -9999 -9999 -9999 -9999 -9999 -9999 -9999 -9999 -9999 -9999 -9999 -9999 -9999 -9999 -9999 -9999 -9999 -9999 -9999 -9999 -9999 -9999 -9999 -9999 -9999 -9999 -9999 -9999 21.91340 20.31010 20.41640 23.05870 25.10070 19.80540 20.00330 20.13970 19.92160 20.00900 22.35700 21.32060 21.23050 21.63680 21.86690 22.04520 22.33620 21.88060 23.23620 23.72850 23.83250 23.34980 22.98230 23.04660 23.12130 23.44130 21.25860 19.68750 21.76580 24.03770 24.70180 26.54980 26.89720 27.39200 27.83630 28.12470 -9999
-9999 -9999 -9999 -9999 -9999 -9999 -9999 -9999 -9999 -9999 -9999 -9999 -9999 -9999 -9999 -9999 -9999 -9999 -9999 -9999 -9999 -9999 -9999 -9999 -9999 -9999 -9999 -9999 -9999 -9999 -9999 -9999 -9999 -9999 -9999 -9999 -9999 -9999 21.11780 19.80500 19.40240 19.30390 19.87250 19.99490 20.70730 21.83320 22.39020 21.75560 21.87500 22.27610 21.85420 22.45570 22.45200 23.52990 23.58470 23.02270 23.11410 23.11460 23.37580 20.97770 19.39730 23.26450 24.16310 24.66550 26.17330 26.71100 27.14100 27.55210 28.03940 -9999 -9999
