data/hydroclimate-scenarios/1948-2000.Pcorr55N_Pref_Tref/monthly_summaries/soilm2_monthly_day1_jun.1950-2000.asc
ncols	311
nrows	91
xllcenter	102.75
yllcenter	31.75
cellsize	0.5
NODATA_value	-9999
[rows 31 to 61 of 91, columns 0 to 69 of 311]
-9999 -9999 -9999 -9999 -9999 -9999 -9999 -9999 -9999 -9999 -9999 135.33099 140.96400 143.80901 144.20500 152.58800 149.30800 154.16000 152.58600 154.72301 151.87300 151.49001 151.46800 144.75900 142.52100 139.63000 140.93500 136.74699 131.90199 128.61800 126.21700 126.60800 124.28500 123.75100 125.63800 121.47900 123.72300 128.17999 136.06000 135.92599 137.21600 140.04201 141.05499 140.61600 137.70100 133.83600 133.71500 131.26500 131.12000 127.58200 126.95100 123.82800 123.95100 121.24700 120.17900 124.93200 125.24600 123.50300 123.73900 124.89500 127.74700 127.88400 128.55200 128.64500 127.85600 129.48801 134.94901 137.99500 144.33501 149.87700
-9999 -9999 -9999 -9999 -9999 -9999 -9999 -9999 -9999 -9999 -9999 140.74100 143.22099 144.68300 146.32401 150.27699 153.15900 152.81100 151.01900 150.53400 152.66600 153.15199 147.48700 145.78999 140.63800 139.33900 138.19901 134.50301 134.07700 129.35400 129.39101 127.66300 125.42500 125.24700 124.65800 113.74800 114.82200 116.97700 127.41000 130.45300 132.98100 133.99699 133.51100 135.80400 135.25800 134.83501 137.33200 139.55099 139.92200 137.32100 135.85300 133.43401 131.91000 132.96201 130.08000 128.19800 125.79600 124.96500 126.64700 122.34700 121.03400 120.33800 125.87300 127.24700 127.74500 127.59900 132.96400 138.99800 145.33701 148.79100
-9999 -9999 -9999 -9999 -9999 -9999 -9999 -9999 -9999 -9999 -9999 144.27901 146.73500 144.97501 148.14999 149.65100 150.68800 151.24800 151.25700 151.37100 151.60500 148.92400 144.10100 142.39799 142.78400 140.08200 134.41800 135.86501 128.58701 127.54000 130.40800 123.79200 119.15600 115.86700 125.28600 122.51500 127.25200 125.71400 131.61301 138.49200 135.84801 141.55400 138.71201 138.89999 141.37199 142.43600 144.12700 142.68201 142.43900 140.21600 138.38100 135.16499 133.55000 133.73199 128.29201 124.89700 124.73200 126.34400 123.63300 122.68800 122.82700 127.42400 126.26900 120.95800 126.52800 129.67200 133.23100 139.06500 143.12500 147.66200
-9999 -9999 -9999 -9999 -9999 -9999 -9999 -9999 -9999 -9999 -9999 -9999 141.04401 140.97800 141.60400 143.42200 146.05000 145.43100 145.21400 144.18500 143.90401 138.24001 134.18600 150.14999 142.29700 139.24899 136.72000 140.81400 135.22800 125.97100 130.23000 124.97900 125.95500 125.77800 125.22600 126.35800 129.63400 128.18700 133.43201 137.49100 139.41901 141.44600 142.75301 141.33501 143.07300 144.02200 142.48199 140.64600 140.54700 139.07100 135.75600 135.77499 135.00800 131.50101 129.52600 128.81200 128.09700 128.14400 128.09500 126.85000 126.45800 126.49800 128.80099 130.18500 129.64999 130.89500 133.42500 140.62801 147.09801 149.20200
-9999 -9999 -9999 -9999 -9999 -9999 -9999 -9999 -9999 -9999 -9999 -9999 136.31700 136.96300 140.23700 139.95399 137.64400 138.92500 139.50800 137.75900 142.07500 153.44000 154.17799 153.62900 154.37000 142.25301 141.79401 145.14301 135.57600 125.85300 127.63800 131.99200 123.40200 123.75600 123.89300 116.63100 121.38300 120.99800 123.00400 133.37199 138.00800 136.68600 139.33000 143.65500 141.35800 142.17300 140.48199 140.19000 139.07300 140.81400 139.88200 132.21201 129.86900 130.05299 127.60300 129.09900 128.90300 126.33700 117.80800 128.88000 129.68300 127.62300 128.41400 133.02400 134.15800 131.99001 137.08000 139.95900 144.44701 147.46800
-9999 -9999 -9999 -9999 -9999 -9999 -9999 -9999 -9999 -9999 -9999 -9999 136.15601 130.89799 132.80800 134.59500 135.41499 135.09100 129.93401 140.19000 150.36400 154.31599 152.62601 152.03400 148.61200 147.71700 141.71600 126.07200 126.26700 113.63500 110.45300 125.23200 113.75600 116.77600 110.98300 110.62400 110.08900 120.85200 121.86600 129.08800 138.85899 147.39900 146.35899 144.42700 144.79401 136.12801 146.80200 149.85201 147.15199 141.17700 138.29401 136.93401 129.86700 122.66200 117.03800 116.80700 114.75100 123.35700 124.74000 134.02400 127.57400 134.87199 133.43700 127.74200 134.24600 136.27400 140.21300 140.74300 146.69000 149.34000
-9999 -9999 -9999 136.40300 134.96899 134.44800 133.16100 133.78101 135.38499 -9999 135.33099 136.11000 132.40500 125.97700 126.88100 128.81200 127.84000 122.59800 135.16400 146.13499 146.16600 146.28400 145.70100 144.91701 135.73000 139.29800 131.75200 134.17300 125.53600 127.34100 123.69300 109.88300 114.31700 116.27200 111.72400 96.89720 114.81000 125.91600 125.41300 128.43201 133.68600 143.18100 142.27200 137.94701 142.23801 145.03000 156.84200 134.61800 144.86600 144.25800 131.38000 123.64500 124.92800 135.09100 130.87000 142.22600 143.84300 126.54900 128.74200 125.27200 134.66200 134.24001 127.40600 138.11600 135.62199 135.78600 141.69200 146.43900 150.49300 152.97099
-9999 -9999 -9999 127.86400 129.24899 129.42300 131.56300 129.81700 129.84900 134.74200 131.21899 130.04401 129.28300 123.44500 124.81100 136.46899 124.44900 136.19901 138.89999 138.59500 137.51100 142.12500 134.97900 132.10600 127.76500 119.79500 122.40300 124.10700 130.07600 125.48300 104.46100 117.51200 121.97000 120.68100 114.66400 115.05100 121.79400 137.58900 129.93600 135.97301 141.85800 141.40601 141.68800 144.32300 141.09900 144.87199 153.19701 140.38600 135.07300 129.50400 131.56599 143.70599 147.56900 145.96201 137.90800 141.80499 136.08600 134.80701 140.28700 132.50900 132.32201 139.72400 138.55299 133.50600 146.49300 139.74600 143.66701 145.25900 152.12100 151.10201
-9999 -9999 -9999 119.36900 121.03300 124.54500 131.84399 130.62399 128.06400 126.58800 127.75400 128.95799 131.23000 135.25900 139.73801 137.60400 134.38499 127.45600 129.91299 133.17400 135.66600 130.40199 111.72700 121.34200 131.60800 123.79700 127.88000 125.65800 119.15900 126.47500 134.82600 136.45399 121.39000 116.86300 118.55300 119.46900 124.85100 127.84500 120.48900 119.39200 125.33100 133.34000 142.82300 145.29201 143.91000 146.89000 147.78300 128.04401 127.46000 149.93300 151.74800 143.63800 143.86501 142.58600 138.31900 138.40401 135.80600 134.43300 139.79100 140.91701 124.62800 124.60900 137.72600 144.59900 145.49699 147.74300 149.15199 149.31300 142.95399 153.58200
-9999 -9999 -9999 118.75700 111.15100 123.31100 128.09801 129.04300 128.80901 128.81100 126.76200 119.84100 133.01100 132.02901 139.11400 121.15100 129.51500 142.99699 140.23599 129.58701 123.67400 123.02000 131.63400 139.37801 132.32899 119.94100 122.25500 122.75700 134.03101 131.89200 124.36800 109.75800 118.83500 130.28500 135.82201 126.48200 117.84400 111.77500 122.38400 125.54800 126.90300 132.98300 139.15300 141.53799 135.59599 149.18201 152.61600 139.78799 150.13800 146.00999 149.80299 145.38499 142.94600 132.76700 140.83099 126.58900 123.53800 125.52700 129.59000 126.33400 128.54300 132.81500 134.36400 146.74001 144.80200 141.72800 158.44600 159.70500 163.17599 163.06400
-9999 -9999 -9999 111.40200 104.97600 120.16900 126.03000 126.25800 129.44000 127.37300 122.57400 129.89000 125.72500 129.31100 144.28999 140.04201 136.90900 130.28900 126.98000 111.07000 117.34800 130.03799 140.05099 118.99900 111.41300 110.73100 108.82700 112.32600 120.33900 129.80200 125.43500 122.08800 124.97400 123.92600 127.49600 127.63200 128.21700 122.39600 122.00600 126.91100 134.45200 141.82201 144.88699 144.17500 142.09399 143.01601 143.79401 140.03101 133.29700 146.06100 142.22501 127.64900 125.34500 132.96899 128.55000 131.34900 123.55300 120.23200 129.03999 149.52699 144.02600 142.52200 146.73500 145.10100 141.35899 138.10100 150.21100 153.13300 165.05800 160.88300
-9999 -9999 -9999 -9999 123.84300 126.69900 125.12200 129.62300 130.36000 129.02600 122.25600 120.48300 134.26100 118.53300 -9999 -9999 -9999 -9999 -9999 131.88699 138.03200 129.86600 133.65100 131.64200 124.25200 117.18400 100.85000 109.35800 115.82400 112.49000 117.30700 115.94800 120.89600 117.22800 110.58200 108.42400 112.99600 107.63800 116.84500 118.56100 119.52200 125.36000 130.89500 136.73599 135.61900 134.90401 135.97400 143.89700 141.47501 134.15601 139.79401 141.75800 137.05200 144.54401 145.00400 147.66400 148.82800 147.80400 131.50600 136.58800 150.48801 153.45500 151.92999 154.48900 156.03999 155.31100 158.31900 154.51601 161.35800 -9999
-9999 -9999 111.45800 123.17600 123.91700 122.13500 123.66900 131.20900 126.13800 125.97100 121.03200 120.43400 140.49200 -9999 -9999 -9999 -9999 -9999 143.36800 134.72600 132.97301 113.86200 112.99400 123.36800 123.79200 120.46200 101.62800 97.31160 100.47900 100.78800 99.64520 106.27800 108.02000 109.45500 107.66400 101.48700 109.25900 108.73500 110.54800 111.56700 119.13500 119.14900 122.62300 124.25800 122.11700 124.05800 128.55299 129.29401 123.29800 120.61900 122.84300 126.70000 129.97900 132.03300 133.67200 132.59801 138.92999 134.70200 131.56799 132.16499 135.52100 137.72099 145.75600 149.01801 149.27800 149.70300 146.67999 -9999 -9999 -9999
-9999 -9999 120.68400 120.84000 119.60500 119.45400 119.28100 125.84300 124.28300 121.07500 119.07800 125.80100 125.48400 -9999 -9999 -9999 -9999 120.87000 136.60100 118.64500 111.42400 103.29000 103.87100 108.08400 97.86520 89.64070 90.93380 95.81290 94.36910 91.14640 96.14470 106.11400 101.90200 98.56390 103.48000 103.02800 102.29500 99.22800 109.60000 119.57100 111.77800 119.12500 123.68700 119.58100 113.57000 105.21300 106.33300 111.20300 105.21500 111.25600 114.28100 117.58500 117.68400 119.32200 122.31100 108.88100 115.05800 131.89400 140.87000 139.34500 136.86600 145.30800 144.43100 140.90199 135.64999 -9999 -9999 -9999 -9999 -9999
-9999 -9999 119.87700 122.48900 121.55900 121.00900 120.21700 120.90300 120.75800 123.03000 125.53500 128.82100 98.84080 -9999 -9999 -9999 -9999 131.46001 127.22600 113.23600 103.35000 93.34400 89.71570 86.38710 87.70980 86.42870 93.54970 91.57890 92.12010 91.31830 94.36430 98.12540 102.56400 103.86700 99.09680 101.38000 101.81400 105.88500 112.43000 107.06200 108.81400 109.23100 109.62700 114.00800 108.50600 108.59600 106.74300 103.98600 97.12190 97.49500 96.91600 101.05600 108.24200 107.55000 115.22400 104.47200 108.15700 124.19100 129.62801 131.68800 124.67000 124.07000 127.38600 120.41300 126.83800 147.10201 139.79100 146.65700 141.49400 -9999
-9999 -9999 -9999 120.72400 121.87000 122.53500 118.90200 117.09800 110.53400 115.82300 104.41700 105.70200 -9999 -9999 -9999 -9999 126.42600 126.92300 110.18800 102.60000 94.13650 85.03250 88.09950 85.55920 87.33000 88.38240 90.05230 90.54180 91.29140 102.69600 102.37300 94.96360 93.01880 90.59690 89.72750 89.35160 91.50210 92.33930 96.77070 98.10580 100.46200 99.91110 116.57900 115.65700 115.27600 118.26800 105.65700 101.61100 101.09200 94.44360 106.92100 111.16300 110.35900 112.95500 119.54700 120.50000 124.54000 130.85899 135.27400 129.27299 129.71001 129.77600 140.07201 145.68900 141.00200 140.45900 141.63800 140.74400 134.65700 139.30701
-9999 -9999 -9999 -9999 121.56300 124.44300 118.99800 110.07300 116.90700 108.09900 93.01890 -9999 -9999 -9999 -9999 124.79100 121.03800 107.76500 120.33100 92.87190 86.50920 80.77110 81.50810 85.38190 88.30630 81.52370 80.30080 81.76240 83.83630 87.09990 91.91420 83.74970 82.14490 83.78110 88.63390 91.27700 92.34960 90.51380 92.74620 93.85310 97.37670 97.07140 96.81100 95.86180 92.32210 114.87800 118.26500 117.03600 115.41100 101.53200 101.53500 108.70800 111.37600 110.57800 113.66300 111.77200 112.05700 127.02300 133.34500 126.26000 134.97900 133.23399 129.00000 126.48600 130.81000 142.78200 131.54500 127.66600 134.48199 136.15100
-9999 -9999 -9999 -9999 -9999 -9999 106.26400 119.28500 96.87110 86.76970 86.88170 -9999 -9999 -9999 -9999 -9999 103.20400 96.43190 94.10530 88.35070 87.71660 75.83180 84.37720 86.47390 82.78260 78.15800 79.28730 127.37600 127.22800 125.85800 86.06470 81.66790 80.25880 84.69480 85.19020 81.01160 88.51640 95.61680 91.79950 93.73170 95.90070 104.00300 104.98300 100.25600 115.63800 112.05700 112.02100 116.29100 118.38400 116.03200 120.99000 121.08200 116.51400 119.16800 118.02300 118.40900 112.32000 116.21000 122.10200 111.07300 113.27200 119.60500 127.45800 125.48500 129.70900 129.44800 130.81900 122.26600 124.00400 127.41100
-9999 -9999 -9999 -9999 -9999 -9999 -9999 -9999 -9999 -9999 -9999 -9999 -9999 -9999 -9999 -9999 -9999 -9999 -9999 87.92730 87.22660 79.36250 81.34160 80.24010 81.40200 79.48810 110.02500 108.89000 109.09000 83.27400 83.62910 79.75140 85.05790 85.37510 83.56010 82.90340 85.07900 89.27180 90.16250 94.83390 97.13100 97.72920 96.94070 95.23710 96.25480 90.45360 86.33470 113.83200 116.97500 121.44700 124.72000 118.90800 120.18400 120.03700 105.26600 106.94300 96.04010 101.94900 102.35500 105.35300 124.77400 130.46001 115.85700 120.74000 121.57400 123.47400 119.17400 114.27300 118.33000 135.58600
-9999 -9999 -9999 -9999 -9999 -9999 -9999 -9999 -9999 -9999 -9999 -9999 -9999 -9999 -9999 -9999 -9999 -9999 87.57260 87.15800 82.58730 78.50740 78.08610 77.61910 77.86130 79.94900 109.52600 109.15800 77.87450 78.18060 79.29800 81.14750 82.10210 82.66990 83.66650 109.74400 86.73730 86.27410 91.74090 93.63620 95.47710 94.49500 96.19420 96.90680 95.95360 113.57900 85.27640 449.85999 595.71002 628.67102 635.19501 117.54000 118.93400 122.44300 122.17700 116.55800 93.56740 102.20400 117.80600 107.40900 121.09400 125.26600 114.60800 116.78000 135.94701 119.00000 106.37200 114.85400 124.06500 122.19800
-9999 -9999 -9999 -9999 -9999 -9999 -9999 -9999 -9999 -9999 -9999 -9999 -9999 -9999 -9999 -9999 -9999 86.15520 88.66420 80.36510 79.35310 78.34730 78.16270 77.78270 77.56340 78.92370 111.02000 108.76100 109.29700 110.07700 110.31000 110.54100 83.63650 109.33800 111.22700 110.82000 112.62100 91.65880 88.38790 91.75370 96.19810 113.14900 94.09170 112.12900 85.16350 86.93890 113.63900 607.10999 599.40002 620.53497 622.51300 124.23400 123.34800 124.99200 122.48600 121.54900 95.24570 100.09700 103.82100 102.31300 105.33800 117.50100 122.62800 128.25301 104.32400 104.01600 107.62100 101.72300 124.98400 128.20100
-9999 -9999 -9999 -9999 -9999 -9999 -9999 -9999 -9999 -9999 -9999 -9999 -9999 -9999 -9999 -9999 -9999 84.23280 82.48200 85.13070 82.82340 110.22400 109.57200 76.00630 73.90330 75.29850 75.09540 75.84200 75.26180 109.14300 112.17000 112.37500 112.05900 111.91200 112.68900 112.15100 113.10100 91.32530 98.82140 95.79890 89.00190 86.06570 111.28000 85.57010 112.66100 112.23500 110.29500 455.81299 456.16901 604.28900 626.38300 123.42100 124.04200 122.83500 119.50400 122.76000 116.70000 101.95800 98.67920 102.06500 101.20300 106.95600 108.04700 109.13100 116.70000 113.20600 108.34500 121.26600 130.36600 138.04800
-9999 -9999 -9999 -9999 -9999 -9999 -9999 -9999 -9999 -9999 -9999 -9999 -9999 -9999 -9999 -9999 92.98740 91.37840 86.68830 86.81630 110.19400 76.26610 75.47390 73.53850 72.41930 73.06530 73.71450 73.47920 73.47440 74.82920 75.64820 75.19010 108.34100 111.18000 112.17800 113.58800 112.39200 114.18700 96.62030 92.20150 83.53660 81.22310 112.49800 110.72700 82.91790 109.54500 109.19100 460.27301 455.17099 601.58197 624.06702 121.62400 123.24700 122.09600 119.16200 123.16200 122.66600 115.87000 106.27400 103.31600 101.15700 106.72300 115.37800 137.55299 136.34399 137.43201 130.47301 130.90900 127.21300 135.58099
-9999 -9999 -9999 -9999 -9999 -9999 -9999 -9999 -9999 -9999 -9999 -9999 -9999 84.79830 88.06950 88.33680 89.30370 94.38230 112.22100 108.99400 75.92460 77.43230 75.89810 74.66200 74.55040 72.58700 72.63020 364.41699 364.05399 363.85800 547.69202 553.07098 369.35400 368.86499 557.62799 566.71997 577.19397 572.56702 445.04999 434.09601 425.96701 574.34302 571.10797 399.84100 579.27502 583.55298 586.66498 593.30402 597.39899 618.51898 629.34100 632.72302 632.76300 629.87201 639.49500 630.20300 636.41998 624.13202 566.72900 581.52100 605.51099 679.46899 709.22998 721.49103 702.45697 705.38300 702.65997 126.48600 126.38300 133.11501
-9999 -9999 -9999 -9999 -9999 -9999 -9999 -9999 -9999 -9999 -9999 -9999 80.87270 83.46150 112.66000 112.17000 110.96800 80.83010 79.78510 73.38620 74.94390 75.20070 74.06700 74.06040 72.96940 70.67400 70.42310 360.76901 539.99103 544.02899 538.59698 544.40997 550.86499 542.20801 556.33099 559.78802 390.84299 403.82199 434.36700 416.94299 415.94901 404.83701 572.26001 572.57397 579.37500 588.16498 595.46997 589.45502 596.34601 610.86603 615.03900 476.61401 623.20898 473.82999 611.23401 615.47900 619.57501 589.81403 592.48401 665.75897 674.60901 679.54401 690.32703 706.04102 714.19598 729.86700 740.08899 125.48000 127.97200 127.17700
-9999 -9999 -9999 -9999 -9999 -9999 -9999 -9999 -9999 -9999 -9999 115.85600 88.21580 112.68800 79.05730 75.53230 75.32340 76.23820 75.89520 74.78330 74.38130 72.21190 72.22850 71.98600 71.95030 71.10330 108.67700 535.65100 540.80200 543.16400 538.87701 362.71301 365.55600 370.06601 366.85699 561.70697 408.23199 422.64999 428.02100 410.56500 397.68100 569.72601 565.02502 570.55902 577.02100 579.37299 582.25598 591.01599 599.43103 594.15002 604.94800 510.62399 500.52399 616.29401 522.45502 503.21399 608.30298 526.89801 540.28400 625.22900 650.81799 651.82703 660.15399 673.56403 705.39697 721.01703 715.07703 128.28000 121.25500 123.17900
-9999 -9999 -9999 -9999 -9999 -9999 -9999 -9999 -9999 -9999 83.03950 83.93000 77.46260 79.02270 75.50110 73.41940 72.25180 72.48380 72.87220 72.32250 71.73450 70.97490 71.21670 71.24710 70.81160 70.69290 70.36230 541.33502 538.65100 348.79300 348.98599 362.11099 362.75299 550.70801 552.86902 558.29498 413.98999 427.15500 431.08499 402.81900 566.10303 560.59399 557.10999 565.00201 566.69000 573.77802 574.88702 584.29797 591.12598 593.77197 597.47101 515.71802 608.62701 510.98001 506.89899 493.30600 611.84302 630.96899 620.00201 636.97498 642.29401 652.11603 668.92798 680.52802 695.98401 706.47101 760.44397 126.77900 123.17400 121.94000
-9999 -9999 -9999 -9999 -9999 -9999 -9999 -9999 -9999 146.85001 145.53799 145.32899 146.75101 146.64500 145.33900 144.06200 142.87900 141.50600 140.20900 139.97400 140.25200 141.18300 142.25200 141.72600 140.82001 140.67900 140.25400 140.91800 140.67400 140.90700 140.93100 351.13000 362.95300 372.10800 564.42700 570.29999 444.46899 432.52399 408.45300 558.22198 556.20801 550.97198 555.90100 716.85699 558.15399 724.25897 566.87402 580.55200 592.82202 593.72601 599.12799 607.11298 512.66602 640.32300 580.12500 605.54199 613.79498 621.11902 622.58600 638.33502 643.49402 666.91302 661.85303 680.59900 668.97302 681.13098 700.28699 259.92801 239.09000 244.35300
-9999 -9999 -9999 -9999 -9999 -9999 -9999 -9999 -9999 -9999 142.63800 140.87601 141.05901 140.38400 139.43300 140.29300 140.52000 139.83299 139.46300 139.77699 140.13200 140.00700 140.53200 -9999 -9999 -9999 -9999 -9999 -9999 144.87199 145.60899 360.91800 362.24799 369.99301 378.66101 566.07397 580.95001 401.31900 392.73999 552.68597 554.52100 555.44702 558.08099 720.15100 715.62000 719.58197 723.36798 573.78802 590.78998 593.31702 592.12201 452.70001 500.23901 564.03497 648.65503 607.12402 610.17200 618.71802 619.14502 624.76703 648.08502 644.25000 568.28497 672.53003 705.03497 699.23602 698.60498 253.43700 267.92499 278.76001
-9999 -9999 -9999 -9999 -9999 -9999 -9999 -9999 -9999 -9999 -9999 -9999 139.75301 139.11600 139.17000 138.67300 138.70000 138.90900 138.96800 -9999 -9999 -9999 -9999 -9999 -9999 -9999 -9999 -9999 -9999 -9999 -9999 -9999 -9999 368.59299 548.38098 557.61603 572.82300 555.96002 380.64700 375.63901 555.04602 555.62598 558.30103 558.93103 561.78699 719.38501 727.66901 570.09100 579.19397 584.81201 592.85101 616.70502 621.64001 618.03302 628.20502 606.88300 609.99103 594.25000 447.78101 615.05402 642.80200 639.38800 659.18799 673.84998 689.16400 690.49500 650.56299 233.01100 252.44501 267.39700
-9999 -9999 -9999 -9999 -9999 -9999 -9999 -9999 -9999 -9999 -9999 -9999 -9999 -9999 -9999 -9999 -9999 -9999 -9999 -9999 -9999 -9999 -9999 -9999 -9999 -9999 -9999 -9999 -9999 -9999 -9999 -9999 -9999 -9999 557.42798 560.88300 554.55499 555.44501 372.22699 551.03003 548.52399 556.44098 714.20599 562.90503 725.03497 724.31403 588.49799 563.25299 578.84399 584.62299 591.47498 612.75403 628.51898 624.64398 629.40900 609.33002 592.95300 612.85797 605.96198 621.93402 639.03101 658.39801 657.64001 677.72803 673.51898 669.18500 691.50702 248.61600 270.00201 288.29700
