data/hydroclimate-scenarios/1948-2000.Pcorr55N_Pref_Tref/monthly_summaries/soilm3_monthly_day1_jun.asc
ncols	311
nrows	91
xllcenter	102.75
yllcenter	31.75
cellsize	0.5
NODATA_value	-9999
[rows 32 to 63 of 91, columns 0 to 70 of 311]
-9999 -9999 -9999 -9999 -9999 -9999 -9999 -9999 -9999 -9999 -9999 29.17890 30.11320 31.64820 31.99790 31.85420 33.38110 33.51730 34.47590 35.43010 37.17070 34.16730 31.21800 30.11440 28.68100 27.93630 27.45000 25.40980 23.65670 20.43520 20.25310 19.89480 19.78560 19.89090 21.14610 21.64160 23.28160 24.21900 25.78740 26.23790 26.52900 26.65620 26.79340 27.38890 27.08690 26.77550 27.19670 26.64030 26.70630 26.20550 26.00780 26.74150 26.44410 26.61470 25.84020 25.67450 25.45400 25.24020 25.45350 25.28940 25.25370 25.22630 25.16140 24.28020 23.74890 25.61500 26.69560 28.53210 30.53230 31.57210 30.69420
-9999 -9999 -9999 -9999 -9999 -9999 -9999 -9999 -9999 -9999 -9999 31.68140 32.35560 31.60060 32.46140 31.57370 32.06420 33.45290 34.02190 34.07310 34.16120 32.47160 30.60480 29.73270 29.74430 29.77710 30.00380 26.73570 24.96250 23.40330 21.84180 21.01900 22.93300 24.41210 25.26740 24.89470 25.13670 25.45120 25.82140 27.46950 26.88560 29.14560 27.95650 28.26550 29.31650 29.35930 29.74680 27.49270 27.31580 26.81640 26.48870 26.93500 26.52000 26.30460 25.62090 25.59480 25.58610 25.57990 25.47330 25.44280 25.45690 24.59140 24.15780 25.40350 25.04580 26.67230 27.33150 28.31100 29.60470 31.53320 30.70220
-9999 -9999 -9999 -9999 -9999 -9999 -9999 -9999 -9999 -9999 -9999 -9999 28.80280 28.26190 28.63950 29.66850 30.55560 30.76420 30.92660 30.46050 31.04820 30.41090 32.80680 32.55850 32.51310 34.73530 32.13090 29.68180 25.91990 24.50570 24.42480 24.20330 24.83710 24.81810 24.66960 24.74360 24.68760 25.59240 26.20120 26.52350 27.53410 28.64840 29.68760 28.22080 29.09000 29.91330 29.11290 26.96250 26.89920 26.53610 25.81080 25.78810 25.65010 25.24260 25.00930 25.45880 25.40050 25.10130 24.46610 24.45330 24.15490 24.28010 24.62270 26.35630 26.42900 26.65830 27.59280 30.11350 32.67060 33.61850 31.56970
-9999 -9999 -9999 -9999 -9999 -9999 -9999 -9999 -9999 -9999 -9999 -9999 26.72490 26.72700 27.99180 28.23540 27.58450 28.31970 29.00120 29.49930 30.11380 34.42490 34.30560 33.76750 34.05260 30.83650 27.67550 28.22950 25.83170 25.42650 24.91260 25.51280 24.25900 23.54040 23.53240 23.44090 23.78960 24.58470 24.93850 25.28880 26.63560 28.27410 28.61310 29.47170 28.62550 28.97320 28.51220 26.87100 26.22300 26.65680 26.14350 24.80700 24.84390 25.03090 24.83560 25.17700 23.10430 24.06410 24.59660 24.64400 24.43750 25.32220 26.20380 28.34540 28.01960 26.54370 28.70300 29.90530 32.07920 33.80370 36.23990
-9999 -9999 -9999 -9999 -9999 -9999 -9999 -9999 -9999 -9999 -9999 -9999 26.44640 25.39730 25.51860 25.99070 26.66260 26.78030 29.03420 32.29530 33.68250 34.83730 33.59810 32.54540 30.23830 29.57700 27.47360 25.41940 25.51880 24.31190 23.66010 23.39330 23.23310 23.45010 23.21700 23.33690 23.37920 23.80500 23.86690 24.64410 26.96640 30.31350 29.46610 29.76620 29.78540 32.40060 32.32330 29.94060 28.62510 26.02690 25.22220 24.86120 23.93720 24.08760 23.85130 24.58070 24.24320 24.30420 24.51040 25.54390 25.06530 26.26190 25.95680 26.49340 28.13860 28.81960 30.25560 30.30050 33.90800 35.45610 37.07530
-9999 -9999 -9999 27.62570 27.20450 26.90600 26.49130 26.65070 27.11050 -9999 27.23150 26.05930 24.99920 24.25910 24.40150 24.79090 25.34090 25.24040 28.43570 30.40530 31.47210 31.08110 29.83020 28.98290 28.76970 27.13860 25.43550 25.60310 25.22190 25.38030 23.77990 22.97240 23.15520 24.24580 23.53840 22.88900 23.85350 24.24750 24.24510 24.45380 25.29280 28.11190 28.18550 28.95770 31.50190 34.97230 37.95910 28.29230 27.48590 27.13020 26.65530 26.25000 26.03750 26.98600 25.68010 28.12010 28.68450 24.99380 26.79720 25.37940 25.77510 26.35860 26.51160 29.60150 28.40610 29.09170 31.63010 33.53860 35.97210 37.41850 40.00190
-9999 -9999 -9999 26.15140 26.10810 26.22130 26.80190 25.65180 25.70850 26.83540 25.90380 24.21830 24.35130 24.31050 25.37430 26.15830 27.66730 25.94750 26.02260 26.12780 26.10310 27.85830 26.02260 25.40330 26.33190 25.73900 25.39640 24.71870 24.67280 25.51860 23.54770 23.94630 23.57980 23.88000 23.95360 24.20390 23.97970 25.69990 24.66230 27.23920 27.83980 27.10210 27.88240 31.38180 33.34090 35.25360 35.06800 26.95830 28.87630 28.34520 28.04290 26.76150 27.65030 27.32210 25.18220 26.97930 25.46560 25.57160 27.07760 29.84760 28.83740 29.76160 30.85340 32.22570 33.73420 30.40030 32.46450 33.34550 37.54910 40.46630 43.92150
-9999 -9999 -9999 24.10900 24.48840 25.04800 26.92160 25.52120 24.77290 24.52240 24.82600 24.01960 24.40730 25.18520 26.43740 25.31000 27.91280 26.70790 24.88780 24.57350 25.35160 26.62470 25.57350 26.90550 26.78290 25.72880 25.08750 24.70020 24.42010 25.54580 26.33940 25.29110 24.37640 23.84780 24.37930 24.06700 23.89390 24.17500 24.31160 25.39390 26.19240 26.95770 28.01120 29.88370 29.28970 30.81360 31.65130 28.68640 27.89110 29.06910 29.68940 26.06960 26.02130 25.95530 25.11770 25.88670 25.41930 25.55510 26.86570 30.05440 28.91680 29.25210 28.88560 32.65940 33.68690 35.76980 36.46870 38.49350 45.33920 44.60210 45.13660
-9999 -9999 -9999 23.97240 23.61210 25.05860 25.98190 25.36020 24.96230 24.80160 24.43940 23.23740 24.48160 25.79210 25.52310 25.63170 25.62950 23.65490 22.99310 22.29810 25.71920 26.79230 26.96630 23.77060 23.20650 25.40210 24.27310 23.56180 24.79460 26.42300 25.37730 23.30670 24.53420 25.25770 25.39820 25.29800 23.81400 23.17640 24.19640 24.28380 24.80710 28.75070 32.54150 32.69500 27.49520 32.43960 34.45680 27.48180 29.40310 27.37950 28.72200 27.04880 26.79960 27.00570 26.02150 26.36560 26.05140 27.32360 28.22930 33.33350 37.71830 33.18540 32.85110 34.91490 38.93630 42.33540 44.63080 43.64120 45.43100 42.80470 46.60940
-9999 -9999 -9999 23.01290 23.18720 24.50190 24.89060 24.39060 25.04800 24.46490 23.70450 24.05300 24.80740 26.00860 23.05990 22.44400 23.72880 24.75770 24.52630 23.52480 24.88210 22.01840 21.86690 24.57370 24.22590 23.77700 22.91780 22.87720 23.84230 24.88440 24.90630 24.22810 24.52200 23.83290 23.36190 23.74830 23.79030 23.12560 23.14360 23.75910 25.05040 27.03860 28.16490 27.83880 27.44730 27.86120 28.34120 26.42330 26.85420 26.96190 27.03070 24.79480 25.87970 26.96210 24.68600 28.34090 25.57690 25.51220 26.73010 35.69670 35.58490 34.32870 34.09930 42.59450 45.91650 41.54800 45.66780 49.07160 49.06370 46.15780 47.73830
-9999 -9999 -9999 -9999 23.27940 23.82070 23.66330 23.94190 24.00880 23.69930 23.13030 23.08700 25.47080 25.02460 -9999 -9999 -9999 -9999 -9999 23.32770 20.95930 20.01360 20.43310 24.77530 22.87200 22.86150 22.12150 22.34190 23.00480 22.85000 23.06820 23.29450 23.37190 22.79910 23.00220 22.95650 23.32470 22.66980 22.69550 23.22330 23.29090 23.88160 24.09190 24.28720 24.31610 24.42220 25.31500 27.05210 25.86610 21.93310 25.32700 25.55450 24.45380 25.63730 25.64220 28.11340 28.89670 28.44230 28.86610 28.82580 30.74340 32.89170 33.02960 34.09120 35.52950 37.39280 37.64290 34.34950 32.78370 -9999 -9999
-9999 -9999 22.72730 23.21530 23.38800 23.33360 23.47440 24.17580 23.42050 23.38040 23.06180 22.99500 25.27650 -9999 -9999 -9999 -9999 -9999 24.28510 20.21780 20.94260 22.82200 22.77900 23.27000 20.56520 18.92160 19.02290 22.55050 22.57800 22.46720 22.66740 22.66410 22.95230 22.88830 22.56080 23.06060 23.15710 22.83900 22.62510 22.63990 22.76960 22.81010 23.06320 22.81640 22.70130 22.85000 23.22950 23.37650 22.81570 18.75810 18.84130 19.10980 19.63820 19.42190 22.87780 24.75710 25.84440 27.88930 27.79970 26.04220 27.30360 28.71930 28.83650 29.47290 29.81220 30.82430 28.26840 -9999 -9999 -9999 -9999
-9999 -9999 23.16850 23.14320 23.04390 23.05710 23.14900 23.39860 23.19770 23.02760 22.97240 23.27280 23.80370 -9999 -9999 -9999 -9999 23.52760 24.49800 22.97410 23.34360 22.71790 21.61630 18.32630 19.24280 22.50980 22.53190 22.44530 22.33150 22.41300 22.42810 22.40490 22.46370 22.44370 22.87260 22.57860 22.57290 22.46960 22.63900 22.85800 22.65240 22.86740 23.14240 22.66790 23.00520 23.00960 22.97250 23.27020 22.74310 22.84750 20.04150 18.52080 18.53510 18.65850 18.66560 21.34280 23.11340 23.76640 24.49520 23.95920 22.82790 27.03530 25.96830 25.54560 25.60630 -9999 -9999 -9999 -9999 -9999 34.40950
-9999 -9999 22.78380 23.39070 23.20470 23.17000 23.33060 23.28740 23.04210 23.05360 23.37170 23.85830 22.52750 -9999 -9999 -9999 -9999 24.64580 23.44720 23.09710 21.97070 20.14310 19.61010 22.50430 22.50530 22.50620 22.43530 22.32420 22.32850 22.42560 22.43960 22.54370 22.47480 22.49810 22.45640 22.47500 22.37730 22.41900 22.57060 22.54930 22.60790 22.57050 22.56730 22.50290 22.37610 21.99430 22.05670 22.83020 23.00950 23.05190 21.94850 21.79180 20.69420 21.48500 21.15550 20.62050 21.85490 22.62010 24.06470 24.65610 19.45620 22.24860 23.79380 25.76390 29.32240 31.09020 24.03130 29.29030 27.16090 -9999 -9999
-9999 -9999 -9999 23.51870 23.10450 22.03890 22.12160 22.65540 22.84200 24.15480 25.84740 22.61300 -9999 -9999 -9999 -9999 23.68560 23.61900 22.68590 22.59770 22.63730 22.50410 22.80610 22.60340 22.50550 22.41170 22.42340 22.53590 22.44060 22.52550 22.51160 22.43560 22.43200 22.75400 23.08280 23.16940 22.73570 22.62460 22.43340 22.41810 22.42740 22.42370 22.46830 22.18090 21.68660 21.64530 20.58000 19.96650 20.58640 22.16400 21.46510 18.84910 18.73690 19.16150 19.91900 19.97870 20.00220 25.37010 26.13230 24.30270 24.15040 24.27840 27.58490 37.91660 45.14790 32.06360 23.87200 24.23850 23.77690 26.54730 -9999
-9999 -9999 -9999 -9999 22.66000 21.14690 22.50590 22.72610 22.99040 22.68630 22.52100 -9999 -9999 -9999 -9999 23.41950 23.39560 22.78810 22.26350 22.85680 22.92020 23.10800 23.30550 22.71300 22.30880 22.70850 23.22000 22.71840 23.24530 22.83720 22.87030 23.02300 23.12420 23.13990 23.06450 22.61990 22.42070 22.31580 22.42190 22.41310 22.42400 22.41620 22.41540 22.42120 22.31280 22.95540 23.35000 21.58370 20.99720 20.35230 22.85100 18.45550 18.56870 19.74310 19.06540 18.68760 18.73120 20.29550 20.98830 23.70990 25.59150 27.84340 27.34660 27.91620 32.53420 28.94030 21.30140 20.78400 23.78740 24.14690 24.81890
-9999 -9999 -9999 -9999 -9999 -9999 22.72470 22.69730 22.74770 22.71290 23.13950 -9999 -9999 -9999 -9999 -9999 23.10430 23.08970 22.62600 23.24890 23.22350 22.90200 22.60770 22.51090 23.01870 23.20780 21.30210 19.43150 19.43140 20.07950 22.42150 23.22460 22.91420 23.14450 23.03970 23.22180 22.61680 22.33610 22.41520 22.41620 22.42170 22.45850 22.46410 22.43490 22.46390 22.73950 23.33810 22.96020 21.60720 18.31120 18.51040 18.54700 22.51700 22.96720 21.50680 23.72860 18.78390 19.27400 19.82670 23.21810 25.18910 25.81750 27.01320 30.01050 35.73100 29.26600 21.74820 19.50610 20.09580 24.06770 27.89740
-9999 -9999 -9999 -9999 -9999 -9999 -9999 -9999 -9999 -9999 -9999 -9999 -9999 -9999 -9999 -9999 -9999 -9999 -9999 23.23620 22.51460 21.30110 22.80720 22.90940 21.90600 21.80370 20.84040 20.82320 21.42800 22.90700 23.31070 22.80730 22.51330 22.61740 23.02450 22.91640 22.40620 22.40850 22.41070 22.41790 22.33250 22.33240 22.42360 22.41910 22.32440 22.91000 23.00820 22.96420 22.08690 22.95730 23.26020 21.02050 18.93450 18.55340 18.43470 18.53500 22.93650 22.16970 23.54350 23.82150 23.67730 21.72020 26.29930 30.20120 33.32090 23.69540 19.55460 19.06510 19.33610 22.95780 28.49210
-9999 -9999 -9999 -9999 -9999 -9999 -9999 -9999 -9999 -9999 -9999 -9999 -9999 -9999 -9999 -9999 -9999 -9999 22.96210 21.61010 21.70380 23.20690 23.20690 23.20480 22.10150 21.40120 21.10970 21.51090 23.10210 23.20830 23.20810 23.20830 23.21570 23.21260 22.80600 22.31540 22.30790 22.40350 22.31190 22.41620 22.32160 22.32450 22.32710 22.44000 22.83940 23.10100 23.00930 23.10750 22.92570 22.35700 22.48620 22.57150 22.69100 22.99710 18.72910 18.44980 21.69750 22.62140 20.50370 22.55780 19.60360 19.54440 23.05410 24.27900 23.80030 22.13090 22.76110 18.95730 19.13100 19.63660 23.33500
-9999 -9999 -9999 -9999 -9999 -9999 -9999 -9999 -9999 -9999 -9999 -9999 -9999 -9999 -9999 -9999 -9999 23.14930 22.13530 23.10760 23.20730 23.11210 22.60870 22.10260 22.20090 22.50070 21.11240 21.20810 22.11350 22.01680 22.31960 21.61470 21.70580 21.92420 21.51050 21.91740 22.33650 22.41220 22.40640 22.31320 22.92400 22.95520 23.12070 23.06550 23.10990 23.11260 22.98010 23.05140 23.36190 22.36880 21.39670 18.78630 22.63940 23.36480 22.88760 23.19180 22.78780 22.99930 23.25330 23.36490 21.06870 19.58320 24.87350 25.21720 24.61240 23.93720 22.97060 22.68810 21.25910 21.31580 26.98240
-9999 -9999 -9999 -9999 -9999 -9999 -9999 -9999 -9999 -9999 -9999 -9999 -9999 -9999 -9999 -9999 -9999 22.51790 23.11900 23.25630 22.81750 21.61710 22.21910 22.50030 23.30010 24.60020 23.70040 23.90040 22.40020 22.21310 20.71090 20.60900 21.11240 21.91110 21.11240 20.81010 21.41770 22.31060 22.33320 22.32280 23.21130 23.20440 23.13060 23.10690 23.07110 22.94980 23.04040 23.11250 23.30970 23.25910 20.06520 18.52880 18.57570 19.12770 21.75550 23.29460 23.41420 23.04350 22.45650 21.61840 23.31310 24.16390 24.46330 25.63860 28.33580 25.50650 24.16040 24.26670 22.22350 24.05130 24.35780
-9999 -9999 -9999 -9999 -9999 -9999 -9999 -9999 -9999 -9999 -9999 -9999 -9999 -9999 -9999 -9999 22.52790 22.52700 23.15260 22.52950 21.51410 23.10030 23.90020 24.30010 24.60000 24.30010 24.30020 24.70000 24.10000 23.00040 22.80040 23.20020 23.31450 20.90630 20.50670 20.60960 21.81750 22.33270 22.32030 22.41190 23.30370 23.20170 22.93120 23.03550 23.10320 22.92510 23.02670 23.11190 23.11410 23.64870 21.16570 19.26160 18.89540 19.49680 21.64530 23.29200 23.28980 22.85920 18.48180 23.03540 23.25560 23.54170 24.63430 28.50120 26.14480 21.32320 20.18070 20.10630 21.89180 23.88930 24.68950
-9999 -9999 -9999 -9999 -9999 -9999 -9999 -9999 -9999 -9999 -9999 -9999 -9999 23.22140 23.13330 22.70980 22.71790 22.64840 22.13840 21.90660 23.40010 24.40060 24.40010 23.90010 24.40010 24.70000 24.70000 24.70000 24.70000 24.70000 23.00590 22.52370 23.90000 23.30000 21.50760 20.40370 21.61230 22.01940 22.30160 23.20150 23.10060 23.06210 23.05110 23.10010 22.65120 22.23210 22.74590 22.24970 22.25520 23.01170 23.15370 23.36800 23.44060 23.42570 22.65580 18.70290 21.41780 22.76430 20.37430 21.26470 23.28610 22.50920 24.44350 21.32930 21.39230 23.15690 21.63310 22.29270 20.35860 25.04680 27.59540
-9999 -9999 -9999 -9999 -9999 -9999 -9999 -9999 -9999 -9999 -9999 -9999 23.10890 23.11230 22.32760 22.42050 22.92350 23.30330 23.80310 23.60000 22.90000 21.80020 21.90010 22.80000 24.00010 23.60000 23.70000 24.20000 22.30080 23.00300 21.40020 22.90190 23.10430 23.80860 22.51090 20.50340 22.20000 22.30010 22.70090 23.10040 23.10030 23.10010 22.94760 22.54060 21.91410 22.21870 22.92950 22.23410 21.94330 21.65160 23.36470 23.21630 23.72310 23.31830 23.50640 23.17150 23.09830 18.67630 20.43860 19.94360 22.55860 20.57250 19.49430 21.14460 21.70120 25.47740 26.00620 20.13980 21.75960 26.98520 33.08350
-9999 -9999 -9999 -9999 -9999 -9999 -9999 -9999 -9999 -9999 -9999 22.70660 23.31250 22.55990 23.40120 23.80010 23.50010 22.30040 21.50030 21.60010 21.30010 21.40000 21.30000 21.10000 21.10000 21.10000 20.90500 23.00440 22.80190 22.60610 21.50050 23.00000 24.20000 23.80000 22.70000 21.80750 22.30010 22.40040 22.80110 23.10040 23.10010 22.74210 22.22100 21.91030 21.70870 21.81580 21.71630 21.82680 21.94650 22.15750 22.46320 23.16000 23.15100 23.26100 23.19190 23.17530 23.16160 23.12780 18.37380 18.69700 19.24700 22.07330 20.91790 22.51610 25.30100 24.25410 24.77230 20.03710 25.58840 29.30760 38.52690
-9999 -9999 -9999 -9999 -9999 -9999 -9999 -9999 -9999 -9999 23.60240 22.51110 23.70200 23.30150 22.90010 21.90010 21.40000 21.10000 21.10000 21.10000 21.10000 21.10000 21.10000 21.10000 21.10000 21.10000 21.10000 21.40530 20.70160 21.10000 21.10000 23.70000 23.40000 20.30830 20.20210 21.60850 22.30020 22.40050 23.00100 23.10080 22.73580 21.81140 21.50240 21.20190 20.50230 21.31340 21.81550 21.51480 21.93540 21.94310 22.17210 22.95220 23.19700 23.05200 23.16200 23.16120 21.91040 19.58380 19.08380 22.94320 23.06410 22.35430 21.85120 24.01200 25.11650 24.32280 25.86170 24.63750 27.13340 34.11550 43.65920
-9999 -9999 -9999 -9999 -9999 -9999 -9999 -9999 -9999 22.00000 21.20000 21.10000 22.20000 21.40000 21.70000 21.10000 21.10000 21.10000 21.10000 21.10000 21.30000 21.10000 21.80000 21.80000 21.30000 21.10000 21.10000 21.70000 21.10000 21.70000 21.90000 21.50000 24.50000 24.70000 20.60450 22.12360 22.30160 22.80060 23.00010 22.45240 20.30710 21.10190 21.10430 20.58890 19.50120 20.04200 21.30430 21.95070 21.55100 21.76940 21.89910 22.88630 23.20800 23.75440 23.71570 22.80650 22.71760 22.91740 22.96880 23.18210 23.05730 22.59360 22.11810 24.31270 24.72700 25.34350 26.06130 28.68150 33.99290 40.51470 42.24450
-9999 -9999 -9999 -9999 -9999 -9999 -9999 -9999 -9999 -9999 22.40000 21.40000 21.40000 21.10000 21.10000 21.10000 21.10000 21.10000 21.10000 21.50000 22.00000 21.30000 21.70000 -9999 -9999 -9999 -9999 -9999 -9999 23.90000 25.40000 24.50000 24.00000 24.30000 22.70000 22.21650 22.23420 23.00000 23.10000 22.94890 20.81130 21.41320 22.22540 20.04030 19.57220 19.83900 20.45160 21.74390 22.07900 22.08360 22.53780 23.12230 23.18610 23.42850 23.35270 22.80050 22.72650 22.80630 22.65790 23.15650 22.84870 22.40610 23.74540 19.81860 24.78270 25.71130 27.35920 31.27900 44.56340 46.54760 49.85350
-9999 -9999 -9999 -9999 -9999 -9999 -9999 -9999 -9999 -9999 -9999 -9999 21.70000 21.10000 21.10000 21.10000 21.10000 21.10000 21.40000 -9999 -9999 -9999 -9999 -9999 -9999 -9999 -9999 -9999 -9999 -9999 -9999 -9999 -9999 24.80000 22.90590 21.90830 20.60630 21.70790 23.40000 25.10010 21.92460 20.70900 21.82020 21.00560 19.90610 19.68290 19.96210 20.81920 21.62820 21.53690 21.65540 22.97030 23.02530 23.37430 22.86330 22.65340 22.84950 23.05500 23.05800 23.09960 22.33510 21.83370 23.36110 24.06210 24.94380 26.02160 28.91360 33.15300 40.48160 39.55910 42.97850
-9999 -9999 -9999 -9999 -9999 -9999 -9999 -9999 -9999 -9999 -9999 -9999 -9999 -9999 -9999 -9999 -9999 -9999 -9999 -9999 -9999 -9999 -9999 -9999 -9999 -9999 -9999 -9999 -9999 -9999 -9999 -9999 -9999 -9999 22.30710 20.50360 20.70300 20.30260 22.90000 21.41210 22.11190 21.40490 21.00730 21.93850 20.14710 20.46020 21.21170 21.61300 22.14840 21.95870 22.30410 23.16630 22.52060 23.06760 23.40230 23.08600 22.99420 23.01200 23.13580 23.17480 21.52720 23.72940 23.92600 24.14680 24.73270 25.90150 29.73530 35.51920 43.06610 41.78770 40.09420
-9999 -9999 -9999 -9999 -9999 -9999 -9999 -9999 -9999 -9999 -9999 -9999 -9999 -9999 -9999 -9999 -9999 -9999 -9999 -9999 -9999 -9999 -9999 -9999 -9999 -9999 -9999 -9999 -9999 -9999 -9999 -9999 -9999 -9999 21.91120 20.30660 20.40960 23.03590 25.10020 19.80290 20.00170 20.09180 19.87930 20.00540 22.33020 21.31090 21.21510 21.61940 21.83840 21.97210 22.22570 21.79460 23.08500 23.28510 23.49310 23.19380 22.88610 22.97160 23.09250 23.38500 21.26600 19.90690 22.06480 24.32230 25.13600 28.88150 30.69890 36.96650 41.52690 40.50410 -9999
-9999 -9999 -9999 -9999 -9999 -9999 -9999 -9999 -9999 -9999 -9999 -9999 -9999 -9999 -9999 -9999 -9999 -9999 -9999 -9999 -9999 -9999 -9999 -9999 -9999 -9999 -9999 -9999 -9999 -9999 -9999 -9999 -9999 -9999 -9999 -9999 -9999 -9999 21.10980 19.80300 19.40140 19.30230 19.84540 19.95940 20.70420 21.81720 22.34310 21.72640 21.84260 22.17210 21.75150 22.34440 22.31650 23.13800 23.18850 22.92750 23.10760 23.11330 23.38920 21.11030 19.52510 23.56420 24.29460 24.90960 27.96740 30.24710 33.10390 35.37340 34.93650 -9999 -9999
