data/hydroclimate-scenarios/1948-2000.Pcorr55N_Pref_Tref/monthly_summaries/soilm3_monthly_day1_may.asc
ncols	311
nrows	91
xllcenter	102.75
yllcenter	31.75
cellsize	0.5
NODATA_value	-9999
[rows 32 to 63 of 91, columns 0 to 70 of 311]
-9999 -9999 -9999 -9999 -9999 -9999 -9999 -9999 -9999 -9999 -9999 23.50070 23.47070 23.73940 23.59440 23.53670 23.60490 23.68870 20.76770 21.10710 23.22370 23.79190 23.89290 23.76280 23.36230 23.27120 23.02020 21.91680 20.88330 18.96720 18.75160 18.83150 18.75950 18.84240 19.61940 21.58260 22.99940 23.63710 24.64170 24.86140 24.85170 24.83950 24.85680 24.59620 24.57410 24.35320 24.32150 24.33000 24.29860 24.45710 24.50410 24.69190 24.69210 24.71950 24.57540 24.55950 24.51480 24.62900 24.96080 24.40100 24.47510 24.56660 24.60330 24.29990 23.88750 24.61460 24.16920 24.00400 24.18400 23.27140 23.37270
-9999 -9999 -9999 -9999 -9999 -9999 -9999 -9999 -9999 -9999 -9999 23.57270 23.50610 23.64950 23.63940 23.64810 23.67110 23.72890 23.81920 23.89250 23.93450 23.96410 23.86830 23.48070 23.17530 23.16360 23.16220 23.09350 23.12970 23.24690 22.46590 20.37410 22.27890 24.07560 24.78000 25.37960 25.46880 24.91180 24.89710 24.02600 24.88280 24.76300 24.78660 24.67410 24.52710 24.37390 24.35470 24.45830 24.45130 24.75360 24.78880 25.13320 25.12530 25.34590 24.89040 24.73700 24.71470 24.78330 24.78990 24.51990 24.54870 24.18200 24.59760 24.73070 24.42110 24.49010 24.82390 23.70140 23.66080 23.43290 23.54640
-9999 -9999 -9999 -9999 -9999 -9999 -9999 -9999 -9999 -9999 -9999 -9999 23.33990 23.25350 23.35800 23.51500 23.84190 24.04200 24.13830 24.23820 23.95030 23.43060 23.38060 23.16650 23.15260 23.07930 23.06790 23.12580 23.09720 23.21080 23.65700 24.83340 25.48890 25.44710 25.36430 25.11400 24.29860 24.97800 25.17870 23.72240 23.80530 23.72710 24.25590 24.82110 24.70630 24.53680 24.56600 24.41130 24.41470 24.58230 24.84820 24.87770 24.79250 24.86910 25.04110 25.15400 25.12780 25.68310 25.15690 25.29780 25.43260 24.92190 24.62720 24.73860 25.20360 24.99420 25.08870 23.45330 23.42790 23.30730 23.55640
-9999 -9999 -9999 -9999 -9999 -9999 -9999 -9999 -9999 -9999 -9999 -9999 23.41670 23.49330 23.77580 24.02260 24.06030 24.24990 24.16220 23.82230 23.73660 23.30480 23.21840 23.12610 23.05130 23.25400 23.18170 23.10550 23.10990 23.24940 23.16940 24.67710 25.30320 24.98040 24.84370 23.74770 23.62370 24.53140 24.72960 23.21300 23.45730 23.04980 23.58370 24.66930 24.70190 24.34850 24.31420 23.84700 23.92600 23.79560 23.77380 24.44280 24.64170 25.59730 25.66710 26.20210 25.61560 25.83820 24.58320 24.79640 24.62600 23.44480 24.28980 24.97840 24.82190 25.08120 24.52100 24.28630 24.17820 24.07430 23.80470
-9999 -9999 -9999 -9999 -9999 -9999 -9999 -9999 -9999 -9999 -9999 -9999 23.86530 23.95340 24.47130 23.90230 23.92550 23.64850 23.74230 23.60290 23.43260 23.33880 23.37430 23.32520 23.27660 23.14270 23.12380 23.23580 23.23260 23.52360 23.43320 24.24300 23.42960 23.57050 23.75980 24.05840 24.21030 23.73380 23.86050 23.44090 23.25950 23.03890 23.28200 23.73550 23.43470 23.22360 23.20250 23.18150 23.08450 23.46670 23.69420 23.42420 23.83520 24.22610 24.17810 23.86790 23.97820 23.77810 23.57600 23.95740 23.41050 23.32250 23.46890 24.34480 25.80150 24.84390 24.46080 24.20370 23.88040 23.62280 23.66900
-9999 -9999 -9999 24.03020 23.86600 24.07370 23.99510 23.59600 23.50830 -9999 23.76840 24.12840 24.10360 23.80380 23.79950 23.78590 23.64790 23.82760 23.38730 23.37670 23.39760 23.45580 23.36180 23.10650 23.25230 23.25110 23.25190 23.28530 23.24100 23.20850 22.86850 23.24630 23.25940 24.04300 24.02080 23.33210 24.23420 23.57480 23.74420 23.68390 23.59640 23.20800 23.23890 23.32040 23.20680 23.34450 23.19980 23.78590 23.76830 23.75380 23.72020 23.49860 23.65950 23.56910 23.54630 23.49360 23.54560 24.31510 23.76220 24.25110 24.57440 23.69640 24.34180 24.08430 24.64190 24.29490 24.30460 23.80440 23.69490 23.66700 23.78190
-9999 -9999 -9999 24.31940 24.45670 24.30980 24.15690 24.02390 24.03730 24.71240 24.93480 24.77400 23.38150 23.83010 23.76100 23.53260 23.63740 23.14590 23.02860 22.99910 23.18440 22.95040 23.20700 23.21510 23.19670 23.58330 23.33960 23.25740 22.97670 23.48360 22.77460 23.19680 22.96570 23.47690 24.58750 24.21730 24.09980 23.65420 23.91710 23.35870 23.40620 23.84590 23.54030 23.31580 23.35900 23.07450 23.17350 24.24610 23.55950 23.39320 23.32610 23.50700 23.35820 23.51180 23.76290 24.03900 24.39940 24.33680 23.84520 24.41120 24.55640 24.64000 24.76530 24.85460 24.46250 24.92480 24.70100 24.49450 24.46800 23.93550 23.38730
-9999 -9999 -9999 24.35270 24.21710 24.06290 24.99120 25.00900 25.31540 25.34650 25.05150 24.50170 23.21070 23.29660 23.18010 23.16520 23.15140 23.40250 23.41960 23.15660 23.16500 23.26950 23.02260 23.50960 23.14760 23.38650 23.25010 23.22160 23.34060 23.38080 23.03710 22.97030 23.18560 23.69770 23.94410 23.94520 23.63900 23.85620 25.11250 25.18850 24.84690 24.41220 23.80090 23.47520 24.04140 24.11710 23.81860 23.79190 23.95340 23.46470 23.35150 24.06020 23.84120 24.08900 24.01850 24.58650 24.72890 24.53890 24.40560 24.64510 25.51870 26.19400 25.58790 25.37660 25.45730 24.73360 24.92050 24.44660 23.43790 23.17890 22.86230
-9999 -9999 -9999 24.42630 25.07730 24.47290 26.71250 25.85540 25.84820 25.64140 25.57950 23.68350 23.44440 23.51220 23.31360 24.50950 22.25300 19.60240 20.15250 20.94710 24.48780 24.02480 22.86890 20.20260 20.43480 23.65350 23.41120 23.15700 23.30600 23.30600 23.25720 23.12570 23.22540 23.33250 23.28380 23.39050 23.81500 24.19070 24.11960 24.52920 25.52190 24.05680 23.53060 23.56720 24.47800 23.63290 23.51320 24.25190 23.69570 24.46940 23.58580 23.77900 23.76200 24.01670 23.97980 25.02930 25.18590 24.70160 24.62730 24.94850 24.09320 25.37650 26.09140 25.06160 24.75650 24.28290 23.72230 24.45590 23.41450 22.92790 23.58800
-9999 -9999 -9999 24.44250 25.11460 24.43760 25.96700 25.74450 25.28620 25.44770 26.29080 25.06240 23.97570 24.00370 19.70270 19.96420 21.09620 22.41620 23.30510 24.25600 24.14690 20.92570 19.56630 23.40110 23.58270 23.42580 22.88910 22.87980 23.06150 23.04280 23.17410 23.11010 23.09440 23.27750 23.15560 23.58130 23.54660 23.33090 23.60210 24.04900 24.66690 24.08080 23.81280 24.06550 23.94450 23.92270 24.04080 24.32000 24.13410 23.99860 23.84870 24.73530 24.18320 23.78770 24.48390 24.34870 25.09480 25.01240 24.76230 23.49350 23.96660 25.34720 25.59450 25.15240 25.29580 26.30950 25.30910 24.63390 23.83450 24.25220 25.91380
-9999 -9999 -9999 -9999 25.49820 25.23160 25.28170 24.61850 24.80980 25.19760 25.91240 23.72820 23.67350 24.57910 -9999 -9999 -9999 -9999 -9999 21.19260 19.46990 19.24550 19.21980 22.86030 21.87520 22.35020 22.50710 22.47160 22.90340 22.86770 22.98900 23.11200 23.12000 22.94350 23.38030 23.45930 24.04670 23.74860 23.50840 24.19780 24.72340 25.31640 24.47900 23.80280 24.18630 24.53830 25.45470 24.33310 24.05360 21.90100 24.37650 23.99000 24.39510 23.66960 23.60460 24.03310 23.95200 23.88680 24.63140 24.21740 23.59810 23.61250 21.49300 25.20810 25.38380 23.10950 25.29660 25.92070 25.85990 -9999 -9999
-9999 -9999 25.21290 26.27190 25.63280 25.82190 25.48930 24.49420 25.21880 25.42310 26.07890 23.60140 23.34900 -9999 -9999 -9999 -9999 -9999 20.99420 19.11780 19.94950 22.79870 22.78110 22.88240 20.13490 18.74340 19.27630 22.81590 22.85460 22.77680 23.16650 22.93160 23.25380 23.19770 22.96630 23.62530 23.74500 23.44980 23.51230 23.60870 23.85990 24.06760 24.32740 24.30260 24.59100 24.71360 24.76050 24.99120 25.33800 21.88980 21.65390 21.26440 20.53670 20.42310 22.17320 24.98540 24.65280 24.62620 25.01340 26.17760 25.91390 25.73200 22.91660 22.14840 23.18690 23.78020 26.11740 -9999 -9999 -9999 -9999
-9999 -9999 27.49020 27.22550 26.28840 25.90100 26.02930 25.23700 25.94440 26.56650 24.30340 23.64280 23.77430 -9999 -9999 -9999 -9999 23.35380 23.33930 23.00610 23.45970 22.85080 21.73330 18.50370 19.49570 22.70130 22.81510 22.60750 22.57800 22.66340 22.65190 22.67290 22.79520 22.90130 23.46130 23.15720 23.18650 23.14950 23.54650 23.58870 23.85890 23.82900 23.97310 23.97740 24.71430 25.48920 25.78620 26.20280 25.84660 25.71330 23.08940 21.41730 21.48950 21.39890 21.17530 25.05690 26.48390 23.68950 22.70940 22.82570 22.61410 21.28270 22.11560 25.32400 28.70490 -9999 -9999 -9999 -9999 -9999 26.49630
-9999 -9999 28.04690 27.34850 26.51810 25.98120 26.35290 26.26480 26.38890 26.22230 24.09660 24.23120 22.95510 -9999 -9999 -9999 -9999 23.32850 23.39950 23.29330 22.19200 20.34170 19.76910 22.62370 22.63370 22.69940 22.60000 22.52960 22.53610 22.70030 22.70910 22.79020 22.76750 22.89080 23.05290 23.19170 23.19310 23.22840 23.27030 23.20320 23.56680 23.58870 23.92440 23.78030 24.21890 24.00130 24.50680 25.57940 26.10010 25.94560 24.84540 24.52690 23.54170 24.34680 23.53130 24.23330 25.58190 25.06450 26.05650 26.42160 24.75070 27.50690 29.13720 30.74770 29.15230 25.31610 27.46800 23.83240 23.71370 -9999 -9999
-9999 -9999 -9999 28.45060 27.14000 25.23930 24.92980 25.22400 24.89850 26.74230 28.42770 23.42950 -9999 -9999 -9999 -9999 23.35820 23.35790 23.01280 22.89220 22.91100 22.60550 22.91450 22.69380 22.60850 22.56410 22.63570 22.84180 22.77130 22.72490 22.70910 22.67800 22.73400 23.33720 24.02290 24.22270 23.44100 23.20200 22.98500 22.78250 22.92260 22.93230 23.44230 23.37440 22.93130 23.67450 22.68610 22.03510 22.80180 24.29900 23.83630 22.10710 22.47670 23.18140 22.79850 22.57970 23.00770 25.49280 26.18480 27.30470 28.23020 29.75360 27.91980 24.89280 23.62540 27.42150 27.27320 27.45940 28.14010 24.21330 -9999
-9999 -9999 -9999 -9999 27.60740 24.66090 25.75120 24.80640 24.97160 24.45880 23.00850 -9999 -9999 -9999 -9999 23.63560 24.25890 23.79040 22.72680 23.31830 23.15590 23.26630 23.44820 22.84520 22.40990 22.90670 23.54300 23.11360 23.86150 23.30640 23.27920 23.41460 23.54110 23.67010 23.85660 23.17260 23.01580 22.87280 22.97790 22.72330 22.80140 22.80930 22.89530 23.06490 23.06410 24.18660 24.74540 22.96960 22.44330 21.94630 24.38810 21.65830 22.16730 23.51430 22.94450 22.86720 24.00280 23.93150 24.11220 28.10000 27.13030 27.64070 28.96750 29.73950 27.21860 28.20450 29.70130 30.24480 26.23000 24.42410 24.53480
-9999 -9999 -9999 -9999 -9999 -9999 26.10990 26.22350 23.58470 24.08050 25.87570 -9999 -9999 -9999 -9999 -9999 25.57730 24.34000 23.03660 23.65820 23.43930 22.98490 22.69690 22.61890 23.17220 23.35340 21.40130 19.63210 19.67470 20.34030 22.78060 23.59100 23.13120 23.63440 23.61570 23.89330 23.16260 22.87690 22.79070 22.78110 22.79350 22.93740 23.03440 22.95480 23.29950 23.60870 24.27450 23.92680 22.93000 20.02860 20.15310 21.84870 25.89980 26.14720 25.25680 27.61240 23.80210 24.27590 25.08450 28.77650 29.90910 30.19490 29.41920 28.79900 26.95870 28.77960 28.29070 28.43830 27.93350 27.39950 26.95160
-9999 -9999 -9999 -9999 -9999 -9999 -9999 -9999 -9999 -9999 -9999 -9999 -9999 -9999 -9999 -9999 -9999 -9999 -9999 23.52390 22.65680 21.32960 22.90050 23.00960 21.99740 21.90280 21.00330 20.92550 21.55870 23.08270 23.61630 23.04210 22.65280 22.87380 23.48450 23.42760 22.71520 22.78430 22.78260 22.80660 22.78770 22.82540 22.92710 22.94030 22.96570 23.57160 23.57300 23.82370 23.04950 24.15840 24.52430 24.06430 22.29400 21.57870 21.42250 21.97070 27.37590 28.25700 29.44240 29.84940 25.80520 26.16820 31.03260 29.21690 28.15990 27.23240 26.15860 25.87440 27.25500 23.94720 26.40710
-9999 -9999 -9999 -9999 -9999 -9999 -9999 -9999 -9999 -9999 -9999 -9999 -9999 -9999 -9999 -9999 -9999 -9999 23.38730 21.73550 21.78120 23.28290 23.28040 23.29070 22.14980 21.43440 21.16650 21.59720 23.19300 23.40830 23.44230 23.42290 23.52310 23.46250 23.02590 22.56220 22.56580 22.64680 22.62300 22.70310 22.66840 22.73720 22.76360 23.23780 23.75080 24.17210 23.72960 23.13010 23.10950 22.57410 22.74190 24.79720 25.07150 25.57660 21.95030 21.52790 25.20950 27.48390 25.32160 28.32370 25.07700 24.88410 28.93780 30.06050 25.84140 27.30690 30.35770 25.68370 28.07950 28.37070 28.95120
-9999 -9999 -9999 -9999 -9999 -9999 -9999 -9999 -9999 -9999 -9999 -9999 -9999 -9999 -9999 -9999 -9999 23.81680 22.48120 23.24070 23.31570 23.18060 22.64790 22.13920 22.22090 22.51590 21.17300 21.24940 22.21180 22.14220 22.47730 21.74010 21.87340 22.07860 21.65460 22.17830 22.70300 22.69740 22.66150 22.58680 23.24270 23.34850 23.52730 23.75820 23.74960 23.68530 23.80150 23.24220 23.46600 22.54790 21.62440 21.22160 25.22640 25.51090 25.38580 25.14790 26.03420 27.15580 27.78030 28.15430 25.75990 24.95210 28.21070 26.70210 30.92430 30.55050 30.35990 30.31040 29.44890 30.74490 30.71710
-9999 -9999 -9999 -9999 -9999 -9999 -9999 -9999 -9999 -9999 -9999 -9999 -9999 -9999 -9999 -9999 -9999 22.89890 23.41330 23.43000 22.90610 21.68950 22.26370 22.50780 23.30460 24.60880 23.70890 23.90860 22.40560 22.28450 20.80230 20.67350 21.19890 22.01110 21.24300 20.98660 21.68290 22.47270 22.57870 22.57180 23.44510 23.40900 23.42500 23.38000 23.49840 23.39530 23.50920 23.13180 23.32510 23.34890 20.25460 20.56730 20.83130 21.81230 24.42710 25.42810 26.73090 26.68130 26.08450 25.60200 28.03030 29.37450 30.12410 30.62130 30.46780 32.36620 31.53800 30.35760 30.09950 31.20750 34.08970
-9999 -9999 -9999 -9999 -9999 -9999 -9999 -9999 -9999 -9999 -9999 -9999 -9999 -9999 -9999 -9999 22.81830 22.70620 23.42410 22.62000 21.56800 23.11180 23.90820 24.30370 24.60100 24.30320 24.30440 24.70380 24.10400 23.01060 22.81250 23.20480 23.35360 20.95710 20.57180 20.71140 21.96660 22.55430 22.50350 22.57240 23.41300 23.35220 23.19580 23.31440 23.26320 23.19590 23.32360 23.12940 23.12830 23.69960 21.30490 20.87440 20.78170 21.71820 23.89500 25.06510 25.11710 25.34000 21.39270 27.15190 27.30800 28.86250 29.89430 29.33750 29.65240 26.87770 28.83470 27.94200 29.25940 31.15140 35.01330
-9999 -9999 -9999 -9999 -9999 -9999 -9999 -9999 -9999 -9999 -9999 -9999 -9999 23.50390 23.42290 22.86960 22.91670 22.79580 22.24590 21.93300 23.40840 24.41270 24.40400 23.90250 24.40230 24.70040 24.70050 24.70000 24.70000 24.70000 23.00780 22.53240 23.90010 23.30010 21.51280 20.40690 21.62590 22.04310 22.30610 23.20730 23.10370 23.16850 23.12640 23.10060 22.70900 22.27860 22.82190 22.33410 22.36410 23.13390 23.27180 23.49140 23.55460 23.53830 22.89930 19.43300 22.02340 23.36300 20.78100 21.76660 23.71680 23.22030 25.05260 22.04630 22.53090 24.96360 23.85960 32.59690 32.91940 38.01680 40.80410
-9999 -9999 -9999 -9999 -9999 -9999 -9999 -9999 -9999 -9999 -9999 -9999 23.21960 23.23790 22.45310 22.53150 23.04040 23.33780 23.82630 23.60180 22.90380 21.80560 21.90310 22.80250 24.00130 23.60010 23.70010 24.20000 22.30100 23.00370 21.40030 22.90240 23.10600 23.81110 22.51660 20.50550 22.20010 22.30040 22.70370 23.10250 23.10200 23.10090 23.01150 22.58770 21.93420 22.24490 22.96960 22.29670 22.03610 21.73590 23.45740 23.23850 23.86190 23.34060 23.74650 23.52530 23.66290 19.04540 20.88160 20.58850 23.21200 21.37010 20.36660 22.45410 23.68270 27.53030 28.46270 31.91280 36.32490 42.08270 40.29090
-9999 -9999 -9999 -9999 -9999 -9999 -9999 -9999 -9999 -9999 -9999 22.87780 23.36670 22.64190 23.41860 23.80550 23.50390 22.30720 21.50630 21.60280 21.30250 21.40040 21.30040 21.10040 21.10030 21.10020 20.91400 23.00460 22.80220 22.60730 21.50060 23.00000 24.20000 23.80000 22.70000 21.81200 22.30050 22.40150 22.80390 23.10220 23.10070 22.79370 22.24590 21.92280 21.71980 21.83440 21.73950 21.86460 22.00420 22.26640 22.61980 23.25770 23.22270 23.60790 23.29940 23.27200 23.60590 23.33350 18.64910 19.30840 19.90990 22.76620 21.82770 24.12960 27.55570 27.57550 28.25090 31.36100 38.64290 40.34900 36.04480
-9999 -9999 -9999 -9999 -9999 -9999 -9999 -9999 -9999 -9999 23.63660 22.53700 23.70830 23.31050 22.90300 21.90090 21.40020 21.10030 21.10060 21.10030 21.10030 21.10010 21.10010 21.10010 21.10000 21.10010 21.10000 21.40620 20.70170 21.10000 21.10000 23.70000 23.40000 20.31230 20.20390 21.61480 22.30080 22.40170 23.00410 23.10360 22.78820 21.82470 21.50560 21.20460 20.50560 21.33170 21.83780 21.54000 21.98340 22.02670 22.34370 23.03970 23.52580 23.14110 23.26170 23.27740 22.41350 20.08050 19.40810 23.26890 23.61370 23.11870 22.80600 25.86790 27.29620 27.76920 28.42600 34.75780 42.04540 37.88130 32.48950
-9999 -9999 -9999 -9999 -9999 -9999 -9999 -9999 -9999 22.00030 21.20010 21.10010 22.20010 21.40010 21.70000 21.10010 21.10000 21.10000 21.10000 21.10000 21.30000 21.10000 21.80000 21.80000 21.30000 21.10000 21.10000 21.70000 21.10000 21.70000 21.90000 21.50000 24.50000 24.70000 20.60660 22.14640 22.30420 22.80230 23.00090 22.51960 20.31490 21.10400 21.10810 20.62950 19.50250 20.08130 21.31310 22.00710 21.60400 21.85850 22.08490 23.35970 23.38670 24.35730 24.13790 23.14820 22.97500 23.18210 23.25350 23.57930 23.70590 23.45990 23.10230 25.46790 26.02060 27.34540 28.72480 40.81240 42.10250 35.50340 35.76240
-9999 -9999 -9999 -9999 -9999 -9999 -9999 -9999 -9999 -9999 22.40000 21.40000 21.40000 21.10000 21.10000 21.10000 21.10000 21.10000 21.10000 21.50000 22.00000 21.30000 21.70000 -9999 -9999 -9999 -9999 -9999 -9999 23.90010 25.40040 24.50000 24.00000 24.30000 22.70000 22.23550 22.26960 23.00030 23.10030 22.99310 20.82350 21.42730 22.31760 20.06470 19.60140 19.86760 20.49490 21.78870 22.17240 22.19830 22.73750 23.18590 23.35380 23.75360 23.87580 23.05730 22.94490 23.06450 22.87230 23.51270 23.38460 23.17180 24.23520 20.69200 26.10140 27.66310 29.59610 41.98470 33.36450 31.30670 30.82230
-9999 -9999 -9999 -9999 -9999 -9999 -9999 -9999 -9999 -9999 -9999 -9999 21.70000 21.10000 21.10000 21.10000 21.10000 21.10000 21.40000 -9999 -9999 -9999 -9999 -9999 -9999 -9999 -9999 -9999 -9999 -9999 -9999 -9999 -9999 24.80000 22.90780 21.91670 20.61430 21.71750 23.40010 25.10060 21.94640 20.71810 21.83790 21.01070 19.91140 19.72230 20.01000 20.84140 21.66920 21.58500 21.73600 23.34660 23.48100 23.84670 23.17110 22.81240 23.11450 23.28060 23.10170 23.41830 22.87960 22.71750 24.54820 24.65680 26.17510 27.73310 30.20850 41.76960 37.71240 41.19840 38.88940
-9999 -9999 -9999 -9999 -9999 -9999 -9999 -9999 -9999 -9999 -9999 -9999 -9999 -9999 -9999 -9999 -9999 -9999 -9999 -9999 -9999 -9999 -9999 -9999 -9999 -9999 -9999 -9999 -9999 -9999 -9999 -9999 -9999 -9999 22.30980 20.50530 20.70510 20.30500 22.90000 21.42180 22.12230 21.40920 21.06620 21.96720 20.17620 20.49570 21.22600 21.62720 22.20350 22.01090 22.40670 23.51740 22.79030 23.39590 23.70440 23.29850 23.17640 23.34430 23.42600 23.57660 22.16140 24.48050 24.60180 24.88510 26.28580 27.24130 29.83230 41.70370 37.06250 40.19710 45.93840
-9999 -9999 -9999 -9999 -9999 -9999 -9999 -9999 -9999 -9999 -9999 -9999 -9999 -9999 -9999 -9999 -9999 -9999 -9999 -9999 -9999 -9999 -9999 -9999 -9999 -9999 -9999 -9999 -9999 -9999 -9999 -9999 -9999 -9999 21.91350 20.30980 20.41560 23.05360 25.10060 19.80470 20.00300 20.12540 19.91010 20.00920 22.35240 21.32020 21.22940 21.63800 21.87310 22.03300 22.31720 21.87620 23.23880 23.60220 23.78490 23.35720 23.02390 23.10960 23.22190 23.74130 22.00710 20.83430 23.28310 25.07480 26.26130 30.25500 29.77940 29.58800 29.01870 31.32800 -9999
-9999 -9999 -9999 -9999 -9999 -9999 -9999 -9999 -9999 -9999 -9999 -9999 -9999 -9999 -9999 -9999 -9999 -9999 -9999 -9999 -9999 -9999 -9999 -9999 -9999 -9999 -9999 -9999 -9999 -9999 -9999 -9999 -9999 -9999 -9999 -9999 -9999 -9999 21.11610 19.80460 19.40230 19.30370 19.86400 19.98870 20.70800 21.83230 22.38480 21.75580 21.88390 22.25290 21.81940 22.43810 22.42380 23.44080 23.48670 23.01830 23.11580 23.12360 23.51220 21.48500 20.29800 24.09610 25.07040 26.09870 28.33310 30.73610 30.71800 30.38160 38.33940 -9999 -9999
