data/hydroclimate-scenarios/1948-2000.Pcorr55N_Pref_Tref/monthly_summaries/soilm2_monthly_day1_dec.asc
ncols	311
nrows	91
xllcenter	102.75
yllcenter	31.75
cellsize	0.5
NODATA_value	-9999
[rows 0 to 30 of 91, columns 70 to 139 of 311]
-9999 -9999 -9999 -9999 -9999 -9999 -9999 -9999 -9999 -9999 -9999 -9999 -9999 -9999 -9999 -9999 -9999 -9999 -9999 -9999 -9999 -9999 -9999 -9999 -9999 -9999 -9999 -9999 -9999 -9999 -9999 -9999 -9999 -9999 -9999 -9999 -9999 -9999 -9999 -9999 -9999 -9999 -9999 -9999 -9999 -9999 -9999 -9999 -9999 -9999 -9999 -9999 -9999 -9999 -9999 -9999 -9999 -9999 -9999 -9999 -9999 -9999 -9999 -9999 -9999 -9999 -9999 -9999 -9999 -9999
-9999 -9999 -9999 -9999 -9999 -9999 -9999 -9999 -9999 -9999 -9999 -9999 -9999 -9999 -9999 -9999 -9999 -9999 -9999 -9999 -9999 -9999 -9999 -9999 -9999 -9999 -9999 -9999 -9999 -9999 -9999 -9999 -9999 -9999 -9999 -9999 -9999 -9999 -9999 -9999 -9999 -9999 -9999 -9999 -9999 -9999 -9999 -9999 -9999 -9999 -9999 -9999 -9999 -9999 -9999 -9999 -9999 -9999 -9999 -9999 -9999 -9999 -9999 -9999 -9999 -9999 -9999 -9999 -9999 -9999
-9999 -9999 -9999 -9999 -9999 -9999 -9999 -9999 -9999 -9999 -9999 -9999 -9999 -9999 -9999 -9999 -9999 -9999 -9999 -9999 -9999 -9999 -9999 -9999 -9999 -9999 -9999 -9999 -9999 -9999 -9999 -9999 -9999 -9999 -9999 -9999 -9999 -9999 -9999 -9999 -9999 -9999 -9999 -9999 -9999 -9999 -9999 -9999 -9999 -9999 -9999 -9999 -9999 -9999 -9999 -9999 -9999 -9999 -9999 -9999 -9999 -9999 -9999 -9999 -9999 -9999 -9999 -9999 -9999 -9999
-9999 -9999 -9999 -9999 -9999 -9999 -9999 -9999 -9999 -9999 -9999 -9999 -9999 -9999 -9999 -9999 -9999 -9999 -9999 -9999 -9999 -9999 -9999 -9999 -9999 -9999 -9999 -9999 -9999 -9999 -9999 -9999 -9999 -9999 -9999 -9999 -9999 -9999 -9999 -9999 -9999 -9999 -9999 -9999 -9999 -9999 -9999 -9999 -9999 -9999 -9999 -9999 -9999 -9999 -9999 -9999 -9999 -9999 -9999 -9999 -9999 -9999 -9999 -9999 -9999 -9999 -9999 -9999 -9999 -9999
-9999 -9999 -9999 -9999 -9999 -9999 -9999 -9999 -9999 -9999 -9999 -9999 -9999 -9999 -9999 -9999 -9999 -9999 -9999 -9999 -9999 -9999 -9999 -9999 -9999 -9999 -9999 -9999 -9999 -9999 -9999 -9999 -9999 -9999 -9999 -9999 -9999 -9999 -9999 -9999 -9999 -9999 -9999 -9999 -9999 -9999 -9999 -9999 -9999 -9999 -9999 -9999 -9999 -9999 -9999 -9999 -9999 -9999 -9999 -9999 -9999 -9999 -9999 -9999 -9999 -9999 -9999 -9999 -9999 -9999
-9999 -9999 -9999 -9999 -9999 -9999 -9999 -9999 -9999 -9999 -9999 -9999 -9999 -9999 -9999 -9999 -9999 -9999 -9999 -9999 -9999 -9999 -9999 -9999 -9999 -9999 -9999 -9999 -9999 -9999 -9999 -9999 -9999 -9999 -9999 -9999 -9999 -9999 -9999 -9999 -9999 -9999 -9999 -9999 -9999 -9999 -9999 -9999 -9999 -9999 -9999 -9999 -9999 -9999 -9999 -9999 -9999 -9999 -9999 -9999 -9999 -9999 -9999 -9999 -9999 -9999 -9999 -9999 -9999 -9999
-9999 -9999 -9999 -9999 -9999 -9999 -9999 -9999 -9999 -9999 -9999 -9999 -9999 -9999 -9999 -9999 -9999 -9999 -9999 -9999 -9999 -9999 -9999 -9999 -9999 -9999 -9999 -9999 -9999 -9999 -9999 -9999 -9999 -9999 -9999 -9999 -9999 -9999 -9999 -9999 -9999 -9999 -9999 -9999 -9999 -9999 -9999 -9999 -9999 -9999 -9999 -9999 -9999 -9999 -9999 -9999 -9999 -9999 -9999 -9999 -9999 -9999 -9999 -9999 -9999 -9999 -9999 -9999 -9999 -9999
-9999 -9999 -9999 -9999 -9999 -9999 -9999 -9999 -9999 -9999 -9999 -9999 -9999 -9999 -9999 -9999 -9999 -9999 -9999 -9999 -9999 -9999 -9999 -9999 -9999 -9999 -9999 -9999 -9999 -9999 -9999 -9999 -9999 -9999 -9999 -9999 -9999 -9999 -9999 -9999 -9999 -9999 -9999 -9999 -9999 -9999 -9999 -9999 -9999 -9999 -9999 -9999 -9999 -9999 -9999 -9999 -9999 -9999 -9999 -9999 -9999 -9999 -9999 -9999 -9999 -9999 -9999 -9999 -9999 -9999
-9999 -9999 -9999 -9999 -9999 -9999 -9999 85.22410 -9999 -9999 -9999 -9999 -9999 -9999 -9999 -9999 -9999 -9999 -9999 -9999 -9999 -9999 -9999 -9999 -9999 -9999 -9999 -9999 -9999 -9999 -9999 -9999 -9999 -9999 -9999 -9999 -9999 -9999 -9999 -9999 -9999 -9999 -9999 -9999 -9999 -9999 -9999 -9999 -9999 -9999 -9999 -9999 -9999 -9999 -9999 -9999 -9999 -9999 -9999 -9999 -9999 -9999 -9999 -9999 -9999 -9999 -9999 -9999 -9999 -9999
-9999 -9999 -9999 98.76990 77.27200 81.74750 84.25030 84.41030 87.65500 87.73300 90.29470 90.88190 91.71040 91.49400 91.98490 92.60890 96.03330 95.68120 94.73140 94.95340 94.78600 94.87670 92.47900 -9999 -9999 -9999 -9999 -9999 -9999 -9999 -9999 -9999 -9999 -9999 -9999 -9999 -9999 -9999 -9999 -9999 -9999 -9999 -9999 -9999 -9999 -9999 -9999 -9999 -9999 -9999 -9999 -9999 -9999 -9999 -9999 -9999 -9999 -9999 -9999 -9999 -9999 -9999 -9999 -9999 -9999 -9999 -9999 -9999 -9999 -9999
-9999 -9999 -9999 -9999 -9999 81.89460 83.62520 85.74300 86.81330 88.71080 90.82330 92.16270 94.24300 96.71390 97.00940 97.31910 98.09770 98.70460 99.94580 100.42500 101.16900 100.80000 99.18170 -9999 -9999 -9999 -9999 -9999 -9999 -9999 -9999 -9999 -9999 -9999 -9999 -9999 -9999 -9999 -9999 -9999 -9999 -9999 -9999 -9999 -9999 -9999 -9999 -9999 -9999 -9999 -9999 -9999 -9999 -9999 -9999 -9999 -9999 -9999 -9999 -9999 -9999 -9999 -9999 -9999 -9999 -9999 -9999 -9999 -9999 -9999
76.27050 76.59790 76.88250 78.77380 79.64670 80.33580 82.05880 81.99500 84.77530 86.43790 88.63810 90.21850 91.72520 94.06500 95.80930 97.26210 97.92070 98.41980 99.69900 99.76540 101.29800 115.67400 121.63700 100.45600 100.32600 97.72410 96.06210 93.33640 91.84700 -9999 -9999 -9999 -9999 -9999 -9999 -9999 -9999 -9999 -9999 -9999 -9999 -9999 -9999 -9999 -9999 -9999 -9999 -9999 -9999 -9999 -9999 -9999 -9999 -9999 -9999 -9999 -9999 -9999 -9999 -9999 -9999 -9999 -9999 -9999 -9999 -9999 -9999 -9999 -9999 -9999
77.91900 77.41120 78.00170 80.74380 80.93600 80.85810 82.67280 83.22500 84.20220 83.23870 84.33200 90.40770 92.56620 93.64410 95.40610 97.22210 98.95960 97.88900 94.18470 120.92300 106.75700 103.86800 101.89700 102.53700 101.75800 99.60900 97.93900 96.02850 94.94850 93.33070 91.22680 88.87270 88.15690 87.59450 87.61580 85.78270 84.96160 82.11280 82.19820 81.18870 80.84440 80.14630 79.57960 80.19760 -9999 -9999 -9999 -9999 -9999 -9999 -9999 -9999 -9999 -9999 -9999 -9999 -9999 -9999 -9999 -9999 -9999 -9999 -9999 -9999 -9999 -9999 -9999 -9999 -9999 -9999
54.91360 54.54060 55.58550 56.21560 76.75330 82.54020 82.37630 82.53420 83.27780 82.81660 79.53870 81.71690 87.83440 83.52420 90.18250 92.42000 94.25830 93.65090 93.20590 95.50910 101.46600 102.42400 102.52400 99.76040 81.98260 91.41300 93.97550 90.71010 89.74290 92.29060 94.66990 89.57740 89.68330 84.30450 83.31210 83.11400 82.31770 82.35840 82.22080 81.66870 81.30660 82.10690 81.87360 81.75160 116.74900 -9999 -9999 -9999 -9999 -9999 -9999 -9999 -9999 -9999 -9999 -9999 -9999 -9999 -9999 -9999 -9999 -9999 -9999 -9999 -9999 -9999 -9999 -9999 -9999 -9999
89.85830 90.46350 90.61410 82.20130 95.61000 89.10880 89.11940 92.19490 91.37810 93.37610 91.89680 95.49660 95.00880 93.95520 93.14770 91.69850 95.22660 96.98910 98.30650 97.23870 122.89100 103.72800 103.46700 100.91700 99.56270 98.92200 100.80800 95.31400 92.13300 91.57940 91.40060 87.54830 85.68430 85.72050 85.79790 84.31780 84.75230 83.43040 83.24870 83.36220 84.65730 83.49090 84.14940 85.53720 83.54250 -9999 -9999 -9999 -9999 -9999 -9999 -9999 -9999 -9999 -9999 -9999 -9999 -9999 -9999 -9999 82.21710 83.19360 -9999 -9999 -9999 -9999 99.62590 111.40800 118.06400 107.56000
86.95530 88.03510 89.56370 88.59950 93.23230 86.44600 84.44640 87.02790 90.44400 93.12060 93.59190 88.40200 89.46880 90.14700 94.75220 95.41150 93.96190 94.48090 93.80460 121.90700 94.44030 97.79370 97.75660 96.70800 91.24330 90.07830 88.66500 88.80390 90.32060 88.69180 89.24740 87.79690 86.16820 84.53150 83.51150 82.22360 82.59600 80.42320 80.07000 80.86950 109.05100 115.67800 115.88600 116.75200 109.81600 109.96800 109.57300 115.67400 83.33310 90.41870 93.36150 85.52980 87.18920 92.46920 90.26640 90.20890 69.77760 60.97930 61.00540 84.45840 85.18620 79.03850 -9999 -9999 -9999 -9999 -9999 102.72700 109.37500 109.38100
95.57640 98.41200 66.91460 90.67690 97.89080 69.62690 85.86970 87.29490 86.03820 83.45480 82.05020 81.57860 83.13060 83.31510 84.52790 86.13250 111.51000 89.04130 90.30510 89.36950 88.62850 89.21430 89.10480 87.69110 86.57400 87.06710 86.93140 85.53580 86.44780 84.74830 84.49600 84.68320 82.52580 82.55770 83.78270 83.81580 83.48220 83.45130 83.35290 116.48200 116.02900 82.86410 116.84300 84.38890 84.45310 84.81860 83.27220 82.86210 82.69340 87.67570 93.31010 91.71720 85.58820 89.93270 100.07100 104.91900 95.49180 98.65890 98.66530 90.72470 73.21540 73.35280 76.75670 86.74110 91.36180 93.97310 99.08250 101.73700 106.63700 106.25400
87.46270 98.67910 97.72110 85.39440 100.47700 100.87300 93.38600 90.73730 91.85170 79.45010 78.45810 77.54810 79.88850 81.90210 110.35300 85.71010 88.52740 87.76500 87.42260 87.42860 89.18180 88.68900 86.53470 85.50430 84.83260 86.04180 85.37780 84.35920 84.94360 82.98320 83.35270 82.91340 82.72360 82.18930 82.09280 82.96780 82.69130 116.82000 81.88450 80.92160 82.61510 83.01420 82.75570 80.88180 81.92660 83.76110 83.42900 82.87510 81.84740 81.68930 82.44010 85.07460 83.93590 87.34730 87.75240 94.56050 104.11900 105.41200 105.26600 106.21100 105.44800 93.75120 92.95100 86.23730 77.34480 88.35000 94.56450 98.47520 100.54300 102.97300
98.12260 105.91900 109.01200 93.54130 57.72100 83.85760 77.74690 76.89000 84.97750 82.79100 78.56710 78.23950 80.29470 80.12440 81.80170 83.62460 84.30190 84.70590 84.05830 86.11120 96.53390 95.68170 89.76220 88.81120 87.11220 84.51560 84.79670 83.32130 83.05040 83.27010 82.47260 82.14950 115.00500 81.37000 80.24620 81.92650 81.65890 81.74000 85.43430 84.06320 86.38150 83.57700 83.04450 91.02920 94.81380 92.74570 85.09190 81.73190 81.42500 82.63110 84.70350 89.45860 93.38560 93.72410 94.92200 76.26330 75.03390 76.09670 98.98790 101.47900 112.21900 111.63800 109.92600 110.07000 99.16620 95.77480 92.13800 92.67190 93.36610 95.04680
81.82410 100.16300 108.99700 105.11600 91.44180 69.28440 78.37300 75.27410 81.24170 84.66980 78.42910 97.39370 93.74640 83.31470 85.02860 83.38470 80.06570 80.06130 81.96710 84.43800 88.32390 94.27030 89.74440 89.66310 89.90440 83.81780 83.12280 81.95060 80.58600 79.96830 108.85300 81.23170 80.11470 80.36570 81.93540 80.58750 80.21710 82.42630 84.52050 84.17870 91.70280 92.69610 89.29800 90.74100 90.18150 95.93930 94.65740 89.04720 87.36040 82.23880 87.74690 94.56100 93.27800 93.83980 89.12460 97.77580 103.92300 103.51700 107.27600 103.47500 102.30700 103.62700 101.35700 99.33970 109.04100 112.58900 100.54100 109.80900 99.24820 97.34860
86.56330 96.28240 95.49650 92.66600 98.31400 100.01200 72.65960 60.26190 54.91830 80.43750 75.52370 83.42460 102.97400 112.20900 109.20200 98.11600 93.37390 85.88170 81.21140 80.62700 80.47690 82.12540 82.82740 83.67700 82.12120 81.22530 82.58260 81.25260 80.55030 79.28160 80.12780 78.76880 81.14360 88.07310 86.18220 84.70690 87.59760 90.38140 94.13260 91.43430 89.87240 96.14890 99.25610 95.26570 91.31060 91.08530 88.95950 88.34910 87.38570 83.94150 83.63540 82.31620 86.15110 90.17810 93.91010 95.43410 101.84400 102.92300 106.62100 102.61100 106.93600 107.32500 106.39300 95.01630 106.92600 107.79500 104.13100 96.65270 98.72290 96.57260
108.83100 117.14100 112.69200 113.22200 106.90400 109.57900 106.57300 92.79600 92.84520 89.83560 80.45700 75.39340 76.16350 87.40580 96.40530 112.76400 110.76800 110.00300 104.47100 88.66470 69.92620 84.25370 83.83180 83.32970 84.88900 83.57730 85.07490 84.12340 83.23480 81.89910 85.17840 85.49930 93.36560 91.70300 95.43450 93.48630 94.03910 95.36270 97.72260 76.87460 95.75940 97.46840 97.10700 95.59530 96.22950 94.70260 97.45180 96.84990 97.97060 94.21110 91.00250 98.15710 100.72000 103.21300 92.92090 102.55700 101.77800 98.51270 105.46300 106.49600 120.16800 110.42700 112.11500 109.27400 105.80900 105.38000 91.64130 108.64000 108.71900 111.37500
97.12860 105.85200 118.18900 119.96300 120.40900 117.47100 108.57900 103.02100 87.94070 99.07560 90.80420 87.46950 90.35220 89.76300 65.79750 88.64390 71.55820 80.85810 106.41100 113.01200 101.02000 86.89250 97.20570 89.62240 86.77090 83.22800 84.43630 84.97040 84.18280 91.54510 90.33370 94.79700 95.49860 98.34670 93.31460 99.70470 94.91090 95.43240 93.92550 98.98950 97.87760 94.74840 95.71930 95.31000 92.82710 105.21900 107.32200 105.42100 104.99400 102.07800 104.77400 107.56900 107.50300 110.19800 116.84100 100.66900 103.54100 109.09600 113.14800 110.35700 113.64400 113.48800 109.70600 104.07100 89.30050 107.84600 109.16500 106.71600 107.77500 109.08400
103.66900 109.09500 107.78700 106.06900 111.37300 117.98200 115.25800 117.58900 113.51400 110.15100 96.98260 84.79150 105.08500 105.08600 99.96470 118.58400 112.83900 108.21700 66.90570 102.34900 118.95400 110.77000 111.51000 105.73800 89.98110 84.55520 81.99650 83.91120 83.31690 88.58780 89.71620 92.85360 93.48450 93.19550 92.53610 89.51720 93.50240 97.53730 95.04160 99.00060 100.74100 104.41700 102.16700 100.02700 84.22380 71.21350 90.53580 98.37180 108.01700 112.54600 109.09800 108.72500 101.40800 110.66800 103.29600 111.50800 118.72400 112.17300 120.43500 106.07500 106.44200 108.98400 105.04300 105.65200 106.32800 102.59500 102.70800 102.10900 99.15940 102.48500
106.79700 111.53300 108.58600 105.47400 96.61370 103.25300 103.15300 104.23500 104.73600 97.31390 97.26020 93.75430 94.55140 78.56920 93.86340 111.77300 116.66300 113.89400 111.80300 90.05790 98.63140 105.98000 107.78000 103.11700 101.04800 89.94780 84.56770 84.79300 85.30070 89.19800 91.95050 92.36560 90.36020 84.16740 87.49520 92.18500 90.51070 93.35420 95.30960 99.10840 105.03600 105.18500 100.72700 113.96900 93.64540 90.94910 97.47180 103.93800 109.57300 112.74400 108.38100 104.79200 106.99800 116.27800 118.16400 115.08500 111.68800 112.24100 107.83400 114.95100 113.83200 105.92800 99.42410 101.91700 98.62690 97.54590 98.98820 97.55950 104.87900 110.99000
110.41900 119.95700 118.33000 110.80200 109.13500 108.20300 100.17900 97.03330 91.34410 87.05610 82.90390 91.97760 102.84800 99.43950 92.45360 96.58150 110.52900 110.21500 108.37600 111.43200 110.08800 108.88300 99.48830 95.82060 97.09060 97.45470 98.31630 88.17450 85.83400 88.76050 94.80760 91.78420 94.49260 86.17650 91.37400 93.14400 100.13800 100.94200 104.23800 101.46900 117.53500 103.64100 108.95500 109.80900 112.62800 111.41800 102.69100 87.55280 90.48280 91.40410 93.90120 108.81900 105.88000 103.19400 101.19800 101.13800 106.53600 108.52500 109.95200 110.43500 116.36300 111.94400 112.37600 111.37600 107.18500 105.20600 100.15900 103.39900 110.78900 102.27100
111.56200 116.98000 123.07600 114.39600 107.55300 109.93700 112.03000 104.44600 99.22430 88.45060 94.93300 91.99010 96.38100 105.90400 103.99900 101.46600 100.28500 111.59200 107.08400 112.88200 111.61000 111.22300 105.56100 110.61000 100.78800 100.25100 98.22000 95.37100 91.94340 87.84410 89.19700 87.82210 87.84730 88.73410 101.84200 99.86530 94.02020 108.94800 115.04900 94.32330 106.57700 112.71400 112.96000 105.52800 102.36100 99.46970 96.93840 109.58000 95.25240 94.02050 118.03400 96.14850 112.78600 114.87800 114.77000 115.48300 113.09200 109.80100 109.84000 111.35700 112.08900 108.71900 110.65700 110.68200 110.59800 112.90600 89.26490 110.75000 90.48480 96.76580
124.72800 116.14400 114.24600 114.95400 114.81900 113.38100 107.42700 91.00390 95.88010 95.89530 89.72470 83.35790 89.53170 101.71300 109.21100 109.22600 108.62200 108.69600 112.42400 109.21300 107.49200 121.58100 109.24000 107.83800 102.42500 98.89580 101.88800 109.75100 97.91580 94.36520 88.78560 94.03480 89.52610 92.48240 103.30800 104.71600 97.44330 111.57400 108.70300 112.06500 101.63600 103.97100 105.47500 103.40600 115.13600 113.97900 118.10300 114.61900 116.97900 118.27900 115.98200 116.23500 115.44300 112.77000 108.94600 112.97200 113.33200 119.04000 115.78400 112.06900 114.81300 111.34200 114.46600 111.14900 101.74200 105.96000 94.08410 95.79720 95.94960 99.61020
111.08600 120.82500 115.06000 118.27800 116.33900 114.63500 118.58400 104.32500 96.28700 92.84390 107.67600 94.84420 99.83200 100.07100 105.84200 110.75300 111.21400 105.23500 94.92920 105.38400 113.27100 109.64300 111.84900 109.70800 103.15500 99.43530 92.61380 99.26850 95.20940 90.24110 91.47390 87.07130 90.35320 96.26270 99.48340 102.58500 89.60640 104.16200 112.54400 114.61600 122.02500 111.84500 104.24200 115.28500 112.53600 117.99100 118.05200 103.69900 80.79100 92.57300 99.02870 102.08500 103.50600 83.74140 109.18700 113.83800 117.28400 115.15700 111.41100 117.73100 110.01800 113.41000 107.88900 95.17900 100.23900 101.69300 101.55900 102.77200 102.59300 100.63300
111.09000 113.28800 115.48000 117.20800 119.75000 120.58400 120.65300 123.83500 107.45900 112.15000 111.81100 110.19600 108.15600 107.87800 103.06500 112.91600 119.33800 116.38400 109.27600 106.93600 111.69300 100.69600 112.47400 119.40700 114.17100 100.92300 84.25080 107.53600 102.52200 97.38450 99.57950 95.18810 90.90980 99.54660 103.71800 100.69600 104.69700 110.23600 120.52900 126.03200 126.83300 125.31500 114.11000 119.80000 116.14800 104.21800 103.12100 83.98530 84.28920 106.02400 100.11300 -9999 -9999 86.65480 106.63200 110.11500 115.87000 119.62100 113.70400 93.93370 96.37480 97.26840 100.82700 102.46100 105.40800 103.88600 106.46900 107.13300 108.35100 104.32700
118.29800 122.74400 119.74600 119.39900 125.65800 117.76300 128.83099 129.57700 122.82800 117.02800 126.51900 124.44000 119.43200 113.53700 110.35800 117.39700 121.20000 113.61000 109.86200 101.93200 110.58200 97.92690 109.04500 105.94500 113.66800 107.29800 106.20000 111.80900 104.42900 85.93230 103.53300 105.97000 95.51480 100.76500 106.31000 108.42300 115.14600 120.52800 117.40600 113.75400 -9999 -9999 -9999 -9999 109.15100 -9999 93.39920 113.36400 113.74000 113.67800 101.54600 -9999 -9999 101.26000 117.55500 116.68400 106.91900 90.35670 91.76400 95.90170 99.27080 99.43580 101.60500 102.23900 101.93000 102.16800 115.97200 110.09800 108.61200 103.38200
