data/hydroclimate-scenarios/1948-2000.Pcorr55N_Pref_Tref/monthly_summaries/soilm1_monthly_day1_may.1950-2000.asc
ncols	311
nrows	91
xllcenter	102.75
yllcenter	31.75
cellsize	0.5
NODATA_value	-9999
[rows 0 to 31 of 91, columns 71 to 141 of 311]
-9999 -9999 -9999 -9999 -9999 -9999 -9999 -9999 -9999 -9999 -9999 -9999 -9999 -9999 -9999 -9999 -9999 -9999 -9999 -9999 -9999 -9999 -9999 -9999 -9999 -9999 -9999 -9999 -9999 -9999 -9999 -9999 -9999 -9999 -9999 -9999 -9999 -9999 -9999 -9999 -9999 -9999 -9999 -9999 -9999 -9999 -9999 -9999 -9999 -9999 -9999 -9999 -9999 -9999 -9999 -9999 -9999 -9999 -9999 -9999 -9999 -9999 -9999 -9999 -9999 -9999 -9999 -9999 -9999 -9999 -9999
-9999 -9999 -9999 -9999 -9999 -9999 -9999 -9999 -9999 -9999 -9999 -9999 -9999 -9999 -9999 -9999 -9999 -9999 -9999 -9999 -9999 -9999 -9999 -9999 -9999 -9999 -9999 -9999 -9999 -9999 -9999 -9999 -9999 -9999 -9999 -9999 -9999 -9999 -9999 -9999 -9999 -9999 -9999 -9999 -9999 -9999 -9999 -9999 -9999 -9999 -9999 -9999 -9999 -9999 -9999 -9999 -9999 -9999 -9999 -9999 -9999 -9999 -9999 -9999 -9999 -9999 -9999 -9999 -9999 -9999 -9999
-9999 -9999 -9999 -9999 -9999 -9999 -9999 -9999 -9999 -9999 -9999 -9999 -9999 -9999 -9999 -9999 -9999 -9999 -9999 -9999 -9999 -9999 -9999 -9999 -9999 -9999 -9999 -9999 -9999 -9999 -9999 -9999 -9999 -9999 -9999 -9999 -9999 -9999 -9999 -9999 -9999 -9999 -9999 -9999 -9999 -9999 -9999 -9999 -9999 -9999 -9999 -9999 -9999 -9999 -9999 -9999 -9999 -9999 -9999 -9999 -9999 -9999 -9999 -9999 -9999 -9999 -9999 -9999 -9999 -9999 -9999
-9999 -9999 -9999 -9999 -9999 -9999 -9999 -9999 -9999 -9999 -9999 -9999 -9999 -9999 -9999 -9999 -9999 -9999 -9999 -9999 -9999 -9999 -9999 -9999 -9999 -9999 -9999 -9999 -9999 -9999 -9999 -9999 -9999 -9999 -9999 -9999 -9999 -9999 -9999 -9999 -9999 -9999 -9999 -9999 -9999 -9999 -9999 -9999 -9999 -9999 -9999 -9999 -9999 -9999 -9999 -9999 -9999 -9999 -9999 -9999 -9999 -9999 -9999 -9999 -9999 -9999 -9999 -9999 -9999 -9999 -9999
-9999 -9999 -9999 -9999 -9999 -9999 -9999 -9999 -9999 -9999 -9999 -9999 -9999 -9999 -9999 -9999 -9999 -9999 -9999 -9999 -9999 -9999 -9999 -9999 -9999 -9999 -9999 -9999 -9999 -9999 -9999 -9999 -9999 -9999 -9999 -9999 -9999 -9999 -9999 -9999 -9999 -9999 -9999 -9999 -9999 -9999 -9999 -9999 -9999 -9999 -9999 -9999 -9999 -9999 -9999 -9999 -9999 -9999 -9999 -9999 -9999 -9999 -9999 -9999 -9999 -9999 -9999 -9999 -9999 -9999 -9999
-9999 -9999 -9999 -9999 -9999 -9999 -9999 -9999 -9999 -9999 -9999 -9999 -9999 -9999 -9999 -9999 -9999 -9999 -9999 -9999 -9999 -9999 -9999 -9999 -9999 -9999 -9999 -9999 -9999 -9999 -9999 -9999 -9999 -9999 -9999 -9999 -9999 -9999 -9999 -9999 -9999 -9999 -9999 -9999 -9999 -9999 -9999 -9999 -9999 -9999 -9999 -9999 -9999 -9999 -9999 -9999 -9999 -9999 -9999 -9999 -9999 -9999 -9999 -9999 -9999 -9999 -9999 -9999 -9999 -9999 -9999
-9999 -9999 -9999 -9999 -9999 -9999 -9999 -9999 -9999 -9999 -9999 -9999 -9999 -9999 -9999 -9999 -9999 -9999 -9999 -9999 -9999 -9999 -9999 -9999 -9999 -9999 -9999 -9999 -9999 -9999 -9999 -9999 -9999 -9999 -9999 -9999 -9999 -9999 -9999 -9999 -9999 -9999 -9999 -9999 -9999 -9999 -9999 -9999 -9999 -9999 -9999 -9999 -9999 -9999 -9999 -9999 -9999 -9999 -9999 -9999 -9999 -9999 -9999 -9999 -9999 -9999 -9999 -9999 -9999 -9999 -9999
-9999 -9999 -9999 -9999 -9999 -9999 -9999 -9999 -9999 -9999 -9999 -9999 -9999 -9999 -9999 -9999 -9999 -9999 -9999 -9999 -9999 -9999 -9999 -9999 -9999 -9999 -9999 -9999 -9999 -9999 -9999 -9999 -9999 -9999 -9999 -9999 -9999 -9999 -9999 -9999 -9999 -9999 -9999 -9999 -9999 -9999 -9999 -9999 -9999 -9999 -9999 -9999 -9999 -9999 -9999 -9999 -9999 -9999 -9999 -9999 -9999 -9999 -9999 -9999 -9999 -9999 -9999 -9999 -9999 -9999 -9999
-9999 -9999 -9999 -9999 -9999 -9999 57.76310 -9999 -9999 -9999 -9999 -9999 -9999 -9999 -9999 -9999 -9999 -9999 -9999 -9999 -9999 -9999 -9999 -9999 -9999 -9999 -9999 -9999 -9999 -9999 -9999 -9999 -9999 -9999 -9999 -9999 -9999 -9999 -9999 -9999 -9999 -9999 -9999 -9999 -9999 -9999 -9999 -9999 -9999 -9999 -9999 -9999 -9999 -9999 -9999 -9999 -9999 -9999 -9999 -9999 -9999 -9999 -9999 -9999 -9999 -9999 -9999 -9999 -9999 -9999 -9999
-9999 -9999 56.72990 55.96480 57.48590 57.51490 57.89580 58.15110 58.49910 58.80110 58.19090 58.46090 57.14210 57.22440 56.95360 58.22730 56.54770 56.24900 57.67150 57.19660 57.64460 56.15720 -9999 -9999 -9999 -9999 -9999 -9999 -9999 -9999 -9999 -9999 -9999 -9999 -9999 -9999 -9999 -9999 -9999 -9999 -9999 -9999 -9999 -9999 -9999 -9999 -9999 -9999 -9999 -9999 -9999 -9999 -9999 -9999 -9999 -9999 -9999 -9999 -9999 -9999 -9999 -9999 -9999 -9999 -9999 -9999 -9999 -9999 -9999 -9999 -9999
-9999 -9999 -9999 -9999 59.30090 59.92110 61.29630 61.50900 60.78900 60.92660 60.47700 60.60680 61.05330 60.84150 60.51170 60.57650 60.30300 60.26360 60.09190 60.15590 59.60510 58.87440 -9999 -9999 -9999 -9999 -9999 -9999 -9999 -9999 -9999 -9999 -9999 -9999 -9999 -9999 -9999 -9999 -9999 -9999 -9999 -9999 -9999 -9999 -9999 -9999 -9999 -9999 -9999 -9999 -9999 -9999 -9999 -9999 -9999 -9999 -9999 -9999 -9999 -9999 -9999 -9999 -9999 -9999 -9999 -9999 -9999 -9999 -9999 -9999 -9999
59.34880 59.65420 60.76250 60.96300 60.28630 61.00070 61.69250 61.61560 60.99580 61.36980 60.35470 60.42530 60.93860 61.27120 60.78800 60.74230 60.54140 60.41370 60.49800 62.46890 63.17840 71.17510 63.41920 63.01080 61.90400 61.79790 62.57750 61.11180 -9999 -9999 -9999 -9999 -9999 -9999 -9999 -9999 -9999 -9999 -9999 -9999 -9999 -9999 -9999 -9999 -9999 -9999 -9999 -9999 -9999 -9999 -9999 -9999 -9999 -9999 -9999 -9999 -9999 -9999 -9999 -9999 -9999 -9999 -9999 -9999 -9999 -9999 -9999 -9999 -9999 -9999 -9999
61.20180 60.86160 61.42960 61.51590 60.35000 60.02180 61.18690 61.79700 60.40490 60.90260 61.17890 61.24080 61.26980 61.43790 61.28530 61.39690 61.18570 61.06860 72.70480 64.63940 62.45750 61.70740 62.23860 61.94290 61.97960 61.86140 61.92990 61.62890 61.33570 61.07600 61.32460 61.07640 61.20160 61.49780 60.66990 60.40390 60.28460 60.22030 60.30860 60.53910 60.90390 60.55130 60.37340 -9999 -9999 -9999 -9999 -9999 -9999 -9999 -9999 -9999 -9999 -9999 -9999 -9999 -9999 -9999 -9999 -9999 -9999 -9999 -9999 -9999 -9999 -9999 -9999 -9999 -9999 -9999 -9999
52.42680 52.65290 54.02960 54.10510 60.58010 62.22920 61.63940 61.26300 59.99390 52.30910 54.11150 60.44840 53.95380 61.08400 61.26010 61.31780 61.62760 61.16660 63.66050 64.54830 62.16510 61.06420 60.64980 53.60270 53.76470 61.31180 60.91560 60.78850 61.87600 62.11900 62.10150 62.08280 61.97850 61.57610 61.18470 61.02360 60.96420 60.35460 60.78890 61.00080 61.40820 61.52160 61.59760 71.55260 -9999 -9999 -9999 -9999 -9999 -9999 -9999 -9999 -9999 -9999 -9999 -9999 -9999 -9999 -9999 -9999 -9999 -9999 -9999 -9999 -9999 -9999 -9999 -9999 -9999 -9999 -9999
64.30220 61.19730 56.33420 61.62880 63.97620 64.85000 64.62480 64.92550 64.15780 64.16310 63.98330 63.88560 63.55780 63.55250 62.46470 62.54190 64.16780 64.00080 65.48670 71.50650 64.16730 64.27540 63.40890 62.98770 63.80920 63.69430 63.63680 63.02680 63.12890 63.01360 62.70320 62.64130 61.56550 61.67270 62.25170 62.34360 62.24340 62.54500 62.81710 62.81560 61.89770 61.81910 61.31690 61.50410 -9999 -9999 -9999 -9999 -9999 -9999 -9999 -9999 -9999 -9999 -9999 -9999 -9999 -9999 -9999 58.94610 58.88890 -9999 -9999 -9999 -9999 62.60690 62.81600 62.07640 60.63170 54.53480 54.21340
63.48500 63.40640 66.25960 62.25080 64.72260 65.20080 66.14160 64.50200 65.01200 64.85740 64.40660 64.11720 63.21940 63.12650 63.27540 62.97870 64.46880 65.01960 71.56260 65.62670 64.59650 64.05990 63.06740 62.74120 63.47800 62.85510 64.50560 64.29930 63.16890 62.82110 62.60170 62.36970 61.51430 61.96130 62.57830 61.96070 62.72820 62.55310 62.71320 63.54000 72.48980 73.39420 71.42940 62.36690 63.07020 62.76670 72.05730 61.86720 59.58450 58.94430 51.78730 53.61110 60.97280 60.88590 59.02990 51.31280 49.32500 49.97610 58.36260 58.57330 50.13460 -9999 -9999 -9999 -9999 -9999 65.87720 64.15710 62.08420 61.74690 60.89720
65.94430 57.52690 64.82060 63.89880 57.17540 64.12730 65.22950 66.16190 65.22180 65.42870 66.65170 65.64830 62.49760 62.46700 63.28980 63.72620 63.88430 63.44450 64.17040 64.09140 64.34640 63.75700 63.89600 63.47890 63.32880 63.39840 62.37960 62.38150 62.93930 62.87720 62.42930 61.90300 61.80280 62.31450 62.68780 63.11030 63.39670 63.90630 70.76960 73.54620 63.25000 70.75650 62.50020 62.16960 62.30510 62.24270 62.32630 62.44230 62.26940 62.90850 62.04660 62.34720 61.58530 62.86050 62.87860 61.68100 61.39820 60.29260 52.52240 51.79870 51.83260 52.97190 52.00010 59.93800 60.46990 62.47830 64.01980 64.37960 61.29080 60.87620 60.88690
63.91230 59.36010 64.67140 66.84320 65.54510 66.15850 66.44980 64.76880 65.60010 66.19160 67.74500 67.96590 62.45080 62.79010 62.85920 63.18830 63.26770 63.12750 64.08240 61.67490 65.25030 64.28470 63.73770 63.44080 63.27130 63.05620 62.62190 62.37490 63.34550 63.38270 62.43760 62.45440 62.79000 62.29330 63.33740 63.86810 73.09160 64.32840 63.83860 63.96540 63.09580 63.64830 63.64870 63.65280 63.29230 63.06010 63.24020 63.22760 62.41770 62.50970 63.23140 61.18350 61.43520 61.41030 61.68700 63.28570 63.27730 63.88950 64.33530 63.67210 53.54180 54.67360 53.52480 52.46740 53.02800 59.20320 61.13620 61.59170 60.42710 59.54330 56.66800
66.92510 64.17790 57.89830 56.05010 64.75950 65.71750 64.76820 63.26570 63.95670 64.15400 64.43760 64.25710 63.54510 63.33400 64.38910 64.74010 64.08960 64.00940 64.84650 64.51410 64.59120 64.35140 65.44130 64.61600 63.48140 63.50430 62.91820 63.00450 62.93500 63.05990 63.46160 72.63520 62.42490 62.56170 63.23090 63.33360 63.12280 63.10390 64.20590 64.88620 64.17430 63.67870 64.32040 64.95840 64.61920 64.51050 63.62410 62.77360 63.22710 63.10920 62.44990 62.73430 63.48330 62.54940 53.37470 52.59650 52.53680 60.20370 61.72890 65.20730 64.29790 62.75470 60.86700 56.19360 54.41510 55.01700 55.28510 55.77290 56.66960 57.14240 57.57380
67.38420 66.49790 64.28430 58.35870 57.07420 66.44590 66.77210 65.71160 65.25130 65.27500 65.92020 62.86530 54.65830 61.48220 62.80470 64.28440 64.86800 64.24010 64.92750 65.05690 64.29590 64.24410 64.90980 64.86260 63.89530 62.94950 63.27470 62.88960 63.11400 63.40720 63.14070 62.46230 61.51240 62.56610 63.22340 64.20940 63.94750 63.50790 63.91130 63.94860 64.97540 64.74190 63.49770 63.87400 65.54730 65.23450 64.31080 64.54070 63.50120 63.73580 63.22570 63.17690 64.05550 63.68800 63.65230 63.04300 61.98590 62.44370 62.67430 63.38330 63.50280 61.25280 56.76430 61.46450 61.87780 57.06380 61.54940 57.61570 57.53610 57.67800 61.19060
62.71210 58.02090 57.82300 57.98910 57.26900 54.86360 55.13790 54.70740 62.22090 63.70130 63.95960 64.81830 64.35950 57.64100 56.45210 61.14760 64.20170 64.28230 65.18740 64.12510 64.22800 64.23520 64.66600 64.96240 64.82200 65.11250 64.40010 64.40700 63.82830 63.52420 63.08000 62.90740 62.50420 61.47740 61.16480 61.96770 61.01050 61.98850 62.71500 61.60130 64.70610 64.93760 64.90570 65.30260 63.82540 63.70980 64.56110 62.51220 61.38280 61.97530 63.25010 63.51720 63.37920 64.52930 65.06390 64.66770 62.77310 62.69590 61.34610 61.27490 62.35940 62.95100 57.78560 64.33400 64.39190 61.42270 57.83260 58.03760 57.55880 61.17400 61.62860
68.06370 66.76850 66.89020 61.64390 62.94680 63.05040 57.83220 57.12370 61.44830 62.91040 64.41270 53.76200 62.20650 61.40630 64.21380 62.73200 65.62630 65.24660 56.91500 56.20530 63.41470 64.18860 65.40900 64.70920 65.24410 65.28830 65.68580 64.62590 64.85180 64.74490 63.83520 63.83610 62.55150 65.01650 62.65850 62.91280 64.04040 64.53200 55.72800 62.03100 62.72000 64.05480 65.65500 62.48400 63.12390 63.02860 63.51170 64.05880 62.48540 61.62440 60.34750 62.72050 62.24840 57.45040 62.27150 62.63360 57.26440 62.98590 63.72680 67.07390 65.43550 65.77580 65.07880 65.16150 63.69980 56.84100 61.16930 61.30500 62.62410 61.85810 62.34710
66.86460 69.09640 68.66280 68.36330 66.81850 63.11310 59.36280 58.13990 62.15240 62.54610 63.76780 64.58320 62.65270 55.41880 64.00950 56.72690 57.40360 63.54040 66.71660 60.08880 57.59470 61.92310 63.35850 65.87530 65.17760 64.99300 66.72450 66.50230 65.57260 65.69500 65.53250 65.32730 65.63030 63.97000 65.76490 64.96590 66.87450 64.80640 62.36080 62.02330 63.56240 65.56100 66.41460 63.29890 65.94450 66.23150 65.07510 65.88740 63.47980 62.13570 63.01820 63.56400 64.18060 66.69530 58.21140 58.29450 64.03890 65.00390 65.44360 66.72920 66.27890 66.00830 63.61810 56.50120 61.62370 63.14550 62.82460 63.52620 63.14670 63.49550 63.54290
69.42950 67.47940 66.65150 70.57380 68.98410 68.23210 69.11350 67.06300 66.22950 66.17990 65.48560 64.83770 65.32560 64.81620 66.66160 62.53350 62.19680 58.25840 63.94410 67.79060 64.30580 65.51320 64.72280 64.86520 66.04380 64.97390 66.07820 65.83720 66.38750 65.62960 65.16610 65.11570 65.19130 65.40130 65.85110 66.22100 68.36100 68.08490 65.18910 65.21000 63.49880 64.40860 66.76690 58.27820 58.15900 66.23590 66.46120 66.45920 66.59880 64.69160 63.29740 57.92080 65.01020 58.75060 63.40910 64.74590 65.12270 67.65570 62.85580 64.85610 66.18980 66.00730 65.63100 65.37170 63.80940 63.68190 63.92280 63.01840 61.83140 61.54540 62.81180
69.10470 68.08790 66.34330 62.11520 65.48160 66.75430 69.33640 68.92450 68.03620 67.12210 66.78890 65.83720 58.30840 63.71210 66.99780 67.52990 64.22240 64.42020 58.55890 64.53360 65.63960 65.90860 65.38230 65.57300 63.82670 64.06700 66.74590 67.78400 66.18070 66.21930 66.75090 66.93830 64.72150 64.52710 65.75800 64.62820 63.32020 63.81860 66.55720 66.95180 62.23180 59.31660 67.14280 58.54650 57.84580 64.91540 65.39320 65.72750 66.02680 62.97330 57.84010 62.55890 66.53540 66.47150 66.14600 65.36320 66.33330 64.70130 66.81410 68.05660 66.41520 62.53180 65.63520 66.87440 67.72600 68.03820 67.56150 62.56240 62.43750 61.05010 57.26550
71.32290 70.64010 65.33660 64.91290 66.38890 65.87900 70.75350 69.88770 68.31180 66.97060 66.04220 65.20820 64.06660 64.21950 68.09560 68.00060 66.91190 65.15510 64.41590 64.55470 66.13380 64.55000 65.80960 64.54480 63.02240 67.26680 67.44770 66.84230 67.43040 67.01000 67.76330 67.97230 66.42370 66.15640 65.39030 66.52710 67.62800 64.48220 62.95400 68.33560 59.20420 62.47210 63.93280 63.94370 66.20120 63.93450 56.73820 57.20480 56.94280 56.71730 62.93380 64.17040 64.62040 62.06780 62.25480 64.96030 67.40930 66.38960 66.99430 68.79230 68.48150 68.14930 67.58800 67.45650 67.62460 68.88060 67.53710 65.02600 57.48050 57.31570 57.78320
68.84470 70.42080 67.33420 63.02970 63.71010 67.22840 68.19520 69.28280 71.91650 70.22620 68.67160 66.42240 65.63910 65.52180 68.79710 68.70910 67.84640 63.72180 65.73630 64.27470 66.81570 63.49750 67.42170 63.96340 66.92640 68.91220 65.48830 65.69970 68.57730 68.24550 68.98660 67.11500 65.86450 65.89510 63.93500 64.04040 67.73210 67.59760 59.05560 62.80700 64.23750 63.65860 60.51880 60.35520 58.71810 58.49770 62.82820 58.93160 59.11960 66.09250 58.56380 65.97510 66.54490 67.02590 67.23650 65.80730 64.65760 67.58950 68.40990 77.85360 68.89990 65.66930 67.68920 68.59380 64.81370 57.20070 64.75640 57.07560 57.69510 58.17300 57.94980
73.44940 69.31900 66.75750 66.75750 66.17380 63.74270 61.16810 67.47800 72.22760 72.20520 70.79130 70.61560 68.55120 66.96210 67.20870 66.69920 65.64850 68.39200 66.46960 66.39880 68.10340 66.71430 66.92690 65.22520 64.42440 67.49170 67.76160 66.47480 68.33680 68.80270 68.57060 68.22670 66.45550 66.66530 65.83280 64.07920 68.28450 65.42200 64.90340 59.78730 60.39050 60.09110 60.64530 66.13650 65.25070 65.53310 68.25420 68.04070 67.05280 69.45730 67.21410 67.10460 67.77220 65.58550 66.38430 66.54300 69.20950 68.87140 67.09300 73.87620 66.78800 66.98990 64.98730 59.69430 59.57520 58.61230 58.63860 58.14500 58.46510 57.98980 57.90250
71.42500 68.65860 67.35510 66.61950 65.08920 65.02510 61.96830 60.54510 60.99180 69.13890 66.52040 66.46790 67.89990 67.43550 64.91120 67.18630 66.53420 60.07950 66.18880 68.99660 68.81820 67.23490 66.25070 63.92900 65.93440 65.68130 69.43810 68.26470 66.38980 67.46640 65.74480 68.14000 67.34250 67.18350 65.12640 58.42940 64.75480 66.66150 64.36560 66.11130 62.76080 60.60050 62.87600 66.20020 79.46010 75.29650 65.68770 60.10220 58.94190 64.51780 66.86230 67.98920 58.94410 64.75590 67.84040 65.93870 67.46150 68.83490 71.53230 68.73700 64.94140 62.53540 58.91670 59.20520 59.00570 59.04750 58.94080 58.61370 58.54970 58.40710 58.02170
72.16450 69.49220 66.98660 68.41520 67.13820 67.34690 65.03300 60.56890 65.29960 65.78060 63.79150 63.95100 65.32160 61.21340 66.23410 70.23470 69.07640 66.02410 68.33200 69.58330 61.74220 67.37590 68.65530 69.48620 66.52010 59.87540 68.96010 68.92390 65.17590 67.10310 67.43690 65.00580 67.52970 67.56450 58.66020 62.91620 65.39080 67.62080 67.17170 67.44970 67.83810 69.02100 69.50890 69.60220 72.16340 70.20840 61.08340 61.28330 66.58510 67.19970 -9999 -9999 59.68570 64.29100 69.09540 69.30610 77.90040 67.18990 59.56890 59.04340 59.22070 59.47390 59.57080 59.80210 59.11840 58.93110 58.92220 59.22310 59.41910 59.44820 61.84600
68.64530 68.81760 67.68280 69.15660 66.04690 69.82270 68.52970 68.48830 66.80400 68.21610 67.85570 67.50820 66.03670 63.13030 68.47180 70.70200 66.64910 65.42080 60.88290 64.56750 60.25460 66.76960 64.56610 68.58130 60.30960 62.52280 66.17580 65.86860 58.33680 66.77770 66.03300 62.64700 63.59140 64.29870 62.29550 66.12330 66.45070 65.91210 65.99330 -9999 -9999 -9999 -9999 70.72110 -9999 59.80490 64.92880 67.72610 68.56590 66.95570 -9999 -9999 58.63030 73.42280 73.19800 63.74610 60.57510 59.94410 58.90940 59.05300 59.31250 59.42060 59.22080 58.96140 58.94610 61.48980 59.09010 59.10080 58.60040 58.55710 58.77390
66.35860 68.68440 67.98200 68.51250 70.10920 70.43730 68.35940 64.53310 69.56450 71.32180 71.51350 70.39410 69.52650 69.29120 69.81480 69.25270 66.22050 66.85410 66.12140 68.14690 66.76250 67.02900 66.06590 64.01730 60.48320 66.09060 59.65400 65.96430 63.97930 63.34770 64.20100 64.91680 63.93110 65.66930 66.21530 67.46410 66.23390 -9999 -9999 -9999 -9999 -9999 -9999 -9999 70.00260 67.57590 69.94110 -9999 -9999 -9999 -9999 -9999 77.55710 67.05220 59.95900 62.25960 62.90190 63.01690 59.66080 59.59860 59.72810 59.64520 59.47120 61.74540 62.29760 59.10810 59.75470 59.67500 59.38710 59.41530 -9999
