data/hydroclimate-scenarios/1948-2000.Pcorr55N_Pref_Tref/monthly_summaries/soilm1_monthly_day1_nov.1950-2000.asc
ncols	311
nrows	91
xllcenter	102.75
yllcenter	31.75
cellsize	0.5
NODATA_value	-9999
[rows 0 to 31 of 91, columns 213 to 283 of 311]
-9999 -9999 -9999 -9999 -9999 -9999 -9999 -9999 -9999 -9999 -9999 -9999 -9999 -9999 -9999 -9999 -9999 -9999 -9999 -9999 -9999 -9999 -9999 -9999 -9999 -9999 -9999 -9999 -9999 -9999 -9999 -9999 -9999 -9999 -9999 -9999 -9999 -9999 -9999 -9999 -9999 -9999 -9999 -9999 -9999 -9999 -9999 -9999 -9999 -9999 -9999 -9999 -9999 -9999 -9999 -9999 -9999 -9999 -9999 -9999 -9999 -9999 -9999 -9999 -9999 -9999 -9999 -9999 -9999 -9999 -9999
-9999 -9999 -9999 -9999 -9999 -9999 -9999 -9999 -9999 -9999 -9999 -9999 -9999 -9999 -9999 -9999 -9999 -9999 -9999 -9999 -9999 -9999 -9999 -9999 -9999 -9999 -9999 -9999 -9999 -9999 -9999 -9999 -9999 -9999 -9999 -9999 -9999 -9999 -9999 -9999 -9999 -9999 -9999 -9999 -9999 -9999 -9999 -9999 -9999 -9999 -9999 -9999 -9999 -9999 -9999 -9999 -9999 -9999 -9999 -9999 -9999 -9999 -9999 -9999 -9999 -9999 -9999 -9999 -9999 -9999 -9999
-9999 -9999 -9999 -9999 -9999 -9999 -9999 -9999 -9999 -9999 -9999 -9999 -9999 -9999 -9999 -9999 -9999 -9999 -9999 -9999 -9999 -9999 -9999 -9999 -9999 -9999 -9999 -9999 -9999 -9999 -9999 -9999 -9999 -9999 -9999 -9999 -9999 -9999 -9999 -9999 -9999 -9999 -9999 -9999 -9999 -9999 -9999 -9999 -9999 -9999 -9999 -9999 -9999 -9999 -9999 -9999 -9999 -9999 -9999 -9999 -9999 -9999 -9999 -9999 -9999 -9999 -9999 -9999 -9999 -9999 -9999
-9999 -9999 -9999 -9999 -9999 -9999 -9999 -9999 -9999 -9999 -9999 -9999 -9999 -9999 -9999 -9999 -9999 -9999 -9999 -9999 -9999 -9999 -9999 -9999 -9999 -9999 -9999 -9999 -9999 -9999 -9999 -9999 -9999 -9999 -9999 -9999 -9999 -9999 -9999 -9999 -9999 -9999 -9999 -9999 -9999 -9999 -9999 -9999 -9999 -9999 -9999 -9999 -9999 -9999 -9999 -9999 -9999 -9999 -9999 -9999 -9999 -9999 -9999 -9999 -9999 -9999 -9999 -9999 -9999 -9999 -9999
-9999 -9999 -9999 -9999 -9999 -9999 -9999 -9999 -9999 -9999 -9999 -9999 -9999 -9999 -9999 -9999 -9999 -9999 -9999 -9999 -9999 -9999 -9999 -9999 -9999 -9999 -9999 -9999 -9999 -9999 -9999 -9999 -9999 -9999 -9999 -9999 -9999 -9999 -9999 -9999 -9999 -9999 -9999 -9999 -9999 -9999 -9999 -9999 -9999 -9999 -9999 -9999 -9999 -9999 -9999 -9999 -9999 -9999 -9999 -9999 -9999 -9999 -9999 -9999 -9999 -9999 -9999 -9999 -9999 -9999 -9999
-9999 -9999 -9999 -9999 -9999 -9999 -9999 -9999 -9999 -9999 -9999 -9999 -9999 -9999 -9999 -9999 -9999 -9999 -9999 -9999 -9999 -9999 -9999 -9999 -9999 -9999 -9999 -9999 -9999 -9999 -9999 -9999 -9999 -9999 -9999 -9999 -9999 -9999 -9999 -9999 -9999 -9999 -9999 -9999 -9999 -9999 -9999 -9999 -9999 -9999 -9999 -9999 -9999 -9999 -9999 -9999 -9999 -9999 -9999 -9999 -9999 -9999 -9999 -9999 -9999 -9999 -9999 -9999 -9999 -9999 -9999
-9999 -9999 -9999 -9999 -9999 -9999 -9999 -9999 -9999 -9999 -9999 -9999 -9999 -9999 -9999 -9999 -9999 -9999 -9999 -9999 -9999 -9999 -9999 -9999 -9999 -9999 -9999 -9999 -9999 -9999 -9999 -9999 -9999 -9999 -9999 -9999 -9999 -9999 -9999 -9999 -9999 -9999 -9999 -9999 -9999 -9999 -9999 -9999 -9999 -9999 -9999 -9999 -9999 -9999 -9999 -9999 -9999 -9999 -9999 -9999 -9999 -9999 -9999 -9999 -9999 -9999 -9999 -9999 -9999 -9999 -9999
-9999 -9999 -9999 -9999 -9999 -9999 -9999 -9999 -9999 -9999 -9999 -9999 -9999 -9999 -9999 -9999 -9999 -9999 -9999 -9999 -9999 -9999 -9999 -9999 -9999 -9999 -9999 -9999 -9999 -9999 -9999 -9999 -9999 -9999 -9999 -9999 -9999 -9999 -9999 -9999 -9999 -9999 -9999 -9999 -9999 -9999 -9999 -9999 -9999 -9999 -9999 -9999 -9999 -9999 -9999 -9999 -9999 -9999 -9999 -9999 -9999 -9999 -9999 -9999 -9999 -9999 -9999 -9999 -9999 -9999 -9999
-9999 -9999 -9999 -9999 -9999 -9999 -9999 -9999 -9999 -9999 -9999 -9999 -9999 -9999 -9999 -9999 -9999 -9999 -9999 -9999 -9999 -9999 -9999 -9999 -9999 -9999 -9999 -9999 -9999 -9999 -9999 -9999 -9999 -9999 -9999 -9999 -9999 -9999 -9999 -9999 -9999 -9999 -9999 -9999 -9999 -9999 -9999 -9999 -9999 -9999 -9999 -9999 -9999 -9999 -9999 -9999 -9999 -9999 -9999 -9999 -9999 -9999 -9999 -9999 -9999 -9999 -9999 -9999 -9999 -9999 -9999
-9999 -9999 -9999 -9999 -9999 -9999 -9999 -9999 -9999 -9999 -9999 -9999 -9999 -9999 -9999 -9999 -9999 -9999 -9999 -9999 -9999 -9999 -9999 -9999 -9999 -9999 -9999 -9999 -9999 -9999 -9999 -9999 -9999 -9999 -9999 -9999 -9999 -9999 -9999 -9999 -9999 -9999 -9999 -9999 -9999 -9999 -9999 -9999 -9999 -9999 -9999 -9999 -9999 -9999 -9999 -9999 -9999 -9999 -9999 -9999 -9999 -9999 -9999 -9999 -9999 -9999 -9999 -9999 -9999 -9999 -9999
-9999 -9999 -9999 -9999 -9999 -9999 -9999 -9999 -9999 -9999 -9999 -9999 -9999 -9999 -9999 -9999 -9999 -9999 -9999 -9999 -9999 -9999 -9999 -9999 -9999 -9999 -9999 -9999 -9999 -9999 -9999 -9999 -9999 -9999 -9999 -9999 -9999 -9999 -9999 -9999 -9999 -9999 -9999 -9999 -9999 -9999 -9999 -9999 -9999 -9999 -9999 -9999 -9999 -9999 -9999 -9999 -9999 -9999 -9999 -9999 -9999 -9999 -9999 -9999 -9999 -9999 -9999 -9999 -9999 -9999 -9999
-9999 -9999 -9999 -9999 -9999 -9999 -9999 -9999 -9999 -9999 -9999 -9999 -9999 -9999 -9999 -9999 -9999 -9999 -9999 -9999 -9999 -9999 -9999 -9999 -9999 -9999 -9999 -9999 -9999 -9999 -9999 -9999 -9999 -9999 -9999 -9999 -9999 -9999 -9999 -9999 -9999 -9999 -9999 -9999 -9999 -9999 -9999 -9999 -9999 -9999 -9999 -9999 -9999 -9999 -9999 -9999 -9999 -9999 -9999 -9999 -9999 -9999 -9999 -9999 -9999 -9999 -9999 -9999 -9999 -9999 -9999
-9999 -9999 -9999 -9999 -9999 -9999 -9999 -9999 -9999 -9999 -9999 -9999 -9999 -9999 -9999 -9999 -9999 -9999 -9999 -9999 -9999 -9999 -9999 -9999 -9999 -9999 -9999 -9999 -9999 -9999 -9999 -9999 -9999 -9999 -9999 -9999 -9999 -9999 -9999 -9999 -9999 -9999 -9999 -9999 -9999 -9999 -9999 -9999 -9999 -9999 -9999 -9999 -9999 -9999 -9999 -9999 -9999 -9999 -9999 -9999 -9999 -9999 -9999 -9999 -9999 -9999 -9999 -9999 -9999 -9999 -9999
59.41770 59.84700 60.20280 60.10710 61.77110 61.57960 -9999 -9999 -9999 -9999 -9999 -9999 -9999 -9999 -9999 -9999 -9999 -9999 -9999 -9999 -9999 -9999 -9999 -9999 -9999 -9999 -9999 -9999 -9999 -9999 -9999 -9999 -9999 -9999 -9999 -9999 -9999 -9999 -9999 -9999 -9999 -9999 -9999 -9999 -9999 -9999 -9999 60.48780 -9999 -9999 -9999 -9999 -9999 -9999 -9999 -9999 -9999 -9999 -9999 -9999 -9999 -9999 -9999 -9999 -9999 -9999 -9999 -9999 -9999 -9999 -9999
59.61920 61.58710 63.69410 64.11530 63.90890 64.28550 57.97430 58.55790 60.17940 60.98060 54.18780 56.81580 56.97390 57.31190 57.17480 56.82790 56.64720 54.97150 69.72650 -9999 -9999 -9999 -9999 -9999 -9999 -9999 -9999 -9999 -9999 -9999 -9999 -9999 -9999 -9999 -9999 -9999 -9999 -9999 -9999 -9999 -9999 -9999 57.51890 50.06040 50.40770 51.35910 54.36900 54.22540 55.73580 -9999 -9999 -9999 58.16260 -9999 -9999 -9999 60.52890 60.93260 60.87670 -9999 -9999 -9999 -9999 -9999 -9999 -9999 -9999 -9999 -9999 -9999 -9999
59.45140 60.29750 52.16630 53.16470 53.04720 53.82020 50.13750 49.09090 53.34310 53.94270 54.99130 58.66450 58.40730 60.33160 61.43160 61.12130 61.12220 60.62990 55.64510 54.25570 54.97630 57.04690 58.17680 60.82540 56.87980 -9999 -9999 -9999 -9999 -9999 69.18170 68.19780 66.46790 64.10390 61.85960 61.03090 51.78460 51.22430 52.44900 52.79910 53.22820 53.77640 49.84480 50.21680 51.28870 51.75770 54.89500 55.77760 56.33590 57.03570 57.44360 58.69390 58.74140 59.10550 58.10050 59.02140 60.41480 60.61270 62.42460 62.13600 62.43270 61.90860 62.30330 62.47600 -9999 -9999 -9999 -9999 -9999 -9999 -9999
58.18320 60.45260 61.30810 63.93370 62.14950 64.00230 61.60420 63.74760 66.72560 67.79810 68.66720 67.96520 66.80350 68.21630 66.67970 68.56830 66.32930 66.08510 64.21790 63.20120 63.41640 61.13060 55.60480 64.43110 61.69060 62.72830 63.53600 57.98140 57.73790 57.24120 57.26250 68.37800 66.74580 66.39760 55.47290 54.88150 55.52910 53.84780 53.64880 53.63790 53.23690 53.50800 53.23570 52.82220 54.11220 54.61970 54.69570 55.79840 56.62460 57.74790 58.61390 58.98410 59.39980 59.42450 58.51850 58.29810 58.46100 59.62700 60.51320 60.68900 61.87420 61.87130 62.61760 62.59650 62.57520 62.63090 62.84590 62.50150 62.03880 61.95050 61.48310
69.30550 68.89110 70.45620 68.54890 69.70240 70.34080 71.01270 69.89860 70.12630 67.12970 63.41920 62.54240 64.02980 62.42840 60.76140 58.95210 61.60860 64.18160 72.45520 72.39020 70.46790 69.15870 70.84890 61.97670 50.56680 50.02450 58.25840 53.72930 53.45350 52.11880 50.25690 64.50280 68.00750 66.71840 56.71640 55.67660 56.01140 54.77630 54.52890 54.21850 54.30990 54.98570 54.85640 55.13390 55.67570 55.51520 55.16160 56.40820 57.47010 58.85450 58.54930 59.67910 59.48570 60.04480 57.91110 57.97330 58.74330 58.90550 59.98120 59.87050 61.29570 61.10970 62.39910 62.53600 61.79510 62.10560 62.63470 62.57710 62.16710 61.86980 61.87940
76.36460 75.63670 74.42890 75.16980 75.12140 71.95910 71.94880 62.90400 65.50350 68.71700 68.11060 68.22140 62.01180 74.00730 70.28860 76.94160 76.76920 75.45410 78.86130 79.31440 81.53810 82.09600 76.33150 55.83390 51.23350 50.30870 59.94780 52.50350 57.02330 49.91510 49.13740 53.65120 60.40500 60.64120 58.88370 58.06660 57.95450 67.21170 66.54310 66.32450 56.71400 56.96770 66.26290 66.28760 66.62130 67.48070 67.06920 58.15780 59.77340 59.96740 59.89180 60.55230 60.65450 60.79970 59.93610 59.61740 59.23520 59.90980 61.17840 60.97870 60.20900 62.64730 70.15960 70.22570 70.86140 70.35820 63.06700 62.25870 61.59890 61.39640 61.62400
83.67440 84.56560 84.09200 83.42400 82.10300 80.52880 78.84380 77.24740 76.35420 75.76310 74.96850 74.58070 74.12190 74.00750 74.62640 76.93250 78.00330 78.76590 83.60010 83.18640 82.38700 81.92310 70.49570 64.04560 49.19860 50.18940 51.85510 52.29600 58.25230 46.89030 50.98750 51.79030 54.22500 66.44720 77.31810 78.29660 79.00260 79.29510 78.64420 78.80190 78.95230 78.90510 78.30830 78.23880 78.07080 78.45450 78.19540 78.22360 78.81940 78.99360 79.04880 71.83200 70.55310 70.31590 60.19030 60.74610 60.21900 61.10250 70.75270 70.75550 71.82330 79.33190 79.02230 78.93560 78.95660 79.07780 79.37670 73.69850 69.70720 81.05000 82.05360
84.67870 84.74850 83.92190 79.51510 78.17290 77.95700 77.06460 76.54140 75.13930 74.23440 74.96180 74.81010 74.73360 76.06620 77.77330 78.81200 79.50310 80.65760 82.93750 80.96570 79.57820 76.51710 68.16730 66.25000 50.34110 50.58440 51.42310 50.98160 48.96130 46.15660 47.57560 54.62820 53.90490 52.93280 52.98110 56.16160 58.57390 68.55640 69.07950 69.86780 79.35220 79.46000 79.09890 78.87320 78.77290 78.98650 78.87360 78.72900 79.37330 79.44030 79.50090 79.54100 79.36350 79.51760 78.72120 78.92430 78.33050 78.36650 79.07750 79.04960 71.45780 79.76370 79.14540 79.39450 79.82410 79.72260 82.68560 82.16760 81.70710 82.00220 82.00380
81.92490 80.20350 80.45670 79.60850 79.94370 80.20170 79.18920 79.38050 79.52330 78.39070 77.95680 76.00360 74.25790 73.83040 75.92760 78.00220 78.93360 79.79860 84.11440 83.34280 77.97340 73.10790 59.31380 61.32420 60.91470 61.32450 52.36260 51.10480 49.24330 47.39120 45.34970 48.19780 50.58550 53.05500 54.17310 53.97220 53.98800 53.53960 54.43490 54.68060 57.00340 68.45390 80.99100 81.06130 79.22310 78.02610 70.46130 70.39670 80.92780 79.45750 79.18130 79.76810 79.60560 79.87170 79.51530 79.74890 79.11490 78.78520 79.08480 79.49040 70.53460 79.83760 79.38300 79.28670 79.89800 80.97040 82.61400 82.35190 81.71170 82.13270 81.90690
78.78250 77.88280 77.56570 77.62270 78.49110 80.34210 81.68800 81.60460 82.14420 82.42510 81.79600 81.72890 80.90080 75.85160 76.77460 78.99810 81.53320 79.68570 80.15620 78.66930 64.47490 59.39850 57.68890 57.98170 56.78800 59.78260 59.24670 59.96600 61.08900 60.88480 50.43480 51.94570 51.35460 50.99670 62.27680 63.50910 63.17680 63.00540 63.89640 64.18520 54.82640 57.11810 68.73620 80.09730 80.38510 81.25920 81.51580 80.47660 80.23830 79.98920 73.04950 72.32620 81.47580 79.71140 80.24260 79.91410 79.27780 79.87850 80.21320 81.36350 81.20410 79.65870 80.03350 79.75610 79.63850 80.71480 81.64050 81.89530 81.90510 81.99900 82.41900
79.70090 78.45110 78.60960 78.19210 78.59150 79.64100 79.28380 79.02970 77.04650 77.90720 81.97610 83.84110 74.99220 69.97550 70.06180 68.89000 66.86760 80.80010 82.60050 79.97750 74.09900 58.03240 58.21850 57.61160 55.59850 55.16810 55.32140 55.41640 55.45910 56.43490 57.48500 60.81820 59.35280 58.50360 56.21870 56.81790 57.17300 58.24120 61.22470 61.79180 62.32080 63.42460 67.46700 69.22270 70.36470 70.86810 73.59770 75.38840 80.48950 80.92910 82.05490 82.64770 81.03700 73.14730 81.18720 79.84700 79.50400 70.44970 81.04630 80.45330 79.59570 79.72760 79.58020 79.46680 79.36730 79.41490 82.35960 82.01660 81.90980 81.96880 82.18640
83.42790 82.40270 81.22650 80.03120 77.99490 78.37090 77.93060 77.63930 80.34260 80.49090 82.83870 83.91680 83.91590 83.39790 80.84430 82.56670 76.59470 78.78910 80.19850 83.63240 81.60040 70.62790 68.69170 68.51570 52.75510 52.32810 52.73630 52.76510 53.00120 53.21800 53.80550 52.78180 53.66300 52.91640 52.90270 54.31850 53.91040 56.04660 56.87310 59.53410 56.16390 58.42650 62.59870 64.86790 65.69570 67.01600 68.22290 70.86340 73.98110 76.17300 76.09820 80.40870 82.66930 80.92980 71.18370 79.99540 79.66990 80.12430 80.29590 80.10620 79.89600 79.45930 78.96050 78.17150 79.34240 79.64830 80.46070 83.33140 83.43030 83.09270 82.76580
83.30540 80.34140 71.41700 67.73670 77.60320 69.92100 69.12770 66.98050 67.35030 70.61950 70.89130 70.15670 69.83490 72.11400 80.46160 83.59450 82.26000 81.36330 81.74810 80.69780 78.86840 77.71800 72.05870 71.80820 68.88140 68.46030 67.31760 51.31690 52.05510 52.13610 54.97530 53.55610 53.26170 54.76130 53.45770 54.62030 54.76170 57.48070 58.48200 56.99860 59.27210 56.81720 63.74190 66.35430 69.82140 70.03880 70.38000 71.47370 73.41030 75.23280 75.38340 76.27860 77.09480 81.66610 79.86270 71.75330 79.28760 79.54420 79.84390 80.02380 79.70500 79.64620 79.00250 78.49000 78.78450 79.28240 81.08660 80.92330 82.04160 83.55740 83.18650
72.99760 70.77380 72.28650 76.18020 73.99770 85.10340 82.93600 80.29760 76.40520 83.14090 84.92560 80.58580 79.06140 72.68080 79.05160 84.13500 79.07000 69.96330 78.98630 78.85660 77.28780 76.75950 76.09920 76.46440 74.93510 75.04700 74.54950 73.25660 73.29780 76.98900 66.32860 59.40020 56.14910 57.81450 61.90360 62.00910 59.05880 60.91650 60.43810 61.40300 62.63520 65.69060 66.51730 67.95720 67.80560 69.41150 71.74630 71.04580 72.03250 73.92240 74.70250 76.11590 75.78540 76.73890 83.23930 73.36660 81.07060 80.47680 80.29270 80.59380 80.03710 80.02210 79.97150 79.61720 80.06030 80.57670 81.07950 80.84560 81.33140 82.10810 83.68500
69.52680 69.15250 72.12060 84.96500 83.41100 83.22450 85.73760 86.06330 83.68490 82.88130 84.79100 81.34700 82.45390 85.27530 85.46310 80.41900 80.21350 80.50190 81.18820 79.96910 81.19440 80.84500 79.63280 80.33980 75.81580 65.56770 62.94910 62.48330 64.17720 64.27810 60.75450 60.37380 59.52680 61.69990 57.03680 57.51460 61.45090 63.08670 63.57090 63.40060 63.26340 61.64630 67.10970 72.29000 73.51090 72.99240 72.00160 73.08220 74.39780 74.07100 74.32080 74.69560 75.57990 75.96700 82.31640 74.00890 72.41690 80.45580 80.98940 80.78760 80.34630 80.23240 80.60310 80.71600 80.44420 80.63360 80.91390 81.34120 82.43390 81.69630 83.54860
73.05620 76.68750 74.69660 74.83800 71.60950 70.69170 71.46560 74.89540 82.65370 84.69790 85.70540 85.80980 74.83180 73.22800 70.23040 70.27100 69.22830 63.04590 74.26310 75.59670 77.13710 78.24130 75.15830 71.32710 58.69870 52.69830 58.59560 59.35240 59.79960 62.25050 65.07290 62.04270 57.75040 54.51880 55.87230 59.97680 63.12970 63.32780 64.55280 66.65020 67.00680 66.17460 65.72880 71.83890 73.40710 75.32170 73.45120 71.48010 74.64350 69.60290 71.70940 72.25210 75.59780 77.21550 83.71180 77.99920 77.36830 81.76030 81.60420 80.53560 81.47140 81.52490 81.94600 82.03930 80.87520 80.97440 80.73170 82.23700 83.45960 82.39090 82.57900
78.22390 78.60990 76.92750 73.16200 70.85220 69.76000 69.90580 68.50530 68.06650 79.17940 83.57570 84.31400 82.49700 77.16430 75.64640 70.64820 70.50350 69.49940 70.03550 69.60570 71.58190 75.37930 78.89810 74.72430 67.35690 57.78180 52.58230 50.86490 58.06040 63.78200 62.34450 56.43460 54.88910 52.26120 53.77420 54.84560 61.46790 63.92500 69.35830 71.02090 69.52280 69.87740 68.91260 70.58460 76.63010 75.09630 76.96790 75.17670 74.04320 72.47640 72.66390 73.28960 75.13720 77.70410 80.07960 80.05910 82.70180 82.89360 81.96790 81.68420 81.23170 80.54530 80.30660 80.07340 80.59960 81.52520 82.22930 82.76120 83.88510 84.01180 83.54020
76.74140 76.33670 75.78340 74.74790 72.03020 69.94840 70.75130 71.09020 70.83570 70.70470 69.45960 67.82320 74.23470 76.69590 77.96940 77.99870 76.49740 70.41010 69.79810 70.54010 70.52830 71.81000 72.89500 71.46520 68.61110 63.76260 62.30010 67.22160 63.12360 66.36920 64.10250 63.06720 60.91860 56.32710 54.65400 54.92850 59.83270 64.67970 68.61910 70.50560 71.54770 69.35790 72.30130 71.21480 74.07990 76.10530 75.11350 75.71510 76.14980 77.46230 77.06290 76.83060 75.71180 77.05440 77.54760 78.58880 83.58200 85.41580 84.14980 83.91630 84.56740 82.82360 82.39020 81.83210 81.97200 82.37910 82.71050 83.21210 83.94470 85.09090 85.82820
79.11520 -9999 73.49160 73.57660 74.21780 74.43250 -9999 73.68870 72.80270 71.14670 69.89450 66.67750 68.07300 72.77620 72.34140 72.97450 73.64090 71.92230 71.17270 69.70950 69.26920 68.48290 71.93860 73.00430 72.36890 70.64360 71.07410 70.51100 72.99540 71.67200 70.73800 71.50150 64.45910 58.82340 56.28860 63.91520 66.60560 67.72420 66.80170 68.44170 70.78100 73.36010 80.17550 77.37680 73.09310 73.44040 72.94130 73.00810 73.48500 73.64240 74.04350 73.07720 72.01600 77.26610 78.67210 83.25480 87.05160 87.06940 86.53060 86.46000 86.25870 86.16970 86.71890 86.42880 87.09650 86.40430 86.26900 86.35120 85.59520 85.86150 85.19270
