data/hydroclimate-scenarios/1948-2000.Pcorr55N_Pref_Tref/monthly_summaries/soilm1_monthly_day1_mar.asc
ncols	311
nrows	91
xllcenter	102.75
yllcenter	31.75
cellsize	0.5
NODATA_value	-9999
[rows 0 to 31 of 91, columns 0 to 70 of 311]
-9999 -9999 -9999 -9999 -9999 -9999 -9999 -9999 -9999 -9999 -9999 -9999 -9999 -9999 -9999 -9999 -9999 -9999 -9999 -9999 -9999 -9999 -9999 -9999 -9999 -9999 -9999 -9999 -9999 -9999 -9999 -9999 -9999 -9999 -9999 -9999 -9999 -9999 -9999 -9999 -9999 -9999 -9999 -9999 -9999 -9999 -9999 -9999 -9999 -9999 -9999 -9999 -9999 -9999 -9999 -9999 -9999 -9999 -9999 -9999 -9999 -9999 -9999 -9999 -9999 -9999 -9999 -9999 -9999 -9999 -9999
-9999 -9999 -9999 -9999 -9999 -9999 -9999 -9999 -9999 -9999 -9999 -9999 -9999 -9999 -9999 -9999 -9999 -9999 -9999 -9999 -9999 -9999 -9999 -9999 -9999 -9999 -9999 -9999 -9999 -9999 -9999 -9999 -9999 -9999 -9999 -9999 -9999 -9999 -9999 -9999 -9999 -9999 -9999 -9999 -9999 -9999 -9999 -9999 -9999 -9999 -9999 -9999 -9999 -9999 -9999 -9999 -9999 -9999 -9999 -9999 -9999 -9999 -9999 -9999 -9999 -9999 -9999 -9999 -9999 -9999 -9999
-9999 -9999 -9999 -9999 -9999 -9999 -9999 -9999 -9999 -9999 -9999 -9999 -9999 -9999 -9999 -9999 -9999 -9999 -9999 -9999 -9999 -9999 -9999 -9999 -9999 -9999 -9999 -9999 -9999 -9999 -9999 -9999 -9999 -9999 -9999 -9999 -9999 -9999 -9999 -9999 -9999 -9999 -9999 -9999 -9999 -9999 -9999 -9999 -9999 -9999 -9999 -9999 -9999 -9999 -9999 -9999 -9999 -9999 -9999 -9999 -9999 -9999 -9999 -9999 -9999 -9999 -9999 -9999 -9999 -9999 -9999
-9999 -9999 -9999 -9999 -9999 -9999 -9999 -9999 -9999 -9999 -9999 -9999 -9999 -9999 -9999 -9999 -9999 -9999 -9999 -9999 -9999 -9999 -9999 -9999 -9999 -9999 -9999 -9999 -9999 -9999 -9999 -9999 -9999 -9999 -9999 -9999 -9999 -9999 -9999 -9999 -9999 -9999 -9999 -9999 -9999 -9999 -9999 -9999 -9999 -9999 -9999 -9999 -9999 -9999 -9999 -9999 -9999 -9999 -9999 -9999 -9999 -9999 -9999 -9999 -9999 -9999 -9999 -9999 -9999 -9999 -9999
-9999 -9999 -9999 -9999 -9999 -9999 -9999 -9999 -9999 -9999 -9999 -9999 -9999 -9999 -9999 -9999 -9999 -9999 -9999 -9999 -9999 -9999 -9999 -9999 -9999 -9999 -9999 -9999 -9999 -9999 -9999 -9999 -9999 -9999 -9999 -9999 -9999 -9999 -9999 -9999 -9999 -9999 -9999 -9999 -9999 -9999 -9999 -9999 -9999 -9999 -9999 -9999 -9999 -9999 -9999 -9999 -9999 -9999 -9999 -9999 -9999 -9999 -9999 -9999 -9999 -9999 -9999 -9999 -9999 -9999 -9999
-9999 -9999 -9999 -9999 -9999 -9999 -9999 -9999 -9999 -9999 -9999 -9999 -9999 -9999 -9999 -9999 -9999 -9999 -9999 -9999 -9999 -9999 -9999 -9999 -9999 -9999 -9999 -9999 -9999 -9999 -9999 -9999 -9999 -9999 -9999 -9999 -9999 -9999 -9999 -9999 -9999 -9999 -9999 -9999 -9999 -9999 -9999 -9999 -9999 -9999 -9999 -9999 -9999 -9999 -9999 -9999 -9999 -9999 -9999 -9999 -9999 -9999 -9999 -9999 -9999 -9999 -9999 -9999 -9999 -9999 -9999
-9999 -9999 -9999 -9999 -9999 -9999 -9999 -9999 -9999 -9999 -9999 -9999 -9999 -9999 -9999 -9999 -9999 -9999 -9999 -9999 -9999 -9999 -9999 -9999 -9999 -9999 -9999 -9999 -9999 -9999 -9999 -9999 -9999 -9999 -9999 -9999 -9999 -9999 -9999 -9999 -9999 -9999 -9999 -9999 -9999 -9999 -9999 -9999 -9999 -9999 -9999 -9999 -9999 -9999 -9999 -9999 -9999 -9999 -9999 -9999 -9999 -9999 -9999 -9999 -9999 -9999 -9999 -9999 -9999 -9999 -9999
-9999 -9999 -9999 -9999 -9999 -9999 -9999 -9999 -9999 -9999 -9999 -9999 -9999 -9999 -9999 -9999 -9999 -9999 -9999 -9999 -9999 -9999 -9999 -9999 -9999 -9999 -9999 -9999 -9999 -9999 -9999 -9999 -9999 -9999 -9999 -9999 -9999 -9999 -9999 -9999 -9999 -9999 64.66400 66.45130 65.54810 65.09350 65.29400 64.63780 63.93760 65.08480 64.70510 63.56760 -9999 -9999 -9999 -9999 -9999 -9999 -9999 -9999 -9999 -9999 -9999 -9999 -9999 -9999 -9999 -9999 -9999 -9999 -9999
-9999 -9999 -9999 -9999 -9999 -9999 -9999 -9999 -9999 -9999 -9999 -9999 -9999 -9999 -9999 -9999 -9999 -9999 -9999 -9999 -9999 -9999 -9999 -9999 -9999 -9999 -9999 -9999 -9999 -9999 -9999 -9999 -9999 -9999 -9999 -9999 -9999 -9999 63.85740 63.98440 63.96700 63.41870 63.82390 64.65630 64.08340 65.82840 65.69420 66.59910 65.65140 62.96890 62.74130 71.96180 74.15760 70.84250 -9999 -9999 -9999 -9999 -9999 -9999 -9999 -9999 -9999 -9999 -9999 -9999 -9999 -9999 -9999 -9999 -9999
-9999 -9999 -9999 -9999 -9999 -9999 -9999 -9999 -9999 -9999 -9999 -9999 -9999 -9999 -9999 -9999 -9999 -9999 -9999 -9999 -9999 -9999 -9999 -9999 -9999 -9999 -9999 -9999 -9999 -9999 -9999 -9999 -9999 -9999 -9999 -9999 -9999 -9999 -9999 -9999 66.05740 65.70070 65.31970 65.09720 63.61590 62.73510 63.70740 63.23670 66.66340 66.60030 65.65110 61.09920 58.78730 58.91150 -9999 -9999 -9999 -9999 -9999 -9999 -9999 -9999 -9999 -9999 -9999 -9999 -9999 -9999 -9999 -9999 -9999
-9999 -9999 -9999 -9999 -9999 -9999 -9999 -9999 -9999 -9999 -9999 -9999 -9999 -9999 -9999 -9999 -9999 -9999 -9999 -9999 -9999 -9999 -9999 -9999 -9999 -9999 -9999 -9999 -9999 -9999 -9999 -9999 -9999 -9999 -9999 -9999 -9999 -9999 -9999 -9999 -9999 -9999 -9999 -9999 65.61490 64.37040 63.59760 61.82890 59.29670 66.78540 64.11750 63.94730 58.13340 59.77440 -9999 -9999 -9999 -9999 -9999 -9999 60.77870 -9999 -9999 -9999 -9999 -9999 -9999 -9999 -9999 -9999 -9999
-9999 -9999 -9999 -9999 -9999 -9999 -9999 -9999 -9999 -9999 -9999 -9999 -9999 -9999 -9999 -9999 -9999 -9999 -9999 -9999 -9999 -9999 -9999 -9999 -9999 -9999 -9999 -9999 -9999 -9999 -9999 -9999 -9999 -9999 -9999 -9999 -9999 -9999 -9999 -9999 -9999 66.79500 66.99560 66.38310 66.50320 66.48530 66.01130 66.35150 65.73260 66.97510 66.55830 64.37600 57.62970 61.78990 -9999 -9999 -9999 -9999 -9999 60.94710 60.42600 60.14040 59.86420 60.01670 59.35580 60.09840 59.75070 59.83220 59.80160 59.14850 59.40290
-9999 -9999 -9999 -9999 -9999 -9999 -9999 -9999 -9999 -9999 -9999 -9999 -9999 -9999 -9999 -9999 -9999 -9999 -9999 -9999 -9999 -9999 -9999 -9999 -9999 -9999 -9999 -9999 -9999 -9999 -9999 -9999 -9999 -9999 -9999 -9999 -9999 -9999 -9999 -9999 -9999 67.45230 67.34880 66.48830 66.75150 66.46610 71.43670 71.30490 66.94940 68.24000 68.03030 65.19180 58.11930 58.69900 61.62580 57.99620 62.99600 -9999 62.01260 60.85300 60.25310 59.98040 59.71150 62.06760 61.64770 60.74110 60.31340 59.65010 59.48780 60.02560 60.12370
-9999 -9999 -9999 -9999 -9999 -9999 -9999 -9999 -9999 -9999 -9999 -9999 -9999 -9999 -9999 -9999 -9999 -9999 -9999 -9999 -9999 -9999 -9999 -9999 -9999 -9999 -9999 -9999 -9999 -9999 -9999 -9999 -9999 -9999 -9999 65.78980 66.08420 65.75470 65.93890 66.31990 66.46750 67.11290 67.10700 66.51480 71.31950 71.39400 66.74590 67.07510 67.45690 68.61410 67.02560 68.14580 65.96300 64.20530 58.39870 58.62630 64.24140 65.65070 62.97890 60.88300 60.83540 60.72920 59.60550 62.15300 62.71670 60.54230 61.21430 61.07000 60.54030 51.30060 51.62770
-9999 -9999 -9999 -9999 -9999 -9999 -9999 -9999 -9999 -9999 -9999 -9999 -9999 -9999 -9999 -9999 -9999 -9999 -9999 -9999 -9999 -9999 -9999 -9999 -9999 -9999 -9999 -9999 -9999 -9999 -9999 -9999 -9999 -9999 64.02740 64.40010 64.48000 65.30210 64.94310 67.02580 67.33520 67.30450 67.84910 71.89490 68.76000 68.11950 68.15250 68.32760 68.94290 68.50560 64.06520 64.97760 64.79820 60.31790 59.58680 64.86040 67.05240 64.83560 63.00900 61.35320 60.63210 59.31200 59.71100 60.48080 58.42430 59.25960 59.64450 60.83710 61.50470 60.73530 61.63270
-9999 -9999 -9999 -9999 -9999 -9999 -9999 -9999 -9999 -9999 -9999 -9999 -9999 -9999 -9999 -9999 -9999 -9999 -9999 -9999 -9999 -9999 -9999 -9999 -9999 -9999 -9999 -9999 -9999 -9999 -9999 -9999 -9999 63.21160 63.41420 63.47960 63.94280 65.17990 65.02850 66.86730 67.31210 67.45480 71.97410 71.57930 67.39020 68.16210 68.50350 68.05670 67.51770 68.84900 68.44970 66.33100 61.72950 59.68950 59.18540 64.50810 64.94040 66.41340 63.89110 60.68700 61.23190 59.55750 58.62300 57.92870 57.71500 59.08130 61.08170 61.51740 61.94070 62.04210 64.27290
-9999 -9999 -9999 -9999 -9999 -9999 -9999 -9999 -9999 -9999 -9999 -9999 -9999 -9999 -9999 -9999 -9999 -9999 -9999 -9999 -9999 -9999 -9999 -9999 -9999 -9999 -9999 -9999 -9999 -9999 -9999 62.59470 62.84350 63.03840 63.37900 64.15000 64.06670 64.71280 64.71790 66.40590 66.74470 67.32790 71.57780 67.74170 67.24470 68.40120 69.41890 69.08080 67.08740 64.04350 60.88490 60.04080 57.97060 59.74440 64.17430 63.07830 64.35730 64.21160 64.46760 62.95440 60.75390 58.54840 58.95010 57.41760 57.77420 59.54730 60.27190 61.47010 62.41130 64.91900 64.88220
-9999 -9999 -9999 -9999 -9999 -9999 -9999 -9999 -9999 -9999 -9999 -9999 -9999 -9999 -9999 -9999 -9999 -9999 -9999 -9999 -9999 -9999 -9999 -9999 -9999 -9999 -9999 -9999 -9999 62.64270 62.59240 63.06260 62.88980 62.87210 63.10420 63.35950 64.11490 66.14930 65.45500 66.24240 71.17710 72.23870 66.76740 66.82660 67.03360 68.13290 68.61450 69.35340 65.88560 64.85160 61.29730 59.10360 59.02610 59.99000 65.22590 67.06450 67.36720 67.21500 65.82990 62.51530 60.37820 59.33740 58.78300 58.50040 58.08320 59.56800 60.31010 61.76630 62.13340 62.78800 63.48570
-9999 -9999 -9999 -9999 -9999 -9999 -9999 -9999 -9999 -9999 -9999 -9999 -9999 -9999 -9999 -9999 -9999 -9999 -9999 -9999 -9999 -9999 -9999 -9999 65.57090 65.00740 64.60200 64.21700 64.04640 64.49280 64.94730 65.03510 65.31930 65.70900 66.04190 65.68590 67.26600 67.90560 67.95720 67.14220 67.96420 72.84740 67.48820 66.92580 67.44660 67.91510 68.17960 68.57650 68.30990 66.95700 65.65360 64.05170 60.38230 64.79540 67.20450 68.46530 67.50710 65.97120 65.32870 62.90440 60.07350 59.36140 59.73910 59.96740 60.51240 61.59200 61.65550 62.73420 63.34380 63.12900 64.42440
-9999 -9999 -9999 -9999 -9999 -9999 67.08090 66.96640 67.35170 66.45480 66.10470 -9999 -9999 -9999 -9999 -9999 -9999 -9999 -9999 -9999 -9999 66.97970 65.89130 65.87380 66.22920 65.36950 64.65580 64.50370 64.41740 65.04360 64.97480 65.56890 65.67220 66.00920 66.24960 65.61630 66.09530 67.14130 68.56900 66.81380 67.60660 68.77070 72.52660 67.13510 67.21680 67.58860 67.84800 68.76890 68.62040 66.01440 64.20850 60.80930 61.63370 69.30460 68.49570 68.21610 67.89910 66.53610 63.66160 62.08460 60.77080 59.48370 61.08290 60.74410 61.69500 61.45640 61.38420 64.43430 65.01350 64.44910 63.26400
-9999 -9999 -9999 -9999 -9999 67.38590 67.34710 67.71980 67.51480 67.46800 67.06330 67.94860 67.66830 68.06410 -9999 -9999 -9999 67.45350 67.52920 66.36990 66.26760 65.90050 65.67520 64.84060 72.33820 74.86600 75.35600 75.16210 76.35220 76.90730 76.17940 75.59210 74.43110 74.32120 75.55070 75.83210 76.19930 77.86960 77.76470 77.52360 77.64900 77.98980 73.90170 75.54500 78.56770 76.76130 75.96690 74.78360 69.73710 65.37180 64.73170 60.55050 63.63260 65.00810 65.41390 65.67920 68.06760 66.73850 64.99990 62.57770 61.93640 63.55390 53.21790 61.56230 61.18090 64.16980 65.10700 65.89420 65.65610 65.96470 64.71310
-9999 66.87260 66.99940 67.73250 66.89660 67.11850 67.60140 67.43600 67.58790 67.22690 67.27140 67.95190 68.02080 68.24800 67.75290 67.90710 67.42660 67.56510 67.84480 66.71410 66.49580 66.03950 66.34990 76.71540 78.01610 78.56470 78.64660 78.36060 78.28040 78.52580 78.48480 78.84550 78.76460 79.11550 79.27260 79.22670 79.35520 79.03150 78.92560 79.06280 79.17730 79.61690 77.50940 73.54750 79.56870 79.44440 79.27700 76.87080 69.69010 67.24990 69.15170 68.16650 66.46510 60.69120 65.96400 67.80520 67.94830 66.57220 66.36390 63.20910 64.11830 63.04070 65.06940 63.65080 64.23870 64.04540 64.92550 65.34090 66.11420 67.32050 68.27650
-9999 68.60760 68.23600 67.94510 67.80600 68.04290 68.17450 68.94010 68.65890 68.24000 68.35930 68.48860 68.49250 68.42480 68.37430 68.06930 68.34050 68.13250 68.14440 67.77410 68.01680 68.04880 73.93960 78.15160 79.00480 78.77630 78.68470 78.68640 78.67240 78.89160 78.75250 78.88920 79.19240 79.52520 78.39360 79.21520 79.35060 79.33400 79.17080 79.08330 79.14740 79.59160 80.02670 73.07770 76.58250 79.15350 79.28320 79.34440 79.31790 77.29180 74.62610 67.74240 64.05230 65.75870 63.58000 65.37240 67.31470 67.79000 64.88830 57.51500 63.62670 64.06900 64.91300 56.30770 64.14960 64.15030 65.44490 63.13310 65.19300 63.95830 65.49820
-9999 -9999 -9999 74.93400 75.25320 75.67330 75.58180 75.80680 75.82710 75.81820 68.50010 69.35050 69.77590 70.10340 69.27700 68.34000 68.77950 69.04580 69.64110 70.48640 74.45690 74.25790 74.94970 79.02120 79.14880 79.00360 79.02330 78.75780 78.75580 79.14110 79.38480 79.62190 78.63080 78.24480 76.44300 75.40620 82.96940 80.11040 78.21790 76.69150 77.08980 76.23010 68.41210 69.26670 72.02560 73.20960 75.47150 78.41720 78.61910 75.71440 68.77080 69.01840 67.39100 67.41470 66.85230 66.99860 65.84920 59.91070 63.12600 57.46590 62.81540 65.13210 62.33030 65.65730 64.10350 65.15510 65.58890 67.21070 66.47200 65.82550 66.07200
-9999 -9999 -9999 -9999 -9999 -9999 75.37220 75.28390 75.01370 70.75260 70.54030 74.79280 74.72520 74.55770 74.52470 70.76430 70.79960 74.55480 74.52920 74.81060 76.40880 78.11210 79.61300 79.33150 79.29810 79.55870 79.33040 77.20620 75.33150 79.12850 79.55810 79.10560 75.88270 67.64510 76.69770 67.02430 72.24350 73.31590 67.68590 67.63990 66.82780 66.92190 67.11520 67.90180 69.10010 68.96800 71.80930 72.63500 74.30400 76.85640 76.53490 77.26610 78.53830 68.86330 69.81410 78.70100 68.71410 68.18120 67.18510 63.10890 59.04840 59.10290 58.61400 57.88440 62.71210 63.78960 64.72090 67.73220 67.76820 67.07630 64.46430
-9999 -9999 -9999 -9999 -9999 -9999 74.57560 74.66060 74.52320 74.76930 74.65610 74.71510 74.77190 74.65860 74.77030 74.74520 75.24540 76.72010 77.80720 79.31920 79.56620 79.62350 79.72940 79.78580 79.72520 79.36910 79.44660 77.58930 69.27240 69.55080 70.21750 69.29950 69.68330 68.38910 69.17550 67.93900 71.25520 70.98640 70.93560 65.26600 68.00570 68.15220 67.27690 67.49410 67.23610 68.01710 68.74760 68.53640 67.52770 70.94230 72.52750 74.99010 76.41380 75.91610 77.06680 78.68240 77.50640 77.16860 74.60490 75.74610 70.30300 69.79020 68.34060 63.75040 65.36200 65.56070 67.50910 68.23430 67.86630 67.94710 66.31670
-9999 -9999 -9999 -9999 -9999 -9999 -9999 -9999 -9999 -9999 74.79660 74.54460 74.53430 74.67520 74.53800 77.35680 79.80450 79.56510 79.86260 79.55450 79.51970 79.68230 79.82310 79.96700 79.92710 79.81350 79.85920 80.20150 78.92210 77.11590 77.42140 75.13360 73.03530 68.45300 68.19870 67.43510 67.36750 66.49660 66.01720 66.43010 73.35560 75.93590 77.31210 75.37780 75.21270 74.36130 74.89340 76.97510 68.36120 68.18690 67.44690 66.57000 66.07470 70.87920 71.97460 71.99790 71.60700 65.68900 66.74490 70.99840 65.68440 73.91960 74.76140 76.30130 75.47000 74.54690 75.28120 70.59960 68.99350 69.38650 68.82720
-9999 -9999 -9999 -9999 -9999 -9999 -9999 -9999 -9999 -9999 75.78960 74.47940 74.58290 74.50390 74.83530 77.65430 80.14970 80.08080 79.98130 79.94630 80.20790 80.31700 80.28670 80.27390 80.19820 79.99830 79.86500 80.05200 80.04950 77.84370 75.54170 75.45910 72.98530 69.71600 74.65410 73.07760 76.37820 78.50250 77.57670 77.91870 79.23230 79.35030 79.24660 79.61250 79.62400 80.01180 80.01680 80.10310 79.89370 70.79180 67.24980 66.68400 66.30770 64.70190 71.57910 66.68480 65.09970 65.46200 64.94390 64.81090 64.61040 64.15270 64.62300 70.74760 73.07070 73.16290 74.97160 78.97090 70.14920 69.77070 70.72310
-9999 -9999 -9999 -9999 -9999 -9999 -9999 -9999 -9999 -9999 -9999 -9999 74.46080 74.52630 74.63900 75.07450 78.46450 79.87350 79.89020 80.32880 80.21520 78.62260 78.07340 76.13610 80.22330 79.86230 79.78110 80.06900 79.95790 79.65460 77.04340 77.62190 77.63960 79.10270 79.41370 79.13570 78.77830 78.82720 78.57490 79.06940 79.36080 79.52380 79.81210 79.83140 79.80520 79.66990 79.82360 79.85730 79.88130 78.97260 75.17320 72.45590 65.84590 73.36290 72.47140 63.09660 61.80350 64.68330 64.53840 64.31060 63.80300 63.81520 63.86680 70.66820 65.27310 66.32610 72.45090 78.75330 77.19800 71.43900 69.72570
-9999 -9999 -9999 -9999 -9999 -9999 -9999 -9999 -9999 -9999 -9999 -9999 74.40930 74.64310 74.70700 74.89520 74.90710 75.10380 77.83350 78.62570 75.03460 73.61920 81.44130 75.03640 80.02390 79.76060 79.85550 80.16780 79.91750 80.07840 79.98430 79.88510 79.94140 79.81970 79.51720 79.40410 79.04090 79.50310 78.98000 79.25250 79.58260 79.65830 79.83800 79.87590 79.88730 77.46080 76.61280 73.52330 68.26280 68.00390 73.98820 73.59170 74.22080 73.80620 72.31470 62.56540 63.42080 65.30060 64.97920 64.06600 63.74150 64.12960 66.49160 65.18100 66.69660 71.57920 74.06360 73.91440 71.06230 71.26900 69.24060
-9999 -9999 -9999 -9999 -9999 -9999 -9999 -9999 -9999 -9999 -9999 74.69600 74.34300 74.53620 74.72520 74.82970 70.97790 69.54970 71.17970 69.80680 72.13990 73.53140 74.65600 77.91590 80.05890 79.41470 79.63010 80.06060 79.91580 80.12550 80.12580 80.06660 80.10360 79.92230 79.74560 79.41990 79.48780 79.69290 79.61830 79.44280 79.57040 79.54750 79.69930 80.01440 79.81690 79.86300 77.51340 74.30650 72.33160 68.25510 68.56660 67.61230 66.43520 64.55890 62.41040 64.43660 65.51500 66.69700 65.80040 65.25250 67.22300 68.60660 69.52520 68.45300 68.29320 69.43950 70.76890 70.59120 70.89500 69.63910 67.89410
-9999 -9999 -9999 -9999 -9999 -9999 -9999 -9999 -9999 -9999 -9999 71.41880 74.73980 74.80020 75.06140 75.09180 71.91430 71.64860 70.37130 73.11180 73.80150 74.90430 78.29000 79.02720 79.07810 78.17060 80.14740 80.09840 79.99430 80.31260 80.23520 79.82840 79.98630 79.85610 80.05880 80.03650 80.10710 80.27420 80.22060 80.00510 79.92530 79.65570 77.54620 76.38870 75.48650 73.06200 73.31980 68.90060 70.27110 69.61970 70.36470 70.75870 69.99870 69.55530 69.81590 70.76250 70.47610 69.45390 69.80010 69.74300 68.44790 71.19860 70.60870 67.13610 66.85500 72.78180 70.67110 71.18700 71.32340 71.81880 71.05890
