data/hydroclimate-scenarios/1948-2000.Pcorr55N_Pref_Tref/monthly_summaries/soilm1_monthly_day1_jun.1950-2000.asc
ncols	311
nrows	91
xllcenter	102.75
yllcenter	31.75
cellsize	0.5
NODATA_value	-9999
[rows 0 to 31 of 91, columns 0 to 70 of 311]
-9999 -9999 -9999 -9999 -9999 -9999 -9999 -9999 -9999 -9999 -9999 -9999 -9999 -9999 -9999 -9999 -9999 -9999 -9999 -9999 -9999 -9999 -9999 -9999 -9999 -9999 -9999 -9999 -9999 -9999 -9999 -9999 -9999 -9999 -9999 -9999 -9999 -9999 -9999 -9999 -9999 -9999 -9999 -9999 -9999 -9999 -9999 -9999 -9999 -9999 -9999 -9999 -9999 -9999 -9999 -9999 -9999 -9999 -9999 -9999 -9999 -9999 -9999 -9999 -9999 -9999 -9999 -9999 -9999 -9999 -9999
-9999 -9999 -9999 -9999 -9999 -9999 -9999 -9999 -9999 -9999 -9999 -9999 -9999 -9999 -9999 -9999 -9999 -9999 -9999 -9999 -9999 -9999 -9999 -9999 -9999 -9999 -9999 -9999 -9999 -9999 -9999 -9999 -9999 -9999 -9999 -9999 -9999 -9999 -9999 -9999 -9999 -9999 -9999 -9999 -9999 -9999 -9999 -9999 -9999 -9999 -9999 -9999 -9999 -9999 -9999 -9999 -9999 -9999 -9999 -9999 -9999 -9999 -9999 -9999 -9999 -9999 -9999 -9999 -9999 -9999 -9999
-9999 -9999 -9999 -9999 -9999 -9999 -9999 -9999 -9999 -9999 -9999 -9999 -9999 -9999 -9999 -9999 -9999 -9999 -9999 -9999 -9999 -9999 -9999 -9999 -9999 -9999 -9999 -9999 -9999 -9999 -9999 -9999 -9999 -9999 -9999 -9999 -9999 -9999 -9999 -9999 -9999 -9999 -9999 -9999 -9999 -9999 -9999 -9999 -9999 -9999 -9999 -9999 -9999 -9999 -9999 -9999 -9999 -9999 -9999 -9999 -9999 -9999 -9999 -9999 -9999 -9999 -9999 -9999 -9999 -9999 -9999
-9999 -9999 -9999 -9999 -9999 -9999 -9999 -9999 -9999 -9999 -9999 -9999 -9999 -9999 -9999 -9999 -9999 -9999 -9999 -9999 -9999 -9999 -9999 -9999 -9999 -9999 -9999 -9999 -9999 -9999 -9999 -9999 -9999 -9999 -9999 -9999 -9999 -9999 -9999 -9999 -9999 -9999 -9999 -9999 -9999 -9999 -9999 -9999 -9999 -9999 -9999 -9999 -9999 -9999 -9999 -9999 -9999 -9999 -9999 -9999 -9999 -9999 -9999 -9999 -9999 -9999 -9999 -9999 -9999 -9999 -9999
-9999 -9999 -9999 -9999 -9999 -9999 -9999 -9999 -9999 -9999 -9999 -9999 -9999 -9999 -9999 -9999 -9999 -9999 -9999 -9999 -9999 -9999 -9999 -9999 -9999 -9999 -9999 -9999 -9999 -9999 -9999 -9999 -9999 -9999 -9999 -9999 -9999 -9999 -9999 -9999 -9999 -9999 -9999 -9999 -9999 -9999 -9999 -9999 -9999 -9999 -9999 -9999 -9999 -9999 -9999 -9999 -9999 -9999 -9999 -9999 -9999 -9999 -9999 -9999 -9999 -9999 -9999 -9999 -9999 -9999 -9999
-9999 -9999 -9999 -9999 -9999 -9999 -9999 -9999 -9999 -9999 -9999 -9999 -9999 -9999 -9999 -9999 -9999 -9999 -9999 -9999 -9999 -9999 -9999 -9999 -9999 -9999 -9999 -9999 -9999 -9999 -9999 -9999 -9999 -9999 -9999 -9999 -9999 -9999 -9999 -9999 -9999 -9999 -9999 -9999 -9999 -9999 -9999 -9999 -9999 -9999 -9999 -9999 -9999 -9999 -9999 -9999 -9999 -9999 -9999 -9999 -9999 -9999 -9999 -9999 -9999 -9999 -9999 -9999 -9999 -9999 -9999
-9999 -9999 -9999 -9999 -9999 -9999 -9999 -9999 -9999 -9999 -9999 -9999 -9999 -9999 -9999 -9999 -9999 -9999 -9999 -9999 -9999 -9999 -9999 -9999 -9999 -9999 -9999 -9999 -9999 -9999 -9999 -9999 -9999 -9999 -9999 -9999 -9999 -9999 -9999 -9999 -9999 -9999 -9999 -9999 -9999 -9999 -9999 -9999 -9999 -9999 -9999 -9999 -9999 -9999 -9999 -9999 -9999 -9999 -9999 -9999 -9999 -9999 -9999 -9999 -9999 -9999 -9999 -9999 -9999 -9999 -9999
-9999 -9999 -9999 -9999 -9999 -9999 -9999 -9999 -9999 -9999 -9999 -9999 -9999 -9999 -9999 -9999 -9999 -9999 -9999 -9999 -9999 -9999 -9999 -9999 -9999 -9999 -9999 -9999 -9999 -9999 -9999 -9999 -9999 -9999 -9999 -9999 -9999 -9999 -9999 -9999 -9999 -9999 92.29820 96.30940 94.62720 95.04350 94.41500 95.84780 95.15270 95.21850 94.43290 96.70270 -9999 -9999 -9999 -9999 -9999 -9999 -9999 -9999 -9999 -9999 -9999 -9999 -9999 -9999 -9999 -9999 -9999 -9999 -9999
-9999 -9999 -9999 -9999 -9999 -9999 -9999 -9999 -9999 -9999 -9999 -9999 -9999 -9999 -9999 -9999 -9999 -9999 -9999 -9999 -9999 -9999 -9999 -9999 -9999 -9999 -9999 -9999 -9999 -9999 -9999 -9999 -9999 -9999 -9999 -9999 -9999 -9999 94.99100 92.41920 92.35010 90.14930 90.77190 95.15220 93.59940 96.37640 95.93880 97.22640 94.68400 91.69130 89.38970 100.16600 102.24700 91.19400 -9999 -9999 -9999 -9999 -9999 -9999 -9999 -9999 -9999 -9999 -9999 -9999 -9999 -9999 -9999 -9999 -9999
-9999 -9999 -9999 -9999 -9999 -9999 -9999 -9999 -9999 -9999 -9999 -9999 -9999 -9999 -9999 -9999 -9999 -9999 -9999 -9999 -9999 -9999 -9999 -9999 -9999 -9999 -9999 -9999 -9999 -9999 -9999 -9999 -9999 -9999 -9999 -9999 -9999 -9999 -9999 -9999 93.13350 92.14490 92.11680 94.30990 93.99300 92.32500 92.75440 91.27590 96.89380 97.80760 96.83270 91.91700 87.44340 77.06480 -9999 -9999 -9999 -9999 -9999 -9999 -9999 -9999 -9999 -9999 -9999 -9999 -9999 -9999 -9999 -9999 -9999
-9999 -9999 -9999 -9999 -9999 -9999 -9999 -9999 -9999 -9999 -9999 -9999 -9999 -9999 -9999 -9999 -9999 -9999 -9999 -9999 -9999 -9999 -9999 -9999 -9999 -9999 -9999 -9999 -9999 -9999 -9999 -9999 -9999 -9999 -9999 -9999 -9999 -9999 -9999 -9999 -9999 -9999 -9999 -9999 91.92540 94.97310 94.74130 92.55720 93.00920 98.90050 95.52080 93.35810 83.74070 77.59510 -9999 -9999 -9999 -9999 -9999 -9999 82.10460 -9999 -9999 -9999 -9999 -9999 -9999 -9999 -9999 -9999 -9999
-9999 -9999 -9999 -9999 -9999 -9999 -9999 -9999 -9999 -9999 -9999 -9999 -9999 -9999 -9999 -9999 -9999 -9999 -9999 -9999 -9999 -9999 -9999 -9999 -9999 -9999 -9999 -9999 -9999 -9999 -9999 -9999 -9999 -9999 -9999 -9999 -9999 -9999 -9999 -9999 -9999 97.49090 97.27080 92.72730 92.41770 96.41700 96.27540 97.52420 98.18630 98.73820 98.13060 90.82870 81.64020 83.33000 -9999 -9999 -9999 -9999 -9999 78.93440 78.63720 77.94670 77.26460 75.74540 75.02840 74.22090 74.13480 75.87810 75.72370 76.16180 77.16010
-9999 -9999 -9999 -9999 -9999 -9999 -9999 -9999 -9999 -9999 -9999 -9999 -9999 -9999 -9999 -9999 -9999 -9999 -9999 -9999 -9999 -9999 -9999 -9999 -9999 -9999 -9999 -9999 -9999 -9999 -9999 -9999 -9999 -9999 -9999 -9999 -9999 -9999 -9999 -9999 -9999 95.01730 94.68440 95.72330 97.11510 97.78900 100.08300 98.76910 97.63650 98.75530 98.12190 93.66560 86.83510 86.18910 83.80610 81.57790 80.51980 -9999 75.98510 76.52200 75.31270 74.11910 74.96670 75.22750 74.51950 72.58050 71.73350 73.34660 72.80520 74.80730 75.42760
-9999 -9999 -9999 -9999 -9999 -9999 -9999 -9999 -9999 -9999 -9999 -9999 -9999 -9999 -9999 -9999 -9999 -9999 -9999 -9999 -9999 -9999 -9999 -9999 -9999 -9999 -9999 -9999 -9999 -9999 -9999 -9999 -9999 -9999 -9999 96.21250 94.99010 95.66260 95.88300 90.93870 90.62230 90.58990 91.28510 95.50070 97.57150 100.01000 97.92680 97.18720 98.79910 99.15010 96.10400 97.18750 92.53050 90.31690 84.90890 82.96550 84.01280 82.30870 74.18740 73.57070 74.28220 75.89860 73.18680 76.68990 77.82310 71.45410 72.55730 76.22490 72.25310 69.01890 69.90800
-9999 -9999 -9999 -9999 -9999 -9999 -9999 -9999 -9999 -9999 -9999 -9999 -9999 -9999 -9999 -9999 -9999 -9999 -9999 -9999 -9999 -9999 -9999 -9999 -9999 -9999 -9999 -9999 -9999 -9999 -9999 -9999 -9999 -9999 94.50880 93.77360 93.89050 92.92300 91.23590 91.32740 91.85870 90.83930 91.29810 92.55030 91.42670 92.09460 91.89520 95.67510 98.12740 97.48740 88.96780 91.42150 88.81220 86.43700 85.68140 88.26970 86.11030 77.55860 70.65520 70.03680 70.90300 70.54520 73.93010 75.76070 69.51580 71.52510 74.45110 76.62780 79.42470 75.40620 78.19560
-9999 -9999 -9999 -9999 -9999 -9999 -9999 -9999 -9999 -9999 -9999 -9999 -9999 -9999 -9999 -9999 -9999 -9999 -9999 -9999 -9999 -9999 -9999 -9999 -9999 -9999 -9999 -9999 -9999 -9999 -9999 -9999 -9999 94.26160 94.57130 93.80130 93.95090 91.15750 90.20680 89.03950 90.07770 90.30920 92.31910 92.75480 88.28720 90.82740 92.70680 95.13930 95.39150 95.23340 91.77670 87.90350 86.58120 84.49580 84.30770 84.53080 83.36740 79.09230 72.27310 69.79290 73.28260 68.72110 67.50210 65.19490 66.10290 71.17740 75.73780 77.15250 78.44210 77.02750 82.48000
-9999 -9999 -9999 -9999 -9999 -9999 -9999 -9999 -9999 -9999 -9999 -9999 -9999 -9999 -9999 -9999 -9999 -9999 -9999 -9999 -9999 -9999 -9999 -9999 -9999 -9999 -9999 -9999 -9999 -9999 -9999 92.62580 91.70170 90.03900 90.26810 91.38670 90.47720 90.23720 89.93460 89.78810 90.37360 90.07250 93.64960 89.20110 87.53540 89.46490 91.04970 94.15970 92.80290 88.75940 84.71880 79.18950 78.13850 80.09220 86.78310 80.66890 78.22480 74.75640 78.01960 73.07030 68.15660 65.57730 66.81010 64.27340 65.94120 69.83430 72.07370 72.51540 74.87990 80.40400 81.82560
-9999 -9999 -9999 -9999 -9999 -9999 -9999 -9999 -9999 -9999 -9999 -9999 -9999 -9999 -9999 -9999 -9999 -9999 -9999 -9999 -9999 -9999 -9999 -9999 -9999 -9999 -9999 -9999 -9999 86.97280 87.66080 89.97470 89.57030 88.12120 87.70600 87.17830 88.18060 92.14330 90.09510 88.55410 89.67440 90.77070 88.40710 85.61400 85.86930 87.97200 88.64650 94.79990 89.51370 87.52370 83.25180 81.55720 79.97430 81.75460 86.77270 86.33410 82.88080 80.84120 77.27610 70.33780 66.77110 67.75360 67.39670 68.01860 66.17620 68.49490 71.74520 73.93090 75.19830 74.89220 75.42150
-9999 -9999 -9999 -9999 -9999 -9999 -9999 -9999 -9999 -9999 -9999 -9999 -9999 -9999 -9999 -9999 -9999 -9999 -9999 -9999 -9999 -9999 -9999 -9999 92.32700 89.87560 87.31640 86.42100 85.90770 85.12370 87.28160 85.05140 86.92570 86.13420 85.77380 85.75660 89.68420 92.02660 92.07390 88.03040 88.63190 86.34870 81.62150 82.89750 83.43560 84.75990 84.67920 90.75080 92.81910 90.46820 88.70530 85.46180 81.71060 86.67970 87.48040 85.05790 80.16180 77.53390 76.99430 70.31350 65.47020 64.66490 65.61350 66.45680 67.16770 71.03850 69.60540 70.53950 71.35290 73.18090 80.96620
-9999 -9999 -9999 -9999 -9999 -9999 93.08880 93.53180 93.18500 93.62100 94.32590 -9999 -9999 -9999 -9999 -9999 -9999 -9999 -9999 -9999 -9999 92.12680 90.93080 92.18630 92.57140 89.58680 87.01060 86.45730 86.93650 86.21910 85.33960 86.71840 86.80340 85.03040 85.17350 84.14050 86.25460 89.95260 92.65540 82.79500 84.25970 87.14440 86.53840 81.90620 81.71380 82.99310 82.86970 89.67190 92.77210 89.89780 86.58760 83.03580 83.91070 92.66420 86.54630 81.46540 79.78960 76.96510 70.38890 66.42440 65.47490 64.25540 67.72070 68.86990 70.51110 67.31550 64.87620 72.16240 73.56190 73.23340 71.50480
-9999 -9999 -9999 -9999 -9999 93.71420 93.23660 89.87690 91.76730 93.71400 93.96210 94.83760 95.19790 95.50020 -9999 -9999 -9999 93.37630 93.70110 93.52660 92.51660 90.86180 90.26550 88.60480 93.11200 95.97240 94.68360 92.96060 94.17160 93.36010 94.66360 96.35760 95.68120 95.90450 92.41210 92.68420 97.23840 97.43370 93.52770 88.56860 89.42330 93.97240 90.62220 90.35890 92.54040 90.07060 91.52140 94.89430 93.78880 87.84790 87.01790 83.32060 86.20400 82.09640 78.44240 77.79680 80.68900 76.69410 70.59180 67.35040 66.40930 71.15930 63.75440 68.75950 70.06820 77.73990 78.72230 79.42430 77.29770 79.60820 76.40040
-9999 93.05740 93.18900 94.22720 92.60980 92.31990 94.22790 91.94070 91.92640 93.10260 93.51850 95.59090 95.86060 96.17990 94.68370 93.93010 92.16820 92.56600 93.38470 92.20790 90.44260 89.56040 89.76310 95.77510 96.36670 100.18500 100.37500 98.79400 98.76800 95.98990 95.20370 94.90960 92.08380 94.27470 97.14790 96.59870 96.91720 94.52490 89.65560 87.98820 89.58530 92.93650 94.58240 86.24480 96.39440 95.34870 92.51110 93.12710 90.16170 89.23110 92.05410 91.63900 89.41740 81.14220 83.85450 83.30010 80.94570 73.36630 74.08060 68.32090 68.71210 68.17950 73.97250 73.61370 76.64680 76.18620 77.42400 78.95410 77.44190 82.46790 87.31100
-9999 94.25530 94.06460 94.20020 94.62590 95.09490 94.58730 96.09910 94.93460 95.36670 96.45670 94.93220 95.17940 95.48150 94.70490 93.96440 95.02910 93.32570 92.72800 92.30150 91.84740 91.89700 94.70530 97.49040 97.04920 96.49400 95.92350 95.76910 96.75140 95.94620 92.89260 92.61390 94.09160 93.88280 92.40700 92.51970 94.95170 92.81060 90.40900 87.60270 88.69840 91.95190 96.26350 84.79570 87.28810 88.72350 90.40040 91.73620 94.26420 94.78400 91.43490 88.61580 82.57060 86.03370 82.43520 79.64880 78.67400 77.17980 71.37500 66.28750 69.16540 70.79550 73.17190 67.68090 74.88850 75.30320 78.56820 73.79720 76.80090 75.71000 78.58870
-9999 -9999 -9999 99.21730 99.70170 100.78800 100.19200 100.93700 100.19800 101.17700 97.59030 98.30030 98.30850 97.25580 94.74880 94.23810 96.40570 95.53420 95.95950 96.08450 96.75790 96.54170 97.46990 100.01700 98.09550 97.04320 96.08990 93.45240 92.39100 93.30780 94.02830 93.91880 91.98320 90.29220 88.46750 86.58160 94.86810 93.21300 90.62700 87.01320 82.28280 80.99250 81.01850 80.80610 80.40870 79.22600 86.03490 90.05200 90.25400 87.65490 86.73340 89.16320 87.27260 87.82910 85.42180 83.13700 77.07390 71.14750 72.42500 67.47000 67.93210 74.54750 71.20500 77.82520 75.15390 76.10210 76.31880 79.91300 80.96710 80.30230 81.04240
-9999 -9999 -9999 -9999 -9999 -9999 100.83400 101.97600 101.42600 100.33300 100.43800 101.91900 100.36500 99.86700 97.59390 98.74440 98.03250 97.77280 94.52640 94.05650 99.05430 100.72400 101.41200 99.12250 97.43570 99.50990 96.72850 91.58130 88.25650 90.59590 90.15610 88.32670 86.19140 78.82930 85.42220 77.18540 80.93120 83.72410 79.97730 81.01870 77.86150 75.34080 75.86640 74.81300 78.60610 78.06870 79.65120 84.39170 85.59140 88.88910 93.37140 96.65020 98.34560 84.85070 87.80760 93.75370 82.26520 83.22980 82.68690 74.94290 73.98200 74.73510 74.00700 72.65100 74.09830 76.83570 75.12160 80.93550 83.13850 82.37590 79.59780
-9999 -9999 -9999 -9999 -9999 -9999 99.26680 99.80080 96.86210 101.63800 100.28200 99.46750 99.76610 99.01590 99.51480 98.87640 99.75760 99.93160 100.81600 101.77000 101.85300 99.99800 101.21900 101.19100 99.79310 96.40890 93.37110 91.08240 81.43340 80.55150 81.85740 79.51860 79.24030 76.89060 78.52050 76.43040 75.77610 75.46900 74.03580 70.84800 77.59130 75.78630 74.60720 73.28000 71.81690 73.35320 75.83090 75.08340 74.20590 79.41140 82.33410 83.48710 86.84820 87.11700 87.97870 86.01090 85.26230 87.88730 84.21530 86.15300 87.13060 86.53330 84.73100 76.68500 78.60700 76.84650 79.70380 80.00730 79.43210 81.32920 81.47090
-9999 -9999 -9999 -9999 -9999 -9999 -9999 -9999 -9999 -9999 93.97680 99.40870 98.92760 94.63000 92.77230 98.44890 102.41500 103.10000 103.19200 97.93430 96.57590 92.93950 95.33450 98.80740 97.92210 99.30640 97.64960 93.34390 89.30670 86.54410 86.17690 83.82670 81.36000 76.18260 76.29140 72.74260 73.36020 72.20830 70.19380 69.39030 76.82160 81.08980 83.17240 79.53280 77.52750 76.73310 78.00670 80.48540 73.77520 72.86670 71.39300 69.79420 69.86330 72.10130 72.27550 72.38680 71.06780 62.55780 66.99820 73.78080 68.72590 76.77830 78.62450 82.94230 84.23820 80.69150 82.67310 80.57210 79.77700 79.32070 81.55550
-9999 -9999 -9999 -9999 -9999 -9999 -9999 -9999 -9999 -9999 88.15830 89.40370 95.61250 88.99920 93.53100 100.37500 104.02400 104.07900 103.19900 101.90300 102.78600 99.48330 98.07100 99.79150 98.26730 96.24570 93.16890 90.67520 89.12210 85.41680 82.87870 82.48240 80.48840 76.99060 81.44200 78.20330 79.95200 81.45110 79.04370 78.69040 80.85870 84.11920 82.76460 80.49060 81.10930 83.24880 83.08040 86.06690 86.11850 75.68560 69.14070 68.68970 67.99510 64.42880 69.48980 64.99590 61.31550 62.01410 59.32230 62.45610 62.27050 61.36900 61.91650 71.47510 72.47370 72.79490 75.63670 80.86460 75.88160 79.47460 82.47090
-9999 -9999 -9999 -9999 -9999 -9999 -9999 -9999 -9999 -9999 -9999 -9999 85.24180 86.66850 88.86430 90.03430 96.08150 94.31730 97.81830 98.90720 96.50720 95.52050 94.85540 91.98900 92.89090 90.63840 89.93290 89.41370 88.00560 84.88000 81.38980 83.88120 83.59370 85.83840 85.84600 84.96630 83.33440 83.14840 80.65370 81.94510 82.62150 83.15010 83.80540 81.93800 81.08900 80.13380 81.15650 83.13410 83.76560 82.87450 75.55270 73.64710 67.40390 71.46910 67.30520 56.60550 54.09060 60.71300 60.43510 61.07970 60.33250 60.09100 59.72290 70.24600 64.52750 67.19850 73.94990 78.71620 79.67410 78.71470 82.90970
-9999 -9999 -9999 -9999 -9999 -9999 -9999 -9999 -9999 -9999 -9999 -9999 81.54530 84.43570 86.40030 89.92280 88.96170 90.43270 96.34390 95.00740 92.30250 93.50800 97.40730 87.23550 91.30900 89.89290 88.77380 87.81360 86.73270 84.29500 83.15870 85.78910 85.44240 85.54320 84.96780 83.82140 82.97700 85.65180 82.54360 82.53190 82.18290 81.44760 81.52250 80.37710 81.32300 78.44940 76.89180 76.46280 69.72460 70.16540 76.49790 72.87610 71.54050 70.45280 67.64280 55.16810 56.51130 61.36220 60.32900 59.59660 57.45840 57.91090 64.38700 63.02780 65.70720 72.93370 75.36280 76.31940 76.51900 83.30320 82.47840
-9999 -9999 -9999 -9999 -9999 -9999 -9999 -9999 -9999 -9999 -9999 83.12420 80.78320 80.25610 82.47860 90.94170 88.08500 87.85290 91.85910 85.58310 88.22850 95.90380 92.39270 93.55390 93.73280 86.08320 88.92130 87.98370 85.42810 84.59980 83.34560 85.23400 85.09100 83.44280 82.40270 79.21900 80.57740 82.81470 83.89960 85.17120 85.55210 85.03110 85.41260 84.04390 81.13450 80.01820 76.56390 74.48920 74.34740 69.98990 70.41980 69.51860 67.58300 60.66250 53.55310 58.15880 60.87150 64.18660 62.24540 59.96180 64.13130 68.80070 69.79200 69.65250 69.13610 69.85330 72.89890 74.97390 79.02300 82.32880 84.67460
-9999 -9999 -9999 -9999 -9999 -9999 -9999 -9999 -9999 -9999 -9999 81.67410 82.69970 81.78600 82.95130 87.80230 88.04640 88.82630 85.99280 91.14560 92.98290 92.52260 94.74970 92.80250 91.35830 86.53450 89.84890 86.53180 84.37180 86.30390 85.27350 83.93570 84.08900 81.66470 83.64060 82.75810 82.18320 85.54100 87.08690 85.91940 85.13280 85.53480 81.08250 78.68750 77.52680 74.31270 73.96600 68.26830 70.43380 68.16600 70.74480 71.90990 70.46130 67.99970 69.27140 71.20820 71.64220 68.71160 70.06780 67.92850 64.84170 72.99150 72.11430 64.00480 64.85890 72.49570 72.10750 74.68810 79.31730 86.51810 86.71850
