data/hydroclimate-scenarios/1948-2000.Pcorr55N_Pref_Tref/monthly_summaries/soilm3_monthly_day1_jun.1950-2000.asc
ncols	311
nrows	91
xllcenter	102.75
yllcenter	31.75
cellsize	0.5
NODATA_value	-9999
[rows 32 to 63 of 91, columns 0 to 70 of 311]
-9999 -9999 -9999 -9999 -9999 -9999 -9999 -9999 -9999 -9999 -9999 29.28120 30.23810 31.79630 32.15150 31.98780 33.53020 33.66370 34.66560 35.60400 37.32940 34.27100 31.29550 30.17960 28.73620 27.98220 27.49260 25.43490 23.68230 20.46360 20.27950 19.91400 19.79830 19.90820 21.16250 21.65180 23.29130 24.22350 25.79790 26.23160 26.52490 26.66860 26.81440 27.43580 27.12900 26.81310 27.24790 26.66550 26.72150 26.21460 26.00740 26.74260 26.45370 26.63480 25.85760 25.69720 25.47620 25.25970 25.47090 25.30790 25.27060 25.23960 25.17150 24.30090 23.77050 25.64520 26.73780 28.54690 30.51820 31.66920 30.78680
-9999 -9999 -9999 -9999 -9999 -9999 -9999 -9999 -9999 -9999 -9999 31.83420 32.51970 31.74230 32.60510 31.69670 32.18600 33.59500 34.16510 34.19270 34.27560 32.55580 30.67440 29.79000 29.80410 29.83460 30.06870 26.77190 24.99460 23.41820 21.84900 21.03700 22.94420 24.42470 25.27620 24.90060 25.14390 25.45690 25.83260 27.47000 26.88170 29.18190 27.98750 28.32140 29.39110 29.42630 29.80860 27.51020 27.32400 26.81220 26.47950 26.93270 26.52310 26.31680 25.63300 25.61530 25.60690 25.59930 25.49160 25.45830 25.47250 24.59590 24.16410 25.42070 25.06910 26.71350 27.38190 28.34530 29.61470 31.64560 30.80890
-9999 -9999 -9999 -9999 -9999 -9999 -9999 -9999 -9999 -9999 -9999 -9999 28.89450 28.34130 28.72050 29.76230 30.65220 30.85840 31.01780 30.54780 31.14350 30.47660 32.89060 32.60310 32.54680 34.69260 32.14520 29.74790 25.97030 24.53570 24.44670 24.21260 24.84300 24.82160 24.67230 24.75540 24.69980 25.59880 26.21690 26.52000 27.53930 28.67630 29.73100 28.26800 29.15030 29.97760 29.15640 26.96010 26.88830 26.52190 25.79390 25.78970 25.65330 25.24760 25.01420 25.47530 25.41710 25.10370 24.46600 24.45740 24.15740 24.28080 24.62850 26.39280 26.44990 26.69600 27.63190 30.19540 32.72440 33.71290 31.68740
-9999 -9999 -9999 -9999 -9999 -9999 -9999 -9999 -9999 -9999 -9999 -9999 26.78640 26.78100 28.05420 28.29800 27.63650 28.38050 29.07190 29.57590 30.19280 34.42200 34.28630 33.64250 33.85340 30.80810 27.70330 28.28270 25.88080 25.47170 24.94960 25.53010 24.26400 23.54510 23.53630 23.44810 23.79470 24.58730 24.94310 25.27190 26.63520 28.28280 28.61830 29.52950 28.67320 29.01690 28.53760 26.86250 26.19950 26.64190 26.12990 24.80470 24.84270 25.03290 24.83950 25.18730 23.11560 24.05650 24.60720 24.65030 24.44220 25.34720 26.23980 28.40710 28.09860 26.59930 28.77840 29.97250 32.15570 33.94470 36.42490
-9999 -9999 -9999 -9999 -9999 -9999 -9999 -9999 -9999 -9999 -9999 -9999 26.49650 25.43290 25.54950 26.02850 26.70720 26.82940 29.11850 32.38940 33.75480 34.83340 33.59040 32.45500 30.18550 29.50160 27.48960 25.45100 25.55700 24.33810 23.67910 23.40130 23.23860 23.45840 23.22080 23.34210 23.38470 23.80350 23.86480 24.63890 26.96710 30.31660 29.48190 29.81660 29.84270 32.42990 32.27490 29.85650 28.56150 26.00470 25.20050 24.87050 23.94130 24.09380 23.85910 24.58580 24.24570 24.31110 24.52160 25.56400 25.09690 26.30440 26.01040 26.55430 28.22230 28.92390 30.38100 30.41130 34.01870 35.57420 37.23890
-9999 -9999 -9999 27.71410 27.28360 26.98120 26.55890 26.71700 27.18370 -9999 27.29300 26.09870 25.02820 24.28110 24.42050 24.81070 25.36340 25.27520 28.50670 30.46850 31.52140 31.10440 29.84030 28.96200 28.75260 27.13650 25.45330 25.63350 25.25640 25.41810 23.80390 22.97900 23.16140 24.25220 23.54040 22.89390 23.86170 24.24510 24.24280 24.44360 25.28640 28.10780 28.19020 28.99800 31.53880 34.92990 37.76250 28.18240 27.40060 27.09870 26.63790 26.27640 26.06480 26.98950 25.70380 28.14210 28.71590 25.00560 26.82520 25.40430 25.80240 26.41240 26.57480 29.72130 28.50600 29.21000 31.78390 33.70070 36.12400 37.57620 40.20690
-9999 -9999 -9999 26.22040 26.16850 26.28000 26.86980 25.69530 25.75160 26.89200 25.94780 24.24210 24.37700 24.33350 25.40230 26.18630 27.72120 25.97390 26.04640 26.15010 26.11610 27.86560 26.03260 25.41580 26.35530 25.76260 25.42090 24.74400 24.70280 25.55410 23.57180 23.95960 23.58750 23.89530 23.96130 24.20260 23.96510 25.68250 24.64780 27.22200 27.81840 27.10680 27.89810 31.36570 33.18840 34.96080 34.75220 26.82110 28.70760 28.26130 27.98290 26.78480 27.67880 27.32770 25.19390 26.97230 25.46380 25.58610 27.10450 29.93830 28.92260 29.87990 30.98910 32.39070 33.92450 30.54150 32.64240 33.52480 37.77150 40.72590 44.18380
-9999 -9999 -9999 24.13950 24.51850 25.08830 26.98680 25.55810 24.79900 24.54780 24.85440 24.03930 24.43540 25.21850 26.48540 25.32940 27.96420 26.74560 24.90440 24.57910 25.35320 26.64120 25.57860 26.91000 26.77950 25.73730 25.10290 24.72110 24.44390 25.57210 26.37430 25.31490 24.37600 23.86320 24.39160 24.06020 23.88370 24.15660 24.29500 25.38400 26.18610 26.95630 28.01800 29.90360 29.27820 30.64120 31.43850 28.52860 27.75640 28.96920 29.59950 26.08890 26.04180 25.96870 25.12830 25.88480 25.42130 25.57730 26.89550 30.14870 29.01050 29.36080 28.98840 32.82440 33.87400 36.00520 36.71480 38.75280 45.65710 44.89350 45.41870
-9999 -9999 -9999 23.99840 23.62560 25.10040 26.03390 25.39650 24.99070 24.82760 24.45890 23.24860 24.51150 25.84170 25.56680 25.64940 25.65550 23.65380 22.99190 22.30030 25.69250 26.65090 26.75300 23.69010 23.19500 25.42540 24.28980 23.57660 24.82550 26.46600 25.40440 23.32200 24.55860 25.28020 25.41450 25.31860 23.82060 23.17710 24.19560 24.28090 24.80910 28.74400 32.39620 32.58320 27.46730 32.35430 34.27730 27.45210 29.34860 27.32410 28.61700 27.06740 26.82190 27.03660 26.03640 26.37650 26.06930 27.35690 28.26630 33.47250 37.92590 33.34690 33.01120 35.11650 39.21370 42.69260 45.01900 43.99630 45.76660 43.07660 46.94130
-9999 -9999 -9999 23.02440 23.19440 24.53170 24.92520 24.41260 25.07630 24.48560 23.71690 24.07410 24.84170 26.06180 23.12900 22.45340 23.72990 24.70500 24.49220 23.52980 24.88780 21.98990 21.81270 24.57620 24.23820 23.79150 22.92470 22.88400 23.86170 24.91940 24.94750 24.26010 24.55350 23.85460 23.37930 23.75570 23.79480 23.12430 23.14160 23.75640 25.04950 27.03550 28.12550 27.73480 27.42920 27.84050 28.31030 26.40600 26.84200 26.91870 26.98590 24.80700 25.90300 26.99470 24.69600 28.37210 25.59420 25.53820 26.77080 35.85950 35.75980 34.50650 34.27130 42.90780 46.28530 41.87220 46.04880 49.45840 49.41670 46.51760 48.14280
-9999 -9999 -9999 -9999 23.29100 23.83920 23.67880 23.96010 24.02730 23.71370 23.13630 23.09390 25.49940 25.05480 -9999 -9999 -9999 -9999 -9999 23.26530 20.87500 19.99040 20.41230 24.77750 22.87700 22.87670 22.12550 22.34840 23.01440 22.85680 23.07920 23.30920 23.38850 22.80690 23.00600 22.95950 23.33040 22.67360 22.70020 23.22020 23.28570 23.87930 24.09220 24.29980 24.32650 24.42600 25.31960 27.03950 25.85790 21.93230 25.33180 25.55610 24.45880 25.64020 25.65080 28.16370 28.95700 28.49360 28.93080 28.92600 30.87070 33.05160 33.22780 34.18110 35.64810 37.59690 37.83280 34.50720 32.93150 -9999 -9999
-9999 -9999 22.73530 23.22570 23.40000 23.34380 23.48680 24.19690 23.43080 23.39010 23.06680 23.00210 25.30110 -9999 -9999 -9999 -9999 -9999 24.28440 20.20670 20.94080 22.82540 22.78220 23.27350 20.57230 18.93310 19.02530 22.55150 22.57950 22.46850 22.67060 22.66730 22.95510 22.89180 22.56390 23.06180 23.16010 22.84160 22.62900 22.64080 22.76730 22.80860 23.05930 22.81610 22.70320 22.84840 23.22570 23.35030 22.79710 18.75340 18.83900 19.11050 19.64390 19.43150 22.90380 24.77920 25.88320 27.92630 27.85000 26.10060 27.38140 28.81280 28.96070 29.56210 29.92770 30.98140 28.39400 -9999 -9999 -9999 -9999
-9999 -9999 23.17820 23.15060 23.04950 23.06250 23.15430 23.40960 23.20500 23.03230 22.98070 23.28600 23.82320 -9999 -9999 -9999 -9999 23.54090 24.52140 22.97880 23.34950 22.71950 21.61800 18.32820 19.24350 22.51000 22.53250 22.44620 22.33210 22.41320 22.42870 22.40690 22.46480 22.44430 22.87360 22.58000 22.57420 22.47090 22.64320 22.85940 22.65280 22.87090 23.13480 22.66630 22.99620 22.97860 22.95040 23.24340 22.72710 22.84610 20.04210 18.52270 18.53810 18.66230 18.66960 21.34640 23.12210 23.81150 24.56120 24.02780 22.89930 27.12880 26.06270 25.64360 25.68430 -9999 -9999 -9999 -9999 -9999 34.62680
-9999 -9999 22.79050 23.40060 23.21310 23.17740 23.33560 23.29140 23.04710 23.06030 23.38650 23.87990 22.52800 -9999 -9999 -9999 -9999 24.67510 23.46080 23.10310 21.97490 20.14380 19.61030 22.50440 22.50540 22.50630 22.43600 22.32470 22.32900 22.42610 22.44040 22.54450 22.47620 22.49940 22.45660 22.47580 22.37830 22.42090 22.57530 22.55110 22.60910 22.57240 22.56810 22.50360 22.37660 21.97050 22.03000 22.81690 23.00170 23.05140 21.94820 21.79360 20.69540 21.48750 21.16000 20.62250 21.85730 22.63640 24.08660 24.68950 19.47440 22.26880 23.81640 25.81540 29.42690 31.21140 24.10970 29.45780 27.30350 -9999 -9999
-9999 -9999 -9999 23.52360 23.11020 22.04320 22.12420 22.65730 22.84610 24.16320 25.85420 22.61460 -9999 -9999 -9999 -9999 23.70440 23.63630 22.68890 22.59910 22.63770 22.50410 22.80620 22.60340 22.50560 22.41200 22.42390 22.53660 22.44140 22.52790 22.51370 22.43630 22.43260 22.75490 23.08370 23.16990 22.73590 22.62370 22.43220 22.41810 22.42770 22.42410 22.46840 22.18070 21.68630 21.64050 20.57960 19.96640 20.58720 22.16370 21.46400 18.85690 18.74330 19.17090 19.93090 19.99430 20.01450 25.40900 26.16700 24.30480 24.15780 24.29910 27.64850 38.03570 45.16830 32.17740 23.94590 24.33590 23.87700 26.70080 -9999
-9999 -9999 -9999 -9999 22.66370 21.14920 22.50750 22.72960 22.99800 22.68920 22.52140 -9999 -9999 -9999 -9999 23.43670 23.40940 22.79120 22.26420 22.85740 22.92050 23.10810 23.30560 22.71320 22.30890 22.70870 23.22030 22.71870 23.24610 22.83790 22.87150 23.02350 23.12460 23.14050 23.06540 22.62000 22.42080 22.31540 22.42130 22.41300 22.42390 22.41630 22.41560 22.42160 22.31300 22.95560 23.35050 21.58340 20.99820 20.35280 22.85150 18.45800 18.57320 19.75100 19.07330 18.69160 18.73500 20.31880 21.01710 23.70570 25.59240 27.89820 27.40160 27.98540 32.68270 29.03250 21.35260 20.83380 23.88490 24.26080 24.94380
-9999 -9999 -9999 -9999 -9999 -9999 22.72850 22.69920 22.74850 22.71310 23.14010 -9999 -9999 -9999 -9999 -9999 23.10660 23.09090 22.62630 23.24920 23.22380 22.90210 22.60780 22.51100 23.01900 23.20790 21.30210 19.43170 19.43160 20.08000 22.42180 23.22500 22.91450 23.14530 23.04030 23.22200 22.61700 22.33550 22.41480 22.41600 22.42140 22.45880 22.46440 22.43550 22.46450 22.73950 23.33800 22.96090 21.60880 18.31270 18.51210 18.55120 22.52030 22.97100 21.51220 23.73470 18.79280 19.28850 19.84290 23.24020 25.22610 25.85970 27.07510 30.11230 35.92620 29.36490 21.79520 19.53110 20.13140 24.13370 28.00610
-9999 -9999 -9999 -9999 -9999 -9999 -9999 -9999 -9999 -9999 -9999 -9999 -9999 -9999 -9999 -9999 -9999 -9999 -9999 23.23660 22.51470 21.30110 22.80730 22.90960 21.90610 21.80380 20.84070 20.82330 21.42810 22.90710 23.31090 22.80740 22.51350 22.61770 23.02490 22.91660 22.40630 22.40840 22.41040 22.41730 22.33210 22.33250 22.42360 22.41940 22.32490 22.91010 23.00840 22.96510 22.08820 22.95830 23.26130 21.02370 18.93970 18.55930 18.43910 18.54110 22.94420 22.18110 23.55730 23.84090 23.73050 21.75760 26.34910 30.29860 33.46220 23.74160 19.57600 19.08170 19.35800 23.04700 28.61340
-9999 -9999 -9999 -9999 -9999 -9999 -9999 -9999 -9999 -9999 -9999 -9999 -9999 -9999 -9999 -9999 -9999 -9999 22.96300 21.61020 21.70380 23.20700 23.20700 23.20490 22.10150 21.40120 21.10970 21.51090 23.10220 23.20840 23.20820 23.20830 23.21560 23.21280 22.80610 22.31550 22.30810 22.40360 22.31200 22.41640 22.32190 22.32480 22.32740 22.44050 22.84000 23.10190 23.00950 23.10770 22.92740 22.35940 22.48890 22.57450 22.69440 23.00050 18.73480 18.45400 21.70120 22.63260 20.52270 22.57430 19.62450 19.55710 23.08000 24.29800 23.84440 22.15370 22.77690 18.97150 19.14690 19.66280 23.38810
-9999 -9999 -9999 -9999 -9999 -9999 -9999 -9999 -9999 -9999 -9999 -9999 -9999 -9999 -9999 -9999 -9999 23.14970 22.13590 23.10760 23.20740 23.11230 22.60880 22.10260 22.20090 22.50070 21.11250 21.20810 22.11350 22.01690 22.31960 21.61460 21.70580 21.92430 21.51050 21.91760 22.33680 22.41240 22.40650 22.31340 22.92430 22.95520 23.12100 23.06590 23.11010 23.11270 22.98080 23.05310 23.36280 22.37140 21.39970 18.79150 22.64380 23.36770 22.89070 23.19340 22.79120 23.00830 23.26520 23.37720 21.07760 19.59220 24.92140 25.25790 24.61830 23.94670 22.98910 22.69870 21.27210 21.33240 27.04710
-9999 -9999 -9999 -9999 -9999 -9999 -9999 -9999 -9999 -9999 -9999 -9999 -9999 -9999 -9999 -9999 -9999 22.51820 23.11930 23.25730 22.81780 21.61720 22.21930 22.50030 23.30010 24.60020 23.70040 23.90040 22.40020 22.21310 20.71080 20.60900 21.11230 21.91120 21.11250 20.81020 21.41790 22.31070 22.33360 22.32310 23.21150 23.20430 23.13010 23.10700 23.07120 22.94960 23.04040 23.11270 23.30990 23.25980 20.06720 18.53410 18.58180 19.13300 21.75950 23.29640 23.42210 23.04980 22.46280 21.62530 23.32260 24.16620 24.45820 25.65360 28.38300 25.50880 24.18080 24.30740 22.23640 24.06520 24.37200
-9999 -9999 -9999 -9999 -9999 -9999 -9999 -9999 -9999 -9999 -9999 -9999 -9999 -9999 -9999 -9999 22.52830 22.52750 23.15350 22.53000 21.51410 23.10030 23.90020 24.30010 24.60000 24.30010 24.30020 24.70000 24.10000 23.00040 22.80040 23.20020 23.31450 20.90630 20.50680 20.60960 21.81760 22.33290 22.32050 22.41210 23.30380 23.20170 22.93070 23.03560 23.10320 22.92510 23.02670 23.11210 23.11440 23.64920 21.16710 19.26530 18.89980 19.50120 21.64880 23.29370 23.29150 22.86320 18.48710 23.04460 23.26300 23.54670 24.61800 28.53760 26.16270 21.34560 20.20320 20.12890 21.90160 23.89990 24.70320
-9999 -9999 -9999 -9999 -9999 -9999 -9999 -9999 -9999 -9999 -9999 -9999 -9999 23.22180 23.13390 22.70990 22.71810 22.64910 22.13880 21.90660 23.40010 24.40060 24.40010 23.90010 24.40010 24.70000 24.70000 24.70000 24.70000 24.70000 23.00590 22.52370 23.90000 23.30000 21.50750 20.40370 21.61230 22.01930 22.30160 23.20150 23.10060 23.06160 23.05090 23.10010 22.65090 22.23220 22.74580 22.24950 22.25460 23.01230 23.15430 23.36900 23.44190 23.42740 22.65890 18.70760 21.42250 22.76920 20.38140 21.27550 23.29750 22.52260 24.46250 21.36140 21.43550 23.20240 21.69200 22.31170 20.38600 25.07410 27.63640
-9999 -9999 -9999 -9999 -9999 -9999 -9999 -9999 -9999 -9999 -9999 -9999 23.10900 23.11250 22.32780 22.42070 22.92370 23.30330 23.80310 23.60000 22.90000 21.80020 21.90010 22.80000 24.00010 23.60000 23.70000 24.20000 22.30080 23.00300 21.40020 22.90190 23.10430 23.80860 22.51080 20.50340 22.20000 22.30010 22.70090 23.10040 23.10030 23.10010 22.94750 22.54040 21.91410 22.21880 22.92950 22.23380 21.94290 21.65200 23.36520 23.21660 23.72400 23.31860 23.50840 23.17390 23.10100 18.68160 20.44710 19.95540 22.57010 20.58620 19.51140 21.17860 21.75190 25.52560 26.06730 20.16180 21.77410 27.01940 33.11180
-9999 -9999 -9999 -9999 -9999 -9999 -9999 -9999 -9999 -9999 -9999 22.70790 23.31270 22.56040 23.40120 23.80010 23.50010 22.30040 21.50020 21.60010 21.30010 21.40000 21.30000 21.10000 21.10000 21.10000 20.90500 23.00440 22.80190 22.60610 21.50050 23.00000 24.20000 23.80000 22.70000 21.80750 22.30010 22.40040 22.80110 23.10050 23.10010 22.74170 22.22080 21.91030 21.70880 21.81590 21.71640 21.82680 21.94650 22.15780 22.46340 23.16110 23.15190 23.26180 23.19360 23.17670 23.16320 23.13030 18.37720 18.70200 19.25370 22.08250 20.93190 22.54760 25.35040 24.32160 24.83540 20.06360 25.61370 29.31170 38.44550
-9999 -9999 -9999 -9999 -9999 -9999 -9999 -9999 -9999 -9999 23.60250 22.51130 23.70200 23.30150 22.90010 21.90010 21.40000 21.10000 21.10000 21.10000 21.10000 21.10000 21.10000 21.10000 21.10000 21.10000 21.10000 21.40530 20.70160 21.10000 21.10000 23.70000 23.40000 20.30820 20.20210 21.60850 22.30020 22.40050 23.00110 23.10090 22.73580 21.81130 21.50240 21.20190 20.50230 21.31350 21.81570 21.51490 21.93540 21.94330 22.17220 22.95310 23.19770 23.05300 23.16310 23.16240 21.91230 19.58710 19.08680 22.94770 23.07020 22.36530 21.86850 24.04960 25.16460 24.38580 25.91120 24.65240 27.14720 34.07360 43.60530
-9999 -9999 -9999 -9999 -9999 -9999 -9999 -9999 -9999 22.00000 21.20000 21.10000 22.20000 21.40000 21.70000 21.10000 21.10000 21.10000 21.10000 21.10000 21.30000 21.10000 21.80000 21.80000 21.30000 21.10000 21.10000 21.70000 21.10000 21.70000 21.90000 21.50000 24.50000 24.70000 20.60450 22.12370 22.30160 22.80060 23.00020 22.45260 20.30720 21.10190 21.10430 20.58900 19.50120 20.04180 21.30440 21.95120 21.55140 21.77020 21.90000 22.88250 23.20980 23.74490 23.72650 22.80890 22.72090 22.92220 22.97430 23.19150 23.07170 22.61660 22.14260 24.34140 24.75690 25.38400 26.10290 28.71150 33.96480 40.52680 42.30950
-9999 -9999 -9999 -9999 -9999 -9999 -9999 -9999 -9999 -9999 22.40000 21.40000 21.40000 21.10000 21.10000 21.10000 21.10000 21.10000 21.10000 21.50000 22.00000 21.30000 21.70000 -9999 -9999 -9999 -9999 -9999 -9999 23.90000 25.40000 24.50000 24.00000 24.30000 22.70000 22.21660 22.23450 23.00000 23.10000 22.94920 20.81140 21.41340 22.22630 20.04040 19.57220 19.83890 20.45130 21.74440 22.07980 22.08470 22.53910 23.12270 23.18760 23.43630 23.35360 22.80330 22.72990 22.81130 22.66230 23.16420 22.86140 22.42500 23.75800 19.84630 24.82260 25.75620 27.43870 31.30290 44.46520 46.62610 50.00450
-9999 -9999 -9999 -9999 -9999 -9999 -9999 -9999 -9999 -9999 -9999 -9999 21.70000 21.10000 21.10000 21.10000 21.10000 21.10000 21.40000 -9999 -9999 -9999 -9999 -9999 -9999 -9999 -9999 -9999 -9999 -9999 -9999 -9999 -9999 24.80000 22.90600 21.90840 20.60640 21.70800 23.40000 25.10020 21.92470 20.70910 21.82030 21.00570 19.90610 19.68240 19.96140 20.81940 21.62850 21.53740 21.65610 22.97180 23.02690 23.37650 22.86830 22.65570 22.85330 23.05900 23.05910 23.10630 22.34890 21.85120 23.38500 24.07800 24.97430 26.06810 29.00630 33.15620 40.46240 39.64590 43.17350
-9999 -9999 -9999 -9999 -9999 -9999 -9999 -9999 -9999 -9999 -9999 -9999 -9999 -9999 -9999 -9999 -9999 -9999 -9999 -9999 -9999 -9999 -9999 -9999 -9999 -9999 -9999 -9999 -9999 -9999 -9999 -9999 -9999 -9999 22.30720 20.50360 20.70300 20.30260 22.90000 21.41220 22.11190 21.40490 21.00710 21.93870 20.14710 20.45960 21.21170 21.61310 22.14880 21.95930 22.30520 23.16810 22.52420 23.07270 23.41000 23.09020 22.99710 23.01610 23.14110 23.18570 21.54320 23.74760 23.94330 24.16410 24.75860 25.95600 29.85520 35.51790 43.09940 41.98310 40.07820
-9999 -9999 -9999 -9999 -9999 -9999 -9999 -9999 -9999 -9999 -9999 -9999 -9999 -9999 -9999 -9999 -9999 -9999 -9999 -9999 -9999 -9999 -9999 -9999 -9999 -9999 -9999 -9999 -9999 -9999 -9999 -9999 -9999 -9999 21.91130 20.30660 20.40970 23.03590 25.10020 19.80290 20.00170 20.09200 19.87950 20.00540 22.33040 21.31100 21.21520 21.61930 21.83830 21.97290 22.22710 21.79620 23.08900 23.29080 23.49940 23.19640 22.88870 22.97390 23.09530 23.39420 21.28430 19.93040 22.08960 24.34620 25.17580 28.96320 30.84010 37.10520 41.78150 40.70280 -9999
-9999 -9999 -9999 -9999 -9999 -9999 -9999 -9999 -9999 -9999 -9999 -9999 -9999 -9999 -9999 -9999 -9999 -9999 -9999 -9999 -9999 -9999 -9999 -9999 -9999 -9999 -9999 -9999 -9999 -9999 -9999 -9999 -9999 -9999 -9999 -9999 -9999 -9999 21.10980 19.80300 19.40140 19.30230 19.84570 19.95960 20.70420 21.81730 22.34330 21.72640 21.84260 22.17300 21.75220 22.34650 22.31830 23.14210 23.19380 22.92930 23.10780 23.11360 23.39230 21.12170 19.54370 23.58060 24.31350 24.94460 28.05710 30.33160 33.25600 35.59000 35.05910 -9999 -9999
