data/hydroclimate-scenarios/1948-2000.Pcorr55N_Pref_Tref/monthly_summaries/soilm2_monthly_day1_may.asc
ncols	311
nrows	91
xllcenter	102.75
yllcenter	31.75
cellsize	0.5
NODATA_value	-9999
[rows 0 to 30 of 91, columns 210 to 279 of 311]
-9999 -9999 -9999 -9999 -9999 -9999 -9999 -9999 -9999 -9999 -9999 -9999 -9999 -9999 -9999 -9999 -9999 -9999 -9999 -9999 -9999 -9999 -9999 -9999 -9999 -9999 -9999 -9999 -9999 -9999 -9999 -9999 -9999 -9999 -9999 -9999 -9999 -9999 -9999 -9999 -9999 -9999 -9999 -9999 -9999 -9999 -9999 -9999 -9999 -9999 -9999 -9999 -9999 -9999 -9999 -9999 -9999 -9999 -9999 -9999 -9999 -9999 -9999 -9999 -9999 -9999 -9999 -9999 -9999 -9999
-9999 -9999 -9999 -9999 -9999 -9999 -9999 -9999 -9999 -9999 -9999 -9999 -9999 -9999 -9999 -9999 -9999 -9999 -9999 -9999 -9999 -9999 -9999 -9999 -9999 -9999 -9999 -9999 -9999 -9999 -9999 -9999 -9999 -9999 -9999 -9999 -9999 -9999 -9999 -9999 -9999 -9999 -9999 -9999 -9999 -9999 -9999 -9999 -9999 -9999 -9999 -9999 -9999 -9999 -9999 -9999 -9999 -9999 -9999 -9999 -9999 -9999 -9999 -9999 -9999 -9999 -9999 -9999 -9999 -9999
-9999 -9999 -9999 -9999 -9999 -9999 -9999 -9999 -9999 -9999 -9999 -9999 -9999 -9999 -9999 -9999 -9999 -9999 -9999 -9999 -9999 -9999 -9999 -9999 -9999 -9999 -9999 -9999 -9999 -9999 -9999 -9999 -9999 -9999 -9999 -9999 -9999 -9999 -9999 -9999 -9999 -9999 -9999 -9999 -9999 -9999 -9999 -9999 -9999 -9999 -9999 -9999 -9999 -9999 -9999 -9999 -9999 -9999 -9999 -9999 -9999 -9999 -9999 -9999 -9999 -9999 -9999 -9999 -9999 -9999
-9999 -9999 -9999 -9999 -9999 -9999 -9999 -9999 -9999 -9999 -9999 -9999 -9999 -9999 -9999 -9999 -9999 -9999 -9999 -9999 -9999 -9999 -9999 -9999 -9999 -9999 -9999 -9999 -9999 -9999 -9999 -9999 -9999 -9999 -9999 -9999 -9999 -9999 -9999 -9999 -9999 -9999 -9999 -9999 -9999 -9999 -9999 -9999 -9999 -9999 -9999 -9999 -9999 -9999 -9999 -9999 -9999 -9999 -9999 -9999 -9999 -9999 -9999 -9999 -9999 -9999 -9999 -9999 -9999 -9999
-9999 -9999 -9999 -9999 -9999 -9999 -9999 -9999 -9999 -9999 -9999 -9999 -9999 -9999 -9999 -9999 -9999 -9999 -9999 -9999 -9999 -9999 -9999 -9999 -9999 -9999 -9999 -9999 -9999 -9999 -9999 -9999 -9999 -9999 -9999 -9999 -9999 -9999 -9999 -9999 -9999 -9999 -9999 -9999 -9999 -9999 -9999 -9999 -9999 -9999 -9999 -9999 -9999 -9999 -9999 -9999 -9999 -9999 -9999 -9999 -9999 -9999 -9999 -9999 -9999 -9999 -9999 -9999 -9999 -9999
-9999 -9999 -9999 -9999 -9999 -9999 -9999 -9999 -9999 -9999 -9999 -9999 -9999 -9999 -9999 -9999 -9999 -9999 -9999 -9999 -9999 -9999 -9999 -9999 -9999 -9999 -9999 -9999 -9999 -9999 -9999 -9999 -9999 -9999 -9999 -9999 -9999 -9999 -9999 -9999 -9999 -9999 -9999 -9999 -9999 -9999 -9999 -9999 -9999 -9999 -9999 -9999 -9999 -9999 -9999 -9999 -9999 -9999 -9999 -9999 -9999 -9999 -9999 -9999 -9999 -9999 -9999 -9999 -9999 -9999
-9999 -9999 -9999 -9999 -9999 -9999 -9999 -9999 -9999 -9999 -9999 -9999 -9999 -9999 -9999 -9999 -9999 -9999 -9999 -9999 -9999 -9999 -9999 -9999 -9999 -9999 -9999 -9999 -9999 -9999 -9999 -9999 -9999 -9999 -9999 -9999 -9999 -9999 -9999 -9999 -9999 -9999 -9999 -9999 -9999 -9999 -9999 -9999 -9999 -9999 -9999 -9999 -9999 -9999 -9999 -9999 -9999 -9999 -9999 -9999 -9999 -9999 -9999 -9999 -9999 -9999 -9999 -9999 -9999 -9999
-9999 -9999 -9999 -9999 -9999 -9999 -9999 -9999 -9999 -9999 -9999 -9999 -9999 -9999 -9999 -9999 -9999 -9999 -9999 -9999 -9999 -9999 -9999 -9999 -9999 -9999 -9999 -9999 -9999 -9999 -9999 -9999 -9999 -9999 -9999 -9999 -9999 -9999 -9999 -9999 -9999 -9999 -9999 -9999 -9999 -9999 -9999 -9999 -9999 -9999 -9999 -9999 -9999 -9999 -9999 -9999 -9999 -9999 -9999 -9999 -9999 -9999 -9999 -9999 -9999 -9999 -9999 -9999 -9999 -9999
-9999 -9999 -9999 -9999 -9999 -9999 -9999 -9999 -9999 -9999 -9999 -9999 -9999 -9999 -9999 -9999 -9999 -9999 -9999 -9999 -9999 -9999 -9999 -9999 -9999 -9999 -9999 -9999 -9999 -9999 -9999 -9999 -9999 -9999 -9999 -9999 -9999 -9999 -9999 -9999 -9999 -9999 -9999 -9999 -9999 -9999 -9999 -9999 -9999 -9999 -9999 -9999 -9999 -9999 -9999 -9999 -9999 -9999 -9999 -9999 -9999 -9999 -9999 -9999 -9999 -9999 -9999 -9999 -9999 -9999
-9999 -9999 -9999 -9999 -9999 -9999 -9999 -9999 -9999 -9999 -9999 -9999 -9999 -9999 -9999 -9999 -9999 -9999 -9999 -9999 -9999 -9999 -9999 -9999 -9999 -9999 -9999 -9999 -9999 -9999 -9999 -9999 -9999 -9999 -9999 -9999 -9999 -9999 -9999 -9999 -9999 -9999 -9999 -9999 -9999 -9999 -9999 -9999 -9999 -9999 -9999 -9999 -9999 -9999 -9999 -9999 -9999 -9999 -9999 -9999 -9999 -9999 -9999 -9999 -9999 -9999 -9999 -9999 -9999 -9999
-9999 -9999 -9999 -9999 -9999 -9999 -9999 -9999 -9999 -9999 -9999 -9999 -9999 -9999 -9999 -9999 -9999 -9999 -9999 -9999 -9999 -9999 -9999 -9999 -9999 -9999 -9999 -9999 -9999 -9999 -9999 -9999 -9999 -9999 -9999 -9999 -9999 -9999 -9999 -9999 -9999 -9999 -9999 -9999 -9999 -9999 -9999 -9999 -9999 -9999 -9999 -9999 -9999 -9999 -9999 -9999 -9999 -9999 -9999 -9999 -9999 -9999 -9999 -9999 -9999 -9999 -9999 -9999 -9999 -9999
-9999 -9999 -9999 -9999 -9999 -9999 -9999 -9999 -9999 -9999 -9999 -9999 -9999 -9999 -9999 -9999 -9999 -9999 -9999 -9999 -9999 -9999 -9999 -9999 -9999 -9999 -9999 -9999 -9999 -9999 -9999 -9999 -9999 -9999 -9999 -9999 -9999 -9999 -9999 -9999 -9999 -9999 -9999 -9999 -9999 -9999 -9999 -9999 -9999 -9999 -9999 -9999 -9999 -9999 -9999 -9999 -9999 -9999 -9999 -9999 -9999 -9999 -9999 -9999 -9999 -9999 -9999 -9999 -9999 -9999
-9999 -9999 -9999 -9999 -9999 -9999 -9999 -9999 -9999 -9999 -9999 -9999 -9999 -9999 -9999 -9999 -9999 -9999 -9999 -9999 -9999 -9999 -9999 -9999 -9999 -9999 -9999 -9999 -9999 -9999 -9999 -9999 -9999 -9999 -9999 -9999 -9999 -9999 -9999 -9999 -9999 -9999 -9999 -9999 -9999 -9999 -9999 -9999 -9999 -9999 -9999 -9999 -9999 -9999 -9999 -9999 -9999 -9999 -9999 -9999 -9999 -9999 -9999 -9999 -9999 -9999 -9999 -9999 -9999 -9999
85.31720 84.78620 86.06130 87.94080 88.00820 89.10960 89.29760 85.49410 86.46690 -9999 -9999 -9999 -9999 -9999 -9999 -9999 -9999 -9999 -9999 -9999 -9999 -9999 -9999 -9999 -9999 -9999 -9999 -9999 -9999 -9999 -9999 -9999 -9999 -9999 -9999 -9999 -9999 -9999 -9999 -9999 -9999 -9999 -9999 -9999 -9999 -9999 -9999 -9999 -9999 -9999 89.97430 -9999 -9999 -9999 -9999 -9999 -9999 -9999 -9999 -9999 -9999 -9999 -9999 -9999 -9999 -9999 -9999 -9999 -9999 -9999
79.90310 80.41180 79.98950 82.20330 84.63170 87.31030 88.58230 89.30750 89.83220 81.38530 80.45120 81.26150 84.57160 81.03220 85.60070 86.37070 93.22000 93.96800 92.56460 92.29810 88.19010 105.31800 -9999 -9999 -9999 -9999 -9999 -9999 -9999 -9999 -9999 -9999 -9999 -9999 -9999 -9999 -9999 -9999 -9999 -9999 -9999 -9999 -9999 -9999 -9999 79.47230 75.30250 57.01530 60.42430 67.42030 70.83330 78.90440 -9999 -9999 -9999 86.99880 -9999 -9999 -9999 87.45940 89.78900 91.42760 -9999 -9999 -9999 -9999 -9999 -9999 -9999 -9999
84.21100 82.97060 82.01870 82.11580 81.51810 76.87410 77.66690 77.06330 77.52000 74.01920 75.04060 79.54490 83.60240 84.17400 94.09650 94.27070 98.13220 99.59460 96.88730 94.53900 93.62970 86.72080 85.21740 83.69570 85.93420 89.12750 91.56920 84.47070 -9999 -9999 -9999 -9999 -9999 92.30350 89.76030 88.31180 89.24030 88.51600 87.28540 79.92950 62.80080 63.90010 61.54940 59.12180 60.41660 57.75930 58.90890 63.28850 63.76320 76.06640 80.97370 81.37070 84.28760 85.52420 86.82590 87.43280 87.89110 87.53570 88.22060 90.55300 93.08600 99.26690 99.00870 97.25120 94.79880 96.42510 94.48350 -9999 -9999 -9999
80.79360 81.63920 82.88990 82.82050 85.69770 86.71000 89.85690 87.63870 90.85190 91.82710 102.15200 107.94700 109.65400 109.90800 161.45599 159.19600 168.46300 157.19400 158.80600 143.96800 98.14720 91.04940 87.21950 93.15970 91.98960 109.97900 97.35450 93.58780 94.72800 94.26770 78.01890 74.07340 71.31410 67.10460 90.83160 88.39590 90.30010 70.02190 67.55360 65.90530 63.58530 64.23780 63.21490 62.88310 63.53850 64.68720 67.08310 70.41710 68.89870 73.26750 75.46850 77.60810 80.32900 83.48760 85.92600 87.85240 88.31790 88.30380 88.66710 88.48410 89.61350 91.66620 92.45150 93.45170 94.58120 97.00240 99.74530 98.73320 97.45180 95.12000
150.88300 100.46100 101.82000 104.62100 104.80800 109.17000 110.06300 113.85600 169.44901 158.62300 146.91600 144.44299 129.92400 116.90100 113.93600 126.22200 117.39400 107.87400 104.48500 108.09100 109.01300 141.81300 133.87000 133.36600 141.45599 152.87500 138.64101 100.17700 103.07300 91.58600 113.83900 77.55030 76.83840 68.42470 86.94390 86.98170 85.45100 64.82010 65.61330 67.83020 69.27820 68.19370 65.48180 64.79260 65.98150 66.04480 64.66830 65.35020 65.67820 68.10630 70.54080 73.71120 74.88760 77.22840 79.62980 82.55930 87.44250 86.39600 87.07940 87.61230 87.32760 89.78710 90.08960 91.79030 92.52170 96.89680 98.12310 95.14240 95.35050 94.93970
151.23500 161.74600 166.23801 165.52400 165.64600 154.34900 159.86600 163.99600 140.02400 135.33501 116.37700 113.53000 116.78000 116.91400 118.59900 107.03400 118.66100 108.83300 122.23000 128.77800 117.95500 138.36400 129.19000 145.72200 154.24500 155.27901 107.61000 94.26750 95.02430 128.03700 143.11501 133.57201 79.52300 66.87800 64.65180 66.67960 67.08130 66.46900 66.31480 68.18640 72.92190 71.82100 72.05090 64.79860 66.74890 69.20410 70.38330 71.29040 74.16260 76.29400 72.95090 75.55720 76.83590 76.14630 77.88380 80.68960 80.68580 82.06560 85.34900 85.73670 87.95470 88.83820 88.95340 88.07260 95.13090 106.18300 111.16300 111.09500 111.21900 96.95750
159.02699 165.92799 169.16299 171.10201 177.57001 184.81900 172.23000 160.80200 157.07001 145.03999 150.59399 149.17101 141.14301 132.18600 127.39100 127.92100 119.82200 127.60300 129.45200 129.25200 132.57300 167.56000 161.08099 148.78999 155.17599 137.47301 117.67700 91.74530 92.24360 93.82540 97.61910 123.56400 113.13100 67.72220 60.87870 61.94620 84.17320 118.83400 119.60200 120.21000 120.46600 120.09500 120.50400 120.63200 120.54100 120.16500 120.20500 120.30900 120.66300 121.12000 121.81400 122.39900 123.19400 122.43600 98.07410 99.04410 100.26700 82.68290 80.99990 88.13460 90.47680 97.31130 105.02700 106.45500 124.83200 124.83100 124.70000 124.89100 125.00200 124.96400
164.90199 160.28500 165.36600 182.46500 192.31400 188.92999 178.60201 170.00800 159.20700 150.11400 152.98399 144.18401 139.15601 128.77200 125.72300 128.11501 126.43700 125.69200 133.47400 141.20399 142.95700 158.22099 142.61200 125.17000 127.46000 128.60400 121.64000 86.14550 91.52800 92.08370 92.36080 89.65770 94.27940 65.36890 61.36790 62.79980 62.34010 63.27320 61.63870 60.93920 68.32500 84.94200 84.78990 121.47600 121.69500 121.34600 121.28000 121.04200 121.23300 121.07200 121.20300 122.40900 122.65500 123.34800 123.94600 123.91100 124.01500 122.49200 122.34300 121.92000 122.25600 123.72100 123.40500 102.08400 124.96700 123.57900 123.89100 124.46100 124.72000 113.58700
175.64400 177.73100 185.07201 184.77299 166.69200 153.90800 136.80600 135.59599 135.49899 132.74500 136.42900 136.91400 131.54201 125.97200 124.48700 126.12600 123.17500 131.74300 140.49500 147.97701 149.24200 173.34100 158.43700 119.10400 116.37800 105.30900 109.23000 110.44300 120.90000 93.68150 90.49940 89.22150 89.37110 64.82610 60.51850 61.76230 63.71670 65.10840 64.83590 66.92330 68.16200 67.27050 66.47730 67.33680 86.74410 122.85600 122.39000 122.68400 100.06400 85.87770 88.26020 123.75800 124.03500 125.34300 125.47000 125.99100 125.05500 123.28900 123.58900 122.40500 121.94500 123.42800 124.97400 125.84900 124.55900 123.79500 124.16700 124.84100 125.21100 104.59400
200.06700 195.20300 186.70799 180.07500 153.88100 142.50000 142.68700 160.41800 187.82899 209.63499 210.29201 200.44200 189.34700 156.29100 142.21100 142.94901 115.40500 141.48900 155.05901 169.71400 157.07800 181.70900 173.69901 108.55800 103.81000 101.33600 105.63300 102.96700 86.63570 88.84630 90.30140 86.95400 86.60240 61.58070 62.41010 63.76810 65.50900 84.08570 85.31570 88.10560 85.99380 88.12960 75.59330 67.27210 68.10480 92.69130 103.14800 124.92700 125.33900 123.55200 122.96800 124.06200 123.59500 97.35560 97.82810 125.20400 124.25500 124.08500 123.59300 123.21800 125.31000 127.14000 126.60800 125.59200 124.31000 123.77800 123.92500 122.92400 123.21300 103.01300
181.02800 185.46201 185.62300 184.01199 187.25800 192.31400 178.64999 169.84900 190.29700 206.69901 206.73100 196.00600 185.18300 179.01801 179.75200 146.77800 144.27901 139.90100 128.33099 147.54700 152.48599 193.19600 183.70000 137.85300 102.56000 74.36810 77.16610 75.86540 76.85810 86.27260 89.96100 93.13960 95.05430 94.34180 94.69350 95.30490 92.63710 93.55670 94.50540 95.22770 96.87570 96.58290 96.12150 98.22530 99.01240 99.58480 99.48970 99.25900 99.67380 99.36490 98.87330 113.68900 126.45900 127.51200 128.03400 126.51300 96.88610 126.79900 127.01800 130.16499 134.00101 126.96300 124.35400 123.16900 122.48900 122.99100 122.15600 121.62500 121.31800 100.20400
172.95300 167.15300 176.61099 176.65601 176.13499 176.89999 174.83200 174.24500 174.45700 161.05701 165.34599 189.16200 191.37000 170.71001 169.50400 167.71201 166.42400 164.80800 156.78600 137.02499 115.07300 121.01000 185.74600 179.65401 160.41100 159.22301 159.57500 72.47600 72.38320 72.59300 76.16080 82.87650 87.43810 83.45290 87.54880 88.68600 89.67010 86.24870 91.05870 93.59640 97.89170 102.42600 102.33600 107.23800 106.01500 105.62000 106.30000 106.38800 106.79400 105.77000 106.19800 104.13700 104.48700 104.72300 113.02100 128.83299 127.34400 98.80600 132.98599 127.71900 124.92600 124.97000 123.81800 123.03700 122.53600 121.35100 120.40900 120.82700 121.42100 121.34100
136.15100 137.12500 177.39900 171.36301 171.76700 158.03600 157.52800 179.56300 166.04800 165.38200 161.85699 161.40401 161.93800 149.61600 152.94099 154.85899 161.12199 177.15700 145.76700 128.16299 118.09800 133.18500 142.46001 136.29100 151.18401 113.59600 135.12801 118.35300 158.99600 112.67800 103.17400 84.43400 124.44700 125.78400 125.99800 120.21600 121.22400 112.55000 115.23200 83.75590 93.05240 144.19701 154.73399 106.74200 108.02000 108.39300 110.21000 107.03000 109.01000 109.24400 106.55000 111.36500 109.38200 108.41400 107.89000 107.97500 128.52299 128.74699 98.21740 129.64000 128.97900 129.37700 126.12200 125.16100 122.66800 123.15800 122.92100 125.27500 123.02800 122.54300
178.85500 179.31400 187.68800 180.95200 176.55400 184.76601 191.25200 186.28500 209.91499 214.34700 213.87801 197.89000 214.04800 207.67000 204.17000 202.40700 172.72600 177.34000 173.34500 157.87601 138.54201 169.50800 138.00600 149.82500 139.62500 142.82600 149.59300 137.20399 136.93300 147.83600 144.95900 142.75999 146.97301 145.87399 136.17999 133.74899 127.58300 120.30000 121.24600 120.40000 129.50700 138.81599 147.17599 149.08501 147.58900 109.85300 113.46000 112.13400 111.16600 110.57600 111.12900 110.07000 110.35100 109.79900 108.83600 111.09400 109.78200 134.66499 102.37700 133.55499 133.11000 131.39101 129.77000 131.86400 126.65600 124.11900 123.59400 127.93600 131.25200 125.80300
124.72800 180.93900 175.58501 169.67900 114.24300 121.52300 141.54601 204.43500 204.75500 149.61501 149.48599 145.23100 147.86200 212.44800 145.23599 159.63400 225.87601 216.84399 189.18700 152.65601 149.11600 201.84200 183.45700 168.39700 171.64200 165.50700 174.28700 137.56000 134.03900 135.80600 146.99600 135.78000 142.31200 143.34100 127.31100 122.36000 127.26200 120.26100 120.28200 120.50000 122.69400 126.16000 132.30600 129.60699 136.06599 108.98500 117.16500 113.45900 115.94300 117.04300 116.31300 114.82100 117.22000 119.77100 116.74800 113.67100 112.65200 139.12100 110.98000 111.21700 138.04601 135.52499 134.87900 137.75900 132.82899 130.30499 133.14200 139.89000 139.41901 131.17500
118.07000 111.42100 107.97000 120.26700 140.90500 139.39600 133.05800 125.55200 122.48900 125.32400 133.85899 139.41400 141.22800 139.31599 140.09100 127.14600 128.32800 129.13499 185.21600 174.49200 134.12199 200.83501 200.32300 186.29800 184.54601 171.42599 160.27400 116.73200 105.26200 135.34700 142.83200 141.23700 150.14799 152.10400 138.18500 126.93200 114.72800 113.23100 118.47600 124.25900 125.22800 125.76600 129.78999 131.47900 135.00400 103.22800 117.07500 117.13100 118.97000 119.23900 118.76900 117.68800 118.43000 117.70200 115.57200 124.33600 120.09600 141.85400 125.14300 120.02400 141.77100 143.60699 141.80400 126.04600 123.94800 122.91700 120.39300 119.79300 137.07899 137.24800
128.71800 139.14700 143.32800 145.93700 142.58501 141.51199 131.76100 123.20500 121.07900 117.97800 117.24700 113.22600 129.92000 126.36800 130.34300 150.42999 141.61099 138.54401 186.13300 182.26700 181.57600 187.42000 185.71400 188.31799 198.42000 204.29300 179.15300 157.22400 140.01401 139.09700 120.41100 134.77699 154.04700 145.82001 126.41600 124.38600 112.70200 123.13700 128.68700 135.44400 133.33200 144.84200 141.99600 138.17101 141.08600 147.70200 112.89600 121.73500 122.84200 124.55400 123.30900 121.09100 120.14900 121.02500 121.75000 132.30400 124.03000 130.86700 136.50000 150.06300 147.47501 149.76801 143.97200 139.68500 136.35500 135.54800 134.95399 117.71800 112.67800 136.39900
121.32400 139.59399 147.40100 140.73801 134.81799 133.05499 136.83000 128.70900 122.29500 127.45900 123.51700 123.16200 128.29300 129.31300 119.27000 135.31799 153.86099 145.91200 187.67799 136.00301 142.84700 181.91499 185.80800 184.68401 181.57401 182.28600 183.86000 174.60001 160.23801 159.48700 168.54800 163.79700 157.36200 147.65601 135.07201 131.16299 123.25600 142.16000 156.86900 147.57001 144.86600 139.77299 146.72400 145.40800 107.83800 112.47900 116.60300 121.49400 126.32000 122.16800 120.97000 125.51600 131.55701 134.11600 137.03101 142.92300 135.52299 126.55300 136.94600 153.68600 152.53900 151.02400 150.54401 150.56700 145.50200 143.77499 143.14101 142.00600 141.27200 139.58600
