data/hydroclimate-scenarios/1948-2000.Pcorr55N_Pref_Tref/monthly_summaries/soilm3_monthly_day1_sep.1950-2000.asc
ncols	311
nrows	91
xllcenter	102.75
yllcenter	31.75
cellsize	0.5
NODATA_value	-9999
[rows 32 to 63 of 91, columns 0 to 70 of 311]
-9999 -9999 -9999 -9999 -9999 -9999 -9999 -9999 -9999 -9999 -9999 23.40030 23.40020 23.40020 23.40010 23.40010 23.40020 23.40100 20.50210 20.80120 22.90270 23.40090 23.40050 23.40100 22.96200 22.74350 22.54960 21.27800 20.26980 18.60070 18.50100 18.50120 18.50090 18.50290 19.40270 20.70060 22.10040 23.00040 24.20170 24.20120 24.20130 24.20180 24.20300 24.20230 24.20150 24.20230 24.20160 24.20280 24.20300 24.20350 24.20360 24.20480 24.20390 24.24490 24.03470 24.01960 23.92460 23.82380 24.21910 24.20080 24.20150 24.20530 23.83230 22.37380 21.87580 23.64160 23.56280 23.46310 23.72440 23.00780 23.06060
-9999 -9999 -9999 -9999 -9999 -9999 -9999 -9999 -9999 -9999 -9999 23.40010 23.40020 23.40010 23.40020 23.40020 23.40020 23.40100 23.40100 23.40080 23.40100 23.40100 23.15140 22.97420 22.79920 22.80190 22.80510 22.80080 22.80020 21.94800 20.24440 19.80150 21.80210 23.60210 24.20510 24.20190 24.02590 24.20240 24.12530 23.45260 24.20290 24.25440 24.20670 24.20750 24.21300 24.21350 24.21400 24.21150 24.21120 24.21280 24.20260 24.20230 24.20160 24.22310 24.20100 24.20120 24.20110 24.20120 24.20190 24.20130 24.20210 22.79800 22.78400 24.20210 22.94640 23.69760 23.91930 22.81110 22.84630 23.02690 23.05320
-9999 -9999 -9999 -9999 -9999 -9999 -9999 -9999 -9999 -9999 -9999 -9999 23.10040 23.00010 23.00010 23.00030 23.40030 23.40040 23.40040 23.40030 23.04140 22.80210 22.81000 22.90360 22.91060 22.84020 22.82660 22.92230 22.90130 22.90090 22.74820 23.33640 24.03140 24.04410 23.85160 23.73850 23.14130 24.20240 24.22600 23.14400 23.34350 23.35830 23.86730 24.21960 24.22930 24.22920 24.20860 24.21130 24.21210 24.20550 24.20140 24.20080 24.20120 24.20090 24.20100 24.20170 24.20130 23.81790 22.84730 22.97520 22.88400 22.93700 22.95360 23.16600 23.37710 22.70350 23.52880 22.94940 23.23830 23.57540 23.12600
-9999 -9999 -9999 -9999 -9999 -9999 -9999 -9999 -9999 -9999 -9999 -9999 22.90020 23.00000 23.20010 23.30020 23.20030 23.04360 22.84820 22.80110 22.90090 22.91320 22.91160 22.91620 22.94060 22.92280 22.90550 22.93320 22.90490 22.81380 22.80510 23.86110 23.64490 22.94510 22.86410 22.80040 22.80040 23.60050 23.80050 22.90260 22.79050 22.71880 23.21420 24.25350 24.12060 23.81700 23.91440 23.62970 23.50630 23.50950 23.40360 23.50110 23.80210 24.20440 24.20520 23.94440 21.82690 23.02180 23.80030 23.05380 22.76060 23.01260 23.90740 24.23570 23.60390 23.01850 22.86800 23.00450 23.26850 23.51640 23.79780
-9999 -9999 -9999 -9999 -9999 -9999 -9999 -9999 -9999 -9999 -9999 -9999 23.30010 23.10000 23.02610 22.72720 22.73750 22.80040 22.70520 22.90850 22.90540 22.91930 22.91570 22.93550 22.94590 22.95490 22.93590 22.83420 22.83520 22.73990 22.62460 22.74930 22.80230 22.90190 22.90050 22.90020 22.80130 22.90100 22.90050 22.90250 22.92830 22.90250 23.08530 23.60360 23.17270 23.25160 23.20420 23.11530 23.01990 22.92760 22.91340 22.91070 22.90690 23.13460 23.05050 22.87980 22.74800 22.90250 22.80160 22.80620 22.80990 22.93590 22.91630 23.30890 23.63360 23.33380 23.01770 23.15130 23.80170 23.76550 23.96340
-9999 -9999 -9999 22.90040 22.90040 22.90030 22.90010 22.90010 22.90020 -9999 23.30010 23.13780 22.83080 22.80010 22.80010 22.90010 22.80050 22.60110 22.70560 22.90960 22.90600 22.90960 22.82100 22.73800 22.86300 22.94910 22.92650 22.95180 22.76450 22.64180 22.52310 22.60490 22.70180 22.76880 22.80570 22.32900 22.80300 22.90230 22.90540 22.90640 22.92140 23.00140 23.04970 23.17890 23.38630 23.52470 23.44770 23.16010 23.00320 23.00040 22.99250 22.89660 22.90730 23.08680 22.98690 23.27530 23.23110 22.71910 22.63550 22.72320 22.87740 22.74880 22.85670 23.08830 23.05520 23.07000 23.16410 23.37300 23.76710 24.12480 24.73850
-9999 -9999 -9999 22.50320 22.90170 22.90090 22.90080 22.80030 22.80020 23.03920 22.85310 22.72890 22.70030 22.70040 22.80220 22.80060 22.60960 22.50130 22.50300 22.50560 22.50450 22.53350 22.53150 22.53150 22.56020 22.77890 22.67200 22.55690 22.56110 22.71570 22.31540 22.57930 22.52390 22.52200 22.72310 22.66110 22.81160 22.92640 22.90670 23.06200 23.05580 23.01970 23.11700 23.46420 23.80450 24.02750 23.80440 23.09410 23.23810 23.35120 23.37300 23.29580 23.40840 23.51280 23.30070 23.60980 23.14950 23.01540 22.95130 22.98240 23.00380 23.32950 23.56580 23.51450 23.64240 23.34500 23.44460 23.28980 23.89380 24.45860 25.77590
-9999 -9999 -9999 22.50280 22.90240 22.80170 22.80320 22.77690 22.76490 22.76020 22.76510 22.74510 22.50080 22.50120 22.50630 22.50040 22.50780 22.50870 22.50160 22.50370 22.51060 22.58790 22.35860 22.82010 22.69650 22.75210 22.79090 22.70850 22.63620 22.87720 23.18270 22.84420 22.65560 22.58150 22.61220 22.59140 22.62280 22.81140 22.83810 22.95680 23.15840 23.15610 23.26520 23.52880 23.50610 23.51870 23.50850 23.55380 23.44450 23.56530 23.81480 23.36570 23.49040 23.52100 23.53870 23.55130 23.17070 23.03080 23.10480 23.23330 23.40510 23.64720 23.41880 23.70120 23.80770 23.83090 23.97070 24.21250 26.24080 26.59460 27.58730
-9999 -9999 -9999 22.60580 22.90160 22.70570 22.78330 22.77480 22.75740 22.75600 22.76200 22.60050 22.50130 22.50580 22.50250 22.60750 21.12390 18.27520 18.96140 19.82290 22.85670 22.94310 22.37800 20.10300 20.26440 23.03870 22.82790 22.67930 22.98320 23.66250 23.54630 22.65370 22.76600 23.02600 22.84060 22.81360 22.61240 22.52630 22.76430 22.84940 22.98020 23.76100 24.22930 24.20610 23.70940 24.00770 24.18220 23.39880 23.62840 23.55400 23.94710 23.61190 23.75710 24.41580 23.95770 24.10160 23.29910 23.45810 23.70170 24.41970 25.03710 24.29920 24.12330 23.77700 24.24320 24.31450 24.40840 25.22320 26.66860 27.88130 28.01220
-9999 -9999 -9999 22.40520 22.80180 22.80880 22.81740 22.77150 22.78210 22.76680 22.75000 22.64260 22.50360 22.52120 18.29470 18.26820 19.70540 21.09430 22.52480 22.63390 22.88060 20.04680 19.20000 22.91130 22.96840 22.68700 22.54410 22.56890 22.85490 23.22650 23.38750 23.00960 22.98610 22.78200 22.49560 22.80250 22.70220 22.33150 22.33520 22.56870 23.19120 23.47920 23.81930 24.00540 23.84220 23.88480 23.77630 23.45790 23.64070 23.57220 23.83630 23.55680 24.25570 24.35840 23.38610 24.16270 23.33650 23.42600 23.53370 24.26520 24.32320 24.18370 24.06610 24.94020 25.32180 24.59040 25.05250 26.91350 27.09850 27.37100 27.85680
-9999 -9999 -9999 -9999 22.71260 22.80530 22.78380 22.80670 22.78520 22.75370 22.74500 22.60100 22.55930 22.52030 -9999 -9999 -9999 -9999 -9999 20.56630 18.88870 18.74400 19.02510 23.10370 21.67290 22.11740 22.08760 22.15310 22.75660 22.71580 22.81320 22.95480 22.87360 22.48040 22.82100 22.81630 23.03730 22.42360 22.32000 22.77930 22.89190 23.24360 23.13970 23.31400 23.45650 23.58470 24.22820 24.22750 23.50570 20.90790 23.71930 23.64190 23.30530 23.58920 23.25280 23.84720 24.06720 23.83020 24.40330 24.25120 24.29410 24.68980 22.65940 24.53860 24.61630 23.00370 24.42940 24.08380 23.21080 -9999 -9999
-9999 -9999 22.33110 22.77910 22.87560 22.81810 22.81500 22.87330 22.78410 22.76900 22.75320 22.50220 22.56940 -9999 -9999 -9999 -9999 -9999 21.14810 18.70070 19.84840 22.76300 22.73090 22.86600 20.11440 18.60210 19.03810 22.57710 22.61150 22.48750 22.77230 22.70200 22.91740 22.80050 22.46030 23.02910 23.02500 22.70520 22.42150 22.46170 22.43970 22.52790 22.75440 22.82370 22.82210 23.01260 23.23940 23.28170 22.91040 18.96100 18.88510 18.99050 19.61780 19.09410 21.89090 23.38770 23.25610 24.14480 24.39080 23.82980 24.19390 24.50470 22.35030 21.40420 21.42870 20.86300 20.34740 -9999 -9999 -9999 -9999
-9999 -9999 22.89900 22.98960 22.89590 22.83270 22.91660 22.89020 22.81080 22.79970 22.50650 22.51580 22.51810 -9999 -9999 -9999 -9999 22.56820 22.81370 22.68570 23.22890 22.87190 21.80260 18.51560 19.41820 22.59350 22.65730 22.46120 22.34780 22.42440 22.43400 22.39020 22.46480 22.45810 22.85910 22.52850 22.51300 22.41440 22.43450 22.43670 22.48710 22.63160 22.84450 22.84050 23.42320 23.82150 23.95800 24.12820 23.58060 23.57770 21.06100 19.25930 19.33590 19.23580 18.89370 21.57720 23.04850 21.63650 20.96850 20.51440 20.15400 21.58540 21.38870 21.73510 23.02770 -9999 -9999 -9999 -9999 -9999 22.84700
-9999 -9999 22.68090 23.33300 23.15870 23.01170 23.17990 23.12880 22.85420 22.78010 22.55560 22.54790 22.50370 -9999 -9999 -9999 -9999 22.76190 22.66050 22.98050 22.23200 20.53060 19.86440 22.62390 22.63270 22.60330 22.52970 22.33370 22.32060 22.42880 22.46040 22.55550 22.49300 22.48470 22.48020 22.46080 22.36220 22.35340 22.38060 22.47180 22.59180 22.49770 22.57720 22.86300 22.98030 22.94260 23.35970 24.35790 24.59070 24.90460 23.50950 23.15940 21.75910 22.30740 21.80680 21.14250 21.94090 22.10160 23.02800 23.10590 19.08000 22.23270 23.90450 24.98860 25.84070 23.07820 20.04640 20.07980 19.72160 -9999 -9999
-9999 -9999 -9999 23.57720 23.10450 21.92750 22.04760 22.61340 22.62130 23.68010 25.44000 22.51190 -9999 -9999 -9999 -9999 22.63010 22.68090 22.63380 22.62050 22.77350 22.64610 22.95870 22.70420 22.59440 22.51460 22.52190 22.59960 22.44640 22.46490 22.48150 22.44950 22.51460 23.00800 23.58320 24.01030 22.94790 22.67610 22.43920 22.42910 22.46190 22.45090 23.11990 23.07520 22.71180 22.93090 21.70520 20.93370 21.67390 23.36560 22.74100 21.18760 21.12910 21.50430 22.17250 21.89240 20.49430 23.65060 23.85630 23.50400 23.47580 23.60640 24.95470 27.52800 29.18020 25.52060 20.11220 19.46360 19.24960 20.81010 -9999
-9999 -9999 -9999 -9999 22.81770 21.06420 22.45310 22.54620 22.58820 22.51450 22.52160 -9999 -9999 -9999 -9999 22.60600 22.74490 22.73810 22.36950 23.08310 23.08380 23.47640 23.56780 22.99290 22.41090 22.87900 23.58660 22.97190 23.57170 22.97970 23.08190 23.26580 23.58890 23.56390 23.60320 22.87530 22.65300 22.46570 22.49680 22.44340 22.45350 22.45230 22.51450 22.55550 22.60070 23.91640 24.32790 22.67250 22.14900 21.38460 23.67610 20.00550 20.24840 21.97660 20.80800 20.23320 20.41370 20.94650 20.80520 23.57360 24.66610 25.96440 26.64450 27.34210 27.94830 25.05440 19.78960 19.14680 19.15390 18.63670 18.50370
-9999 -9999 -9999 -9999 -9999 -9999 22.68500 22.80140 22.72480 22.80990 23.23780 -9999 -9999 -9999 -9999 -9999 23.04350 23.18650 22.72680 23.54070 23.44370 23.02740 22.78070 22.73230 23.50690 23.50900 21.40530 19.57870 19.54210 20.31220 22.59600 23.50270 23.06940 23.62930 23.43460 24.03730 23.06630 22.54360 22.46630 22.47550 22.48210 22.50310 22.58400 22.51330 23.06540 23.64010 24.26410 23.98080 22.69440 19.64580 19.57250 19.99170 23.87970 24.81320 24.10360 26.35590 20.66420 21.33040 22.22820 26.12010 27.60470 27.88960 28.16720 29.39380 29.52860 26.47920 20.30830 18.78210 18.48920 20.82720 22.23550
-9999 -9999 -9999 -9999 -9999 -9999 -9999 -9999 -9999 -9999 -9999 -9999 -9999 -9999 -9999 -9999 -9999 -9999 -9999 23.44840 22.70280 21.31550 23.08790 23.38790 22.19130 21.94100 21.16860 20.88930 21.45320 22.92950 23.41700 22.85160 22.53040 22.70720 23.34370 23.62220 22.62580 22.53370 22.48750 22.55830 22.54090 22.49690 22.61940 22.59240 22.55880 23.46350 23.55750 24.37850 23.10170 23.66190 23.84860 22.50940 20.90810 20.76300 20.07380 20.47690 26.80430 24.90620 26.94320 27.90110 25.91160 23.95720 29.47630 30.80830 30.56980 23.14140 19.41530 18.51270 18.31850 18.59200 22.16710
-9999 -9999 -9999 -9999 -9999 -9999 -9999 -9999 -9999 -9999 -9999 -9999 -9999 -9999 -9999 -9999 -9999 -9999 23.19970 21.76950 21.88730 23.51830 23.55990 23.55160 22.20890 21.42210 21.15300 21.56440 23.12680 23.30140 23.30520 23.36570 23.57680 23.60800 23.10180 22.55590 22.38750 22.44690 22.39330 22.61090 22.58090 22.54440 22.57450 22.78610 23.32310 24.54660 23.88970 23.10340 22.91290 22.33030 22.46060 23.75550 23.71320 24.02250 20.71740 21.46770 25.14190 27.32420 24.49650 26.63930 22.71240 22.13000 26.54550 28.12570 24.34730 23.27560 23.63970 18.68440 18.90750 18.46700 20.63350
-9999 -9999 -9999 -9999 -9999 -9999 -9999 -9999 -9999 -9999 -9999 -9999 -9999 -9999 -9999 -9999 -9999 23.45900 22.31700 23.35470 23.59570 23.48130 22.79870 22.20270 22.21160 22.50060 21.13220 21.21630 22.15560 22.06370 22.40790 21.72310 21.88090 22.25800 21.68980 22.26300 22.91970 22.53840 22.52180 22.61870 23.32420 23.55690 23.41760 23.97630 23.48210 23.70060 24.31350 23.08540 23.34440 22.32620 21.36880 19.51620 23.09190 23.98740 23.99860 24.33730 26.12000 27.90950 28.43090 28.10340 24.38590 23.04630 27.59710 27.41540 28.84550 26.82820 24.53760 23.37520 21.29990 20.94730 24.24560
-9999 -9999 -9999 -9999 -9999 -9999 -9999 -9999 -9999 -9999 -9999 -9999 -9999 -9999 -9999 -9999 -9999 22.99640 23.56340 23.92250 23.28310 21.96360 22.37120 22.50240 23.30030 24.60070 23.70030 23.90060 22.40040 22.24500 20.76420 20.66130 21.22640 22.00720 21.27840 21.09410 21.91960 22.45020 22.63090 22.67740 23.55200 23.35730 23.65990 23.32600 23.74070 23.65520 24.01850 23.10900 23.30440 23.23880 20.04080 19.21590 19.42320 20.38510 23.35270 24.45290 28.18470 28.38640 27.62300 25.32370 28.04800 29.22950 29.04330 29.01960 29.53410 28.50750 26.72630 24.63190 22.37720 23.54960 23.60790
-9999 -9999 -9999 -9999 -9999 -9999 -9999 -9999 -9999 -9999 -9999 -9999 -9999 -9999 -9999 -9999 22.76640 22.95190 23.98620 23.02670 21.69300 23.11850 23.90790 24.30450 24.60060 24.30040 24.30020 24.70050 24.10090 23.00090 22.80290 23.20270 23.38650 20.95470 20.56370 20.73930 22.13920 22.88780 22.59620 22.71900 23.56100 23.34710 23.57700 23.49180 23.24070 23.58870 23.94140 23.10460 23.10450 23.63820 21.10680 20.04520 19.70670 20.51350 22.94020 24.19840 24.57570 27.90290 22.25050 26.74290 27.05240 28.09240 28.79610 29.72890 27.74850 24.32340 22.76890 22.13400 23.39370 23.84340 24.42100
-9999 -9999 -9999 -9999 -9999 -9999 -9999 -9999 -9999 -9999 -9999 -9999 -9999 23.53800 23.44070 22.90880 23.01200 23.10050 22.62910 21.98280 23.41380 24.43500 24.41020 23.90210 24.40110 24.70010 24.70010 24.70000 24.70000 24.70000 23.00560 22.52220 23.90000 23.30000 21.50800 20.40340 21.61390 22.02030 22.30170 23.20260 23.10140 23.11960 23.08720 23.10010 22.66130 22.23780 22.76540 22.28170 22.30070 23.02300 23.10920 23.28450 23.34720 23.33430 22.51360 18.74560 21.46900 22.94170 20.47610 21.38990 23.38900 22.98650 24.69130 22.69960 22.44680 23.06230 20.62130 24.67130 22.54510 26.07600 27.23180
-9999 -9999 -9999 -9999 -9999 -9999 -9999 -9999 -9999 -9999 -9999 -9999 23.21350 23.31590 22.51200 22.59010 23.17190 23.36440 23.86060 23.60620 22.90420 21.80310 21.90180 22.80110 24.00120 23.60010 23.70000 24.20000 22.30090 23.00310 21.40020 22.90200 23.10420 23.80940 22.51240 20.50270 22.20000 22.30010 22.70110 23.10090 23.10090 23.10060 22.99810 22.56250 21.91700 22.22210 22.93370 22.26740 21.98380 21.66160 23.35330 23.20880 23.67110 23.30480 23.40790 23.05140 23.15580 18.72480 20.56840 20.26250 22.89580 21.18720 20.31110 22.54870 22.84090 24.92180 25.03800 23.34400 25.10390 27.60100 31.30580
-9999 -9999 -9999 -9999 -9999 -9999 -9999 -9999 -9999 -9999 -9999 22.86910 23.31180 22.71310 23.40690 23.81020 23.50780 22.31510 21.52780 21.60670 21.30260 21.40020 21.30040 21.10030 21.10060 21.10000 20.91390 23.00460 22.80200 22.60640 21.50050 23.00000 24.20000 23.80000 22.70000 21.80590 22.30010 22.40050 22.80150 23.10070 23.10030 22.77630 22.23450 21.91370 21.71150 21.81850 21.72050 21.83150 21.95710 22.22010 22.54490 23.21630 23.16100 23.37270 23.16820 23.16200 23.23920 23.10770 18.36340 18.71330 19.26600 22.07250 20.90120 22.22010 24.54620 22.96760 23.57320 24.17060 27.77990 30.16640 33.06670
-9999 -9999 -9999 -9999 -9999 -9999 -9999 -9999 -9999 -9999 23.60430 22.50310 23.70100 23.30390 22.90320 21.90190 21.40040 21.10080 21.10120 21.10040 21.10060 21.10010 21.10020 21.10010 21.10000 21.10000 21.10000 21.40570 20.70170 21.10000 21.10000 23.70000 23.40000 20.30740 20.20210 21.60790 22.30030 22.40070 23.00190 23.10130 22.77560 21.81920 21.50420 21.20270 20.50400 21.32270 21.82450 21.52160 21.95310 21.98260 22.29790 23.03280 23.47770 23.06480 23.15580 23.16760 22.17950 19.81030 19.06310 22.77750 22.94070 22.24600 21.44010 23.42280 24.58280 23.77220 24.51240 28.84710 30.97330 33.00310 34.12860
-9999 -9999 -9999 -9999 -9999 -9999 -9999 -9999 -9999 22.00000 21.20000 21.10000 22.20000 21.40010 21.70010 21.10030 21.10010 21.10000 21.10000 21.10000 21.30000 21.10000 21.80000 21.80000 21.30000 21.10000 21.10000 21.70000 21.10000 21.70000 21.90000 21.50000 24.50000 24.70000 20.60290 22.12330 22.30160 22.80100 23.00030 22.50050 20.31110 21.10320 21.10500 20.64030 19.50210 20.08830 21.30970 21.97630 21.56330 21.80200 21.99380 23.33210 23.29600 24.98850 24.18860 22.84180 22.62070 22.71560 22.73120 22.85130 22.70980 22.13280 21.53070 23.74260 24.29330 24.65730 25.34990 32.37490 37.39730 39.25290 38.72880
-9999 -9999 -9999 -9999 -9999 -9999 -9999 -9999 -9999 -9999 22.40000 21.40000 21.40000 21.10000 21.10000 21.10000 21.10000 21.10000 21.10000 21.50000 22.00000 21.30000 21.70000 -9999 -9999 -9999 -9999 -9999 -9999 23.90000 25.40000 24.50000 24.00000 24.30000 22.70000 22.21820 22.24770 23.00020 23.10010 22.98620 20.82270 21.42380 22.37230 20.07310 19.61540 19.87340 20.51670 21.79220 22.17040 22.18410 22.74530 23.17810 23.31120 23.79640 24.53310 22.81210 22.60560 22.62710 22.48780 22.94240 22.51120 21.83390 23.31240 18.99950 24.29250 25.11620 26.39950 34.70740 39.25200 39.16780 39.64880
-9999 -9999 -9999 -9999 -9999 -9999 -9999 -9999 -9999 -9999 -9999 -9999 21.70000 21.10000 21.10000 21.10000 21.10000 21.10000 21.40000 -9999 -9999 -9999 -9999 -9999 -9999 -9999 -9999 -9999 -9999 -9999 -9999 -9999 -9999 24.80000 22.90460 21.91000 20.60880 21.71360 23.40010 25.10070 21.95670 20.71890 21.84280 21.01190 19.91130 19.73540 20.03170 20.83730 21.66090 21.58220 21.74580 23.49930 23.65930 23.98990 23.01490 22.62900 22.79380 22.96020 23.01020 22.94230 22.05690 21.50810 23.16980 23.67420 24.39570 25.35730 27.64530 35.53690 36.83560 36.31700 35.83590
-9999 -9999 -9999 -9999 -9999 -9999 -9999 -9999 -9999 -9999 -9999 -9999 -9999 -9999 -9999 -9999 -9999 -9999 -9999 -9999 -9999 -9999 -9999 -9999 -9999 -9999 -9999 -9999 -9999 -9999 -9999 -9999 -9999 -9999 22.30470 20.50330 20.70410 20.30450 22.90000 21.42550 22.12830 21.41050 21.15540 21.98170 20.19130 20.52500 21.23390 21.62480 22.17840 21.96800 22.35180 23.49960 22.63950 23.25460 23.42610 23.00450 22.90310 22.92990 22.94890 22.72380 21.00210 23.31570 23.43190 23.70680 24.18280 25.18250 27.73930 35.07880 36.75610 35.83070 35.54510
-9999 -9999 -9999 -9999 -9999 -9999 -9999 -9999 -9999 -9999 -9999 -9999 -9999 -9999 -9999 -9999 -9999 -9999 -9999 -9999 -9999 -9999 -9999 -9999 -9999 -9999 -9999 -9999 -9999 -9999 -9999 -9999 -9999 -9999 21.91110 20.30840 20.41390 23.05260 25.10050 19.80490 20.00270 20.13700 19.92020 20.00720 22.35080 21.31590 21.22070 21.62760 21.84090 21.96530 22.21030 21.79090 23.01070 23.47480 23.60000 23.18190 22.81300 22.87380 22.95860 23.01730 20.49310 18.79690 21.11860 23.78780 24.51400 27.85140 28.27560 30.53030 32.34950 31.18960 -9999
-9999 -9999 -9999 -9999 -9999 -9999 -9999 -9999 -9999 -9999 -9999 -9999 -9999 -9999 -9999 -9999 -9999 -9999 -9999 -9999 -9999 -9999 -9999 -9999 -9999 -9999 -9999 -9999 -9999 -9999 -9999 -9999 -9999 -9999 -9999 -9999 -9999 -9999 21.11530 19.80440 19.40190 19.30350 19.87450 19.98450 20.70480 21.82410 22.36190 21.75290 21.85210 22.20030 21.77780 22.33490 22.33260 23.27380 23.34570 22.89120 23.10370 23.10310 23.23500 20.53450 18.68950 22.80680 23.60570 24.29200 26.50540 28.31590 29.42920 29.31660 29.38740 -9999 -9999
