data/hydroclimate-scenarios/1948-2000.Pcorr55N_Pref_Tref/monthly_summaries/soilm3_monthly_day1_oct.asc
ncols	311
nrows	91
xllcenter	102.75
yllcenter	31.75
cellsize	0.5
NODATA_value	-9999
[rows 0 to 31 of 91, columns 213 to 283 of 311]
-9999 -9999 -9999 -9999 -9999 -9999 -9999 -9999 -9999 -9999 -9999 -9999 -9999 -9999 -9999 -9999 -9999 -9999 -9999 -9999 -9999 -9999 -9999 -9999 -9999 -9999 -9999 -9999 -9999 -9999 -9999 -9999 -9999 -9999 -9999 -9999 -9999 -9999 -9999 -9999 -9999 -9999 -9999 -9999 -9999 -9999 -9999 -9999 -9999 -9999 -9999 -9999 -9999 -9999 -9999 -9999 -9999 -9999 -9999 -9999 -9999 -9999 -9999 -9999 -9999 -9999 -9999 -9999 -9999 -9999 -9999
-9999 -9999 -9999 -9999 -9999 -9999 -9999 -9999 -9999 -9999 -9999 -9999 -9999 -9999 -9999 -9999 -9999 -9999 -9999 -9999 -9999 -9999 -9999 -9999 -9999 -9999 -9999 -9999 -9999 -9999 -9999 -9999 -9999 -9999 -9999 -9999 -9999 -9999 -9999 -9999 -9999 -9999 -9999 -9999 -9999 -9999 -9999 -9999 -9999 -9999 -9999 -9999 -9999 -9999 -9999 -9999 -9999 -9999 -9999 -9999 -9999 -9999 -9999 -9999 -9999 -9999 -9999 -9999 -9999 -9999 -9999
-9999 -9999 -9999 -9999 -9999 -9999 -9999 -9999 -9999 -9999 -9999 -9999 -9999 -9999 -9999 -9999 -9999 -9999 -9999 -9999 -9999 -9999 -9999 -9999 -9999 -9999 -9999 -9999 -9999 -9999 -9999 -9999 -9999 -9999 -9999 -9999 -9999 -9999 -9999 -9999 -9999 -9999 -9999 -9999 -9999 -9999 -9999 -9999 -9999 -9999 -9999 -9999 -9999 -9999 -9999 -9999 -9999 -9999 -9999 -9999 -9999 -9999 -9999 -9999 -9999 -9999 -9999 -9999 -9999 -9999 -9999
-9999 -9999 -9999 -9999 -9999 -9999 -9999 -9999 -9999 -9999 -9999 -9999 -9999 -9999 -9999 -9999 -9999 -9999 -9999 -9999 -9999 -9999 -9999 -9999 -9999 -9999 -9999 -9999 -9999 -9999 -9999 -9999 -9999 -9999 -9999 -9999 -9999 -9999 -9999 -9999 -9999 -9999 -9999 -9999 -9999 -9999 -9999 -9999 -9999 -9999 -9999 -9999 -9999 -9999 -9999 -9999 -9999 -9999 -9999 -9999 -9999 -9999 -9999 -9999 -9999 -9999 -9999 -9999 -9999 -9999 -9999
-9999 -9999 -9999 -9999 -9999 -9999 -9999 -9999 -9999 -9999 -9999 -9999 -9999 -9999 -9999 -9999 -9999 -9999 -9999 -9999 -9999 -9999 -9999 -9999 -9999 -9999 -9999 -9999 -9999 -9999 -9999 -9999 -9999 -9999 -9999 -9999 -9999 -9999 -9999 -9999 -9999 -9999 -9999 -9999 -9999 -9999 -9999 -9999 -9999 -9999 -9999 -9999 -9999 -9999 -9999 -9999 -9999 -9999 -9999 -9999 -9999 -9999 -9999 -9999 -9999 -9999 -9999 -9999 -9999 -9999 -9999
-9999 -9999 -9999 -9999 -9999 -9999 -9999 -9999 -9999 -9999 -9999 -9999 -9999 -9999 -9999 -9999 -9999 -9999 -9999 -9999 -9999 -9999 -9999 -9999 -9999 -9999 -9999 -9999 -9999 -9999 -9999 -9999 -9999 -9999 -9999 -9999 -9999 -9999 -9999 -9999 -9999 -9999 -9999 -9999 -9999 -9999 -9999 -9999 -9999 -9999 -9999 -9999 -9999 -9999 -9999 -9999 -9999 -9999 -9999 -9999 -9999 -9999 -9999 -9999 -9999 -9999 -9999 -9999 -9999 -9999 -9999
-9999 -9999 -9999 -9999 -9999 -9999 -9999 -9999 -9999 -9999 -9999 -9999 -9999 -9999 -9999 -9999 -9999 -9999 -9999 -9999 -9999 -9999 -9999 -9999 -9999 -9999 -9999 -9999 -9999 -9999 -9999 -9999 -9999 -9999 -9999 -9999 -9999 -9999 -9999 -9999 -9999 -9999 -9999 -9999 -9999 -9999 -9999 -9999 -9999 -9999 -9999 -9999 -9999 -9999 -9999 -9999 -9999 -9999 -9999 -9999 -9999 -9999 -9999 -9999 -9999 -9999 -9999 -9999 -9999 -9999 -9999
-9999 -9999 -9999 -9999 -9999 -9999 -9999 -9999 -9999 -9999 -9999 -9999 -9999 -9999 -9999 -9999 -9999 -9999 -9999 -9999 -9999 -9999 -9999 -9999 -9999 -9999 -9999 -9999 -9999 -9999 -9999 -9999 -9999 -9999 -9999 -9999 -9999 -9999 -9999 -9999 -9999 -9999 -9999 -9999 -9999 -9999 -9999 -9999 -9999 -9999 -9999 -9999 -9999 -9999 -9999 -9999 -9999 -9999 -9999 -9999 -9999 -9999 -9999 -9999 -9999 -9999 -9999 -9999 -9999 -9999 -9999
-9999 -9999 -9999 -9999 -9999 -9999 -9999 -9999 -9999 -9999 -9999 -9999 -9999 -9999 -9999 -9999 -9999 -9999 -9999 -9999 -9999 -9999 -9999 -9999 -9999 -9999 -9999 -9999 -9999 -9999 -9999 -9999 -9999 -9999 -9999 -9999 -9999 -9999 -9999 -9999 -9999 -9999 -9999 -9999 -9999 -9999 -9999 -9999 -9999 -9999 -9999 -9999 -9999 -9999 -9999 -9999 -9999 -9999 -9999 -9999 -9999 -9999 -9999 -9999 -9999 -9999 -9999 -9999 -9999 -9999 -9999
-9999 -9999 -9999 -9999 -9999 -9999 -9999 -9999 -9999 -9999 -9999 -9999 -9999 -9999 -9999 -9999 -9999 -9999 -9999 -9999 -9999 -9999 -9999 -9999 -9999 -9999 -9999 -9999 -9999 -9999 -9999 -9999 -9999 -9999 -9999 -9999 -9999 -9999 -9999 -9999 -9999 -9999 -9999 -9999 -9999 -9999 -9999 -9999 -9999 -9999 -9999 -9999 -9999 -9999 -9999 -9999 -9999 -9999 -9999 -9999 -9999 -9999 -9999 -9999 -9999 -9999 -9999 -9999 -9999 -9999 -9999
-9999 -9999 -9999 -9999 -9999 -9999 -9999 -9999 -9999 -9999 -9999 -9999 -9999 -9999 -9999 -9999 -9999 -9999 -9999 -9999 -9999 -9999 -9999 -9999 -9999 -9999 -9999 -9999 -9999 -9999 -9999 -9999 -9999 -9999 -9999 -9999 -9999 -9999 -9999 -9999 -9999 -9999 -9999 -9999 -9999 -9999 -9999 -9999 -9999 -9999 -9999 -9999 -9999 -9999 -9999 -9999 -9999 -9999 -9999 -9999 -9999 -9999 -9999 -9999 -9999 -9999 -9999 -9999 -9999 -9999 -9999
-9999 -9999 -9999 -9999 -9999 -9999 -9999 -9999 -9999 -9999 -9999 -9999 -9999 -9999 -9999 -9999 -9999 -9999 -9999 -9999 -9999 -9999 -9999 -9999 -9999 -9999 -9999 -9999 -9999 -9999 -9999 -9999 -9999 -9999 -9999 -9999 -9999 -9999 -9999 -9999 -9999 -9999 -9999 -9999 -9999 -9999 -9999 -9999 -9999 -9999 -9999 -9999 -9999 -9999 -9999 -9999 -9999 -9999 -9999 -9999 -9999 -9999 -9999 -9999 -9999 -9999 -9999 -9999 -9999 -9999 -9999
-9999 -9999 -9999 -9999 -9999 -9999 -9999 -9999 -9999 -9999 -9999 -9999 -9999 -9999 -9999 -9999 -9999 -9999 -9999 -9999 -9999 -9999 -9999 -9999 -9999 -9999 -9999 -9999 -9999 -9999 -9999 -9999 -9999 -9999 -9999 -9999 -9999 -9999 -9999 -9999 -9999 -9999 -9999 -9999 -9999 -9999 -9999 -9999 -9999 -9999 -9999 -9999 -9999 -9999 -9999 -9999 -9999 -9999 -9999 -9999 -9999 -9999 -9999 -9999 -9999 -9999 -9999 -9999 -9999 -9999 -9999
19.14680 19.12410 19.42560 19.52840 19.11780 19.34230 -9999 -9999 -9999 -9999 -9999 -9999 -9999 -9999 -9999 -9999 -9999 -9999 -9999 -9999 -9999 -9999 -9999 -9999 -9999 -9999 -9999 -9999 -9999 -9999 -9999 -9999 -9999 -9999 -9999 -9999 -9999 -9999 -9999 -9999 -9999 -9999 -9999 -9999 -9999 -9999 -9999 21.96440 -9999 -9999 -9999 -9999 -9999 -9999 -9999 -9999 -9999 -9999 -9999 -9999 -9999 -9999 -9999 -9999 -9999 -9999 -9999 -9999 -9999 -9999 -9999
19.10640 19.10750 19.11090 19.11280 19.11480 19.41690 19.70980 20.30920 20.91100 21.32720 22.27690 23.72670 23.58000 22.49630 22.26500 22.79620 22.99450 22.65420 31.75700 -9999 -9999 -9999 -9999 -9999 -9999 -9999 -9999 -9999 -9999 -9999 -9999 -9999 -9999 -9999 -9999 -9999 -9999 -9999 -9999 -9999 -9999 -9999 21.31210 20.70770 19.74050 19.13890 19.45410 19.60550 20.10850 -9999 -9999 -9999 19.95380 -9999 -9999 -9999 19.84850 20.20630 20.38700 -9999 -9999 -9999 -9999 -9999 -9999 -9999 -9999 -9999 -9999 -9999 -9999
20.90890 21.50740 22.10440 22.60580 23.30610 23.30680 23.30020 23.30970 23.38070 23.70640 23.72500 25.83310 26.21350 28.14320 29.02410 27.48980 26.30500 26.00180 24.08090 23.87670 23.65500 23.87370 24.40120 24.52500 23.60710 -9999 -9999 -9999 -9999 -9999 18.63920 18.22800 18.30630 20.55800 21.99470 21.29080 21.03300 20.19720 19.95760 19.83090 19.59250 19.12280 19.12300 19.15460 19.45950 19.51860 20.20300 20.35990 19.56890 19.65220 19.67580 19.78100 19.96280 20.11390 19.99250 20.11380 20.48730 21.31830 22.94470 22.74890 21.67090 20.77420 20.95270 20.09120 -9999 -9999 -9999 -9999 -9999 -9999 -9999
23.37290 23.55910 23.76390 24.21400 23.68720 23.92990 24.92400 26.69830 26.70730 25.20120 24.66580 135.95500 134.11501 136.42101 134.42400 134.87801 132.63800 19.92580 19.36100 19.79130 21.94370 22.45690 23.21880 23.47460 23.46960 23.41680 22.72250 22.77970 22.96210 22.81010 22.21100 18.47570 18.33900 18.38330 18.91750 19.14820 19.14260 19.14050 19.14160 19.13710 19.14930 19.15410 19.16320 19.21570 19.31330 19.31500 19.43250 19.40780 19.46250 19.44690 19.62030 19.72700 19.81380 19.95470 20.10840 20.09050 19.97730 20.08460 20.26820 20.31570 20.38750 20.53890 21.03170 21.72030 21.04410 20.62310 19.88910 19.99560 20.21800 20.43820 19.97470
28.53410 27.47460 28.86140 26.98100 26.05260 137.51700 134.07500 132.77699 132.81599 131.72200 131.50400 131.50101 131.61301 131.51199 131.50000 131.50000 131.50000 131.50000 131.59700 131.67400 131.83400 131.98801 132.21600 132.60699 130.08200 130.48000 25.02810 130.50200 23.20340 23.25520 24.98520 20.54200 18.36990 18.78740 19.13920 19.14570 19.16100 19.17200 19.16510 19.15540 19.17020 19.17940 19.17550 19.16410 19.16100 19.18800 19.23250 19.24780 19.28430 19.26420 19.32450 19.35040 19.38990 19.59560 19.70340 19.75560 19.67680 19.63680 19.85630 19.81820 19.93900 19.97680 20.82100 20.96140 20.05970 19.98750 19.77350 20.03880 20.37930 20.63340 20.23820
133.67101 133.66499 132.32100 132.92900 133.19000 131.72800 131.53400 131.51601 131.50000 131.50000 131.50101 131.50200 131.50000 131.50000 131.50000 131.50101 131.50101 131.50000 131.51401 131.50700 131.77901 132.13499 132.41200 130.36000 129.97099 130.03500 132.04601 132.24500 132.23000 23.11980 24.54780 23.68990 19.94150 17.95530 17.95840 17.96130 17.96740 17.96290 17.95990 17.96220 17.97350 17.98000 17.96710 17.97270 17.96570 17.98140 18.09790 18.14380 18.08080 18.51570 19.23800 19.25960 19.31880 19.33180 19.40440 19.51140 19.43350 19.52450 19.61410 19.56520 19.56040 18.55240 19.15240 19.58050 19.07960 19.22870 19.43950 19.86630 19.96930 20.04850 20.40730
133.44501 134.51401 135.36600 132.74800 132.01601 131.79300 131.52000 131.51900 131.50700 131.50200 131.50101 131.50000 131.50101 131.50000 131.50101 131.50101 131.50000 131.50101 131.69000 131.71100 131.73100 132.05099 131.72200 130.30400 129.91901 129.91299 129.81100 130.06300 131.98300 130.48000 22.68630 24.01110 23.20070 18.45280 18.79000 18.73350 18.74240 18.72120 18.75410 18.82000 19.09170 19.04420 19.23050 19.24910 18.89390 18.95590 19.05850 19.16620 19.03580 19.06340 19.30880 18.62450 18.72760 18.74890 18.11200 18.10380 18.13500 18.18280 18.26150 18.82610 18.87610 19.98880 20.04480 19.93550 19.58370 19.64530 19.96820 19.50240 21.56080 22.36010 22.48340
134.24001 139.34599 139.33800 133.39000 131.68100 131.51801 131.50400 131.50200 131.50000 131.50000 131.50000 131.50000 131.50000 131.50101 131.50101 131.50200 131.50500 131.50600 131.53999 131.52400 131.50500 131.51500 131.52800 131.51500 129.79900 129.87399 129.88600 129.90700 129.92900 129.98900 23.39640 22.82240 24.57860 24.79610 24.79370 21.80980 19.48290 18.77300 18.40920 18.40990 19.10900 19.06120 19.05130 19.05170 18.89480 18.94280 18.98520 19.05810 19.12190 19.17380 19.36440 19.30920 19.42950 19.38070 19.44530 19.34470 19.18060 19.14630 19.15850 19.07700 18.70840 19.46340 19.26520 19.33210 19.07230 19.17760 20.42360 22.19920 22.17030 22.24800 22.54360
133.82500 132.19400 131.54300 131.50101 131.50101 131.50000 131.50000 131.50000 131.50000 131.50000 131.50000 131.50000 131.50000 131.50200 131.50301 131.50200 131.50301 131.50200 131.54700 131.55299 131.50200 131.50101 131.50000 131.50000 131.50101 131.56799 129.87399 130.15700 129.90800 129.93600 24.83750 24.79800 24.80170 24.79420 24.79180 24.79130 24.79100 24.79120 24.79200 24.79270 24.58430 23.68210 23.38530 23.37960 20.62650 22.83820 23.43970 22.29460 19.53530 19.30470 19.48420 19.21780 19.30190 19.23130 19.28490 19.11520 18.89500 18.89340 18.93180 19.06260 21.27330 19.15570 19.16550 19.26920 18.97360 18.81520 21.86540 22.03340 21.94500 22.02110 22.26320
132.92300 131.55299 131.50800 131.50700 131.56400 132.25200 134.94000 136.69400 134.01401 132.32300 131.69200 131.51500 131.50999 131.50400 131.51100 131.51199 131.54300 131.51401 131.57201 131.61600 131.50000 131.50000 131.50000 131.50000 131.50000 23.33260 23.36310 23.41340 23.39780 23.91050 24.07680 24.49310 24.49630 24.03090 24.04970 23.73990 23.78410 23.80250 24.10610 23.69260 23.92760 23.91920 23.85950 23.26620 23.72650 23.69510 23.71530 23.90410 23.90550 24.11580 23.46590 22.67780 19.88020 19.43430 19.08790 19.05120 19.05910 19.15070 18.97850 19.17680 19.49110 19.03060 19.00010 19.00240 18.94440 18.97880 22.05870 22.07180 21.94340 22.03080 22.08980
132.09399 132.01801 132.63800 132.06700 131.62801 132.28600 134.31200 134.51601 134.21100 134.19299 133.47501 133.17400 132.92999 132.09900 132.12000 131.55800 131.52100 131.51300 131.60100 131.67300 131.52000 131.50000 23.30010 23.30070 23.30080 23.30080 23.31060 23.32810 23.36010 23.40360 23.47220 23.41080 23.46000 23.45700 23.51940 23.53230 23.57490 23.66990 23.61650 23.60890 23.88790 23.89030 23.79340 23.82540 23.96340 24.01250 23.84370 23.62380 23.58050 24.57880 24.02280 23.69120 23.61360 23.33150 19.43280 18.96890 18.93190 21.14750 18.94220 19.11370 19.14020 18.93570 18.95440 19.04800 18.97880 19.04010 20.14570 22.02860 21.87080 21.86440 21.90400
131.59300 131.65199 131.96400 131.97900 131.82001 131.68100 131.52000 131.55600 132.95599 133.06400 133.26900 133.07100 134.34000 134.38499 134.58701 132.96400 131.87000 131.50101 131.50101 131.73500 132.31100 131.73500 131.74100 131.80800 21.60040 22.60010 23.30020 23.40080 23.40900 23.53070 23.63360 23.85340 23.96460 23.99450 23.85370 23.79940 23.99970 24.03200 24.02870 23.95270 24.76280 24.64490 24.39340 24.57780 25.30630 25.34330 24.87320 24.70720 23.88340 23.72910 23.75880 23.35330 23.50800 23.34720 23.41980 18.78210 18.78320 18.87350 18.72900 18.74680 18.91190 19.02570 19.04980 18.99750 18.90310 18.83590 18.88020 19.91050 21.80550 21.78780 21.81610
131.52901 131.54700 131.56200 131.64101 131.98500 131.88699 132.50500 132.89700 132.57300 131.81400 131.88901 132.26601 133.09599 134.29300 135.10899 131.56900 131.50200 131.50000 131.50200 131.50900 131.52000 131.65800 131.50200 131.54500 131.52000 131.70000 131.50500 131.50000 23.00330 131.51900 131.52299 131.54700 131.52800 131.54201 131.52400 131.56900 24.08770 23.82580 131.98000 132.76100 24.53060 24.85270 24.52700 24.87800 24.99050 25.66670 25.45950 24.62010 24.15810 23.94360 23.84600 23.70580 23.31650 23.70290 23.59200 23.53210 18.89810 18.80350 18.71140 18.73780 18.83550 18.92190 18.90160 18.81120 18.80160 18.85770 18.87660 18.81920 18.63430 21.78380 21.80010
134.97000 137.04100 135.97900 135.81400 134.00500 143.37300 146.03999 145.50400 146.50200 147.39700 142.40700 145.38600 137.03999 132.05701 131.60500 131.51801 131.51601 131.50500 131.56400 131.50999 131.54601 131.53900 131.53600 131.58501 131.53900 131.55701 131.63901 131.65300 131.73700 131.86700 131.83000 131.64500 131.63499 131.64101 131.64600 131.73599 131.78400 131.99699 132.56799 133.48000 134.60201 134.98599 27.12840 28.83970 26.36380 25.93680 25.62330 26.19940 25.21600 24.56350 24.58470 24.40880 23.79120 23.47760 23.60980 23.51190 19.31540 19.21790 19.10400 19.12270 18.82520 18.91620 18.95070 18.96990 18.80480 18.73020 18.77440 18.75650 18.74120 18.73710 21.82980
149.49800 41.29080 36.76410 30.93540 144.16200 143.69600 31.02080 33.66580 35.05100 35.88300 148.32800 35.32120 70.68010 174.87399 152.64600 132.19800 131.50900 131.50600 132.16400 132.21400 132.06599 132.23801 131.79300 131.90300 131.52699 131.54900 131.56400 131.68900 131.66901 131.73399 131.69400 131.52699 131.51100 131.52299 131.50999 131.57100 131.82201 132.26300 132.82700 133.67799 134.44800 136.26801 28.58460 27.90620 25.85670 27.10160 28.51080 27.77750 25.39800 24.79610 25.04380 24.66470 24.13410 23.87530 23.88950 23.68700 21.32140 19.28750 19.13730 19.10640 18.85210 18.93920 18.88400 18.78760 18.68270 18.66830 18.68820 18.70870 18.71660 18.71010 21.77800
44.92260 43.29930 41.14870 37.95750 36.37400 36.27980 35.21290 25.62200 21.35710 20.76650 20.95450 21.12290 22.61130 30.41180 29.11820 140.97000 135.19000 131.50500 132.63400 132.62601 132.91000 133.45700 132.81300 131.94400 131.50101 131.50000 131.53300 131.57001 131.55000 131.61200 131.63100 131.52499 131.51100 131.50101 131.50101 131.51500 131.78900 132.19701 132.98399 133.94000 135.31900 136.50500 29.00210 29.30340 27.05340 27.93350 29.73100 30.51640 28.45320 29.15630 26.70260 25.76210 24.41460 23.93650 24.13160 23.61690 20.08320 19.65980 19.21050 19.12820 18.46030 18.55220 18.55610 18.56020 18.42960 18.69810 18.71070 19.28640 18.76520 19.92950 19.95570
35.71640 29.38300 40.01280 40.53390 38.85790 38.40480 35.45730 29.45780 23.09470 20.17200 18.83110 18.83470 36.12660 66.60940 66.08970 167.27100 166.82201 147.90300 148.75301 143.18100 139.19800 142.02200 135.74100 132.76100 131.76601 131.53400 131.51601 131.50000 131.51300 131.57001 131.53101 131.50101 131.50301 131.50301 131.50301 131.54900 132.02600 132.38200 133.11099 133.98900 135.84399 137.32500 138.95399 34.28200 26.67560 29.48260 29.72350 29.47710 30.20600 29.57990 27.97970 26.24090 24.62360 24.75430 24.01990 22.49840 20.91580 20.29230 19.48270 22.25340 20.73090 20.25850 20.16320 19.16180 18.53780 18.47760 18.71690 19.65790 20.00240 19.99140 20.02480
28.16270 23.44830 26.43940 35.10230 36.15860 33.40310 38.89430 43.28250 42.43980 31.74760 25.32840 23.47930 27.40260 57.55450 95.63730 241.97900 95.13890 89.79670 179.45100 171.04500 158.72701 162.91901 145.64101 134.51801 132.44200 131.85001 131.75500 131.86000 131.62900 131.67999 131.53799 131.50500 131.50301 131.50200 131.58400 131.81900 132.08701 132.72200 133.23399 133.98500 137.52901 30.37030 31.59710 36.89780 26.95010 28.14540 29.04240 28.25470 27.28750 25.68160 26.31890 26.08270 25.63960 26.10910 26.92330 22.82750 21.99790 21.09810 21.02130 20.94220 20.54390 22.00260 21.69750 21.56140 22.10910 22.04420 22.11830 21.86710 22.81100 20.73110 20.77000
33.35570 -9999 23.62450 36.44490 44.96900 50.07670 -9999 49.71130 51.25540 46.95940 42.89990 33.19900 48.77060 44.13660 52.22860 49.12940 36.75930 82.95670 94.52720 95.75680 235.57800 213.71899 185.58200 154.16901 140.42300 134.22099 24.74600 24.37770 24.59890 132.56200 132.13499 131.67200 131.51100 131.53300 131.69299 131.93401 132.59900 133.06900 133.79401 26.28320 27.80470 29.43280 32.20100 30.08090 26.62400 27.54380 27.66640 26.93830 26.49010 27.08520 27.10210 27.49170 28.86580 27.09020 27.03560 22.44770 21.32350 20.70920 20.35090 20.23890 19.88550 19.68290 19.65730 19.53060 19.40090 19.40240 19.38850 19.61990 19.92830 20.05840 20.53550
