data/hydroclimate-scenarios/1948-2000.Pcorr55N_Pref_Tref/monthly_summaries/soilm3_monthly_day1_dec.asc
ncols	311
nrows	91
xllcenter	102.75
yllcenter	31.75
cellsize	0.5
NODATA_value	-9999
[rows 32 to 63 of 91, columns 0 to 70 of 311]
-9999 -9999 -9999 -9999 -9999 -9999 -9999 -9999 -9999 -9999 -9999 23.41130 23.41300 23.43380 23.42280 23.44180 23.44460 23.46600 20.60500 20.89140 23.02170 23.47340 23.46750 23.46710 23.23000 23.00230 22.81450 21.63540 20.58970 18.64950 18.55400 18.54000 18.54960 18.55380 19.46240 20.74710 22.14590 23.04640 24.26620 24.27320 24.27140 24.28060 24.30460 24.30460 24.30030 24.29030 24.27940 24.26380 24.25560 24.25700 24.24860 24.26690 24.24940 24.38870 24.17560 24.16090 24.09140 23.99670 24.33860 24.24560 24.25350 24.25640 23.94180 22.60460 22.13000 23.79950 23.76750 23.75910 23.99400 23.21090 23.22340
-9999 -9999 -9999 -9999 -9999 -9999 -9999 -9999 -9999 -9999 -9999 23.42160 23.42910 23.42210 23.42840 23.44140 23.44640 23.47650 23.48480 23.50430 23.50630 23.50150 23.49830 23.29650 23.11380 22.89340 22.93010 22.87860 22.84740 22.16230 20.48740 19.85460 21.88000 23.65690 24.30500 24.25010 24.22300 24.30600 24.32860 23.70550 24.30120 24.50220 24.35560 24.37740 24.41000 24.37970 24.37060 24.30650 24.28520 24.27370 24.26140 24.26110 24.23940 24.32380 24.21950 24.25110 24.25890 24.25520 24.26700 24.27280 24.26750 23.04180 22.97990 24.24510 23.21850 23.90220 24.13030 23.08960 23.10530 23.21070 23.20810
-9999 -9999 -9999 -9999 -9999 -9999 -9999 -9999 -9999 -9999 -9999 -9999 23.12920 23.02830 23.03090 23.04800 23.45270 23.48980 23.50680 23.50830 23.44750 22.94350 23.03190 22.97920 23.02000 23.02370 22.97230 23.00640 22.93250 22.92620 22.95650 23.56930 24.26220 24.26410 24.08510 24.00530 23.42100 24.32490 24.45150 23.38570 23.60710 23.65550 24.16510 24.37920 24.40580 24.44820 24.39710 24.33310 24.31150 24.29010 24.25520 24.26490 24.25570 24.22850 24.22150 24.22860 24.23100 23.92910 23.13080 23.24070 23.09850 23.06080 23.07200 23.36130 23.56560 23.11510 23.80390 23.21350 23.34970 23.45320 23.22630
-9999 -9999 -9999 -9999 -9999 -9999 -9999 -9999 -9999 -9999 -9999 -9999 22.92790 23.02370 23.23070 23.34680 23.26460 23.41010 23.23640 22.93500 23.02060 23.06750 23.03510 22.99630 23.02220 23.00160 22.94380 23.00230 22.94410 22.88730 22.86170 24.09590 23.90940 23.15810 23.14570 22.86950 22.87360 23.66790 23.86510 23.00500 23.09730 22.96360 23.44700 24.51300 24.34540 24.07110 24.15500 23.75550 23.60810 23.61570 23.48000 23.54680 23.82700 24.24190 24.23840 24.05870 22.07970 23.16130 23.83010 23.27870 22.92520 23.07930 23.97270 24.39390 23.83460 23.29140 23.20050 23.25730 23.37330 23.49840 23.58630
-9999 -9999 -9999 -9999 -9999 -9999 -9999 -9999 -9999 -9999 -9999 -9999 23.31720 23.12200 23.35850 23.06090 23.11000 22.87730 22.89180 23.08200 23.03570 23.07590 23.04070 23.02080 23.01930 23.02110 22.98840 22.88210 22.90420 22.84850 22.73480 22.94280 22.86990 22.98950 22.96090 22.96160 22.92410 22.99020 22.97310 23.02910 23.13410 23.12460 23.30940 23.85480 23.42520 23.37860 23.35610 23.21940 23.17090 23.06000 23.00530 23.01690 22.96300 23.20350 23.12760 22.95630 22.84570 22.97640 22.87350 23.06480 22.90300 23.02310 23.01880 23.43220 23.79390 23.46750 23.27220 23.34700 23.50910 23.57900 23.67190
-9999 -9999 -9999 22.95180 22.95110 22.93190 22.92040 22.92760 22.93030 -9999 23.32330 23.44730 23.16040 22.82460 22.83360 22.94330 22.88340 22.72490 22.85360 23.03750 23.03340 23.03340 22.92460 22.82320 22.95950 23.00970 22.97950 22.98840 22.82470 22.69750 22.57730 22.67350 22.74500 22.91760 22.93040 22.37060 22.94160 22.99560 23.03010 23.05030 23.10990 23.22350 23.26510 23.35890 23.40070 23.40570 23.45810 23.18590 23.17660 23.16380 23.12090 23.08510 23.04020 23.09310 22.93030 22.97890 23.10260 22.84470 22.85140 22.87430 23.07670 22.87770 22.92970 23.19600 23.14450 23.07000 23.15530 23.34920 23.55890 23.70870 23.90260
-9999 -9999 -9999 22.58950 22.95470 22.95260 22.94600 22.84190 22.83400 23.30690 23.28150 23.03210 22.74390 22.74170 22.87400 22.84740 22.80130 22.58800 22.60840 22.62050 22.60600 22.65280 22.62380 22.63200 22.72040 22.94240 22.80630 22.65910 22.65150 22.79410 22.36690 22.66030 22.59710 22.66870 22.91400 22.85490 22.94720 23.11900 23.03470 23.23390 23.20880 23.18880 23.30870 23.41720 23.33400 23.39290 23.51040 23.28450 23.26690 23.18460 23.17210 23.26240 23.25000 23.24080 23.03110 23.22830 23.14370 23.10920 23.05680 23.25920 23.24790 23.35300 23.41960 23.40290 23.43900 23.33430 23.42100 23.45680 23.74190 23.87110 23.86950
-9999 -9999 -9999 22.55320 22.94740 22.84550 23.31590 23.22160 23.21500 23.16080 23.20260 23.06270 22.53750 22.52820 22.54460 22.52080 22.65410 22.68540 22.59120 22.58240 22.60840 22.72440 22.41500 22.92220 22.78190 22.84260 22.86910 22.80500 22.72050 22.84890 22.93290 22.79970 22.73340 22.74880 22.81080 22.76830 22.75930 22.93470 23.04450 23.12170 23.24150 23.20860 23.34870 23.45340 23.38970 23.40980 23.47790 23.25050 23.23620 23.41320 23.42490 23.28220 23.27650 23.25400 23.17720 23.24350 23.17120 23.14420 23.20330 23.43410 23.45240 23.49540 23.44300 23.55050 23.61500 23.67670 23.71870 23.51260 23.72220 23.72350 23.70950
-9999 -9999 -9999 22.66340 22.92590 22.76170 23.23620 23.26040 23.10540 23.04780 23.11230 22.61570 22.52160 22.56910 22.54020 22.69450 21.25020 18.45840 19.12370 19.95820 22.98090 22.94320 22.08990 19.89730 20.15830 23.05840 22.88830 22.73640 22.94040 23.00850 22.95560 22.72320 22.83680 22.95470 22.91400 22.95250 22.81660 22.72290 22.98390 23.06450 23.13770 23.37870 23.48560 23.47440 23.51110 23.58070 23.63040 23.39570 23.41460 23.37490 23.40370 23.32840 23.30000 23.25350 23.25190 23.30200 23.17190 23.16530 23.18150 23.55700 23.49920 23.49280 23.41830 23.33080 23.54840 23.65730 23.56210 23.45120 23.63040 23.71470 23.92980
-9999 -9999 -9999 22.43970 22.82000 22.86220 23.25870 23.17610 23.16800 23.11020 23.10700 22.83270 22.55560 22.62420 18.42890 18.41720 19.82380 21.22960 22.62380 22.81590 23.00080 20.08170 19.03430 22.91730 22.93820 22.77570 22.59820 22.62170 22.79960 22.89160 22.93130 22.88650 22.91500 22.83450 22.63690 22.94110 22.85270 22.48390 22.48840 22.77230 23.28600 23.21560 23.09260 23.12020 23.24010 23.27730 23.19750 23.22720 23.16860 23.03180 22.93410 22.98290 23.08500 23.00720 22.92040 23.11780 23.04350 23.02510 22.93430 23.25270 23.31490 23.28550 23.28820 23.58500 23.65130 23.69910 23.75200 23.71200 23.72200 23.88860 24.25550
-9999 -9999 -9999 -9999 23.01050 23.14640 23.13500 23.16080 23.06570 22.98810 23.02450 22.63480 22.65600 22.65620 -9999 -9999 -9999 -9999 -9999 20.53240 18.74390 18.63280 18.74030 22.60530 21.51200 22.10990 22.12850 22.18250 22.73530 22.70750 22.76510 22.83680 22.82520 22.59330 22.94090 22.90890 23.17490 22.60440 22.49790 22.92640 23.00560 23.34470 22.94310 22.83410 23.04480 23.24710 23.85680 23.50730 23.09030 20.30670 23.19060 23.12790 23.05280 22.81950 22.79890 22.98050 22.98560 22.95670 23.18700 23.13640 23.07130 23.14530 20.82920 23.20610 23.24660 21.40810 23.33280 23.32190 22.95360 -9999 -9999
-9999 -9999 22.44700 23.08320 23.17670 23.14520 23.14360 23.18830 23.07510 23.03760 23.05100 22.54650 22.63120 -9999 -9999 -9999 -9999 -9999 20.63010 18.63220 19.69290 22.72730 22.70270 22.80830 20.04480 18.62650 19.12080 22.66760 22.69310 22.59630 22.83750 22.74230 23.01660 22.91670 22.60740 23.15640 23.16240 22.83830 22.61990 22.58670 22.54060 22.65630 22.78750 22.71740 22.70040 22.72930 22.78990 22.79130 22.49940 18.66780 18.65050 18.72390 18.86780 18.75520 20.98580 23.18100 22.95370 23.12320 23.16400 23.14970 23.20460 23.23180 20.83580 19.22580 19.29660 19.40000 19.45520 -9999 -9999 -9999 -9999
-9999 -9999 23.25500 23.21790 23.12380 23.13040 23.22060 23.19730 23.09680 23.09480 22.58550 22.60250 22.57350 -9999 -9999 -9999 -9999 22.65670 22.83750 22.70630 23.20190 22.82600 21.74410 18.49490 19.43330 22.61640 22.69600 22.52560 22.45700 22.55140 22.53620 22.49340 22.58010 22.60700 23.03700 22.68280 22.65940 22.56870 22.64300 22.65350 22.70990 22.79310 22.89820 22.74560 23.05850 23.17240 23.18300 23.16910 23.05620 22.99970 20.33800 18.79320 18.79140 18.75620 18.72060 21.60020 23.13180 21.20610 20.35360 20.03550 19.23410 19.24390 19.29500 20.63790 21.98690 -9999 -9999 -9999 -9999 -9999 23.61800
-9999 -9999 23.04860 23.45860 23.26330 23.25290 23.46760 23.40610 23.13600 23.01780 22.63980 22.61030 22.51950 -9999 -9999 -9999 -9999 22.79700 22.74180 22.98010 22.04310 20.39320 19.82880 22.65000 22.65340 22.64360 22.54100 22.43200 22.44640 22.58690 22.59220 22.63240 22.57250 22.62080 22.64520 22.66040 22.59130 22.59560 22.61590 22.66030 22.78780 22.73330 22.81930 22.80030 22.74810 22.10540 22.21340 22.91550 23.32430 23.30640 22.39880 22.17280 20.98430 21.74200 21.30090 21.09430 22.25590 22.12830 23.12070 23.25140 19.26950 21.94500 23.37390 23.59340 23.59730 21.56510 19.52690 19.39370 19.50310 -9999 -9999
-9999 -9999 -9999 23.89940 23.32720 22.21320 22.31710 22.81380 22.73530 23.82550 25.53660 22.56690 -9999 -9999 -9999 -9999 22.67400 22.69110 22.65620 22.70590 22.82780 22.67680 22.97490 22.74180 22.64520 22.54560 22.57840 22.73320 22.63580 22.64930 22.59130 22.55950 22.59190 23.02060 23.45850 23.56350 23.00130 22.87930 22.62880 22.55780 22.61780 22.61480 22.99810 22.74350 22.26530 22.20950 21.09020 20.41480 21.05020 22.69430 21.89290 19.32890 19.37340 19.42900 19.44970 19.40440 19.51650 22.80440 23.48640 23.51670 23.50440 23.44150 23.50110 23.54050 23.56660 23.68440 19.73130 19.48090 19.63900 19.91540 -9999
-9999 -9999 -9999 -9999 23.00540 21.31890 22.73550 22.69280 22.72910 22.57500 22.54860 -9999 -9999 -9999 -9999 22.70130 22.79960 22.77620 22.40560 23.07570 23.14310 23.37900 23.56160 22.96900 22.48120 22.97900 23.57920 23.08870 23.66440 23.17840 23.15830 23.33720 23.45680 23.49480 23.48190 22.90910 22.71430 22.63680 22.70490 22.56280 22.58990 22.60550 22.66450 22.72580 22.68590 23.51100 23.82640 22.14500 21.55350 20.84430 23.22590 19.10470 19.23460 20.33300 19.60130 19.28100 19.49320 19.53550 19.60120 23.47890 23.54710 23.62290 23.63360 23.78600 23.71150 23.62250 19.65950 19.53740 19.43950 19.63180 19.73310
-9999 -9999 -9999 -9999 -9999 -9999 22.87540 23.04030 22.72330 22.84170 23.33880 -9999 -9999 -9999 -9999 -9999 23.12010 23.22330 22.77050 23.54250 23.46810 23.06580 22.80170 22.73150 23.33050 23.52650 21.51050 19.80620 19.80290 20.49100 22.74260 23.58120 23.16560 23.52500 23.41830 23.68650 22.93870 22.64230 22.64590 22.60730 22.62470 22.71020 22.73850 22.65600 22.92920 23.29850 23.87760 23.45880 22.12940 18.87360 19.07090 19.47080 23.32080 23.82240 22.31030 24.49780 19.51070 19.56950 19.68120 22.74650 23.66390 23.72320 23.66850 23.76880 23.80560 23.70920 20.22240 19.27920 19.28530 21.80450 23.31280
-9999 -9999 -9999 -9999 -9999 -9999 -9999 -9999 -9999 -9999 -9999 -9999 -9999 -9999 -9999 -9999 -9999 -9999 -9999 23.48700 22.70930 21.35760 23.02320 23.20030 22.15220 22.03800 21.16260 21.02850 21.60970 23.06130 23.58920 23.03740 22.64110 22.82290 23.39580 23.31470 22.64570 22.71680 22.68830 22.68000 22.64500 22.69950 22.77720 22.77110 22.66260 23.27280 23.27560 23.48450 22.58160 23.38610 23.65160 21.95570 19.98390 19.68650 19.22640 19.34090 23.79660 22.83440 23.90310 23.80710 20.91560 19.97940 23.86550 23.83590 23.99610 21.12770 19.48750 19.26830 19.23980 19.51540 23.12150
-9999 -9999 -9999 -9999 -9999 -9999 -9999 -9999 -9999 -9999 -9999 -9999 -9999 -9999 -9999 -9999 -9999 -9999 23.18850 21.77160 21.83810 23.39720 23.42000 23.45490 22.23930 21.47040 21.23700 21.65580 23.23470 23.46950 23.49150 23.46640 23.53180 23.50650 23.04170 22.62910 22.53760 22.62180 22.56090 22.70440 22.65200 22.66370 22.68680 22.92640 23.34870 23.78130 23.40190 23.11940 23.06980 22.50440 22.65570 23.56530 23.65340 23.92830 19.79880 19.68780 22.79130 23.17030 20.58780 22.93450 19.77230 19.71270 22.26440 22.64490 19.85820 21.10840 22.90550 19.27900 19.63640 19.49410 21.81300
-9999 -9999 -9999 -9999 -9999 -9999 -9999 -9999 -9999 -9999 -9999 -9999 -9999 -9999 -9999 -9999 -9999 23.44230 22.36300 23.30050 23.41820 23.30890 22.74100 22.20530 22.24440 22.52150 21.23720 21.26860 22.28180 22.20800 22.56430 21.80270 21.88820 22.17420 21.71590 22.27730 22.77190 22.68970 22.66020 22.63300 23.26600 23.41040 23.47500 23.69820 23.48690 23.45860 23.61060 23.21590 23.42370 22.47920 21.53520 19.69170 23.34230 24.05390 23.81280 24.10900 23.81800 23.72000 23.74240 24.03330 22.15190 20.25350 22.03710 21.04270 24.30720 24.06190 23.01260 23.27540 21.87160 21.94050 24.63440
-9999 -9999 -9999 -9999 -9999 -9999 -9999 -9999 -9999 -9999 -9999 -9999 -9999 -9999 -9999 -9999 -9999 22.82880 23.42490 23.52990 23.04020 21.81850 22.34520 22.51550 23.30490 24.61370 23.71120 23.90600 22.40310 22.29700 20.80910 20.69720 21.24020 22.02500 21.28780 21.08890 21.81870 22.52850 22.63050 22.63520 23.50770 23.45220 23.56530 23.35870 23.60900 23.52050 23.56960 23.12280 23.31420 23.30090 20.17720 19.27960 19.40020 20.12560 22.89010 24.28280 24.24200 23.95310 23.39810 22.66700 24.19120 24.11520 24.12050 24.15750 23.99980 24.02900 24.00480 22.59870 22.61400 24.44580 24.71670
-9999 -9999 -9999 -9999 -9999 -9999 -9999 -9999 -9999 -9999 -9999 -9999 -9999 -9999 -9999 -9999 22.72040 22.76070 23.47270 22.72100 21.65900 23.13290 23.92010 24.31110 24.60120 24.30370 24.30460 24.70380 24.10280 23.00250 22.80450 23.20600 23.36320 20.95590 20.58520 20.77490 22.06670 22.66300 22.56420 22.66260 23.50600 23.42240 23.38950 23.48830 23.26240 23.34280 23.50900 23.11830 23.11600 23.67260 21.21590 20.05710 19.74370 20.51980 22.73050 24.23190 24.30370 23.98010 19.65330 23.88530 24.21170 24.31660 24.42670 24.59680 24.02980 20.01530 19.95550 19.95560 22.69230 24.49830 25.03250
-9999 -9999 -9999 -9999 -9999 -9999 -9999 -9999 -9999 -9999 -9999 -9999 -9999 23.47370 23.36310 22.85590 22.87740 22.81720 22.35590 21.97930 23.42430 24.43290 24.40830 23.90740 24.40350 24.70030 24.70070 24.70000 24.70000 24.70000 23.00730 22.53130 23.90010 23.30010 21.51230 20.40580 21.62350 22.04030 22.30480 23.20660 23.10330 23.20190 23.14520 23.10050 22.71660 22.28460 22.84260 22.35630 22.39770 23.13480 23.24670 23.39230 23.42900 23.40250 22.67920 19.41740 22.00250 23.47280 20.76100 21.69970 23.67040 23.31090 24.89810 22.31200 22.19450 23.45090 21.29740 23.62460 21.41860 26.10080 26.48630
-9999 -9999 -9999 -9999 -9999 -9999 -9999 -9999 -9999 -9999 -9999 -9999 23.26480 23.30720 22.52470 22.57670 23.10080 23.35760 23.84570 23.60560 22.90760 21.80790 21.90420 22.80430 24.00160 23.60010 23.70010 24.20000 22.30100 23.00350 21.40030 22.90230 23.10560 23.81120 22.51650 20.50460 22.20000 22.30030 22.70290 23.10230 23.10190 23.10100 23.03380 22.60480 21.93560 22.24850 22.97450 22.31650 22.06840 21.73990 23.43850 23.22460 23.78390 23.31550 23.58610 23.32500 23.65390 19.05270 20.94390 20.79750 23.30100 21.48620 20.42900 22.17890 22.44110 25.53610 25.70890 21.52360 23.15660 26.34310 26.45620
-9999 -9999 -9999 -9999 -9999 -9999 -9999 -9999 -9999 -9999 -9999 22.89950 23.35730 22.71820 23.42880 23.80780 23.50550 22.30830 21.51100 21.60570 21.30330 21.40060 21.30060 21.10060 21.10050 21.10020 20.92040 23.00470 22.80220 22.60730 21.50060 23.00000 24.20000 23.80000 22.70000 21.81040 22.30040 22.40120 22.80320 23.10170 23.10060 22.80890 22.25050 21.92390 21.72090 21.83450 21.74100 21.86830 22.01000 22.31920 22.69390 23.29250 23.22130 23.66020 23.25490 23.24030 23.69150 23.34160 18.66930 19.41940 20.00040 22.66650 21.49610 22.97310 25.53580 23.98850 24.38890 21.86500 26.28100 26.29010 26.33080
-9999 -9999 -9999 -9999 -9999 -9999 -9999 -9999 -9999 -9999 23.63100 22.52780 23.70780 23.30900 22.90310 21.90080 21.40020 21.10040 21.10060 21.10030 21.10030 21.10020 21.10030 21.10020 21.10000 21.10010 21.10010 21.40620 20.70180 21.10000 21.10000 23.70000 23.40000 20.31110 20.20330 21.61280 22.30070 22.40140 23.00330 23.10240 22.80250 21.82600 21.50580 21.20480 20.50590 21.33500 21.84280 21.54650 21.99560 22.06160 22.46140 23.09620 23.69900 23.14930 23.24670 23.27980 22.68700 20.38920 19.46510 23.17930 23.55530 22.92970 22.18490 24.46790 25.30360 24.43750 25.50860 26.49700 26.47670 26.38650 26.43860
-9999 -9999 -9999 -9999 -9999 -9999 -9999 -9999 -9999 22.00010 21.20000 21.10000 22.20010 21.40010 21.70000 21.10010 21.10000 21.10000 21.10000 21.10000 21.30000 21.10000 21.80000 21.80000 21.30000 21.10000 21.10000 21.70000 21.10000 21.70000 21.90000 21.50000 24.50000 24.70000 20.60540 22.14160 22.30330 22.80200 23.00070 22.53700 20.31540 21.10410 21.10750 20.65030 19.50250 20.10440 21.31600 22.02310 21.61750 21.89040 22.17230 23.83560 23.49020 25.19760 24.56700 23.25850 22.93190 23.06540 23.16290 23.50980 23.70150 23.26610 22.67570 24.80430 25.04660 25.50210 26.56330 28.58820 28.75300 28.68140 29.00640
-9999 -9999 -9999 -9999 -9999 -9999 -9999 -9999 -9999 -9999 22.40000 21.40000 21.40000 21.10000 21.10000 21.10000 21.10000 21.10000 21.10000 21.50000 22.00000 21.30000 21.70000 -9999 -9999 -9999 -9999 -9999 -9999 23.90010 25.40060 24.50000 24.00000 24.30000 22.70000 22.23250 22.27120 23.00030 23.10030 23.00300 20.82650 21.42940 22.39520 20.07650 19.62160 19.88630 20.53150 21.81090 22.23210 22.28380 22.89250 23.23510 23.47550 24.08380 24.57460 23.12990 22.88010 22.99950 22.80180 23.48470 23.28730 22.80860 23.90920 19.90240 24.91430 26.12980 27.46910 28.58170 28.30920 28.77780 28.83010
-9999 -9999 -9999 -9999 -9999 -9999 -9999 -9999 -9999 -9999 -9999 -9999 21.70000 21.10000 21.10000 21.10000 21.10000 21.10000 21.40000 -9999 -9999 -9999 -9999 -9999 -9999 -9999 -9999 -9999 -9999 -9999 -9999 -9999 -9999 24.80000 22.90720 21.91560 20.61360 21.71850 23.40010 25.10060 21.95410 20.71850 21.84300 21.01280 19.91300 19.75050 20.03910 20.84400 21.68030 21.59940 21.77210 23.80100 24.07610 24.45830 23.43410 22.83560 23.15210 23.31350 23.07800 23.34600 22.76570 22.34820 24.04010 24.12010 25.10460 26.35200 28.01910 28.75870 28.96830 29.38790 30.05880
-9999 -9999 -9999 -9999 -9999 -9999 -9999 -9999 -9999 -9999 -9999 -9999 -9999 -9999 -9999 -9999 -9999 -9999 -9999 -9999 -9999 -9999 -9999 -9999 -9999 -9999 -9999 -9999 -9999 -9999 -9999 -9999 -9999 -9999 22.30860 20.50470 20.70490 20.30510 22.90000 21.42430 22.12590 21.40970 21.11490 21.98640 20.19450 20.52550 21.23820 21.62730 22.20650 22.01160 22.42990 23.87510 22.99730 23.65060 23.86890 23.27130 23.13270 23.36420 23.32600 23.24540 21.62180 23.89910 23.85900 24.11570 25.15530 26.02780 28.12920 28.84350 29.04210 29.62530 31.81710
-9999 -9999 -9999 -9999 -9999 -9999 -9999 -9999 -9999 -9999 -9999 -9999 -9999 -9999 -9999 -9999 -9999 -9999 -9999 -9999 -9999 -9999 -9999 -9999 -9999 -9999 -9999 -9999 -9999 -9999 -9999 -9999 -9999 -9999 21.91280 20.30940 20.41530 23.05640 25.10060 19.80510 20.00310 20.13560 19.91730 20.00830 22.35340 21.31880 21.22750 21.63310 21.86070 22.03530 22.32410 21.87240 23.23680 23.80960 23.90460 23.35120 22.96810 23.03160 23.10800 23.46090 21.38100 19.81910 21.90480 24.22400 25.07450 28.03440 28.49540 29.79280 30.54920 30.65910 -9999
-9999 -9999 -9999 -9999 -9999 -9999 -9999 -9999 -9999 -9999 -9999 -9999 -9999 -9999 -9999 -9999 -9999 -9999 -9999 -9999 -9999 -9999 -9999 -9999 -9999 -9999 -9999 -9999 -9999 -9999 -9999 -9999 -9999 -9999 -9999 -9999 -9999 -9999 21.11670 19.80470 19.40220 19.30370 19.87020 19.99030 20.70640 21.83000 22.38160 21.75080 21.86740 22.26180 21.84430 22.44540 22.43920 23.56230 23.64050 23.01660 23.11380 23.11300 23.35760 20.95780 19.50040 23.28200 24.24310 24.99310 27.16920 28.35830 29.09510 29.67810 30.76650 -9999 -9999
