data/hydroclimate-scenarios/1948-2000.Pcorr55N_Pref_Tref/monthly_summaries/soilm3_monthly_day1_jul.asc
ncols	311
nrows	91
xllcenter	102.75
yllcenter	31.75
cellsize	0.5
NODATA_value	-9999
[rows 0 to 31 of 91, columns 0 to 70 of 311]
-9999 -9999 -9999 -9999 -9999 -9999 -9999 -9999 -9999 -9999 -9999 -9999 -9999 -9999 -9999 -9999 -9999 -9999 -9999 -9999 -9999 -9999 -9999 -9999 -9999 -9999 -9999 -9999 -9999 -9999 -9999 -9999 -9999 -9999 -9999 -9999 -9999 -9999 -9999 -9999 -9999 -9999 -9999 -9999 -9999 -9999 -9999 -9999 -9999 -9999 -9999 -9999 -9999 -9999 -9999 -9999 -9999 -9999 -9999 -9999 -9999 -9999 -9999 -9999 -9999 -9999 -9999 -9999 -9999 -9999 -9999
-9999 -9999 -9999 -9999 -9999 -9999 -9999 -9999 -9999 -9999 -9999 -9999 -9999 -9999 -9999 -9999 -9999 -9999 -9999 -9999 -9999 -9999 -9999 -9999 -9999 -9999 -9999 -9999 -9999 -9999 -9999 -9999 -9999 -9999 -9999 -9999 -9999 -9999 -9999 -9999 -9999 -9999 -9999 -9999 -9999 -9999 -9999 -9999 -9999 -9999 -9999 -9999 -9999 -9999 -9999 -9999 -9999 -9999 -9999 -9999 -9999 -9999 -9999 -9999 -9999 -9999 -9999 -9999 -9999 -9999 -9999
-9999 -9999 -9999 -9999 -9999 -9999 -9999 -9999 -9999 -9999 -9999 -9999 -9999 -9999 -9999 -9999 -9999 -9999 -9999 -9999 -9999 -9999 -9999 -9999 -9999 -9999 -9999 -9999 -9999 -9999 -9999 -9999 -9999 -9999 -9999 -9999 -9999 -9999 -9999 -9999 -9999 -9999 -9999 -9999 -9999 -9999 -9999 -9999 -9999 -9999 -9999 -9999 -9999 -9999 -9999 -9999 -9999 -9999 -9999 -9999 -9999 -9999 -9999 -9999 -9999 -9999 -9999 -9999 -9999 -9999 -9999
-9999 -9999 -9999 -9999 -9999 -9999 -9999 -9999 -9999 -9999 -9999 -9999 -9999 -9999 -9999 -9999 -9999 -9999 -9999 -9999 -9999 -9999 -9999 -9999 -9999 -9999 -9999 -9999 -9999 -9999 -9999 -9999 -9999 -9999 -9999 -9999 -9999 -9999 -9999 -9999 -9999 -9999 -9999 -9999 -9999 -9999 -9999 -9999 -9999 -9999 -9999 -9999 -9999 -9999 -9999 -9999 -9999 -9999 -9999 -9999 -9999 -9999 -9999 -9999 -9999 -9999 -9999 -9999 -9999 -9999 -9999
-9999 -9999 -9999 -9999 -9999 -9999 -9999 -9999 -9999 -9999 -9999 -9999 -9999 -9999 -9999 -9999 -9999 -9999 -9999 -9999 -9999 -9999 -9999 -9999 -9999 -9999 -9999 -9999 -9999 -9999 -9999 -9999 -9999 -9999 -9999 -9999 -9999 -9999 -9999 -9999 -9999 -9999 -9999 -9999 -9999 -9999 -9999 -9999 -9999 -9999 -9999 -9999 -9999 -9999 -9999 -9999 -9999 -9999 -9999 -9999 -9999 -9999 -9999 -9999 -9999 -9999 -9999 -9999 -9999 -9999 -9999
-9999 -9999 -9999 -9999 -9999 -9999 -9999 -9999 -9999 -9999 -9999 -9999 -9999 -9999 -9999 -9999 -9999 -9999 -9999 -9999 -9999 -9999 -9999 -9999 -9999 -9999 -9999 -9999 -9999 -9999 -9999 -9999 -9999 -9999 -9999 -9999 -9999 -9999 -9999 -9999 -9999 -9999 -9999 -9999 -9999 -9999 -9999 -9999 -9999 -9999 -9999 -9999 -9999 -9999 -9999 -9999 -9999 -9999 -9999 -9999 -9999 -9999 -9999 -9999 -9999 -9999 -9999 -9999 -9999 -9999 -9999
-9999 -9999 -9999 -9999 -9999 -9999 -9999 -9999 -9999 -9999 -9999 -9999 -9999 -9999 -9999 -9999 -9999 -9999 -9999 -9999 -9999 -9999 -9999 -9999 -9999 -9999 -9999 -9999 -9999 -9999 -9999 -9999 -9999 -9999 -9999 -9999 -9999 -9999 -9999 -9999 -9999 -9999 -9999 -9999 -9999 -9999 -9999 -9999 -9999 -9999 -9999 -9999 -9999 -9999 -9999 -9999 -9999 -9999 -9999 -9999 -9999 -9999 -9999 -9999 -9999 -9999 -9999 -9999 -9999 -9999 -9999
-9999 -9999 -9999 -9999 -9999 -9999 -9999 -9999 -9999 -9999 -9999 -9999 -9999 -9999 -9999 -9999 -9999 -9999 -9999 -9999 -9999 -9999 -9999 -9999 -9999 -9999 -9999 -9999 -9999 -9999 -9999 -9999 -9999 -9999 -9999 -9999 -9999 -9999 -9999 -9999 -9999 -9999 20.64630 20.40910 20.78810 20.56930 20.55180 20.66210 20.41950 21.11760 20.75470 22.36410 -9999 -9999 -9999 -9999 -9999 -9999 -9999 -9999 -9999 -9999 -9999 -9999 -9999 -9999 -9999 -9999 -9999 -9999 -9999
-9999 -9999 -9999 -9999 -9999 -9999 -9999 -9999 -9999 -9999 -9999 -9999 -9999 -9999 -9999 -9999 -9999 -9999 -9999 -9999 -9999 -9999 -9999 -9999 -9999 -9999 -9999 -9999 -9999 -9999 -9999 -9999 -9999 -9999 -9999 -9999 -9999 -9999 21.88970 22.66990 22.41420 22.45600 22.13010 21.18220 21.40480 20.31860 19.67340 19.70220 20.74970 21.37830 23.21820 25.96850 25.37610 23.81380 -9999 -9999 -9999 -9999 -9999 -9999 -9999 -9999 -9999 -9999 -9999 -9999 -9999 -9999 -9999 -9999 -9999
-9999 -9999 -9999 -9999 -9999 -9999 -9999 -9999 -9999 -9999 -9999 -9999 -9999 -9999 -9999 -9999 -9999 -9999 -9999 -9999 -9999 -9999 -9999 -9999 -9999 -9999 -9999 -9999 -9999 -9999 -9999 -9999 -9999 -9999 -9999 -9999 -9999 -9999 -9999 -9999 21.24960 21.24620 21.63780 21.64510 22.02270 22.77610 21.74610 21.96130 19.74830 19.53320 19.67170 24.12300 25.16750 23.59920 -9999 -9999 -9999 -9999 -9999 -9999 -9999 -9999 -9999 -9999 -9999 -9999 -9999 -9999 -9999 -9999 -9999
-9999 -9999 -9999 -9999 -9999 -9999 -9999 -9999 -9999 -9999 -9999 -9999 -9999 -9999 -9999 -9999 -9999 -9999 -9999 -9999 -9999 -9999 -9999 -9999 -9999 -9999 -9999 -9999 -9999 -9999 -9999 -9999 -9999 -9999 -9999 -9999 -9999 -9999 -9999 -9999 -9999 -9999 -9999 -9999 21.40310 21.91300 22.72410 23.70400 23.42030 21.26430 22.11810 25.30960 23.88770 24.03650 -9999 -9999 -9999 -9999 -9999 -9999 19.54880 -9999 -9999 -9999 -9999 -9999 -9999 -9999 -9999 -9999 -9999
-9999 -9999 -9999 -9999 -9999 -9999 -9999 -9999 -9999 -9999 -9999 -9999 -9999 -9999 -9999 -9999 -9999 -9999 -9999 -9999 -9999 -9999 -9999 -9999 -9999 -9999 -9999 -9999 -9999 -9999 -9999 -9999 -9999 -9999 -9999 -9999 -9999 -9999 -9999 -9999 -9999 21.46850 21.39650 21.84200 21.72940 21.29020 21.70850 22.33620 21.78850 21.25050 21.46590 25.31720 24.16970 24.10110 -9999 -9999 -9999 -9999 -9999 21.06880 21.47800 22.50160 22.23630 20.51630 20.91560 21.67700 22.48910 23.68530 22.33950 22.50740 21.69620
-9999 -9999 -9999 -9999 -9999 -9999 -9999 -9999 -9999 -9999 -9999 -9999 -9999 -9999 -9999 -9999 -9999 -9999 -9999 -9999 -9999 -9999 -9999 -9999 -9999 -9999 -9999 -9999 -9999 -9999 -9999 -9999 -9999 -9999 -9999 -9999 -9999 -9999 -9999 -9999 -9999 22.29740 21.61810 21.69430 21.22490 21.38570 21.97260 22.00240 21.53810 22.11660 22.95580 28.69290 26.71620 25.69000 24.50760 26.49510 23.74960 -9999 21.96650 23.97020 23.92800 23.71810 23.52990 22.62620 23.14830 23.70090 22.77230 22.53290 21.78800 20.88270 20.52740
-9999 -9999 -9999 -9999 -9999 -9999 -9999 -9999 -9999 -9999 -9999 -9999 -9999 -9999 -9999 -9999 -9999 -9999 -9999 -9999 -9999 -9999 -9999 -9999 -9999 -9999 -9999 -9999 -9999 -9999 -9999 -9999 -9999 -9999 -9999 24.34890 22.29710 21.38710 21.41390 20.80130 20.73830 20.63950 20.83830 21.06340 21.46380 21.47580 20.87640 21.20180 22.96600 24.36770 24.40920 28.96720 30.48700 27.72920 25.71300 28.49950 26.41210 24.56150 24.55890 23.94920 23.57860 23.07850 23.01350 23.33610 23.29680 23.70460 23.57560 23.21970 22.95520 22.30240 22.30110
-9999 -9999 -9999 -9999 -9999 -9999 -9999 -9999 -9999 -9999 -9999 -9999 -9999 -9999 -9999 -9999 -9999 -9999 -9999 -9999 -9999 -9999 -9999 -9999 -9999 -9999 -9999 -9999 -9999 -9999 -9999 -9999 -9999 -9999 24.46150 24.00980 23.47780 23.14240 21.44680 20.91300 20.82480 20.65800 20.80980 21.58840 21.36410 20.59360 20.56080 21.81570 24.64670 25.25230 25.71640 25.22600 26.41710 25.71570 24.84980 28.68880 25.73600 25.06650 24.48570 23.94790 23.42910 23.48070 23.79390 24.38130 23.99230 23.72660 23.32280 23.36220 23.59960 23.59310 23.87540
-9999 -9999 -9999 -9999 -9999 -9999 -9999 -9999 -9999 -9999 -9999 -9999 -9999 -9999 -9999 -9999 -9999 -9999 -9999 -9999 -9999 -9999 -9999 -9999 -9999 -9999 -9999 -9999 -9999 -9999 -9999 -9999 -9999 24.38960 24.23360 23.14500 23.15310 22.47450 21.44660 20.53570 20.66610 20.68740 21.67920 21.60620 20.64790 20.90930 22.03580 22.66340 24.60450 25.66170 26.45660 27.74830 26.68020 25.71660 23.94130 27.39850 26.58000 24.10180 23.62780 23.56710 23.87140 23.64500 23.56310 23.71000 23.78950 23.58740 23.25700 23.69440 23.85720 23.91580 23.22490
-9999 -9999 -9999 -9999 -9999 -9999 -9999 -9999 -9999 -9999 -9999 -9999 -9999 -9999 -9999 -9999 -9999 -9999 -9999 -9999 -9999 -9999 -9999 -9999 -9999 -9999 -9999 -9999 -9999 -9999 -9999 24.02340 22.24870 21.76910 21.72100 22.91510 22.11330 21.41450 20.63110 20.65730 20.75350 20.89330 21.53910 20.90030 20.52860 21.35920 23.59050 23.74920 24.31100 24.91120 26.33570 27.40150 27.69210 26.39600 24.95170 27.68860 25.13740 24.20450 24.71420 23.86710 23.77140 23.77870 23.59550 23.62940 23.68780 23.82730 23.68770 23.18980 23.07100 23.33290 23.97620
-9999 -9999 -9999 -9999 -9999 -9999 -9999 -9999 -9999 -9999 -9999 -9999 -9999 -9999 -9999 -9999 -9999 -9999 -9999 -9999 -9999 -9999 -9999 -9999 -9999 -9999 -9999 -9999 -9999 21.21380 22.44160 21.24870 20.41510 20.34470 20.27090 20.30080 21.35330 23.37860 21.54890 20.31790 20.81390 21.46570 20.37120 20.26260 20.31550 20.56970 21.31560 23.54430 25.40430 26.22720 26.99800 26.38480 27.09130 25.44280 25.46640 28.30810 24.71180 24.10790 23.42250 22.99930 23.49420 23.42510 23.39390 23.53110 23.61180 23.51470 23.87740 24.11200 24.19900 24.33770 23.42020
-9999 -9999 -9999 -9999 -9999 -9999 -9999 -9999 -9999 -9999 -9999 -9999 -9999 -9999 -9999 -9999 -9999 -9999 -9999 -9999 -9999 -9999 -9999 -9999 22.09040 21.73880 21.23820 20.65470 20.46410 19.95140 20.01760 19.92910 19.99400 19.97820 19.97710 20.29660 23.00720 21.58800 20.67400 20.20850 20.42690 21.20470 20.32070 20.02610 20.00990 20.11820 20.47110 21.45540 23.75420 25.35340 25.16740 33.67060 32.63130 28.05240 25.63300 25.73460 24.27620 23.71980 23.53790 23.53380 23.72750 23.63390 23.48080 23.33280 23.33460 23.40020 23.51330 23.25220 23.20770 23.62820 26.14190
-9999 -9999 -9999 -9999 -9999 -9999 25.29600 25.66370 25.97190 25.67060 25.11640 -9999 -9999 -9999 -9999 -9999 -9999 -9999 -9999 -9999 -9999 22.43810 21.10040 21.27360 22.38560 21.29150 20.39390 20.06770 20.05520 19.97680 19.94030 19.95330 19.97820 19.92430 19.95090 19.87830 19.94920 20.18940 22.36130 20.03680 20.40870 20.46140 21.11550 19.95500 19.94980 20.03650 20.35420 22.38640 24.53690 25.05360 25.82320 32.28760 32.44300 27.92350 24.80410 24.59590 24.12190 23.48770 23.54270 23.65550 23.63140 23.54090 23.45340 23.57730 23.67770 22.86680 22.83980 22.93190 22.94130 22.94140 23.09780
-9999 -9999 -9999 -9999 -9999 25.16960 25.42520 27.01260 25.70380 26.13790 25.93690 26.62740 26.07190 26.21930 -9999 -9999 -9999 24.20890 23.83490 22.45760 21.70810 21.06230 20.87980 20.05620 19.79960 19.45830 19.19310 19.09340 18.98480 18.98240 19.11810 19.10640 19.31430 19.30980 19.14640 19.05100 19.14020 19.22850 19.16660 19.02080 19.02570 19.12920 20.85600 20.11680 18.98860 19.15000 20.01600 21.62400 23.95890 24.93880 25.26340 29.27750 28.58760 25.33410 24.41570 25.01290 24.28050 23.42910 23.03060 22.98270 22.96640 23.01800 22.91050 22.89000 23.15260 23.66700 23.34260 23.18570 23.02510 23.13860 23.29760
-9999 26.98980 25.39400 20.74600 20.92190 25.19370 25.98110 25.81310 26.13610 25.72090 26.13280 26.13660 26.46430 25.70470 25.33790 24.31010 23.82150 24.08620 24.26240 23.67330 22.81310 20.75150 21.16620 19.10790 18.82000 18.97850 18.93900 18.85460 18.83600 18.76300 18.69970 18.67420 18.64450 18.65860 18.68530 18.70280 18.71270 18.71210 18.65610 18.70680 18.71840 18.79590 19.43860 20.83210 18.87410 18.90390 18.85980 20.06900 22.34310 22.99360 23.83150 29.42980 28.06560 27.84840 26.14280 26.09720 24.58480 23.19260 23.21130 23.13430 22.92480 23.11520 23.23370 23.16700 23.56900 23.67060 23.30350 23.40790 23.10690 23.63920 25.28040
-9999 28.92150 28.49660 25.20080 25.06220 24.46320 23.63190 23.78550 23.32030 24.15850 24.64330 24.55520 24.74290 24.33420 24.36500 24.29090 24.67050 24.32830 24.11880 23.91650 22.90710 22.17600 24.05210 19.85910 19.04910 18.92250 18.88290 18.86750 18.87760 18.85880 18.76360 18.72140 18.69050 18.66770 19.29480 18.74920 18.77850 18.74990 18.73080 18.60700 18.62500 18.60600 18.58640 21.04570 19.49560 18.70820 18.64720 18.98700 19.24690 20.61270 21.90710 25.06510 25.00110 26.28330 25.71540 24.84750 23.90170 23.50890 23.22700 22.59250 22.99450 23.09260 23.15550 22.96470 23.23080 23.89540 23.83430 23.29030 23.32820 23.51730 23.71680
-9999 -9999 -9999 21.90770 22.29670 21.25230 20.76990 20.61480 20.43150 20.39840 24.61380 24.26950 24.35120 24.43670 24.18500 24.08230 24.35580 23.87980 24.10510 24.41400 24.55460 24.28930 23.28220 19.51900 19.06900 18.91150 18.82840 18.75280 18.68490 18.69090 18.64620 18.62830 19.13060 19.31710 20.23370 21.13090 18.37190 18.39460 19.76720 21.07330 20.27940 20.34500 23.60730 23.37690 21.92230 20.80710 19.78900 19.13480 19.23300 20.59270 23.13950 24.22870 24.14560 25.59890 24.41840 25.40080 24.11710 23.67920 23.79360 22.79630 23.11280 23.43950 23.55940 23.46990 23.27130 23.24680 23.13900 23.29490 23.71520 24.38930 24.51850
-9999 -9999 -9999 -9999 -9999 -9999 21.68740 22.28840 23.03270 23.59920 24.37450 24.42060 24.36550 24.18260 23.99210 24.02630 24.05970 24.22400 23.97280 23.58550 22.14610 20.41430 19.16730 19.08470 18.94190 18.86080 18.72330 20.04610 21.29720 18.99190 18.61180 18.60540 20.76270 22.85550 19.43790 22.73530 22.12860 20.75970 23.82780 23.97810 23.98330 23.19180 22.79780 23.17560 23.34540 23.65840 22.18990 21.46230 20.61780 19.89860 21.10360 21.92140 21.59290 23.46490 23.53380 21.80480 24.39370 25.03990 25.38550 24.40490 23.89320 24.32440 23.63660 23.50330 24.01470 24.10190 23.32220 23.68390 24.50680 24.67750 25.27370
-9999 -9999 -9999 -9999 -9999 -9999 24.37910 24.45330 24.19500 24.47980 24.27780 24.14150 24.05690 23.87710 23.83600 24.02240 23.47170 21.88870 20.81250 19.67930 19.45090 19.24550 19.23490 19.07540 18.94990 18.75310 18.62990 19.96120 24.07580 24.06450 23.01230 23.09020 22.67530 23.46720 23.26370 23.15760 22.48600 22.39740 22.12000 22.66580 22.84110 23.14260 23.65610 23.36710 23.06930 22.86610 23.04980 23.91900 23.87100 22.79720 21.68950 20.36050 19.99340 20.39670 20.01700 19.23140 19.89750 20.74270 21.52480 21.52860 24.04450 23.87190 24.82260 24.45110 24.44970 23.65260 23.57630 23.62580 23.83300 24.28830 25.57670
-9999 -9999 -9999 -9999 -9999 -9999 -9999 -9999 -9999 -9999 23.54510 24.08020 24.02130 23.71720 23.78470 21.15000 19.45160 19.63350 19.39130 19.15150 19.15430 19.03760 19.06840 18.78160 18.71360 18.66200 18.58870 18.53010 19.11740 20.04950 19.43910 20.03600 21.03480 23.12490 23.91780 23.41840 23.81740 23.92030 23.92400 23.93540 21.95760 20.46040 19.81830 20.94270 20.95230 21.55110 21.15720 19.99170 23.46160 23.94320 23.94730 23.64830 23.34960 22.16870 21.96300 22.75100 21.76400 22.64950 22.66500 22.22800 22.70000 20.22620 19.95640 19.51460 20.25570 20.52240 20.32230 21.45230 23.33270 23.44650 23.88970
-9999 -9999 -9999 -9999 -9999 -9999 -9999 -9999 -9999 -9999 22.09820 23.59470 23.73320 23.60590 23.68370 21.03420 19.23640 19.30760 19.41380 19.29540 19.22680 19.08170 19.02340 18.72990 18.67400 18.56550 18.53250 18.52470 18.51520 19.23440 20.03200 20.03630 22.13380 22.82940 21.14270 22.13350 19.94030 18.51520 19.01910 19.12290 18.52250 18.52940 18.53280 18.51930 18.51470 18.51440 18.51610 18.52230 18.61510 22.63880 23.92890 23.93090 23.92120 23.72560 21.64230 24.12520 24.22280 24.22120 24.22040 24.13420 24.03370 24.03920 23.84100 22.26810 20.37840 20.88360 19.68990 18.70640 22.05010 23.43850 23.88880
-9999 -9999 -9999 -9999 -9999 -9999 -9999 -9999 -9999 -9999 -9999 -9999 23.55500 23.62180 23.71700 23.29070 20.07650 18.88120 19.07090 18.94410 18.93230 19.04030 18.55580 18.71430 18.58040 18.54080 18.52980 18.51750 18.51140 18.60780 19.42630 19.22910 19.23090 18.70890 18.51080 18.51320 18.51640 18.51980 18.52150 18.53620 18.53760 18.53970 18.54030 18.52080 18.51970 18.51620 18.51580 18.52890 18.52190 19.01220 20.67860 22.36350 22.64980 21.56850 20.45150 23.22690 24.21800 24.22550 24.23010 24.23800 24.23570 24.23570 23.44620 22.06390 23.25530 24.04540 21.17300 18.78450 19.65170 21.50950 23.94450
-9999 -9999 -9999 -9999 -9999 -9999 -9999 -9999 -9999 -9999 -9999 -9999 23.50110 23.54540 23.61880 23.68570 23.65460 23.47670 20.86620 20.06350 18.65050 20.15730 18.56450 19.40370 18.61850 18.55880 18.53440 18.51440 18.51000 18.50630 18.50550 18.50830 18.50760 18.50770 18.51440 18.51430 18.52350 18.53410 18.53760 18.54260 18.53590 18.53100 18.53010 18.51590 18.51530 19.14890 19.75850 21.68440 23.36510 23.36460 21.89290 21.87650 21.27050 20.46370 22.25490 24.11950 24.12130 24.12830 24.13180 24.13600 23.64030 22.35820 22.96450 24.04430 24.04210 22.07310 20.69310 21.76910 22.85750 23.68540 24.11960
-9999 -9999 -9999 -9999 -9999 -9999 -9999 -9999 -9999 -9999 -9999 23.48440 23.51570 23.50930 23.54070 23.56690 22.41290 18.50110 18.56120 18.48170 18.33010 20.04990 19.70850 18.84810 18.63970 18.57860 18.56230 18.51370 18.50610 18.50400 18.50330 18.50450 18.50440 18.50570 18.50740 18.50670 18.51210 18.51730 18.52900 18.56110 18.54980 18.55580 18.55280 18.53680 18.52830 18.52080 19.81710 20.93970 21.43170 23.12500 22.82570 22.84810 22.64520 23.43910 24.02770 24.12360 24.02400 24.02630 24.03040 22.84640 23.04340 24.23360 24.23440 24.04060 24.04170 22.65520 22.08760 22.86650 23.04560 23.46920 24.71230
-9999 -9999 -9999 -9999 -9999 -9999 -9999 -9999 -9999 -9999 -9999 23.45550 23.47740 23.50150 23.50300 23.50910 20.88060 19.02340 18.42070 19.23550 19.95360 19.94390 19.19910 19.66380 19.44640 19.33420 18.53180 18.52010 18.51250 18.50760 18.50620 18.50790 18.50580 18.50620 18.50700 18.50440 18.50560 18.50830 18.52380 18.52760 18.53470 18.65120 19.09610 19.59750 20.28500 22.46800 22.86480 23.33070 24.20840 24.20590 24.20710 24.21160 24.21200 24.20950 24.20770 24.22210 24.22340 22.93240 22.63290 23.73360 24.13540 24.22990 24.23240 24.04890 23.16310 22.07710 23.81210 23.16130 23.14960 24.06990 24.34770
