data/hydroclimate-scenarios/1948-2000.Pcorr55N_Pref_Tref/monthly_summaries/soilm2_monthly_day1_may.1950-2000.asc
ncols	311
nrows	91
xllcenter	102.75
yllcenter	31.75
cellsize	0.5
NODATA_value	-9999
[rows 31 to 61 of 91, columns 0 to 69 of 311]
-9999 -9999 -9999 -9999 -9999 -9999 -9999 -9999 -9999 -9999 -9999 94.19610 104.76200 106.41400 108.41700 109.21300 98.48510 100.24500 102.84900 102.96500 103.64500 111.18400 110.27800 109.21800 108.20500 107.06300 106.84500 105.94100 106.00600 108.56200 106.84800 103.77700 103.73900 105.46900 104.56000 107.69500 107.36900 107.46800 105.34200 107.18200 106.36000 104.54100 128.50900 126.43800 125.52300 126.62500 127.12100 123.02700 109.48200 112.15100 111.74000 113.14700 112.28000 113.26200 110.59800 124.10400 124.41500 125.04800 125.83700 123.93700 123.63500 122.08200 121.58500 125.08600 123.40800 129.95300 121.77200 123.28500 124.61900 125.38200
-9999 -9999 -9999 -9999 -9999 -9999 -9999 -9999 -9999 -9999 -9999 96.29700 97.58480 107.80600 101.39100 103.52800 102.43900 108.19800 103.02000 104.26900 111.12800 111.02000 111.42900 111.27800 123.75300 124.03800 123.54200 125.21200 125.77500 109.96800 108.19900 107.31700 107.73900 108.21900 105.89500 110.00000 110.70400 110.74600 116.80900 116.26400 114.80700 113.36300 114.82100 112.01500 112.14800 110.90900 109.27400 109.54700 108.18100 110.76300 110.03300 110.09200 109.81900 122.70600 124.75100 124.76000 124.84900 127.07700 127.56500 110.60600 112.44300 112.00200 122.96200 131.22900 132.41299 124.38800 122.88700 122.56500 122.67200 123.33800
-9999 -9999 -9999 -9999 -9999 -9999 -9999 -9999 -9999 -9999 -9999 102.52400 103.06700 102.38400 102.35700 103.71100 103.45900 110.11900 110.78600 114.14100 114.71900 114.20300 126.41300 125.78500 124.57900 107.24300 104.96900 108.12500 106.24600 128.49600 134.73900 111.64300 110.61500 105.89500 118.84100 122.24700 130.32899 121.60400 127.10400 124.16300 116.61700 124.33000 116.23200 115.30300 115.24900 113.91600 113.07000 113.69400 112.35200 113.91300 113.76900 113.82300 114.21600 126.47400 115.04400 116.77900 116.79300 118.35500 119.02900 115.61700 114.66700 129.82700 132.14200 112.71600 129.78700 124.15600 126.03600 125.80900 124.64600 123.70100
-9999 -9999 -9999 -9999 -9999 -9999 -9999 -9999 -9999 -9999 -9999 -9999 103.98100 104.53100 104.23700 106.28400 106.69100 113.81000 114.64100 116.50200 127.22600 108.88800 107.41000 108.66400 105.87100 104.40500 103.44900 103.43800 101.51400 105.15400 128.48700 132.90601 133.18201 132.81400 132.71400 132.04700 130.59200 121.70100 128.14000 124.27100 123.40400 122.66200 122.62200 115.93900 115.61400 117.11000 116.81200 115.66900 114.14100 115.94000 117.43500 117.18400 116.87200 119.08500 121.52600 122.48100 121.43500 130.08200 133.62500 135.02499 136.88901 130.57300 130.10100 128.00700 128.92799 133.39000 129.64400 124.88100 125.60400 125.12700
-9999 -9999 -9999 -9999 -9999 -9999 -9999 -9999 -9999 -9999 -9999 -9999 107.58000 105.70000 107.75400 108.76700 109.36300 127.66700 128.11700 111.88600 113.88400 113.31700 111.54100 108.87000 108.94400 105.75800 104.52300 107.37900 104.94400 105.88300 107.56000 129.18800 135.33000 135.78200 135.57600 118.31800 115.20900 115.96400 115.34800 109.85100 126.53500 110.13400 110.58200 120.38200 115.35300 116.75900 117.06300 114.21900 112.59700 113.63000 112.33200 115.29600 114.21100 127.05600 129.12500 136.35400 142.12000 135.70799 112.58200 132.20000 132.51300 107.32400 106.64300 119.59900 128.55400 132.98100 130.99600 129.10699 128.31300 127.38900
-9999 -9999 -9999 -9999 -9999 -9999 -9999 -9999 -9999 -9999 -9999 -9999 108.87900 111.23700 131.02200 128.30299 128.35699 110.87100 109.70000 111.25900 113.00400 115.18700 113.87700 109.87200 109.41200 108.91200 107.34900 106.97900 109.28100 110.03500 110.51300 134.71400 116.60900 117.34300 120.08500 118.64500 118.15200 117.65500 117.16800 116.21600 114.45100 113.75500 114.56000 117.03800 119.99500 114.20000 118.72100 119.33300 117.89900 117.44300 116.60000 115.74700 116.95600 117.80800 114.38600 109.09400 109.83500 114.47400 112.50900 128.93800 111.01100 110.27000 111.91200 114.01000 132.85500 130.63600 129.39999 127.90500 126.43900 127.07400
-9999 -9999 -9999 111.29400 111.98000 110.23900 108.96800 108.03200 107.85700 -9999 109.99600 128.47400 130.27901 113.17900 113.83100 112.26900 111.03700 111.15100 110.48600 111.86500 114.60700 115.51500 114.86400 111.36700 107.95200 111.14800 111.38100 112.60300 110.74700 113.73400 112.49000 115.86800 114.99400 113.97500 117.15700 99.87200 115.86500 116.90000 120.17100 120.35500 119.83600 117.53600 119.64900 117.94100 116.00000 115.89700 120.87800 116.99500 123.24900 122.46900 115.09700 110.93600 112.04400 117.26600 117.07200 117.40800 117.55800 117.66100 111.38300 114.74700 131.67101 116.74800 115.51500 119.79800 122.98900 119.63300 119.75400 119.52700 121.63100 124.52400
-9999 -9999 -9999 114.14500 114.98800 114.83700 112.27700 115.20500 113.94000 130.66299 133.11501 134.33200 115.60700 111.63700 111.14800 114.56000 109.63200 114.30900 114.32700 115.20600 117.37700 114.62500 117.43100 117.65700 112.63700 113.49600 113.20600 116.26000 116.14900 114.34300 94.38620 113.45800 115.15700 116.66700 118.54800 116.67400 122.08300 122.89900 123.54700 115.86400 119.55200 120.74300 121.95000 119.60800 116.40500 117.86000 124.32300 127.10500 117.36600 113.23800 114.54100 122.71000 121.99700 122.28800 123.69800 122.59600 123.06600 123.92400 121.83100 115.84300 118.18600 123.66100 123.00200 117.96900 122.78700 124.22100 123.09700 122.88700 126.56900 123.70900
-9999 -9999 -9999 122.91000 120.98000 115.91300 131.72200 133.36600 135.17300 136.46500 135.22900 134.96500 115.34200 113.84300 110.06700 109.87700 110.26400 110.42500 115.36200 115.54200 118.37100 113.49900 96.46780 108.38900 112.68100 114.47800 117.51000 118.85600 116.26300 116.49800 118.15800 121.77500 116.37600 117.91900 118.09000 120.78700 124.94800 127.17500 126.37600 118.10800 121.09700 120.43700 124.08400 124.56500 126.55200 129.44501 129.11501 114.69000 115.55600 127.64600 126.72800 129.98599 127.87400 128.26199 126.97600 126.21500 125.85500 126.54100 126.26500 123.41700 118.38200 120.49000 128.96300 128.06100 128.77000 126.08500 126.99300 126.09200 115.35100 121.20900
-9999 -9999 -9999 128.12100 133.44901 123.90700 138.46201 136.75900 136.52200 135.77000 136.16499 121.66000 116.32500 110.72500 112.16100 113.16500 112.47200 126.93200 127.29400 119.87500 118.45300 110.06700 116.22400 124.94000 117.62000 115.24100 119.58100 122.34500 125.95600 118.98200 116.36600 112.83300 114.67900 121.17600 124.82500 119.17600 121.87700 125.13900 126.86100 129.24500 130.59200 119.44100 118.02400 120.40000 127.08500 127.18900 126.81000 127.56300 128.42999 131.81000 128.68100 128.67799 126.07400 119.67400 127.24100 118.63400 117.42600 116.30900 117.14200 116.54500 111.31700 121.44700 124.27400 128.74800 124.16800 118.97500 126.62100 129.01601 128.81700 127.19600
-9999 -9999 -9999 133.38600 135.70100 126.03900 138.78999 138.64000 135.82300 136.55200 142.05800 137.41600 115.55000 114.45600 125.31100 129.15800 123.29400 121.99300 122.25300 119.05300 117.57800 123.54400 130.78400 116.34900 113.69500 117.03100 120.46000 120.53800 118.86300 120.18300 117.35100 117.14200 118.13800 122.74300 128.25999 129.46600 130.42999 130.63499 133.04401 134.00000 135.78300 131.47701 130.80901 132.79500 132.00500 131.08701 131.88901 131.17599 123.45500 132.55800 128.50200 126.60900 118.45000 120.22300 125.96600 118.85200 120.58600 118.58200 121.50200 129.10600 128.62601 129.32500 133.89301 125.48900 121.24700 123.13500 128.15199 123.36500 130.08000 131.42101
-9999 -9999 -9999 -9999 142.74100 138.62000 139.23801 136.62199 136.37300 138.49600 144.38200 125.70200 118.15500 116.75900 -9999 -9999 -9999 -9999 -9999 124.89400 134.34599 130.26401 130.96700 123.09300 121.32700 118.04300 117.11200 119.37100 122.17400 120.19100 120.91100 118.30500 121.76700 122.96700 124.19400 125.01200 128.34500 125.18800 132.62300 134.95100 138.30200 139.67000 138.39400 136.32201 137.20900 136.85100 136.53500 133.66200 134.50800 136.08900 134.27499 134.23199 136.61700 134.54500 134.36099 132.63699 131.39000 130.33299 118.97300 126.23700 131.95500 130.43300 128.17400 134.70100 134.78101 130.72701 136.16701 139.08701 146.34801 -9999
-9999 -9999 140.81100 145.23199 143.19701 141.74300 140.65900 135.99500 139.91200 141.19400 145.30901 126.73900 122.45500 -9999 -9999 -9999 -9999 -9999 131.29100 131.59100 130.75301 118.18700 118.76500 124.34000 127.68200 127.48600 122.21200 118.84500 120.06200 121.34100 114.57200 117.16700 120.63500 123.89600 125.51600 126.21000 128.26199 126.99900 128.68300 131.26900 136.82700 138.56599 139.42599 140.39400 142.13100 143.31900 142.03400 142.37700 140.48599 143.81700 143.69800 142.91400 139.64799 142.85699 134.67101 137.35699 136.18201 124.68600 123.01900 133.31000 132.95000 131.81300 133.84399 134.37900 137.28500 139.49800 145.62100 -9999 -9999 -9999
-9999 -9999 148.64400 147.39999 145.06900 143.78300 143.87199 141.53600 144.36000 146.30800 134.98599 126.96300 126.94600 -9999 -9999 -9999 -9999 124.49900 129.31700 122.05300 116.23700 111.02500 113.11900 122.82500 120.24000 113.07300 111.99200 113.33900 116.71400 117.36900 115.94800 120.89400 120.33400 122.43700 126.56300 125.56800 125.92700 121.18300 128.63499 135.94400 137.62300 139.01700 138.51700 138.36400 130.46500 125.88400 128.72099 128.93900 131.25101 135.34700 139.54100 145.45399 146.66000 144.85100 146.50200 137.33501 137.20599 133.80800 137.37300 139.33600 139.02000 133.71800 138.09300 144.03400 146.18201 -9999 -9999 -9999 -9999 -9999
-9999 -9999 152.12900 147.12300 144.97000 143.37000 145.72200 146.26801 145.48500 145.49899 131.52400 130.34599 120.85800 -9999 -9999 -9999 -9999 126.08100 127.66300 120.08600 111.38400 109.26100 113.02400 110.61300 112.43900 112.30500 111.98400 114.01200 114.91200 112.88500 114.56200 116.73500 120.10400 122.84400 123.43400 126.83700 129.60201 130.85100 132.13400 130.39700 135.43300 135.58099 136.82500 139.38800 136.25400 128.39000 127.63600 122.87700 119.01200 119.60000 124.63700 127.06700 135.73199 133.39000 137.55600 135.95799 139.18201 140.18201 143.86501 144.33900 148.79300 146.15300 149.79500 134.56599 129.67101 138.25400 149.74300 140.90900 142.02400 -9999
-9999 -9999 -9999 152.25800 148.54800 149.55499 145.94800 143.13901 138.58200 137.08900 129.22600 126.54700 -9999 -9999 -9999 -9999 125.32900 127.11400 121.63800 115.34900 112.73700 107.27100 109.14600 108.49300 109.40800 110.66000 112.67200 112.24000 115.15500 120.69400 118.92700 117.56600 116.95800 113.58000 110.65300 111.19800 115.56400 119.87200 124.16300 123.35400 129.03000 128.07500 140.82001 139.20399 137.80901 142.48500 139.02800 136.45200 132.32500 124.33800 137.22099 142.22200 141.11301 142.99100 142.73399 141.85600 146.16901 138.83900 142.78101 147.02400 148.99100 150.68700 144.54300 127.18400 112.85100 136.90700 153.50900 152.09700 150.13699 142.59300
-9999 -9999 -9999 -9999 153.13499 154.56400 146.00700 140.18100 140.06000 135.26100 118.64100 -9999 -9999 -9999 -9999 128.72301 127.25000 123.20500 136.98399 108.91900 102.58000 99.06700 101.76800 104.07200 108.57800 103.40200 99.97740 104.34400 104.83200 108.73000 110.23900 105.72200 103.97400 105.25400 111.18400 120.90000 123.81600 123.05900 123.47100 121.12100 123.79200 125.18900 127.80900 130.54100 131.20300 141.27800 146.97099 141.73500 138.02800 133.10800 132.48500 140.26900 144.25999 142.12601 144.85800 144.64900 144.28999 146.53500 149.48100 148.92700 146.04800 137.29201 134.74400 132.96500 125.33100 145.44000 151.46899 151.67999 145.92000 144.93201
-9999 -9999 -9999 -9999 -9999 -9999 144.28200 149.23500 116.45000 122.90300 120.54300 -9999 -9999 -9999 -9999 -9999 123.74100 116.43600 112.55100 103.82100 102.71500 90.87870 99.57430 104.31300 98.48430 95.86330 103.41300 143.35600 143.90401 136.45200 107.16700 102.86300 104.28800 107.00700 108.71600 106.34500 118.61900 122.85100 119.62200 122.86000 123.35200 129.94299 131.91400 128.69099 138.63400 135.57300 135.23900 140.90900 142.31700 139.42799 146.94800 145.99500 138.21100 144.39400 141.66901 141.33900 143.19099 144.59200 145.74300 130.00900 127.75500 130.70200 134.02299 126.84300 119.36500 131.69901 147.82001 148.57100 147.95599 142.65700
-9999 -9999 -9999 -9999 -9999 -9999 -9999 -9999 -9999 -9999 -9999 -9999 -9999 -9999 -9999 -9999 -9999 -9999 -9999 102.83200 102.77300 91.91890 95.89280 95.43960 100.17700 100.70400 120.17900 117.18000 117.11200 100.64200 106.34400 104.86600 112.70900 112.94200 108.82400 110.14200 117.30100 122.61600 122.93900 126.64300 128.79601 129.44299 129.29800 130.02699 131.36501 127.20300 122.89400 135.98700 138.73900 148.71600 153.64000 144.23500 145.07300 144.56300 138.38300 137.01300 120.23400 126.71500 123.61000 125.61900 135.70000 145.26300 125.70700 122.24100 117.19400 135.23199 142.74600 141.72099 144.75900 145.82001
-9999 -9999 -9999 -9999 -9999 -9999 -9999 -9999 -9999 -9999 -9999 -9999 -9999 -9999 -9999 -9999 -9999 -9999 105.48700 104.10300 98.28120 91.06140 91.86150 91.68920 92.62720 93.74440 118.18300 119.70000 95.21450 95.14780 98.40500 101.61100 103.26900 105.10500 110.72100 129.58299 119.82800 120.45300 123.43000 124.71200 126.82600 126.75300 127.37700 130.50999 129.92599 135.71201 125.31400 494.84100 629.39899 666.60400 675.67700 143.45399 145.05299 149.17200 148.67799 140.65900 121.33600 124.26000 138.91600 128.17500 144.34200 148.15100 130.23801 129.69000 143.94299 136.56400 129.26900 142.51601 149.22501 149.91200
-9999 -9999 -9999 -9999 -9999 -9999 -9999 -9999 -9999 -9999 -9999 -9999 -9999 -9999 -9999 -9999 -9999 107.06000 107.89400 95.60920 94.31350 91.54290 90.34200 90.19120 87.62820 88.87520 120.75900 115.36100 120.42300 122.65800 124.08400 123.60800 108.47100 120.82300 129.58200 132.24001 132.60100 123.07000 121.76100 123.76600 123.77400 130.50101 125.54700 131.75600 122.28000 120.54100 133.38699 640.29401 633.56500 650.48297 656.82898 150.24400 148.51300 152.74400 149.01900 151.45900 120.62500 121.00800 122.75000 121.90300 129.03600 142.69501 132.54800 134.88499 121.14200 124.45500 129.86099 125.30500 149.73700 155.44701
-9999 -9999 -9999 -9999 -9999 -9999 -9999 -9999 -9999 -9999 -9999 -9999 -9999 -9999 -9999 -9999 -9999 105.92100 100.30500 99.29720 98.48780 119.33400 115.71100 83.30200 80.26210 82.77100 81.99230 83.25570 83.76360 116.75400 124.67200 125.29700 125.38400 124.98100 130.41000 134.55800 136.07201 115.59800 120.24500 121.90200 119.35700 116.12900 127.22700 113.45300 127.68500 128.41100 125.48500 493.84100 492.19699 635.45001 658.61902 147.82500 148.28200 147.44600 142.70799 153.19200 133.60300 125.72800 120.46700 125.74000 122.14400 124.31200 124.77600 122.44000 122.56000 127.79100 128.60001 138.81500 153.32700 166.20500
-9999 -9999 -9999 -9999 -9999 -9999 -9999 -9999 -9999 -9999 -9999 -9999 -9999 -9999 -9999 -9999 115.62400 111.67100 102.04900 101.36400 117.64300 85.01870 83.12520 79.62350 76.02700 77.74190 78.79740 79.89680 79.61200 81.61380 83.55580 82.51760 113.47100 122.45200 126.05000 129.67799 127.30100 129.72600 116.92900 114.29800 107.90600 111.87100 127.67300 124.08300 106.53000 123.05500 122.21700 499.89001 490.07501 627.10699 650.47900 144.91000 147.36800 145.60899 141.30000 151.39799 151.75999 133.59000 136.45599 125.28500 122.80600 129.11800 133.99400 143.02800 148.24699 154.53000 151.71700 152.02901 149.14600 160.54201
-9999 -9999 -9999 -9999 -9999 -9999 -9999 -9999 -9999 -9999 -9999 -9999 -9999 102.52500 103.78600 105.75400 104.95300 108.65500 121.21900 114.84600 84.94680 85.40660 81.48520 79.81640 79.72060 76.17330 75.93140 368.24600 367.61801 367.03101 554.04901 561.34399 376.98499 377.32300 569.88702 580.41803 596.28497 591.80103 473.59399 470.30200 462.41101 606.36798 598.42798 426.54199 603.37500 611.00500 618.97900 627.18103 637.29199 649.32001 654.42401 657.45203 657.06598 656.58002 669.74799 675.21698 677.86401 662.34900 602.97498 616.34003 638.99902 714.64899 738.96899 753.95599 737.73401 741.95203 740.08502 148.35001 148.83299 161.10400
-9999 -9999 -9999 -9999 -9999 -9999 -9999 -9999 -9999 -9999 -9999 -9999 96.37260 99.00380 123.67500 123.02700 120.77600 93.24790 89.31990 79.72960 81.28780 80.88940 78.86710 79.24910 77.30610 73.31510 72.49900 362.36899 543.30103 548.41101 540.89600 549.09601 558.06897 546.64899 566.55798 571.56299 402.28500 421.11200 463.06100 452.84601 446.19501 435.66400 598.45398 595.84802 604.19897 613.44897 622.17603 622.01801 634.68799 647.06702 647.93597 505.61700 652.25897 513.29901 642.98401 651.15002 668.09900 634.57001 630.46100 700.96399 709.18298 718.03101 729.18701 744.23700 754.06201 768.37799 776.02502 147.28799 153.13600 154.75101
-9999 -9999 -9999 -9999 -9999 -9999 -9999 -9999 -9999 -9999 -9999 124.74100 100.30200 120.02400 91.11460 83.75680 81.81170 83.17980 83.21930 79.83540 79.32540 75.43180 75.25930 74.78430 74.70120 73.23160 112.75800 536.35602 544.05603 547.36298 541.38202 365.44400 370.60501 376.95401 373.90302 573.57300 427.95499 446.86301 453.81400 438.98401 424.73801 594.49902 586.52399 591.83301 600.03802 602.09698 607.84601 617.30798 625.43500 630.27899 649.52002 550.99701 534.33197 652.22302 560.43402 537.46600 651.92999 571.91400 584.77600 664.79901 693.73102 687.75000 697.39398 710.79303 743.04901 759.82501 756.26202 153.35899 151.34500 142.03200
-9999 -9999 -9999 -9999 -9999 -9999 -9999 -9999 -9999 -9999 94.73630 94.79920 85.31660 87.66140 82.08250 77.70180 75.55110 75.67780 76.33080 75.27460 74.24970 73.14350 73.51640 73.48190 72.66690 72.31270 71.72560 544.69897 540.71301 349.73499 350.09799 364.14999 365.75601 560.36200 565.83502 571.08801 437.31500 449.82300 460.56900 431.01999 591.35797 578.97601 574.38898 584.99103 588.06500 597.30603 597.86902 609.61200 616.43701 628.70898 639.79999 556.77698 649.34100 556.78101 552.70801 536.93597 654.70697 673.01599 654.95801 668.76001 676.32300 685.30298 701.71899 715.26501 732.41302 745.58099 800.50897 151.24800 148.37199 131.67200
-9999 -9999 -9999 -9999 -9999 -9999 -9999 -9999 -9999 152.29401 150.33200 149.58701 151.64799 151.84599 149.05000 147.52699 145.86700 143.44400 141.50800 141.04201 141.60100 143.14799 144.89400 144.12700 142.68900 142.83800 142.02200 142.85899 142.51801 142.74400 142.90900 352.77899 365.90399 378.25400 575.41998 590.02600 472.45901 459.21100 437.66800 581.96301 572.98798 565.35303 571.56897 729.27301 574.74597 744.34100 589.33899 604.97302 619.26801 624.70898 641.66901 649.33600 556.31403 672.86200 616.52698 647.33301 648.33301 648.59900 649.95599 667.27698 673.49597 696.60303 693.44397 713.15002 705.24200 720.20203 742.89099 295.25400 262.62100 246.90601
-9999 -9999 -9999 -9999 -9999 -9999 -9999 -9999 -9999 -9999 145.25301 142.63800 142.87500 141.79100 140.23801 141.71899 142.03999 140.87300 140.22301 140.56599 141.12199 141.29900 142.10500 -9999 -9999 -9999 -9999 -9999 -9999 147.32800 149.28900 362.78299 364.63699 375.05399 385.85001 587.87500 605.25702 428.38199 417.10901 569.27899 569.94202 571.50403 574.27100 734.30701 726.62201 735.84497 741.30103 595.14398 617.98102 623.19598 628.29797 500.99899 547.12299 599.97400 683.18298 639.65399 637.24298 645.24103 645.75702 653.56201 677.58398 674.42902 600.04199 704.53302 740.14600 738.15100 734.60303 282.32599 256.65100 260.64600
-9999 -9999 -9999 -9999 -9999 -9999 -9999 -9999 -9999 -9999 -9999 -9999 140.52800 139.66100 139.79401 138.87399 138.88800 139.35899 139.60500 -9999 -9999 -9999 -9999 -9999 -9999 -9999 -9999 -9999 -9999 -9999 -9999 -9999 -9999 374.08499 553.74500 573.13098 594.90302 573.92102 397.19000 389.84500 571.09003 571.38702 573.30902 572.28699 577.28497 732.32202 746.51099 590.59900 603.28302 611.45099 623.69598 651.33099 658.31000 652.50800 657.94202 633.90503 640.26300 618.75000 475.71100 644.88202 672.07800 674.17999 693.74701 705.35999 723.64001 725.61603 679.21698 257.09900 256.62100 281.64301
-9999 -9999 -9999 -9999 -9999 -9999 -9999 -9999 -9999 -9999 -9999 -9999 -9999 -9999 -9999 -9999 -9999 -9999 -9999 -9999 -9999 -9999 -9999 -9999 -9999 -9999 -9999 -9999 -9999 -9999 -9999 -9999 -9999 -9999 565.80603 570.92102 566.94702 569.94397 383.00201 564.76801 561.41602 569.59003 722.21899 577.81702 740.46002 738.74597 611.15802 582.12097 602.71002 608.65399 618.64697 645.35699 659.40302 650.79901 650.58899 633.64600 618.67700 646.26300 633.28601 648.91302 669.74799 691.51300 690.89899 710.63000 713.34003 703.80499 713.32599 270.61499 269.46600 296.79199
