data/hydroclimate-scenarios/1948-2000.Pcorr55N_Pref_Tref/monthly_summaries/soilm2_monthly_day1_jul.asc
ncols	311
nrows	91
xllcenter	102.75
yllcenter	31.75
cellsize	0.5
NODATA_value	-9999
[rows 0 to 30 of 91, columns 210 to 279 of 311]
-9999 -9999 -9999 -9999 -9999 -9999 -9999 -9999 -9999 -9999 -9999 -9999 -9999 -9999 -9999 -9999 -9999 -9999 -9999 -9999 -9999 -9999 -9999 -9999 -9999 -9999 -9999 -9999 -9999 -9999 -9999 -9999 -9999 -9999 -9999 -9999 -9999 -9999 -9999 -9999 -9999 -9999 -9999 -9999 -9999 -9999 -9999 -9999 -9999 -9999 -9999 -9999 -9999 -9999 -9999 -9999 -9999 -9999 -9999 -9999 -9999 -9999 -9999 -9999 -9999 -9999 -9999 -9999 -9999 -9999
-9999 -9999 -9999 -9999 -9999 -9999 -9999 -9999 -9999 -9999 -9999 -9999 -9999 -9999 -9999 -9999 -9999 -9999 -9999 -9999 -9999 -9999 -9999 -9999 -9999 -9999 -9999 -9999 -9999 -9999 -9999 -9999 -9999 -9999 -9999 -9999 -9999 -9999 -9999 -9999 -9999 -9999 -9999 -9999 -9999 -9999 -9999 -9999 -9999 -9999 -9999 -9999 -9999 -9999 -9999 -9999 -9999 -9999 -9999 -9999 -9999 -9999 -9999 -9999 -9999 -9999 -9999 -9999 -9999 -9999
-9999 -9999 -9999 -9999 -9999 -9999 -9999 -9999 -9999 -9999 -9999 -9999 -9999 -9999 -9999 -9999 -9999 -9999 -9999 -9999 -9999 -9999 -9999 -9999 -9999 -9999 -9999 -9999 -9999 -9999 -9999 -9999 -9999 -9999 -9999 -9999 -9999 -9999 -9999 -9999 -9999 -9999 -9999 -9999 -9999 -9999 -9999 -9999 -9999 -9999 -9999 -9999 -9999 -9999 -9999 -9999 -9999 -9999 -9999 -9999 -9999 -9999 -9999 -9999 -9999 -9999 -9999 -9999 -9999 -9999
-9999 -9999 -9999 -9999 -9999 -9999 -9999 -9999 -9999 -9999 -9999 -9999 -9999 -9999 -9999 -9999 -9999 -9999 -9999 -9999 -9999 -9999 -9999 -9999 -9999 -9999 -9999 -9999 -9999 -9999 -9999 -9999 -9999 -9999 -9999 -9999 -9999 -9999 -9999 -9999 -9999 -9999 -9999 -9999 -9999 -9999 -9999 -9999 -9999 -9999 -9999 -9999 -9999 -9999 -9999 -9999 -9999 -9999 -9999 -9999 -9999 -9999 -9999 -9999 -9999 -9999 -9999 -9999 -9999 -9999
-9999 -9999 -9999 -9999 -9999 -9999 -9999 -9999 -9999 -9999 -9999 -9999 -9999 -9999 -9999 -9999 -9999 -9999 -9999 -9999 -9999 -9999 -9999 -9999 -9999 -9999 -9999 -9999 -9999 -9999 -9999 -9999 -9999 -9999 -9999 -9999 -9999 -9999 -9999 -9999 -9999 -9999 -9999 -9999 -9999 -9999 -9999 -9999 -9999 -9999 -9999 -9999 -9999 -9999 -9999 -9999 -9999 -9999 -9999 -9999 -9999 -9999 -9999 -9999 -9999 -9999 -9999 -9999 -9999 -9999
-9999 -9999 -9999 -9999 -9999 -9999 -9999 -9999 -9999 -9999 -9999 -9999 -9999 -9999 -9999 -9999 -9999 -9999 -9999 -9999 -9999 -9999 -9999 -9999 -9999 -9999 -9999 -9999 -9999 -9999 -9999 -9999 -9999 -9999 -9999 -9999 -9999 -9999 -9999 -9999 -9999 -9999 -9999 -9999 -9999 -9999 -9999 -9999 -9999 -9999 -9999 -9999 -9999 -9999 -9999 -9999 -9999 -9999 -9999 -9999 -9999 -9999 -9999 -9999 -9999 -9999 -9999 -9999 -9999 -9999
-9999 -9999 -9999 -9999 -9999 -9999 -9999 -9999 -9999 -9999 -9999 -9999 -9999 -9999 -9999 -9999 -9999 -9999 -9999 -9999 -9999 -9999 -9999 -9999 -9999 -9999 -9999 -9999 -9999 -9999 -9999 -9999 -9999 -9999 -9999 -9999 -9999 -9999 -9999 -9999 -9999 -9999 -9999 -9999 -9999 -9999 -9999 -9999 -9999 -9999 -9999 -9999 -9999 -9999 -9999 -9999 -9999 -9999 -9999 -9999 -9999 -9999 -9999 -9999 -9999 -9999 -9999 -9999 -9999 -9999
-9999 -9999 -9999 -9999 -9999 -9999 -9999 -9999 -9999 -9999 -9999 -9999 -9999 -9999 -9999 -9999 -9999 -9999 -9999 -9999 -9999 -9999 -9999 -9999 -9999 -9999 -9999 -9999 -9999 -9999 -9999 -9999 -9999 -9999 -9999 -9999 -9999 -9999 -9999 -9999 -9999 -9999 -9999 -9999 -9999 -9999 -9999 -9999 -9999 -9999 -9999 -9999 -9999 -9999 -9999 -9999 -9999 -9999 -9999 -9999 -9999 -9999 -9999 -9999 -9999 -9999 -9999 -9999 -9999 -9999
-9999 -9999 -9999 -9999 -9999 -9999 -9999 -9999 -9999 -9999 -9999 -9999 -9999 -9999 -9999 -9999 -9999 -9999 -9999 -9999 -9999 -9999 -9999 -9999 -9999 -9999 -9999 -9999 -9999 -9999 -9999 -9999 -9999 -9999 -9999 -9999 -9999 -9999 -9999 -9999 -9999 -9999 -9999 -9999 -9999 -9999 -9999 -9999 -9999 -9999 -9999 -9999 -9999 -9999 -9999 -9999 -9999 -9999 -9999 -9999 -9999 -9999 -9999 -9999 -9999 -9999 -9999 -9999 -9999 -9999
-9999 -9999 -9999 -9999 -9999 -9999 -9999 -9999 -9999 -9999 -9999 -9999 -9999 -9999 -9999 -9999 -9999 -9999 -9999 -9999 -9999 -9999 -9999 -9999 -9999 -9999 -9999 -9999 -9999 -9999 -9999 -9999 -9999 -9999 -9999 -9999 -9999 -9999 -9999 -9999 -9999 -9999 -9999 -9999 -9999 -9999 -9999 -9999 -9999 -9999 -9999 -9999 -9999 -9999 -9999 -9999 -9999 -9999 -9999 -9999 -9999 -9999 -9999 -9999 -9999 -9999 -9999 -9999 -9999 -9999
-9999 -9999 -9999 -9999 -9999 -9999 -9999 -9999 -9999 -9999 -9999 -9999 -9999 -9999 -9999 -9999 -9999 -9999 -9999 -9999 -9999 -9999 -9999 -9999 -9999 -9999 -9999 -9999 -9999 -9999 -9999 -9999 -9999 -9999 -9999 -9999 -9999 -9999 -9999 -9999 -9999 -9999 -9999 -9999 -9999 -9999 -9999 -9999 -9999 -9999 -9999 -9999 -9999 -9999 -9999 -9999 -9999 -9999 -9999 -9999 -9999 -9999 -9999 -9999 -9999 -9999 -9999 -9999 -9999 -9999
-9999 -9999 -9999 -9999 -9999 -9999 -9999 -9999 -9999 -9999 -9999 -9999 -9999 -9999 -9999 -9999 -9999 -9999 -9999 -9999 -9999 -9999 -9999 -9999 -9999 -9999 -9999 -9999 -9999 -9999 -9999 -9999 -9999 -9999 -9999 -9999 -9999 -9999 -9999 -9999 -9999 -9999 -9999 -9999 -9999 -9999 -9999 -9999 -9999 -9999 -9999 -9999 -9999 -9999 -9999 -9999 -9999 -9999 -9999 -9999 -9999 -9999 -9999 -9999 -9999 -9999 -9999 -9999 -9999 -9999
-9999 -9999 -9999 -9999 -9999 -9999 -9999 -9999 -9999 -9999 -9999 -9999 -9999 -9999 -9999 -9999 -9999 -9999 -9999 -9999 -9999 -9999 -9999 -9999 -9999 -9999 -9999 -9999 -9999 -9999 -9999 -9999 -9999 -9999 -9999 -9999 -9999 -9999 -9999 -9999 -9999 -9999 -9999 -9999 -9999 -9999 -9999 -9999 -9999 -9999 -9999 -9999 -9999 -9999 -9999 -9999 -9999 -9999 -9999 -9999 -9999 -9999 -9999 -9999 -9999 -9999 -9999 -9999 -9999 -9999
101.42900 100.32300 101.60100 103.74600 103.85300 104.78900 105.21600 98.24000 98.59580 -9999 -9999 -9999 -9999 -9999 -9999 -9999 -9999 -9999 -9999 -9999 -9999 -9999 -9999 -9999 -9999 -9999 -9999 -9999 -9999 -9999 -9999 -9999 -9999 -9999 -9999 -9999 -9999 -9999 -9999 -9999 -9999 -9999 -9999 -9999 -9999 -9999 -9999 -9999 -9999 -9999 97.68400 -9999 -9999 -9999 -9999 -9999 -9999 -9999 -9999 -9999 -9999 -9999 -9999 -9999 -9999 -9999 -9999 -9999 -9999 -9999
100.06800 101.21700 99.21810 101.31000 103.20700 105.20700 106.44900 108.14400 108.11500 95.69860 93.68870 90.43710 94.41820 83.78310 87.87270 88.94350 109.14500 110.60100 107.61900 106.64800 100.75800 106.70200 -9999 -9999 -9999 -9999 -9999 -9999 -9999 -9999 -9999 -9999 -9999 -9999 -9999 -9999 -9999 -9999 -9999 -9999 -9999 -9999 -9999 -9999 -9999 78.58340 77.18160 58.24930 60.18150 67.94930 75.99730 95.55490 -9999 -9999 -9999 103.48700 -9999 -9999 -9999 103.87400 108.46900 109.64100 -9999 -9999 -9999 -9999 -9999 -9999 -9999 -9999
108.73200 106.87600 103.30400 101.17800 98.33340 91.20060 91.91160 90.76060 91.13620 73.28910 73.16500 75.18490 79.41200 78.89660 90.03060 91.65930 98.07070 100.35000 94.76200 88.86990 86.94130 83.93490 82.84410 80.89120 84.72860 98.15100 104.83400 93.65450 -9999 -9999 -9999 -9999 -9999 106.67800 104.80800 105.66100 104.58200 102.07300 99.39040 93.67210 80.38940 80.64850 76.56800 71.88340 74.11010 57.52650 59.49370 64.31250 65.17930 80.36280 88.46730 99.10120 102.12300 104.64800 105.35400 105.12300 106.29900 105.72800 106.14900 109.88000 113.15900 117.40100 117.43900 116.28200 113.25500 114.68300 111.25800 -9999 -9999 -9999
98.00340 97.39440 96.84540 95.66830 95.95890 96.66290 93.53330 91.76230 86.12840 84.26000 98.59600 103.95200 106.08400 101.82200 160.03700 163.47200 177.80600 159.21600 157.39400 138.03799 92.09620 86.43500 82.97630 88.95820 89.75360 120.39100 100.84500 102.17800 105.96900 106.84700 94.48150 91.13090 88.36780 84.41200 108.87900 107.45600 112.16500 95.85100 90.45570 87.44050 86.42980 87.14430 84.94540 85.66950 86.61850 86.21410 89.44310 93.97310 90.89080 96.23020 98.40530 98.63680 100.01000 103.32500 104.65600 106.84100 107.62700 107.84100 109.67100 110.00900 111.01700 114.20500 114.92300 115.30900 117.08800 118.19200 121.58600 118.69000 115.95600 113.73500
165.49400 106.24800 107.67900 111.23400 109.54500 117.39400 109.37600 111.84100 165.56200 148.75400 137.11200 134.36600 121.36800 109.96500 107.89600 120.06000 111.30600 103.26800 101.24900 104.23200 103.27700 120.73800 126.27500 133.43900 154.85899 177.50000 152.80200 118.00000 120.88100 101.00400 139.38699 97.65860 97.57430 83.18650 98.78490 105.39500 103.06700 89.70020 91.63950 93.72400 95.33760 94.38420 92.30030 91.50880 93.64460 91.06190 88.35000 89.10810 88.61490 90.95590 93.97890 96.06790 97.12620 99.40010 101.88700 104.62000 108.32400 107.97600 109.38100 110.56200 110.12000 112.83100 113.66400 115.60500 117.05200 118.72100 119.98400 115.14900 114.85900 114.82900
161.06200 172.23399 179.13699 172.21600 175.03200 158.93900 163.23199 161.40300 132.30701 121.34600 109.17900 105.45100 104.26700 105.70500 106.16200 102.08000 104.59100 103.46600 105.64400 109.47200 103.51000 115.35500 113.90500 151.66901 173.68100 169.22099 120.41800 112.98300 113.67100 145.59399 161.97900 154.83099 100.84800 87.28980 79.23270 87.15500 98.45630 98.72250 99.21060 102.03800 103.08500 102.72400 103.12900 96.49290 99.14670 97.32680 99.06770 98.58600 100.46000 103.52600 102.48300 104.84300 103.35900 100.59000 101.81600 103.47200 104.09000 106.08600 106.66800 107.44000 110.14000 111.95400 112.26600 112.30800 122.56600 128.16299 131.77800 131.48000 132.49400 121.90300
161.52000 157.09599 163.07201 163.62199 174.07001 175.59599 163.10201 155.84599 145.83501 125.70400 118.11000 118.69400 112.33900 109.70200 106.86000 109.49000 108.12900 112.00100 111.69100 108.37000 111.34300 158.56300 166.31300 162.64799 174.22900 163.15700 140.37000 109.35400 111.22400 113.27400 123.91200 144.74600 146.22900 96.23750 83.06520 81.68130 109.21600 119.43100 120.68400 120.60200 120.44400 121.87600 122.07900 121.13700 120.49300 124.28200 124.06200 121.29300 122.14100 123.22800 123.19900 124.63800 125.54700 126.23400 121.83300 118.76100 118.32500 112.83200 110.14800 115.48200 117.73600 120.41500 124.61700 127.78800 135.22400 136.44400 137.23500 138.39600 138.73300 138.65800
147.26401 139.77600 144.78300 162.96201 196.38200 194.50700 165.07600 139.18600 123.94900 117.59500 112.58200 104.39800 103.36900 104.88400 105.53100 105.91200 109.25700 109.90000 116.61100 120.53700 122.02500 146.50200 137.13699 113.06800 121.12300 136.16200 127.65500 98.57210 108.99200 111.34800 112.85200 112.73700 122.21200 89.93290 85.78770 74.45560 71.54250 69.45370 77.58560 86.88000 92.62400 104.61500 106.55100 118.97200 118.14900 118.97300 119.27000 119.08600 119.37600 121.47900 121.95900 123.39200 124.58800 127.78600 127.03100 126.99500 127.59100 129.11700 129.55000 129.90199 129.73399 129.46500 129.03900 118.98300 130.44200 130.42999 131.08800 132.39200 134.37300 134.01100
132.94200 138.05000 157.36800 171.06799 159.62100 138.60500 110.88800 106.00200 106.19400 104.85300 106.04100 104.77400 104.13300 104.71300 105.48000 107.57600 110.87200 114.41000 113.25500 113.93700 114.21600 146.76500 151.28799 109.31600 111.26000 103.82100 108.69800 115.53300 130.94701 116.40300 115.20200 109.17000 115.15600 83.82070 76.61380 74.62270 69.92110 68.18370 67.91180 67.22160 66.92820 68.12810 68.85910 69.14740 90.28050 114.31300 114.70300 113.71900 102.69800 105.15700 106.52000 121.88400 122.73500 122.77800 123.76900 123.42700 123.42700 125.38600 122.97400 124.37900 124.94400 125.96000 126.45800 139.09000 127.45500 127.68000 129.86501 130.70900 131.62500 127.27200
157.17900 166.83000 173.92900 160.98100 132.57600 119.31700 117.34700 120.29900 134.15800 152.72800 158.00600 150.14200 146.63300 116.24300 113.63400 117.61900 112.90600 119.67500 120.88900 129.60600 121.48400 138.02000 145.55200 103.64600 102.10000 100.26300 105.31000 103.35800 92.67760 97.75840 102.64400 102.40500 91.13620 81.28040 74.71330 73.79140 80.29250 89.67800 94.93430 97.69810 100.15400 92.28600 85.53130 83.27560 80.22360 89.77830 100.70800 112.96400 114.29400 117.42200 120.26300 120.08400 122.42600 115.51600 112.72800 123.98900 123.49700 124.59700 125.83400 125.10800 124.80800 123.71900 119.90600 122.36500 124.82900 126.01100 126.50800 126.70300 130.39200 128.71100
128.27200 140.78999 142.97400 132.67200 135.54900 141.80701 130.43700 113.11600 122.42800 141.41100 144.03700 146.27299 141.56900 135.09500 137.77699 117.56300 112.42700 109.98200 105.14700 113.11700 120.17300 143.42300 153.02200 123.07100 101.36400 73.14360 77.11250 75.93530 77.47940 89.31270 95.06920 104.11700 108.98700 110.49200 107.42400 109.04300 109.58000 114.76900 115.48800 117.00500 119.71300 119.98900 118.49400 122.28600 122.30400 117.84400 118.39700 115.50600 115.10700 107.64200 105.98000 109.31800 119.87600 119.60700 117.83100 120.15100 109.25300 120.53800 122.04100 120.87700 137.96899 121.20700 122.39100 123.58300 122.18500 124.42100 127.85600 126.84000 128.59000 126.59300
117.78400 115.52200 123.71800 125.30500 125.94900 126.04700 124.55500 115.25700 113.71700 112.21700 115.56400 130.87300 142.92700 135.29500 127.17200 138.56700 140.70500 144.40199 132.07100 120.03600 104.23200 107.20600 159.25600 163.47400 157.07500 156.18800 156.63400 72.14280 72.12160 72.09070 75.98010 85.49890 91.78720 88.83490 95.53490 94.49810 99.71530 97.99120 106.50200 110.01500 115.06100 124.18200 125.12400 130.39900 129.76601 127.84500 128.56500 130.76300 132.01500 129.41701 124.55100 113.79900 104.84800 101.52500 103.28100 115.59700 119.14300 108.11100 119.63000 118.84400 119.32900 118.67500 119.93900 122.79500 126.04300 127.54900 127.18800 124.28700 122.11900 122.66000
87.14420 88.17680 123.34200 119.91100 121.87100 115.41900 113.90600 129.35300 120.12500 121.37900 118.26400 116.73100 115.45300 120.86900 124.04500 121.62100 130.72301 149.90199 119.48400 107.71700 103.92300 110.32100 118.63100 119.59900 142.00900 106.85800 122.53800 113.76400 156.23801 109.72600 102.81300 79.08030 121.31900 123.88200 127.52000 121.16000 124.48200 119.28300 129.12199 95.22820 110.16500 177.19800 187.24500 128.45300 130.22800 127.94600 130.05000 128.77200 131.23700 130.54800 125.24100 120.47600 113.27700 111.69500 104.69200 100.54000 120.34400 122.95200 107.42900 117.82300 118.86100 117.42500 118.63500 120.00100 123.49300 123.27400 120.64300 120.51000 122.44100 121.62800
120.98900 123.66500 133.01100 138.60500 139.04500 146.08900 161.79300 150.22301 202.42400 213.15500 215.06400 201.34700 202.94400 188.56900 186.83299 154.92700 117.01900 121.88500 120.97900 113.96700 109.57500 125.18100 116.65100 129.94099 124.24700 123.44000 130.42200 124.09500 127.97000 136.26900 139.32300 144.13100 147.44299 139.79700 124.91500 120.48100 119.99500 116.73800 120.87000 131.22800 154.16701 171.11700 180.96001 185.44299 185.12500 147.28600 160.55200 134.64500 131.88300 129.98300 132.94099 126.08300 116.24100 115.00700 113.06700 106.00400 103.99500 115.90900 108.96200 120.29700 117.86600 118.47100 117.42400 116.90300 120.02000 121.38500 122.27400 120.10800 116.96600 119.08700
83.50800 145.91000 183.67101 197.93600 134.14301 121.09100 132.15199 193.23900 188.38100 130.31300 137.03400 142.49300 141.92799 201.76601 145.95799 163.25900 212.46300 195.98900 146.02800 114.10500 113.16000 147.88699 152.76900 156.24899 159.59700 146.59100 143.96899 119.15200 115.11400 120.96800 129.25800 125.99000 130.07600 133.54201 116.34100 110.66400 112.14700 109.73600 117.29000 121.28600 133.23399 149.23801 156.37601 154.79700 161.70000 150.60899 156.25400 132.41400 136.26900 140.55600 137.95700 126.60600 121.25200 120.52700 116.61800 114.10300 109.69400 114.07800 103.84300 103.28000 117.66400 117.15400 117.03200 116.14600 117.33200 117.18700 115.94700 116.69300 116.39600 116.46100
122.68100 138.63499 147.75301 143.63699 124.21800 107.25000 107.21900 98.72300 104.88300 120.97500 111.89200 116.80500 115.67500 109.26400 109.98400 94.33020 101.66800 94.46720 153.66200 137.40401 106.06500 127.37500 137.22900 153.05901 169.68300 161.77000 140.14900 106.41300 102.09700 110.25500 112.28200 110.61900 112.14100 109.97200 106.73100 106.39300 104.29500 103.91900 113.42100 128.82600 139.03400 144.11301 145.80600 158.67599 160.13200 149.69200 163.78700 138.07600 139.62300 145.69400 148.86400 139.07201 140.97600 131.49899 126.93900 119.42600 110.98300 117.37400 93.59470 106.10700 117.78600 114.87100 113.34100 103.22100 102.14400 102.41900 102.55900 101.52200 114.47900 115.57900
114.34900 96.00350 99.53710 102.69400 87.55820 107.23500 116.42500 123.90900 126.49400 121.97900 108.25800 89.45180 98.20710 91.49940 90.35340 114.47700 166.40300 164.75600 176.02299 176.32899 164.95000 156.61800 156.99600 146.01801 159.59300 165.30299 147.60201 130.18900 115.78700 112.69700 107.33900 112.25200 109.95000 107.48200 104.12900 105.02400 102.93500 105.52900 115.03800 123.78500 138.21400 157.16200 153.46700 152.71800 158.31400 163.84399 181.28600 136.17999 145.23300 142.08299 142.97701 144.62000 142.95599 134.91299 129.53999 122.27600 120.16400 111.12400 92.87710 117.23500 117.03100 113.74800 112.86600 116.39600 120.99800 120.87600 120.82100 111.30800 103.90500 113.97400
136.64400 110.48700 92.62830 78.86600 69.17510 80.96240 105.37600 107.91600 109.03300 113.18800 121.02900 117.40900 103.45400 90.90390 83.84570 95.72030 128.26700 205.15800 234.45900 208.81799 172.74699 184.17200 179.56300 174.52200 183.05200 169.99001 157.50999 159.36900 153.20000 136.78900 130.29401 136.50200 118.70200 109.35300 104.90300 104.45900 104.31500 112.82200 126.12200 132.07800 135.70599 134.75301 143.92200 159.51801 149.83299 156.17200 169.74300 120.18200 125.68200 133.19701 130.13000 124.04400 118.39800 119.68300 122.55800 124.20700 122.30200 121.27100 111.19100 120.60200 120.14000 113.49700 111.29400 110.60200 110.30900 111.96400 112.37800 111.50100 110.69800 109.77000
