data/hydroclimate-scenarios/1948-2000.Pcorr55N_Pref_Tref/monthly_summaries/soilm2_monthly_day1_apr.asc
ncols	311
nrows	91
xllcenter	102.75
yllcenter	31.75
cellsize	0.5
NODATA_value	-9999
[rows 0 to 30 of 91, columns 70 to 139 of 311]
-9999 -9999 -9999 -9999 -9999 -9999 -9999 -9999 -9999 -9999 -9999 -9999 -9999 -9999 -9999 -9999 -9999 -9999 -9999 -9999 -9999 -9999 -9999 -9999 -9999 -9999 -9999 -9999 -9999 -9999 -9999 -9999 -9999 -9999 -9999 -9999 -9999 -9999 -9999 -9999 -9999 -9999 -9999 -9999 -9999 -9999 -9999 -9999 -9999 -9999 -9999 -9999 -9999 -9999 -9999 -9999 -9999 -9999 -9999 -9999 -9999 -9999 -9999 -9999 -9999 -9999 -9999 -9999 -9999 -9999
-9999 -9999 -9999 -9999 -9999 -9999 -9999 -9999 -9999 -9999 -9999 -9999 -9999 -9999 -9999 -9999 -9999 -9999 -9999 -9999 -9999 -9999 -9999 -9999 -9999 -9999 -9999 -9999 -9999 -9999 -9999 -9999 -9999 -9999 -9999 -9999 -9999 -9999 -9999 -9999 -9999 -9999 -9999 -9999 -9999 -9999 -9999 -9999 -9999 -9999 -9999 -9999 -9999 -9999 -9999 -9999 -9999 -9999 -9999 -9999 -9999 -9999 -9999 -9999 -9999 -9999 -9999 -9999 -9999 -9999
-9999 -9999 -9999 -9999 -9999 -9999 -9999 -9999 -9999 -9999 -9999 -9999 -9999 -9999 -9999 -9999 -9999 -9999 -9999 -9999 -9999 -9999 -9999 -9999 -9999 -9999 -9999 -9999 -9999 -9999 -9999 -9999 -9999 -9999 -9999 -9999 -9999 -9999 -9999 -9999 -9999 -9999 -9999 -9999 -9999 -9999 -9999 -9999 -9999 -9999 -9999 -9999 -9999 -9999 -9999 -9999 -9999 -9999 -9999 -9999 -9999 -9999 -9999 -9999 -9999 -9999 -9999 -9999 -9999 -9999
-9999 -9999 -9999 -9999 -9999 -9999 -9999 -9999 -9999 -9999 -9999 -9999 -9999 -9999 -9999 -9999 -9999 -9999 -9999 -9999 -9999 -9999 -9999 -9999 -9999 -9999 -9999 -9999 -9999 -9999 -9999 -9999 -9999 -9999 -9999 -9999 -9999 -9999 -9999 -9999 -9999 -9999 -9999 -9999 -9999 -9999 -9999 -9999 -9999 -9999 -9999 -9999 -9999 -9999 -9999 -9999 -9999 -9999 -9999 -9999 -9999 -9999 -9999 -9999 -9999 -9999 -9999 -9999 -9999 -9999
-9999 -9999 -9999 -9999 -9999 -9999 -9999 -9999 -9999 -9999 -9999 -9999 -9999 -9999 -9999 -9999 -9999 -9999 -9999 -9999 -9999 -9999 -9999 -9999 -9999 -9999 -9999 -9999 -9999 -9999 -9999 -9999 -9999 -9999 -9999 -9999 -9999 -9999 -9999 -9999 -9999 -9999 -9999 -9999 -9999 -9999 -9999 -9999 -9999 -9999 -9999 -9999 -9999 -9999 -9999 -9999 -9999 -9999 -9999 -9999 -9999 -9999 -9999 -9999 -9999 -9999 -9999 -9999 -9999 -9999
-9999 -9999 -9999 -9999 -9999 -9999 -9999 -9999 -9999 -9999 -9999 -9999 -9999 -9999 -9999 -9999 -9999 -9999 -9999 -9999 -9999 -9999 -9999 -9999 -9999 -9999 -9999 -9999 -9999 -9999 -9999 -9999 -9999 -9999 -9999 -9999 -9999 -9999 -9999 -9999 -9999 -9999 -9999 -9999 -9999 -9999 -9999 -9999 -9999 -9999 -9999 -9999 -9999 -9999 -9999 -9999 -9999 -9999 -9999 -9999 -9999 -9999 -9999 -9999 -9999 -9999 -9999 -9999 -9999 -9999
-9999 -9999 -9999 -9999 -9999 -9999 -9999 -9999 -9999 -9999 -9999 -9999 -9999 -9999 -9999 -9999 -9999 -9999 -9999 -9999 -9999 -9999 -9999 -9999 -9999 -9999 -9999 -9999 -9999 -9999 -9999 -9999 -9999 -9999 -9999 -9999 -9999 -9999 -9999 -9999 -9999 -9999 -9999 -9999 -9999 -9999 -9999 -9999 -9999 -9999 -9999 -9999 -9999 -9999 -9999 -9999 -9999 -9999 -9999 -9999 -9999 -9999 -9999 -9999 -9999 -9999 -9999 -9999 -9999 -9999
-9999 -9999 -9999 -9999 -9999 -9999 -9999 -9999 -9999 -9999 -9999 -9999 -9999 -9999 -9999 -9999 -9999 -9999 -9999 -9999 -9999 -9999 -9999 -9999 -9999 -9999 -9999 -9999 -9999 -9999 -9999 -9999 -9999 -9999 -9999 -9999 -9999 -9999 -9999 -9999 -9999 -9999 -9999 -9999 -9999 -9999 -9999 -9999 -9999 -9999 -9999 -9999 -9999 -9999 -9999 -9999 -9999 -9999 -9999 -9999 -9999 -9999 -9999 -9999 -9999 -9999 -9999 -9999 -9999 -9999
-9999 -9999 -9999 -9999 -9999 -9999 -9999 86.76770 -9999 -9999 -9999 -9999 -9999 -9999 -9999 -9999 -9999 -9999 -9999 -9999 -9999 -9999 -9999 -9999 -9999 -9999 -9999 -9999 -9999 -9999 -9999 -9999 -9999 -9999 -9999 -9999 -9999 -9999 -9999 -9999 -9999 -9999 -9999 -9999 -9999 -9999 -9999 -9999 -9999 -9999 -9999 -9999 -9999 -9999 -9999 -9999 -9999 -9999 -9999 -9999 -9999 -9999 -9999 -9999 -9999 -9999 -9999 -9999 -9999 -9999
-9999 -9999 -9999 98.15250 78.71030 83.67350 85.94960 86.13620 89.19620 89.40230 91.80980 91.87480 92.77990 92.41190 92.95960 93.53290 96.81640 95.99940 95.10190 95.45280 95.17990 95.43580 92.93700 -9999 -9999 -9999 -9999 -9999 -9999 -9999 -9999 -9999 -9999 -9999 -9999 -9999 -9999 -9999 -9999 -9999 -9999 -9999 -9999 -9999 -9999 -9999 -9999 -9999 -9999 -9999 -9999 -9999 -9999 -9999 -9999 -9999 -9999 -9999 -9999 -9999 -9999 -9999 -9999 -9999 -9999 -9999 -9999 -9999 -9999 -9999
-9999 -9999 -9999 -9999 -9999 83.50490 85.24200 87.32010 88.41620 90.07460 92.15400 93.34130 95.40120 97.94140 98.23190 98.53750 99.25410 99.45020 100.38000 100.87900 101.49800 101.00500 99.48830 -9999 -9999 -9999 -9999 -9999 -9999 -9999 -9999 -9999 -9999 -9999 -9999 -9999 -9999 -9999 -9999 -9999 -9999 -9999 -9999 -9999 -9999 -9999 -9999 -9999 -9999 -9999 -9999 -9999 -9999 -9999 -9999 -9999 -9999 -9999 -9999 -9999 -9999 -9999 -9999 -9999 -9999 -9999 -9999 -9999 -9999 -9999
77.55050 77.79500 78.17680 80.24040 81.18060 81.89510 83.78780 83.54620 86.47400 87.94610 90.23110 91.52290 93.08710 95.57020 97.34590 98.60190 99.12680 99.15240 100.10900 100.20300 101.75000 114.72700 120.47000 101.21800 101.24000 98.83660 97.20500 94.54440 92.58890 -9999 -9999 -9999 -9999 -9999 -9999 -9999 -9999 -9999 -9999 -9999 -9999 -9999 -9999 -9999 -9999 -9999 -9999 -9999 -9999 -9999 -9999 -9999 -9999 -9999 -9999 -9999 -9999 -9999 -9999 -9999 -9999 -9999 -9999 -9999 -9999 -9999 -9999 -9999 -9999 -9999
79.43210 78.68620 79.39950 82.45820 82.56450 82.52210 84.39100 85.00610 86.02170 84.74340 85.82490 92.11890 94.21540 95.29460 97.09540 98.69180 100.20900 98.70800 94.69240 119.39600 107.00000 104.22700 102.20400 102.77900 102.36000 100.80100 99.23840 97.31490 96.15090 94.49870 92.36600 90.08660 89.30690 88.74880 88.82350 86.87610 86.01340 83.14860 83.21300 82.12150 81.83640 81.39800 80.78090 81.53970 -9999 -9999 -9999 -9999 -9999 -9999 -9999 -9999 -9999 -9999 -9999 -9999 -9999 -9999 -9999 -9999 -9999 -9999 -9999 -9999 -9999 -9999 -9999 -9999 -9999 -9999
55.67650 55.13860 56.29630 57.08450 77.53430 84.28770 84.05660 84.36470 85.19950 84.39980 80.14250 82.71810 89.54920 84.43530 91.70880 93.86090 95.44950 94.43450 93.71600 96.05660 101.85500 102.49400 102.18000 99.59770 82.64960 91.97930 95.24260 92.16510 91.25500 93.48210 95.75150 90.85550 90.92330 85.38460 84.30510 84.18100 83.41760 83.51400 83.26420 82.73500 82.40140 83.44690 83.27080 83.18800 117.16000 -9999 -9999 -9999 -9999 -9999 -9999 -9999 -9999 -9999 -9999 -9999 -9999 -9999 -9999 -9999 -9999 -9999 -9999 -9999 -9999 -9999 -9999 -9999 -9999 -9999
90.99810 91.76210 91.49590 83.23290 95.93070 90.62500 90.70740 93.54820 92.88580 94.47650 93.22440 96.72370 96.34750 95.33870 94.59830 93.02540 96.20310 98.02870 98.93490 98.06880 120.50100 103.71800 103.50500 101.11300 99.99950 99.92200 101.41700 96.59610 93.54280 92.91280 92.66760 88.88090 87.03350 86.92830 86.97100 85.54130 85.95840 84.69560 84.54500 84.65910 86.05120 84.78070 85.49370 86.86820 84.68020 -9999 -9999 -9999 -9999 -9999 -9999 -9999 -9999 -9999 -9999 -9999 -9999 -9999 -9999 -9999 83.78140 84.73540 -9999 -9999 -9999 -9999 100.70700 110.80300 115.82200 106.06100
88.59100 89.26420 90.76310 90.26270 93.93900 88.10120 86.13020 88.64360 91.90360 94.29780 94.80150 90.06150 91.12250 91.69160 95.91450 96.35550 94.94530 95.72730 95.16390 120.00000 95.69670 98.63250 98.44570 97.34950 92.47560 91.63510 90.21660 90.38490 91.84800 90.11950 90.54840 89.14050 87.47120 85.79130 84.74730 83.34610 83.81010 81.83150 81.46470 82.17330 109.17800 116.36100 116.46500 116.94900 109.88000 110.22100 109.82300 116.37800 84.51500 91.56490 94.12930 86.05940 87.75520 93.32320 91.10210 91.00550 70.41190 61.53300 61.64110 86.04640 86.73390 79.51930 -9999 -9999 -9999 -9999 -9999 103.76400 109.66200 108.78200
96.54840 98.96830 68.39420 92.14020 98.47160 71.02450 87.46090 88.84310 87.65290 84.90720 83.47430 83.03490 84.76220 84.78560 85.94450 87.28130 110.80200 90.58420 91.88560 91.19730 90.37190 90.77150 90.60640 89.38990 88.23000 88.76490 88.64410 87.08170 87.93940 86.11540 85.87690 86.08560 83.81110 83.80690 85.08860 85.25800 85.02590 85.15210 85.08090 116.50700 117.07400 84.37840 116.80100 85.77940 85.76460 86.28230 84.75780 84.42710 84.31110 88.95950 94.50260 93.09950 87.21420 90.99140 100.44600 104.45600 96.30210 98.98040 98.62780 90.81610 73.93390 74.08930 77.57610 87.23680 92.85450 95.50160 100.56700 103.13500 107.91800 106.59500
88.92470 98.52320 96.01660 86.87650 101.10400 100.97600 94.52540 92.08140 92.80480 80.72860 79.66100 78.78490 81.25170 83.16370 110.01700 86.71400 89.63630 89.44530 89.17520 89.46690 90.80670 90.41070 88.09800 87.29620 86.56240 87.77830 87.09620 85.94680 86.45640 84.52480 84.92380 84.36190 84.13350 83.48120 83.16970 84.23800 84.12070 117.46900 83.39730 82.35650 84.08860 84.63400 84.39700 82.21940 83.31200 85.51180 85.14800 84.70480 83.68050 83.17960 83.99460 86.78780 85.65850 88.64770 89.01460 95.39830 104.04000 105.00500 105.45600 106.63000 105.47900 93.58140 92.25240 86.39190 78.23070 89.07520 95.68860 99.89630 101.90800 103.34600
98.09840 105.69000 106.65400 93.02700 58.75330 85.70040 79.33090 78.48790 86.47150 84.34320 80.07370 79.84160 81.80940 81.61950 83.36830 85.25500 86.07990 86.45020 85.78420 87.89860 97.50050 97.05970 91.59180 90.69970 88.97190 86.32630 86.61070 85.07350 84.82830 84.70550 83.80550 83.27380 115.65300 82.63690 81.47490 83.53650 83.29960 83.35310 86.89580 85.57980 87.94290 85.13870 84.69190 92.47720 96.08150 94.13080 86.75430 83.25350 83.10780 84.15680 86.26180 90.84050 94.58170 94.89160 95.83530 77.04600 75.83440 76.85020 98.65850 101.15700 111.72700 110.22500 107.55600 106.88800 97.66300 94.66530 91.93010 92.72220 93.45440 94.57240
83.90170 101.07300 107.87500 103.89300 90.65950 70.73110 79.95130 76.69680 82.85060 86.40250 79.90730 98.65960 94.42500 83.96490 86.32920 84.90760 81.76830 81.61620 83.64300 86.13840 89.93300 95.80740 91.55820 91.49440 91.61310 85.71010 84.77360 83.70570 82.27640 81.17730 108.75200 82.40240 81.43370 81.79670 83.15050 81.98980 81.72880 83.98270 85.96510 85.91610 93.16300 94.11790 90.76790 92.09760 91.61760 97.45250 96.23390 90.92380 89.11200 83.82050 89.42830 95.89840 94.59820 95.15460 90.65730 98.56340 103.64300 102.94600 105.44600 102.98200 102.51200 103.40700 100.59500 98.62510 106.46200 109.29800 99.06910 106.48700 98.09360 96.41820
88.61790 96.59810 95.13810 91.66700 96.47780 97.64950 73.75490 61.39440 55.88070 81.96000 76.77440 84.88670 103.10700 110.54600 106.50800 96.84460 93.73260 87.22770 82.77730 82.22530 82.24700 84.11960 84.80950 85.81130 83.96660 82.87560 84.05620 82.83270 82.00220 80.49790 81.29170 79.99180 82.19580 89.29300 87.49980 86.14350 88.93500 91.24540 94.75650 92.77770 91.17370 97.49840 100.47000 96.74550 93.00870 92.73920 90.79490 90.29830 89.34360 86.08160 85.63590 84.10820 87.85440 91.77520 95.34830 96.77050 102.71200 102.43200 104.98000 101.59500 104.52100 105.46500 105.04100 94.72560 105.94400 107.39100 102.89400 96.11310 97.56000 95.71310
109.11900 115.67400 111.14200 111.38800 104.46600 106.93800 104.80300 91.92480 92.40530 90.34810 81.80380 76.73570 77.14870 88.37620 96.15230 110.65300 108.28000 108.26600 103.62300 88.90240 71.08560 86.04940 85.76210 85.44630 86.86590 85.33290 86.60550 85.62160 84.83630 83.10210 86.35910 86.48940 94.43260 92.87380 96.69230 94.50500 95.02620 96.36180 98.54240 78.26270 96.27960 97.79070 97.85240 97.18540 96.87140 95.92890 98.28570 98.02750 99.23170 95.66410 92.58920 98.03570 101.10600 102.30300 92.64380 101.95300 101.44600 97.00730 104.25900 105.51800 118.27200 109.51700 111.05100 107.79500 105.53600 104.79600 91.70260 106.12400 106.41100 109.25600
97.67660 104.59200 115.85600 117.56800 118.08300 115.51600 106.02000 100.68700 87.49330 98.15590 91.11480 88.49070 91.33900 90.44630 67.02130 89.83990 72.98360 81.58580 104.64600 111.26600 99.80910 86.97140 97.07450 90.58040 88.41810 84.88030 85.96420 86.19550 85.39020 92.86420 91.63180 96.03220 96.84340 99.65720 94.77190 100.95100 96.20520 96.88890 95.09570 99.25950 98.10630 95.90890 97.31420 96.80490 94.23500 105.55200 107.35800 105.53400 105.84500 102.29700 103.47000 105.73700 106.11200 108.14400 113.97700 98.89320 100.92200 107.32700 110.40600 109.23500 113.45900 113.19100 109.95000 103.33900 88.99210 105.72500 108.18900 106.17100 107.75600 108.72200
102.87400 108.14100 106.08900 104.45500 111.33000 116.40600 113.71600 115.90300 111.65700 108.85800 97.53970 86.01980 104.16300 104.14900 99.72760 116.44800 109.85500 105.47200 68.45490 101.55200 116.35100 107.82800 109.28700 104.35200 90.79070 85.95480 83.50410 85.20820 84.71300 90.02980 90.97860 94.12960 94.81300 94.64550 94.08440 90.98420 95.05010 99.17160 96.81870 100.51400 101.83700 103.50200 102.32300 101.36800 85.50330 72.79220 92.22880 99.97760 108.78100 112.45600 107.99800 106.47200 100.02100 109.18000 101.58000 108.48000 115.23300 109.63900 117.83400 104.50000 105.75300 109.34700 105.63500 105.41700 105.69500 102.84000 103.21600 102.87800 100.17500 102.32000
104.44400 110.04300 107.12800 104.12400 96.26970 102.44600 103.04200 104.93500 105.43300 98.80050 98.44650 94.81910 95.42040 79.54730 94.32830 110.82800 114.89600 110.87700 108.98200 89.55230 98.82730 105.23600 106.61800 102.62600 101.01200 90.69080 85.65350 86.03460 86.65240 90.44980 93.02250 93.50630 91.62930 85.69080 89.09080 93.76880 92.17280 94.70870 96.57040 100.75400 106.08500 103.41900 100.15800 113.02700 93.67040 91.60060 98.58760 104.92800 110.03300 112.41000 106.13800 102.48400 105.25400 115.42300 115.61600 113.09400 109.90100 110.65200 106.53500 112.81700 113.60400 105.78000 99.09490 101.99400 99.41520 99.03390 100.61700 99.03070 104.24300 109.40900
107.79300 117.99400 116.08200 107.18700 105.99900 106.49000 100.07500 98.71440 93.29360 89.02170 84.63470 92.76420 102.05700 98.78010 93.13840 97.88670 110.30800 109.07100 106.48400 108.35000 107.49900 107.69500 99.33270 96.31220 97.12180 97.45400 99.52690 89.35240 87.09950 90.25110 96.11820 93.03930 95.77680 87.66250 92.88690 94.75560 101.94900 102.69000 103.90800 100.98800 116.76100 100.76000 105.37800 106.95600 108.70200 110.00600 102.45900 88.15110 90.77780 91.41450 93.08070 106.65000 105.19500 102.83900 100.50000 100.79100 106.26800 108.42000 108.77500 109.90800 115.61300 112.07100 112.27800 111.10900 106.94100 105.57900 101.19200 104.24200 110.37800 101.21300
109.88600 112.97000 118.66000 110.41900 104.26400 106.71200 110.28100 104.23800 100.45100 90.12180 96.01700 93.29200 96.65240 104.20200 103.06900 102.75100 101.56700 110.79700 104.57300 109.65000 108.25000 109.24000 103.34100 109.47100 100.14800 100.72800 99.76870 96.50200 93.33300 89.53000 91.07060 89.47680 89.68040 90.03690 102.90700 100.52400 95.52990 109.97200 113.75200 93.88920 104.10000 108.69100 108.51800 102.32100 100.25100 97.85730 96.06870 107.03900 94.96300 93.92040 116.05400 95.10550 110.89900 112.94800 112.44300 113.26600 110.80200 107.40300 109.36300 111.33300 112.26000 108.92100 110.14000 110.40400 109.99800 112.02300 89.48840 110.15100 90.49680 95.64170
121.37800 113.64200 110.53700 110.38800 110.37000 109.63000 104.75400 90.41460 95.98580 96.79610 91.04370 84.80330 90.69940 101.97000 107.52300 108.00500 107.40000 106.63500 111.62000 107.53700 106.08300 118.01500 107.37000 106.54700 101.72900 98.69280 102.44800 109.61600 98.94880 95.94630 90.60700 95.96970 91.61530 93.87080 104.33200 105.07600 98.45340 112.09900 107.25600 108.93200 99.34130 101.21700 101.91100 100.81300 111.27300 110.44700 114.50500 113.86900 115.49600 116.38900 114.35800 114.56500 113.39300 111.16000 107.58100 111.09800 111.96400 117.54700 115.14100 111.86500 113.89800 111.24700 113.62400 110.07800 100.75700 103.87800 93.38390 94.91380 95.01180 97.86890
109.53300 116.72600 110.80900 113.29400 111.26200 110.02200 113.52600 100.94100 94.54740 91.91580 106.96100 94.60210 99.11580 99.86690 105.02600 107.46500 109.05400 104.48400 94.70670 104.41700 112.87200 109.21900 109.80600 107.76500 101.84300 99.82250 93.64510 100.41300 96.27780 91.57450 93.16980 89.16020 92.51830 97.97110 101.01600 102.96200 89.98360 103.92000 110.86100 110.75300 117.48500 107.50200 101.71100 110.35400 110.18800 116.68800 116.74200 104.33400 82.38800 93.22800 100.20100 103.44800 104.83400 84.94040 108.34800 112.85000 115.52500 113.77000 111.33800 115.85200 110.09900 112.07900 106.03500 94.24470 98.29730 99.52290 99.38050 100.06900 99.80130 98.36890
109.58000 110.79100 111.23400 112.02600 114.87200 115.74600 115.84400 118.26200 103.22600 108.30000 108.38700 106.72100 104.86100 105.28000 100.29400 109.37000 117.60600 114.36600 107.07000 106.58000 111.48100 99.33380 110.02200 115.89200 113.00200 100.85600 85.09770 107.24700 102.68300 97.42970 100.34800 96.62830 92.41200 101.15100 104.73000 99.37720 103.61500 108.91300 118.60700 121.99200 122.56600 121.54100 112.64600 116.90400 114.93000 105.61800 104.52300 85.55240 85.58460 105.78000 101.37700 -9999 -9999 87.91380 105.98300 110.81200 115.03900 117.68600 112.99000 93.96200 95.63360 96.30040 98.97150 99.82790 101.79300 100.85400 102.47300 102.69800 103.42900 101.04000
113.78700 117.58700 115.10600 114.40100 120.41500 112.41900 123.71500 124.05500 118.22100 112.39400 121.87200 119.91400 115.41600 109.75200 106.27800 113.99600 119.10700 109.71000 106.72100 100.12600 107.38900 96.52840 107.27400 103.69800 111.76500 103.80600 103.44500 109.58000 103.06100 86.03630 103.46000 105.66500 95.86220 100.69000 105.26700 105.92600 113.41800 118.01300 115.30200 112.36400 -9999 -9999 -9999 -9999 110.09900 -9999 93.43840 109.63600 112.28600 113.40100 102.12300 -9999 -9999 100.27500 115.82400 115.24300 105.76000 90.88740 91.96100 95.08110 97.31350 97.76340 99.31780 99.75370 99.42420 99.74910 110.32800 104.99600 103.69500 100.07100
