data/hydroclimate-scenarios/1948-2000.Pcorr55N_Pref_Tref/monthly_summaries/soilm2_monthly_day1_jan.asc
ncols	311
nrows	91
xllcenter	102.75
yllcenter	31.75
cellsize	0.5
NODATA_value	-9999
[rows 0 to 30 of 91, columns 70 to 139 of 311]
-9999 -9999 -9999 -9999 -9999 -9999 -9999 -9999 -9999 -9999 -9999 -9999 -9999 -9999 -9999 -9999 -9999 -9999 -9999 -9999 -9999 -9999 -9999 -9999 -9999 -9999 -9999 -9999 -9999 -9999 -9999 -9999 -9999 -9999 -9999 -9999 -9999 -9999 -9999 -9999 -9999 -9999 -9999 -9999 -9999 -9999 -9999 -9999 -9999 -9999 -9999 -9999 -9999 -9999 -9999 -9999 -9999 -9999 -9999 -9999 -9999 -9999 -9999 -9999 -9999 -9999 -9999 -9999 -9999 -9999
-9999 -9999 -9999 -9999 -9999 -9999 -9999 -9999 -9999 -9999 -9999 -9999 -9999 -9999 -9999 -9999 -9999 -9999 -9999 -9999 -9999 -9999 -9999 -9999 -9999 -9999 -9999 -9999 -9999 -9999 -9999 -9999 -9999 -9999 -9999 -9999 -9999 -9999 -9999 -9999 -9999 -9999 -9999 -9999 -9999 -9999 -9999 -9999 -9999 -9999 -9999 -9999 -9999 -9999 -9999 -9999 -9999 -9999 -9999 -9999 -9999 -9999 -9999 -9999 -9999 -9999 -9999 -9999 -9999 -9999
-9999 -9999 -9999 -9999 -9999 -9999 -9999 -9999 -9999 -9999 -9999 -9999 -9999 -9999 -9999 -9999 -9999 -9999 -9999 -9999 -9999 -9999 -9999 -9999 -9999 -9999 -9999 -9999 -9999 -9999 -9999 -9999 -9999 -9999 -9999 -9999 -9999 -9999 -9999 -9999 -9999 -9999 -9999 -9999 -9999 -9999 -9999 -9999 -9999 -9999 -9999 -9999 -9999 -9999 -9999 -9999 -9999 -9999 -9999 -9999 -9999 -9999 -9999 -9999 -9999 -9999 -9999 -9999 -9999 -9999
-9999 -9999 -9999 -9999 -9999 -9999 -9999 -9999 -9999 -9999 -9999 -9999 -9999 -9999 -9999 -9999 -9999 -9999 -9999 -9999 -9999 -9999 -9999 -9999 -9999 -9999 -9999 -9999 -9999 -9999 -9999 -9999 -9999 -9999 -9999 -9999 -9999 -9999 -9999 -9999 -9999 -9999 -9999 -9999 -9999 -9999 -9999 -9999 -9999 -9999 -9999 -9999 -9999 -9999 -9999 -9999 -9999 -9999 -9999 -9999 -9999 -9999 -9999 -9999 -9999 -9999 -9999 -9999 -9999 -9999
-9999 -9999 -9999 -9999 -9999 -9999 -9999 -9999 -9999 -9999 -9999 -9999 -9999 -9999 -9999 -9999 -9999 -9999 -9999 -9999 -9999 -9999 -9999 -9999 -9999 -9999 -9999 -9999 -9999 -9999 -9999 -9999 -9999 -9999 -9999 -9999 -9999 -9999 -9999 -9999 -9999 -9999 -9999 -9999 -9999 -9999 -9999 -9999 -9999 -9999 -9999 -9999 -9999 -9999 -9999 -9999 -9999 -9999 -9999 -9999 -9999 -9999 -9999 -9999 -9999 -9999 -9999 -9999 -9999 -9999
-9999 -9999 -9999 -9999 -9999 -9999 -9999 -9999 -9999 -9999 -9999 -9999 -9999 -9999 -9999 -9999 -9999 -9999 -9999 -9999 -9999 -9999 -9999 -9999 -9999 -9999 -9999 -9999 -9999 -9999 -9999 -9999 -9999 -9999 -9999 -9999 -9999 -9999 -9999 -9999 -9999 -9999 -9999 -9999 -9999 -9999 -9999 -9999 -9999 -9999 -9999 -9999 -9999 -9999 -9999 -9999 -9999 -9999 -9999 -9999 -9999 -9999 -9999 -9999 -9999 -9999 -9999 -9999 -9999 -9999
-9999 -9999 -9999 -9999 -9999 -9999 -9999 -9999 -9999 -9999 -9999 -9999 -9999 -9999 -9999 -9999 -9999 -9999 -9999 -9999 -9999 -9999 -9999 -9999 -9999 -9999 -9999 -9999 -9999 -9999 -9999 -9999 -9999 -9999 -9999 -9999 -9999 -9999 -9999 -9999 -9999 -9999 -9999 -9999 -9999 -9999 -9999 -9999 -9999 -9999 -9999 -9999 -9999 -9999 -9999 -9999 -9999 -9999 -9999 -9999 -9999 -9999 -9999 -9999 -9999 -9999 -9999 -9999 -9999 -9999
-9999 -9999 -9999 -9999 -9999 -9999 -9999 -9999 -9999 -9999 -9999 -9999 -9999 -9999 -9999 -9999 -9999 -9999 -9999 -9999 -9999 -9999 -9999 -9999 -9999 -9999 -9999 -9999 -9999 -9999 -9999 -9999 -9999 -9999 -9999 -9999 -9999 -9999 -9999 -9999 -9999 -9999 -9999 -9999 -9999 -9999 -9999 -9999 -9999 -9999 -9999 -9999 -9999 -9999 -9999 -9999 -9999 -9999 -9999 -9999 -9999 -9999 -9999 -9999 -9999 -9999 -9999 -9999 -9999 -9999
-9999 -9999 -9999 -9999 -9999 -9999 -9999 85.82140 -9999 -9999 -9999 -9999 -9999 -9999 -9999 -9999 -9999 -9999 -9999 -9999 -9999 -9999 -9999 -9999 -9999 -9999 -9999 -9999 -9999 -9999 -9999 -9999 -9999 -9999 -9999 -9999 -9999 -9999 -9999 -9999 -9999 -9999 -9999 -9999 -9999 -9999 -9999 -9999 -9999 -9999 -9999 -9999 -9999 -9999 -9999 -9999 -9999 -9999 -9999 -9999 -9999 -9999 -9999 -9999 -9999 -9999 -9999 -9999 -9999 -9999
-9999 -9999 -9999 98.68650 77.76270 82.44720 84.89010 85.06370 88.26750 88.37320 90.89270 91.27910 92.13780 91.85850 92.38560 92.95920 96.34580 95.83770 94.89940 95.16760 94.96450 95.13890 92.71300 -9999 -9999 -9999 -9999 -9999 -9999 -9999 -9999 -9999 -9999 -9999 -9999 -9999 -9999 -9999 -9999 -9999 -9999 -9999 -9999 -9999 -9999 -9999 -9999 -9999 -9999 -9999 -9999 -9999 -9999 -9999 -9999 -9999 -9999 -9999 -9999 -9999 -9999 -9999 -9999 -9999 -9999 -9999 -9999 -9999 -9999 -9999
-9999 -9999 -9999 -9999 -9999 82.44740 84.18210 86.28040 87.36340 89.18870 91.29560 92.59170 94.67500 97.19920 97.49360 97.80360 98.57050 99.02970 100.17200 100.66600 101.36600 100.94800 99.36000 -9999 -9999 -9999 -9999 -9999 -9999 -9999 -9999 -9999 -9999 -9999 -9999 -9999 -9999 -9999 -9999 -9999 -9999 -9999 -9999 -9999 -9999 -9999 -9999 -9999 -9999 -9999 -9999 -9999 -9999 -9999 -9999 -9999 -9999 -9999 -9999 -9999 -9999 -9999 -9999 -9999 -9999 -9999 -9999 -9999 -9999 -9999
76.69240 76.99490 77.31700 79.27450 80.17390 80.85460 82.64440 82.52160 85.35430 86.95830 89.20160 90.68040 92.21590 94.62880 96.40020 97.79740 98.42050 98.74760 99.91700 99.99640 101.52000 115.46200 121.43800 100.76300 100.68900 98.13330 96.46880 93.74150 92.09210 -9999 -9999 -9999 -9999 -9999 -9999 -9999 -9999 -9999 -9999 -9999 -9999 -9999 -9999 -9999 -9999 -9999 -9999 -9999 -9999 -9999 -9999 -9999 -9999 -9999 -9999 -9999 -9999 -9999 -9999 -9999 -9999 -9999 -9999 -9999 -9999 -9999 -9999 -9999 -9999 -9999
78.41960 77.83670 78.47280 81.34020 81.51010 81.44410 83.27770 83.84310 84.84940 83.75640 84.84870 91.04350 93.21440 94.28410 96.06330 97.79270 99.47920 98.27500 94.44220 120.59500 106.91900 104.08600 102.09700 102.71200 102.04300 100.07600 98.42180 96.48140 95.36480 93.73100 91.60830 89.27800 88.53450 87.97390 88.01340 86.14690 85.30930 82.44630 82.52510 81.48130 81.15750 80.54980 79.96570 80.63500 -9999 -9999 -9999 -9999 -9999 -9999 -9999 -9999 -9999 -9999 -9999 -9999 -9999 -9999 -9999 -9999 -9999 -9999 -9999 -9999 -9999 -9999 -9999 -9999 -9999 -9999
55.16780 54.73910 55.82330 56.50370 77.01970 83.15360 82.95210 83.16890 83.95410 83.36170 79.73360 82.06420 88.50560 83.85630 90.80500 93.01520 94.76760 94.01020 93.45770 95.75700 101.67500 102.56100 102.52800 99.81420 82.25930 91.66020 94.48980 91.24980 90.29480 92.71610 95.04950 90.00840 90.09860 84.65890 83.63480 83.46810 82.68200 82.73370 82.55670 82.01050 81.65860 82.54570 82.33270 82.22640 117.06300 -9999 -9999 -9999 -9999 -9999 -9999 -9999 -9999 -9999 -9999 -9999 -9999 -9999 -9999 -9999 -9999 -9999 -9999 -9999 -9999 -9999 -9999 -9999 -9999 -9999
90.33180 90.95920 91.00440 82.57660 95.84790 89.67880 89.70680 92.72070 91.95030 93.80800 92.39920 95.98510 95.53160 94.48730 93.70540 92.23540 95.65240 97.46350 98.62680 97.59760 122.29100 103.83700 103.58900 101.07200 99.80340 99.37020 101.13000 95.81990 92.65260 92.06100 91.85710 88.01810 86.15320 86.12790 86.19180 84.73010 85.15680 83.84770 83.67620 83.78980 85.11950 83.91760 84.59880 85.98030 83.91150 -9999 -9999 -9999 -9999 -9999 -9999 -9999 -9999 -9999 -9999 -9999 -9999 -9999 -9999 -9999 82.74350 83.71280 -9999 -9999 -9999 -9999 100.06400 111.32600 117.44700 107.20400
87.53110 88.53380 90.05520 89.20370 93.60030 87.04830 85.04880 87.60860 91.00560 93.56910 94.05020 88.99590 90.06810 90.72120 95.22860 95.81500 94.37130 94.99230 94.34990 121.48900 94.95540 98.16620 98.08280 97.00830 91.72850 90.67000 89.24060 89.35170 90.85550 89.20600 89.71220 88.27660 86.62440 84.96250 83.92540 82.59490 83.00080 80.88850 80.52910 81.29650 109.15000 116.07100 116.21800 117.02000 109.88500 110.09000 109.68900 116.09300 83.72280 90.84610 93.70620 85.74450 87.41710 92.79210 90.55230 90.52420 69.99070 61.15760 61.21300 85.02730 85.73670 79.19600 -9999 -9999 -9999 -9999 -9999 103.11700 109.60700 109.32900
95.98820 98.70450 67.44030 91.24780 98.21900 70.12620 86.46480 87.88140 86.62030 83.96290 82.54150 82.07560 83.69000 83.82860 85.04480 86.56740 111.35000 89.63040 90.92950 90.07250 89.28380 89.79720 89.67080 88.32860 87.18570 87.69870 87.56320 86.09050 86.98440 85.21920 84.97190 85.16780 82.96010 82.97860 84.22280 84.30940 84.00820 84.03380 83.94560 116.75300 116.56400 83.37380 117.09100 84.86660 84.90220 85.31060 83.76800 83.39130 83.24530 88.12440 93.74840 92.21980 86.14900 90.31330 100.28100 104.87200 95.82270 98.87590 98.78300 90.80120 73.46610 73.61130 77.05650 86.93480 91.90450 94.54400 99.65870 102.27900 107.23200 106.52100
88.00880 98.76130 97.22890 85.95060 100.78200 101.01400 93.84500 91.26900 92.25320 79.89290 78.86980 77.96210 80.34570 82.33880 110.33400 86.09670 88.95910 88.41470 88.08470 88.19380 89.85120 89.31760 87.09150 86.14570 85.44940 86.67670 85.99930 84.92780 85.48500 83.51760 83.90210 83.41820 83.21040 82.62460 82.44970 83.39610 83.17540 117.24500 82.39530 81.39980 83.10620 83.56270 83.31160 81.32520 82.39150 84.36650 84.01780 83.50780 82.47570 82.19430 82.97150 85.66130 84.53500 87.81460 88.20580 94.90470 104.20000 105.40000 105.42700 106.43200 105.56000 93.75960 92.78300 86.35340 77.66930 88.63810 95.10210 99.05950 101.12300 103.26800
98.23560 105.96800 108.31100 93.43960 58.07500 84.51110 78.28690 77.43780 85.52290 83.34440 79.08780 78.79490 80.82070 80.64800 82.37310 84.23230 84.96370 85.36200 84.69280 86.77540 96.97630 96.25810 90.45690 89.52470 87.80530 85.16700 85.45410 83.94890 83.68980 83.77500 82.93780 82.54250 115.38400 81.80320 80.65910 82.47950 82.21980 82.29260 85.94420 84.57480 86.91120 84.11010 83.60990 91.56300 95.28990 93.24500 85.66130 82.23780 81.99800 83.14680 85.23990 89.95130 93.81960 94.16580 95.29650 76.55800 75.33140 76.37280 98.97720 101.47000 112.15100 111.28700 109.25000 109.10200 98.76090 95.49290 92.16760 92.80300 93.52500 94.99940
82.57570 100.56900 108.73300 104.81500 91.24430 69.80220 78.91790 75.75460 81.79480 85.28910 78.93970 97.89560 94.06490 83.58210 85.52830 83.95360 80.66600 80.61180 82.57020 85.05660 88.92480 94.90580 90.44980 90.36950 90.56190 84.49930 83.70530 82.57330 81.17990 80.38480 108.90200 81.64400 80.57870 80.86680 82.34900 81.06550 80.72730 82.96140 85.02240 84.78290 92.23270 93.20360 89.80970 91.23640 90.71110 96.49390 95.24820 89.71880 87.96230 82.77420 88.34110 95.07440 93.77810 94.34040 89.68060 98.12300 103.94800 103.44400 106.78500 103.44100 102.50000 103.67100 101.23200 99.23650 108.30800 111.59200 100.16600 108.78700 99.00110 97.14670
87.34030 96.53060 95.48560 92.39860 97.76150 99.26990 73.06960 60.65810 55.24960 80.99520 75.95060 83.94230 103.12100 111.74700 108.37800 97.76360 93.58840 86.39600 81.78280 81.19540 81.11690 82.84720 83.55330 84.45380 82.77330 81.81440 83.11090 81.81100 81.05790 79.69970 80.52900 79.18260 81.49510 88.52710 86.68160 85.24400 88.10630 90.76320 94.44980 91.98040 90.41920 96.65940 99.74460 95.81660 91.92200 91.71300 89.65490 89.04490 88.10760 84.71540 84.34500 82.93690 86.75040 90.77760 94.44990 95.93560 102.20400 102.87600 106.18300 102.37400 106.21800 106.82400 106.07600 95.04920 106.77300 107.82200 103.87900 96.64660 98.49440 96.47210
109.06200 116.78200 112.30200 112.72300 106.18100 108.78100 106.08500 92.55570 92.76330 90.09130 80.94790 75.86410 76.51910 87.79030 96.40660 112.15400 110.03600 109.53400 104.29600 88.81430 70.35430 84.93100 84.55660 84.10500 85.62600 84.22910 85.64530 84.66690 83.82210 82.30770 85.58670 85.83970 93.74050 92.17290 95.90770 93.90180 94.45050 95.79730 98.10560 77.39870 96.08080 97.72120 97.49090 96.21810 96.60180 95.24620 97.87780 97.38150 98.50750 94.81580 91.64030 98.26420 101.01800 103.04700 92.91440 102.50900 101.79800 98.10270 105.18900 106.28200 119.65600 110.24700 111.88500 108.92600 105.85600 105.35700 91.79280 107.95400 108.11600 110.83300
97.44580 105.55400 117.52100 119.26800 119.73500 116.90500 107.78900 102.29100 87.84130 98.85080 90.98940 87.87110 90.72920 90.06730 66.24120 89.11430 72.08280 81.16490 105.90900 112.55500 100.71700 86.99010 97.25640 90.04950 87.39650 83.83960 85.00650 85.42620 84.61980 92.04190 90.80730 95.25080 95.99270 98.85680 93.88190 100.23200 95.37850 95.98470 94.42820 99.27220 98.14190 95.29030 96.37150 95.89660 93.43710 105.47400 107.46800 105.57900 105.37800 102.30000 104.49000 107.10100 107.19600 109.65800 116.00300 100.17600 102.73100 108.66800 112.35300 110.12700 113.72600 113.52700 109.92000 103.92600 89.27100 107.25800 109.00700 106.75300 108.01600 109.17800
103.52500 108.92000 107.33900 105.64600 111.49900 117.57300 114.84900 117.13200 112.97700 109.81400 97.25360 85.23640 104.86800 104.86400 99.97860 117.96600 111.90600 107.35200 67.46240 102.20600 118.18300 109.85300 110.84400 105.36600 90.35000 85.08910 82.56770 84.39530 83.82710 89.12570 90.18560 93.34840 93.99600 93.74570 93.11060 90.03470 94.05190 98.14880 95.72330 99.68140 101.31600 104.29600 102.41700 100.63700 84.76430 71.79220 91.17610 98.97920 108.38200 112.66200 108.88300 108.11700 101.04300 110.31600 102.82500 110.59600 117.64900 111.46500 119.71500 105.69400 106.34900 109.23500 105.36600 105.68100 106.21400 102.86400 103.08000 102.61100 99.76180 102.65200
106.08500 111.18800 108.25500 105.15700 96.60970 103.11000 103.24600 104.58000 105.07800 97.90950 97.73980 94.17100 94.92410 78.96030 94.11780 111.57500 116.19000 112.94700 110.92600 89.95240 98.81100 105.84600 107.49600 103.06900 101.14400 90.29690 85.00270 85.27230 85.80570 89.66320 92.35300 92.78640 90.82230 84.72070 88.07880 92.75540 91.11780 93.92370 95.87270 99.79500 105.56600 104.80100 100.72700 113.85900 93.78850 91.24180 97.94190 104.35500 109.84100 112.77600 107.74300 104.09900 106.53500 116.14200 117.43700 114.56400 111.25300 111.89700 107.59400 114.37500 113.90000 106.01800 99.44080 102.02800 99.00060 98.19920 99.70580 98.25940 104.89200 110.66200
109.61500 119.45700 117.72000 109.66400 108.17600 107.74100 100.27500 97.71480 92.08590 87.77940 83.53070 92.31920 102.68300 99.31730 92.78590 97.11690 110.57800 109.93200 107.82500 110.45300 109.28600 108.59000 99.55820 96.10160 97.22010 97.59330 98.81680 88.63110 86.31340 89.30750 95.30530 92.24620 94.97230 86.71220 91.92640 93.75860 100.86100 101.62800 104.34200 101.53600 117.48800 102.77000 107.87500 109.01200 111.38700 111.12600 102.79900 87.83080 90.66940 91.49940 93.70130 108.19600 105.78000 103.21900 101.11600 101.19500 106.66400 108.71600 109.76000 110.44200 116.28000 112.13200 112.47300 111.37300 107.18900 105.49300 100.69500 103.95400 110.93700 102.11200
111.11200 115.66600 121.63300 113.09800 106.50700 108.92100 111.53300 104.49400 99.75980 89.06860 95.36870 92.49300 96.57310 105.43200 103.79400 102.01100 100.82100 111.42900 106.30500 111.84000 110.51800 110.66600 104.91600 110.35100 100.71500 100.56000 98.84930 95.88010 92.51600 88.44990 89.87020 88.40600 88.54110 89.19690 102.26000 100.22800 94.65360 109.47300 114.80200 94.30900 105.87500 111.41800 111.48900 104.50300 101.76000 99.07390 96.79400 108.89600 95.29300 94.07830 117.52100 95.86920 112.26700 114.36600 114.11900 114.87000 112.45900 109.13000 109.89200 111.57700 112.41900 108.91800 110.61800 110.72100 110.49200 112.79700 89.50710 110.76500 90.64970 96.51420
123.67500 115.37100 113.01500 113.41400 113.33200 112.16100 106.59600 90.87170 96.00800 96.28790 90.24000 83.90070 89.99550 101.88900 108.71600 108.93000 108.33000 108.10300 112.26000 108.73500 107.10800 120.45000 108.73300 107.52100 102.33100 98.97720 102.23200 109.85700 98.39440 94.96960 89.43680 94.75880 90.29890 92.97110 103.72300 104.99800 97.94650 111.94600 108.39400 111.12500 100.95700 103.13600 104.33200 102.63000 113.92000 112.90400 117.02400 114.58300 116.67700 117.81400 115.56700 115.80900 114.87800 112.38300 108.63800 112.51300 113.10400 118.80800 115.88300 112.41400 114.87700 111.52600 114.35000 110.96400 101.49000 105.33000 93.96140 95.59740 95.75840 99.13100
110.66500 119.46500 113.63700 116.56900 114.59100 113.07600 116.86400 103.17000 95.72120 92.58190 107.52700 94.84650 99.67610 100.08800 105.67600 109.70600 110.58500 105.10900 94.93130 105.19300 113.27800 109.63400 111.28200 109.18700 102.85100 99.72100 93.08710 99.76510 95.68270 90.78860 92.12200 87.85180 91.13340 96.88550 100.08000 102.83300 89.81400 104.26500 112.15100 113.39400 120.55900 110.41300 103.47300 113.63100 111.90900 117.76800 117.87200 104.11400 81.42040 92.88800 99.58860 102.68200 104.06000 84.18990 109.06000 113.68800 116.90100 114.91100 111.66600 117.44800 110.36600 113.20700 107.42200 94.89530 99.62470 101.02800 100.90200 101.92300 101.71000 99.93920
110.72000 112.55600 114.06000 115.41400 118.09200 118.95500 119.02100 121.93200 106.00600 110.88700 110.69900 109.07100 107.09700 107.09200 102.18500 111.78700 118.87900 115.81900 108.66100 106.94700 111.75500 100.32200 111.75300 118.30900 113.93600 101.06600 84.63510 107.57200 102.70300 97.55610 100.00300 95.79400 91.55380 100.19400 104.20200 100.35000 104.49900 109.98400 120.06100 124.75400 125.47000 124.15400 113.79000 118.95500 115.95200 104.90600 103.79800 84.65450 84.86420 106.14100 100.74400 -9999 -9999 87.16090 106.59200 110.58700 115.83500 119.25900 113.77400 94.27720 96.36040 97.09520 100.28200 101.60900 104.19400 102.92200 105.13800 105.61900 106.63800 103.26300
116.79400 121.01800 118.20600 117.70700 123.88600 115.91000 127.11000 127.71300 121.30400 115.45700 124.98400 122.95500 118.14100 112.30900 109.01000 116.35200 120.64100 112.34100 108.88400 101.38400 109.57500 97.53640 108.57000 105.27200 113.14100 106.15700 105.34100 111.18000 104.08800 86.06030 103.63900 105.99300 95.77470 100.93500 106.15000 107.72300 114.72400 119.80400 116.80800 113.41400 -9999 -9999 -9999 -9999 109.69700 -9999 93.54990 112.16900 113.41900 113.77800 101.95100 -9999 -9999 101.05500 117.16300 116.40700 106.65800 90.61300 91.99200 95.79620 98.70750 98.97000 100.91800 101.47600 101.16200 101.42800 114.01400 108.32200 106.89900 102.29300
