data/hydroclimate-scenarios/1948-2000.Pcorr55N_Pref_Tref/monthly_summaries/soilm2_monthly_day1_feb.1950-2000.asc
ncols	311
nrows	91
xllcenter	102.75
yllcenter	31.75
cellsize	0.5
NODATA_value	-9999
[rows 0 to 30 of 91, columns 210 to 279 of 311]
-9999 -9999 -9999 -9999 -9999 -9999 -9999 -9999 -9999 -9999 -9999 -9999 -9999 -9999 -9999 -9999 -9999 -9999 -9999 -9999 -9999 -9999 -9999 -9999 -9999 -9999 -9999 -9999 -9999 -9999 -9999 -9999 -9999 -9999 -9999 -9999 -9999 -9999 -9999 -9999 -9999 -9999 -9999 -9999 -9999 -9999 -9999 -9999 -9999 -9999 -9999 -9999 -9999 -9999 -9999 -9999 -9999 -9999 -9999 -9999 -9999 -9999 -9999 -9999 -9999 -9999 -9999 -9999 -9999 -9999
-9999 -9999 -9999 -9999 -9999 -9999 -9999 -9999 -9999 -9999 -9999 -9999 -9999 -9999 -9999 -9999 -9999 -9999 -9999 -9999 -9999 -9999 -9999 -9999 -9999 -9999 -9999 -9999 -9999 -9999 -9999 -9999 -9999 -9999 -9999 -9999 -9999 -9999 -9999 -9999 -9999 -9999 -9999 -9999 -9999 -9999 -9999 -9999 -9999 -9999 -9999 -9999 -9999 -9999 -9999 -9999 -9999 -9999 -9999 -9999 -9999 -9999 -9999 -9999 -9999 -9999 -9999 -9999 -9999 -9999
-9999 -9999 -9999 -9999 -9999 -9999 -9999 -9999 -9999 -9999 -9999 -9999 -9999 -9999 -9999 -9999 -9999 -9999 -9999 -9999 -9999 -9999 -9999 -9999 -9999 -9999 -9999 -9999 -9999 -9999 -9999 -9999 -9999 -9999 -9999 -9999 -9999 -9999 -9999 -9999 -9999 -9999 -9999 -9999 -9999 -9999 -9999 -9999 -9999 -9999 -9999 -9999 -9999 -9999 -9999 -9999 -9999 -9999 -9999 -9999 -9999 -9999 -9999 -9999 -9999 -9999 -9999 -9999 -9999 -9999
-9999 -9999 -9999 -9999 -9999 -9999 -9999 -9999 -9999 -9999 -9999 -9999 -9999 -9999 -9999 -9999 -9999 -9999 -9999 -9999 -9999 -9999 -9999 -9999 -9999 -9999 -9999 -9999 -9999 -9999 -9999 -9999 -9999 -9999 -9999 -9999 -9999 -9999 -9999 -9999 -9999 -9999 -9999 -9999 -9999 -9999 -9999 -9999 -9999 -9999 -9999 -9999 -9999 -9999 -9999 -9999 -9999 -9999 -9999 -9999 -9999 -9999 -9999 -9999 -9999 -9999 -9999 -9999 -9999 -9999
-9999 -9999 -9999 -9999 -9999 -9999 -9999 -9999 -9999 -9999 -9999 -9999 -9999 -9999 -9999 -9999 -9999 -9999 -9999 -9999 -9999 -9999 -9999 -9999 -9999 -9999 -9999 -9999 -9999 -9999 -9999 -9999 -9999 -9999 -9999 -9999 -9999 -9999 -9999 -9999 -9999 -9999 -9999 -9999 -9999 -9999 -9999 -9999 -9999 -9999 -9999 -9999 -9999 -9999 -9999 -9999 -9999 -9999 -9999 -9999 -9999 -9999 -9999 -9999 -9999 -9999 -9999 -9999 -9999 -9999
-9999 -9999 -9999 -9999 -9999 -9999 -9999 -9999 -9999 -9999 -9999 -9999 -9999 -9999 -9999 -9999 -9999 -9999 -9999 -9999 -9999 -9999 -9999 -9999 -9999 -9999 -9999 -9999 -9999 -9999 -9999 -9999 -9999 -9999 -9999 -9999 -9999 -9999 -9999 -9999 -9999 -9999 -9999 -9999 -9999 -9999 -9999 -9999 -9999 -9999 -9999 -9999 -9999 -9999 -9999 -9999 -9999 -9999 -9999 -9999 -9999 -9999 -9999 -9999 -9999 -9999 -9999 -9999 -9999 -9999
-9999 -9999 -9999 -9999 -9999 -9999 -9999 -9999 -9999 -9999 -9999 -9999 -9999 -9999 -9999 -9999 -9999 -9999 -9999 -9999 -9999 -9999 -9999 -9999 -9999 -9999 -9999 -9999 -9999 -9999 -9999 -9999 -9999 -9999 -9999 -9999 -9999 -9999 -9999 -9999 -9999 -9999 -9999 -9999 -9999 -9999 -9999 -9999 -9999 -9999 -9999 -9999 -9999 -9999 -9999 -9999 -9999 -9999 -9999 -9999 -9999 -9999 -9999 -9999 -9999 -9999 -9999 -9999 -9999 -9999
-9999 -9999 -9999 -9999 -9999 -9999 -9999 -9999 -9999 -9999 -9999 -9999 -9999 -9999 -9999 -9999 -9999 -9999 -9999 -9999 -9999 -9999 -9999 -9999 -9999 -9999 -9999 -9999 -9999 -9999 -9999 -9999 -9999 -9999 -9999 -9999 -9999 -9999 -9999 -9999 -9999 -9999 -9999 -9999 -9999 -9999 -9999 -9999 -9999 -9999 -9999 -9999 -9999 -9999 -9999 -9999 -9999 -9999 -9999 -9999 -9999 -9999 -9999 -9999 -9999 -9999 -9999 -9999 -9999 -9999
-9999 -9999 -9999 -9999 -9999 -9999 -9999 -9999 -9999 -9999 -9999 -9999 -9999 -9999 -9999 -9999 -9999 -9999 -9999 -9999 -9999 -9999 -9999 -9999 -9999 -9999 -9999 -9999 -9999 -9999 -9999 -9999 -9999 -9999 -9999 -9999 -9999 -9999 -9999 -9999 -9999 -9999 -9999 -9999 -9999 -9999 -9999 -9999 -9999 -9999 -9999 -9999 -9999 -9999 -9999 -9999 -9999 -9999 -9999 -9999 -9999 -9999 -9999 -9999 -9999 -9999 -9999 -9999 -9999 -9999
-9999 -9999 -9999 -9999 -9999 -9999 -9999 -9999 -9999 -9999 -9999 -9999 -9999 -9999 -9999 -9999 -9999 -9999 -9999 -9999 -9999 -9999 -9999 -9999 -9999 -9999 -9999 -9999 -9999 -9999 -9999 -9999 -9999 -9999 -9999 -9999 -9999 -9999 -9999 -9999 -9999 -9999 -9999 -9999 -9999 -9999 -9999 -9999 -9999 -9999 -9999 -9999 -9999 -9999 -9999 -9999 -9999 -9999 -9999 -9999 -9999 -9999 -9999 -9999 -9999 -9999 -9999 -9999 -9999 -9999
-9999 -9999 -9999 -9999 -9999 -9999 -9999 -9999 -9999 -9999 -9999 -9999 -9999 -9999 -9999 -9999 -9999 -9999 -9999 -9999 -9999 -9999 -9999 -9999 -9999 -9999 -9999 -9999 -9999 -9999 -9999 -9999 -9999 -9999 -9999 -9999 -9999 -9999 -9999 -9999 -9999 -9999 -9999 -9999 -9999 -9999 -9999 -9999 -9999 -9999 -9999 -9999 -9999 -9999 -9999 -9999 -9999 -9999 -9999 -9999 -9999 -9999 -9999 -9999 -9999 -9999 -9999 -9999 -9999 -9999
-9999 -9999 -9999 -9999 -9999 -9999 -9999 -9999 -9999 -9999 -9999 -9999 -9999 -9999 -9999 -9999 -9999 -9999 -9999 -9999 -9999 -9999 -9999 -9999 -9999 -9999 -9999 -9999 -9999 -9999 -9999 -9999 -9999 -9999 -9999 -9999 -9999 -9999 -9999 -9999 -9999 -9999 -9999 -9999 -9999 -9999 -9999 -9999 -9999 -9999 -9999 -9999 -9999 -9999 -9999 -9999 -9999 -9999 -9999 -9999 -9999 -9999 -9999 -9999 -9999 -9999 -9999 -9999 -9999 -9999
-9999 -9999 -9999 -9999 -9999 -9999 -9999 -9999 -9999 -9999 -9999 -9999 -9999 -9999 -9999 -9999 -9999 -9999 -9999 -9999 -9999 -9999 -9999 -9999 -9999 -9999 -9999 -9999 -9999 -9999 -9999 -9999 -9999 -9999 -9999 -9999 -9999 -9999 -9999 -9999 -9999 -9999 -9999 -9999 -9999 -9999 -9999 -9999 -9999 -9999 -9999 -9999 -9999 -9999 -9999 -9999 -9999 -9999 -9999 -9999 -9999 -9999 -9999 -9999 -9999 -9999 -9999 -9999 -9999 -9999
84.92970 84.68910 86.10280 88.09590 88.09850 89.16660 89.38120 85.39880 86.39680 -9999 -9999 -9999 -9999 -9999 -9999 -9999 -9999 -9999 -9999 -9999 -9999 -9999 -9999 -9999 -9999 -9999 -9999 -9999 -9999 -9999 -9999 -9999 -9999 -9999 -9999 -9999 -9999 -9999 -9999 -9999 -9999 -9999 -9999 -9999 -9999 -9999 -9999 -9999 -9999 -9999 89.72610 -9999 -9999 -9999 -9999 -9999 -9999 -9999 -9999 -9999 -9999 -9999 -9999 -9999 -9999 -9999 -9999 -9999 -9999 -9999
79.84690 80.33720 79.89290 82.01340 84.37090 86.93720 88.20170 88.93110 89.39740 81.31330 80.20970 80.36800 83.90750 80.19670 85.08700 85.77340 93.76730 94.30980 92.78420 92.60520 88.34790 107.26700 -9999 -9999 -9999 -9999 -9999 -9999 -9999 -9999 -9999 -9999 -9999 -9999 -9999 -9999 -9999 -9999 -9999 -9999 -9999 -9999 -9999 -9999 -9999 78.52920 74.84390 56.51050 60.15630 67.24100 70.75230 78.80330 -9999 -9999 -9999 88.32240 -9999 -9999 -9999 88.34450 90.90750 92.45840 -9999 -9999 -9999 -9999 -9999 -9999 -9999 -9999
84.01620 82.75720 81.78580 81.81840 81.16970 76.65480 77.42670 76.76530 77.14920 73.36550 74.89280 79.34860 83.74590 84.18660 94.89460 95.02370 99.55820 101.59600 98.29760 95.56510 94.54490 86.94200 85.33840 83.56730 85.80520 89.33190 91.66790 84.13610 -9999 -9999 -9999 -9999 -9999 91.00850 88.51260 87.64120 88.32820 87.73220 86.55230 79.75130 62.56490 63.15740 60.66550 57.88150 59.19410 57.28920 58.43030 63.09270 63.56750 76.24850 81.41980 81.49310 84.61140 86.40340 87.81120 88.60000 89.08480 88.60370 89.26430 91.84430 94.68100 101.00300 100.77200 98.67850 95.93070 98.04250 95.74000 -9999 -9999 -9999
80.51130 81.14210 82.26280 82.37860 85.26380 86.38420 89.20600 86.84570 88.59260 92.35880 103.85300 109.76500 111.29400 111.84200 164.37601 161.44701 171.85300 159.65100 161.64400 145.25301 98.32680 90.65560 86.74820 92.73820 91.47830 109.62500 97.22270 93.64630 94.67240 94.08120 77.85210 73.01640 70.04120 65.61650 89.32760 87.66660 89.67770 69.54580 66.94280 65.52030 63.24780 63.77680 62.67610 62.20390 62.87630 64.03410 66.58320 70.25900 68.66790 73.16730 75.36810 77.47130 80.21400 83.82310 86.49590 88.45380 88.98200 89.31570 89.71090 89.49210 90.64270 92.45830 93.23780 94.38710 95.61160 98.67770 101.76800 100.60900 99.31880 96.39470
152.53799 100.78400 103.02500 106.71300 106.43400 111.02000 110.80100 114.48900 172.72701 159.96700 147.19901 144.56799 129.68300 116.06800 113.04600 124.96900 116.37000 107.90200 104.76600 107.94900 108.30200 131.66499 131.94099 131.71600 140.89400 152.89200 138.58099 99.90140 103.09100 91.78150 114.47100 77.23980 76.41620 67.12870 84.76730 85.76290 84.23470 63.82830 64.77230 67.44560 69.02560 67.79270 65.01990 63.98190 65.18220 65.08070 63.58420 64.60060 64.98210 67.36830 69.71430 73.07690 74.13290 76.93210 79.40980 82.32990 87.61700 87.02800 87.81480 88.38440 88.07140 90.21650 90.48110 92.25470 93.03760 98.32590 99.76480 96.54770 96.87300 96.06230
149.53799 162.25700 167.47200 164.67000 165.22501 151.73700 158.72400 159.99200 134.26401 127.27500 114.14300 109.79100 112.20700 112.04500 113.12600 104.71700 115.01300 108.94300 118.62500 117.49400 113.14000 127.89400 122.48800 140.11301 153.43201 154.40700 105.60700 92.73590 93.70590 127.74700 143.14700 134.71600 80.02680 66.25010 63.27050 65.13980 65.91120 65.68090 65.60680 67.63220 71.71740 70.78140 71.07020 63.91660 65.94710 67.67610 68.85830 69.50640 72.30960 75.00250 72.36670 74.71870 75.93470 75.14020 76.91700 79.69030 79.87770 81.80620 85.45100 85.95140 88.28840 89.03870 89.18530 88.50720 95.93700 107.07400 112.10500 112.35100 112.68100 98.21590
154.15100 160.72000 165.85300 165.49100 174.37100 177.85899 163.16701 154.52200 147.53700 132.56500 132.35001 126.86300 119.41900 115.18500 113.07800 113.18600 111.20200 115.36800 114.55200 111.65000 113.17900 148.31300 149.53799 144.58501 153.30800 135.91400 114.26400 89.98020 90.24130 91.29010 95.65940 122.66200 113.74300 67.32020 59.73940 60.74360 82.64420 119.03300 119.62300 120.18400 120.42000 120.11100 120.68200 120.18400 119.94000 119.95600 119.87600 119.12600 120.08800 119.87200 120.49000 121.82600 122.67000 123.12400 96.82090 97.43440 98.83200 82.41420 80.65710 87.95520 90.42130 96.66500 104.72100 106.61500 126.41100 126.58500 126.44800 126.73600 126.91900 127.35000
156.26700 148.54201 150.38600 168.55400 188.77600 186.21400 165.25400 145.89700 133.36099 124.50500 119.75600 111.59200 109.02800 111.87000 111.95400 110.87000 110.81400 108.99000 114.62000 119.41300 121.23400 136.47501 128.82100 119.83800 122.47300 122.00800 117.00100 84.32890 88.94430 89.01870 88.76060 86.27960 93.12140 65.09550 59.96720 60.80100 59.52160 59.51300 58.50020 59.19730 65.85430 82.28140 82.77620 121.66500 121.61700 120.68500 120.21200 119.71300 120.15600 120.55500 120.68400 122.08600 122.54600 123.32300 123.58900 123.31600 123.41900 122.95600 122.89400 122.42700 122.85000 123.87600 123.51000 101.07300 126.06900 124.34700 124.85300 125.75200 126.22300 112.97700
143.32600 147.18100 161.34500 166.51801 152.46001 136.50900 116.00700 115.82200 115.40300 112.41000 113.47300 113.23400 110.87100 111.18100 109.23700 107.64000 107.44200 111.42100 111.09600 113.89800 114.71200 140.99400 139.31400 115.84200 114.95300 105.34600 107.30000 107.49300 114.39300 86.86520 86.06260 83.51170 85.81360 63.79130 58.00770 57.47540 59.34910 60.62240 59.32510 59.93610 59.26740 60.83050 61.28970 63.29760 82.29510 120.45800 120.37600 119.70000 94.49560 82.66940 85.07310 122.73200 123.31000 123.67800 123.47800 123.20200 123.22600 123.13700 123.10200 121.72200 121.56000 122.34900 123.85100 126.93700 124.59200 124.07200 124.73500 125.51100 125.47300 103.01900
169.94701 172.78000 171.45500 157.09000 131.95399 122.61600 124.92800 137.02100 153.78400 173.63300 177.09200 167.91800 152.21300 135.87399 126.61700 119.09400 108.29000 116.50200 119.70300 132.65900 124.39600 140.69600 140.47600 106.76500 103.15800 100.83600 102.88300 102.18500 78.63320 79.32520 81.65590 79.14500 78.65580 57.52010 57.37810 55.89410 56.84870 78.17080 77.69190 78.33930 79.09000 80.40180 66.40500 58.71900 58.95770 83.66360 96.47110 121.46200 122.18400 121.61000 121.28700 122.46600 122.85700 92.61000 92.63560 124.22000 124.45000 123.13600 122.48100 122.25400 123.97500 124.08800 126.92000 127.04600 123.17300 122.88900 122.82600 121.90700 122.31300 101.03100
158.08299 161.76801 157.03300 152.92300 150.73000 155.15900 147.95599 140.75600 155.49600 168.92000 168.76500 163.46300 163.16299 165.11501 166.78000 150.11800 139.15800 137.00301 125.78300 118.21300 119.19400 144.19200 144.59801 124.64100 102.12300 72.01350 72.96180 73.40440 73.54250 77.33830 80.21760 84.10060 85.45740 85.19060 81.89850 82.19480 83.36190 88.08990 90.71390 92.63950 94.20800 92.48610 91.68440 95.82650 95.76570 92.20100 92.47880 91.86490 92.65060 92.04000 92.75800 109.16000 125.14900 125.04500 124.95200 123.10200 87.71070 121.85100 122.38700 122.34300 127.00300 124.89100 124.69100 122.84500 121.70500 121.52400 121.67100 120.87700 121.03500 98.00500
147.13300 143.73700 147.63600 141.71700 142.08299 147.22800 146.27100 143.49800 139.66800 131.55701 136.15401 157.45300 157.11800 160.46001 161.64999 172.42599 171.35100 169.77499 160.34599 139.24500 116.03500 117.89500 145.84399 145.98801 159.21700 158.23000 158.71201 71.81330 71.18370 71.59270 72.50230 76.70790 79.57300 78.16650 82.20320 81.22850 84.65810 85.04460 90.67750 93.33410 98.02200 102.35700 101.51200 106.56300 104.81600 101.60700 102.79000 105.14800 105.52500 104.27200 103.65500 96.89250 97.33610 98.08870 104.82100 124.53700 121.21600 86.13430 121.53000 121.37400 122.67900 122.21900 121.83100 121.76800 121.84900 120.48700 119.17100 119.51700 119.77200 121.31800
112.19400 113.31000 144.61900 138.43900 136.66701 124.80200 126.01400 147.81900 134.34300 138.56900 136.98900 135.56599 131.53200 132.96700 136.06700 144.05701 153.90199 172.08600 141.28200 124.22100 118.53600 122.17500 119.91500 116.90600 122.28700 110.13900 116.53900 112.33300 157.29500 108.94400 101.21400 73.79150 106.82100 108.25100 108.60500 107.90700 108.82700 108.01700 112.35100 79.19200 90.95140 142.05000 153.67700 104.96600 105.99700 102.65600 105.18800 104.30900 106.76400 107.83500 103.11200 101.91200 98.98880 98.63940 98.09560 94.40630 124.20000 121.03500 85.61900 121.84100 121.25000 121.43900 121.58800 121.17700 121.23100 119.79600 118.42200 118.37600 119.25700 121.93900
146.08400 144.52499 153.64799 153.83501 152.69800 156.17999 164.48000 156.14600 192.18500 192.85500 190.57800 179.60500 190.39700 189.21300 184.83501 170.16400 138.22000 147.60400 133.67300 123.78300 109.49400 128.97200 115.52800 117.37500 118.28800 120.25000 122.43000 114.31700 113.32700 115.10100 115.76200 118.53000 121.90000 111.94300 108.99200 106.48700 107.21500 109.04000 109.69700 111.84400 120.75900 133.06200 142.84200 147.35100 144.63800 106.10900 110.89600 111.12400 108.96400 107.31900 109.34100 104.09100 99.72890 98.95280 100.31700 94.77480 93.49700 125.01700 88.37210 123.31600 122.78100 122.17200 122.58600 121.25700 121.49600 121.24300 120.74800 120.80400 121.02500 121.29700
106.78500 159.87700 162.62801 162.48700 110.03400 113.28300 131.60800 189.47501 187.60899 130.57100 131.69299 131.37399 131.79500 194.22600 131.33200 132.09500 194.74100 192.61600 156.26100 121.54100 120.27600 146.06500 143.45900 138.66000 143.53700 137.12801 139.49300 115.57000 108.06500 106.31300 106.85200 108.17200 108.87800 109.84500 106.14700 105.21800 105.45800 105.96200 108.63000 111.33800 113.59200 119.85600 123.86000 122.37400 129.82899 104.55000 111.03900 111.11000 114.75300 117.00200 115.46600 107.09700 104.25400 104.25700 101.32400 99.85560 97.95700 125.63700 91.47860 86.86980 122.92200 123.22500 122.71400 122.02000 122.15700 122.44100 121.73600 121.12700 121.06400 120.62600
111.02400 110.91600 110.06200 111.97800 114.41200 113.61400 115.98200 110.41300 109.83400 112.14400 112.02700 117.51100 118.56600 119.95100 120.64800 103.30400 112.06900 106.59100 158.30800 146.82500 111.11200 147.19901 146.11000 150.17799 153.06700 146.95900 131.34399 107.22100 102.89400 107.04900 107.14200 107.47600 109.31500 112.93300 109.48200 106.83300 104.64700 103.27100 105.24700 110.58000 115.73100 117.71800 121.11200 126.23500 125.91900 95.61950 110.64100 113.99100 117.36000 120.28600 120.76300 116.52300 118.32500 113.28600 107.61000 104.59200 102.10000 127.02600 99.04370 94.26320 125.52500 124.45100 122.78900 97.71090 94.88540 95.31490 94.01790 95.19010 121.96900 120.88800
112.68900 112.93900 112.75800 114.78900 114.46000 114.09600 112.19300 110.77000 110.47700 110.14700 106.28200 91.76750 101.41300 96.05630 98.63280 126.60500 122.31200 119.24000 162.66000 162.28300 159.12900 158.37300 155.15199 153.68300 162.04800 165.63100 146.84599 121.27100 109.85900 106.39500 101.90000 103.71400 110.14000 109.03100 105.40900 104.58400 102.62300 104.08700 107.12400 110.74500 113.98800 124.17400 127.33000 127.51100 130.31500 132.10500 109.19000 115.59800 120.95500 121.23200 120.85600 120.82400 119.69600 117.55800 112.77300 107.12300 110.01600 109.88000 108.06600 128.91701 128.39900 125.73600 124.12100 123.62600 122.36000 121.62100 122.12600 100.42700 100.20200 122.68500
112.53700 113.85200 114.67100 113.24300 109.83100 113.16000 114.22200 110.18900 107.37100 107.57900 109.28800 107.56100 107.05300 99.45180 89.17850 108.71800 118.14400 122.56600 181.02299 121.23600 111.57400 162.15700 161.91901 160.11700 161.53999 158.61501 147.74600 139.58701 127.38300 115.27300 115.84700 113.74700 115.68300 112.43400 111.15000 108.51600 104.82800 106.99000 111.90700 113.86600 119.29200 126.07800 129.59100 132.60500 99.26640 106.42300 105.69100 110.27400 115.76700 116.53600 114.40300 112.64400 112.06500 113.13700 113.20300 111.58100 113.18800 115.10000 108.47500 130.08900 132.46001 131.28600 130.57899 130.81200 127.76900 125.82100 124.07600 123.63000 123.67900 123.92400
