data/hydroclimate-scenarios/1948-2000.Pcorr55N_Pref_Tref/monthly_summaries/soilm1_monthly_day1_dec.asc
ncols	311
nrows	91
xllcenter	102.75
yllcenter	31.75
cellsize	0.5
NODATA_value	-9999
[rows 0 to 31 of 91, columns 71 to 141 of 311]
-9999 -9999 -9999 -9999 -9999 -9999 -9999 -9999 -9999 -9999 -9999 -9999 -9999 -9999 -9999 -9999 -9999 -9999 -9999 -9999 -9999 -9999 -9999 -9999 -9999 -9999 -9999 -9999 -9999 -9999 -9999 -9999 -9999 -9999 -9999 -9999 -9999 -9999 -9999 -9999 -9999 -9999 -9999 -9999 -9999 -9999 -9999 -9999 -9999 -9999 -9999 -9999 -9999 -9999 -9999 -9999 -9999 -9999 -9999 -9999 -9999 -9999 -9999 -9999 -9999 -9999 -9999 -9999 -9999 -9999 -9999
-9999 -9999 -9999 -9999 -9999 -9999 -9999 -9999 -9999 -9999 -9999 -9999 -9999 -9999 -9999 -9999 -9999 -9999 -9999 -9999 -9999 -9999 -9999 -9999 -9999 -9999 -9999 -9999 -9999 -9999 -9999 -9999 -9999 -9999 -9999 -9999 -9999 -9999 -9999 -9999 -9999 -9999 -9999 -9999 -9999 -9999 -9999 -9999 -9999 -9999 -9999 -9999 -9999 -9999 -9999 -9999 -9999 -9999 -9999 -9999 -9999 -9999 -9999 -9999 -9999 -9999 -9999 -9999 -9999 -9999 -9999
-9999 -9999 -9999 -9999 -9999 -9999 -9999 -9999 -9999 -9999 -9999 -9999 -9999 -9999 -9999 -9999 -9999 -9999 -9999 -9999 -9999 -9999 -9999 -9999 -9999 -9999 -9999 -9999 -9999 -9999 -9999 -9999 -9999 -9999 -9999 -9999 -9999 -9999 -9999 -9999 -9999 -9999 -9999 -9999 -9999 -9999 -9999 -9999 -9999 -9999 -9999 -9999 -9999 -9999 -9999 -9999 -9999 -9999 -9999 -9999 -9999 -9999 -9999 -9999 -9999 -9999 -9999 -9999 -9999 -9999 -9999
-9999 -9999 -9999 -9999 -9999 -9999 -9999 -9999 -9999 -9999 -9999 -9999 -9999 -9999 -9999 -9999 -9999 -9999 -9999 -9999 -9999 -9999 -9999 -9999 -9999 -9999 -9999 -9999 -9999 -9999 -9999 -9999 -9999 -9999 -9999 -9999 -9999 -9999 -9999 -9999 -9999 -9999 -9999 -9999 -9999 -9999 -9999 -9999 -9999 -9999 -9999 -9999 -9999 -9999 -9999 -9999 -9999 -9999 -9999 -9999 -9999 -9999 -9999 -9999 -9999 -9999 -9999 -9999 -9999 -9999 -9999
-9999 -9999 -9999 -9999 -9999 -9999 -9999 -9999 -9999 -9999 -9999 -9999 -9999 -9999 -9999 -9999 -9999 -9999 -9999 -9999 -9999 -9999 -9999 -9999 -9999 -9999 -9999 -9999 -9999 -9999 -9999 -9999 -9999 -9999 -9999 -9999 -9999 -9999 -9999 -9999 -9999 -9999 -9999 -9999 -9999 -9999 -9999 -9999 -9999 -9999 -9999 -9999 -9999 -9999 -9999 -9999 -9999 -9999 -9999 -9999 -9999 -9999 -9999 -9999 -9999 -9999 -9999 -9999 -9999 -9999 -9999
-9999 -9999 -9999 -9999 -9999 -9999 -9999 -9999 -9999 -9999 -9999 -9999 -9999 -9999 -9999 -9999 -9999 -9999 -9999 -9999 -9999 -9999 -9999 -9999 -9999 -9999 -9999 -9999 -9999 -9999 -9999 -9999 -9999 -9999 -9999 -9999 -9999 -9999 -9999 -9999 -9999 -9999 -9999 -9999 -9999 -9999 -9999 -9999 -9999 -9999 -9999 -9999 -9999 -9999 -9999 -9999 -9999 -9999 -9999 -9999 -9999 -9999 -9999 -9999 -9999 -9999 -9999 -9999 -9999 -9999 -9999
-9999 -9999 -9999 -9999 -9999 -9999 -9999 -9999 -9999 -9999 -9999 -9999 -9999 -9999 -9999 -9999 -9999 -9999 -9999 -9999 -9999 -9999 -9999 -9999 -9999 -9999 -9999 -9999 -9999 -9999 -9999 -9999 -9999 -9999 -9999 -9999 -9999 -9999 -9999 -9999 -9999 -9999 -9999 -9999 -9999 -9999 -9999 -9999 -9999 -9999 -9999 -9999 -9999 -9999 -9999 -9999 -9999 -9999 -9999 -9999 -9999 -9999 -9999 -9999 -9999 -9999 -9999 -9999 -9999 -9999 -9999
-9999 -9999 -9999 -9999 -9999 -9999 -9999 -9999 -9999 -9999 -9999 -9999 -9999 -9999 -9999 -9999 -9999 -9999 -9999 -9999 -9999 -9999 -9999 -9999 -9999 -9999 -9999 -9999 -9999 -9999 -9999 -9999 -9999 -9999 -9999 -9999 -9999 -9999 -9999 -9999 -9999 -9999 -9999 -9999 -9999 -9999 -9999 -9999 -9999 -9999 -9999 -9999 -9999 -9999 -9999 -9999 -9999 -9999 -9999 -9999 -9999 -9999 -9999 -9999 -9999 -9999 -9999 -9999 -9999 -9999 -9999
-9999 -9999 -9999 -9999 -9999 -9999 59.96650 -9999 -9999 -9999 -9999 -9999 -9999 -9999 -9999 -9999 -9999 -9999 -9999 -9999 -9999 -9999 -9999 -9999 -9999 -9999 -9999 -9999 -9999 -9999 -9999 -9999 -9999 -9999 -9999 -9999 -9999 -9999 -9999 -9999 -9999 -9999 -9999 -9999 -9999 -9999 -9999 -9999 -9999 -9999 -9999 -9999 -9999 -9999 -9999 -9999 -9999 -9999 -9999 -9999 -9999 -9999 -9999 -9999 -9999 -9999 -9999 -9999 -9999 -9999 -9999
-9999 -9999 59.13180 57.44340 59.73100 59.88590 60.08250 60.61710 60.92910 61.33490 60.36320 60.65860 58.89780 59.17420 58.40150 59.75640 57.74470 57.31450 59.11490 58.62140 59.73490 58.23150 -9999 -9999 -9999 -9999 -9999 -9999 -9999 -9999 -9999 -9999 -9999 -9999 -9999 -9999 -9999 -9999 -9999 -9999 -9999 -9999 -9999 -9999 -9999 -9999 -9999 -9999 -9999 -9999 -9999 -9999 -9999 -9999 -9999 -9999 -9999 -9999 -9999 -9999 -9999 -9999 -9999 -9999 -9999 -9999 -9999 -9999 -9999 -9999 -9999
-9999 -9999 -9999 -9999 61.03710 61.67010 62.72870 63.05120 62.31650 62.53030 62.20240 62.40890 63.11210 62.85200 62.47100 62.56970 62.13340 62.06820 61.89630 61.96990 61.29530 60.42230 -9999 -9999 -9999 -9999 -9999 -9999 -9999 -9999 -9999 -9999 -9999 -9999 -9999 -9999 -9999 -9999 -9999 -9999 -9999 -9999 -9999 -9999 -9999 -9999 -9999 -9999 -9999 -9999 -9999 -9999 -9999 -9999 -9999 -9999 -9999 -9999 -9999 -9999 -9999 -9999 -9999 -9999 -9999 -9999 -9999 -9999 -9999 -9999 -9999
60.26180 60.78060 61.55680 61.87210 61.80480 62.78460 62.99810 63.21040 62.55330 63.30180 61.99540 62.19810 63.02240 63.49640 62.94840 62.89280 62.53560 62.37610 62.47050 64.22830 64.48160 74.71480 64.82920 64.56660 63.44020 63.32890 64.04740 62.34740 -9999 -9999 -9999 -9999 -9999 -9999 -9999 -9999 -9999 -9999 -9999 -9999 -9999 -9999 -9999 -9999 -9999 -9999 -9999 -9999 -9999 -9999 -9999 -9999 -9999 -9999 -9999 -9999 -9999 -9999 -9999 -9999 -9999 -9999 -9999 -9999 -9999 -9999 -9999 -9999 -9999 -9999 -9999
60.94440 60.93750 61.92190 62.21080 61.52620 61.66040 62.61310 63.52290 62.16820 62.69800 63.54320 63.84560 63.78310 63.93380 63.64860 63.89520 63.77340 63.50850 76.28840 66.53740 64.75040 63.89570 64.33700 63.79750 63.82350 63.63510 63.60960 63.19630 62.75650 62.40680 62.63100 62.29880 62.35050 62.68590 61.84210 61.51320 61.14490 61.07660 61.12900 61.40080 62.11390 61.69720 61.87700 -9999 -9999 -9999 -9999 -9999 -9999 -9999 -9999 -9999 -9999 -9999 -9999 -9999 -9999 -9999 -9999 -9999 -9999 -9999 -9999 -9999 -9999 -9999 -9999 -9999 -9999 -9999 -9999
50.63910 51.32510 52.54160 53.13290 61.83310 63.25280 62.78690 62.77740 61.69780 52.85590 55.07790 63.02580 54.98010 63.75040 64.02850 64.05620 64.22800 63.65970 65.52480 66.53530 64.57860 63.38740 63.12910 54.75730 54.68810 63.39430 62.97530 62.86220 63.44190 63.52670 63.51400 63.44240 62.85340 62.37550 62.24710 62.10060 61.88110 61.12550 61.60590 61.77160 62.38090 62.58160 63.12460 74.58630 -9999 -9999 -9999 -9999 -9999 -9999 -9999 -9999 -9999 -9999 -9999 -9999 -9999 -9999 -9999 -9999 -9999 -9999 -9999 -9999 -9999 -9999 -9999 -9999 -9999 -9999 -9999
65.10170 62.51800 55.34590 63.24690 64.84660 65.58350 65.78220 65.86380 65.54440 65.57610 65.90730 65.86010 65.94080 65.96030 64.99470 65.10870 67.02190 66.85600 68.17530 75.87880 67.01430 67.03170 65.48480 64.90190 66.06780 65.94820 65.54880 64.72470 64.64870 64.50530 63.97410 63.86110 62.73210 62.83630 63.27640 63.33960 63.28910 63.53660 63.79040 63.94860 62.79370 62.81700 62.10620 61.97400 -9999 -9999 -9999 -9999 -9999 -9999 -9999 -9999 -9999 -9999 -9999 -9999 -9999 -9999 -9999 60.94360 60.90500 -9999 -9999 -9999 -9999 65.00440 65.23770 64.53240 63.57450 56.06400 55.96080
63.59430 64.01060 65.70680 63.33800 64.73200 64.75270 65.01310 64.78510 65.86510 66.22670 65.68770 65.52540 65.51690 65.55420 65.80840 65.44880 67.03300 67.41900 75.98140 68.44920 67.09820 66.63920 65.12110 64.63430 65.55460 64.76270 65.95370 65.73520 64.73090 64.21810 63.82270 63.46070 62.73080 63.09340 63.35750 62.95200 63.83800 63.60240 63.63490 64.06960 75.11520 75.62840 73.99180 62.34610 63.34930 63.03400 74.63210 62.66740 61.56560 61.25190 53.20270 55.12080 62.76340 62.29730 60.89530 52.45040 50.17930 50.91920 60.57960 60.72760 50.99070 -9999 -9999 -9999 -9999 -9999 67.65570 66.91500 64.97680 65.06550 64.35220
66.77560 56.07640 64.66490 65.54250 56.62570 63.47670 64.27170 65.20400 63.75000 63.54410 63.96690 64.71780 64.03160 64.33760 64.92170 65.23230 66.29830 66.16150 66.97800 66.55040 66.36980 65.80350 65.93350 65.32750 65.47790 65.53690 64.01890 64.00270 64.08870 64.14590 63.68080 62.95350 62.80590 63.36070 64.39490 64.95380 65.28390 65.87810 74.21120 76.72560 64.94810 74.57590 63.99940 63.49420 63.87430 63.83420 64.03770 64.21910 64.13890 65.06860 64.27670 64.53210 63.25290 64.99500 65.24820 63.59480 63.76460 62.81590 53.73010 52.94360 52.99790 54.42120 53.21100 62.18310 62.83550 65.03720 66.46890 67.77340 64.03830 63.67280 64.36890
65.11480 61.03090 62.38180 67.01150 66.70860 66.26830 65.70800 64.23330 61.67310 62.13490 62.64680 64.10560 63.14980 63.79140 64.30600 65.32280 65.83860 65.56590 66.83650 64.63070 67.25350 65.78310 65.47730 65.04520 65.28480 64.97950 64.06670 63.70260 64.68040 64.95110 63.80100 63.77800 63.85060 62.96520 64.76020 65.49790 76.53760 65.87620 65.00570 65.36830 64.87360 65.42470 64.75320 65.00450 65.32570 64.98770 65.23210 65.12230 64.08460 64.29060 65.46610 63.44020 63.29460 63.21050 63.62570 65.56140 65.76260 66.09980 66.40940 65.92020 55.04400 56.76100 55.34680 53.97230 54.64930 62.16420 63.88670 64.51730 63.31960 62.72730 59.57730
69.21020 67.05920 58.52460 53.43740 64.25780 63.79610 63.26920 63.39350 63.47650 63.08270 63.25570 63.20670 63.30030 63.95520 65.57870 66.42800 65.81020 65.69850 66.56110 67.11660 67.07940 66.76400 67.34710 66.19770 65.43930 65.45280 64.51640 64.74230 63.59680 63.06050 63.62810 75.28630 63.15310 63.29750 64.93110 65.06050 64.57740 64.28790 65.54380 66.35610 65.81410 65.40480 66.27360 66.88950 66.49210 66.37890 65.33350 64.54650 64.07590 64.32050 64.25940 64.42090 65.40400 64.54340 54.60540 53.73220 53.71220 62.58340 64.19870 67.62300 67.14260 65.91860 64.02110 58.66760 56.65910 57.38320 57.73970 58.37030 59.34680 60.08690 60.73130
68.76170 68.75090 66.60540 59.85370 56.25100 62.99360 63.94700 65.15760 65.45170 63.61380 67.17410 63.89970 54.40510 61.44700 62.90420 64.39870 64.27080 64.90900 65.89630 66.42050 66.86610 66.57070 67.00850 66.27020 65.77290 64.41160 64.52960 63.85610 63.12520 62.80240 62.82330 63.05430 62.19060 62.31190 63.92350 65.23510 64.95870 64.48200 65.41680 65.47550 66.61560 66.21720 64.79410 65.40840 67.66400 67.55590 66.60360 66.56820 64.66050 65.23640 65.39750 65.24910 66.16360 65.68870 65.82920 65.59420 64.74800 65.57270 65.47220 65.96740 66.23120 64.29960 59.31900 64.73350 65.13910 59.80010 65.12510 60.66260 60.55340 60.83390 65.12710
65.16120 60.02430 59.99710 60.56570 59.66950 55.53490 53.15690 52.04620 61.76110 62.34700 63.87370 66.68520 66.83920 58.96080 58.19900 62.87490 63.47790 62.89550 64.67550 64.37760 65.63040 65.73950 66.40840 65.97390 65.14980 65.39770 64.82230 64.42090 63.08090 62.91660 63.02080 62.61500 63.49980 62.80090 62.70180 63.67360 61.98720 63.18140 64.30320 63.31990 66.70820 67.13360 66.45490 67.04730 66.13050 66.08860 66.65220 64.66720 64.00060 64.38700 65.20720 65.49560 65.61630 66.58070 67.08270 66.61020 65.51440 65.71250 64.24040 64.38110 65.50450 66.14950 60.47120 67.72550 67.65570 65.01620 60.90160 61.36320 60.80010 65.38050 65.54690
71.37390 70.08200 69.95920 64.07360 65.83650 65.96570 59.62200 58.10140 62.38080 62.28100 61.95430 52.63240 63.07410 63.64190 66.72570 65.52060 67.78060 66.99280 57.15170 56.03820 64.63710 65.75600 66.68020 65.99410 65.62380 65.65750 65.06190 64.47440 64.02670 63.96400 63.04540 64.75010 64.77960 66.73100 64.83380 65.12710 64.94800 65.56560 56.57760 64.03000 65.12600 66.53090 67.23360 64.98920 65.81840 65.82780 65.90040 66.08070 65.32460 64.38990 63.13230 65.64350 65.49040 59.84580 65.51010 65.62460 59.96010 66.20310 66.77360 70.11990 68.51320 68.88460 68.60990 68.27090 67.28960 59.78600 65.25740 65.46270 66.98150 66.14300 66.07550
68.46570 71.61580 68.49330 70.79350 67.57570 63.93630 60.29560 58.47300 63.41090 62.08850 63.31810 64.52910 62.98570 54.34550 64.52460 57.60170 58.59510 66.26130 69.88420 62.52350 59.68550 64.67780 64.16670 66.44510 65.57880 65.34520 64.65060 65.41430 66.19580 65.76900 65.33170 65.88710 67.64490 66.06700 67.99760 65.81380 66.71300 65.39020 65.15800 64.65020 65.08060 66.64130 67.48620 65.40020 68.21490 68.45200 67.36080 67.77930 66.10640 65.27510 66.18030 66.62460 67.97970 70.65450 61.31130 61.44710 67.82520 68.77830 68.98470 69.88740 69.23120 68.93210 66.80200 59.06500 65.83900 67.33040 67.03210 67.66400 67.06060 67.66560 67.57000
70.46840 68.87400 67.57990 71.33800 71.56840 69.42570 70.18310 68.05000 67.38310 66.00640 63.50650 66.66020 66.91610 65.56530 69.20640 64.20440 63.02630 57.52630 66.50030 70.59070 67.82370 68.77040 66.59310 63.97320 65.07440 64.53330 64.71510 65.67430 66.42790 65.30300 65.58840 65.76730 66.95650 66.99940 66.10070 67.12730 68.17100 68.22840 67.93950 68.16010 66.54640 66.89430 68.84170 59.94560 57.96290 66.61300 68.00720 68.13030 69.25410 67.68530 66.71520 60.23910 68.50540 61.55790 67.11210 68.17080 69.15030 71.54710 66.71210 68.45140 69.25600 69.12360 68.98150 69.04500 67.81770 67.69310 68.19840 67.38260 66.01500 65.84020 66.77370
70.47320 69.58390 68.00390 62.32930 67.52150 68.75770 69.74010 69.81280 68.42330 67.48060 66.64590 66.22360 58.21290 64.20250 69.02110 70.16000 66.29660 67.16380 60.14410 66.56830 68.27210 68.87690 67.11000 66.79880 63.92010 62.94990 64.57710 65.56620 65.85990 65.31510 66.16980 66.25900 65.08810 65.35100 66.42850 65.66390 64.51690 65.26110 68.40510 69.37730 65.81760 62.22090 70.51010 61.10770 58.01190 65.60520 67.06130 67.69260 68.88580 66.37240 60.56100 65.89690 69.80910 70.20690 69.88230 69.26850 70.24910 68.31820 70.74810 71.62500 70.23860 66.44890 69.03740 70.01170 71.36530 71.94900 71.50810 66.61410 66.66650 65.35370 60.63100
72.99640 72.49680 67.56620 67.04830 68.87240 67.62940 70.44810 69.38120 67.52410 65.31310 64.96560 65.90910 64.65400 64.43860 67.84020 69.41870 69.25100 67.93310 66.83940 67.35210 68.56050 66.49170 65.99750 65.36310 64.93140 67.51020 65.02810 64.58110 66.92590 67.08850 66.82290 67.24080 65.32700 65.95570 65.89190 68.57030 69.00980 67.25810 65.61620 71.81690 62.71840 66.24600 67.58850 67.76770 68.98620 65.93040 58.53280 59.07870 59.13340 59.17820 66.16930 67.15400 67.12190 65.53660 65.95510 68.73080 70.78390 70.08510 70.69240 72.64330 72.35080 71.97930 71.00340 70.92250 71.53970 72.73040 71.61140 69.12480 60.77810 60.97150 61.51020
70.85160 72.76350 69.72800 65.04660 67.24970 70.27990 69.55080 69.34100 67.51800 67.08620 66.49910 65.63490 66.89640 67.22630 69.38770 69.21120 69.07680 65.80530 67.74680 66.11720 69.31800 66.15150 69.84690 65.93320 68.02550 69.24920 66.73950 65.83280 66.96020 67.85980 66.74080 65.70710 65.91950 67.75770 66.36670 65.98840 70.63680 71.11440 61.92210 66.47260 68.49020 67.95900 64.12590 63.71980 61.89720 61.49570 65.87600 61.54220 61.51610 69.51040 61.14210 69.12770 69.45590 70.31050 71.17670 69.89110 68.35240 71.04890 72.25090 82.41090 72.89930 69.74480 71.06130 71.81980 68.75950 60.52280 68.67240 60.09640 61.08150 61.84030 61.61590
72.92760 70.17030 69.02670 69.24460 69.01370 66.83140 62.13310 67.21210 68.85220 67.15650 64.88750 66.26590 67.34560 68.64190 69.26250 68.92070 67.62170 69.74550 68.37820 68.11820 70.69730 69.00130 68.38390 66.85980 65.45180 68.81140 70.13700 67.46490 67.08490 67.26500 68.86950 68.32610 67.40920 68.65770 68.70150 66.56600 71.36620 69.10550 68.94380 63.37880 64.38700 64.15530 64.31830 70.31740 69.06020 69.39340 71.01000 71.22320 70.48570 72.10620 70.46930 70.45170 70.81730 68.33110 70.31690 70.64650 72.52770 72.11190 71.17480 78.73990 71.29880 71.32390 68.87000 63.09480 63.11000 62.31950 62.37340 61.79730 62.26470 61.78210 61.72420
72.60870 69.89790 70.07710 69.03100 68.89950 68.27480 63.31230 61.88070 61.04780 68.89540 63.86150 65.50360 67.14800 68.27170 67.31800 68.92010 67.97580 60.41190 67.86340 70.36520 70.62660 69.89170 68.71410 65.59840 67.13710 65.70410 68.93020 67.09080 64.34650 67.10970 67.30570 69.65840 69.00400 69.22640 67.43440 60.32350 67.73680 70.25220 68.45290 70.21280 67.17890 64.50450 67.25860 70.52320 83.33570 79.59970 68.23640 61.33420 60.78730 67.43530 68.75210 69.79720 60.23140 67.84520 72.04670 70.29530 71.19010 72.39480 76.65520 72.89980 69.49110 67.07650 62.50840 63.00330 62.72380 62.91410 62.80600 62.42890 62.30950 62.39540 61.83620
71.25560 70.00950 69.92600 71.53770 70.61210 69.92470 67.08900 62.10650 67.20590 65.94290 62.94100 65.23890 66.15460 62.57150 68.24030 71.81500 71.06050 67.96850 69.37410 70.73540 62.52700 70.14280 71.93880 71.32180 67.63740 59.48950 69.78730 68.21440 65.46060 68.62670 68.46230 66.26400 69.82000 69.73610 60.79090 65.77420 68.93430 71.16150 71.01420 71.58320 72.09720 72.97590 73.95150 73.82470 74.48750 72.53850 62.66110 62.32230 70.17570 70.51830 -9999 -9999 61.90430 67.78870 73.79110 73.88160 82.35810 71.13760 63.23200 63.00230 63.27340 63.57830 63.61510 63.98030 63.04110 62.93760 62.96290 63.38550 63.55940 63.77530 66.58910
72.68480 72.05500 71.39880 73.43290 69.92660 74.12450 70.98420 72.12500 67.97090 68.04260 67.40260 68.94860 66.76520 63.96440 70.32870 72.20670 68.74890 67.10850 62.10180 67.89160 62.55160 69.28490 67.00610 71.28450 63.55820 65.71730 68.67810 66.71030 59.90150 69.20400 68.93510 65.22410 66.37910 67.42310 65.75620 69.61490 69.88590 68.83090 68.99610 -9999 -9999 -9999 -9999 72.84260 -9999 62.99750 68.47860 70.86610 72.36990 70.27010 -9999 -9999 61.71100 78.05140 77.50200 67.56640 62.90730 62.87690 62.77130 62.78890 63.34300 63.53960 63.17010 62.87100 62.85160 65.96830 63.10170 63.18610 62.53650 62.59590 63.03500
68.70970 71.78250 71.78780 72.86120 74.37860 73.75060 72.15890 68.17100 70.01810 71.94680 71.88130 71.58170 71.69600 72.46680 72.20980 69.89270 67.19440 68.96840 68.56910 70.72270 70.82860 70.17840 69.47870 66.93090 63.93740 69.67580 62.17220 68.19530 67.47650 66.93810 68.08900 68.87520 67.74740 68.92910 69.72450 70.89090 69.29800 -9999 -9999 -9999 -9999 -9999 -9999 -9999 72.96440 70.66350 72.92160 -9999 -9999 -9999 -9999 -9999 81.13660 70.68120 63.47890 66.79050 67.19340 67.15510 63.87970 63.77800 63.89120 63.79510 63.28220 66.42970 67.14130 63.07320 63.98730 63.95120 63.59270 64.01400 -9999
