data/hydroclimate-scenarios/1948-2000.Pcorr55N_Pref_Tref/monthly_summaries/soilm1_monthly_day1_oct.asc
ncols	311
nrows	91
xllcenter	102.75
yllcenter	31.75
cellsize	0.5
NODATA_value	-9999
[rows 32 to 63 of 91, columns 0 to 70 of 311]
-9999 -9999 -9999 -9999 -9999 -9999 -9999 -9999 -9999 -9999 -9999 81.30640 81.72580 86.75010 83.10040 85.08110 83.63470 86.76090 83.61980 85.08630 87.86730 88.75690 88.74130 89.51970 83.21960 81.50410 81.73610 86.46240 87.79280 90.35360 90.71480 89.56310 90.41390 90.95620 90.50100 88.77620 88.50790 88.23390 83.27630 82.55910 81.13540 80.11050 81.52060 81.36080 80.37100 80.35830 79.64410 78.54230 77.97910 78.41870 77.34580 76.65290 76.16100 77.26060 76.44830 76.50660 77.44470 77.93500 75.99870 75.97940 77.07740 76.36770 73.11140 81.51820 81.83920 73.46690 77.26640 80.92000 81.91640 82.43660 81.93680
-9999 -9999 -9999 -9999 -9999 -9999 -9999 -9999 -9999 -9999 -9999 84.27220 84.80280 83.53580 82.72180 84.17740 84.37460 88.27770 88.50900 89.29690 89.25330 89.18570 85.62900 85.20430 84.73340 83.85890 81.53330 83.60680 81.72490 77.79560 85.28570 88.86870 88.26930 82.67590 80.61410 76.42080 80.94370 84.29910 81.76550 81.91330 82.11680 82.64600 82.85420 83.40200 83.80970 82.20000 82.00470 81.29400 80.75870 79.86440 79.17010 77.59150 76.79880 75.46940 75.26790 78.50160 77.98570 77.34270 79.20480 79.92140 78.63410 83.84560 81.88750 73.61370 83.71130 77.66680 78.71230 80.03010 80.29660 81.72080 81.50590
-9999 -9999 -9999 -9999 -9999 -9999 -9999 -9999 -9999 -9999 -9999 -9999 82.64820 83.05000 82.35090 83.96380 86.51540 89.51180 89.54340 89.68840 85.59690 83.69050 81.37990 84.41170 82.42690 78.84580 78.82010 79.38630 78.33280 79.95660 79.99300 81.06940 82.19550 82.34160 81.19520 81.13420 82.16700 84.46430 81.90430 80.73340 81.24290 81.15300 81.55240 81.29120 81.89450 83.68620 83.39270 83.78670 82.92300 82.20270 80.65090 80.62850 80.45120 79.27610 77.26620 74.98340 73.46100 72.69910 83.43400 83.67790 82.38820 73.22480 73.01100 74.76800 74.72270 83.61820 77.98270 79.56310 81.68580 82.92610 81.45390
-9999 -9999 -9999 -9999 -9999 -9999 -9999 -9999 -9999 -9999 -9999 -9999 82.54520 82.40660 85.11190 86.43920 86.52280 84.76810 85.02790 84.90660 85.00600 85.21730 84.68180 82.88550 82.17390 78.90190 78.44540 79.93890 78.64290 79.48880 82.03910 82.96910 83.17880 79.47200 81.63160 82.35710 80.23970 83.20800 84.40030 82.09160 82.20070 83.11860 83.99410 86.18380 87.36170 86.79060 87.55920 86.66550 84.99160 85.60900 83.96410 82.22890 81.28520 80.38930 78.62190 75.29940 82.60830 72.74160 77.11350 78.06500 75.33440 78.59880 80.22660 81.12630 79.32960 77.60740 78.71340 78.90600 80.39980 81.82390 82.76540
-9999 -9999 -9999 -9999 -9999 -9999 -9999 -9999 -9999 -9999 -9999 -9999 84.69140 85.04710 84.13600 83.15040 83.52220 84.51810 82.21170 83.71760 84.80070 85.65860 85.05840 82.25960 82.03550 81.45920 81.72990 79.36090 80.52610 77.35620 76.24150 79.88520 83.49590 83.17340 82.27240 79.71300 79.68670 82.36960 82.09010 83.90130 85.09740 84.96140 85.13380 87.56150 87.47890 84.18420 86.31120 86.53180 86.45510 84.47000 83.41220 83.63530 81.31600 79.86720 77.91170 76.42220 74.74740 78.52310 79.69780 79.61980 79.23780 80.08260 79.43780 78.91260 77.93170 78.45690 79.48420 79.49650 81.45560 83.04810 84.03040
-9999 -9999 -9999 80.28700 81.86670 80.36930 79.23730 80.30910 80.33720 -9999 84.72410 83.36380 82.43110 81.82320 82.45470 83.51540 83.21360 82.43210 83.95960 84.50280 85.53390 85.36090 84.62370 83.98410 81.32500 83.00000 82.92900 82.09200 79.64600 78.67750 81.55920 81.67380 79.89570 76.70120 78.37570 68.66990 77.51590 82.11060 84.60070 84.81160 85.46300 86.03970 86.77180 86.32340 85.76860 84.87640 86.52520 83.38680 85.82380 85.22360 81.83250 78.66590 78.53320 81.40310 80.59050 81.69190 81.89900 78.98390 79.08830 78.54520 79.63860 81.53870 79.03750 82.07970 79.64590 79.54080 81.15990 81.83400 83.25050 85.24890 86.00820
-9999 -9999 -9999 80.83440 80.70670 82.45570 81.36800 82.41930 80.96900 79.68970 82.88340 80.78980 83.82930 78.16740 79.19450 82.23440 79.26920 84.87940 86.05350 85.98530 85.41350 85.36530 85.41880 85.44630 82.27560 80.81270 81.52110 81.25870 82.42790 77.49460 69.32790 78.66890 82.09650 79.44490 75.79770 76.14070 80.13590 82.39270 82.67260 83.74840 85.13660 85.93760 87.30600 87.12610 85.08450 86.24530 88.14650 85.56780 83.30540 80.52270 81.50140 84.82610 84.69690 83.94760 81.70490 81.71150 80.52980 81.54250 82.68050 81.08090 81.39260 82.78960 82.13540 80.55730 82.38960 79.95390 80.43880 81.94470 84.19210 83.81830 82.88530
-9999 -9999 -9999 79.30130 82.29140 81.54080 83.08140 81.89000 81.58340 81.70930 82.39100 82.02050 81.90020 78.41630 79.52960 80.69680 82.68270 79.95890 82.70870 83.28690 84.24970 82.02240 72.51170 75.73060 80.55110 80.44850 83.62230 83.29430 78.74310 78.78490 81.21140 84.18370 80.76990 78.15270 77.38770 78.54000 82.44460 82.45620 80.27610 78.20270 81.36080 84.69700 87.41960 88.21430 87.78450 88.44750 88.91770 80.63440 80.71810 87.68250 87.01370 85.43560 84.84770 83.87850 82.18990 82.33670 81.56430 83.15650 83.51390 83.54210 79.68280 79.40330 83.41280 83.37310 83.18350 82.49630 81.96820 82.66130 80.67600 83.62200 84.93290
-9999 -9999 -9999 82.44560 82.38610 84.30000 81.37400 83.67910 80.44890 79.16170 80.71940 80.29050 77.32060 78.72320 80.94360 75.74390 78.74540 88.64020 90.37310 83.86300 78.66660 74.18050 79.22220 87.45660 83.34030 78.70830 81.30970 82.71320 83.96370 80.72360 78.76100 78.16310 78.30100 82.14760 84.48780 81.57520 80.71390 80.28670 82.41720 83.58520 83.43170 83.23140 83.87920 86.15460 87.13870 88.38850 88.53320 87.46440 88.32690 87.30710 87.09720 85.69840 84.91480 81.10450 82.93510 78.68070 77.50600 78.57560 79.52830 78.43860 75.81100 81.19180 81.32810 83.30460 82.80490 81.29910 83.44440 84.24520 85.12530 85.68870 85.51440
-9999 -9999 -9999 79.78750 82.68120 84.14110 83.25360 83.00810 82.31960 81.25840 81.25110 77.83420 76.33340 77.78950 92.47850 90.20850 82.49110 81.16680 81.77110 78.78430 78.20620 82.77310 87.99490 79.37390 76.01240 78.22490 83.85530 84.14270 81.95040 82.64970 80.21970 80.50110 81.42420 82.57420 83.68240 80.46180 80.97560 82.24880 82.30440 82.31030 81.54590 83.72560 85.70760 86.76030 87.35090 87.27130 87.06620 86.57440 84.65800 86.61480 85.29720 81.69490 79.30640 81.23810 80.96120 79.33730 77.59640 77.19820 80.04600 84.22190 83.62090 83.61210 84.34110 82.25780 80.64850 80.31030 82.76940 83.32990 85.71140 84.85620 84.41100
-9999 -9999 -9999 -9999 82.98240 84.34420 84.66660 85.34570 83.09720 80.84720 82.50930 82.87400 79.94890 75.58330 -9999 -9999 -9999 -9999 -9999 83.00600 90.11220 90.07930 89.19260 82.51930 81.63690 83.10740 82.57350 84.23160 85.39670 84.28420 83.89740 80.63570 82.11380 80.04310 77.62290 78.30010 78.04470 78.92320 82.33510 79.81300 79.54860 80.59920 84.52950 86.08200 85.23290 84.62530 81.94140 83.62440 86.56180 89.52750 85.18400 85.68260 85.16980 85.37330 85.19910 84.85280 84.48730 84.24640 79.94860 82.41480 85.07990 85.90000 87.37770 86.38340 86.71890 87.39230 86.58450 84.05510 86.18260 -9999 -9999
-9999 -9999 83.05800 82.93740 84.64950 84.15370 84.04000 85.28240 83.30920 81.99620 83.20110 82.86510 81.70370 -9999 -9999 -9999 -9999 -9999 89.72940 93.49990 90.15170 82.02070 82.12940 84.49530 89.32480 101.71400 89.87630 84.79990 84.87690 83.59010 78.43400 81.62900 80.87500 80.01390 81.61860 79.13050 79.74390 80.28560 81.56220 80.98620 81.88060 83.88330 84.55510 84.30570 84.42390 85.36010 85.73750 84.71050 85.66340 97.25460 97.72140 97.88990 100.25800 93.14400 88.47030 84.27880 84.12190 82.48630 81.21390 82.77710 83.23030 83.95090 87.40730 86.53810 86.51550 86.43310 86.22070 -9999 -9999 -9999 -9999
-9999 -9999 84.34930 84.95640 83.32850 83.24680 81.98480 84.72880 83.13120 83.60120 85.77500 85.66320 80.66600 -9999 -9999 -9999 -9999 81.71540 83.15570 82.16320 80.13300 80.01870 83.43890 91.07410 89.18540 83.46030 80.94690 81.28630 81.87810 83.04300 81.03180 81.49250 81.67870 82.51130 82.15310 83.87340 83.47760 79.15070 81.01990 83.46650 83.50270 84.12830 83.85110 84.74150 80.95300 77.65540 78.84620 77.64160 78.37760 80.22830 83.00030 87.12530 88.26460 92.46650 92.27150 83.58610 82.91580 85.91320 88.06060 87.75010 85.33750 85.12280 85.32670 88.39800 86.65010 -9999 -9999 -9999 -9999 -9999 83.35810
-9999 -9999 81.59260 84.58360 84.76260 84.55520 79.92980 78.97890 83.06330 83.35190 83.79980 80.85300 72.42200 -9999 -9999 -9999 -9999 82.73180 82.14860 81.56890 78.73620 81.42820 88.12660 83.86890 84.54990 84.38160 81.77710 80.71010 81.38060 79.10170 80.30690 82.41490 81.85690 81.94030 81.92990 83.41920 83.50920 83.24670 83.04680 82.88000 83.93760 84.67640 84.18100 85.93390 83.45860 80.05560 78.74480 75.57640 73.77530 73.41460 75.82780 76.45590 80.09880 79.04530 83.11860 81.86760 83.13690 87.45420 86.57740 85.89900 85.54680 84.95790 83.95880 80.84560 80.41630 86.44170 84.87870 84.26490 83.92100 -9999 -9999
-9999 -9999 -9999 79.86700 82.77170 82.90610 79.56690 77.63630 83.34580 80.86420 71.17030 71.67950 -9999 -9999 -9999 -9999 79.59910 80.20840 80.47210 79.74200 81.41220 82.64790 79.96750 81.78460 82.26820 80.37230 79.89220 79.08890 80.44940 83.03340 81.79180 81.43010 79.66210 75.11270 71.44860 72.36710 76.73520 81.54810 83.04420 82.81240 84.38140 82.93570 87.47560 87.33960 86.61010 88.14490 86.48710 83.32100 80.56460 76.83710 82.65580 92.13550 87.19740 92.78520 101.77500 103.60500 92.97700 87.18740 86.49720 87.02310 86.51070 85.01610 85.60520 84.07460 79.66070 83.35570 86.03260 85.71830 82.90960 85.17080 -9999
-9999 -9999 -9999 -9999 79.76350 80.83230 78.40820 83.62150 84.16850 77.78000 75.11020 -9999 -9999 -9999 -9999 82.69340 78.21180 74.80950 77.22970 70.73020 72.39540 71.13600 71.23670 74.27450 79.07730 74.23340 69.67520 72.63180 71.60020 74.41760 74.37870 71.77210 69.93530 69.64700 72.83950 82.42530 83.72990 83.31970 83.21400 83.03940 82.54760 83.68960 83.86880 85.27130 85.32080 81.71870 82.32710 87.78470 82.75360 84.57570 82.81180 92.48300 91.07340 90.56050 91.79790 92.91200 102.06100 94.42650 91.80020 85.96160 86.51190 84.61200 82.95190 80.38660 80.32110 84.73890 83.63470 83.25290 82.82150 84.78240 86.29650
-9999 -9999 -9999 -9999 -9999 -9999 86.71360 87.05010 68.10200 79.12990 72.16210 -9999 -9999 -9999 -9999 -9999 70.96220 69.84700 69.93410 68.46510 68.34590 66.21560 73.07180 75.95220 69.72710 68.51390 74.93000 90.26170 90.48810 81.77890 73.16930 70.62170 74.67010 72.21620 73.18980 72.03790 82.09780 82.84570 82.73590 83.42760 83.10620 85.49640 85.89010 84.02880 85.39120 83.71460 81.05490 84.69600 88.34730 98.31480 91.73500 94.68730 83.25190 84.26940 81.59710 81.59230 90.01150 92.48670 84.54940 77.00870 76.91650 79.42170 82.30860 78.48460 77.63300 79.88330 84.07080 80.91640 80.68720 82.55590 84.43000
-9999 -9999 -9999 -9999 -9999 -9999 -9999 -9999 -9999 -9999 -9999 -9999 -9999 -9999 -9999 -9999 -9999 -9999 -9999 67.24070 69.19020 70.60980 69.54680 68.16060 71.65360 72.40460 72.06050 69.72230 68.56100 69.74370 71.73970 75.82470 84.33240 80.79880 74.76310 75.65210 83.85500 85.77270 85.04040 84.70740 84.90500 85.13950 85.66200 85.34630 84.88520 81.62570 79.99980 84.50940 87.12170 85.08260 85.14490 82.76310 87.91350 89.22810 85.15310 82.76540 75.05330 76.11460 74.48980 75.09020 82.81040 85.93360 76.86400 75.72530 74.90490 80.24060 80.46610 78.72390 79.77520 85.15120 85.37280
-9999 -9999 -9999 -9999 -9999 -9999 -9999 -9999 -9999 -9999 -9999 -9999 -9999 -9999 -9999 -9999 -9999 -9999 68.96930 71.92930 69.94320 65.71180 66.94090 67.00380 71.05690 73.30910 72.42440 73.96180 68.75160 67.98170 68.91540 70.62790 71.19840 71.51310 78.54090 84.34150 83.17390 84.84480 84.27610 85.10230 85.25470 83.53210 83.44820 84.12330 82.62830 82.76360 82.05940 82.43230 83.41820 88.90720 89.78360 90.53420 91.22400 90.15720 86.83770 84.30970 77.10770 75.90410 82.86520 77.18590 84.76740 86.46110 78.49840 79.25050 85.88690 80.97800 75.59320 80.28900 81.23450 83.77880 87.15030
-9999 -9999 -9999 -9999 -9999 -9999 -9999 -9999 -9999 -9999 -9999 -9999 -9999 -9999 -9999 -9999 -9999 69.72110 71.46130 67.34380 67.75820 67.07920 67.07600 69.44610 69.09320 70.54630 79.21540 70.26740 74.35420 75.75050 75.89600 76.12190 75.93570 75.23230 86.08180 86.47980 85.29830 84.64840 84.86530 84.69320 82.18340 82.08160 82.10390 82.71430 81.11740 79.03780 83.21980 85.51180 81.06190 87.44120 89.12290 88.14390 83.04150 85.13040 86.52730 87.10770 75.24510 75.26920 75.58540 75.46070 79.94750 85.03370 80.78790 83.99590 74.63580 74.25920 75.95510 73.50350 79.55290 83.54270 83.06320
-9999 -9999 -9999 -9999 -9999 -9999 -9999 -9999 -9999 -9999 -9999 -9999 -9999 -9999 -9999 -9999 -9999 71.88340 69.81430 69.00320 72.06880 76.28850 69.93710 67.08010 63.49540 61.63360 63.94470 64.10640 68.23200 70.48560 81.37550 81.66940 80.83980 81.55290 85.73420 87.62490 87.99310 82.60290 81.86430 82.02930 81.17700 80.19110 80.42280 80.20390 80.21090 83.09620 78.35640 82.39850 80.61150 82.00870 89.63970 89.25680 89.85890 89.78680 89.98720 87.70130 78.48270 77.07620 75.86900 78.73610 76.26430 76.58510 76.40320 74.94450 75.78900 74.82170 74.37460 77.80140 86.79130 86.34450 82.65150
-9999 -9999 -9999 -9999 -9999 -9999 -9999 -9999 -9999 -9999 -9999 -9999 -9999 -9999 -9999 -9999 82.87310 80.57070 70.42160 74.67590 72.17700 67.16660 64.04840 60.92120 56.79520 58.08050 58.88760 59.57800 60.52040 64.83090 67.39770 66.94310 66.27480 79.33200 83.10300 83.43610 79.76700 82.94760 81.89990 78.96450 76.42400 79.60160 83.27670 78.94820 77.65150 78.23290 78.25600 82.72730 81.12300 76.81910 87.59880 87.59940 88.45720 89.50300 89.60750 87.06300 87.80500 80.32260 85.35520 77.91480 76.51540 78.14870 80.34780 83.42500 83.65230 96.45070 99.05440 96.97220 89.99580 83.40300 83.18720
-9999 -9999 -9999 -9999 -9999 -9999 -9999 -9999 -9999 -9999 -9999 -9999 -9999 69.52620 69.29570 74.92130 73.00670 76.10590 77.03640 69.09940 66.32570 62.48540 58.84590 58.40360 57.99160 56.21670 54.97620 55.97610 55.84470 56.56040 75.27560 74.98980 64.36290 64.16710 80.52030 86.03990 84.17700 79.31710 80.56190 79.75000 80.18280 81.69930 81.03050 77.41610 84.51900 90.42090 87.71560 90.01260 91.29830 84.91000 84.58830 84.43820 83.23280 81.84160 87.44720 87.50190 84.65470 83.06420 82.58710 82.81170 84.13220 91.16430 86.12600 96.32990 98.95690 91.48510 96.51410 90.27870 83.81200 85.76920 85.47320
-9999 -9999 -9999 -9999 -9999 -9999 -9999 -9999 -9999 -9999 -9999 -9999 67.96840 69.09960 78.19290 77.05740 75.20830 70.23510 66.72860 61.82570 61.94680 63.16910 61.48210 60.14290 57.28380 55.42540 54.90010 53.75000 73.45930 73.13940 77.13730 74.08320 75.22860 60.66190 76.82390 83.36670 76.87630 77.73180 78.92360 79.15150 77.77550 79.15900 82.50480 84.96060 90.23170 87.70570 84.22860 90.21740 94.67390 94.98190 80.45110 80.78070 78.56920 81.27750 79.42050 82.77200 88.98630 90.18100 88.98950 90.74280 86.13240 88.46740 89.41580 89.32140 90.79570 90.77540 90.05090 84.35200 86.66090 86.32160 76.62350
-9999 -9999 -9999 -9999 -9999 -9999 -9999 -9999 -9999 -9999 -9999 77.77520 73.74850 73.79360 69.71690 64.15380 61.31950 63.46050 63.85880 62.97510 62.89280 57.10600 56.92240 57.07010 57.08780 55.97430 72.24170 53.85130 71.50440 71.96700 75.99270 55.56750 57.71430 58.84220 65.73620 81.80530 77.89980 79.43710 77.57500 76.75160 76.17420 82.51240 84.92850 88.86590 90.79870 90.06430 92.25210 91.66780 91.64550 92.57090 90.33020 82.82660 82.11470 85.32720 83.74820 82.51810 88.26930 87.85780 86.03830 84.95150 88.61150 85.33280 83.98530 81.18580 89.22870 85.21570 84.35390 86.59120 84.67860 80.28650 73.37800
-9999 -9999 -9999 -9999 -9999 -9999 -9999 -9999 -9999 -9999 67.68280 69.23680 64.44470 66.39060 61.16690 59.43220 57.86030 58.34550 58.66240 58.34430 56.91810 55.13570 54.96140 54.63950 54.78320 53.80490 54.06030 70.47190 71.20290 54.46070 55.11560 54.20550 49.04860 75.70300 80.73860 76.08060 77.14490 77.15680 78.45630 75.88990 82.79240 84.48980 86.06790 90.25850 90.86650 88.33710 89.41110 91.98580 90.85090 92.88480 93.22930 84.92820 85.71110 86.10120 84.67240 83.23150 88.75380 90.20950 87.46470 89.14980 88.18770 84.25750 82.61340 84.42560 86.17310 86.08310 88.51920 84.68390 83.46490 77.59100 76.09120
-9999 -9999 -9999 -9999 -9999 -9999 -9999 -9999 -9999 61.72000 61.35030 60.18290 58.48410 60.03370 56.49150 56.12190 55.44860 56.10780 55.01260 53.62600 53.90930 54.73040 54.57120 53.81400 54.16580 56.05180 55.57520 54.96670 55.85480 55.29550 55.05390 56.34190 58.02530 62.62040 82.37320 78.63470 80.02040 78.75970 78.67920 76.26750 84.87340 84.87900 85.67380 91.16170 88.87070 97.41190 88.56370 88.85020 92.62260 93.33750 95.45930 89.01140 83.43710 87.38040 84.51960 88.02420 89.02110 88.79900 88.31620 89.47620 85.19170 83.81910 80.69900 86.66360 80.79570 83.77470 86.86340 85.31610 77.14600 75.73910 75.30110
-9999 -9999 -9999 -9999 -9999 -9999 -9999 -9999 -9999 -9999 55.72380 53.82320 53.19730 52.99650 50.91090 51.92970 51.98850 52.73990 52.58670 52.02170 52.49440 53.38790 53.62990 -9999 -9999 -9999 -9999 -9999 -9999 53.93300 56.31480 56.06230 59.84000 64.25810 70.23510 79.99120 81.29680 77.95760 75.63640 70.25950 81.17730 82.28900 76.40130 95.51660 90.52260 95.81190 96.08530 86.06290 89.43490 91.08870 88.28670 83.39700 83.79830 84.75740 90.27780 85.35750 84.16410 85.58180 89.06400 87.62170 86.81910 79.77760 81.83690 85.43950 84.16480 86.39060 87.52560 83.19420 80.63090 83.04540 78.46010
-9999 -9999 -9999 -9999 -9999 -9999 -9999 -9999 -9999 -9999 -9999 -9999 50.27620 49.50650 49.53590 47.26570 47.74270 49.37380 49.83440 -9999 -9999 -9999 -9999 -9999 -9999 -9999 -9999 -9999 -9999 -9999 -9999 -9999 -9999 62.43790 69.52670 76.72260 84.24240 74.81070 69.54130 62.01810 76.85170 83.20660 80.78210 77.75270 79.02000 90.08150 96.99880 87.23350 89.71050 90.11610 90.83550 86.32010 87.14330 86.27780 89.45680 86.88650 86.40970 77.28890 75.33090 83.35300 83.13950 78.95530 82.98320 83.88410 84.23980 85.53220 83.91680 76.29520 78.56380 83.14330 91.25500
-9999 -9999 -9999 -9999 -9999 -9999 -9999 -9999 -9999 -9999 -9999 -9999 -9999 -9999 -9999 -9999 -9999 -9999 -9999 -9999 -9999 -9999 -9999 -9999 -9999 -9999 -9999 -9999 -9999 -9999 -9999 -9999 -9999 -9999 79.54760 80.28370 78.87710 79.91420 63.70530 77.50940 77.95620 81.58020 83.00520 75.19210 94.03550 94.75930 94.31700 86.66640 87.36670 87.49530 86.18890 85.43230 89.89740 84.62100 83.83450 82.43450 79.34380 85.53070 79.37380 79.85190 79.06300 87.57060 81.64130 82.78900 85.04560 86.82070 86.94380 79.63900 81.97120 87.69100 91.78420
-9999 -9999 -9999 -9999 -9999 -9999 -9999 -9999 -9999 -9999 -9999 -9999 -9999 -9999 -9999 -9999 -9999 -9999 -9999 -9999 -9999 -9999 -9999 -9999 -9999 -9999 -9999 -9999 -9999 -9999 -9999 -9999 -9999 -9999 66.20390 78.15430 78.06650 63.69190 58.26950 77.00610 79.70320 87.78700 89.04320 81.42470 79.10740 82.75250 82.96610 86.80060 88.11620 89.19730 86.72260 88.17320 77.14330 79.99280 79.03150 76.07840 82.00710 77.87410 79.45120 84.77400 84.56400 88.06810 82.56560 82.89790 86.32540 78.56670 87.73970 80.24810 84.33110 89.44980 -9999
-9999 -9999 -9999 -9999 -9999 -9999 -9999 -9999 -9999 -9999 -9999 -9999 -9999 -9999 -9999 -9999 -9999 -9999 -9999 -9999 -9999 -9999 -9999 -9999 -9999 -9999 -9999 -9999 -9999 -9999 -9999 -9999 -9999 -9999 -9999 -9999 -9999 -9999 75.26980 76.78940 79.50450 77.59810 74.94130 77.90100 84.51260 81.67760 81.62800 86.37570 88.43990 88.64750 89.17210 84.46740 83.96200 79.03600 83.27520 75.71960 72.07770 74.90650 79.45410 78.48050 78.85580 81.47310 85.83590 86.05790 87.14220 79.05060 83.49770 88.71670 79.33160 -9999 -9999
