data/hydroclimate-scenarios/1948-2000.Pcorr55N_Pref_Tref/monthly_summaries/soilm1_monthly_day1_feb.asc
ncols	311
nrows	91
xllcenter	102.75
yllcenter	31.75
cellsize	0.5
NODATA_value	-9999
[rows 0 to 31 of 91, columns 71 to 141 of 311]
-9999 -9999 -9999 -9999 -9999 -9999 -9999 -9999 -9999 -9999 -9999 -9999 -9999 -9999 -9999 -9999 -9999 -9999 -9999 -9999 -9999 -9999 -9999 -9999 -9999 -9999 -9999 -9999 -9999 -9999 -9999 -9999 -9999 -9999 -9999 -9999 -9999 -9999 -9999 -9999 -9999 -9999 -9999 -9999 -9999 -9999 -9999 -9999 -9999 -9999 -9999 -9999 -9999 -9999 -9999 -9999 -9999 -9999 -9999 -9999 -9999 -9999 -9999 -9999 -9999 -9999 -9999 -9999 -9999 -9999 -9999
-9999 -9999 -9999 -9999 -9999 -9999 -9999 -9999 -9999 -9999 -9999 -9999 -9999 -9999 -9999 -9999 -9999 -9999 -9999 -9999 -9999 -9999 -9999 -9999 -9999 -9999 -9999 -9999 -9999 -9999 -9999 -9999 -9999 -9999 -9999 -9999 -9999 -9999 -9999 -9999 -9999 -9999 -9999 -9999 -9999 -9999 -9999 -9999 -9999 -9999 -9999 -9999 -9999 -9999 -9999 -9999 -9999 -9999 -9999 -9999 -9999 -9999 -9999 -9999 -9999 -9999 -9999 -9999 -9999 -9999 -9999
-9999 -9999 -9999 -9999 -9999 -9999 -9999 -9999 -9999 -9999 -9999 -9999 -9999 -9999 -9999 -9999 -9999 -9999 -9999 -9999 -9999 -9999 -9999 -9999 -9999 -9999 -9999 -9999 -9999 -9999 -9999 -9999 -9999 -9999 -9999 -9999 -9999 -9999 -9999 -9999 -9999 -9999 -9999 -9999 -9999 -9999 -9999 -9999 -9999 -9999 -9999 -9999 -9999 -9999 -9999 -9999 -9999 -9999 -9999 -9999 -9999 -9999 -9999 -9999 -9999 -9999 -9999 -9999 -9999 -9999 -9999
-9999 -9999 -9999 -9999 -9999 -9999 -9999 -9999 -9999 -9999 -9999 -9999 -9999 -9999 -9999 -9999 -9999 -9999 -9999 -9999 -9999 -9999 -9999 -9999 -9999 -9999 -9999 -9999 -9999 -9999 -9999 -9999 -9999 -9999 -9999 -9999 -9999 -9999 -9999 -9999 -9999 -9999 -9999 -9999 -9999 -9999 -9999 -9999 -9999 -9999 -9999 -9999 -9999 -9999 -9999 -9999 -9999 -9999 -9999 -9999 -9999 -9999 -9999 -9999 -9999 -9999 -9999 -9999 -9999 -9999 -9999
-9999 -9999 -9999 -9999 -9999 -9999 -9999 -9999 -9999 -9999 -9999 -9999 -9999 -9999 -9999 -9999 -9999 -9999 -9999 -9999 -9999 -9999 -9999 -9999 -9999 -9999 -9999 -9999 -9999 -9999 -9999 -9999 -9999 -9999 -9999 -9999 -9999 -9999 -9999 -9999 -9999 -9999 -9999 -9999 -9999 -9999 -9999 -9999 -9999 -9999 -9999 -9999 -9999 -9999 -9999 -9999 -9999 -9999 -9999 -9999 -9999 -9999 -9999 -9999 -9999 -9999 -9999 -9999 -9999 -9999 -9999
-9999 -9999 -9999 -9999 -9999 -9999 -9999 -9999 -9999 -9999 -9999 -9999 -9999 -9999 -9999 -9999 -9999 -9999 -9999 -9999 -9999 -9999 -9999 -9999 -9999 -9999 -9999 -9999 -9999 -9999 -9999 -9999 -9999 -9999 -9999 -9999 -9999 -9999 -9999 -9999 -9999 -9999 -9999 -9999 -9999 -9999 -9999 -9999 -9999 -9999 -9999 -9999 -9999 -9999 -9999 -9999 -9999 -9999 -9999 -9999 -9999 -9999 -9999 -9999 -9999 -9999 -9999 -9999 -9999 -9999 -9999
-9999 -9999 -9999 -9999 -9999 -9999 -9999 -9999 -9999 -9999 -9999 -9999 -9999 -9999 -9999 -9999 -9999 -9999 -9999 -9999 -9999 -9999 -9999 -9999 -9999 -9999 -9999 -9999 -9999 -9999 -9999 -9999 -9999 -9999 -9999 -9999 -9999 -9999 -9999 -9999 -9999 -9999 -9999 -9999 -9999 -9999 -9999 -9999 -9999 -9999 -9999 -9999 -9999 -9999 -9999 -9999 -9999 -9999 -9999 -9999 -9999 -9999 -9999 -9999 -9999 -9999 -9999 -9999 -9999 -9999 -9999
-9999 -9999 -9999 -9999 -9999 -9999 -9999 -9999 -9999 -9999 -9999 -9999 -9999 -9999 -9999 -9999 -9999 -9999 -9999 -9999 -9999 -9999 -9999 -9999 -9999 -9999 -9999 -9999 -9999 -9999 -9999 -9999 -9999 -9999 -9999 -9999 -9999 -9999 -9999 -9999 -9999 -9999 -9999 -9999 -9999 -9999 -9999 -9999 -9999 -9999 -9999 -9999 -9999 -9999 -9999 -9999 -9999 -9999 -9999 -9999 -9999 -9999 -9999 -9999 -9999 -9999 -9999 -9999 -9999 -9999 -9999
-9999 -9999 -9999 -9999 -9999 -9999 58.54990 -9999 -9999 -9999 -9999 -9999 -9999 -9999 -9999 -9999 -9999 -9999 -9999 -9999 -9999 -9999 -9999 -9999 -9999 -9999 -9999 -9999 -9999 -9999 -9999 -9999 -9999 -9999 -9999 -9999 -9999 -9999 -9999 -9999 -9999 -9999 -9999 -9999 -9999 -9999 -9999 -9999 -9999 -9999 -9999 -9999 -9999 -9999 -9999 -9999 -9999 -9999 -9999 -9999 -9999 -9999 -9999 -9999 -9999 -9999 -9999 -9999 -9999 -9999 -9999
-9999 -9999 57.80460 56.51160 58.36600 58.48690 58.65950 59.07400 59.45600 59.82720 59.08370 59.38140 57.88140 58.05490 57.55180 58.85020 57.00210 56.64900 58.23080 57.75390 58.55430 57.07180 -9999 -9999 -9999 -9999 -9999 -9999 -9999 -9999 -9999 -9999 -9999 -9999 -9999 -9999 -9999 -9999 -9999 -9999 -9999 -9999 -9999 -9999 -9999 -9999 -9999 -9999 -9999 -9999 -9999 -9999 -9999 -9999 -9999 -9999 -9999 -9999 -9999 -9999 -9999 -9999 -9999 -9999 -9999 -9999 -9999 -9999 -9999 -9999 -9999
-9999 -9999 -9999 -9999 59.99720 60.61680 61.70350 61.98260 61.34280 61.52430 61.19770 61.36330 61.90370 61.66590 61.30590 61.38890 61.04570 60.98910 60.81330 60.88530 60.26820 59.47360 -9999 -9999 -9999 -9999 -9999 -9999 -9999 -9999 -9999 -9999 -9999 -9999 -9999 -9999 -9999 -9999 -9999 -9999 -9999 -9999 -9999 -9999 -9999 -9999 -9999 -9999 -9999 -9999 -9999 -9999 -9999 -9999 -9999 -9999 -9999 -9999 -9999 -9999 -9999 -9999 -9999 -9999 -9999 -9999 -9999 -9999 -9999 -9999 -9999
59.52400 59.97200 60.61410 60.87620 60.85200 61.69840 62.00520 62.11070 61.54190 62.15690 61.01940 61.16500 61.83340 62.21020 61.68100 61.62830 61.35580 61.20800 61.28710 63.14690 63.62200 72.79270 63.95430 63.63380 62.53380 62.45300 63.25310 61.70940 -9999 -9999 -9999 -9999 -9999 -9999 -9999 -9999 -9999 -9999 -9999 -9999 -9999 -9999 -9999 -9999 -9999 -9999 -9999 -9999 -9999 -9999 -9999 -9999 -9999 -9999 -9999 -9999 -9999 -9999 -9999 -9999 -9999 -9999 -9999 -9999 -9999 -9999 -9999 -9999 -9999 -9999 -9999
60.15830 60.06600 60.77640 61.07570 60.42160 60.51500 61.44150 62.26760 61.19140 61.71110 62.21630 62.40270 62.37190 62.50590 62.30840 62.46320 62.29550 62.12320 74.28010 65.34980 63.36790 62.58580 63.12040 62.74780 62.74560 62.60850 62.69660 62.34440 61.96610 61.67200 61.86350 61.58570 61.62900 61.93140 61.14940 60.85650 60.52690 60.47040 60.58250 60.81880 61.37160 60.98620 61.07340 -9999 -9999 -9999 -9999 -9999 -9999 -9999 -9999 -9999 -9999 -9999 -9999 -9999 -9999 -9999 -9999 -9999 -9999 -9999 -9999 -9999 -9999 -9999 -9999 -9999 -9999 -9999 -9999
50.28130 50.89790 52.02170 52.63070 60.68220 62.19710 61.59470 61.48280 60.68140 52.48470 54.39770 61.56770 54.31300 62.26590 62.52000 62.54620 62.77170 62.26200 64.31480 65.29670 63.14090 62.00870 61.72370 54.02450 54.05070 62.18360 61.84680 61.73370 62.55730 62.74050 62.69370 62.65320 62.18960 61.77380 61.58450 61.42220 61.18560 60.50130 60.97290 61.12080 61.57440 61.73650 62.25180 72.93220 -9999 -9999 -9999 -9999 -9999 -9999 -9999 -9999 -9999 -9999 -9999 -9999 -9999 -9999 -9999 -9999 -9999 -9999 -9999 -9999 -9999 -9999 -9999 -9999 -9999 -9999 -9999
63.95370 61.17480 54.59190 61.80200 63.63870 64.39980 64.49770 64.57780 64.32480 64.28870 64.66830 64.62730 64.68440 64.69310 63.64190 63.73250 65.45190 65.27520 66.67810 73.49280 65.40260 65.47380 64.28000 63.78340 64.74090 64.66530 64.36740 63.66070 63.65840 63.55170 63.05500 62.95960 61.96410 62.08880 62.49170 62.56370 62.50750 62.73490 62.98860 63.08100 62.00510 61.98200 61.27860 61.28910 -9999 -9999 -9999 -9999 -9999 -9999 -9999 -9999 -9999 -9999 -9999 -9999 -9999 -9999 -9999 59.96370 59.91800 -9999 -9999 -9999 -9999 63.77310 64.01290 63.30250 61.93080 55.17990 55.05960
62.29350 62.69960 64.52380 61.85340 63.56910 63.61940 63.89050 63.47140 64.68160 64.97840 64.51470 64.32860 64.27630 64.28090 64.46300 64.11670 65.62020 66.07600 73.56220 66.87400 65.63540 65.16110 63.90950 63.49690 64.29260 63.59310 64.93970 64.72640 63.68630 63.26580 62.87350 62.57520 61.91680 62.32410 62.67130 62.18560 62.97960 62.75460 62.84290 63.48670 73.28630 73.97990 72.19700 61.87020 62.81580 62.53580 72.87270 61.90990 60.39990 59.94210 52.55290 54.43880 61.91190 61.66770 59.97570 51.96320 49.84720 50.53690 59.45900 59.65040 50.67130 -9999 -9999 -9999 -9999 -9999 66.75040 65.48140 63.34820 63.21900 62.50300
65.32330 55.10520 63.35310 64.06200 55.68930 62.19880 62.94350 64.03180 62.79270 62.62820 63.04170 63.67510 63.03680 63.23290 63.86370 64.30390 64.96110 64.66390 65.44070 65.18870 65.09580 64.56050 64.61940 64.11300 64.22620 64.29330 62.95230 62.95870 63.17800 63.22590 62.76140 62.14100 62.02830 62.53810 63.44710 63.94990 64.18940 64.76750 72.12480 74.85150 64.00450 72.46580 63.08210 62.62770 62.93970 62.89880 63.03980 63.17400 63.15100 63.95020 63.17450 63.44620 62.38910 63.88940 64.03890 62.60440 62.57510 61.52880 53.17950 52.41320 52.44740 53.72520 52.67590 61.04710 61.61510 63.71880 65.18890 65.97140 62.57770 62.20410 62.50360
63.37340 59.43090 61.17760 65.65830 65.19240 64.90470 64.31640 62.86940 60.83610 61.37350 61.88340 63.26690 62.32760 62.98210 63.26390 64.08230 64.39220 64.20470 65.32550 63.01760 65.97930 64.68670 64.25730 63.88370 64.05270 63.78920 62.97610 62.66340 63.64940 63.87630 62.84350 62.85770 63.05080 62.30640 63.94620 64.58670 74.56570 64.93600 64.12650 64.46520 63.85800 64.39140 63.93740 64.14820 64.18100 63.87300 64.04250 63.96110 63.12180 63.27090 64.34800 62.29170 62.29780 62.24750 62.61460 64.39470 64.50960 65.00890 65.37720 64.78930 54.31910 55.71050 54.45720 53.26380 53.87080 60.55890 62.40900 62.95920 61.75560 61.02090 58.04040
67.48720 65.19800 57.36990 52.80720 63.01610 62.81940 62.27980 62.25430 62.43890 62.13630 62.23500 62.22140 62.32160 62.82600 64.30330 65.07620 64.47050 64.43830 65.19760 65.58120 65.61240 65.32630 65.87900 64.81750 64.19290 64.19240 63.33840 63.53010 62.62460 62.16950 62.86400 73.46350 62.34590 62.53810 63.90050 64.01410 63.54550 63.29070 64.58890 65.35740 64.79650 64.32460 65.01880 65.69800 65.42020 65.32170 64.40820 63.50070 63.11410 63.30210 63.23490 63.47060 64.31780 63.40520 53.91280 53.08760 53.11800 61.32480 62.93970 66.41170 65.67440 64.25650 62.36350 57.39740 55.51750 56.16540 56.47400 57.01580 57.95040 58.53660 59.04240
67.21780 67.00900 64.80790 58.44650 55.23470 62.00910 63.08460 64.14430 64.30630 62.69530 65.83970 62.57570 53.58740 60.28920 61.69890 63.27570 63.26280 63.76370 64.66540 65.10980 65.31750 65.06830 65.51490 64.86690 64.47120 63.31510 63.37840 62.76840 62.35380 62.14230 62.01130 62.13750 61.24010 61.53120 63.03110 64.29750 63.95080 63.50690 64.25310 64.33050 65.54940 65.20200 63.71270 64.24360 66.46500 66.26460 65.29540 65.45680 63.67750 64.07620 64.19060 64.09760 64.95320 64.52870 64.61300 64.16940 63.29240 63.91420 64.00940 64.62450 64.80970 62.69230 57.99510 62.99900 63.41730 58.36760 63.20740 59.04400 58.95450 59.15220 62.98110
63.42050 58.61720 58.53890 59.03340 58.22850 54.53600 52.43420 51.45740 60.64560 61.57860 62.88770 65.29700 65.39120 57.90700 57.03580 61.43240 62.27520 61.75200 63.61530 63.15990 64.29910 64.37830 64.98390 64.79680 64.05090 64.39100 63.79590 63.49770 62.29790 62.15620 62.25930 61.96010 62.46750 61.58540 61.50820 62.46300 60.66630 61.86830 62.92440 61.82980 65.53450 65.87430 65.21910 65.77990 64.73190 64.61800 65.29710 63.23250 62.53340 63.05850 64.08300 64.37600 64.34720 65.42880 65.93580 65.53400 64.08370 64.12100 62.73190 62.74970 63.83930 64.45670 59.00870 65.86060 65.93100 63.07510 59.24550 59.55940 59.01930 63.02980 63.40700
69.42510 68.12600 67.97290 62.31480 64.08870 64.20110 58.18530 56.92430 61.04880 61.28830 61.09600 51.93150 61.82650 62.06690 65.19610 63.94290 66.09320 65.36020 56.21480 55.17450 63.28450 64.34990 65.25950 64.58570 64.28480 64.45670 64.02200 63.32270 63.26420 63.17830 62.38460 63.93150 63.33240 65.51950 63.42060 63.68840 63.66620 64.25530 55.44930 62.38730 63.64670 65.02410 65.78830 63.29480 64.15590 64.13260 64.28810 64.66430 63.74890 62.84070 61.55960 64.01290 63.69580 58.57960 63.73190 63.98920 58.55520 64.49890 65.17960 68.53520 66.86880 67.23560 66.68070 66.53600 65.34660 58.21540 63.00150 63.15350 64.52540 63.70970 64.05990
66.43440 69.56290 66.78120 68.87650 66.00570 62.34720 58.83160 57.16670 61.78840 60.75660 62.22360 63.51990 61.61000 53.45940 63.12880 56.44170 57.38470 64.49340 67.93470 60.91690 58.34180 62.91510 62.72180 65.09710 64.29240 64.10710 63.59250 64.40520 64.90910 64.65780 64.28610 64.79840 66.32180 64.59500 66.54190 64.81550 65.48370 63.83960 63.35540 62.85900 63.50380 65.15470 66.08550 63.67690 66.57880 66.88130 65.83240 66.42650 64.53050 63.51940 64.37460 64.85010 65.93280 68.51440 59.65680 59.76160 65.78220 66.72330 67.09120 68.21230 67.63500 67.36530 65.06780 57.66500 63.52470 65.04030 64.70130 65.37460 64.90810 65.36210 65.39170
68.43390 66.80160 65.48260 69.36880 69.53920 67.62340 68.35820 66.40400 65.82010 64.63700 62.54940 65.09410 65.26510 64.09860 67.51510 62.68960 61.47530 56.47960 64.58940 68.60160 65.73780 66.85780 64.95870 62.64070 63.82650 63.24810 63.55510 64.42200 65.11310 64.08850 64.24660 64.40810 65.52900 65.62960 65.05100 65.97750 66.83990 66.70400 66.10410 66.20450 64.55570 65.03260 67.02740 58.44230 56.81090 65.17920 66.62320 66.74960 67.69580 65.97260 64.73580 58.87710 66.62420 60.08390 65.11070 66.34410 66.94910 69.44030 64.60340 66.50020 67.56820 67.40650 67.13540 67.03110 65.60310 65.47260 65.81800 64.92800 63.67090 63.43430 64.64690
68.34160 67.40430 65.76820 60.56100 65.44160 66.79250 68.02100 68.10130 66.91860 66.08490 65.39340 64.82720 57.03200 62.65960 67.29200 68.30770 64.57920 65.35170 58.75920 64.86950 66.50130 67.00070 65.43980 65.28010 62.50420 61.59880 63.39060 64.47140 64.78660 64.32270 65.11140 65.20330 63.90990 64.10460 65.22950 64.32760 62.92840 63.57330 66.64490 67.50820 63.64430 60.45860 68.44670 59.42860 56.96740 64.21730 65.79860 66.34900 67.33340 64.51710 59.12920 64.08180 68.06120 68.20950 67.87110 67.15700 68.04400 66.20280 68.56330 69.62400 68.08470 64.21000 67.08860 68.19440 69.29210 69.75860 69.24570 64.23760 64.31500 62.92130 58.73330
70.68830 70.16440 65.20240 64.72940 66.63340 65.51830 68.59690 67.72890 66.13010 64.09760 63.59190 64.31960 62.99770 62.76890 66.39790 67.75880 67.47320 65.99840 64.91070 65.46490 66.82120 64.76910 64.46320 63.69370 63.14070 66.18670 63.78720 63.29400 65.69510 65.85560 65.66760 66.04380 64.27050 64.81070 64.57360 66.95960 67.45570 65.20820 63.46460 69.60880 60.63660 63.94890 65.32690 65.50230 66.95100 63.96100 57.22810 57.80220 57.84660 57.77390 64.36170 65.42490 65.23280 63.44500 63.90760 66.71350 68.61890 67.86380 68.56830 70.45420 70.16650 69.80950 69.03730 68.92180 69.27190 70.49400 69.19250 66.67890 58.92750 58.92730 59.41100
68.42290 70.29500 67.25260 62.84060 64.93780 68.09820 67.58920 67.61580 66.15350 65.68480 64.99340 63.99860 65.01150 65.39570 67.78010 67.63920 67.41130 63.85350 65.80760 64.31470 67.33670 64.04700 67.90850 63.94450 66.18510 67.68700 65.08890 64.29540 65.65080 66.42200 65.48760 64.11960 64.85440 66.44730 64.69280 64.33520 68.71800 68.99870 60.07020 64.14690 66.00840 65.49690 61.94240 61.58940 59.88510 59.56830 63.66640 59.66660 59.88430 67.39350 59.53690 67.25640 67.51570 68.25740 68.95960 67.61900 66.09850 68.87110 70.06700 79.74980 70.68060 67.48990 68.87740 69.76290 66.49750 58.59450 66.38660 58.31970 59.18140 59.81180 59.59310
70.51990 67.70990 66.49810 66.69860 66.56120 64.50570 60.31160 65.28310 67.17950 65.81300 63.69130 64.94410 65.86800 66.79590 67.27930 66.91240 65.62040 67.93450 66.52860 66.27430 68.70160 66.87920 66.44610 64.85300 63.42700 66.91360 68.29010 65.78480 65.64510 65.90000 67.23210 66.64110 66.18790 67.25230 66.85330 64.71190 69.36490 66.81340 66.54330 61.23080 62.05400 61.78670 61.98530 67.72940 66.61640 66.98860 68.70120 68.92600 68.25980 70.01230 68.33720 68.32640 68.70140 66.22090 68.00480 68.28760 70.22430 69.84070 68.59670 75.72380 68.71850 68.89770 66.33890 61.15500 61.15610 60.23300 60.27610 59.74670 60.15560 59.61900 59.59340
70.08650 67.37260 67.62490 66.54290 66.35330 66.09050 61.26410 60.01860 59.41540 67.10790 62.17840 63.72880 65.33000 66.33440 65.12970 66.83140 65.93740 58.91150 65.83140 68.50120 68.65340 67.71210 66.60830 63.61060 65.30370 64.00510 67.28180 65.46420 62.78900 65.63070 65.54940 67.97980 67.49090 67.59210 65.76340 58.91960 65.69690 68.02810 66.10340 67.89360 64.60720 62.19180 64.71750 67.98640 80.74190 76.78760 65.93360 59.65140 59.16030 65.20950 66.69870 67.89300 58.72590 65.75900 69.65280 67.79010 68.82890 70.10680 73.50640 70.34400 66.78960 64.44870 60.52150 60.89820 60.65880 60.76990 60.65920 60.31140 60.23150 60.16780 59.71490
68.74520 67.47860 67.37350 68.93620 68.17470 67.64530 65.28640 60.15790 65.00110 63.96740 61.23250 63.09180 63.96340 60.61960 65.98970 69.68340 68.92010 65.78670 67.40060 68.81390 60.83040 67.82350 69.58150 69.23010 65.61060 58.02130 67.94390 66.51340 63.59880 66.72890 66.73520 64.37170 68.03340 67.85910 59.29550 63.79100 66.69250 68.92680 68.81440 69.23610 69.56190 70.28120 71.29860 71.20250 71.96170 70.00660 60.59810 60.35360 67.77740 68.13780 -9999 -9999 60.05220 65.33440 71.17140 71.33540 79.42070 68.52720 60.64490 60.56520 60.89250 61.25970 61.34720 61.64790 60.82980 60.69890 60.70800 61.05830 61.24570 61.33030 63.90360
69.97460 69.36980 68.72880 70.75140 67.36190 71.46150 68.75780 69.59900 65.73870 66.10010 65.54890 66.79570 64.60740 61.90760 68.04630 69.97960 66.43440 64.87100 60.35380 65.61100 60.60520 67.04390 64.74730 69.06990 61.57360 63.59590 66.68340 64.84580 58.35610 67.29600 67.11410 63.23150 64.28140 65.32680 63.68130 67.48730 67.86790 66.90900 66.98400 -9999 -9999 -9999 -9999 70.28310 -9999 60.88260 66.09000 68.55260 69.97510 67.75210 -9999 -9999 59.76070 75.17910 74.58870 65.13650 60.94580 60.86000 60.50580 60.59590 61.06720 61.21910 60.92810 60.65760 60.62170 63.46830 60.87600 60.91440 60.33900 60.33120 60.62810
66.03640 69.02960 69.06190 70.12140 71.66510 71.14340 69.44640 65.54800 67.57980 69.51290 69.40780 69.08670 69.33090 69.97420 69.73530 67.52370 64.85720 66.58510 66.14080 68.28080 68.29870 67.74840 66.98050 64.45130 61.79740 67.33630 60.19410 66.03200 65.21290 64.64220 65.91100 66.62710 65.57870 66.69100 67.62980 68.67960 67.29650 -9999 -9999 -9999 -9999 -9999 -9999 -9999 70.28700 68.00670 70.26020 -9999 -9999 -9999 -9999 -9999 78.07030 68.15180 61.23110 64.10620 64.57670 64.47060 61.28320 61.28620 61.34660 61.28710 60.94720 63.76700 64.38320 60.77090 61.57900 61.54890 61.22030 61.34690 -9999
