data/hydroclimate-scenarios/1948-2000.Pcorr55N_Pref_Tref/monthly_summaries/swe_monthly_day1_mar.1950-2000.asc
ncols	311
nrows	91
xllcenter	102.75
yllcenter	31.75
cellsize	0.5
NODATA_value	-9999
[rows 0 to 30 of 91, columns 0 to 70 of 311]
-9999 -9999 -9999 -9999 -9999 -9999 -9999 -9999 -9999 -9999 -9999 -9999 -9999 -9999 -9999 -9999 -9999 -9999 -9999 -9999 -9999 -9999 -9999 -9999 -9999 -9999 -9999 -9999 -9999 -9999 -9999 -9999 -9999 -9999 -9999 -9999 -9999 -9999 -9999 -9999 -9999 -9999 -9999 -9999 -9999 -9999 -9999 -9999 -9999 -9999 -9999 -9999 -9999 -9999 -9999 -9999 -9999 -9999 -9999 -9999 -9999 -9999 -9999 -9999 -9999 -9999 -9999 -9999 -9999 -9999 -9999
-9999 -9999 -9999 -9999 -9999 -9999 -9999 -9999 -9999 -9999 -9999 -9999 -9999 -9999 -9999 -9999 -9999 -9999 -9999 -9999 -9999 -9999 -9999 -9999 -9999 -9999 -9999 -9999 -9999 -9999 -9999 -9999 -9999 -9999 -9999 -9999 -9999 -9999 -9999 -9999 -9999 -9999 -9999 -9999 -9999 -9999 -9999 -9999 -9999 -9999 -9999 -9999 -9999 -9999 -9999 -9999 -9999 -9999 -9999 -9999 -9999 -9999 -9999 -9999 -9999 -9999 -9999 -9999 -9999 -9999 -9999
-9999 -9999 -9999 -9999 -9999 -9999 -9999 -9999 -9999 -9999 -9999 -9999 -9999 -9999 -9999 -9999 -9999 -9999 -9999 -9999 -9999 -9999 -9999 -9999 -9999 -9999 -9999 -9999 -9999 -9999 -9999 -9999 -9999 -9999 -9999 -9999 -9999 -9999 -9999 -9999 -9999 -9999 -9999 -9999 -9999 -9999 -9999 -9999 -9999 -9999 -9999 -9999 -9999 -9999 -9999 -9999 -9999 -9999 -9999 -9999 -9999 -9999 -9999 -9999 -9999 -9999 -9999 -9999 -9999 -9999 -9999
-9999 -9999 -9999 -9999 -9999 -9999 -9999 -9999 -9999 -9999 -9999 -9999 -9999 -9999 -9999 -9999 -9999 -9999 -9999 -9999 -9999 -9999 -9999 -9999 -9999 -9999 -9999 -9999 -9999 -9999 -9999 -9999 -9999 -9999 -9999 -9999 -9999 -9999 -9999 -9999 -9999 -9999 -9999 -9999 -9999 -9999 -9999 -9999 -9999 -9999 -9999 -9999 -9999 -9999 -9999 -9999 -9999 -9999 -9999 -9999 -9999 -9999 -9999 -9999 -9999 -9999 -9999 -9999 -9999 -9999 -9999
-9999 -9999 -9999 -9999 -9999 -9999 -9999 -9999 -9999 -9999 -9999 -9999 -9999 -9999 -9999 -9999 -9999 -9999 -9999 -9999 -9999 -9999 -9999 -9999 -9999 -9999 -9999 -9999 -9999 -9999 -9999 -9999 -9999 -9999 -9999 -9999 -9999 -9999 -9999 -9999 -9999 -9999 -9999 -9999 -9999 -9999 -9999 -9999 -9999 -9999 -9999 -9999 -9999 -9999 -9999 -9999 -9999 -9999 -9999 -9999 -9999 -9999 -9999 -9999 -9999 -9999 -9999 -9999 -9999 -9999 -9999
-9999 -9999 -9999 -9999 -9999 -9999 -9999 -9999 -9999 -9999 -9999 -9999 -9999 -9999 -9999 -9999 -9999 -9999 -9999 -9999 -9999 -9999 -9999 -9999 -9999 -9999 -9999 -9999 -9999 -9999 -9999 -9999 -9999 -9999 -9999 -9999 -9999 -9999 -9999 -9999 -9999 -9999 -9999 -9999 -9999 -9999 -9999 -9999 -9999 -9999 -9999 -9999 -9999 -9999 -9999 -9999 -9999 -9999 -9999 -9999 -9999 -9999 -9999 -9999 -9999 -9999 -9999 -9999 -9999 -9999 -9999
-9999 -9999 -9999 -9999 -9999 -9999 -9999 -9999 -9999 -9999 -9999 -9999 -9999 -9999 -9999 -9999 -9999 -9999 -9999 -9999 -9999 -9999 -9999 -9999 -9999 -9999 -9999 -9999 -9999 -9999 -9999 -9999 -9999 -9999 -9999 -9999 -9999 -9999 -9999 -9999 -9999 -9999 -9999 -9999 -9999 -9999 -9999 -9999 -9999 -9999 -9999 -9999 -9999 -9999 -9999 -9999 -9999 -9999 -9999 -9999 -9999 -9999 -9999 -9999 -9999 -9999 -9999 -9999 -9999 -9999 -9999
-9999 -9999 -9999 -9999 -9999 -9999 -9999 -9999 -9999 -9999 -9999 -9999 -9999 -9999 -9999 -9999 -9999 -9999 -9999 -9999 -9999 -9999 -9999 -9999 -9999 -9999 -9999 -9999 -9999 -9999 -9999 -9999 -9999 -9999 -9999 -9999 -9999 -9999 -9999 -9999 -9999 -9999 146.46400 147.13901 147.12601 149.44600 147.00999 146.89799 141.72000 140.28000 136.75301 135.58400 -9999 -9999 -9999 -9999 -9999 -9999 -9999 -9999 -9999 -9999 -9999 -9999 -9999 -9999 -9999 -9999 -9999 -9999 -9999
-9999 -9999 -9999 -9999 -9999 -9999 -9999 -9999 -9999 -9999 -9999 -9999 -9999 -9999 -9999 -9999 -9999 -9999 -9999 -9999 -9999 -9999 -9999 -9999 -9999 -9999 -9999 -9999 -9999 -9999 -9999 -9999 -9999 -9999 -9999 -9999 -9999 -9999 139.89400 144.05701 142.26300 147.96300 148.84801 152.26100 152.63901 153.48801 153.92000 152.35001 151.38300 147.83200 140.82401 137.27100 130.34599 79.06470 -9999 -9999 -9999 -9999 -9999 -9999 -9999 -9999 -9999 -9999 -9999 -9999 -9999 -9999 -9999 -9999 -9999
-9999 -9999 -9999 -9999 -9999 -9999 -9999 -9999 -9999 -9999 -9999 -9999 -9999 -9999 -9999 -9999 -9999 -9999 -9999 -9999 -9999 -9999 -9999 -9999 -9999 -9999 -9999 -9999 -9999 -9999 -9999 -9999 -9999 -9999 -9999 -9999 -9999 -9999 -9999 -9999 134.41400 145.03400 147.34100 150.18700 153.75999 155.45500 157.69200 157.06300 156.54500 156.09200 151.68401 142.46100 138.03200 83.25070 -9999 -9999 -9999 -9999 -9999 -9999 -9999 -9999 -9999 -9999 -9999 -9999 -9999 -9999 -9999 -9999 -9999
-9999 -9999 -9999 -9999 -9999 -9999 -9999 -9999 -9999 -9999 -9999 -9999 -9999 -9999 -9999 -9999 -9999 -9999 -9999 -9999 -9999 -9999 -9999 -9999 -9999 -9999 -9999 -9999 -9999 -9999 -9999 -9999 -9999 -9999 -9999 -9999 -9999 -9999 -9999 -9999 -9999 -9999 -9999 -9999 159.32300 160.74100 163.32700 166.50000 167.25600 165.74300 164.83800 154.34000 149.22600 91.77890 -9999 -9999 -9999 -9999 -9999 -9999 93.44610 -9999 -9999 -9999 -9999 -9999 -9999 -9999 -9999 -9999 -9999
-9999 -9999 -9999 -9999 -9999 -9999 -9999 -9999 -9999 -9999 -9999 -9999 -9999 -9999 -9999 -9999 -9999 -9999 -9999 -9999 -9999 -9999 -9999 -9999 -9999 -9999 -9999 -9999 -9999 -9999 -9999 -9999 -9999 -9999 -9999 -9999 -9999 -9999 -9999 -9999 -9999 149.52901 152.05701 154.37500 157.38300 157.55099 159.23300 161.68401 162.95300 163.45799 158.20500 150.78000 142.16100 131.65100 -9999 -9999 -9999 -9999 -9999 92.38930 88.08230 86.71820 82.20130 75.40360 73.71670 72.22950 70.32400 69.25780 65.90120 67.24780 67.49190
-9999 -9999 -9999 -9999 -9999 -9999 -9999 -9999 -9999 -9999 -9999 -9999 -9999 -9999 -9999 -9999 -9999 -9999 -9999 -9999 -9999 -9999 -9999 -9999 -9999 -9999 -9999 -9999 -9999 -9999 -9999 -9999 -9999 -9999 -9999 -9999 -9999 -9999 -9999 -9999 -9999 141.81000 149.26801 153.71201 153.48100 155.18401 154.89700 153.25600 154.11400 153.56500 145.49899 136.31100 128.16000 119.82700 115.90600 108.52500 102.21700 -9999 93.77580 93.07940 87.64190 84.54430 80.41500 75.77150 74.78480 71.74550 70.20770 68.86630 67.33490 67.17460 66.96570
-9999 -9999 -9999 -9999 -9999 -9999 -9999 -9999 -9999 -9999 -9999 -9999 -9999 -9999 -9999 -9999 -9999 -9999 -9999 -9999 -9999 -9999 -9999 -9999 -9999 -9999 -9999 -9999 -9999 -9999 -9999 -9999 -9999 -9999 -9999 119.37100 122.19100 129.43201 133.18500 135.89101 138.10300 141.63200 145.96800 149.70700 153.36301 155.64400 153.51300 154.13499 153.09200 151.45500 144.34000 133.98100 125.88000 119.29200 111.53300 104.78500 99.79990 93.27800 87.89730 87.39430 83.48370 79.96130 77.85490 70.05840 69.64510 70.39040 67.72480 66.23540 66.01400 65.07430 64.71640
-9999 -9999 -9999 -9999 -9999 -9999 -9999 -9999 -9999 -9999 -9999 -9999 -9999 -9999 -9999 -9999 -9999 -9999 -9999 -9999 -9999 -9999 -9999 -9999 -9999 -9999 -9999 -9999 -9999 -9999 -9999 -9999 -9999 -9999 114.65700 121.39300 125.60800 126.24100 130.69501 134.72400 140.83501 141.39301 147.63400 147.25400 145.00900 151.67300 150.85500 151.34399 151.87601 143.85100 140.10800 133.23700 125.55500 115.15400 111.12800 103.37200 93.03910 88.73060 86.71840 84.87020 79.62140 74.67400 74.43760 67.41380 70.54850 68.46380 66.69470 64.69790 62.61540 62.04060 60.96890
-9999 -9999 -9999 -9999 -9999 -9999 -9999 -9999 -9999 -9999 -9999 -9999 -9999 -9999 -9999 -9999 -9999 -9999 -9999 -9999 -9999 -9999 -9999 -9999 -9999 -9999 -9999 -9999 -9999 -9999 -9999 -9999 -9999 111.43900 117.35900 121.12600 123.71000 125.04800 127.58200 133.74800 138.79100 140.37900 142.95200 145.22600 146.16100 146.84300 148.41701 147.81500 143.02100 139.22600 130.10600 119.54800 104.45200 103.73400 98.16580 92.04660 86.62540 84.15890 81.04670 78.30550 72.72850 69.30830 68.29320 67.81020 67.02640 63.66720 62.90240 60.46960 59.70730 59.66590 56.46170
-9999 -9999 -9999 -9999 -9999 -9999 -9999 -9999 -9999 -9999 -9999 -9999 -9999 -9999 -9999 -9999 -9999 -9999 -9999 -9999 -9999 -9999 -9999 -9999 -9999 -9999 -9999 -9999 -9999 -9999 -9999 108.54600 111.53000 112.27700 116.33400 118.21100 122.12300 123.62600 129.78799 132.83299 134.92000 139.59300 141.97701 142.85500 144.44400 144.46001 143.06799 135.00700 132.57800 127.92800 121.01900 111.26500 95.01470 97.54640 93.84630 86.20930 82.06370 76.35090 70.40390 68.38250 67.24020 64.97200 64.87850 62.77260 61.38560 59.02830 59.79500 58.45610 58.96960 53.56330 52.97600
-9999 -9999 -9999 -9999 -9999 -9999 -9999 -9999 -9999 -9999 -9999 -9999 -9999 -9999 -9999 -9999 -9999 -9999 -9999 -9999 -9999 -9999 -9999 -9999 -9999 -9999 -9999 -9999 -9999 101.10300 103.24400 109.46100 111.32700 112.10800 114.28100 117.69200 120.52100 124.73100 127.34400 128.80499 134.28500 135.50101 138.24500 138.26199 137.59500 134.22600 131.46500 129.42999 126.52900 121.78300 114.41500 99.52510 90.87670 92.31750 83.52120 79.78410 76.41840 70.26240 67.28770 67.01740 62.41140 60.32470 58.07080 56.23310 55.85530 55.43290 54.11750 53.52940 52.45350 53.13990 52.98980
-9999 -9999 -9999 -9999 -9999 -9999 -9999 -9999 -9999 -9999 -9999 -9999 -9999 -9999 -9999 -9999 -9999 -9999 -9999 -9999 -9999 -9999 -9999 -9999 96.84170 97.04200 96.95310 96.91690 98.01400 99.04780 101.36300 102.24900 103.29000 105.68000 108.93500 112.42300 113.92200 117.17600 119.63000 123.52100 124.87700 128.46001 133.09700 130.67200 129.61200 129.59399 126.47100 123.14600 119.94500 112.46400 109.20200 95.67920 91.03700 89.29380 81.42610 74.51140 70.37310 67.70640 62.73980 60.07150 57.90140 55.95490 53.13650 53.00690 52.37130 52.82420 52.64330 53.69000 55.18290 50.00860 46.82930
-9999 -9999 -9999 -9999 -9999 -9999 105.56700 106.36500 108.08500 109.25700 110.30300 -9999 -9999 -9999 -9999 -9999 -9999 -9999 -9999 -9999 -9999 101.77800 97.41520 93.95790 93.05530 92.87430 92.58240 96.91850 96.25300 98.77330 99.65050 101.02100 102.48500 105.11400 107.27600 111.12200 113.65000 115.52700 118.94400 122.41900 123.32700 122.28000 124.56900 126.38100 126.52400 125.42200 125.32100 119.20500 116.06000 109.86300 104.30300 96.81300 88.70170 86.60640 81.45660 73.48530 69.06840 65.83050 61.05560 59.00770 57.27110 54.78590 51.78830 51.50730 52.02610 53.64560 53.93690 53.34930 54.86540 53.27880 50.68240
-9999 -9999 -9999 -9999 -9999 108.50800 106.47400 106.04000 108.39000 107.37400 110.94400 109.38300 108.13300 106.64900 -9999 -9999 -9999 102.21500 101.58500 99.77930 98.81520 99.36170 92.66580 91.27610 90.94260 88.49930 91.50090 92.61220 94.73050 94.05580 96.19470 98.06470 100.81100 102.27500 105.87300 106.46600 106.79200 111.85000 115.40000 121.13800 122.22000 122.19300 120.85500 121.31800 123.58800 120.55600 118.28800 115.81900 110.21200 106.43800 102.82300 96.08410 91.49460 84.08400 79.89290 73.07960 68.22570 64.02510 63.42040 56.34730 54.29410 53.21080 52.60130 53.78550 52.81920 49.44090 52.64050 51.44130 50.65430 52.43960 51.00950
-9999 103.67900 104.48700 107.18400 108.64700 108.46700 109.27900 108.32700 109.57500 109.97500 110.11500 112.03600 111.21300 108.96400 107.24200 106.86600 106.72200 103.21600 103.08700 102.15600 100.34800 96.57410 93.96910 91.03550 89.89280 89.09030 88.49800 90.58390 91.59210 93.23390 93.34060 93.94050 96.01280 98.34370 100.68700 102.65300 106.29700 108.20900 112.36000 119.26700 118.39900 119.06100 117.86800 119.54000 119.03200 116.01100 115.49700 113.06300 107.70400 106.71700 96.51270 91.80310 86.67880 80.23530 75.54720 69.89700 67.18390 63.60060 60.93680 58.94860 56.93510 55.05900 51.80970 55.11430 52.99800 51.74460 52.77080 50.91410 51.14490 49.27410 48.47860
-9999 110.88500 109.31600 110.09500 108.96100 108.53500 109.96600 108.50400 108.32800 109.27800 112.24100 111.78000 111.93000 110.43400 107.74200 106.38300 101.67200 102.72900 100.75700 99.77090 100.57500 97.85330 94.66520 93.11230 91.05960 93.74970 93.18800 92.95210 92.11750 94.22150 95.11130 94.76730 93.78290 95.55660 96.63640 100.00500 102.49700 104.42300 109.89900 112.88800 116.15200 114.12400 114.47200 113.65900 113.08800 111.59700 110.45000 107.39200 105.66200 101.90700 95.88610 92.55980 84.50410 79.32580 72.55690 70.36270 64.41260 62.36270 61.05980 60.37670 60.18650 54.35640 54.89540 56.54350 56.70830 55.01550 54.93420 52.38920 53.00880 52.95270 53.28730
-9999 -9999 -9999 114.04900 113.40500 112.58300 112.14700 109.43300 109.61500 109.76600 111.05700 111.27800 111.12200 110.15700 108.90400 106.28500 104.63500 104.27800 105.80100 105.51400 102.24900 100.80000 98.22510 97.57040 94.23620 94.69640 92.86300 93.54730 93.76530 94.54570 94.52560 93.68440 93.64900 94.39650 95.41550 97.46200 98.91140 102.80800 103.15100 108.31800 109.33700 111.10100 109.92900 108.98800 109.25400 109.21500 107.21200 105.36300 102.67400 102.15400 95.50810 91.81510 84.89470 79.26930 74.65880 68.28020 65.28500 62.24230 61.76270 60.15530 61.03080 57.90500 58.10730 56.77340 56.14040 58.41660 59.52930 54.02570 56.06680 52.43050 53.21490
-9999 -9999 -9999 -9999 -9999 -9999 112.16700 111.94000 111.91100 112.00300 111.31100 109.77900 109.94600 109.52600 109.55900 107.32800 106.80200 106.87500 107.13300 111.07300 108.98600 105.17300 104.04000 101.18800 100.01800 99.77470 96.89260 95.78680 94.03460 93.50990 93.02980 92.45690 92.15130 93.04580 94.52760 97.54110 96.67470 99.00830 99.46710 101.47500 103.57000 102.83200 105.57200 107.54800 107.20500 107.77800 108.63500 105.91200 106.54300 104.28200 98.28820 91.61590 84.69590 79.84140 74.40770 66.76190 64.59730 64.40990 61.79300 61.64250 60.38360 58.66350 56.40160 53.81050 58.56440 54.87050 57.35140 56.81450 54.96600 55.66970 57.71290
-9999 -9999 -9999 -9999 -9999 -9999 115.50200 115.81800 116.81100 114.91900 114.03900 111.61300 111.12500 110.25300 110.66500 110.76600 110.78700 112.61200 111.88600 114.13400 115.44100 113.89200 111.24300 107.54100 104.98400 104.73400 100.17500 96.07480 94.92010 94.30580 94.82150 95.09750 94.80020 94.78700 94.02950 95.70230 97.48080 96.51880 99.27640 97.48150 97.73790 99.22880 103.51400 102.89200 105.87600 107.52600 108.54300 108.09700 109.71200 108.78900 104.69300 94.82760 86.97910 78.51270 74.75320 71.21780 67.38930 67.23200 66.50600 64.14850 58.31740 59.73440 58.74590 60.49100 57.97900 58.12970 58.72560 58.14630 58.14530 60.26820 60.63770
-9999 -9999 -9999 -9999 -9999 -9999 -9999 -9999 -9999 -9999 115.25600 116.07300 114.85000 115.44300 117.49700 118.39200 119.77500 120.60300 122.07700 122.84100 124.13500 122.54100 119.34500 115.82600 113.33000 109.35500 108.03000 104.95300 97.69530 97.16510 96.30680 96.06710 95.39650 94.72210 95.64850 94.58850 94.25030 93.01260 93.09870 94.94020 95.88250 96.21920 97.08350 99.95900 102.33900 105.17000 105.35300 109.46700 109.91100 108.02600 105.08100 93.96040 85.97590 77.62830 74.70090 72.21810 73.44350 69.75400 69.56990 67.44410 68.65570 67.42980 67.73390 61.49960 61.39110 61.26850 60.69280 61.60660 61.39120 63.20110 64.53850
-9999 -9999 -9999 -9999 -9999 -9999 -9999 -9999 -9999 -9999 114.44500 116.59900 114.72800 117.76800 120.40400 123.61300 127.55100 131.37900 133.44200 134.46899 132.67999 130.59500 125.27200 123.49800 119.50700 115.63300 112.95600 106.55500 104.39600 98.33400 96.63690 97.18190 97.09170 97.68190 95.80220 94.99170 94.48390 94.55810 95.06040 97.34060 99.81700 100.74000 100.14900 99.89570 101.78000 100.76100 100.99800 102.97000 101.24900 98.64430 93.60050 89.54380 83.13080 78.21040 77.24280 75.95430 73.42790 73.53080 71.86390 72.98600 72.21960 74.02380 71.58960 71.46020 71.33890 70.17500 67.97620 67.68980 67.64010 66.93000 67.93240
-9999 -9999 -9999 -9999 -9999 -9999 -9999 -9999 -9999 -9999 -9999 -9999 115.61000 122.32400 128.48700 136.25000 140.75999 140.09300 142.53300 141.01801 138.62199 136.89500 132.34300 128.71700 123.10000 118.59100 113.93200 107.08200 101.21900 100.17200 99.94570 96.04360 97.51210 96.42150 98.40060 97.99500 97.71000 95.69730 96.74390 97.29650 97.05400 99.98440 100.24300 97.89330 98.88300 100.31500 100.18800 97.60210 94.79350 93.35330 90.48730 86.00530 84.18220 78.41570 76.74720 74.89540 75.66440 71.69110 73.52740 75.06090 73.83670 75.34900 75.84930 72.63820 73.06310 70.39450 70.72210 73.21300 72.18180 71.99960 70.69070
-9999 -9999 -9999 -9999 -9999 -9999 -9999 -9999 -9999 -9999 -9999 -9999 117.14000 122.72200 131.66299 138.08701 144.76801 146.16499 147.96400 147.66800 143.86800 140.33200 137.05600 132.06000 126.21100 122.04100 114.96800 106.99800 101.15600 98.43280 95.86900 96.91360 96.80320 97.27580 97.15610 97.06860 97.59920 98.50660 98.16770 100.06600 99.13050 98.28810 100.13000 99.00420 99.05500 98.14700 97.50200 97.58590 95.92110 89.54630 88.65500 85.97870 83.28570 78.55760 76.78950 77.06310 75.82680 75.08500 75.06860 77.84880 77.98310 78.46630 77.04150 76.76130 76.59650 75.67690 75.47560 76.75950 75.55210 74.28170 73.15360
-9999 -9999 -9999 -9999 -9999 -9999 -9999 -9999 -9999 -9999 -9999 112.63400 118.79000 121.83200 128.91400 132.70000 140.74800 143.15401 148.10400 148.89000 145.00200 146.55099 140.68201 137.05000 129.93500 125.02200 117.54500 106.36100 102.10800 99.37470 95.07730 95.95930 95.27620 96.51830 97.17990 96.22500 98.10610 97.97110 100.06700 101.53700 100.75700 102.45100 100.81100 98.68470 97.35310 96.98810 97.01480 96.94780 93.91060 92.70660 92.90410 87.52510 86.82310 85.76370 85.25770 81.74990 79.40630 80.02450 78.67460 80.62940 79.15160 79.65090 80.99150 81.56870 79.91220 77.71690 79.15340 78.12850 80.78560 79.94470 78.89670
