data/hydroclimate-scenarios/1948-2000.Pcorr55N_Pref_Tref/monthly_summaries/swe_monthly_day1_mar.asc
ncols	311
nrows	91
xllcenter	102.75
yllcenter	31.75
cellsize	0.5
NODATA_value	-9999
[rows 0 to 30 of 91, columns 0 to 70 of 311]
-9999 -9999 -9999 -9999 -9999 -9999 -9999 -9999 -9999 -9999 -9999 -9999 -9999 -9999 -9999 -9999 -9999 -9999 -9999 -9999 -9999 -9999 -9999 -9999 -9999 -9999 -9999 -9999 -9999 -9999 -9999 -9999 -9999 -9999 -9999 -9999 -9999 -9999 -9999 -9999 -9999 -9999 -9999 -9999 -9999 -9999 -9999 -9999 -9999 -9999 -9999 -9999 -9999 -9999 -9999 -9999 -9999 -9999 -9999 -9999 -9999 -9999 -9999 -9999 -9999 -9999 -9999 -9999 -9999 -9999 -9999
-9999 -9999 -9999 -9999 -9999 -9999 -9999 -9999 -9999 -9999 -9999 -9999 -9999 -9999 -9999 -9999 -9999 -9999 -9999 -9999 -9999 -9999 -9999 -9999 -9999 -9999 -9999 -9999 -9999 -9999 -9999 -9999 -9999 -9999 -9999 -9999 -9999 -9999 -9999 -9999 -9999 -9999 -9999 -9999 -9999 -9999 -9999 -9999 -9999 -9999 -9999 -9999 -9999 -9999 -9999 -9999 -9999 -9999 -9999 -9999 -9999 -9999 -9999 -9999 -9999 -9999 -9999 -9999 -9999 -9999 -9999
-9999 -9999 -9999 -9999 -9999 -9999 -9999 -9999 -9999 -9999 -9999 -9999 -9999 -9999 -9999 -9999 -9999 -9999 -9999 -9999 -9999 -9999 -9999 -9999 -9999 -9999 -9999 -9999 -9999 -9999 -9999 -9999 -9999 -9999 -9999 -9999 -9999 -9999 -9999 -9999 -9999 -9999 -9999 -9999 -9999 -9999 -9999 -9999 -9999 -9999 -9999 -9999 -9999 -9999 -9999 -9999 -9999 -9999 -9999 -9999 -9999 -9999 -9999 -9999 -9999 -9999 -9999 -9999 -9999 -9999 -9999
-9999 -9999 -9999 -9999 -9999 -9999 -9999 -9999 -9999 -9999 -9999 -9999 -9999 -9999 -9999 -9999 -9999 -9999 -9999 -9999 -9999 -9999 -9999 -9999 -9999 -9999 -9999 -9999 -9999 -9999 -9999 -9999 -9999 -9999 -9999 -9999 -9999 -9999 -9999 -9999 -9999 -9999 -9999 -9999 -9999 -9999 -9999 -9999 -9999 -9999 -9999 -9999 -9999 -9999 -9999 -9999 -9999 -9999 -9999 -9999 -9999 -9999 -9999 -9999 -9999 -9999 -9999 -9999 -9999 -9999 -9999
-9999 -9999 -9999 -9999 -9999 -9999 -9999 -9999 -9999 -9999 -9999 -9999 -9999 -9999 -9999 -9999 -9999 -9999 -9999 -9999 -9999 -9999 -9999 -9999 -9999 -9999 -9999 -9999 -9999 -9999 -9999 -9999 -9999 -9999 -9999 -9999 -9999 -9999 -9999 -9999 -9999 -9999 -9999 -9999 -9999 -9999 -9999 -9999 -9999 -9999 -9999 -9999 -9999 -9999 -9999 -9999 -9999 -9999 -9999 -9999 -9999 -9999 -9999 -9999 -9999 -9999 -9999 -9999 -9999 -9999 -9999
-9999 -9999 -9999 -9999 -9999 -9999 -9999 -9999 -9999 -9999 -9999 -9999 -9999 -9999 -9999 -9999 -9999 -9999 -9999 -9999 -9999 -9999 -9999 -9999 -9999 -9999 -9999 -9999 -9999 -9999 -9999 -9999 -9999 -9999 -9999 -9999 -9999 -9999 -9999 -9999 -9999 -9999 -9999 -9999 -9999 -9999 -9999 -9999 -9999 -9999 -9999 -9999 -9999 -9999 -9999 -9999 -9999 -9999 -9999 -9999 -9999 -9999 -9999 -9999 -9999 -9999 -9999 -9999 -9999 -9999 -9999
-9999 -9999 -9999 -9999 -9999 -9999 -9999 -9999 -9999 -9999 -9999 -9999 -9999 -9999 -9999 -9999 -9999 -9999 -9999 -9999 -9999 -9999 -9999 -9999 -9999 -9999 -9999 -9999 -9999 -9999 -9999 -9999 -9999 -9999 -9999 -9999 -9999 -9999 -9999 -9999 -9999 -9999 -9999 -9999 -9999 -9999 -9999 -9999 -9999 -9999 -9999 -9999 -9999 -9999 -9999 -9999 -9999 -9999 -9999 -9999 -9999 -9999 -9999 -9999 -9999 -9999 -9999 -9999 -9999 -9999 -9999
-9999 -9999 -9999 -9999 -9999 -9999 -9999 -9999 -9999 -9999 -9999 -9999 -9999 -9999 -9999 -9999 -9999 -9999 -9999 -9999 -9999 -9999 -9999 -9999 -9999 -9999 -9999 -9999 -9999 -9999 -9999 -9999 -9999 -9999 -9999 -9999 -9999 -9999 -9999 -9999 -9999 -9999 146.95100 147.57500 147.65900 150.00700 147.56400 147.39600 142.13800 140.79201 137.24800 135.80701 -9999 -9999 -9999 -9999 -9999 -9999 -9999 -9999 -9999 -9999 -9999 -9999 -9999 -9999 -9999 -9999 -9999 -9999 -9999
-9999 -9999 -9999 -9999 -9999 -9999 -9999 -9999 -9999 -9999 -9999 -9999 -9999 -9999 -9999 -9999 -9999 -9999 -9999 -9999 -9999 -9999 -9999 -9999 -9999 -9999 -9999 -9999 -9999 -9999 -9999 -9999 -9999 -9999 -9999 -9999 -9999 -9999 140.06000 144.49600 142.70200 148.12500 149.12199 152.77100 153.22600 153.77800 154.22301 152.51500 151.48000 147.99400 141.00301 137.59801 130.64000 79.34090 -9999 -9999 -9999 -9999 -9999 -9999 -9999 -9999 -9999 -9999 -9999 -9999 -9999 -9999 -9999 -9999 -9999
-9999 -9999 -9999 -9999 -9999 -9999 -9999 -9999 -9999 -9999 -9999 -9999 -9999 -9999 -9999 -9999 -9999 -9999 -9999 -9999 -9999 -9999 -9999 -9999 -9999 -9999 -9999 -9999 -9999 -9999 -9999 -9999 -9999 -9999 -9999 -9999 -9999 -9999 -9999 -9999 134.85899 145.19299 147.61200 150.73000 154.39101 155.82600 157.98300 157.15800 156.56700 156.30299 151.88600 142.81799 138.36800 83.55760 -9999 -9999 -9999 -9999 -9999 -9999 -9999 -9999 -9999 -9999 -9999 -9999 -9999 -9999 -9999 -9999 -9999
-9999 -9999 -9999 -9999 -9999 -9999 -9999 -9999 -9999 -9999 -9999 -9999 -9999 -9999 -9999 -9999 -9999 -9999 -9999 -9999 -9999 -9999 -9999 -9999 -9999 -9999 -9999 -9999 -9999 -9999 -9999 -9999 -9999 -9999 -9999 -9999 -9999 -9999 -9999 -9999 -9999 -9999 -9999 -9999 159.35800 160.77800 163.62000 166.71201 167.34300 165.73399 164.82100 154.71600 149.36301 92.22650 -9999 -9999 -9999 -9999 -9999 -9999 93.79330 -9999 -9999 -9999 -9999 -9999 -9999 -9999 -9999 -9999 -9999
-9999 -9999 -9999 -9999 -9999 -9999 -9999 -9999 -9999 -9999 -9999 -9999 -9999 -9999 -9999 -9999 -9999 -9999 -9999 -9999 -9999 -9999 -9999 -9999 -9999 -9999 -9999 -9999 -9999 -9999 -9999 -9999 -9999 -9999 -9999 -9999 -9999 -9999 -9999 -9999 -9999 149.85300 152.41701 154.32700 157.42101 157.62199 159.24100 161.88300 162.87100 163.40300 158.35699 151.14301 142.35300 132.24600 -9999 -9999 -9999 -9999 -9999 92.61290 88.38370 87.10610 82.59990 75.80430 74.14360 72.75000 70.82860 69.72530 66.35570 67.63490 67.87450
-9999 -9999 -9999 -9999 -9999 -9999 -9999 -9999 -9999 -9999 -9999 -9999 -9999 -9999 -9999 -9999 -9999 -9999 -9999 -9999 -9999 -9999 -9999 -9999 -9999 -9999 -9999 -9999 -9999 -9999 -9999 -9999 -9999 -9999 -9999 -9999 -9999 -9999 -9999 -9999 -9999 141.92400 149.38100 153.80400 153.66200 155.29800 154.96600 153.25900 154.06900 153.48599 145.51401 136.67900 128.53400 120.26600 116.32200 109.00500 102.66600 -9999 93.97230 93.16630 87.73420 84.68980 80.54360 76.02690 75.04460 72.16750 70.56390 69.03060 67.52730 67.54400 67.31670
-9999 -9999 -9999 -9999 -9999 -9999 -9999 -9999 -9999 -9999 -9999 -9999 -9999 -9999 -9999 -9999 -9999 -9999 -9999 -9999 -9999 -9999 -9999 -9999 -9999 -9999 -9999 -9999 -9999 -9999 -9999 -9999 -9999 -9999 -9999 119.65000 122.49600 129.77299 133.53799 136.29700 138.53500 141.83501 146.17000 149.90800 153.58900 155.82001 153.64600 154.20399 153.09700 151.42500 144.32300 134.30901 126.37900 119.78800 112.00000 105.29900 100.26000 93.48710 88.11150 87.54000 83.61390 80.12040 77.98990 70.49170 70.00990 70.78750 68.03830 66.44470 66.23950 65.48320 65.07640
-9999 -9999 -9999 -9999 -9999 -9999 -9999 -9999 -9999 -9999 -9999 -9999 -9999 -9999 -9999 -9999 -9999 -9999 -9999 -9999 -9999 -9999 -9999 -9999 -9999 -9999 -9999 -9999 -9999 -9999 -9999 -9999 -9999 -9999 114.77700 121.50300 125.73300 126.39100 130.85899 134.96201 141.11301 141.67700 147.91200 147.62700 145.38699 151.94800 151.08501 151.46400 151.85699 143.71300 140.14900 133.36099 125.94000 115.72000 111.70000 103.98800 93.31040 88.94260 86.90540 85.02170 79.75960 74.81360 74.62450 67.67500 70.74900 68.67150 66.88650 65.12370 63.02250 62.34730 61.23670
-9999 -9999 -9999 -9999 -9999 -9999 -9999 -9999 -9999 -9999 -9999 -9999 -9999 -9999 -9999 -9999 -9999 -9999 -9999 -9999 -9999 -9999 -9999 -9999 -9999 -9999 -9999 -9999 -9999 -9999 -9999 -9999 -9999 111.62400 117.51900 121.29600 123.89900 125.26900 127.82600 134.04100 139.11200 140.72301 143.29700 145.64600 146.51601 147.07600 148.54800 147.79401 142.83099 138.83501 129.82600 119.69400 104.69200 104.24900 98.52980 92.55910 87.05630 84.34720 81.26100 78.48700 72.88480 69.47730 68.48640 68.02460 67.25730 63.89930 63.12190 60.91840 60.14740 59.97680 56.74850
-9999 -9999 -9999 -9999 -9999 -9999 -9999 -9999 -9999 -9999 -9999 -9999 -9999 -9999 -9999 -9999 -9999 -9999 -9999 -9999 -9999 -9999 -9999 -9999 -9999 -9999 -9999 -9999 -9999 -9999 -9999 108.81500 111.78200 112.56200 116.61000 118.50200 122.42900 123.91100 130.05099 133.12700 135.22400 139.90300 142.28799 143.26500 144.73700 144.75500 143.26900 134.94901 132.34200 127.75800 120.77500 111.04900 94.95690 97.95070 94.19310 86.54710 82.29210 76.71190 70.75930 68.57240 67.46030 65.15420 65.06850 63.01920 61.62760 59.27940 60.06170 58.80160 59.31010 53.97250 53.36590
-9999 -9999 -9999 -9999 -9999 -9999 -9999 -9999 -9999 -9999 -9999 -9999 -9999 -9999 -9999 -9999 -9999 -9999 -9999 -9999 -9999 -9999 -9999 -9999 -9999 -9999 -9999 -9999 -9999 101.47400 103.59100 109.80100 111.66300 112.46000 114.63100 118.01700 120.83800 125.03500 127.62900 129.10201 134.54800 135.78400 138.52400 138.55901 137.77200 134.33000 131.50500 129.22501 126.10400 121.50200 114.07500 99.00680 90.51930 92.30300 83.68140 80.05120 76.61420 70.58820 67.58810 67.25690 62.65150 60.52030 58.27910 56.48750 56.13490 55.72540 54.41840 53.90560 52.81440 53.59320 53.42970
-9999 -9999 -9999 -9999 -9999 -9999 -9999 -9999 -9999 -9999 -9999 -9999 -9999 -9999 -9999 -9999 -9999 -9999 -9999 -9999 -9999 -9999 -9999 -9999 96.88370 97.18820 97.14040 97.17420 98.30570 99.42290 101.77900 102.70000 103.72100 106.12700 109.36300 112.85900 114.33900 117.54200 119.99500 123.78300 125.10200 128.76601 133.35899 130.81700 129.58900 129.48100 126.26000 122.76200 119.42400 111.88000 108.55200 95.18510 90.76510 88.93920 81.24410 74.61190 70.51490 68.08690 63.17600 60.34300 58.20100 56.23480 53.44080 53.32440 52.70540 53.16970 53.00480 54.09730 55.56320 50.41590 47.13140
-9999 -9999 -9999 -9999 -9999 -9999 105.14400 106.04300 107.81900 109.09600 110.19900 -9999 -9999 -9999 -9999 -9999 -9999 -9999 -9999 -9999 -9999 101.76000 97.31870 93.87450 93.00270 92.93150 92.68930 97.09880 96.50930 99.12760 100.04500 101.50700 102.97600 105.68100 107.82400 111.65300 114.16700 116.03600 119.42600 122.82100 123.71000 122.73200 124.93700 126.57900 126.47500 125.20900 124.99100 118.74900 115.45300 109.20900 103.57400 96.23610 88.19040 86.06120 81.12700 73.30960 69.03000 65.96790 61.22480 59.30500 57.59540 55.13660 52.12110 51.84930 52.38310 54.05700 54.37450 53.77500 55.26880 53.77940 51.11990
-9999 -9999 -9999 -9999 -9999 108.04100 106.05700 105.64900 108.03200 107.15500 110.78200 109.27800 108.09300 106.58400 -9999 -9999 -9999 102.35800 101.66400 99.64880 98.63640 99.03390 92.30430 91.17200 90.88530 88.44740 91.54500 92.74410 94.93600 94.25600 96.44540 98.45300 101.25600 102.74600 106.41500 107.07800 107.46600 112.61600 116.16000 121.84100 122.90200 122.78000 121.26700 121.47700 123.57700 120.30200 117.83100 115.19700 109.54400 105.70500 102.03000 95.41750 90.79990 83.47250 79.47690 72.73040 67.99860 63.95660 63.41760 56.68050 54.69090 53.70790 53.13530 54.22710 53.24830 49.85800 53.09130 51.87350 51.08590 52.87020 51.41220
-9999 103.02100 103.85100 106.48000 108.06200 107.99400 108.85500 107.91900 109.21400 109.76500 109.95000 111.93700 111.16900 108.91100 107.27200 106.94900 106.87800 103.31000 103.11700 101.95400 100.09000 96.24480 93.59530 90.85290 89.76210 89.03190 88.49570 90.72670 91.79520 93.43520 93.59040 94.31240 96.43520 98.77430 101.17200 103.20600 106.90800 108.97700 113.18000 120.12200 119.23200 119.74200 118.33200 119.78200 119.07200 115.84700 115.09900 112.43900 106.98300 105.95300 95.70640 91.08160 85.94530 79.42490 74.92500 69.38170 66.80340 63.39100 60.82020 59.17530 57.26940 55.49830 52.32960 55.51750 53.40100 52.17200 53.23920 51.36240 51.58310 49.67650 48.79910
-9999 110.21100 108.64900 109.46600 108.41900 108.02200 109.53900 108.18000 108.05500 109.03200 112.04700 111.36000 111.53200 110.20100 107.56800 106.39500 101.73800 102.61200 100.58200 99.57270 100.30400 97.53970 94.32050 92.83340 90.84570 93.56860 93.06620 92.93100 92.13680 94.24900 95.16890 94.51460 93.58990 95.50100 96.62660 100.29600 102.83000 104.92500 110.51200 113.55000 116.86500 114.73500 114.88100 113.83500 113.06700 111.30300 109.96100 106.82200 105.00200 101.10500 95.03850 91.64170 83.58180 78.38790 71.71400 69.68390 63.90160 62.01080 60.89720 60.33680 60.31460 54.83040 55.43070 57.31940 57.50300 55.60730 55.52040 52.91570 53.53410 53.35850 53.68130
-9999 -9999 -9999 113.39400 112.79500 112.01500 111.68900 109.09200 109.33400 109.54200 110.87900 110.86000 110.79300 109.97100 108.75600 106.33100 104.66600 104.18100 105.60900 105.25700 101.93500 100.46400 97.91050 97.30750 94.02160 94.52260 92.75040 93.49880 93.75970 94.52360 94.52870 93.46190 93.48290 94.35910 95.43980 97.71630 99.22800 103.28600 103.69700 108.91400 109.96800 111.64700 110.28700 109.13500 109.25500 108.97400 106.78600 104.80700 102.00900 101.36700 94.67360 90.93000 83.95890 78.29420 73.66950 67.48120 64.66290 61.84150 61.52510 60.09210 61.07680 58.28060 58.54340 57.46390 56.87980 59.00370 60.09040 54.54400 56.57550 52.83210 53.61440
-9999 -9999 -9999 -9999 -9999 -9999 111.65000 111.53200 111.57100 111.65500 111.02000 109.46800 109.68300 109.57400 109.68100 107.31400 106.73300 106.62100 106.81300 110.78200 108.63200 104.81600 103.72100 100.95700 99.82700 99.55700 96.74530 95.60640 93.91100 93.24880 92.79030 92.36510 92.10890 93.11010 94.62210 97.70720 96.89600 99.39790 99.90860 101.96000 104.01500 103.16900 105.77900 107.52700 107.06500 107.60800 108.28400 105.45900 105.94500 103.53500 97.45760 90.69070 83.74800 78.88680 73.42670 65.95990 63.97900 63.96200 61.53000 61.59410 60.46060 59.04240 56.81960 54.37280 59.23320 55.50240 57.98540 57.37830 55.54790 56.19310 58.22310
-9999 -9999 -9999 -9999 -9999 -9999 114.98400 115.39500 116.48100 114.54400 113.76400 111.31100 110.88100 110.31400 110.82800 110.71100 110.67300 112.31100 111.51500 113.79700 115.05200 113.55100 110.95300 107.31500 104.80400 104.54500 100.05600 95.94150 94.84600 94.06880 94.62700 95.04210 94.79630 94.86470 94.13910 95.90200 97.72390 96.90820 99.71050 97.86220 98.06080 99.47200 103.65700 102.80100 105.63700 107.30700 108.15700 107.60800 109.03200 107.89500 103.71500 93.87320 85.95540 77.50070 73.76020 70.40540 66.77870 66.80380 66.26180 64.13380 58.38600 60.11730 59.19180 61.07230 58.57770 58.69500 59.33290 58.68250 58.66330 60.80250 61.14000
-9999 -9999 -9999 -9999 -9999 -9999 -9999 -9999 -9999 -9999 115.10700 116.02000 114.86300 115.51200 117.62200 118.40500 119.70300 120.30600 121.71500 122.43400 123.75200 122.26700 119.10600 115.67700 113.23100 109.40300 108.12100 105.08700 97.88040 97.32740 96.51260 96.18420 95.54540 94.91620 95.88060 94.83800 94.56230 93.37000 93.46040 95.25330 96.11790 96.46200 97.27210 99.91290 102.13700 104.85400 104.86600 108.98700 109.26800 107.21000 104.10000 92.86180 84.86610 76.49710 73.71380 71.45870 72.88350 69.36030 69.35070 67.38950 68.70900 67.57170 67.96250 61.78520 61.68970 61.64790 61.09040 62.03070 61.85340 63.69650 65.00220
-9999 -9999 -9999 -9999 -9999 -9999 -9999 -9999 -9999 -9999 114.30400 116.52700 114.79000 117.88900 120.44500 123.55000 127.42600 130.99699 133.00200 134.03700 132.29900 130.34399 125.06700 123.38800 119.43700 115.71100 112.97300 106.68900 104.61600 98.50800 96.85410 97.31090 97.27200 97.89230 96.06180 95.26950 94.77700 94.92270 95.36620 97.57720 99.98590 100.93000 100.26700 99.78020 101.51000 100.39600 100.47200 102.43500 100.57900 97.82070 92.67760 88.48540 82.00630 77.06300 76.30110 75.20360 72.88120 73.06930 71.59180 72.88630 72.21860 74.17720 71.79560 71.76530 71.66880 70.52750 68.35210 68.08490 68.06140 67.38120 68.39030
-9999 -9999 -9999 -9999 -9999 -9999 -9999 -9999 -9999 -9999 -9999 -9999 115.77600 122.53100 128.64000 136.14500 140.55800 139.76100 142.16299 140.60800 138.27299 136.61700 132.12000 128.52800 122.97800 118.61400 113.98300 107.14900 101.32600 100.23100 100.05400 96.32720 97.82280 96.85410 98.85070 98.40540 98.13150 96.02090 97.00490 97.44970 97.14740 100.15100 100.34200 97.81090 98.65150 99.98930 99.71170 96.98260 94.05200 92.46320 89.50580 84.81950 82.97450 77.51820 75.91830 74.30540 75.23870 71.48230 73.49940 75.07470 73.96370 75.53960 76.06690 72.94120 73.36010 70.54400 70.95070 73.53810 72.55910 72.48110 71.11850
-9999 -9999 -9999 -9999 -9999 -9999 -9999 -9999 -9999 -9999 -9999 -9999 117.30700 122.84600 131.74500 137.90199 144.52901 145.77901 147.63200 147.32401 143.59100 140.09801 136.86800 131.93401 126.13300 122.13000 115.07500 107.12300 101.29600 98.53380 96.01760 97.20170 97.09430 97.64460 97.49840 97.37050 97.90630 98.74790 98.35260 100.14300 99.14020 98.34300 100.12700 98.89750 98.77130 97.77770 96.98390 96.91080 95.11110 88.63300 87.62220 84.98010 82.68540 78.22440 76.50000 76.82920 75.64560 74.95890 75.12640 77.95730 78.10650 78.56020 77.16520 76.92380 76.77840 75.76540 75.59210 76.98180 75.81900 74.66600 73.54200
-9999 -9999 -9999 -9999 -9999 -9999 -9999 -9999 -9999 -9999 -9999 112.42700 118.62600 121.70800 128.71700 132.42101 140.39200 142.49500 147.50500 148.56900 144.77200 146.33501 140.54401 136.89500 129.81700 124.81800 117.40300 106.55800 102.38700 99.46910 95.14820 96.04600 95.37900 96.71650 97.38160 96.30370 98.19510 98.11940 100.13800 101.64500 100.80600 102.38300 100.67000 98.44560 97.01360 96.49800 96.37750 96.17940 93.01000 91.69370 92.25040 87.30230 86.88600 85.57970 85.14650 81.61510 79.26210 80.10800 78.76940 80.67890 79.21150 79.68040 81.01440 81.62610 79.99580 77.68720 79.14150 78.29080 81.04620 80.18550 79.09830
