data/hydroclimate-scenarios/1948-2000.Pcorr55N_Pref_Tref/monthly_summaries/swe_monthly_day1_jun.1950-2000.asc
ncols	311
nrows	91
xllcenter	102.75
yllcenter	31.75
cellsize	0.5
NODATA_value	-9999
[rows 0 to 31 of 91, columns 73 to 145 of 311]
-9999 -9999 -9999 -9999 -9999 -9999 -9999 -9999 -9999 -9999 -9999 -9999 -9999 -9999 -9999 -9999 -9999 -9999 -9999 -9999 -9999 -9999 -9999 -9999 -9999 -9999 -9999 -9999 -9999 -9999 -9999 -9999 -9999 -9999 -9999 -9999 -9999 -9999 -9999 -9999 -9999 -9999 -9999 -9999 -9999 -9999 -9999 -9999 -9999 -9999 -9999 -9999 -9999 -9999 -9999 -9999 -9999 -9999 -9999 -9999 -9999 -9999 -9999 -9999 -9999 -9999 -9999 -9999 -9999 -9999 -9999 -9999 -9999
-9999 -9999 -9999 -9999 -9999 -9999 -9999 -9999 -9999 -9999 -9999 -9999 -9999 -9999 -9999 -9999 -9999 -9999 -9999 -9999 -9999 -9999 -9999 -9999 -9999 -9999 -9999 -9999 -9999 -9999 -9999 -9999 -9999 -9999 -9999 -9999 -9999 -9999 -9999 -9999 -9999 -9999 -9999 -9999 -9999 -9999 -9999 -9999 -9999 -9999 -9999 -9999 -9999 -9999 -9999 -9999 -9999 -9999 -9999 -9999 -9999 -9999 -9999 -9999 -9999 -9999 -9999 -9999 -9999 -9999 -9999 -9999 -9999
-9999 -9999 -9999 -9999 -9999 -9999 -9999 -9999 -9999 -9999 -9999 -9999 -9999 -9999 -9999 -9999 -9999 -9999 -9999 -9999 -9999 -9999 -9999 -9999 -9999 -9999 -9999 -9999 -9999 -9999 -9999 -9999 -9999 -9999 -9999 -9999 -9999 -9999 -9999 -9999 -9999 -9999 -9999 -9999 -9999 -9999 -9999 -9999 -9999 -9999 -9999 -9999 -9999 -9999 -9999 -9999 -9999 -9999 -9999 -9999 -9999 -9999 -9999 -9999 -9999 -9999 -9999 -9999 -9999 -9999 -9999 -9999 -9999
-9999 -9999 -9999 -9999 -9999 -9999 -9999 -9999 -9999 -9999 -9999 -9999 -9999 -9999 -9999 -9999 -9999 -9999 -9999 -9999 -9999 -9999 -9999 -9999 -9999 -9999 -9999 -9999 -9999 -9999 -9999 -9999 -9999 -9999 -9999 -9999 -9999 -9999 -9999 -9999 -9999 -9999 -9999 -9999 -9999 -9999 -9999 -9999 -9999 -9999 -9999 -9999 -9999 -9999 -9999 -9999 -9999 -9999 -9999 -9999 -9999 -9999 -9999 -9999 -9999 -9999 -9999 -9999 -9999 -9999 -9999 -9999 -9999
-9999 -9999 -9999 -9999 -9999 -9999 -9999 -9999 -9999 -9999 -9999 -9999 -9999 -9999 -9999 -9999 -9999 -9999 -9999 -9999 -9999 -9999 -9999 -9999 -9999 -9999 -9999 -9999 -9999 -9999 -9999 -9999 -9999 -9999 -9999 -9999 -9999 -9999 -9999 -9999 -9999 -9999 -9999 -9999 -9999 -9999 -9999 -9999 -9999 -9999 -9999 -9999 -9999 -9999 -9999 -9999 -9999 -9999 -9999 -9999 -9999 -9999 -9999 -9999 -9999 -9999 -9999 -9999 -9999 -9999 -9999 -9999 -9999
-9999 -9999 -9999 -9999 -9999 -9999 -9999 -9999 -9999 -9999 -9999 -9999 -9999 -9999 -9999 -9999 -9999 -9999 -9999 -9999 -9999 -9999 -9999 -9999 -9999 -9999 -9999 -9999 -9999 -9999 -9999 -9999 -9999 -9999 -9999 -9999 -9999 -9999 -9999 -9999 -9999 -9999 -9999 -9999 -9999 -9999 -9999 -9999 -9999 -9999 -9999 -9999 -9999 -9999 -9999 -9999 -9999 -9999 -9999 -9999 -9999 -9999 -9999 -9999 -9999 -9999 -9999 -9999 -9999 -9999 -9999 -9999 -9999
-9999 -9999 -9999 -9999 -9999 -9999 -9999 -9999 -9999 -9999 -9999 -9999 -9999 -9999 -9999 -9999 -9999 -9999 -9999 -9999 -9999 -9999 -9999 -9999 -9999 -9999 -9999 -9999 -9999 -9999 -9999 -9999 -9999 -9999 -9999 -9999 -9999 -9999 -9999 -9999 -9999 -9999 -9999 -9999 -9999 -9999 -9999 -9999 -9999 -9999 -9999 -9999 -9999 -9999 -9999 -9999 -9999 -9999 -9999 -9999 -9999 -9999 -9999 -9999 -9999 -9999 -9999 -9999 -9999 -9999 -9999 -9999 -9999
-9999 -9999 -9999 -9999 -9999 -9999 -9999 -9999 -9999 -9999 -9999 -9999 -9999 -9999 -9999 -9999 -9999 -9999 -9999 -9999 -9999 -9999 -9999 -9999 -9999 -9999 -9999 -9999 -9999 -9999 -9999 -9999 -9999 -9999 -9999 -9999 -9999 -9999 -9999 -9999 -9999 -9999 -9999 -9999 -9999 -9999 -9999 -9999 -9999 -9999 -9999 -9999 -9999 -9999 -9999 -9999 -9999 -9999 -9999 -9999 -9999 -9999 -9999 -9999 -9999 -9999 -9999 -9999 -9999 -9999 -9999 -9999 -9999
-9999 -9999 -9999 -9999 10.83490 -9999 -9999 -9999 -9999 -9999 -9999 -9999 -9999 -9999 -9999 -9999 -9999 -9999 -9999 -9999 -9999 -9999 -9999 -9999 -9999 -9999 -9999 -9999 -9999 -9999 -9999 -9999 -9999 -9999 -9999 -9999 -9999 -9999 -9999 -9999 -9999 -9999 -9999 -9999 -9999 -9999 -9999 -9999 -9999 -9999 -9999 -9999 -9999 -9999 -9999 -9999 -9999 -9999 -9999 -9999 -9999 -9999 -9999 -9999 -9999 -9999 -9999 -9999 -9999 -9999 -9999 -9999 -9999
38.30750 3.40070 2.75011 6.15016 7.07311 13.51560 16.35840 27.81920 43.99090 50.97960 61.37340 65.07100 75.10780 76.38560 81.25280 80.39940 73.84990 75.02410 64.58150 60.84070 -9999 -9999 -9999 -9999 -9999 -9999 -9999 -9999 -9999 -9999 -9999 -9999 -9999 -9999 -9999 -9999 -9999 -9999 -9999 -9999 -9999 -9999 -9999 -9999 -9999 -9999 -9999 -9999 -9999 -9999 -9999 -9999 -9999 -9999 -9999 -9999 -9999 -9999 -9999 -9999 -9999 -9999 -9999 -9999 -9999 -9999 -9999 -9999 -9999 -9999 -9999 -9999 -9999
-9999 -9999 2.63397 4.27986 8.01725 11.50440 22.68650 29.40120 35.44820 44.79210 60.77710 65.22200 71.60960 78.01670 79.45190 82.35590 76.17430 80.12660 80.27210 77.09120 -9999 -9999 -9999 -9999 -9999 -9999 -9999 -9999 -9999 -9999 -9999 -9999 -9999 -9999 -9999 -9999 -9999 -9999 -9999 -9999 -9999 -9999 -9999 -9999 -9999 -9999 -9999 -9999 -9999 -9999 -9999 -9999 -9999 -9999 -9999 -9999 -9999 -9999 -9999 -9999 -9999 -9999 -9999 -9999 -9999 -9999 -9999 -9999 -9999 -9999 -9999 -9999 -9999
1.25238 1.63092 1.68686 2.59345 5.61252 7.86636 16.36960 22.02090 28.42000 34.97640 46.22670 54.33610 67.70450 71.48770 74.28480 83.40930 75.06710 77.94650 77.41290 76.44840 53.54200 49.51370 46.15000 41.67680 41.43870 36.09950 -9999 -9999 -9999 -9999 -9999 -9999 -9999 -9999 -9999 -9999 -9999 -9999 -9999 -9999 -9999 -9999 -9999 -9999 -9999 -9999 -9999 -9999 -9999 -9999 -9999 -9999 -9999 -9999 -9999 -9999 -9999 -9999 -9999 -9999 -9999 -9999 -9999 -9999 -9999 -9999 -9999 -9999 -9999 -9999 -9999 -9999 -9999
0.16614 0.56250 1.33941 2.81350 4.86327 6.61898 12.66990 16.33800 14.21350 19.39970 35.15290 46.97290 51.46860 68.61330 67.40570 74.45080 73.17430 81.07120 77.18480 75.59680 70.94780 62.18970 56.11770 46.66530 51.08120 45.23180 37.60230 34.18310 25.29970 24.40770 22.14400 20.51110 9.19968 8.41544 11.07950 11.82430 6.26038 5.34857 6.39728 6.44242 6.54480 -9999 -9999 -9999 -9999 -9999 -9999 -9999 -9999 -9999 -9999 -9999 -9999 -9999 -9999 -9999 -9999 -9999 -9999 -9999 -9999 -9999 -9999 -9999 -9999 -9999 -9999 -9999 -9999 -9999 -9999 -9999 -9999
0.24609 0.46319 2.03491 2.07986 3.02429 4.48628 8.16003 11.72250 10.31870 13.47850 27.10510 35.13590 43.07790 52.71380 56.78280 67.56770 62.79190 71.34180 77.77180 77.92890 70.45970 64.63840 55.41790 45.59890 44.19590 42.13990 40.24000 40.88920 26.64260 23.85950 17.12660 14.91900 5.90459 5.09898 11.19340 9.71009 4.40839 4.11842 5.85875 5.69844 5.87282 5.59068 -9999 -9999 -9999 -9999 -9999 -9999 -9999 -9999 -9999 -9999 -9999 -9999 -9999 -9999 -9999 -9999 -9999 -9999 -9999 -9999 -9999 -9999 -9999 -9999 -9999 -9999 -9999 -9999 -9999 -9999 -9999
1.17628 4.09147 4.79801 4.80614 5.50535 6.00348 8.82961 7.60183 21.82270 22.74440 22.06560 25.01250 31.86620 37.64270 48.74590 54.38030 61.70230 68.40300 70.85070 71.18570 64.73790 60.16080 55.80380 63.49000 43.46360 32.92900 33.26260 31.82180 23.72490 19.61280 14.24390 14.50130 8.64678 8.12764 5.77758 4.51528 6.31779 5.77772 4.55698 4.11629 5.07877 4.82370 -9999 -9999 -9999 -9999 -9999 -9999 -9999 -9999 -9999 -9999 -9999 -9999 -9999 -9999 -9999 10.68250 17.28060 -9999 -9999 -9999 -9999 44.51600 69.14390 86.56040 76.42190 66.85590 68.40210 79.31580 80.05830 94.09040 101.51300
0.75848 2.26840 2.48334 1.98441 0.74906 2.94292 4.09954 5.83985 8.64778 12.14600 14.06510 23.37250 33.59320 28.18120 40.38050 40.48400 58.16510 57.97780 53.44220 55.46700 53.33930 51.60130 52.23230 40.56060 31.17860 26.94490 24.58000 20.36710 16.90040 14.69540 12.35270 9.85786 8.86780 14.09350 9.27708 4.53687 5.47313 8.10378 5.17484 2.37013 4.40750 4.30318 5.04845 5.94876 11.91570 8.25940 10.97100 16.24310 20.41020 24.89580 29.80170 29.14370 29.07150 30.24770 15.32010 14.51060 13.32370 15.96390 20.53060 -9999 -9999 -9999 -9999 -9999 56.64010 70.21170 79.35460 90.91340 101.28700 102.39700 115.60600 121.55100 126.85000
1.95895 7.58742 2.46057 0.51874 0.27852 0.31928 0.38911 0.63358 0.69996 3.61948 11.62690 17.30930 24.88150 27.41680 37.94100 49.48290 49.12550 38.67480 45.51600 47.75790 49.20190 49.27550 50.79830 47.85720 37.25310 36.67720 36.01780 44.79620 36.02410 33.15690 41.83400 30.72690 35.24760 43.60050 29.56100 35.53390 21.59310 25.44390 25.60320 24.96610 27.27290 21.60650 20.41420 19.67230 30.09740 24.11300 21.26260 27.51590 18.63670 24.90040 32.57340 42.36620 54.11020 38.56330 43.87470 46.31260 42.52240 35.54410 42.29180 47.96980 38.18540 34.16440 45.84930 50.29560 56.32240 62.84670 75.15760 91.84180 115.91800 122.28600 137.32401 151.89999 167.17500
0.51819 7.06097 10.12900 4.23595 0.46523 1.87537 0.03149 0.02637 0.29902 1.60480 5.49035 11.90010 18.00060 34.18540 29.69190 30.03900 45.88740 48.86640 45.60610 32.62770 31.94690 28.24250 42.96490 32.67530 32.98500 28.09750 43.55260 51.10160 50.44640 53.15190 49.32580 33.25320 31.71890 37.75710 28.16740 26.34500 21.61430 32.03710 26.51910 17.50930 17.46600 32.47790 36.61370 26.66680 23.17080 16.33000 22.29910 19.25960 25.39480 17.39860 33.19790 32.82700 40.71510 55.69910 54.77330 52.60170 53.51430 57.25750 56.50180 79.25290 66.40630 53.24930 52.18190 52.77180 53.58820 54.41510 67.58970 102.44900 135.68700 141.51700 159.72501 167.04601 162.19701
14.91650 0.91199 3.93449 1.13995 0.60032 3.78869 0.41315 0.02032 0.28433 1.18527 3.65121 8.52527 13.76220 19.19800 20.12510 21.33090 28.27560 49.02900 35.80910 27.59660 22.52500 19.66090 17.96850 21.89470 23.30850 31.68830 30.54230 29.19290 29.48170 30.43360 33.99010 36.17750 36.77630 33.74770 27.01840 18.93240 21.14110 25.45680 15.27550 13.17660 16.60310 26.84150 37.87080 27.85990 22.54780 16.70340 14.07150 18.84140 20.93010 22.42070 28.88670 29.35840 30.93090 31.36620 39.85300 56.00440 61.24900 70.04490 71.64480 84.98670 98.07600 95.05150 100.08500 96.94750 98.66460 102.48300 115.06900 130.35699 138.12300 149.08800 159.00101 178.57001 186.34399
19.05340 17.56210 7.06372 0.33270 0.80816 4.33121 1.08975 0.37650 7.32043 8.06137 9.13172 5.68642 6.49531 7.69009 8.01233 13.42200 22.58670 24.02260 30.04910 20.06360 17.21740 14.05430 12.06510 10.57400 18.94970 11.70330 32.66490 26.07320 22.49100 33.45590 32.51690 21.53280 13.77430 16.39670 13.76320 14.42790 8.12860 11.31930 13.36290 11.37390 8.46227 11.21480 23.36680 25.54010 19.63270 34.10720 24.11850 27.02520 34.90550 32.58760 31.55570 31.58170 40.24340 50.85960 62.14160 78.16360 65.93070 57.26930 54.64660 57.41080 77.21790 106.63300 122.91800 123.41300 139.59100 130.28000 129.92300 138.18800 140.25301 121.41200 139.14600 172.07001 188.20000
19.80860 28.32550 34.28370 5.88096 1.64106 0.36938 0.14908 0.49752 2.08826 10.79590 28.49960 23.00170 26.43550 15.54390 6.91410 6.02156 10.47680 12.01270 18.08190 18.55950 20.98720 13.03150 8.47772 11.60790 11.45650 5.59080 16.82070 20.22610 23.21930 20.10490 21.69100 20.81760 14.93240 19.81690 12.87610 21.53660 14.02830 12.78210 19.38640 22.41180 18.60690 19.25720 21.59440 24.06440 29.55300 27.07000 20.11300 27.14780 24.58020 26.12720 34.61250 33.72680 33.42170 43.77280 71.37420 83.90370 75.65100 101.87600 101.41200 98.81180 94.02910 98.60950 105.80800 112.14800 124.22400 141.22301 129.11501 133.34700 135.77499 125.27300 129.77699 164.23599 196.81799
17.96240 15.34280 32.45160 26.72510 25.51800 17.98460 4.55105 1.95788 0.51118 2.76112 12.05820 23.06170 32.74380 34.77630 32.35290 27.53670 16.40440 17.01790 15.26050 19.65760 17.43290 17.01120 14.43510 12.95530 2.93541 3.21667 18.35660 18.15070 13.87300 27.02230 31.31410 30.93700 23.71570 24.34490 16.05760 20.85210 16.13580 17.40780 21.60470 25.15600 17.60260 23.14100 21.29910 25.02010 26.26960 25.41980 24.72680 28.34130 42.91990 43.08490 54.99590 60.39010 66.24970 70.52060 101.45300 84.88770 88.16240 110.88300 101.84700 108.22100 108.11200 89.58720 110.74300 115.56800 134.88699 128.25301 115.67500 118.04400 108.39800 103.72900 125.27400 186.55499 193.28101
1.90379 6.85526 6.56649 8.88014 18.95570 12.32140 9.57364 5.39192 2.55518 7.71580 4.55280 3.04050 4.07080 6.47025 15.65220 32.01530 33.94600 32.33710 29.92130 28.09070 20.76780 18.24980 10.17460 9.34905 6.92351 10.72270 10.47360 8.15489 10.39120 11.12780 19.41220 14.48700 19.86980 9.88914 3.98501 7.01425 17.31870 15.12710 17.05570 13.61120 18.61900 22.51860 31.54640 40.12340 45.93790 37.93490 51.90800 76.64230 90.05280 87.67950 102.41100 118.92200 118.00000 131.92200 104.15700 120.61900 110.97500 100.45700 106.20200 104.15100 107.00300 109.91100 117.60200 103.17900 89.18570 84.83340 102.32300 132.68401 108.20500 95.69470 144.99100 184.79900 163.69200
0.69854 0.85238 10.60670 6.82460 14.11540 17.37570 12.01250 7.87169 2.47663 10.59770 12.10550 7.16681 18.94790 19.22620 22.34590 5.05515 20.37260 27.89430 42.09710 45.75130 41.22110 9.60250 6.30795 5.51185 8.63399 14.40410 8.66796 5.93224 9.97194 9.72276 12.26500 11.35680 6.29976 7.38842 5.21570 5.11367 13.98440 15.67420 37.49110 27.59830 22.94050 28.55170 16.83490 18.04230 32.99820 39.69770 62.73490 79.05750 95.21500 93.18570 96.64290 108.25100 132.93201 140.81000 126.44500 133.59500 115.31300 111.84200 89.88580 97.90570 105.58700 128.49699 84.80790 111.74200 113.23200 87.98350 76.99720 113.51400 90.55570 94.74220 119.63700 123.49500 147.32500
1.22005 1.14942 6.91044 7.30664 7.35509 11.07910 5.53095 6.80643 10.05380 5.87678 4.82655 2.91712 12.40410 17.18830 23.70470 34.95870 20.93710 12.71200 25.72370 32.54290 30.53730 26.93070 12.86660 7.16346 7.09749 5.74042 6.68169 2.30451 8.53953 7.61502 13.78720 13.22890 6.73571 5.77275 8.47688 10.89170 15.04180 19.28130 41.51570 42.07580 51.51480 48.06470 24.35800 22.35460 37.46570 48.36280 71.58250 97.10440 107.94600 94.08420 108.47000 135.20799 125.62400 127.18100 112.65300 106.02000 148.25900 131.42101 120.22900 107.12800 111.08800 88.50210 68.36090 107.28100 85.29580 78.11610 115.29300 105.88000 96.17570 122.19700 131.60800 130.89500 162.60001
7.14221 6.83946 9.54585 5.60066 4.93615 6.40790 5.48693 4.23280 4.05799 12.08200 9.19082 2.07296 2.76400 8.54105 18.04400 24.49130 27.17490 32.17170 26.60260 16.86780 13.22270 17.79490 20.97850 17.59110 4.69433 3.65691 3.36181 4.54153 4.38914 4.91860 9.00451 9.74283 6.49371 11.55770 13.69890 27.19310 20.48500 34.95130 68.45970 49.83020 55.68710 75.48820 62.31460 42.96600 43.81700 54.34940 61.09940 81.49390 98.73590 74.37410 82.22510 84.88790 77.41900 94.36660 90.88690 111.99100 116.18200 139.47900 106.95400 114.93000 108.08000 102.31700 82.45520 76.64090 71.53120 75.32350 91.65240 127.97800 133.43500 121.09100 123.32600 176.90199 196.87399
14.28410 13.72030 18.51690 14.87660 9.10373 6.46969 2.00457 1.69539 0.94964 2.78651 7.40912 7.45141 3.93035 4.45274 12.35300 22.28320 32.42850 36.84330 28.84630 27.89830 33.37560 26.26200 26.39120 25.68250 21.19900 13.41310 4.62884 8.81072 7.47572 3.99730 7.07847 15.55370 17.51940 7.49173 13.14960 27.61320 29.49920 26.10350 56.54390 64.93300 78.88310 67.97690 59.61590 54.68830 50.20520 59.76590 60.41130 78.77200 82.62970 90.36910 95.06480 108.83300 122.87500 131.75101 118.04100 88.30260 89.23920 76.95690 65.58070 82.26570 92.96950 88.74570 97.87300 89.75110 85.63690 90.58170 159.58000 189.15601 195.67500 191.75200 171.34700 204.99200 180.40300
16.16900 16.52430 17.62740 17.85510 12.44320 5.70213 3.41845 1.29100 0.22075 1.13838 4.39251 13.22910 9.42204 8.91971 14.97610 9.77232 19.28380 16.33010 43.13260 27.30970 25.02420 22.14890 21.93180 27.22770 37.22910 21.38640 5.50690 7.51188 21.74300 19.00380 12.91910 17.68610 26.10910 10.26390 15.68790 21.62610 42.75930 43.93900 62.69230 69.82560 73.05280 79.10390 59.48260 65.00340 40.31000 56.40000 76.77560 83.05080 84.92230 100.66200 103.02200 94.90250 123.23700 113.59600 106.61500 95.60230 83.87600 87.70710 79.28720 88.71720 98.97650 105.81100 170.59801 160.84399 158.62700 157.42900 190.62801 159.48199 179.45200 201.89700 198.61900 238.36099 278.14600
36.49670 30.20160 27.58680 37.53960 24.86200 20.79250 10.23890 7.35522 1.99460 7.51864 2.03579 4.62802 21.40510 17.23200 12.49030 11.73340 14.46370 14.72330 21.93280 38.66120 38.96030 26.56340 26.30410 18.53230 24.18130 19.53600 5.33625 14.58140 25.03290 27.54900 25.80600 21.27570 31.58750 34.73910 26.68950 47.75610 82.52400 99.13300 90.50050 90.07110 99.06190 65.40650 47.71270 38.58680 20.96380 16.35880 30.25890 32.76950 36.09080 41.94250 59.28230 86.67130 118.38800 131.07100 121.49500 97.77990 93.19660 85.97470 113.16500 120.67500 158.81400 215.93500 248.17799 239.18300 248.33600 262.44699 243.21201 228.60699 247.86800 254.93201 284.61401 293.30801 276.37000
36.84690 35.04810 28.62850 32.09380 51.60720 33.73990 22.33410 17.30720 14.97640 20.79550 10.03590 21.34490 24.31830 19.07070 24.13300 18.71880 9.70028 13.68430 29.44910 46.77910 66.55120 37.07450 28.15660 23.76380 37.33160 26.74670 17.85320 33.86790 25.62580 17.99060 34.89380 30.54110 50.64340 41.72610 47.59270 48.82830 87.69420 96.11960 88.40820 56.58760 68.59490 41.15130 19.46010 15.04780 15.32570 19.49550 50.32140 42.73920 -9999 -9999 55.46600 67.50350 63.56410 103.80100 112.06600 102.80400 98.24940 121.17400 155.84300 221.25500 251.79401 276.81601 277.00601 299.76700 304.11499 329.95001 296.05399 263.21600 288.20001 243.00800 299.19901 277.37701 233.49300
29.37710 36.31350 44.91270 39.99950 37.14740 32.58430 33.92010 32.59080 34.98440 39.84990 33.00700 36.00710 38.79150 31.07350 34.06030 28.42220 22.24370 34.37880 45.34450 40.71640 48.05720 60.01180 85.57690 58.58900 60.06840 38.21260 20.84440 30.49100 39.27600 22.16510 35.51310 45.70880 68.14340 73.68040 110.32800 59.99200 35.88630 -9999 -9999 -9999 -9999 4.41920 -9999 43.55490 73.14540 52.04060 60.81830 25.04930 -9999 -9999 70.67530 74.95620 74.08860 83.26500 81.82740 107.29500 144.39101 184.12601 181.91100 216.84500 252.02200 262.63000 261.68201 339.73199 332.13400 337.87799 274.39700 262.00101 264.24399 201.50500 -9999 -9999 -9999
30.30700 41.78470 44.79110 23.28710 45.13970 39.55830 17.58330 26.36970 22.63480 31.10220 48.58120 59.95480 50.55040 24.90990 32.40940 45.93580 52.73790 47.60540 73.25850 50.99520 61.56500 59.11420 77.30970 62.87890 64.14690 67.13770 34.82950 34.38370 49.87180 56.85060 71.13230 64.18040 103.80900 70.52240 63.23830 -9999 -9999 -9999 -9999 -9999 -9999 -9999 29.78230 41.78520 34.80400 -9999 -9999 -9999 -9999 -9999 38.60210 58.09630 130.37100 111.05200 157.96899 139.60100 137.80800 191.42300 135.03300 155.16200 203.90500 245.66499 229.16200 222.20300 272.28799 349.41199 285.89200 185.38699 -9999 -9999 -9999 -9999 -9999
