data/hydroclimate-scenarios/1948-2000.Pcorr55N_Pref_Tref/monthly_summaries/swe_monthly_day1_nov.1950-2000.asc
ncols	311
nrows	91
xllcenter	102.75
yllcenter	31.75
cellsize	0.5
NODATA_value	-9999
[rows 0 to 31 of 91, columns 219 to 291 of 311]
-9999 -9999 -9999 -9999 -9999 -9999 -9999 -9999 -9999 -9999 -9999 -9999 -9999 -9999 -9999 -9999 -9999 -9999 -9999 -9999 -9999 -9999 -9999 -9999 -9999 -9999 -9999 -9999 -9999 -9999 -9999 -9999 -9999 -9999 -9999 -9999 -9999 -9999 -9999 -9999 -9999 -9999 -9999 -9999 -9999 -9999 -9999 -9999 -9999 -9999 -9999 -9999 -9999 -9999 -9999 -9999 -9999 -9999 -9999 -9999 -9999 -9999 -9999 -9999 -9999 -9999 -9999 -9999 -9999 -9999 -9999 -9999 -9999
-9999 -9999 -9999 -9999 -9999 -9999 -9999 -9999 -9999 -9999 -9999 -9999 -9999 -9999 -9999 -9999 -9999 -9999 -9999 -9999 -9999 -9999 -9999 -9999 -9999 -9999 -9999 -9999 -9999 -9999 -9999 -9999 -9999 -9999 -9999 -9999 -9999 -9999 -9999 -9999 -9999 -9999 -9999 -9999 -9999 -9999 -9999 -9999 -9999 -9999 -9999 -9999 -9999 -9999 -9999 -9999 -9999 -9999 -9999 -9999 -9999 -9999 -9999 -9999 -9999 -9999 -9999 -9999 -9999 -9999 -9999 -9999 -9999
-9999 -9999 -9999 -9999 -9999 -9999 -9999 -9999 -9999 -9999 -9999 -9999 -9999 -9999 -9999 -9999 -9999 -9999 -9999 -9999 -9999 -9999 -9999 -9999 -9999 -9999 -9999 -9999 -9999 -9999 -9999 -9999 -9999 -9999 -9999 -9999 -9999 -9999 -9999 -9999 -9999 -9999 -9999 -9999 -9999 -9999 -9999 -9999 -9999 -9999 -9999 -9999 -9999 -9999 -9999 -9999 -9999 -9999 -9999 -9999 -9999 -9999 -9999 -9999 -9999 -9999 -9999 -9999 -9999 -9999 -9999 -9999 -9999
-9999 -9999 -9999 -9999 -9999 -9999 -9999 -9999 -9999 -9999 -9999 -9999 -9999 -9999 -9999 -9999 -9999 -9999 -9999 -9999 -9999 -9999 -9999 -9999 -9999 -9999 -9999 -9999 -9999 -9999 -9999 -9999 -9999 -9999 -9999 -9999 -9999 -9999 -9999 -9999 -9999 -9999 -9999 -9999 -9999 -9999 -9999 -9999 -9999 -9999 -9999 -9999 -9999 -9999 -9999 -9999 -9999 -9999 -9999 -9999 -9999 -9999 -9999 -9999 -9999 -9999 -9999 -9999 -9999 -9999 -9999 -9999 -9999
-9999 -9999 -9999 -9999 -9999 -9999 -9999 -9999 -9999 -9999 -9999 -9999 -9999 -9999 -9999 -9999 -9999 -9999 -9999 -9999 -9999 -9999 -9999 -9999 -9999 -9999 -9999 -9999 -9999 -9999 -9999 -9999 -9999 -9999 -9999 -9999 -9999 -9999 -9999 -9999 -9999 -9999 -9999 -9999 -9999 -9999 -9999 -9999 -9999 -9999 -9999 -9999 -9999 -9999 -9999 -9999 -9999 -9999 -9999 -9999 -9999 -9999 -9999 -9999 -9999 -9999 -9999 -9999 -9999 -9999 -9999 -9999 -9999
-9999 -9999 -9999 -9999 -9999 -9999 -9999 -9999 -9999 -9999 -9999 -9999 -9999 -9999 -9999 -9999 -9999 -9999 -9999 -9999 -9999 -9999 -9999 -9999 -9999 -9999 -9999 -9999 -9999 -9999 -9999 -9999 -9999 -9999 -9999 -9999 -9999 -9999 -9999 -9999 -9999 -9999 -9999 -9999 -9999 -9999 -9999 -9999 -9999 -9999 -9999 -9999 -9999 -9999 -9999 -9999 -9999 -9999 -9999 -9999 -9999 -9999 -9999 -9999 -9999 -9999 -9999 -9999 -9999 -9999 -9999 -9999 -9999
-9999 -9999 -9999 -9999 -9999 -9999 -9999 -9999 -9999 -9999 -9999 -9999 -9999 -9999 -9999 -9999 -9999 -9999 -9999 -9999 -9999 -9999 -9999 -9999 -9999 -9999 -9999 -9999 -9999 -9999 -9999 -9999 -9999 -9999 -9999 -9999 -9999 -9999 -9999 -9999 -9999 -9999 -9999 -9999 -9999 -9999 -9999 -9999 -9999 -9999 -9999 -9999 -9999 -9999 -9999 -9999 -9999 -9999 -9999 -9999 -9999 -9999 -9999 -9999 -9999 -9999 -9999 -9999 -9999 -9999 -9999 -9999 -9999
-9999 -9999 -9999 -9999 -9999 -9999 -9999 -9999 -9999 -9999 -9999 -9999 -9999 -9999 -9999 -9999 -9999 -9999 -9999 -9999 -9999 -9999 -9999 -9999 -9999 -9999 -9999 -9999 -9999 -9999 -9999 -9999 -9999 -9999 -9999 -9999 -9999 -9999 -9999 -9999 -9999 -9999 -9999 -9999 -9999 -9999 -9999 -9999 -9999 -9999 -9999 -9999 -9999 -9999 -9999 -9999 -9999 -9999 -9999 -9999 -9999 -9999 -9999 -9999 -9999 -9999 -9999 -9999 -9999 -9999 -9999 -9999 -9999
-9999 -9999 -9999 -9999 -9999 -9999 -9999 -9999 -9999 -9999 -9999 -9999 -9999 -9999 -9999 -9999 -9999 -9999 -9999 -9999 -9999 -9999 -9999 -9999 -9999 -9999 -9999 -9999 -9999 -9999 -9999 -9999 -9999 -9999 -9999 -9999 -9999 -9999 -9999 -9999 -9999 -9999 -9999 -9999 -9999 -9999 -9999 -9999 -9999 -9999 -9999 -9999 -9999 -9999 -9999 -9999 -9999 -9999 -9999 -9999 -9999 -9999 -9999 -9999 -9999 -9999 -9999 -9999 -9999 -9999 -9999 -9999 -9999
-9999 -9999 -9999 -9999 -9999 -9999 -9999 -9999 -9999 -9999 -9999 -9999 -9999 -9999 -9999 -9999 -9999 -9999 -9999 -9999 -9999 -9999 -9999 -9999 -9999 -9999 -9999 -9999 -9999 -9999 -9999 -9999 -9999 -9999 -9999 -9999 -9999 -9999 -9999 -9999 -9999 -9999 -9999 -9999 -9999 -9999 -9999 -9999 -9999 -9999 -9999 -9999 -9999 -9999 -9999 -9999 -9999 -9999 -9999 -9999 -9999 -9999 -9999 -9999 -9999 -9999 -9999 -9999 -9999 -9999 -9999 -9999 -9999
-9999 -9999 -9999 -9999 -9999 -9999 -9999 -9999 -9999 -9999 -9999 -9999 -9999 -9999 -9999 -9999 -9999 -9999 -9999 -9999 -9999 -9999 -9999 -9999 -9999 -9999 -9999 -9999 -9999 -9999 -9999 -9999 -9999 -9999 -9999 -9999 -9999 -9999 -9999 -9999 -9999 -9999 -9999 -9999 -9999 -9999 -9999 -9999 -9999 -9999 -9999 -9999 -9999 -9999 -9999 -9999 -9999 -9999 -9999 -9999 -9999 -9999 -9999 -9999 -9999 -9999 -9999 -9999 -9999 -9999 -9999 -9999 -9999
-9999 -9999 -9999 -9999 -9999 -9999 -9999 -9999 -9999 -9999 -9999 -9999 -9999 -9999 -9999 -9999 -9999 -9999 -9999 -9999 -9999 -9999 -9999 -9999 -9999 -9999 -9999 -9999 -9999 -9999 -9999 -9999 -9999 -9999 -9999 -9999 -9999 -9999 -9999 -9999 -9999 -9999 -9999 -9999 -9999 -9999 -9999 -9999 -9999 -9999 -9999 -9999 -9999 -9999 -9999 -9999 -9999 -9999 -9999 -9999 -9999 -9999 -9999 -9999 -9999 -9999 -9999 -9999 -9999 -9999 -9999 -9999 -9999
-9999 -9999 -9999 -9999 -9999 -9999 -9999 -9999 -9999 -9999 -9999 -9999 -9999 -9999 -9999 -9999 -9999 -9999 -9999 -9999 -9999 -9999 -9999 -9999 -9999 -9999 -9999 -9999 -9999 -9999 -9999 -9999 -9999 -9999 -9999 -9999 -9999 -9999 -9999 -9999 -9999 -9999 -9999 -9999 -9999 -9999 -9999 -9999 -9999 -9999 -9999 -9999 -9999 -9999 -9999 -9999 -9999 -9999 -9999 -9999 -9999 -9999 -9999 -9999 -9999 -9999 -9999 -9999 -9999 -9999 -9999 -9999 -9999
-9999 -9999 -9999 -9999 -9999 -9999 -9999 -9999 -9999 -9999 -9999 -9999 -9999 -9999 -9999 -9999 -9999 -9999 -9999 -9999 -9999 -9999 -9999 -9999 -9999 -9999 -9999 -9999 -9999 -9999 -9999 -9999 -9999 -9999 -9999 -9999 -9999 -9999 -9999 -9999 -9999 25.31430 -9999 -9999 -9999 -9999 -9999 -9999 -9999 -9999 -9999 -9999 -9999 -9999 -9999 -9999 -9999 -9999 -9999 -9999 -9999 -9999 -9999 -9999 -9999 -9999 -9999 -9999 -9999 -9999 -9999 -9999 -9999
18.19750 18.71810 20.47900 22.53410 5.77682 8.49198 7.37455 29.01300 29.26890 28.31310 27.06890 23.80510 165.14700 -9999 -9999 -9999 -9999 -9999 -9999 -9999 -9999 -9999 -9999 -9999 -9999 -9999 -9999 -9999 -9999 -9999 -9999 -9999 -9999 -9999 -9999 -9999 6.49563 14.33000 10.25470 2.14029 3.56808 10.96390 30.40460 -9999 -9999 -9999 27.72860 -9999 -9999 -9999 33.32450 42.15410 41.68530 -9999 -9999 -9999 -9999 -9999 -9999 -9999 -9999 -9999 -9999 -9999 -9999 -9999 -9999 -9999 -9999 -9999 -9999 -9999 -9999
3.59239 0.00000 0.00000 0.00000 0.00000 0.02517 0.31826 1.31005 2.93443 0.37847 0.00000 0.00000 0.00000 0.00000 1.04937 4.52315 32.87930 62.94010 31.64070 -9999 -9999 -9999 -9999 -9999 35.02520 33.85570 35.20820 36.02780 35.23780 31.69490 29.39590 29.44200 27.35170 27.52720 25.92820 27.05150 1.57646 1.91973 1.32940 1.97145 2.75895 3.45576 31.68470 31.61350 33.26060 30.73040 29.11100 33.04500 35.48150 33.67420 38.39020 37.08350 24.58010 28.20970 35.83510 38.79640 36.65100 37.94630 -9999 -9999 -9999 -9999 -9999 -9999 -9999 -9999 -9999 -9999 -9999 -9999 -9999 -9999 -9999
0.00000 0.00000 0.00000 0.00000 0.00000 0.00000 0.16973 0.34993 0.06733 0.00000 0.00000 0.00000 0.00000 0.56166 4.21343 4.59633 40.08470 8.40032 22.41150 30.89210 36.14470 43.83880 46.47460 42.59200 38.19520 36.56520 35.20030 38.39620 37.75200 33.84890 29.32290 30.14060 30.77960 29.88070 31.01310 30.29400 28.52470 28.01990 28.04630 28.25270 27.73670 28.03080 27.74090 29.56720 30.69800 31.16150 32.93610 34.35330 38.02120 43.59640 45.47000 48.23660 53.82830 53.03040 49.93580 55.11180 46.74290 39.46390 38.23230 36.33810 38.43020 38.04190 36.66140 37.54530 40.26400 41.28250 -9999 -9999 -9999 -9999 -9999 -9999 -9999
0.00000 0.00000 0.00000 0.00000 0.00000 0.00000 0.00000 0.00000 0.00000 0.00000 0.04964 2.25204 5.81094 6.91924 13.90650 28.44080 72.95960 74.20390 27.76200 28.51560 24.65360 31.76770 37.52220 40.59670 45.62770 36.85610 35.57770 37.64270 39.70120 40.82510 39.87070 38.16050 36.26720 35.38160 32.43450 33.69250 30.08800 29.34000 29.70350 28.53510 25.38210 26.41400 29.26620 29.30890 30.28570 33.34570 34.48260 38.28830 41.63890 44.99260 49.83500 49.63240 51.19610 51.96660 54.98050 59.83520 42.73210 41.73590 42.63290 41.83820 42.06320 45.49140 49.61660 52.31880 56.93740 51.15970 -9999 40.28060 -9999 -9999 -9999 -9999 -9999
10.91530 0.60674 2.47395 6.94414 4.99747 4.72099 1.06180 1.90932 0.00000 1.94480 19.00950 0.89362 3.10393 2.87142 26.86050 51.03440 67.79760 70.74980 32.33930 29.81540 33.15390 14.92000 14.73900 18.36310 49.73270 45.05830 39.70700 38.63850 41.19380 43.31140 40.84630 35.71680 33.02020 32.04400 30.73050 28.05690 29.87840 31.15330 30.75600 30.90310 29.96020 31.30390 33.09820 33.34610 34.41620 32.45860 32.56590 35.30280 40.44730 41.05810 42.01770 45.07710 51.27510 52.04660 54.82520 54.37310 42.03210 44.40960 44.48890 47.81760 48.35410 48.57280 50.92550 51.96590 53.39200 60.00880 60.67290 -9999 -9999 -9999 -9999 -9999 -9999
6.06509 6.84638 22.02270 19.66650 16.66760 15.77280 17.37920 17.04820 18.04940 19.11420 18.38680 19.08830 79.04290 75.51110 42.20380 48.15420 33.93090 44.35840 18.89110 25.51910 35.48880 38.67780 45.02410 26.87320 59.43240 59.35180 49.63090 47.30790 42.55120 38.15360 34.01960 32.40690 32.32290 33.46320 30.68210 28.47260 32.20690 35.22330 35.04290 34.31710 34.11090 34.69750 34.39620 32.49260 33.42800 35.47450 35.12990 35.44010 39.24080 42.14940 46.42670 46.79310 48.81530 48.73400 48.49260 48.58420 46.44960 47.20990 47.00830 48.75530 52.04420 57.76500 61.79210 66.68870 61.58850 72.10020 74.43680 67.02990 -9999 -9999 -9999 -9999 -9999
26.44640 24.78680 17.35290 15.93840 14.36190 14.90580 16.78340 16.86090 19.20580 21.96640 24.72060 25.18860 53.31570 23.94960 2.00149 1.97204 8.85053 1.90691 10.35380 21.71390 32.01710 38.79910 43.48100 39.54970 39.23260 53.56950 52.83720 49.38760 42.19690 37.15980 36.05200 35.54030 34.56390 33.63350 30.25580 27.09060 32.83070 31.83320 31.91710 32.14010 30.74980 33.31940 34.42330 34.94560 34.30390 37.22760 38.55210 38.74620 41.52770 42.46130 48.59500 43.76900 46.25370 43.87520 43.85820 43.02750 44.20570 45.64880 48.08570 49.74990 49.70100 50.61810 53.17980 53.94910 55.72350 57.49910 57.94620 60.44080 60.34090 58.22450 60.60860 59.84460 -9999
18.32870 18.78050 16.60270 16.72100 16.22820 16.80970 18.85910 20.72030 21.55300 21.68850 23.68700 23.34180 66.79550 48.72500 0.95037 0.08309 0.00000 0.30212 7.72935 23.81240 38.69050 39.98610 37.20330 39.19780 28.81440 49.73550 56.73180 53.29600 44.29400 41.44150 39.56170 37.82120 36.59640 36.02370 30.79830 28.99970 32.10550 31.39590 29.53680 32.12360 33.17120 33.51610 34.41260 34.45410 38.43680 38.69770 39.58670 38.05290 38.87790 40.08720 41.81050 45.02580 46.40800 45.73970 44.87660 42.86930 40.81240 42.33030 42.07400 38.19360 37.10580 37.82780 44.03100 49.67340 53.22320 52.22790 47.85340 47.22720 50.50720 52.69690 52.29070 57.79480 56.93430
36.43670 4.79708 4.15822 36.37720 2.80931 9.02855 25.81200 22.97460 27.14820 27.91020 30.56580 27.01940 24.67310 33.32590 1.67381 0.56521 0.10659 0.46296 0.69940 9.86035 17.68960 19.71040 31.22630 38.84300 37.47370 40.79080 42.85650 44.78600 39.55580 41.74310 41.81590 38.49990 44.03780 42.65150 43.74830 41.54790 38.56670 35.47080 31.81160 38.53760 41.05000 44.13450 44.30870 42.11390 43.59490 45.30570 40.71560 39.33360 38.83330 40.77590 41.94950 44.41120 39.48300 32.86660 34.66680 37.69140 37.37080 37.48030 35.69600 36.10370 32.27130 34.79370 39.47960 43.53070 49.16360 51.80420 49.08470 47.74800 48.43840 54.99630 55.37700 55.76600 62.72620
29.73440 32.14270 3.66241 4.44267 6.07302 6.22464 4.54961 5.98677 4.39525 2.24943 28.62070 26.08080 30.92420 28.66970 2.58181 0.35417 0.35315 0.48639 0.46878 0.66399 0.59966 0.73005 5.27567 15.23830 27.39100 36.61980 36.21190 27.53880 18.54510 10.99670 1.60815 8.57395 25.53390 30.69360 23.16540 35.46630 56.95570 60.20510 62.76140 60.18610 57.39540 48.41840 49.45060 47.22240 42.56990 37.88920 43.56130 42.04330 40.41660 43.34360 46.26170 43.26430 34.89320 36.64810 40.17810 33.83400 32.63050 32.11370 30.95620 30.59820 28.78310 30.03070 32.58150 36.56840 39.68780 46.06530 49.30460 50.13780 45.53990 50.87590 50.86340 53.38890 59.05460
15.25720 17.12230 25.09020 15.00270 3.05713 4.02079 4.02515 3.03594 0.85171 2.09496 0.00000 0.71921 1.01159 30.75410 64.18790 0.22463 0.00000 0.00000 0.02236 0.21452 0.00000 0.18715 0.26918 0.28074 0.42771 0.50999 0.61915 0.55332 0.53557 0.89892 0.93857 0.91878 1.32625 2.16125 2.17269 2.52748 29.59490 31.15440 38.56900 48.16030 58.04950 61.68910 58.47500 48.61240 41.98370 35.12080 39.03790 47.07300 46.07290 44.96320 40.92500 37.66350 33.08070 34.30260 35.44940 36.95730 37.98490 35.02560 29.36120 27.00870 23.23170 26.96550 26.77590 29.85700 31.25580 36.81760 40.21410 46.86500 50.85040 52.50360 55.23980 55.39680 57.93760
23.36960 19.86060 18.49600 17.79930 21.92370 27.16920 1.80142 4.22821 8.47542 3.21480 1.29142 1.05305 1.69362 2.15308 2.11958 12.34900 0.45963 1.16981 0.67119 0.20594 0.03304 0.12167 0.15991 0.50775 1.18424 1.29710 0.75858 0.74133 0.72680 0.75273 1.46502 1.45659 1.77251 2.44630 2.79255 8.51013 48.89930 59.83700 60.80070 60.67200 71.24300 78.59200 84.03860 74.05580 63.09240 51.59540 43.83370 53.70050 57.47970 47.35010 45.30220 43.88410 36.24720 35.40430 35.87690 36.59290 37.78240 32.82450 32.17390 29.10770 23.97820 22.28370 23.53730 23.55590 27.69650 30.57560 36.06900 41.31250 47.67640 49.72780 54.26600 56.66770 57.77820
32.54950 27.54870 29.91060 21.71130 66.29610 45.63380 42.76690 19.68520 15.42250 18.81620 17.45610 18.16570 2.05175 1.32390 1.63553 0.88549 0.80033 6.95081 9.95397 11.41530 14.96100 9.59926 9.22117 24.39120 31.25840 14.90380 9.43988 8.86601 10.39520 14.97970 0.77715 5.40703 7.91778 16.55660 32.73260 48.25990 56.55730 72.69420 78.15150 96.93760 98.33170 91.08310 87.38860 84.34100 72.05780 64.54560 50.04450 43.76430 47.04400 50.90440 41.94870 40.89390 40.62170 35.72950 35.78240 33.90040 34.70710 33.04350 29.45090 27.42470 24.73160 21.40860 20.11740 21.01650 25.72760 30.12730 34.97350 39.96480 41.95970 47.38640 54.50750 58.76870 58.74660
62.25770 96.46280 28.30130 28.72010 20.65740 20.78090 22.20260 54.69950 60.60860 26.17650 14.83390 14.20660 84.54280 65.41070 38.73640 31.17910 15.10060 24.13400 6.67537 9.38556 10.51160 18.15500 13.05900 16.70380 13.01520 1.62142 0.70436 4.49853 0.62643 0.84368 3.32252 11.03530 13.81800 23.86550 42.96380 61.56400 68.99180 97.85880 111.68500 115.74000 106.95900 104.10000 96.07980 90.87520 86.14980 73.11110 62.45260 53.13720 43.47370 48.46020 45.59280 42.67530 37.68870 38.96450 36.72350 34.24190 32.18070 29.76520 29.23620 27.13270 23.79190 22.79240 17.37040 17.92200 22.00240 27.15820 33.93440 36.09840 37.34220 41.76390 47.15730 53.91590 55.84220
62.47980 33.78370 30.91460 34.97360 39.57270 41.06610 30.73410 40.45240 35.46510 39.85590 28.45270 13.30700 116.58100 113.57000 103.21400 67.50600 37.52350 18.20330 0.24417 0.17115 6.03474 12.63870 8.07180 13.84000 14.55670 7.04116 2.25905 0.27764 0.49492 0.92732 5.50970 8.60318 16.30160 33.61030 41.35810 60.59640 80.10330 106.57500 128.76199 136.16000 126.67100 108.04700 93.84270 81.05660 73.60810 61.08180 68.58380 52.79550 47.39450 36.55550 41.30870 39.89970 33.34110 31.94370 30.91720 29.94220 27.26480 25.85670 22.83630 22.31950 24.17980 22.30680 21.95230 20.36200 20.19370 23.88260 32.46570 31.77380 34.42100 35.72650 35.18370 37.11410 40.65140
65.52220 40.90500 25.07710 24.60870 22.71090 23.25590 66.97260 145.76601 144.27600 109.99800 92.81410 44.55740 64.85600 63.16120 66.33930 130.22600 120.28300 51.59270 18.87500 2.42477 2.10442 1.43808 2.29916 11.34860 8.20763 0.55203 1.01186 0.22866 0.66299 1.07258 14.45950 15.98170 28.75850 40.57590 55.97080 69.50980 96.19270 110.29800 143.75500 151.55000 135.15199 126.43600 105.59500 91.58910 75.38710 70.36620 73.00170 57.35260 46.85560 31.70700 33.30620 36.04370 31.87480 33.61770 36.57960 39.39200 38.16800 32.85200 27.81820 20.33160 18.48240 19.41760 19.74240 21.69010 22.54930 23.28430 21.27740 25.25160 26.43810 25.36150 25.55380 27.47310 25.48500
108.81000 176.84700 144.42000 75.42450 53.16150 28.39520 48.57780 176.63800 -9999 -9999 1306.16003 208.74600 137.81100 138.07001 124.26600 180.23199 147.05701 71.10190 18.71810 3.84038 15.91810 25.49200 8.14355 8.19109 3.83092 0.54366 1.24583 0.19399 0.61700 0.93267 5.15658 20.09970 27.14300 40.08760 45.43680 61.05430 65.97760 93.44740 124.78600 141.38800 134.75999 104.36500 82.78610 76.72870 65.14850 64.67360 65.83850 48.89680 32.59040 34.93450 30.02030 31.62560 24.77580 25.62070 23.15470 23.95940 21.99030 21.53830 17.58080 15.33110 14.39620 14.58730 14.59180 17.83090 18.92840 20.98260 18.41160 21.55990 20.53050 20.69350 24.25070 23.72050 24.54640
-9999 -9999 -9999 402.10501 301.74100 148.64101 135.30901 113.41500 116.95200 102.54400 58.95840 141.55800 -9999 -9999 -9999 -9999 302.99100 167.61600 106.49100 73.72580 54.79990 41.78960 44.75720 33.32360 20.21850 10.47340 0.25176 0.29697 0.93502 10.14090 20.30510 22.68500 29.53200 42.19690 55.13410 58.84110 64.47200 61.38880 95.77610 96.37400 106.05400 89.80040 72.42700 63.42050 64.16890 56.16800 52.26350 47.84360 29.12810 28.20220 21.30970 21.88510 23.91830 25.57410 22.38350 19.42160 17.22420 15.71090 12.71030 11.63010 12.25380 12.26330 14.14160 16.29770 16.60960 18.51230 19.93880 18.75760 13.14120 18.06360 21.05720 22.32790 23.49360
