data/hydroclimate-scenarios/1948-2000.Pcorr55N_Pref_Tref/monthly_summaries/swe_monthly_day1_may.asc
ncols	311
nrows	91
xllcenter	102.75
yllcenter	31.75
cellsize	0.5
NODATA_value	-9999
[rows 0 to 31 of 91, columns 216 to 287 of 311]
-9999 -9999 -9999 -9999 -9999 -9999 -9999 -9999 -9999 -9999 -9999 -9999 -9999 -9999 -9999 -9999 -9999 -9999 -9999 -9999 -9999 -9999 -9999 -9999 -9999 -9999 -9999 -9999 -9999 -9999 -9999 -9999 -9999 -9999 -9999 -9999 -9999 -9999 -9999 -9999 -9999 -9999 -9999 -9999 -9999 -9999 -9999 -9999 -9999 -9999 -9999 -9999 -9999 -9999 -9999 -9999 -9999 -9999 -9999 -9999 -9999 -9999 -9999 -9999 -9999 -9999 -9999 -9999 -9999 -9999 -9999 -9999
-9999 -9999 -9999 -9999 -9999 -9999 -9999 -9999 -9999 -9999 -9999 -9999 -9999 -9999 -9999 -9999 -9999 -9999 -9999 -9999 -9999 -9999 -9999 -9999 -9999 -9999 -9999 -9999 -9999 -9999 -9999 -9999 -9999 -9999 -9999 -9999 -9999 -9999 -9999 -9999 -9999 -9999 -9999 -9999 -9999 -9999 -9999 -9999 -9999 -9999 -9999 -9999 -9999 -9999 -9999 -9999 -9999 -9999 -9999 -9999 -9999 -9999 -9999 -9999 -9999 -9999 -9999 -9999 -9999 -9999 -9999 -9999
-9999 -9999 -9999 -9999 -9999 -9999 -9999 -9999 -9999 -9999 -9999 -9999 -9999 -9999 -9999 -9999 -9999 -9999 -9999 -9999 -9999 -9999 -9999 -9999 -9999 -9999 -9999 -9999 -9999 -9999 -9999 -9999 -9999 -9999 -9999 -9999 -9999 -9999 -9999 -9999 -9999 -9999 -9999 -9999 -9999 -9999 -9999 -9999 -9999 -9999 -9999 -9999 -9999 -9999 -9999 -9999 -9999 -9999 -9999 -9999 -9999 -9999 -9999 -9999 -9999 -9999 -9999 -9999 -9999 -9999 -9999 -9999
-9999 -9999 -9999 -9999 -9999 -9999 -9999 -9999 -9999 -9999 -9999 -9999 -9999 -9999 -9999 -9999 -9999 -9999 -9999 -9999 -9999 -9999 -9999 -9999 -9999 -9999 -9999 -9999 -9999 -9999 -9999 -9999 -9999 -9999 -9999 -9999 -9999 -9999 -9999 -9999 -9999 -9999 -9999 -9999 -9999 -9999 -9999 -9999 -9999 -9999 -9999 -9999 -9999 -9999 -9999 -9999 -9999 -9999 -9999 -9999 -9999 -9999 -9999 -9999 -9999 -9999 -9999 -9999 -9999 -9999 -9999 -9999
-9999 -9999 -9999 -9999 -9999 -9999 -9999 -9999 -9999 -9999 -9999 -9999 -9999 -9999 -9999 -9999 -9999 -9999 -9999 -9999 -9999 -9999 -9999 -9999 -9999 -9999 -9999 -9999 -9999 -9999 -9999 -9999 -9999 -9999 -9999 -9999 -9999 -9999 -9999 -9999 -9999 -9999 -9999 -9999 -9999 -9999 -9999 -9999 -9999 -9999 -9999 -9999 -9999 -9999 -9999 -9999 -9999 -9999 -9999 -9999 -9999 -9999 -9999 -9999 -9999 -9999 -9999 -9999 -9999 -9999 -9999 -9999
-9999 -9999 -9999 -9999 -9999 -9999 -9999 -9999 -9999 -9999 -9999 -9999 -9999 -9999 -9999 -9999 -9999 -9999 -9999 -9999 -9999 -9999 -9999 -9999 -9999 -9999 -9999 -9999 -9999 -9999 -9999 -9999 -9999 -9999 -9999 -9999 -9999 -9999 -9999 -9999 -9999 -9999 -9999 -9999 -9999 -9999 -9999 -9999 -9999 -9999 -9999 -9999 -9999 -9999 -9999 -9999 -9999 -9999 -9999 -9999 -9999 -9999 -9999 -9999 -9999 -9999 -9999 -9999 -9999 -9999 -9999 -9999
-9999 -9999 -9999 -9999 -9999 -9999 -9999 -9999 -9999 -9999 -9999 -9999 -9999 -9999 -9999 -9999 -9999 -9999 -9999 -9999 -9999 -9999 -9999 -9999 -9999 -9999 -9999 -9999 -9999 -9999 -9999 -9999 -9999 -9999 -9999 -9999 -9999 -9999 -9999 -9999 -9999 -9999 -9999 -9999 -9999 -9999 -9999 -9999 -9999 -9999 -9999 -9999 -9999 -9999 -9999 -9999 -9999 -9999 -9999 -9999 -9999 -9999 -9999 -9999 -9999 -9999 -9999 -9999 -9999 -9999 -9999 -9999
-9999 -9999 -9999 -9999 -9999 -9999 -9999 -9999 -9999 -9999 -9999 -9999 -9999 -9999 -9999 -9999 -9999 -9999 -9999 -9999 -9999 -9999 -9999 -9999 -9999 -9999 -9999 -9999 -9999 -9999 -9999 -9999 -9999 -9999 -9999 -9999 -9999 -9999 -9999 -9999 -9999 -9999 -9999 -9999 -9999 -9999 -9999 -9999 -9999 -9999 -9999 -9999 -9999 -9999 -9999 -9999 -9999 -9999 -9999 -9999 -9999 -9999 -9999 -9999 -9999 -9999 -9999 -9999 -9999 -9999 -9999 -9999
-9999 -9999 -9999 -9999 -9999 -9999 -9999 -9999 -9999 -9999 -9999 -9999 -9999 -9999 -9999 -9999 -9999 -9999 -9999 -9999 -9999 -9999 -9999 -9999 -9999 -9999 -9999 -9999 -9999 -9999 -9999 -9999 -9999 -9999 -9999 -9999 -9999 -9999 -9999 -9999 -9999 -9999 -9999 -9999 -9999 -9999 -9999 -9999 -9999 -9999 -9999 -9999 -9999 -9999 -9999 -9999 -9999 -9999 -9999 -9999 -9999 -9999 -9999 -9999 -9999 -9999 -9999 -9999 -9999 -9999 -9999 -9999
-9999 -9999 -9999 -9999 -9999 -9999 -9999 -9999 -9999 -9999 -9999 -9999 -9999 -9999 -9999 -9999 -9999 -9999 -9999 -9999 -9999 -9999 -9999 -9999 -9999 -9999 -9999 -9999 -9999 -9999 -9999 -9999 -9999 -9999 -9999 -9999 -9999 -9999 -9999 -9999 -9999 -9999 -9999 -9999 -9999 -9999 -9999 -9999 -9999 -9999 -9999 -9999 -9999 -9999 -9999 -9999 -9999 -9999 -9999 -9999 -9999 -9999 -9999 -9999 -9999 -9999 -9999 -9999 -9999 -9999 -9999 -9999
-9999 -9999 -9999 -9999 -9999 -9999 -9999 -9999 -9999 -9999 -9999 -9999 -9999 -9999 -9999 -9999 -9999 -9999 -9999 -9999 -9999 -9999 -9999 -9999 -9999 -9999 -9999 -9999 -9999 -9999 -9999 -9999 -9999 -9999 -9999 -9999 -9999 -9999 -9999 -9999 -9999 -9999 -9999 -9999 -9999 -9999 -9999 -9999 -9999 -9999 -9999 -9999 -9999 -9999 -9999 -9999 -9999 -9999 -9999 -9999 -9999 -9999 -9999 -9999 -9999 -9999 -9999 -9999 -9999 -9999 -9999 -9999
-9999 -9999 -9999 -9999 -9999 -9999 -9999 -9999 -9999 -9999 -9999 -9999 -9999 -9999 -9999 -9999 -9999 -9999 -9999 -9999 -9999 -9999 -9999 -9999 -9999 -9999 -9999 -9999 -9999 -9999 -9999 -9999 -9999 -9999 -9999 -9999 -9999 -9999 -9999 -9999 -9999 -9999 -9999 -9999 -9999 -9999 -9999 -9999 -9999 -9999 -9999 -9999 -9999 -9999 -9999 -9999 -9999 -9999 -9999 -9999 -9999 -9999 -9999 -9999 -9999 -9999 -9999 -9999 -9999 -9999 -9999 -9999
-9999 -9999 -9999 -9999 -9999 -9999 -9999 -9999 -9999 -9999 -9999 -9999 -9999 -9999 -9999 -9999 -9999 -9999 -9999 -9999 -9999 -9999 -9999 -9999 -9999 -9999 -9999 -9999 -9999 -9999 -9999 -9999 -9999 -9999 -9999 -9999 -9999 -9999 -9999 -9999 -9999 -9999 -9999 -9999 -9999 -9999 -9999 -9999 -9999 -9999 -9999 -9999 -9999 -9999 -9999 -9999 -9999 -9999 -9999 -9999 -9999 -9999 -9999 -9999 -9999 -9999 -9999 -9999 -9999 -9999 -9999 -9999
86.01730 71.05870 68.48600 -9999 -9999 -9999 -9999 -9999 -9999 -9999 -9999 -9999 -9999 -9999 -9999 -9999 -9999 -9999 -9999 -9999 -9999 -9999 -9999 -9999 -9999 -9999 -9999 -9999 -9999 -9999 -9999 -9999 -9999 -9999 -9999 -9999 -9999 -9999 -9999 -9999 -9999 -9999 -9999 -9999 57.99520 -9999 -9999 -9999 -9999 -9999 -9999 -9999 -9999 -9999 -9999 -9999 -9999 -9999 -9999 -9999 -9999 -9999 -9999 -9999 -9999 -9999 -9999 -9999 -9999 -9999 -9999 -9999
87.08290 88.79520 88.39580 72.75170 67.25580 48.75130 56.03200 21.99290 26.51040 25.37820 104.61200 100.21000 95.66440 87.86740 72.65710 407.04700 -9999 -9999 -9999 -9999 -9999 -9999 -9999 -9999 -9999 -9999 -9999 -9999 -9999 -9999 -9999 -9999 -9999 -9999 -9999 -9999 -9999 -9999 -9999 13.25600 28.21640 22.77010 10.04740 15.02820 34.06940 81.72750 -9999 -9999 -9999 78.90590 -9999 -9999 -9999 83.47250 107.11000 104.63600 -9999 -9999 -9999 -9999 -9999 -9999 -9999 -9999 -9999 -9999 -9999 -9999 -9999 -9999 -9999 -9999
89.08260 89.26230 90.37410 2.80364 0.25043 0.06594 0.44173 1.08756 2.69505 2.31726 4.13730 1.01226 2.07532 0.67670 0.29826 0.01421 0.00539 0.02919 2.67782 58.56000 115.98000 66.16180 -9999 -9999 -9999 -9999 -9999 85.41780 84.87940 93.28930 101.47700 103.96000 95.44070 85.90520 85.86240 80.67880 75.20960 68.25710 69.88750 12.03210 16.79550 14.76410 16.48290 23.02190 32.01900 97.51150 102.28400 107.42600 100.49200 97.24210 112.35500 111.60100 103.43700 118.53500 117.14200 87.10020 90.40590 100.53200 99.29920 103.60400 97.70720 -9999 -9999 -9999 -9999 -9999 -9999 -9999 -9999 -9999 -9999 -9999
66.59910 63.06390 19.42790 0.48664 1.77417 2.70535 2.76946 1.07791 5.74667 3.11573 4.21760 1.19625 0.62569 0.00508 0.00011 0.00000 0.00000 0.42538 2.26283 82.56050 26.38440 48.55990 68.14180 84.17440 107.14000 117.20400 109.56800 102.42100 100.11100 102.19700 120.98100 130.61501 115.52600 101.77900 105.99100 107.64900 99.96790 102.79700 103.60800 97.31430 99.86910 106.09500 101.62800 103.19300 104.02700 102.78500 101.75200 109.26000 106.50000 114.72800 120.94800 129.71500 149.42999 149.66299 148.87700 161.86800 162.93500 147.57300 162.37601 143.85800 134.96899 121.95300 108.06700 105.99600 104.93900 99.40080 103.66000 112.72700 114.35000 -9999 -9999 -9999
15.49990 12.13490 3.77119 0.79957 0.28011 0.77457 0.65195 1.33067 1.28334 0.58487 0.40565 0.06104 0.03156 0.00000 0.00000 0.92878 23.23160 33.54790 68.32130 172.76100 188.53101 68.88180 79.82820 72.40540 103.31700 124.23400 139.81100 150.29700 109.08300 113.19300 129.11900 151.44501 159.71201 156.78900 155.34801 142.73300 135.90300 127.09700 132.65800 118.56600 110.67600 112.48200 106.91900 102.01600 106.51200 114.00100 112.70200 115.32400 121.46100 126.83600 139.81799 147.22501 160.14600 168.44501 157.03101 160.61700 167.75101 176.20000 191.15401 151.19099 151.72900 137.70799 132.25101 127.93100 141.64900 157.09801 166.93201 176.70100 155.60001 -9999 107.63800 -9999
61.62980 25.51140 8.00972 7.06807 0.53545 0.35130 0.38168 1.14552 1.02536 0.37877 0.20781 0.00009 0.11451 16.21610 0.61900 0.62327 0.12900 73.63710 128.74699 183.00900 193.98399 94.28900 87.56220 108.16700 80.61510 82.02200 114.28100 203.07100 168.40100 162.43201 157.69600 166.04100 175.12500 176.89301 162.15401 149.58600 143.35899 132.38000 128.17400 121.74700 127.40300 128.58800 129.56300 136.20100 138.93900 142.16701 140.06700 144.31500 137.19701 134.31100 138.65800 150.70900 147.89500 143.46899 158.00999 171.36200 175.76300 175.81599 178.58000 154.74300 159.36099 158.66400 172.24200 179.77901 176.39600 169.00500 175.81599 181.39200 199.30499 197.51199 -9999 -9999
72.13650 68.77880 52.01010 33.99060 6.04265 28.68460 22.51620 23.23650 17.88430 26.53830 32.51470 31.36620 26.98880 17.43760 21.47530 182.67300 183.99400 114.90500 150.14400 117.81700 151.79700 68.14140 86.22020 117.15200 131.16200 162.92000 150.43800 244.74600 240.14200 207.60899 187.96500 172.41901 158.21400 152.42900 145.48599 148.70200 157.31100 139.79100 128.19200 148.45300 161.74200 151.66701 151.91000 156.90300 154.25700 154.36301 142.54601 150.80299 165.29401 149.08000 146.29700 153.93401 156.70399 165.18201 171.68700 172.61700 167.16400 161.60800 156.97200 160.85699 171.75400 179.80000 188.03101 198.82300 220.93800 236.06200 241.44299 235.83900 272.32800 268.20801 235.43800 -9999
123.67100 66.74750 44.92270 37.73340 21.33230 6.47198 5.74307 21.22160 27.53210 23.62140 28.75310 29.70990 33.34490 33.29530 35.76320 101.80500 59.07910 4.81645 11.64500 48.84350 38.31750 48.98210 86.06070 113.81300 138.25400 155.32201 178.64799 188.90401 225.47301 219.58900 198.76300 167.55099 148.71800 150.18700 157.90300 151.68800 151.46300 153.74200 136.06500 150.69400 147.91000 147.88300 147.25400 151.31900 159.28200 163.98399 165.51801 174.45000 164.02600 164.51100 165.84500 168.45700 170.53700 186.76700 166.87300 163.11900 151.41701 146.21600 143.12300 148.72501 159.96600 173.40100 185.72800 196.28400 217.42300 225.12100 234.69099 235.81799 237.20100 249.58900 250.05299 246.55800
36.77270 27.96160 27.63410 24.27940 22.32860 16.66260 20.13890 30.57580 31.60920 32.07420 42.77050 40.78610 23.57920 18.78220 16.57470 129.44701 118.15000 1.28023 0.36569 0.10805 5.60973 33.62650 89.44770 136.40700 162.95399 143.84801 170.18100 175.68300 223.45799 231.40900 211.48801 186.54300 169.11900 159.34700 145.18100 146.78101 150.35899 149.63300 134.71899 140.29401 140.09100 130.41000 140.35201 158.37300 162.15601 168.83900 169.36800 175.31300 169.53200 153.53200 154.06300 157.82201 151.81200 153.10899 165.45599 160.81000 157.08600 144.96001 145.89400 146.24800 152.03500 155.50800 143.69800 162.95100 182.25400 202.95300 224.98599 243.19600 230.18900 204.09700 199.74699 211.69600
55.73970 43.77820 35.52890 57.29570 45.03480 35.96930 48.33170 0.20373 17.95550 38.94260 64.23110 48.60920 31.85170 30.75830 26.85110 38.54880 79.25790 2.97940 0.40419 0.00837 6.44703 10.54230 47.91530 63.02770 82.62070 128.42900 158.39600 173.98399 176.49300 175.32700 181.27699 178.99800 181.34700 184.32700 181.90300 208.36800 197.80400 203.74400 187.15401 165.26300 157.77901 148.32600 178.81900 200.28300 230.13800 240.65900 233.40800 218.81799 209.66800 186.03900 178.82001 166.08000 177.70700 169.54201 171.67500 145.59000 140.83701 153.75800 138.93401 153.08299 157.04401 146.95799 154.39101 170.38000 180.42101 198.19800 211.07300 231.87500 235.19901 223.38000 208.59300 212.35800
34.54160 16.32900 21.24640 28.48640 22.40490 28.32480 0.23605 0.25911 0.22178 0.12504 0.07306 0.00582 0.00117 36.73820 33.96320 40.60340 87.36550 12.50200 0.38071 3.25239 10.16240 12.31690 15.56630 23.96320 34.42360 65.36770 103.67200 140.72099 156.39600 161.05000 147.54601 177.03700 151.02499 142.28500 176.94000 233.74899 212.32700 241.36800 268.32700 314.41800 320.14499 329.15302 321.62299 289.77802 256.24701 288.51700 264.60199 222.44501 180.40800 192.10500 172.64400 157.86200 170.87199 155.25999 128.58400 143.93401 172.04601 177.23599 147.18300 151.30901 166.40199 154.14500 161.97200 164.41299 172.68600 177.78600 186.27299 196.01700 217.53300 232.89400 231.13000 204.02800
25.21910 17.36480 14.09620 19.52610 24.20220 37.54640 31.42000 23.74600 0.05037 0.22844 0.27917 0.05788 0.01485 0.50339 0.33485 0.04149 120.83500 168.80800 3.26988 0.06847 0.10564 3.98240 4.20153 0.18516 7.18934 19.08170 28.24820 29.93330 45.93090 46.25190 65.02360 58.07830 84.95290 103.53800 103.40700 152.74300 187.83299 243.37601 267.77701 332.93399 340.46399 405.85101 470.67300 486.78299 404.63901 314.40601 247.21400 214.68201 165.28101 163.70599 190.20100 171.74600 151.18100 157.11900 163.35201 138.95399 148.24100 170.37000 190.25999 205.94000 192.91400 168.46100 151.47800 150.94200 159.78101 163.40401 162.75800 169.27100 178.69099 198.48399 217.77800 229.21400
18.98480 26.00880 25.91920 38.64800 25.33600 17.81270 16.30680 49.32020 63.26900 27.58920 24.55280 0.02548 0.01236 0.30272 0.27915 2.69851 12.31740 16.56140 67.45460 2.74707 22.50690 8.01183 2.57406 2.86940 3.82481 7.81675 42.54420 43.53050 62.64140 37.31970 50.91290 41.35570 67.73330 99.22840 114.31300 164.80099 215.09500 241.87601 300.24100 374.59100 428.89899 449.31500 472.65201 512.00201 491.13000 447.88901 360.75800 310.28299 246.36099 177.65199 244.25800 253.56100 190.00400 172.95200 171.15601 145.33800 158.58200 166.97501 195.84100 194.82899 173.03999 170.96400 178.59300 165.74800 149.83501 162.29401 159.87100 165.71201 174.67599 177.92000 195.88000 222.18500
78.97610 52.98210 133.66200 181.40601 181.10500 125.95800 112.23200 159.39600 183.10800 61.01580 13.08100 8.35438 4.95610 2.94960 6.18494 15.58030 7.56229 23.85380 21.09490 28.06160 51.60450 47.10090 61.76100 80.35580 86.52580 105.01900 143.06200 132.03400 76.71130 64.55660 76.80000 89.25350 106.71200 89.63110 126.62800 168.87300 226.59900 298.35800 352.70599 391.04199 480.86099 527.71399 565.93597 571.99298 589.21698 508.78400 417.53000 352.43100 322.40799 223.10100 186.87100 193.81500 223.02600 181.98900 172.96201 174.24400 172.45399 156.83800 182.36900 200.01199 207.17799 179.50000 160.00000 167.28900 158.68401 148.46899 149.03101 148.94299 163.40199 182.96600 185.20500 207.12500
201.85400 175.41400 155.04800 164.73000 262.28101 279.53799 312.48199 258.92599 260.94400 218.98100 167.68300 141.68900 37.54640 4.98756 3.82628 130.66200 160.67101 126.21500 143.16000 93.61480 119.92500 47.13670 54.52280 65.71260 96.53040 96.48820 104.14100 87.43790 44.75390 29.94410 39.84330 22.63190 53.15850 95.17340 143.92200 176.53000 225.42799 301.49600 394.07501 448.51999 512.70801 589.55499 626.10999 646.06897 646.79999 546.16699 457.46201 429.54700 367.39600 303.14600 250.12801 168.31900 206.74800 176.16800 168.84300 166.26601 180.89600 157.22099 174.22900 179.37500 155.06300 133.87000 135.90401 154.91600 165.09900 149.48801 132.46300 119.44000 132.62700 163.87900 188.17300 199.44600
228.20500 147.24699 142.50500 160.13000 65.83840 65.30460 75.58790 90.63450 95.16240 52.64320 73.61360 50.41390 59.20290 34.00170 1.30775 89.66330 163.90300 259.66000 297.50699 193.25301 101.09200 5.46042 1.18546 37.38810 48.73730 37.98450 49.81640 55.55140 25.86980 19.69970 6.96655 8.88795 40.93880 99.40610 136.92999 194.28600 267.27899 313.74799 392.43900 456.97000 536.23700 657.29303 687.49597 735.11902 715.65900 598.93799 603.65698 494.95999 410.94601 351.03101 267.68399 217.89799 138.98300 173.63200 173.22099 129.26700 124.04800 126.00300 125.42700 128.78999 132.32700 138.48900 150.04100 156.54800 165.11800 155.19800 122.99800 113.65800 111.76900 125.71800 154.49699 167.74001
389.38400 481.29800 300.04999 160.28999 95.92560 49.66830 38.02720 30.18310 27.43690 113.02300 344.91501 357.49100 254.17101 195.21300 65.89030 116.94300 166.93700 205.69000 466.01401 434.92599 201.17799 61.20340 15.50310 6.89162 7.46352 24.54210 30.44950 24.06950 6.13121 10.55420 0.35043 2.93313 30.64570 104.35400 149.95599 210.35899 278.58499 367.82199 432.25000 510.61899 622.42102 708.42499 792.61798 723.77301 721.03400 701.45398 664.31897 531.34100 471.86899 399.83899 337.13800 240.16100 118.34000 132.52800 161.00800 113.23900 146.20300 199.51500 259.72501 260.94400 256.41800 249.41299 209.86301 154.81700 147.90300 162.67101 142.38800 111.85500 101.71800 144.16800 139.75600 153.01300
188.84500 246.23700 161.73900 356.20099 638.66400 585.24500 239.85001 124.59400 51.40410 87.65130 267.85501 -9999 -9999 1743.82996 515.16498 424.31699 467.41599 465.24600 712.66302 604.55603 255.54601 93.45330 60.21320 62.32420 80.38610 33.06730 39.77990 12.37250 2.25487 0.54098 0.50309 2.42726 19.56730 78.50100 142.26300 201.13100 256.23901 307.10400 390.25400 410.96399 527.24103 631.88702 676.81201 721.25098 581.14600 459.45300 396.55899 332.17700 331.73001 334.81799 260.60501 213.09000 163.42400 124.39000 149.25800 95.38850 102.56500 105.15800 128.45500 137.72501 136.91701 127.98000 128.30299 129.21001 142.94800 150.10500 157.34599 148.53700 116.66200 101.34000 80.39410 90.01920
215.18100 770.14899 -9999 -9999 -9999 -9999 1619.96997 1341.80005 587.86298 491.20001 333.90900 265.90799 231.48700 94.70430 339.50201 -9999 -9999 -9999 -9999 1201.46997 775.79602 446.34698 322.36899 192.27699 152.04500 152.70000 126.04400 89.24260 32.13590 6.83538 9.71128 14.12800 60.01960 124.55900 174.91901 234.25900 280.67001 341.71100 403.34500 408.12399 384.08200 538.92902 528.00897 596.75500 504.99500 390.72400 370.39099 343.99600 292.71500 267.13599 229.25900 183.03900 117.91000 74.20550 78.38960 92.53290 105.97600 97.73050 87.17310 92.23780 91.03120 92.20790 101.23100 110.29000 109.30500 101.10600 108.17000 102.65300 69.57320 59.73330 52.67240 91.15740
