data/hydroclimate-scenarios/1948-2000.Pcorr55N_Pref_Tref/monthly_summaries/swe_monthly_day1_sep.1950-2000.asc
ncols	311
nrows	91
xllcenter	102.75
yllcenter	31.75
cellsize	0.5
NODATA_value	-9999
[rows 0 to 32 of 91, columns 73 to 145 of 311]
-9999 -9999 -9999 -9999 -9999 -9999 -9999 -9999 -9999 -9999 -9999 -9999 -9999 -9999 -9999 -9999 -9999 -9999 -9999 -9999 -9999 -9999 -9999 -9999 -9999 -9999 -9999 -9999 -9999 -9999 -9999 -9999 -9999 -9999 -9999 -9999 -9999 -9999 -9999 -9999 -9999 -9999 -9999 -9999 -9999 -9999 -9999 -9999 -9999 -9999 -9999 -9999 -9999 -9999 -9999 -9999 -9999 -9999 -9999 -9999 -9999 -9999 -9999 -9999 -9999 -9999 -9999 -9999 -9999 -9999 -9999 -9999 -9999
-9999 -9999 -9999 -9999 -9999 -9999 -9999 -9999 -9999 -9999 -9999 -9999 -9999 -9999 -9999 -9999 -9999 -9999 -9999 -9999 -9999 -9999 -9999 -9999 -9999 -9999 -9999 -9999 -9999 -9999 -9999 -9999 -9999 -9999 -9999 -9999 -9999 -9999 -9999 -9999 -9999 -9999 -9999 -9999 -9999 -9999 -9999 -9999 -9999 -9999 -9999 -9999 -9999 -9999 -9999 -9999 -9999 -9999 -9999 -9999 -9999 -9999 -9999 -9999 -9999 -9999 -9999 -9999 -9999 -9999 -9999 -9999 -9999
-9999 -9999 -9999 -9999 -9999 -9999 -9999 -9999 -9999 -9999 -9999 -9999 -9999 -9999 -9999 -9999 -9999 -9999 -9999 -9999 -9999 -9999 -9999 -9999 -9999 -9999 -9999 -9999 -9999 -9999 -9999 -9999 -9999 -9999 -9999 -9999 -9999 -9999 -9999 -9999 -9999 -9999 -9999 -9999 -9999 -9999 -9999 -9999 -9999 -9999 -9999 -9999 -9999 -9999 -9999 -9999 -9999 -9999 -9999 -9999 -9999 -9999 -9999 -9999 -9999 -9999 -9999 -9999 -9999 -9999 -9999 -9999 -9999
-9999 -9999 -9999 -9999 -9999 -9999 -9999 -9999 -9999 -9999 -9999 -9999 -9999 -9999 -9999 -9999 -9999 -9999 -9999 -9999 -9999 -9999 -9999 -9999 -9999 -9999 -9999 -9999 -9999 -9999 -9999 -9999 -9999 -9999 -9999 -9999 -9999 -9999 -9999 -9999 -9999 -9999 -9999 -9999 -9999 -9999 -9999 -9999 -9999 -9999 -9999 -9999 -9999 -9999 -9999 -9999 -9999 -9999 -9999 -9999 -9999 -9999 -9999 -9999 -9999 -9999 -9999 -9999 -9999 -9999 -9999 -9999 -9999
-9999 -9999 -9999 -9999 -9999 -9999 -9999 -9999 -9999 -9999 -9999 -9999 -9999 -9999 -9999 -9999 -9999 -9999 -9999 -9999 -9999 -9999 -9999 -9999 -9999 -9999 -9999 -9999 -9999 -9999 -9999 -9999 -9999 -9999 -9999 -9999 -9999 -9999 -9999 -9999 -9999 -9999 -9999 -9999 -9999 -9999 -9999 -9999 -9999 -9999 -9999 -9999 -9999 -9999 -9999 -9999 -9999 -9999 -9999 -9999 -9999 -9999 -9999 -9999 -9999 -9999 -9999 -9999 -9999 -9999 -9999 -9999 -9999
-9999 -9999 -9999 -9999 -9999 -9999 -9999 -9999 -9999 -9999 -9999 -9999 -9999 -9999 -9999 -9999 -9999 -9999 -9999 -9999 -9999 -9999 -9999 -9999 -9999 -9999 -9999 -9999 -9999 -9999 -9999 -9999 -9999 -9999 -9999 -9999 -9999 -9999 -9999 -9999 -9999 -9999 -9999 -9999 -9999 -9999 -9999 -9999 -9999 -9999 -9999 -9999 -9999 -9999 -9999 -9999 -9999 -9999 -9999 -9999 -9999 -9999 -9999 -9999 -9999 -9999 -9999 -9999 -9999 -9999 -9999 -9999 -9999
-9999 -9999 -9999 -9999 -9999 -9999 -9999 -9999 -9999 -9999 -9999 -9999 -9999 -9999 -9999 -9999 -9999 -9999 -9999 -9999 -9999 -9999 -9999 -9999 -9999 -9999 -9999 -9999 -9999 -9999 -9999 -9999 -9999 -9999 -9999 -9999 -9999 -9999 -9999 -9999 -9999 -9999 -9999 -9999 -9999 -9999 -9999 -9999 -9999 -9999 -9999 -9999 -9999 -9999 -9999 -9999 -9999 -9999 -9999 -9999 -9999 -9999 -9999 -9999 -9999 -9999 -9999 -9999 -9999 -9999 -9999 -9999 -9999
-9999 -9999 -9999 -9999 -9999 -9999 -9999 -9999 -9999 -9999 -9999 -9999 -9999 -9999 -9999 -9999 -9999 -9999 -9999 -9999 -9999 -9999 -9999 -9999 -9999 -9999 -9999 -9999 -9999 -9999 -9999 -9999 -9999 -9999 -9999 -9999 -9999 -9999 -9999 -9999 -9999 -9999 -9999 -9999 -9999 -9999 -9999 -9999 -9999 -9999 -9999 -9999 -9999 -9999 -9999 -9999 -9999 -9999 -9999 -9999 -9999 -9999 -9999 -9999 -9999 -9999 -9999 -9999 -9999 -9999 -9999 -9999 -9999
-9999 -9999 -9999 -9999 0.28910 -9999 -9999 -9999 -9999 -9999 -9999 -9999 -9999 -9999 -9999 -9999 -9999 -9999 -9999 -9999 -9999 -9999 -9999 -9999 -9999 -9999 -9999 -9999 -9999 -9999 -9999 -9999 -9999 -9999 -9999 -9999 -9999 -9999 -9999 -9999 -9999 -9999 -9999 -9999 -9999 -9999 -9999 -9999 -9999 -9999 -9999 -9999 -9999 -9999 -9999 -9999 -9999 -9999 -9999 -9999 -9999 -9999 -9999 -9999 -9999 -9999 -9999 -9999 -9999 -9999 -9999 -9999 -9999
0.12380 0.08229 0.13794 0.15693 0.26648 0.32010 0.15996 0.19462 0.23125 0.27500 0.20782 0.21378 0.17035 0.16808 0.17640 0.15502 0.13007 0.12688 0.08580 0.07164 -9999 -9999 -9999 -9999 -9999 -9999 -9999 -9999 -9999 -9999 -9999 -9999 -9999 -9999 -9999 -9999 -9999 -9999 -9999 -9999 -9999 -9999 -9999 -9999 -9999 -9999 -9999 -9999 -9999 -9999 -9999 -9999 -9999 -9999 -9999 -9999 -9999 -9999 -9999 -9999 -9999 -9999 -9999 -9999 -9999 -9999 -9999 -9999 -9999 -9999 -9999 -9999 -9999
-9999 -9999 0.00150 0.00180 0.00499 0.00668 0.13384 0.15176 0.11979 0.12224 0.11237 0.12140 0.19773 0.16891 0.24436 0.22815 0.25928 0.28792 0.26158 0.27869 -9999 -9999 -9999 -9999 -9999 -9999 -9999 -9999 -9999 -9999 -9999 -9999 -9999 -9999 -9999 -9999 -9999 -9999 -9999 -9999 -9999 -9999 -9999 -9999 -9999 -9999 -9999 -9999 -9999 -9999 -9999 -9999 -9999 -9999 -9999 -9999 -9999 -9999 -9999 -9999 -9999 -9999 -9999 -9999 -9999 -9999 -9999 -9999 -9999 -9999 -9999 -9999 -9999
0.31795 0.32581 0.00079 0.00075 0.00356 0.00397 0.10876 0.12791 0.05981 0.04534 0.06288 0.07753 0.16302 0.15499 0.22176 0.14988 0.15682 0.15990 0.20940 0.16415 0.13647 0.11789 0.14995 0.13582 0.18878 0.17216 -9999 -9999 -9999 -9999 -9999 -9999 -9999 -9999 -9999 -9999 -9999 -9999 -9999 -9999 -9999 -9999 -9999 -9999 -9999 -9999 -9999 -9999 -9999 -9999 -9999 -9999 -9999 -9999 -9999 -9999 -9999 -9999 -9999 -9999 -9999 -9999 -9999 -9999 -9999 -9999 -9999 -9999 -9999 -9999 -9999 -9999 -9999
0.19619 0.20716 0.01058 0.00000 0.00285 0.01312 0.02102 0.01965 0.08560 0.10229 0.01735 0.06970 0.18641 0.23840 0.43597 0.41864 0.26357 0.29901 0.29296 0.28653 0.28525 0.24439 0.21249 0.19170 0.00429 0.00368 0.13487 0.10576 0.00395 0.00338 0.00667 0.00549 0.04733 0.04625 0.07884 0.08331 0.01155 0.01159 0.06397 0.06067 0.06639 -9999 -9999 -9999 -9999 -9999 -9999 -9999 -9999 -9999 -9999 -9999 -9999 -9999 -9999 -9999 -9999 -9999 -9999 -9999 -9999 -9999 -9999 -9999 -9999 -9999 -9999 -9999 -9999 -9999 -9999 -9999 -9999
0.18427 0.19791 0.01582 0.01097 0.01273 0.00182 0.01747 0.01872 0.05464 0.06185 0.00902 0.01701 0.14967 0.15326 0.28941 0.30819 0.15188 0.17679 0.28542 0.34431 0.36045 0.27145 0.23430 0.16977 0.00395 0.00354 0.12398 0.13017 0.00379 0.00390 0.00539 0.00326 0.04281 0.04013 0.07092 0.06861 0.00661 0.01052 0.05259 0.05584 0.03108 0.02208 -9999 -9999 -9999 -9999 -9999 -9999 -9999 -9999 -9999 -9999 -9999 -9999 -9999 -9999 -9999 -9999 -9999 -9999 -9999 -9999 -9999 -9999 -9999 -9999 -9999 -9999 -9999 -9999 -9999 -9999 -9999
0.09154 0.15520 0.18032 0.17974 0.11805 0.10379 0.86022 0.66018 0.75690 0.56172 0.22978 0.22274 0.07002 0.11038 0.45325 0.50701 0.34829 0.48026 0.12795 0.13317 0.17997 0.16854 0.05327 0.24727 0.11878 0.09651 0.18811 0.21643 0.15474 0.13870 0.00311 0.00530 0.09455 0.09137 0.03651 0.05991 0.06045 0.08213 0.07846 0.09741 0.02431 0.01785 -9999 -9999 -9999 -9999 -9999 -9999 -9999 -9999 -9999 -9999 -9999 -9999 -9999 -9999 -9999 0.11238 0.07265 -9999 -9999 -9999 -9999 0.12292 0.23094 0.32702 0.35268 0.13368 0.09639 0.08056 0.10564 0.23126 0.15718
0.10228 0.13640 0.14391 0.10212 0.06972 0.08790 0.76222 0.85317 0.42794 0.24786 0.11945 0.10730 0.05256 0.06047 0.24451 0.25637 0.12892 0.14494 0.07237 0.10365 0.12570 0.05517 0.00565 0.00670 0.08862 0.08347 0.13780 0.11720 0.12256 0.10634 0.00250 0.00282 0.06974 0.05628 0.01590 0.02633 0.02033 0.01667 0.04166 0.04833 0.02417 0.01812 0.01571 0.01364 0.01272 0.01822 0.23661 0.27940 0.22801 0.27016 0.13043 0.11798 0.37916 0.39233 0.07250 0.06189 0.11779 0.11760 0.05916 -9999 -9999 -9999 -9999 -9999 0.10948 0.14965 0.21896 0.24248 0.25687 0.14951 0.56081 0.43898 0.20640
0.24083 0.40374 0.06797 0.02129 0.09069 0.08091 0.51664 0.45295 0.00816 0.01828 0.09364 0.01176 0.00022 0.00027 0.00483 0.00416 0.02077 0.02289 0.01720 0.01748 0.01618 0.00763 0.14909 0.13990 0.31243 0.30497 0.01116 0.00804 0.05917 0.05220 0.14620 0.16011 0.08578 0.05370 0.01943 0.01721 0.02254 0.02131 0.01573 0.01052 0.00414 0.01212 0.07723 0.07433 0.05111 0.06182 0.20910 0.32747 0.19388 0.15425 0.13556 0.23077 1.05057 0.58662 0.72117 0.77878 0.59826 0.45872 0.29407 0.32445 0.25880 0.20545 0.17224 0.18335 0.15369 0.15763 0.36378 0.45022 0.86349 0.77176 1.04865 1.65754 0.93365
0.10085 0.44298 0.17709 0.07112 0.12810 0.16348 0.24993 0.21700 0.00558 0.00372 0.00956 0.00775 0.00018 0.00009 0.00360 0.00342 0.01339 0.03382 0.00620 0.01813 0.01974 0.02130 0.09892 0.12488 0.25454 0.25362 0.00675 0.00345 0.01388 0.00636 0.09473 0.13310 0.06131 0.03966 0.01696 0.01893 0.01771 0.01286 0.01945 0.05105 0.00553 0.00303 0.04312 0.04672 0.04141 0.04575 0.05624 0.10489 0.15203 0.13550 0.11998 0.14376 0.49401 0.83810 0.90845 0.77672 0.62963 0.75191 0.43461 0.68129 0.42070 0.25451 0.18811 0.16349 0.16242 0.14089 0.30495 0.47440 1.09474 1.17229 1.44860 1.76061 0.79673
0.91947 0.20440 0.28361 0.15048 0.00816 0.07357 0.06240 0.02932 0.03758 0.03782 0.07641 0.06947 0.02374 0.01799 0.12041 0.12432 0.12014 0.21094 0.61691 0.53837 0.11855 0.08382 0.23164 0.20177 0.25714 0.24200 0.13572 0.12837 0.01171 0.00843 0.13348 0.11025 0.08867 0.09916 0.01360 0.02808 0.14022 0.15896 0.18493 0.17163 0.29786 0.30392 0.25822 0.16918 0.16812 0.19541 0.02538 0.03833 0.05975 0.05118 0.39203 0.40872 0.27115 0.23226 0.31694 0.43306 0.99716 1.22379 0.88611 1.13127 2.18324 1.44232 0.95475 0.78558 0.53484 0.55477 0.87705 1.04118 0.89184 0.90988 1.41739 1.76754 1.68042
1.15064 1.21964 0.40108 0.12999 0.00801 0.03560 0.11328 0.05555 0.54468 0.31347 0.23113 0.14608 0.04352 0.03918 0.11454 0.10929 0.10763 0.14333 0.55658 0.48943 0.08796 0.05603 0.15234 0.13622 0.21391 0.22885 0.05060 0.08065 0.00238 0.00213 0.15772 0.18611 0.11601 0.15862 0.00939 0.03368 0.19860 0.21096 0.24407 0.21202 0.22082 0.24526 0.25755 0.19207 0.31162 0.15879 0.02293 0.04804 0.04256 0.05250 0.37885 0.36493 0.25332 0.34040 0.46542 0.67471 0.97646 0.71766 0.54416 0.49927 1.06482 1.38807 1.58369 1.00550 1.13062 0.76727 0.97783 0.94535 0.62912 0.36311 0.54761 1.18920 1.13242
1.45172 1.86906 1.72367 0.43357 0.02124 0.00689 0.01869 0.01166 0.08990 0.43428 0.46968 0.54362 0.53396 0.32355 0.32193 0.23742 0.20408 0.21046 0.13101 0.14210 0.03329 0.04356 0.03023 0.02818 0.01940 0.02365 0.04891 0.04401 0.03019 0.06251 0.13807 0.13695 0.04987 0.14016 0.09803 0.18133 0.33534 0.29833 0.42490 0.47298 0.20071 0.19532 0.21035 0.13113 0.09586 0.08359 0.03948 0.02557 0.03142 0.04637 0.23510 0.24519 0.14853 0.17036 0.36486 0.61481 0.83656 1.53208 0.31105 0.21752 0.74868 0.64864 0.62051 0.62658 0.85136 0.99015 0.72532 0.61116 0.54110 0.36289 0.23569 0.40645 0.41432
1.46169 1.50563 1.45552 1.18510 0.50291 0.27741 0.15906 0.02736 0.04694 0.06429 0.15036 0.29609 0.84500 0.88772 1.01780 0.84126 0.44188 0.33936 0.17796 0.13840 0.03954 0.04281 0.02078 0.03485 0.02330 0.02422 0.03940 0.09655 0.03280 0.12398 0.24267 0.23615 0.20450 0.23337 0.15867 0.20001 0.35800 0.40057 0.47466 0.46997 0.21995 0.22530 0.16019 0.17027 0.22903 0.17661 0.15385 0.09684 0.18975 0.18135 0.40926 0.37817 0.19247 0.20047 0.60358 0.36646 0.76051 1.39945 0.17928 0.19755 0.69740 0.50290 0.50812 0.54621 0.82017 0.70749 0.47205 0.40033 0.32838 0.27386 0.17819 0.55443 0.27207
0.94941 1.06567 0.46891 0.66460 0.81766 0.62991 0.47832 0.24400 0.12734 0.14086 0.16296 0.15687 0.13548 0.14131 0.24112 0.55415 0.48710 0.41184 0.04564 0.01396 0.03759 0.02837 0.09175 0.10502 0.03469 0.06249 0.61585 0.58850 0.03730 0.05575 0.08787 0.03053 0.17033 0.05449 0.02052 0.05501 0.45700 0.38383 0.29339 0.18500 0.10319 0.17047 0.41729 0.46500 0.30735 0.17874 0.25073 0.37347 0.49129 0.32886 0.25644 0.47435 0.34515 0.44819 0.32133 0.48967 0.68340 0.48117 0.30782 0.23283 0.35638 0.34250 0.49253 0.31821 0.08038 0.07006 0.24532 0.16867 0.01861 0.02010 0.21503 0.29990 0.01206
0.58166 0.52070 0.54692 0.39806 0.67355 0.70633 0.64811 0.29541 0.08021 0.30648 0.58031 0.39827 0.66052 0.91809 0.84960 0.04719 0.35706 0.53299 0.29775 0.21741 0.18713 0.03735 0.05668 0.08621 0.02445 0.03124 0.59615 0.54172 0.06485 0.03889 0.02637 0.01868 0.03179 0.03586 0.02912 0.01027 0.24487 0.36971 0.81611 0.44694 0.17141 0.33817 0.06059 0.05349 0.10042 0.18238 0.29227 0.35402 0.45587 0.38370 0.17448 0.20782 0.30864 0.38628 0.33463 0.42777 0.46437 0.33590 0.19632 0.18407 0.31720 0.36189 0.16869 0.12186 0.00899 0.00144 0.10155 0.10423 0.02742 0.01968 0.17360 0.14467 0.00002
0.14438 0.06319 0.55658 0.53387 0.68397 0.81156 0.50712 0.51380 0.28958 0.35723 0.27902 0.24432 0.30514 0.32837 1.16232 1.16802 0.43632 0.29151 0.22931 0.20952 0.06080 0.04425 0.02372 0.00144 0.01087 0.00901 0.42682 0.43749 0.04427 0.03097 0.00158 0.00099 0.22640 0.22562 0.10983 0.11005 0.21990 0.27574 0.91872 0.94257 0.85519 0.81597 0.12232 0.09699 0.28041 0.44123 0.58556 0.82822 0.79248 0.57709 0.49409 0.77769 0.43298 0.32425 0.08906 0.04436 0.90446 0.46301 0.10572 0.11338 0.39103 0.22652 0.01211 0.00909 0.00745 0.01637 0.00160 0.00000 0.02794 0.02298 0.11130 0.13372 0.06234
0.22023 0.23444 0.48995 0.33002 0.41614 0.25878 0.29671 0.25762 0.28044 0.55673 0.32272 0.18246 0.15856 0.18158 0.45830 0.58675 0.78475 0.73822 0.22046 0.12928 0.01408 0.04378 0.05915 0.05619 0.01612 0.01819 0.44320 0.51070 0.03576 0.03385 0.00000 0.00000 0.22470 0.25488 0.11879 0.19040 0.24241 0.53961 1.44807 0.95804 0.84145 1.12334 0.65488 0.33179 0.33193 0.40516 0.41779 0.55772 0.70442 0.32666 0.23798 0.20317 0.04294 0.03553 0.01802 0.01494 0.18332 0.41984 0.06791 0.08006 0.35847 0.25889 0.02976 0.00899 0.00000 0.00673 0.00047 0.00027 0.03855 0.04043 0.10932 0.15939 0.08879
0.36714 0.33144 0.51266 0.43105 0.49676 0.40522 0.06890 0.21616 0.05103 0.08270 0.53844 0.38504 0.19412 0.19684 0.23199 0.49510 0.98054 0.86566 0.41137 0.31005 0.16392 0.04608 0.01218 0.01039 0.02497 0.00069 0.00022 0.00067 0.00000 0.00000 0.00000 0.01341 0.05587 0.01932 0.20228 0.35272 0.43473 0.34554 0.43255 0.56303 0.82605 0.56637 0.54932 0.45228 0.27122 0.29758 0.24254 0.34723 0.42524 0.48115 0.37682 0.36463 0.45707 0.32214 0.18106 0.07433 0.08295 0.03212 0.00260 0.00395 0.00680 0.00334 0.00593 0.00000 0.00000 0.00249 0.00020 0.01233 0.11402 0.06557 0.01235 0.02361 0.00000
0.34255 0.34212 0.47029 0.38676 0.63956 0.51129 0.14057 0.11816 0.01983 0.02474 0.34774 0.55510 0.31725 0.30821 0.41013 0.15764 0.50885 0.37679 0.78938 0.28623 0.18239 0.03201 0.00797 0.03477 0.25312 0.10312 0.00034 0.00030 0.00110 0.00000 0.00000 0.03988 0.08311 0.01373 0.20314 0.24637 0.69397 0.73719 0.34197 0.44561 0.52412 0.59811 0.46524 0.51547 0.19813 0.21915 0.27496 0.28662 0.35316 0.36708 0.19607 0.09280 0.17602 0.06705 0.07521 0.03626 0.01058 0.01346 0.00343 0.00330 0.00572 0.00394 0.11827 0.06375 0.05869 0.04236 0.00021 0.00000 0.00328 0.00803 0.01381 0.02645 0.04319
0.65684 0.69245 0.49151 0.89195 0.88912 0.49644 0.23852 0.21169 0.03621 0.05152 0.13705 0.16554 0.29249 0.24659 0.02359 0.02243 0.12749 0.12385 0.21710 0.43162 0.54231 0.26139 0.02112 0.00678 0.03901 0.04830 0.02403 0.02935 0.04787 0.05827 0.00065 0.01646 0.04545 0.06146 0.34698 0.50387 0.32286 0.47357 0.06736 0.06280 0.05866 0.01589 0.01887 0.00068 0.03289 0.00000 0.00000 0.00000 0.00282 0.00199 0.00146 0.00983 0.01383 0.01876 0.00000 0.00000 0.00000 0.00000 0.01663 0.01415 0.00885 0.02183 0.09827 0.05967 0.10744 0.07328 0.01443 0.00900 0.03165 0.01066 0.02333 0.02430 0.00228
0.55014 0.47326 0.48315 0.56687 1.52365 0.87092 0.44549 0.47284 0.36690 0.25970 0.18439 0.29976 0.24000 0.21202 0.08723 0.07031 0.09517 0.08516 0.21927 0.37918 0.97219 0.27015 0.02423 0.01628 0.15771 0.14415 0.24493 0.35472 0.10926 0.07655 0.01712 0.05953 0.09128 0.04572 0.44267 0.39845 0.27696 0.33534 0.05566 0.01415 0.01614 0.00144 0.00000 0.00000 0.00000 0.00000 0.00399 0.00008 -9999 -9999 0.00189 0.00778 0.00000 0.00025 0.00000 0.00000 0.00000 0.00000 0.01455 0.06409 0.04577 0.09070 0.04354 0.08651 0.23781 0.26489 0.03559 0.00346 0.03714 0.01898 0.00460 0.00800 0.00000
0.30086 0.38458 0.21821 0.14634 0.57051 0.23983 0.47521 0.69755 0.68494 0.52734 0.33807 0.34554 0.21751 0.13094 0.35615 0.23704 0.10776 0.17764 0.25369 0.16872 0.10973 0.14086 0.33841 0.07643 0.54744 0.35864 0.36393 0.34299 0.41737 0.13166 0.17754 0.32268 0.45557 0.46307 0.34603 0.14497 0.01267 -9999 -9999 -9999 -9999 0.00000 -9999 0.00033 0.00471 0.00859 0.00466 0.00000 -9999 -9999 0.00000 0.00000 0.00000 0.00000 0.00000 0.00000 0.00000 0.00271 0.00852 0.01225 0.02504 0.03899 0.08026 0.28528 0.29212 0.16396 0.02412 0.00049 0.00000 0.00000 -9999 -9999 -9999
0.26206 0.33462 0.10494 0.03807 0.19472 0.19168 0.15962 0.22203 0.16377 0.17950 0.33690 0.34587 0.17548 0.06079 0.24952 0.26487 0.24048 0.19166 0.43494 0.17190 0.15488 0.12202 0.06184 0.03660 0.50084 0.51479 0.43657 0.36941 0.41061 0.43421 0.37134 0.31098 0.72112 0.32276 0.07927 -9999 -9999 -9999 -9999 -9999 -9999 -9999 0.00000 0.00000 0.00000 -9999 -9999 -9999 -9999 -9999 0.00000 0.00000 0.00388 0.00000 0.01399 0.00350 0.00000 0.00252 0.00000 0.00000 0.00951 0.00675 0.02441 0.01956 0.00826 0.03391 0.00314 0.00000 -9999 -9999 -9999 -9999 -9999
0.22342 0.23889 0.02639 0.01591 0.00855 0.04096 0.01320 0.00075 0.00982 0.00976 0.02328 0.01054 0.03363 0.00953 0.05369 0.09221 0.03600 0.04213 0.04159 0.02970 0.02877 0.08110 0.14767 0.09166 0.26177 0.25481 0.34222 0.28652 0.52306 0.65392 0.21314 0.09655 0.05624 0.00861 -9999 -9999 -9999 -9999 -9999 -9999 -9999 -9999 -9999 0.00000 -9999 -9999 -9999 -9999 0.00000 0.00000 0.00000 0.00000 0.00000 0.00000 0.00000 0.00000 0.00271 0.00000 0.00000 0.00000 0.00000 0.00054 0.00052 0.00650 0.00008 -9999 -9999 -9999 -9999 -9999 -9999 -9999 -9999
