data/hydroclimate-scenarios/1948-2000.Pcorr55N_Pref_Tref/monthly_summaries/swe_monthly_day1_jan.asc
ncols	311
nrows	91
xllcenter	102.75
yllcenter	31.75
cellsize	0.5
NODATA_value	-9999
[rows 0 to 31 of 91, columns 213 to 283 of 311]
-9999 -9999 -9999 -9999 -9999 -9999 -9999 -9999 -9999 -9999 -9999 -9999 -9999 -9999 -9999 -9999 -9999 -9999 -9999 -9999 -9999 -9999 -9999 -9999 -9999 -9999 -9999 -9999 -9999 -9999 -9999 -9999 -9999 -9999 -9999 -9999 -9999 -9999 -9999 -9999 -9999 -9999 -9999 -9999 -9999 -9999 -9999 -9999 -9999 -9999 -9999 -9999 -9999 -9999 -9999 -9999 -9999 -9999 -9999 -9999 -9999 -9999 -9999 -9999 -9999 -9999 -9999 -9999 -9999 -9999 -9999
-9999 -9999 -9999 -9999 -9999 -9999 -9999 -9999 -9999 -9999 -9999 -9999 -9999 -9999 -9999 -9999 -9999 -9999 -9999 -9999 -9999 -9999 -9999 -9999 -9999 -9999 -9999 -9999 -9999 -9999 -9999 -9999 -9999 -9999 -9999 -9999 -9999 -9999 -9999 -9999 -9999 -9999 -9999 -9999 -9999 -9999 -9999 -9999 -9999 -9999 -9999 -9999 -9999 -9999 -9999 -9999 -9999 -9999 -9999 -9999 -9999 -9999 -9999 -9999 -9999 -9999 -9999 -9999 -9999 -9999 -9999
-9999 -9999 -9999 -9999 -9999 -9999 -9999 -9999 -9999 -9999 -9999 -9999 -9999 -9999 -9999 -9999 -9999 -9999 -9999 -9999 -9999 -9999 -9999 -9999 -9999 -9999 -9999 -9999 -9999 -9999 -9999 -9999 -9999 -9999 -9999 -9999 -9999 -9999 -9999 -9999 -9999 -9999 -9999 -9999 -9999 -9999 -9999 -9999 -9999 -9999 -9999 -9999 -9999 -9999 -9999 -9999 -9999 -9999 -9999 -9999 -9999 -9999 -9999 -9999 -9999 -9999 -9999 -9999 -9999 -9999 -9999
-9999 -9999 -9999 -9999 -9999 -9999 -9999 -9999 -9999 -9999 -9999 -9999 -9999 -9999 -9999 -9999 -9999 -9999 -9999 -9999 -9999 -9999 -9999 -9999 -9999 -9999 -9999 -9999 -9999 -9999 -9999 -9999 -9999 -9999 -9999 -9999 -9999 -9999 -9999 -9999 -9999 -9999 -9999 -9999 -9999 -9999 -9999 -9999 -9999 -9999 -9999 -9999 -9999 -9999 -9999 -9999 -9999 -9999 -9999 -9999 -9999 -9999 -9999 -9999 -9999 -9999 -9999 -9999 -9999 -9999 -9999
-9999 -9999 -9999 -9999 -9999 -9999 -9999 -9999 -9999 -9999 -9999 -9999 -9999 -9999 -9999 -9999 -9999 -9999 -9999 -9999 -9999 -9999 -9999 -9999 -9999 -9999 -9999 -9999 -9999 -9999 -9999 -9999 -9999 -9999 -9999 -9999 -9999 -9999 -9999 -9999 -9999 -9999 -9999 -9999 -9999 -9999 -9999 -9999 -9999 -9999 -9999 -9999 -9999 -9999 -9999 -9999 -9999 -9999 -9999 -9999 -9999 -9999 -9999 -9999 -9999 -9999 -9999 -9999 -9999 -9999 -9999
-9999 -9999 -9999 -9999 -9999 -9999 -9999 -9999 -9999 -9999 -9999 -9999 -9999 -9999 -9999 -9999 -9999 -9999 -9999 -9999 -9999 -9999 -9999 -9999 -9999 -9999 -9999 -9999 -9999 -9999 -9999 -9999 -9999 -9999 -9999 -9999 -9999 -9999 -9999 -9999 -9999 -9999 -9999 -9999 -9999 -9999 -9999 -9999 -9999 -9999 -9999 -9999 -9999 -9999 -9999 -9999 -9999 -9999 -9999 -9999 -9999 -9999 -9999 -9999 -9999 -9999 -9999 -9999 -9999 -9999 -9999
-9999 -9999 -9999 -9999 -9999 -9999 -9999 -9999 -9999 -9999 -9999 -9999 -9999 -9999 -9999 -9999 -9999 -9999 -9999 -9999 -9999 -9999 -9999 -9999 -9999 -9999 -9999 -9999 -9999 -9999 -9999 -9999 -9999 -9999 -9999 -9999 -9999 -9999 -9999 -9999 -9999 -9999 -9999 -9999 -9999 -9999 -9999 -9999 -9999 -9999 -9999 -9999 -9999 -9999 -9999 -9999 -9999 -9999 -9999 -9999 -9999 -9999 -9999 -9999 -9999 -9999 -9999 -9999 -9999 -9999 -9999
-9999 -9999 -9999 -9999 -9999 -9999 -9999 -9999 -9999 -9999 -9999 -9999 -9999 -9999 -9999 -9999 -9999 -9999 -9999 -9999 -9999 -9999 -9999 -9999 -9999 -9999 -9999 -9999 -9999 -9999 -9999 -9999 -9999 -9999 -9999 -9999 -9999 -9999 -9999 -9999 -9999 -9999 -9999 -9999 -9999 -9999 -9999 -9999 -9999 -9999 -9999 -9999 -9999 -9999 -9999 -9999 -9999 -9999 -9999 -9999 -9999 -9999 -9999 -9999 -9999 -9999 -9999 -9999 -9999 -9999 -9999
-9999 -9999 -9999 -9999 -9999 -9999 -9999 -9999 -9999 -9999 -9999 -9999 -9999 -9999 -9999 -9999 -9999 -9999 -9999 -9999 -9999 -9999 -9999 -9999 -9999 -9999 -9999 -9999 -9999 -9999 -9999 -9999 -9999 -9999 -9999 -9999 -9999 -9999 -9999 -9999 -9999 -9999 -9999 -9999 -9999 -9999 -9999 -9999 -9999 -9999 -9999 -9999 -9999 -9999 -9999 -9999 -9999 -9999 -9999 -9999 -9999 -9999 -9999 -9999 -9999 -9999 -9999 -9999 -9999 -9999 -9999
-9999 -9999 -9999 -9999 -9999 -9999 -9999 -9999 -9999 -9999 -9999 -9999 -9999 -9999 -9999 -9999 -9999 -9999 -9999 -9999 -9999 -9999 -9999 -9999 -9999 -9999 -9999 -9999 -9999 -9999 -9999 -9999 -9999 -9999 -9999 -9999 -9999 -9999 -9999 -9999 -9999 -9999 -9999 -9999 -9999 -9999 -9999 -9999 -9999 -9999 -9999 -9999 -9999 -9999 -9999 -9999 -9999 -9999 -9999 -9999 -9999 -9999 -9999 -9999 -9999 -9999 -9999 -9999 -9999 -9999 -9999
-9999 -9999 -9999 -9999 -9999 -9999 -9999 -9999 -9999 -9999 -9999 -9999 -9999 -9999 -9999 -9999 -9999 -9999 -9999 -9999 -9999 -9999 -9999 -9999 -9999 -9999 -9999 -9999 -9999 -9999 -9999 -9999 -9999 -9999 -9999 -9999 -9999 -9999 -9999 -9999 -9999 -9999 -9999 -9999 -9999 -9999 -9999 -9999 -9999 -9999 -9999 -9999 -9999 -9999 -9999 -9999 -9999 -9999 -9999 -9999 -9999 -9999 -9999 -9999 -9999 -9999 -9999 -9999 -9999 -9999 -9999
-9999 -9999 -9999 -9999 -9999 -9999 -9999 -9999 -9999 -9999 -9999 -9999 -9999 -9999 -9999 -9999 -9999 -9999 -9999 -9999 -9999 -9999 -9999 -9999 -9999 -9999 -9999 -9999 -9999 -9999 -9999 -9999 -9999 -9999 -9999 -9999 -9999 -9999 -9999 -9999 -9999 -9999 -9999 -9999 -9999 -9999 -9999 -9999 -9999 -9999 -9999 -9999 -9999 -9999 -9999 -9999 -9999 -9999 -9999 -9999 -9999 -9999 -9999 -9999 -9999 -9999 -9999 -9999 -9999 -9999 -9999
-9999 -9999 -9999 -9999 -9999 -9999 -9999 -9999 -9999 -9999 -9999 -9999 -9999 -9999 -9999 -9999 -9999 -9999 -9999 -9999 -9999 -9999 -9999 -9999 -9999 -9999 -9999 -9999 -9999 -9999 -9999 -9999 -9999 -9999 -9999 -9999 -9999 -9999 -9999 -9999 -9999 -9999 -9999 -9999 -9999 -9999 -9999 -9999 -9999 -9999 -9999 -9999 -9999 -9999 -9999 -9999 -9999 -9999 -9999 -9999 -9999 -9999 -9999 -9999 -9999 -9999 -9999 -9999 -9999 -9999 -9999
55.91030 56.65550 56.55310 55.98950 56.46530 54.95860 -9999 -9999 -9999 -9999 -9999 -9999 -9999 -9999 -9999 -9999 -9999 -9999 -9999 -9999 -9999 -9999 -9999 -9999 -9999 -9999 -9999 -9999 -9999 -9999 -9999 -9999 -9999 -9999 -9999 -9999 -9999 -9999 -9999 -9999 -9999 -9999 -9999 -9999 -9999 -9999 -9999 43.52540 -9999 -9999 -9999 -9999 -9999 -9999 -9999 -9999 -9999 -9999 -9999 -9999 -9999 -9999 -9999 -9999 -9999 -9999 -9999 -9999 -9999 -9999 -9999
60.14200 59.22300 57.00310 56.22280 56.92190 56.96250 50.51840 47.37260 36.90770 39.58920 24.33260 28.28250 26.94580 64.65540 63.08810 60.69300 56.68690 48.45920 290.73599 -9999 -9999 -9999 -9999 -9999 -9999 -9999 -9999 -9999 -9999 -9999 -9999 -9999 -9999 -9999 -9999 -9999 -9999 -9999 -9999 -9999 -9999 -9999 10.37610 23.79750 15.82290 2.96512 3.67912 16.58290 54.29700 -9999 -9999 -9999 53.46580 -9999 -9999 -9999 58.75870 72.43010 71.35820 -9999 -9999 -9999 -9999 -9999 -9999 -9999 -9999 -9999 -9999 -9999 -9999
61.92990 59.03160 57.48370 58.03780 57.89640 59.29860 20.55300 0.00000 0.00000 0.00000 0.00000 0.03833 0.36298 1.38653 3.01481 0.39755 0.00000 0.00000 0.00000 0.00000 1.20200 4.71268 46.71960 90.27530 55.25070 -9999 -9999 -9999 -9999 -9999 62.31820 61.13240 65.66690 68.72890 69.33920 63.96250 58.41030 58.75530 56.08140 56.14570 52.29420 52.64140 2.34090 4.23784 1.34759 2.76850 2.76737 4.68867 59.69650 60.55980 65.41770 61.62320 60.22940 70.09120 69.20410 65.86510 72.64470 67.71540 42.30470 48.41700 61.61530 66.37430 67.54770 67.54970 -9999 -9999 -9999 -9999 -9999 -9999 -9999
67.33380 67.66920 67.86110 28.29100 29.69720 31.14400 0.00000 0.00000 0.00000 0.00000 0.00000 0.00000 0.18208 0.36732 0.07752 0.00000 0.00000 0.00000 0.00000 0.74827 4.42188 4.80861 61.48970 13.33200 35.65330 49.99410 63.40420 77.67960 82.41040 77.17500 71.80790 69.50660 68.45380 76.65550 80.84120 74.18510 64.81750 66.41070 68.62860 65.24810 65.39020 64.53880 60.03210 60.75840 61.06360 59.50880 55.32450 55.90290 57.76220 57.79270 62.59940 62.14440 66.89130 71.11540 75.32140 86.04670 88.12050 89.50440 100.16400 99.70950 91.94640 101.37800 86.05360 73.93480 70.45340 65.69860 68.29690 67.74670 64.97540 66.62490 68.37260
51.53040 18.76590 66.35490 0.13782 0.00000 0.20327 0.00000 0.00000 0.00000 0.00000 0.00000 0.00000 0.00000 0.00000 0.00000 0.00000 0.07274 2.84698 18.56620 24.86640 27.21180 46.65310 128.00999 131.98000 50.00950 53.08010 47.73400 59.24460 72.96250 81.65990 91.57370 73.01800 73.32650 82.24720 97.56620 99.27140 96.52480 91.95350 87.08300 82.94620 75.39250 77.38430 70.26300 66.45410 66.78650 64.45970 57.37260 59.86150 63.38180 62.16890 64.55930 69.65480 72.65240 79.64930 85.35920 91.79370 99.31170 94.69550 97.88270 100.71400 105.39100 115.02600 84.93500 86.04790 81.95910 82.39920 80.62360 86.18300 95.93800 100.04000 104.53500
58.75560 61.02020 36.71430 40.86910 39.52170 27.48870 28.71800 18.85820 19.18820 20.22550 19.05620 18.40980 12.91790 12.51880 0.00289 13.68270 31.12640 11.62460 15.44120 13.85060 51.57250 94.87880 127.59300 137.98500 65.77220 60.83730 66.52300 35.93830 33.66190 49.94890 115.31100 102.19100 94.92890 92.13910 96.64570 100.30300 101.31400 91.31740 85.44960 80.15060 75.46270 69.70030 69.68440 72.15990 71.24500 71.09090 71.52240 72.40540 75.03580 75.34980 77.34910 72.65230 73.38600 77.47060 85.53850 84.76330 83.41680 91.13420 100.70700 103.85200 107.32600 107.48500 83.79730 90.76830 93.29680 101.68100 105.32700 103.54100 100.73700 103.85000 105.06100
91.88500 106.79400 73.11850 55.57730 50.11740 45.42540 36.44880 22.98510 49.63420 45.37680 41.40630 40.08050 42.19590 41.91020 45.20140 44.23610 42.17950 48.27320 163.43900 143.43700 87.68960 99.23220 73.23880 97.50730 44.73250 56.68230 77.37470 84.66700 97.52390 71.12790 139.50000 141.77800 121.32500 112.28900 100.39100 91.61780 87.36000 83.89300 84.50460 86.50370 79.62400 72.32240 78.78850 86.75000 83.15810 81.89830 84.21520 83.20640 82.05240 77.09840 79.18700 84.58920 82.09590 82.12570 87.65290 91.11630 100.15700 99.34970 100.71900 99.61720 97.35600 97.07330 95.17470 101.42300 105.28200 111.24100 116.11300 129.62900 135.14400 138.60500 133.01900
96.91960 147.51500 141.04800 112.27100 82.21580 65.68440 61.14740 56.88090 41.39430 38.43090 36.34390 37.09670 40.03290 42.10430 49.30490 56.13430 60.47660 61.93390 106.41000 60.85900 12.75790 12.77110 37.20020 25.25070 29.61430 53.78840 71.51540 85.35070 94.24290 93.91020 98.25630 129.14400 126.28700 117.10800 102.77400 90.55650 89.71940 93.02400 89.10090 86.85680 84.85350 74.74360 83.49850 80.27420 80.05210 79.66560 77.98930 82.97760 86.91220 86.58500 88.01930 88.41860 91.27790 94.31400 96.15640 97.61160 109.35800 100.59200 101.44500 97.85790 94.96770 93.90190 93.12680 97.98910 105.27400 111.90800 115.21200 121.93300 126.00500 128.20100 130.48599
128.10100 118.41100 91.65200 53.60040 44.36890 46.10090 47.32880 48.58850 42.18040 41.79550 40.95550 42.75650 48.12010 53.41500 58.12150 58.36700 60.68590 59.85860 146.32001 110.44800 5.97732 0.16783 0.00000 4.34199 25.42610 62.18000 90.01170 95.90890 87.15530 95.58360 84.68960 122.67600 133.43900 125.03400 110.91600 103.44400 100.62900 95.60490 92.82410 91.37840 87.32440 78.52780 83.17170 80.10580 76.46160 81.01430 85.51280 84.86190 90.51440 91.08570 96.77910 98.25190 95.12370 94.79700 93.47890 93.08920 97.52390 103.83700 101.35100 104.12100 97.90600 97.64640 93.62070 96.89550 98.18400 92.44580 94.16970 99.91890 113.35000 128.00301 135.74100
125.29100 79.42770 67.01370 66.94430 61.87530 74.96150 108.86800 83.63160 67.16100 87.07830 44.74930 38.39530 59.08590 57.08600 69.73600 70.32730 72.22990 62.73430 80.35990 94.31380 7.02183 0.69096 0.10287 5.01254 7.36428 38.94830 52.37100 58.84410 82.52680 100.37900 101.47200 105.44200 107.57000 109.39500 102.37300 108.54400 109.06400 103.47600 116.41900 113.67500 116.66400 111.13400 102.50900 94.70590 87.16600 102.37900 108.61700 116.38100 122.68800 118.24800 115.08700 115.46600 104.66200 98.24250 95.76550 103.59500 99.75720 106.77800 95.07190 85.14810 90.15460 90.85180 94.80810 97.14830 92.75420 94.44770 95.71280 100.87800 112.20000 120.27100 132.09200
70.92680 71.17690 83.15630 64.97640 48.80850 67.57300 95.93360 97.91680 67.18670 37.37530 38.41250 38.28890 5.77170 31.03020 25.80200 23.11880 68.33570 69.72550 90.74020 101.32500 16.98970 0.36297 4.28427 7.73350 9.24640 14.07000 23.97520 27.94570 39.97910 61.98810 85.84240 103.01800 102.04900 83.94720 79.59700 63.19430 46.60750 62.20920 97.13910 96.82570 93.55690 114.82500 157.61800 161.89700 170.48300 165.51300 156.45599 136.71700 146.96800 137.59599 125.33200 107.23300 115.69000 107.70500 102.30400 107.08800 108.57000 101.10000 91.40310 95.00980 99.39270 89.38520 92.37070 93.44810 87.50220 92.27040 90.55050 95.61560 103.19400 109.61300 113.79700
58.96620 57.69250 60.28950 56.24580 53.33900 55.66880 50.60340 54.99460 73.96400 67.13330 32.32480 26.93680 4.54957 3.35702 1.41413 2.57191 0.00000 0.97134 1.26179 121.73900 169.57800 0.26014 0.00000 0.00000 0.02668 2.27292 0.00000 8.24263 12.60600 16.62520 11.27780 11.45010 17.20600 15.26940 10.87310 15.19480 15.95290 15.25560 32.28210 50.23420 55.64800 67.39350 118.05700 115.60400 141.39301 169.82500 187.92500 178.83501 166.14700 139.92400 122.45500 100.37000 103.14100 117.35600 114.12400 108.11700 101.06400 99.32440 88.01360 91.93300 98.12670 104.22400 110.13000 105.19500 95.31750 89.03550 85.68290 94.06500 95.91310 99.08890 99.36560
52.83940 55.17810 59.34160 58.05870 64.17530 63.76590 65.29240 56.36940 51.88970 51.18210 61.31750 72.28840 46.61530 33.55580 9.09204 3.50081 1.51035 1.25054 9.86615 26.28100 24.84170 62.33820 2.29907 28.09730 11.97090 2.23580 2.04218 6.45668 10.38590 32.53230 32.59600 40.29630 22.25150 25.69660 13.29340 16.51440 31.51880 28.65650 48.32310 66.62850 68.98360 87.68030 156.09200 180.87801 185.03799 190.10699 209.43500 221.97701 225.44501 192.83200 167.92200 138.99800 114.26600 138.52800 144.82800 120.51200 114.07800 109.75500 99.77250 100.04600 99.46360 107.80800 109.24900 100.75800 103.94600 104.35500 93.45590 89.79210 97.28100 95.34570 97.44230
100.42100 111.14800 110.69400 105.00600 92.69250 135.09599 142.83400 151.74500 92.09450 122.73700 144.70599 148.96100 101.82700 58.99940 51.47010 54.67660 48.61790 48.42740 39.16520 15.84610 39.16790 23.63500 33.49040 50.55820 47.85130 56.69120 69.65660 62.70630 67.03310 94.81570 106.20600 68.67990 57.64980 57.28220 56.40340 67.35810 37.60110 52.62830 66.01600 91.66690 119.68900 154.09300 173.11600 212.29300 222.12900 254.30600 262.13599 253.81700 235.86501 213.25500 184.30701 170.16000 136.86099 118.48100 122.15600 131.28999 113.76100 111.26200 110.00400 104.96600 103.79100 104.39300 110.96900 111.65800 105.39100 104.25100 99.48770 94.69320 92.21440 96.32520 100.65300
-9999 276.78900 222.90700 158.55600 151.40401 143.21100 162.60899 210.44600 158.55800 177.28400 149.88300 115.02900 165.90100 149.29100 139.55099 70.53270 42.48510 40.60930 181.49001 156.10201 117.38100 105.83500 75.42000 101.63900 47.46600 55.99350 62.40040 84.43390 73.42270 84.33720 71.90450 39.92160 29.38360 43.15060 24.09060 31.59040 49.21470 68.33120 75.60510 97.87860 142.46899 182.33900 202.98100 253.84599 279.71500 291.66101 286.47900 285.11801 259.64999 233.67101 221.31200 191.03400 165.97301 144.13699 118.00000 129.33800 121.53000 115.79400 109.22400 116.58400 110.60200 109.58600 109.20900 102.67900 104.62200 106.22900 106.66900 105.28400 92.59710 93.01380 93.67150
515.14203 294.70599 240.37900 201.97701 143.37300 131.22900 140.19800 87.22630 85.80730 94.49420 103.44800 106.49900 76.01320 91.81700 93.97550 101.71800 77.65990 39.20730 213.38499 234.44200 236.10699 210.25900 130.64000 77.16390 14.75670 6.17508 50.71170 65.87740 56.68880 71.44640 73.54790 47.99370 34.09550 15.62550 16.79350 33.16910 59.09350 66.03870 88.46970 127.31900 142.14000 187.95799 223.12900 270.46500 316.35501 330.14899 333.06299 304.43100 258.29901 239.72800 211.90601 181.55701 188.20100 151.84300 139.70599 108.17200 119.68300 116.73600 101.86800 99.49810 98.73830 98.44100 99.97330 100.66500 104.95100 108.77100 115.73900 114.01900 109.16200 97.37280 95.21190
194.38200 144.14700 205.64500 274.53201 302.12100 215.64700 139.08800 94.64960 70.44800 73.87020 71.57970 69.14420 141.58200 261.65399 264.51199 214.14799 180.70500 104.66000 150.08400 163.51199 189.74200 364.39401 331.59399 158.88800 78.82720 40.97730 39.26870 30.23880 45.27120 59.07760 52.05010 31.40160 33.14310 13.60310 23.48870 33.76110 78.97130 87.04670 118.00300 149.18300 184.11900 215.99400 263.09601 290.63101 354.97800 381.39200 351.13400 336.12000 300.59201 273.31699 224.53400 210.44701 211.92900 173.45300 145.96400 105.95900 109.68000 116.81300 102.38600 109.09900 121.81800 140.91200 142.41100 141.17999 141.38800 118.67000 103.82700 105.42000 109.15000 108.10200 103.53700
155.88901 110.47900 117.61900 184.60500 199.21600 149.76601 286.72299 443.01501 381.80600 216.02600 162.29800 97.34470 134.31500 298.09799 -9999 -9999 1490.18005 382.90399 305.81900 329.97501 316.05301 459.62799 403.42001 204.00400 84.68180 59.97400 85.25120 107.48200 69.47660 63.52270 41.73510 26.74940 29.55090 24.72200 32.86710 47.71760 64.57310 94.26190 113.60200 148.32100 159.84700 196.02499 209.75999 270.45700 340.20700 368.65100 360.56000 286.42300 236.62601 225.53300 187.66000 187.23000 193.81799 149.44299 108.92500 119.15500 107.62300 107.63100 85.88400 88.11980 87.54920 96.30340 98.66810 101.28600 100.23500 98.48850 95.76750 100.26500 101.28200 109.19800 104.25500
112.91400 -9999 91.06780 205.69099 513.22198 -9999 -9999 -9999 -9999 975.18903 813.72101 463.23801 417.06201 337.74200 317.13000 289.92499 180.94200 307.68201 -9999 -9999 -9999 -9999 700.56000 481.00101 300.54800 242.95700 192.57401 155.28700 167.89101 133.09700 96.17100 61.71890 33.85220 37.41940 53.44520 74.08230 103.60800 106.45700 128.96001 157.09700 198.90900 205.35100 216.44400 209.55299 285.01099 277.81799 302.34601 262.95499 222.17400 196.79601 194.39000 168.55701 158.55701 147.68201 103.68900 105.84600 86.93510 86.24290 90.27840 94.08510 88.86160 84.20090 84.52120 87.00800 87.75310 90.63450 94.97090 91.94930 92.96350 97.07670 93.49130
