data/hydroclimate-scenarios/1948-2000.Pcorr55N_Pref_Tref/monthly_summaries/swe_monthly_day1_jun.asc
ncols	311
nrows	91
xllcenter	102.75
yllcenter	31.75
cellsize	0.5
NODATA_value	-9999
[rows 0 to 31 of 91, columns 73 to 145 of 311]
-9999 -9999 -9999 -9999 -9999 -9999 -9999 -9999 -9999 -9999 -9999 -9999 -9999 -9999 -9999 -9999 -9999 -9999 -9999 -9999 -9999 -9999 -9999 -9999 -9999 -9999 -9999 -9999 -9999 -9999 -9999 -9999 -9999 -9999 -9999 -9999 -9999 -9999 -9999 -9999 -9999 -9999 -9999 -9999 -9999 -9999 -9999 -9999 -9999 -9999 -9999 -9999 -9999 -9999 -9999 -9999 -9999 -9999 -9999 -9999 -9999 -9999 -9999 -9999 -9999 -9999 -9999 -9999 -9999 -9999 -9999 -9999 -9999
-9999 -9999 -9999 -9999 -9999 -9999 -9999 -9999 -9999 -9999 -9999 -9999 -9999 -9999 -9999 -9999 -9999 -9999 -9999 -9999 -9999 -9999 -9999 -9999 -9999 -9999 -9999 -9999 -9999 -9999 -9999 -9999 -9999 -9999 -9999 -9999 -9999 -9999 -9999 -9999 -9999 -9999 -9999 -9999 -9999 -9999 -9999 -9999 -9999 -9999 -9999 -9999 -9999 -9999 -9999 -9999 -9999 -9999 -9999 -9999 -9999 -9999 -9999 -9999 -9999 -9999 -9999 -9999 -9999 -9999 -9999 -9999 -9999
-9999 -9999 -9999 -9999 -9999 -9999 -9999 -9999 -9999 -9999 -9999 -9999 -9999 -9999 -9999 -9999 -9999 -9999 -9999 -9999 -9999 -9999 -9999 -9999 -9999 -9999 -9999 -9999 -9999 -9999 -9999 -9999 -9999 -9999 -9999 -9999 -9999 -9999 -9999 -9999 -9999 -9999 -9999 -9999 -9999 -9999 -9999 -9999 -9999 -9999 -9999 -9999 -9999 -9999 -9999 -9999 -9999 -9999 -9999 -9999 -9999 -9999 -9999 -9999 -9999 -9999 -9999 -9999 -9999 -9999 -9999 -9999 -9999
-9999 -9999 -9999 -9999 -9999 -9999 -9999 -9999 -9999 -9999 -9999 -9999 -9999 -9999 -9999 -9999 -9999 -9999 -9999 -9999 -9999 -9999 -9999 -9999 -9999 -9999 -9999 -9999 -9999 -9999 -9999 -9999 -9999 -9999 -9999 -9999 -9999 -9999 -9999 -9999 -9999 -9999 -9999 -9999 -9999 -9999 -9999 -9999 -9999 -9999 -9999 -9999 -9999 -9999 -9999 -9999 -9999 -9999 -9999 -9999 -9999 -9999 -9999 -9999 -9999 -9999 -9999 -9999 -9999 -9999 -9999 -9999 -9999
-9999 -9999 -9999 -9999 -9999 -9999 -9999 -9999 -9999 -9999 -9999 -9999 -9999 -9999 -9999 -9999 -9999 -9999 -9999 -9999 -9999 -9999 -9999 -9999 -9999 -9999 -9999 -9999 -9999 -9999 -9999 -9999 -9999 -9999 -9999 -9999 -9999 -9999 -9999 -9999 -9999 -9999 -9999 -9999 -9999 -9999 -9999 -9999 -9999 -9999 -9999 -9999 -9999 -9999 -9999 -9999 -9999 -9999 -9999 -9999 -9999 -9999 -9999 -9999 -9999 -9999 -9999 -9999 -9999 -9999 -9999 -9999 -9999
-9999 -9999 -9999 -9999 -9999 -9999 -9999 -9999 -9999 -9999 -9999 -9999 -9999 -9999 -9999 -9999 -9999 -9999 -9999 -9999 -9999 -9999 -9999 -9999 -9999 -9999 -9999 -9999 -9999 -9999 -9999 -9999 -9999 -9999 -9999 -9999 -9999 -9999 -9999 -9999 -9999 -9999 -9999 -9999 -9999 -9999 -9999 -9999 -9999 -9999 -9999 -9999 -9999 -9999 -9999 -9999 -9999 -9999 -9999 -9999 -9999 -9999 -9999 -9999 -9999 -9999 -9999 -9999 -9999 -9999 -9999 -9999 -9999
-9999 -9999 -9999 -9999 -9999 -9999 -9999 -9999 -9999 -9999 -9999 -9999 -9999 -9999 -9999 -9999 -9999 -9999 -9999 -9999 -9999 -9999 -9999 -9999 -9999 -9999 -9999 -9999 -9999 -9999 -9999 -9999 -9999 -9999 -9999 -9999 -9999 -9999 -9999 -9999 -9999 -9999 -9999 -9999 -9999 -9999 -9999 -9999 -9999 -9999 -9999 -9999 -9999 -9999 -9999 -9999 -9999 -9999 -9999 -9999 -9999 -9999 -9999 -9999 -9999 -9999 -9999 -9999 -9999 -9999 -9999 -9999 -9999
-9999 -9999 -9999 -9999 -9999 -9999 -9999 -9999 -9999 -9999 -9999 -9999 -9999 -9999 -9999 -9999 -9999 -9999 -9999 -9999 -9999 -9999 -9999 -9999 -9999 -9999 -9999 -9999 -9999 -9999 -9999 -9999 -9999 -9999 -9999 -9999 -9999 -9999 -9999 -9999 -9999 -9999 -9999 -9999 -9999 -9999 -9999 -9999 -9999 -9999 -9999 -9999 -9999 -9999 -9999 -9999 -9999 -9999 -9999 -9999 -9999 -9999 -9999 -9999 -9999 -9999 -9999 -9999 -9999 -9999 -9999 -9999 -9999
-9999 -9999 -9999 -9999 10.62650 -9999 -9999 -9999 -9999 -9999 -9999 -9999 -9999 -9999 -9999 -9999 -9999 -9999 -9999 -9999 -9999 -9999 -9999 -9999 -9999 -9999 -9999 -9999 -9999 -9999 -9999 -9999 -9999 -9999 -9999 -9999 -9999 -9999 -9999 -9999 -9999 -9999 -9999 -9999 -9999 -9999 -9999 -9999 -9999 -9999 -9999 -9999 -9999 -9999 -9999 -9999 -9999 -9999 -9999 -9999 -9999 -9999 -9999 -9999 -9999 -9999 -9999 -9999 -9999 -9999 -9999 -9999 -9999
39.08600 3.45930 2.69722 6.03189 6.93709 13.25560 16.04380 27.28420 43.14500 49.99920 60.91060 64.53780 73.66510 74.91830 80.32110 79.47630 73.11700 74.23590 64.02070 60.28740 -9999 -9999 -9999 -9999 -9999 -9999 -9999 -9999 -9999 -9999 -9999 -9999 -9999 -9999 -9999 -9999 -9999 -9999 -9999 -9999 -9999 -9999 -9999 -9999 -9999 -9999 -9999 -9999 -9999 -9999 -9999 -9999 -9999 -9999 -9999 -9999 -9999 -9999 -9999 -9999 -9999 -9999 -9999 -9999 -9999 -9999 -9999 -9999 -9999 -9999 -9999 -9999 -9999
-9999 -9999 2.58448 4.19879 7.86643 11.28660 23.39260 29.88820 35.89530 45.03250 59.60830 63.96780 70.23250 76.51640 78.59780 81.55980 75.34590 79.28700 78.88710 75.75440 -9999 -9999 -9999 -9999 -9999 -9999 -9999 -9999 -9999 -9999 -9999 -9999 -9999 -9999 -9999 -9999 -9999 -9999 -9999 -9999 -9999 -9999 -9999 -9999 -9999 -9999 -9999 -9999 -9999 -9999 -9999 -9999 -9999 -9999 -9999 -9999 -9999 -9999 -9999 -9999 -9999 -9999 -9999 -9999 -9999 -9999 -9999 -9999 -9999 -9999 -9999 -9999 -9999
1.22830 1.59956 1.65530 2.54453 5.50695 7.71775 16.78960 22.52600 29.13610 35.39460 45.33780 53.29120 66.40250 70.11290 73.34550 82.37260 74.05760 76.92570 75.92420 74.97820 52.51230 48.56150 45.26250 40.87530 40.64180 35.40530 -9999 -9999 -9999 -9999 -9999 -9999 -9999 -9999 -9999 -9999 -9999 -9999 -9999 -9999 -9999 -9999 -9999 -9999 -9999 -9999 -9999 -9999 -9999 -9999 -9999 -9999 -9999 -9999 -9999 -9999 -9999 -9999 -9999 -9999 -9999 -9999 -9999 -9999 -9999 -9999 -9999 -9999 -9999 -9999 -9999 -9999 -9999
0.16295 0.55168 1.31377 2.75954 4.78010 6.50215 12.42930 16.02730 13.94020 19.02660 34.47690 46.06960 50.47880 67.29380 66.10940 73.01910 71.76710 79.51220 75.70050 74.14300 69.58340 60.99370 55.03850 45.76790 50.21100 44.67730 36.96940 33.62090 25.58330 24.81440 21.89040 20.42150 9.32339 8.58057 11.30220 12.11400 6.13999 5.24572 6.27425 6.31853 6.41894 -9999 -9999 -9999 -9999 -9999 -9999 -9999 -9999 -9999 -9999 -9999 -9999 -9999 -9999 -9999 -9999 -9999 -9999 -9999 -9999 -9999 -9999 -9999 -9999 -9999 -9999 -9999 -9999 -9999 -9999 -9999 -9999
0.24136 0.45428 1.99601 2.04003 2.97601 4.40975 8.00542 11.49950 10.12030 13.21930 26.58380 34.46020 42.24950 51.70010 55.69090 66.26830 61.58440 69.96990 76.27620 76.43020 69.10470 63.39540 54.35220 44.72200 43.52900 41.41200 39.61080 40.41130 26.92960 24.28850 16.79730 14.67290 5.98542 5.26363 11.52830 10.03390 4.32362 4.03922 5.74608 5.58886 5.75988 5.48317 -9999 -9999 -9999 -9999 -9999 -9999 -9999 -9999 -9999 -9999 -9999 -9999 -9999 -9999 -9999 -9999 -9999 -9999 -9999 -9999 -9999 -9999 -9999 -9999 -9999 -9999 -9999 -9999 -9999 -9999 -9999
1.15366 4.01278 4.70884 4.71684 5.42195 5.88856 8.87259 7.65169 22.30350 23.11170 21.64130 24.53150 31.26970 36.91880 47.80850 53.33450 60.51660 67.08750 69.48820 69.81670 63.49300 59.00390 54.73060 62.26900 42.62770 32.29580 32.62300 31.20980 24.68970 20.66820 13.97480 14.22770 8.48050 7.97134 5.66647 4.42845 6.19630 5.66661 4.46934 4.03713 4.98110 4.73093 -9999 -9999 -9999 -9999 -9999 -9999 -9999 -9999 -9999 -9999 -9999 -9999 -9999 -9999 -9999 10.47710 17.42470 -9999 -9999 -9999 -9999 44.46310 69.04460 86.33510 76.42610 66.83520 68.30560 79.22820 80.05970 94.02430 101.54400
0.74389 2.22477 2.43816 1.94811 0.73479 2.88662 4.02070 5.72755 8.48148 11.91250 13.79460 22.92300 33.02290 27.65290 39.62540 39.70560 57.04650 56.86290 52.42380 54.40030 52.32610 50.68870 51.41950 39.85720 30.62080 26.42670 24.13700 19.97540 17.97330 15.79580 12.11850 9.67193 8.74642 14.03970 9.26476 4.47489 5.39358 8.06017 5.15316 2.32455 4.32274 4.22043 4.95136 5.86780 11.85490 8.10057 11.01420 16.20390 20.01770 24.47950 29.84740 29.11570 28.98140 30.22810 15.19160 14.30570 13.06750 15.65690 20.63850 -9999 -9999 -9999 -9999 -9999 56.57310 70.08900 79.29030 90.78940 101.05700 102.15100 115.45600 121.36800 126.80500
1.92128 7.44151 2.41325 0.50876 0.27317 0.31314 0.38163 0.62140 0.68650 3.54987 11.40330 16.98410 24.40300 26.88960 37.26770 48.53130 48.18070 37.93100 44.64070 46.83950 48.25570 48.32790 49.82150 46.98160 36.53670 36.05800 35.38490 44.14090 35.50980 32.76280 41.52860 30.43750 35.25870 43.82510 29.64770 35.72400 21.73430 25.68060 25.81220 25.15380 27.37160 21.66960 20.34510 19.61650 30.20430 24.12860 20.94330 27.12710 18.33650 24.70390 32.72300 42.43150 54.09200 38.68380 43.74930 46.13030 42.49850 35.30080 41.77880 47.43690 38.26790 34.33640 44.99120 49.32840 56.17720 62.73300 75.47490 92.04140 115.90500 122.27900 137.23700 151.66901 166.84100
0.50822 6.92518 10.11040 4.15449 0.45628 1.93144 0.03088 0.02586 0.29327 1.57393 5.38476 11.67120 17.65450 33.52800 29.12090 29.46130 45.00490 47.92660 44.72910 32.00030 31.33250 27.69940 42.13860 32.04700 32.35070 27.55720 42.71510 50.11880 49.47630 52.12970 48.80570 32.95200 31.77250 37.93490 28.15710 26.44840 21.81250 32.47910 26.82450 17.57250 17.47280 32.72530 36.90140 26.78850 23.22200 16.27010 22.31970 19.14560 25.23950 17.21630 33.27530 32.86100 40.89230 55.62930 54.41940 52.32070 53.46770 57.13120 55.84520 78.56590 66.14280 53.19650 51.17840 51.75700 53.39060 54.30120 67.91480 102.62300 135.55000 141.38300 159.47900 166.76801 162.06900
15.20820 0.89445 3.85882 1.11803 0.58877 3.71820 0.40521 0.01993 0.27886 1.16247 3.58099 8.36133 13.49760 18.82880 19.73810 20.92060 27.73180 48.08610 35.12050 27.06590 22.09180 19.28280 17.62300 21.47360 22.86030 31.07890 29.95500 28.63150 28.91480 29.84830 33.33640 35.48180 36.63830 33.73660 27.15910 19.05440 21.23890 25.58470 15.18270 13.12130 16.36970 26.80280 37.67430 27.79020 22.55290 16.70430 14.01970 18.63350 20.57920 22.00830 28.42430 28.82510 30.33610 30.76300 39.46140 55.70760 60.95910 69.83570 71.40200 84.69050 97.37940 94.46660 99.55660 96.47480 98.40310 102.27200 114.70100 129.62801 137.94299 148.83501 158.81599 178.25700 185.88300
19.64270 18.00540 6.92788 0.32631 0.79262 4.24792 1.07605 0.36926 7.19120 7.90635 8.96219 5.57859 6.37040 7.54221 7.85825 13.16380 22.15230 23.56060 29.47130 19.67780 16.88630 13.78400 11.83300 10.37060 18.58530 11.47830 32.03670 25.57180 22.05850 32.81250 31.89160 21.11870 13.53310 16.20640 13.59830 14.36920 7.99495 11.10160 13.10590 11.15510 8.29953 11.05240 22.91750 25.11430 19.42600 34.14350 24.19290 26.85440 34.59490 32.14350 31.06930 31.15010 39.49870 49.88160 62.05650 77.84810 65.52910 56.77470 54.48330 57.27540 76.64280 105.96100 122.08400 122.77000 138.85699 129.82600 129.09300 137.81400 140.10201 121.51500 139.31500 171.92599 187.86900
20.11740 28.82860 34.44840 5.76787 1.61914 0.36228 0.14622 0.48795 2.06840 10.58830 29.25940 23.36660 26.08070 15.25710 6.78221 5.90580 10.27530 11.78170 17.73420 18.20260 20.58360 12.78090 8.31469 11.38460 11.23620 5.48329 16.49720 19.83720 22.77280 19.71830 21.27390 20.41730 14.64520 19.43580 13.17340 22.27360 14.46890 13.51580 19.01360 21.98080 18.24900 18.92940 21.28830 24.01260 30.07460 27.59650 19.95160 27.10640 24.41650 25.75100 34.43520 33.45060 33.94060 44.16130 71.41670 83.85070 75.20200 101.30500 101.08200 98.57070 93.80430 98.45090 105.48500 111.84800 123.85200 140.75301 129.11400 133.30400 135.93201 125.71500 130.39999 164.59300 196.54201
18.37780 15.52800 32.54740 26.84920 25.80440 18.09150 4.51628 1.98138 0.50135 2.76743 12.16450 23.22800 32.48220 34.30990 31.77740 27.00810 16.08890 16.71300 14.96700 19.27960 17.09770 16.68410 14.15750 12.70620 2.87896 3.15481 18.00360 17.80170 13.60620 26.50260 30.71190 30.34210 23.25960 23.87680 16.63490 21.53390 16.57760 18.13820 21.18920 24.77110 17.30580 22.69600 20.93390 24.57360 27.19200 26.47450 24.25130 27.98770 42.35290 42.25630 55.19340 60.55030 66.87990 71.06920 101.68500 85.10130 87.94720 110.43000 101.64300 108.02500 107.91000 89.76330 110.57100 115.38700 134.50400 128.07001 115.79200 118.28600 109.04600 104.55900 126.05200 186.76801 193.16299
1.86718 6.72343 6.44021 8.72624 18.98480 12.24190 9.78665 5.54663 2.55512 7.80726 4.74715 3.04051 4.01061 6.36691 15.35950 31.44850 33.29320 31.71530 29.34590 27.55050 20.37970 17.89880 9.97898 9.16926 6.79036 10.51650 10.27220 7.99807 10.19140 10.91380 19.03890 14.20840 19.48770 9.69897 3.90837 7.09983 18.20470 15.80670 17.30780 13.73470 18.42570 22.27290 33.39670 41.74570 47.42650 39.40770 52.96300 77.56200 90.95410 88.53350 103.13600 119.50300 118.64500 132.42300 104.80300 120.94100 111.03500 100.50000 105.88800 104.01500 107.42100 110.46300 118.12000 103.92700 89.94650 85.65220 103.19900 133.05000 109.28600 97.14760 145.36800 184.77100 164.21500
0.68510 0.83886 10.40270 6.69336 13.88560 17.43570 12.41120 8.09958 2.50301 10.92730 13.21010 7.56657 19.39350 19.34360 22.01000 4.95793 19.99910 27.35790 41.37450 44.98540 40.42840 9.41784 6.18664 5.40585 8.46795 14.12710 8.50127 5.81816 9.78017 9.53579 12.02910 11.13840 6.17862 7.24634 5.11540 5.01533 14.62340 16.68230 39.30100 29.29820 22.55590 28.23460 18.30070 19.40070 34.59370 41.35390 64.13500 80.34390 96.40020 94.37840 97.73730 109.33000 133.86700 141.51700 127.23400 134.17400 115.76800 112.25600 90.32670 98.14990 106.22400 129.09700 85.85790 112.35700 113.68500 88.82030 78.33450 114.29900 92.08550 96.34750 120.51000 124.52100 148.22600
1.19659 1.12731 6.78910 7.17434 7.22327 10.99050 5.44143 6.90317 10.39780 6.08826 5.40251 3.05236 12.47330 17.34890 23.67760 34.93390 20.74760 12.46900 25.36050 32.11720 29.95010 26.41280 12.61910 7.02570 6.96100 5.63002 6.55319 2.26020 8.37531 7.47319 13.52210 12.98060 6.60617 5.66173 8.31386 10.90470 16.06060 20.83100 40.97550 41.97330 52.99040 49.60300 26.38800 24.39900 39.26410 50.38630 73.38940 98.74080 109.72400 95.93220 109.93200 136.62000 126.93000 128.31799 113.80700 107.19500 148.96500 132.05200 121.03600 107.95300 111.79300 89.53840 69.51150 108.09000 86.31470 79.24770 116.46500 107.21800 97.72930 123.43400 132.14500 131.63100 163.12700
7.00486 6.70793 9.38759 5.52307 4.89253 6.40918 5.47776 4.23535 4.21504 12.56690 9.72583 2.11160 2.72535 8.37680 17.69970 24.02270 27.00480 31.82710 26.18550 16.54340 12.96840 17.45270 20.57510 17.25830 4.60406 3.58658 3.29716 4.45419 4.30473 4.82401 8.83135 9.55547 6.36883 11.33550 13.74370 28.71760 22.08420 37.36860 69.72010 51.93410 57.59510 77.48160 64.93130 45.51070 46.08070 56.70470 63.25010 83.61030 101.03400 76.82150 84.10930 86.71470 79.44780 96.15170 92.59060 113.56500 117.14500 140.31700 108.34000 116.25600 109.43200 103.53200 83.89290 77.98150 72.94000 76.67380 93.47650 129.39900 134.82201 122.69300 124.36500 177.45399 197.36000
14.00970 13.45670 18.16220 14.59140 9.00227 6.39623 2.01497 1.66278 0.93138 2.73292 7.67868 7.38602 3.85477 4.36711 12.38440 22.50640 32.65810 36.85180 28.29150 27.36180 32.73380 25.75700 25.89360 25.20730 20.80150 13.15520 4.53982 8.65985 7.33196 3.92854 6.94234 15.25460 17.18250 7.34766 12.89670 27.23280 31.33370 28.05500 58.95630 67.46550 81.22540 70.24640 61.42480 56.55970 51.97000 61.65380 63.21850 81.55190 84.89880 92.66110 97.32200 110.92000 124.75600 133.61900 120.39400 90.86050 91.98560 79.71960 68.32770 84.79970 94.89130 90.46090 99.80510 91.75720 87.89710 92.73860 159.86900 189.26801 195.44901 191.57300 171.67700 204.96700 180.41901
15.85880 16.20700 17.30150 17.53790 12.23680 5.59731 3.36905 1.26618 0.21651 1.12008 4.30804 13.45870 9.24085 8.74817 15.22640 9.58453 18.98960 16.01610 42.39720 26.78450 24.54300 21.72300 21.51500 26.71320 36.60090 20.97510 5.40099 7.36742 21.56510 18.79480 12.68840 17.36040 25.60700 10.06650 15.38620 21.25160 44.65480 45.98940 64.66520 72.06570 75.00240 81.19400 61.09850 66.77980 41.68830 57.98190 79.34970 85.67640 87.28850 103.29700 105.76300 97.92160 125.93000 116.48300 109.54800 98.51130 86.92150 90.57390 82.23250 91.33200 100.93700 107.71200 171.69600 162.14000 160.21400 159.10800 190.96300 159.87801 179.68900 201.97600 199.06700 238.59700 278.15701
35.93910 29.65000 27.10490 36.96050 24.41790 20.42310 10.04200 7.22036 1.95944 7.44645 1.99664 4.53902 20.99460 16.90130 12.26130 11.51870 14.18560 14.44020 21.51420 37.91770 38.21100 26.05260 25.80660 18.17590 23.73630 19.17460 5.23363 14.30290 24.55150 27.02870 25.41160 20.89150 30.98010 34.07120 26.46400 48.29930 83.70800 100.31200 91.45120 91.36370 100.19600 66.57700 48.51310 39.52270 21.07510 16.26670 30.19830 33.24620 37.48030 43.74090 62.46580 90.02710 121.97800 134.66200 125.16200 101.31600 96.46590 89.11640 115.76900 123.08100 160.51401 216.77000 248.44400 239.62100 248.67999 262.76199 242.99200 228.38000 247.20900 254.33600 284.38199 293.06900 276.28201
36.22460 34.43540 28.07940 31.51020 51.16910 33.09560 22.02550 17.05560 14.68840 20.49470 9.84295 21.15610 23.85160 18.70450 23.69980 18.37070 9.51374 13.42110 28.89390 45.90070 65.32210 36.36670 27.62450 23.31000 36.65000 26.23230 17.50990 33.54300 25.58640 17.81940 34.40590 29.99180 49.66970 40.92380 47.02020 48.45810 88.09530 96.63810 88.46650 56.71270 68.71650 41.05070 19.36020 14.81650 15.03170 19.35640 51.00770 43.74350 -9999 -9999 58.21790 70.74400 67.59020 107.91300 115.85600 106.53000 101.81800 124.31000 158.15800 222.69200 252.58600 277.19199 277.42001 299.80701 304.07199 329.67999 295.62500 263.13800 287.75699 242.84500 299.32199 277.54800 233.74400
28.81210 35.61520 44.32130 39.47490 36.61250 32.05210 33.43080 32.05040 34.31160 39.08350 32.37280 35.31540 38.04910 30.48460 33.40530 27.87560 21.81590 33.71760 44.50960 39.98390 47.46980 59.30600 83.94490 57.46230 58.91320 37.47770 20.44360 30.11430 39.06990 21.82670 35.01550 45.31860 66.83300 72.32910 108.70500 58.96270 35.78940 -9999 -9999 -9999 -9999 4.33422 -9999 45.16250 74.88870 54.05080 61.78100 25.48210 -9999 -9999 74.01300 78.33470 78.00900 87.20800 85.28380 110.57100 143.55600 183.24100 183.95200 218.49001 252.96001 263.49600 262.57999 339.46799 332.02200 337.89899 275.15799 263.06799 265.22800 203.15601 -9999 -9999 -9999
29.73110 40.98110 44.06640 22.83930 44.41130 38.91380 17.25460 25.89410 22.20480 30.51410 47.70770 58.94920 49.66260 24.45770 31.78610 45.05240 51.72370 46.69000 72.24820 50.01450 60.94930 58.47170 75.82300 61.66970 62.93190 65.84660 34.15970 33.77510 50.57180 57.35100 71.98550 64.64880 102.82000 69.42610 62.02220 -9999 -9999 -9999 -9999 -9999 -9999 -9999 30.92250 43.58730 36.43120 -9999 -9999 -9999 -9999 -9999 41.43950 61.28740 133.76801 114.68500 160.80000 142.43201 136.31500 190.35001 137.40100 157.47800 205.94299 247.28101 231.20900 224.34700 273.89899 349.87299 287.17801 187.77499 -9999 -9999 -9999 -9999 -9999
