data/hydroclimate-scenarios/1948-2000.Pcorr55N_Pref_Tref/monthly_summaries/swe_monthly_day1_may.1950-2000.asc
ncols	311
nrows	91
xllcenter	102.75
yllcenter	31.75
cellsize	0.5
NODATA_value	-9999
[rows 0 to 31 of 91, columns 72 to 143 of 311]
-9999 -9999 -9999 -9999 -9999 -9999 -9999 -9999 -9999 -9999 -9999 -9999 -9999 -9999 -9999 -9999 -9999 -9999 -9999 -9999 -9999 -9999 -9999 -9999 -9999 -9999 -9999 -9999 -9999 -9999 -9999 -9999 -9999 -9999 -9999 -9999 -9999 -9999 -9999 -9999 -9999 -9999 -9999 -9999 -9999 -9999 -9999 -9999 -9999 -9999 -9999 -9999 -9999 -9999 -9999 -9999 -9999 -9999 -9999 -9999 -9999 -9999 -9999 -9999 -9999 -9999 -9999 -9999 -9999 -9999 -9999 -9999
-9999 -9999 -9999 -9999 -9999 -9999 -9999 -9999 -9999 -9999 -9999 -9999 -9999 -9999 -9999 -9999 -9999 -9999 -9999 -9999 -9999 -9999 -9999 -9999 -9999 -9999 -9999 -9999 -9999 -9999 -9999 -9999 -9999 -9999 -9999 -9999 -9999 -9999 -9999 -9999 -9999 -9999 -9999 -9999 -9999 -9999 -9999 -9999 -9999 -9999 -9999 -9999 -9999 -9999 -9999 -9999 -9999 -9999 -9999 -9999 -9999 -9999 -9999 -9999 -9999 -9999 -9999 -9999 -9999 -9999 -9999 -9999
-9999 -9999 -9999 -9999 -9999 -9999 -9999 -9999 -9999 -9999 -9999 -9999 -9999 -9999 -9999 -9999 -9999 -9999 -9999 -9999 -9999 -9999 -9999 -9999 -9999 -9999 -9999 -9999 -9999 -9999 -9999 -9999 -9999 -9999 -9999 -9999 -9999 -9999 -9999 -9999 -9999 -9999 -9999 -9999 -9999 -9999 -9999 -9999 -9999 -9999 -9999 -9999 -9999 -9999 -9999 -9999 -9999 -9999 -9999 -9999 -9999 -9999 -9999 -9999 -9999 -9999 -9999 -9999 -9999 -9999 -9999 -9999
-9999 -9999 -9999 -9999 -9999 -9999 -9999 -9999 -9999 -9999 -9999 -9999 -9999 -9999 -9999 -9999 -9999 -9999 -9999 -9999 -9999 -9999 -9999 -9999 -9999 -9999 -9999 -9999 -9999 -9999 -9999 -9999 -9999 -9999 -9999 -9999 -9999 -9999 -9999 -9999 -9999 -9999 -9999 -9999 -9999 -9999 -9999 -9999 -9999 -9999 -9999 -9999 -9999 -9999 -9999 -9999 -9999 -9999 -9999 -9999 -9999 -9999 -9999 -9999 -9999 -9999 -9999 -9999 -9999 -9999 -9999 -9999
-9999 -9999 -9999 -9999 -9999 -9999 -9999 -9999 -9999 -9999 -9999 -9999 -9999 -9999 -9999 -9999 -9999 -9999 -9999 -9999 -9999 -9999 -9999 -9999 -9999 -9999 -9999 -9999 -9999 -9999 -9999 -9999 -9999 -9999 -9999 -9999 -9999 -9999 -9999 -9999 -9999 -9999 -9999 -9999 -9999 -9999 -9999 -9999 -9999 -9999 -9999 -9999 -9999 -9999 -9999 -9999 -9999 -9999 -9999 -9999 -9999 -9999 -9999 -9999 -9999 -9999 -9999 -9999 -9999 -9999 -9999 -9999
-9999 -9999 -9999 -9999 -9999 -9999 -9999 -9999 -9999 -9999 -9999 -9999 -9999 -9999 -9999 -9999 -9999 -9999 -9999 -9999 -9999 -9999 -9999 -9999 -9999 -9999 -9999 -9999 -9999 -9999 -9999 -9999 -9999 -9999 -9999 -9999 -9999 -9999 -9999 -9999 -9999 -9999 -9999 -9999 -9999 -9999 -9999 -9999 -9999 -9999 -9999 -9999 -9999 -9999 -9999 -9999 -9999 -9999 -9999 -9999 -9999 -9999 -9999 -9999 -9999 -9999 -9999 -9999 -9999 -9999 -9999 -9999
-9999 -9999 -9999 -9999 -9999 -9999 -9999 -9999 -9999 -9999 -9999 -9999 -9999 -9999 -9999 -9999 -9999 -9999 -9999 -9999 -9999 -9999 -9999 -9999 -9999 -9999 -9999 -9999 -9999 -9999 -9999 -9999 -9999 -9999 -9999 -9999 -9999 -9999 -9999 -9999 -9999 -9999 -9999 -9999 -9999 -9999 -9999 -9999 -9999 -9999 -9999 -9999 -9999 -9999 -9999 -9999 -9999 -9999 -9999 -9999 -9999 -9999 -9999 -9999 -9999 -9999 -9999 -9999 -9999 -9999 -9999 -9999
-9999 -9999 -9999 -9999 -9999 -9999 -9999 -9999 -9999 -9999 -9999 -9999 -9999 -9999 -9999 -9999 -9999 -9999 -9999 -9999 -9999 -9999 -9999 -9999 -9999 -9999 -9999 -9999 -9999 -9999 -9999 -9999 -9999 -9999 -9999 -9999 -9999 -9999 -9999 -9999 -9999 -9999 -9999 -9999 -9999 -9999 -9999 -9999 -9999 -9999 -9999 -9999 -9999 -9999 -9999 -9999 -9999 -9999 -9999 -9999 -9999 -9999 -9999 -9999 -9999 -9999 -9999 -9999 -9999 -9999 -9999 -9999
-9999 -9999 -9999 -9999 -9999 72.86300 -9999 -9999 -9999 -9999 -9999 -9999 -9999 -9999 -9999 -9999 -9999 -9999 -9999 -9999 -9999 -9999 -9999 -9999 -9999 -9999 -9999 -9999 -9999 -9999 -9999 -9999 -9999 -9999 -9999 -9999 -9999 -9999 -9999 -9999 -9999 -9999 -9999 -9999 -9999 -9999 -9999 -9999 -9999 -9999 -9999 -9999 -9999 -9999 -9999 -9999 -9999 -9999 -9999 -9999 -9999 -9999 -9999 -9999 -9999 -9999 -9999 -9999 -9999 -9999 -9999 -9999
-9999 77.44540 62.42600 64.67760 70.31230 71.88660 81.45100 84.44440 93.64800 98.31380 101.57800 106.57200 109.14500 109.47700 108.44200 111.94500 111.98200 112.05800 112.37600 111.47800 108.88500 -9999 -9999 -9999 -9999 -9999 -9999 -9999 -9999 -9999 -9999 -9999 -9999 -9999 -9999 -9999 -9999 -9999 -9999 -9999 -9999 -9999 -9999 -9999 -9999 -9999 -9999 -9999 -9999 -9999 -9999 -9999 -9999 -9999 -9999 -9999 -9999 -9999 -9999 -9999 -9999 -9999 -9999 -9999 -9999 -9999 -9999 -9999 -9999 -9999 -9999 -9999
-9999 -9999 -9999 72.37110 77.10190 84.20490 85.91150 95.51260 98.57250 103.90600 109.16500 113.77200 115.79700 116.68900 119.30500 121.76600 121.11400 124.85200 126.43900 124.48700 122.81000 -9999 -9999 -9999 -9999 -9999 -9999 -9999 -9999 -9999 -9999 -9999 -9999 -9999 -9999 -9999 -9999 -9999 -9999 -9999 -9999 -9999 -9999 -9999 -9999 -9999 -9999 -9999 -9999 -9999 -9999 -9999 -9999 -9999 -9999 -9999 -9999 -9999 -9999 -9999 -9999 -9999 -9999 -9999 -9999 -9999 -9999 -9999 -9999 -9999 -9999 -9999
65.60970 65.96560 67.96780 72.92400 75.14140 82.92930 86.43180 92.45420 96.26760 104.16600 107.00800 109.96500 114.17500 118.66200 118.65600 121.87100 126.29200 126.29100 128.33900 127.32800 128.02901 120.33700 119.10800 116.89400 116.35300 111.46000 108.75000 -9999 -9999 -9999 -9999 -9999 -9999 -9999 -9999 -9999 -9999 -9999 -9999 -9999 -9999 -9999 -9999 -9999 -9999 -9999 -9999 -9999 -9999 -9999 -9999 -9999 -9999 -9999 -9999 -9999 -9999 -9999 -9999 -9999 -9999 -9999 -9999 -9999 -9999 -9999 -9999 -9999 -9999 -9999 -9999 -9999
67.89400 68.04930 68.53320 74.23610 81.72450 84.53350 90.22070 91.46570 97.15440 104.00700 106.56100 115.38500 120.83600 122.15900 129.61000 126.39400 127.51700 133.34200 137.51199 133.31799 131.01500 130.75500 128.75200 128.83900 122.09300 121.38400 116.74800 113.56200 109.91700 103.73200 103.23600 101.60300 99.94420 93.24660 91.78370 86.23950 86.27090 82.91750 80.13650 78.19000 78.13530 78.69880 -9999 -9999 -9999 -9999 -9999 -9999 -9999 -9999 -9999 -9999 -9999 -9999 -9999 -9999 -9999 -9999 -9999 -9999 -9999 -9999 -9999 -9999 -9999 -9999 -9999 -9999 -9999 -9999 -9999 -9999
65.24160 64.28380 66.09970 73.56160 77.52860 78.65470 83.68650 88.38890 93.96570 103.14500 107.23900 115.32100 120.16800 123.78300 127.43600 126.76100 130.14999 131.22301 136.74100 137.57500 133.31900 131.76801 130.02400 129.66499 126.94000 121.90700 121.52800 118.17700 117.31600 113.03200 112.26400 99.61280 95.54470 95.63150 93.44030 92.50290 88.77550 83.43310 81.42640 81.75610 80.08010 81.20430 80.18560 -9999 -9999 -9999 -9999 -9999 -9999 -9999 -9999 -9999 -9999 -9999 -9999 -9999 -9999 -9999 -9999 -9999 -9999 -9999 -9999 -9999 -9999 -9999 -9999 -9999 -9999 -9999 -9999 -9999
68.71110 64.16580 68.25480 69.66220 71.04700 78.96000 81.25530 89.74660 94.26230 102.69200 107.21500 115.08300 117.70100 124.59900 128.15601 127.42300 128.67500 128.85300 135.01100 133.01401 133.81500 132.52299 132.87000 129.08501 126.98600 127.31300 125.51700 123.84000 117.58600 112.94800 109.32400 107.45400 106.62600 101.52000 99.95950 97.58130 92.65000 93.74970 91.94710 90.02020 86.72690 85.49080 84.69650 -9999 -9999 -9999 -9999 -9999 -9999 -9999 -9999 -9999 -9999 -9999 -9999 -9999 -9999 -9999 82.06060 83.95450 -9999 -9999 -9999 -9999 98.29140 107.31500 113.65700 112.59500 115.43300 117.88100 127.47000 128.37801
63.02030 62.43700 64.05310 64.82340 66.97860 66.96060 73.97880 82.55100 86.31000 95.31230 102.49700 109.03900 117.65300 123.90000 122.20600 122.80300 123.48300 123.89600 125.88900 127.46000 129.41701 131.00301 127.11100 124.45100 124.49700 127.76000 127.87500 126.57700 122.66900 116.58900 112.53100 110.91000 107.17900 104.99100 104.71000 98.30830 94.56170 95.83520 95.25260 91.25530 88.13650 87.48390 87.02020 86.01290 85.70510 86.63210 86.37790 85.83010 87.29150 88.09720 87.17170 87.43970 88.71340 87.34000 87.56800 84.83660 86.82870 86.58600 89.31980 90.02870 -9999 -9999 -9999 -9999 -9999 112.40100 116.56000 120.47500 127.72900 134.93800 136.95300 144.86600
59.19210 61.88230 64.80760 63.19440 64.18500 66.38490 70.04720 74.00230 77.24160 82.44340 92.72800 107.28900 114.50700 116.43000 121.12900 123.14300 123.04800 123.39700 124.01600 124.02200 126.45300 121.89200 121.58800 123.17500 124.53700 125.15300 126.69700 124.97800 122.81600 120.92700 117.19500 116.78400 115.79700 113.59800 109.23800 104.26000 104.01800 103.68700 101.89700 99.97750 99.67440 98.28300 97.67900 97.80750 95.70780 94.71550 93.29380 94.13600 95.93100 96.38370 94.95320 96.89370 96.04590 98.68790 96.91370 94.90980 94.71630 94.64840 95.87900 97.95810 99.63980 103.98200 108.88000 112.26400 118.27200 122.63100 128.33299 135.38699 140.26801 148.38400 153.29100 157.70900
58.97470 58.17700 60.06830 64.24890 61.41660 62.82560 65.02340 67.09700 71.69610 74.94450 86.78250 99.83910 110.17000 112.29600 117.96500 116.97200 119.09700 118.37400 118.34600 118.56100 119.31700 118.90600 121.08200 122.33700 122.32500 124.01300 126.22600 125.73400 123.99400 122.60300 121.42700 118.75200 118.49900 114.19700 109.94900 108.04000 106.37600 104.37700 104.36000 103.17600 102.47100 103.04400 101.00700 101.06200 100.24400 98.71790 98.73690 98.49360 98.17240 99.45920 99.82920 99.18450 104.49600 104.01500 105.63600 101.37200 102.65900 102.13800 102.45700 100.77500 109.13300 110.72600 118.13600 120.66000 126.96200 128.69200 128.43401 136.16499 149.13499 158.12100 162.85699 171.80400
63.92280 59.40660 56.96590 57.56180 59.01380 60.76070 63.37080 66.91740 68.87030 74.56450 82.08600 90.12580 97.57010 101.12500 106.12900 108.98500 110.96100 110.34900 110.07300 114.23900 118.03300 116.63100 122.76100 123.86700 122.61500 123.87800 127.86400 130.39799 129.08200 129.09599 130.39600 125.32000 121.43000 116.94500 114.27400 110.85300 110.51500 107.98700 105.42300 105.01300 104.70400 106.93900 105.43400 104.92000 103.25400 104.07800 103.59400 104.20300 105.38400 103.37900 105.76500 106.69500 107.09600 105.86600 107.97200 109.17300 110.92400 109.43100 110.95300 109.04000 114.27300 116.74400 127.89700 137.07001 139.81599 143.24001 148.59900 153.32300 157.88699 161.99500 170.10100 174.12801
60.86830 59.97290 59.01690 57.25630 54.36970 54.93180 58.65920 61.42850 61.85250 73.10250 77.29350 81.73090 87.06560 92.68880 99.47330 100.95700 106.39500 107.86300 108.68600 112.83800 113.51800 118.07100 120.38200 124.33800 120.40700 122.02400 121.90400 125.26000 126.43400 128.08400 129.27800 122.33500 120.15400 117.56800 111.37300 111.16300 109.27200 108.73800 107.71600 106.05200 107.57200 107.07200 107.01800 106.19100 106.79000 104.65200 105.88100 106.50900 105.93900 108.71000 112.02700 112.85700 113.01600 113.17900 116.37200 115.55200 118.04000 114.57000 114.19700 113.62600 116.61900 121.57800 134.92000 139.22600 154.63000 157.97701 161.07800 165.44400 167.49500 172.87100 175.71500 183.35400
63.26310 63.34290 65.13150 64.66100 61.08070 57.38810 56.66780 61.53640 60.73970 66.95120 72.72390 78.93000 77.29930 89.57690 91.43000 89.73550 95.29250 99.97140 107.40900 108.45300 110.98500 117.09400 119.23000 121.16600 123.75700 130.26801 131.55299 131.58800 131.65700 132.17300 131.15800 127.50500 124.18200 121.95400 119.08200 113.85500 114.34000 111.47400 110.29000 112.29100 113.07600 112.03900 111.42200 107.91000 106.14300 106.18500 109.05600 108.33600 113.10800 111.56800 117.42700 118.63700 118.23200 119.62100 123.20900 123.97000 126.85600 126.48300 132.20799 131.82800 134.02499 137.67500 148.50400 153.63901 158.11800 161.23700 170.94099 172.31000 177.68401 181.11700 187.59399 189.60500
66.19420 59.67800 58.29040 66.25180 64.23740 63.50740 62.58320 63.58040 63.36980 61.53180 68.30130 72.38550 81.15750 85.80640 88.87620 87.99180 91.95600 95.88640 102.31800 106.98700 112.36100 116.23400 122.49400 127.89100 133.50301 138.45100 139.21899 140.46100 136.61099 136.36600 134.98599 126.91100 126.06700 122.12700 120.98800 116.95700 117.01300 115.83300 116.26500 117.08600 117.17300 114.25000 115.45200 114.39500 112.74200 114.42200 114.63200 115.93500 114.75900 119.30900 123.00200 125.28200 127.21800 131.82899 135.22400 137.82401 138.98100 141.99699 146.36501 145.03200 149.38300 158.17200 163.68100 170.51100 172.38699 172.68600 173.05200 176.82500 185.16000 185.99699 194.13400 200.70500
67.14800 57.32870 68.03550 57.51030 58.79990 61.34330 61.98360 62.67750 61.75460 62.75210 68.40100 69.65400 72.93770 76.75010 82.12060 86.19440 91.70350 94.31570 99.67020 105.11400 112.40700 115.63900 123.49000 131.98199 142.00800 140.00700 142.13300 145.60100 142.40300 138.54601 135.09900 129.33400 126.54300 122.94900 118.80900 115.09400 112.67000 116.36100 116.75700 118.00100 116.73800 117.05500 116.13800 114.90900 113.84800 117.62200 115.18100 119.37800 127.62200 127.82700 129.09200 132.91499 136.01500 138.33501 145.96400 147.86700 151.36700 154.94501 159.30200 165.78101 175.56700 178.28700 183.52000 185.60001 187.89600 184.64999 184.50400 187.86800 192.54500 198.48801 207.79401 218.60100
67.91930 63.90160 66.13980 67.03570 61.64550 59.60430 62.91560 64.37250 61.32370 63.16000 69.68540 73.04510 72.65950 77.34470 77.93140 78.41440 85.67910 90.90670 90.62390 101.26500 111.97300 114.52300 123.00700 131.27600 140.57800 144.62801 148.07100 145.96300 143.45900 142.72200 140.17000 134.75600 128.27100 125.42500 122.01900 116.29000 115.82500 118.44000 118.44600 121.92500 123.63700 120.18000 119.72000 114.42400 112.18800 117.05200 119.88900 127.32700 134.81100 134.25101 139.17599 138.95900 147.49001 153.01100 159.03200 162.26900 166.54700 172.46600 175.33900 183.55901 190.01700 192.30000 200.00900 201.13100 202.05600 199.10400 195.81900 195.17200 202.97000 208.16100 218.93900 231.32800
68.83750 68.07510 66.49360 65.67660 67.74940 64.66450 65.78080 62.13230 62.21500 60.83990 65.33610 68.65290 70.08670 77.85670 82.19870 80.90020 88.19860 92.50670 94.43630 98.39460 106.47800 115.21100 120.89600 129.46100 135.03400 140.50000 145.08000 148.22501 146.05200 143.74200 141.20799 141.38499 135.28000 129.27100 125.50100 122.20900 121.19900 119.75900 119.51000 124.16600 123.85800 120.54300 119.99000 116.54900 116.92400 122.35500 126.27100 135.13800 142.71300 146.46001 147.21400 152.37900 158.70300 161.05299 167.22800 169.71201 175.72400 186.66701 191.62399 197.90401 202.90401 208.67000 214.01500 216.13600 217.97000 211.74699 207.04800 208.40800 210.78799 215.25700 231.26801 243.73000
74.50280 73.33420 73.03440 70.73670 68.04030 64.81380 64.40020 61.99210 59.21870 59.28450 67.03230 67.35330 71.20360 74.04620 81.51710 85.07450 87.84200 89.10210 95.55010 97.30020 104.44600 112.14300 120.20500 130.24600 137.58800 140.41600 142.69000 151.23700 151.28300 147.66701 143.68600 142.84900 139.36000 132.94000 130.35001 126.44200 127.21000 125.49000 126.36700 131.11301 129.19299 127.64200 131.00800 128.76601 124.76600 128.09500 135.95900 140.67200 147.28200 153.55400 154.60300 156.05299 159.19099 163.92200 173.51500 181.42300 190.82001 198.46600 206.42000 210.91901 218.51801 223.33501 228.40401 228.92999 226.71800 223.24300 219.05701 217.28400 230.44800 238.71600 247.33501 259.81299
80.72270 74.30590 74.04520 79.03050 76.45330 68.42780 64.45760 58.17190 57.35700 59.50470 64.84560 69.72100 75.62530 77.07630 82.90190 88.84410 92.69520 91.13080 96.90610 102.43700 108.40200 116.85700 124.30300 131.24800 137.95100 147.79100 152.32401 152.98900 155.02901 152.89200 146.59300 148.40900 145.53900 138.22200 133.48500 132.53300 133.24600 131.91100 133.28999 131.92700 133.01401 135.33299 134.43300 133.09100 134.51700 135.49001 143.49699 146.62700 154.49800 159.03700 166.37199 169.45500 177.18700 183.46201 195.30600 204.56100 211.05099 221.55099 228.38000 232.81300 239.65401 242.91499 246.33800 248.72900 247.80701 243.01100 240.21500 249.21001 251.91600 260.84000 275.57401 280.27701
81.71580 76.76120 75.62880 75.89970 81.20060 75.20110 69.44850 64.64590 61.57340 57.26890 63.79910 73.80160 82.58150 85.67330 87.13100 93.12750 94.47780 100.42200 101.98800 108.66700 112.69000 117.95900 128.72600 134.45900 141.73500 151.32201 156.64101 158.44400 161.38699 160.44400 158.78000 160.08701 151.65700 147.03200 140.61600 137.82700 139.99300 141.73500 145.98100 143.62700 143.88400 144.27299 147.59599 146.61099 147.37801 145.93100 157.01801 164.52499 170.33000 180.76199 188.18600 198.53000 208.75900 222.71300 234.32500 239.93700 246.46800 250.96500 255.71700 259.45999 260.13400 262.73999 265.51401 268.98499 268.58200 266.29300 271.97400 274.06100 273.10800 286.52802 301.07501 314.53500
87.06130 90.92020 85.49670 85.71750 88.21960 78.26120 80.42330 78.65220 75.14700 70.40950 76.10540 78.89120 85.06740 91.22420 91.48740 96.01080 98.78170 105.23500 110.01200 112.71600 121.17900 128.88901 137.19501 144.15800 148.14000 152.09801 159.84801 171.53999 173.99100 171.81300 169.48599 164.67200 158.80400 153.24001 145.83400 144.64000 150.01601 152.07800 158.78101 156.56300 158.79700 162.41901 156.99800 154.55299 158.27000 161.62801 168.05200 173.90800 183.90199 192.27299 203.90500 224.67700 242.28700 262.35999 278.87799 289.54501 289.14301 285.96500 282.70200 282.66699 284.22501 285.97299 288.16901 287.20901 286.06100 289.36401 308.37500 307.26001 309.40900 314.67899 329.79099 342.72400
88.77300 96.69220 96.62220 93.47150 92.59840 92.56840 89.25810 90.13640 83.06870 83.72750 90.44560 91.50720 98.54990 99.63250 101.29700 106.51100 106.65500 109.18500 119.93600 123.13400 135.16701 144.50000 147.52901 152.86301 157.12900 158.71899 164.23599 173.60100 181.06799 186.08501 183.50101 181.28799 175.99300 172.69400 163.86400 163.10100 168.00800 170.37000 174.34000 172.31799 169.81700 175.85001 172.57500 162.85100 168.38200 176.43401 185.91701 194.87601 205.25301 -9999 -9999 246.46899 264.13000 283.08200 297.44800 306.30701 312.06601 308.90601 310.74600 311.17999 318.61700 321.30399 319.89099 321.23599 321.22400 318.33099 334.73599 342.00299 343.54099 356.98499 363.22101 377.14401
101.87800 104.92200 108.36400 109.68700 107.16500 100.50300 104.30100 94.12990 91.26390 92.77760 100.08100 98.40250 101.72300 109.81000 109.86700 110.03400 116.56200 122.41700 131.38100 146.42101 152.91901 157.50000 164.01700 166.60800 169.32500 172.06200 170.01601 174.66200 188.83800 198.80299 202.66000 198.00200 195.16000 192.51300 184.20500 183.51900 179.24600 179.81000 -9999 -9999 -9999 -9999 174.10899 -9999 187.86099 200.44200 208.58200 215.29300 219.88300 -9999 -9999 261.26001 273.77600 280.82101 287.54901 290.20099 302.51599 308.21600 317.86401 322.64600 330.36200 331.43100 335.08499 337.94400 344.77499 341.65601 353.55499 355.39801 362.64301 373.07700 383.90601 -9999
107.70000 117.80300 118.53500 117.95200 111.11100 113.96900 113.71300 102.06600 103.93700 101.31900 108.47300 116.72700 121.96000 124.54400 121.21000 121.71100 137.45399 144.62801 146.51900 163.29900 168.05600 178.39700 181.74001 185.41600 188.15800 183.73599 184.73399 192.93700 208.72501 224.02200 231.51500 231.03999 227.32500 219.79800 214.12300 206.23500 -9999 -9999 -9999 -9999 -9999 -9999 -9999 208.13400 217.19000 223.00400 -9999 -9999 -9999 -9999 -9999 265.00000 275.74200 288.53299 292.42700 297.69000 304.82101 316.93500 330.00000 335.20801 348.04800 359.97400 365.77802 365.51099 366.81100 378.84100 385.19699 384.40799 395.50900 -9999 -9999 -9999
