data/hydroclimate-scenarios/1948-2000.Pcorr55N_Pref_Tref/monthly_summaries/swe_monthly_day1_oct.asc
ncols	311
nrows	91
xllcenter	102.75
yllcenter	31.75
cellsize	0.5
NODATA_value	-9999
[rows 0 to 32 of 91, columns 0 to 72 of 311]
-9999 -9999 -9999 -9999 -9999 -9999 -9999 -9999 -9999 -9999 -9999 -9999 -9999 -9999 -9999 -9999 -9999 -9999 -9999 -9999 -9999 -9999 -9999 -9999 -9999 -9999 -9999 -9999 -9999 -9999 -9999 -9999 -9999 -9999 -9999 -9999 -9999 -9999 -9999 -9999 -9999 -9999 -9999 -9999 -9999 -9999 -9999 -9999 -9999 -9999 -9999 -9999 -9999 -9999 -9999 -9999 -9999 -9999 -9999 -9999 -9999 -9999 -9999 -9999 -9999 -9999 -9999 -9999 -9999 -9999 -9999 -9999 -9999
-9999 -9999 -9999 -9999 -9999 -9999 -9999 -9999 -9999 -9999 -9999 -9999 -9999 -9999 -9999 -9999 -9999 -9999 -9999 -9999 -9999 -9999 -9999 -9999 -9999 -9999 -9999 -9999 -9999 -9999 -9999 -9999 -9999 -9999 -9999 -9999 -9999 -9999 -9999 -9999 -9999 -9999 -9999 -9999 -9999 -9999 -9999 -9999 -9999 -9999 -9999 -9999 -9999 -9999 -9999 -9999 -9999 -9999 -9999 -9999 -9999 -9999 -9999 -9999 -9999 -9999 -9999 -9999 -9999 -9999 -9999 -9999 -9999
-9999 -9999 -9999 -9999 -9999 -9999 -9999 -9999 -9999 -9999 -9999 -9999 -9999 -9999 -9999 -9999 -9999 -9999 -9999 -9999 -9999 -9999 -9999 -9999 -9999 -9999 -9999 -9999 -9999 -9999 -9999 -9999 -9999 -9999 -9999 -9999 -9999 -9999 -9999 -9999 -9999 -9999 -9999 -9999 -9999 -9999 -9999 -9999 -9999 -9999 -9999 -9999 -9999 -9999 -9999 -9999 -9999 -9999 -9999 -9999 -9999 -9999 -9999 -9999 -9999 -9999 -9999 -9999 -9999 -9999 -9999 -9999 -9999
-9999 -9999 -9999 -9999 -9999 -9999 -9999 -9999 -9999 -9999 -9999 -9999 -9999 -9999 -9999 -9999 -9999 -9999 -9999 -9999 -9999 -9999 -9999 -9999 -9999 -9999 -9999 -9999 -9999 -9999 -9999 -9999 -9999 -9999 -9999 -9999 -9999 -9999 -9999 -9999 -9999 -9999 -9999 -9999 -9999 -9999 -9999 -9999 -9999 -9999 -9999 -9999 -9999 -9999 -9999 -9999 -9999 -9999 -9999 -9999 -9999 -9999 -9999 -9999 -9999 -9999 -9999 -9999 -9999 -9999 -9999 -9999 -9999
-9999 -9999 -9999 -9999 -9999 -9999 -9999 -9999 -9999 -9999 -9999 -9999 -9999 -9999 -9999 -9999 -9999 -9999 -9999 -9999 -9999 -9999 -9999 -9999 -9999 -9999 -9999 -9999 -9999 -9999 -9999 -9999 -9999 -9999 -9999 -9999 -9999 -9999 -9999 -9999 -9999 -9999 -9999 -9999 -9999 -9999 -9999 -9999 -9999 -9999 -9999 -9999 -9999 -9999 -9999 -9999 -9999 -9999 -9999 -9999 -9999 -9999 -9999 -9999 -9999 -9999 -9999 -9999 -9999 -9999 -9999 -9999 -9999
-9999 -9999 -9999 -9999 -9999 -9999 -9999 -9999 -9999 -9999 -9999 -9999 -9999 -9999 -9999 -9999 -9999 -9999 -9999 -9999 -9999 -9999 -9999 -9999 -9999 -9999 -9999 -9999 -9999 -9999 -9999 -9999 -9999 -9999 -9999 -9999 -9999 -9999 -9999 -9999 -9999 -9999 -9999 -9999 -9999 -9999 -9999 -9999 -9999 -9999 -9999 -9999 -9999 -9999 -9999 -9999 -9999 -9999 -9999 -9999 -9999 -9999 -9999 -9999 -9999 -9999 -9999 -9999 -9999 -9999 -9999 -9999 -9999
-9999 -9999 -9999 -9999 -9999 -9999 -9999 -9999 -9999 -9999 -9999 -9999 -9999 -9999 -9999 -9999 -9999 -9999 -9999 -9999 -9999 -9999 -9999 -9999 -9999 -9999 -9999 -9999 -9999 -9999 -9999 -9999 -9999 -9999 -9999 -9999 -9999 -9999 -9999 -9999 -9999 -9999 -9999 -9999 -9999 -9999 -9999 -9999 -9999 -9999 -9999 -9999 -9999 -9999 -9999 -9999 -9999 -9999 -9999 -9999 -9999 -9999 -9999 -9999 -9999 -9999 -9999 -9999 -9999 -9999 -9999 -9999 -9999
-9999 -9999 -9999 -9999 -9999 -9999 -9999 -9999 -9999 -9999 -9999 -9999 -9999 -9999 -9999 -9999 -9999 -9999 -9999 -9999 -9999 -9999 -9999 -9999 -9999 -9999 -9999 -9999 -9999 -9999 -9999 -9999 -9999 -9999 -9999 -9999 -9999 -9999 -9999 -9999 -9999 -9999 15.30310 16.80410 17.18310 18.11430 17.25010 18.50930 16.76960 15.51470 14.72090 16.44520 -9999 -9999 -9999 -9999 -9999 -9999 -9999 -9999 -9999 -9999 -9999 -9999 -9999 -9999 -9999 -9999 -9999 -9999 -9999 -9999 -9999
-9999 -9999 -9999 -9999 -9999 -9999 -9999 -9999 -9999 -9999 -9999 -9999 -9999 -9999 -9999 -9999 -9999 -9999 -9999 -9999 -9999 -9999 -9999 -9999 -9999 -9999 -9999 -9999 -9999 -9999 -9999 -9999 -9999 -9999 -9999 -9999 -9999 -9999 16.16990 18.15830 16.66810 16.64940 17.52610 19.37450 18.50920 18.19630 17.42540 18.53920 18.15860 16.60730 15.49780 15.31280 14.60320 10.05420 -9999 -9999 -9999 -9999 -9999 -9999 -9999 -9999 -9999 -9999 -9999 -9999 -9999 -9999 -9999 -9999 -9999 -9999 -9999
-9999 -9999 -9999 -9999 -9999 -9999 -9999 -9999 -9999 -9999 -9999 -9999 -9999 -9999 -9999 -9999 -9999 -9999 -9999 -9999 -9999 -9999 -9999 -9999 -9999 -9999 -9999 -9999 -9999 -9999 -9999 -9999 -9999 -9999 -9999 -9999 -9999 -9999 -9999 -9999 13.78250 15.13480 17.61420 20.45380 19.88360 20.89400 18.98610 17.48170 17.25710 17.77030 16.93730 14.85200 13.87480 9.02494 -9999 -9999 -9999 -9999 -9999 -9999 -9999 -9999 -9999 -9999 -9999 -9999 -9999 -9999 -9999 -9999 -9999 -9999 -9999
-9999 -9999 -9999 -9999 -9999 -9999 -9999 -9999 -9999 -9999 -9999 -9999 -9999 -9999 -9999 -9999 -9999 -9999 -9999 -9999 -9999 -9999 -9999 -9999 -9999 -9999 -9999 -9999 -9999 -9999 -9999 -9999 -9999 -9999 -9999 -9999 -9999 -9999 -9999 -9999 -9999 -9999 -9999 -9999 22.22480 21.51600 25.03910 24.24990 23.11470 18.92080 18.23270 17.33370 13.31120 7.56641 -9999 -9999 -9999 -9999 -9999 -9999 8.53436 -9999 -9999 -9999 -9999 -9999 -9999 -9999 -9999 -9999 -9999 -9999 -9999
-9999 -9999 -9999 -9999 -9999 -9999 -9999 -9999 -9999 -9999 -9999 -9999 -9999 -9999 -9999 -9999 -9999 -9999 -9999 -9999 -9999 -9999 -9999 -9999 -9999 -9999 -9999 -9999 -9999 -9999 -9999 -9999 -9999 -9999 -9999 -9999 -9999 -9999 -9999 -9999 -9999 21.29740 22.16730 24.50860 23.93290 20.78830 22.74040 24.13610 21.76520 19.27900 20.13210 16.96830 13.92670 9.14303 -9999 -9999 -9999 -9999 -9999 7.46317 7.30511 6.79886 6.81809 3.76759 3.81404 4.54335 4.34854 4.36679 4.42998 5.06958 4.96126 4.01896 4.40524
-9999 -9999 -9999 -9999 -9999 -9999 -9999 -9999 -9999 -9999 -9999 -9999 -9999 -9999 -9999 -9999 -9999 -9999 -9999 -9999 -9999 -9999 -9999 -9999 -9999 -9999 -9999 -9999 -9999 -9999 -9999 -9999 -9999 -9999 -9999 -9999 -9999 -9999 -9999 -9999 -9999 18.53900 20.43690 21.54790 19.09670 19.79700 19.92720 19.34410 19.73770 17.49930 17.09270 18.47750 18.04160 13.76660 11.20840 10.84120 7.37949 -9999 5.96477 8.51695 8.09842 8.24633 7.62107 6.77826 6.85279 5.90372 5.35450 5.23333 5.03938 5.07757 5.47217 5.62738 5.65177
-9999 -9999 -9999 -9999 -9999 -9999 -9999 -9999 -9999 -9999 -9999 -9999 -9999 -9999 -9999 -9999 -9999 -9999 -9999 -9999 -9999 -9999 -9999 -9999 -9999 -9999 -9999 -9999 -9999 -9999 -9999 -9999 -9999 -9999 -9999 13.62620 14.30800 16.34490 16.35490 13.62500 13.95430 14.40710 15.11520 17.55910 17.88620 18.01380 17.55520 17.55830 18.14450 17.70050 18.15260 18.81050 21.02610 16.77540 15.50170 14.20690 9.71888 7.83718 5.90763 7.79872 7.39565 7.63397 7.28332 8.34799 7.83546 5.52523 5.40959 5.19218 4.99681 5.27817 5.26404 5.27140 5.66128
-9999 -9999 -9999 -9999 -9999 -9999 -9999 -9999 -9999 -9999 -9999 -9999 -9999 -9999 -9999 -9999 -9999 -9999 -9999 -9999 -9999 -9999 -9999 -9999 -9999 -9999 -9999 -9999 -9999 -9999 -9999 -9999 -9999 -9999 12.41000 14.54740 15.49240 15.46620 15.79400 12.00020 12.39110 12.08110 12.51270 11.45130 10.73960 12.54700 12.73470 14.70150 16.99960 18.48570 20.55390 19.92280 21.81540 21.16790 19.35350 15.43600 10.51690 9.86074 6.82683 8.11777 8.36176 8.87215 8.69877 9.09146 7.41624 6.12865 6.75314 6.86508 8.75357 7.67581 8.91716 9.17843 9.42676
-9999 -9999 -9999 -9999 -9999 -9999 -9999 -9999 -9999 -9999 -9999 -9999 -9999 -9999 -9999 -9999 -9999 -9999 -9999 -9999 -9999 -9999 -9999 -9999 -9999 -9999 -9999 -9999 -9999 -9999 -9999 -9999 -9999 12.43090 12.76060 13.61210 13.95500 13.65600 13.78470 10.76490 10.67010 10.99810 10.01170 8.99642 10.42360 11.90470 12.93950 14.16000 18.39610 20.98550 22.94280 23.35900 20.28610 20.88300 16.23300 13.70040 12.45390 8.76235 6.68995 8.46376 8.56554 7.81947 7.18845 6.18768 6.07519 6.20645 7.36772 6.97265 7.14343 7.11540 8.31342 7.93241 8.55733
-9999 -9999 -9999 -9999 -9999 -9999 -9999 -9999 -9999 -9999 -9999 -9999 -9999 -9999 -9999 -9999 -9999 -9999 -9999 -9999 -9999 -9999 -9999 -9999 -9999 -9999 -9999 -9999 -9999 -9999 -9999 10.41710 11.33530 11.03720 11.16330 11.00640 11.14950 11.56880 12.38690 9.76878 9.87347 9.46664 8.03811 7.82271 9.44141 9.91032 10.16540 9.52397 13.56030 17.40200 20.38910 20.94980 19.83590 20.81270 16.15370 13.68500 9.84242 8.32607 8.93284 8.42515 6.87738 7.41115 7.45238 4.96053 5.54386 6.16620 6.05476 6.07483 6.22178 6.81504 8.24047 9.14507 6.77230
-9999 -9999 -9999 -9999 -9999 -9999 -9999 -9999 -9999 -9999 -9999 -9999 -9999 -9999 -9999 -9999 -9999 -9999 -9999 -9999 -9999 -9999 -9999 -9999 -9999 -9999 -9999 -9999 -9999 8.55041 9.46948 10.77310 10.60750 10.21330 10.60230 10.36900 10.51430 10.17860 10.96970 8.47141 9.67171 8.32126 8.32135 7.90209 8.55779 9.95577 10.10910 10.97210 16.90320 20.65170 21.93550 17.89950 18.58510 18.56750 17.17150 14.67070 9.77495 9.03553 7.58069 6.86737 6.11830 7.05162 6.86484 5.35777 4.92609 5.09706 6.21057 7.71980 7.82751 6.43561 6.34936 9.04024 11.53640
-9999 -9999 -9999 -9999 -9999 -9999 -9999 -9999 -9999 -9999 -9999 -9999 -9999 -9999 -9999 -9999 -9999 -9999 -9999 -9999 -9999 -9999 -9999 -9999 6.99145 7.85620 7.27765 6.79507 6.85497 7.35128 7.50379 6.56597 6.23506 6.41594 7.39996 6.73210 7.38091 6.52578 6.29231 7.04144 6.88035 7.08333 7.80264 6.75864 7.30289 7.94222 8.23926 12.52810 16.78240 17.91060 17.87720 19.88690 20.60810 17.59330 14.22060 9.45186 7.46162 7.49296 6.89980 5.27415 3.91895 3.34979 2.77969 3.20744 3.66260 3.82396 3.22972 2.70703 3.85265 4.38618 8.44411 8.13932 10.33930
-9999 -9999 -9999 -9999 -9999 -9999 8.84868 8.96393 8.01211 9.11152 9.29568 -9999 -9999 -9999 -9999 -9999 -9999 -9999 -9999 -9999 -9999 8.33002 9.38367 7.68920 7.59023 8.14927 7.65817 7.95917 7.70339 6.64861 6.08810 5.37877 6.11773 6.09468 6.71530 6.84913 7.30023 5.61292 5.50433 7.22560 6.81052 5.11905 5.87035 5.46134 6.22620 6.94827 7.17173 10.44730 14.80040 16.70750 18.76970 19.99270 19.61430 16.96700 11.85100 7.81719 6.89885 7.42326 5.59580 4.02815 3.82854 3.26175 3.74398 4.35829 5.13226 2.79283 2.60711 2.91654 3.61871 2.76795 4.28546 6.82717 8.75919
-9999 -9999 -9999 -9999 -9999 8.97716 9.42312 9.32740 8.27224 8.98223 8.86500 10.40990 9.93247 8.36850 -9999 -9999 -9999 7.85199 8.24036 8.42535 8.32698 8.67568 8.53272 7.19092 7.16900 5.35156 5.76970 5.54063 5.86036 4.35212 3.34572 3.07013 2.85089 2.41799 3.19698 2.47991 2.21114 3.63913 4.25081 5.39897 5.23969 4.63710 4.27385 4.59650 5.78490 4.80153 7.92723 11.76740 13.92900 16.00820 17.16860 19.34250 18.15870 13.06580 11.34890 9.11945 8.46791 5.57028 3.58570 2.56888 2.08858 2.18887 2.40094 3.35693 4.71908 6.24354 5.59525 4.60514 3.92067 4.16465 4.56329 6.14926 7.24736
-9999 6.04976 5.32240 6.53608 7.50253 8.45849 9.10799 8.36168 8.51811 8.62049 9.05204 10.08850 10.23020 7.88739 7.06484 6.71303 5.98627 7.73737 7.79898 7.96529 7.62113 6.63971 6.73957 5.46967 5.02535 4.66199 4.35912 4.26168 4.65847 3.27456 2.50492 2.34134 2.40132 2.13415 1.89091 1.36404 1.57750 3.19541 3.93097 4.61765 4.32175 3.76212 3.11793 3.88041 3.87205 3.12506 5.92145 8.71272 11.02950 13.05400 14.86370 18.26090 16.81940 15.93410 13.65090 10.86240 8.66953 4.48859 4.59931 3.11304 2.38750 2.88598 3.05916 4.85472 5.87081 5.99870 4.61374 5.63342 4.13429 5.27384 8.09744 10.20060 9.79271
-9999 7.67739 6.22540 7.09428 6.56244 6.69688 8.08805 7.37252 7.47199 7.44541 6.87328 8.28178 9.53315 7.24096 6.75771 5.94053 5.24994 5.89988 5.27937 5.85108 6.02632 5.51831 5.00802 3.23791 3.33378 3.75033 3.92565 3.97753 3.67818 3.54421 3.77256 2.47710 2.16658 1.33651 1.51379 2.61552 2.62034 2.89699 2.88357 4.20153 3.91839 2.65234 2.08189 1.51356 1.75068 3.05963 3.55670 4.76668 6.81017 10.65550 10.69690 15.02670 14.83650 16.99030 16.20840 11.83350 8.93672 6.04487 5.13314 6.24407 5.21833 4.59908 5.03220 5.27771 6.11845 7.55901 8.28493 6.09762 6.35634 5.91121 6.25547 9.65326 11.52740
-9999 -9999 -9999 8.50853 7.82753 6.60441 6.85365 6.28795 6.66026 4.79631 5.40498 5.34973 5.95404 4.82606 5.88316 4.55369 3.97993 3.46348 3.99269 5.56987 5.11342 4.45182 3.95502 3.21002 2.67567 3.27501 3.03276 3.06741 2.61277 2.75113 2.54992 1.69388 1.64329 0.82346 0.93226 1.97707 2.18258 1.55053 1.81806 2.78671 3.51519 3.02190 1.78434 1.05872 1.23171 2.29930 2.29093 2.94644 4.09607 6.64018 9.00018 12.47240 14.72550 15.73650 13.92420 13.13430 9.48112 6.72514 6.95683 7.14077 5.70864 5.92603 6.00212 7.01452 6.60862 7.77779 7.04443 6.11689 7.53035 7.47915 8.33321 9.56909 9.71627
-9999 -9999 -9999 -9999 -9999 -9999 5.21019 3.82046 4.22455 4.33603 4.05659 3.43299 3.51405 3.30504 3.88528 3.32449 3.44060 2.73184 2.73011 4.07417 3.54285 3.51443 3.15020 2.70062 2.48750 3.02202 2.82957 1.69181 1.50189 1.67191 1.62737 1.52168 1.55476 1.04732 1.04445 2.04027 2.15353 1.70362 1.78654 1.73697 2.07140 1.88754 1.57648 1.14759 0.97431 1.23038 1.82162 2.84987 3.03321 6.14517 8.79317 12.38300 12.78090 9.98673 11.95000 10.85730 9.05196 10.31800 11.08080 8.17584 8.46726 7.79726 7.81883 9.23603 8.48863 6.99279 5.58852 6.09022 7.33579 9.19736 10.23180 10.21710 9.65426
-9999 -9999 -9999 -9999 -9999 -9999 4.10092 3.66521 3.72905 4.29332 3.73797 2.99662 2.73937 2.54755 2.73707 2.58365 2.69897 2.51005 2.52271 3.75507 3.69849 3.71831 3.36152 2.59692 2.33849 2.38236 1.93351 1.18281 1.11475 1.13016 1.31222 1.16177 1.23203 0.86143 0.90119 1.64446 1.87321 1.87153 2.20050 1.91867 1.18841 1.26012 1.32574 0.90840 0.82598 1.15109 1.00885 1.17428 1.61807 3.02126 4.74748 5.37262 6.59775 7.94918 8.22851 5.32795 6.36440 8.44032 7.89529 7.55693 9.40044 9.01441 8.50883 9.61188 9.57826 6.19906 5.94837 5.45218 5.92313 8.06090 10.89040 10.79710 10.97100
-9999 -9999 -9999 -9999 -9999 -9999 -9999 -9999 -9999 -9999 2.28521 2.82780 2.68558 2.69976 3.53572 3.45111 3.64197 3.69733 2.92978 3.45082 3.56485 3.30493 2.60793 2.45898 2.16377 1.65667 1.54807 0.69791 0.66986 0.55601 0.50572 0.72274 0.74729 1.00622 1.01716 0.57423 0.58060 0.38360 0.42709 1.32715 1.32486 0.87769 0.79599 0.57876 0.72048 0.46425 0.46929 1.12755 1.12703 0.48401 0.48497 1.66288 1.89849 1.03790 1.06063 0.94683 1.29365 1.99611 1.89577 3.35198 3.37742 4.56061 4.79832 3.87798 4.10125 3.40759 3.20172 3.42853 4.31232 5.47105 8.21722 10.96710 12.07640
-9999 -9999 -9999 -9999 -9999 -9999 -9999 -9999 -9999 -9999 1.30568 1.92639 2.13977 2.86715 2.56091 2.77854 2.75161 3.06300 3.06996 3.27318 3.30733 2.91441 2.78617 2.51543 2.27530 1.47746 1.27792 0.47673 0.46725 0.39239 0.39941 0.54354 0.52983 0.78227 0.90905 0.58780 0.66289 0.46303 0.54692 1.27962 1.37934 0.87288 1.12996 0.77561 0.73626 0.37999 0.44478 1.05357 0.95930 0.36375 0.28055 1.39890 1.24937 0.65306 0.75250 0.79302 0.89729 1.21951 1.21351 2.13392 2.08371 2.67730 2.58575 1.49569 1.64045 1.73801 1.73514 1.94290 2.47047 5.47626 7.25106 8.41831 9.99547
-9999 -9999 -9999 -9999 -9999 -9999 -9999 -9999 -9999 -9999 -9999 -9999 1.51465 4.35036 4.17845 3.53315 2.45358 1.33271 1.76335 1.44235 1.62174 1.97235 1.74894 1.79821 1.63757 1.19398 1.13912 0.85349 0.82994 0.75892 0.75240 0.71157 0.72661 1.23890 1.32571 0.78774 0.78650 0.70953 0.86083 1.13094 1.06492 1.35725 1.41568 1.08814 1.15454 0.74357 0.66482 0.69634 0.62089 1.07221 1.23242 1.38403 1.34966 0.83838 1.20844 0.66603 0.79017 0.92344 1.03760 1.38342 1.37519 1.93865 2.05639 1.57314 1.35016 0.62593 0.67974 1.68736 2.05520 3.71844 7.49362 9.87823 9.86393
-9999 -9999 -9999 -9999 -9999 -9999 -9999 -9999 -9999 -9999 -9999 -9999 1.36199 2.95865 3.28114 2.23597 1.97216 1.19257 1.75910 1.59866 1.22435 1.99837 1.82834 1.62057 1.73195 1.25460 1.05625 0.77691 0.66134 0.56523 0.48524 0.51690 0.58221 1.13671 1.28759 0.71236 0.90562 0.89781 0.76587 1.07391 0.97213 1.20886 1.15452 0.89667 0.95604 0.57240 0.59977 0.63576 0.65649 1.05415 1.10207 1.20372 1.35534 0.77988 0.99930 0.63874 0.62283 0.87077 0.96360 1.55980 1.76182 2.21319 1.68711 1.57152 1.36688 0.59793 0.60782 1.52590 2.08108 4.46581 6.29955 6.41364 8.20384
-9999 -9999 -9999 -9999 -9999 -9999 -9999 -9999 -9999 -9999 -9999 1.20988 1.85510 1.07242 0.89640 1.94692 2.58379 2.70320 2.96666 2.59225 1.32550 2.29874 1.97137 1.91690 1.89804 2.50642 1.99469 0.94161 0.73776 0.57403 0.50496 0.79376 0.82764 0.60048 0.73598 0.63085 0.82279 1.00868 1.26852 1.53514 1.50048 2.09215 2.04377 2.32676 2.34294 1.21865 1.27512 1.27069 1.12430 0.79233 0.85331 0.69198 0.78440 1.27542 1.46812 1.01760 0.92741 1.09870 1.19647 1.32789 1.04212 1.31291 1.36790 1.50218 1.46898 1.21648 1.47751 1.66749 3.23528 6.16196 9.28123 12.42100 11.31560
-9999 -9999 -9999 -9999 -9999 -9999 -9999 -9999 -9999 -9999 -9999 1.08470 1.16884 0.82614 0.69590 1.67099 1.92817 2.34937 2.32863 1.91881 1.42698 2.04559 1.64048 1.45886 1.39581 1.83773 1.61649 0.94015 0.75946 0.66776 0.60106 0.91176 0.90438 0.55526 0.75516 0.61356 0.54200 0.95736 1.29249 1.33799 1.32375 2.01626 2.48538 2.90059 2.49948 1.59205 1.42857 1.56981 1.28949 0.95249 0.87722 0.60949 0.63034 1.12616 1.08003 0.74291 0.82549 0.86413 0.91176 0.95234 1.05286 1.28680 1.27001 1.68167 1.60785 1.37061 1.67286 1.49422 4.12543 7.06080 7.49108 9.84851 10.49530
-9999 -9999 -9999 -9999 -9999 -9999 -9999 -9999 -9999 -9999 -9999 1.08087 1.16500 0.87964 0.90303 1.26533 1.27904 2.48010 2.37844 1.45126 1.47852 1.67051 1.18086 1.67330 1.37360 1.48919 1.60206 1.17524 1.11754 1.09402 1.02057 0.97816 0.94265 1.08074 1.51842 0.69279 0.57301 0.55950 0.65103 1.40099 1.56249 1.94116 1.72346 2.13277 2.39260 1.64616 1.77698 1.63352 1.58300 1.29993 1.23958 1.77936 1.89710 1.52839 1.35100 1.20726 1.16527 1.15446 1.19701 1.02066 1.00233 1.00678 0.92917 1.21803 1.08115 0.60291 0.73499 2.48477 4.91950 7.18760 6.28985 9.09014 9.80389
