data/hydroclimate-scenarios/1948-2000.Pcorr55N_Pref_Tref/monthly_summaries/swe_monthly_day1_dec.asc
ncols	311
nrows	91
xllcenter	102.75
yllcenter	31.75
cellsize	0.5
NODATA_value	-9999
[rows 32 to 63 of 91, columns 0 to 70 of 311]
-9999 -9999 -9999 -9999 -9999 -9999 -9999 -9999 -9999 -9999 -9999 59.64440 60.84200 61.56200 63.36900 62.67270 69.52790 69.34990 72.36550 74.85950 74.79520 70.85660 68.55870 64.10100 61.40600 60.03300 57.88060 53.66980 50.05320 47.99770 44.59920 45.68040 44.39010 44.06630 45.22220 43.25840 46.08370 46.18260 47.35960 49.47140 50.37400 52.45460 52.56790 53.38760 53.20690 50.90850 52.08060 53.31290 53.08460 53.70520 51.19880 52.24010 51.36590 50.37720 48.78330 48.39450 48.30590 48.28490 49.04820 49.17510 49.81280 49.56690 51.54550 52.43460 52.25320 50.17860 52.28820 53.16720 58.62250 60.07810 60.59970
-9999 -9999 -9999 -9999 -9999 -9999 -9999 -9999 -9999 -9999 -9999 63.57260 63.11170 61.82580 62.57860 64.42510 64.68800 68.45150 72.54490 71.28600 71.70640 70.20960 66.70950 63.95300 62.62680 60.78110 58.13050 51.50020 47.89360 45.88600 45.13270 43.25720 42.39120 41.52130 42.24900 43.71050 43.97330 45.58160 46.54560 50.90380 52.03600 53.94300 56.04350 55.77730 58.05130 57.76790 57.52920 57.44620 56.90710 57.73500 56.01100 55.68570 53.65710 52.64740 51.70340 50.56350 51.15820 51.50980 51.10560 50.65080 50.04870 51.73750 52.59970 53.09380 54.26270 53.63980 52.17730 55.59120 58.50890 61.42880 61.66300
-9999 -9999 -9999 -9999 -9999 -9999 -9999 -9999 -9999 -9999 -9999 -9999 60.20850 58.26750 59.67860 63.46480 66.17080 67.00190 69.16510 70.91020 70.67210 68.23460 68.68230 67.10740 62.93910 61.88810 58.25220 54.60380 48.56250 45.14330 42.48480 40.40140 40.25140 39.81390 40.18470 41.22600 43.24190 45.13670 47.57330 49.78430 54.15270 57.52840 59.88610 58.85550 61.47440 61.09620 62.08030 60.29290 57.92910 58.33630 56.87640 56.50350 53.91570 53.81400 53.66150 52.55990 52.37450 52.38570 51.02410 51.70310 53.52720 53.76250 53.81410 52.35060 53.33240 53.08650 53.42410 55.56240 60.56010 62.13260 60.62240
-9999 -9999 -9999 -9999 -9999 -9999 -9999 -9999 -9999 -9999 -9999 -9999 54.57960 54.27110 58.70390 59.51420 61.24190 63.30690 66.35340 67.40780 69.09720 72.99730 68.75340 67.37370 64.06770 58.19620 52.45150 50.09310 46.57430 44.26080 42.52550 37.99000 37.29380 36.96700 36.89740 38.42560 39.95040 42.42580 45.53370 47.36880 54.16020 58.28310 60.48130 62.03200 64.35260 64.81520 64.20330 63.98050 62.43620 60.78900 58.97400 56.12040 55.44240 54.74460 53.79050 53.35320 51.95370 51.48570 50.75500 50.53300 52.90500 53.84800 55.32880 52.89470 51.89910 52.15430 54.38640 57.54390 60.66110 61.02600 65.94830
-9999 -9999 -9999 -9999 -9999 -9999 -9999 -9999 -9999 -9999 -9999 -9999 54.48210 52.93070 51.76930 52.62630 56.25100 58.66240 63.48210 67.23920 70.59290 68.73000 66.34490 63.33210 56.44310 52.85660 46.65370 42.24810 40.70340 38.87140 35.96070 34.19270 33.12280 33.80200 34.45060 36.49990 37.81280 39.06120 42.65790 47.50350 53.91340 60.16640 61.96320 63.79830 66.51160 73.99900 72.64690 71.52220 65.22850 61.63080 59.31150 56.27620 54.01310 53.24700 49.96300 50.84900 50.67310 50.90200 51.02000 52.18180 52.77000 55.62620 56.68310 55.30440 55.52880 55.90710 57.09200 58.91830 63.35870 66.51630 69.95730
-9999 -9999 -9999 52.91680 50.98280 50.60860 51.61530 50.46130 50.61140 -9999 50.90570 52.02350 51.09150 49.18340 48.36560 48.18260 50.94460 53.07380 56.87510 60.56200 63.04520 59.77850 55.53070 53.71860 49.95020 46.35530 42.08050 41.82150 38.72250 39.51800 34.98980 31.36650 32.76730 34.59400 33.82490 35.56070 37.65140 39.50890 42.43670 46.20710 50.51610 55.38270 58.61610 62.05560 69.78380 77.77660 81.43300 74.37310 68.24670 64.86340 61.39630 58.73120 57.33680 57.72750 54.77890 58.87490 58.37840 54.55500 56.68730 54.72540 54.55190 57.18730 57.98010 59.19910 58.59830 58.70550 61.22870 62.71030 63.76330 70.30000 74.57770
-9999 -9999 -9999 47.35850 46.05010 45.61260 48.07260 49.39770 49.93550 51.08010 48.91110 47.33730 47.61370 47.67510 47.07490 50.01450 50.24040 47.99270 48.00740 48.70170 49.15370 48.92810 45.96490 45.01840 44.49040 42.60250 40.74970 37.79860 37.31690 36.26180 32.25380 32.84390 32.50420 33.74790 35.33890 35.11320 36.90350 41.01360 42.62840 48.98500 53.26120 53.83960 55.86760 63.43230 73.48700 81.98350 83.24580 73.08540 71.58710 70.37240 66.78340 61.89510 60.96410 58.87480 54.67160 55.28090 54.12840 54.38730 57.80090 56.54130 57.27870 57.08530 59.13690 58.74650 60.46400 60.48210 61.10840 61.72450 69.24100 73.79640 79.94830
-9999 -9999 -9999 40.74690 38.49380 42.90130 46.46450 47.18730 44.89220 44.95530 45.55890 45.17990 47.39080 49.12440 52.11320 49.74300 49.32790 47.18330 43.82620 43.52720 44.00880 44.12130 41.20030 42.52140 41.43330 39.84760 38.71710 35.22430 34.18040 33.87620 35.03720 34.56250 31.05700 32.87970 34.07100 33.75910 34.49520 36.16280 39.74580 45.02730 49.51170 52.05050 56.31970 60.98180 65.63470 76.98660 76.32440 73.21340 69.71070 71.05780 68.83500 61.40530 58.78480 56.92080 53.46090 53.90680 54.17080 54.31560 57.26900 57.65860 57.25350 57.34050 58.62790 62.17080 63.09570 64.31490 66.16300 71.43320 80.82680 84.46980 91.37830
-9999 -9999 -9999 37.47280 34.70820 42.81300 46.69570 45.72150 45.13210 43.95780 41.89000 41.11030 48.44720 48.88190 50.95270 49.16770 49.03330 48.18130 45.60570 41.04440 41.38140 41.43650 41.38650 39.76460 37.08670 35.51350 34.53930 32.45610 33.35010 34.73830 32.48750 25.11070 29.35260 30.65360 32.10820 33.13020 32.38580 31.44270 35.14720 37.15120 43.33780 52.30340 58.53020 61.64170 63.61060 71.03320 72.28080 68.83720 71.85370 67.82580 66.22790 61.17600 59.10930 55.79760 55.74670 54.29570 54.85630 55.37310 58.69830 59.26780 62.94420 61.83690 64.89420 69.18730 70.92510 72.39050 75.80260 80.44810 89.61910 92.50980 91.13530
-9999 -9999 -9999 31.94860 30.76760 37.94400 37.61600 38.50710 40.49210 39.20710 37.60930 41.48260 44.93890 48.77320 50.76510 50.22410 48.92700 45.39290 40.47520 34.66630 34.86010 35.77740 35.37070 31.90540 29.57440 28.65340 26.15590 26.77780 27.82290 29.93760 28.57440 27.02170 27.60020 25.43560 26.25690 29.69730 31.10520 30.11020 31.85040 34.45300 38.94550 45.27110 50.53310 52.34970 52.10150 57.26960 59.71080 62.69610 63.39620 63.34100 62.40250 56.54120 54.88710 56.46600 54.76530 56.59790 53.00090 53.44790 57.98750 61.42370 63.36780 64.96220 68.52560 77.42870 82.53950 79.10980 83.29190 89.71140 95.28870 89.15610 78.57810
-9999 -9999 -9999 -9999 33.00190 37.84980 36.51910 40.48690 40.86090 40.06690 37.81880 38.95950 47.71440 43.30530 -9999 -9999 -9999 -9999 -9999 35.18630 32.09490 28.83620 29.58590 31.26120 27.15680 23.45250 19.93770 20.05420 20.72990 21.00190 22.56360 22.86220 22.69130 22.08810 22.39940 23.32690 24.23470 24.82480 27.63680 30.74760 32.78310 34.90020 36.96090 41.25240 43.19900 45.25090 50.98380 55.09530 54.85000 54.13840 53.96740 53.82690 51.80300 55.38110 56.25310 56.24070 58.14160 57.50600 59.49710 62.49080 66.87930 71.84370 78.14090 82.20070 86.72940 91.57990 90.25870 85.52750 82.85250 -9999 -9999
-9999 -9999 29.48570 32.18770 32.12140 32.55440 35.63250 38.32790 36.18300 38.16670 35.29070 39.37620 46.21590 -9999 -9999 -9999 -9999 -9999 39.98640 29.47310 25.97390 20.46620 19.70640 22.22990 20.77070 20.23300 17.94500 17.02370 17.77520 17.90880 17.65140 18.17210 19.38720 18.68080 19.83110 19.84990 22.10420 23.34840 24.43200 26.62480 29.38670 30.20580 32.57190 35.39990 35.94040 38.91200 42.83970 45.70730 45.31640 45.68680 45.48500 46.72240 48.41310 48.46320 50.83770 48.01420 52.01700 57.42910 60.28140 59.45550 63.35670 70.17800 75.37630 80.34700 82.98480 85.22330 83.02040 -9999 -9999 -9999 -9999
-9999 -9999 34.04600 32.67600 28.71140 27.56400 29.09070 32.64950 33.03730 32.93700 37.93420 42.88690 45.41360 -9999 -9999 -9999 -9999 33.79570 34.24090 24.79570 21.44570 16.42400 14.98970 15.25630 13.90530 15.73890 16.11340 14.16850 13.50660 12.68890 13.81360 15.89390 16.56930 17.47960 19.12770 20.22840 19.97250 21.49160 23.63900 25.13460 26.50790 27.21580 31.11900 32.42890 33.33210 35.22210 36.58620 41.41520 37.92340 40.50140 41.31300 39.71820 41.58770 43.10710 43.80560 40.49390 43.23710 51.93460 55.08630 56.24720 57.13260 66.12980 65.03060 67.99410 70.07380 -9999 -9999 -9999 -9999 -9999 68.15610
-9999 -9999 32.48140 34.16980 30.34630 28.58370 28.21070 28.77580 30.79360 34.70860 40.70600 45.79570 21.96920 -9999 -9999 -9999 -9999 34.45120 30.42180 21.88770 17.25040 11.81150 9.76070 10.02680 9.85452 12.46870 13.86340 12.47400 12.06440 11.94910 12.69780 13.15970 15.33760 16.73760 18.39040 18.41370 19.55470 20.15820 22.49280 21.37650 22.50910 24.52970 25.13420 28.20880 29.35650 32.04420 34.94090 35.76850 35.23330 36.93810 36.11860 37.58220 38.65720 40.83840 41.16900 37.30100 40.30150 46.67200 48.52840 48.02140 46.83500 48.91050 52.57010 64.52810 72.94500 78.18430 68.31940 73.67090 63.82850 -9999 -9999
-9999 -9999 -9999 30.18850 28.28590 25.60900 25.16780 27.01490 31.29120 38.08340 39.48770 25.33790 -9999 -9999 -9999 -9999 36.63240 32.92100 23.80390 18.75860 14.66800 9.32051 7.78794 9.01871 8.95626 9.83694 10.36010 9.80582 11.04720 11.42350 12.41790 11.89700 12.65590 13.03830 13.05630 15.35410 15.48250 14.66030 15.85770 16.95400 18.49260 18.45820 20.35880 20.08450 21.73400 26.08420 26.35690 26.05770 26.71960 28.35130 32.90080 34.65420 33.00310 37.33230 40.41400 40.88880 41.88540 47.92190 49.46390 47.85990 48.85230 54.76600 63.19120 78.08830 86.86470 68.78270 57.13220 63.84800 57.96840 46.35610 -9999
-9999 -9999 -9999 -9999 26.45420 25.59630 24.52900 27.99540 32.63040 31.09730 18.24910 -9999 -9999 -9999 -9999 38.73100 36.80040 25.95250 19.05600 14.70990 10.30220 6.79325 6.58332 7.55274 7.78725 7.56777 8.07651 7.86145 8.96794 9.55447 10.05720 9.12874 9.90922 10.40550 11.54650 13.04920 13.78580 13.41120 13.98630 14.90420 15.87610 15.98250 16.31700 17.73110 17.72040 21.01640 23.67050 22.41140 22.20080 24.90500 26.90440 28.20740 30.33860 32.38130 32.20700 33.61920 35.07140 43.87370 46.56310 44.99590 51.96440 59.62760 62.26040 62.59430 70.17990 62.14850 47.58960 47.29720 53.01180 44.81760 45.69210
-9999 -9999 -9999 -9999 -9999 -9999 27.82890 28.05120 20.90930 18.97860 31.42740 -9999 -9999 -9999 -9999 -9999 30.29330 21.70500 17.12750 10.78060 8.77130 5.86079 5.57145 6.26531 5.88492 6.02943 6.00596 6.55609 8.05253 8.32809 9.22742 8.34555 9.07961 10.51800 9.76460 11.36180 12.64630 12.55290 12.07250 12.89940 13.39940 15.65090 16.90230 17.33990 16.99910 16.17380 16.82460 19.31840 21.76860 22.75090 26.05250 26.50960 27.60010 26.70100 28.32010 31.09310 34.60110 40.03750 42.10440 45.18230 49.92160 55.65010 60.76380 63.20210 67.67810 58.64080 44.80650 39.12000 41.81860 39.49930 42.67550
-9999 -9999 -9999 -9999 -9999 -9999 -9999 -9999 -9999 -9999 -9999 -9999 -9999 -9999 -9999 -9999 -9999 -9999 -9999 9.30600 7.27712 6.21495 4.88202 4.63917 4.79530 4.73503 6.37490 6.32239 7.66736 8.52194 9.10508 8.11511 8.08422 9.60088 9.17391 10.31400 10.04920 11.72470 11.78730 12.16230 13.65720 13.63870 13.56860 14.34110 16.17320 13.67900 14.49530 17.47470 17.75380 20.97010 23.32740 23.71500 26.06350 23.53900 24.86970 27.09300 29.66940 35.32310 37.27920 40.36490 47.45930 48.26600 54.44620 57.48300 58.16070 43.17930 32.64970 32.38690 34.38190 38.23440 42.35660
-9999 -9999 -9999 -9999 -9999 -9999 -9999 -9999 -9999 -9999 -9999 -9999 -9999 -9999 -9999 -9999 -9999 -9999 12.00610 9.59060 7.22785 4.61583 4.25296 4.99506 4.96740 5.09894 5.04453 6.35151 6.07457 7.05751 8.33084 8.03209 8.43173 7.63575 8.75468 9.16596 9.76323 9.42725 9.94006 9.83657 10.91750 12.25140 12.42210 15.08070 14.60970 14.84170 14.14340 14.00370 14.51300 16.85980 18.87470 20.37640 21.48330 22.48270 25.33180 24.63080 26.93310 35.22220 37.95930 35.24950 34.04260 35.06010 39.94460 44.02230 46.16010 38.03100 33.25070 30.47340 33.07150 32.18920 36.60350
-9999 -9999 -9999 -9999 -9999 -9999 -9999 -9999 -9999 -9999 -9999 -9999 -9999 -9999 -9999 -9999 -9999 11.92110 10.71910 7.38869 5.90925 4.17406 4.02305 4.56441 4.57060 4.81739 5.00833 4.89938 4.82834 6.61487 6.71156 6.70411 8.05373 7.09187 6.69913 8.58039 9.27319 10.30900 9.67327 9.77913 10.32670 10.77240 11.84050 11.53740 11.86670 12.60380 13.44390 13.20820 13.52180 14.90340 17.37590 18.92950 21.07960 22.74780 23.65810 23.15250 25.92560 30.69840 32.39290 28.44080 26.01370 31.30930 42.94870 45.29350 34.63570 32.88000 34.00010 32.18840 32.83240 32.11420 38.56370
-9999 -9999 -9999 -9999 -9999 -9999 -9999 -9999 -9999 -9999 -9999 -9999 -9999 -9999 -9999 -9999 -9999 7.95080 6.74956 5.24654 4.59414 3.69790 2.26440 2.43415 3.40736 4.33430 4.59903 4.75413 4.87876 5.59127 6.39730 6.33344 6.70605 7.67584 7.41446 7.19198 7.68520 7.56054 8.58247 10.07000 9.31412 9.21738 9.18541 9.84419 9.99097 10.49470 9.98731 11.67190 13.46960 14.73770 15.97250 17.80650 19.26140 20.50200 20.67900 21.36490 25.56850 24.68180 24.80680 24.59120 26.69840 32.44910 34.40220 39.64160 46.80240 40.36490 33.85850 38.09650 34.81600 32.52090 37.32410
-9999 -9999 -9999 -9999 -9999 -9999 -9999 -9999 -9999 -9999 -9999 -9999 -9999 -9999 -9999 -9999 8.65730 6.01455 5.03149 4.59048 3.19538 2.93228 2.60705 2.15568 3.08049 2.77720 3.01914 4.61948 4.89644 5.38309 5.13624 6.18418 6.44412 5.87783 5.78330 7.07839 7.36943 7.43464 7.65212 8.44903 7.63558 8.02006 8.09371 7.61515 7.94415 8.26787 9.54117 11.00910 11.76280 13.32100 15.76420 15.86560 17.56410 18.08080 18.97820 20.13990 19.22600 19.44330 20.41820 23.29950 23.44680 26.95900 32.52110 43.87900 39.96700 38.17320 38.28560 36.89060 34.51200 33.33550 39.62660
-9999 -9999 -9999 -9999 -9999 -9999 -9999 -9999 -9999 -9999 -9999 -9999 -9999 8.27494 8.31768 8.30838 7.99950 6.76874 4.69326 2.44583 2.36570 2.64762 2.42645 3.10644 3.19269 2.93376 2.95395 2.61149 3.83863 4.48644 4.28369 4.02742 5.19506 5.71939 5.44423 5.52729 5.49852 5.07008 5.10957 5.16167 5.06101 4.69469 4.67584 5.89532 6.67918 6.33874 7.43838 7.53156 8.27829 9.91527 11.34760 14.64110 15.98260 18.33090 19.45380 17.07950 16.56090 17.85250 17.97630 19.21760 21.55330 23.64820 27.50700 27.83160 27.61630 29.05720 32.88570 35.12110 35.77740 36.12940 42.40130
-9999 -9999 -9999 -9999 -9999 -9999 -9999 -9999 -9999 -9999 -9999 -9999 6.27111 5.61407 6.94148 7.28750 6.28607 5.88513 3.77329 2.12777 2.28818 2.01212 2.26984 3.12454 2.84294 2.84435 2.73820 2.19753 1.99224 3.61317 3.62382 3.85197 4.08084 4.47644 4.12024 5.32848 5.24801 4.93671 4.65933 4.43126 4.52372 4.03741 3.76561 4.50596 5.26084 6.85772 6.40502 7.21900 6.78839 7.89332 9.50683 12.35190 13.94970 15.72610 17.42470 17.09690 15.12640 16.84550 18.40670 18.82350 19.90330 21.15750 24.71970 27.45820 28.39070 31.26630 34.37120 35.78840 36.28740 41.49750 50.60430
-9999 -9999 -9999 -9999 -9999 -9999 -9999 -9999 -9999 -9999 -9999 7.63261 6.34232 5.98327 4.96503 5.63862 6.01265 3.81467 3.57470 2.65754 1.39742 1.97421 2.12793 2.31450 2.46433 2.12478 2.06425 2.06869 1.85446 2.95677 3.12008 3.03650 3.03972 3.86489 3.65196 4.20026 4.10743 3.77574 3.29776 3.76081 3.53856 2.60901 2.53706 3.12481 4.74258 4.63685 4.67738 6.77180 8.19264 7.08670 7.98563 12.75810 13.83820 13.92810 14.62410 13.27760 13.37460 13.85090 14.99980 16.15270 18.01660 20.64270 22.11050 25.23140 28.68480 32.81230 34.79550 33.73390 36.68020 41.37460 54.26290
-9999 -9999 -9999 -9999 -9999 -9999 -9999 -9999 -9999 -9999 7.27921 6.87341 4.76589 5.36112 4.80989 3.76380 4.07769 3.36455 3.45770 1.67586 1.42732 1.41303 1.32632 1.47444 1.37414 2.24629 2.16225 2.03844 1.80827 1.85689 2.96909 2.86306 2.91624 3.58530 4.65764 4.47236 4.73382 3.98764 3.35136 3.35608 3.19951 2.53632 2.34607 2.76520 3.05637 2.80295 4.08341 5.11865 6.81596 6.59692 7.44571 11.10660 12.18010 11.88800 12.79180 11.00700 12.43540 12.84110 14.28430 16.78400 18.00190 20.40440 22.36820 25.14360 28.51600 32.20910 34.00670 33.92120 41.08250 49.04090 56.84200
-9999 -9999 -9999 -9999 -9999 -9999 -9999 -9999 -9999 3.85369 4.24648 4.88229 5.49454 4.12174 3.37154 2.69251 2.87545 2.81586 1.72148 1.13633 1.26193 1.71397 1.90204 1.26625 1.23619 2.31416 2.16358 2.14142 1.95073 1.69423 1.51346 3.01007 3.35893 3.15866 4.29485 5.47639 5.01278 3.84539 2.75504 2.13741 1.31970 2.35803 2.43116 2.76887 2.98108 2.46627 3.53116 5.13562 6.79198 7.29384 6.83168 7.14125 8.59314 11.63280 13.46830 10.06280 11.69490 12.71170 14.34510 15.71770 16.48990 19.60680 21.62220 23.52690 25.76750 28.99330 30.45350 34.51780 43.14100 51.41350 52.48460
-9999 -9999 -9999 -9999 -9999 -9999 -9999 -9999 -9999 -9999 3.57284 3.00786 3.12852 3.35907 2.74092 2.42757 2.45984 1.57112 1.67573 1.20854 1.24046 1.70565 1.74340 -9999 -9999 -9999 -9999 -9999 -9999 1.65634 1.48712 2.60449 2.66983 2.56983 3.65563 4.71750 3.98563 3.11969 1.50506 1.39202 1.36348 1.56667 1.54243 1.99922 2.72171 2.54285 2.74234 5.14555 6.14243 5.89878 6.62992 6.42073 8.40666 11.87200 13.46190 9.17946 10.61900 12.78320 13.09110 14.65510 16.57740 19.90350 20.53410 23.04880 26.71070 26.98130 32.54400 38.25340 57.98820 61.34620 66.21430
-9999 -9999 -9999 -9999 -9999 -9999 -9999 -9999 -9999 -9999 -9999 -9999 2.75177 1.45582 1.50226 1.40808 1.33745 1.45203 1.52063 -9999 -9999 -9999 -9999 -9999 -9999 -9999 -9999 -9999 -9999 -9999 -9999 -9999 -9999 1.77531 2.38418 3.25764 3.26934 2.03262 1.63532 1.38251 1.41683 1.20308 1.30791 1.92454 1.98807 2.37300 2.48395 3.76458 4.40777 5.88438 5.62650 6.99033 7.25663 7.76767 8.85133 9.09041 10.65280 11.85110 12.55540 15.68240 18.86330 17.63770 20.28090 23.75480 25.14600 26.64010 32.68020 40.07100 50.26920 51.39650 57.66750
-9999 -9999 -9999 -9999 -9999 -9999 -9999 -9999 -9999 -9999 -9999 -9999 -9999 -9999 -9999 -9999 -9999 -9999 -9999 -9999 -9999 -9999 -9999 -9999 -9999 -9999 -9999 -9999 -9999 -9999 -9999 -9999 -9999 -9999 1.47799 2.56617 1.76525 1.50455 1.50866 1.34371 1.28682 1.07446 1.10141 1.68114 2.60553 2.21943 2.79043 3.71828 3.90885 5.40009 6.17221 6.40605 8.08575 7.67591 8.89778 8.10022 9.24124 12.18990 13.78420 17.36160 19.92660 19.34050 21.83700 23.61120 24.40070 25.82730 34.03040 43.85590 57.84460 56.03860 48.42430
-9999 -9999 -9999 -9999 -9999 -9999 -9999 -9999 -9999 -9999 -9999 -9999 -9999 -9999 -9999 -9999 -9999 -9999 -9999 -9999 -9999 -9999 -9999 -9999 -9999 -9999 -9999 -9999 -9999 -9999 -9999 -9999 -9999 -9999 0.88313 0.90952 1.01059 1.14905 1.05609 0.95179 0.82410 0.92587 0.95933 1.48796 1.61989 3.17713 3.10060 4.14989 5.26394 4.17113 4.42639 6.26447 7.68835 9.31193 10.23130 7.08952 7.45419 10.03430 13.13830 15.27870 17.31880 19.36510 22.49030 26.13850 27.33020 30.89400 34.17510 41.60680 55.05900 50.49440 -9999
-9999 -9999 -9999 -9999 -9999 -9999 -9999 -9999 -9999 -9999 -9999 -9999 -9999 -9999 -9999 -9999 -9999 -9999 -9999 -9999 -9999 -9999 -9999 -9999 -9999 -9999 -9999 -9999 -9999 -9999 -9999 -9999 -9999 -9999 -9999 -9999 -9999 -9999 0.80108 0.69552 0.70797 1.16712 1.32727 1.45536 1.54678 2.29377 3.12460 4.84756 5.80495 4.12394 3.89572 5.18021 5.26249 8.68888 9.87607 6.66542 7.18840 9.12105 11.63760 13.42230 16.38380 18.03830 21.61590 26.44920 31.42170 32.41230 37.46500 42.17970 39.54730 -9999 -9999
