data/hydroclimate-scenarios/1948-2000.Pcorr55N_Pref_Tref/monthly_summaries/swe_monthly_day1_apr.1950-2000.asc
ncols	311
nrows	91
xllcenter	102.75
yllcenter	31.75
cellsize	0.5
NODATA_value	-9999
[rows 0 to 31 of 91, columns 213 to 283 of 311]
-9999 -9999 -9999 -9999 -9999 -9999 -9999 -9999 -9999 -9999 -9999 -9999 -9999 -9999 -9999 -9999 -9999 -9999 -9999 -9999 -9999 -9999 -9999 -9999 -9999 -9999 -9999 -9999 -9999 -9999 -9999 -9999 -9999 -9999 -9999 -9999 -9999 -9999 -9999 -9999 -9999 -9999 -9999 -9999 -9999 -9999 -9999 -9999 -9999 -9999 -9999 -9999 -9999 -9999 -9999 -9999 -9999 -9999 -9999 -9999 -9999 -9999 -9999 -9999 -9999 -9999 -9999 -9999 -9999 -9999 -9999
-9999 -9999 -9999 -9999 -9999 -9999 -9999 -9999 -9999 -9999 -9999 -9999 -9999 -9999 -9999 -9999 -9999 -9999 -9999 -9999 -9999 -9999 -9999 -9999 -9999 -9999 -9999 -9999 -9999 -9999 -9999 -9999 -9999 -9999 -9999 -9999 -9999 -9999 -9999 -9999 -9999 -9999 -9999 -9999 -9999 -9999 -9999 -9999 -9999 -9999 -9999 -9999 -9999 -9999 -9999 -9999 -9999 -9999 -9999 -9999 -9999 -9999 -9999 -9999 -9999 -9999 -9999 -9999 -9999 -9999 -9999
-9999 -9999 -9999 -9999 -9999 -9999 -9999 -9999 -9999 -9999 -9999 -9999 -9999 -9999 -9999 -9999 -9999 -9999 -9999 -9999 -9999 -9999 -9999 -9999 -9999 -9999 -9999 -9999 -9999 -9999 -9999 -9999 -9999 -9999 -9999 -9999 -9999 -9999 -9999 -9999 -9999 -9999 -9999 -9999 -9999 -9999 -9999 -9999 -9999 -9999 -9999 -9999 -9999 -9999 -9999 -9999 -9999 -9999 -9999 -9999 -9999 -9999 -9999 -9999 -9999 -9999 -9999 -9999 -9999 -9999 -9999
-9999 -9999 -9999 -9999 -9999 -9999 -9999 -9999 -9999 -9999 -9999 -9999 -9999 -9999 -9999 -9999 -9999 -9999 -9999 -9999 -9999 -9999 -9999 -9999 -9999 -9999 -9999 -9999 -9999 -9999 -9999 -9999 -9999 -9999 -9999 -9999 -9999 -9999 -9999 -9999 -9999 -9999 -9999 -9999 -9999 -9999 -9999 -9999 -9999 -9999 -9999 -9999 -9999 -9999 -9999 -9999 -9999 -9999 -9999 -9999 -9999 -9999 -9999 -9999 -9999 -9999 -9999 -9999 -9999 -9999 -9999
-9999 -9999 -9999 -9999 -9999 -9999 -9999 -9999 -9999 -9999 -9999 -9999 -9999 -9999 -9999 -9999 -9999 -9999 -9999 -9999 -9999 -9999 -9999 -9999 -9999 -9999 -9999 -9999 -9999 -9999 -9999 -9999 -9999 -9999 -9999 -9999 -9999 -9999 -9999 -9999 -9999 -9999 -9999 -9999 -9999 -9999 -9999 -9999 -9999 -9999 -9999 -9999 -9999 -9999 -9999 -9999 -9999 -9999 -9999 -9999 -9999 -9999 -9999 -9999 -9999 -9999 -9999 -9999 -9999 -9999 -9999
-9999 -9999 -9999 -9999 -9999 -9999 -9999 -9999 -9999 -9999 -9999 -9999 -9999 -9999 -9999 -9999 -9999 -9999 -9999 -9999 -9999 -9999 -9999 -9999 -9999 -9999 -9999 -9999 -9999 -9999 -9999 -9999 -9999 -9999 -9999 -9999 -9999 -9999 -9999 -9999 -9999 -9999 -9999 -9999 -9999 -9999 -9999 -9999 -9999 -9999 -9999 -9999 -9999 -9999 -9999 -9999 -9999 -9999 -9999 -9999 -9999 -9999 -9999 -9999 -9999 -9999 -9999 -9999 -9999 -9999 -9999
-9999 -9999 -9999 -9999 -9999 -9999 -9999 -9999 -9999 -9999 -9999 -9999 -9999 -9999 -9999 -9999 -9999 -9999 -9999 -9999 -9999 -9999 -9999 -9999 -9999 -9999 -9999 -9999 -9999 -9999 -9999 -9999 -9999 -9999 -9999 -9999 -9999 -9999 -9999 -9999 -9999 -9999 -9999 -9999 -9999 -9999 -9999 -9999 -9999 -9999 -9999 -9999 -9999 -9999 -9999 -9999 -9999 -9999 -9999 -9999 -9999 -9999 -9999 -9999 -9999 -9999 -9999 -9999 -9999 -9999 -9999
-9999 -9999 -9999 -9999 -9999 -9999 -9999 -9999 -9999 -9999 -9999 -9999 -9999 -9999 -9999 -9999 -9999 -9999 -9999 -9999 -9999 -9999 -9999 -9999 -9999 -9999 -9999 -9999 -9999 -9999 -9999 -9999 -9999 -9999 -9999 -9999 -9999 -9999 -9999 -9999 -9999 -9999 -9999 -9999 -9999 -9999 -9999 -9999 -9999 -9999 -9999 -9999 -9999 -9999 -9999 -9999 -9999 -9999 -9999 -9999 -9999 -9999 -9999 -9999 -9999 -9999 -9999 -9999 -9999 -9999 -9999
-9999 -9999 -9999 -9999 -9999 -9999 -9999 -9999 -9999 -9999 -9999 -9999 -9999 -9999 -9999 -9999 -9999 -9999 -9999 -9999 -9999 -9999 -9999 -9999 -9999 -9999 -9999 -9999 -9999 -9999 -9999 -9999 -9999 -9999 -9999 -9999 -9999 -9999 -9999 -9999 -9999 -9999 -9999 -9999 -9999 -9999 -9999 -9999 -9999 -9999 -9999 -9999 -9999 -9999 -9999 -9999 -9999 -9999 -9999 -9999 -9999 -9999 -9999 -9999 -9999 -9999 -9999 -9999 -9999 -9999 -9999
-9999 -9999 -9999 -9999 -9999 -9999 -9999 -9999 -9999 -9999 -9999 -9999 -9999 -9999 -9999 -9999 -9999 -9999 -9999 -9999 -9999 -9999 -9999 -9999 -9999 -9999 -9999 -9999 -9999 -9999 -9999 -9999 -9999 -9999 -9999 -9999 -9999 -9999 -9999 -9999 -9999 -9999 -9999 -9999 -9999 -9999 -9999 -9999 -9999 -9999 -9999 -9999 -9999 -9999 -9999 -9999 -9999 -9999 -9999 -9999 -9999 -9999 -9999 -9999 -9999 -9999 -9999 -9999 -9999 -9999 -9999
-9999 -9999 -9999 -9999 -9999 -9999 -9999 -9999 -9999 -9999 -9999 -9999 -9999 -9999 -9999 -9999 -9999 -9999 -9999 -9999 -9999 -9999 -9999 -9999 -9999 -9999 -9999 -9999 -9999 -9999 -9999 -9999 -9999 -9999 -9999 -9999 -9999 -9999 -9999 -9999 -9999 -9999 -9999 -9999 -9999 -9999 -9999 -9999 -9999 -9999 -9999 -9999 -9999 -9999 -9999 -9999 -9999 -9999 -9999 -9999 -9999 -9999 -9999 -9999 -9999 -9999 -9999 -9999 -9999 -9999 -9999
-9999 -9999 -9999 -9999 -9999 -9999 -9999 -9999 -9999 -9999 -9999 -9999 -9999 -9999 -9999 -9999 -9999 -9999 -9999 -9999 -9999 -9999 -9999 -9999 -9999 -9999 -9999 -9999 -9999 -9999 -9999 -9999 -9999 -9999 -9999 -9999 -9999 -9999 -9999 -9999 -9999 -9999 -9999 -9999 -9999 -9999 -9999 -9999 -9999 -9999 -9999 -9999 -9999 -9999 -9999 -9999 -9999 -9999 -9999 -9999 -9999 -9999 -9999 -9999 -9999 -9999 -9999 -9999 -9999 -9999 -9999
-9999 -9999 -9999 -9999 -9999 -9999 -9999 -9999 -9999 -9999 -9999 -9999 -9999 -9999 -9999 -9999 -9999 -9999 -9999 -9999 -9999 -9999 -9999 -9999 -9999 -9999 -9999 -9999 -9999 -9999 -9999 -9999 -9999 -9999 -9999 -9999 -9999 -9999 -9999 -9999 -9999 -9999 -9999 -9999 -9999 -9999 -9999 -9999 -9999 -9999 -9999 -9999 -9999 -9999 -9999 -9999 -9999 -9999 -9999 -9999 -9999 -9999 -9999 -9999 -9999 -9999 -9999 -9999 -9999 -9999 -9999
87.24630 88.54440 88.46220 87.43380 74.92490 72.69760 -9999 -9999 -9999 -9999 -9999 -9999 -9999 -9999 -9999 -9999 -9999 -9999 -9999 -9999 -9999 -9999 -9999 -9999 -9999 -9999 -9999 -9999 -9999 -9999 -9999 -9999 -9999 -9999 -9999 -9999 -9999 -9999 -9999 -9999 -9999 -9999 -9999 -9999 -9999 -9999 -9999 62.02050 -9999 -9999 -9999 -9999 -9999 -9999 -9999 -9999 -9999 -9999 -9999 -9999 -9999 -9999 -9999 -9999 -9999 -9999 -9999 -9999 -9999 -9999 -9999
95.62110 93.67890 89.77460 88.27700 90.02550 89.84020 70.10150 66.64050 56.73320 60.41690 46.62220 49.56840 50.62190 100.61700 96.98820 92.82550 86.07180 71.92450 386.78699 -9999 -9999 -9999 -9999 -9999 -9999 -9999 -9999 -9999 -9999 -9999 -9999 -9999 -9999 -9999 -9999 -9999 -9999 -9999 -9999 -9999 -9999 -9999 18.23170 34.01900 28.13220 13.63240 16.84510 35.11510 81.50540 -9999 -9999 -9999 78.91240 -9999 -9999 -9999 83.12400 103.06500 99.95350 -9999 -9999 -9999 -9999 -9999 -9999 -9999 -9999 -9999 -9999 -9999 -9999
99.22000 92.89660 91.04940 91.43530 91.80820 93.51820 25.62220 9.24454 10.52100 11.50370 13.01020 16.10880 15.85330 17.12670 2.65428 12.24810 9.36670 7.64569 4.79728 3.87821 4.24770 14.56220 62.94300 114.19100 71.69160 -9999 -9999 -9999 -9999 -9999 89.19400 88.43250 96.54440 103.30100 102.92700 95.59050 87.00630 87.37810 84.14190 80.64220 75.55800 76.82100 16.08310 20.62120 18.29350 18.77980 23.68870 30.39290 95.96870 100.33800 104.01700 97.98820 95.52620 109.57000 107.74400 101.01800 112.87500 109.87000 80.56210 83.61240 93.96730 94.97410 99.05340 93.99120 -9999 -9999 -9999 -9999 -9999 -9999 -9999
106.49700 106.25300 106.90600 70.05990 69.74550 55.60240 12.57060 15.09070 16.57480 16.45310 0.00000 18.23430 16.60880 17.18460 12.17660 9.04948 6.08845 5.39049 4.39184 3.12067 10.32800 14.84000 83.17070 29.13880 52.72800 71.10890 86.32510 107.59400 119.24400 113.48600 106.58600 104.64300 103.95700 119.53000 126.94200 113.02600 100.83000 103.25000 107.94700 101.39800 102.61200 103.88200 97.58550 98.48930 102.36400 99.96460 99.36390 99.28020 99.05010 98.72380 104.53900 102.33200 109.78500 115.49100 123.07800 139.87601 140.50000 140.33200 151.91499 152.06200 137.76401 150.60201 132.38100 122.37900 112.36100 99.59760 98.54070 97.57810 92.25400 94.76370 102.60100
87.05300 57.80420 109.48900 43.51610 40.60440 19.82640 16.69050 14.98340 15.13020 13.38800 11.53200 11.17250 13.90860 9.74594 4.61345 3.17369 3.36282 4.64807 34.77340 34.11770 42.05270 68.98980 171.95300 182.26900 73.13360 82.13540 74.75360 102.12700 123.60300 138.87601 148.77299 114.84500 115.14800 128.45200 148.42999 154.76199 151.40500 149.43700 141.08701 134.14200 123.38000 127.60400 116.09500 109.06300 109.10300 104.53000 99.42200 103.56100 110.15500 108.80900 111.65900 116.56200 121.53600 133.01401 140.08000 151.35699 159.01500 147.56700 150.89900 156.60001 163.05499 176.06799 138.67300 139.67500 127.08600 122.95300 119.26000 129.16299 143.31500 149.94501 158.65800
108.06600 111.22900 81.89950 70.65150 69.79870 51.31810 49.29870 25.31730 25.25940 23.96130 23.77200 21.98860 13.19580 9.76119 1.91928 11.77200 45.56380 14.57320 30.40420 25.80150 83.33000 128.97301 178.11400 191.45200 97.01010 91.40470 108.38400 80.86530 79.13620 108.08000 194.07001 162.78101 154.10899 149.56500 156.52100 165.03300 166.19600 152.26199 140.29300 134.49200 125.38400 118.07000 114.87500 119.45200 120.53000 121.48600 126.51800 129.32700 133.74400 131.91100 135.82401 128.76900 127.80000 131.10201 141.54800 138.95700 135.60201 149.14900 162.65500 165.07001 165.66600 167.05499 141.73900 147.61099 147.51401 157.94501 162.81700 157.82800 153.13600 157.69099 161.54500
143.98700 165.15900 131.57600 100.13900 86.80810 78.75900 66.22680 53.07050 76.10310 68.60490 60.53360 50.45070 59.39290 57.38150 61.54380 60.46070 57.93440 65.41060 214.50600 199.49200 125.63900 149.36700 120.02600 151.33600 74.61570 91.01000 120.52200 135.44200 158.69501 142.63800 234.75101 229.76300 196.63800 183.01199 164.71600 150.56700 144.53400 138.61400 140.50200 146.33701 133.46201 122.84800 135.93401 149.33400 142.35001 140.84500 147.26900 145.79201 146.43300 137.49600 142.25101 154.65700 141.78101 140.37801 146.42101 150.76401 160.25500 164.32700 164.02400 158.95900 153.86000 149.56799 150.39000 159.76700 166.93700 174.69400 179.35201 199.22400 211.31100 214.81799 210.73801
144.10600 207.28999 206.30600 161.61301 118.16300 95.72160 91.36480 85.88850 65.54220 61.87750 61.72140 62.66150 65.08910 66.28280 71.82630 77.31510 82.25650 85.66740 144.76300 86.75800 22.81810 31.18410 68.77160 56.22890 58.03930 91.56550 118.00700 140.40199 156.05000 173.67900 180.45399 214.86000 208.75700 192.46400 168.47099 150.42000 149.47400 154.34700 148.36501 145.32100 144.99899 128.70799 141.44501 139.26601 138.42000 136.97200 138.48399 147.64600 153.06900 154.08701 164.10300 158.55901 158.82201 160.35400 158.73599 160.10300 175.84599 158.01900 157.36700 146.99300 143.34801 138.88100 141.37100 149.05000 160.71400 171.46800 179.58701 198.72501 203.02800 211.13100 212.85201
177.90800 163.93700 128.67101 82.11280 70.71170 71.72250 73.03450 75.38540 68.64050 68.39210 68.18810 70.08640 76.24610 82.14130 87.13460 83.29370 84.62500 83.67560 194.06700 157.00999 13.93640 10.04080 11.58500 28.03910 51.83530 105.92400 150.12801 166.65700 151.82201 170.42999 168.77800 216.29500 225.61000 207.72301 187.18900 172.85300 168.34700 158.98100 153.41701 153.29201 148.56900 134.77699 139.58400 136.24300 130.71201 137.27499 149.74699 153.55099 160.74600 161.24200 175.20900 170.56300 159.09100 155.47701 151.62601 147.95500 149.42900 159.44501 155.82800 155.97400 145.54800 144.68100 141.22900 145.44901 150.13100 139.27800 150.69501 166.51199 184.65300 205.08701 220.83000
170.05200 113.27300 96.46710 96.71560 92.28470 108.93800 154.72501 137.17500 111.74100 124.95700 40.48460 48.41560 84.01450 83.25940 101.90400 100.29100 100.28600 87.47060 111.18600 142.27299 14.57830 14.13580 15.79670 31.07410 26.71240 74.52670 95.18560 109.31900 145.84700 173.67000 176.41600 180.50700 183.03101 191.62399 182.03999 189.72600 196.56000 185.90800 210.32100 202.06799 208.35699 193.31000 173.97301 160.55299 152.37199 177.13200 190.13200 216.02600 231.28600 221.32300 209.63400 202.62900 177.88600 168.17500 158.42200 168.04601 162.12700 166.94200 148.94600 134.82401 140.73399 138.10800 146.64101 149.33400 144.44600 148.86800 157.47000 165.42799 183.22400 195.23199 215.40900
108.09000 107.19600 120.14900 96.67500 71.43740 92.74590 130.55499 128.67400 105.69500 51.97590 30.41330 25.82390 0.06846 3.84651 3.57397 2.37677 98.69160 98.93390 125.23100 155.83701 36.57990 12.17030 22.56160 32.97010 32.78220 37.48790 65.06630 73.93730 99.03670 134.09000 162.73000 184.28999 188.75200 168.78700 182.64999 154.06599 144.37801 176.31799 227.14301 208.32100 227.57401 255.05701 302.70499 304.98599 317.41101 310.48199 282.00699 249.67101 276.98001 255.37601 215.98599 180.40900 191.74500 179.27499 164.77400 174.84801 171.86400 156.26601 146.86301 159.46100 165.04201 141.41499 146.34700 152.64000 144.86000 151.40601 152.07001 160.43900 169.38499 178.56100 186.82600
89.39560 87.58930 91.86100 85.67540 78.80610 78.42780 75.32070 80.95950 107.65100 104.02500 43.41210 18.58530 0.02949 0.00000 0.00000 0.04903 0.00000 0.00000 8.30966 190.07300 233.27000 15.42310 14.74680 15.29080 18.36200 23.26270 21.58730 38.36010 53.59100 65.60930 62.79960 71.89060 77.91980 86.77910 75.17600 92.46840 105.93100 103.37200 145.72800 174.75999 225.99200 246.01100 307.25699 311.69601 361.61301 420.64700 439.23901 375.42499 305.04700 244.02400 210.65800 171.15601 170.62100 196.02901 188.58200 177.43100 167.05299 162.51100 142.95799 147.71300 160.22900 174.89301 187.97600 178.69701 159.04800 146.06900 141.05800 152.51900 156.64200 160.57100 164.39700
79.53030 81.35410 86.67330 83.46560 91.47480 88.75560 98.12240 83.10640 74.06200 72.64540 83.10300 98.24600 54.74030 44.54150 20.09790 10.80950 7.85142 0.02232 17.37260 44.39280 45.83890 113.57300 13.82700 56.02870 27.69720 17.88190 21.72370 29.14360 50.73950 92.08970 92.34280 107.33400 78.55880 87.53340 67.31040 83.80470 114.41700 119.44700 162.68700 205.30000 229.41400 279.54901 354.56201 401.09900 406.64499 427.54599 464.73001 455.35999 435.49500 355.79001 303.21301 244.57201 192.65700 238.41200 254.65401 201.64200 187.24400 183.66299 163.93300 164.03300 167.55400 182.82899 186.59100 172.08600 176.50000 175.55400 157.86301 146.54601 158.72200 156.64700 162.87601
157.87700 172.41200 170.06799 160.06400 139.89700 206.14799 263.09601 261.90100 187.07201 196.34100 227.31700 254.63100 153.38901 77.90300 62.28560 63.44950 57.05110 59.31250 69.49590 36.72450 75.71750 54.23200 65.80850 97.26060 87.79640 105.58100 136.70900 139.66499 150.07401 191.04900 201.16000 132.82300 123.58400 120.99500 118.24900 133.78200 111.77100 143.86099 179.70599 228.74800 281.80499 332.07901 373.81000 449.78500 482.84399 518.58698 525.67297 530.34100 475.55600 407.73700 345.98801 313.08499 243.45799 207.71400 211.49200 232.22900 197.42700 190.75900 191.13200 182.11400 178.30099 184.18201 190.28600 194.94200 182.98300 176.31200 169.72400 159.04601 154.17700 157.70500 167.00400
-9999 526.27100 352.04300 254.66299 242.10500 229.65100 255.40900 339.24701 327.41199 372.89301 312.33801 288.83099 295.96100 273.63901 222.28600 104.57400 56.12150 51.06860 261.08801 246.27499 184.56500 190.69800 138.80701 180.32600 88.82700 106.57000 124.24300 170.23801 153.01300 172.03000 156.67900 95.27210 73.57650 88.64340 65.11590 87.35050 118.24800 158.56400 181.44501 229.75999 298.13400 382.49600 433.00500 492.87701 544.18799 570.78400 583.27698 584.06598 513.90601 452.82599 430.28101 371.09399 309.88800 261.37799 204.77299 231.13699 216.26100 204.14000 192.89301 204.96700 194.46400 193.06799 189.59599 177.75800 179.70700 181.09599 179.25301 178.51199 156.93700 154.02600 152.41701
909.77301 547.13397 406.02100 320.69699 231.71899 212.92101 223.17000 145.03300 138.96600 149.32100 159.51700 164.97301 119.35900 143.32600 148.33400 157.99100 114.49200 45.11280 282.57199 330.50699 351.45099 357.01401 236.61600 149.42999 31.36180 16.34850 94.91940 120.86300 106.21300 128.90500 132.10201 82.73110 63.88560 37.75450 45.28740 83.43850 132.94501 156.38100 202.09000 264.76599 296.12100 378.44400 445.01001 515.45599 606.14600 627.53003 665.25702 641.61902 545.87402 542.18701 459.04999 392.42899 366.56601 284.19101 256.35001 192.51500 216.86099 212.69901 182.36099 177.86099 176.11000 175.55299 178.39000 177.07001 182.67200 189.55200 199.04700 194.95300 185.83000 161.43600 156.70200
355.59201 243.06000 392.30301 479.37201 515.47803 343.26001 203.73599 146.93401 108.51900 108.98000 99.47740 98.23940 227.34300 409.17899 417.57999 342.72699 281.66101 155.93100 239.01900 279.61200 321.01199 593.39600 533.78699 266.06201 125.13600 70.91150 72.08960 60.00360 88.44840 108.89500 91.26250 51.81030 54.72830 30.61750 51.02540 87.25300 158.38300 190.17900 244.18900 293.55301 361.90601 420.48700 505.54700 583.26599 661.30103 725.69098 669.02600 662.52002 633.92102 599.29602 491.59201 452.76801 429.32599 340.44299 277.88300 192.36900 203.52100 217.81900 186.82401 202.53799 228.85100 271.51401 277.59799 271.85300 264.54599 217.06100 185.08200 186.75500 189.26801 183.18201 172.85201
256.47299 171.10400 196.88200 329.86801 353.21100 239.76700 460.81500 694.31299 639.88098 344.93600 248.13901 139.71800 199.61099 422.31799 -9999 -9999 1783.93005 610.96100 486.27802 543.66400 530.18103 743.51398 646.41998 335.62601 159.62900 120.58400 141.78900 176.53799 129.13699 115.32200 74.52070 45.02640 36.18970 36.08630 70.86950 118.35900 154.14900 198.78799 226.94800 286.02802 319.07999 392.80301 404.84698 522.86200 625.85797 666.80298 677.16400 550.27802 462.92001 428.35101 372.48901 379.20401 408.68799 306.31900 225.73801 229.59801 200.42300 203.76700 161.48300 164.42900 165.98599 182.37000 189.21100 191.78600 185.45100 184.49600 179.35300 182.19800 183.30099 194.97701 185.04500
166.98199 -9999 121.74800 333.55600 888.02399 -9999 -9999 -9999 -9999 1628.51001 1351.21997 768.85699 698.19397 556.72498 521.28101 473.60501 290.26001 518.10901 -9999 -9999 -9999 -9999 1144.40002 793.70398 505.20901 413.41901 323.01801 261.10800 286.99799 238.96800 182.46700 111.20500 60.05000 72.83450 111.06800 149.89301 205.92799 230.42101 278.30099 327.07999 398.92001 423.69000 424.82199 402.29501 545.45203 524.66199 578.41400 500.51801 422.79599 382.82599 378.79001 338.84799 337.23199 307.71301 216.02901 206.01500 165.57700 164.20399 172.74899 179.19701 171.40401 158.92599 161.73900 163.65700 167.26900 169.99100 176.66000 170.31300 172.33600 178.01700 170.46500
