data/hydroclimate-scenarios/1948-2000.Pcorr55N_Pref_Tref/monthly_summaries/swe_monthly_day1_feb.asc
ncols	311
nrows	91
xllcenter	102.75
yllcenter	31.75
cellsize	0.5
NODATA_value	-9999
[rows 0 to 30 of 91, columns 0 to 70 of 311]
-9999 -9999 -9999 -9999 -9999 -9999 -9999 -9999 -9999 -9999 -9999 -9999 -9999 -9999 -9999 -9999 -9999 -9999 -9999 -9999 -9999 -9999 -9999 -9999 -9999 -9999 -9999 -9999 -9999 -9999 -9999 -9999 -9999 -9999 -9999 -9999 -9999 -9999 -9999 -9999 -9999 -9999 -9999 -9999 -9999 -9999 -9999 -9999 -9999 -9999 -9999 -9999 -9999 -9999 -9999 -9999 -9999 -9999 -9999 -9999 -9999 -9999 -9999 -9999 -9999 -9999 -9999 -9999 -9999 -9999 -9999
-9999 -9999 -9999 -9999 -9999 -9999 -9999 -9999 -9999 -9999 -9999 -9999 -9999 -9999 -9999 -9999 -9999 -9999 -9999 -9999 -9999 -9999 -9999 -9999 -9999 -9999 -9999 -9999 -9999 -9999 -9999 -9999 -9999 -9999 -9999 -9999 -9999 -9999 -9999 -9999 -9999 -9999 -9999 -9999 -9999 -9999 -9999 -9999 -9999 -9999 -9999 -9999 -9999 -9999 -9999 -9999 -9999 -9999 -9999 -9999 -9999 -9999 -9999 -9999 -9999 -9999 -9999 -9999 -9999 -9999 -9999
-9999 -9999 -9999 -9999 -9999 -9999 -9999 -9999 -9999 -9999 -9999 -9999 -9999 -9999 -9999 -9999 -9999 -9999 -9999 -9999 -9999 -9999 -9999 -9999 -9999 -9999 -9999 -9999 -9999 -9999 -9999 -9999 -9999 -9999 -9999 -9999 -9999 -9999 -9999 -9999 -9999 -9999 -9999 -9999 -9999 -9999 -9999 -9999 -9999 -9999 -9999 -9999 -9999 -9999 -9999 -9999 -9999 -9999 -9999 -9999 -9999 -9999 -9999 -9999 -9999 -9999 -9999 -9999 -9999 -9999 -9999
-9999 -9999 -9999 -9999 -9999 -9999 -9999 -9999 -9999 -9999 -9999 -9999 -9999 -9999 -9999 -9999 -9999 -9999 -9999 -9999 -9999 -9999 -9999 -9999 -9999 -9999 -9999 -9999 -9999 -9999 -9999 -9999 -9999 -9999 -9999 -9999 -9999 -9999 -9999 -9999 -9999 -9999 -9999 -9999 -9999 -9999 -9999 -9999 -9999 -9999 -9999 -9999 -9999 -9999 -9999 -9999 -9999 -9999 -9999 -9999 -9999 -9999 -9999 -9999 -9999 -9999 -9999 -9999 -9999 -9999 -9999
-9999 -9999 -9999 -9999 -9999 -9999 -9999 -9999 -9999 -9999 -9999 -9999 -9999 -9999 -9999 -9999 -9999 -9999 -9999 -9999 -9999 -9999 -9999 -9999 -9999 -9999 -9999 -9999 -9999 -9999 -9999 -9999 -9999 -9999 -9999 -9999 -9999 -9999 -9999 -9999 -9999 -9999 -9999 -9999 -9999 -9999 -9999 -9999 -9999 -9999 -9999 -9999 -9999 -9999 -9999 -9999 -9999 -9999 -9999 -9999 -9999 -9999 -9999 -9999 -9999 -9999 -9999 -9999 -9999 -9999 -9999
-9999 -9999 -9999 -9999 -9999 -9999 -9999 -9999 -9999 -9999 -9999 -9999 -9999 -9999 -9999 -9999 -9999 -9999 -9999 -9999 -9999 -9999 -9999 -9999 -9999 -9999 -9999 -9999 -9999 -9999 -9999 -9999 -9999 -9999 -9999 -9999 -9999 -9999 -9999 -9999 -9999 -9999 -9999 -9999 -9999 -9999 -9999 -9999 -9999 -9999 -9999 -9999 -9999 -9999 -9999 -9999 -9999 -9999 -9999 -9999 -9999 -9999 -9999 -9999 -9999 -9999 -9999 -9999 -9999 -9999 -9999
-9999 -9999 -9999 -9999 -9999 -9999 -9999 -9999 -9999 -9999 -9999 -9999 -9999 -9999 -9999 -9999 -9999 -9999 -9999 -9999 -9999 -9999 -9999 -9999 -9999 -9999 -9999 -9999 -9999 -9999 -9999 -9999 -9999 -9999 -9999 -9999 -9999 -9999 -9999 -9999 -9999 -9999 -9999 -9999 -9999 -9999 -9999 -9999 -9999 -9999 -9999 -9999 -9999 -9999 -9999 -9999 -9999 -9999 -9999 -9999 -9999 -9999 -9999 -9999 -9999 -9999 -9999 -9999 -9999 -9999 -9999
-9999 -9999 -9999 -9999 -9999 -9999 -9999 -9999 -9999 -9999 -9999 -9999 -9999 -9999 -9999 -9999 -9999 -9999 -9999 -9999 -9999 -9999 -9999 -9999 -9999 -9999 -9999 -9999 -9999 -9999 -9999 -9999 -9999 -9999 -9999 -9999 -9999 -9999 -9999 -9999 -9999 -9999 126.82900 128.23599 128.19200 130.56700 128.59399 127.98100 123.53900 121.44100 117.89100 116.20600 -9999 -9999 -9999 -9999 -9999 -9999 -9999 -9999 -9999 -9999 -9999 -9999 -9999 -9999 -9999 -9999 -9999 -9999 -9999
-9999 -9999 -9999 -9999 -9999 -9999 -9999 -9999 -9999 -9999 -9999 -9999 -9999 -9999 -9999 -9999 -9999 -9999 -9999 -9999 -9999 -9999 -9999 -9999 -9999 -9999 -9999 -9999 -9999 -9999 -9999 -9999 -9999 -9999 -9999 -9999 -9999 -9999 121.51600 125.57400 123.97400 127.82400 128.81000 132.83900 133.37700 133.55800 133.13600 131.73801 130.64101 127.03800 121.83100 117.16500 112.13600 70.63820 -9999 -9999 -9999 -9999 -9999 -9999 -9999 -9999 -9999 -9999 -9999 -9999 -9999 -9999 -9999 -9999 -9999
-9999 -9999 -9999 -9999 -9999 -9999 -9999 -9999 -9999 -9999 -9999 -9999 -9999 -9999 -9999 -9999 -9999 -9999 -9999 -9999 -9999 -9999 -9999 -9999 -9999 -9999 -9999 -9999 -9999 -9999 -9999 -9999 -9999 -9999 -9999 -9999 -9999 -9999 -9999 -9999 117.04800 125.13100 127.57100 131.25400 134.93300 135.89600 136.46700 136.19600 135.61000 134.78500 130.08200 121.81100 117.20000 74.47930 -9999 -9999 -9999 -9999 -9999 -9999 -9999 -9999 -9999 -9999 -9999 -9999 -9999 -9999 -9999 -9999 -9999
-9999 -9999 -9999 -9999 -9999 -9999 -9999 -9999 -9999 -9999 -9999 -9999 -9999 -9999 -9999 -9999 -9999 -9999 -9999 -9999 -9999 -9999 -9999 -9999 -9999 -9999 -9999 -9999 -9999 -9999 -9999 -9999 -9999 -9999 -9999 -9999 -9999 -9999 -9999 -9999 -9999 -9999 -9999 -9999 140.58501 140.10800 143.14999 145.53600 146.09801 143.70000 141.73500 132.83400 127.15800 80.02170 -9999 -9999 -9999 -9999 -9999 -9999 80.32010 -9999 -9999 -9999 -9999 -9999 -9999 -9999 -9999 -9999 -9999
-9999 -9999 -9999 -9999 -9999 -9999 -9999 -9999 -9999 -9999 -9999 -9999 -9999 -9999 -9999 -9999 -9999 -9999 -9999 -9999 -9999 -9999 -9999 -9999 -9999 -9999 -9999 -9999 -9999 -9999 -9999 -9999 -9999 -9999 -9999 -9999 -9999 -9999 -9999 -9999 -9999 132.49800 133.63400 136.07700 139.53500 138.20000 139.98801 142.72301 141.93500 141.58299 137.89101 129.25500 121.66500 112.94100 -9999 -9999 -9999 -9999 -9999 79.67850 75.62610 74.38740 70.00090 64.91700 63.30970 62.02360 60.34560 59.59610 57.56460 58.54400 58.78390
-9999 -9999 -9999 -9999 -9999 -9999 -9999 -9999 -9999 -9999 -9999 -9999 -9999 -9999 -9999 -9999 -9999 -9999 -9999 -9999 -9999 -9999 -9999 -9999 -9999 -9999 -9999 -9999 -9999 -9999 -9999 -9999 -9999 -9999 -9999 -9999 -9999 -9999 -9999 -9999 -9999 125.45500 130.96500 135.88499 134.50400 136.71201 136.57800 133.81599 135.14500 132.79500 125.94300 118.41700 110.90600 103.65500 99.38750 93.94390 87.58630 -9999 79.59260 80.23200 74.99640 72.15950 69.69290 65.46500 64.29340 61.80690 60.25440 60.50310 58.94100 58.67730 58.26970
-9999 -9999 -9999 -9999 -9999 -9999 -9999 -9999 -9999 -9999 -9999 -9999 -9999 -9999 -9999 -9999 -9999 -9999 -9999 -9999 -9999 -9999 -9999 -9999 -9999 -9999 -9999 -9999 -9999 -9999 -9999 -9999 -9999 -9999 -9999 105.73500 108.58700 115.28500 117.31600 120.15900 122.26200 123.83200 128.18800 132.16800 134.64000 137.16701 135.22200 134.57899 134.03999 131.60201 125.61100 117.28500 110.47000 103.98200 97.49760 90.90270 85.76930 79.77110 75.96920 75.15780 71.34580 69.44540 67.39560 61.31810 61.02460 60.52260 59.25140 58.09760 57.87310 56.63210 56.35230
-9999 -9999 -9999 -9999 -9999 -9999 -9999 -9999 -9999 -9999 -9999 -9999 -9999 -9999 -9999 -9999 -9999 -9999 -9999 -9999 -9999 -9999 -9999 -9999 -9999 -9999 -9999 -9999 -9999 -9999 -9999 -9999 -9999 -9999 101.77800 107.41300 111.62600 112.33700 116.11800 118.13900 123.97800 124.69400 129.52200 129.08400 127.10900 132.19400 131.66000 132.38400 132.89200 125.10100 123.19800 115.72500 109.59100 100.55900 96.29740 90.41950 80.97410 76.52300 74.56540 73.19570 67.90660 64.44160 64.11680 58.85940 60.51200 59.83430 57.89960 56.36160 54.10540 53.48760 53.74930
-9999 -9999 -9999 -9999 -9999 -9999 -9999 -9999 -9999 -9999 -9999 -9999 -9999 -9999 -9999 -9999 -9999 -9999 -9999 -9999 -9999 -9999 -9999 -9999 -9999 -9999 -9999 -9999 -9999 -9999 -9999 -9999 -9999 100.06900 104.24200 107.31000 109.85500 111.00700 113.38400 117.32100 121.96300 123.70800 126.22600 126.98400 128.04900 128.50900 128.82001 128.10400 125.10900 121.86400 114.44100 105.80300 92.42680 91.57060 86.02870 80.76040 75.42030 72.71170 69.73710 67.12380 63.08770 59.63410 58.79240 58.36750 57.62160 55.66990 54.60490 52.41440 51.57780 51.51710 49.75690
-9999 -9999 -9999 -9999 -9999 -9999 -9999 -9999 -9999 -9999 -9999 -9999 -9999 -9999 -9999 -9999 -9999 -9999 -9999 -9999 -9999 -9999 -9999 -9999 -9999 -9999 -9999 -9999 -9999 -9999 -9999 97.06570 99.74270 100.45900 102.83900 104.45900 108.14500 109.48100 115.20300 116.78300 118.80400 122.82900 125.09700 126.01500 126.12200 125.80900 124.52700 117.62000 115.67600 112.73400 106.01000 97.79130 83.24990 86.29880 82.64010 75.54100 71.76080 66.02390 61.41750 59.26780 58.03290 55.92760 55.85970 53.85180 53.79400 51.37880 52.09710 50.96140 51.40950 47.21950 46.59080
-9999 -9999 -9999 -9999 -9999 -9999 -9999 -9999 -9999 -9999 -9999 -9999 -9999 -9999 -9999 -9999 -9999 -9999 -9999 -9999 -9999 -9999 -9999 -9999 -9999 -9999 -9999 -9999 -9999 90.55120 92.49680 98.13080 99.63950 100.22500 102.22200 103.87500 106.34900 110.25500 113.00200 114.37000 118.02300 119.09900 121.58500 121.73400 121.24300 117.43800 115.31100 113.74000 110.84400 108.14100 101.02900 87.51280 80.67820 81.54510 74.25030 71.04120 66.44000 61.74970 58.80330 58.53800 54.09510 51.92100 50.96770 49.06920 48.74900 48.48190 46.84770 47.45240 46.42840 47.07670 46.87770
-9999 -9999 -9999 -9999 -9999 -9999 -9999 -9999 -9999 -9999 -9999 -9999 -9999 -9999 -9999 -9999 -9999 -9999 -9999 -9999 -9999 -9999 -9999 -9999 86.10150 86.52560 86.50440 86.56720 87.81970 89.11420 90.99580 91.62600 92.19040 94.25490 97.23280 100.77900 102.19600 103.51900 105.56300 109.16900 110.37800 114.61200 117.27600 115.02900 113.70300 113.75900 111.12400 107.31800 105.93100 98.45140 95.63230 84.19380 81.31330 79.69150 72.30910 65.88250 61.97870 59.86540 55.07510 52.11370 50.00940 48.07490 46.41660 46.36270 45.71320 46.33440 45.96180 46.62110 48.09200 44.23650 41.69150
-9999 -9999 -9999 -9999 -9999 -9999 92.84960 93.66640 94.97440 96.27490 97.39400 -9999 -9999 -9999 -9999 -9999 -9999 -9999 -9999 -9999 -9999 90.95300 88.20070 84.57940 83.89080 83.76880 83.51310 86.89130 86.30810 88.78530 89.50270 90.41890 91.53480 93.77270 95.82710 99.70370 102.16500 103.90500 105.50500 108.55200 109.37200 109.01900 110.75000 111.22400 111.19200 109.61600 109.64700 104.81000 101.72800 97.09620 91.97500 86.61470 78.68820 76.81710 72.07190 64.72370 60.58720 57.72590 53.33120 51.22340 49.53860 48.01630 44.99970 44.92250 45.41580 47.12420 47.58330 46.28960 47.74000 46.48960 44.81760
-9999 -9999 -9999 -9999 -9999 95.99550 94.13630 93.27840 95.66440 94.51530 98.26220 96.43910 95.32450 93.78590 -9999 -9999 -9999 91.75400 91.07000 89.25660 88.35070 88.44240 83.38120 82.28950 81.96950 79.69520 82.63210 82.86260 84.71120 83.74530 85.73960 87.23680 89.69160 91.10850 94.67580 95.38160 95.61160 100.78200 104.24400 108.26200 109.15800 109.04200 107.55900 107.65100 109.87200 106.35900 104.02100 101.71700 97.74630 94.12960 90.54850 85.53520 81.06230 74.13780 70.31750 64.01950 60.78410 55.43610 54.97160 49.42930 47.58710 46.51650 46.01820 47.14430 46.25490 43.95200 47.02790 45.94300 45.13560 46.76170 45.29030
-9999 91.63780 92.29330 95.08190 96.12550 95.97440 96.87840 95.87520 96.99130 97.35570 97.58320 99.25440 98.53000 96.39820 94.72970 94.98010 94.91590 92.80070 92.64430 91.63960 89.98970 85.89030 84.51920 82.04530 80.96820 80.34880 79.78740 80.95000 81.70510 83.21100 83.32830 83.49490 85.66210 87.83060 89.64190 91.69180 95.22740 97.33140 101.36700 106.58400 105.78300 106.10200 104.73100 105.89500 105.21100 102.02100 101.03000 98.58130 94.99420 94.00440 85.82280 81.34540 76.58900 71.52660 67.23090 61.92260 59.30990 55.92360 53.37360 51.71780 49.84060 48.17950 46.08310 48.46170 47.25430 46.24870 47.16480 45.44520 45.74680 43.71780 44.08510
-9999 98.92280 97.28220 97.89770 96.85490 96.60990 98.22790 96.58010 96.49020 97.12950 99.68470 99.14240 99.32600 97.83130 95.27250 94.67720 91.25540 92.22300 90.38230 89.25010 89.97770 87.09610 84.20120 82.48870 81.71120 83.52740 83.04720 82.94370 82.11780 84.01800 84.91560 84.24120 83.30530 84.76210 85.74310 89.10250 91.36030 93.49990 98.72910 101.38900 103.12300 101.13900 101.27800 100.42500 99.60240 97.69870 96.36190 92.90670 92.61620 89.18990 84.62330 81.54030 74.74670 70.04200 64.93270 61.53620 56.09280 54.25540 53.04300 52.78660 52.77750 48.48640 49.00240 51.15410 51.47920 49.37400 49.40440 46.86080 47.68750 47.47870 47.78810
-9999 -9999 -9999 101.94100 101.16900 100.63200 99.77270 97.45290 97.81100 97.32260 98.66450 98.60860 98.68660 97.76560 96.59310 94.63120 92.99460 92.40230 93.88030 94.60000 91.47020 90.00490 87.39420 86.61560 83.58070 84.30530 82.75440 83.49590 83.46390 84.39860 84.21840 83.02220 83.22620 83.66920 84.68840 86.85300 88.06060 91.96880 92.31670 97.24430 98.24280 98.71670 97.18330 96.20930 96.23420 95.63270 93.18890 92.20610 89.50530 89.10680 83.99530 80.47430 74.96760 71.33220 66.89950 60.63740 57.79560 55.18410 54.88970 53.54470 54.55200 51.84730 52.04350 51.10100 50.84580 52.95170 53.85440 48.61710 50.73300 48.13160 48.90220
-9999 -9999 -9999 -9999 -9999 -9999 99.78700 99.69980 99.67680 99.59160 98.81630 97.51620 97.87100 97.64330 97.62960 95.43550 94.87560 94.40360 94.73520 98.72410 96.65510 93.94440 92.78260 89.94520 88.92140 88.64330 86.00790 85.20950 83.87390 83.50990 82.91210 82.05700 81.62550 82.39000 83.87650 86.92280 86.39470 88.41590 88.91680 90.66220 92.66230 92.10260 93.29070 94.57280 93.90080 93.90900 94.38250 92.70730 92.85620 90.73250 86.30730 81.14670 74.73140 70.26980 66.25560 59.15750 57.15120 57.22420 56.25650 55.24680 54.17200 52.55300 50.60880 49.43000 53.07560 49.74380 52.01050 51.49050 50.95020 51.47120 53.47860
-9999 -9999 -9999 -9999 -9999 -9999 101.85900 102.40200 103.45400 102.42700 101.57400 99.41700 99.08840 98.44130 98.75570 98.66310 98.62270 100.12500 98.98090 101.68200 102.48100 100.83700 98.25070 95.68780 93.32600 93.11120 88.97070 85.48910 84.47450 83.98330 84.54580 84.54600 84.29100 84.43620 83.50400 85.42070 87.33690 86.42280 89.08260 87.13950 87.15930 88.75940 91.33030 90.09770 92.70110 93.42250 94.01930 93.18270 95.87610 94.47010 90.43740 82.67240 75.31580 68.88600 65.55130 62.03640 60.00590 59.98860 59.53160 57.66120 53.37940 54.89870 54.05460 54.73100 53.59250 52.88330 53.51420 52.89800 53.01060 56.12360 56.34180
-9999 -9999 -9999 -9999 -9999 -9999 -9999 -9999 -9999 -9999 101.95000 102.51500 101.45500 102.06700 104.15700 104.83200 105.85800 107.53000 108.62600 109.21200 110.41200 108.86700 105.37200 102.53900 100.32200 96.95790 95.58770 92.70260 87.37720 86.90070 85.95240 85.40100 84.96320 84.54160 85.53530 84.43440 84.23610 83.05230 83.34410 84.92490 85.57410 84.29520 85.05330 87.79090 89.80600 91.96910 91.55930 94.97320 94.90770 94.03330 91.51080 81.08020 73.90840 67.49650 64.67990 62.48570 63.74200 61.67130 61.54950 59.64000 61.16720 60.27520 60.74080 55.65410 55.56100 55.91480 55.16750 56.25100 56.06840 57.80930 60.37940
-9999 -9999 -9999 -9999 -9999 -9999 -9999 -9999 -9999 -9999 101.48100 103.64800 101.78200 104.82400 106.91900 109.48400 112.97000 115.75300 117.52500 118.12800 116.60200 114.77300 111.25200 109.89900 106.28900 102.61800 100.28600 94.46330 92.43530 86.42940 86.04030 86.47180 86.46750 87.23200 85.61060 84.66940 84.37610 84.41860 85.05620 86.94610 87.97400 88.59670 87.98610 87.56560 89.05560 87.77890 87.76910 89.30820 87.35940 86.05940 81.49160 77.58630 71.55180 67.96610 67.48460 66.35160 64.17370 64.26220 62.85980 63.97470 63.25000 65.75290 64.71890 64.45450 64.49900 63.68520 61.48490 61.53150 61.33290 61.86660 62.79260
-9999 -9999 -9999 -9999 -9999 -9999 -9999 -9999 -9999 -9999 -9999 -9999 102.82400 109.71800 114.64300 121.46100 124.92600 123.48200 125.66800 124.05800 122.01700 121.01000 116.59700 113.36500 108.30400 104.08700 101.25000 94.86530 89.21110 87.78070 87.74830 85.41820 85.85520 86.40800 87.25510 86.36780 86.06530 84.05910 84.97930 85.52430 85.41970 87.94060 88.17010 85.79310 86.64820 87.38180 87.24230 84.62030 81.99990 81.71040 78.96070 74.66460 73.01250 68.70020 67.53410 65.96390 66.85270 63.12460 64.91310 66.59720 65.29290 67.25800 67.91500 65.00550 65.51420 62.84880 64.26560 66.83140 65.77070 65.76430 65.69190
-9999 -9999 -9999 -9999 -9999 -9999 -9999 -9999 -9999 -9999 -9999 -9999 103.17300 109.73900 116.43200 121.51500 127.06900 127.93000 129.72000 129.43900 125.95100 124.59300 121.29700 116.92000 111.78900 107.66100 101.03700 94.89800 89.29660 86.10380 83.69760 85.14960 85.14740 86.09190 85.81820 85.39990 86.00950 86.54160 86.53890 88.18140 87.24780 86.57650 88.07480 86.97670 86.70210 85.51510 85.10170 85.01840 83.37670 77.50540 77.71710 75.09530 72.89960 68.39670 68.05320 68.57160 67.39410 66.62070 66.73150 69.46510 69.76370 70.39980 68.96970 68.83000 69.00260 67.97120 67.94570 69.22290 69.14710 68.27170 68.09240
-9999 -9999 -9999 -9999 -9999 -9999 -9999 -9999 -9999 -9999 -9999 99.47240 105.47900 107.61400 113.69200 116.74700 124.00600 125.98200 130.74500 131.87500 127.96200 129.54300 124.20800 120.87600 115.35300 110.58200 103.45500 94.43620 90.33880 87.49400 83.10770 84.23200 83.67860 84.83630 85.69270 84.71980 86.50150 86.10170 88.08280 89.84800 89.06110 90.83940 89.09250 86.96470 85.59330 84.69510 84.81690 84.49910 81.65100 80.46520 81.03910 77.06770 76.78970 75.64020 75.27980 71.65270 69.64300 71.50500 70.35690 72.24110 70.69650 71.32220 72.75990 73.66700 71.98970 70.00830 71.57360 70.87310 74.58720 73.75160 73.74200
