data/hydroclimate-scenarios/1948-2000.Pcorr55N_Pref_Tref/monthly_summaries/swe_monthly_day1_jan.1950-2000.asc
ncols	311
nrows	91
xllcenter	102.75
yllcenter	31.75
cellsize	0.5
NODATA_value	-9999
[rows 32 to 63 of 91, columns 0 to 70 of 311]
-9999 -9999 -9999 -9999 -9999 -9999 -9999 -9999 -9999 -9999 -9999 85.82520 87.34770 88.49470 90.94580 90.84820 101.07300 100.00000 105.47100 111.28300 110.78900 105.28700 102.26000 95.79480 91.56630 90.06200 84.98810 80.15520 74.48600 70.96940 67.14750 66.83990 65.20530 66.51030 67.72460 65.60760 70.52660 70.52040 70.34870 72.52080 73.52860 75.25150 75.14170 75.95640 74.52770 72.23070 73.43810 74.26280 73.52660 73.82020 69.89300 70.45410 68.37620 67.47680 65.76880 65.28280 64.07790 64.06710 64.65470 64.31460 63.77330 63.44190 65.26570 66.21600 65.97320 64.23740 66.43890 66.12610 70.39780 71.83820 72.44740
-9999 -9999 -9999 -9999 -9999 -9999 -9999 -9999 -9999 -9999 -9999 91.69630 91.96790 90.20480 90.94980 94.35400 95.52840 102.09600 108.53300 107.53100 107.59900 106.04400 101.42900 96.38440 92.63080 88.90850 84.51330 75.88430 72.07120 68.84780 66.59750 64.17140 63.13030 62.67250 64.56240 66.26310 68.41920 69.90900 69.53300 73.90670 76.23700 76.74280 79.82910 79.56930 81.71460 80.23480 79.87730 79.40020 78.58310 77.82490 75.71910 75.17640 71.92730 70.94430 69.95520 68.65710 67.90560 68.25110 67.67510 65.68040 65.03840 66.53050 67.25180 67.87530 69.08810 68.63670 67.54770 69.61760 72.39900 74.19990 75.62480
-9999 -9999 -9999 -9999 -9999 -9999 -9999 -9999 -9999 -9999 -9999 -9999 89.53860 86.72610 88.68470 94.92430 99.17790 101.00600 105.61200 107.95800 107.43600 104.01700 102.33100 98.49640 91.63540 87.60260 82.22800 76.40930 70.10720 66.54900 63.95640 61.58260 61.43050 60.86500 60.97880 62.49770 66.51510 68.47460 70.90270 73.15730 77.47940 81.68690 84.04000 84.01730 86.15680 85.40110 86.30650 84.11940 80.64280 80.59060 77.98570 76.59110 74.02990 73.27350 71.67300 70.09580 69.90430 69.85140 67.04000 67.77150 69.41750 69.84210 69.57270 68.48130 69.29860 69.07260 69.53730 70.98920 74.64580 75.99120 76.74460
-9999 -9999 -9999 -9999 -9999 -9999 -9999 -9999 -9999 -9999 -9999 -9999 82.39370 83.24570 89.27720 90.53800 94.31310 97.90830 102.44400 104.36100 105.90400 107.75600 100.61100 95.85760 88.93400 81.39680 73.78180 69.15490 65.88740 62.93000 61.34860 56.72380 55.70500 56.58510 56.55700 59.68770 61.81520 65.76070 68.79880 69.83930 78.52720 82.15800 85.01270 87.74090 90.65180 91.90400 91.38580 88.86560 86.16330 82.66370 79.57080 76.86060 74.64870 73.73600 72.74870 71.61780 69.84720 69.38730 67.53580 67.60090 69.61820 69.87620 71.42460 68.81390 67.94300 68.96630 71.25240 74.76680 77.06160 77.97580 83.11040
-9999 -9999 -9999 -9999 -9999 -9999 -9999 -9999 -9999 -9999 -9999 -9999 83.81780 81.77540 79.61800 83.04690 88.82050 91.02740 97.90390 103.26500 108.80800 103.28700 97.63210 90.07860 79.31360 73.60690 65.67080 60.17590 58.15990 56.84590 53.06010 51.42650 50.14120 51.42380 53.24880 56.97640 58.37990 59.79740 64.40360 69.17220 75.41350 81.85310 85.87260 88.28800 92.74260 101.33700 99.32690 95.69300 88.03040 84.87910 81.32740 77.00960 74.29630 72.34870 68.68200 69.48760 69.04200 68.91310 67.92940 69.59770 69.96130 71.88430 72.97730 72.23290 72.45300 72.94070 74.38350 77.19720 81.73970 85.67850 90.21080
-9999 -9999 -9999 82.83110 80.11750 79.70930 81.92960 80.37210 79.61410 -9999 80.58200 81.93740 80.40750 76.96070 76.48480 75.82110 80.10060 82.13110 86.41250 91.21520 94.72120 89.65300 82.02110 77.76990 70.85470 66.55620 61.14720 57.80190 54.26930 53.34030 50.48470 46.77540 47.75420 48.54640 50.15970 53.45290 55.09190 57.23230 61.55940 66.24440 71.62690 76.22510 80.42830 86.03560 94.60740 103.80900 105.88700 98.53310 91.20770 86.99740 81.86970 77.74130 75.07270 74.00720 72.00350 74.82550 73.04280 71.35590 72.54800 71.97320 71.97290 74.58540 75.48370 76.50510 77.22130 77.53290 80.15140 82.52260 84.99610 91.75950 97.09800
-9999 -9999 -9999 76.54540 74.48490 72.91600 76.07490 77.36260 79.29400 80.72620 80.73460 79.14710 77.02280 75.60410 73.00260 74.98070 75.39380 71.83520 71.59180 72.92110 73.96690 72.89490 69.10700 67.80330 64.20590 61.96160 58.26740 53.51070 51.12840 49.68440 46.28950 44.84310 44.04460 45.16540 47.90690 48.27820 50.87940 54.98430 58.95650 64.64040 70.25870 73.28700 76.45570 85.04550 96.02510 103.52800 105.32900 96.16560 92.07010 90.07560 85.05340 79.01850 77.73450 74.17930 71.02900 70.32160 70.25890 70.27550 72.58650 72.75580 73.53340 74.32960 76.59070 77.59450 80.05390 80.72900 82.55790 83.59270 92.11220 97.65680 104.93900
-9999 -9999 -9999 65.85800 61.58320 66.32710 73.52770 74.56620 71.94240 71.86500 73.70440 73.57080 74.33930 74.54840 76.51840 73.42000 72.01320 69.07950 65.70390 65.64350 65.16750 64.27410 60.79420 61.34810 57.92390 55.70020 53.49930 48.39890 46.73810 43.84120 42.71050 42.14600 39.53770 42.83670 43.78290 44.15160 47.04710 49.51420 54.50920 59.38400 64.99810 68.93980 75.76620 81.96280 87.88810 98.43750 98.63490 93.58660 89.65740 88.82770 85.03720 78.60650 74.40380 72.04020 68.25910 68.67600 70.16520 70.17960 73.04620 73.55140 74.31700 74.22210 77.16340 81.09830 83.80220 86.10810 89.46090 94.58670 103.92900 109.68400 117.81800
-9999 -9999 -9999 61.93580 58.90270 69.37200 80.13650 76.46440 73.43620 72.14180 70.11910 68.66130 74.53450 73.79250 74.67360 71.36010 69.41190 67.83920 64.76010 59.94370 58.39750 56.01000 54.52300 53.02890 50.24490 49.13170 46.88350 43.97170 41.54830 40.94870 38.86180 32.09230 36.40880 36.32790 38.87320 41.84800 41.99590 43.53990 47.09240 50.14390 57.65160 66.98380 73.48050 79.02320 83.71060 90.73880 91.00700 88.84680 90.30440 86.05610 81.09710 77.15170 73.37160 69.65050 69.42330 67.73050 69.15140 69.40190 72.75730 73.57720 77.60040 78.48940 83.31210 88.82110 92.15200 95.02060 100.11000 105.96600 114.38300 118.95100 121.88800
-9999 -9999 -9999 54.40460 54.96720 63.80260 62.83660 64.44920 67.38200 65.47400 65.13890 67.52370 69.11550 72.09220 71.84670 71.22460 68.66670 63.72960 58.30150 51.37800 49.28610 47.93210 46.40610 43.88680 40.75630 40.01280 37.45850 35.87960 34.69020 35.76960 33.33810 31.45590 32.06040 30.60490 32.53350 37.36330 39.71980 39.64650 42.77280 46.33880 51.03990 57.71580 64.02130 65.56190 67.56710 73.09270 77.08750 80.08100 79.21200 78.94690 76.34540 71.56070 67.99140 68.05890 68.44830 68.68710 66.25320 67.38570 71.96190 74.48710 77.84210 80.59600 86.39920 96.89910 103.64100 103.58100 109.47200 116.25700 123.75700 119.89100 112.52900
-9999 -9999 -9999 -9999 55.33510 62.06900 60.62390 65.27410 66.78100 66.72130 65.38340 65.46400 70.86430 66.55450 -9999 -9999 -9999 -9999 -9999 46.38150 42.16730 37.83090 37.07630 37.63720 33.78770 30.90820 28.52120 27.81610 26.10240 26.21000 26.79510 27.14630 26.74840 27.35640 29.87460 30.79360 32.60360 34.17760 36.91470 41.58410 44.53320 47.15890 49.08600 52.85140 56.56850 59.14310 66.29420 68.83750 69.58260 68.47220 67.56970 66.01930 64.77670 66.92230 67.57490 67.20080 69.00000 69.49820 71.44370 75.41660 80.90240 85.98060 95.59230 101.21800 108.83600 115.40600 116.83200 116.79800 117.31900 -9999 -9999
-9999 -9999 51.69910 54.11590 53.89510 55.63020 58.99910 62.28830 61.10620 64.36770 62.08420 66.90340 70.80120 -9999 -9999 -9999 -9999 -9999 51.87470 39.88620 33.77480 26.81790 26.22960 27.46560 26.16000 25.24360 24.07040 23.27400 23.03000 22.96760 21.68590 22.21500 24.67950 23.92440 26.13830 26.92480 29.15330 31.36940 32.52600 35.74980 38.85280 39.56300 42.38600 46.62140 47.35050 50.85900 56.49990 59.00370 58.46340 59.53140 58.78240 58.88060 60.52070 61.55380 62.58450 60.37590 64.10060 69.56460 72.42970 73.75100 78.92270 87.27490 94.42640 100.64600 106.26800 112.44400 112.88700 -9999 -9999 -9999 -9999
-9999 -9999 57.12580 53.66280 48.83090 47.91710 50.57580 54.62120 57.25430 58.22260 65.25080 70.91960 74.10430 -9999 -9999 -9999 -9999 50.33240 45.82220 34.58160 28.34030 20.51280 18.85040 18.95510 18.74860 21.61570 21.06660 19.28250 18.57960 17.53500 17.70260 19.73230 21.87750 22.91570 25.47980 26.94460 27.32940 28.60040 30.77400 31.80650 33.64170 34.98410 40.25590 41.47570 42.67580 46.02050 49.08780 53.74500 50.86580 52.98770 53.39100 51.75870 53.33420 56.12310 56.55270 54.50870 57.36120 64.61670 69.02970 70.94150 73.01120 82.02860 83.18920 90.63950 96.93630 -9999 -9999 -9999 -9999 -9999 115.54400
-9999 -9999 56.24680 55.70860 50.63120 47.61150 48.66830 50.92310 54.44430 60.84290 68.37700 77.24200 40.75120 -9999 -9999 -9999 -9999 48.61490 42.61920 31.03990 22.99340 15.47630 13.27510 13.47190 13.30870 17.09130 17.61970 16.32940 15.86910 15.67720 16.42530 16.83820 19.03610 20.79230 23.82900 23.97920 25.98420 26.32090 28.58310 26.91450 29.41390 32.26220 33.22040 36.17690 38.65490 41.52780 44.65960 45.37220 45.57390 47.00410 47.21310 48.52370 50.37010 52.75830 54.03530 51.54520 54.42880 60.73910 63.79050 64.17200 63.99260 67.08990 72.03200 87.04210 96.00810 103.65400 97.77400 104.01000 99.05100 -9999 -9999
-9999 -9999 -9999 52.70630 48.20960 45.43720 44.72670 48.78150 56.47880 66.59390 71.93120 43.84220 -9999 -9999 -9999 -9999 54.35600 47.07600 34.67360 26.69990 19.78490 13.07030 11.59750 12.51540 12.30150 13.31450 13.88730 13.36760 14.58760 13.92230 14.98900 15.53310 17.29670 17.94980 18.21590 21.95610 21.75960 20.53630 21.84910 23.01760 24.58470 25.52560 27.55650 27.70820 30.64800 35.46000 35.92990 36.97890 35.73270 36.86530 42.58580 44.76680 43.75280 49.00820 52.03450 54.00290 56.14890 61.27550 64.01270 63.21950 65.79000 72.76080 80.52040 93.63950 102.50400 89.15110 79.53660 90.75250 87.73590 74.98990 -9999
-9999 -9999 -9999 -9999 50.58200 46.24130 44.71700 50.18920 57.27870 61.75850 36.03920 -9999 -9999 -9999 -9999 63.42420 54.89380 39.74410 28.08890 21.01680 14.99110 10.25100 10.29450 9.85344 9.98040 10.77700 11.20400 11.10580 12.40300 13.02530 12.67340 13.77160 14.39270 15.25110 16.52490 18.32410 20.29210 19.83420 20.11120 21.00540 21.83540 21.88390 22.15320 25.18340 25.49190 30.41640 33.50950 31.83930 30.88250 33.31920 36.65170 39.17760 41.03590 44.20270 44.73910 47.67700 50.54340 57.17360 61.31030 60.96800 66.95080 74.66740 78.38170 79.05880 86.87570 80.54380 68.51410 69.32720 77.17830 70.96190 74.88310
-9999 -9999 -9999 -9999 -9999 -9999 51.62700 51.57450 38.23170 35.18560 58.68090 -9999 -9999 -9999 -9999 -9999 49.25490 34.62240 26.44250 15.97400 12.29480 10.23710 7.73482 8.23298 7.77575 8.94233 9.04261 9.82981 11.53780 11.81840 12.80070 13.24480 14.20630 15.48100 14.48940 17.60810 17.91810 17.59130 18.00280 17.76380 18.40000 20.44410 21.73930 23.68370 23.22100 23.76800 24.41160 28.12190 30.35420 31.25950 35.83860 36.26440 38.45190 38.06620 40.24320 44.44920 47.79180 54.07020 56.37000 60.02840 63.74040 69.16080 74.14990 77.68530 82.33770 75.26660 63.13050 58.80650 63.52690 61.78720 67.92130
-9999 -9999 -9999 -9999 -9999 -9999 -9999 -9999 -9999 -9999 -9999 -9999 -9999 -9999 -9999 -9999 -9999 -9999 -9999 14.42450 10.67200 9.32165 7.92915 6.44411 6.55829 7.70341 9.56568 11.01670 12.63140 12.33050 13.41660 13.67100 13.35140 14.78680 14.17550 15.53210 16.18890 16.54900 16.56120 17.09460 17.20190 18.52300 18.50910 19.40950 22.62080 20.10710 22.05570 25.20090 25.13640 30.01180 32.57650 33.73670 36.80890 34.83260 35.80370 39.05210 41.41910 48.77060 50.03110 53.36980 59.51950 60.37140 66.71440 69.26370 70.95840 58.74450 48.66990 50.40470 53.82360 58.85510 66.32190
-9999 -9999 -9999 -9999 -9999 -9999 -9999 -9999 -9999 -9999 -9999 -9999 -9999 -9999 -9999 -9999 -9999 -9999 17.02510 13.07390 10.28210 7.08461 6.76054 7.59997 7.73862 8.23056 8.14514 9.50673 9.13541 10.26830 11.64790 11.87430 12.00160 11.28510 13.56960 13.73400 14.63580 15.49030 14.49510 13.25790 14.52560 15.93460 17.32040 19.93750 19.55910 20.03370 20.40700 21.24590 21.78690 25.65080 27.95980 31.04350 33.00940 32.94840 36.31690 36.13660 38.15680 45.87690 48.80000 46.37210 46.38330 47.25800 52.35480 57.00140 59.06230 52.88160 51.46410 49.80890 54.29400 56.39740 62.73830
-9999 -9999 -9999 -9999 -9999 -9999 -9999 -9999 -9999 -9999 -9999 -9999 -9999 -9999 -9999 -9999 -9999 17.48190 15.27830 10.59560 9.10030 7.06466 6.93447 7.02342 6.94725 7.50397 8.06158 7.95042 6.67426 8.48289 9.82857 10.36330 11.71430 11.70210 11.25790 12.98900 13.94160 15.09490 14.36150 14.50990 13.87060 14.39050 15.48510 16.20810 16.66410 17.58810 19.56650 19.42790 20.97150 23.86400 27.47530 29.23930 32.36260 33.16730 33.56000 33.36190 36.08360 40.34900 42.10730 39.39150 38.19930 43.27170 54.20470 57.23840 48.62350 49.13090 51.28860 52.88480 55.80050 56.29710 64.40390
-9999 -9999 -9999 -9999 -9999 -9999 -9999 -9999 -9999 -9999 -9999 -9999 -9999 -9999 -9999 -9999 -9999 12.34580 9.80876 7.09052 6.45649 5.07361 3.33739 4.34934 6.36118 6.38346 6.89119 7.78068 8.20783 7.58840 9.37383 9.64448 10.08590 12.46730 11.98300 11.78760 12.22230 12.17960 12.11300 13.68130 12.73290 12.57590 12.51720 14.25420 14.52550 16.34210 15.95940 17.70180 20.69530 23.72560 25.93950 27.31900 28.62020 31.02250 30.86390 32.48590 35.11350 33.89300 35.18020 34.92150 37.07930 43.28090 46.39700 51.72140 59.73950 55.89760 51.58390 57.09210 55.24490 54.47570 62.73310
-9999 -9999 -9999 -9999 -9999 -9999 -9999 -9999 -9999 -9999 -9999 -9999 -9999 -9999 -9999 -9999 12.30970 8.97831 6.89400 5.21982 4.74501 3.92116 3.61843 4.23955 6.17564 5.31171 5.89931 9.28809 8.16705 9.01363 8.64636 9.66467 10.25570 11.13000 10.58480 11.68440 12.04020 12.01930 11.09550 11.95300 10.75220 11.25250 11.36730 12.05950 12.37030 13.84270 15.50400 15.82410 17.82130 22.34210 24.67870 25.21360 27.15360 29.26030 29.96110 31.83200 30.08320 28.81440 31.11110 34.08690 34.26190 38.90220 44.58610 55.99470 54.33760 54.91000 57.35850 56.66680 57.61490 56.67890 65.88180
-9999 -9999 -9999 -9999 -9999 -9999 -9999 -9999 -9999 -9999 -9999 -9999 -9999 12.22800 11.43220 11.15960 9.77919 7.38949 5.04564 2.93956 3.19211 2.40983 2.74054 3.76414 3.77672 4.71849 5.14105 5.39754 6.38460 7.51867 7.31151 7.26779 9.98020 10.34660 9.70113 9.85485 9.90569 9.32593 8.14109 7.91289 7.76178 7.39684 7.27656 10.04510 10.90450 10.57670 11.87070 13.10850 13.57020 16.59900 17.91800 22.99880 25.38040 29.77280 32.19120 28.87950 27.92840 29.20890 29.27950 30.18100 33.41320 35.13030 40.37600 42.19350 44.27960 48.31580 54.61570 58.61890 61.16310 63.07060 72.12160
-9999 -9999 -9999 -9999 -9999 -9999 -9999 -9999 -9999 -9999 -9999 -9999 8.89005 8.10435 8.66674 8.78817 6.83792 6.07896 2.91553 2.38823 1.73329 1.36895 2.42465 3.43334 3.22089 4.41302 4.35884 5.00186 4.87848 6.69071 6.64023 6.96917 8.52621 8.79272 8.24058 9.70711 8.43499 7.90596 7.58748 7.16303 7.09364 6.26435 5.89394 6.80305 9.23725 11.26060 10.77740 11.66250 12.28300 13.23040 15.93350 19.52940 22.16240 25.65520 28.74740 29.04230 26.51170 27.45370 28.90090 29.60150 30.60070 33.72530 38.59030 43.61190 47.19580 53.04760 57.89370 61.92060 63.94830 69.72710 80.21380
-9999 -9999 -9999 -9999 -9999 -9999 -9999 -9999 -9999 -9999 -9999 8.34898 6.77803 6.11227 5.28460 5.57600 5.87346 3.24009 3.09756 1.76094 0.90026 1.90970 2.09727 2.40676 2.48149 2.30142 2.49260 2.85497 3.99981 5.55605 5.54195 5.32391 5.51455 7.76555 7.47919 7.19491 7.08156 5.13432 4.74600 5.19061 4.54929 3.25445 4.19238 5.32174 7.36099 7.39337 7.47972 11.18490 12.34700 12.26340 13.11130 18.26300 20.52440 22.07390 23.90270 22.22540 23.33420 23.96120 26.07440 27.40520 30.05930 34.39790 37.91260 42.37530 49.77410 57.06570 59.49080 59.03250 61.95940 66.20520 82.60390
-9999 -9999 -9999 -9999 -9999 -9999 -9999 -9999 -9999 -9999 7.75849 7.49090 5.21717 5.50223 5.17151 3.78909 4.21001 2.86563 2.83429 0.95176 0.99865 0.84535 1.94718 1.88590 1.76508 2.76853 2.56583 4.11388 4.15720 4.55070 5.04934 5.07474 5.23549 7.43476 8.71741 7.65310 6.79646 5.91574 5.11320 4.69851 4.39187 3.26885 4.23744 3.98606 4.54725 5.65250 6.80020 8.19663 9.62094 10.66780 11.57270 15.34280 17.32710 18.41270 20.63020 19.43460 21.23910 21.88090 24.52310 28.29610 30.00940 34.43220 38.04300 43.28760 48.09680 55.03970 58.56650 58.90290 67.30480 74.48780 86.83550
-9999 -9999 -9999 -9999 -9999 -9999 -9999 -9999 -9999 3.67399 4.14756 4.84075 5.39583 4.21785 3.57845 2.28380 2.42995 1.83099 0.97460 0.54118 0.62404 0.97914 1.34179 1.51570 2.39487 3.22928 2.96223 2.28162 2.20462 2.16245 3.31931 3.41479 5.16202 5.05019 6.13249 7.92822 6.57723 5.46139 3.82902 3.21701 2.11884 2.96692 2.77342 3.61834 4.03847 4.28660 6.70592 8.35095 9.55964 9.88685 10.46910 10.86850 12.25030 15.37760 17.10300 17.18680 20.58310 22.60180 23.91240 26.83620 28.60520 33.83300 37.63380 40.28470 43.48290 49.17250 52.13770 56.89190 68.90460 79.02880 83.22000
-9999 -9999 -9999 -9999 -9999 -9999 -9999 -9999 -9999 -9999 3.36440 1.91494 2.08452 3.23925 2.74084 2.10061 2.21792 1.27649 1.23388 0.76121 0.76561 1.21714 1.35015 -9999 -9999 -9999 -9999 -9999 -9999 2.11668 1.93481 2.76299 2.86216 3.78784 5.09570 7.11463 5.21443 4.47901 1.51572 2.45449 2.21281 2.31083 2.11869 2.89745 3.88020 4.36708 4.53627 6.68114 9.01563 8.56509 10.46180 10.07470 11.77300 14.50970 17.25850 16.12470 18.97680 21.02750 22.48180 25.86210 28.88070 34.84630 37.28910 38.91550 43.81390 46.80050 54.45910 62.00740 84.57150 92.44280 102.61700
-9999 -9999 -9999 -9999 -9999 -9999 -9999 -9999 -9999 -9999 -9999 -9999 1.50515 0.88497 0.79264 1.20305 1.16756 1.11865 1.30854 -9999 -9999 -9999 -9999 -9999 -9999 -9999 -9999 -9999 -9999 -9999 -9999 -9999 -9999 1.26205 2.21607 3.71690 4.03286 3.27505 2.71070 0.87477 0.84276 1.85480 2.13305 2.76123 3.01500 4.11127 4.18399 6.52677 7.19035 8.56387 9.34256 9.67274 9.84625 11.35970 13.33260 13.97450 16.92340 19.55330 21.67640 26.25720 31.52600 32.74980 36.17060 40.72180 43.23680 45.82110 54.45270 64.17340 78.98110 86.88130 99.50010
-9999 -9999 -9999 -9999 -9999 -9999 -9999 -9999 -9999 -9999 -9999 -9999 -9999 -9999 -9999 -9999 -9999 -9999 -9999 -9999 -9999 -9999 -9999 -9999 -9999 -9999 -9999 -9999 -9999 -9999 -9999 -9999 -9999 -9999 0.47847 1.35577 1.03040 1.09138 0.94603 0.74152 0.82063 0.77701 0.70805 1.48780 3.68368 3.74713 4.29140 6.38247 6.39564 7.66088 9.89928 9.36904 10.80800 11.18130 12.04600 13.01590 15.32850 20.49030 23.37100 29.34000 34.28790 34.90140 39.55100 40.80410 42.66690 45.06140 56.53890 70.75040 90.71390 94.37670 93.37130
-9999 -9999 -9999 -9999 -9999 -9999 -9999 -9999 -9999 -9999 -9999 -9999 -9999 -9999 -9999 -9999 -9999 -9999 -9999 -9999 -9999 -9999 -9999 -9999 -9999 -9999 -9999 -9999 -9999 -9999 -9999 -9999 -9999 -9999 0.31612 0.59662 0.19454 0.83772 0.73171 1.09185 0.93121 0.85999 1.00044 1.18493 2.34607 4.13064 3.95690 6.46280 7.46954 6.40502 6.33994 9.11678 10.43440 12.76460 13.04380 12.20140 13.42850 18.56900 22.92700 27.61750 31.45240 34.90780 40.02500 44.37270 46.35380 50.66270 57.98860 69.47150 91.49450 91.98340 -9999
-9999 -9999 -9999 -9999 -9999 -9999 -9999 -9999 -9999 -9999 -9999 -9999 -9999 -9999 -9999 -9999 -9999 -9999 -9999 -9999 -9999 -9999 -9999 -9999 -9999 -9999 -9999 -9999 -9999 -9999 -9999 -9999 -9999 -9999 -9999 -9999 -9999 -9999 0.43736 0.64081 0.65930 0.94527 1.89127 2.08786 2.18216 2.75023 4.67418 6.84449 7.64963 6.02024 6.83736 7.20017 7.73363 11.55760 12.63650 10.86140 12.67440 16.57070 23.99790 30.01620 33.84910 33.90880 38.21020 45.68750 51.38920 54.78420 63.13190 74.62040 80.18430 -9999 -9999
