data/hydroclimate-scenarios/1948-2000.Pcorr55N_Pref_Tref/monthly_summaries/swe_monthly_day1_nov.asc
ncols	311
nrows	91
xllcenter	102.75
yllcenter	31.75
cellsize	0.5
NODATA_value	-9999
[rows 0 to 31 of 91, columns 219 to 291 of 311]
-9999 -9999 -9999 -9999 -9999 -9999 -9999 -9999 -9999 -9999 -9999 -9999 -9999 -9999 -9999 -9999 -9999 -9999 -9999 -9999 -9999 -9999 -9999 -9999 -9999 -9999 -9999 -9999 -9999 -9999 -9999 -9999 -9999 -9999 -9999 -9999 -9999 -9999 -9999 -9999 -9999 -9999 -9999 -9999 -9999 -9999 -9999 -9999 -9999 -9999 -9999 -9999 -9999 -9999 -9999 -9999 -9999 -9999 -9999 -9999 -9999 -9999 -9999 -9999 -9999 -9999 -9999 -9999 -9999 -9999 -9999 -9999 -9999
-9999 -9999 -9999 -9999 -9999 -9999 -9999 -9999 -9999 -9999 -9999 -9999 -9999 -9999 -9999 -9999 -9999 -9999 -9999 -9999 -9999 -9999 -9999 -9999 -9999 -9999 -9999 -9999 -9999 -9999 -9999 -9999 -9999 -9999 -9999 -9999 -9999 -9999 -9999 -9999 -9999 -9999 -9999 -9999 -9999 -9999 -9999 -9999 -9999 -9999 -9999 -9999 -9999 -9999 -9999 -9999 -9999 -9999 -9999 -9999 -9999 -9999 -9999 -9999 -9999 -9999 -9999 -9999 -9999 -9999 -9999 -9999 -9999
-9999 -9999 -9999 -9999 -9999 -9999 -9999 -9999 -9999 -9999 -9999 -9999 -9999 -9999 -9999 -9999 -9999 -9999 -9999 -9999 -9999 -9999 -9999 -9999 -9999 -9999 -9999 -9999 -9999 -9999 -9999 -9999 -9999 -9999 -9999 -9999 -9999 -9999 -9999 -9999 -9999 -9999 -9999 -9999 -9999 -9999 -9999 -9999 -9999 -9999 -9999 -9999 -9999 -9999 -9999 -9999 -9999 -9999 -9999 -9999 -9999 -9999 -9999 -9999 -9999 -9999 -9999 -9999 -9999 -9999 -9999 -9999 -9999
-9999 -9999 -9999 -9999 -9999 -9999 -9999 -9999 -9999 -9999 -9999 -9999 -9999 -9999 -9999 -9999 -9999 -9999 -9999 -9999 -9999 -9999 -9999 -9999 -9999 -9999 -9999 -9999 -9999 -9999 -9999 -9999 -9999 -9999 -9999 -9999 -9999 -9999 -9999 -9999 -9999 -9999 -9999 -9999 -9999 -9999 -9999 -9999 -9999 -9999 -9999 -9999 -9999 -9999 -9999 -9999 -9999 -9999 -9999 -9999 -9999 -9999 -9999 -9999 -9999 -9999 -9999 -9999 -9999 -9999 -9999 -9999 -9999
-9999 -9999 -9999 -9999 -9999 -9999 -9999 -9999 -9999 -9999 -9999 -9999 -9999 -9999 -9999 -9999 -9999 -9999 -9999 -9999 -9999 -9999 -9999 -9999 -9999 -9999 -9999 -9999 -9999 -9999 -9999 -9999 -9999 -9999 -9999 -9999 -9999 -9999 -9999 -9999 -9999 -9999 -9999 -9999 -9999 -9999 -9999 -9999 -9999 -9999 -9999 -9999 -9999 -9999 -9999 -9999 -9999 -9999 -9999 -9999 -9999 -9999 -9999 -9999 -9999 -9999 -9999 -9999 -9999 -9999 -9999 -9999 -9999
-9999 -9999 -9999 -9999 -9999 -9999 -9999 -9999 -9999 -9999 -9999 -9999 -9999 -9999 -9999 -9999 -9999 -9999 -9999 -9999 -9999 -9999 -9999 -9999 -9999 -9999 -9999 -9999 -9999 -9999 -9999 -9999 -9999 -9999 -9999 -9999 -9999 -9999 -9999 -9999 -9999 -9999 -9999 -9999 -9999 -9999 -9999 -9999 -9999 -9999 -9999 -9999 -9999 -9999 -9999 -9999 -9999 -9999 -9999 -9999 -9999 -9999 -9999 -9999 -9999 -9999 -9999 -9999 -9999 -9999 -9999 -9999 -9999
-9999 -9999 -9999 -9999 -9999 -9999 -9999 -9999 -9999 -9999 -9999 -9999 -9999 -9999 -9999 -9999 -9999 -9999 -9999 -9999 -9999 -9999 -9999 -9999 -9999 -9999 -9999 -9999 -9999 -9999 -9999 -9999 -9999 -9999 -9999 -9999 -9999 -9999 -9999 -9999 -9999 -9999 -9999 -9999 -9999 -9999 -9999 -9999 -9999 -9999 -9999 -9999 -9999 -9999 -9999 -9999 -9999 -9999 -9999 -9999 -9999 -9999 -9999 -9999 -9999 -9999 -9999 -9999 -9999 -9999 -9999 -9999 -9999
-9999 -9999 -9999 -9999 -9999 -9999 -9999 -9999 -9999 -9999 -9999 -9999 -9999 -9999 -9999 -9999 -9999 -9999 -9999 -9999 -9999 -9999 -9999 -9999 -9999 -9999 -9999 -9999 -9999 -9999 -9999 -9999 -9999 -9999 -9999 -9999 -9999 -9999 -9999 -9999 -9999 -9999 -9999 -9999 -9999 -9999 -9999 -9999 -9999 -9999 -9999 -9999 -9999 -9999 -9999 -9999 -9999 -9999 -9999 -9999 -9999 -9999 -9999 -9999 -9999 -9999 -9999 -9999 -9999 -9999 -9999 -9999 -9999
-9999 -9999 -9999 -9999 -9999 -9999 -9999 -9999 -9999 -9999 -9999 -9999 -9999 -9999 -9999 -9999 -9999 -9999 -9999 -9999 -9999 -9999 -9999 -9999 -9999 -9999 -9999 -9999 -9999 -9999 -9999 -9999 -9999 -9999 -9999 -9999 -9999 -9999 -9999 -9999 -9999 -9999 -9999 -9999 -9999 -9999 -9999 -9999 -9999 -9999 -9999 -9999 -9999 -9999 -9999 -9999 -9999 -9999 -9999 -9999 -9999 -9999 -9999 -9999 -9999 -9999 -9999 -9999 -9999 -9999 -9999 -9999 -9999
-9999 -9999 -9999 -9999 -9999 -9999 -9999 -9999 -9999 -9999 -9999 -9999 -9999 -9999 -9999 -9999 -9999 -9999 -9999 -9999 -9999 -9999 -9999 -9999 -9999 -9999 -9999 -9999 -9999 -9999 -9999 -9999 -9999 -9999 -9999 -9999 -9999 -9999 -9999 -9999 -9999 -9999 -9999 -9999 -9999 -9999 -9999 -9999 -9999 -9999 -9999 -9999 -9999 -9999 -9999 -9999 -9999 -9999 -9999 -9999 -9999 -9999 -9999 -9999 -9999 -9999 -9999 -9999 -9999 -9999 -9999 -9999 -9999
-9999 -9999 -9999 -9999 -9999 -9999 -9999 -9999 -9999 -9999 -9999 -9999 -9999 -9999 -9999 -9999 -9999 -9999 -9999 -9999 -9999 -9999 -9999 -9999 -9999 -9999 -9999 -9999 -9999 -9999 -9999 -9999 -9999 -9999 -9999 -9999 -9999 -9999 -9999 -9999 -9999 -9999 -9999 -9999 -9999 -9999 -9999 -9999 -9999 -9999 -9999 -9999 -9999 -9999 -9999 -9999 -9999 -9999 -9999 -9999 -9999 -9999 -9999 -9999 -9999 -9999 -9999 -9999 -9999 -9999 -9999 -9999 -9999
-9999 -9999 -9999 -9999 -9999 -9999 -9999 -9999 -9999 -9999 -9999 -9999 -9999 -9999 -9999 -9999 -9999 -9999 -9999 -9999 -9999 -9999 -9999 -9999 -9999 -9999 -9999 -9999 -9999 -9999 -9999 -9999 -9999 -9999 -9999 -9999 -9999 -9999 -9999 -9999 -9999 -9999 -9999 -9999 -9999 -9999 -9999 -9999 -9999 -9999 -9999 -9999 -9999 -9999 -9999 -9999 -9999 -9999 -9999 -9999 -9999 -9999 -9999 -9999 -9999 -9999 -9999 -9999 -9999 -9999 -9999 -9999 -9999
-9999 -9999 -9999 -9999 -9999 -9999 -9999 -9999 -9999 -9999 -9999 -9999 -9999 -9999 -9999 -9999 -9999 -9999 -9999 -9999 -9999 -9999 -9999 -9999 -9999 -9999 -9999 -9999 -9999 -9999 -9999 -9999 -9999 -9999 -9999 -9999 -9999 -9999 -9999 -9999 -9999 -9999 -9999 -9999 -9999 -9999 -9999 -9999 -9999 -9999 -9999 -9999 -9999 -9999 -9999 -9999 -9999 -9999 -9999 -9999 -9999 -9999 -9999 -9999 -9999 -9999 -9999 -9999 -9999 -9999 -9999 -9999 -9999
-9999 -9999 -9999 -9999 -9999 -9999 -9999 -9999 -9999 -9999 -9999 -9999 -9999 -9999 -9999 -9999 -9999 -9999 -9999 -9999 -9999 -9999 -9999 -9999 -9999 -9999 -9999 -9999 -9999 -9999 -9999 -9999 -9999 -9999 -9999 -9999 -9999 -9999 -9999 -9999 -9999 25.11540 -9999 -9999 -9999 -9999 -9999 -9999 -9999 -9999 -9999 -9999 -9999 -9999 -9999 -9999 -9999 -9999 -9999 -9999 -9999 -9999 -9999 -9999 -9999 -9999 -9999 -9999 -9999 -9999 -9999 -9999 -9999
18.35310 18.90240 20.65510 22.67020 5.92450 8.69547 7.56408 29.18280 29.38210 28.42550 27.17490 23.93740 166.60100 -9999 -9999 -9999 -9999 -9999 -9999 -9999 -9999 -9999 -9999 -9999 -9999 -9999 -9999 -9999 -9999 -9999 -9999 -9999 -9999 -9999 -9999 -9999 6.60119 14.43930 10.27710 2.09913 3.59057 10.98490 30.43560 -9999 -9999 -9999 27.64010 -9999 -9999 -9999 33.18860 41.98370 41.30360 -9999 -9999 -9999 -9999 -9999 -9999 -9999 -9999 -9999 -9999 -9999 -9999 -9999 -9999 -9999 -9999 -9999 -9999 -9999 -9999
3.69910 0.00000 0.00000 0.00000 0.00000 0.02468 0.31214 1.28485 2.87800 0.37119 0.00000 0.00000 0.00000 0.00000 1.02919 4.62807 32.96630 63.07380 31.65130 -9999 -9999 -9999 -9999 -9999 35.04180 33.89380 35.37840 36.22040 35.71590 32.17520 29.89330 29.87680 27.48870 27.64970 25.96090 27.06060 1.72709 2.02952 1.30383 1.93677 2.75526 3.47320 31.74150 31.65700 33.23890 30.73250 29.09840 32.98260 35.16370 33.43290 38.18750 36.90270 24.33190 27.98170 35.57740 38.58780 36.89850 38.26380 -9999 -9999 -9999 -9999 -9999 -9999 -9999 -9999 -9999 -9999 -9999 -9999 -9999 -9999 -9999
0.00000 0.00000 0.00000 0.00000 0.00000 0.00000 0.16646 0.34320 0.06603 0.00000 0.00000 0.00000 0.00000 0.64688 4.14896 4.54810 40.15270 8.59662 22.54590 31.09330 36.62700 44.39460 46.76120 42.82480 38.23000 36.62070 35.60840 38.82490 38.15400 34.25390 29.83410 30.57640 31.24550 30.29930 31.01340 30.27000 28.49330 27.97020 28.21490 28.41220 27.76000 28.03850 27.67580 29.47890 30.75510 31.20590 32.93360 34.24670 37.61320 43.11300 45.19110 48.02090 53.41920 52.70510 49.70040 54.93630 46.89590 39.64090 38.63360 36.82800 38.79720 38.48340 37.48450 38.47340 40.57940 41.70890 -9999 -9999 -9999 -9999 -9999 -9999 -9999
0.00000 0.00000 0.00000 0.00000 0.00000 0.00000 0.00000 0.00000 0.00000 0.00000 0.04868 2.41447 6.42192 7.56072 13.79870 28.36390 73.03570 74.29720 27.88730 28.65330 24.92270 32.07060 37.67890 40.76230 45.64200 36.91690 35.98350 38.09730 40.16710 41.29710 40.46320 38.65590 36.78020 35.85250 32.51390 33.76450 30.15780 29.39590 29.97000 28.77490 25.50490 26.53030 29.30090 29.33510 30.46240 33.51200 34.46050 38.11870 41.26720 44.50260 49.49510 49.37860 50.79050 51.63630 54.72890 59.66210 42.88550 41.94980 43.13270 42.41890 42.50910 46.06110 50.59900 53.44110 57.49820 51.75830 -9999 40.87260 -9999 -9999 -9999 -9999 -9999
10.99770 0.59507 2.42637 6.81060 4.90137 4.63020 1.15521 2.17333 0.00000 2.33336 19.19820 1.16649 3.28644 3.02097 27.05270 51.21530 68.47110 71.46010 32.57770 30.05180 33.12540 14.88070 14.68480 18.34120 49.93450 45.35580 40.03460 38.99010 41.56260 43.71680 41.32040 36.17020 33.50010 32.48500 30.93440 28.23030 30.00990 31.26380 30.83960 30.96350 30.30640 31.64850 33.40320 33.64600 34.45190 32.46620 32.50720 35.11120 40.11640 40.49810 41.68360 44.79850 51.00100 51.85510 54.82190 54.45690 42.03790 44.50350 44.98610 48.40650 49.23400 49.59470 51.74440 52.88580 53.83990 60.46150 61.36190 -9999 -9999 -9999 -9999 -9999 -9999
6.10255 6.89120 21.65060 19.42470 16.53050 15.59780 17.52660 17.21240 18.25070 19.31060 18.50920 19.21350 78.47020 74.96640 42.22310 48.26760 34.32950 44.77850 18.95260 25.66260 35.50050 38.71610 45.01110 26.84300 59.60110 59.58970 49.95360 47.64070 42.84290 38.43650 34.40130 32.82460 32.88340 34.07720 31.00050 28.76160 32.42620 35.44760 35.23990 34.50410 34.57010 35.14830 34.82890 32.90050 33.56800 35.59910 35.13870 35.30850 38.88780 41.63110 45.99440 46.44720 48.53900 48.54330 48.52980 48.70950 46.43880 47.24840 47.52770 49.39910 53.02990 58.92530 62.71720 67.80370 62.00100 72.64720 75.27620 67.78440 -9999 -9999 -9999 -9999 -9999
26.40190 24.74030 17.31870 15.90340 14.28900 14.81620 16.69520 16.74260 19.40740 22.14520 24.96220 25.43110 52.89210 23.80030 2.21010 2.16856 9.06530 1.97771 10.34800 21.77240 31.97960 38.79140 43.48870 39.55750 39.39480 53.82560 53.40980 49.88170 42.43770 37.40000 36.28000 35.80540 34.92500 34.02380 30.81880 27.62940 33.21700 32.17440 32.26230 32.46850 31.03550 33.58130 35.00980 35.55310 34.53570 37.44300 38.60480 38.65610 41.24850 42.03030 48.15690 43.51230 46.02500 43.74850 43.77010 43.01540 44.24200 45.76700 48.39520 50.16130 50.18040 51.24250 53.87120 54.75600 56.42470 58.27880 58.73680 61.22610 61.44130 59.22160 61.63690 60.78860 -9999
18.29980 18.74500 16.52520 16.62320 16.14220 16.66980 18.73690 20.55010 21.65250 21.81360 23.84040 23.52550 66.19750 48.27690 1.04887 0.11504 0.00000 0.29631 7.66941 23.83340 38.67160 39.97140 37.22060 39.22550 28.96520 49.94150 57.11850 53.64040 44.38810 41.60730 39.76030 38.04810 36.91190 36.37060 31.24330 29.46050 32.47170 31.74190 29.93320 32.52510 33.56050 33.89780 35.10110 35.11960 38.81260 38.99640 39.69400 38.01200 38.69160 39.75720 41.41170 44.67940 46.16010 45.60450 44.74320 42.80170 40.86800 42.45210 42.33000 38.51050 37.50450 38.30630 44.53620 50.36970 53.60690 52.61620 48.34590 47.72910 51.39640 53.55140 53.16120 58.65940 57.72440
36.14510 4.74417 4.18868 36.19080 2.75528 8.85493 25.49390 22.67070 26.88590 27.66480 30.47040 26.92680 24.79040 33.42210 1.71189 0.57880 0.10454 0.47572 0.68595 9.76081 17.65900 19.68410 31.43680 39.10740 37.50070 40.83470 42.85530 44.74660 39.98080 42.30840 41.89470 38.61940 44.29850 42.96800 44.05390 41.91270 39.02130 35.94310 32.28880 39.12450 41.70140 44.74010 44.96810 42.71020 44.31950 45.87410 40.84510 39.32130 38.62100 40.41690 41.46100 43.94010 39.30160 32.78940 34.55890 37.70910 37.18320 37.35750 35.52990 36.00870 32.54570 35.14180 40.05150 44.20780 49.36670 51.97590 49.15060 47.89850 48.73460 55.29470 55.96650 56.35380 63.24490
29.34190 31.72890 3.60220 4.38938 5.95623 6.10494 4.98064 6.23403 4.31131 2.20617 28.47330 25.98860 30.94170 28.73760 2.57971 0.34736 0.34636 0.47704 0.45977 0.65122 0.58813 0.71601 5.39799 15.37480 27.32220 36.55300 36.10520 27.41780 18.84720 11.32920 1.57734 8.52079 25.62510 30.85120 23.24110 35.66890 57.39390 60.77670 63.55280 60.98920 58.17600 49.15360 50.38200 48.06170 43.37140 38.45970 43.78470 42.10780 40.25580 43.03850 45.80040 42.77930 34.74560 36.50180 40.01350 33.80140 32.42080 31.96370 30.80030 30.49140 28.94630 30.26520 32.90730 36.95190 39.70560 46.06020 49.23260 50.18500 45.78150 51.08970 51.31140 53.80400 59.40270
15.27790 17.11830 24.90890 14.91010 2.99834 3.97653 4.36819 3.22807 0.89691 2.16304 0.00000 0.77664 1.05417 30.59870 63.94000 0.22031 0.00000 0.00000 0.02193 0.21040 0.00000 0.18355 0.26400 0.27535 0.41949 0.50018 0.60724 0.54268 0.52527 0.88163 0.94624 0.92899 1.30074 2.11968 2.13091 2.47887 29.65250 31.26020 38.82190 48.49530 58.57060 62.32250 59.23870 49.35590 42.64520 35.58470 39.54750 47.45820 46.05160 44.78760 40.59470 37.20330 32.80540 34.07610 35.32240 36.89050 37.98200 35.09000 29.21000 26.90080 23.25320 27.05290 26.76510 29.81990 31.14990 36.69930 40.26090 47.00480 51.08460 52.73420 55.26970 55.45940 58.00650
23.34600 19.82320 18.35700 17.61650 21.59720 26.73250 1.90707 4.61841 8.69983 3.39473 1.44361 1.13230 1.70660 2.12425 2.08992 12.29360 0.45079 1.14732 0.65829 0.20198 0.03240 0.11933 0.15684 0.49799 1.16147 1.27216 0.74399 0.72707 0.71282 0.73847 1.47149 1.47007 1.73842 2.39926 2.73884 8.46076 49.02350 60.06210 61.12000 61.05260 71.74420 79.27850 84.84970 74.85430 63.82350 52.11920 44.39090 54.12040 57.50480 47.19040 44.98780 43.42180 35.92520 35.14280 35.72500 36.50790 37.68640 32.79840 32.03880 28.98660 23.88950 22.17870 23.44610 23.45270 27.51780 30.35970 35.81140 41.14410 47.69550 49.78670 54.12450 56.48040 57.55000
32.23950 27.33590 30.26030 22.10590 65.74170 45.61410 42.28500 19.36080 15.45640 18.67120 17.29170 18.03270 2.01229 1.29844 1.60408 0.86846 0.78494 6.81714 9.95002 11.40020 14.79520 9.48245 9.10853 24.20950 30.70890 14.67810 9.31362 8.77349 10.32530 14.91180 0.76243 5.36655 8.00723 16.70430 32.72160 48.30160 56.58390 72.78940 78.26520 97.24670 98.80400 91.54680 88.01130 85.01260 72.64720 64.99760 50.62220 44.13750 47.00350 50.86530 41.55150 40.39950 40.02830 35.19720 35.29030 33.49180 34.59190 33.02760 29.75310 27.72150 24.47150 21.12950 19.96750 20.85730 25.56240 29.90800 34.79570 39.81020 41.99200 47.68520 54.63710 58.91670 58.65560
62.47420 96.48310 28.24690 28.84360 20.45970 20.89930 22.52010 54.48290 60.38260 25.97720 14.68220 14.06510 83.55240 64.64780 38.40670 30.90430 14.81020 23.71810 6.69322 9.35797 10.36850 17.90910 12.87790 16.48050 12.77040 1.59024 0.69082 4.42602 0.61438 0.82746 3.27470 10.99000 13.88420 23.97310 42.87960 61.51740 68.87950 97.84480 111.70500 115.81600 107.24600 104.42700 96.51080 91.19370 86.54520 73.45390 62.89830 53.45040 43.21290 48.29370 45.22420 42.19750 36.98460 38.26620 36.09950 33.63730 31.90150 29.51410 29.32990 27.24100 23.44700 22.46390 17.16360 17.74980 21.66610 26.79340 33.60110 35.70170 36.97230 41.52840 46.92360 53.80030 55.57760
63.04680 33.97100 30.92020 34.88900 39.38520 40.79360 30.42470 40.01170 34.99370 39.48890 28.07460 13.07980 114.96500 112.01200 102.17800 66.87750 37.25430 18.10920 0.23957 0.16787 5.92436 12.41610 7.96907 13.63570 14.37380 6.93231 2.21561 0.27230 0.48540 0.90948 5.42713 8.49142 16.29400 33.59980 41.16210 60.37710 79.75840 106.24000 128.40199 135.87601 126.75400 108.19500 93.98710 81.14090 73.87080 61.27390 68.50800 52.50690 46.88740 36.06790 40.80210 39.22280 32.69990 31.32940 30.41110 29.46650 26.74050 25.35950 22.42150 21.89030 23.71480 21.87780 21.53010 19.97040 19.80530 23.42330 32.04040 31.30680 33.79740 35.14610 34.56120 36.46520 39.91770
66.26780 41.18810 25.11890 24.58640 22.67910 23.17000 66.42520 144.67900 143.98199 109.52300 92.24880 44.20740 64.16070 62.42920 65.57530 128.87900 119.27500 51.38570 18.82100 2.42611 2.06395 1.41043 2.26547 11.16040 8.09125 0.54262 0.99240 0.22426 0.65024 1.05195 14.23700 15.78190 28.64970 40.45970 55.59810 69.08400 95.63280 109.65100 143.03900 150.87801 134.96300 126.33300 105.39600 91.37430 75.42610 70.33780 72.66450 56.94910 46.25150 31.16130 32.68260 35.37090 31.26180 32.97130 35.92710 38.81670 37.48060 32.23770 27.29970 19.94060 18.12700 19.04420 19.36270 21.27300 22.11560 22.83660 20.91240 24.81930 25.92970 24.88030 25.06240 26.95260 24.99790
109.17700 177.21600 144.62000 75.37750 53.04200 28.29160 48.42060 174.76500 -9999 -9999 1285.76001 207.80000 136.60100 136.67101 123.05000 178.95900 146.14200 70.94890 18.70540 3.81536 15.87270 25.27780 8.11600 8.14597 3.75725 0.53320 1.22187 0.19026 0.60513 0.91473 5.11977 19.88170 26.79520 39.63340 44.96530 60.45590 65.33030 92.67360 124.03000 140.64799 133.79900 103.56200 82.58560 76.33870 64.73100 64.23630 65.35170 48.48890 32.09100 34.30080 29.44300 31.01740 24.31130 25.12950 22.70940 23.49920 21.56740 21.12410 17.25030 15.04000 14.11930 14.30680 14.31120 17.48800 18.56440 20.57910 18.05760 21.14530 20.14200 20.30300 23.82870 23.32630 24.13160
-9999 -9999 -9999 403.50201 302.71899 148.83800 135.56100 113.55800 117.04600 102.56400 58.39400 141.22501 -9999 -9999 -9999 -9999 300.80099 167.44400 106.32700 73.41160 54.62080 41.54080 44.54300 33.03730 19.83100 10.27230 0.24692 0.29126 0.91704 9.94633 19.99460 22.40100 29.20450 41.69510 54.35360 58.07310 63.67370 60.61360 94.95270 95.61040 104.88100 88.74350 71.83500 62.84780 63.40780 55.47930 51.70910 47.26140 28.58940 27.65990 20.89990 21.46420 23.45830 25.08230 21.95310 19.04810 16.89290 15.40880 12.46590 11.40650 12.01810 12.02750 13.86960 15.98430 16.29020 18.15630 19.55540 18.39690 12.89060 17.72050 20.69250 21.94290 23.11060
