data/hydroclimate-scenarios/1948-2000.Pcorr55N_Pref_Tref/monthly_summaries/swe_monthly_day1_apr.asc
ncols	311
nrows	91
xllcenter	102.75
yllcenter	31.75
cellsize	0.5
NODATA_value	-9999
[rows 0 to 31 of 91, columns 213 to 283 of 311]
-9999 -9999 -9999 -9999 -9999 -9999 -9999 -9999 -9999 -9999 -9999 -9999 -9999 -9999 -9999 -9999 -9999 -9999 -9999 -9999 -9999 -9999 -9999 -9999 -9999 -9999 -9999 -9999 -9999 -9999 -9999 -9999 -9999 -9999 -9999 -9999 -9999 -9999 -9999 -9999 -9999 -9999 -9999 -9999 -9999 -9999 -9999 -9999 -9999 -9999 -9999 -9999 -9999 -9999 -9999 -9999 -9999 -9999 -9999 -9999 -9999 -9999 -9999 -9999 -9999 -9999 -9999 -9999 -9999 -9999 -9999
-9999 -9999 -9999 -9999 -9999 -9999 -9999 -9999 -9999 -9999 -9999 -9999 -9999 -9999 -9999 -9999 -9999 -9999 -9999 -9999 -9999 -9999 -9999 -9999 -9999 -9999 -9999 -9999 -9999 -9999 -9999 -9999 -9999 -9999 -9999 -9999 -9999 -9999 -9999 -9999 -9999 -9999 -9999 -9999 -9999 -9999 -9999 -9999 -9999 -9999 -9999 -9999 -9999 -9999 -9999 -9999 -9999 -9999 -9999 -9999 -9999 -9999 -9999 -9999 -9999 -9999 -9999 -9999 -9999 -9999 -9999
-9999 -9999 -9999 -9999 -9999 -9999 -9999 -9999 -9999 -9999 -9999 -9999 -9999 -9999 -9999 -9999 -9999 -9999 -9999 -9999 -9999 -9999 -9999 -9999 -9999 -9999 -9999 -9999 -9999 -9999 -9999 -9999 -9999 -9999 -9999 -9999 -9999 -9999 -9999 -9999 -9999 -9999 -9999 -9999 -9999 -9999 -9999 -9999 -9999 -9999 -9999 -9999 -9999 -9999 -9999 -9999 -9999 -9999 -9999 -9999 -9999 -9999 -9999 -9999 -9999 -9999 -9999 -9999 -9999 -9999 -9999
-9999 -9999 -9999 -9999 -9999 -9999 -9999 -9999 -9999 -9999 -9999 -9999 -9999 -9999 -9999 -9999 -9999 -9999 -9999 -9999 -9999 -9999 -9999 -9999 -9999 -9999 -9999 -9999 -9999 -9999 -9999 -9999 -9999 -9999 -9999 -9999 -9999 -9999 -9999 -9999 -9999 -9999 -9999 -9999 -9999 -9999 -9999 -9999 -9999 -9999 -9999 -9999 -9999 -9999 -9999 -9999 -9999 -9999 -9999 -9999 -9999 -9999 -9999 -9999 -9999 -9999 -9999 -9999 -9999 -9999 -9999
-9999 -9999 -9999 -9999 -9999 -9999 -9999 -9999 -9999 -9999 -9999 -9999 -9999 -9999 -9999 -9999 -9999 -9999 -9999 -9999 -9999 -9999 -9999 -9999 -9999 -9999 -9999 -9999 -9999 -9999 -9999 -9999 -9999 -9999 -9999 -9999 -9999 -9999 -9999 -9999 -9999 -9999 -9999 -9999 -9999 -9999 -9999 -9999 -9999 -9999 -9999 -9999 -9999 -9999 -9999 -9999 -9999 -9999 -9999 -9999 -9999 -9999 -9999 -9999 -9999 -9999 -9999 -9999 -9999 -9999 -9999
-9999 -9999 -9999 -9999 -9999 -9999 -9999 -9999 -9999 -9999 -9999 -9999 -9999 -9999 -9999 -9999 -9999 -9999 -9999 -9999 -9999 -9999 -9999 -9999 -9999 -9999 -9999 -9999 -9999 -9999 -9999 -9999 -9999 -9999 -9999 -9999 -9999 -9999 -9999 -9999 -9999 -9999 -9999 -9999 -9999 -9999 -9999 -9999 -9999 -9999 -9999 -9999 -9999 -9999 -9999 -9999 -9999 -9999 -9999 -9999 -9999 -9999 -9999 -9999 -9999 -9999 -9999 -9999 -9999 -9999 -9999
-9999 -9999 -9999 -9999 -9999 -9999 -9999 -9999 -9999 -9999 -9999 -9999 -9999 -9999 -9999 -9999 -9999 -9999 -9999 -9999 -9999 -9999 -9999 -9999 -9999 -9999 -9999 -9999 -9999 -9999 -9999 -9999 -9999 -9999 -9999 -9999 -9999 -9999 -9999 -9999 -9999 -9999 -9999 -9999 -9999 -9999 -9999 -9999 -9999 -9999 -9999 -9999 -9999 -9999 -9999 -9999 -9999 -9999 -9999 -9999 -9999 -9999 -9999 -9999 -9999 -9999 -9999 -9999 -9999 -9999 -9999
-9999 -9999 -9999 -9999 -9999 -9999 -9999 -9999 -9999 -9999 -9999 -9999 -9999 -9999 -9999 -9999 -9999 -9999 -9999 -9999 -9999 -9999 -9999 -9999 -9999 -9999 -9999 -9999 -9999 -9999 -9999 -9999 -9999 -9999 -9999 -9999 -9999 -9999 -9999 -9999 -9999 -9999 -9999 -9999 -9999 -9999 -9999 -9999 -9999 -9999 -9999 -9999 -9999 -9999 -9999 -9999 -9999 -9999 -9999 -9999 -9999 -9999 -9999 -9999 -9999 -9999 -9999 -9999 -9999 -9999 -9999
-9999 -9999 -9999 -9999 -9999 -9999 -9999 -9999 -9999 -9999 -9999 -9999 -9999 -9999 -9999 -9999 -9999 -9999 -9999 -9999 -9999 -9999 -9999 -9999 -9999 -9999 -9999 -9999 -9999 -9999 -9999 -9999 -9999 -9999 -9999 -9999 -9999 -9999 -9999 -9999 -9999 -9999 -9999 -9999 -9999 -9999 -9999 -9999 -9999 -9999 -9999 -9999 -9999 -9999 -9999 -9999 -9999 -9999 -9999 -9999 -9999 -9999 -9999 -9999 -9999 -9999 -9999 -9999 -9999 -9999 -9999
-9999 -9999 -9999 -9999 -9999 -9999 -9999 -9999 -9999 -9999 -9999 -9999 -9999 -9999 -9999 -9999 -9999 -9999 -9999 -9999 -9999 -9999 -9999 -9999 -9999 -9999 -9999 -9999 -9999 -9999 -9999 -9999 -9999 -9999 -9999 -9999 -9999 -9999 -9999 -9999 -9999 -9999 -9999 -9999 -9999 -9999 -9999 -9999 -9999 -9999 -9999 -9999 -9999 -9999 -9999 -9999 -9999 -9999 -9999 -9999 -9999 -9999 -9999 -9999 -9999 -9999 -9999 -9999 -9999 -9999 -9999
-9999 -9999 -9999 -9999 -9999 -9999 -9999 -9999 -9999 -9999 -9999 -9999 -9999 -9999 -9999 -9999 -9999 -9999 -9999 -9999 -9999 -9999 -9999 -9999 -9999 -9999 -9999 -9999 -9999 -9999 -9999 -9999 -9999 -9999 -9999 -9999 -9999 -9999 -9999 -9999 -9999 -9999 -9999 -9999 -9999 -9999 -9999 -9999 -9999 -9999 -9999 -9999 -9999 -9999 -9999 -9999 -9999 -9999 -9999 -9999 -9999 -9999 -9999 -9999 -9999 -9999 -9999 -9999 -9999 -9999 -9999
-9999 -9999 -9999 -9999 -9999 -9999 -9999 -9999 -9999 -9999 -9999 -9999 -9999 -9999 -9999 -9999 -9999 -9999 -9999 -9999 -9999 -9999 -9999 -9999 -9999 -9999 -9999 -9999 -9999 -9999 -9999 -9999 -9999 -9999 -9999 -9999 -9999 -9999 -9999 -9999 -9999 -9999 -9999 -9999 -9999 -9999 -9999 -9999 -9999 -9999 -9999 -9999 -9999 -9999 -9999 -9999 -9999 -9999 -9999 -9999 -9999 -9999 -9999 -9999 -9999 -9999 -9999 -9999 -9999 -9999 -9999
-9999 -9999 -9999 -9999 -9999 -9999 -9999 -9999 -9999 -9999 -9999 -9999 -9999 -9999 -9999 -9999 -9999 -9999 -9999 -9999 -9999 -9999 -9999 -9999 -9999 -9999 -9999 -9999 -9999 -9999 -9999 -9999 -9999 -9999 -9999 -9999 -9999 -9999 -9999 -9999 -9999 -9999 -9999 -9999 -9999 -9999 -9999 -9999 -9999 -9999 -9999 -9999 -9999 -9999 -9999 -9999 -9999 -9999 -9999 -9999 -9999 -9999 -9999 -9999 -9999 -9999 -9999 -9999 -9999 -9999 -9999
87.51860 88.77480 88.69030 87.62500 75.10880 72.83140 -9999 -9999 -9999 -9999 -9999 -9999 -9999 -9999 -9999 -9999 -9999 -9999 -9999 -9999 -9999 -9999 -9999 -9999 -9999 -9999 -9999 -9999 -9999 -9999 -9999 -9999 -9999 -9999 -9999 -9999 -9999 -9999 -9999 -9999 -9999 -9999 -9999 -9999 -9999 -9999 -9999 61.25400 -9999 -9999 -9999 -9999 -9999 -9999 -9999 -9999 -9999 -9999 -9999 -9999 -9999 -9999 -9999 -9999 -9999 -9999 -9999 -9999 -9999 -9999 -9999
95.85690 93.89270 89.85330 88.33110 90.11420 89.88320 70.31750 66.81020 56.93770 60.56410 46.70390 49.51740 50.71930 100.43200 96.84550 92.62680 85.91990 71.79100 386.49799 -9999 -9999 -9999 -9999 -9999 -9999 -9999 -9999 -9999 -9999 -9999 -9999 -9999 -9999 -9999 -9999 -9999 -9999 -9999 -9999 -9999 -9999 -9999 18.13100 33.81030 27.84760 13.37020 16.62020 34.73550 80.75560 -9999 -9999 -9999 78.02950 -9999 -9999 -9999 82.32940 102.14800 98.89050 -9999 -9999 -9999 -9999 -9999 -9999 -9999 -9999 -9999 -9999 -9999 -9999
99.51450 93.15860 91.15500 91.46800 91.88700 93.58170 25.70000 9.43123 10.68190 11.70480 13.22840 16.35550 16.06430 17.28920 2.60324 12.29930 9.40674 7.65248 4.84578 3.91218 4.23851 14.65880 62.80580 113.82200 71.22850 -9999 -9999 -9999 -9999 -9999 88.57460 87.80550 95.95120 102.65300 102.53900 95.23720 86.77210 87.05400 83.49680 80.00630 74.85680 76.08000 15.99020 20.42830 17.97870 18.43350 23.32010 29.95770 95.03180 99.33970 102.91600 96.97410 94.57670 108.45800 106.45000 99.90450 111.75300 108.86600 79.69530 82.84700 93.18160 94.26630 98.81250 93.89590 -9999 -9999 -9999 -9999 -9999 -9999 -9999
106.79400 106.51800 107.12000 70.19630 69.92600 55.53990 12.81420 15.36840 16.90210 16.78650 0.00000 18.52200 16.81040 17.36360 12.25250 9.08018 6.10567 5.38850 4.41853 3.13590 10.31410 14.75510 82.96010 29.22300 52.62410 70.95930 86.32320 107.51000 118.73300 112.90900 105.80200 103.87700 103.52500 118.96500 126.23100 112.40300 100.38800 102.69100 107.32500 100.78400 101.57100 102.77200 96.52250 97.39850 101.44100 99.07570 98.37540 98.29950 97.96750 97.66430 103.58700 101.41900 108.81800 114.38500 121.61300 138.24800 139.13901 139.13600 150.55600 150.84300 136.77299 149.67300 131.94901 122.08800 112.40000 99.83190 98.69500 97.86390 92.98540 95.63470 102.90000
86.93380 57.75660 109.60700 43.58170 40.90260 20.20390 17.01380 15.29250 15.44100 13.61110 11.69630 11.29750 14.08280 9.82095 4.61909 3.15278 3.33471 4.74992 35.49780 34.73970 41.96360 68.74910 171.56500 181.77800 72.96140 81.89130 74.66530 101.86600 123.01300 138.11200 147.70000 113.97000 114.57700 127.72400 147.41901 153.66600 150.42599 148.33900 140.05600 133.17599 122.16200 126.36500 114.97600 108.02700 108.32200 103.75900 98.58010 102.68700 109.13500 107.82100 110.81000 115.71500 120.52300 131.78000 138.61400 149.71001 157.53101 146.36200 149.62000 155.42200 161.99800 175.12199 138.24100 139.35699 127.17000 123.20200 119.46100 129.52200 144.13901 150.96600 159.20599
108.57400 111.59200 82.23550 70.71700 69.78220 51.35290 49.54670 25.49760 25.31870 23.85080 23.60220 21.77760 13.09470 9.82759 1.89002 12.21110 45.83130 14.96190 30.57200 25.90000 83.41600 129.02699 178.42000 191.65300 96.89800 91.24770 107.89200 80.43090 78.67720 107.41500 193.00200 161.93800 153.21600 148.65199 155.49899 163.85100 165.00800 151.21100 139.37801 133.60899 124.39100 117.12800 113.95600 118.48300 119.55300 120.48800 125.73900 128.54201 132.91499 131.10800 134.75301 127.73000 126.71200 129.90300 140.19701 137.42400 134.37801 147.97200 161.51900 164.07600 164.93800 166.46700 141.22200 147.23599 147.58200 158.12801 163.36900 158.59300 153.82500 158.56500 161.97400
144.93500 166.12000 131.98300 100.35300 86.93380 78.91060 66.51480 53.41610 75.87590 68.45320 60.32200 50.07140 59.54070 57.61240 61.84580 60.73170 58.26190 65.69940 214.07500 199.02499 125.74700 149.47301 120.31800 151.51199 74.44900 90.81690 120.08700 134.94000 158.01100 141.85800 233.58299 228.59900 195.62399 182.00900 163.61301 149.34000 143.48199 137.70000 139.77000 145.66200 132.61301 122.06600 134.99200 148.29700 141.40900 139.91901 146.56599 145.08400 145.71500 136.83800 141.31000 153.63000 140.76900 139.25301 145.09900 149.28000 158.86301 163.05701 162.95599 158.10699 153.32001 149.20000 149.93100 159.39200 167.06500 174.99600 180.08600 200.17500 212.14700 215.91200 211.18700
145.00900 208.25800 206.82201 162.02699 118.85300 96.12480 91.53680 86.02020 65.54480 61.82540 61.56050 62.50180 65.07840 66.34360 72.17680 77.61890 82.63140 86.04890 144.53101 86.79880 23.15760 31.42090 68.93280 56.20590 57.85070 91.34130 117.71700 139.99699 155.54100 172.97600 179.56799 213.85500 207.92599 191.42700 167.18401 149.15500 148.26100 153.17300 147.42300 144.49200 144.33600 128.19600 140.72501 138.52000 137.72301 136.29700 137.74500 146.83200 152.57401 153.62500 163.17300 157.72900 157.85100 159.25400 157.53500 158.76801 174.47800 157.00999 156.45500 146.32001 142.77299 138.44600 141.08099 148.87300 160.78101 171.67000 179.90500 199.26700 203.72501 212.03600 213.75000
178.84900 164.65300 129.12000 82.50350 71.04670 72.00920 73.21830 75.54130 68.68530 68.41440 68.08500 69.96000 76.30830 82.25780 87.48150 83.66520 85.02680 84.10540 193.87601 156.85400 14.09530 10.02840 11.47730 27.86600 51.62890 105.73900 149.90900 166.32300 151.45900 169.91600 168.02699 215.23599 224.43900 206.36700 185.50301 171.34700 166.97501 157.79100 152.42700 152.38600 147.80600 134.19299 138.90100 135.60300 130.22900 136.77400 149.17200 152.94299 160.39700 160.90199 174.49600 169.84700 158.30200 154.59399 150.66800 146.91701 148.35800 158.46100 154.98199 155.32600 144.98000 144.24800 141.05800 145.35699 150.23100 139.51401 151.07201 167.04100 185.28200 206.00000 221.55200
170.88901 113.82200 96.96810 97.14840 92.63140 109.31500 154.63300 137.32001 111.91700 124.83700 40.31350 48.32520 83.91470 83.52330 102.04500 100.41000 100.47300 87.68510 111.76000 142.84100 14.68550 14.12660 15.70890 30.99440 26.60920 74.41330 95.10970 109.15400 145.57600 173.26199 175.66800 179.51199 181.75500 189.98100 180.81300 188.58701 194.81400 184.34900 208.79800 200.73599 207.02499 192.21001 173.19099 159.93600 151.86400 176.66800 189.71100 215.38600 230.56300 220.62500 209.20900 202.14101 177.15300 167.38400 157.50000 166.97600 160.96300 165.85001 148.34599 134.44600 140.34000 137.91299 146.24600 149.05600 144.23500 148.79100 157.80600 165.91800 184.06300 196.27400 215.80901
108.86100 107.97500 120.82100 97.07550 71.91200 93.20790 130.08501 128.09100 105.90400 51.76710 30.23260 25.77660 0.06714 3.77254 3.50656 2.33106 99.06710 99.32450 125.85700 156.63200 36.76130 12.09230 22.52700 32.96680 32.71370 37.40630 65.04870 73.85470 98.72380 133.52499 161.78300 183.05299 187.16499 167.00200 181.13901 152.85100 142.71500 174.46201 225.15199 206.72701 225.68500 253.28101 301.05801 303.56299 316.22400 309.42700 281.21799 249.05800 276.43301 254.90700 215.75999 180.19200 191.20100 178.64799 164.02400 173.93500 170.83299 155.30800 146.40601 159.02000 164.60100 141.28101 146.03999 152.44299 144.75700 151.42599 152.42101 160.96500 170.10400 179.20300 186.91200
90.10070 88.25870 92.41610 86.13050 79.25580 78.82410 75.71920 81.27800 107.77100 104.29200 43.03170 18.26350 0.02893 0.00000 0.00000 0.04809 0.00000 0.00000 8.21246 191.05600 234.17000 15.29280 14.55130 15.07480 18.14650 23.04870 21.41320 38.23500 53.31120 65.17440 62.24190 71.17520 77.01480 85.71040 74.19400 91.35270 104.72200 102.24800 144.14700 173.00500 223.86600 243.79700 305.03900 309.58600 359.48001 418.36600 437.19199 374.04700 304.31601 243.69901 210.49699 171.01500 170.60500 195.82500 187.97501 176.74001 166.32500 161.68201 142.41701 147.28101 159.96500 174.71201 187.82201 178.72400 158.99699 146.12601 141.34801 152.97400 156.89500 160.65401 164.27600
80.27540 82.09560 87.30440 84.05400 92.04620 89.25760 98.58730 83.51260 74.36510 72.99970 83.17540 98.36660 54.88440 45.32320 19.71140 10.60170 7.70043 0.02189 17.33580 44.74160 46.23540 114.32300 13.61380 56.20310 27.69590 17.67750 21.57190 29.02750 50.46840 91.57160 91.59760 106.24200 77.54940 86.35220 66.41170 82.75210 113.10300 118.15200 160.99800 203.32001 227.31000 277.20200 352.34399 398.85599 404.62201 425.56201 462.87000 453.96799 434.45200 355.23401 302.92200 244.40900 192.77699 238.28600 254.00301 201.03000 186.62100 182.90401 163.40401 163.67000 167.38200 182.77200 186.47701 172.15100 176.59900 175.74899 158.20000 146.71400 158.83501 156.59100 162.59500
159.20500 173.69000 171.24500 161.04201 140.76801 206.87700 263.72101 261.55801 186.87000 196.59300 227.76601 256.18701 153.72701 77.64270 63.22800 64.29160 57.65100 60.01340 69.71300 36.28980 76.38610 54.63100 66.38310 97.78020 88.30930 105.96600 136.84599 139.53400 149.61900 190.10899 199.41000 131.30701 121.85600 119.38200 116.84500 132.29500 110.45500 142.29500 177.89101 226.73500 279.61301 329.80301 371.51401 447.33899 480.45200 516.49597 523.88300 528.67999 474.41299 407.10001 346.13800 313.22601 243.86000 207.97000 211.19099 231.87100 196.82300 190.09801 190.36800 181.51801 177.90900 183.93800 190.31599 195.14999 183.35400 176.77400 169.90800 159.05099 154.14000 157.51801 166.65900
-9999 530.82800 353.89999 255.96500 243.38499 230.68100 256.23300 339.80099 327.79401 373.61401 313.47198 289.65900 297.17300 275.26801 223.88200 105.60100 56.85400 51.80000 261.94299 247.10500 185.55499 191.78000 139.62900 180.97701 89.36900 107.08500 124.41100 170.03200 152.50600 171.07100 155.22501 93.93420 72.33080 87.21830 64.25500 86.25240 116.87500 156.94200 179.77600 227.84300 295.96600 380.04099 430.48999 490.49899 541.83502 568.59698 581.37402 582.34198 512.73700 451.87900 430.40701 371.25299 310.27100 261.73199 204.41400 230.85500 215.76700 203.57800 192.12000 204.29500 194.04300 192.75200 189.59000 177.85699 180.00700 181.29500 179.29700 178.40300 156.73801 153.71201 151.77901
919.50500 552.03998 409.61499 322.94601 233.17300 214.00700 224.05600 145.48900 139.29300 149.57201 159.81900 165.39000 119.88100 143.93300 149.14400 159.14101 115.43900 45.51490 283.23499 331.73099 353.48300 359.59399 238.06000 150.16499 31.63330 16.43730 95.14580 120.73000 105.91200 128.10699 130.83800 81.43920 62.73040 37.05740 44.63370 82.46370 131.47501 154.81200 200.33600 262.78000 294.06201 376.08899 442.45200 512.87299 603.46100 625.08698 663.08801 639.66998 544.45697 540.71899 457.81500 391.45300 365.89001 283.61200 255.76199 192.09801 216.44000 212.07401 181.85001 177.45399 175.96001 175.50700 178.41100 177.25500 182.78799 189.51900 198.83900 194.60400 185.29300 160.78900 155.89301
359.60501 245.50400 396.70401 482.55099 517.92102 344.22501 204.64000 147.35300 108.78700 109.18800 99.80300 98.58490 227.82100 409.80899 419.40900 344.52399 283.17801 157.19099 240.80400 282.02301 324.00400 597.27197 536.53900 267.25400 125.76100 71.38570 72.37720 60.05730 88.15660 108.08500 90.13180 50.87310 53.71280 30.03770 50.36600 86.29060 156.78600 188.42200 242.22099 291.41800 359.50400 417.92700 502.78500 580.29797 658.42798 722.86298 666.93597 660.67902 632.16302 597.70502 490.23300 451.63101 428.37701 339.74899 277.26501 191.98801 203.12000 217.38800 186.48700 202.19701 228.71001 271.65799 277.83099 271.99500 264.59000 216.96700 184.87700 186.34500 188.63800 182.36900 171.88100
259.52301 173.11000 199.27400 332.51999 354.77499 240.72400 462.19501 695.94800 641.35602 345.50400 248.42799 140.02100 200.21500 422.08899 -9999 -9999 1768.25000 614.50500 489.72101 547.95300 534.25702 748.04602 649.64301 336.92401 160.18600 120.99200 142.09300 176.49500 128.54100 114.94000 73.49950 44.18600 35.49370 35.39230 70.08180 117.23200 152.72600 197.02000 225.17500 283.98001 316.99399 390.37799 402.56500 520.20801 623.23602 664.37701 674.59497 548.29602 461.36899 426.88400 371.57001 378.35300 407.83499 305.78000 225.22501 229.14700 200.14600 203.51900 161.60300 164.54601 166.34500 182.93800 189.42900 191.85699 185.48100 184.39000 179.10300 181.77901 182.66499 194.07600 183.97800
169.76100 -9999 123.35300 336.98999 892.89600 -9999 -9999 -9999 -9999 1633.50000 1354.26001 770.29498 700.32898 559.29303 524.52899 477.31400 292.65399 522.31201 -9999 -9999 -9999 -9999 1148.51001 796.82703 506.45300 413.92401 323.07800 260.81000 286.35699 237.97000 181.02000 109.64200 58.95690 71.49400 110.00600 148.34100 203.89600 228.37100 276.19901 324.82501 396.26700 421.14700 422.46500 400.24600 543.16498 522.73798 576.10303 498.62900 421.19501 381.48300 377.78500 338.01401 336.50800 307.13599 215.56500 205.72301 165.52100 164.21201 173.05499 179.56300 171.94701 159.38499 161.93401 163.76500 167.26601 169.85100 176.34599 169.77499 171.57600 177.02299 169.31100
