data/hydroclimate-scenarios/1948-2000.Pcorr55N_Pref_Tref/monthly_summaries/swe_monthly_day1_oct.1950-2000.asc
ncols	311
nrows	91
xllcenter	102.75
yllcenter	31.75
cellsize	0.5
NODATA_value	-9999
[rows 0 to 32 of 91, columns 219 to 291 of 311]
-9999 -9999 -9999 -9999 -9999 -9999 -9999 -9999 -9999 -9999 -9999 -9999 -9999 -9999 -9999 -9999 -9999 -9999 -9999 -9999 -9999 -9999 -9999 -9999 -9999 -9999 -9999 -9999 -9999 -9999 -9999 -9999 -9999 -9999 -9999 -9999 -9999 -9999 -9999 -9999 -9999 -9999 -9999 -9999 -9999 -9999 -9999 -9999 -9999 -9999 -9999 -9999 -9999 -9999 -9999 -9999 -9999 -9999 -9999 -9999 -9999 -9999 -9999 -9999 -9999 -9999 -9999 -9999 -9999 -9999 -9999 -9999 -9999
-9999 -9999 -9999 -9999 -9999 -9999 -9999 -9999 -9999 -9999 -9999 -9999 -9999 -9999 -9999 -9999 -9999 -9999 -9999 -9999 -9999 -9999 -9999 -9999 -9999 -9999 -9999 -9999 -9999 -9999 -9999 -9999 -9999 -9999 -9999 -9999 -9999 -9999 -9999 -9999 -9999 -9999 -9999 -9999 -9999 -9999 -9999 -9999 -9999 -9999 -9999 -9999 -9999 -9999 -9999 -9999 -9999 -9999 -9999 -9999 -9999 -9999 -9999 -9999 -9999 -9999 -9999 -9999 -9999 -9999 -9999 -9999 -9999
-9999 -9999 -9999 -9999 -9999 -9999 -9999 -9999 -9999 -9999 -9999 -9999 -9999 -9999 -9999 -9999 -9999 -9999 -9999 -9999 -9999 -9999 -9999 -9999 -9999 -9999 -9999 -9999 -9999 -9999 -9999 -9999 -9999 -9999 -9999 -9999 -9999 -9999 -9999 -9999 -9999 -9999 -9999 -9999 -9999 -9999 -9999 -9999 -9999 -9999 -9999 -9999 -9999 -9999 -9999 -9999 -9999 -9999 -9999 -9999 -9999 -9999 -9999 -9999 -9999 -9999 -9999 -9999 -9999 -9999 -9999 -9999 -9999
-9999 -9999 -9999 -9999 -9999 -9999 -9999 -9999 -9999 -9999 -9999 -9999 -9999 -9999 -9999 -9999 -9999 -9999 -9999 -9999 -9999 -9999 -9999 -9999 -9999 -9999 -9999 -9999 -9999 -9999 -9999 -9999 -9999 -9999 -9999 -9999 -9999 -9999 -9999 -9999 -9999 -9999 -9999 -9999 -9999 -9999 -9999 -9999 -9999 -9999 -9999 -9999 -9999 -9999 -9999 -9999 -9999 -9999 -9999 -9999 -9999 -9999 -9999 -9999 -9999 -9999 -9999 -9999 -9999 -9999 -9999 -9999 -9999
-9999 -9999 -9999 -9999 -9999 -9999 -9999 -9999 -9999 -9999 -9999 -9999 -9999 -9999 -9999 -9999 -9999 -9999 -9999 -9999 -9999 -9999 -9999 -9999 -9999 -9999 -9999 -9999 -9999 -9999 -9999 -9999 -9999 -9999 -9999 -9999 -9999 -9999 -9999 -9999 -9999 -9999 -9999 -9999 -9999 -9999 -9999 -9999 -9999 -9999 -9999 -9999 -9999 -9999 -9999 -9999 -9999 -9999 -9999 -9999 -9999 -9999 -9999 -9999 -9999 -9999 -9999 -9999 -9999 -9999 -9999 -9999 -9999
-9999 -9999 -9999 -9999 -9999 -9999 -9999 -9999 -9999 -9999 -9999 -9999 -9999 -9999 -9999 -9999 -9999 -9999 -9999 -9999 -9999 -9999 -9999 -9999 -9999 -9999 -9999 -9999 -9999 -9999 -9999 -9999 -9999 -9999 -9999 -9999 -9999 -9999 -9999 -9999 -9999 -9999 -9999 -9999 -9999 -9999 -9999 -9999 -9999 -9999 -9999 -9999 -9999 -9999 -9999 -9999 -9999 -9999 -9999 -9999 -9999 -9999 -9999 -9999 -9999 -9999 -9999 -9999 -9999 -9999 -9999 -9999 -9999
-9999 -9999 -9999 -9999 -9999 -9999 -9999 -9999 -9999 -9999 -9999 -9999 -9999 -9999 -9999 -9999 -9999 -9999 -9999 -9999 -9999 -9999 -9999 -9999 -9999 -9999 -9999 -9999 -9999 -9999 -9999 -9999 -9999 -9999 -9999 -9999 -9999 -9999 -9999 -9999 -9999 -9999 -9999 -9999 -9999 -9999 -9999 -9999 -9999 -9999 -9999 -9999 -9999 -9999 -9999 -9999 -9999 -9999 -9999 -9999 -9999 -9999 -9999 -9999 -9999 -9999 -9999 -9999 -9999 -9999 -9999 -9999 -9999
-9999 -9999 -9999 -9999 -9999 -9999 -9999 -9999 -9999 -9999 -9999 -9999 -9999 -9999 -9999 -9999 -9999 -9999 -9999 -9999 -9999 -9999 -9999 -9999 -9999 -9999 -9999 -9999 -9999 -9999 -9999 -9999 -9999 -9999 -9999 -9999 -9999 -9999 -9999 -9999 -9999 -9999 -9999 -9999 -9999 -9999 -9999 -9999 -9999 -9999 -9999 -9999 -9999 -9999 -9999 -9999 -9999 -9999 -9999 -9999 -9999 -9999 -9999 -9999 -9999 -9999 -9999 -9999 -9999 -9999 -9999 -9999 -9999
-9999 -9999 -9999 -9999 -9999 -9999 -9999 -9999 -9999 -9999 -9999 -9999 -9999 -9999 -9999 -9999 -9999 -9999 -9999 -9999 -9999 -9999 -9999 -9999 -9999 -9999 -9999 -9999 -9999 -9999 -9999 -9999 -9999 -9999 -9999 -9999 -9999 -9999 -9999 -9999 -9999 -9999 -9999 -9999 -9999 -9999 -9999 -9999 -9999 -9999 -9999 -9999 -9999 -9999 -9999 -9999 -9999 -9999 -9999 -9999 -9999 -9999 -9999 -9999 -9999 -9999 -9999 -9999 -9999 -9999 -9999 -9999 -9999
-9999 -9999 -9999 -9999 -9999 -9999 -9999 -9999 -9999 -9999 -9999 -9999 -9999 -9999 -9999 -9999 -9999 -9999 -9999 -9999 -9999 -9999 -9999 -9999 -9999 -9999 -9999 -9999 -9999 -9999 -9999 -9999 -9999 -9999 -9999 -9999 -9999 -9999 -9999 -9999 -9999 -9999 -9999 -9999 -9999 -9999 -9999 -9999 -9999 -9999 -9999 -9999 -9999 -9999 -9999 -9999 -9999 -9999 -9999 -9999 -9999 -9999 -9999 -9999 -9999 -9999 -9999 -9999 -9999 -9999 -9999 -9999 -9999
-9999 -9999 -9999 -9999 -9999 -9999 -9999 -9999 -9999 -9999 -9999 -9999 -9999 -9999 -9999 -9999 -9999 -9999 -9999 -9999 -9999 -9999 -9999 -9999 -9999 -9999 -9999 -9999 -9999 -9999 -9999 -9999 -9999 -9999 -9999 -9999 -9999 -9999 -9999 -9999 -9999 -9999 -9999 -9999 -9999 -9999 -9999 -9999 -9999 -9999 -9999 -9999 -9999 -9999 -9999 -9999 -9999 -9999 -9999 -9999 -9999 -9999 -9999 -9999 -9999 -9999 -9999 -9999 -9999 -9999 -9999 -9999 -9999
-9999 -9999 -9999 -9999 -9999 -9999 -9999 -9999 -9999 -9999 -9999 -9999 -9999 -9999 -9999 -9999 -9999 -9999 -9999 -9999 -9999 -9999 -9999 -9999 -9999 -9999 -9999 -9999 -9999 -9999 -9999 -9999 -9999 -9999 -9999 -9999 -9999 -9999 -9999 -9999 -9999 -9999 -9999 -9999 -9999 -9999 -9999 -9999 -9999 -9999 -9999 -9999 -9999 -9999 -9999 -9999 -9999 -9999 -9999 -9999 -9999 -9999 -9999 -9999 -9999 -9999 -9999 -9999 -9999 -9999 -9999 -9999 -9999
-9999 -9999 -9999 -9999 -9999 -9999 -9999 -9999 -9999 -9999 -9999 -9999 -9999 -9999 -9999 -9999 -9999 -9999 -9999 -9999 -9999 -9999 -9999 -9999 -9999 -9999 -9999 -9999 -9999 -9999 -9999 -9999 -9999 -9999 -9999 -9999 -9999 -9999 -9999 -9999 -9999 -9999 -9999 -9999 -9999 -9999 -9999 -9999 -9999 -9999 -9999 -9999 -9999 -9999 -9999 -9999 -9999 -9999 -9999 -9999 -9999 -9999 -9999 -9999 -9999 -9999 -9999 -9999 -9999 -9999 -9999 -9999 -9999
-9999 -9999 -9999 -9999 -9999 -9999 -9999 -9999 -9999 -9999 -9999 -9999 -9999 -9999 -9999 -9999 -9999 -9999 -9999 -9999 -9999 -9999 -9999 -9999 -9999 -9999 -9999 -9999 -9999 -9999 -9999 -9999 -9999 -9999 -9999 -9999 -9999 -9999 -9999 -9999 -9999 3.43413 -9999 -9999 -9999 -9999 -9999 -9999 -9999 -9999 -9999 -9999 -9999 -9999 -9999 -9999 -9999 -9999 -9999 -9999 -9999 -9999 -9999 -9999 -9999 -9999 -9999 -9999 -9999 -9999 -9999 -9999 -9999
2.10113 2.27036 2.77710 3.53604 5.06134 7.50365 6.49721 5.20962 6.03055 5.72997 5.44943 4.55571 25.50850 -9999 -9999 -9999 -9999 -9999 -9999 -9999 -9999 -9999 -9999 -9999 -9999 -9999 -9999 -9999 -9999 -9999 -9999 -9999 -9999 -9999 -9999 -9999 2.19301 2.97990 2.86878 2.25691 3.66012 4.54211 4.42684 -9999 -9999 -9999 6.57077 -9999 -9999 -9999 8.48536 10.09390 10.04810 -9999 -9999 -9999 -9999 -9999 -9999 -9999 -9999 -9999 -9999 -9999 -9999 -9999 -9999 -9999 -9999 -9999 -9999 -9999 -9999
3.23459 0.00000 0.00000 0.00000 0.00000 0.01968 0.29665 1.23184 2.81724 0.34783 0.00000 0.00000 0.00000 0.00000 0.96761 4.78929 11.93960 12.42840 5.52703 -9999 -9999 -9999 -9999 -9999 3.79005 3.21338 4.49152 4.55121 4.13464 3.90848 3.22741 3.11042 2.16862 2.19739 2.27179 2.36412 1.69808 2.03648 1.42503 2.11559 2.94725 3.66301 3.88294 4.32918 5.47739 5.62567 6.17887 6.61986 7.77612 8.39436 8.94092 9.95655 9.26059 9.80591 9.55188 8.84969 8.04375 7.01315 -9999 -9999 -9999 -9999 -9999 -9999 -9999 -9999 -9999 -9999 -9999 -9999 -9999 -9999 -9999
0.00000 0.00000 0.00000 0.00000 0.00000 0.00000 0.15829 0.34636 0.05686 0.00000 0.00000 0.00000 0.00000 0.63626 4.38624 4.74370 10.86470 8.33370 5.28071 6.32007 7.21825 7.65138 5.96759 5.08970 4.92278 4.34953 5.77793 6.29038 5.15727 4.85927 2.75581 2.63585 2.82194 2.70885 3.23215 3.03196 2.50249 2.43209 3.02757 3.26288 3.73892 4.34085 3.85135 4.38934 5.43343 5.40974 5.94864 6.03754 8.12462 8.23880 7.94191 8.52153 8.16615 8.12652 7.47414 7.85859 7.52902 8.44628 9.19891 8.58166 7.42513 6.77939 6.45017 6.27046 6.70686 6.07065 -9999 -9999 -9999 -9999 -9999 -9999 -9999
0.00000 0.00000 0.00000 0.00000 0.00000 0.00000 0.00000 0.00000 0.00000 0.00000 0.06419 2.32992 6.40367 7.41348 9.92440 8.68423 11.33210 11.60410 4.53394 4.91310 5.10483 5.63180 5.14405 4.92235 5.62994 3.92210 5.15968 5.57784 5.17972 5.23542 3.64798 3.30865 2.84403 2.56170 2.90503 2.74461 2.16704 2.03350 2.71660 2.74637 3.17889 3.58253 3.13469 3.34782 4.12983 4.40563 4.47831 5.11357 6.89459 7.08001 7.46933 7.58141 7.04826 7.08558 6.50470 6.79164 6.96498 7.41183 7.39204 7.42795 6.85486 6.42149 7.21367 6.92018 7.48482 6.08656 -9999 4.02907 -9999 -9999 -9999 -9999 -9999
10.32650 0.00000 2.06159 6.87462 4.98305 4.71456 0.70766 1.73938 0.00000 1.63053 1.81937 0.80297 3.39883 3.13067 6.13866 7.44474 6.54627 6.77074 4.42862 5.01858 4.32355 3.00232 3.61723 3.36054 5.78895 5.12159 3.32399 3.39840 3.61760 4.06231 2.98525 2.69663 1.80142 1.71860 2.53190 2.16708 2.71177 2.97836 1.96131 2.27555 3.08199 3.34979 3.05222 3.54491 2.81870 3.00529 4.00691 4.19551 5.93390 6.26256 5.98483 6.56655 5.40747 5.54900 6.49682 6.95085 7.65535 7.43536 6.54495 6.81963 5.21770 5.20662 7.40026 7.42260 6.26045 6.26031 4.40180 -9999 -9999 -9999 -9999 -9999 -9999
5.82753 6.43353 4.17933 3.05808 1.48902 1.37079 1.40415 1.23581 2.07622 2.07028 1.50089 1.41344 5.81774 5.25560 4.66103 5.99403 4.44516 4.83128 2.86605 3.85620 2.83108 2.93152 5.21659 3.29987 6.18895 5.87075 3.61561 3.93128 3.43571 3.18213 1.83288 1.75221 1.57765 1.58171 2.17750 1.88368 2.71638 2.87528 1.78463 1.76340 2.69361 2.98064 2.51657 2.92762 1.90255 2.11508 3.05571 3.31833 4.87399 5.34016 5.66348 5.93436 4.87727 5.08483 5.51635 5.72138 6.26964 6.17970 6.03311 6.21103 4.38895 4.35737 7.11015 7.55919 5.77717 5.98849 5.16803 4.44132 -9999 -9999 -9999 -9999 -9999
3.01518 2.68556 2.08822 1.92605 0.69358 0.85035 1.39516 1.18114 1.89136 1.95578 2.53350 2.40643 3.72808 3.19076 1.42740 1.34073 2.23886 1.47593 1.45184 1.93136 3.43478 3.89777 4.34308 3.93056 3.09026 4.01345 2.72364 2.75845 2.63472 2.53706 1.71734 1.72385 2.01360 1.84223 1.73937 1.53140 1.77157 1.84158 2.23635 2.21871 2.33246 2.70497 2.07101 2.49823 2.59327 3.03996 2.98317 3.01596 4.19997 3.91156 5.72365 5.61016 3.74000 3.41964 2.77908 2.86415 3.46541 3.95951 4.98471 5.10738 3.79345 4.21680 5.20373 5.14826 5.89863 6.04582 5.00756 5.02837 6.42063 6.20791 6.01856 6.14563 -9999
1.48513 1.60488 1.88173 1.70387 0.61339 0.68199 1.08291 1.25376 1.57280 1.53590 2.03836 1.99893 3.87857 3.77059 0.71354 0.15071 0.00168 0.24199 0.86235 1.28079 3.27045 3.28154 3.20475 3.38442 2.22037 3.46245 2.80216 2.44234 2.03702 2.13874 1.86341 1.90543 1.93996 1.79984 1.75639 1.68744 1.65409 1.53873 1.90898 2.16014 2.61872 2.57759 1.78276 1.90289 2.67194 2.68821 2.60198 2.30378 3.12135 3.05219 4.48592 4.96265 3.36305 3.34818 2.51032 2.47204 2.67614 3.16835 4.24644 3.85267 2.61277 3.02907 4.00166 4.46751 5.07179 4.97030 4.07441 4.02753 5.68832 5.74618 5.46809 5.71051 5.38511
3.52804 4.32065 3.54803 4.51353 2.56009 1.71973 1.02701 0.68846 1.65368 1.72064 1.46266 0.98628 3.58076 4.28591 1.31807 0.63570 0.15263 0.45494 0.66164 1.40795 1.19010 1.40574 2.20705 2.63751 2.46028 2.40892 1.78670 2.35271 1.62518 1.65406 2.53231 2.47734 2.08479 2.00518 2.45426 2.12441 1.56459 1.34702 1.82307 2.13989 2.63394 3.28080 3.08239 2.96967 1.74989 1.95497 2.22796 2.08402 2.98054 3.00161 3.01600 3.36971 2.62186 1.92547 1.03634 1.36606 1.14009 1.26186 2.34008 2.39142 1.74695 2.03247 3.09652 3.35796 5.47709 5.81531 4.53334 4.69510 3.16429 3.31242 4.46676 4.92736 7.90132
2.88163 3.26746 3.17253 4.12030 5.77466 6.06968 5.66867 4.23278 4.61906 2.36764 1.44810 1.22611 4.36739 4.37792 1.50915 0.50012 0.42889 0.48828 0.47704 0.60564 0.34574 0.51147 0.60241 1.30621 2.12161 2.67491 1.99341 1.85612 1.05637 1.02541 0.64160 1.22681 1.89859 2.13396 2.34872 2.91326 2.95270 2.95180 3.77066 3.61717 3.80935 3.09138 2.70890 2.88796 1.49369 1.41323 2.15841 2.26003 3.05153 3.32394 3.52270 3.41013 1.98299 2.16978 1.34873 0.89227 1.03181 0.94712 1.82286 1.68997 1.01805 1.36651 2.11707 2.40284 4.53155 5.06565 4.13259 4.31818 2.50197 2.82809 3.96703 4.00091 7.46500
0.87317 1.08039 2.28284 2.46991 3.00461 4.15677 4.94897 3.86958 1.13894 2.71133 0.00000 0.86403 1.19761 2.78370 2.17224 0.29326 0.00556 0.00000 0.02416 0.10157 0.00000 0.02905 0.07735 0.08328 0.04354 0.10147 0.26702 0.17287 0.04800 0.20256 0.21819 0.25756 1.01207 1.59513 1.24411 1.42150 1.58836 1.91709 2.42814 2.81816 3.29865 3.98720 2.35958 1.39355 1.45707 1.24979 1.41824 2.01235 2.69651 2.72658 1.68662 1.39845 1.20240 1.14510 0.60967 0.94001 2.70478 2.74691 2.02803 1.71578 0.77932 1.29435 1.25500 1.64669 2.51658 2.97359 2.46413 2.67055 3.10785 3.19241 3.40081 3.55558 4.59235
2.64863 2.04339 2.05485 1.90174 1.66503 1.90049 2.05119 4.90649 9.64698 4.31747 1.94390 1.40885 1.08163 1.02492 0.94902 0.87019 0.51632 0.80414 0.21832 0.05547 0.00127 0.00350 0.00784 0.25312 0.44463 0.50003 0.44381 0.47839 0.28891 0.27635 0.62921 0.62929 1.38815 1.83208 1.67279 1.73205 2.12374 2.60316 3.22569 3.50060 4.04927 3.90348 3.69536 2.78797 2.01548 1.51652 1.45908 2.13421 3.00410 2.53743 1.63784 1.61765 1.26399 1.14571 0.69390 0.64295 2.41964 2.34202 2.21626 2.18278 0.64981 0.56583 0.82128 0.89062 1.74709 1.89109 1.87636 2.07403 2.66390 2.77562 3.19437 3.26148 4.42395
33.20110 28.40500 28.60540 20.46490 9.79794 16.26310 3.33682 1.88297 1.90283 1.52190 0.72183 0.89653 1.25291 0.94472 0.75393 0.47828 0.49065 0.50879 0.15248 0.16754 0.42244 0.30647 0.40686 0.92672 1.58718 1.18729 0.75885 0.59919 0.56257 0.88005 0.74954 1.03625 1.44934 2.17909 2.82874 3.48053 3.32440 3.94928 3.93585 4.03850 5.23987 5.15547 5.48612 5.32007 2.47085 1.75075 1.16504 0.88278 1.17857 1.85884 2.36592 2.19307 2.01428 1.70095 1.20170 1.00774 1.07477 1.21746 1.50836 1.40335 1.53034 1.51731 0.81602 0.89340 0.66329 0.77642 1.78282 2.19446 2.19941 2.32123 2.66287 2.92995 3.49392
13.73140 23.48110 28.43200 29.94770 19.85790 21.31240 22.76500 16.30740 9.21175 2.49676 0.58084 0.54011 3.37959 3.14613 3.06522 2.53242 0.90010 0.94827 0.09691 0.11122 0.24805 0.45158 0.38835 0.53868 0.84875 0.23663 0.36520 0.25741 0.42439 0.53445 0.79553 1.19593 1.39243 2.28440 3.17721 3.71007 3.68337 4.63285 4.66173 4.96324 7.02332 6.40449 5.70193 5.30104 2.98132 2.62774 1.86667 1.14514 0.88768 1.53870 2.45991 2.21604 1.72714 1.83476 1.22643 1.06392 0.92086 1.06319 1.45293 1.45804 1.43470 1.26103 0.61499 0.68524 0.53955 0.67567 1.69538 1.69534 1.96339 2.11826 2.10121 2.41038 2.84851
10.76030 4.03453 1.97141 2.22809 3.15295 3.04150 1.17938 2.07770 2.02425 3.41327 2.02408 0.61358 2.38830 2.03611 2.12068 2.03224 1.22052 0.46686 0.03529 0.01839 0.13403 0.29585 0.11652 0.26180 0.39154 0.18859 0.12742 0.14002 0.18731 0.16476 0.32616 0.50234 1.31548 2.20806 1.98617 2.77236 4.65260 5.97491 8.22224 8.93888 8.85465 8.41980 7.36807 6.72019 3.99435 3.33405 2.72637 1.53045 0.99515 0.74887 2.29015 2.21339 1.73162 1.75939 1.00604 1.06222 0.62730 0.56901 1.07424 1.06698 1.27974 1.21722 1.23462 1.24611 1.24896 1.47989 1.43568 1.20489 1.29446 1.33079 0.95874 1.14265 1.59998
13.25170 4.71943 1.37011 1.20957 1.04496 0.77636 3.52641 40.94080 41.95970 22.50090 24.51480 5.52426 6.85166 5.49568 2.33530 3.49905 2.69344 1.25078 0.26909 0.14524 0.11345 0.04641 0.01924 0.18793 0.21371 0.01730 0.05738 0.12313 0.12390 0.24247 0.52678 0.61386 1.83059 2.17609 2.01079 2.62784 4.29031 6.59661 8.33658 9.76062 9.70375 7.93656 7.97373 6.98426 4.08357 3.41919 3.09771 1.84682 1.12815 0.73606 1.99845 2.07601 1.57048 1.63007 0.91975 1.40952 0.98731 0.84134 1.40424 0.76168 0.80007 0.95863 1.03461 1.20741 1.46253 1.48810 1.23867 1.44506 0.76562 0.75581 0.56936 0.62091 0.65482
17.85790 28.84760 15.01550 5.64342 1.83620 0.66892 2.45641 95.49900 -9999 -9999 1121.13000 54.12720 25.48570 18.08890 13.43060 11.24590 3.09352 1.66665 0.82881 0.32892 0.17915 0.25996 0.14886 0.04333 0.03325 0.00252 0.07235 0.12671 0.14785 0.20903 0.38565 0.72601 0.66600 0.90814 1.39341 2.06240 2.09410 4.22622 5.95466 6.78370 8.26092 6.48541 4.18455 3.12342 1.91825 1.87098 2.03424 1.56634 1.13869 1.04335 0.45742 0.58598 0.45161 0.44722 0.45879 0.41581 0.75772 0.71080 1.17215 1.08443 0.84675 0.87122 1.01748 1.22192 0.74771 1.03239 1.08466 1.40956 0.94128 0.94687 1.04561 0.93912 0.82213
-9999 -9999 -9999 95.50540 39.07500 8.55873 8.57581 6.55835 5.54936 4.07513 1.83987 17.06160 -9999 -9999 -9999 -9999 94.29650 6.39184 2.92505 1.40960 1.03816 0.77356 0.57467 0.36730 0.41893 0.12915 0.07362 0.14906 0.18819 0.44438 0.44558 0.73269 1.17621 1.61820 1.61838 2.00029 2.07305 1.88108 4.23751 4.30333 5.89583 4.52798 2.75412 1.95044 1.08146 1.15488 2.14654 1.77591 0.94491 0.81766 0.23805 0.33445 0.43402 0.47334 0.38043 0.31737 0.54423 0.50128 1.06871 0.99741 0.86129 0.87101 0.94797 1.25918 0.65601 0.93723 1.15112 1.12931 0.51999 0.63036 0.79153 0.91641 0.73842
-9999 -9999 -9999 8.22307 101.71700 2865.11011 9.10244 23.66750 -9999 -9999 22.91990 73.95360 -9999 -9999 -9999 -9999 -9999 -9999 692.65002 58.33640 2.33792 0.94038 1.25496 1.26413 1.79332 0.75919 0.23023 0.12917 0.42460 0.68521 0.19194 0.32535 0.80510 1.36201 1.63389 1.18196 1.25302 1.04041 1.67117 1.78880 1.90049 1.90025 1.85975 1.46333 1.10574 0.98843 1.58223 1.16766 0.22724 0.08948 0.31945 0.44459 0.58867 0.57595 0.53022 0.50762 0.39593 0.31123 0.70292 0.58174 0.69187 0.79969 0.22791 0.22741 0.20726 0.29150 0.24721 0.25642 0.33623 0.39078 0.70453 0.73691 0.69660
