data/hydroclimate-scenarios/1948-2000.Pcorr55N_Pref_Tref/monthly_summaries/swe_monthly_day1_sep.asc
ncols	311
nrows	91
xllcenter	102.75
yllcenter	31.75
cellsize	0.5
NODATA_value	-9999
[rows 0 to 32 of 91, columns 73 to 145 of 311]
-9999 -9999 -9999 -9999 -9999 -9999 -9999 -9999 -9999 -9999 -9999 -9999 -9999 -9999 -9999 -9999 -9999 -9999 -9999 -9999 -9999 -9999 -9999 -9999 -9999 -9999 -9999 -9999 -9999 -9999 -9999 -9999 -9999 -9999 -9999 -9999 -9999 -9999 -9999 -9999 -9999 -9999 -9999 -9999 -9999 -9999 -9999 -9999 -9999 -9999 -9999 -9999 -9999 -9999 -9999 -9999 -9999 -9999 -9999 -9999 -9999 -9999 -9999 -9999 -9999 -9999 -9999 -9999 -9999 -9999 -9999 -9999 -9999
-9999 -9999 -9999 -9999 -9999 -9999 -9999 -9999 -9999 -9999 -9999 -9999 -9999 -9999 -9999 -9999 -9999 -9999 -9999 -9999 -9999 -9999 -9999 -9999 -9999 -9999 -9999 -9999 -9999 -9999 -9999 -9999 -9999 -9999 -9999 -9999 -9999 -9999 -9999 -9999 -9999 -9999 -9999 -9999 -9999 -9999 -9999 -9999 -9999 -9999 -9999 -9999 -9999 -9999 -9999 -9999 -9999 -9999 -9999 -9999 -9999 -9999 -9999 -9999 -9999 -9999 -9999 -9999 -9999 -9999 -9999 -9999 -9999
-9999 -9999 -9999 -9999 -9999 -9999 -9999 -9999 -9999 -9999 -9999 -9999 -9999 -9999 -9999 -9999 -9999 -9999 -9999 -9999 -9999 -9999 -9999 -9999 -9999 -9999 -9999 -9999 -9999 -9999 -9999 -9999 -9999 -9999 -9999 -9999 -9999 -9999 -9999 -9999 -9999 -9999 -9999 -9999 -9999 -9999 -9999 -9999 -9999 -9999 -9999 -9999 -9999 -9999 -9999 -9999 -9999 -9999 -9999 -9999 -9999 -9999 -9999 -9999 -9999 -9999 -9999 -9999 -9999 -9999 -9999 -9999 -9999
-9999 -9999 -9999 -9999 -9999 -9999 -9999 -9999 -9999 -9999 -9999 -9999 -9999 -9999 -9999 -9999 -9999 -9999 -9999 -9999 -9999 -9999 -9999 -9999 -9999 -9999 -9999 -9999 -9999 -9999 -9999 -9999 -9999 -9999 -9999 -9999 -9999 -9999 -9999 -9999 -9999 -9999 -9999 -9999 -9999 -9999 -9999 -9999 -9999 -9999 -9999 -9999 -9999 -9999 -9999 -9999 -9999 -9999 -9999 -9999 -9999 -9999 -9999 -9999 -9999 -9999 -9999 -9999 -9999 -9999 -9999 -9999 -9999
-9999 -9999 -9999 -9999 -9999 -9999 -9999 -9999 -9999 -9999 -9999 -9999 -9999 -9999 -9999 -9999 -9999 -9999 -9999 -9999 -9999 -9999 -9999 -9999 -9999 -9999 -9999 -9999 -9999 -9999 -9999 -9999 -9999 -9999 -9999 -9999 -9999 -9999 -9999 -9999 -9999 -9999 -9999 -9999 -9999 -9999 -9999 -9999 -9999 -9999 -9999 -9999 -9999 -9999 -9999 -9999 -9999 -9999 -9999 -9999 -9999 -9999 -9999 -9999 -9999 -9999 -9999 -9999 -9999 -9999 -9999 -9999 -9999
-9999 -9999 -9999 -9999 -9999 -9999 -9999 -9999 -9999 -9999 -9999 -9999 -9999 -9999 -9999 -9999 -9999 -9999 -9999 -9999 -9999 -9999 -9999 -9999 -9999 -9999 -9999 -9999 -9999 -9999 -9999 -9999 -9999 -9999 -9999 -9999 -9999 -9999 -9999 -9999 -9999 -9999 -9999 -9999 -9999 -9999 -9999 -9999 -9999 -9999 -9999 -9999 -9999 -9999 -9999 -9999 -9999 -9999 -9999 -9999 -9999 -9999 -9999 -9999 -9999 -9999 -9999 -9999 -9999 -9999 -9999 -9999 -9999
-9999 -9999 -9999 -9999 -9999 -9999 -9999 -9999 -9999 -9999 -9999 -9999 -9999 -9999 -9999 -9999 -9999 -9999 -9999 -9999 -9999 -9999 -9999 -9999 -9999 -9999 -9999 -9999 -9999 -9999 -9999 -9999 -9999 -9999 -9999 -9999 -9999 -9999 -9999 -9999 -9999 -9999 -9999 -9999 -9999 -9999 -9999 -9999 -9999 -9999 -9999 -9999 -9999 -9999 -9999 -9999 -9999 -9999 -9999 -9999 -9999 -9999 -9999 -9999 -9999 -9999 -9999 -9999 -9999 -9999 -9999 -9999 -9999
-9999 -9999 -9999 -9999 -9999 -9999 -9999 -9999 -9999 -9999 -9999 -9999 -9999 -9999 -9999 -9999 -9999 -9999 -9999 -9999 -9999 -9999 -9999 -9999 -9999 -9999 -9999 -9999 -9999 -9999 -9999 -9999 -9999 -9999 -9999 -9999 -9999 -9999 -9999 -9999 -9999 -9999 -9999 -9999 -9999 -9999 -9999 -9999 -9999 -9999 -9999 -9999 -9999 -9999 -9999 -9999 -9999 -9999 -9999 -9999 -9999 -9999 -9999 -9999 -9999 -9999 -9999 -9999 -9999 -9999 -9999 -9999 -9999
-9999 -9999 -9999 -9999 0.28357 -9999 -9999 -9999 -9999 -9999 -9999 -9999 -9999 -9999 -9999 -9999 -9999 -9999 -9999 -9999 -9999 -9999 -9999 -9999 -9999 -9999 -9999 -9999 -9999 -9999 -9999 -9999 -9999 -9999 -9999 -9999 -9999 -9999 -9999 -9999 -9999 -9999 -9999 -9999 -9999 -9999 -9999 -9999 -9999 -9999 -9999 -9999 -9999 -9999 -9999 -9999 -9999 -9999 -9999 -9999 -9999 -9999 -9999 -9999 -9999 -9999 -9999 -9999 -9999 -9999 -9999 -9999 -9999
0.12142 0.08071 0.13751 0.15623 0.26140 0.31400 0.15902 0.19303 0.22681 0.26971 0.20382 0.20967 0.16707 0.16484 0.17300 0.15204 0.12757 0.12444 0.08415 0.07026 -9999 -9999 -9999 -9999 -9999 -9999 -9999 -9999 -9999 -9999 -9999 -9999 -9999 -9999 -9999 -9999 -9999 -9999 -9999 -9999 -9999 -9999 -9999 -9999 -9999 -9999 -9999 -9999 -9999 -9999 -9999 -9999 -9999 -9999 -9999 -9999 -9999 -9999 -9999 -9999 -9999 -9999 -9999 -9999 -9999 -9999 -9999 -9999 -9999 -9999 -9999 -9999 -9999
-9999 -9999 0.00147 0.00177 0.00489 0.00655 0.13126 0.14884 0.11749 0.11989 0.11021 0.11907 0.19393 0.16566 0.23966 0.22376 0.26470 0.29339 0.26965 0.28631 -9999 -9999 -9999 -9999 -9999 -9999 -9999 -9999 -9999 -9999 -9999 -9999 -9999 -9999 -9999 -9999 -9999 -9999 -9999 -9999 -9999 -9999 -9999 -9999 -9999 -9999 -9999 -9999 -9999 -9999 -9999 -9999 -9999 -9999 -9999 -9999 -9999 -9999 -9999 -9999 -9999 -9999 -9999 -9999 -9999 -9999 -9999 -9999 -9999 -9999 -9999 -9999 -9999
0.31184 0.31954 0.00078 0.00074 0.00349 0.00390 0.10667 0.12545 0.05866 0.04447 0.06167 0.07604 0.15988 0.15201 0.21749 0.14700 0.16073 0.16502 0.21532 0.17090 0.14061 0.12296 0.14707 0.13321 0.18515 0.16885 -9999 -9999 -9999 -9999 -9999 -9999 -9999 -9999 -9999 -9999 -9999 -9999 -9999 -9999 -9999 -9999 -9999 -9999 -9999 -9999 -9999 -9999 -9999 -9999 -9999 -9999 -9999 -9999 -9999 -9999 -9999 -9999 -9999 -9999 -9999 -9999 -9999 -9999 -9999 -9999 -9999 -9999 -9999 -9999 -9999 -9999 -9999
0.19241 0.20317 0.01038 0.00000 0.00280 0.01287 0.02062 0.01927 0.08395 0.10032 0.01702 0.06836 0.18282 0.23381 0.42874 0.41430 0.28057 0.32055 0.32055 0.31606 0.27976 0.23969 0.20841 0.18801 0.00421 0.00361 0.13228 0.10372 0.00387 0.00332 0.00654 0.00539 0.04642 0.04537 0.07733 0.08170 0.07890 0.07951 0.12687 0.12505 0.12216 -9999 -9999 -9999 -9999 -9999 -9999 -9999 -9999 -9999 -9999 -9999 -9999 -9999 -9999 -9999 -9999 -9999 -9999 -9999 -9999 -9999 -9999 -9999 -9999 -9999 -9999 -9999 -9999 -9999 -9999 -9999 -9999
0.18072 0.19410 0.01552 0.01076 0.01249 0.00179 0.01714 0.01836 0.05359 0.06066 0.00885 0.01668 0.14680 0.15032 0.28477 0.30281 0.16188 0.19031 0.30237 0.36119 0.35352 0.26623 0.22979 0.16650 0.00388 0.00347 0.12159 0.12767 0.00372 0.00382 0.00529 0.00320 0.04199 0.03936 0.06955 0.06729 0.06874 0.07342 0.11062 0.11356 0.08332 0.07307 -9999 -9999 -9999 -9999 -9999 -9999 -9999 -9999 -9999 -9999 -9999 -9999 -9999 -9999 -9999 -9999 -9999 -9999 -9999 -9999 -9999 -9999 -9999 -9999 -9999 -9999 -9999 -9999 -9999 -9999 -9999
0.09073 0.15535 0.30080 0.29768 0.11578 0.10179 0.84384 0.64758 0.74234 0.55092 0.22536 0.21846 0.07283 0.11185 0.44848 0.50011 0.41489 0.55706 0.12549 0.13061 0.17651 0.16530 0.05224 0.24252 0.11649 0.09465 0.18449 0.21227 0.15176 0.13603 0.00305 0.00520 0.09273 0.08961 0.03581 0.05876 0.05928 0.08055 0.07695 0.09553 0.02384 0.01751 -9999 -9999 -9999 -9999 -9999 -9999 -9999 -9999 -9999 -9999 -9999 -9999 -9999 -9999 -9999 0.12153 0.09195 -9999 -9999 -9999 -9999 0.13201 0.23113 0.32864 0.35787 0.13681 0.11648 0.09911 0.10361 0.22682 0.15415
0.10133 0.13684 0.25841 0.20479 0.06838 0.08621 0.74766 0.83681 0.41971 0.24309 0.11716 0.10523 0.05579 0.06285 0.24366 0.25482 0.18502 0.20053 0.07097 0.10166 0.12328 0.05411 0.00555 0.00657 0.08691 0.08186 0.13515 0.11495 0.12020 0.10430 0.00245 0.00277 0.06839 0.05520 0.01559 0.02582 0.01994 0.01635 0.04086 0.04740 0.02371 0.01777 0.01541 0.01338 0.01247 0.01787 0.28525 0.32541 0.30539 0.36812 0.12792 0.11571 0.37186 0.38479 0.08673 0.07614 0.12646 0.12638 0.07590 -9999 -9999 -9999 -9999 -9999 0.10991 0.14975 0.22028 0.24287 0.26751 0.15396 0.55002 0.43054 0.20244
0.23719 0.39755 0.21759 0.15139 0.22098 0.20964 0.50671 0.44424 0.01248 0.04551 0.12297 0.05193 0.00108 0.00105 0.00474 0.00408 0.02037 0.02245 0.01687 0.01714 0.01587 0.00748 0.14622 0.13721 0.30642 0.29911 0.01095 0.00789 0.08500 0.07441 0.14339 0.15703 0.08413 0.05267 0.01905 0.01688 0.02210 0.02090 0.04593 0.03842 0.02703 0.04282 0.07575 0.07290 0.05013 0.06063 0.20508 0.32118 0.19015 0.15128 0.13295 0.22634 1.03037 0.57534 0.70730 0.76381 0.60530 0.46706 0.31583 0.35501 0.25790 0.20401 0.18150 0.19796 0.15074 0.15460 0.35851 0.44356 0.84689 0.75692 1.02848 1.65112 0.91570
0.09945 0.43887 0.34246 0.22880 0.26646 0.30263 0.24512 0.21283 0.00547 0.00893 0.00989 0.03626 0.00096 0.00043 0.00353 0.00336 0.01314 0.03317 0.00608 0.01778 0.01936 0.02089 0.09702 0.12248 0.24965 0.24875 0.00662 0.00339 0.01426 0.00624 0.09291 0.13054 0.06013 0.03890 0.01664 0.01857 0.01737 0.01262 0.02819 0.07691 0.01526 0.01287 0.04229 0.04583 0.04061 0.04487 0.05516 0.10287 0.14911 0.13290 0.11768 0.14099 0.48451 0.82199 0.89097 0.76178 0.62336 0.74683 0.45416 0.70514 0.42247 0.25176 0.18837 0.17437 0.15930 0.13818 0.29994 0.46690 1.07368 1.14975 1.42075 1.72750 0.78141
0.90179 0.20047 0.27815 0.14759 0.00801 0.07675 0.10819 0.07624 0.11898 0.12553 0.10872 0.11831 0.02396 0.01827 0.11810 0.12194 0.11783 0.20688 0.60505 0.52801 0.11627 0.08220 0.22719 0.19789 0.25220 0.23735 0.13311 0.12590 0.22852 0.21288 0.37490 0.35689 0.08696 0.09725 0.01334 0.02754 0.13752 0.15591 0.18138 0.16833 0.37389 0.37283 0.25325 0.16593 0.16488 0.19165 0.02489 0.03759 0.05860 0.05020 0.38449 0.40086 0.26594 0.22779 0.31085 0.42473 0.97799 1.20026 0.86907 1.10952 2.14131 1.41469 0.93639 0.77047 0.52455 0.54411 0.86019 1.02116 0.87469 0.89239 1.39013 1.73355 1.64810
1.12852 1.19618 0.39336 0.12749 0.00786 0.03492 0.20625 0.08801 0.77580 0.54430 0.36748 0.23496 0.04476 0.03980 0.11233 0.10719 0.10556 0.14057 0.54588 0.48002 0.08627 0.05496 0.14941 0.13360 0.20980 0.22445 0.04963 0.07910 0.18879 0.18747 0.44489 0.45002 0.11378 0.15557 0.00921 0.03303 0.19478 0.20691 0.23960 0.20794 0.22150 0.24534 0.25260 0.18837 0.30562 0.15573 0.02249 0.04711 0.04174 0.05149 0.37156 0.35791 0.24845 0.33386 0.45647 0.66173 0.95768 0.70386 0.53369 0.48967 1.04434 1.36137 1.55323 0.98616 1.10887 0.75252 0.95903 0.92717 0.61702 0.35612 0.53707 1.16633 1.11064
1.43470 1.85970 1.75559 0.43534 0.04845 0.02140 0.05686 0.02683 0.17764 0.61892 0.68031 0.73733 0.62133 0.33434 0.31574 0.23285 0.20016 0.20641 0.12849 0.13937 0.03265 0.04272 0.02965 0.02764 0.01902 0.02320 0.04797 0.04316 0.06575 0.14292 0.46375 0.43734 0.17396 0.31016 0.09614 0.17784 0.32889 0.29260 0.41673 0.46389 0.19685 0.19156 0.20630 0.12861 0.09402 0.08199 0.03872 0.02508 0.03081 0.04548 0.23058 0.24048 0.14568 0.16708 0.35785 0.60299 0.82047 1.50262 0.30507 0.21333 0.73428 0.63617 0.60858 0.61621 0.83499 0.97111 0.71137 0.59941 0.53069 0.35592 0.23115 0.39864 0.40635
1.44913 1.48997 1.49348 1.21840 0.61310 0.37192 0.25018 0.05291 0.05662 0.12396 0.20558 0.40761 0.95486 0.98262 0.99823 0.82508 0.43339 0.33283 0.17454 0.13574 0.03878 0.04199 0.02038 0.03418 0.02285 0.02375 0.03864 0.09470 0.05220 0.28859 0.73795 0.68642 0.45974 0.46369 0.15562 0.19616 0.35111 0.39287 0.46553 0.46093 0.21572 0.24009 0.15711 0.16699 0.22462 0.17321 0.15090 0.09497 0.18610 0.17786 0.40139 0.37090 0.18877 0.19661 0.59197 0.35941 0.74588 1.37254 0.17583 0.19375 0.68400 0.49324 0.49835 0.53570 0.80440 0.69388 0.46298 0.39263 0.32207 0.26859 0.17476 0.54377 0.26684
0.99942 1.12888 0.57513 0.77290 0.96686 0.75923 0.46912 0.23930 0.12490 0.13815 0.15983 0.15385 0.13288 0.13859 0.23649 0.55067 0.50783 0.41276 0.08667 0.02436 0.03728 0.02782 0.08999 0.10300 0.03402 0.06129 0.60401 0.57718 0.03658 0.05468 0.09080 0.02994 0.22395 0.05344 0.02013 0.06735 0.44822 0.37645 0.28775 0.18145 0.10120 0.16719 0.41373 0.47086 0.35239 0.23691 0.30424 0.47464 0.48184 0.32254 0.25151 0.46523 0.33851 0.43957 0.31515 0.48025 0.71266 0.47792 0.30190 0.22836 0.34952 0.33591 0.49687 0.31209 0.07883 0.06872 0.24060 0.16543 0.01825 0.01972 0.21090 0.29413 0.01183
0.59631 0.52347 0.64348 0.49687 0.81098 0.83832 0.63564 0.28973 0.07867 0.30058 0.56915 0.39061 0.64782 0.90043 0.84501 0.04628 0.35020 0.55275 0.39036 0.27707 0.27613 0.03664 0.05559 0.08456 0.02398 0.03064 0.58468 0.53130 0.06361 0.03814 0.02586 0.01832 0.03118 0.03517 0.03956 0.01030 0.24016 0.36260 0.80041 0.43834 0.16812 0.33167 0.05942 0.05246 0.10997 0.23305 0.37393 0.43289 0.44711 0.37632 0.17112 0.20383 0.30271 0.37885 0.32819 0.41954 0.47184 0.32944 0.19254 0.18053 0.31453 0.36796 0.16544 0.11952 0.00882 0.00142 0.09960 0.10222 0.02689 0.01930 0.17027 0.14188 0.00002
0.17903 0.09453 0.61210 0.59594 0.72155 0.84493 0.49736 0.50392 0.28401 0.35036 0.27366 0.23963 0.29928 0.32206 1.21681 1.21343 0.50314 0.30705 0.27114 0.27778 0.07181 0.04589 0.03020 0.00196 0.01132 0.00961 0.41862 0.42908 0.04342 0.03038 0.00155 0.00097 0.22205 0.22128 0.10772 0.10798 0.21567 0.27044 0.90105 0.92444 0.83874 0.80028 0.11996 0.09512 0.34674 0.55199 0.94144 1.26332 0.95226 0.67746 0.48459 0.76274 0.42465 0.31801 0.08734 0.04351 0.89239 0.45410 0.10369 0.11120 0.40533 0.24287 0.01188 0.00892 0.00730 0.01606 0.00157 0.00000 0.02741 0.02254 0.10916 0.13114 0.06114
0.27797 0.28423 0.54426 0.35184 0.43239 0.27210 0.29100 0.25267 0.27504 0.54603 0.31651 0.17895 0.15551 0.17808 0.44949 0.57547 0.93420 0.80491 0.22556 0.12680 0.01381 0.04294 0.15629 0.10284 0.01680 0.01863 0.43468 0.50088 0.03508 0.03320 0.00000 0.00000 0.22038 0.24998 0.11651 0.20090 0.23775 0.53084 1.42022 0.93961 0.82526 1.11053 0.64723 0.32541 0.40401 0.50138 0.68491 0.90707 0.80579 0.35337 0.23340 0.19927 0.04211 0.03484 0.01768 0.01466 0.17979 0.41176 0.06661 0.07852 0.38500 0.28333 0.02919 0.00882 0.00000 0.00660 0.00046 0.00026 0.03781 0.03965 0.10722 0.15632 0.08708
0.49439 0.43215 0.50280 0.42276 0.48720 0.39743 0.06758 0.21200 0.05004 0.08111 0.52809 0.37764 0.19039 0.19306 0.22753 0.48558 0.96992 0.86004 0.41228 0.31618 0.16109 0.04533 0.01195 0.01019 0.02449 0.00068 0.00022 0.00066 0.00000 0.00000 0.00000 0.01316 0.07471 0.01895 0.19839 0.34593 0.42637 0.33890 0.42424 0.55220 0.81398 0.55547 0.62416 0.51416 0.41566 0.44197 0.25172 0.35881 0.42368 0.47368 0.37254 0.35761 0.44829 0.31595 0.17758 0.07290 0.08136 0.03150 0.00255 0.00387 0.00667 0.00328 0.00582 0.00000 0.00000 0.00245 0.00019 0.01210 0.11182 0.06431 0.01211 0.02316 0.00000
0.38407 0.37276 0.46124 0.37933 0.62726 0.50146 0.13787 0.11589 0.01944 0.02426 0.34105 0.54443 0.31114 0.30228 0.40224 0.15460 0.49907 0.36954 0.79962 0.28568 0.17918 0.03153 0.00781 0.03410 0.24825 0.10114 0.00034 0.00029 0.00108 0.00000 0.00000 0.04210 0.13784 0.01347 0.19924 0.24163 0.68063 0.72301 0.33539 0.43704 0.51404 0.58661 0.54038 0.56694 0.25276 0.34265 0.27086 0.29679 0.34637 0.36002 0.19230 0.09102 0.17263 0.06576 0.07376 0.03556 0.01038 0.01320 0.00337 0.00324 0.00561 0.00386 0.13817 0.06252 0.05756 0.04154 0.00021 0.00000 0.00322 0.00787 0.01355 0.02595 0.04236
0.64420 0.67914 0.48205 0.87479 0.87202 0.48689 0.24888 0.21469 0.03551 0.05052 0.13442 0.16236 0.28686 0.24185 0.02313 0.02200 0.12504 0.12146 0.21292 0.42332 0.53188 0.25637 0.02071 0.00665 0.03826 0.04738 0.02356 0.02878 0.04695 0.05715 0.00064 0.01614 0.04458 0.06028 0.34031 0.49418 0.31665 0.46447 0.06607 0.06160 0.05753 0.01558 0.01851 0.00066 0.03226 0.00000 0.00000 0.00000 0.00277 0.00195 0.00143 0.00964 0.01356 0.01840 0.00000 0.00000 0.00000 0.00000 0.01631 0.01388 0.00868 0.02141 0.09638 0.05852 0.11018 0.07807 0.01415 0.00883 0.03104 0.01046 0.02288 0.02384 0.00224
0.53956 0.46415 0.47386 0.55597 1.49434 0.85417 0.45268 0.47362 0.35988 0.25470 0.18084 0.29400 0.23539 0.20794 0.08555 0.06896 0.09334 0.08352 0.21506 0.37188 0.95349 0.26495 0.02376 0.01597 0.15467 0.14138 0.24022 0.34790 0.10716 0.07508 0.01679 0.05842 0.09546 0.04484 0.43416 0.39078 0.27164 0.32889 0.05459 0.01388 0.01582 0.00141 0.00000 0.00000 0.00000 0.00000 0.00392 0.00008 -9999 -9999 0.00185 0.00763 0.00000 0.00025 0.00000 0.00000 0.00000 0.00000 0.01427 0.06285 0.04489 0.08896 0.04270 0.08485 0.28145 0.31469 0.04041 0.00339 0.03642 0.01862 0.00452 0.00784 0.00000
0.29566 0.37774 0.21401 0.14353 0.56287 0.23775 0.46607 0.68414 0.67177 0.51720 0.33157 0.33889 0.21333 0.12843 0.34930 0.23248 0.10569 0.17422 0.24881 0.16548 0.10762 0.13815 0.33190 0.07496 0.53692 0.35174 0.35693 0.33639 0.40935 0.12913 0.17412 0.31647 0.44681 0.45417 0.33937 0.14219 0.01243 -9999 -9999 -9999 -9999 0.00000 -9999 0.00032 0.00462 0.00842 0.00457 0.00000 -9999 -9999 0.00000 0.00000 0.00000 0.00000 0.00000 0.00000 0.00000 0.00266 0.00835 0.01201 0.02456 0.03824 0.07872 0.27979 0.28650 0.16080 0.03781 0.00999 0.00000 0.00000 -9999 -9999 -9999
0.25732 0.32853 0.10293 0.03733 0.19281 0.18962 0.15655 0.21776 0.16062 0.17605 0.33042 0.33921 0.17210 0.05962 0.24472 0.25978 0.23586 0.18797 0.42657 0.16860 0.15190 0.11968 0.06065 0.03590 0.49121 0.50489 0.42817 0.36231 0.40271 0.42586 0.36420 0.30500 0.71057 0.31655 0.07775 -9999 -9999 -9999 -9999 -9999 -9999 -9999 0.00000 0.00000 0.00000 -9999 -9999 -9999 -9999 -9999 0.00000 0.00000 0.00380 0.00000 0.01373 0.00343 0.00000 0.00247 0.00000 0.00000 0.00933 0.00662 0.02394 0.01919 0.00810 0.03326 0.01897 0.00000 -9999 -9999 -9999 -9999 -9999
0.21912 0.23429 0.02597 0.01561 0.00838 0.04018 0.01294 0.00074 0.00963 0.00957 0.02283 0.01034 0.03298 0.00935 0.05266 0.09043 0.03531 0.04132 0.04079 0.02913 0.02822 0.07954 0.14483 0.08990 0.25673 0.24991 0.33564 0.28101 0.51300 0.64134 0.20904 0.09469 0.05515 0.00844 -9999 -9999 -9999 -9999 -9999 -9999 -9999 -9999 -9999 0.00000 -9999 -9999 -9999 -9999 0.00000 0.00000 0.00000 0.00000 0.00000 0.00000 0.00000 0.00000 0.00265 0.00000 0.00000 0.00000 0.00000 0.00052 0.00051 0.00638 0.00008 -9999 -9999 -9999 -9999 -9999 -9999 -9999 -9999
