data/hydroclimate-scenarios/1948-2000.Pcorr55N_Pref_Tref/monthly_summaries/swe_monthly_day1_dec.1950-2000.asc
ncols	311
nrows	91
xllcenter	102.75
yllcenter	31.75
cellsize	0.5
NODATA_value	-9999
[rows 0 to 31 of 91, columns 0 to 70 of 311]
-9999 -9999 -9999 -9999 -9999 -9999 -9999 -9999 -9999 -9999 -9999 -9999 -9999 -9999 -9999 -9999 -9999 -9999 -9999 -9999 -9999 -9999 -9999 -9999 -9999 -9999 -9999 -9999 -9999 -9999 -9999 -9999 -9999 -9999 -9999 -9999 -9999 -9999 -9999 -9999 -9999 -9999 -9999 -9999 -9999 -9999 -9999 -9999 -9999 -9999 -9999 -9999 -9999 -9999 -9999 -9999 -9999 -9999 -9999 -9999 -9999 -9999 -9999 -9999 -9999 -9999 -9999 -9999 -9999 -9999 -9999
-9999 -9999 -9999 -9999 -9999 -9999 -9999 -9999 -9999 -9999 -9999 -9999 -9999 -9999 -9999 -9999 -9999 -9999 -9999 -9999 -9999 -9999 -9999 -9999 -9999 -9999 -9999 -9999 -9999 -9999 -9999 -9999 -9999 -9999 -9999 -9999 -9999 -9999 -9999 -9999 -9999 -9999 -9999 -9999 -9999 -9999 -9999 -9999 -9999 -9999 -9999 -9999 -9999 -9999 -9999 -9999 -9999 -9999 -9999 -9999 -9999 -9999 -9999 -9999 -9999 -9999 -9999 -9999 -9999 -9999 -9999
-9999 -9999 -9999 -9999 -9999 -9999 -9999 -9999 -9999 -9999 -9999 -9999 -9999 -9999 -9999 -9999 -9999 -9999 -9999 -9999 -9999 -9999 -9999 -9999 -9999 -9999 -9999 -9999 -9999 -9999 -9999 -9999 -9999 -9999 -9999 -9999 -9999 -9999 -9999 -9999 -9999 -9999 -9999 -9999 -9999 -9999 -9999 -9999 -9999 -9999 -9999 -9999 -9999 -9999 -9999 -9999 -9999 -9999 -9999 -9999 -9999 -9999 -9999 -9999 -9999 -9999 -9999 -9999 -9999 -9999 -9999
-9999 -9999 -9999 -9999 -9999 -9999 -9999 -9999 -9999 -9999 -9999 -9999 -9999 -9999 -9999 -9999 -9999 -9999 -9999 -9999 -9999 -9999 -9999 -9999 -9999 -9999 -9999 -9999 -9999 -9999 -9999 -9999 -9999 -9999 -9999 -9999 -9999 -9999 -9999 -9999 -9999 -9999 -9999 -9999 -9999 -9999 -9999 -9999 -9999 -9999 -9999 -9999 -9999 -9999 -9999 -9999 -9999 -9999 -9999 -9999 -9999 -9999 -9999 -9999 -9999 -9999 -9999 -9999 -9999 -9999 -9999
-9999 -9999 -9999 -9999 -9999 -9999 -9999 -9999 -9999 -9999 -9999 -9999 -9999 -9999 -9999 -9999 -9999 -9999 -9999 -9999 -9999 -9999 -9999 -9999 -9999 -9999 -9999 -9999 -9999 -9999 -9999 -9999 -9999 -9999 -9999 -9999 -9999 -9999 -9999 -9999 -9999 -9999 -9999 -9999 -9999 -9999 -9999 -9999 -9999 -9999 -9999 -9999 -9999 -9999 -9999 -9999 -9999 -9999 -9999 -9999 -9999 -9999 -9999 -9999 -9999 -9999 -9999 -9999 -9999 -9999 -9999
-9999 -9999 -9999 -9999 -9999 -9999 -9999 -9999 -9999 -9999 -9999 -9999 -9999 -9999 -9999 -9999 -9999 -9999 -9999 -9999 -9999 -9999 -9999 -9999 -9999 -9999 -9999 -9999 -9999 -9999 -9999 -9999 -9999 -9999 -9999 -9999 -9999 -9999 -9999 -9999 -9999 -9999 -9999 -9999 -9999 -9999 -9999 -9999 -9999 -9999 -9999 -9999 -9999 -9999 -9999 -9999 -9999 -9999 -9999 -9999 -9999 -9999 -9999 -9999 -9999 -9999 -9999 -9999 -9999 -9999 -9999
-9999 -9999 -9999 -9999 -9999 -9999 -9999 -9999 -9999 -9999 -9999 -9999 -9999 -9999 -9999 -9999 -9999 -9999 -9999 -9999 -9999 -9999 -9999 -9999 -9999 -9999 -9999 -9999 -9999 -9999 -9999 -9999 -9999 -9999 -9999 -9999 -9999 -9999 -9999 -9999 -9999 -9999 -9999 -9999 -9999 -9999 -9999 -9999 -9999 -9999 -9999 -9999 -9999 -9999 -9999 -9999 -9999 -9999 -9999 -9999 -9999 -9999 -9999 -9999 -9999 -9999 -9999 -9999 -9999 -9999 -9999
-9999 -9999 -9999 -9999 -9999 -9999 -9999 -9999 -9999 -9999 -9999 -9999 -9999 -9999 -9999 -9999 -9999 -9999 -9999 -9999 -9999 -9999 -9999 -9999 -9999 -9999 -9999 -9999 -9999 -9999 -9999 -9999 -9999 -9999 -9999 -9999 -9999 -9999 -9999 -9999 -9999 -9999 83.17000 84.03820 83.77530 83.85780 81.30240 80.65570 75.73770 71.09840 67.07940 66.21380 -9999 -9999 -9999 -9999 -9999 -9999 -9999 -9999 -9999 -9999 -9999 -9999 -9999 -9999 -9999 -9999 -9999 -9999 -9999
-9999 -9999 -9999 -9999 -9999 -9999 -9999 -9999 -9999 -9999 -9999 -9999 -9999 -9999 -9999 -9999 -9999 -9999 -9999 -9999 -9999 -9999 -9999 -9999 -9999 -9999 -9999 -9999 -9999 -9999 -9999 -9999 -9999 -9999 -9999 -9999 -9999 -9999 82.72680 86.10490 84.37320 86.50950 87.18760 88.80370 87.61040 88.02240 84.97640 81.99180 80.63220 76.48090 71.10000 66.27180 61.11790 38.44830 -9999 -9999 -9999 -9999 -9999 -9999 -9999 -9999 -9999 -9999 -9999 -9999 -9999 -9999 -9999 -9999 -9999
-9999 -9999 -9999 -9999 -9999 -9999 -9999 -9999 -9999 -9999 -9999 -9999 -9999 -9999 -9999 -9999 -9999 -9999 -9999 -9999 -9999 -9999 -9999 -9999 -9999 -9999 -9999 -9999 -9999 -9999 -9999 -9999 -9999 -9999 -9999 -9999 -9999 -9999 -9999 -9999 78.11440 84.84080 86.91780 90.05040 89.78420 90.92500 89.12010 85.88590 84.59880 80.86940 75.68540 67.39980 62.51390 37.02610 -9999 -9999 -9999 -9999 -9999 -9999 -9999 -9999 -9999 -9999 -9999 -9999 -9999 -9999 -9999 -9999 -9999
-9999 -9999 -9999 -9999 -9999 -9999 -9999 -9999 -9999 -9999 -9999 -9999 -9999 -9999 -9999 -9999 -9999 -9999 -9999 -9999 -9999 -9999 -9999 -9999 -9999 -9999 -9999 -9999 -9999 -9999 -9999 -9999 -9999 -9999 -9999 -9999 -9999 -9999 -9999 -9999 -9999 -9999 -9999 -9999 96.87680 95.54790 97.36210 96.35520 95.99800 87.94950 83.85780 74.45650 65.26430 39.21710 -9999 -9999 -9999 -9999 -9999 -9999 43.88470 -9999 -9999 -9999 -9999 -9999 -9999 -9999 -9999 -9999 -9999
-9999 -9999 -9999 -9999 -9999 -9999 -9999 -9999 -9999 -9999 -9999 -9999 -9999 -9999 -9999 -9999 -9999 -9999 -9999 -9999 -9999 -9999 -9999 -9999 -9999 -9999 -9999 -9999 -9999 -9999 -9999 -9999 -9999 -9999 -9999 -9999 -9999 -9999 -9999 -9999 -9999 93.82390 94.31040 97.33740 97.97480 95.95710 96.96860 97.65720 95.19750 91.91660 86.55600 76.16680 67.20510 57.18590 -9999 -9999 -9999 -9999 -9999 43.19590 41.17050 41.41060 40.07040 35.26390 35.24660 35.64660 35.45010 34.58010 34.45750 35.34410 35.46590
-9999 -9999 -9999 -9999 -9999 -9999 -9999 -9999 -9999 -9999 -9999 -9999 -9999 -9999 -9999 -9999 -9999 -9999 -9999 -9999 -9999 -9999 -9999 -9999 -9999 -9999 -9999 -9999 -9999 -9999 -9999 -9999 -9999 -9999 -9999 -9999 -9999 -9999 -9999 -9999 -9999 88.54200 93.13150 96.78200 94.30460 94.32290 95.10120 93.34390 92.74520 90.15970 84.37270 77.30720 69.54750 62.26540 57.33880 53.86110 47.62480 -9999 42.70130 46.27560 42.97690 42.88410 40.87560 38.55410 38.69980 37.55490 35.96430 35.93210 35.75020 35.76240 36.92370
-9999 -9999 -9999 -9999 -9999 -9999 -9999 -9999 -9999 -9999 -9999 -9999 -9999 -9999 -9999 -9999 -9999 -9999 -9999 -9999 -9999 -9999 -9999 -9999 -9999 -9999 -9999 -9999 -9999 -9999 -9999 -9999 -9999 -9999 -9999 74.12670 76.89400 82.77810 84.19510 83.20960 85.39810 87.15570 88.63400 92.57480 94.68340 94.96630 93.67110 92.69500 92.46650 90.57690 85.89280 78.95230 74.65810 67.21260 60.44770 56.03500 49.14180 45.01660 41.27660 44.12110 40.66550 41.43450 39.54530 37.78360 37.54630 36.48260 35.56280 35.34100 35.00060 35.64360 35.64020
-9999 -9999 -9999 -9999 -9999 -9999 -9999 -9999 -9999 -9999 -9999 -9999 -9999 -9999 -9999 -9999 -9999 -9999 -9999 -9999 -9999 -9999 -9999 -9999 -9999 -9999 -9999 -9999 -9999 -9999 -9999 -9999 -9999 -9999 71.23600 75.55920 79.71950 80.60330 83.22660 81.64710 86.31510 86.61680 88.43670 88.51750 86.75360 89.34730 88.91430 89.96100 90.57530 86.81200 85.08650 79.84040 76.62390 68.88300 64.57660 58.36750 49.71380 46.88140 44.06190 43.56880 41.04790 40.55000 40.28700 38.15370 38.31980 37.24550 36.66380 36.16920 36.61990 36.07570 37.62890
-9999 -9999 -9999 -9999 -9999 -9999 -9999 -9999 -9999 -9999 -9999 -9999 -9999 -9999 -9999 -9999 -9999 -9999 -9999 -9999 -9999 -9999 -9999 -9999 -9999 -9999 -9999 -9999 -9999 -9999 -9999 -9999 -9999 70.74250 73.14340 75.54010 77.78410 78.57190 80.67940 81.11910 84.13920 85.37260 86.80200 86.25630 87.88150 88.47940 89.05140 88.22460 88.35680 86.41840 82.57040 77.52510 68.71490 65.21040 58.84840 52.41470 49.63770 44.98570 42.05260 41.89950 39.44850 37.30870 36.74040 36.36590 36.52980 35.50100 35.78460 34.64520 35.01710 34.78180 34.66630
-9999 -9999 -9999 -9999 -9999 -9999 -9999 -9999 -9999 -9999 -9999 -9999 -9999 -9999 -9999 -9999 -9999 -9999 -9999 -9999 -9999 -9999 -9999 -9999 -9999 -9999 -9999 -9999 -9999 -9999 -9999 66.69760 69.06150 69.76080 71.40210 72.41330 75.25360 76.55170 80.60940 79.99300 81.59580 85.24230 86.00620 85.88380 85.97720 85.68550 84.53020 79.12690 80.67070 79.45120 76.54470 71.82490 63.31650 63.45460 57.49170 51.18800 45.98060 42.40930 40.51180 38.72750 37.21520 35.07340 35.04470 33.36980 34.20930 33.61560 33.97140 33.03650 33.35340 32.94820 33.49390
-9999 -9999 -9999 -9999 -9999 -9999 -9999 -9999 -9999 -9999 -9999 -9999 -9999 -9999 -9999 -9999 -9999 -9999 -9999 -9999 -9999 -9999 -9999 -9999 -9999 -9999 -9999 -9999 -9999 60.44310 62.05540 67.25950 68.28250 68.74790 70.43920 71.31130 73.42850 75.63900 78.20870 77.36560 80.71660 81.54210 84.25530 83.22310 83.31500 81.48850 79.51510 78.52410 79.29120 78.38220 75.04650 64.75910 61.39450 59.86070 54.09200 50.29570 44.02300 40.36790 37.66730 36.83680 34.77000 32.63390 32.72120 31.92620 31.54050 31.80730 32.33300 32.49040 32.51560 33.15800 33.00770
-9999 -9999 -9999 -9999 -9999 -9999 -9999 -9999 -9999 -9999 -9999 -9999 -9999 -9999 -9999 -9999 -9999 -9999 -9999 -9999 -9999 -9999 -9999 -9999 58.47410 58.56510 57.41820 56.81220 58.00730 58.58020 60.66650 61.16040 61.21240 63.15630 65.83410 68.43930 69.41860 70.36160 71.92240 73.81660 75.00290 77.76110 79.91200 77.93950 76.79910 77.33770 75.53170 75.52370 76.36790 72.61060 70.40640 64.43430 61.97730 58.58360 51.82250 44.17500 40.82030 38.87190 35.72550 33.16830 31.24190 29.51270 28.92620 28.44560 28.96440 29.75310 29.01180 29.85990 31.52210 29.75740 31.97010
-9999 -9999 -9999 -9999 -9999 -9999 62.43590 63.29130 61.97620 63.24100 63.68730 -9999 -9999 -9999 -9999 -9999 -9999 -9999 -9999 -9999 -9999 61.81790 60.73960 59.03390 58.47960 58.07130 57.49510 57.83160 56.97730 58.06670 58.04490 58.98800 60.60580 62.56340 64.09270 67.20890 68.98750 69.03050 70.36890 72.86600 73.49030 73.00370 74.30900 73.47780 73.78250 72.95730 73.36270 72.57350 73.41070 70.83120 69.27290 65.30380 60.33360 56.83220 49.89670 42.94160 40.51150 37.98840 34.42270 32.27820 30.92620 30.62090 28.78720 29.32490 30.44060 29.32370 29.66210 29.76440 31.03620 30.11730 30.57890
-9999 -9999 -9999 -9999 -9999 63.65380 64.03140 63.27340 63.26450 62.63520 64.91850 65.45640 64.44870 62.78110 -9999 -9999 -9999 60.84150 61.45860 59.75040 60.16960 60.95870 58.56460 57.46570 57.09090 54.47590 54.98420 54.59830 55.51770 54.18700 54.10140 55.11120 56.53240 57.20920 60.21030 61.74310 61.35620 65.32490 68.44400 71.73100 72.32190 72.07360 70.79650 69.72450 72.23870 69.67380 71.00600 70.92680 70.64730 68.64880 67.02200 64.16190 60.14700 53.71800 50.41420 43.99160 41.41430 36.73400 34.24930 31.27300 29.56670 29.71790 30.00820 31.16310 31.34450 32.04160 32.66750 31.48880 30.98180 32.38870 32.00530
-9999 60.13010 60.04980 62.95050 64.59340 63.95460 64.66210 63.78520 64.56080 64.54260 64.62390 67.47550 67.06510 64.48970 62.98460 62.23910 60.81500 61.59070 61.73240 61.13080 59.74400 58.51660 57.50090 55.21070 53.95380 53.28190 52.46350 52.59680 52.99460 52.68630 52.62350 52.48060 53.67760 54.99270 55.90230 57.33070 60.10940 62.90880 66.32580 70.05830 69.39550 69.54860 68.17320 68.18130 67.90070 65.06020 67.68730 67.66880 66.39560 66.79780 62.89510 61.97230 57.25710 54.12890 49.99440 44.72830 41.04540 37.04010 34.81750 32.97790 31.17400 31.53030 31.69020 33.05610 32.92350 33.12170 32.56310 33.58840 31.62720 31.91490 34.83050
-9999 65.42250 63.72880 64.54440 63.36340 63.62920 65.56810 64.58360 64.37720 64.51020 65.12080 65.27310 66.66290 63.93010 62.69850 61.92510 59.70810 61.06210 59.49280 59.08610 59.62250 58.42680 56.79580 53.82130 53.16810 53.79620 53.28380 53.85800 52.80630 53.37370 53.84400 52.47490 52.21940 51.39190 53.18850 55.49510 56.98790 58.53870 62.26830 66.25640 66.12780 63.52040 63.79160 63.37560 62.63000 61.85930 61.16120 60.82590 62.11420 62.56560 59.65730 60.35080 56.68670 55.03700 51.05020 45.53510 40.80230 37.65090 36.58970 36.27780 36.17530 33.74300 34.32850 35.89030 36.27370 36.00580 36.80410 34.78300 35.73770 35.70230 36.11860
-9999 -9999 -9999 68.74750 67.89840 66.82540 65.78130 63.64950 64.08270 61.49740 63.01310 63.41530 64.40270 63.34920 63.43590 61.24840 58.76090 58.15970 59.73580 62.26970 59.42410 59.22500 56.71260 56.10550 53.10190 53.90650 51.69270 52.25590 51.58510 52.43590 51.82830 49.89100 49.86000 49.56820 50.24850 52.92150 53.59180 55.89900 57.18660 60.76540 62.91660 61.99650 60.26510 59.45320 59.35780 59.43480 58.31420 58.84660 59.22990 58.77650 58.53860 58.74840 56.87540 54.59530 50.48330 47.23130 42.17520 39.30910 39.18900 38.82160 37.41000 36.82710 36.83520 38.13770 37.05070 39.25140 38.68000 36.29490 38.54720 38.54380 39.39870
-9999 -9999 -9999 -9999 -9999 -9999 65.60480 63.75190 63.92950 63.77620 63.11440 62.19580 62.33410 61.99090 61.75470 59.55890 60.00390 59.70970 60.00850 63.21730 61.17050 60.10500 59.11630 56.56050 55.85770 55.92640 53.63350 51.22870 50.08910 49.55890 49.59650 49.48610 48.63040 48.37630 49.55450 51.59250 52.11150 53.58300 54.12470 55.77270 57.48060 57.12060 58.08210 58.20150 57.18170 56.46850 57.89400 59.03570 59.07080 60.41970 60.28230 58.80610 55.87110 50.73730 49.98410 45.82730 42.29640 43.45030 43.86200 40.99310 41.06840 39.62370 38.12320 39.43750 40.19150 38.33170 38.05830 38.91610 40.83510 41.56860 43.71110
-9999 -9999 -9999 -9999 -9999 -9999 64.41440 64.56900 65.36030 65.62910 63.37280 62.28520 61.45860 60.95310 61.12160 60.86810 61.88090 63.18120 61.81300 64.64690 64.54790 63.16420 60.80370 59.69070 57.96220 57.07840 53.80470 49.60550 48.80300 49.17180 49.56130 48.95230 48.63690 48.72170 48.03300 49.88930 51.61320 51.99400 54.30510 53.67200 52.06700 53.74520 55.55320 54.72250 56.48390 56.26290 56.40540 56.66710 58.32310 59.94510 59.31240 55.86570 50.86110 48.55020 46.90030 43.63980 41.76940 43.76350 43.13550 42.48310 41.74470 43.33120 42.29790 42.04480 43.57480 40.09000 40.74490 40.24420 40.63030 43.82370 46.51900
-9999 -9999 -9999 -9999 -9999 -9999 -9999 -9999 -9999 -9999 63.71550 64.38290 62.81350 61.95690 64.44460 64.27800 65.52400 67.54470 67.49000 68.53900 69.02490 68.94620 65.20400 62.70160 61.27440 57.67740 56.70410 53.71690 49.67210 48.69800 48.66860 49.18270 48.56020 48.41440 49.35010 47.65180 47.43790 48.24360 48.58620 50.11080 51.80050 50.66920 51.27170 51.80400 53.64200 55.75080 54.45440 56.29840 58.37100 56.39060 54.48610 48.89600 45.37250 40.62610 40.65360 38.18420 39.34080 39.71600 39.21470 40.46570 41.54140 43.23550 43.44980 40.70180 40.64780 41.12530 40.20520 41.33180 42.45040 44.43320 48.10410
-9999 -9999 -9999 -9999 -9999 -9999 -9999 -9999 -9999 -9999 61.23200 63.43200 62.72260 63.80310 64.69320 66.38830 68.45430 70.76400 72.17010 73.90400 72.82390 70.51460 68.25800 65.31500 63.02520 59.53450 57.88810 53.07400 51.41640 47.95850 47.40940 47.71670 47.56490 48.32620 48.20490 46.91110 47.87190 48.04860 48.93590 50.71440 51.44460 52.35910 52.68710 52.10960 53.16720 52.49210 52.13920 52.90710 52.24770 52.00580 48.32400 46.72450 43.07560 41.20620 40.98760 39.63030 39.78560 40.14230 39.04380 41.54760 41.51880 43.76550 44.31060 44.21730 44.20880 43.62190 43.41660 43.33660 43.23440 47.34270 49.75900
-9999 -9999 -9999 -9999 -9999 -9999 -9999 -9999 -9999 -9999 -9999 -9999 61.62180 68.46080 71.27220 74.25160 74.54580 71.57320 74.59610 72.78220 71.99230 71.32690 67.19440 65.85240 62.06420 58.57690 56.74040 53.66020 49.28530 47.57110 47.29290 47.36190 47.14150 47.96990 48.75670 48.12120 47.72920 48.53400 49.46450 49.65420 49.73430 51.26300 51.57150 49.79470 51.36070 52.18820 52.13800 50.12490 48.76610 49.14030 48.07660 45.47580 43.98990 41.18650 41.85510 40.27180 40.90810 39.56080 41.25510 42.74680 42.68270 44.36710 45.49360 45.47260 45.84880 43.27930 44.62270 46.96490 45.89760 48.27780 51.60230
-9999 -9999 -9999 -9999 -9999 -9999 -9999 -9999 -9999 -9999 -9999 -9999 62.52820 66.91550 70.85710 71.77820 74.26800 73.78600 75.87540 75.63300 73.28110 72.50170 69.45100 66.11540 63.15920 59.86390 56.70600 51.66700 48.28020 46.57980 44.35840 44.94360 46.11790 46.74110 47.51330 47.35360 47.97020 48.16310 48.53920 49.75050 48.92310 48.70310 50.28130 49.52960 49.41430 49.80370 50.02750 49.66930 49.84180 45.80650 46.76870 45.37510 43.77390 41.75220 41.32950 41.96110 41.63470 40.75930 42.30020 44.77280 46.74690 47.10450 46.30140 46.41270 46.92980 46.57420 46.37430 48.27010 49.31830 50.37800 52.84430
-9999 -9999 -9999 -9999 -9999 -9999 -9999 -9999 -9999 -9999 -9999 58.28110 63.55050 63.34810 66.43230 70.30900 75.41370 75.56700 77.42320 77.34130 71.67120 73.66760 69.05450 68.90990 65.27690 62.97760 57.89710 51.91680 48.05350 46.86260 43.80070 44.93860 44.14230 44.89150 45.21160 44.47750 46.05610 46.66670 48.29590 50.06090 49.83000 51.89290 51.50150 50.76330 50.05590 48.56350 48.81850 48.91450 47.26620 47.23080 47.81810 45.15520 45.81920 46.32040 46.12350 43.59830 42.90810 44.39250 44.16710 46.53150 46.53270 46.77430 48.28140 49.12260 48.75950 48.42490 50.12310 50.04740 54.75160 56.16940 58.60230
-9999 -9999 -9999 -9999 -9999 -9999 -9999 -9999 -9999 -9999 -9999 55.89070 58.42980 62.24180 63.87140 66.74720 70.88270 72.59090 73.20230 72.87110 70.96510 72.20630 68.06360 66.31760 63.72470 60.89920 55.52690 52.13730 49.96190 48.42260 45.26270 45.27170 44.78540 44.03240 45.10570 43.89130 46.29920 47.72830 49.70650 50.53630 51.31520 51.86140 55.21590 53.59610 51.28690 50.57470 49.79700 51.05290 50.25980 49.85460 49.59580 47.82150 47.46260 48.19610 45.95570 45.17490 45.23370 45.09300 45.41290 47.31300 48.07020 49.31870 49.54130 51.81420 52.17570 50.60720 51.19050 51.85980 55.83600 58.28270 58.33720
