data/hydroclimate-scenarios/1948-2000.Pcorr55N_Pref_Tref/monthly_summaries/swe_monthly_day1_feb.1950-2000.asc
ncols	311
nrows	91
xllcenter	102.75
yllcenter	31.75
cellsize	0.5
NODATA_value	-9999
[rows 31 to 61 of 91, columns 0 to 70 of 311]
-9999 -9999 -9999 -9999 -9999 -9999 -9999 -9999 -9999 -9999 -9999 98.56730 102.05000 108.34200 111.84600 115.76900 121.89600 125.79400 130.42300 129.74300 127.73000 129.92000 124.91000 120.89000 116.26100 111.88300 102.27300 95.67480 93.37180 90.42490 85.44290 84.89510 84.89720 84.40460 85.30570 85.20820 88.09110 89.80060 88.87480 90.10500 92.11970 90.99030 93.94790 92.33860 88.94010 88.08850 87.08980 88.15690 87.13070 86.26620 84.47540 82.62470 81.33480 80.96820 77.14720 74.85730 74.80740 73.45580 73.95030 73.99970 74.43120 74.82640 75.02930 75.98920 76.21430 74.64860 74.77690 72.89740 74.62540 74.84930 75.30520
-9999 -9999 -9999 -9999 -9999 -9999 -9999 -9999 -9999 -9999 -9999 105.43200 107.30300 108.69300 112.32000 112.32600 123.72000 123.62100 130.44200 137.43401 136.89200 131.32899 127.80100 121.23900 115.66400 112.68800 105.92300 101.03800 93.63400 90.24770 84.69470 84.63070 82.99250 83.80660 85.05930 84.49020 89.52490 89.29640 89.09280 91.67230 92.84540 95.47980 95.34620 95.12750 93.58680 91.19680 92.28960 93.06820 90.94450 91.48100 87.37950 86.64840 84.69940 82.62080 80.72020 80.36630 79.21600 79.13620 78.39680 77.92040 77.11700 76.87700 77.52230 78.32270 78.28570 76.74210 78.67140 76.54990 80.99010 81.34880 82.18080
-9999 -9999 -9999 -9999 -9999 -9999 -9999 -9999 -9999 -9999 -9999 113.10600 113.19000 112.29900 113.21100 116.24700 119.17600 126.89200 135.14500 135.46899 135.62300 133.89700 127.94200 121.82600 116.87800 111.83600 106.13800 95.76550 91.61730 88.38600 84.48950 82.07750 81.06310 80.18620 83.13790 85.06550 88.40910 89.82310 89.50760 94.10290 96.53410 96.78260 99.83250 99.60920 101.80600 99.97530 99.78440 99.41270 97.17330 96.83100 93.48590 92.84580 89.58470 87.46000 86.15350 85.08070 84.54320 83.29790 82.61980 80.22280 79.42950 79.68980 80.42030 80.96080 82.17630 82.03210 80.94680 81.43160 84.31000 85.04020 86.52460
-9999 -9999 -9999 -9999 -9999 -9999 -9999 -9999 -9999 -9999 -9999 -9999 111.77600 108.74900 110.92500 119.08600 124.67900 126.60700 133.06500 136.68800 136.13499 131.67599 129.22701 123.79100 115.94100 109.00300 102.29800 95.01990 88.23700 84.69100 82.09530 79.68100 79.18060 78.66040 78.57350 80.95780 85.11690 88.36010 90.73530 93.05560 97.66710 102.89000 104.97400 106.02300 107.83700 107.23300 108.53600 104.98500 101.59900 100.77800 96.93940 95.28560 91.61660 90.61170 88.48940 87.28060 86.01950 85.79780 82.75430 83.03850 83.25050 83.67180 83.22850 81.79480 82.86620 82.96470 83.71220 83.99790 86.35800 88.20640 90.21180
-9999 -9999 -9999 -9999 -9999 -9999 -9999 -9999 -9999 -9999 -9999 -9999 104.68800 105.66600 113.53500 114.74800 120.48300 125.43800 130.90700 132.94000 134.87801 134.80499 126.52800 120.21700 110.34800 102.58900 92.92390 85.54500 82.12410 78.41030 76.73690 72.12380 71.58690 72.71940 73.61060 76.56950 80.34110 85.53370 88.62480 89.18210 99.99660 103.21700 105.79600 109.53700 113.39500 116.03200 115.90400 112.41400 107.28700 102.42400 98.04490 94.92640 91.14380 90.65270 89.38860 88.44900 86.62330 85.93730 84.01610 82.63230 84.27650 83.22070 84.75470 81.88290 80.53790 82.98110 85.91230 88.76360 91.53510 92.56790 96.56090
-9999 -9999 -9999 -9999 -9999 -9999 -9999 -9999 -9999 -9999 -9999 -9999 106.04700 105.09500 101.86400 105.88100 113.70300 116.27100 125.33800 132.24001 139.28799 130.50700 123.79700 111.94400 99.21210 92.16450 83.02630 76.44250 73.12920 71.73820 67.91740 66.69110 65.17420 66.29090 69.49560 73.50740 74.27620 77.59320 83.16700 88.12840 94.05680 101.32000 106.22900 111.08100 116.23600 126.31300 123.68300 117.82700 109.01800 105.87800 100.78500 95.41040 92.28350 89.13210 86.25000 86.99950 86.24270 85.23240 83.92090 84.33190 84.53100 84.86630 87.02880 86.02250 86.06530 86.78620 88.96150 92.43810 97.42980 101.61400 106.50400
-9999 -9999 -9999 104.90000 101.37500 100.47600 103.60800 102.91800 101.23200 -9999 101.64200 104.02800 102.37900 97.79290 98.64190 97.37980 102.31800 104.80700 109.58200 116.00800 120.96200 115.18800 103.71800 97.60430 89.73400 83.49600 77.48250 72.94070 67.96390 64.76070 63.27210 59.54760 60.40610 59.69910 63.32510 67.04370 68.47820 71.62330 77.79810 83.60140 90.28800 94.88790 100.24400 107.27300 116.98100 126.65900 128.33299 120.90800 112.32300 106.65700 99.91740 94.38450 90.30060 89.27380 87.02190 88.21420 86.35030 85.77160 85.95760 86.23140 86.32540 88.56070 89.37920 90.42780 92.47530 93.03590 96.60710 99.60390 102.71200 109.53800 115.15600
-9999 -9999 -9999 98.34250 95.56780 93.27000 96.77690 97.53360 100.42600 101.68900 102.48100 101.22400 98.53220 96.77490 93.45500 94.06910 94.66900 90.15800 89.81070 92.03970 93.44040 92.13330 87.75510 86.29340 81.04470 78.12980 72.54610 66.97160 62.72310 59.99570 56.78440 53.85660 54.20680 54.80350 58.42870 59.54570 61.83140 66.95070 73.47090 79.27530 85.53970 91.26620 96.03390 104.66000 116.70800 123.52700 125.67700 117.71600 111.23500 107.78000 101.42600 93.23540 91.73930 87.87150 84.55420 83.69960 83.49700 83.53200 85.78990 85.58100 86.28200 87.87110 90.16420 91.49260 95.51750 97.49910 99.55560 102.78800 111.67700 116.69700 124.87000
-9999 -9999 -9999 84.41470 79.15580 83.99220 92.38130 94.63000 91.15610 91.67020 93.53990 93.90290 94.67020 94.45230 95.23620 91.46000 90.41650 85.53580 83.49530 82.59850 82.08570 80.05850 76.04200 75.71210 71.35260 68.23690 65.56690 60.30530 57.42960 51.83790 49.19680 48.06470 46.72220 49.96830 51.72950 52.83170 56.60000 60.17530 66.48650 71.71240 78.82220 84.47570 93.12210 100.89300 108.42400 118.56300 118.26800 111.64600 106.50000 104.16100 98.90880 92.69400 87.07950 84.67010 80.48240 80.86070 83.38660 83.35350 86.14540 86.22600 87.92360 87.87940 92.11570 95.95450 99.59790 103.65900 108.34300 114.07000 123.21800 129.89700 139.06200
-9999 -9999 -9999 79.86100 76.99290 88.67030 101.79100 96.71430 92.45450 91.12270 88.94480 87.24760 93.43550 91.82030 92.99840 89.22330 85.79490 83.22630 79.68530 74.53100 71.96100 67.69350 64.98790 62.98760 60.35280 59.28690 56.55050 52.81250 48.38940 46.85250 44.86060 38.06770 41.06190 41.02290 44.74320 48.53550 50.98110 53.14430 56.63590 61.22180 70.04830 79.89420 87.03140 94.36060 102.77300 108.23600 106.80400 106.11600 104.77200 100.46700 93.66160 89.05460 84.69800 79.67360 80.63670 78.85920 81.13260 81.01680 84.42860 85.03830 89.25360 91.17660 97.85900 104.66000 108.58000 114.07400 120.87900 126.64600 134.89101 140.80000 148.66800
-9999 -9999 -9999 70.26450 71.16000 80.75460 79.27920 81.16020 84.06830 82.39290 82.09780 84.85090 86.56180 89.20280 87.78950 87.19800 83.07350 78.07220 72.50790 64.24380 60.55570 57.38200 54.53110 52.82000 49.68760 49.07640 46.70300 43.30340 41.07780 39.66370 37.24990 35.14290 35.50800 35.28490 38.39820 43.08570 46.40570 46.98820 51.15300 56.15270 61.10530 68.30030 75.08370 78.43680 81.97450 87.47550 91.12600 92.97370 91.92060 90.08760 87.32850 81.78460 77.94570 76.94420 78.41720 78.36940 76.92920 77.99250 82.43390 84.83720 89.42230 93.01350 99.15660 112.19100 119.58700 122.87200 130.26500 137.92101 146.84100 145.33400 143.40900
-9999 -9999 -9999 -9999 70.41100 77.91850 76.40970 81.08820 82.72710 83.20430 81.60380 81.51230 85.63790 82.89430 -9999 -9999 -9999 -9999 -9999 54.85840 49.35980 44.62680 42.55830 42.11210 39.38660 36.34150 35.10590 33.34880 30.57130 29.56940 30.18840 30.53220 30.15190 31.80810 35.55160 37.73420 39.02730 41.56940 44.40690 50.01630 53.30540 56.10550 58.24130 62.45680 66.52430 70.14580 77.18680 78.35130 78.96620 77.69310 76.66500 74.64510 73.50480 74.45710 75.12890 74.71610 76.45300 77.76180 80.84290 85.79820 91.30230 96.30770 108.00500 117.11100 126.69500 133.86200 138.90199 139.93700 143.16000 -9999 -9999
-9999 -9999 66.61540 69.62250 68.27890 70.55460 74.11610 76.69390 75.21090 79.61180 76.79920 81.81200 85.06710 -9999 -9999 -9999 -9999 -9999 57.98520 46.01700 38.52490 31.08850 30.46200 30.55600 29.35280 28.01860 28.17340 27.31320 25.84170 25.95850 24.46040 25.02290 27.54650 26.92750 30.16090 32.13600 34.49310 37.44680 38.25700 41.70030 46.39040 47.08050 50.01100 54.15290 56.01550 59.73280 64.31510 66.61960 65.86930 68.21780 67.34850 66.30480 68.08060 70.05600 69.85070 68.85240 72.47590 78.03580 80.88760 84.16950 89.25050 98.28680 107.63800 115.65300 123.98100 132.04601 135.88800 -9999 -9999 -9999 -9999
-9999 -9999 71.94060 68.61310 63.02540 62.04350 64.83280 67.37400 69.91280 72.09910 79.61790 85.72470 89.62970 -9999 -9999 -9999 -9999 59.11930 51.99970 38.83000 31.16710 21.82860 20.22170 21.61680 21.30020 25.27570 24.76380 21.87210 21.09890 20.02220 20.25460 21.13060 24.54930 25.69910 29.10370 30.65470 32.23210 33.42610 35.49260 35.39790 38.53300 39.53260 44.91110 47.66570 48.86670 52.53120 56.48240 60.12820 58.00690 60.26540 60.63030 58.78100 60.30580 63.18750 63.56840 63.92850 67.03840 73.20990 77.73400 80.18310 83.46970 92.40440 95.63650 106.86800 114.63400 -9999 -9999 -9999 -9999 -9999 148.29401
-9999 -9999 71.11520 70.65160 63.92530 60.45780 61.43360 63.57180 67.11710 73.82410 80.90940 90.43810 54.01750 -9999 -9999 -9999 -9999 54.52130 47.47340 33.92100 24.36340 16.58870 14.05080 15.61120 14.13500 19.26520 18.88200 18.81210 17.05990 16.81650 17.65650 17.94050 20.45580 23.29980 26.26600 26.32980 28.47640 29.68280 30.90570 30.15690 32.80620 36.60590 37.62100 41.09510 43.82040 46.98460 50.15710 50.84070 50.78990 52.12420 53.28550 54.24060 56.02270 58.52830 60.89260 59.70820 63.78020 69.36870 73.71260 74.70650 75.49280 79.55930 85.41240 100.31700 110.33400 119.79700 117.19800 124.03100 123.82100 -9999 -9999
-9999 -9999 -9999 67.89880 61.42690 57.42860 56.57410 60.32710 68.40740 79.41930 85.75290 58.09030 -9999 -9999 -9999 -9999 61.57220 51.60320 38.81810 29.30240 20.94970 13.94720 12.25050 13.21960 13.05640 14.06120 14.70300 14.32450 15.56950 13.77280 14.79190 16.76500 19.52470 20.38790 21.29290 24.63660 24.87830 23.61300 25.12700 26.08620 27.57660 28.50520 30.61760 32.14030 35.55300 41.10110 42.21050 43.85190 40.45680 41.70240 47.59900 49.85450 49.74780 54.75880 57.86520 59.78230 63.12850 68.84720 72.93290 73.18650 76.97950 83.54930 91.27940 102.75800 111.63200 102.05900 95.08880 108.61300 107.45400 92.06570 -9999
-9999 -9999 -9999 -9999 64.00120 58.75230 56.13180 61.20990 68.66260 73.78420 46.82890 -9999 -9999 -9999 -9999 72.00450 61.93590 44.35340 30.92360 23.45880 16.02650 11.04230 10.79850 9.39267 9.44393 11.42200 11.88830 11.95160 13.27540 14.11650 13.53520 15.73720 16.27410 17.13590 18.47090 20.46490 22.54480 23.00360 22.15320 22.92370 23.61930 24.81710 25.12790 28.20910 30.29090 35.81600 39.56790 37.15170 35.69760 37.96300 41.40620 43.95300 45.88460 49.73280 50.15040 54.16480 58.46440 64.88180 69.04120 69.98080 75.92040 83.41390 86.55060 87.74200 95.87380 92.28480 83.02780 84.93420 92.78110 88.05640 93.06630
-9999 -9999 -9999 -9999 -9999 -9999 64.08860 64.81880 48.95360 45.77300 69.81960 -9999 -9999 -9999 -9999 -9999 57.00260 39.36610 29.31000 16.96370 13.09420 11.80530 6.96175 7.43366 7.05845 9.53493 9.60280 10.57120 12.21000 12.80450 13.90150 15.37550 16.16590 17.42490 16.59590 19.77020 20.01240 19.69840 19.90840 19.52460 20.17550 21.04480 23.60120 25.57240 26.48370 27.24500 29.00320 32.95790 35.33430 36.07870 40.50860 40.84000 43.11320 43.85610 46.03250 51.37230 54.95890 61.36670 63.99810 67.74660 71.51730 76.76280 81.54880 85.92310 90.80620 85.07980 75.36840 72.44700 78.22020 77.16010 85.86980
-9999 -9999 -9999 -9999 -9999 -9999 -9999 -9999 -9999 -9999 -9999 -9999 -9999 -9999 -9999 -9999 -9999 -9999 -9999 15.52970 10.06580 9.52056 7.26873 5.67398 5.78168 8.33691 10.30570 11.81840 14.89160 13.69610 14.62990 15.92400 15.40710 16.83290 16.38580 17.61830 18.09940 18.30030 18.22620 17.54610 17.70330 19.05830 20.05270 21.27070 24.55990 23.64700 25.49350 28.60120 28.83740 33.73410 37.72310 38.46390 41.49180 40.46460 41.45170 44.91120 48.36430 55.99200 57.21330 60.62020 65.83290 66.54220 74.22160 76.64840 78.49100 68.80460 60.13130 62.73480 67.43190 72.09660 81.97350
-9999 -9999 -9999 -9999 -9999 -9999 -9999 -9999 -9999 -9999 -9999 -9999 -9999 -9999 -9999 -9999 -9999 -9999 18.40630 13.90120 10.81000 7.02528 6.90754 7.75785 7.93860 8.48927 8.21878 10.16670 9.92441 11.15450 12.72530 12.83110 13.88020 13.25600 15.45250 15.91940 16.66330 17.46580 16.31320 13.71400 15.21640 16.53830 17.67610 20.37610 21.31390 22.22910 22.28620 24.79210 25.10170 29.28770 33.02310 35.96720 37.96120 38.86030 42.09210 42.18460 45.24240 51.96140 53.93500 52.46450 53.55850 54.20690 59.61160 64.70320 67.13520 63.10790 62.70420 60.74610 66.60940 69.57960 78.20000
-9999 -9999 -9999 -9999 -9999 -9999 -9999 -9999 -9999 -9999 -9999 -9999 -9999 -9999 -9999 -9999 -9999 20.37650 16.70000 11.19810 9.75773 7.05392 6.96914 6.72324 6.52737 7.04886 7.82626 8.40679 7.32549 9.31113 10.76670 11.34880 13.92890 13.71850 14.59590 15.20670 16.08040 17.16690 16.24830 15.11940 14.47000 14.90100 15.79750 16.60720 17.01270 19.37960 21.34600 21.46690 24.25590 27.31300 32.27530 34.11820 37.23910 38.25820 39.53810 39.10000 41.97400 45.24080 47.26350 45.39790 45.23980 50.19150 60.29470 63.79270 57.56110 59.26670 61.90050 64.59540 68.48090 68.68900 77.66050
-9999 -9999 -9999 -9999 -9999 -9999 -9999 -9999 -9999 -9999 -9999 -9999 -9999 -9999 -9999 -9999 -9999 13.42690 10.97080 6.09749 5.54931 3.81592 2.03005 3.57952 6.86841 5.60043 6.23224 7.63489 8.33177 8.14730 10.23000 12.18720 12.23440 16.13710 14.05970 13.98690 14.27500 14.13480 12.97410 14.21250 13.07950 12.60650 12.57010 14.23850 14.37480 17.44250 18.50010 19.81060 22.70530 27.15770 30.47960 32.11080 33.44710 36.29420 37.08870 38.07650 39.71950 38.70760 41.28570 41.09480 43.18810 49.33040 53.77100 59.32020 67.67660 64.97640 61.92850 67.66070 66.93000 66.68110 77.43220
-9999 -9999 -9999 -9999 -9999 -9999 -9999 -9999 -9999 -9999 -9999 -9999 -9999 -9999 -9999 -9999 13.64960 8.46776 6.26428 4.18846 3.38843 3.38437 3.09954 3.54547 7.20804 4.81519 5.30040 10.24090 9.33332 8.94827 8.90319 11.84010 12.48710 14.53430 12.46230 13.83020 14.07320 13.94550 11.73420 12.23780 10.93010 11.30480 11.46780 11.88290 13.33470 15.15180 16.74080 17.76970 19.49210 25.68680 29.25080 30.00560 31.70680 34.08780 36.00920 37.44580 35.50980 33.32110 37.12590 40.25860 40.35090 46.33270 52.14600 63.82230 63.41640 65.43900 69.39830 68.76620 70.89940 70.36120 81.03610
-9999 -9999 -9999 -9999 -9999 -9999 -9999 -9999 -9999 -9999 -9999 -9999 -9999 13.13830 12.11560 10.20730 8.56591 5.36612 3.84666 1.62031 1.81559 1.44155 1.29850 3.67667 3.53857 4.25025 6.24082 6.44946 7.22491 8.77161 8.24721 8.30717 11.27490 11.84100 11.10630 11.19000 11.44970 10.34710 8.13118 7.90298 7.60442 7.07289 6.86197 10.30800 11.14620 11.17970 12.77970 14.63230 15.12570 19.20330 20.51690 25.81250 29.32190 34.07160 37.65770 34.76470 33.85460 34.78200 35.00950 36.51980 39.70240 42.05100 48.64070 52.04930 55.38750 61.54650 69.87580 73.48180 75.94980 78.21440 87.06160
-9999 -9999 -9999 -9999 -9999 -9999 -9999 -9999 -9999 -9999 -9999 -9999 9.18220 8.27226 7.56514 7.41954 5.44644 4.61712 1.41911 1.85845 0.92978 0.54999 1.93020 2.97972 3.03474 3.78409 3.75986 5.70878 5.68356 7.58528 7.44914 8.02255 9.78008 10.03410 9.28453 11.08820 9.86695 8.91376 7.50811 7.05625 6.67146 5.63999 5.05611 5.47402 7.99904 11.49760 11.34510 13.13310 13.67220 14.52380 18.17020 21.77300 24.64170 29.55610 34.21930 35.18490 31.92330 32.01520 33.63590 35.83520 36.67120 40.71530 46.72440 53.64900 60.63930 68.71400 74.81710 78.00790 80.89400 85.75610 96.04930
-9999 -9999 -9999 -9999 -9999 -9999 -9999 -9999 -9999 -9999 -9999 7.56624 5.74367 4.93482 3.93938 4.12447 4.24498 1.71149 1.65412 0.70159 0.21389 1.40708 1.66897 2.02869 2.18745 1.72053 1.81756 2.41352 4.18022 5.81527 6.10375 6.35218 6.74563 8.67652 8.22925 8.13972 6.99578 4.94442 4.47596 4.95632 4.02093 2.78070 3.25149 4.18439 6.24861 6.67418 6.67582 11.00530 13.40290 13.49630 14.18080 19.68430 21.93620 24.44640 26.41010 26.42840 27.48760 28.24030 31.76960 33.11030 36.78910 42.54510 48.35280 55.15050 65.80900 75.66860 78.05850 75.87440 76.96660 81.25430 100.95100
-9999 -9999 -9999 -9999 -9999 -9999 -9999 -9999 -9999 -9999 6.59343 6.27438 4.05553 2.72642 3.84324 2.45305 2.78880 1.46691 1.43836 0.31698 0.36521 1.00064 1.68282 1.86968 1.55679 2.13108 1.91655 4.26724 4.24211 4.93226 5.57272 6.08553 6.43261 8.42139 9.92516 8.81781 6.95056 6.15447 5.16526 4.23959 3.78601 2.44238 3.21404 3.21849 3.66140 5.01171 6.19772 8.03608 9.31141 12.03080 12.97730 15.71680 18.52740 19.60680 23.03740 22.33690 24.42800 26.62680 30.80360 34.47390 37.13850 42.89310 49.41080 56.38010 63.01920 73.47480 77.31720 75.92940 83.41840 91.69280 105.45500
-9999 -9999 -9999 -9999 -9999 -9999 -9999 -9999 -9999 2.61366 2.67423 3.26636 4.05530 2.75917 2.04227 0.78271 1.02728 0.97967 0.38239 0.30648 0.32736 0.67648 1.00484 1.82212 2.05923 2.28893 2.10328 1.86493 1.71543 1.86835 3.79680 4.30934 5.80681 5.27314 6.36561 7.57501 6.67778 5.65224 3.72828 2.56585 1.43507 2.03697 1.78193 2.70419 3.14054 3.78606 6.22978 8.70701 9.79538 9.94091 11.62760 10.76750 12.03320 15.20760 16.89540 19.73680 23.96990 28.10410 28.79590 32.12290 34.97000 41.19410 47.55800 52.04550 56.71210 64.70860 68.11040 72.68230 86.47800 98.16950 104.64500
-9999 -9999 -9999 -9999 -9999 -9999 -9999 -9999 -9999 -9999 1.91319 1.12177 0.64568 1.74558 1.37222 0.79218 0.93074 0.49291 0.56385 0.32807 0.40222 0.80208 0.95736 -9999 -9999 -9999 -9999 -9999 -9999 1.73561 3.02312 2.02552 3.22073 3.58838 5.20212 6.39452 5.22332 4.50658 0.73338 1.96577 1.34412 1.48952 1.33499 2.17912 3.03437 3.74671 3.96367 7.10819 9.24735 8.58011 10.32920 10.21350 11.90560 13.42150 17.22240 18.51460 21.84650 25.88130 26.85220 30.95720 35.19520 42.36240 46.58280 49.61670 55.99050 60.21030 70.25050 77.71760 103.87400 115.98100 129.52000
-9999 -9999 -9999 -9999 -9999 -9999 -9999 -9999 -9999 -9999 -9999 -9999 0.31689 0.29031 0.69944 1.58165 0.57539 1.60188 1.76228 -9999 -9999 -9999 -9999 -9999 -9999 -9999 -9999 -9999 -9999 -9999 -9999 -9999 -9999 0.57880 1.31441 2.97745 3.44438 2.67710 1.82805 0.74030 0.75117 1.47427 0.67501 1.05688 1.17016 3.39867 3.57965 6.49952 7.17116 10.28260 10.92010 9.88808 10.17020 11.10310 12.84940 15.53650 18.98520 21.78790 25.17530 30.60880 36.96370 40.76880 44.95650 50.15240 53.91410 58.69300 68.56250 80.76740 99.60390 113.83800 132.67000
-9999 -9999 -9999 -9999 -9999 -9999 -9999 -9999 -9999 -9999 -9999 -9999 -9999 -9999 -9999 -9999 -9999 -9999 -9999 -9999 -9999 -9999 -9999 -9999 -9999 -9999 -9999 -9999 -9999 -9999 -9999 -9999 -9999 -9999 0.25376 0.44382 0.77820 0.34868 0.19076 0.13914 0.16606 0.31756 0.32706 0.45057 1.41154 1.59595 3.34454 6.09804 6.04780 8.97307 11.07410 9.73687 11.00170 10.59040 11.11500 14.74970 16.88540 22.22590 26.81100 34.72140 41.33800 43.13480 49.90000 51.90520 54.56080 57.64530 72.21530 89.80100 116.05300 126.34700 138.05400
