data/hydroclimate-scenarios/1948-2000.Pcorr55N_Pref_Tref/monthly_summaries/tavg_monthly_avg_mar.asc
ncols	311
nrows	91
xllcenter	102.75
yllcenter	31.75
cellsize	0.5
NODATA_value	-9999
[rows 0 to 30 of 91, columns 71 to 141 of 311]
-9999 -9999 -9999 -9999 -9999 -9999 -9999 -9999 -9999 -9999 -9999 -9999 -9999 -9999 -9999 -9999 -9999 -9999 -9999 -9999 -9999 -9999 -9999 -9999 -9999 -9999 -9999 -9999 -9999 -9999 -9999 -9999 -9999 -9999 -9999 -9999 -9999 -9999 -9999 -9999 -9999 -9999 -9999 -9999 -9999 -9999 -9999 -9999 -9999 -9999 -9999 -9999 -9999 -9999 -9999 -9999 -9999 -9999 -9999 -9999 -9999 -9999 -9999 -9999 -9999 -9999 -9999 -9999 -9999 -9999 -9999
-9999 -9999 -9999 -9999 -9999 -9999 -9999 -9999 -9999 -9999 -9999 -9999 -9999 -9999 -9999 -9999 -9999 -9999 -9999 -9999 -9999 -9999 -9999 -9999 -9999 -9999 -9999 -9999 -9999 -9999 -9999 -9999 -9999 -9999 -9999 -9999 -9999 -9999 -9999 -9999 -9999 -9999 -9999 -9999 -9999 -9999 -9999 -9999 -9999 -9999 -9999 -9999 -9999 -9999 -9999 -9999 -9999 -9999 -9999 -9999 -9999 -9999 -9999 -9999 -9999 -9999 -9999 -9999 -9999 -9999 -9999
-9999 -9999 -9999 -9999 -9999 -9999 -9999 -9999 -9999 -9999 -9999 -9999 -9999 -9999 -9999 -9999 -9999 -9999 -9999 -9999 -9999 -9999 -9999 -9999 -9999 -9999 -9999 -9999 -9999 -9999 -9999 -9999 -9999 -9999 -9999 -9999 -9999 -9999 -9999 -9999 -9999 -9999 -9999 -9999 -9999 -9999 -9999 -9999 -9999 -9999 -9999 -9999 -9999 -9999 -9999 -9999 -9999 -9999 -9999 -9999 -9999 -9999 -9999 -9999 -9999 -9999 -9999 -9999 -9999 -9999 -9999
-9999 -9999 -9999 -9999 -9999 -9999 -9999 -9999 -9999 -9999 -9999 -9999 -9999 -9999 -9999 -9999 -9999 -9999 -9999 -9999 -9999 -9999 -9999 -9999 -9999 -9999 -9999 -9999 -9999 -9999 -9999 -9999 -9999 -9999 -9999 -9999 -9999 -9999 -9999 -9999 -9999 -9999 -9999 -9999 -9999 -9999 -9999 -9999 -9999 -9999 -9999 -9999 -9999 -9999 -9999 -9999 -9999 -9999 -9999 -9999 -9999 -9999 -9999 -9999 -9999 -9999 -9999 -9999 -9999 -9999 -9999
-9999 -9999 -9999 -9999 -9999 -9999 -9999 -9999 -9999 -9999 -9999 -9999 -9999 -9999 -9999 -9999 -9999 -9999 -9999 -9999 -9999 -9999 -9999 -9999 -9999 -9999 -9999 -9999 -9999 -9999 -9999 -9999 -9999 -9999 -9999 -9999 -9999 -9999 -9999 -9999 -9999 -9999 -9999 -9999 -9999 -9999 -9999 -9999 -9999 -9999 -9999 -9999 -9999 -9999 -9999 -9999 -9999 -9999 -9999 -9999 -9999 -9999 -9999 -9999 -9999 -9999 -9999 -9999 -9999 -9999 -9999
-9999 -9999 -9999 -9999 -9999 -9999 -9999 -9999 -9999 -9999 -9999 -9999 -9999 -9999 -9999 -9999 -9999 -9999 -9999 -9999 -9999 -9999 -9999 -9999 -9999 -9999 -9999 -9999 -9999 -9999 -9999 -9999 -9999 -9999 -9999 -9999 -9999 -9999 -9999 -9999 -9999 -9999 -9999 -9999 -9999 -9999 -9999 -9999 -9999 -9999 -9999 -9999 -9999 -9999 -9999 -9999 -9999 -9999 -9999 -9999 -9999 -9999 -9999 -9999 -9999 -9999 -9999 -9999 -9999 -9999 -9999
-9999 -9999 -9999 -9999 -9999 -9999 -9999 -9999 -9999 -9999 -9999 -9999 -9999 -9999 -9999 -9999 -9999 -9999 -9999 -9999 -9999 -9999 -9999 -9999 -9999 -9999 -9999 -9999 -9999 -9999 -9999 -9999 -9999 -9999 -9999 -9999 -9999 -9999 -9999 -9999 -9999 -9999 -9999 -9999 -9999 -9999 -9999 -9999 -9999 -9999 -9999 -9999 -9999 -9999 -9999 -9999 -9999 -9999 -9999 -9999 -9999 -9999 -9999 -9999 -9999 -9999 -9999 -9999 -9999 -9999 -9999
-9999 -9999 -9999 -9999 -9999 -9999 -9999 -9999 -9999 -9999 -9999 -9999 -9999 -9999 -9999 -9999 -9999 -9999 -9999 -9999 -9999 -9999 -9999 -9999 -9999 -9999 -9999 -9999 -9999 -9999 -9999 -9999 -9999 -9999 -9999 -9999 -9999 -9999 -9999 -9999 -9999 -9999 -9999 -9999 -9999 -9999 -9999 -9999 -9999 -9999 -9999 -9999 -9999 -9999 -9999 -9999 -9999 -9999 -9999 -9999 -9999 -9999 -9999 -9999 -9999 -9999 -9999 -9999 -9999 -9999 -9999
-9999 -9999 -9999 -9999 -9999 -9999 -32.93860 -9999 -9999 -9999 -9999 -9999 -9999 -9999 -9999 -9999 -9999 -9999 -9999 -9999 -9999 -9999 -9999 -9999 -9999 -9999 -9999 -9999 -9999 -9999 -9999 -9999 -9999 -9999 -9999 -9999 -9999 -9999 -9999 -9999 -9999 -9999 -9999 -9999 -9999 -9999 -9999 -9999 -9999 -9999 -9999 -9999 -9999 -9999 -9999 -9999 -9999 -9999 -9999 -9999 -9999 -9999 -9999 -9999 -9999 -9999 -9999 -9999 -9999 -9999 -9999
-9999 -9999 -28.53600 -32.52470 -32.63860 -32.83660 -32.54340 -32.54930 -32.45640 -32.46470 -32.09740 -32.10740 -31.72430 -31.55130 -31.27960 -31.10720 -31.02290 -30.85220 -30.65240 -30.43350 -30.31910 -30.30100 -9999 -9999 -9999 -9999 -9999 -9999 -9999 -9999 -9999 -9999 -9999 -9999 -9999 -9999 -9999 -9999 -9999 -9999 -9999 -9999 -9999 -9999 -9999 -9999 -9999 -9999 -9999 -9999 -9999 -9999 -9999 -9999 -9999 -9999 -9999 -9999 -9999 -9999 -9999 -9999 -9999 -9999 -9999 -9999 -9999 -9999 -9999 -9999 -9999
-9999 -9999 -9999 -9999 -32.34180 -32.33630 -32.25160 -32.06820 -31.97180 -32.07620 -31.80010 -31.72860 -31.53510 -31.24670 -30.98000 -30.79690 -30.52880 -30.45410 -30.45370 -30.12870 -30.02150 -30.01420 -9999 -9999 -9999 -9999 -9999 -9999 -9999 -9999 -9999 -9999 -9999 -9999 -9999 -9999 -9999 -9999 -9999 -9999 -9999 -9999 -9999 -9999 -9999 -9999 -9999 -9999 -9999 -9999 -9999 -9999 -9999 -9999 -9999 -9999 -9999 -9999 -9999 -9999 -9999 -9999 -9999 -9999 -9999 -9999 -9999 -9999 -9999 -9999 -9999
-31.85680 -31.93410 -31.91590 -31.82300 -32.03930 -31.95150 -31.76350 -31.68170 -31.67520 -31.68990 -31.50500 -31.32290 -31.15410 -30.97300 -30.68130 -30.41080 -30.23590 -30.06870 -29.76640 -29.54160 -29.43510 -29.51040 -29.50130 -29.58940 -29.67030 -29.56820 -29.54410 -29.53800 -9999 -9999 -9999 -9999 -9999 -9999 -9999 -9999 -9999 -9999 -9999 -9999 -9999 -9999 -9999 -9999 -9999 -9999 -9999 -9999 -9999 -9999 -9999 -9999 -9999 -9999 -9999 -9999 -9999 -9999 -9999 -9999 -9999 -9999 -9999 -9999 -9999 -9999 -9999 -9999 -9999 -9999 -9999
-31.76650 -31.74400 -31.72660 -31.83200 -31.55340 -31.46550 -31.55800 -31.38320 -31.29280 -31.29730 -31.12250 -30.94570 -30.74990 -30.57270 -30.29210 -30.01310 -29.93790 -29.56440 -29.26720 -28.94580 -28.94090 -29.21980 -29.59400 -29.48600 -29.28750 -29.27320 -29.45700 -29.44390 -29.32740 -29.40940 -29.39620 -29.38990 -29.37960 -29.26310 -29.33890 -29.23230 -29.11070 -29.09610 -29.06680 -29.05000 -28.84440 -28.72290 -28.70840 -9999 -9999 -9999 -9999 -9999 -9999 -9999 -9999 -9999 -9999 -9999 -9999 -9999 -9999 -9999 -9999 -9999 -9999 -9999 -9999 -9999 -9999 -9999 -9999 -9999 -9999 -9999 -9999
-31.67610 -31.96660 -31.85110 -31.94190 -31.95790 -31.64100 -31.37660 -31.19000 -31.09630 -31.00940 -30.92190 -30.54760 -30.36280 -30.07890 -29.90940 -29.62590 -29.44610 -29.26730 -29.07160 -28.76220 -29.03780 -29.73100 -29.61360 -29.69560 -29.58910 -29.26810 -29.15630 -29.13660 -29.42390 -29.51690 -29.10760 -29.09160 -28.88420 -28.95910 -28.93830 -28.81950 -28.71710 -28.60400 -28.57270 -28.55920 -28.53560 -28.42260 -28.40000 -28.18250 -9999 -9999 -9999 -9999 -9999 -9999 -9999 -9999 -9999 -9999 -9999 -9999 -9999 -9999 -9999 -9999 -9999 -9999 -9999 -9999 -9999 -9999 -9999 -9999 -9999 -9999 -9999
-34.09600 -34.18390 -33.65850 -34.95490 -33.56040 -33.17650 -33.09060 -32.59400 -32.61500 -31.72400 -31.83430 -31.35810 -30.67080 -30.29840 -29.72110 -29.52930 -29.26220 -29.17430 -28.96840 -28.94950 -29.33140 -29.41390 -29.49490 -29.48180 -29.26550 -29.96150 -29.33900 -28.92560 -29.01620 -29.31260 -28.99180 -28.86510 -28.76080 -28.74080 -28.62830 -28.50990 -28.59440 -28.46350 -28.35270 -28.23930 -28.22410 -28.10310 -27.98440 -27.77880 -9999 -9999 -9999 -9999 -9999 -9999 -9999 -9999 -9999 -9999 -9999 -9999 -9999 -9999 -9999 -26.83410 -26.92020 -9999 -9999 -9999 -9999 -27.65450 -28.77410 -29.47310 -28.88900 -27.28820 -26.78920
-33.62050 -33.80440 -33.58870 -34.37620 -32.87020 -31.98390 -32.09690 -32.61010 -32.51080 -32.42710 -31.14230 -30.75440 -30.37700 -30.39930 -30.11520 -29.33300 -29.25420 -28.76620 -28.64960 -28.43480 -28.81120 -28.99530 -29.08960 -28.57230 -28.55530 -28.53880 -28.52810 -28.51230 -28.39370 -28.38160 -28.37450 -28.35700 -28.24330 -28.21570 -28.19870 -28.19110 -28.07520 -27.95940 -27.83810 -27.71840 -27.60310 -27.58560 -27.36180 -27.25270 -26.94540 -26.84270 -26.73100 -27.02440 -28.41510 -28.90820 -28.39080 -28.78080 -28.66660 -28.15940 -28.35310 -28.45280 -27.04530 -26.73850 -26.62700 -26.71160 -26.50220 -9999 -9999 -9999 -9999 -9999 -27.05140 -27.66370 -28.16910 -28.28310 -28.06210
-35.13890 -33.60360 -33.79990 -34.99640 -33.77910 -32.39230 -32.10320 -31.81780 -31.01820 -30.24020 -29.96070 -29.87630 -29.58710 -29.40300 -29.22370 -28.85000 -28.66710 -28.55180 -28.33310 -28.21160 -28.09800 -28.07860 -28.06260 -28.04850 -28.03590 -28.11650 -28.00410 -27.98900 -27.98710 -27.96540 -27.94380 -27.92970 -27.91400 -27.89810 -27.78210 -27.66740 -27.54950 -27.42790 -27.21370 -27.20110 -26.97280 -26.86140 -26.73510 -26.63160 -26.63060 -26.61810 -26.50660 -26.60810 -27.70610 -28.29030 -27.47860 -26.96350 -27.55130 -29.04170 -30.03130 -28.43440 -29.01750 -29.11050 -28.70050 -27.89760 -27.67990 -27.88790 -26.90140 -26.11020 -26.12140 -26.12340 -26.24540 -26.14450 -26.75390 -27.26200 -28.06910
-35.26110 -38.42960 -32.62250 -35.11460 -35.40090 -33.98740 -33.01180 -33.02250 -30.03730 -29.64590 -29.55840 -29.38230 -29.29080 -29.11190 -28.83460 -28.65240 -28.35300 -28.12910 -28.02470 -28.60140 -28.47260 -27.86240 -27.74350 -27.63330 -27.61460 -27.51700 -27.59020 -27.57910 -27.56570 -27.55160 -27.53790 -27.51220 -27.48840 -27.37710 -27.25000 -27.14500 -27.02680 -26.80960 -26.69670 -26.58010 -26.46250 -26.53990 -26.31750 -26.20740 -26.10340 -25.99920 -25.89870 -25.79340 -25.97710 -26.17790 -26.66460 -26.24800 -26.93610 -26.92140 -27.81730 -29.00890 -29.30430 -28.99030 -28.87700 -29.06990 -28.47200 -29.57320 -28.27180 -26.68850 -26.10450 -25.81760 -25.72400 -25.63660 -26.24380 -27.25040 -28.65660
-36.16250 -37.55000 -35.33750 -31.42500 -32.71560 -31.49700 -30.90360 -32.41760 -31.13320 -30.24050 -29.75370 -29.18300 -28.89890 -28.81570 -28.54580 -28.35620 -28.13930 -28.01080 -28.09650 -29.67850 -29.26300 -28.64340 -28.42080 -27.71540 -27.37680 -27.38110 -27.27330 -27.25520 -27.24260 -27.32430 -27.20800 -27.09030 -26.97540 -26.95110 -26.73550 -26.52460 -26.40000 -26.48800 -26.46490 -26.74830 -26.53430 -26.12160 -27.20160 -27.39110 -26.88570 -25.98370 -25.37910 -24.87260 -24.86990 -25.55550 -26.34880 -26.43460 -26.71530 -26.70440 -26.79430 -26.48910 -26.68150 -28.08050 -28.46020 -28.95820 -29.45870 -30.16360 -30.57210 -28.78170 -28.08380 -27.38800 -27.30380 -27.00120 -27.32190 -27.53430 -27.74460
-34.67470 -36.26520 -36.24820 -35.94210 -33.73350 -31.11600 -31.02040 -32.34190 -32.43940 -30.85120 -33.37000 -32.68630 -31.50580 -29.72380 -28.85220 -28.35080 -27.81630 -27.60020 -27.78330 -28.55420 -28.94120 -28.11920 -27.80820 -27.29200 -26.98020 -26.86250 -26.85020 -26.94460 -26.91890 -26.80300 -26.78430 -26.77490 -27.14990 -26.72570 -26.42140 -26.68750 -26.58000 -26.56090 -26.54140 -27.02480 -27.00700 -26.19830 -25.88250 -25.97690 -26.66890 -26.56420 -25.96060 -25.35270 -24.65110 -25.64740 -26.13490 -26.12580 -26.11090 -25.60160 -26.58550 -27.47150 -27.96510 -29.15310 -28.04490 -27.35100 -27.64720 -27.65100 -27.85680 -28.75750 -29.66540 -27.97850 -28.89320 -27.79700 -27.30480 -27.21860 -26.83450
-34.10050 -35.18360 -35.96780 -36.94940 -37.34770 -33.83170 -32.12420 -31.43260 -31.34400 -30.55420 -32.07830 -34.59810 -36.01040 -36.72120 -33.34320 -30.82490 -29.20170 -27.68320 -27.16090 -26.93940 -26.82390 -26.70210 -26.78890 -26.46810 -26.47190 -26.55090 -26.53790 -26.52340 -26.49820 -26.78830 -26.76720 -26.94900 -27.13110 -26.91040 -26.09000 -26.58600 -26.75640 -27.43590 -26.52390 -26.10660 -26.49810 -26.47520 -25.65530 -25.45290 -25.95150 -25.35440 -25.34370 -25.23920 -24.63270 -24.23070 -24.02250 -24.41740 -24.89530 -25.08590 -25.37910 -25.67590 -27.06430 -27.95370 -27.35980 -28.83480 -28.43560 -27.84750 -27.74610 -27.05470 -26.65580 -26.66380 -27.07890 -27.17650 -26.59480 -26.09990 -25.22100
-36.31410 -36.10820 -37.39420 -37.67960 -37.06480 -36.54760 -36.44280 -35.44270 -33.64640 -31.76620 -29.98960 -31.20490 -32.42690 -33.54180 -34.82150 -34.50930 -33.78380 -32.47240 -30.14740 -28.92850 -27.40580 -26.89420 -26.47410 -26.35420 -26.04090 -26.12780 -26.11060 -26.29440 -26.88480 -27.36260 -26.43830 -28.13340 -28.39990 -28.09010 -27.37020 -27.15650 -27.04150 -27.01650 -26.40430 -26.28510 -26.27300 -25.95820 -24.94980 -25.63790 -25.54200 -25.93230 -25.93600 -25.63930 -25.12840 -24.83250 -25.71920 -25.81640 -26.50960 -26.80760 -26.49210 -26.48810 -27.88690 -26.76830 -26.67650 -28.09810 -27.28400 -27.05860 -26.93910 -25.64360 -25.94110 -26.04460 -27.06150 -26.27580 -25.48340 -24.99050 -23.79960
-34.53500 -36.13380 -37.01570 -36.29780 -37.09110 -37.57570 -36.86220 -35.64770 -35.65600 -33.76700 -33.08360 -33.10570 -32.62590 -31.43290 -31.41190 -31.18600 -31.66050 -32.94760 -33.12140 -32.11160 -30.78350 -29.78100 -27.75330 -26.53310 -25.72430 -25.61000 -25.70070 -26.47250 -27.56350 -27.44830 -27.32230 -27.41350 -28.29710 -27.47990 -27.95370 -25.94440 -25.82960 -26.10480 -26.99830 -26.28830 -25.16530 -24.45910 -24.75720 -25.14010 -26.64230 -26.84370 -26.74280 -26.13760 -26.03880 -26.94760 -27.43180 -26.83590 -27.43550 -28.52890 -27.51580 -28.30700 -26.59620 -27.67550 -26.10310 -25.42540 -25.63540 -25.01500 -25.39300 -25.18460 -26.17190 -25.16050 -24.24950 -23.75970 -23.86390 -23.67250 -22.68180
-33.76560 -34.05990 -34.13390 -33.82510 -35.61930 -36.79170 -36.68310 -36.66300 -36.46380 -34.67550 -32.39300 -36.01450 -35.22960 -33.41240 -35.19510 -36.06770 -35.04870 -28.62930 -31.40900 -34.19520 -33.36730 -32.05660 -30.33380 -26.12070 -25.30890 -25.09010 -25.17410 -25.95900 -26.73530 -26.72180 -27.22370 -27.11170 -26.90780 -26.60130 -25.08480 -25.27510 -25.86520 -25.46230 -26.04840 -26.13370 -26.80520 -25.40460 -25.08180 -25.57690 -23.97100 -23.86010 -24.66010 -25.46350 -26.06170 -26.46270 -26.95740 -26.15950 -26.15670 -26.24360 -27.14050 -27.42370 -26.51200 -26.69970 -24.91070 -24.73700 -23.75870 -23.67740 -24.45920 -25.14180 -23.52960 -23.02360 -22.90960 -22.39670 -22.28000 -22.46380 -22.27670
-33.37710 -33.26780 -33.25140 -33.04040 -33.73690 -33.92260 -34.20430 -34.88460 -34.76090 -34.98200 -34.49330 -34.61470 -33.92110 -32.69290 -33.98080 -34.05180 -35.13610 -33.31960 -31.20560 -29.77950 -30.45650 -30.53800 -29.33180 -28.61940 -26.33210 -25.10680 -24.90510 -25.10860 -25.88690 -25.77660 -26.47160 -26.07180 -25.34880 -25.44280 -25.33630 -25.02680 -24.91640 -24.90890 -24.98390 -25.57850 -26.55930 -26.33420 -26.22030 -25.91010 -23.49990 -23.09990 -23.98250 -24.67390 -25.08250 -26.16840 -26.48150 -25.47820 -24.87660 -26.37860 -25.46610 -25.04920 -24.63240 -24.12440 -25.34780 -24.35930 -23.77540 -23.20460 -23.22010 -22.29940 -22.08780 -22.17830 -21.96860 -22.25320 -23.13060 -22.22370 -21.71160
-32.87730 -33.27090 -33.76470 -33.76090 -33.54600 -32.63870 -32.82300 -32.70880 -32.97680 -32.99520 -34.30440 -35.41760 -34.09460 -32.06410 -31.35060 -32.13150 -32.11590 -31.99310 -33.18210 -31.77360 -30.37140 -28.35590 -27.25760 -27.55450 -27.85950 -27.15910 -25.55150 -25.64120 -26.23370 -26.83030 -26.22840 -26.11520 -24.40900 -24.59440 -24.88350 -25.77840 -25.36110 -26.44080 -25.22960 -26.61690 -27.89870 -26.38180 -25.95830 -27.05060 -25.93530 -24.22240 -24.11800 -24.20490 -23.79520 -24.39300 -25.19250 -23.49170 -22.89650 -22.69110 -22.28110 -22.26860 -22.74830 -23.35020 -22.86980 -23.67940 -22.60470 -22.62720 -22.54240 -22.25840 -21.85490 -21.53460 -21.32610 -21.51620 -21.99610 -22.58600 -22.06900
-32.88820 -33.87260 -34.76480 -34.96240 -33.85990 -33.44490 -32.83560 -32.61730 -32.00950 -33.59690 -33.61260 -33.90680 -35.08050 -33.15100 -30.72530 -29.82500 -30.81770 -31.41180 -32.10680 -31.50180 -30.20100 -29.49820 -28.79000 -27.69550 -27.09560 -26.40720 -27.00270 -26.19290 -25.78920 -26.47750 -25.06940 -25.56300 -24.45900 -26.14010 -26.33290 -24.62250 -25.60250 -26.87390 -26.06480 -25.35000 -26.54220 -26.82610 -26.61100 -25.48880 -25.27500 -24.66690 -24.05780 -24.14420 -23.43210 -24.02280 -23.81050 -23.81190 -23.30450 -23.40050 -23.28740 -22.87100 -22.55760 -21.46240 -20.89150 -20.40700 -20.32940 -20.84340 -21.26130 -21.06760 -21.16080 -20.94220 -20.92810 -21.01960 -22.40110 -22.88640 -22.57360
-30.49520 -31.59090 -34.17210 -34.46230 -34.46310 -32.55830 -32.45380 -31.23500 -32.00890 -31.81330 -31.11150 -31.18500 -31.46750 -32.56160 -31.25610 -30.45680 -30.44510 -29.13770 -29.22870 -28.33780 -30.52810 -28.42740 -27.32720 -26.52330 -26.02660 -26.84520 -28.15410 -26.94490 -26.05050 -25.43290 -26.51890 -25.41810 -24.80110 -25.87970 -26.47670 -24.75320 -25.33440 -25.71660 -26.60070 -26.09140 -25.67140 -25.85750 -25.14430 -25.13260 -24.31000 -24.40260 -22.59500 -22.98680 -23.07420 -22.85810 -22.54590 -22.62960 -21.91260 -21.00720 -21.20230 -20.38480 -20.47430 -20.08700 -19.41330 -19.32880 -19.54980 -20.05530 -20.34100 -20.71060 -22.50030 -21.98940 -22.17760 -21.86300 -22.04530 -20.93580 -21.01630
-30.70770 -30.69630 -32.68080 -33.86820 -34.07550 -35.15590 -34.25220 -32.14560 -32.13760 -32.02440 -30.92650 -31.51200 -30.29680 -30.39250 -31.69430 -29.98240 -28.18370 -27.27670 -27.56480 -27.05930 -26.46890 -27.76230 -27.46480 -25.96250 -24.77050 -23.78260 -25.19580 -25.10040 -23.98170 -24.77930 -24.27750 -24.35420 -24.84920 -25.12350 -25.60590 -25.70250 -24.68020 -25.66860 -26.54820 -27.02480 -25.01600 -24.49330 -24.57850 -22.87140 -21.85360 -21.13910 -19.92070 -19.01610 -19.00790 -18.58910 -18.39110 -18.16610 -18.22590 -18.71450 -19.31470 -19.20720 -18.89670 -18.20740 -18.33380 -18.53490 -19.02600 -19.31610 -20.48480 -22.26390 -23.05060 -22.63590 -22.63350 -22.20970 -21.29960 -20.58000 -20.47800
-27.92150 -29.11320 -31.19890 -31.08120 -32.77630 -33.07830 -35.26950 -33.56960 -31.95720 -32.85370 -32.94660 -31.84650 -30.44890 -31.12350 -30.22080 -28.62280 -28.41190 -27.50480 -26.10710 -25.69930 -25.79760 -26.60490 -27.99560 -25.29550 -23.69820 -23.51550 -25.23280 -24.74710 -24.84180 -25.83730 -24.21560 -23.60100 -24.47990 -24.76540 -25.34640 -24.73630 -24.61540 -24.29560 -25.28690 -25.17170 -23.65650 -21.53680 -22.01820 -20.60480 -18.59580 -18.28010 -18.46340 -18.55130 -19.34820 -18.43920 -9999 -9999 -17.08700 -17.15460 -16.74340 -17.61040 -17.70910 -17.41970 -17.71480 -18.49140 -18.88830 -20.55580 -22.03390 -23.40490 -22.90080 -23.77920 -24.07210 -24.16610 -21.54660 -20.35810 -20.25220
-29.95090 -28.63600 -29.42930 -30.41020 -30.60640 -30.31000 -32.39680 -30.39980 -31.29640 -31.99100 -32.29100 -30.77780 -30.87970 -30.47990 -28.77010 -27.66750 -28.36270 -26.75650 -25.34940 -26.13410 -25.24440 -24.14520 -24.04100 -24.44460 -26.24750 -24.75930 -24.97710 -24.28800 -24.57830 -24.37580 -24.75260 -22.94370 -23.53140 -24.32980 -24.49690 -24.38390 -24.46260 -21.96050 -20.12870 -9999 -9999 -9999 -9999 -17.34490 -9999 -19.21670 -20.88940 -19.28650 -18.77450 -16.66690 -9999 -9999 -17.21060 -16.79580 -16.46750 -16.44910 -16.01480 -16.67970 -17.46770 -18.45760 -19.02590 -19.80410 -20.86840 -21.45150 -20.55880 -23.83120 -23.94730 -23.04590 -19.94830 -19.16070 -18.39230
