data/hydroclimate-scenarios/1948-2000.Pcorr55N_Pref_Tref/monthly_summaries/tavg_monthly_avg_jan.asc
ncols	311
nrows	91
xllcenter	102.75
yllcenter	31.75
cellsize	0.5
NODATA_value	-9999
[rows 0 to 30 of 91, columns 210 to 279 of 311]
-9999 -9999 -9999 -9999 -9999 -9999 -9999 -9999 -9999 -9999 -9999 -9999 -9999 -9999 -9999 -9999 -9999 -9999 -9999 -9999 -9999 -9999 -9999 -9999 -9999 -9999 -9999 -9999 -9999 -9999 -9999 -9999 -9999 -9999 -9999 -9999 -9999 -9999 -9999 -9999 -9999 -9999 -9999 -9999 -9999 -9999 -9999 -9999 -9999 -9999 -9999 -9999 -9999 -9999 -9999 -9999 -9999 -9999 -9999 -9999 -9999 -9999 -9999 -9999 -9999 -9999 -9999 -9999 -9999 -9999
-9999 -9999 -9999 -9999 -9999 -9999 -9999 -9999 -9999 -9999 -9999 -9999 -9999 -9999 -9999 -9999 -9999 -9999 -9999 -9999 -9999 -9999 -9999 -9999 -9999 -9999 -9999 -9999 -9999 -9999 -9999 -9999 -9999 -9999 -9999 -9999 -9999 -9999 -9999 -9999 -9999 -9999 -9999 -9999 -9999 -9999 -9999 -9999 -9999 -9999 -9999 -9999 -9999 -9999 -9999 -9999 -9999 -9999 -9999 -9999 -9999 -9999 -9999 -9999 -9999 -9999 -9999 -9999 -9999 -9999
-9999 -9999 -9999 -9999 -9999 -9999 -9999 -9999 -9999 -9999 -9999 -9999 -9999 -9999 -9999 -9999 -9999 -9999 -9999 -9999 -9999 -9999 -9999 -9999 -9999 -9999 -9999 -9999 -9999 -9999 -9999 -9999 -9999 -9999 -9999 -9999 -9999 -9999 -9999 -9999 -9999 -9999 -9999 -9999 -9999 -9999 -9999 -9999 -9999 -9999 -9999 -9999 -9999 -9999 -9999 -9999 -9999 -9999 -9999 -9999 -9999 -9999 -9999 -9999 -9999 -9999 -9999 -9999 -9999 -9999
-9999 -9999 -9999 -9999 -9999 -9999 -9999 -9999 -9999 -9999 -9999 -9999 -9999 -9999 -9999 -9999 -9999 -9999 -9999 -9999 -9999 -9999 -9999 -9999 -9999 -9999 -9999 -9999 -9999 -9999 -9999 -9999 -9999 -9999 -9999 -9999 -9999 -9999 -9999 -9999 -9999 -9999 -9999 -9999 -9999 -9999 -9999 -9999 -9999 -9999 -9999 -9999 -9999 -9999 -9999 -9999 -9999 -9999 -9999 -9999 -9999 -9999 -9999 -9999 -9999 -9999 -9999 -9999 -9999 -9999
-9999 -9999 -9999 -9999 -9999 -9999 -9999 -9999 -9999 -9999 -9999 -9999 -9999 -9999 -9999 -9999 -9999 -9999 -9999 -9999 -9999 -9999 -9999 -9999 -9999 -9999 -9999 -9999 -9999 -9999 -9999 -9999 -9999 -9999 -9999 -9999 -9999 -9999 -9999 -9999 -9999 -9999 -9999 -9999 -9999 -9999 -9999 -9999 -9999 -9999 -9999 -9999 -9999 -9999 -9999 -9999 -9999 -9999 -9999 -9999 -9999 -9999 -9999 -9999 -9999 -9999 -9999 -9999 -9999 -9999
-9999 -9999 -9999 -9999 -9999 -9999 -9999 -9999 -9999 -9999 -9999 -9999 -9999 -9999 -9999 -9999 -9999 -9999 -9999 -9999 -9999 -9999 -9999 -9999 -9999 -9999 -9999 -9999 -9999 -9999 -9999 -9999 -9999 -9999 -9999 -9999 -9999 -9999 -9999 -9999 -9999 -9999 -9999 -9999 -9999 -9999 -9999 -9999 -9999 -9999 -9999 -9999 -9999 -9999 -9999 -9999 -9999 -9999 -9999 -9999 -9999 -9999 -9999 -9999 -9999 -9999 -9999 -9999 -9999 -9999
-9999 -9999 -9999 -9999 -9999 -9999 -9999 -9999 -9999 -9999 -9999 -9999 -9999 -9999 -9999 -9999 -9999 -9999 -9999 -9999 -9999 -9999 -9999 -9999 -9999 -9999 -9999 -9999 -9999 -9999 -9999 -9999 -9999 -9999 -9999 -9999 -9999 -9999 -9999 -9999 -9999 -9999 -9999 -9999 -9999 -9999 -9999 -9999 -9999 -9999 -9999 -9999 -9999 -9999 -9999 -9999 -9999 -9999 -9999 -9999 -9999 -9999 -9999 -9999 -9999 -9999 -9999 -9999 -9999 -9999
-9999 -9999 -9999 -9999 -9999 -9999 -9999 -9999 -9999 -9999 -9999 -9999 -9999 -9999 -9999 -9999 -9999 -9999 -9999 -9999 -9999 -9999 -9999 -9999 -9999 -9999 -9999 -9999 -9999 -9999 -9999 -9999 -9999 -9999 -9999 -9999 -9999 -9999 -9999 -9999 -9999 -9999 -9999 -9999 -9999 -9999 -9999 -9999 -9999 -9999 -9999 -9999 -9999 -9999 -9999 -9999 -9999 -9999 -9999 -9999 -9999 -9999 -9999 -9999 -9999 -9999 -9999 -9999 -9999 -9999
-9999 -9999 -9999 -9999 -9999 -9999 -9999 -9999 -9999 -9999 -9999 -9999 -9999 -9999 -9999 -9999 -9999 -9999 -9999 -9999 -9999 -9999 -9999 -9999 -9999 -9999 -9999 -9999 -9999 -9999 -9999 -9999 -9999 -9999 -9999 -9999 -9999 -9999 -9999 -9999 -9999 -9999 -9999 -9999 -9999 -9999 -9999 -9999 -9999 -9999 -9999 -9999 -9999 -9999 -9999 -9999 -9999 -9999 -9999 -9999 -9999 -9999 -9999 -9999 -9999 -9999 -9999 -9999 -9999 -9999
-9999 -9999 -9999 -9999 -9999 -9999 -9999 -9999 -9999 -9999 -9999 -9999 -9999 -9999 -9999 -9999 -9999 -9999 -9999 -9999 -9999 -9999 -9999 -9999 -9999 -9999 -9999 -9999 -9999 -9999 -9999 -9999 -9999 -9999 -9999 -9999 -9999 -9999 -9999 -9999 -9999 -9999 -9999 -9999 -9999 -9999 -9999 -9999 -9999 -9999 -9999 -9999 -9999 -9999 -9999 -9999 -9999 -9999 -9999 -9999 -9999 -9999 -9999 -9999 -9999 -9999 -9999 -9999 -9999 -9999
-9999 -9999 -9999 -9999 -9999 -9999 -9999 -9999 -9999 -9999 -9999 -9999 -9999 -9999 -9999 -9999 -9999 -9999 -9999 -9999 -9999 -9999 -9999 -9999 -9999 -9999 -9999 -9999 -9999 -9999 -9999 -9999 -9999 -9999 -9999 -9999 -9999 -9999 -9999 -9999 -9999 -9999 -9999 -9999 -9999 -9999 -9999 -9999 -9999 -9999 -9999 -9999 -9999 -9999 -9999 -9999 -9999 -9999 -9999 -9999 -9999 -9999 -9999 -9999 -9999 -9999 -9999 -9999 -9999 -9999
-9999 -9999 -9999 -9999 -9999 -9999 -9999 -9999 -9999 -9999 -9999 -9999 -9999 -9999 -9999 -9999 -9999 -9999 -9999 -9999 -9999 -9999 -9999 -9999 -9999 -9999 -9999 -9999 -9999 -9999 -9999 -9999 -9999 -9999 -9999 -9999 -9999 -9999 -9999 -9999 -9999 -9999 -9999 -9999 -9999 -9999 -9999 -9999 -9999 -9999 -9999 -9999 -9999 -9999 -9999 -9999 -9999 -9999 -9999 -9999 -9999 -9999 -9999 -9999 -9999 -9999 -9999 -9999 -9999 -9999
-9999 -9999 -9999 -9999 -9999 -9999 -9999 -9999 -9999 -9999 -9999 -9999 -9999 -9999 -9999 -9999 -9999 -9999 -9999 -9999 -9999 -9999 -9999 -9999 -9999 -9999 -9999 -9999 -9999 -9999 -9999 -9999 -9999 -9999 -9999 -9999 -9999 -9999 -9999 -9999 -9999 -9999 -9999 -9999 -9999 -9999 -9999 -9999 -9999 -9999 -9999 -9999 -9999 -9999 -9999 -9999 -9999 -9999 -9999 -9999 -9999 -9999 -9999 -9999 -9999 -9999 -9999 -9999 -9999 -9999
-28.73270 -28.45080 -28.38660 -28.35620 -28.22360 -28.28760 -28.34630 -28.28590 -28.28050 -9999 -9999 -9999 -9999 -9999 -9999 -9999 -9999 -9999 -9999 -9999 -9999 -9999 -9999 -9999 -9999 -9999 -9999 -9999 -9999 -9999 -9999 -9999 -9999 -9999 -9999 -9999 -9999 -9999 -9999 -9999 -9999 -9999 -9999 -9999 -9999 -9999 -9999 -9999 -9999 -9999 -28.39000 -9999 -9999 -9999 -9999 -9999 -9999 -9999 -9999 -9999 -9999 -9999 -9999 -9999 -9999 -9999 -9999 -9999 -9999 -9999
-29.89240 -29.87730 -29.93600 -29.39750 -28.85870 -28.59510 -28.36030 -28.21490 -27.99650 -27.88840 -27.68300 -27.34840 -26.96760 -26.04070 -25.63220 -25.44580 -25.84590 -26.11430 -26.09430 -25.91020 -25.78390 -23.67850 -9999 -9999 -9999 -9999 -9999 -9999 -9999 -9999 -9999 -9999 -9999 -9999 -9999 -9999 -9999 -9999 -9999 -9999 -9999 -9999 -9999 -9999 -9999 -29.03520 -28.47040 -28.76050 -29.34330 -29.65170 -29.24630 -28.41290 -9999 -9999 -9999 -28.00800 -9999 -9999 -9999 -27.61880 -27.50030 -27.17150 -9999 -9999 -9999 -9999 -9999 -9999 -9999 -9999
-29.12690 -29.30630 -29.23600 -28.94030 -28.64810 -27.64540 -27.19650 -27.07950 -26.85110 -26.05030 -25.38670 -25.10210 -25.26330 -25.05290 -25.29370 -25.30590 -25.67650 -26.06120 -25.35780 -25.06400 -25.06730 -26.15630 -26.52880 -26.35700 -26.45490 -26.06720 -25.91550 -26.27100 -9999 -9999 -9999 -9999 -9999 -27.77570 -28.00160 -27.93760 -27.66910 -27.69880 -27.35800 -27.43110 -27.59420 -27.75720 -28.01750 -27.89500 -28.03150 -29.62800 -29.43100 -29.71510 -29.50810 -29.91060 -29.97920 -28.45550 -28.42950 -28.39830 -28.37340 -28.13710 -28.00520 -27.95230 -28.04170 -27.83180 -28.00880 -28.27970 -27.85810 -27.43750 -27.31400 -27.80330 -27.97690 -9999 -9999 -9999
-27.41440 -27.21340 -26.49550 -25.71470 -24.86640 -24.21960 -23.92670 -24.61990 -24.31370 -24.06250 -24.79130 -24.80100 -24.95060 -25.35080 -25.65940 -25.86250 -25.91900 -25.50830 -25.02690 -24.82590 -24.56180 -25.96350 -25.94160 -26.43310 -26.72280 -26.35680 -27.00310 -27.33890 -27.59770 -27.45490 -27.70870 -27.74860 -27.96430 -27.88580 -28.11160 -28.24680 -28.29080 -28.31970 -27.95480 -27.91870 -28.18350 -28.26360 -28.39850 -28.28680 -28.38820 -28.38940 -28.47710 -28.54060 -28.50030 -28.73220 -28.70880 -28.68210 -28.75590 -28.72370 -28.60220 -28.36340 -28.31480 -28.17630 -28.15620 -27.93130 -27.71980 -27.50400 -27.38060 -27.34900 -27.52850 -28.00610 -28.67150 -28.74160 -28.82170 -28.91070
-25.07770 -24.92800 -24.88960 -25.02020 -24.86070 -24.60850 -24.60070 -24.64980 -25.27800 -24.98340 -25.56770 -25.41790 -26.27970 -27.23650 -27.50530 -25.21740 -23.92040 -23.58480 -23.87640 -23.62000 -24.19940 -24.97900 -25.31590 -25.81690 -25.98850 -25.57020 -26.15940 -27.22030 -27.88150 -28.53850 -28.89510 -29.24280 -29.34100 -28.96910 -28.47810 -28.58270 -28.60090 -28.62800 -28.56610 -28.41950 -28.34960 -28.34490 -28.41350 -28.57570 -28.72850 -28.79510 -28.75840 -28.72060 -28.88640 -28.93880 -28.84060 -28.81780 -28.78380 -28.75890 -28.52700 -28.39150 -28.34910 -28.37400 -28.16080 -28.04070 -27.83000 -27.70090 -27.57730 -27.66110 -27.74970 -28.41830 -28.69540 -28.65890 -28.73060 -29.09350
-26.79340 -27.10510 -27.17930 -26.54960 -25.59300 -25.43480 -25.22500 -25.24470 -25.39750 -25.66820 -25.47410 -25.55620 -26.90300 -26.29400 -24.81170 -22.67490 -23.24210 -22.53350 -22.85630 -24.23430 -24.93880 -25.20590 -25.61970 -25.50650 -25.75880 -25.65620 -25.91720 -27.11380 -27.87130 -28.42820 -29.57690 -29.93710 -30.16720 -29.66610 -29.08320 -29.19170 -29.00630 -28.82130 -28.54440 -28.73110 -28.67670 -28.53400 -28.69340 -28.85040 -29.01620 -28.98100 -29.15740 -29.22260 -29.17090 -29.14690 -29.08070 -28.85320 -28.73300 -28.70830 -28.75840 -28.52300 -28.45800 -28.39310 -28.26900 -28.04440 -28.01100 -27.91250 -27.78050 -27.77380 -27.95170 -28.42280 -28.58820 -28.65920 -29.00600 -29.11090
-27.26590 -26.96890 -27.06370 -27.40270 -27.36370 -26.21040 -25.77920 -24.90490 -24.67350 -25.05820 -25.07850 -25.91050 -26.64350 -26.73630 -26.89440 -26.93330 -28.15850 -27.70850 -27.00570 -26.60810 -26.04420 -24.10820 -24.59500 -25.30140 -25.46910 -26.16600 -26.87480 -27.88140 -28.04400 -28.10500 -28.44870 -29.01980 -30.15720 -29.66630 -29.58260 -29.49670 -29.21160 -29.03090 -28.65560 -28.77750 -28.71120 -28.76070 -28.79740 -28.84950 -29.12250 -29.38060 -29.56490 -29.42680 -29.47720 -29.23610 -29.10420 -29.00010 -28.76580 -28.64750 -28.61320 -28.45920 -28.48960 -28.51720 -28.37110 -28.14770 -28.01840 -28.02190 -28.09740 -28.07720 -28.24870 -28.42610 -28.59410 -28.77490 -29.02370 -29.12300
-27.15840 -25.45900 -25.11900 -25.80240 -26.23940 -25.45700 -23.63620 -22.58760 -22.84830 -24.89500 -26.80110 -28.37890 -28.69840 -28.96180 -29.11920 -29.51330 -31.23910 -31.68640 -30.19960 -27.03650 -25.96760 -23.74920 -24.36800 -25.26020 -26.35990 -26.76550 -27.52050 -28.20510 -28.15940 -28.21620 -28.47090 -29.02530 -29.79260 -30.19820 -29.50390 -29.32420 -29.05180 -28.96220 -28.80660 -28.64480 -28.68170 -28.71870 -28.86620 -28.91370 -29.05650 -29.22380 -29.78030 -29.84800 -29.70430 -29.46510 -29.13220 -28.86060 -28.73770 -28.79890 -28.66710 -28.50580 -28.52890 -28.56680 -28.32720 -28.30300 -28.28030 -28.13760 -28.03820 -28.21410 -28.19350 -28.26060 -28.44450 -28.71340 -28.87610 -29.05960
-25.21250 -24.46220 -24.83910 -26.12320 -26.50130 -26.53840 -26.24730 -25.84020 -26.20790 -27.15540 -27.68950 -27.90640 -27.03640 -26.35540 -26.17270 -26.51060 -27.96360 -27.54750 -25.74800 -23.59840 -23.76030 -22.87690 -23.67950 -25.15710 -26.67610 -27.72940 -27.88680 -28.13050 -28.15270 -28.30550 -28.57020 -29.22160 -29.58190 -30.20440 -29.81670 -29.53690 -28.96350 -28.68470 -28.74520 -28.70250 -28.52420 -28.67250 -28.51270 -28.86500 -29.01420 -29.26950 -29.40460 -29.85120 -29.61190 -29.17810 -28.92580 -28.58750 -28.58070 -28.64130 -28.49870 -28.33980 -28.35690 -28.38900 -28.23540 -28.31470 -28.30160 -28.18250 -28.15550 -27.93930 -28.12690 -28.18750 -28.45790 -28.81870 -28.70380 -29.08310
-23.76300 -24.02360 -24.58610 -25.25940 -26.81870 -27.22710 -27.45500 -25.39080 -22.44180 -20.97140 -20.53520 -20.92700 -20.83450 -20.38170 -20.89010 -23.43640 -26.85720 -24.12610 -22.35130 -20.38030 -20.97460 -22.55970 -23.32660 -24.92030 -26.73260 -27.65550 -27.95180 -28.58190 -28.38610 -28.90150 -29.26320 -29.21350 -29.27140 -29.32450 -29.24320 -29.16580 -29.28660 -29.22920 -28.99520 -29.24270 -29.28770 -29.01880 -28.98230 -29.02510 -28.97990 -28.81500 -28.96530 -29.18680 -29.13010 -28.77600 -28.73080 -28.48440 -28.43130 -28.39330 -28.44510 -28.27590 -28.49410 -28.43570 -28.56900 -28.64480 -28.62740 -28.30830 -28.17720 -28.25000 -28.22220 -28.58980 -28.65620 -28.83820 -28.91640 -29.49500
-23.28960 -23.05860 -23.89420 -22.90450 -21.84770 -21.49120 -22.88470 -21.77600 -19.87310 -18.84980 -18.41410 -19.24270 -19.85250 -19.25530 -19.06860 -19.04850 -20.60550 -20.23600 -19.94400 -20.54080 -20.95500 -22.40950 -23.56430 -24.98960 -26.71430 -27.29330 -27.62290 -28.41840 -29.03010 -29.33740 -29.65700 -29.81430 -29.78200 -29.73940 -29.26690 -29.36980 -29.60940 -29.94330 -30.01640 -30.17140 -29.94260 -29.79990 -29.54670 -29.70560 -29.73040 -29.37370 -29.20870 -29.14600 -29.09440 -28.22950 -27.96230 -27.71080 -27.85770 -27.83670 -27.96480 -28.19630 -28.32990 -28.36300 -28.68370 -28.66280 -28.22230 -28.20800 -28.67890 -28.75290 -28.62920 -28.79600 -28.97150 -29.05130 -29.14230 -29.53860
-21.30810 -22.31480 -22.72730 -23.30920 -23.46890 -22.63790 -22.19890 -21.38060 -21.05260 -21.89090 -22.34820 -20.53070 -21.01720 -19.37290 -18.51650 -17.75720 -17.53600 -17.38990 -18.60910 -20.07180 -20.24560 -23.06200 -23.59240 -24.47730 -26.57180 -27.37550 -28.16770 -28.75070 -29.27000 -29.98220 -29.99860 -30.22850 -30.28090 -30.34230 -30.28180 -30.10990 -30.03790 -30.41410 -30.28820 -30.33200 -30.39990 -30.14070 -29.91500 -29.85970 -29.89080 -29.53760 -29.57670 -29.41010 -29.25040 -28.88750 -28.62720 -27.86500 -27.40530 -27.55910 -27.67460 -27.81640 -28.33110 -28.46620 -28.58550 -28.64730 -28.61010 -28.39930 -28.37280 -28.54760 -28.82420 -29.11350 -29.10370 -28.79360 -28.78980 -28.96780
-20.33070 -19.92860 -20.84900 -21.41400 -20.79010 -20.08120 -19.88290 -19.43200 -19.13910 -18.76750 -18.29750 -18.90650 -20.70830 -20.93390 -20.42240 -19.26290 -18.45350 -18.04430 -19.02430 -21.58530 -23.94000 -23.53850 -24.18060 -25.02160 -25.28200 -26.47080 -26.95080 -28.18760 -28.90530 -29.53200 -29.85140 -29.87330 -29.69410 -29.45330 -29.28940 -29.32160 -29.07050 -29.54420 -29.50020 -29.48560 -29.56320 -29.31190 -29.25630 -29.30710 -29.24920 -28.88910 -28.81910 -28.46300 -28.39870 -28.23990 -27.97990 -27.62870 -27.37480 -27.38020 -27.38900 -27.51670 -28.24380 -28.65610 -28.77360 -28.73940 -28.62680 -28.39510 -28.37190 -28.55660 -28.55510 -28.65970 -28.65700 -28.64420 -28.92990 -28.99960
-20.74000 -20.61230 -19.84920 -18.20040 -16.66410 -16.57400 -17.02380 -16.83930 -17.71260 -18.54640 -19.26920 -19.44410 -19.51950 -19.82270 -20.37740 -23.15470 -23.77750 -21.45030 -19.23200 -20.99710 -23.04310 -23.40620 -24.41430 -24.89000 -25.12380 -25.66820 -26.23640 -27.23890 -27.74210 -28.17450 -28.89320 -28.71490 -28.23280 -27.95310 -27.91750 -27.83970 -28.00430 -27.67920 -27.77500 -28.42500 -28.42770 -28.47520 -28.51570 -28.24550 -28.09040 -28.14200 -27.96800 -27.81810 -27.46960 -27.30430 -27.56130 -27.41210 -27.09910 -27.21190 -27.21550 -27.52040 -27.63870 -28.25850 -28.58580 -28.72890 -28.52460 -28.50220 -28.48910 -28.19830 -28.39780 -28.40280 -28.41050 -28.48850 -28.45920 -28.64150
-18.51110 -17.22450 -17.71300 -18.12390 -17.02270 -17.42820 -18.78630 -17.26720 -17.95910 -18.44760 -18.96930 -19.01090 -18.65110 -18.77900 -19.54270 -20.52460 -21.96970 -22.29220 -24.36450 -24.83030 -23.90530 -22.98950 -23.63170 -24.35560 -24.33540 -25.07190 -25.51930 -26.80970 -27.62390 -28.26580 -28.51420 -28.24750 -27.67290 -27.49800 -27.41340 -27.17580 -27.04980 -27.43800 -27.54120 -27.47560 -27.48680 -27.62960 -27.66530 -27.39130 -27.34160 -27.29360 -26.83500 -26.68380 -26.53450 -26.88390 -26.94090 -26.60330 -26.61790 -26.83210 -27.03840 -27.34640 -27.45010 -27.75180 -28.38300 -28.34360 -28.34310 -28.14740 -28.04850 -28.15300 -28.15450 -27.95840 -27.84670 -27.91730 -27.92560 -28.22260
-17.43850 -17.83520 -18.72020 -16.95880 -13.90200 -15.97330 -18.45470 -17.66780 -18.41900 -19.46820 -20.29620 -19.91320 -20.13020 -20.72200 -20.76020 -20.66640 -19.78390 -19.53850 -19.59250 -20.94940 -24.27370 -21.18730 -21.77190 -22.40220 -23.59020 -24.55680 -25.27540 -26.68510 -27.60130 -27.92100 -27.94330 -27.65700 -26.87920 -26.00790 -25.83230 -25.86510 -26.39460 -26.80630 -26.59010 -26.64470 -26.83860 -26.87270 -26.52300 -26.75730 -26.50740 -26.55680 -26.09910 -25.84640 -25.60240 -25.96280 -26.41510 -26.33850 -26.55120 -26.65530 -26.76460 -26.67590 -26.87100 -27.28440 -27.20150 -27.58850 -27.79590 -27.50450 -27.70290 -27.50460 -27.39930 -27.40410 -27.28040 -27.38500 -27.58210 -27.68700
-14.41470 -12.89210 -13.12240 -12.29880 -12.60120 -15.50030 -16.92840 -18.37430 -18.25740 -19.45790 -21.18730 -21.88230 -21.25460 -20.99850 -21.22760 -19.14420 -20.38650 -21.19020 -20.49450 -21.06330 -20.34420 -21.78980 -21.96830 -21.36030 -21.92240 -22.57810 -24.29710 -25.43110 -26.32700 -26.82390 -27.21690 -26.63110 -25.67520 -25.08930 -25.08780 -24.93090 -25.51690 -25.70560 -25.95280 -25.57680 -25.80420 -25.64700 -25.48970 -25.54240 -25.47540 -25.43260 -25.57410 -24.92830 -24.88720 -24.95210 -25.21450 -25.76320 -25.88030 -25.96640 -25.89240 -25.99470 -26.19950 -26.44750 -26.28790 -26.74910 -26.84720 -26.95810 -27.16570 -27.16760 -27.46550 -27.44550 -27.34880 -27.24960 -27.05380 -26.94510
-14.61010 -11.12100 -12.69730 -13.45960 -14.93550 -12.25460 -11.55440 -13.82140 -15.62580 -16.61160 -18.85770 -19.43970 -18.74400 -19.15590 -20.28630 -19.24890 -18.62580 -20.35650 -21.50360 -21.12050 -20.49180 -21.87540 -21.48640 -21.48470 -21.70730 -22.25380 -23.53690 -24.77420 -25.39640 -25.45310 -25.18000 -25.16790 -24.57530 -23.98980 -23.51880 -23.20260 -23.78680 -24.10290 -24.33320 -24.54670 -24.48300 -24.13890 -23.77320 -24.03300 -23.92910 -23.69750 -23.73810 -23.28540 -22.82010 -23.29090 -23.55770 -23.59590 -23.33040 -23.56660 -23.85390 -24.32770 -24.53010 -25.00670 -24.93600 -25.24360 -25.79020 -25.73910 -25.99060 -25.83500 -25.67780 -25.91310 -25.76550 -25.71690 -25.81000 -26.11870
