data/hydroclimate-scenarios/1948-2000.Pcorr55N_Pref_Tref/monthly_summaries/tavg_monthly_avg_aug.1950-2000.asc
ncols	311
nrows	91
xllcenter	102.75
yllcenter	31.75
cellsize	0.5
NODATA_value	-9999
[rows 0 to 31 of 91, columns 216 to 287 of 311]
-9999 -9999 -9999 -9999 -9999 -9999 -9999 -9999 -9999 -9999 -9999 -9999 -9999 -9999 -9999 -9999 -9999 -9999 -9999 -9999 -9999 -9999 -9999 -9999 -9999 -9999 -9999 -9999 -9999 -9999 -9999 -9999 -9999 -9999 -9999 -9999 -9999 -9999 -9999 -9999 -9999 -9999 -9999 -9999 -9999 -9999 -9999 -9999 -9999 -9999 -9999 -9999 -9999 -9999 -9999 -9999 -9999 -9999 -9999 -9999 -9999 -9999 -9999 -9999 -9999 -9999 -9999 -9999 -9999 -9999 -9999 -9999
-9999 -9999 -9999 -9999 -9999 -9999 -9999 -9999 -9999 -9999 -9999 -9999 -9999 -9999 -9999 -9999 -9999 -9999 -9999 -9999 -9999 -9999 -9999 -9999 -9999 -9999 -9999 -9999 -9999 -9999 -9999 -9999 -9999 -9999 -9999 -9999 -9999 -9999 -9999 -9999 -9999 -9999 -9999 -9999 -9999 -9999 -9999 -9999 -9999 -9999 -9999 -9999 -9999 -9999 -9999 -9999 -9999 -9999 -9999 -9999 -9999 -9999 -9999 -9999 -9999 -9999 -9999 -9999 -9999 -9999 -9999 -9999
-9999 -9999 -9999 -9999 -9999 -9999 -9999 -9999 -9999 -9999 -9999 -9999 -9999 -9999 -9999 -9999 -9999 -9999 -9999 -9999 -9999 -9999 -9999 -9999 -9999 -9999 -9999 -9999 -9999 -9999 -9999 -9999 -9999 -9999 -9999 -9999 -9999 -9999 -9999 -9999 -9999 -9999 -9999 -9999 -9999 -9999 -9999 -9999 -9999 -9999 -9999 -9999 -9999 -9999 -9999 -9999 -9999 -9999 -9999 -9999 -9999 -9999 -9999 -9999 -9999 -9999 -9999 -9999 -9999 -9999 -9999 -9999
-9999 -9999 -9999 -9999 -9999 -9999 -9999 -9999 -9999 -9999 -9999 -9999 -9999 -9999 -9999 -9999 -9999 -9999 -9999 -9999 -9999 -9999 -9999 -9999 -9999 -9999 -9999 -9999 -9999 -9999 -9999 -9999 -9999 -9999 -9999 -9999 -9999 -9999 -9999 -9999 -9999 -9999 -9999 -9999 -9999 -9999 -9999 -9999 -9999 -9999 -9999 -9999 -9999 -9999 -9999 -9999 -9999 -9999 -9999 -9999 -9999 -9999 -9999 -9999 -9999 -9999 -9999 -9999 -9999 -9999 -9999 -9999
-9999 -9999 -9999 -9999 -9999 -9999 -9999 -9999 -9999 -9999 -9999 -9999 -9999 -9999 -9999 -9999 -9999 -9999 -9999 -9999 -9999 -9999 -9999 -9999 -9999 -9999 -9999 -9999 -9999 -9999 -9999 -9999 -9999 -9999 -9999 -9999 -9999 -9999 -9999 -9999 -9999 -9999 -9999 -9999 -9999 -9999 -9999 -9999 -9999 -9999 -9999 -9999 -9999 -9999 -9999 -9999 -9999 -9999 -9999 -9999 -9999 -9999 -9999 -9999 -9999 -9999 -9999 -9999 -9999 -9999 -9999 -9999
-9999 -9999 -9999 -9999 -9999 -9999 -9999 -9999 -9999 -9999 -9999 -9999 -9999 -9999 -9999 -9999 -9999 -9999 -9999 -9999 -9999 -9999 -9999 -9999 -9999 -9999 -9999 -9999 -9999 -9999 -9999 -9999 -9999 -9999 -9999 -9999 -9999 -9999 -9999 -9999 -9999 -9999 -9999 -9999 -9999 -9999 -9999 -9999 -9999 -9999 -9999 -9999 -9999 -9999 -9999 -9999 -9999 -9999 -9999 -9999 -9999 -9999 -9999 -9999 -9999 -9999 -9999 -9999 -9999 -9999 -9999 -9999
-9999 -9999 -9999 -9999 -9999 -9999 -9999 -9999 -9999 -9999 -9999 -9999 -9999 -9999 -9999 -9999 -9999 -9999 -9999 -9999 -9999 -9999 -9999 -9999 -9999 -9999 -9999 -9999 -9999 -9999 -9999 -9999 -9999 -9999 -9999 -9999 -9999 -9999 -9999 -9999 -9999 -9999 -9999 -9999 -9999 -9999 -9999 -9999 -9999 -9999 -9999 -9999 -9999 -9999 -9999 -9999 -9999 -9999 -9999 -9999 -9999 -9999 -9999 -9999 -9999 -9999 -9999 -9999 -9999 -9999 -9999 -9999
-9999 -9999 -9999 -9999 -9999 -9999 -9999 -9999 -9999 -9999 -9999 -9999 -9999 -9999 -9999 -9999 -9999 -9999 -9999 -9999 -9999 -9999 -9999 -9999 -9999 -9999 -9999 -9999 -9999 -9999 -9999 -9999 -9999 -9999 -9999 -9999 -9999 -9999 -9999 -9999 -9999 -9999 -9999 -9999 -9999 -9999 -9999 -9999 -9999 -9999 -9999 -9999 -9999 -9999 -9999 -9999 -9999 -9999 -9999 -9999 -9999 -9999 -9999 -9999 -9999 -9999 -9999 -9999 -9999 -9999 -9999 -9999
-9999 -9999 -9999 -9999 -9999 -9999 -9999 -9999 -9999 -9999 -9999 -9999 -9999 -9999 -9999 -9999 -9999 -9999 -9999 -9999 -9999 -9999 -9999 -9999 -9999 -9999 -9999 -9999 -9999 -9999 -9999 -9999 -9999 -9999 -9999 -9999 -9999 -9999 -9999 -9999 -9999 -9999 -9999 -9999 -9999 -9999 -9999 -9999 -9999 -9999 -9999 -9999 -9999 -9999 -9999 -9999 -9999 -9999 -9999 -9999 -9999 -9999 -9999 -9999 -9999 -9999 -9999 -9999 -9999 -9999 -9999 -9999
-9999 -9999 -9999 -9999 -9999 -9999 -9999 -9999 -9999 -9999 -9999 -9999 -9999 -9999 -9999 -9999 -9999 -9999 -9999 -9999 -9999 -9999 -9999 -9999 -9999 -9999 -9999 -9999 -9999 -9999 -9999 -9999 -9999 -9999 -9999 -9999 -9999 -9999 -9999 -9999 -9999 -9999 -9999 -9999 -9999 -9999 -9999 -9999 -9999 -9999 -9999 -9999 -9999 -9999 -9999 -9999 -9999 -9999 -9999 -9999 -9999 -9999 -9999 -9999 -9999 -9999 -9999 -9999 -9999 -9999 -9999 -9999
-9999 -9999 -9999 -9999 -9999 -9999 -9999 -9999 -9999 -9999 -9999 -9999 -9999 -9999 -9999 -9999 -9999 -9999 -9999 -9999 -9999 -9999 -9999 -9999 -9999 -9999 -9999 -9999 -9999 -9999 -9999 -9999 -9999 -9999 -9999 -9999 -9999 -9999 -9999 -9999 -9999 -9999 -9999 -9999 -9999 -9999 -9999 -9999 -9999 -9999 -9999 -9999 -9999 -9999 -9999 -9999 -9999 -9999 -9999 -9999 -9999 -9999 -9999 -9999 -9999 -9999 -9999 -9999 -9999 -9999 -9999 -9999
-9999 -9999 -9999 -9999 -9999 -9999 -9999 -9999 -9999 -9999 -9999 -9999 -9999 -9999 -9999 -9999 -9999 -9999 -9999 -9999 -9999 -9999 -9999 -9999 -9999 -9999 -9999 -9999 -9999 -9999 -9999 -9999 -9999 -9999 -9999 -9999 -9999 -9999 -9999 -9999 -9999 -9999 -9999 -9999 -9999 -9999 -9999 -9999 -9999 -9999 -9999 -9999 -9999 -9999 -9999 -9999 -9999 -9999 -9999 -9999 -9999 -9999 -9999 -9999 -9999 -9999 -9999 -9999 -9999 -9999 -9999 -9999
-9999 -9999 -9999 -9999 -9999 -9999 -9999 -9999 -9999 -9999 -9999 -9999 -9999 -9999 -9999 -9999 -9999 -9999 -9999 -9999 -9999 -9999 -9999 -9999 -9999 -9999 -9999 -9999 -9999 -9999 -9999 -9999 -9999 -9999 -9999 -9999 -9999 -9999 -9999 -9999 -9999 -9999 -9999 -9999 -9999 -9999 -9999 -9999 -9999 -9999 -9999 -9999 -9999 -9999 -9999 -9999 -9999 -9999 -9999 -9999 -9999 -9999 -9999 -9999 -9999 -9999 -9999 -9999 -9999 -9999 -9999 -9999
7.03168 7.25090 7.35914 -9999 -9999 -9999 -9999 -9999 -9999 -9999 -9999 -9999 -9999 -9999 -9999 -9999 -9999 -9999 -9999 -9999 -9999 -9999 -9999 -9999 -9999 -9999 -9999 -9999 -9999 -9999 -9999 -9999 -9999 -9999 -9999 -9999 -9999 -9999 -9999 -9999 -9999 -9999 -9999 -9999 6.54715 -9999 -9999 -9999 -9999 -9999 -9999 -9999 -9999 -9999 -9999 -9999 -9999 -9999 -9999 -9999 -9999 -9999 -9999 -9999 -9999 -9999 -9999 -9999 -9999 -9999 -9999 -9999
8.61640 8.55438 8.43520 8.41410 8.36174 8.32533 8.10871 7.20424 6.35930 6.07583 5.87166 5.81506 5.68650 5.51257 5.64725 9.00097 -9999 -9999 -9999 -9999 -9999 -9999 -9999 -9999 -9999 -9999 -9999 -9999 -9999 -9999 -9999 -9999 -9999 -9999 -9999 -9999 -9999 -9999 -9999 5.68072 6.36957 5.66391 4.36254 3.84454 4.44320 6.84775 -9999 -9999 -9999 6.15187 -9999 -9999 -9999 6.13539 5.93795 5.82650 -9999 -9999 -9999 -9999 -9999 -9999 -9999 -9999 -9999 -9999 -9999 -9999 -9999 -9999 -9999 -9999
10.10530 10.20950 10.16830 9.78453 8.85948 8.07130 7.59807 7.27022 5.35129 5.69420 4.69954 4.10598 5.31909 5.30203 5.10591 5.24167 4.87347 4.94341 4.52194 5.44411 6.47965 7.20863 -9999 -9999 -9999 -9999 -9999 8.80835 8.83291 8.94481 9.25987 9.27503 9.39014 9.39272 9.30722 9.30485 9.09328 8.98249 8.77839 5.17371 5.18024 4.47261 4.65326 3.64964 3.85509 6.94547 6.71077 6.74499 6.61998 6.54472 6.54042 6.54790 6.33420 5.82864 5.12638 4.01264 4.30503 5.10711 5.71245 5.80479 6.40257 -9999 -9999 -9999 -9999 -9999 -9999 -9999 -9999 -9999 -9999 -9999
9.31605 9.49681 9.17819 7.80656 6.14495 5.62170 5.68736 5.25918 5.07314 5.14291 4.27397 5.45707 5.56366 6.68426 7.29465 6.06781 6.45570 5.75644 5.01372 6.10996 5.39558 5.86909 6.27284 7.26459 7.87517 8.47943 8.80518 9.20365 9.42236 9.24247 9.45962 9.58272 9.59454 9.60256 9.39724 9.18885 9.08501 9.07799 8.97349 8.66357 8.36246 8.25573 8.25446 7.54656 7.34891 7.42987 7.12490 6.92046 6.72896 6.72846 6.63448 6.63209 6.62048 6.62261 6.61937 6.70759 6.60517 6.60181 6.48820 5.99774 5.29025 5.58716 5.88907 6.50494 6.60697 6.60751 6.71010 6.79957 6.87952 -9999 -9999 -9999
5.72620 5.69367 4.75795 5.84073 6.22954 6.48789 7.41038 8.24989 8.46772 7.32356 7.47655 8.32499 8.77945 8.58317 9.34656 9.22773 8.67425 7.79567 7.17771 7.86930 7.76347 6.65204 6.45592 6.16417 6.26488 6.55791 6.97778 8.19369 9.70957 10.03850 10.16180 10.38110 10.29320 10.19710 9.88961 9.88088 9.76991 9.56510 9.46097 9.45899 9.55435 9.34819 9.24030 8.33551 8.13079 8.22225 8.02165 7.71863 7.61701 7.42161 7.32181 7.42371 7.32258 7.31907 7.31598 7.30445 7.30229 7.28897 7.18809 6.19682 5.99657 6.69345 6.68978 6.87975 6.87896 6.78303 6.88865 7.08336 7.47709 -9999 7.46528 -9999
6.97124 6.44979 7.43550 8.30315 8.08263 8.82475 9.78720 9.20880 8.93327 8.96861 9.63846 9.33095 9.57039 10.25690 10.70350 9.79699 8.83794 8.78757 8.12008 8.62160 8.63175 7.93875 7.25023 7.14631 5.85225 5.74911 5.76602 7.98326 10.11500 10.53660 10.85820 10.86610 10.78090 10.59200 10.38200 10.57660 10.16950 10.25400 9.85230 10.13680 10.03790 9.93545 9.83308 9.22915 9.12281 9.02422 8.80895 8.70679 8.40489 8.00859 8.00800 8.01017 7.91261 7.90405 7.90148 7.89422 7.88112 7.88567 7.79384 6.90090 7.09796 7.28740 7.29163 7.37930 7.47655 7.36973 7.56574 7.89077 8.18224 8.18476 -9999 -9999
9.00401 8.76527 9.08319 9.96785 10.09650 10.94720 11.25020 11.39930 11.52290 11.25480 11.41660 11.10930 10.96460 11.29220 11.31000 11.70950 10.79980 9.56037 8.90918 8.09848 8.03129 7.33559 7.63273 8.73586 8.94345 8.54867 6.67205 8.88537 10.10090 11.21730 11.44420 11.45840 11.37370 11.18160 11.38250 11.07280 10.76590 10.75870 10.84800 10.33100 10.43100 10.62360 10.62130 10.11730 9.80943 9.70825 9.60009 9.39082 8.99645 8.89679 8.70359 8.70379 8.59978 8.60744 8.40558 8.49416 8.57871 8.48684 8.50395 8.29926 8.30112 7.89013 7.98812 8.08257 8.18862 8.17289 8.19510 8.30945 8.32991 8.31875 8.11001 -9999
10.29840 11.29370 11.94240 12.19510 12.34620 12.93660 13.13690 13.29980 13.39320 13.14080 12.43000 12.14530 11.91500 11.68600 11.64200 11.39230 10.29050 8.98933 8.08477 8.12793 7.71828 7.52586 8.33978 9.04074 9.44942 9.15326 8.05652 8.17576 10.49730 11.30470 11.72170 11.85330 11.76520 11.76720 11.67290 11.65730 11.45030 11.44460 11.54650 11.62780 11.42150 11.41310 11.59950 11.10250 10.79840 10.59200 10.29490 9.79268 9.78211 9.48939 9.38683 9.30113 9.39749 9.29111 9.18880 9.57931 9.68184 9.58200 9.50149 9.50028 9.39212 9.19566 9.09653 8.98902 8.18495 8.18299 8.20632 8.13188 8.15609 7.94737 7.63593 7.42111
12.69020 12.98000 13.16110 13.29820 13.42500 13.54740 13.61180 13.65940 13.74210 13.64940 13.09440 12.65090 12.55600 12.51190 12.50490 12.09490 11.09500 8.83800 7.63670 6.79186 7.31770 7.94378 9.03365 9.54677 9.64960 9.35860 9.06460 8.06741 9.78001 10.79090 11.82330 12.14900 12.24950 12.16670 12.15960 12.16030 12.15170 12.04070 12.13380 12.31200 12.51570 12.60380 12.28880 12.08720 11.57720 11.48500 11.17670 10.76880 10.67960 10.78790 10.58260 10.38510 10.68710 10.58100 10.38150 10.07030 10.26800 10.48820 10.30380 10.19410 9.89431 9.79427 9.99737 9.88032 9.08527 9.11386 8.92885 8.95776 8.85365 8.64312 8.44139 8.33247
12.15160 12.20620 12.13020 11.68570 10.97700 11.05530 11.48230 11.80580 12.34300 12.81150 13.28230 12.82880 12.51290 11.89760 12.27790 11.64190 10.90780 8.94474 7.95858 7.43503 7.70893 7.44397 8.84313 8.84370 8.85158 9.65688 10.04380 9.94618 10.87070 11.08440 10.71490 10.73410 11.04590 10.64870 10.24570 10.95150 11.14020 11.13850 11.91850 12.51010 12.81250 12.89330 12.78740 12.47830 11.67450 11.67060 11.26650 11.16560 10.96530 11.07590 10.86810 10.76640 10.57450 10.47260 10.56730 10.85860 10.86700 10.69380 10.79750 10.69770 10.70100 10.69760 10.69690 9.78564 9.81895 9.82507 9.85795 9.64947 9.55212 9.43506 9.13777 9.02106
12.06910 12.76090 12.37280 11.78740 11.44250 10.69250 10.15810 9.89661 9.95536 10.05790 10.72100 10.76250 11.59400 12.21470 12.37500 11.72020 11.09280 9.50868 8.26814 8.17633 8.60351 7.85186 7.94590 8.15336 8.14754 8.14620 8.54443 9.14229 10.06640 9.79396 9.21004 8.51996 8.13220 7.54699 7.74312 8.53796 8.82561 7.92216 8.32349 9.80447 10.20210 10.98820 11.07480 12.46990 12.86510 12.85630 12.04730 12.15710 12.34810 11.65220 11.56290 11.56510 11.16430 11.36390 11.65910 11.35990 10.48090 10.50310 11.20460 10.90890 10.60470 10.59800 10.69800 10.51080 10.53770 10.66540 10.64670 10.44630 10.24410 10.13850 9.82895 9.62171
12.83860 12.81040 12.93230 13.21620 12.95140 12.29940 11.80260 10.99950 10.32570 9.59698 9.17187 8.52746 8.98454 8.76213 10.44870 10.58530 11.17220 10.82930 8.44725 7.87319 7.45728 7.46964 7.56125 6.95589 7.44821 7.43305 7.33538 6.85439 6.86625 6.98700 6.80668 6.31625 6.43182 6.33139 5.83340 6.23070 6.62777 6.01849 6.21641 6.90328 6.69798 6.88180 7.08369 7.75945 9.26135 11.55570 12.64450 12.44200 12.65310 12.75050 11.65730 11.56160 11.75410 11.65490 11.57040 11.77050 11.78640 11.31140 10.61710 10.41530 10.50850 11.20260 11.81830 11.93880 11.85780 11.95060 11.75020 11.14410 11.04890 10.72920 10.42960 10.41330
12.69920 12.08620 12.03670 12.00930 12.47530 12.61870 12.54460 12.29350 11.71540 11.25370 10.45920 9.28309 10.25610 10.77330 10.87610 10.96500 10.59200 10.02650 10.36550 8.95006 9.53198 8.47449 7.96108 7.56764 7.65545 7.75118 8.35352 8.34463 8.65900 7.99564 8.19470 7.30053 7.21738 7.63219 6.72543 7.03185 6.91940 6.40734 6.11452 7.29859 7.08238 7.28304 7.16848 7.65256 8.75490 10.34540 11.44430 11.94880 12.54890 12.95080 11.75610 10.85640 11.65290 11.96960 11.75910 12.18580 12.10520 11.71220 11.21130 11.22100 11.51620 11.51900 11.53860 12.36380 12.65930 12.65190 12.64770 12.03720 11.74020 11.34010 11.12730 10.91570
9.22471 9.57029 7.49816 6.52745 6.38758 7.38823 9.49132 10.96220 9.81352 11.14220 11.75750 12.05510 12.07180 11.97910 11.56530 11.51080 10.42590 10.00420 9.72570 10.03470 10.40260 10.27760 10.37800 10.67750 10.07520 9.86489 10.46210 10.85620 10.05790 9.99300 10.08800 10.39560 10.41270 8.52830 8.52231 8.02699 7.60797 7.60385 7.70163 7.18783 7.17884 6.87933 7.95928 8.25586 7.85677 8.74917 10.15780 10.84880 11.64080 12.25260 12.74800 12.65360 11.75620 12.06410 12.16760 12.19050 12.21660 12.42840 11.83340 11.83950 11.62660 11.84190 12.46860 12.65860 12.95300 13.26030 13.44690 12.93290 12.53900 12.23280 11.82880 11.62370
7.85427 8.12895 8.84150 9.60892 9.23237 8.40995 8.30623 9.24914 6.99320 7.37504 8.11040 9.49663 11.36840 11.88650 11.71990 12.10980 11.22110 10.43060 10.06820 10.17440 10.89370 10.28420 10.67620 10.58130 10.77980 10.67060 10.87650 10.27390 9.97076 9.86849 10.49030 9.19327 9.10970 9.31703 9.30914 8.41719 8.01453 8.29393 7.69710 7.28247 7.86744 7.56664 7.14935 6.64951 7.05927 8.75896 9.74821 10.05660 10.45830 11.25460 11.95980 13.15160 12.24600 12.25040 12.39250 12.70180 12.62390 12.45030 12.43610 12.64200 12.74810 12.86840 12.96800 13.16200 13.35230 13.75440 13.94050 13.73800 13.33710 12.92810 12.52020 12.12340
8.91778 9.21601 9.21805 9.31417 10.38140 10.41720 10.36190 10.52070 10.55380 10.78930 10.33640 10.64650 9.96084 11.47310 13.50520 12.64770 12.15490 11.37480 10.18780 9.85437 10.24850 9.18774 8.78407 10.38900 10.78640 10.67480 11.18050 11.77430 11.37620 10.87610 9.77870 9.18061 9.59624 9.70042 9.00329 8.90835 9.30183 8.38386 8.18204 7.36823 7.55480 7.14582 6.85550 6.45838 5.96051 6.86691 6.76777 7.95354 8.45676 10.74120 12.15260 12.95930 13.84460 13.16500 12.99870 13.40780 13.33410 13.25080 13.24660 13.15300 13.17350 13.16240 13.16700 13.36170 13.44980 13.84600 14.34400 14.33250 14.22900 13.93760 13.22840 12.61820
7.96270 6.79725 7.25842 8.25835 9.62545 10.20030 10.54390 11.14310 11.89750 10.50120 5.49248 6.21307 7.09938 7.65635 9.02766 9.04131 9.06082 10.60790 11.07290 11.31930 10.55390 10.08300 9.74972 9.50864 9.08629 9.97654 11.18330 11.39390 10.99920 11.08670 9.67268 9.37938 9.08336 10.19580 9.50381 9.70095 9.98481 9.67863 8.96834 8.55169 6.64523 7.55213 6.64605 6.96349 7.16274 6.56016 6.77134 7.45469 8.45379 10.04580 11.26090 12.55240 14.25830 13.86570 13.80860 14.03130 13.64450 12.86740 11.86120 11.57930 11.67510 11.96760 12.87050 13.66610 13.95220 14.16000 14.23550 14.23720 14.33420 13.53710 13.32880 13.42780
10.27470 9.05991 8.89949 9.19908 8.95532 9.30212 9.92833 10.41490 11.22440 11.30510 9.50077 4.89914 3.42132 4.49726 5.37658 6.35781 7.04507 7.51554 8.27108 9.49540 9.21896 8.47963 8.45971 9.36298 10.15650 9.25556 10.14160 10.43650 10.82610 11.52870 10.44900 9.72270 9.01140 9.01633 9.33204 9.91872 10.22370 9.43104 8.81349 9.50926 8.19443 7.98252 8.07629 7.47031 7.55264 8.24334 9.53066 9.31003 9.50446 9.39307 10.48530 10.78960 12.88480 13.70680 13.34250 14.17700 14.20770 14.13450 13.85650 13.25740 13.26130 13.55800 13.97150 13.95600 14.15500 14.24720 14.24000 14.33450 14.42190 13.81970 13.70840 13.61770
7.57316 7.51210 6.95399 -9999 6.48875 8.05510 7.93601 7.26198 8.46516 9.48118 10.19920 10.31990 10.56770 11.39120 7.95133 3.67529 1.96771 1.70911 1.02241 6.42239 8.17709 8.61297 8.31786 8.66705 8.61518 9.16556 9.44199 10.02610 11.22280 10.56260 10.33650 9.39869 9.41713 9.60067 8.82383 8.35194 8.67144 9.03914 8.04213 9.52197 10.20760 8.18816 8.28004 7.96742 8.34682 9.34229 9.70159 10.20820 10.09690 9.38424 10.37530 11.26210 13.36590 14.25260 14.11960 14.15770 14.12830 14.05050 14.14290 13.95980 13.96150 14.26190 13.95770 13.95450 14.23480 14.32570 14.31020 14.10910 14.19780 14.08710 13.87920 13.70240
