data/hydroclimate-scenarios/1948-2000.Pcorr55N_Pref_Tref/monthly_summaries/tavg_monthly_avg_nov.1950-2000.asc
ncols	311
nrows	91
xllcenter	102.75
yllcenter	31.75
cellsize	0.5
NODATA_value	-9999
[rows 0 to 30 of 91, columns 213 to 283 of 311]
-9999 -9999 -9999 -9999 -9999 -9999 -9999 -9999 -9999 -9999 -9999 -9999 -9999 -9999 -9999 -9999 -9999 -9999 -9999 -9999 -9999 -9999 -9999 -9999 -9999 -9999 -9999 -9999 -9999 -9999 -9999 -9999 -9999 -9999 -9999 -9999 -9999 -9999 -9999 -9999 -9999 -9999 -9999 -9999 -9999 -9999 -9999 -9999 -9999 -9999 -9999 -9999 -9999 -9999 -9999 -9999 -9999 -9999 -9999 -9999 -9999 -9999 -9999 -9999 -9999 -9999 -9999 -9999 -9999 -9999 -9999
-9999 -9999 -9999 -9999 -9999 -9999 -9999 -9999 -9999 -9999 -9999 -9999 -9999 -9999 -9999 -9999 -9999 -9999 -9999 -9999 -9999 -9999 -9999 -9999 -9999 -9999 -9999 -9999 -9999 -9999 -9999 -9999 -9999 -9999 -9999 -9999 -9999 -9999 -9999 -9999 -9999 -9999 -9999 -9999 -9999 -9999 -9999 -9999 -9999 -9999 -9999 -9999 -9999 -9999 -9999 -9999 -9999 -9999 -9999 -9999 -9999 -9999 -9999 -9999 -9999 -9999 -9999 -9999 -9999 -9999 -9999
-9999 -9999 -9999 -9999 -9999 -9999 -9999 -9999 -9999 -9999 -9999 -9999 -9999 -9999 -9999 -9999 -9999 -9999 -9999 -9999 -9999 -9999 -9999 -9999 -9999 -9999 -9999 -9999 -9999 -9999 -9999 -9999 -9999 -9999 -9999 -9999 -9999 -9999 -9999 -9999 -9999 -9999 -9999 -9999 -9999 -9999 -9999 -9999 -9999 -9999 -9999 -9999 -9999 -9999 -9999 -9999 -9999 -9999 -9999 -9999 -9999 -9999 -9999 -9999 -9999 -9999 -9999 -9999 -9999 -9999 -9999
-9999 -9999 -9999 -9999 -9999 -9999 -9999 -9999 -9999 -9999 -9999 -9999 -9999 -9999 -9999 -9999 -9999 -9999 -9999 -9999 -9999 -9999 -9999 -9999 -9999 -9999 -9999 -9999 -9999 -9999 -9999 -9999 -9999 -9999 -9999 -9999 -9999 -9999 -9999 -9999 -9999 -9999 -9999 -9999 -9999 -9999 -9999 -9999 -9999 -9999 -9999 -9999 -9999 -9999 -9999 -9999 -9999 -9999 -9999 -9999 -9999 -9999 -9999 -9999 -9999 -9999 -9999 -9999 -9999 -9999 -9999
-9999 -9999 -9999 -9999 -9999 -9999 -9999 -9999 -9999 -9999 -9999 -9999 -9999 -9999 -9999 -9999 -9999 -9999 -9999 -9999 -9999 -9999 -9999 -9999 -9999 -9999 -9999 -9999 -9999 -9999 -9999 -9999 -9999 -9999 -9999 -9999 -9999 -9999 -9999 -9999 -9999 -9999 -9999 -9999 -9999 -9999 -9999 -9999 -9999 -9999 -9999 -9999 -9999 -9999 -9999 -9999 -9999 -9999 -9999 -9999 -9999 -9999 -9999 -9999 -9999 -9999 -9999 -9999 -9999 -9999 -9999
-9999 -9999 -9999 -9999 -9999 -9999 -9999 -9999 -9999 -9999 -9999 -9999 -9999 -9999 -9999 -9999 -9999 -9999 -9999 -9999 -9999 -9999 -9999 -9999 -9999 -9999 -9999 -9999 -9999 -9999 -9999 -9999 -9999 -9999 -9999 -9999 -9999 -9999 -9999 -9999 -9999 -9999 -9999 -9999 -9999 -9999 -9999 -9999 -9999 -9999 -9999 -9999 -9999 -9999 -9999 -9999 -9999 -9999 -9999 -9999 -9999 -9999 -9999 -9999 -9999 -9999 -9999 -9999 -9999 -9999 -9999
-9999 -9999 -9999 -9999 -9999 -9999 -9999 -9999 -9999 -9999 -9999 -9999 -9999 -9999 -9999 -9999 -9999 -9999 -9999 -9999 -9999 -9999 -9999 -9999 -9999 -9999 -9999 -9999 -9999 -9999 -9999 -9999 -9999 -9999 -9999 -9999 -9999 -9999 -9999 -9999 -9999 -9999 -9999 -9999 -9999 -9999 -9999 -9999 -9999 -9999 -9999 -9999 -9999 -9999 -9999 -9999 -9999 -9999 -9999 -9999 -9999 -9999 -9999 -9999 -9999 -9999 -9999 -9999 -9999 -9999 -9999
-9999 -9999 -9999 -9999 -9999 -9999 -9999 -9999 -9999 -9999 -9999 -9999 -9999 -9999 -9999 -9999 -9999 -9999 -9999 -9999 -9999 -9999 -9999 -9999 -9999 -9999 -9999 -9999 -9999 -9999 -9999 -9999 -9999 -9999 -9999 -9999 -9999 -9999 -9999 -9999 -9999 -9999 -9999 -9999 -9999 -9999 -9999 -9999 -9999 -9999 -9999 -9999 -9999 -9999 -9999 -9999 -9999 -9999 -9999 -9999 -9999 -9999 -9999 -9999 -9999 -9999 -9999 -9999 -9999 -9999 -9999
-9999 -9999 -9999 -9999 -9999 -9999 -9999 -9999 -9999 -9999 -9999 -9999 -9999 -9999 -9999 -9999 -9999 -9999 -9999 -9999 -9999 -9999 -9999 -9999 -9999 -9999 -9999 -9999 -9999 -9999 -9999 -9999 -9999 -9999 -9999 -9999 -9999 -9999 -9999 -9999 -9999 -9999 -9999 -9999 -9999 -9999 -9999 -9999 -9999 -9999 -9999 -9999 -9999 -9999 -9999 -9999 -9999 -9999 -9999 -9999 -9999 -9999 -9999 -9999 -9999 -9999 -9999 -9999 -9999 -9999 -9999
-9999 -9999 -9999 -9999 -9999 -9999 -9999 -9999 -9999 -9999 -9999 -9999 -9999 -9999 -9999 -9999 -9999 -9999 -9999 -9999 -9999 -9999 -9999 -9999 -9999 -9999 -9999 -9999 -9999 -9999 -9999 -9999 -9999 -9999 -9999 -9999 -9999 -9999 -9999 -9999 -9999 -9999 -9999 -9999 -9999 -9999 -9999 -9999 -9999 -9999 -9999 -9999 -9999 -9999 -9999 -9999 -9999 -9999 -9999 -9999 -9999 -9999 -9999 -9999 -9999 -9999 -9999 -9999 -9999 -9999 -9999
-9999 -9999 -9999 -9999 -9999 -9999 -9999 -9999 -9999 -9999 -9999 -9999 -9999 -9999 -9999 -9999 -9999 -9999 -9999 -9999 -9999 -9999 -9999 -9999 -9999 -9999 -9999 -9999 -9999 -9999 -9999 -9999 -9999 -9999 -9999 -9999 -9999 -9999 -9999 -9999 -9999 -9999 -9999 -9999 -9999 -9999 -9999 -9999 -9999 -9999 -9999 -9999 -9999 -9999 -9999 -9999 -9999 -9999 -9999 -9999 -9999 -9999 -9999 -9999 -9999 -9999 -9999 -9999 -9999 -9999 -9999
-9999 -9999 -9999 -9999 -9999 -9999 -9999 -9999 -9999 -9999 -9999 -9999 -9999 -9999 -9999 -9999 -9999 -9999 -9999 -9999 -9999 -9999 -9999 -9999 -9999 -9999 -9999 -9999 -9999 -9999 -9999 -9999 -9999 -9999 -9999 -9999 -9999 -9999 -9999 -9999 -9999 -9999 -9999 -9999 -9999 -9999 -9999 -9999 -9999 -9999 -9999 -9999 -9999 -9999 -9999 -9999 -9999 -9999 -9999 -9999 -9999 -9999 -9999 -9999 -9999 -9999 -9999 -9999 -9999 -9999 -9999
-9999 -9999 -9999 -9999 -9999 -9999 -9999 -9999 -9999 -9999 -9999 -9999 -9999 -9999 -9999 -9999 -9999 -9999 -9999 -9999 -9999 -9999 -9999 -9999 -9999 -9999 -9999 -9999 -9999 -9999 -9999 -9999 -9999 -9999 -9999 -9999 -9999 -9999 -9999 -9999 -9999 -9999 -9999 -9999 -9999 -9999 -9999 -9999 -9999 -9999 -9999 -9999 -9999 -9999 -9999 -9999 -9999 -9999 -9999 -9999 -9999 -9999 -9999 -9999 -9999 -9999 -9999 -9999 -9999 -9999 -9999
-22.07480 -21.93250 -21.99930 -22.14970 -22.51490 -22.72360 -9999 -9999 -9999 -9999 -9999 -9999 -9999 -9999 -9999 -9999 -9999 -9999 -9999 -9999 -9999 -9999 -9999 -9999 -9999 -9999 -9999 -9999 -9999 -9999 -9999 -9999 -9999 -9999 -9999 -9999 -9999 -9999 -9999 -9999 -9999 -9999 -9999 -9999 -9999 -9999 -9999 -19.93030 -9999 -9999 -9999 -9999 -9999 -9999 -9999 -9999 -9999 -9999 -9999 -9999 -9999 -9999 -9999 -9999 -9999 -9999 -9999 -9999 -9999 -9999 -9999
-22.79210 -22.44360 -22.27920 -22.17860 -22.16770 -22.06060 -21.97200 -21.75190 -21.40190 -21.04110 -20.58630 -20.16140 -19.77000 -19.39720 -19.33980 -19.29550 -19.22280 -19.21720 -17.17330 -9999 -9999 -9999 -9999 -9999 -9999 -9999 -9999 -9999 -9999 -9999 -9999 -9999 -9999 -9999 -9999 -9999 -9999 -9999 -9999 -9999 -9999 -9999 -21.77000 -20.83640 -21.21720 -22.39390 -22.65970 -21.93530 -19.61860 -9999 -9999 -9999 -18.43510 -9999 -9999 -9999 -18.26400 -18.19990 -18.23110 -9999 -9999 -9999 -9999 -9999 -9999 -9999 -9999 -9999 -9999 -9999 -9999
-22.57780 -22.26790 -21.48760 -21.11270 -20.92690 -20.68040 -20.48720 -20.58350 -20.82460 -21.23250 -21.29760 -22.09920 -21.91290 -22.57590 -22.75140 -21.86700 -21.36850 -20.99600 -21.43640 -21.78890 -21.53730 -21.63610 -21.03080 -20.37850 -20.12900 -9999 -9999 -9999 -9999 -9999 -21.60840 -21.56510 -21.53770 -21.19650 -20.67190 -20.13190 -19.82680 -19.89730 -19.87300 -19.84970 -19.84110 -19.80460 -22.90510 -22.65560 -23.22980 -22.80650 -23.58770 -23.15880 -20.04430 -19.96930 -19.48880 -19.15630 -18.92500 -18.78150 -18.48770 -18.62800 -18.76410 -19.29230 -20.21980 -19.95720 -18.98900 -18.51580 -18.72040 -18.55220 -9999 -9999 -9999 -9999 -9999 -9999 -9999
-20.38690 -19.82600 -19.19050 -19.35430 -19.63950 -19.86260 -20.51830 -21.38410 -21.51370 -21.71960 -22.31230 -22.90700 -22.80230 -23.55330 -22.51040 -22.22840 -21.24150 -20.66350 -21.07090 -20.50400 -21.14480 -21.78910 -20.77100 -21.82060 -21.71520 -21.60610 -21.30210 -21.39350 -21.25990 -21.56540 -21.70610 -21.85820 -22.02620 -21.68770 -21.34220 -20.79610 -20.50240 -20.47120 -20.44720 -20.33270 -20.34920 -20.47120 -20.54450 -20.52440 -20.54600 -20.36640 -20.78020 -20.64730 -20.32460 -20.30690 -19.97490 -19.73830 -19.50160 -19.27020 -19.07670 -18.81230 -18.65520 -18.48230 -18.32530 -18.24340 -18.18370 -18.12890 -18.72610 -19.75630 -19.69260 -19.62360 -19.25640 -19.30430 -19.22610 -19.25740 -19.36900
-21.88100 -21.55980 -20.89340 -20.74930 -20.80660 -21.30490 -21.08490 -21.51650 -21.53770 -22.04480 -22.43050 -22.40810 -20.86460 -19.32530 -18.40380 -18.29890 -18.47450 -18.42160 -18.98780 -19.23430 -19.85130 -20.16380 -19.44830 -20.04850 -21.22390 -21.92070 -22.70780 -23.14910 -23.40560 -23.49970 -22.89720 -21.98730 -21.98710 -21.48650 -21.22120 -20.97490 -20.77980 -20.83610 -20.59910 -20.62090 -20.72300 -20.64380 -20.56910 -20.39190 -20.30200 -20.32720 -20.95280 -20.82630 -20.40160 -20.18680 -19.85510 -19.71950 -19.47630 -19.25790 -18.86170 -18.79640 -18.54450 -18.47600 -18.22370 -18.13890 -17.96650 -18.01430 -19.07680 -19.52490 -19.26360 -19.22610 -19.26800 -19.22800 -19.44950 -19.38900 -19.46990
-21.02280 -20.64170 -20.55130 -21.07710 -21.38330 -20.99820 -20.63840 -20.54750 -20.13850 -20.60570 -20.36970 -18.94780 -16.53100 -16.51830 -16.06960 -16.19790 -17.20150 -17.86980 -19.03270 -19.67110 -19.42910 -19.43610 -19.22870 -19.38820 -20.38540 -21.38710 -22.02610 -23.57520 -24.12770 -24.50760 -23.10830 -21.59890 -21.40370 -21.18810 -20.96430 -20.73610 -20.84100 -20.64920 -20.34820 -20.65210 -20.55880 -20.77150 -20.59750 -20.61560 -20.74090 -20.65510 -20.86730 -20.58400 -20.55290 -20.13050 -19.81950 -19.87210 -19.63100 -19.23270 -18.82650 -18.66230 -18.59550 -18.43200 -18.17120 -18.00830 -17.93770 -18.05470 -19.01680 -18.86620 -18.90000 -19.05790 -19.10460 -19.05550 -19.09520 -19.13840 -18.92920
-20.07730 -20.12240 -19.81020 -20.17080 -19.76250 -19.27640 -18.90390 -18.80080 -18.63270 -18.95820 -18.91730 -18.95310 -18.90770 -19.52630 -19.04150 -18.77140 -18.76260 -18.50900 -17.32550 -17.90590 -18.90490 -19.03470 -20.03050 -20.37830 -21.28280 -21.32630 -20.87540 -21.11430 -21.85050 -23.69810 -22.29020 -21.48460 -20.65910 -20.51850 -20.41190 -20.11200 -20.04900 -20.04440 -20.24060 -20.33200 -20.34210 -20.43770 -20.85930 -21.07130 -20.89610 -20.71800 -20.93510 -20.74850 -20.43630 -20.20990 -19.78640 -19.84960 -19.42080 -19.12790 -18.82660 -18.75370 -18.58670 -18.42240 -18.16900 -17.91230 -18.04880 -18.01570 -18.17480 -18.32300 -18.36320 -18.51590 -18.47210 -18.51440 -18.65080 -18.71210 -18.61650
-18.84470 -19.48650 -19.31850 -17.84360 -16.72330 -16.57480 -17.55570 -18.40000 -18.87720 -19.21200 -20.51500 -21.20560 -21.22220 -21.28970 -21.13120 -20.05360 -19.22060 -18.43410 -17.13470 -17.99900 -19.13070 -20.15220 -20.12800 -21.00170 -21.39300 -20.82580 -20.55760 -20.69210 -21.23000 -22.47010 -22.64830 -20.82580 -20.30130 -19.98200 -19.87010 -19.61490 -19.76400 -19.65710 -19.55780 -19.89440 -20.05240 -20.04280 -20.34670 -20.75510 -20.95360 -20.77510 -20.59900 -20.61550 -20.12410 -20.19650 -20.16960 -19.72840 -19.52980 -19.12230 -19.02230 -18.74650 -18.47960 -18.22410 -17.65060 -17.40750 -17.30790 -17.19100 -17.45020 -17.48010 -17.73480 -17.89230 -18.03870 -18.77110 -19.01990 -19.11910 -19.19730
-18.74340 -19.25100 -18.96270 -18.48630 -18.18100 -18.37090 -18.92540 -19.42540 -19.95870 -20.47910 -20.65180 -20.71220 -21.08090 -21.12440 -19.56630 -17.80230 -16.55810 -16.74600 -16.31750 -17.03470 -19.11880 -20.47070 -21.42560 -21.36080 -20.97690 -20.29070 -20.02790 -20.36730 -20.90080 -21.43380 -22.58310 -21.26980 -20.55850 -19.64900 -19.33720 -19.12140 -19.26840 -19.06440 -19.05770 -19.25370 -19.35440 -19.64890 -19.94500 -20.23430 -20.53760 -20.53830 -20.35090 -20.37390 -19.88930 -19.77720 -19.85290 -19.53240 -18.90800 -18.73670 -18.52870 -18.02750 -17.77010 -17.71710 -17.84460 -17.17570 -16.87670 -16.85320 -16.80590 -17.24370 -17.30490 -17.13850 -17.56970 -18.39320 -18.38080 -18.56900 -18.66350
-17.74260 -18.64630 -18.93910 -19.10010 -17.65750 -15.88510 -15.00640 -15.23080 -16.07650 -16.35150 -16.31690 -16.43810 -17.60750 -20.33000 -18.24000 -16.50080 -14.90440 -15.21640 -16.19740 -16.72460 -18.60520 -20.13810 -20.92270 -21.09700 -21.46580 -20.48490 -20.69880 -20.93410 -20.56320 -20.38990 -20.64520 -20.02630 -19.80960 -20.30230 -20.02490 -19.72720 -20.16640 -20.36880 -19.96920 -19.86130 -20.15000 -19.75270 -19.54710 -19.64450 -19.94590 -20.02990 -19.82790 -20.43590 -20.15720 -20.06590 -19.73340 -19.42870 -18.93250 -18.82050 -18.63090 -18.53710 -18.36930 -17.70510 -17.24260 -17.04330 -16.94610 -16.71240 -17.06030 -17.18140 -17.22580 -17.15530 -18.07590 -18.04910 -18.04170 -18.03660 -18.14740
-16.31310 -15.47370 -15.14190 -16.26690 -15.51620 -13.95450 -13.21330 -13.04940 -14.46140 -15.36520 -15.44800 -15.62440 -15.31840 -16.11870 -16.15310 -16.08000 -16.46280 -16.13560 -15.72860 -16.47330 -17.86790 -19.80610 -20.07680 -20.09450 -20.76220 -21.06690 -21.09000 -21.39770 -21.62310 -21.46310 -20.90610 -20.29010 -20.58400 -20.96700 -21.42790 -21.82470 -22.29010 -22.06490 -21.56570 -21.35930 -22.26210 -22.24750 -21.24940 -21.15100 -20.64660 -20.73660 -19.51970 -19.13400 -19.22960 -19.54070 -19.02880 -18.53260 -18.72410 -18.60930 -18.31540 -18.41150 -17.64500 -17.17970 -17.15700 -18.07850 -17.78260 -17.04410 -17.38520 -17.52400 -17.44930 -17.37290 -17.62570 -17.71520 -17.70490 -17.63950 -17.66040
-16.64920 -16.95130 -17.04720 -16.73450 -15.67940 -15.04020 -15.31650 -15.99660 -15.18410 -15.72860 -15.50520 -15.49100 -15.05140 -14.93220 -14.79950 -15.32970 -15.93880 -15.56640 -16.65710 -16.17190 -16.54660 -19.45180 -20.29550 -20.86970 -20.94650 -21.06600 -21.97010 -21.78540 -22.10570 -22.04720 -22.57310 -22.54620 -22.43130 -22.42810 -22.93580 -22.63140 -22.77730 -23.06970 -22.97230 -22.56360 -23.26680 -23.26280 -22.64660 -22.95260 -22.84550 -22.83660 -22.24190 -21.32780 -19.73360 -18.62470 -18.70350 -18.20520 -17.99950 -18.58470 -18.58200 -18.09050 -18.20980 -18.05340 -17.55050 -17.32630 -17.32430 -17.79080 -17.91520 -17.92780 -17.05890 -16.38970 -16.48320 -16.57880 -16.69430 -16.82180 -17.15320
-16.04120 -16.39830 -16.01470 -15.85550 -15.12350 -14.83770 -14.48470 -14.09660 -14.39350 -14.92480 -15.23780 -15.65290 -15.36860 -15.07360 -15.24360 -15.32290 -15.80430 -16.13710 -16.54460 -16.84270 -17.41140 -17.44500 -18.76830 -18.54080 -19.55020 -20.45960 -21.07570 -21.29750 -21.31170 -21.02400 -20.75930 -20.41260 -20.99570 -20.74290 -21.34840 -21.35270 -20.99120 -21.68370 -21.58490 -21.58220 -22.24110 -22.56120 -21.65910 -21.85380 -21.75640 -21.95020 -21.74230 -20.82850 -20.02530 -19.11030 -18.78990 -18.17810 -17.66570 -18.65670 -19.26100 -18.64030 -18.18030 -18.00200 -17.57630 -17.37920 -17.34740 -17.39950 -17.31920 -17.14530 -16.87710 -16.86430 -16.25480 -16.07690 -16.09710 -16.21970 -16.65170
-14.17530 -13.21350 -12.98710 -13.38550 -13.34450 -13.85430 -14.52300 -14.81110 -14.55850 -14.00530 -14.06470 -14.44750 -15.17720 -15.58390 -15.42660 -15.27500 -15.64600 -15.99910 -16.14180 -17.15600 -17.28670 -17.25750 -17.38300 -17.44890 -17.72350 -17.89560 -18.08410 -18.79850 -18.91790 -18.43040 -18.04400 -18.68190 -18.46470 -18.35490 -18.04750 -17.95340 -19.50400 -19.67930 -20.09050 -20.46850 -20.47780 -20.47030 -20.86500 -20.85910 -21.14800 -20.34940 -20.52830 -20.81320 -20.49740 -19.49190 -19.17710 -18.35990 -18.05250 -17.82660 -17.93100 -18.61700 -18.23340 -17.93650 -17.71560 -17.38710 -16.97720 -17.00720 -16.84260 -16.86630 -16.53310 -15.92420 -15.83330 -15.76080 -15.59410 -15.51470 -16.03950
-14.70370 -13.90940 -13.37870 -13.83110 -14.51950 -14.18460 -13.78630 -13.69730 -13.64560 -13.36290 -13.53260 -14.25120 -14.29830 -14.83700 -15.77610 -16.99230 -17.35120 -16.95570 -15.30390 -16.03860 -16.73100 -16.43600 -16.50380 -16.26280 -17.24710 -17.14640 -17.62310 -17.57430 -17.60710 -17.27070 -17.64570 -17.85610 -17.66620 -17.16580 -18.27420 -18.25890 -18.01840 -18.29380 -18.98970 -19.48580 -19.38150 -19.78560 -19.96000 -19.65190 -19.74590 -20.02220 -20.69930 -20.58870 -19.78540 -19.16500 -19.25810 -18.94220 -18.62350 -18.21130 -17.50020 -18.28430 -18.18850 -17.77430 -17.23970 -17.02380 -16.89760 -16.83390 -16.15630 -15.79460 -15.59130 -15.42180 -15.33590 -15.25800 -14.98020 -14.90630 -15.13670
-12.81360 -9.81726 -10.73660 -12.42370 -12.49260 -13.62310 -14.27070 -14.36860 -14.12730 -14.35140 -14.81000 -14.80330 -14.37280 -13.81610 -14.17030 -14.14410 -14.50740 -16.42730 -13.56640 -14.02730 -14.72670 -15.42120 -16.08370 -16.08840 -17.48700 -18.09700 -16.96200 -16.71050 -16.58040 -16.04020 -15.47880 -15.53260 -15.82960 -16.77170 -17.27450 -16.87410 -16.91070 -17.69170 -17.89820 -17.59970 -18.38020 -18.46650 -19.14480 -18.92730 -18.91640 -19.20790 -19.78350 -20.66970 -20.16340 -20.65340 -20.03670 -19.82560 -18.51040 -17.79770 -17.28430 -16.76640 -17.20040 -17.09670 -16.56590 -16.34890 -16.20890 -15.94550 -15.57940 -15.17570 -15.09040 -14.91240 -14.74050 -14.66360 -14.48650 -14.20470 -14.13710
-8.16107 -7.96515 -9.44414 -11.38800 -13.96900 -14.67540 -14.64430 -14.92910 -15.19540 -15.04420 -15.04270 -15.03660 -13.67750 -14.52550 -15.98260 -15.37720 -15.30320 -14.21720 -15.30160 -15.34580 -13.87770 -13.46810 -13.70520 -15.00490 -15.75040 -16.26590 -16.60210 -17.02240 -15.98300 -14.70440 -14.35300 -14.64750 -14.44490 -15.63930 -15.83350 -16.27950 -15.32670 -16.10780 -16.38310 -16.17190 -16.55740 -17.14570 -17.43030 -18.71390 -17.89460 -18.39130 -18.37250 -18.86390 -19.64660 -19.76700 -19.71920 -19.20920 -18.38660 -17.97550 -17.26570 -15.87840 -16.32780 -16.41850 -16.09450 -16.17500 -16.53040 -16.95780 -16.73540 -16.26590 -15.79300 -14.80930 -14.03370 -13.76510 -13.77990 -13.60990 -13.52670
-9.14608 -9.67624 -7.79895 -8.21732 -10.58840 -12.56330 -13.11660 -14.20030 -14.43750 -13.59620 -13.58570 -13.62150 -13.01140 -12.56920 -14.40370 -15.10230 -14.87880 -14.51840 -16.11170 -15.41850 -15.07770 -14.60000 -14.17030 -15.15950 -16.17410 -16.16580 -15.54930 -14.57540 -15.15010 -14.21310 -13.81060 -13.50480 -12.60330 -13.57130 -14.05040 -14.94060 -15.19540 -15.07270 -14.94100 -14.77630 -15.74560 -16.32310 -15.70940 -16.78320 -16.44840 -16.29570 -17.08950 -17.40080 -17.30320 -16.62550 -17.14860 -17.53930 -18.03830 -17.51680 -17.68300 -16.45720 -15.88650 -16.19590 -15.41040 -15.20740 -14.95980 -14.62320 -14.85270 -14.37790 -13.92900 -13.41270 -13.23260 -13.05600 -13.17770 -13.20660 -13.02430
