data/hydroclimate-scenarios/1948-2000.Pcorr55N_Pref_Tref/monthly_summaries/tavg_monthly_avg_oct.1950-2000.asc
ncols	311
nrows	91
xllcenter	102.75
yllcenter	31.75
cellsize	0.5
NODATA_value	-9999
[rows 0 to 31 of 91, columns 0 to 71 of 311]
-9999 -9999 -9999 -9999 -9999 -9999 -9999 -9999 -9999 -9999 -9999 -9999 -9999 -9999 -9999 -9999 -9999 -9999 -9999 -9999 -9999 -9999 -9999 -9999 -9999 -9999 -9999 -9999 -9999 -9999 -9999 -9999 -9999 -9999 -9999 -9999 -9999 -9999 -9999 -9999 -9999 -9999 -9999 -9999 -9999 -9999 -9999 -9999 -9999 -9999 -9999 -9999 -9999 -9999 -9999 -9999 -9999 -9999 -9999 -9999 -9999 -9999 -9999 -9999 -9999 -9999 -9999 -9999 -9999 -9999 -9999 -9999
-9999 -9999 -9999 -9999 -9999 -9999 -9999 -9999 -9999 -9999 -9999 -9999 -9999 -9999 -9999 -9999 -9999 -9999 -9999 -9999 -9999 -9999 -9999 -9999 -9999 -9999 -9999 -9999 -9999 -9999 -9999 -9999 -9999 -9999 -9999 -9999 -9999 -9999 -9999 -9999 -9999 -9999 -9999 -9999 -9999 -9999 -9999 -9999 -9999 -9999 -9999 -9999 -9999 -9999 -9999 -9999 -9999 -9999 -9999 -9999 -9999 -9999 -9999 -9999 -9999 -9999 -9999 -9999 -9999 -9999 -9999 -9999
-9999 -9999 -9999 -9999 -9999 -9999 -9999 -9999 -9999 -9999 -9999 -9999 -9999 -9999 -9999 -9999 -9999 -9999 -9999 -9999 -9999 -9999 -9999 -9999 -9999 -9999 -9999 -9999 -9999 -9999 -9999 -9999 -9999 -9999 -9999 -9999 -9999 -9999 -9999 -9999 -9999 -9999 -9999 -9999 -9999 -9999 -9999 -9999 -9999 -9999 -9999 -9999 -9999 -9999 -9999 -9999 -9999 -9999 -9999 -9999 -9999 -9999 -9999 -9999 -9999 -9999 -9999 -9999 -9999 -9999 -9999 -9999
-9999 -9999 -9999 -9999 -9999 -9999 -9999 -9999 -9999 -9999 -9999 -9999 -9999 -9999 -9999 -9999 -9999 -9999 -9999 -9999 -9999 -9999 -9999 -9999 -9999 -9999 -9999 -9999 -9999 -9999 -9999 -9999 -9999 -9999 -9999 -9999 -9999 -9999 -9999 -9999 -9999 -9999 -9999 -9999 -9999 -9999 -9999 -9999 -9999 -9999 -9999 -9999 -9999 -9999 -9999 -9999 -9999 -9999 -9999 -9999 -9999 -9999 -9999 -9999 -9999 -9999 -9999 -9999 -9999 -9999 -9999 -9999
-9999 -9999 -9999 -9999 -9999 -9999 -9999 -9999 -9999 -9999 -9999 -9999 -9999 -9999 -9999 -9999 -9999 -9999 -9999 -9999 -9999 -9999 -9999 -9999 -9999 -9999 -9999 -9999 -9999 -9999 -9999 -9999 -9999 -9999 -9999 -9999 -9999 -9999 -9999 -9999 -9999 -9999 -9999 -9999 -9999 -9999 -9999 -9999 -9999 -9999 -9999 -9999 -9999 -9999 -9999 -9999 -9999 -9999 -9999 -9999 -9999 -9999 -9999 -9999 -9999 -9999 -9999 -9999 -9999 -9999 -9999 -9999
-9999 -9999 -9999 -9999 -9999 -9999 -9999 -9999 -9999 -9999 -9999 -9999 -9999 -9999 -9999 -9999 -9999 -9999 -9999 -9999 -9999 -9999 -9999 -9999 -9999 -9999 -9999 -9999 -9999 -9999 -9999 -9999 -9999 -9999 -9999 -9999 -9999 -9999 -9999 -9999 -9999 -9999 -9999 -9999 -9999 -9999 -9999 -9999 -9999 -9999 -9999 -9999 -9999 -9999 -9999 -9999 -9999 -9999 -9999 -9999 -9999 -9999 -9999 -9999 -9999 -9999 -9999 -9999 -9999 -9999 -9999 -9999
-9999 -9999 -9999 -9999 -9999 -9999 -9999 -9999 -9999 -9999 -9999 -9999 -9999 -9999 -9999 -9999 -9999 -9999 -9999 -9999 -9999 -9999 -9999 -9999 -9999 -9999 -9999 -9999 -9999 -9999 -9999 -9999 -9999 -9999 -9999 -9999 -9999 -9999 -9999 -9999 -9999 -9999 -9999 -9999 -9999 -9999 -9999 -9999 -9999 -9999 -9999 -9999 -9999 -9999 -9999 -9999 -9999 -9999 -9999 -9999 -9999 -9999 -9999 -9999 -9999 -9999 -9999 -9999 -9999 -9999 -9999 -9999
-9999 -9999 -9999 -9999 -9999 -9999 -9999 -9999 -9999 -9999 -9999 -9999 -9999 -9999 -9999 -9999 -9999 -9999 -9999 -9999 -9999 -9999 -9999 -9999 -9999 -9999 -9999 -9999 -9999 -9999 -9999 -9999 -9999 -9999 -9999 -9999 -9999 -9999 -9999 -9999 -9999 -9999 -15.94630 -16.14190 -16.23580 -16.34100 -16.24820 -16.33040 -16.43450 -16.53400 -16.63400 -16.62720 -9999 -9999 -9999 -9999 -9999 -9999 -9999 -9999 -9999 -9999 -9999 -9999 -9999 -9999 -9999 -9999 -9999 -9999 -9999 -9999
-9999 -9999 -9999 -9999 -9999 -9999 -9999 -9999 -9999 -9999 -9999 -9999 -9999 -9999 -9999 -9999 -9999 -9999 -9999 -9999 -9999 -9999 -9999 -9999 -9999 -9999 -9999 -9999 -9999 -9999 -9999 -9999 -9999 -9999 -9999 -9999 -9999 -9999 -15.45270 -15.96840 -16.04200 -15.85220 -16.04910 -15.95180 -15.85390 -15.95720 -15.95170 -16.05290 -16.15010 -16.25200 -16.15650 -16.14250 -16.25990 -13.45370 -9999 -9999 -9999 -9999 -9999 -9999 -9999 -9999 -9999 -9999 -9999 -9999 -9999 -9999 -9999 -9999 -9999 -9999
-9999 -9999 -9999 -9999 -9999 -9999 -9999 -9999 -9999 -9999 -9999 -9999 -9999 -9999 -9999 -9999 -9999 -9999 -9999 -9999 -9999 -9999 -9999 -9999 -9999 -9999 -9999 -9999 -9999 -9999 -9999 -9999 -9999 -9999 -9999 -9999 -9999 -9999 -9999 -9999 -15.57000 -15.56280 -16.08300 -16.28060 -16.17160 -16.37550 -16.17240 -15.77240 -15.85980 -16.07360 -16.16270 -15.86420 -15.97820 -13.46420 -9999 -9999 -9999 -9999 -9999 -9999 -9999 -9999 -9999 -9999 -9999 -9999 -9999 -9999 -9999 -9999 -9999 -9999
-9999 -9999 -9999 -9999 -9999 -9999 -9999 -9999 -9999 -9999 -9999 -9999 -9999 -9999 -9999 -9999 -9999 -9999 -9999 -9999 -9999 -9999 -9999 -9999 -9999 -9999 -9999 -9999 -9999 -9999 -9999 -9999 -9999 -9999 -9999 -9999 -9999 -9999 -9999 -9999 -9999 -9999 -9999 -9999 -15.69760 -15.98740 -16.68710 -16.49630 -16.29610 -16.00150 -16.10630 -16.70410 -16.10400 -13.58690 -9999 -9999 -9999 -9999 -9999 -9999 -16.32420 -9999 -9999 -9999 -9999 -9999 -9999 -9999 -9999 -9999 -9999 -9999
-9999 -9999 -9999 -9999 -9999 -9999 -9999 -9999 -9999 -9999 -9999 -9999 -9999 -9999 -9999 -9999 -9999 -9999 -9999 -9999 -9999 -9999 -9999 -9999 -9999 -9999 -9999 -9999 -9999 -9999 -9999 -9999 -9999 -9999 -9999 -9999 -9999 -9999 -9999 -9999 -9999 -15.91360 -15.91720 -16.11140 -16.11180 -15.51760 -16.11510 -16.41470 -16.12560 -15.82090 -16.41730 -16.62780 -16.02790 -15.82750 -9999 -9999 -9999 -9999 -9999 -15.93090 -16.14090 -15.93870 -16.14520 -16.15160 -16.14560 -16.13560 -16.22560 -16.21160 -16.10800 -15.98040 -15.88190 -15.95490
-9999 -9999 -9999 -9999 -9999 -9999 -9999 -9999 -9999 -9999 -9999 -9999 -9999 -9999 -9999 -9999 -9999 -9999 -9999 -9999 -9999 -9999 -9999 -9999 -9999 -9999 -9999 -9999 -9999 -9999 -9999 -9999 -9999 -9999 -9999 -9999 -9999 -9999 -9999 -9999 -9999 -15.43330 -15.53410 -15.43310 -14.93780 -15.03200 -15.03670 -15.33920 -15.53280 -15.54720 -15.85040 -17.05380 -17.24770 -16.75540 -16.35640 -16.65730 -15.96440 -9999 -15.56340 -15.76210 -15.87230 -16.06780 -16.17310 -16.56660 -16.57650 -16.36150 -16.25240 -16.13240 -16.02530 -16.01960 -15.89940 -15.78130
-9999 -9999 -9999 -9999 -9999 -9999 -9999 -9999 -9999 -9999 -9999 -9999 -9999 -9999 -9999 -9999 -9999 -9999 -9999 -9999 -9999 -9999 -9999 -9999 -9999 -9999 -9999 -9999 -9999 -9999 -9999 -9999 -9999 -9999 -9999 -14.07420 -14.18410 -14.67430 -14.77430 -14.36140 -14.06400 -14.24560 -14.35620 -14.35730 -14.35380 -14.44960 -14.45430 -14.74790 -15.14450 -15.56360 -16.35520 -17.17010 -18.27570 -17.67620 -17.78400 -18.08490 -16.97920 -16.28360 -15.68090 -15.68830 -15.79210 -16.08720 -16.19150 -17.69340 -17.39040 -16.37080 -16.47090 -16.25450 -15.94370 -15.93080 -15.92540 -15.69910
-9999 -9999 -9999 -9999 -9999 -9999 -9999 -9999 -9999 -9999 -9999 -9999 -9999 -9999 -9999 -9999 -9999 -9999 -9999 -9999 -9999 -9999 -9999 -9999 -9999 -9999 -9999 -9999 -9999 -9999 -9999 -9999 -9999 -9999 -13.40520 -14.10200 -14.09920 -14.19180 -14.09380 -13.69050 -13.48870 -13.57830 -13.68300 -13.68030 -13.77430 -13.97240 -14.07500 -14.57940 -15.37850 -16.58870 -17.48640 -17.79920 -18.99860 -19.40910 -19.21160 -18.10460 -17.00620 -16.51130 -15.41690 -15.41440 -16.01180 -16.91620 -17.22080 -17.92540 -16.61470 -16.29370 -16.38320 -16.76230 -17.74900 -17.24240 -17.83110 -17.81550
-9999 -9999 -9999 -9999 -9999 -9999 -9999 -9999 -9999 -9999 -9999 -9999 -9999 -9999 -9999 -9999 -9999 -9999 -9999 -9999 -9999 -9999 -9999 -9999 -9999 -9999 -9999 -9999 -9999 -9999 -9999 -9999 -9999 -13.41170 -13.31640 -13.61910 -13.61350 -13.61800 -13.51060 -13.11070 -13.10220 -13.29960 -13.29330 -13.29440 -13.39330 -13.60130 -14.10560 -14.59790 -16.40140 -17.61160 -18.61170 -19.62680 -21.32310 -19.91770 -18.82260 -18.02680 -17.82450 -16.23630 -15.63480 -16.02890 -16.64260 -16.44550 -16.14170 -15.84880 -16.03100 -16.31840 -16.90730 -17.08620 -17.36820 -17.15820 -17.55090 -17.44280
-9999 -9999 -9999 -9999 -9999 -9999 -9999 -9999 -9999 -9999 -9999 -9999 -9999 -9999 -9999 -9999 -9999 -9999 -9999 -9999 -9999 -9999 -9999 -9999 -9999 -9999 -9999 -9999 -9999 -9999 -9999 -12.33550 -12.53970 -12.93770 -12.83640 -13.04100 -12.83140 -12.84050 -12.73100 -12.42850 -12.63020 -12.63320 -12.82090 -12.91490 -13.21940 -13.51130 -13.83280 -14.11940 -15.42140 -16.73720 -18.14340 -19.24030 -21.54450 -20.24910 -19.04780 -18.05450 -16.55330 -16.44250 -17.25010 -16.86600 -16.17090 -15.96280 -16.16380 -15.35660 -15.84400 -16.42300 -16.51560 -16.20380 -16.29640 -17.66950 -18.47510 -18.96060
-9999 -9999 -9999 -9999 -9999 -9999 -9999 -9999 -9999 -9999 -9999 -9999 -9999 -9999 -9999 -9999 -9999 -9999 -9999 -9999 -9999 -9999 -9999 -9999 -9999 -9999 -9999 -9999 -9999 -11.75430 -11.94520 -12.45370 -12.45350 -12.65890 -12.46100 -12.55900 -12.45090 -12.35270 -12.35640 -11.95550 -12.05570 -12.15310 -12.15380 -12.34920 -12.74730 -13.55330 -13.95120 -14.55750 -16.76170 -17.75000 -18.76020 -20.56320 -21.46860 -19.77530 -19.66990 -18.57050 -16.78130 -16.88320 -16.39030 -15.59250 -15.88850 -16.18860 -16.28790 -16.27220 -15.75890 -16.04620 -17.04080 -17.62350 -17.91700 -17.70130 -17.28600 -19.08360
-9999 -9999 -9999 -9999 -9999 -9999 -9999 -9999 -9999 -9999 -9999 -9999 -9999 -9999 -9999 -9999 -9999 -9999 -9999 -9999 -9999 -9999 -9999 -9999 -12.17150 -12.07370 -11.76530 -11.36410 -11.56590 -11.86530 -12.16550 -11.96930 -12.07690 -12.17950 -12.37600 -11.97230 -12.17090 -12.17610 -12.18000 -11.87110 -11.57310 -11.77290 -11.76190 -11.86280 -12.36280 -13.07180 -13.27400 -14.87080 -16.68040 -17.57670 -17.78590 -20.18470 -20.29300 -18.79360 -17.79580 -17.10290 -16.30290 -16.10610 -16.40570 -15.91550 -15.51960 -15.62050 -15.40860 -15.28360 -15.37800 -16.06090 -15.65640 -15.34250 -15.93240 -16.81750 -19.31860 -19.80220
-9999 -9999 -9999 -9999 -9999 -9999 -11.71600 -11.61100 -11.42010 -11.41990 -11.31810 -9999 -9999 -9999 -9999 -9999 -9999 -9999 -9999 -9999 -9999 -11.67850 -12.37870 -12.38370 -12.28520 -12.27680 -12.07020 -11.97750 -11.87600 -11.77300 -11.67790 -11.58250 -11.97370 -11.79000 -11.98620 -11.88250 -11.97210 -11.67960 -11.67450 -11.46660 -11.36200 -11.25750 -11.45660 -11.65920 -12.05780 -12.75180 -13.06360 -14.36840 -16.16400 -17.07500 -18.28190 -19.18640 -19.99250 -18.71200 -16.91080 -16.21800 -16.21680 -15.93150 -15.43480 -15.04220 -15.24130 -15.43650 -16.12770 -16.40660 -16.69470 -15.08230 -14.66900 -15.45560 -15.75590 -15.64430 -16.22850 -18.62070
-9999 -9999 -9999 -9999 -9999 -11.28960 -11.49520 -12.18460 -11.59030 -11.79620 -11.58730 -12.38560 -12.17950 -12.47430 -9999 -9999 -9999 -11.98680 -12.20310 -12.13040 -12.12800 -12.22290 -12.31210 -12.09410 -12.30730 -11.88980 -11.89080 -11.48920 -11.38980 -11.29470 -10.99840 -10.99140 -10.98450 -10.89190 -10.98700 -11.18610 -11.17500 -11.17730 -11.17720 -10.87120 -10.85920 -10.85710 -10.94950 -11.04860 -11.65280 -12.14690 -13.44860 -15.15320 -16.35950 -17.06040 -17.87400 -18.36690 -18.17710 -16.98120 -16.48910 -16.40040 -16.41030 -15.61070 -14.52610 -15.13680 -14.94880 -15.64330 -16.04260 -15.62110 -16.70670 -17.89810 -17.29190 -17.08040 -16.37610 -16.56680 -16.65420 -18.14800
-9999 -10.67900 -10.67500 -10.57030 -11.06970 -11.07340 -11.36810 -11.46990 -11.76150 -11.55320 -11.76000 -12.15250 -12.35310 -12.14980 -11.84500 -11.45730 -10.85080 -11.76470 -11.97710 -11.50220 -11.41960 -11.34280 -11.44170 -11.22800 -11.01960 -11.40600 -11.29930 -10.99720 -11.18250 -10.89390 -10.48690 -10.39660 -10.45490 -10.48250 -10.48440 -10.67370 -10.66560 -10.76910 -10.66670 -10.46510 -10.46650 -10.34830 -10.44820 -10.64820 -10.94070 -11.54120 -12.74600 -13.93380 -15.05190 -16.04860 -16.95360 -18.25850 -18.06700 -18.57660 -17.97880 -17.40330 -16.50700 -14.81440 -15.32530 -15.23780 -14.82880 -15.72280 -16.72500 -16.42720 -17.42780 -17.41850 -16.50850 -17.40200 -16.38460 -17.48700 -18.77270 -20.15290
-9999 -10.95480 -10.44690 -10.54290 -10.43550 -10.34140 -10.44810 -10.63990 -10.64020 -11.03100 -11.09890 -11.52370 -12.02500 -11.72810 -11.71860 -11.72090 -11.61830 -11.84210 -11.56870 -11.18090 -11.41340 -11.42730 -11.45150 -10.74800 -10.73070 -10.42370 -10.60550 -10.69440 -10.59260 -10.45900 -10.18060 -9.88678 -9.97696 -9.96859 -9.97728 -10.06910 -10.17080 -10.06180 -9.95130 -10.24940 -10.05140 -9.92920 -10.03400 -10.13400 -10.33330 -10.63030 -11.23840 -12.62110 -13.83350 -15.02920 -15.44080 -17.14630 -17.45510 -19.26130 -19.17700 -17.38470 -16.48630 -15.90300 -15.49820 -16.00520 -15.59600 -16.20080 -16.61100 -16.21620 -16.82640 -17.11160 -17.43160 -16.92690 -16.92040 -17.00310 -17.19720 -18.58220
-9999 -9999 -9999 -10.81740 -10.81390 -10.30800 -10.31310 -10.31270 -10.51100 -10.11100 -10.60790 -10.29650 -10.49490 -10.49800 -11.10270 -11.00270 -11.00360 -10.52120 -10.74690 -10.97020 -10.99800 -10.90930 -11.02500 -10.61940 -10.32190 -10.02570 -9.92228 -9.90007 -9.49832 -9.47620 -9.48032 -9.47311 -9.48230 -9.27466 -9.47562 -9.56693 -9.65964 -9.65471 -9.75682 -9.64935 -9.73011 -9.68429 -9.61039 -9.72761 -9.83238 -10.02010 -10.72660 -11.82310 -12.52190 -13.43460 -14.82900 -16.13330 -17.34010 -18.34840 -17.76060 -17.76860 -16.37020 -16.08140 -16.40380 -16.39140 -15.39190 -16.48240 -16.79790 -16.89770 -16.61160 -16.40990 -15.91000 -16.61560 -17.21840 -17.72850 -17.81470 -18.01220
-9999 -9999 -9999 -9999 -9999 -9999 -9.89092 -9.77798 -10.08570 -9.77971 -9.87251 -9.96648 -9.97144 -9.67059 -9.87032 -9.86495 -9.98857 -10.00520 -9.63705 -9.74520 -9.87023 -10.07710 -9.88500 -9.79118 -9.59371 -9.79730 -9.49825 -8.89563 -8.80649 -8.79477 -8.87795 -8.87574 -8.96875 -8.96113 -8.86786 -8.96516 -9.15171 -9.24996 -9.24485 -9.33364 -9.59391 -9.45073 -9.36248 -9.18709 -9.30574 -9.42068 -9.72234 -11.31220 -11.80520 -13.11930 -15.02150 -16.72490 -17.23390 -15.84230 -16.94890 -17.36300 -16.66270 -17.38200 -18.06960 -17.16690 -17.76760 -17.77110 -17.96860 -17.97870 -17.28530 -17.48330 -16.00170 -16.60770 -17.20800 -17.31270 -17.71240 -17.60990
-9999 -9999 -9999 -9999 -9999 -9999 -9.36512 -9.45654 -9.26501 -9.66027 -9.45482 -9.51303 -9.45048 -9.14263 -9.24260 -9.44784 -9.47399 -9.39310 -9.61877 -9.63861 -9.63729 -9.65395 -9.65899 -9.46395 -9.37129 -8.86224 -8.46689 -8.16939 -8.18363 -8.27478 -8.38367 -8.36664 -8.37432 -8.26053 -8.55424 -8.55901 -8.45617 -8.54427 -8.54848 -8.99730 -8.97847 -8.93136 -9.01846 -8.94208 -8.86522 -8.99655 -9.11680 -9.40468 -10.10770 -10.90800 -12.30700 -13.31390 -14.22410 -14.92700 -15.23970 -14.15200 -14.85240 -16.05830 -15.65480 -16.25730 -18.25680 -17.95390 -17.95440 -17.47040 -17.57620 -16.27180 -16.07880 -15.88940 -15.89140 -16.09900 -17.39750 -17.39800
-9999 -9999 -9999 -9999 -9999 -9999 -9999 -9999 -9999 -9999 -8.42567 -9.28186 -9.21221 -8.20513 -8.70504 -8.94673 -9.05298 -9.17503 -8.78767 -8.80104 -8.90982 -9.00977 -8.82514 -8.83805 -8.63459 -8.84569 -8.55362 -7.84469 -7.74764 -7.85711 -7.95793 -7.95567 -7.96213 -7.96238 -7.92575 -7.65327 -7.94976 -7.84952 -7.82601 -8.08687 -8.23932 -8.30239 -8.26374 -8.39283 -8.60793 -8.64236 -8.76493 -8.79474 -9.00009 -9.19600 -9.40107 -9.70995 -10.42690 -10.42870 -10.63540 -10.55310 -10.93980 -11.44270 -11.94150 -12.53710 -12.63490 -13.53840 -13.93690 -14.84360 -15.14970 -14.24760 -14.16070 -14.36100 -14.97590 -14.77680 -15.78040 -17.48020
-9999 -9999 -9999 -9999 -9999 -9999 -9999 -9999 -9999 -9999 -7.40235 -7.79254 -8.49421 -7.87865 -7.90370 -8.62318 -8.54571 -8.55200 -8.65644 -8.66322 -8.57854 -8.69212 -8.69688 -8.50784 -8.40191 -7.91566 -7.52392 -7.32173 -7.22335 -7.31852 -7.43247 -7.42120 -7.43622 -7.34375 -7.64744 -7.54281 -7.64383 -7.74355 -7.99470 -7.95967 -8.02007 -8.18223 -8.24869 -8.35055 -8.47150 -8.50295 -8.52168 -8.64989 -8.77034 -8.99784 -8.89727 -9.30418 -9.30796 -9.62239 -9.52712 -9.72539 -9.82806 -10.02540 -10.02630 -10.82030 -10.92560 -10.92100 -10.92670 -11.03410 -11.04120 -11.03520 -11.34330 -11.64600 -11.95350 -14.06020 -14.67030 -15.46970
-9999 -9999 -9999 -9999 -9999 -9999 -9999 -9999 -9999 -9999 -9999 -9999 -7.36574 -8.16322 -8.18307 -7.90956 -7.51936 -6.92237 -7.63059 -7.44661 -7.44140 -7.75554 -7.66878 -7.47675 -7.27949 -6.88040 -6.89401 -6.88968 -6.89789 -6.69256 -6.70294 -6.99874 -6.98807 -7.20725 -7.31033 -7.31985 -7.42784 -7.82727 -7.87423 -7.93715 -8.00195 -8.04756 -8.11420 -8.09119 -8.11498 -8.35052 -8.38102 -8.40131 -8.62336 -8.66167 -8.88370 -9.19734 -9.40091 -9.60527 -9.11331 -9.21164 -9.30982 -10.01150 -10.20790 -10.51190 -10.51550 -10.60220 -10.60430 -10.51350 -10.41610 -10.42180 -10.42560 -10.43470 -10.93220 -11.94110 -14.14700 -15.76030
-9999 -9999 -9999 -9999 -9999 -9999 -9999 -9999 -9999 -9999 -9999 -9999 -6.73696 -7.15763 -7.37091 -7.17411 -6.89403 -6.79236 -7.29894 -7.31267 -7.22221 -7.71841 -7.43290 -6.94390 -7.25572 -6.74941 -6.55526 -6.36371 -6.46455 -6.36395 -6.27306 -6.46448 -6.57709 -6.79925 -7.21023 -7.11875 -7.53245 -8.01368 -7.78119 -7.74120 -7.60326 -7.35025 -7.41319 -7.48214 -7.69199 -7.91957 -8.03790 -8.06245 -8.18816 -8.61100 -8.72669 -8.76808 -8.88901 -9.09417 -8.89517 -8.79727 -8.99824 -9.59115 -9.69433 -9.98934 -9.98911 -10.08760 -10.08370 -9.99736 -9.80429 -9.90350 -9.90798 -10.12420 -10.91630 -12.42400 -13.33430 -13.33700
-9999 -9999 -9999 -9999 -9999 -9999 -9999 -9999 -9999 -9999 -9999 -6.41053 -6.82550 -6.33991 -6.24327 -7.34959 -7.45490 -7.36777 -7.46428 -7.48864 -6.59477 -7.49802 -7.10456 -7.10999 -7.11691 -6.92889 -6.83363 -6.52992 -6.13781 -5.94215 -5.96385 -6.17115 -6.18052 -6.29313 -6.50166 -6.21489 -6.81856 -7.08908 -7.56703 -8.02694 -7.90504 -7.96455 -8.01087 -7.88258 -7.67361 -7.49739 -7.52077 -7.54000 -7.76927 -7.99711 -8.20837 -8.43556 -8.67466 -8.57439 -8.27900 -8.48721 -8.77979 -9.17222 -9.37696 -9.47903 -9.47540 -9.47615 -9.47646 -9.48259 -9.48411 -9.39272 -9.79614 -10.49770 -11.50320 -13.10320 -14.62070 -15.12260
-9999 -9999 -9999 -9999 -9999 -9999 -9999 -9999 -9999 -9999 -9999 -6.09389 -6.10128 -6.11228 -6.01835 -6.81396 -7.03473 -7.04294 -7.05380 -7.06085 -6.86976 -6.88449 -6.69270 -6.39328 -6.40221 -6.31748 -6.40614 -6.41075 -6.01503 -6.11971 -6.25088 -6.17291 -6.28675 -6.29553 -6.40782 -6.31843 -6.10472 -6.89042 -7.44967 -7.32666 -7.29478 -7.55729 -7.81774 -7.78586 -7.65865 -7.48216 -7.40333 -7.31618 -7.23028 -7.27809 -7.40780 -7.56934 -7.76460 -8.07276 -8.37159 -8.47194 -8.75914 -8.76378 -8.86383 -8.95534 -9.05572 -9.16336 -9.05467 -8.96300 -8.96859 -8.76904 -9.57555 -9.88886 -11.58420 -13.19230 -13.10550 -12.90600
