data/hydroclimate-scenarios/1948-2000.Pcorr55N_Pref_Tref/monthly_summaries/tavg_monthly_avg_jul.1950-2000.asc
ncols	311
nrows	91
xllcenter	102.75
yllcenter	31.75
cellsize	0.5
NODATA_value	-9999
[rows 32 to 63 of 91, columns 0 to 71 of 311]
-9999 -9999 -9999 -9999 -9999 -9999 -9999 -9999 -9999 -9999 -9999 16.55360 16.54400 16.72970 16.82280 16.51250 16.60130 16.68920 16.88020 17.07120 16.77680 17.08120 17.67250 17.47870 17.58130 17.58690 17.18830 17.28310 17.19180 17.38860 17.00780 17.11740 17.32520 17.23780 16.84120 17.74390 17.74840 17.74310 17.43270 17.13020 17.03460 17.12840 17.23240 16.83500 16.63560 16.63680 16.62930 16.33390 16.21780 16.71250 16.90570 16.78850 16.87050 16.78120 17.09340 17.40560 17.31710 17.41880 17.53840 17.24140 17.14700 17.15890 17.27730 17.27800 17.28440 17.08310 15.98360 14.47860 12.77920 11.17710 11.47160 9.17571
-9999 -9999 -9999 -9999 -9999 -9999 -9999 -9999 -9999 -9999 -9999 16.66060 16.34380 16.63180 16.52430 16.70950 16.79970 17.08500 17.47950 17.45980 17.56070 17.67650 17.86690 17.67990 17.08770 16.58430 16.38790 16.59680 17.08970 17.89330 17.29160 17.21900 17.23840 17.33430 17.54300 17.86880 17.84320 17.64830 17.44240 16.33520 17.03640 16.22470 16.84280 16.83890 16.44320 16.24130 16.03440 16.12000 16.21370 16.31190 16.39690 16.87860 16.86730 17.17210 17.58080 17.60700 17.51320 17.31890 17.33070 17.34140 17.25110 17.15990 17.66580 17.67510 17.26700 16.37270 15.67890 14.37320 13.27210 11.77570 11.96960 9.87979
-9999 -9999 -9999 -9999 -9999 -9999 -9999 -9999 -9999 -9999 -9999 -9999 16.84950 16.93550 17.11600 17.20520 17.39710 17.78030 18.17460 18.46250 18.46620 17.97240 17.17510 16.48320 15.98640 14.48330 14.78600 14.59450 15.99090 16.59960 16.90570 17.72220 17.62850 17.63980 17.52320 17.55630 17.35110 17.44820 17.24460 16.54960 16.54380 16.43530 16.44080 17.13850 16.84430 16.54800 16.73220 16.91440 16.90320 16.99850 17.29160 17.07300 17.06660 17.27750 17.09330 17.19950 17.31400 17.61040 17.42270 17.62820 17.63850 17.54480 17.06030 16.65950 16.45620 15.97130 15.57440 14.07450 11.67070 10.57380 12.06430 11.27390
-9999 -9999 -9999 -9999 -9999 -9999 -9999 -9999 -9999 -9999 -9999 -9999 16.95580 17.23530 17.21950 17.50790 17.99310 18.27390 18.37010 18.36480 18.35900 16.26470 15.58190 14.87470 13.69200 14.50370 14.88870 13.88730 15.09170 15.29420 15.49840 15.91780 17.32480 17.73940 17.65600 17.54410 17.24370 17.54080 17.53370 16.94260 16.84370 16.23010 16.43170 16.93040 17.42480 17.33600 17.52610 17.10450 17.09970 16.49230 16.47400 16.97080 16.96510 17.06910 17.48040 17.48760 17.59400 17.80720 17.71880 17.61360 17.33120 16.14570 15.63910 15.22320 15.43730 15.73660 14.63410 13.74650 12.44390 11.65720 10.95690 11.24550
-9999 -9999 -9999 -9999 -9999 -9999 -9999 -9999 -9999 -9999 -9999 -9999 16.95860 17.63820 17.71560 17.90330 17.99650 17.87710 17.67230 17.15800 16.87060 15.66400 15.27700 14.38280 14.28200 13.68770 14.38400 15.39170 14.88000 15.89100 16.29910 17.31140 16.93070 16.73810 17.73760 18.04520 17.83400 17.53330 17.73660 17.34190 16.22980 15.43260 16.23270 16.81650 17.02640 16.82630 16.71840 15.89540 16.08950 16.88130 16.86180 17.05280 17.35710 17.16950 17.57510 17.57670 17.59470 17.49920 17.10720 16.71770 16.52370 15.41670 15.51500 15.80500 14.99990 14.39260 13.80880 13.41250 11.72320 11.71770 11.41670 11.12790
-9999 -9999 -9999 16.24410 16.32760 16.23890 16.53460 16.81660 16.51350 -9999 16.79280 16.98880 17.56460 17.85250 17.92650 17.81430 17.50640 17.59810 16.68010 16.27400 16.37260 15.97730 15.38520 14.98650 14.59150 14.69430 15.29440 14.18680 14.49030 13.19060 15.09970 16.61540 16.03320 14.43620 16.14000 16.74420 16.33210 16.32920 16.44780 17.03200 16.93570 15.93320 16.51840 16.72090 16.32060 15.52100 14.50370 15.79360 15.88410 15.97750 15.66180 15.64570 15.25170 14.26350 15.06950 13.77360 13.29510 16.19790 14.91000 15.92040 16.40450 15.40800 15.10200 14.68250 14.76940 14.37890 13.27670 12.48620 12.18640 11.48930 10.79190 10.09300
-9999 -9999 -9999 16.72370 16.73520 16.73700 16.42910 16.53580 16.83090 17.01020 17.40480 17.89380 17.36760 17.35440 16.74630 16.23110 15.72310 15.82280 15.60110 15.78490 15.98750 15.07870 15.87950 16.10290 15.19860 15.39470 14.80650 14.49200 13.69790 12.60990 14.30750 14.31670 14.53550 13.83720 14.52940 14.73650 14.72780 13.83590 15.73800 14.62820 14.63760 15.73020 16.43120 15.72720 15.12470 14.01700 13.90200 16.00740 14.77530 14.37290 13.97210 14.14640 13.55480 13.46780 15.06400 13.97880 15.09140 15.09470 14.00490 14.40780 14.70280 14.29370 13.98740 14.06930 13.65420 14.35960 13.65410 13.65050 12.55680 11.56020 10.26110 10.06830
-9999 -9999 -9999 16.93200 16.82410 16.43030 16.32960 16.73200 17.31950 17.72050 17.61280 17.30660 16.68980 15.78110 14.47500 15.16440 14.65600 14.83970 15.52240 15.70590 15.40360 14.39900 14.89820 14.30680 13.29910 14.30470 14.20720 14.00000 14.20040 12.10670 10.62000 11.92260 13.62830 13.83300 13.33900 13.83120 14.53300 14.82950 15.13330 14.53400 14.43890 15.03230 15.82440 16.03240 16.52260 15.41810 15.10510 14.89740 14.58070 13.47460 12.86440 14.54830 14.05070 14.26100 14.77170 14.57800 15.09350 15.40060 14.40020 14.19440 14.89630 14.78770 14.97590 13.85850 13.94180 13.84330 13.23490 12.33960 10.34320 9.83611 8.74171 9.84351
-9999 -9999 -9999 16.83090 17.62900 16.63210 17.22770 16.73110 16.72560 16.73240 17.22040 17.43340 15.61730 14.70870 14.30040 14.39630 13.77060 13.35080 13.83870 14.61820 13.41090 12.30770 11.20460 12.29510 12.80400 13.70940 14.20990 14.10950 11.90820 10.31700 11.32000 14.52290 13.12280 11.23190 11.31940 12.51940 14.23020 15.62820 14.72910 15.23000 14.93150 13.64220 13.22460 14.52490 16.82000 15.20420 14.20460 15.39640 13.67740 14.25940 12.84600 13.93800 13.75450 12.95510 13.86500 14.27370 14.47960 13.87940 13.38200 13.57350 12.37770 13.98190 14.15320 14.04480 13.52040 13.62100 12.81660 11.71770 9.61258 9.00091 10.51810 11.71190
-9999 -9999 -9999 17.13260 17.83540 16.43240 16.62740 16.53570 15.93430 16.43200 17.44710 16.35940 14.75310 13.73470 12.53700 13.01720 12.49300 13.26310 14.64740 15.43420 13.91630 12.81210 11.80290 13.80570 14.19540 14.80000 15.70590 14.70200 12.81180 11.31640 11.21930 12.11930 11.61930 12.32650 12.91910 13.21850 13.32490 14.71850 15.22490 15.21960 14.32170 13.72640 13.32060 13.62480 15.00500 15.00040 14.88710 14.78940 14.37520 13.96020 13.65020 14.93520 14.04250 12.55430 14.36970 12.86880 14.46860 14.56200 13.66350 12.26470 12.66130 13.04800 13.34030 12.22510 11.90330 13.29130 12.29940 10.69680 9.68531 10.98680 12.57930 -9999
-9999 -9999 -9999 -9999 16.33840 15.93740 16.33420 15.52940 15.34450 15.93850 17.27140 16.49060 12.69580 14.77470 -9999 -9999 -9999 -9999 -9999 11.44050 11.31910 12.10760 11.31000 10.30860 11.59780 12.79810 15.19840 14.29460 13.40810 13.71680 13.01850 12.62520 12.42450 13.62040 15.02450 15.52070 14.92030 15.72270 15.52910 15.42160 15.71820 15.31830 14.61810 13.91260 14.49890 14.99170 14.79190 13.67190 14.46830 15.16640 14.34630 14.02970 14.74200 13.05300 12.85480 12.15550 11.76580 12.05070 12.25450 12.84660 12.15020 11.63200 11.91730 12.41130 12.29310 11.67760 12.08060 13.08020 13.47110 -9999 -9999 -9999
-9999 -9999 16.76660 16.34640 16.14550 16.44770 16.14580 14.83640 15.85920 16.18160 17.19300 15.91480 12.92300 -9999 -9999 -9999 -9999 -9999 9.46736 11.23870 11.21340 13.01580 13.10560 11.89910 12.30200 12.90120 15.29450 15.49980 15.09680 15.01150 14.31580 13.91600 14.12860 14.21700 14.72950 16.03330 15.43710 15.73000 15.43380 15.53660 15.12950 15.12800 14.72390 14.91580 15.60460 15.68620 15.47100 15.57470 16.35680 17.35730 16.84120 16.33800 15.73780 16.14520 14.84710 15.53820 14.33590 12.84040 12.73500 14.43430 14.23570 13.91510 13.79880 13.28880 13.77590 14.06870 14.46740 -9999 -9999 -9999 -9999 -9999
-9999 -9999 16.57040 16.46670 16.84890 16.60910 16.75080 15.34560 15.86680 16.60090 16.01720 15.54020 15.65010 -9999 -9999 -9999 -9999 13.60760 10.67740 12.64440 12.42230 13.01060 13.01130 13.60650 14.70680 15.99700 15.79990 15.29850 15.49640 15.80750 15.11290 13.91870 14.91890 15.51700 15.32860 15.63760 15.94390 16.14750 15.03990 14.14680 14.84640 13.95900 13.93240 14.52260 14.51110 15.39870 16.27910 15.87370 17.96170 17.45270 17.73550 17.73220 17.63570 17.43460 17.23380 18.52950 17.62630 14.81730 14.01650 15.21320 15.51720 14.00030 14.89530 16.07390 16.65650 -9999 -9999 -9999 -9999 -9999 14.97240 -9999
-9999 -9999 16.96860 16.05880 16.24840 16.06030 16.44970 16.07120 15.99870 16.12690 15.15240 15.04120 17.44540 -9999 -9999 -9999 -9999 11.51060 11.87970 12.65570 12.62430 13.80920 14.70370 15.31490 15.21030 15.81440 14.91360 15.71380 15.40990 15.60570 14.90900 14.82550 14.62980 14.72840 15.54010 15.23050 15.14500 15.13670 14.55260 15.45820 15.26630 15.56100 15.24320 14.42340 15.11720 14.79950 15.29510 15.47920 16.66030 17.05110 18.42970 17.92170 17.62460 17.32850 17.32210 19.31940 19.12010 16.91410 16.81650 17.00700 18.30150 18.17890 18.06910 16.65180 15.05330 14.35140 16.25840 14.77600 15.78150 -9999 -9999 -9999
-9999 -9999 -9999 16.38590 15.87320 16.07080 16.57700 17.10060 16.43100 15.64500 16.73820 17.03980 -9999 -9999 -9999 -9999 12.91490 12.20270 13.37090 13.65630 13.92960 15.12060 14.83350 15.13340 15.13660 15.23680 15.23570 15.03030 15.33020 13.82490 13.91570 14.92220 15.72370 15.63500 15.82810 16.23230 16.74230 16.85490 16.94450 17.06390 16.66590 16.47030 15.65330 15.94320 17.02670 16.81920 17.50010 18.28550 17.87030 18.16000 17.34250 17.74040 18.22520 17.31930 16.50900 16.91680 17.10880 15.90400 16.09760 17.50450 17.58110 17.37180 15.26490 11.67640 9.47403 13.86320 15.76690 15.58240 16.19410 15.38090 -9999 -9999
-9999 -9999 -9999 -9999 16.69350 16.40630 16.71560 16.33560 15.83420 17.64210 18.23510 -9999 -9999 -9999 -9999 14.05310 13.12330 13.91390 14.79010 14.55530 15.14220 15.73660 15.44830 14.55050 14.64830 15.85390 16.04660 16.14560 15.54690 15.44040 14.83690 16.42950 16.82440 16.63300 15.73590 16.44120 16.73820 17.14840 16.95940 17.16930 16.47700 16.37230 16.37750 16.85420 17.64490 17.73330 17.91880 18.50120 18.78550 18.86940 18.95780 19.06720 18.55790 18.24960 18.53450 19.02400 19.30630 16.99790 16.79260 17.78710 16.37950 14.87750 14.27850 14.27620 12.67650 14.07860 16.27710 16.89720 15.78810 15.96710 15.75980 15.34470
-9999 -9999 -9999 -9999 -9999 -9999 16.74390 17.03250 18.12750 18.43120 18.23430 -9999 -9999 -9999 -9999 -9999 14.83810 15.12850 15.40240 14.98450 14.95540 17.94610 15.25920 14.86130 15.26580 16.56000 17.07020 16.76630 16.97110 16.76460 16.15270 16.75120 17.43380 16.13020 16.43480 17.33750 16.85120 16.14970 17.06150 16.26950 16.07630 15.06400 15.26680 16.36400 16.75690 17.95060 18.53420 18.72120 18.79900 18.98870 19.36950 19.19100 19.40810 19.28480 19.17070 19.35290 19.04540 18.23030 17.70750 16.98360 15.69240 14.59780 13.90030 12.89250 11.58910 13.18760 15.89020 17.80090 16.99420 15.97290 15.25140 15.13890
-9999 -9999 -9999 -9999 -9999 -9999 -9999 -9999 -9999 -9999 -9999 -9999 -9999 -9999 -9999 -9999 -9999 -9999 -9999 15.28670 15.46900 17.36190 16.26710 16.17540 16.17040 16.58390 16.68300 17.97800 18.08650 17.08020 16.87020 17.64400 16.72490 16.62080 16.53680 16.93550 17.24120 16.54290 16.55200 15.57300 15.06590 15.37120 15.77370 16.37940 16.87410 17.85520 18.83910 19.03070 19.22660 19.20060 19.40050 19.71240 19.62790 20.22350 19.90620 19.68230 19.25940 19.03180 17.81570 16.99760 14.90150 14.99910 14.09800 12.50450 11.79640 15.30650 17.20180 18.39640 17.77940 15.46560 14.75530 14.94470
-9999 -9999 -9999 -9999 -9999 -9999 -9999 -9999 -9999 -9999 -9999 -9999 -9999 -9999 -9999 -9999 -9999 -9999 15.77950 15.56790 16.37050 17.15830 17.26560 17.37550 17.57440 17.47270 18.07740 17.98600 17.69040 17.17970 17.25310 16.83490 16.41360 16.52370 16.71740 17.23820 16.83730 17.04160 15.95340 15.27380 14.97100 15.57200 15.76980 15.96010 16.45800 16.96860 18.15070 19.24110 19.93140 19.71610 20.02080 19.93590 20.25590 20.03900 19.71350 20.28640 19.85950 17.73660 16.40930 17.00360 17.09800 16.99810 15.69490 14.49880 13.50820 16.10800 17.40570 18.30980 17.89560 17.18130 16.07220 13.66830
-9999 -9999 -9999 -9999 -9999 -9999 -9999 -9999 -9999 -9999 -9999 -9999 -9999 -9999 -9999 -9999 -9999 15.98330 15.86010 16.75230 16.84200 17.03190 17.25000 17.66280 18.06840 17.97600 18.37360 17.87260 16.77820 16.65720 16.64820 17.02720 16.80750 17.60450 17.62740 16.62770 15.83610 16.03990 16.25750 15.48040 15.38690 15.97080 15.86440 16.65980 17.05970 17.76430 18.38070 18.65980 19.94340 19.92940 20.44340 20.66180 20.44170 19.93650 20.01330 20.08640 19.35980 17.73770 16.80780 17.49530 18.90550 17.49360 13.99920 13.40090 16.10190 16.90500 16.90840 18.11740 17.90210 17.39900 15.39000 15.17280
-9999 -9999 -9999 -9999 -9999 -9999 -9999 -9999 -9999 -9999 -9999 -9999 -9999 -9999 -9999 -9999 -9999 15.95970 16.14220 15.62140 16.22070 16.70370 17.31870 18.03900 19.54830 18.67040 18.77830 18.47350 18.26080 17.44440 17.42720 17.71500 17.99280 18.58930 17.51710 16.71860 16.11850 16.13280 15.05360 15.27400 15.57840 16.37080 16.76260 17.45390 17.74860 19.65980 19.97000 18.46580 19.05870 20.34420 20.76730 20.75110 20.54830 20.43700 20.41760 19.99340 18.26280 18.03930 18.50690 18.80030 17.98970 16.39820 16.00830 15.40480 13.51610 14.81090 16.80650 15.92710 17.42970 17.51880 17.00680 14.60800
-9999 -9999 -9999 -9999 -9999 -9999 -9999 -9999 -9999 -9999 -9999 -9999 -9999 -9999 -9999 -9999 14.64090 14.63290 14.71180 15.10160 16.68620 17.87600 17.79130 18.90270 20.71890 19.13670 19.54950 20.35390 19.55150 18.22570 18.10780 18.59730 18.57480 19.28510 18.70630 17.72430 16.72670 16.04060 15.25890 16.07290 16.68590 16.96410 17.16120 18.25580 18.94670 20.05030 20.26080 18.35570 18.97860 20.47000 20.85380 20.84930 20.44180 20.62180 20.51220 20.18610 19.75900 19.13360 19.00690 18.18530 18.38870 17.59810 16.19480 13.90620 15.20760 15.81590 16.52470 17.13420 18.33990 17.83530 16.62610 14.60970
-9999 -9999 -9999 -9999 -9999 -9999 -9999 -9999 -9999 -9999 -9999 -9999 -9999 15.31960 14.57240 14.54600 14.21860 13.09650 14.28890 16.36830 17.06270 16.64520 17.85210 18.16650 18.19210 20.10600 20.21950 20.22070 20.11870 20.00340 19.79360 19.58730 19.37080 19.36580 18.89620 17.81260 17.32100 17.13510 16.55480 16.55920 17.08410 17.97700 18.67040 19.95550 20.04650 19.95510 20.06120 19.96950 19.87370 19.76290 19.84460 20.14270 20.13360 21.01700 21.10860 20.58240 20.34920 20.23040 20.00370 19.59910 19.09210 18.89910 18.40490 18.20860 18.91180 19.80950 19.62230 19.04780 18.44400 17.64880 16.04770 13.84160
-9999 -9999 -9999 -9999 -9999 -9999 -9999 -9999 -9999 -9999 -9999 -9999 15.83830 15.10050 14.66860 14.73510 14.70200 14.77310 14.67300 17.64730 16.93430 17.81340 18.40320 18.54240 18.56230 20.47480 20.32020 20.57630 20.29130 20.47620 20.36420 20.15860 19.95090 19.65220 19.47730 18.53010 17.86220 17.46260 16.96840 17.37070 17.47400 18.48450 19.17040 20.16220 20.34310 20.35090 20.35830 20.16530 19.97130 19.73450 19.92830 20.12800 20.21330 21.00890 21.30350 21.38210 20.85010 19.82290 19.00100 18.99940 18.80190 19.49860 19.50700 18.90660 19.61060 20.32110 19.83580 19.13770 18.36020 16.47080 14.37130 14.14990
-9999 -9999 -9999 -9999 -9999 -9999 -9999 -9999 -9999 -9999 -9999 13.33440 14.10610 13.99200 14.96330 16.02740 16.37820 16.56420 16.64060 16.72950 17.30500 18.69410 18.97370 19.00020 19.02300 19.03040 18.96690 20.22340 20.85490 21.15320 20.64960 20.23560 20.13360 19.75550 19.60420 18.24540 17.08410 16.90260 17.29130 17.80090 18.69700 19.08860 20.16860 20.65180 20.64850 20.75970 20.66620 20.54680 20.34670 20.10850 20.10340 18.80200 19.48780 19.58680 19.97470 20.47270 21.04440 20.22680 20.90020 20.99890 20.70260 21.41170 21.32220 21.11920 21.01720 20.72810 19.84030 19.24680 17.37550 15.27440 12.88360 11.67260
-9999 -9999 -9999 -9999 -9999 -9999 -9999 -9999 -9999 -9999 13.84970 13.62630 15.19860 14.56520 16.04150 16.90770 17.28440 17.36170 17.23440 17.40880 17.88920 19.07670 19.15940 19.37200 19.37170 19.23500 19.22370 20.88450 21.12170 20.95780 20.85560 20.64160 20.34350 19.96900 19.31350 17.86420 17.10580 17.12810 17.92600 18.52270 19.51060 20.39590 21.28030 21.07180 21.05670 21.06450 21.05840 20.84520 20.73100 20.48910 20.36700 18.77800 19.36760 19.36410 19.86510 20.34830 20.03500 20.22210 21.40300 21.39690 21.20080 21.50960 21.41650 21.21970 20.92420 20.53010 19.85030 18.76340 16.57570 13.89060 12.01370 12.48300
-9999 -9999 -9999 -9999 -9999 -9999 -9999 -9999 -9999 16.06020 16.23290 15.90650 15.98230 16.35680 16.93880 17.21190 17.58750 17.85610 18.53210 18.81450 19.19110 18.96070 19.05300 19.72300 19.72340 20.12290 20.50420 20.47180 20.40830 20.54740 21.15680 20.03550 19.54950 18.26800 17.22110 16.77440 16.21380 17.63440 18.33820 19.93180 20.81420 21.80190 22.38260 22.37720 22.36740 22.05300 22.24850 21.23270 21.00380 20.97720 20.64620 19.43860 18.83490 17.14390 17.03640 21.02970 21.43650 21.91330 21.90030 21.80400 21.59810 21.51460 21.41650 21.11460 20.72140 19.83340 18.94990 17.06720 15.28550 13.79630 13.30480 12.79770
-9999 -9999 -9999 -9999 -9999 -9999 -9999 -9999 -9999 -9999 16.61970 16.61060 16.69690 17.27340 18.63680 18.09940 18.07580 18.33990 18.61810 18.69740 18.59350 19.19000 19.28910 -9999 -9999 -9999 -9999 -9999 -9999 20.71220 20.84700 20.14540 19.55940 18.28140 16.91950 16.75720 16.69700 18.30100 19.10100 20.71460 21.52470 22.40190 22.90010 22.78750 22.77730 22.45510 22.23710 21.62910 21.29150 21.36310 20.92680 20.11950 19.01140 17.31250 17.21270 21.30750 22.02110 22.01230 22.00490 21.89460 21.80050 21.50100 21.19770 20.71340 18.61600 19.02070 17.44290 15.85590 12.47260 12.50080 11.62160 12.72360
-9999 -9999 -9999 -9999 -9999 -9999 -9999 -9999 -9999 -9999 -9999 -9999 17.19830 18.06750 18.32230 20.78040 20.46840 20.45010 20.43390 -9999 -9999 -9999 -9999 -9999 -9999 -9999 -9999 -9999 -9999 -9999 -9999 -9999 -9999 18.88090 17.10460 17.65260 17.87730 19.37390 20.57630 21.47620 22.18350 22.80920 22.99550 23.07980 22.96250 22.85330 22.74750 22.52860 22.39990 22.16560 21.63390 19.20370 18.90540 19.00530 19.20790 21.60050 21.50830 21.60460 21.88500 21.98210 21.78070 21.19400 20.58460 20.19980 19.50280 18.71130 16.72240 15.35140 13.86060 14.07660 13.49500 13.60100
-9999 -9999 -9999 -9999 -9999 -9999 -9999 -9999 -9999 -9999 -9999 -9999 -9999 -9999 -9999 -9999 -9999 -9999 -9999 -9999 -9999 -9999 -9999 -9999 -9999 -9999 -9999 -9999 -9999 -9999 -9999 -9999 -9999 -9999 18.09840 17.82260 19.45240 19.84760 21.14360 22.14810 22.56580 22.78830 22.88020 23.36660 23.25060 22.94000 22.84930 22.73840 22.51120 22.27880 21.85570 19.74100 19.31770 19.32320 19.42310 22.02230 21.60890 20.69610 21.07720 21.37730 21.37740 20.97120 21.08580 20.49670 19.79430 18.20390 16.10910 14.54440 12.87060 13.48290 14.27440 -9999
-9999 -9999 -9999 -9999 -9999 -9999 -9999 -9999 -9999 -9999 -9999 -9999 -9999 -9999 -9999 -9999 -9999 -9999 -9999 -9999 -9999 -9999 -9999 -9999 -9999 -9999 -9999 -9999 -9999 -9999 -9999 -9999 -9999 -9999 18.98190 19.00870 18.71500 20.41930 22.22020 23.64420 23.66620 23.67470 23.67090 23.36610 23.25430 22.97510 22.86860 22.76510 22.54600 21.71010 21.28100 21.06780 21.16040 18.73870 18.93680 21.03590 21.62630 21.60030 21.28300 21.46630 21.67260 21.47240 21.07990 19.88560 18.88130 16.59730 15.80010 14.42140 12.65440 13.75880 -9999 -9999
-9999 -9999 -9999 -9999 -9999 -9999 -9999 -9999 -9999 -9999 -9999 -9999 -9999 -9999 -9999 -9999 -9999 -9999 -9999 -9999 -9999 -9999 -9999 -9999 -9999 -9999 -9999 -9999 -9999 -9999 -9999 -9999 -9999 -9999 -9999 -9999 -9999 -9999 23.02020 23.83850 23.86020 23.87830 23.78690 23.66540 23.39710 23.30970 23.12720 22.89700 22.67790 21.85300 21.51450 21.39960 21.38610 19.07230 18.85710 21.05390 21.14070 21.53250 21.30330 21.58350 21.45530 21.26750 19.77330 18.76920 16.47850 16.08570 14.98420 14.50720 15.21970 -9999 -9999 -9999
