data/hydroclimate-scenarios/1948-2000.Pcorr55N_Pref_Tref/monthly_summaries/tavg_monthly_avg_oct.asc
ncols	311
nrows	91
xllcenter	102.75
yllcenter	31.75
cellsize	0.5
NODATA_value	-9999
[rows 32 to 63 of 91, columns 0 to 71 of 311]
-9999 -9999 -9999 -9999 -9999 -9999 -9999 -9999 -9999 -9999 -9999 -6.12340 -6.23322 -6.14592 -6.24555 -6.56512 -6.57681 -6.58620 -6.49509 -6.42132 -6.51440 -6.22332 -5.64187 -5.94164 -5.74574 -5.75803 -6.05089 -5.95979 -5.95659 -5.74510 -6.08337 -6.20601 -6.12750 -6.14864 -6.56571 -5.86388 -5.93783 -5.91304 -6.27411 -6.53694 -6.71370 -6.57349 -6.54610 -6.80738 -6.96391 -6.98481 -7.20369 -7.83166 -8.07424 -8.03753 -8.08475 -8.39258 -8.50339 -8.79585 -8.60122 -8.40585 -8.39847 -8.30137 -8.29507 -8.48222 -8.49348 -8.49745 -8.28403 -8.19319 -7.81225 -7.50137 -8.21224 -9.13296 -10.41760 -11.43880 -10.75490 -12.75760
-9999 -9999 -9999 -9999 -9999 -9999 -9999 -9999 -9999 -9999 -9999 -5.82151 -6.13207 -6.04051 -6.24188 -6.15413 -6.07884 -5.98017 -5.79896 -5.69982 -5.70973 -5.52381 -5.22767 -5.43350 -6.04217 -6.44105 -6.64187 -6.44406 -5.84342 -5.13063 -5.75175 -5.87532 -6.00517 -5.84350 -5.85618 -5.45658 -5.52932 -5.70510 -5.87318 -7.04540 -6.40729 -7.17468 -6.64282 -6.61006 -7.06540 -7.26513 -7.60715 -7.76884 -8.02056 -8.09442 -8.18437 -7.99414 -8.09509 -7.89714 -7.70081 -7.60307 -7.79264 -7.89952 -7.98997 -7.99002 -7.98624 -7.98870 -7.37939 -7.18539 -7.19357 -7.59699 -7.81469 -8.41869 -9.12141 -10.03310 -9.44549 -11.15060
-9999 -9999 -9999 -9999 -9999 -9999 -9999 -9999 -9999 -9999 -9999 -9999 -5.43252 -5.43736 -5.44165 -5.34815 -5.26442 -5.07464 -4.78788 -4.69504 -4.69920 -5.00195 -5.60859 -6.21005 -6.61571 -8.21838 -7.83021 -8.02651 -6.72582 -6.22338 -5.94268 -5.27401 -5.39563 -5.42945 -5.64981 -5.76415 -5.84823 -5.72584 -5.99335 -6.65993 -6.73251 -6.89697 -6.86953 -6.13312 -6.39041 -6.80020 -6.76248 -6.81442 -6.97121 -7.07754 -6.98758 -7.37704 -7.59559 -7.39528 -7.69801 -7.60267 -7.39129 -7.20126 -7.49692 -7.19728 -7.09413 -7.09183 -7.27575 -7.38793 -7.19685 -7.19492 -7.10837 -8.00241 -9.81704 -10.22900 -8.24495 -8.85246
-9999 -9999 -9999 -9999 -9999 -9999 -9999 -9999 -9999 -9999 -9999 -9999 -5.13071 -5.03886 -5.04395 -4.95499 -4.45435 -4.36379 -4.46970 -4.48614 -4.65428 -6.47683 -6.89267 -7.50581 -8.50251 -7.91500 -7.41081 -8.50486 -7.20351 -7.20822 -7.22269 -6.84531 -5.47316 -5.19795 -5.32584 -5.34853 -5.64968 -5.44089 -5.43273 -6.21127 -6.28276 -6.84466 -6.61083 -6.27797 -5.84019 -5.95337 -5.80501 -6.26883 -6.47340 -7.26956 -7.48059 -7.08562 -7.18717 -7.18533 -6.88924 -6.89564 -6.68992 -6.49658 -6.49846 -6.59194 -6.78944 -7.79023 -7.88610 -7.99247 -7.40331 -6.61305 -7.11240 -7.32322 -8.02726 -8.13237 -8.64316 -7.84766
-9999 -9999 -9999 -9999 -9999 -9999 -9999 -9999 -9999 -9999 -9999 -9999 -4.83067 -4.23659 -4.24103 -4.15305 -4.15943 -4.36664 -4.77741 -5.36266 -5.57220 -6.76395 -6.97031 -7.76911 -7.78284 -8.19506 -7.59197 -6.70245 -7.18706 -6.48889 -6.10273 -5.22355 -5.74827 -5.98828 -5.00582 -4.82254 -4.93365 -5.34223 -5.23941 -5.62371 -6.70685 -7.48728 -6.66205 -6.33197 -5.99274 -6.39562 -6.65221 -7.45742 -7.36402 -6.57489 -6.67287 -6.58284 -6.48089 -6.67865 -6.38055 -6.38078 -6.28333 -6.38843 -6.58077 -6.88608 -6.98690 -7.80050 -7.39881 -6.69866 -7.01279 -7.01632 -6.92930 -6.73498 -7.73638 -7.24272 -6.95404 -6.96372
-9999 -9999 -9999 -4.36665 -4.47599 -4.68828 -4.40416 -4.33414 -4.55684 -9999 -4.40547 -4.32875 -3.93088 -3.83757 -3.74085 -3.95605 -4.16314 -4.38627 -5.27242 -5.76753 -5.75137 -5.96066 -6.45332 -6.76291 -7.06930 -6.97961 -6.56591 -7.56831 -7.38278 -8.77158 -7.07838 -5.80935 -6.43758 -7.96565 -6.37292 -5.89588 -6.30318 -6.42330 -6.13254 -5.62235 -5.81844 -6.88905 -6.37539 -6.16416 -6.72974 -7.54779 -8.55642 -7.34870 -7.26144 -7.26505 -7.66529 -7.66704 -8.07096 -9.07119 -8.48437 -9.67590 -9.99012 -7.18092 -8.28228 -6.98084 -6.58352 -7.19055 -7.19840 -7.11756 -6.52093 -6.22056 -6.63716 -6.74457 -6.44768 -6.55317 -6.66199 -6.76421
-9999 -9999 -9999 -3.60808 -3.72388 -3.82511 -4.23635 -4.14013 -4.06003 -4.07668 -3.50916 -3.42141 -3.92732 -4.03399 -4.53772 -5.15912 -5.67350 -5.68845 -6.06216 -5.86440 -5.65428 -6.43789 -5.74566 -5.35087 -6.25544 -6.14131 -6.65398 -7.15359 -7.96216 -9.06657 -7.65594 -7.78133 -7.72134 -8.43436 -7.75079 -7.56762 -7.47809 -8.48993 -6.71444 -7.92212 -7.91388 -6.89957 -6.28919 -7.16697 -7.75457 -8.84936 -8.85063 -6.85363 -8.05989 -8.56991 -8.96346 -8.76576 -9.36860 -9.56528 -8.06631 -9.07050 -7.98233 -7.88038 -8.68185 -8.08562 -7.58879 -7.69324 -7.59947 -6.91826 -6.83421 -5.53403 -5.54859 -4.84778 -5.16152 -5.46867 -6.07090 -5.78466
-9999 -9999 -9999 -3.05746 -3.37508 -3.86611 -4.07922 -3.78264 -3.38497 -3.08714 -3.30850 -3.52104 -4.23010 -5.14438 -6.46046 -5.87836 -6.38708 -6.27753 -5.76938 -5.55955 -5.94161 -6.83697 -6.32671 -6.73810 -7.73228 -6.93842 -7.03636 -7.34358 -7.23329 -9.43478 -10.93830 -9.96565 -8.39233 -8.21169 -8.71946 -8.33620 -7.65252 -7.47503 -7.18568 -7.79922 -7.91374 -7.39977 -6.79132 -6.77500 -6.25888 -7.34705 -7.54824 -7.85146 -7.95332 -9.06419 -9.66088 -8.06992 -8.46163 -8.37244 -7.87020 -8.07673 -7.57208 -7.17338 -7.97920 -7.88965 -6.99242 -6.69280 -6.10782 -6.62088 -5.93555 -5.44877 -5.45180 -5.56153 -6.76942 -6.47299 -6.87467 -5.09646
-9999 -9999 -9999 -2.87287 -2.28825 -3.39103 -2.99807 -3.50623 -3.61245 -3.71896 -3.31882 -3.23205 -4.94960 -5.75619 -6.37922 -6.28602 -6.88759 -7.27506 -6.97220 -6.36647 -7.45263 -8.53777 -9.52617 -8.53024 -8.02334 -7.21910 -6.82817 -7.02588 -9.21765 -10.82130 -9.92507 -7.26482 -8.58052 -10.47360 -10.40110 -9.41131 -7.73076 -6.34118 -7.17090 -6.78344 -7.29658 -8.61855 -9.18950 -8.06969 -5.86431 -7.35780 -8.14872 -7.06040 -8.55318 -7.95638 -9.36342 -8.26353 -8.46315 -9.27007 -8.36122 -8.07298 -7.66969 -8.28075 -8.48547 -8.18268 -9.09306 -7.09111 -6.50925 -6.11601 -6.12901 -5.25028 -5.26093 -5.56641 -6.87689 -6.68204 -4.19527 -2.00006
-9999 -9999 -9999 -2.37466 -1.89115 -3.29168 -3.29806 -3.40173 -4.01200 -3.62057 -2.64007 -3.86474 -5.36999 -6.38171 -7.78567 -7.29969 -7.88757 -7.27257 -5.96676 -5.15896 -6.64600 -7.82914 -8.70943 -6.82422 -6.32764 -5.92462 -5.21790 -6.30962 -8.21276 -9.61140 -9.91533 -9.12986 -9.74621 -9.15343 -8.67733 -8.39080 -8.31353 -7.12278 -6.45437 -6.76272 -7.58189 -8.28590 -8.69283 -8.57240 -7.37710 -7.26284 -7.25604 -7.25547 -7.66064 -7.85925 -8.16023 -6.86072 -7.76598 -9.36255 -7.56729 -8.97237 -7.37153 -7.18947 -7.88260 -9.08210 -8.28557 -7.59748 -6.91726 -7.62690 -7.24727 -5.25575 -5.27314 -6.17993 -6.37860 -4.09730 -1.39754 -9999
-9999 -9999 -9999 -9999 -3.05935 -3.68586 -3.39458 -4.20379 -4.31852 -3.83015 -2.66310 -3.58884 -7.09270 -5.41060 -9999 -9999 -9999 -9999 -9999 -8.73927 -8.83565 -8.02436 -8.91954 -9.81740 -8.72321 -7.62132 -5.51874 -6.41604 -7.41784 -7.21758 -7.92031 -8.31364 -8.71511 -7.72656 -6.44987 -5.96184 -6.59290 -5.90176 -6.12421 -6.24473 -5.95283 -6.35343 -7.06127 -7.88567 -7.38803 -6.77507 -6.96590 -7.96088 -7.16247 -6.36700 -7.16183 -7.47055 -6.67131 -8.37344 -8.57465 -9.37481 -9.67861 -9.29167 -9.08760 -8.09008 -8.48999 -8.59905 -7.92488 -7.03711 -6.55742 -6.46492 -5.27028 -3.48251 -2.29591 -9999 -9999 -9999
-9999 -9999 -2.07100 -2.57158 -2.97983 -2.89181 -3.20181 -4.49300 -3.71941 -3.54545 -2.57686 -3.90403 -6.92722 -9999 -9999 -9999 -9999 -9999 -10.23870 -8.54185 -8.51317 -6.91120 -6.80876 -8.11047 -7.80997 -7.32397 -5.21810 -5.22587 -5.61827 -5.71812 -6.41467 -6.91523 -6.81727 -6.92085 -6.41871 -5.32628 -5.84757 -5.68045 -5.88606 -5.89392 -6.40129 -6.21035 -6.60634 -6.35074 -5.75236 -5.77447 -5.97059 -5.76960 -4.86697 -3.96133 -4.36743 -4.77035 -5.36846 -4.96528 -6.37732 -5.67632 -6.88552 -8.39260 -8.19562 -6.19402 -6.21061 -6.20478 -5.92077 -5.94561 -4.95541 -4.06606 -2.78189 -9999 -9999 -9999 -9999 -9999
-9999 -9999 -1.88027 -2.18143 -2.08554 -2.38962 -2.39120 -3.81871 -3.44068 -2.86553 -3.39390 -4.02886 -4.05355 -9999 -9999 -9999 -9999 -6.05421 -8.83370 -6.92501 -7.01565 -6.49689 -6.60334 -6.20780 -5.22119 -4.21236 -4.49334 -4.92797 -4.83490 -4.63622 -5.42265 -6.72120 -5.82057 -5.33291 -5.65327 -5.43412 -5.14186 -5.03284 -6.04524 -6.94436 -6.24469 -6.94756 -6.87667 -6.30296 -6.43118 -5.64394 -4.75256 -5.16966 -3.07336 -3.46848 -3.17091 -3.06318 -3.06305 -3.37919 -3.77883 -2.49077 -3.38687 -6.08868 -6.59583 -5.29807 -4.70159 -5.91666 -4.73047 -3.04287 -1.96487 -9999 -9999 -9999 -9999 -9999 0.29543 -9999
-9999 -9999 -1.11956 -2.30043 -2.28647 -2.49080 -2.40091 -2.83473 -3.16734 -3.20414 -4.03817 -4.25269 -0.67281 -9999 -9999 -9999 -9999 -7.76203 -7.34162 -6.51988 -6.51095 -5.59127 -4.79238 -4.27859 -4.56100 -4.04329 -4.97022 -4.39923 -4.62697 -4.63055 -5.33382 -5.60882 -5.83220 -5.84395 -5.06524 -5.47348 -5.76394 -5.74314 -6.22256 -5.60069 -5.69539 -5.29511 -5.12229 -5.97539 -5.29849 -5.80204 -5.41970 -5.13022 -3.84856 -3.56223 -2.16401 -2.66922 -2.86841 -3.17270 -3.37923 -1.58711 -1.69040 -3.79775 -3.59654 -3.30058 -1.80403 -1.62941 -1.53379 -2.35800 -3.37012 -3.48133 -0.98843 -1.88177 -0.18091 -9999 -9999 -9999
-9999 -9999 -9999 -1.55656 -2.12421 -2.11557 -1.93578 -1.56903 -2.41031 -3.13815 -2.25259 -1.07083 -9999 -9999 -9999 -9999 -6.00691 -6.68757 -5.66165 -5.34667 -5.11929 -4.16114 -4.33260 -4.20823 -4.38677 -4.31731 -4.54506 -4.78101 -4.59529 -6.21594 -6.03360 -5.13872 -4.43531 -4.55182 -4.56493 -4.17234 -3.85699 -3.75745 -3.82526 -3.60823 -4.18160 -4.08295 -4.61520 -4.14212 -3.16866 -3.68476 -2.99632 -2.22305 -2.53913 -2.24978 -2.86447 -2.57728 -2.08415 -2.97625 -3.88910 -3.58731 -3.28781 -4.49870 -4.09169 -2.70145 -2.41746 -2.42109 -4.03996 -7.15319 -8.75099 -3.96645 -1.47248 -1.07884 0.11512 0.11103 -9999 -9999
-9999 -9999 -9999 -9999 -1.08749 -1.46659 -1.57864 -2.09786 -2.72971 -1.05803 0.13029 -9999 -9999 -9999 -9999 -4.56438 -5.53204 -4.71216 -4.08073 -4.34844 -3.82148 -3.27049 -3.52163 -4.45579 -4.46270 -3.59398 -3.51454 -3.65630 -4.18234 -4.39412 -4.91925 -3.43370 -3.14979 -3.34969 -4.25365 -3.75704 -3.54313 -3.24974 -3.34886 -3.23507 -3.90526 -3.88695 -3.71671 -3.25312 -2.39025 -2.51312 -2.33509 -1.84524 -1.46582 -1.28062 -1.19212 -1.09340 -1.70082 -1.90396 -1.60869 -1.21062 -1.01299 -3.20608 -3.31132 -2.21657 -3.52559 -4.72910 -4.83300 -4.43779 -5.55186 -3.64994 -1.04283 0.02198 -0.48341 0.21346 0.60276 0.69099
-9999 -9999 -9999 -9999 -9999 -9999 -1.22739 -1.12919 0.04281 0.33479 -0.58932 -9999 -9999 -9999 -9999 -9999 -3.64337 -3.51213 -3.19023 -3.66596 -3.64242 -1.08342 -3.63538 -4.01356 -3.79712 -2.68610 -2.30498 -2.83330 -2.65577 -2.96833 -3.59985 -2.81986 -2.35408 -3.65113 -3.36682 -2.56412 -3.16270 -3.96449 -3.07505 -3.77320 -3.94647 -4.83052 -4.72583 -3.57712 -3.20258 -2.13460 -1.56163 -1.37654 -1.09305 -0.90274 -0.62243 -0.83074 -0.63972 -0.64133 -0.83290 -0.64075 -0.92974 -1.83063 -2.32434 -2.81623 -3.90932 -4.71585 -5.02729 -5.73416 -6.43721 -4.44289 -1.35831 0.84064 0.51929 0.30777 0.19568 0.48798
-9999 -9999 -9999 -9999 -9999 -9999 -9999 -9999 -9999 -9999 -9999 -9999 -9999 -9999 -9999 -9999 -9999 -9999 -9999 -3.07815 -3.04743 -1.49356 -2.48372 -2.66480 -2.74622 -2.55589 -2.53563 -1.32345 -1.42799 -2.45320 -2.68071 -1.93670 -2.87971 -2.96977 -2.97011 -2.67091 -2.37438 -3.18797 -3.29023 -4.19316 -4.58966 -4.27357 -3.66875 -3.09851 -2.92413 -1.84784 -0.98469 -0.69679 -0.51501 -0.43107 -0.35409 -0.04189 -0.15877 0.43433 0.13635 -0.15930 -0.55492 -0.74201 -1.83102 -2.52297 -4.42712 -4.13182 -4.72868 -5.82516 -6.03021 -2.43978 0.05179 1.53530 1.42598 0.00558 -0.20565 0.38081
-9999 -9999 -9999 -9999 -9999 -9999 -9999 -9999 -9999 -9999 -9999 -9999 -9999 -9999 -9999 -9999 -9999 -9999 -2.41514 -2.58049 -1.95763 -1.44882 -1.43013 -1.41962 -1.20111 -1.52462 -1.16783 -1.36349 -1.65186 -2.27338 -2.21788 -2.57508 -3.02234 -2.81265 -2.67062 -2.17810 -2.48240 -2.38723 -3.39369 -4.09858 -4.41532 -3.71523 -3.59477 -3.43076 -2.95423 -2.46821 -1.30009 -0.33136 0.35826 0.13814 0.52692 0.41787 0.60270 0.52888 0.13171 0.64437 0.35020 -1.73577 -3.12623 -2.32065 -2.02538 -2.02105 -2.92565 -3.72343 -4.13696 -1.23999 0.35787 1.63361 1.82117 1.79900 1.29016 -0.61795
-9999 -9999 -9999 -9999 -9999 -9999 -9999 -9999 -9999 -9999 -9999 -9999 -9999 -9999 -9999 -9999 -9999 -1.94342 -2.03045 -1.10299 -1.38941 -1.29678 -1.26797 -0.93941 -0.62069 -0.90801 -0.70877 -1.19263 -2.28274 -2.61020 -2.55804 -2.10302 -2.45231 -1.74838 -1.58910 -2.47275 -3.18130 -2.98678 -2.89249 -3.61278 -3.72484 -3.14580 -3.34118 -2.54868 -2.17805 -1.60615 -0.91197 -0.55212 0.62920 0.61141 1.19773 1.39191 1.02801 0.66322 0.65948 0.76431 0.06921 -1.51839 -2.20755 -1.50762 -0.00377 -1.20822 -4.19987 -4.59980 -1.40865 -0.11484 0.27095 1.73915 2.11747 2.20182 0.78760 1.16623
-9999 -9999 -9999 -9999 -9999 -9999 -9999 -9999 -9999 -9999 -9999 -9999 -9999 -9999 -9999 -9999 -9999 -1.76679 -1.54840 -2.41518 -1.63274 -1.43650 -0.92057 -0.29216 0.73609 -0.14338 -0.12277 -0.60771 -0.82674 -1.65634 -1.68624 -1.33792 -1.18480 -0.57385 -1.41401 -2.07524 -2.58759 -2.59163 -3.60645 -3.60663 -3.23625 -2.44964 -2.07658 -1.56642 -1.29222 0.47196 0.94718 -0.57478 0.21091 1.37890 1.68064 1.71845 1.34969 1.28661 1.30614 0.88412 -0.89348 -0.89502 -0.37605 -0.07008 -0.67715 -1.98102 -2.07769 -2.38805 -3.68650 -1.98833 0.48346 0.01745 2.02286 2.70081 2.78543 0.98210
-9999 -9999 -9999 -9999 -9999 -9999 -9999 -9999 -9999 -9999 -9999 -9999 -9999 -9999 -9999 -9999 -3.02530 -2.88737 -2.75523 -2.55334 -1.07609 -0.08782 -0.27809 0.65547 1.98491 0.40966 0.63806 1.35163 0.42549 -0.80278 -0.92936 -0.47476 -0.52290 0.28543 -0.24838 -0.89615 -1.68410 -2.30064 -3.09751 -2.31757 -1.83836 -1.75049 -1.47604 -0.49976 -0.01310 1.16414 1.53606 -0.29550 0.37788 1.66668 2.10130 2.13952 1.77984 1.70813 1.54927 1.24377 0.84122 0.33814 0.34508 -0.34747 -0.05952 -0.55866 -1.56297 -3.47702 -1.78570 -0.67816 0.29762 1.56341 3.13264 3.50165 2.88747 1.48183
-9999 -9999 -9999 -9999 -9999 -9999 -9999 -9999 -9999 -9999 -9999 -9999 -9999 -2.41088 -3.19712 -3.06583 -3.33258 -4.21030 -3.18832 -1.09259 -0.61647 -1.12989 -0.12727 0.11149 -0.15615 1.46157 1.39645 1.29053 1.06037 0.95293 0.72708 0.60263 0.45550 0.45966 0.12122 -0.70803 -0.79302 -0.98759 -1.50145 -1.52212 -1.14555 -0.35660 0.01465 1.09550 1.18656 1.24954 1.31981 1.39580 1.46038 1.46827 1.62526 1.67114 1.61065 2.34165 2.39905 1.89686 1.78625 1.68835 1.55930 1.26787 0.96473 1.06507 0.76453 0.84577 1.94526 3.23024 3.70671 3.76799 3.73511 3.71882 2.80443 1.38751
-9999 -9999 -9999 -9999 -9999 -9999 -9999 -9999 -9999 -9999 -9999 -9999 -1.84081 -2.53061 -3.10680 -2.86744 -2.74433 -2.62687 -2.63448 0.16345 -0.55768 0.03525 0.43085 0.45474 0.28207 1.91656 1.73542 1.73672 1.43434 1.59877 1.57218 1.34374 1.11770 1.02284 0.99336 0.27157 -0.19086 -0.37169 -0.89669 -0.51840 -0.44011 0.23197 0.80194 1.58707 1.76421 1.73729 1.81275 1.77225 1.66357 1.66306 1.79839 1.86362 1.91154 2.67667 2.81783 2.94213 2.60759 1.56174 0.84990 0.95205 1.06599 1.77711 1.97140 1.85434 2.75510 3.95026 4.20808 4.17754 4.24921 3.12228 1.71350 2.19259
-9999 -9999 -9999 -9999 -9999 -9999 -9999 -9999 -9999 -9999 -9999 -3.90742 -3.40463 -3.63462 -2.62206 -1.39946 -1.06418 -0.85304 -0.76513 -0.58604 -0.19235 0.80314 0.98275 0.99811 0.72758 0.65336 0.65476 1.68625 2.28973 2.37344 1.94753 1.71027 1.61247 1.31397 1.28382 0.26005 -0.58122 -0.67322 -0.19091 0.18994 0.85252 1.12464 2.01004 2.37414 2.35509 2.32409 2.28343 2.27100 2.16810 2.07110 2.08830 0.82905 1.38861 1.53657 1.91102 2.41468 2.86157 2.22959 2.94765 3.25092 3.05743 4.07297 4.07839 4.26144 4.47243 4.65601 4.61942 4.88017 3.76121 2.52432 0.91592 0.40323
-9999 -9999 -9999 -9999 -9999 -9999 -9999 -9999 -9999 -9999 -3.29155 -3.63695 -2.17874 -2.73912 -1.53083 -0.60990 -0.28732 -0.28112 -0.39604 -0.20761 0.16755 1.35474 1.45083 1.35176 1.26632 1.18058 1.09111 2.50563 2.62523 2.35756 2.26489 2.08268 1.93555 1.77936 1.35355 0.14189 -0.39152 -0.17501 0.49865 0.96628 1.72663 2.37947 3.27029 2.94423 2.94205 2.90570 2.88453 2.78461 2.66916 2.56536 2.38533 0.91889 1.44992 1.61208 1.92362 2.45429 2.13579 2.52435 3.83575 3.94387 3.95712 4.36463 4.56052 4.57858 4.77811 4.96221 5.04020 4.80280 3.57504 1.74633 0.72930 1.82079
-9999 -9999 -9999 -9999 -9999 -9999 -9999 -9999 -9999 -1.18755 -1.13324 -1.38801 -1.34089 -1.18229 -0.77701 -0.44180 -0.11634 0.19553 0.88981 1.05387 1.34166 1.23051 1.31045 1.69422 1.61227 1.91827 2.22946 2.07402 1.94352 2.10548 2.64456 1.84255 1.40831 0.44085 -0.37982 -0.69245 -1.01533 0.48994 0.95865 2.42288 3.17690 4.04422 4.52510 4.42703 4.34601 4.02896 4.19212 3.26734 3.17872 3.27117 2.88634 1.71036 1.24770 -0.37067 -0.26102 3.46072 4.02771 4.52621 4.73441 4.84761 4.75137 4.86702 4.97357 5.06848 5.17818 5.06114 4.84403 3.92105 2.99834 2.37161 2.63991 2.92843
-9999 -9999 -9999 -9999 -9999 -9999 -9999 -9999 -9999 -9999 -0.58035 -0.57151 -0.56112 -0.05908 0.95303 0.37436 0.29754 0.54068 0.86204 0.94678 0.81293 1.39048 1.55647 -9999 -9999 -9999 -9999 -9999 -9999 2.52978 2.61733 2.06591 1.57849 0.60324 -0.20845 -0.32678 -0.34231 1.03264 1.81107 3.26047 4.02459 4.69884 5.00712 4.92029 4.94056 4.54366 4.39192 3.78847 3.68944 3.59359 3.29858 2.50959 1.48699 -0.03222 -0.05364 4.18205 4.88984 5.03261 5.22519 5.24233 5.24095 5.14593 5.25026 5.25168 3.75469 4.73513 4.01888 3.30360 0.79653 1.58649 1.55421 3.44019
-9999 -9999 -9999 -9999 -9999 -9999 -9999 -9999 -9999 -9999 -9999 -9999 0.07053 0.65766 0.73685 2.81490 2.44939 2.58126 2.41895 -9999 -9999 -9999 -9999 -9999 -9999 -9999 -9999 -9999 -9999 -9999 -9999 -9999 -9999 1.48820 -0.03697 0.75378 0.90765 2.19170 3.35358 4.21530 4.77547 5.29665 5.40720 5.52231 5.34908 5.13972 5.22098 4.98347 4.88338 4.58832 4.09670 1.79703 1.48896 1.85446 2.13533 4.55901 4.65605 5.00849 5.40545 5.62198 5.61521 5.21721 4.92022 5.02948 5.11836 5.11508 3.89571 3.47347 2.76668 3.74536 3.83435 4.74181
-9999 -9999 -9999 -9999 -9999 -9999 -9999 -9999 -9999 -9999 -9999 -9999 -9999 -9999 -9999 -9999 -9999 -9999 -9999 -9999 -9999 -9999 -9999 -9999 -9999 -9999 -9999 -9999 -9999 -9999 -9999 -9999 -9999 -9999 1.14869 1.03939 2.57467 2.93845 4.12020 4.87642 5.28694 5.48452 5.51803 5.94386 5.86471 5.55147 5.39783 5.37878 5.09512 4.90991 4.52417 2.52798 2.09944 2.26945 2.46131 5.09714 4.96518 4.26618 4.79025 5.39159 5.50148 5.29089 5.80277 5.79574 5.87575 5.07118 3.96552 3.24032 2.23183 3.51950 5.13814 -9999
-9999 -9999 -9999 -9999 -9999 -9999 -9999 -9999 -9999 -9999 -9999 -9999 -9999 -9999 -9999 -9999 -9999 -9999 -9999 -9999 -9999 -9999 -9999 -9999 -9999 -9999 -9999 -9999 -9999 -9999 -9999 -9999 -9999 -9999 2.15207 2.23562 2.03201 3.70456 5.17007 6.57931 6.57814 6.58634 6.41515 6.23816 6.18050 5.75931 5.59823 5.48256 5.39625 4.62864 4.23808 3.93387 4.11655 1.91388 2.18622 4.42091 5.24647 5.45850 5.45297 5.96844 6.36788 6.47939 6.16896 5.75752 5.64761 4.33832 4.23871 3.51458 2.50848 4.30848 -9999 -9999
-9999 -9999 -9999 -9999 -9999 -9999 -9999 -9999 -9999 -9999 -9999 -9999 -9999 -9999 -9999 -9999 -9999 -9999 -9999 -9999 -9999 -9999 -9999 -9999 -9999 -9999 -9999 -9999 -9999 -9999 -9999 -9999 -9999 -9999 -9999 -9999 -9999 -9999 6.26742 7.16625 7.07251 6.99049 6.83089 6.65884 6.33887 6.23175 6.11510 5.89277 5.70060 4.83410 4.64451 4.63242 4.63471 2.52860 2.52738 4.83513 5.24583 6.03622 6.10531 6.81603 6.85731 6.84857 5.84888 5.44013 3.92693 4.31467 3.90359 4.39069 5.89885 -9999 -9999 -9999
