data/hydroclimate-scenarios/1948-2000.Pcorr55N_Pref_Tref/monthly_summaries/tavg_monthly_avg_feb.1950-2000.asc
ncols	311
nrows	91
xllcenter	102.75
yllcenter	31.75
cellsize	0.5
NODATA_value	-9999
[rows 0 to 30 of 91, columns 70 to 139 of 311]
-9999 -9999 -9999 -9999 -9999 -9999 -9999 -9999 -9999 -9999 -9999 -9999 -9999 -9999 -9999 -9999 -9999 -9999 -9999 -9999 -9999 -9999 -9999 -9999 -9999 -9999 -9999 -9999 -9999 -9999 -9999 -9999 -9999 -9999 -9999 -9999 -9999 -9999 -9999 -9999 -9999 -9999 -9999 -9999 -9999 -9999 -9999 -9999 -9999 -9999 -9999 -9999 -9999 -9999 -9999 -9999 -9999 -9999 -9999 -9999 -9999 -9999 -9999 -9999 -9999 -9999 -9999 -9999 -9999 -9999
-9999 -9999 -9999 -9999 -9999 -9999 -9999 -9999 -9999 -9999 -9999 -9999 -9999 -9999 -9999 -9999 -9999 -9999 -9999 -9999 -9999 -9999 -9999 -9999 -9999 -9999 -9999 -9999 -9999 -9999 -9999 -9999 -9999 -9999 -9999 -9999 -9999 -9999 -9999 -9999 -9999 -9999 -9999 -9999 -9999 -9999 -9999 -9999 -9999 -9999 -9999 -9999 -9999 -9999 -9999 -9999 -9999 -9999 -9999 -9999 -9999 -9999 -9999 -9999 -9999 -9999 -9999 -9999 -9999 -9999
-9999 -9999 -9999 -9999 -9999 -9999 -9999 -9999 -9999 -9999 -9999 -9999 -9999 -9999 -9999 -9999 -9999 -9999 -9999 -9999 -9999 -9999 -9999 -9999 -9999 -9999 -9999 -9999 -9999 -9999 -9999 -9999 -9999 -9999 -9999 -9999 -9999 -9999 -9999 -9999 -9999 -9999 -9999 -9999 -9999 -9999 -9999 -9999 -9999 -9999 -9999 -9999 -9999 -9999 -9999 -9999 -9999 -9999 -9999 -9999 -9999 -9999 -9999 -9999 -9999 -9999 -9999 -9999 -9999 -9999
-9999 -9999 -9999 -9999 -9999 -9999 -9999 -9999 -9999 -9999 -9999 -9999 -9999 -9999 -9999 -9999 -9999 -9999 -9999 -9999 -9999 -9999 -9999 -9999 -9999 -9999 -9999 -9999 -9999 -9999 -9999 -9999 -9999 -9999 -9999 -9999 -9999 -9999 -9999 -9999 -9999 -9999 -9999 -9999 -9999 -9999 -9999 -9999 -9999 -9999 -9999 -9999 -9999 -9999 -9999 -9999 -9999 -9999 -9999 -9999 -9999 -9999 -9999 -9999 -9999 -9999 -9999 -9999 -9999 -9999
-9999 -9999 -9999 -9999 -9999 -9999 -9999 -9999 -9999 -9999 -9999 -9999 -9999 -9999 -9999 -9999 -9999 -9999 -9999 -9999 -9999 -9999 -9999 -9999 -9999 -9999 -9999 -9999 -9999 -9999 -9999 -9999 -9999 -9999 -9999 -9999 -9999 -9999 -9999 -9999 -9999 -9999 -9999 -9999 -9999 -9999 -9999 -9999 -9999 -9999 -9999 -9999 -9999 -9999 -9999 -9999 -9999 -9999 -9999 -9999 -9999 -9999 -9999 -9999 -9999 -9999 -9999 -9999 -9999 -9999
-9999 -9999 -9999 -9999 -9999 -9999 -9999 -9999 -9999 -9999 -9999 -9999 -9999 -9999 -9999 -9999 -9999 -9999 -9999 -9999 -9999 -9999 -9999 -9999 -9999 -9999 -9999 -9999 -9999 -9999 -9999 -9999 -9999 -9999 -9999 -9999 -9999 -9999 -9999 -9999 -9999 -9999 -9999 -9999 -9999 -9999 -9999 -9999 -9999 -9999 -9999 -9999 -9999 -9999 -9999 -9999 -9999 -9999 -9999 -9999 -9999 -9999 -9999 -9999 -9999 -9999 -9999 -9999 -9999 -9999
-9999 -9999 -9999 -9999 -9999 -9999 -9999 -9999 -9999 -9999 -9999 -9999 -9999 -9999 -9999 -9999 -9999 -9999 -9999 -9999 -9999 -9999 -9999 -9999 -9999 -9999 -9999 -9999 -9999 -9999 -9999 -9999 -9999 -9999 -9999 -9999 -9999 -9999 -9999 -9999 -9999 -9999 -9999 -9999 -9999 -9999 -9999 -9999 -9999 -9999 -9999 -9999 -9999 -9999 -9999 -9999 -9999 -9999 -9999 -9999 -9999 -9999 -9999 -9999 -9999 -9999 -9999 -9999 -9999 -9999
-9999 -9999 -9999 -9999 -9999 -9999 -9999 -9999 -9999 -9999 -9999 -9999 -9999 -9999 -9999 -9999 -9999 -9999 -9999 -9999 -9999 -9999 -9999 -9999 -9999 -9999 -9999 -9999 -9999 -9999 -9999 -9999 -9999 -9999 -9999 -9999 -9999 -9999 -9999 -9999 -9999 -9999 -9999 -9999 -9999 -9999 -9999 -9999 -9999 -9999 -9999 -9999 -9999 -9999 -9999 -9999 -9999 -9999 -9999 -9999 -9999 -9999 -9999 -9999 -9999 -9999 -9999 -9999 -9999 -9999
-9999 -9999 -9999 -9999 -9999 -9999 -9999 -41.49870 -9999 -9999 -9999 -9999 -9999 -9999 -9999 -9999 -9999 -9999 -9999 -9999 -9999 -9999 -9999 -9999 -9999 -9999 -9999 -9999 -9999 -9999 -9999 -9999 -9999 -9999 -9999 -9999 -9999 -9999 -9999 -9999 -9999 -9999 -9999 -9999 -9999 -9999 -9999 -9999 -9999 -9999 -9999 -9999 -9999 -9999 -9999 -9999 -9999 -9999 -9999 -9999 -9999 -9999 -9999 -9999 -9999 -9999 -9999 -9999 -9999 -9999
-9999 -9999 -9999 -33.79640 -41.96910 -41.86250 -41.85090 -41.34520 -41.03440 -40.61880 -40.30820 -39.89880 -39.41560 -38.81680 -38.31710 -37.72920 -37.22330 -36.83700 -36.44840 -36.05680 -35.75900 -35.57390 -35.38410 -9999 -9999 -9999 -9999 -9999 -9999 -9999 -9999 -9999 -9999 -9999 -9999 -9999 -9999 -9999 -9999 -9999 -9999 -9999 -9999 -9999 -9999 -9999 -9999 -9999 -9999 -9999 -9999 -9999 -9999 -9999 -9999 -9999 -9999 -9999 -9999 -9999 -9999 -9999 -9999 -9999 -9999 -9999 -9999 -9999 -9999 -9999
-9999 -9999 -9999 -9999 -9999 -41.77520 -41.46560 -41.15110 -40.83380 -40.43240 -40.02070 -39.61540 -39.10200 -38.61530 -38.02140 -37.41920 -36.93330 -36.43370 -36.04750 -35.65260 -35.25840 -35.07080 -34.97980 -9999 -9999 -9999 -9999 -9999 -9999 -9999 -9999 -9999 -9999 -9999 -9999 -9999 -9999 -9999 -9999 -9999 -9999 -9999 -9999 -9999 -9999 -9999 -9999 -9999 -9999 -9999 -9999 -9999 -9999 -9999 -9999 -9999 -9999 -9999 -9999 -9999 -9999 -9999 -9999 -9999 -9999 -9999 -9999 -9999 -9999 -9999
-42.18500 -42.09880 -42.00520 -41.80000 -41.48290 -41.38190 -41.26700 -40.94900 -40.53770 -40.22910 -39.82010 -39.31430 -38.91170 -38.41490 -37.72410 -37.21380 -36.62390 -36.22640 -35.63600 -35.04880 -34.64730 -34.36190 -34.47390 -34.58120 -34.69910 -34.80220 -34.81870 -34.92040 -35.03730 -9999 -9999 -9999 -9999 -9999 -9999 -9999 -9999 -9999 -9999 -9999 -9999 -9999 -9999 -9999 -9999 -9999 -9999 -9999 -9999 -9999 -9999 -9999 -9999 -9999 -9999 -9999 -9999 -9999 -9999 -9999 -9999 -9999 -9999 -9999 -9999 -9999 -9999 -9999 -9999 -9999
-42.39160 -42.19210 -41.90500 -41.70460 -41.59790 -41.28230 -40.96780 -40.76280 -40.35530 -39.93470 -39.52190 -39.11740 -38.51240 -38.02240 -37.52000 -36.92390 -36.41670 -35.82500 -35.22590 -34.53240 -33.84030 -33.85860 -34.26240 -34.57670 -34.48860 -34.49790 -34.70740 -34.71560 -34.93970 -34.85040 -34.95450 -34.97530 -34.78960 -34.81090 -34.71750 -34.83590 -34.74360 -34.64270 -34.46720 -34.37640 -34.38920 -34.20930 -33.91540 -33.83340 -9999 -9999 -9999 -9999 -9999 -9999 -9999 -9999 -9999 -9999 -9999 -9999 -9999 -9999 -9999 -9999 -9999 -9999 -9999 -9999 -9999 -9999 -9999 -9999 -9999 -9999
-42.58950 -42.19820 -42.30700 -42.00800 -41.90380 -41.78490 -41.17000 -40.66100 -40.25580 -39.94370 -39.52380 -38.92170 -38.31580 -37.82270 -37.31340 -36.72440 -36.22450 -35.62330 -35.02150 -34.33400 -33.83820 -33.94900 -34.76420 -34.87430 -34.79150 -34.89250 -34.60470 -34.51820 -34.62400 -34.84210 -35.15900 -34.76450 -34.68930 -34.70630 -34.51880 -34.52480 -34.34070 -34.25340 -34.06150 -33.97830 -33.78480 -33.70930 -33.61850 -33.42420 -33.13390 -9999 -9999 -9999 -9999 -9999 -9999 -9999 -9999 -9999 -9999 -9999 -9999 -9999 -9999 -9999 -9999 -9999 -9999 -9999 -9999 -9999 -9999 -9999 -9999 -9999
-44.69590 -44.58930 -44.59350 -43.69470 -44.70660 -43.28760 -42.78270 -42.36410 -41.64910 -41.34470 -40.22840 -40.01410 -39.21430 -38.22610 -37.51770 -36.92120 -36.32030 -35.72410 -35.02180 -34.42690 -34.23650 -34.44630 -34.55900 -34.76460 -34.88090 -34.69330 -35.40110 -34.92340 -34.52860 -34.64360 -35.05490 -34.77730 -34.67570 -34.59240 -34.51290 -34.31370 -34.23950 -33.94750 -33.85640 -33.66820 -33.48470 -33.39610 -33.31050 -33.11930 -32.82410 -9999 -9999 -9999 -9999 -9999 -9999 -9999 -9999 -9999 -9999 -9999 -9999 -9999 -9999 -9999 -30.45380 -30.44280 -9999 -9999 -9999 -9999 -30.80400 -31.80570 -32.37780 -31.57150
-44.48410 -44.28600 -44.18880 -43.79120 -44.39540 -42.89600 -41.78480 -41.57210 -41.76080 -41.44570 -41.03350 -39.52750 -38.81740 -38.22260 -37.93230 -37.31610 -36.32510 -35.81630 -34.92380 -34.62390 -34.14590 -34.25020 -34.55910 -34.66320 -34.17840 -34.19140 -34.20550 -34.30420 -34.33150 -34.33960 -34.36090 -34.36060 -34.28230 -34.19370 -34.10730 -34.02530 -33.83300 -33.64010 -33.55140 -33.36480 -33.08190 -32.89600 -32.70730 -32.51340 -32.43000 -31.92170 -31.82440 -31.62750 -31.62750 -32.81280 -33.09140 -32.57320 -32.77190 -32.75290 -32.13760 -32.12420 -32.20410 -30.78730 -30.46640 -30.25680 -30.23640 -30.02830 -9999 -9999 -9999 -9999 -9999 -30.08850 -30.67630 -30.85920
-45.58120 -45.78400 -44.08300 -44.28450 -45.08970 -43.79680 -42.28490 -41.77290 -41.25350 -40.24180 -39.23320 -38.63070 -38.22660 -37.61170 -37.22720 -36.62120 -36.12210 -35.62160 -35.03300 -34.63360 -34.34210 -34.14610 -34.06100 -33.97650 -33.98270 -33.99200 -34.00320 -34.12690 -34.13410 -34.14680 -34.15650 -34.07520 -33.99490 -33.89790 -33.81450 -33.62070 -33.42810 -33.24400 -33.05740 -32.86610 -32.68060 -32.39890 -32.21950 -31.92680 -31.72920 -31.52710 -31.32580 -31.21880 -31.10860 -32.09400 -32.48730 -31.76910 -31.15110 -31.63460 -32.62490 -33.50620 -31.99830 -32.46630 -32.56010 -32.03230 -31.22790 -30.90640 -31.00590 -30.00250 -29.29730 -29.19010 -29.17990 -29.27840 -29.16320 -29.55000
-44.18190 -45.98210 -48.67790 -43.19170 -45.29180 -45.39520 -43.99090 -42.77190 -42.56710 -39.55000 -38.83980 -38.52230 -38.02290 -37.62680 -37.12920 -36.61800 -36.02100 -35.42830 -34.93690 -34.63420 -34.94840 -34.74830 -34.16340 -33.97630 -33.89000 -33.89850 -33.91150 -33.82500 -33.94050 -33.95370 -33.76470 -33.87400 -33.79370 -33.49860 -33.50550 -33.32340 -33.13510 -32.84730 -32.65860 -32.46900 -32.19490 -32.00330 -31.91560 -31.61330 -31.22430 -30.92610 -30.72980 -30.51530 -30.30520 -30.28750 -30.47520 -30.75360 -30.23460 -30.72010 -30.60060 -31.38880 -32.48020 -32.65970 -32.24890 -32.02040 -32.21240 -31.61060 -32.49870 -31.29180 -29.79030 -29.18370 -28.76640 -28.67090 -28.64860 -29.04970
-46.36350 -46.88290 -47.98450 -45.78080 -42.08910 -43.08510 -41.78930 -41.07250 -42.15460 -40.74640 -39.53170 -38.93170 -38.02660 -37.51910 -37.02380 -36.52750 -36.02830 -35.42760 -35.03380 -34.83890 -36.24380 -35.67160 -35.07400 -34.89080 -34.19660 -33.91420 -33.92190 -33.62880 -33.65000 -33.65850 -33.67630 -33.59270 -33.49050 -33.20760 -33.11680 -32.82390 -32.74630 -32.45740 -32.47270 -32.38530 -32.39410 -32.01740 -31.52300 -32.42850 -32.42730 -31.72870 -30.71900 -30.11040 -29.49890 -29.27380 -29.76760 -30.35230 -30.33520 -30.51850 -30.39290 -30.37480 -30.16220 -30.04250 -31.33040 -31.61420 -32.10170 -32.39760 -32.89090 -33.29120 -31.67830 -30.88000 -30.27590 -30.06230 -29.84180 -29.83670
-43.16080 -45.57130 -46.87000 -46.67320 -46.47520 -44.08270 -41.58610 -41.26880 -42.26330 -42.14840 -40.33870 -42.52940 -41.52830 -40.22450 -38.12120 -36.92640 -36.22220 -35.33500 -34.84470 -34.75210 -35.36360 -35.76650 -34.87960 -34.58830 -34.09180 -33.71350 -33.52380 -33.64050 -33.44970 -33.46510 -33.38500 -33.28760 -33.40020 -33.50870 -33.02050 -32.63300 -32.84910 -32.76350 -32.56620 -32.48790 -32.60110 -32.41050 -31.62550 -31.13200 -31.13770 -31.62580 -31.40950 -30.59820 -29.97330 -29.06680 -29.85660 -30.14210 -30.02180 -29.90490 -29.38250 -30.17070 -30.84380 -31.22050 -32.21530 -31.19440 -30.48830 -30.68610 -30.58450 -30.78310 -31.56760 -32.26620 -30.76180 -31.55030 -30.33540 -29.92620
-43.55630 -45.17240 -45.96520 -46.67480 -47.36930 -47.67000 -44.28320 -42.48140 -41.55830 -41.35290 -40.33870 -41.53320 -43.52520 -44.52660 -44.82540 -41.32810 -38.72820 -36.74200 -35.14210 -34.45840 -34.06620 -33.87410 -33.68210 -33.69450 -33.40210 -33.41340 -33.32800 -33.34140 -33.35540 -33.26550 -33.58210 -33.49470 -33.60830 -33.61460 -33.41830 -32.53680 -32.84800 -32.96390 -33.17910 -32.19460 -31.80600 -31.91650 -31.72280 -31.03230 -30.63070 -30.91130 -30.19460 -30.08660 -29.66280 -28.95130 -28.44360 -28.22490 -28.41640 -28.69050 -28.77240 -28.85080 -29.04300 -30.22720 -31.00800 -30.38510 -31.78410 -31.37580 -30.87570 -30.56880 -29.96910 -29.46220 -29.45350 -29.83800 -29.92180 -29.21680
-45.86390 -47.16170 -46.85990 -47.97360 -48.06830 -47.36560 -46.87290 -46.67370 -45.46700 -43.65310 -41.54240 -39.83160 -40.63640 -41.42870 -42.03570 -42.93430 -42.24830 -41.35520 -39.76210 -37.37240 -36.06860 -34.57830 -33.99390 -33.59270 -33.41220 -33.11140 -33.03610 -33.14350 -33.25730 -33.87480 -34.29000 -33.39630 -34.91380 -35.02110 -34.52670 -33.84310 -33.45500 -33.06490 -32.87870 -32.09460 -31.91210 -31.71210 -31.32320 -30.23000 -30.71770 -30.40330 -30.58770 -30.37820 -29.96480 -29.35630 -28.84520 -29.63780 -29.62520 -30.11470 -30.20280 -29.77750 -29.66170 -30.95130 -29.83050 -29.69260 -30.94440 -30.14600 -29.96060 -29.76370 -28.55990 -28.74660 -28.84490 -29.73080 -28.91380 -28.10120
-44.13780 -45.54940 -46.85320 -47.45100 -46.86380 -47.46160 -47.75930 -46.96490 -45.87430 -45.54970 -43.64240 -42.84150 -42.53220 -41.84490 -40.23380 -39.83850 -39.36260 -39.46750 -40.26070 -40.27150 -39.08950 -37.78750 -36.79490 -34.90580 -33.70040 -32.91700 -32.93080 -32.83900 -33.66550 -34.67290 -34.48110 -34.39630 -34.31270 -35.01610 -34.03340 -34.34580 -32.35170 -32.06960 -32.07800 -32.69910 -31.80560 -30.81710 -29.92490 -30.03010 -30.12590 -31.21100 -31.30460 -30.99910 -30.17800 -29.97760 -30.77610 -30.95330 -30.35640 -30.63120 -31.61370 -30.50230 -31.29170 -29.57530 -30.45350 -29.01480 -28.37150 -28.40970 -27.82620 -28.11840 -28.03370 -28.83240 -28.01880 -27.00870 -26.59880 -26.57940
-44.73480 -44.74040 -44.94630 -44.85110 -44.55690 -46.15150 -47.14970 -46.85450 -46.86030 -46.35930 -44.63650 -42.22990 -45.33000 -44.12880 -42.14180 -43.45080 -43.85780 -42.56090 -36.36840 -38.78120 -41.08260 -40.18610 -38.90350 -37.30480 -33.42180 -32.62720 -32.53480 -32.64760 -33.35380 -34.26710 -34.08710 -34.39860 -34.31060 -34.02390 -33.32970 -31.75120 -31.66130 -31.97930 -31.48850 -31.70540 -31.61570 -32.13130 -30.73130 -30.22560 -30.33620 -28.64520 -28.42770 -28.92360 -29.51180 -30.00410 -30.19620 -30.37650 -29.56820 -29.35860 -29.34300 -29.92930 -30.21440 -29.40830 -29.58530 -27.82730 -27.48500 -26.52200 -26.29210 -27.08270 -27.79750 -26.48070 -25.98040 -25.67070 -25.16010 -25.06360
-44.52850 -44.32900 -44.03690 -43.94150 -43.64350 -44.33740 -44.44760 -44.65800 -45.15980 -44.86070 -45.03890 -44.43840 -44.14300 -43.24550 -41.65070 -42.45660 -42.06800 -42.67460 -40.67470 -38.38730 -36.88940 -37.50900 -37.50340 -36.41760 -35.61430 -33.73280 -32.54490 -32.55810 -32.96280 -33.48400 -33.28470 -34.00380 -33.41650 -32.53490 -32.34200 -32.05640 -31.37310 -30.98670 -30.79360 -30.70360 -31.01880 -31.81810 -31.42540 -31.11510 -30.52150 -28.14210 -27.65150 -28.24750 -28.63720 -28.93060 -29.81970 -29.80480 -28.70030 -27.98990 -29.28650 -28.26120 -27.84720 -27.43210 -26.90480 -28.05460 -26.90550 -26.45290 -25.80530 -25.65070 -24.94570 -24.94300 -25.03930 -24.72410 -24.92410 -25.62550
-44.02770 -43.83240 -43.92710 -44.33570 -44.23910 -43.94240 -43.04540 -43.25060 -43.25630 -43.36260 -43.35990 -44.34390 -44.84740 -43.24530 -41.05760 -39.96630 -40.26680 -39.88380 -39.39230 -40.29550 -38.79720 -37.29850 -35.30450 -34.31660 -34.61650 -35.02980 -34.35960 -33.06250 -33.38160 -33.98940 -34.50910 -33.72240 -33.43010 -31.64200 -31.55190 -31.46780 -31.98010 -31.39180 -32.21010 -30.80770 -31.91580 -32.92220 -31.31790 -30.71070 -31.61400 -30.32130 -28.64690 -28.25540 -28.25910 -27.76230 -28.14800 -28.44270 -26.73050 -26.01440 -25.60700 -25.19420 -25.17280 -25.46180 -26.02960 -25.47540 -26.22480 -25.07910 -25.12630 -24.86610 -24.61590 -24.50520 -24.19900 -23.89080 -23.98860 -24.27860
-42.11680 -43.72390 -44.43170 -45.02850 -45.03690 -44.04410 -43.64070 -43.04890 -43.05190 -42.44430 -43.85540 -43.84590 -43.61560 -44.06040 -41.86630 -39.17770 -37.98220 -38.38810 -38.59200 -38.99920 -38.20140 -36.90050 -36.20990 -35.51430 -34.42120 -34.13610 -33.66270 -34.37760 -33.99040 -33.69410 -34.21160 -32.82370 -32.93690 -31.64310 -32.85750 -32.76540 -30.77970 -31.49840 -32.40560 -31.50990 -30.61500 -31.52160 -31.51860 -31.30300 -30.11340 -29.62720 -28.93340 -28.15340 -28.05710 -27.26630 -27.57470 -27.26110 -26.94670 -26.34110 -26.23100 -25.92800 -25.51310 -25.10330 -23.95040 -23.40850 -22.94490 -22.79320 -23.23980 -23.49070 -23.42440 -23.51810 -23.40510 -23.29120 -23.38320 -24.48290
-40.61240 -41.32270 -42.13080 -44.22140 -44.33820 -44.23510 -42.54290 -42.43770 -41.44060 -42.15170 -42.25250 -41.55270 -40.96190 -40.76560 -41.16490 -39.48420 -38.18600 -37.78630 -36.19460 -36.00210 -35.00720 -36.90470 -34.92230 -33.81700 -33.22440 -32.93870 -33.86550 -35.18180 -34.39800 -34.01440 -33.32610 -33.93360 -32.65030 -31.75930 -32.46370 -32.77960 -30.77980 -30.99670 -31.20270 -31.81180 -31.12840 -30.61440 -30.51010 -29.78920 -29.50470 -28.60910 -28.43070 -26.54930 -26.75770 -26.77870 -26.37890 -25.88350 -25.68490 -24.87430 -23.86110 -23.85860 -22.94750 -23.02970 -22.47420 -21.72660 -21.67790 -21.92040 -22.35320 -22.47090 -22.86410 -24.54470 -24.04770 -24.23380 -23.93750 -24.01430
-39.81330 -41.22020 -40.93130 -42.62810 -43.53200 -43.43170 -44.43680 -43.53910 -41.65110 -41.84900 -41.55450 -40.55910 -40.56510 -38.96350 -38.66550 -39.37150 -37.38050 -35.28160 -34.09470 -34.09620 -33.40800 -32.80330 -33.81580 -33.41900 -32.02510 -31.15110 -30.46400 -31.98860 -32.41160 -31.79260 -32.43570 -31.63830 -31.34900 -31.54930 -31.56960 -31.77900 -31.48470 -30.30190 -30.90620 -31.51640 -31.72390 -29.72220 -29.10980 -29.09270 -27.30020 -26.30450 -25.31930 -23.94230 -22.95470 -22.76680 -22.28120 -21.77620 -21.49230 -21.30160 -21.59690 -21.88490 -21.78400 -21.25830 -20.49460 -20.55020 -20.68350 -21.19640 -21.31670 -22.51370 -24.09400 -24.89110 -24.48120 -24.48150 -24.15750 -23.26850
-38.41210 -38.32030 -39.21980 -40.91750 -40.53080 -41.82980 -42.04200 -43.84740 -42.35270 -40.85810 -41.47410 -41.57130 -40.17360 -38.47690 -38.68000 -37.39070 -35.59410 -34.99120 -33.69710 -32.10250 -31.51070 -31.60880 -32.21530 -33.43280 -31.02330 -29.54290 -29.56830 -31.50300 -31.31990 -31.63400 -32.53710 -31.03840 -30.16040 -30.86140 -30.86940 -31.18560 -30.38750 -30.10700 -29.51010 -30.22160 -29.92720 -28.31230 -26.30590 -26.59190 -25.09210 -23.10060 -22.62270 -22.52100 -22.33740 -22.85710 -21.87240 -9999 -9999 -20.10290 -19.99990 -19.41100 -20.10350 -19.87260 -19.52010 -19.72450 -20.54570 -20.85500 -22.34940 -23.74000 -24.93930 -24.53140 -25.22770 -25.51300 -25.61030 -23.10140
-39.60240 -39.71780 -38.31650 -38.81580 -39.43510 -39.44030 -38.85320 -40.65300 -38.66670 -39.37230 -39.88750 -39.99150 -38.29340 -37.98370 -37.37910 -35.48200 -34.10000 -34.40150 -32.50700 -30.91600 -31.51420 -30.51580 -29.42630 -29.23090 -29.63400 -31.35900 -30.07580 -30.61220 -29.93770 -30.63470 -30.44790 -30.75840 -29.16120 -29.56130 -30.17150 -30.08360 -29.78730 -29.80040 -27.30930 -25.22040 -9999 -9999 -9999 -9999 -21.89200 -9999 -23.30770 -24.52470 -22.94090 -22.15050 -20.06580 -9999 -9999 -20.00190 -19.51290 -18.90780 -18.71920 -18.05210 -18.56900 -19.19170 -20.11450 -20.79750 -21.48470 -22.28400 -22.88330 -22.07530 -25.06860 -25.25650 -24.44420 -21.62520
