data/hydroclimate-scenarios/1948-2000.Pcorr55N_Pref_Tref/monthly_summaries/tavg_monthly_avg_jan.1950-2000.asc
ncols	311
nrows	91
xllcenter	102.75
yllcenter	31.75
cellsize	0.5
NODATA_value	-9999
[rows 0 to 30 of 91, columns 210 to 279 of 311]
-9999 -9999 -9999 -9999 -9999 -9999 -9999 -9999 -9999 -9999 -9999 -9999 -9999 -9999 -9999 -9999 -9999 -9999 -9999 -9999 -9999 -9999 -9999 -9999 -9999 -9999 -9999 -9999 -9999 -9999 -9999 -9999 -9999 -9999 -9999 -9999 -9999 -9999 -9999 -9999 -9999 -9999 -9999 -9999 -9999 -9999 -9999 -9999 -9999 -9999 -9999 -9999 -9999 -9999 -9999 -9999 -9999 -9999 -9999 -9999 -9999 -9999 -9999 -9999 -9999 -9999 -9999 -9999 -9999 -9999
-9999 -9999 -9999 -9999 -9999 -9999 -9999 -9999 -9999 -9999 -9999 -9999 -9999 -9999 -9999 -9999 -9999 -9999 -9999 -9999 -9999 -9999 -9999 -9999 -9999 -9999 -9999 -9999 -9999 -9999 -9999 -9999 -9999 -9999 -9999 -9999 -9999 -9999 -9999 -9999 -9999 -9999 -9999 -9999 -9999 -9999 -9999 -9999 -9999 -9999 -9999 -9999 -9999 -9999 -9999 -9999 -9999 -9999 -9999 -9999 -9999 -9999 -9999 -9999 -9999 -9999 -9999 -9999 -9999 -9999
-9999 -9999 -9999 -9999 -9999 -9999 -9999 -9999 -9999 -9999 -9999 -9999 -9999 -9999 -9999 -9999 -9999 -9999 -9999 -9999 -9999 -9999 -9999 -9999 -9999 -9999 -9999 -9999 -9999 -9999 -9999 -9999 -9999 -9999 -9999 -9999 -9999 -9999 -9999 -9999 -9999 -9999 -9999 -9999 -9999 -9999 -9999 -9999 -9999 -9999 -9999 -9999 -9999 -9999 -9999 -9999 -9999 -9999 -9999 -9999 -9999 -9999 -9999 -9999 -9999 -9999 -9999 -9999 -9999 -9999
-9999 -9999 -9999 -9999 -9999 -9999 -9999 -9999 -9999 -9999 -9999 -9999 -9999 -9999 -9999 -9999 -9999 -9999 -9999 -9999 -9999 -9999 -9999 -9999 -9999 -9999 -9999 -9999 -9999 -9999 -9999 -9999 -9999 -9999 -9999 -9999 -9999 -9999 -9999 -9999 -9999 -9999 -9999 -9999 -9999 -9999 -9999 -9999 -9999 -9999 -9999 -9999 -9999 -9999 -9999 -9999 -9999 -9999 -9999 -9999 -9999 -9999 -9999 -9999 -9999 -9999 -9999 -9999 -9999 -9999
-9999 -9999 -9999 -9999 -9999 -9999 -9999 -9999 -9999 -9999 -9999 -9999 -9999 -9999 -9999 -9999 -9999 -9999 -9999 -9999 -9999 -9999 -9999 -9999 -9999 -9999 -9999 -9999 -9999 -9999 -9999 -9999 -9999 -9999 -9999 -9999 -9999 -9999 -9999 -9999 -9999 -9999 -9999 -9999 -9999 -9999 -9999 -9999 -9999 -9999 -9999 -9999 -9999 -9999 -9999 -9999 -9999 -9999 -9999 -9999 -9999 -9999 -9999 -9999 -9999 -9999 -9999 -9999 -9999 -9999
-9999 -9999 -9999 -9999 -9999 -9999 -9999 -9999 -9999 -9999 -9999 -9999 -9999 -9999 -9999 -9999 -9999 -9999 -9999 -9999 -9999 -9999 -9999 -9999 -9999 -9999 -9999 -9999 -9999 -9999 -9999 -9999 -9999 -9999 -9999 -9999 -9999 -9999 -9999 -9999 -9999 -9999 -9999 -9999 -9999 -9999 -9999 -9999 -9999 -9999 -9999 -9999 -9999 -9999 -9999 -9999 -9999 -9999 -9999 -9999 -9999 -9999 -9999 -9999 -9999 -9999 -9999 -9999 -9999 -9999
-9999 -9999 -9999 -9999 -9999 -9999 -9999 -9999 -9999 -9999 -9999 -9999 -9999 -9999 -9999 -9999 -9999 -9999 -9999 -9999 -9999 -9999 -9999 -9999 -9999 -9999 -9999 -9999 -9999 -9999 -9999 -9999 -9999 -9999 -9999 -9999 -9999 -9999 -9999 -9999 -9999 -9999 -9999 -9999 -9999 -9999 -9999 -9999 -9999 -9999 -9999 -9999 -9999 -9999 -9999 -9999 -9999 -9999 -9999 -9999 -9999 -9999 -9999 -9999 -9999 -9999 -9999 -9999 -9999 -9999
-9999 -9999 -9999 -9999 -9999 -9999 -9999 -9999 -9999 -9999 -9999 -9999 -9999 -9999 -9999 -9999 -9999 -9999 -9999 -9999 -9999 -9999 -9999 -9999 -9999 -9999 -9999 -9999 -9999 -9999 -9999 -9999 -9999 -9999 -9999 -9999 -9999 -9999 -9999 -9999 -9999 -9999 -9999 -9999 -9999 -9999 -9999 -9999 -9999 -9999 -9999 -9999 -9999 -9999 -9999 -9999 -9999 -9999 -9999 -9999 -9999 -9999 -9999 -9999 -9999 -9999 -9999 -9999 -9999 -9999
-9999 -9999 -9999 -9999 -9999 -9999 -9999 -9999 -9999 -9999 -9999 -9999 -9999 -9999 -9999 -9999 -9999 -9999 -9999 -9999 -9999 -9999 -9999 -9999 -9999 -9999 -9999 -9999 -9999 -9999 -9999 -9999 -9999 -9999 -9999 -9999 -9999 -9999 -9999 -9999 -9999 -9999 -9999 -9999 -9999 -9999 -9999 -9999 -9999 -9999 -9999 -9999 -9999 -9999 -9999 -9999 -9999 -9999 -9999 -9999 -9999 -9999 -9999 -9999 -9999 -9999 -9999 -9999 -9999 -9999
-9999 -9999 -9999 -9999 -9999 -9999 -9999 -9999 -9999 -9999 -9999 -9999 -9999 -9999 -9999 -9999 -9999 -9999 -9999 -9999 -9999 -9999 -9999 -9999 -9999 -9999 -9999 -9999 -9999 -9999 -9999 -9999 -9999 -9999 -9999 -9999 -9999 -9999 -9999 -9999 -9999 -9999 -9999 -9999 -9999 -9999 -9999 -9999 -9999 -9999 -9999 -9999 -9999 -9999 -9999 -9999 -9999 -9999 -9999 -9999 -9999 -9999 -9999 -9999 -9999 -9999 -9999 -9999 -9999 -9999
-9999 -9999 -9999 -9999 -9999 -9999 -9999 -9999 -9999 -9999 -9999 -9999 -9999 -9999 -9999 -9999 -9999 -9999 -9999 -9999 -9999 -9999 -9999 -9999 -9999 -9999 -9999 -9999 -9999 -9999 -9999 -9999 -9999 -9999 -9999 -9999 -9999 -9999 -9999 -9999 -9999 -9999 -9999 -9999 -9999 -9999 -9999 -9999 -9999 -9999 -9999 -9999 -9999 -9999 -9999 -9999 -9999 -9999 -9999 -9999 -9999 -9999 -9999 -9999 -9999 -9999 -9999 -9999 -9999 -9999
-9999 -9999 -9999 -9999 -9999 -9999 -9999 -9999 -9999 -9999 -9999 -9999 -9999 -9999 -9999 -9999 -9999 -9999 -9999 -9999 -9999 -9999 -9999 -9999 -9999 -9999 -9999 -9999 -9999 -9999 -9999 -9999 -9999 -9999 -9999 -9999 -9999 -9999 -9999 -9999 -9999 -9999 -9999 -9999 -9999 -9999 -9999 -9999 -9999 -9999 -9999 -9999 -9999 -9999 -9999 -9999 -9999 -9999 -9999 -9999 -9999 -9999 -9999 -9999 -9999 -9999 -9999 -9999 -9999 -9999
-9999 -9999 -9999 -9999 -9999 -9999 -9999 -9999 -9999 -9999 -9999 -9999 -9999 -9999 -9999 -9999 -9999 -9999 -9999 -9999 -9999 -9999 -9999 -9999 -9999 -9999 -9999 -9999 -9999 -9999 -9999 -9999 -9999 -9999 -9999 -9999 -9999 -9999 -9999 -9999 -9999 -9999 -9999 -9999 -9999 -9999 -9999 -9999 -9999 -9999 -9999 -9999 -9999 -9999 -9999 -9999 -9999 -9999 -9999 -9999 -9999 -9999 -9999 -9999 -9999 -9999 -9999 -9999 -9999 -9999
-28.74820 -28.46570 -28.40170 -28.37210 -28.23980 -28.30530 -28.36450 -28.30460 -28.29920 -9999 -9999 -9999 -9999 -9999 -9999 -9999 -9999 -9999 -9999 -9999 -9999 -9999 -9999 -9999 -9999 -9999 -9999 -9999 -9999 -9999 -9999 -9999 -9999 -9999 -9999 -9999 -9999 -9999 -9999 -9999 -9999 -9999 -9999 -9999 -9999 -9999 -9999 -9999 -9999 -9999 -28.40820 -9999 -9999 -9999 -9999 -9999 -9999 -9999 -9999 -9999 -9999 -9999 -9999 -9999 -9999 -9999 -9999 -9999 -9999 -9999
-29.91170 -29.89630 -29.95570 -29.41740 -28.87890 -28.61850 -28.38390 -28.23920 -28.02090 -27.91330 -27.70790 -27.37350 -26.99300 -26.06600 -25.65740 -25.47040 -25.87050 -26.13800 -26.11640 -25.93170 -25.80640 -23.70270 -9999 -9999 -9999 -9999 -9999 -9999 -9999 -9999 -9999 -9999 -9999 -9999 -9999 -9999 -9999 -9999 -9999 -9999 -9999 -9999 -9999 -9999 -9999 -29.05840 -28.49250 -28.78240 -29.36480 -29.67340 -29.26780 -28.43170 -9999 -9999 -9999 -28.01660 -9999 -9999 -9999 -27.61750 -27.49860 -27.17060 -9999 -9999 -9999 -9999 -9999 -9999 -9999 -9999
-29.14970 -29.32880 -29.25860 -28.96380 -28.67200 -27.67050 -27.22230 -27.10580 -26.87740 -26.07670 -25.41350 -25.12840 -25.29000 -25.07950 -25.32000 -25.33240 -25.70320 -26.08430 -25.37700 -25.08490 -25.09030 -26.17980 -26.55290 -26.38250 -26.48160 -26.09660 -25.94600 -26.30360 -9999 -9999 -9999 -9999 -9999 -27.81180 -28.03820 -27.97460 -27.70680 -27.73600 -27.39410 -27.46600 -27.62660 -27.78660 -28.04600 -27.92100 -28.05630 -29.65280 -29.45590 -29.74040 -29.53320 -29.93690 -30.00300 -28.47700 -28.44850 -28.41420 -28.38680 -28.14730 -28.01300 -27.95680 -28.04390 -27.83390 -28.01030 -28.28080 -27.85870 -27.43720 -27.31340 -27.80120 -27.97430 -9999 -9999 -9999
-27.44000 -27.23940 -26.52130 -25.74170 -24.89410 -24.24870 -23.95580 -24.64980 -24.34330 -24.09170 -24.82100 -24.83170 -24.98150 -25.38150 -25.68810 -25.88810 -25.94140 -25.52990 -25.04440 -24.84770 -24.58540 -25.98820 -25.96800 -26.46060 -26.75080 -26.38650 -27.03370 -27.37120 -27.63140 -27.48770 -27.74250 -27.78380 -27.99970 -27.92220 -28.14870 -28.28410 -28.32690 -28.35530 -27.99080 -27.95200 -28.21620 -28.29520 -28.42890 -28.31690 -28.41840 -28.41860 -28.50600 -28.56830 -28.52730 -28.75780 -28.73200 -28.70280 -28.77400 -28.73900 -28.61510 -28.37320 -28.32170 -28.18020 -28.15970 -27.93440 -27.72270 -27.50730 -27.38340 -27.35080 -27.53000 -28.00590 -28.67050 -28.74020 -28.81980 -28.91010
-25.10690 -24.95700 -24.91880 -25.05030 -24.89320 -24.64210 -24.63460 -24.68420 -25.31270 -25.01750 -25.60230 -25.45250 -26.31260 -27.26580 -27.53300 -25.24180 -23.94140 -23.60110 -23.89260 -23.63840 -24.22190 -25.00390 -25.34270 -25.84630 -26.01800 -25.59980 -26.19020 -27.25240 -27.91480 -28.57110 -28.92880 -29.27780 -29.37590 -29.00480 -28.51420 -28.61840 -28.63690 -28.66320 -28.60020 -28.45260 -28.38130 -28.37780 -28.44580 -28.60760 -28.75950 -28.82500 -28.78750 -28.74890 -28.91400 -28.96560 -28.86550 -28.84020 -28.80350 -28.77590 -28.54130 -28.40310 -28.35790 -28.37940 -28.16590 -28.04580 -27.83480 -27.70560 -27.58370 -27.66670 -27.75500 -28.42230 -28.69870 -28.66150 -28.73290 -29.09640
-26.82850 -27.14100 -27.21540 -26.58630 -25.62990 -25.47210 -25.26240 -25.28170 -25.43490 -25.70420 -25.50840 -25.58930 -26.93250 -26.32020 -24.83680 -22.69690 -23.26000 -22.54550 -22.87070 -24.25270 -24.95920 -25.22970 -25.64580 -25.53330 -25.78700 -25.68510 -25.94600 -27.14410 -27.90080 -28.45840 -29.60820 -29.96990 -30.20060 -29.70060 -29.11790 -29.22660 -29.04170 -28.85580 -28.57940 -28.76600 -28.70840 -28.56580 -28.72460 -28.88080 -29.04580 -29.00920 -29.18510 -29.24920 -29.19650 -29.17200 -29.10440 -28.87500 -28.75250 -28.72620 -28.77350 -28.53570 -28.46740 -28.40070 -28.27610 -28.05080 -28.01680 -27.91840 -27.78580 -27.77890 -27.95640 -28.42660 -28.59140 -28.66390 -29.00970 -29.11510
-27.30330 -27.00620 -27.10170 -27.44170 -27.40120 -26.25070 -25.81950 -24.94330 -24.71470 -25.09580 -25.11170 -25.94100 -26.67250 -26.76070 -26.91610 -26.95310 -28.17110 -27.71850 -27.01960 -26.62320 -26.06450 -24.13020 -24.61900 -25.32800 -25.49690 -26.19430 -26.90480 -27.91200 -28.07360 -28.13540 -28.48020 -29.05300 -30.19100 -29.70140 -29.61770 -29.53220 -29.24740 -29.06620 -28.69090 -28.81300 -28.74620 -28.79460 -28.83020 -28.88010 -29.15210 -29.40960 -29.59280 -29.45400 -29.50350 -29.26140 -29.12810 -29.02190 -28.78600 -28.66480 -28.62800 -28.47150 -28.50080 -28.52820 -28.37980 -28.15800 -28.02810 -28.02980 -28.10650 -28.08560 -28.25480 -28.43250 -28.60010 -28.77880 -29.02780 -29.12730
-27.18900 -25.49940 -25.15940 -25.84550 -26.28260 -25.50050 -23.67820 -22.62660 -22.88390 -24.92920 -26.83180 -28.40640 -28.72430 -28.98400 -29.13790 -29.52780 -31.24720 -31.69450 -30.21210 -27.05080 -25.98610 -23.76820 -24.39050 -25.28440 -26.38490 -26.79220 -27.54860 -28.23460 -28.18800 -28.24510 -28.50100 -29.05660 -29.82510 -30.23220 -29.53810 -29.35860 -29.08690 -28.99810 -28.84320 -28.68240 -28.71610 -28.75280 -28.89940 -28.94610 -29.08770 -29.25180 -29.80750 -29.87460 -29.72980 -29.48990 -29.15650 -28.88350 -28.75820 -28.81690 -28.68240 -28.51820 -28.54180 -28.57860 -28.33830 -28.31350 -28.29030 -28.14620 -28.04680 -28.22200 -28.20100 -28.26730 -28.45120 -28.71960 -28.88140 -29.06510
-25.23790 -24.49760 -24.88450 -26.16900 -26.54570 -26.57970 -26.28710 -25.87700 -26.24130 -27.18720 -27.71790 -27.93150 -27.05990 -26.37540 -26.18890 -26.52050 -27.96680 -27.55530 -25.75810 -23.61250 -23.77570 -22.89540 -23.69950 -25.18040 -26.70080 -27.75550 -27.91330 -28.15860 -28.18110 -28.33400 -28.60020 -29.25260 -29.61410 -30.23890 -29.85090 -29.57380 -29.00110 -28.72120 -28.78270 -28.74110 -28.56150 -28.70970 -28.54890 -28.89830 -29.04660 -29.30050 -29.43450 -29.87770 -29.63760 -29.20340 -28.95010 -28.61110 -28.60220 -28.66020 -28.51470 -28.35480 -28.37040 -28.40140 -28.24670 -28.32540 -28.31210 -28.19390 -28.16640 -27.94960 -28.13700 -28.19690 -28.46680 -28.82720 -28.71170 -29.09120
-23.78140 -24.05170 -24.62410 -25.30290 -26.86030 -27.26610 -27.49270 -25.42540 -22.47320 -21.00100 -20.56180 -20.95060 -20.85440 -20.40030 -20.90200 -23.44220 -26.86070 -24.13190 -22.36100 -20.39170 -20.98940 -22.57600 -23.34640 -24.94140 -26.75670 -27.67980 -27.97710 -28.60900 -28.41340 -28.93120 -29.29400 -29.24550 -29.30460 -29.35890 -29.28000 -29.20290 -29.32590 -29.26880 -29.03430 -29.28480 -29.32880 -29.05750 -29.02030 -29.06230 -29.01620 -28.84800 -28.99730 -29.21680 -29.15900 -28.80330 -28.75520 -28.50770 -28.45340 -28.41260 -28.46350 -28.29300 -28.50990 -28.45090 -28.58280 -28.65810 -28.64040 -28.31970 -28.18800 -28.26010 -28.23180 -28.59940 -28.66510 -28.84710 -28.92690 -29.50530
-23.30480 -23.08140 -23.92490 -22.94230 -21.88660 -21.52870 -22.91850 -21.80900 -19.90250 -18.87610 -18.43920 -19.26440 -19.87100 -19.26930 -19.07620 -19.05000 -20.60680 -20.24170 -19.95130 -20.55150 -20.96760 -22.42530 -23.58140 -25.00920 -26.73460 -27.31590 -27.64690 -28.44440 -29.05610 -29.36570 -29.68760 -29.84620 -29.81720 -29.77610 -29.30400 -29.40890 -29.64940 -29.98310 -30.05590 -30.21410 -29.98450 -29.84220 -29.58800 -29.74430 -29.76790 -29.40990 -29.24330 -29.17730 -29.12470 -28.25790 -27.98940 -27.73640 -27.88040 -27.85870 -27.98550 -28.21590 -28.34820 -28.38080 -28.69980 -28.67840 -28.23710 -28.22130 -28.69170 -28.76490 -28.64080 -28.80770 -28.98260 -29.06240 -29.15330 -29.54960
-21.32280 -22.32980 -22.74800 -23.33750 -23.50380 -22.67240 -22.22940 -21.40930 -21.07970 -21.91540 -22.37110 -20.55070 -21.03320 -19.38270 -18.52000 -17.75410 -17.53790 -17.39300 -18.61550 -20.07990 -20.25690 -23.07490 -23.60810 -24.49340 -26.59020 -27.39490 -28.19020 -28.77320 -29.29510 -30.00950 -30.03040 -30.26290 -30.31610 -30.38060 -30.32090 -30.14920 -30.07970 -30.45550 -30.33090 -30.37590 -30.44540 -30.18340 -29.95720 -29.90130 -29.93090 -29.57470 -29.61270 -29.44420 -29.28330 -28.91860 -28.65490 -27.89110 -27.43050 -27.58130 -27.69500 -27.83630 -28.34920 -28.48550 -28.60360 -28.66410 -28.62620 -28.41420 -28.38690 -28.56100 -28.83740 -29.12710 -29.11710 -28.80760 -28.80330 -28.98110
-20.34150 -19.93900 -20.86280 -21.43320 -20.81590 -20.11190 -19.91150 -19.45860 -19.16350 -18.79000 -18.31640 -18.92430 -20.71990 -20.93990 -20.42230 -19.26120 -18.45320 -18.04670 -19.02850 -21.59280 -23.94870 -23.55000 -24.19270 -25.03600 -25.29720 -26.48900 -26.97050 -28.20940 -28.93120 -29.56070 -29.88240 -29.90860 -29.73210 -29.49210 -29.33090 -29.36360 -29.11340 -29.58840 -29.54360 -29.53310 -29.61010 -29.35850 -29.30190 -29.35000 -29.29090 -28.92960 -28.85820 -28.50050 -28.43310 -28.27220 -28.01100 -27.65660 -27.39940 -27.40280 -27.41220 -27.53860 -28.26420 -28.67570 -28.79160 -28.75650 -28.64350 -28.40990 -28.38640 -28.57050 -28.56890 -28.67650 -28.67380 -28.66110 -28.94640 -29.01560
-20.74810 -20.61920 -19.85620 -18.21310 -16.68240 -16.59870 -17.04970 -16.86320 -17.73420 -18.56610 -19.28730 -19.45820 -19.52780 -19.82740 -20.37590 -23.15680 -23.78230 -21.45760 -19.24090 -21.00880 -23.05540 -23.42170 -24.43010 -24.90850 -25.14320 -25.69120 -26.26110 -27.26370 -27.76890 -28.20340 -28.92490 -28.74900 -28.27070 -27.99400 -27.95940 -27.88370 -28.04810 -27.72430 -27.82000 -28.47340 -28.47800 -28.52260 -28.56220 -28.29070 -28.13430 -28.18510 -28.00760 -27.85600 -27.50670 -27.33920 -27.59320 -27.43910 -27.12410 -27.23550 -27.23930 -27.54500 -27.66160 -28.28080 -28.60650 -28.74800 -28.54370 -28.51940 -28.50590 -28.21490 -28.41460 -28.42020 -28.42810 -28.50620 -28.47600 -28.65810
-18.51740 -17.22890 -17.71780 -18.12900 -17.03380 -17.44370 -18.80790 -17.28820 -17.97830 -18.46560 -18.98660 -19.02860 -18.65860 -18.78120 -19.54070 -20.52930 -21.98150 -22.30980 -24.38460 -24.85300 -23.92830 -23.01570 -23.65850 -24.38520 -24.36640 -25.10690 -25.55560 -26.84560 -27.65820 -28.29900 -28.55030 -28.28420 -27.71200 -27.53950 -27.45710 -27.22070 -27.09630 -27.48440 -27.58950 -27.52490 -27.53830 -27.68030 -27.71470 -27.43940 -27.38670 -27.33760 -26.87790 -26.72510 -26.57300 -26.91860 -26.97070 -26.63030 -26.64340 -26.85620 -27.06270 -27.37150 -27.47330 -27.77560 -28.40560 -28.36510 -28.36440 -28.16760 -28.06860 -28.17280 -28.17440 -27.97900 -27.86710 -27.93750 -27.94590 -28.24090
-17.43810 -17.83510 -18.72050 -16.95900 -13.90530 -15.98120 -18.46740 -17.68470 -18.43670 -19.48490 -20.31260 -19.92990 -20.13510 -20.72290 -20.76090 -20.67410 -19.79830 -19.55820 -19.61820 -20.98090 -24.30750 -21.22440 -21.80980 -22.44350 -23.63320 -24.60130 -25.32110 -26.73050 -27.64500 -27.96490 -27.98570 -27.69960 -26.92410 -26.05360 -25.88030 -25.90980 -26.44190 -26.85400 -26.63940 -26.69720 -26.89300 -26.92380 -26.57320 -26.80620 -26.55520 -26.60360 -26.14290 -25.88860 -25.64170 -25.99670 -26.44430 -26.36390 -26.57690 -26.67990 -26.78930 -26.70150 -26.89460 -27.30900 -27.22450 -27.61100 -27.81860 -27.52610 -27.72640 -27.52760 -27.42220 -27.42750 -27.30320 -27.40610 -27.60330 -27.70820
-14.41360 -12.88910 -13.11960 -12.29420 -12.59680 -15.50070 -16.93500 -18.38510 -18.27020 -19.47380 -21.20310 -21.90020 -21.26840 -21.00280 -21.23130 -19.15470 -20.40310 -21.21170 -20.52200 -21.09690 -20.38400 -21.83660 -22.01780 -21.41340 -21.97660 -22.63380 -24.35420 -25.48590 -26.37980 -26.87670 -27.26850 -26.68280 -25.72580 -25.14240 -25.13870 -24.97880 -25.56270 -25.75510 -26.00330 -25.62990 -25.85970 -25.70150 -25.54310 -25.59470 -25.52460 -25.48080 -25.62100 -24.97010 -24.92420 -24.98390 -25.24360 -25.78920 -25.90670 -25.99110 -25.91760 -26.02050 -26.22360 -26.47330 -26.31250 -26.77470 -26.87270 -26.98270 -27.19040 -27.19190 -27.48970 -27.46960 -27.37300 -27.27390 -27.07630 -26.96760
-14.60660 -11.11520 -12.69180 -13.45250 -14.92850 -12.24740 -11.55350 -13.82480 -15.63220 -16.62310 -18.87260 -19.45650 -18.76080 -19.16340 -20.29640 -19.26500 -18.64810 -20.38460 -21.53760 -21.16100 -20.53840 -21.92410 -21.53670 -21.53920 -21.77110 -22.31910 -23.60340 -24.84020 -25.46070 -25.51500 -25.24020 -25.22790 -24.63390 -24.04820 -23.57500 -23.25590 -23.83810 -24.15210 -24.38600 -24.60090 -24.54140 -24.19600 -23.82740 -24.08590 -23.98080 -23.74600 -23.78220 -23.32650 -22.85640 -23.32250 -23.58600 -23.62240 -23.35720 -23.59130 -23.87890 -24.35400 -24.55540 -25.03400 -24.96250 -25.27080 -25.81910 -25.76720 -26.01850 -25.86270 -25.70540 -25.94000 -25.79070 -25.74200 -25.83290 -26.14190
