data/hydroclimate-scenarios/1948-2000.Pcorr55N_Pref_Tref/monthly_summaries/tavg_monthly_avg_aug.asc
ncols	311
nrows	91
xllcenter	102.75
yllcenter	31.75
cellsize	0.5
NODATA_value	-9999
[rows 0 to 31 of 91, columns 72 to 143 of 311]
-9999 -9999 -9999 -9999 -9999 -9999 -9999 -9999 -9999 -9999 -9999 -9999 -9999 -9999 -9999 -9999 -9999 -9999 -9999 -9999 -9999 -9999 -9999 -9999 -9999 -9999 -9999 -9999 -9999 -9999 -9999 -9999 -9999 -9999 -9999 -9999 -9999 -9999 -9999 -9999 -9999 -9999 -9999 -9999 -9999 -9999 -9999 -9999 -9999 -9999 -9999 -9999 -9999 -9999 -9999 -9999 -9999 -9999 -9999 -9999 -9999 -9999 -9999 -9999 -9999 -9999 -9999 -9999 -9999 -9999 -9999 -9999
-9999 -9999 -9999 -9999 -9999 -9999 -9999 -9999 -9999 -9999 -9999 -9999 -9999 -9999 -9999 -9999 -9999 -9999 -9999 -9999 -9999 -9999 -9999 -9999 -9999 -9999 -9999 -9999 -9999 -9999 -9999 -9999 -9999 -9999 -9999 -9999 -9999 -9999 -9999 -9999 -9999 -9999 -9999 -9999 -9999 -9999 -9999 -9999 -9999 -9999 -9999 -9999 -9999 -9999 -9999 -9999 -9999 -9999 -9999 -9999 -9999 -9999 -9999 -9999 -9999 -9999 -9999 -9999 -9999 -9999 -9999 -9999
-9999 -9999 -9999 -9999 -9999 -9999 -9999 -9999 -9999 -9999 -9999 -9999 -9999 -9999 -9999 -9999 -9999 -9999 -9999 -9999 -9999 -9999 -9999 -9999 -9999 -9999 -9999 -9999 -9999 -9999 -9999 -9999 -9999 -9999 -9999 -9999 -9999 -9999 -9999 -9999 -9999 -9999 -9999 -9999 -9999 -9999 -9999 -9999 -9999 -9999 -9999 -9999 -9999 -9999 -9999 -9999 -9999 -9999 -9999 -9999 -9999 -9999 -9999 -9999 -9999 -9999 -9999 -9999 -9999 -9999 -9999 -9999
-9999 -9999 -9999 -9999 -9999 -9999 -9999 -9999 -9999 -9999 -9999 -9999 -9999 -9999 -9999 -9999 -9999 -9999 -9999 -9999 -9999 -9999 -9999 -9999 -9999 -9999 -9999 -9999 -9999 -9999 -9999 -9999 -9999 -9999 -9999 -9999 -9999 -9999 -9999 -9999 -9999 -9999 -9999 -9999 -9999 -9999 -9999 -9999 -9999 -9999 -9999 -9999 -9999 -9999 -9999 -9999 -9999 -9999 -9999 -9999 -9999 -9999 -9999 -9999 -9999 -9999 -9999 -9999 -9999 -9999 -9999 -9999
-9999 -9999 -9999 -9999 -9999 -9999 -9999 -9999 -9999 -9999 -9999 -9999 -9999 -9999 -9999 -9999 -9999 -9999 -9999 -9999 -9999 -9999 -9999 -9999 -9999 -9999 -9999 -9999 -9999 -9999 -9999 -9999 -9999 -9999 -9999 -9999 -9999 -9999 -9999 -9999 -9999 -9999 -9999 -9999 -9999 -9999 -9999 -9999 -9999 -9999 -9999 -9999 -9999 -9999 -9999 -9999 -9999 -9999 -9999 -9999 -9999 -9999 -9999 -9999 -9999 -9999 -9999 -9999 -9999 -9999 -9999 -9999
-9999 -9999 -9999 -9999 -9999 -9999 -9999 -9999 -9999 -9999 -9999 -9999 -9999 -9999 -9999 -9999 -9999 -9999 -9999 -9999 -9999 -9999 -9999 -9999 -9999 -9999 -9999 -9999 -9999 -9999 -9999 -9999 -9999 -9999 -9999 -9999 -9999 -9999 -9999 -9999 -9999 -9999 -9999 -9999 -9999 -9999 -9999 -9999 -9999 -9999 -9999 -9999 -9999 -9999 -9999 -9999 -9999 -9999 -9999 -9999 -9999 -9999 -9999 -9999 -9999 -9999 -9999 -9999 -9999 -9999 -9999 -9999
-9999 -9999 -9999 -9999 -9999 -9999 -9999 -9999 -9999 -9999 -9999 -9999 -9999 -9999 -9999 -9999 -9999 -9999 -9999 -9999 -9999 -9999 -9999 -9999 -9999 -9999 -9999 -9999 -9999 -9999 -9999 -9999 -9999 -9999 -9999 -9999 -9999 -9999 -9999 -9999 -9999 -9999 -9999 -9999 -9999 -9999 -9999 -9999 -9999 -9999 -9999 -9999 -9999 -9999 -9999 -9999 -9999 -9999 -9999 -9999 -9999 -9999 -9999 -9999 -9999 -9999 -9999 -9999 -9999 -9999 -9999 -9999
-9999 -9999 -9999 -9999 -9999 -9999 -9999 -9999 -9999 -9999 -9999 -9999 -9999 -9999 -9999 -9999 -9999 -9999 -9999 -9999 -9999 -9999 -9999 -9999 -9999 -9999 -9999 -9999 -9999 -9999 -9999 -9999 -9999 -9999 -9999 -9999 -9999 -9999 -9999 -9999 -9999 -9999 -9999 -9999 -9999 -9999 -9999 -9999 -9999 -9999 -9999 -9999 -9999 -9999 -9999 -9999 -9999 -9999 -9999 -9999 -9999 -9999 -9999 -9999 -9999 -9999 -9999 -9999 -9999 -9999 -9999 -9999
-9999 -9999 -9999 -9999 -9999 7.89960 -9999 -9999 -9999 -9999 -9999 -9999 -9999 -9999 -9999 -9999 -9999 -9999 -9999 -9999 -9999 -9999 -9999 -9999 -9999 -9999 -9999 -9999 -9999 -9999 -9999 -9999 -9999 -9999 -9999 -9999 -9999 -9999 -9999 -9999 -9999 -9999 -9999 -9999 -9999 -9999 -9999 -9999 -9999 -9999 -9999 -9999 -9999 -9999 -9999 -9999 -9999 -9999 -9999 -9999 -9999 -9999 -9999 -9999 -9999 -9999 -9999 -9999 -9999 -9999 -9999 -9999
-9999 4.98325 8.58039 8.18751 8.00426 8.10214 7.91541 7.82155 7.72636 7.62386 7.58486 7.67982 7.56018 7.44624 7.32810 7.29432 7.18821 7.18192 7.07406 6.97470 6.96704 -9999 -9999 -9999 -9999 -9999 -9999 -9999 -9999 -9999 -9999 -9999 -9999 -9999 -9999 -9999 -9999 -9999 -9999 -9999 -9999 -9999 -9999 -9999 -9999 -9999 -9999 -9999 -9999 -9999 -9999 -9999 -9999 -9999 -9999 -9999 -9999 -9999 -9999 -9999 -9999 -9999 -9999 -9999 -9999 -9999 -9999 -9999 -9999 -9999 -9999 -9999
-9999 -9999 -9999 8.40678 8.30701 8.33425 8.13688 8.14144 8.03850 7.92857 7.80318 7.78085 7.76081 7.64684 7.53230 7.50060 7.29572 7.18497 7.08725 6.99036 6.96638 -9999 -9999 -9999 -9999 -9999 -9999 -9999 -9999 -9999 -9999 -9999 -9999 -9999 -9999 -9999 -9999 -9999 -9999 -9999 -9999 -9999 -9999 -9999 -9999 -9999 -9999 -9999 -9999 -9999 -9999 -9999 -9999 -9999 -9999 -9999 -9999 -9999 -9999 -9999 -9999 -9999 -9999 -9999 -9999 -9999 -9999 -9999 -9999 -9999 -9999 -9999
9.08322 8.99666 9.01495 8.72051 8.62792 8.73404 8.55628 8.45503 8.43470 8.24049 8.21691 8.09513 7.97965 7.86037 7.74044 7.61919 7.50559 7.39005 7.29503 7.28748 7.28082 7.37765 7.37607 7.27308 7.46999 7.45643 7.55519 -9999 -9999 -9999 -9999 -9999 -9999 -9999 -9999 -9999 -9999 -9999 -9999 -9999 -9999 -9999 -9999 -9999 -9999 -9999 -9999 -9999 -9999 -9999 -9999 -9999 -9999 -9999 -9999 -9999 -9999 -9999 -9999 -9999 -9999 -9999 -9999 -9999 -9999 -9999 -9999 -9999 -9999 -9999 -9999 -9999
9.30108 9.21097 9.01916 9.03385 8.92802 8.93391 8.93213 8.83754 8.73756 8.62326 8.51664 8.39962 8.27796 8.15887 8.04755 7.92427 7.80650 7.69661 7.49192 7.49115 7.38379 7.18760 7.47093 7.57216 7.57246 7.56458 7.65780 7.75746 7.74587 7.75069 7.85395 7.83768 7.83388 7.74457 7.74623 7.64098 7.54921 7.52733 7.53442 7.54315 7.54149 7.53581 -9999 -9999 -9999 -9999 -9999 -9999 -9999 -9999 -9999 -9999 -9999 -9999 -9999 -9999 -9999 -9999 -9999 -9999 -9999 -9999 -9999 -9999 -9999 -9999 -9999 -9999 -9999 -9999 -9999 -9999
9.01374 9.10272 8.80796 8.71593 8.82800 9.12004 9.12719 9.02764 8.84719 8.92541 8.81982 8.69542 8.58073 8.46590 8.33793 8.22972 8.10253 7.99606 7.79141 7.48629 6.98397 7.08987 7.27637 7.37649 7.67542 7.96235 7.95803 7.75276 7.54866 8.04996 8.05502 8.05154 8.04222 8.04575 7.94807 7.94440 7.84265 7.93768 7.83827 7.73883 7.73688 7.74190 7.84481 -9999 -9999 -9999 -9999 -9999 -9999 -9999 -9999 -9999 -9999 -9999 -9999 -9999 -9999 -9999 -9999 -9999 -9999 -9999 -9999 -9999 -9999 -9999 -9999 -9999 -9999 -9999 -9999 -9999
7.00776 7.51084 6.30350 7.30460 7.61506 7.51427 7.72634 7.81716 8.32587 8.02192 8.21436 8.48956 8.58125 8.65700 8.43401 8.42334 8.30845 8.19238 7.89238 7.48134 7.47921 7.27317 7.37160 7.66828 7.06807 7.65867 8.05417 8.15324 7.64270 7.93676 8.04091 8.14085 8.03861 8.13209 8.13796 8.03949 8.03768 7.93977 7.92761 7.84040 7.83218 7.83012 7.93894 -9999 -9999 -9999 -9999 -9999 -9999 -9999 -9999 -9999 -9999 -9999 -9999 -9999 -9999 -9999 7.44531 7.34008 -9999 -9999 -9999 -9999 6.29541 5.19340 4.41584 4.82073 6.03411 6.13581 6.05686 5.87534
7.29829 7.50284 6.69224 7.89134 8.60230 8.50602 7.81006 7.71796 7.62592 8.71026 8.89423 8.78427 8.56808 8.44990 8.73848 8.61405 8.69680 8.47939 8.45904 8.15695 7.86337 7.75953 8.25915 8.25627 8.35192 8.35016 8.33738 8.52857 8.42916 8.53203 8.42650 8.43648 8.42331 8.42402 8.43164 8.32732 8.32257 8.32408 8.12340 8.11738 8.11706 8.12685 8.02680 8.22515 8.22836 8.33397 8.02906 6.71228 6.20330 6.59051 6.17055 6.05287 6.43307 6.31392 6.09586 7.38530 7.46188 7.44867 7.43890 7.53464 -9999 -9999 -9999 -9999 -9999 6.59593 5.91000 5.42071 5.03500 5.04188 5.35437 4.76355
7.58817 7.19726 6.10440 7.10158 8.19963 8.50194 8.60260 9.21145 9.60950 9.71214 9.59665 9.58758 9.47345 9.44763 9.33615 9.11964 8.99432 8.86724 8.74197 8.74596 8.74270 8.64080 8.63867 8.64204 8.73492 8.73323 8.72579 8.71652 8.81792 8.81985 8.81809 8.71981 8.71640 8.71831 8.71416 8.61663 8.62007 8.61007 8.51232 8.41639 8.40862 8.31583 8.31155 8.31251 8.21510 8.31798 8.09929 6.98762 6.48217 6.96673 7.35188 6.73485 5.51696 4.60970 5.89141 5.27473 5.15781 5.44668 6.23018 6.43242 6.14933 6.95975 7.56507 7.67594 7.48380 7.40344 7.30902 6.42872 5.82886 4.94393 5.15889 4.57755
3.30846 8.30494 6.00672 5.79778 6.89597 7.70457 7.60625 9.99981 10.20940 10.10300 9.99279 9.89403 9.75888 9.75187 9.62904 9.51921 9.39468 9.26314 8.54286 8.42443 8.82273 8.91894 9.01734 9.01166 9.01060 9.01168 9.01663 9.11650 9.10566 9.00977 9.11332 9.01370 9.00792 9.00500 9.00529 8.90858 8.90182 8.80249 8.80457 8.80283 8.49500 8.60403 8.50598 8.50273 8.50502 8.48755 8.38014 8.27167 7.95529 7.44664 7.83942 7.11378 7.11752 6.29100 5.07732 4.76616 5.14029 5.23045 4.92797 5.34640 4.45542 5.56799 7.07419 7.58340 7.68971 7.60322 7.50717 6.82122 5.83402 4.34956 4.25911 3.97606
3.99559 5.89514 9.19403 7.99639 8.98929 9.39472 8.10317 9.00854 9.81758 10.01100 10.19670 10.27040 10.16590 10.14570 10.03030 9.90888 9.68259 9.25883 7.64092 7.80483 8.29824 8.39718 8.99406 9.19530 9.18842 9.29312 9.29042 9.28910 9.29695 9.39538 9.39569 9.39607 9.30593 9.29300 9.19329 9.18904 8.88983 8.78783 8.48662 8.49569 8.69068 7.58805 7.29960 7.59326 8.18451 8.57031 8.85582 8.74993 8.04162 7.42838 7.31058 7.00733 6.89558 6.78642 7.06448 6.75326 5.63574 5.21689 4.83013 4.34674 3.85344 3.56182 5.07975 5.68338 6.09072 6.11134 6.21301 5.82768 5.43521 5.25123 5.25580 4.86361
4.99799 5.00008 5.09052 7.19248 9.39079 9.39168 8.19219 8.00023 9.29748 6.90539 7.39036 8.16567 9.32507 9.94033 10.01440 10.19870 9.97859 9.55567 8.72403 8.09388 8.67472 8.86987 9.27093 9.57613 9.56868 9.67097 9.76812 9.66876 9.67316 9.67621 9.57526 9.07925 9.38672 9.38982 8.88648 8.78213 8.68267 8.48665 7.98093 7.88821 8.38149 8.48311 8.28993 7.37512 7.25873 7.75174 8.13845 8.72773 7.71609 7.20047 7.19694 7.08095 7.47209 6.55669 5.74615 5.44118 4.32437 5.32129 6.02398 5.74659 5.95231 5.76434 4.97970 4.09114 5.49530 4.60088 5.41546 5.72679 5.73965 5.84828 6.95521 6.57122
5.79508 4.98975 4.18301 3.79120 6.97719 8.38758 8.98713 9.00017 9.60203 8.09927 5.79233 4.27920 3.45749 6.03905 7.82043 8.89029 9.86778 10.04640 10.11780 9.98947 9.96594 9.85057 9.95607 10.04790 9.95286 9.94213 9.95140 9.94932 9.64600 9.55255 9.26395 8.86181 8.95914 9.37280 8.86662 8.37552 7.77978 8.27182 8.47110 7.97061 7.76498 8.17068 8.36740 7.64828 8.03697 7.92960 8.02043 8.50889 8.59650 8.56139 8.26977 7.76192 7.55078 7.33849 7.03360 5.93003 5.11584 5.73269 4.53737 4.95054 5.41082 5.77148 6.28543 6.68652 6.60127 6.21022 5.91985 6.33577 6.53750 7.15703 7.75618 7.77719
4.88581 3.59269 3.58281 4.16774 4.48746 4.58582 5.49347 7.00514 8.59641 9.90029 8.77950 7.56598 6.24872 4.72972 4.60918 4.88894 5.76292 7.43063 8.21399 9.38507 9.65793 9.92849 10.12780 10.22160 10.42620 10.22530 10.12670 9.53454 9.13147 9.73003 8.04124 7.64263 7.65045 8.04227 7.95598 7.95320 7.75575 8.16096 7.95470 7.86158 7.76077 8.56087 7.84377 7.73012 7.32160 7.20871 7.30257 7.69755 7.79308 6.88427 6.77898 6.06836 5.86885 6.15726 6.25252 4.94202 5.93102 6.03420 4.94873 5.85724 5.87250 6.17888 7.47837 7.29196 7.10352 6.10960 6.62488 7.12553 7.43109 8.25622 8.65610 8.17064
4.77578 3.97685 4.48423 3.86430 3.57432 4.17757 5.27263 5.29284 6.90203 7.38703 7.08085 7.35200 8.03915 7.71542 7.48903 6.56534 5.35467 4.72362 5.39427 6.38173 7.14081 8.71625 9.79539 10.49640 10.60000 10.70680 9.79573 9.01593 8.91710 8.81877 8.61591 7.52279 8.01352 7.33047 8.83587 8.73438 8.22870 7.24212 7.64694 8.34489 8.75668 8.35348 7.84558 6.44816 6.13449 6.13587 6.53238 6.51780 5.51839 5.11293 5.49458 4.98263 4.07938 4.85871 4.15564 5.75304 4.94093 6.15360 6.97244 6.97790 7.59132 7.49215 7.79958 6.90646 7.70992 8.40355 8.61972 8.32446 8.33100 9.05460 8.96785 7.66802
6.27166 6.26021 6.56611 5.05656 4.07012 4.27001 4.36867 4.59055 6.27815 7.99072 4.67420 5.15294 6.23472 4.20568 2.98678 3.55904 8.62974 5.91503 3.29282 3.86793 4.83554 6.21154 9.87719 10.68030 10.88110 10.87730 10.18370 9.38380 9.39160 8.80139 8.70157 8.60692 8.62209 9.72098 9.32872 8.53409 8.53225 7.84950 7.55444 6.64744 7.65000 7.75214 7.25052 8.45173 8.34956 7.54263 6.73342 6.03114 5.62097 5.11525 5.71227 5.69346 5.58257 4.87643 4.56728 5.35716 5.25271 6.87074 7.28201 8.39378 8.70702 8.11064 7.62595 9.01630 9.42351 9.43828 9.63131 9.44102 9.04683 9.05341 9.26781 8.76652
6.66783 6.76788 7.05726 6.46076 6.35861 6.36440 5.87265 6.17711 5.97787 6.37610 6.07035 6.04912 6.62436 4.99540 4.57465 3.15153 4.32717 5.90462 6.97614 6.06125 5.93687 6.81317 7.59436 9.48072 10.77940 10.88550 10.78200 10.19270 10.20210 9.40651 9.51420 9.91803 9.42617 9.23257 9.23345 9.14204 8.84770 8.45168 7.74766 6.53936 6.53449 6.34245 6.65115 8.46268 8.64624 7.75810 7.05024 6.44117 5.33029 5.03169 5.91103 6.40002 5.09296 5.88035 6.28817 6.56908 7.16601 6.27996 7.39599 8.01364 8.82275 8.93559 9.94380 10.24630 10.14860 9.94638 9.45716 8.46735 8.96623 9.26698 9.57422 9.47770
6.37016 5.86933 6.06972 6.26700 7.16192 7.27215 7.56565 7.56967 7.78557 6.47423 5.16374 5.94882 7.01791 6.99020 5.87469 5.44139 5.11650 3.70276 4.68119 5.85630 7.43530 8.31615 8.09187 7.89181 8.78998 10.39530 10.30830 9.90611 9.30862 9.62573 9.42510 10.52170 10.03090 9.33080 8.34408 8.45328 7.14615 7.93730 6.44653 5.03587 6.13714 6.34922 5.13982 6.04803 7.35173 7.25536 7.05794 7.15922 6.54771 5.83225 7.22792 7.71711 7.88717 8.29303 8.07733 7.87428 7.49052 7.99900 7.50952 8.72989 8.94066 9.14796 9.56528 9.96477 10.36590 10.17090 9.97050 9.27983 8.49093 8.69087 9.19205 9.49843
5.27157 4.57418 4.58081 5.67049 6.06631 6.87403 7.26775 8.16990 7.08101 6.97062 6.35351 4.44196 5.70766 7.27721 7.56234 6.24293 5.32471 4.30648 4.48536 5.46751 6.04782 6.62917 7.60938 8.10005 9.00307 8.81262 9.71156 10.21460 9.52346 10.42950 9.62817 10.23650 8.34295 7.75015 8.94498 7.94835 6.44684 6.83698 7.24158 5.93898 5.42826 5.43197 6.12858 6.23646 6.54019 6.84202 6.64129 7.15215 6.43872 6.53148 6.52030 6.91413 6.90429 6.90756 7.29315 7.59080 8.69568 9.41090 10.01880 10.13860 9.84667 9.76547 9.98114 10.07230 10.28740 10.18940 9.89121 8.49626 7.70666 7.90909 8.40484 9.01879
6.79003 4.58240 4.48169 4.57905 6.36958 6.68183 7.97419 7.76244 8.27786 9.06758 8.33338 7.22682 5.61446 6.28777 6.37353 5.94681 6.62737 6.31289 6.68745 4.67336 6.34894 7.33295 8.00948 8.50827 8.11794 7.21961 8.72356 9.82882 10.43120 8.94344 9.45318 9.65010 8.05235 7.24735 8.44158 7.74202 7.04019 6.02966 6.23396 6.22394 5.82733 6.33067 6.12461 6.62999 6.43784 7.92792 7.43250 7.03528 7.13436 7.32919 7.12751 7.72022 8.41074 8.20831 8.89825 8.89521 9.40868 10.12550 10.43200 10.24600 10.06910 9.87666 9.68629 8.29073 8.78886 8.50564 8.69988 8.40991 9.10940 8.91321 8.91173 9.02099
6.99088 5.27950 4.29027 4.28846 3.37834 4.39408 6.47950 6.67020 7.07149 8.06172 7.13835 7.63537 6.81325 5.19156 6.07754 7.34250 7.72832 7.11060 7.29118 7.47040 6.35988 6.64226 7.92134 9.11053 10.12070 9.23526 9.73363 11.23160 10.43920 10.34630 9.94826 8.94326 8.23973 7.54704 7.23512 7.72923 6.63753 5.62690 4.92067 6.42809 6.61362 6.32017 7.63187 8.31382 8.82156 9.82820 10.42150 10.22400 10.42140 10.51580 10.52320 10.42570 9.92232 9.42675 9.40844 9.80759 10.51550 10.42660 10.44580 10.17150 10.18880 9.18589 7.79598 7.09735 7.49778 7.40559 7.81617 8.50895 8.91469 8.83039 8.93286 8.42756
7.69619 5.89859 6.09040 4.68844 4.48649 2.68576 4.17523 5.77424 5.06814 4.86162 5.54771 6.41968 5.40677 5.58192 6.66320 6.54132 6.83158 7.80749 7.89217 7.48051 6.66033 5.35520 7.63555 9.22773 9.62701 8.23808 9.05177 9.15036 8.25310 9.54318 9.84607 8.53920 7.93442 7.13578 7.43405 7.13276 7.22668 6.22720 6.02751 7.11272 8.70673 8.12348 9.11997 10.71880 10.81800 10.51460 10.32400 9.51750 10.22020 -9999 -9999 10.81480 10.71370 10.93020 10.11890 10.11960 10.53500 10.35310 9.87521 9.69574 8.39509 7.19973 6.20494 6.71361 6.00713 5.72158 5.52924 7.82661 8.73036 8.72883 9.73143 8.83559
7.29458 6.69434 5.89629 5.78657 6.07671 4.38045 6.16787 5.46612 4.75942 4.34445 5.43606 5.11963 4.99873 6.07820 6.56035 5.84657 6.92665 7.71555 6.79370 7.27338 7.95920 7.94276 7.52679 6.02811 7.43267 7.34071 8.45112 8.15233 8.54891 8.04342 9.43427 8.63011 7.53670 7.23460 7.02679 6.72412 8.62036 10.12160 -9999 -9999 -9999 -9999 11.61180 -9999 9.62240 8.01459 9.21371 9.61390 11.21270 -9999 -9999 10.22250 10.32590 10.62540 10.62540 10.94690 10.56450 9.98693 9.30809 8.90287 8.41005 7.80963 7.41425 8.32008 5.42313 5.23255 6.02655 8.62331 9.22428 9.72752 10.92410 -9999
7.69461 7.18979 6.29170 6.57844 7.98226 5.67652 6.56785 8.05946 7.64954 7.64217 7.32979 6.31019 5.88958 6.46757 8.15563 6.93990 6.52172 6.41163 6.69774 6.27780 7.65577 7.44593 7.72281 7.12453 7.83104 7.53892 7.35153 7.64401 8.24291 7.84130 7.73944 7.43142 7.62962 6.63169 7.93021 8.91796 -9999 -9999 -9999 -9999 -9999 -9999 -9999 10.61310 10.21580 10.21230 -9999 -9999 -9999 -9999 -9999 11.33140 10.82760 9.34368 9.86246 9.17472 9.78976 10.21990 9.31761 10.31950 10.11010 9.42037 8.72149 9.42231 9.62498 8.63645 7.02564 9.02995 10.92480 -9999 -9999 -9999
