data/hydroclimate-scenarios/1948-2000.Pcorr55N_Pref_Tref/monthly_summaries/tavg_monthly_avg_may.asc
ncols	311
nrows	91
xllcenter	102.75
yllcenter	31.75
cellsize	0.5
NODATA_value	-9999
[rows 0 to 31 of 91, columns 0 to 72 of 311]
-9999 -9999 -9999 -9999 -9999 -9999 -9999 -9999 -9999 -9999 -9999 -9999 -9999 -9999 -9999 -9999 -9999 -9999 -9999 -9999 -9999 -9999 -9999 -9999 -9999 -9999 -9999 -9999 -9999 -9999 -9999 -9999 -9999 -9999 -9999 -9999 -9999 -9999 -9999 -9999 -9999 -9999 -9999 -9999 -9999 -9999 -9999 -9999 -9999 -9999 -9999 -9999 -9999 -9999 -9999 -9999 -9999 -9999 -9999 -9999 -9999 -9999 -9999 -9999 -9999 -9999 -9999 -9999 -9999 -9999 -9999 -9999 -9999
-9999 -9999 -9999 -9999 -9999 -9999 -9999 -9999 -9999 -9999 -9999 -9999 -9999 -9999 -9999 -9999 -9999 -9999 -9999 -9999 -9999 -9999 -9999 -9999 -9999 -9999 -9999 -9999 -9999 -9999 -9999 -9999 -9999 -9999 -9999 -9999 -9999 -9999 -9999 -9999 -9999 -9999 -9999 -9999 -9999 -9999 -9999 -9999 -9999 -9999 -9999 -9999 -9999 -9999 -9999 -9999 -9999 -9999 -9999 -9999 -9999 -9999 -9999 -9999 -9999 -9999 -9999 -9999 -9999 -9999 -9999 -9999 -9999
-9999 -9999 -9999 -9999 -9999 -9999 -9999 -9999 -9999 -9999 -9999 -9999 -9999 -9999 -9999 -9999 -9999 -9999 -9999 -9999 -9999 -9999 -9999 -9999 -9999 -9999 -9999 -9999 -9999 -9999 -9999 -9999 -9999 -9999 -9999 -9999 -9999 -9999 -9999 -9999 -9999 -9999 -9999 -9999 -9999 -9999 -9999 -9999 -9999 -9999 -9999 -9999 -9999 -9999 -9999 -9999 -9999 -9999 -9999 -9999 -9999 -9999 -9999 -9999 -9999 -9999 -9999 -9999 -9999 -9999 -9999 -9999 -9999
-9999 -9999 -9999 -9999 -9999 -9999 -9999 -9999 -9999 -9999 -9999 -9999 -9999 -9999 -9999 -9999 -9999 -9999 -9999 -9999 -9999 -9999 -9999 -9999 -9999 -9999 -9999 -9999 -9999 -9999 -9999 -9999 -9999 -9999 -9999 -9999 -9999 -9999 -9999 -9999 -9999 -9999 -9999 -9999 -9999 -9999 -9999 -9999 -9999 -9999 -9999 -9999 -9999 -9999 -9999 -9999 -9999 -9999 -9999 -9999 -9999 -9999 -9999 -9999 -9999 -9999 -9999 -9999 -9999 -9999 -9999 -9999 -9999
-9999 -9999 -9999 -9999 -9999 -9999 -9999 -9999 -9999 -9999 -9999 -9999 -9999 -9999 -9999 -9999 -9999 -9999 -9999 -9999 -9999 -9999 -9999 -9999 -9999 -9999 -9999 -9999 -9999 -9999 -9999 -9999 -9999 -9999 -9999 -9999 -9999 -9999 -9999 -9999 -9999 -9999 -9999 -9999 -9999 -9999 -9999 -9999 -9999 -9999 -9999 -9999 -9999 -9999 -9999 -9999 -9999 -9999 -9999 -9999 -9999 -9999 -9999 -9999 -9999 -9999 -9999 -9999 -9999 -9999 -9999 -9999 -9999
-9999 -9999 -9999 -9999 -9999 -9999 -9999 -9999 -9999 -9999 -9999 -9999 -9999 -9999 -9999 -9999 -9999 -9999 -9999 -9999 -9999 -9999 -9999 -9999 -9999 -9999 -9999 -9999 -9999 -9999 -9999 -9999 -9999 -9999 -9999 -9999 -9999 -9999 -9999 -9999 -9999 -9999 -9999 -9999 -9999 -9999 -9999 -9999 -9999 -9999 -9999 -9999 -9999 -9999 -9999 -9999 -9999 -9999 -9999 -9999 -9999 -9999 -9999 -9999 -9999 -9999 -9999 -9999 -9999 -9999 -9999 -9999 -9999
-9999 -9999 -9999 -9999 -9999 -9999 -9999 -9999 -9999 -9999 -9999 -9999 -9999 -9999 -9999 -9999 -9999 -9999 -9999 -9999 -9999 -9999 -9999 -9999 -9999 -9999 -9999 -9999 -9999 -9999 -9999 -9999 -9999 -9999 -9999 -9999 -9999 -9999 -9999 -9999 -9999 -9999 -9999 -9999 -9999 -9999 -9999 -9999 -9999 -9999 -9999 -9999 -9999 -9999 -9999 -9999 -9999 -9999 -9999 -9999 -9999 -9999 -9999 -9999 -9999 -9999 -9999 -9999 -9999 -9999 -9999 -9999 -9999
-9999 -9999 -9999 -9999 -9999 -9999 -9999 -9999 -9999 -9999 -9999 -9999 -9999 -9999 -9999 -9999 -9999 -9999 -9999 -9999 -9999 -9999 -9999 -9999 -9999 -9999 -9999 -9999 -9999 -9999 -9999 -9999 -9999 -9999 -9999 -9999 -9999 -9999 -9999 -9999 -9999 -9999 -3.48481 -3.57827 -3.47633 -3.37227 -3.26451 -3.24804 -3.14383 -3.04156 -3.01990 -2.81617 -9999 -9999 -9999 -9999 -9999 -9999 -9999 -9999 -9999 -9999 -9999 -9999 -9999 -9999 -9999 -9999 -9999 -9999 -9999 -9999 -9999
-9999 -9999 -9999 -9999 -9999 -9999 -9999 -9999 -9999 -9999 -9999 -9999 -9999 -9999 -9999 -9999 -9999 -9999 -9999 -9999 -9999 -9999 -9999 -9999 -9999 -9999 -9999 -9999 -9999 -9999 -9999 -9999 -9999 -9999 -9999 -9999 -9999 -9999 -3.60592 -4.19893 -3.89197 -3.59751 -3.59940 -3.39221 -3.19091 -3.08719 -2.87424 -2.87192 -2.75946 -2.64044 -2.43460 -2.32649 -2.41622 -3.41975 -9999 -9999 -9999 -9999 -9999 -9999 -9999 -9999 -9999 -9999 -9999 -9999 -9999 -9999 -9999 -9999 -9999 -9999 -9999
-9999 -9999 -9999 -9999 -9999 -9999 -9999 -9999 -9999 -9999 -9999 -9999 -9999 -9999 -9999 -9999 -9999 -9999 -9999 -9999 -9999 -9999 -9999 -9999 -9999 -9999 -9999 -9999 -9999 -9999 -9999 -9999 -9999 -9999 -9999 -9999 -9999 -9999 -9999 -9999 -3.30211 -3.20408 -3.60566 -3.69669 -3.40039 -3.48957 -3.08746 -2.56743 -2.46212 -2.64488 -2.53866 -2.12826 -1.91729 -2.91270 -9999 -9999 -9999 -9999 -9999 -9999 -9999 -9999 -9999 -9999 -9999 -9999 -9999 -9999 -9999 -9999 -9999 -9999 -9999
-9999 -9999 -9999 -9999 -9999 -9999 -9999 -9999 -9999 -9999 -9999 -9999 -9999 -9999 -9999 -9999 -9999 -9999 -9999 -9999 -9999 -9999 -9999 -9999 -9999 -9999 -9999 -9999 -9999 -9999 -9999 -9999 -9999 -9999 -9999 -9999 -9999 -9999 -9999 -9999 -9999 -9999 -9999 -9999 -2.90840 -3.00375 -3.48880 -3.27670 -2.96242 -2.34585 -2.33537 -2.83643 -1.82099 -2.52431 -9999 -9999 -9999 -9999 -9999 -9999 -1.06125 -9999 -9999 -9999 -9999 -9999 -9999 -9999 -9999 -9999 -9999 -9999 -9999
-9999 -9999 -9999 -9999 -9999 -9999 -9999 -9999 -9999 -9999 -9999 -9999 -9999 -9999 -9999 -9999 -9999 -9999 -9999 -9999 -9999 -9999 -9999 -9999 -9999 -9999 -9999 -9999 -9999 -9999 -9999 -9999 -9999 -9999 -9999 -9999 -9999 -9999 -9999 -9999 -9999 -3.51831 -3.42135 -3.41858 -3.21475 -2.60577 -2.89437 -3.17723 -2.67112 -2.25271 -2.54696 -2.63598 -1.82618 -1.41360 -9999 -9999 -9999 -9999 -9999 -0.67178 -0.76431 -0.65028 -0.63687 -0.73797 -0.71932 -0.81723 -0.90466 -1.00457 -1.09509 -1.08767 -1.19350 -1.28366 -1.57930
-9999 -9999 -9999 -9999 -9999 -9999 -9999 -9999 -9999 -9999 -9999 -9999 -9999 -9999 -9999 -9999 -9999 -9999 -9999 -9999 -9999 -9999 -9999 -9999 -9999 -9999 -9999 -9999 -9999 -9999 -9999 -9999 -9999 -9999 -9999 -9999 -9999 -9999 -9999 -9999 -9999 -3.03509 -3.03142 -2.72672 -2.02787 -2.00763 -1.90348 -1.98302 -1.97123 -1.77007 -1.94943 -2.94008 -2.92805 -2.23273 -1.52783 -1.72240 -0.82448 -9999 -0.19333 -0.38000 -0.36629 -0.45799 -0.54136 -0.93251 -0.92317 -0.82147 -0.81515 -0.81840 -0.80818 -0.90292 -0.89324 -1.18718 -1.28088
-9999 -9999 -9999 -9999 -9999 -9999 -9999 -9999 -9999 -9999 -9999 -9999 -9999 -9999 -9999 -9999 -9999 -9999 -9999 -9999 -9999 -9999 -9999 -9999 -9999 -9999 -9999 -9999 -9999 -9999 -9999 -9999 -9999 -9999 -9999 -2.34599 -2.44249 -2.83903 -2.73727 -2.23368 -2.03181 -1.82856 -1.93185 -1.62463 -1.52488 -1.41323 -1.20315 -1.28236 -1.47442 -1.76446 -2.35261 -2.95003 -3.74064 -2.93799 -2.82580 -3.12059 -1.71738 -0.91932 -0.09466 0.01304 0.02757 -0.26453 -0.35104 -1.83759 -1.53735 -0.62446 -0.72710 -0.72716 -0.52295 -0.80950 -1.00300 -0.99374 -1.30280
-9999 -9999 -9999 -9999 -9999 -9999 -9999 -9999 -9999 -9999 -9999 -9999 -9999 -9999 -9999 -9999 -9999 -9999 -9999 -9999 -9999 -9999 -9999 -9999 -9999 -9999 -9999 -9999 -9999 -9999 -9999 -9999 -9999 -9999 -1.85918 -2.45853 -2.35113 -2.35446 -2.15294 -1.65183 -1.45899 -1.25128 -1.14972 -1.04587 -0.94190 -0.82683 -0.81965 -1.11225 -1.78815 -2.78696 -3.48616 -3.46202 -4.45218 -4.75511 -4.33230 -3.03234 -1.73162 -0.91602 0.29990 0.40765 -0.08463 -0.86399 -1.16046 -1.75200 -0.53149 -0.25078 -0.72958 -1.13126 -2.33551 -2.02258 -2.71606 -3.02157 -3.32112
-9999 -9999 -9999 -9999 -9999 -9999 -9999 -9999 -9999 -9999 -9999 -9999 -9999 -9999 -9999 -9999 -9999 -9999 -9999 -9999 -9999 -9999 -9999 -9999 -9999 -9999 -9999 -9999 -9999 -9999 -9999 -9999 -9999 -1.77413 -1.67254 -1.86214 -1.77457 -1.66394 -1.56013 -1.05589 -0.95784 -1.06715 -0.76319 -0.65882 -0.54480 -0.63274 -0.92151 -1.21871 -2.79569 -3.68971 -4.48511 -5.27326 -6.76133 -5.06061 -3.85004 -2.74321 -2.43546 -0.62192 0.27955 -0.00389 -0.68780 -0.17508 0.03542 0.44111 0.04837 -0.44929 -1.04721 -1.44947 -1.83336 -1.84416 -2.34806 -2.44916 -2.84951
-9999 -9999 -9999 -9999 -9999 -9999 -9999 -9999 -9999 -9999 -9999 -9999 -9999 -9999 -9999 -9999 -9999 -9999 -9999 -9999 -9999 -9999 -9999 -9999 -9999 -9999 -9999 -9999 -9999 -9999 -9999 -1.08736 -1.08248 -1.28626 -1.08672 -1.18254 -0.97288 -0.87527 -0.86913 -0.47084 -0.57410 -0.45955 -0.36344 -0.26526 -0.45032 -0.64157 -0.63448 -0.61976 -1.82263 -2.81454 -3.90108 -4.98304 -7.16508 -5.46123 -4.16017 -2.74593 -1.14048 -0.62776 -1.42000 -0.70762 0.00108 0.31520 0.22433 0.92646 0.42709 -0.36699 -0.55136 -0.34740 -0.65987 -2.16715 -3.16877 -3.67095 -2.37581
-9999 -9999 -9999 -9999 -9999 -9999 -9999 -9999 -9999 -9999 -9999 -9999 -9999 -9999 -9999 -9999 -9999 -9999 -9999 -9999 -9999 -9999 -9999 -9999 -9999 -9999 -9999 -9999 -9999 -0.51211 -0.59594 -0.99387 -0.99897 -0.99871 -0.69194 -0.59077 -0.48898 -0.38026 -0.42289 -0.06812 -0.08102 -0.07392 0.03300 0.13352 -0.05773 -0.65165 -0.83798 -1.13862 -3.12333 -3.81993 -4.60628 -6.29145 -7.08291 -4.96786 -4.66245 -3.25856 -1.24301 -1.13362 -0.42934 0.47982 0.50310 0.31340 0.21058 0.21827 0.52288 0.13463 -0.97412 -1.77631 -2.08301 -2.08903 -1.69094 -3.59775 -6.59533
-9999 -9999 -9999 -9999 -9999 -9999 -9999 -9999 -9999 -9999 -9999 -9999 -9999 -9999 -9999 -9999 -9999 -9999 -9999 -9999 -9999 -9999 -9999 -9999 -1.40733 -1.09860 -0.69621 -0.39079 -0.38106 -0.58489 -0.78232 -0.47714 -0.37099 -0.46801 -0.56630 -0.07007 -0.45730 -0.25709 -0.25933 0.04620 0.35005 0.44492 0.45726 0.54575 0.34141 -0.15146 -0.14167 -1.44149 -3.03172 -3.61449 -3.61182 -5.89072 -5.77902 -3.97392 -2.66741 -1.75799 -0.65373 -0.24254 -0.33897 0.36943 0.98670 1.09259 1.29440 1.30788 1.00079 0.19987 0.59478 0.70141 -0.00689 -0.99699 -3.70491 -4.30960 -5.61568
-9999 -9999 -9999 -9999 -9999 -9999 -2.82803 -2.45826 -2.19652 -2.22889 -2.06493 -9999 -9999 -9999 -9999 -9999 -9999 -9999 -9999 -9999 -9999 -1.37080 -1.96480 -1.66217 -1.56210 -1.36467 -0.95158 -0.80602 -0.75115 -0.54866 -0.23908 -0.13454 -0.33331 -0.23158 -0.33767 -0.03289 -0.13237 -0.02062 0.26906 0.38242 0.58740 0.69621 0.88376 0.75556 0.64294 0.14330 0.14878 -0.94324 -2.63414 -3.31516 -4.20873 -4.89966 -5.47869 -3.87932 -1.76994 -0.77249 -0.56516 -0.05056 0.76213 1.26733 1.27495 1.28408 0.47887 0.18257 -0.22508 1.28102 1.47921 0.67130 0.17123 0.17461 -0.62741 -3.04165 -4.53329
-9999 -9999 -9999 -9999 -9999 -2.30144 -2.50456 -2.97342 -2.31219 -2.53970 -2.27128 -3.01325 -2.63089 -2.77360 -9999 -9999 -9999 -1.88125 -2.09339 -1.87639 -1.86337 -1.92415 -1.82292 -1.43264 -1.52753 -1.01929 -0.82371 -0.30953 -0.21231 -0.10919 0.29124 0.50158 0.50123 0.70498 0.70665 0.60529 0.61732 0.61647 0.72101 1.13607 1.23776 1.23976 1.32543 1.47399 1.15255 0.72967 -0.25399 -1.64866 -2.64423 -3.12973 -3.72085 -4.10507 -3.59774 -2.18812 -1.28588 -0.98491 -0.77311 0.23120 1.64077 1.15130 1.45428 0.95991 0.54484 0.94097 -0.25924 -1.65612 -1.16488 -1.05968 -0.46330 -0.86675 -1.07198 -2.66780 -3.67627
-9999 -1.93098 -1.64051 -1.55310 -1.97039 -1.90658 -2.24465 -2.28515 -2.41069 -2.04957 -2.27859 -2.61734 -2.82732 -2.37286 -2.08786 -1.61673 -0.94305 -1.66902 -1.86222 -1.25637 -1.09160 -1.00455 -1.07437 -0.67849 -0.28246 -0.58614 -0.38652 0.01851 0.02194 0.42454 0.93290 1.13859 1.24671 1.25087 1.24999 1.24336 1.25518 1.14614 1.35885 1.67532 1.67977 1.87688 1.84058 1.91663 1.78437 1.45692 0.44506 -0.45027 -1.33564 -2.12797 -2.82491 -3.81548 -3.39813 -3.68875 -2.88576 -1.98381 -0.87062 1.12972 0.83790 0.93857 1.54437 0.74140 -0.26431 -0.07173 -1.18155 -1.28545 -0.48739 -1.49298 -0.58966 -1.79196 -3.19394 -4.68823 -4.59569
-9999 -1.96403 -1.45652 -1.27306 -1.17693 -1.00686 -1.23796 -1.27262 -1.20660 -1.42914 -1.46645 -1.79509 -2.31792 -1.94652 -1.69017 -1.71410 -1.55232 -1.74989 -1.35080 -1.03339 -1.11745 -0.99065 -0.97483 -0.08480 0.11664 0.41313 0.41662 0.41911 0.51871 0.92211 1.22759 1.63780 1.73282 1.93907 1.93977 1.74677 1.74754 1.85514 2.06767 1.98318 2.17835 2.39667 2.37694 2.43486 2.40892 2.38082 1.95365 0.85067 -0.13366 -1.12195 -1.32100 -2.81098 -2.80425 -4.40328 -4.08662 -1.98841 -0.87457 -0.06826 0.54337 0.14777 0.54530 0.14468 -0.36837 0.03379 -0.67652 -1.08704 -1.60772 -1.21249 -1.31343 -1.51741 -1.92080 -3.32381 -4.73362
-9999 -9999 -9999 -1.58892 -1.58429 -1.01471 -0.93285 -0.86564 -0.99851 -0.62334 -0.86466 -0.49404 -0.62285 -0.55405 -1.18224 -0.91869 -0.92632 -0.33290 -0.53625 -0.61909 -0.60801 -0.59231 -0.39898 -0.00177 0.48431 0.77230 1.07202 1.16966 1.68108 1.77250 1.98716 2.07654 2.17610 2.38612 2.39501 2.49753 2.30206 2.41669 2.42429 2.63161 2.65181 2.78368 2.87705 2.96582 3.03988 3.10455 2.57537 1.65298 1.15935 0.46898 -0.72265 -1.81476 -2.70183 -3.60511 -2.69615 -2.49825 -0.88557 -0.37736 -0.56621 -0.36498 0.53011 -0.56520 -0.86563 -0.97956 -0.68510 -0.58902 -0.30970 -1.11634 -1.82543 -2.44489 -2.64345 -2.95342 -3.15720
-9999 -9999 -9999 -9999 -9999 -9999 -0.31204 -0.25324 -0.48265 -0.11767 0.04922 -0.07603 -0.00723 0.26335 0.23085 0.20691 0.10729 0.10401 0.49118 0.50651 0.50939 0.30335 0.68380 0.87816 1.16717 1.06055 1.45046 2.14433 2.53689 2.53206 2.63760 2.63500 2.64107 2.84493 3.04684 3.05216 2.96221 2.86965 2.98178 2.89471 2.93121 3.15862 3.27924 3.46730 3.56532 3.53678 3.42149 1.98912 1.86787 0.66852 -0.92816 -2.41842 -2.81091 -1.10252 -1.98943 -2.18704 -1.18819 -1.96952 -2.47775 -1.47194 -2.07060 -1.96549 -2.16676 -2.37242 -1.68011 -1.98937 -0.60347 -1.20999 -2.12735 -2.33997 -2.85530 -2.76507 -2.76410
-9999 -9999 -9999 -9999 -9999 -9999 0.37607 0.24996 0.51960 0.09162 0.35988 0.43338 0.59508 0.86575 0.84472 0.72461 0.62730 0.61778 0.67025 0.59815 0.68568 0.77563 0.86713 1.15616 1.34795 2.03240 2.42438 2.72901 3.09916 3.10109 2.99424 3.18675 3.29441 3.49260 3.29354 3.60650 3.81376 3.82616 3.83052 3.37303 3.41284 3.54360 3.66972 3.85904 3.95432 4.05106 4.03691 4.01278 3.58927 2.97552 1.76690 0.97977 0.27864 -0.21192 -0.29811 1.10764 0.51029 -0.57626 -0.17952 -0.67959 -2.67581 -2.37806 -2.48146 -1.98638 -2.19023 -0.90450 -0.71407 -0.71653 -0.93318 -1.33942 -2.65127 -2.85911 -3.18345
-9999 -9999 -9999 -9999 -9999 -9999 -9999 -9999 -9999 -9999 1.46678 0.74874 0.90781 1.78138 1.56598 1.05333 1.04324 0.94798 1.34385 1.38194 1.37217 1.35464 1.64489 1.73204 2.01882 1.92010 2.30091 2.98852 3.37929 3.37323 3.46186 3.56079 3.65144 3.84700 3.94994 4.46359 4.36953 4.57907 4.59420 4.23707 4.18157 4.21381 4.25784 4.26025 4.23997 4.24417 4.24869 4.59091 4.61591 4.58814 4.46759 4.48300 4.08524 4.28901 4.29851 4.39894 4.21698 3.81168 3.41331 2.92164 2.81237 1.91882 1.51244 0.60754 0.20360 0.99461 0.89080 0.57659 -0.23713 -0.24151 -1.55083 -3.37269 -4.18638
-9999 -9999 -9999 -9999 -9999 -9999 -9999 -9999 -9999 -9999 2.67396 2.35355 1.52007 2.28079 2.08141 1.57234 1.47508 1.62974 1.49911 1.57329 1.64575 1.64268 1.72872 2.01644 2.21233 2.78515 3.27063 3.56466 3.95801 3.94942 3.94691 4.13258 4.13383 4.33266 4.22482 4.51957 4.52193 4.53506 4.47182 4.40987 4.25076 4.19606 4.12653 4.23585 4.14013 4.13594 4.32426 4.62166 4.71998 4.80740 4.98442 4.77424 5.07421 4.98901 5.29161 5.29801 5.20178 5.09889 5.30365 4.61448 4.60695 4.50341 4.40656 4.29934 3.99414 3.78689 3.27883 2.87185 2.25742 0.14823 -0.75933 -1.77529 -2.78712
-9999 -9999 -9999 -9999 -9999 -9999 -9999 -9999 -9999 -9999 -9999 -9999 2.72499 1.91026 1.89629 2.09653 2.56015 3.20492 2.66710 2.74675 2.73619 2.60848 2.80977 2.98492 3.28151 3.66613 3.82247 3.84741 4.12920 4.51995 4.62173 4.41254 4.50016 4.40788 4.50113 4.48726 4.70235 4.41392 4.34141 4.18365 4.12449 4.16391 4.10499 4.24086 4.22012 4.23272 4.42313 4.60181 4.70499 4.89778 4.79690 4.78175 4.77415 4.87887 5.59028 5.59110 5.58192 4.99282 4.79305 4.68272 4.69668 4.58860 4.49322 4.38845 4.38925 4.17493 3.97418 3.65901 2.94886 1.64529 -0.66306 -2.47917 -2.58886
-9999 -9999 -9999 -9999 -9999 -9999 -9999 -9999 -9999 -9999 -9999 -9999 3.42627 2.92881 2.60856 2.85710 3.12711 3.38443 2.74166 2.72886 3.01567 2.59761 2.99517 3.56988 3.35641 3.84050 4.12326 4.41208 4.50602 4.79383 5.08852 4.89021 4.88800 4.79017 4.51244 4.60138 4.41269 3.92261 4.13187 4.26667 4.50411 4.54459 4.68023 4.71877 4.50763 4.50595 4.51111 4.70103 4.89021 4.79206 4.78392 5.08137 5.17168 5.26945 5.77185 5.77991 5.66778 5.07647 5.08389 4.97711 4.97574 4.87635 4.77639 4.77089 4.67009 4.36714 4.06324 3.65693 2.53474 0.73094 -0.37519 -0.69246 -1.90434
-9999 -9999 -9999 -9999 -9999 -9999 -9999 -9999 -9999 -9999 -9999 3.85128 3.34149 3.81643 3.69044 2.74277 2.49623 2.65646 2.42078 2.50866 3.49436 2.48578 3.16718 3.24834 3.33834 3.72027 3.70405 4.09034 4.69840 5.18902 5.29275 5.19087 5.30717 5.11261 5.09983 5.51734 5.02017 4.73201 4.34650 3.85534 3.97715 3.91940 3.85052 4.08507 4.40099 4.69548 4.89248 5.19044 5.17790 5.18078 5.26674 5.06346 5.25461 5.56232 6.15574 5.75615 5.65693 5.26254 5.16413 5.25965 5.25720 5.16274 5.05954 4.96098 4.74527 4.45225 3.74861 2.83508 1.32444 -0.58264 -2.39095 -3.00203 -2.20759
-9999 -9999 -9999 -9999 -9999 -9999 -9999 -9999 -9999 -9999 -9999 4.16973 4.13297 3.90288 4.05702 3.12315 2.88521 2.85395 2.80421 2.69198 2.98213 3.06319 3.25082 3.82809 4.02218 4.19499 4.08936 4.20775 4.62408 4.79738 4.90665 4.91551 5.01163 5.22158 5.01768 5.42305 5.62835 4.94557 4.25896 4.46149 4.57342 4.19378 4.03853 4.07275 4.19760 4.48723 4.68375 5.08727 5.46540 5.66426 5.65395 5.83460 5.85381 5.75098 5.65761 5.54613 5.34922 5.34538 5.33715 5.34589 5.34474 5.24692 5.15101 5.14386 4.94023 4.73838 3.64081 2.92479 0.82026 -1.29480 -1.50485 -1.49653 -1.99506
