data/hydroclimate-scenarios/1948-2000.Pcorr55N_Pref_Tref/monthly_summaries/tavg_monthly_avg_apr.1950-2000.asc
ncols	311
nrows	91
xllcenter	102.75
yllcenter	31.75
cellsize	0.5
NODATA_value	-9999
[rows 0 to 31 of 91, columns 0 to 71 of 311]
-9999 -9999 -9999 -9999 -9999 -9999 -9999 -9999 -9999 -9999 -9999 -9999 -9999 -9999 -9999 -9999 -9999 -9999 -9999 -9999 -9999 -9999 -9999 -9999 -9999 -9999 -9999 -9999 -9999 -9999 -9999 -9999 -9999 -9999 -9999 -9999 -9999 -9999 -9999 -9999 -9999 -9999 -9999 -9999 -9999 -9999 -9999 -9999 -9999 -9999 -9999 -9999 -9999 -9999 -9999 -9999 -9999 -9999 -9999 -9999 -9999 -9999 -9999 -9999 -9999 -9999 -9999 -9999 -9999 -9999 -9999 -9999
-9999 -9999 -9999 -9999 -9999 -9999 -9999 -9999 -9999 -9999 -9999 -9999 -9999 -9999 -9999 -9999 -9999 -9999 -9999 -9999 -9999 -9999 -9999 -9999 -9999 -9999 -9999 -9999 -9999 -9999 -9999 -9999 -9999 -9999 -9999 -9999 -9999 -9999 -9999 -9999 -9999 -9999 -9999 -9999 -9999 -9999 -9999 -9999 -9999 -9999 -9999 -9999 -9999 -9999 -9999 -9999 -9999 -9999 -9999 -9999 -9999 -9999 -9999 -9999 -9999 -9999 -9999 -9999 -9999 -9999 -9999 -9999
-9999 -9999 -9999 -9999 -9999 -9999 -9999 -9999 -9999 -9999 -9999 -9999 -9999 -9999 -9999 -9999 -9999 -9999 -9999 -9999 -9999 -9999 -9999 -9999 -9999 -9999 -9999 -9999 -9999 -9999 -9999 -9999 -9999 -9999 -9999 -9999 -9999 -9999 -9999 -9999 -9999 -9999 -9999 -9999 -9999 -9999 -9999 -9999 -9999 -9999 -9999 -9999 -9999 -9999 -9999 -9999 -9999 -9999 -9999 -9999 -9999 -9999 -9999 -9999 -9999 -9999 -9999 -9999 -9999 -9999 -9999 -9999
-9999 -9999 -9999 -9999 -9999 -9999 -9999 -9999 -9999 -9999 -9999 -9999 -9999 -9999 -9999 -9999 -9999 -9999 -9999 -9999 -9999 -9999 -9999 -9999 -9999 -9999 -9999 -9999 -9999 -9999 -9999 -9999 -9999 -9999 -9999 -9999 -9999 -9999 -9999 -9999 -9999 -9999 -9999 -9999 -9999 -9999 -9999 -9999 -9999 -9999 -9999 -9999 -9999 -9999 -9999 -9999 -9999 -9999 -9999 -9999 -9999 -9999 -9999 -9999 -9999 -9999 -9999 -9999 -9999 -9999 -9999 -9999
-9999 -9999 -9999 -9999 -9999 -9999 -9999 -9999 -9999 -9999 -9999 -9999 -9999 -9999 -9999 -9999 -9999 -9999 -9999 -9999 -9999 -9999 -9999 -9999 -9999 -9999 -9999 -9999 -9999 -9999 -9999 -9999 -9999 -9999 -9999 -9999 -9999 -9999 -9999 -9999 -9999 -9999 -9999 -9999 -9999 -9999 -9999 -9999 -9999 -9999 -9999 -9999 -9999 -9999 -9999 -9999 -9999 -9999 -9999 -9999 -9999 -9999 -9999 -9999 -9999 -9999 -9999 -9999 -9999 -9999 -9999 -9999
-9999 -9999 -9999 -9999 -9999 -9999 -9999 -9999 -9999 -9999 -9999 -9999 -9999 -9999 -9999 -9999 -9999 -9999 -9999 -9999 -9999 -9999 -9999 -9999 -9999 -9999 -9999 -9999 -9999 -9999 -9999 -9999 -9999 -9999 -9999 -9999 -9999 -9999 -9999 -9999 -9999 -9999 -9999 -9999 -9999 -9999 -9999 -9999 -9999 -9999 -9999 -9999 -9999 -9999 -9999 -9999 -9999 -9999 -9999 -9999 -9999 -9999 -9999 -9999 -9999 -9999 -9999 -9999 -9999 -9999 -9999 -9999
-9999 -9999 -9999 -9999 -9999 -9999 -9999 -9999 -9999 -9999 -9999 -9999 -9999 -9999 -9999 -9999 -9999 -9999 -9999 -9999 -9999 -9999 -9999 -9999 -9999 -9999 -9999 -9999 -9999 -9999 -9999 -9999 -9999 -9999 -9999 -9999 -9999 -9999 -9999 -9999 -9999 -9999 -9999 -9999 -9999 -9999 -9999 -9999 -9999 -9999 -9999 -9999 -9999 -9999 -9999 -9999 -9999 -9999 -9999 -9999 -9999 -9999 -9999 -9999 -9999 -9999 -9999 -9999 -9999 -9999 -9999 -9999
-9999 -9999 -9999 -9999 -9999 -9999 -9999 -9999 -9999 -9999 -9999 -9999 -9999 -9999 -9999 -9999 -9999 -9999 -9999 -9999 -9999 -9999 -9999 -9999 -9999 -9999 -9999 -9999 -9999 -9999 -9999 -9999 -9999 -9999 -9999 -9999 -9999 -9999 -9999 -9999 -9999 -9999 -17.56350 -17.75860 -17.75030 -17.74720 -17.84020 -17.84540 -17.84840 -17.93690 -17.83380 -17.83540 -9999 -9999 -9999 -9999 -9999 -9999 -9999 -9999 -9999 -9999 -9999 -9999 -9999 -9999 -9999 -9999 -9999 -9999 -9999 -9999
-9999 -9999 -9999 -9999 -9999 -9999 -9999 -9999 -9999 -9999 -9999 -9999 -9999 -9999 -9999 -9999 -9999 -9999 -9999 -9999 -9999 -9999 -9999 -9999 -9999 -9999 -9999 -9999 -9999 -9999 -9999 -9999 -9999 -9999 -9999 -9999 -9999 -9999 -17.25560 -17.94880 -17.53780 -17.44520 -17.54230 -17.34050 -17.24200 -17.32700 -17.32650 -17.42650 -17.32710 -17.33320 -17.21880 -17.22480 -17.31750 -16.61590 -9999 -9999 -9999 -9999 -9999 -9999 -9999 -9999 -9999 -9999 -9999 -9999 -9999 -9999 -9999 -9999 -9999 -9999
-9999 -9999 -9999 -9999 -9999 -9999 -9999 -9999 -9999 -9999 -9999 -9999 -9999 -9999 -9999 -9999 -9999 -9999 -9999 -9999 -9999 -9999 -9999 -9999 -9999 -9999 -9999 -9999 -9999 -9999 -9999 -9999 -9999 -9999 -9999 -9999 -9999 -9999 -9999 -9999 -17.04230 -17.04400 -17.54380 -17.74200 -17.53440 -17.62860 -17.33030 -16.82250 -16.92270 -17.11970 -17.11860 -16.81150 -16.81250 -16.20840 -9999 -9999 -9999 -9999 -9999 -9999 -9999 -9999 -9999 -9999 -9999 -9999 -9999 -9999 -9999 -9999 -9999 -9999
-9999 -9999 -9999 -9999 -9999 -9999 -9999 -9999 -9999 -9999 -9999 -9999 -9999 -9999 -9999 -9999 -9999 -9999 -9999 -9999 -9999 -9999 -9999 -9999 -9999 -9999 -9999 -9999 -9999 -9999 -9999 -9999 -9999 -9999 -9999 -9999 -9999 -9999 -9999 -9999 -9999 -9999 -9999 -9999 -16.82080 -17.11960 -17.62130 -17.61710 -17.21540 -16.81020 -16.90660 -17.51400 -16.59980 -15.90480 -9999 -9999 -9999 -9999 -9999 -9999 -16.81490 -9999 -9999 -9999 -9999 -9999 -9999 -9999 -9999 -9999 -9999 -9999
-9999 -9999 -9999 -9999 -9999 -9999 -9999 -9999 -9999 -9999 -9999 -9999 -9999 -9999 -9999 -9999 -9999 -9999 -9999 -9999 -9999 -9999 -9999 -9999 -9999 -9999 -9999 -9999 -9999 -9999 -9999 -9999 -9999 -9999 -9999 -9999 -9999 -9999 -9999 -9999 -9999 -16.93120 -16.93810 -17.22510 -17.12020 -16.41770 -16.91440 -17.31300 -16.81710 -16.50200 -17.00620 -17.29350 -16.49070 -16.19720 -9999 -9999 -9999 -9999 -9999 -16.23060 -16.45740 -16.47740 -16.61220 -16.74960 -16.77840 -16.88080 -17.16080 -17.14400 -17.13760 -17.11730 -17.20690 -17.28540
-9999 -9999 -9999 -9999 -9999 -9999 -9999 -9999 -9999 -9999 -9999 -9999 -9999 -9999 -9999 -9999 -9999 -9999 -9999 -9999 -9999 -9999 -9999 -9999 -9999 -9999 -9999 -9999 -9999 -9999 -9999 -9999 -9999 -9999 -9999 -9999 -9999 -9999 -9999 -9999 -9999 -16.32550 -16.43460 -16.22190 -15.72080 -15.71740 -15.61520 -16.00530 -15.99740 -15.90420 -16.29280 -17.48390 -17.50440 -17.03060 -16.54700 -16.87210 -16.10570 -9999 -15.64770 -15.97190 -16.00120 -16.22430 -16.45670 -16.89260 -17.01320 -16.89790 -16.79620 -16.86960 -16.75040 -16.93060 -16.92370 -17.00090
-9999 -9999 -9999 -9999 -9999 -9999 -9999 -9999 -9999 -9999 -9999 -9999 -9999 -9999 -9999 -9999 -9999 -9999 -9999 -9999 -9999 -9999 -9999 -9999 -9999 -9999 -9999 -9999 -9999 -9999 -9999 -9999 -9999 -9999 -9999 -15.03660 -15.04300 -15.53440 -15.63300 -15.13820 -15.03610 -15.02410 -15.22020 -15.02090 -14.90970 -15.01010 -15.00080 -15.19070 -15.39750 -15.98820 -16.69320 -17.42320 -18.44370 -17.76600 -17.89440 -18.11440 -17.03960 -16.16350 -15.58690 -15.61270 -15.73850 -16.06950 -16.19510 -17.93810 -17.64630 -16.72950 -16.91170 -16.79700 -16.57900 -16.76150 -16.95190 -16.73290
-9999 -9999 -9999 -9999 -9999 -9999 -9999 -9999 -9999 -9999 -9999 -9999 -9999 -9999 -9999 -9999 -9999 -9999 -9999 -9999 -9999 -9999 -9999 -9999 -9999 -9999 -9999 -9999 -9999 -9999 -9999 -9999 -9999 -9999 -14.44580 -15.03700 -14.93930 -15.02710 -14.82290 -14.41680 -14.32370 -14.20190 -14.21720 -14.30290 -14.29920 -14.39370 -14.29640 -14.77760 -15.58080 -16.80000 -17.62420 -17.85620 -19.07940 -19.50260 -19.23230 -18.16020 -16.87740 -16.30700 -15.12950 -15.16330 -15.79450 -16.71520 -17.14070 -17.97440 -16.66090 -16.34310 -16.73460 -17.12600 -18.29040 -17.97370 -18.67130 -18.84100
-9999 -9999 -9999 -9999 -9999 -9999 -9999 -9999 -9999 -9999 -9999 -9999 -9999 -9999 -9999 -9999 -9999 -9999 -9999 -9999 -9999 -9999 -9999 -9999 -9999 -9999 -9999 -9999 -9999 -9999 -9999 -9999 -9999 -14.25340 -14.14050 -14.32990 -14.33080 -14.32150 -14.21610 -13.71710 -13.61390 -13.79760 -13.70560 -13.59570 -13.78900 -13.88370 -14.38910 -14.78990 -16.50620 -17.84830 -18.76290 -19.79780 -21.52230 -19.94750 -18.76890 -17.89840 -17.61380 -15.94360 -15.17570 -15.70470 -16.42120 -16.05550 -15.88660 -15.50280 -15.88830 -16.37610 -17.05830 -17.43400 -17.71660 -17.70240 -18.17400 -18.25740
-9999 -9999 -9999 -9999 -9999 -9999 -9999 -9999 -9999 -9999 -9999 -9999 -9999 -9999 -9999 -9999 -9999 -9999 -9999 -9999 -9999 -9999 -9999 -9999 -9999 -9999 -9999 -9999 -9999 -9999 -9999 -13.26470 -13.35830 -13.65010 -13.54020 -13.63930 -13.43340 -13.32470 -13.31740 -13.01520 -13.10500 -13.10310 -13.10070 -13.16630 -13.38440 -13.68090 -13.89960 -14.13250 -15.56120 -16.88650 -18.20900 -19.33320 -21.75500 -20.09180 -19.01040 -17.83820 -16.26820 -15.99180 -16.92350 -16.35040 -15.76950 -15.60470 -15.83140 -15.12320 -15.50910 -16.28830 -16.48410 -16.25630 -16.44340 -18.01320 -18.99940 -19.47710
-9999 -9999 -9999 -9999 -9999 -9999 -9999 -9999 -9999 -9999 -9999 -9999 -9999 -9999 -9999 -9999 -9999 -9999 -9999 -9999 -9999 -9999 -9999 -9999 -9999 -9999 -9999 -9999 -9999 -12.47690 -12.66060 -13.16480 -13.25400 -13.14890 -13.04200 -13.03320 -12.92740 -12.82240 -12.81770 -12.51520 -12.51330 -12.50130 -12.49150 -12.59110 -12.99660 -13.72350 -14.04100 -14.57610 -16.90010 -17.92730 -18.85270 -20.68760 -21.60510 -19.62570 -19.56300 -18.28100 -16.40920 -16.43970 -15.86860 -14.99210 -15.31260 -15.54020 -15.75920 -15.85000 -15.42900 -15.81500 -16.89370 -17.57390 -17.95600 -17.83070 -17.41110 -19.38920
-9999 -9999 -9999 -9999 -9999 -9999 -9999 -9999 -9999 -9999 -9999 -9999 -9999 -9999 -9999 -9999 -9999 -9999 -9999 -9999 -9999 -9999 -9999 -9999 -12.87770 -12.87000 -12.56760 -12.16340 -12.25930 -12.55200 -12.84960 -12.54490 -12.53730 -12.63060 -12.73050 -12.32280 -12.61630 -12.60060 -12.60820 -12.39710 -12.09710 -12.01640 -12.01580 -12.00430 -12.42760 -13.16000 -13.29520 -14.92520 -16.64720 -17.48330 -17.70570 -20.12600 -20.25060 -18.57880 -17.41100 -16.63280 -15.76270 -15.48620 -15.71090 -15.13460 -14.76560 -14.79020 -14.68090 -14.67460 -14.75580 -15.63150 -15.22430 -14.99860 -15.66830 -16.75530 -19.43980 -20.11730
-9999 -9999 -9999 -9999 -9999 -9999 -13.87000 -13.39460 -13.20030 -13.12200 -12.94960 -9999 -9999 -9999 -9999 -9999 -9999 -9999 -9999 -9999 -9999 -12.46410 -13.26930 -13.05410 -13.04590 -12.93620 -12.72730 -12.53090 -12.52440 -12.32370 -12.11930 -12.01140 -12.50040 -12.29750 -12.39880 -12.28490 -12.39040 -12.21480 -12.01940 -11.84500 -11.55980 -11.47180 -11.67180 -11.62840 -12.02820 -12.65410 -12.88430 -14.12160 -16.05800 -16.97890 -18.21910 -18.94790 -19.88270 -18.41010 -16.34510 -15.57210 -15.50510 -15.23100 -14.56180 -14.08690 -14.31230 -14.51820 -15.31010 -15.59290 -15.96450 -14.35760 -14.13460 -14.91180 -15.40190 -15.37090 -16.15780 -18.74210
-9999 -9999 -9999 -9999 -9999 -13.25210 -13.46370 -13.88490 -13.19770 -13.41540 -13.12810 -13.84850 -13.56040 -13.77310 -9999 -9999 -9999 -12.83680 -12.91860 -12.80820 -12.87100 -12.94200 -13.02070 -12.81510 -13.00210 -12.50440 -12.40380 -12.09970 -11.99190 -11.88200 -11.48580 -11.49170 -11.30790 -11.32820 -11.34060 -11.45640 -11.56620 -11.47730 -11.39510 -11.11210 -11.02980 -11.14460 -11.11680 -11.08360 -11.45240 -11.94490 -13.17980 -14.81730 -16.05640 -16.78290 -17.51320 -18.14650 -17.86730 -16.50510 -15.83630 -15.66690 -15.59440 -14.73030 -13.46280 -13.99840 -13.93370 -14.52660 -15.02840 -14.60050 -15.78850 -17.17270 -16.65210 -16.53200 -15.90880 -16.18990 -16.47430 -18.15890
-9999 -12.52230 -12.51870 -12.43120 -12.83710 -12.85670 -13.17220 -13.09810 -13.20760 -12.92270 -13.23380 -13.53750 -13.66120 -13.47160 -13.07930 -12.49940 -11.81120 -12.51350 -12.78380 -12.16110 -12.04170 -12.11750 -12.19990 -11.78590 -11.57740 -11.86260 -11.88450 -11.60140 -11.71330 -11.32840 -11.04130 -10.85540 -10.78200 -10.78390 -10.70670 -10.91140 -10.92300 -11.04300 -10.86120 -10.57980 -10.49630 -10.40270 -10.57080 -10.52630 -10.70050 -11.16820 -12.37700 -13.50590 -14.63820 -15.47710 -16.50790 -17.73760 -17.46780 -17.89320 -17.22780 -16.46050 -15.49590 -13.72610 -14.05880 -14.08760 -13.60660 -14.50840 -15.60200 -15.39910 -16.49560 -16.48430 -15.76610 -16.75090 -15.82480 -17.01000 -18.58370 -20.07560
-9999 -12.54330 -12.12960 -12.14060 -12.05340 -11.95960 -11.88210 -11.99510 -11.99900 -12.31010 -12.33340 -12.65070 -13.16070 -12.87060 -12.69180 -12.59970 -12.40860 -12.58430 -12.16190 -11.74330 -12.21590 -12.09630 -11.97680 -11.19180 -11.19860 -10.92060 -11.13000 -11.14110 -11.15320 -10.86140 -10.68100 -10.20040 -10.21470 -10.12600 -10.23270 -10.25300 -10.25860 -10.18760 -10.09650 -10.30950 -10.03450 -9.83696 -9.92766 -9.97570 -10.04170 -10.21750 -10.68260 -12.20600 -13.34150 -14.46660 -14.80070 -16.52690 -16.65940 -18.49010 -18.32330 -16.35160 -15.28490 -14.71730 -14.14870 -14.77680 -14.19620 -14.89550 -15.38940 -14.87830 -15.67400 -16.06690 -16.66270 -16.26030 -16.34370 -16.51900 -16.90870 -18.38700
-9999 -9999 -9999 -12.24340 -12.25500 -11.75570 -11.67850 -11.59710 -11.70150 -11.31610 -11.72790 -11.34440 -11.45610 -11.47370 -11.89000 -11.70990 -11.69270 -11.16380 -11.24990 -11.62310 -11.60740 -11.59370 -11.47910 -11.10020 -10.73110 -10.53160 -10.23810 -10.25180 -9.86312 -9.87363 -9.79579 -9.70939 -9.71916 -9.33892 -9.44255 -9.65594 -9.76740 -9.79088 -9.70845 -9.63046 -9.54053 -9.42777 -9.44232 -9.33443 -9.49371 -9.55762 -10.23040 -11.21000 -11.93450 -12.76660 -14.09640 -15.32070 -16.45940 -17.48500 -16.72300 -16.64460 -15.07840 -14.71170 -15.14850 -14.95580 -13.96680 -15.27310 -15.57560 -15.66310 -15.45310 -15.35160 -14.94450 -15.93660 -16.64000 -17.23550 -17.42390 -17.69720
-9999 -9999 -9999 -9999 -9999 -9999 -11.07320 -10.98140 -11.11460 -10.81940 -10.73470 -10.95790 -10.86970 -10.58460 -10.68810 -10.50530 -10.67250 -10.55330 -10.23070 -10.30590 -10.30240 -10.60400 -10.31340 -10.22620 -10.04700 -10.16780 -9.87201 -9.27171 -9.17990 -9.18142 -9.19897 -9.22295 -9.13543 -9.03370 -8.95773 -8.85401 -9.08084 -9.10308 -9.22132 -9.44313 -9.43844 -9.03614 -8.93612 -9.02882 -9.03411 -9.11032 -9.28557 -10.86050 -11.13020 -12.36790 -14.19350 -15.92040 -16.35600 -14.78310 -15.70850 -16.04930 -15.27410 -16.11500 -16.81970 -15.83520 -16.45060 -16.45630 -16.64990 -16.84270 -16.14310 -16.42710 -15.02010 -15.62780 -16.50770 -16.71000 -17.40860 -17.40330
-9999 -9999 -9999 -9999 -9999 -9999 -10.38090 -10.54830 -10.10070 -10.62400 -10.33840 -10.35220 -10.16950 -9.78300 -9.79341 -10.08350 -9.96336 -10.02510 -10.01340 -10.11590 -10.11020 -10.12080 -10.13430 -9.95034 -9.77078 -9.19598 -8.80612 -8.60976 -8.50903 -8.61795 -8.62831 -8.52845 -8.53125 -8.35261 -8.46555 -8.38845 -8.29177 -8.31015 -8.43441 -8.84372 -8.83623 -8.73067 -8.72878 -8.62763 -8.52964 -8.53534 -8.62588 -8.80621 -9.27438 -9.96556 -11.28640 -12.32130 -13.04390 -13.78090 -13.80740 -12.54270 -13.27550 -14.48990 -14.10070 -14.80780 -16.92220 -16.63520 -16.63220 -16.22090 -16.42030 -15.00890 -14.89710 -14.89550 -14.99510 -15.39340 -16.98410 -17.08020
-9999 -9999 -9999 -9999 -9999 -9999 -9999 -9999 -9999 -9999 -9.13967 -9.96002 -9.77644 -8.77975 -9.09217 -9.46746 -9.54618 -9.62038 -9.32525 -9.32430 -9.32419 -9.41984 -9.24055 -9.16280 -9.08584 -9.21033 -8.93216 -8.14444 -8.04882 -8.14009 -8.05222 -8.06182 -8.04873 -7.96023 -7.87774 -7.49303 -7.61394 -7.52805 -7.53841 -7.83678 -8.03436 -7.93993 -8.02769 -8.13162 -8.13929 -8.23596 -8.33904 -8.14160 -8.11895 -8.19098 -8.29331 -8.41970 -8.84888 -8.78302 -8.91660 -8.84072 -9.16429 -9.76772 -10.28900 -10.79200 -10.99660 -12.00860 -12.21080 -13.40250 -13.69970 -12.78850 -12.88250 -13.17880 -13.97110 -13.96890 -15.35940 -17.25100
-9999 -9999 -9999 -9999 -9999 -9999 -9999 -9999 -9999 -9999 -7.94858 -8.36736 -8.87280 -8.19387 -8.37839 -8.96530 -9.02582 -9.02265 -9.13456 -9.12615 -9.03090 -9.04230 -9.06130 -8.89590 -8.79980 -8.13896 -7.65431 -7.58128 -7.37194 -7.47638 -7.58345 -7.48653 -7.39263 -7.30037 -7.50321 -7.39710 -7.33189 -7.34253 -7.54586 -7.64509 -7.74105 -7.82965 -7.92167 -8.02703 -8.12978 -8.23797 -8.14063 -8.04178 -7.94379 -7.94732 -7.61240 -7.91194 -7.74604 -7.86672 -7.70510 -7.82850 -7.94166 -8.14433 -8.05907 -8.87519 -8.98496 -8.98464 -9.19136 -9.28706 -9.48304 -9.47469 -9.95523 -10.36550 -10.94510 -13.13840 -14.03920 -15.22700
-9999 -9999 -9999 -9999 -9999 -9999 -9999 -9999 -9999 -9999 -9999 -9999 -7.68075 -8.47562 -8.45788 -8.24120 -7.83859 -7.33654 -7.94796 -7.94056 -7.95462 -8.05735 -7.97931 -7.79917 -7.42697 -7.05598 -7.06767 -7.19348 -7.10596 -6.91141 -6.81445 -7.01832 -7.02324 -7.13491 -7.14406 -7.14741 -7.02734 -7.33604 -7.43635 -7.63149 -7.73148 -7.72654 -7.82854 -7.81908 -7.83184 -7.93049 -7.93806 -7.83377 -7.84278 -7.63816 -7.74015 -7.72780 -7.74172 -7.76444 -7.20109 -7.20760 -7.31542 -8.12353 -8.33396 -8.54359 -8.65522 -8.66672 -8.76995 -8.76771 -8.86033 -8.94993 -9.04729 -9.14751 -9.83469 -11.12430 -13.70940 -15.61090
-9999 -9999 -9999 -9999 -9999 -9999 -9999 -9999 -9999 -9999 -9999 -9999 -6.96992 -7.35820 -7.54912 -7.45405 -7.16127 -7.05765 -7.75671 -7.75889 -7.45770 -8.07581 -7.69891 -7.12524 -7.44273 -6.96816 -6.68731 -6.60705 -6.62990 -6.44079 -6.34802 -6.54336 -6.53273 -6.52067 -7.01253 -6.79959 -6.98999 -7.50894 -7.32430 -7.34644 -7.23477 -7.13399 -7.13514 -7.22712 -7.33786 -7.42701 -7.53517 -7.43631 -7.43841 -7.63312 -7.54627 -7.25012 -7.23863 -7.26161 -6.86854 -6.78427 -6.99961 -7.70532 -7.80884 -8.02094 -8.03478 -8.14633 -8.25564 -8.24828 -8.23065 -8.43092 -8.62808 -8.91067 -9.91548 -11.70380 -12.88590 -13.18440
-9999 -9999 -9999 -9999 -9999 -9999 -9999 -9999 -9999 -9999 -9999 -6.65410 -7.04861 -6.45161 -6.35761 -7.55661 -7.76104 -7.56782 -7.96752 -7.97293 -6.97591 -7.88966 -7.31772 -7.25372 -7.26016 -7.08044 -7.01330 -6.72799 -6.23652 -5.93314 -5.90936 -5.99814 -5.90239 -5.98610 -6.06946 -5.66762 -6.16056 -6.57852 -7.00500 -7.51672 -7.52498 -7.63612 -7.71909 -7.62464 -7.42815 -7.11754 -7.02456 -6.82942 -7.02361 -7.03338 -6.94350 -6.93582 -6.93993 -6.64450 -6.15419 -6.45478 -6.76383 -7.26926 -7.38372 -7.40028 -7.49986 -7.52434 -7.63768 -7.72112 -7.91566 -8.00590 -8.49554 -9.39209 -10.68460 -12.56940 -14.56420 -15.26000
-9999 -9999 -9999 -9999 -9999 -9999 -9999 -9999 -9999 -9999 -9999 -6.25196 -6.25799 -6.35965 -6.06857 -7.06642 -7.27609 -7.28151 -7.37790 -7.47926 -7.10005 -7.21523 -7.03759 -6.56309 -6.47577 -6.39487 -6.52209 -6.42394 -6.01776 -6.01765 -6.08956 -5.96583 -5.86241 -5.73891 -5.93881 -5.52657 -5.33784 -6.14986 -6.86961 -6.78689 -6.81567 -7.12865 -7.43223 -7.31535 -7.32237 -7.12707 -6.92474 -6.62567 -6.33629 -6.22949 -6.13460 -6.03585 -6.04015 -6.24917 -6.44174 -6.44402 -6.83962 -6.85369 -6.96568 -6.87883 -6.98310 -7.19959 -7.20966 -7.20369 -7.28385 -7.39271 -8.37154 -8.85895 -10.86260 -12.95210 -13.24310 -13.14210
