data/hydroclimate-scenarios/1948-2000.Pcorr55N_Pref_Tref/monthly_summaries/tavg_monthly_avg_feb.asc
ncols	311
nrows	91
xllcenter	102.75
yllcenter	31.75
cellsize	0.5
NODATA_value	-9999
[rows 0 to 30 of 91, columns 210 to 279 of 311]
-9999 -9999 -9999 -9999 -9999 -9999 -9999 -9999 -9999 -9999 -9999 -9999 -9999 -9999 -9999 -9999 -9999 -9999 -9999 -9999 -9999 -9999 -9999 -9999 -9999 -9999 -9999 -9999 -9999 -9999 -9999 -9999 -9999 -9999 -9999 -9999 -9999 -9999 -9999 -9999 -9999 -9999 -9999 -9999 -9999 -9999 -9999 -9999 -9999 -9999 -9999 -9999 -9999 -9999 -9999 -9999 -9999 -9999 -9999 -9999 -9999 -9999 -9999 -9999 -9999 -9999 -9999 -9999 -9999 -9999
-9999 -9999 -9999 -9999 -9999 -9999 -9999 -9999 -9999 -9999 -9999 -9999 -9999 -9999 -9999 -9999 -9999 -9999 -9999 -9999 -9999 -9999 -9999 -9999 -9999 -9999 -9999 -9999 -9999 -9999 -9999 -9999 -9999 -9999 -9999 -9999 -9999 -9999 -9999 -9999 -9999 -9999 -9999 -9999 -9999 -9999 -9999 -9999 -9999 -9999 -9999 -9999 -9999 -9999 -9999 -9999 -9999 -9999 -9999 -9999 -9999 -9999 -9999 -9999 -9999 -9999 -9999 -9999 -9999 -9999
-9999 -9999 -9999 -9999 -9999 -9999 -9999 -9999 -9999 -9999 -9999 -9999 -9999 -9999 -9999 -9999 -9999 -9999 -9999 -9999 -9999 -9999 -9999 -9999 -9999 -9999 -9999 -9999 -9999 -9999 -9999 -9999 -9999 -9999 -9999 -9999 -9999 -9999 -9999 -9999 -9999 -9999 -9999 -9999 -9999 -9999 -9999 -9999 -9999 -9999 -9999 -9999 -9999 -9999 -9999 -9999 -9999 -9999 -9999 -9999 -9999 -9999 -9999 -9999 -9999 -9999 -9999 -9999 -9999 -9999
-9999 -9999 -9999 -9999 -9999 -9999 -9999 -9999 -9999 -9999 -9999 -9999 -9999 -9999 -9999 -9999 -9999 -9999 -9999 -9999 -9999 -9999 -9999 -9999 -9999 -9999 -9999 -9999 -9999 -9999 -9999 -9999 -9999 -9999 -9999 -9999 -9999 -9999 -9999 -9999 -9999 -9999 -9999 -9999 -9999 -9999 -9999 -9999 -9999 -9999 -9999 -9999 -9999 -9999 -9999 -9999 -9999 -9999 -9999 -9999 -9999 -9999 -9999 -9999 -9999 -9999 -9999 -9999 -9999 -9999
-9999 -9999 -9999 -9999 -9999 -9999 -9999 -9999 -9999 -9999 -9999 -9999 -9999 -9999 -9999 -9999 -9999 -9999 -9999 -9999 -9999 -9999 -9999 -9999 -9999 -9999 -9999 -9999 -9999 -9999 -9999 -9999 -9999 -9999 -9999 -9999 -9999 -9999 -9999 -9999 -9999 -9999 -9999 -9999 -9999 -9999 -9999 -9999 -9999 -9999 -9999 -9999 -9999 -9999 -9999 -9999 -9999 -9999 -9999 -9999 -9999 -9999 -9999 -9999 -9999 -9999 -9999 -9999 -9999 -9999
-9999 -9999 -9999 -9999 -9999 -9999 -9999 -9999 -9999 -9999 -9999 -9999 -9999 -9999 -9999 -9999 -9999 -9999 -9999 -9999 -9999 -9999 -9999 -9999 -9999 -9999 -9999 -9999 -9999 -9999 -9999 -9999 -9999 -9999 -9999 -9999 -9999 -9999 -9999 -9999 -9999 -9999 -9999 -9999 -9999 -9999 -9999 -9999 -9999 -9999 -9999 -9999 -9999 -9999 -9999 -9999 -9999 -9999 -9999 -9999 -9999 -9999 -9999 -9999 -9999 -9999 -9999 -9999 -9999 -9999
-9999 -9999 -9999 -9999 -9999 -9999 -9999 -9999 -9999 -9999 -9999 -9999 -9999 -9999 -9999 -9999 -9999 -9999 -9999 -9999 -9999 -9999 -9999 -9999 -9999 -9999 -9999 -9999 -9999 -9999 -9999 -9999 -9999 -9999 -9999 -9999 -9999 -9999 -9999 -9999 -9999 -9999 -9999 -9999 -9999 -9999 -9999 -9999 -9999 -9999 -9999 -9999 -9999 -9999 -9999 -9999 -9999 -9999 -9999 -9999 -9999 -9999 -9999 -9999 -9999 -9999 -9999 -9999 -9999 -9999
-9999 -9999 -9999 -9999 -9999 -9999 -9999 -9999 -9999 -9999 -9999 -9999 -9999 -9999 -9999 -9999 -9999 -9999 -9999 -9999 -9999 -9999 -9999 -9999 -9999 -9999 -9999 -9999 -9999 -9999 -9999 -9999 -9999 -9999 -9999 -9999 -9999 -9999 -9999 -9999 -9999 -9999 -9999 -9999 -9999 -9999 -9999 -9999 -9999 -9999 -9999 -9999 -9999 -9999 -9999 -9999 -9999 -9999 -9999 -9999 -9999 -9999 -9999 -9999 -9999 -9999 -9999 -9999 -9999 -9999
-9999 -9999 -9999 -9999 -9999 -9999 -9999 -9999 -9999 -9999 -9999 -9999 -9999 -9999 -9999 -9999 -9999 -9999 -9999 -9999 -9999 -9999 -9999 -9999 -9999 -9999 -9999 -9999 -9999 -9999 -9999 -9999 -9999 -9999 -9999 -9999 -9999 -9999 -9999 -9999 -9999 -9999 -9999 -9999 -9999 -9999 -9999 -9999 -9999 -9999 -9999 -9999 -9999 -9999 -9999 -9999 -9999 -9999 -9999 -9999 -9999 -9999 -9999 -9999 -9999 -9999 -9999 -9999 -9999 -9999
-9999 -9999 -9999 -9999 -9999 -9999 -9999 -9999 -9999 -9999 -9999 -9999 -9999 -9999 -9999 -9999 -9999 -9999 -9999 -9999 -9999 -9999 -9999 -9999 -9999 -9999 -9999 -9999 -9999 -9999 -9999 -9999 -9999 -9999 -9999 -9999 -9999 -9999 -9999 -9999 -9999 -9999 -9999 -9999 -9999 -9999 -9999 -9999 -9999 -9999 -9999 -9999 -9999 -9999 -9999 -9999 -9999 -9999 -9999 -9999 -9999 -9999 -9999 -9999 -9999 -9999 -9999 -9999 -9999 -9999
-9999 -9999 -9999 -9999 -9999 -9999 -9999 -9999 -9999 -9999 -9999 -9999 -9999 -9999 -9999 -9999 -9999 -9999 -9999 -9999 -9999 -9999 -9999 -9999 -9999 -9999 -9999 -9999 -9999 -9999 -9999 -9999 -9999 -9999 -9999 -9999 -9999 -9999 -9999 -9999 -9999 -9999 -9999 -9999 -9999 -9999 -9999 -9999 -9999 -9999 -9999 -9999 -9999 -9999 -9999 -9999 -9999 -9999 -9999 -9999 -9999 -9999 -9999 -9999 -9999 -9999 -9999 -9999 -9999 -9999
-9999 -9999 -9999 -9999 -9999 -9999 -9999 -9999 -9999 -9999 -9999 -9999 -9999 -9999 -9999 -9999 -9999 -9999 -9999 -9999 -9999 -9999 -9999 -9999 -9999 -9999 -9999 -9999 -9999 -9999 -9999 -9999 -9999 -9999 -9999 -9999 -9999 -9999 -9999 -9999 -9999 -9999 -9999 -9999 -9999 -9999 -9999 -9999 -9999 -9999 -9999 -9999 -9999 -9999 -9999 -9999 -9999 -9999 -9999 -9999 -9999 -9999 -9999 -9999 -9999 -9999 -9999 -9999 -9999 -9999
-9999 -9999 -9999 -9999 -9999 -9999 -9999 -9999 -9999 -9999 -9999 -9999 -9999 -9999 -9999 -9999 -9999 -9999 -9999 -9999 -9999 -9999 -9999 -9999 -9999 -9999 -9999 -9999 -9999 -9999 -9999 -9999 -9999 -9999 -9999 -9999 -9999 -9999 -9999 -9999 -9999 -9999 -9999 -9999 -9999 -9999 -9999 -9999 -9999 -9999 -9999 -9999 -9999 -9999 -9999 -9999 -9999 -9999 -9999 -9999 -9999 -9999 -9999 -9999 -9999 -9999 -9999 -9999 -9999 -9999
-29.49960 -29.02020 -28.80530 -28.58700 -28.46690 -28.46100 -28.39530 -27.78160 -27.50730 -9999 -9999 -9999 -9999 -9999 -9999 -9999 -9999 -9999 -9999 -9999 -9999 -9999 -9999 -9999 -9999 -9999 -9999 -9999 -9999 -9999 -9999 -9999 -9999 -9999 -9999 -9999 -9999 -9999 -9999 -9999 -9999 -9999 -9999 -9999 -9999 -9999 -9999 -9999 -9999 -9999 -28.79390 -9999 -9999 -9999 -9999 -9999 -9999 -9999 -9999 -9999 -9999 -9999 -9999 -9999 -9999 -9999 -9999 -9999 -9999 -9999
-30.79130 -30.76500 -30.74110 -30.12120 -29.51010 -29.06020 -28.66350 -28.34710 -28.05140 -27.80490 -27.63950 -27.50530 -27.45600 -27.11050 -27.17340 -27.26740 -27.88830 -28.18600 -28.17170 -27.99140 -27.72970 -23.71810 -9999 -9999 -9999 -9999 -9999 -9999 -9999 -9999 -9999 -9999 -9999 -9999 -9999 -9999 -9999 -9999 -9999 -9999 -9999 -9999 -9999 -9999 -9999 -29.49480 -28.83620 -29.21290 -29.98610 -30.39710 -29.98850 -28.69740 -9999 -9999 -9999 -28.58130 -9999 -9999 -9999 -27.81700 -27.82730 -27.64360 -9999 -9999 -9999 -9999 -9999 -9999 -9999 -9999
-30.03580 -30.26300 -30.26710 -30.00910 -29.68270 -28.80670 -28.32700 -28.03530 -27.63680 -26.80890 -26.23170 -26.03760 -26.04960 -25.94480 -26.23000 -26.18000 -26.73680 -27.11830 -26.30070 -25.82440 -25.53650 -25.95750 -26.56410 -26.73670 -27.31270 -26.78010 -26.51240 -26.88690 -9999 -9999 -9999 -9999 -9999 -27.38570 -27.46680 -27.45600 -27.54370 -27.72770 -27.43020 -27.54390 -27.65800 -27.67330 -27.89930 -27.81510 -27.95680 -30.14580 -29.81650 -30.30560 -30.18090 -30.67500 -30.69040 -28.68830 -28.88130 -28.58730 -28.67680 -28.56470 -28.33840 -28.25140 -28.26250 -28.19460 -28.42820 -28.85120 -28.56380 -28.08130 -27.89550 -28.20390 -28.12080 -9999 -9999 -9999
-28.54610 -28.43160 -27.97840 -27.62410 -26.98190 -26.51290 -26.23230 -26.42670 -26.06000 -25.69330 -25.89610 -25.77230 -25.88340 -26.37590 -27.03250 -26.98120 -27.74470 -26.55300 -26.19620 -25.09860 -24.43850 -25.06310 -25.16640 -25.99680 -26.71720 -26.36720 -27.00200 -27.70250 -27.68120 -27.36650 -27.15020 -27.18170 -27.16430 -27.03600 -26.93450 -27.32690 -27.81180 -27.89400 -27.87510 -27.79630 -28.01390 -28.03980 -27.98920 -28.05740 -28.14260 -28.11750 -28.20340 -28.45040 -28.31490 -28.85370 -28.74510 -28.75530 -28.74880 -28.75590 -28.74400 -28.62500 -28.40970 -28.30620 -28.13180 -27.96390 -27.68730 -27.50890 -27.34830 -27.37520 -27.50160 -28.21060 -28.82700 -29.14620 -29.25250 -29.17710
-26.15180 -26.17240 -26.23360 -26.23180 -26.03680 -25.81830 -25.62670 -25.50770 -25.61680 -25.37190 -25.71320 -25.51890 -26.04080 -26.48590 -26.45310 -24.86390 -23.25400 -22.15860 -22.00300 -22.11760 -21.89090 -22.76190 -23.59010 -24.54710 -25.17280 -25.02000 -25.50810 -27.09020 -27.57560 -28.15620 -28.28940 -28.48690 -28.37230 -27.94380 -27.01370 -27.09890 -27.67210 -27.95190 -28.03550 -27.94190 -27.98160 -27.69010 -27.84110 -27.89790 -27.96200 -28.11230 -28.06040 -28.12450 -28.16510 -28.61370 -28.62370 -28.59600 -28.51170 -28.51000 -28.50400 -28.29620 -28.07740 -28.07410 -27.90340 -27.73830 -27.45940 -27.39040 -27.31450 -27.34790 -27.47650 -28.29930 -28.61820 -28.55110 -28.86780 -29.07180
-25.39020 -26.03980 -26.00930 -25.18770 -24.53330 -24.61980 -25.16360 -25.41030 -25.03550 -24.79610 -24.68570 -24.13330 -24.55530 -24.41010 -22.87850 -20.18650 -20.21420 -19.65880 -19.75140 -20.70460 -21.36890 -22.31400 -23.18180 -23.59720 -24.50010 -24.50190 -24.87160 -26.07860 -26.95430 -27.37400 -28.60380 -28.93480 -29.37650 -28.16520 -27.42000 -27.61380 -27.59040 -27.77870 -27.65770 -27.57210 -27.59100 -27.55440 -27.51080 -27.56740 -27.93180 -27.78720 -27.84560 -28.08770 -28.12560 -28.45640 -28.57910 -28.38250 -28.18480 -28.18760 -28.16860 -28.05560 -27.85040 -27.74290 -27.58530 -27.51040 -27.43620 -27.25380 -27.18410 -27.20420 -27.52460 -28.25800 -28.27820 -28.40060 -28.63850 -28.96240
-24.82160 -24.52150 -24.60200 -24.59880 -24.53640 -23.96840 -24.25410 -23.76520 -23.31130 -22.77720 -22.13900 -21.63730 -21.88210 -21.89300 -22.16440 -22.56900 -23.75720 -23.34670 -22.85120 -22.42220 -22.06960 -20.74700 -21.63870 -22.89670 -23.76130 -24.61780 -25.00210 -26.56160 -26.48790 -26.30610 -26.53880 -27.07240 -28.53040 -27.80750 -27.79340 -27.67570 -27.36350 -27.16730 -27.04930 -27.02760 -26.84130 -26.87150 -27.18810 -27.33320 -27.29650 -27.85130 -28.01910 -28.14220 -28.17650 -28.31180 -28.14860 -28.04800 -27.94980 -27.84710 -27.84160 -27.73460 -27.69700 -27.52220 -27.44260 -27.26890 -27.19650 -27.21800 -27.14470 -27.27220 -27.20090 -27.62750 -27.85230 -28.27960 -28.40600 -28.64040
-24.95030 -23.29900 -23.05500 -24.12200 -24.90140 -24.18160 -22.75820 -21.64010 -21.38530 -21.24900 -20.77880 -20.34980 -20.77700 -23.26010 -24.90240 -25.31250 -26.88500 -27.41720 -25.96590 -23.13180 -21.91640 -20.16070 -21.27090 -22.57710 -24.15200 -24.59890 -25.22770 -26.22810 -25.86640 -25.89600 -26.03030 -26.56180 -27.49350 -27.89160 -27.08150 -26.76030 -26.65830 -26.54200 -26.43090 -26.21430 -26.32540 -26.43930 -26.45770 -26.56500 -26.88290 -27.21850 -27.67000 -27.89140 -27.73460 -27.76140 -27.78940 -27.61580 -27.52280 -27.62020 -27.49890 -27.39950 -27.30000 -27.19440 -27.11130 -27.14470 -27.07060 -26.68710 -26.51190 -26.64990 -26.77690 -26.89720 -27.22000 -27.64930 -27.87410 -28.40180
-21.14820 -20.33150 -21.63060 -23.61430 -24.61190 -24.22810 -23.19760 -22.56720 -22.41400 -22.22120 -22.34040 -22.98250 -23.16440 -22.15420 -21.13890 -21.42410 -24.45380 -24.33420 -21.98650 -20.00920 -20.10850 -19.05550 -20.09680 -22.39770 -24.11210 -25.27130 -25.50600 -25.77920 -25.24610 -25.17510 -25.71280 -26.06320 -26.59150 -27.55360 -26.95500 -26.44220 -25.93970 -25.62030 -25.60680 -25.54890 -25.49040 -25.61030 -25.82350 -25.83530 -26.15360 -26.55520 -26.84880 -27.43990 -27.48080 -27.30280 -27.33810 -26.97980 -26.90340 -27.19090 -26.97540 -26.67910 -26.66270 -26.76350 -26.47280 -26.31680 -26.44480 -26.65590 -26.28530 -26.20950 -26.33760 -26.66530 -26.99540 -27.21810 -27.35440 -27.69990
-20.51290 -20.60570 -22.17690 -22.83040 -23.79020 -24.22180 -24.34140 -22.18000 -18.91870 -17.25610 -17.00130 -17.40230 -17.11410 -16.30550 -16.26260 -19.31010 -25.09700 -22.69980 -19.44830 -17.03660 -17.43730 -18.49390 -19.63320 -21.81730 -23.79410 -24.63950 -24.90450 -25.83050 -25.30250 -25.57380 -25.61050 -25.43170 -25.48050 -25.74960 -25.23730 -25.52490 -25.81050 -25.68320 -25.49750 -25.65300 -25.95960 -25.57430 -25.78800 -26.00300 -25.91880 -25.81130 -26.09740 -26.38480 -26.47100 -26.46070 -26.80750 -26.63800 -26.85130 -26.66440 -26.55860 -26.54130 -26.43810 -26.43420 -26.63750 -26.56840 -26.40110 -26.01980 -26.05760 -26.18580 -26.21110 -26.54150 -26.76410 -26.79790 -27.14550 -27.98170
-20.25670 -19.73300 -19.98340 -19.35720 -18.49190 -18.48240 -19.53410 -18.60690 -16.44660 -15.24420 -14.83800 -15.75450 -16.23150 -16.50770 -16.81850 -16.18770 -17.63680 -17.00030 -16.17870 -16.52870 -17.16540 -18.15850 -19.64980 -21.51630 -23.36850 -23.95500 -24.17650 -25.17950 -25.45200 -25.52390 -25.79960 -25.83240 -25.67880 -25.32050 -25.01640 -25.21260 -25.78660 -26.17750 -26.27400 -26.64140 -26.53370 -26.25100 -26.16230 -26.78060 -26.77130 -26.36560 -26.45450 -26.34470 -26.32700 -25.71920 -25.61370 -25.70580 -25.81880 -25.73080 -25.72630 -25.81440 -25.90900 -25.90500 -26.20330 -25.93620 -25.47980 -25.80130 -26.42260 -26.45460 -26.08510 -26.40190 -26.85240 -26.88610 -27.13770 -27.57590
-18.10260 -19.26280 -19.59970 -20.04340 -20.37400 -20.47730 -20.32430 -18.99670 -18.00270 -18.69330 -19.11810 -17.76830 -17.90890 -17.49400 -17.01980 -16.00540 -15.30970 -14.42130 -15.02930 -15.92020 -15.29770 -18.83670 -19.40400 -20.44010 -22.89140 -23.85320 -24.55340 -25.23450 -25.50900 -25.88180 -25.85610 -25.83290 -25.77240 -26.12420 -26.08570 -26.08450 -26.16690 -26.45910 -26.47280 -26.41880 -26.70940 -26.72370 -26.44200 -26.93000 -27.02490 -26.61370 -26.81400 -27.00080 -26.98410 -26.87230 -26.46480 -25.36590 -24.94620 -25.10620 -25.00260 -24.98850 -25.68530 -25.87630 -25.77710 -25.91270 -25.75080 -25.67250 -25.69820 -25.83520 -26.26340 -26.50690 -26.75340 -26.40950 -26.47100 -26.56290
-15.84640 -16.01650 -17.73930 -19.10830 -19.51470 -18.97700 -18.74070 -17.98240 -17.69100 -17.36100 -17.10740 -17.30230 -17.60990 -17.78040 -17.73760 -16.80970 -16.00540 -15.39620 -14.85730 -16.48260 -18.55350 -18.87470 -19.98120 -21.08580 -21.33980 -22.66900 -22.75800 -24.09240 -24.66900 -25.24460 -25.22370 -25.09820 -24.37870 -24.32260 -24.08240 -24.45760 -24.44640 -24.93740 -25.14080 -24.90740 -25.37860 -25.29040 -25.39550 -25.78840 -25.98460 -25.57280 -25.56090 -25.55310 -25.74550 -25.63330 -25.32350 -25.01120 -24.77820 -24.72170 -24.49110 -24.46570 -25.25710 -25.85340 -25.54500 -25.48020 -25.61900 -25.33450 -25.36940 -25.50590 -25.76890 -26.02470 -25.98980 -26.15480 -26.34900 -26.43980
-17.23770 -17.61740 -17.44680 -16.80460 -15.56070 -15.25510 -15.68740 -15.64020 -16.29490 -17.10630 -17.59100 -17.42260 -16.81360 -16.68670 -17.25850 -17.71000 -17.00250 -15.57200 -13.93020 -15.13080 -17.56800 -18.38960 -19.89570 -20.80870 -21.13440 -21.31440 -21.75460 -22.54660 -22.93700 -22.99830 -23.27480 -23.05980 -22.04000 -21.42010 -22.14180 -22.13080 -22.31230 -22.10730 -22.31690 -23.37670 -23.53510 -23.96520 -24.15390 -24.04770 -24.13190 -24.43250 -24.42500 -24.60310 -24.18840 -24.29790 -24.66790 -24.74660 -24.39850 -24.35450 -24.30570 -24.25870 -24.33950 -24.72220 -25.41880 -25.14460 -25.18640 -25.12280 -25.07070 -24.93060 -25.30750 -25.46330 -25.63480 -25.64880 -25.73210 -25.83610
-15.95560 -15.89110 -16.94310 -16.89460 -15.50870 -15.03160 -16.20260 -16.59300 -16.48720 -16.25040 -16.31170 -16.53070 -16.44340 -16.05680 -16.70840 -16.69660 -16.87040 -17.48360 -18.81530 -19.03140 -18.66440 -17.68220 -18.91110 -20.08380 -20.06710 -20.55600 -20.69580 -21.99550 -22.28410 -22.62240 -22.48350 -21.84810 -21.20720 -20.97720 -21.33630 -21.30860 -20.99670 -21.80100 -22.08420 -21.86700 -22.11450 -22.62390 -22.90810 -22.81010 -23.10280 -23.18010 -22.85740 -22.95530 -23.35210 -23.83860 -23.81030 -23.68240 -23.63640 -23.87940 -24.13310 -24.08800 -24.24630 -24.11740 -24.79600 -24.71940 -24.66820 -24.43320 -24.50380 -24.47050 -24.72340 -24.50830 -24.44300 -24.72230 -24.92210 -25.11920
-16.72200 -16.45280 -16.79010 -14.72710 -11.88990 -12.52140 -13.83260 -14.30900 -15.47770 -16.23190 -16.41330 -16.22120 -16.32400 -16.66550 -16.55210 -15.86500 -15.34920 -15.37650 -15.26610 -15.43300 -17.75680 -16.13790 -16.89410 -17.89260 -19.03370 -19.96240 -20.36800 -21.96430 -22.52170 -21.80990 -21.68600 -20.88130 -20.03870 -19.08890 -19.33580 -19.53020 -20.38530 -20.77990 -20.77430 -20.74620 -21.28980 -21.38290 -21.16820 -21.75880 -21.94450 -22.12470 -21.82630 -21.81390 -22.09890 -22.66910 -23.43980 -23.41050 -23.86820 -23.81150 -24.06010 -23.50560 -23.36370 -23.61660 -23.49200 -23.82190 -23.80630 -23.67770 -23.64620 -23.71310 -23.67540 -23.74040 -23.92830 -24.12440 -24.31420 -24.50840
-13.55330 -11.48200 -11.39780 -10.55280 -10.34660 -12.72840 -14.04740 -15.89550 -16.35360 -16.65970 -16.91840 -17.00760 -16.78760 -16.56840 -16.33170 -14.84500 -16.01220 -17.53630 -16.91630 -16.61040 -14.97320 -17.20000 -17.67030 -16.95300 -17.17180 -17.76960 -19.15120 -20.12230 -20.59590 -21.10380 -21.14870 -20.03890 -18.86540 -18.30090 -18.31030 -18.31380 -19.29990 -19.69660 -19.96600 -19.42080 -19.92240 -20.03040 -19.91600 -20.20780 -20.59680 -20.68840 -21.27990 -20.55050 -20.93180 -21.10240 -21.66460 -22.54070 -22.98670 -23.03980 -23.19300 -23.02940 -22.88940 -22.77780 -22.33510 -22.74660 -22.83590 -22.81340 -22.88430 -23.35450 -23.77980 -24.12390 -23.91840 -23.90930 -23.69550 -23.48990
-14.16720 -10.96310 -11.26850 -11.56280 -11.63670 -10.22250 -9.93457 -12.19450 -14.05530 -14.67590 -15.93520 -16.09710 -15.13190 -14.94890 -15.36780 -13.91960 -13.98530 -16.12340 -17.23720 -16.90240 -17.01030 -17.74590 -17.53210 -17.44160 -17.76180 -17.83750 -18.92660 -19.92120 -20.15590 -19.65680 -18.61300 -19.00540 -18.07900 -17.36390 -16.97440 -16.43810 -17.44300 -17.96360 -18.54410 -18.63720 -18.53440 -18.41970 -18.33220 -18.79520 -19.15170 -18.78610 -19.22680 -18.84410 -18.49430 -19.27210 -19.87480 -20.16420 -20.16290 -20.63520 -21.11280 -21.71820 -21.81510 -22.20510 -21.83240 -21.48690 -22.01700 -21.58430 -21.70050 -21.68280 -21.92590 -22.23970 -22.14330 -22.26520 -22.37820 -22.65970
