data/hydroclimate-scenarios/1948-2000.Pcorr55N_Pref_Tref/monthly_summaries/tavg_monthly_avg_mar.1950-2000.asc
ncols	311
nrows	91
xllcenter	102.75
yllcenter	31.75
cellsize	0.5
NODATA_value	-9999
[rows 31 to 61 of 91, columns 0 to 70 of 311]
-9999 -9999 -9999 -9999 -9999 -9999 -9999 -9999 -9999 -9999 -9999 -17.55240 -17.54680 -17.75280 -17.46640 -18.68830 -19.00620 -19.21620 -19.22280 -19.33500 -19.14730 -19.14070 -18.93830 -18.53640 -18.53970 -18.41200 -18.61310 -18.79810 -18.28560 -18.39040 -18.64920 -18.59160 -18.42790 -18.17510 -18.43100 -18.07520 -17.98000 -18.88270 -19.77650 -19.68130 -19.76980 -20.35470 -20.74650 -20.93780 -21.14420 -21.33680 -21.14740 -20.84240 -20.52600 -20.52320 -20.62380 -20.51970 -20.73930 -21.16580 -21.47220 -21.68710 -22.10280 -22.13330 -22.14190 -22.26240 -22.38470 -22.60010 -22.62310 -22.60820 -22.59760 -22.58430 -23.17350 -23.55900 -25.54550 -27.54090 -27.52530
-9999 -9999 -9999 -9999 -9999 -9999 -9999 -9999 -9999 -9999 -9999 -17.66700 -17.87170 -17.87260 -17.88460 -18.49470 -18.49890 -18.72140 -18.64020 -18.65000 -18.96280 -18.45130 -17.84640 -18.03190 -17.84800 -17.93260 -18.21330 -18.13040 -18.10260 -17.99470 -18.54750 -18.38680 -18.13850 -17.99040 -18.43250 -17.48420 -17.47730 -17.77330 -18.26810 -18.77770 -18.97320 -19.16190 -19.24210 -19.83970 -20.33400 -20.63900 -20.71730 -21.12270 -21.32670 -21.21650 -21.21240 -21.41780 -21.35850 -21.87880 -21.68490 -21.50310 -21.61680 -21.63920 -21.34800 -21.67610 -21.79410 -21.90490 -21.62400 -21.62240 -21.40080 -20.99440 -21.68170 -22.67710 -24.16440 -25.46630 -24.86090
-9999 -9999 -9999 -9999 -9999 -9999 -9999 -9999 -9999 -9999 -9999 -17.43690 -17.82280 -17.60600 -17.90760 -18.02120 -18.02610 -18.03560 -17.94250 -17.84240 -17.86550 -17.66600 -17.34870 -17.65710 -18.23540 -18.73380 -19.04900 -18.63340 -18.01710 -17.20890 -17.94110 -17.99860 -18.04180 -17.58520 -17.43650 -16.87240 -16.97460 -17.36570 -17.86380 -19.25710 -18.47140 -19.45980 -19.14570 -19.33850 -19.82940 -20.22730 -20.61190 -20.71540 -20.90020 -20.89190 -21.02660 -20.54900 -20.67420 -20.68550 -20.30890 -20.51950 -20.84120 -20.95310 -20.87340 -20.88260 -21.01210 -21.21660 -20.72960 -20.43590 -20.62140 -21.00980 -21.20650 -22.00600 -22.59840 -23.79040 -23.09180
-9999 -9999 -9999 -9999 -9999 -9999 -9999 -9999 -9999 -9999 -9999 -9999 -17.17310 -17.05590 -17.15720 -17.14820 -17.14340 -17.04500 -16.86760 -16.67200 -16.77890 -17.08310 -17.95940 -18.65910 -19.06390 -20.65630 -20.34430 -20.53430 -18.90290 -18.32360 -18.04490 -17.19680 -17.24540 -17.08510 -17.22640 -17.15580 -17.34760 -17.24850 -17.74950 -18.53900 -18.72800 -18.75530 -18.85040 -18.33130 -18.71940 -19.20040 -19.01260 -19.19540 -19.28450 -19.41300 -19.24780 -19.66120 -19.88650 -20.01420 -20.32730 -20.34610 -20.36010 -20.07430 -20.18730 -19.89230 -19.91740 -19.91580 -20.35220 -20.63670 -20.43300 -20.53090 -20.23340 -21.22490 -23.40950 -23.92730 -21.71880
-9999 -9999 -9999 -9999 -9999 -9999 -9999 -9999 -9999 -9999 -9999 -9999 -16.62200 -16.50330 -16.71360 -16.70350 -16.38390 -16.29170 -16.26930 -16.37060 -16.47340 -18.66910 -19.36840 -19.97870 -21.16440 -20.17050 -19.76480 -21.05030 -19.62370 -19.42710 -19.43860 -18.90110 -17.25710 -16.86960 -16.81650 -16.83870 -17.12910 -16.82610 -16.91960 -17.71380 -17.91450 -18.51480 -18.22420 -17.70940 -17.21750 -17.30060 -17.29070 -17.88280 -18.29240 -19.12020 -19.46520 -19.18000 -19.49870 -19.52030 -19.22780 -19.35480 -19.27520 -19.08970 -19.19770 -19.21500 -19.42330 -20.62540 -20.91470 -21.11110 -20.50630 -19.61580 -20.29810 -20.50940 -21.32240 -21.41560 -21.91530
-9999 -9999 -9999 -9999 -9999 -9999 -9999 -9999 -9999 -9999 -9999 -9999 -16.37660 -15.76480 -15.86180 -15.85460 -16.13950 -16.34450 -16.57560 -17.19320 -17.59570 -18.87900 -19.07520 -20.09480 -20.17560 -20.57350 -20.07100 -18.95190 -19.54550 -18.54020 -18.15050 -17.10930 -17.55140 -17.77420 -16.69250 -16.30440 -16.30080 -16.60100 -16.40680 -16.79470 -18.08860 -18.99940 -17.98970 -17.50180 -16.99440 -17.07430 -17.47640 -18.79590 -18.71930 -18.04970 -18.55110 -18.49600 -18.41520 -18.83630 -18.55580 -18.57720 -18.69680 -18.90630 -19.12610 -19.53440 -19.55710 -20.62200 -20.31110 -19.49250 -19.88730 -20.09250 -20.09340 -19.79340 -20.99580 -20.30770 -20.00420
-9999 -9999 -9999 -15.55080 -15.80080 -16.02930 -15.76410 -15.68440 -16.10700 -9999 -16.05060 -15.85190 -15.54160 -15.32690 -15.42020 -15.80660 -16.06930 -16.08830 -17.07330 -17.60130 -17.70540 -17.98780 -18.59040 -18.99460 -19.28470 -19.19130 -18.67920 -19.96060 -19.74670 -21.15450 -19.34480 -17.79220 -18.34910 -20.17240 -18.17550 -17.57500 -17.88100 -17.88160 -17.28360 -16.77450 -16.86560 -17.87510 -17.37060 -16.97300 -17.38080 -18.16590 -19.49270 -18.22300 -18.43720 -18.76830 -19.27950 -19.50770 -20.12070 -21.45330 -20.66940 -22.19300 -22.80490 -19.61650 -20.93960 -19.65940 -19.12780 -19.90500 -19.89560 -19.87110 -19.27230 -19.18010 -19.68040 -19.78640 -19.28530 -19.37770 -19.58750
-9999 -9999 -9999 -14.78090 -14.92190 -15.25680 -15.70570 -15.53980 -15.56870 -15.48150 -15.11010 -14.81670 -15.50020 -15.69290 -16.43800 -17.07020 -17.48030 -17.53300 -17.75480 -17.71160 -17.49670 -18.30440 -17.59560 -17.19820 -18.29430 -18.08050 -18.77300 -19.36760 -20.26440 -21.65090 -20.03910 -20.08220 -19.93500 -20.54770 -19.84410 -19.55750 -19.24610 -20.25440 -18.05960 -19.16180 -19.05490 -17.75440 -16.96390 -17.75330 -18.44350 -19.77080 -19.61700 -17.63060 -19.25980 -19.98180 -20.60480 -20.71270 -21.53350 -21.75350 -20.26930 -21.40620 -20.31640 -20.24340 -21.45540 -20.83260 -20.22160 -20.39500 -20.28220 -19.76430 -19.76080 -18.26530 -18.36420 -17.47010 -17.86770 -18.16490 -18.87090
-9999 -9999 -9999 -14.20770 -14.54880 -15.29980 -15.43110 -15.25670 -14.90390 -14.63340 -14.86650 -15.16430 -16.02320 -16.93960 -18.45670 -17.56870 -18.10180 -18.13690 -17.26900 -17.30230 -17.70700 -18.61960 -18.11930 -18.70200 -20.00270 -18.89360 -19.18350 -19.56910 -19.46980 -21.95440 -23.74690 -22.49000 -20.63420 -20.43890 -20.84130 -20.22540 -19.33380 -19.02260 -18.42570 -18.94570 -18.94430 -18.14210 -17.32790 -17.13980 -16.63420 -17.87370 -18.12080 -18.54170 -18.87600 -20.48660 -21.41400 -19.73440 -20.45730 -20.46750 -19.89940 -20.22810 -19.64260 -19.35780 -20.43460 -20.51660 -19.40050 -19.19290 -18.57520 -19.36490 -18.64240 -18.15020 -18.04690 -18.15690 -19.65330 -19.45020 -19.94300
-9999 -9999 -9999 -13.81970 -13.26670 -14.70250 -14.32200 -14.87190 -15.11480 -15.35380 -14.69270 -14.62130 -16.73830 -17.65990 -18.16410 -18.08160 -18.69500 -19.22990 -18.66640 -17.99980 -19.32290 -20.52270 -21.81350 -20.65210 -20.01690 -19.19310 -18.89320 -19.08350 -21.66730 -23.67140 -22.55360 -19.38530 -20.90050 -22.89900 -22.72370 -21.31850 -19.40860 -17.81520 -18.51400 -17.90830 -18.11480 -19.31100 -19.91360 -18.51310 -16.03640 -17.77130 -18.81980 -17.65280 -19.58690 -19.11620 -20.82610 -19.85560 -20.27220 -21.18540 -20.30920 -20.02990 -19.75040 -20.54500 -20.92420 -20.60030 -21.78880 -19.57390 -18.96270 -18.64730 -18.74380 -17.83890 -18.03510 -18.33650 -20.04260 -19.83720 -16.73850
-9999 -9999 -9999 -13.32370 -12.76310 -14.69660 -14.73150 -14.77940 -15.51880 -15.15230 -14.08660 -15.43210 -17.24760 -18.35010 -19.66950 -19.16350 -19.80260 -19.03240 -17.55850 -16.59330 -18.41390 -19.61110 -20.70820 -18.65130 -18.11050 -17.77130 -16.95850 -18.13490 -20.49630 -22.26130 -22.36550 -21.47510 -22.17840 -21.28630 -20.69300 -20.28660 -20.08760 -18.47100 -17.67570 -17.67910 -18.47820 -19.08200 -19.38870 -19.10540 -17.65300 -17.67970 -17.61900 -17.85790 -18.48670 -19.01790 -19.54760 -18.26950 -19.39040 -21.40790 -19.52660 -21.25390 -19.32620 -19.32010 -20.00500 -21.59030 -20.77240 -20.06590 -19.54640 -20.32910 -20.03170 -17.82580 -18.11590 -19.21990 -19.51500 -16.93120 -13.60740
-9999 -9999 -9999 -9999 -14.15780 -14.98560 -14.73100 -15.66610 -15.90920 -15.24870 -14.09170 -15.12870 -18.97690 -16.77700 -9999 -9999 -9999 -9999 -9999 -20.47270 -20.59960 -19.69830 -20.81460 -22.06380 -20.83230 -19.57600 -17.15500 -18.32330 -19.49120 -19.25030 -20.11600 -20.58660 -20.86640 -19.57160 -17.98030 -17.48360 -18.08350 -17.17560 -17.28210 -17.17130 -16.57400 -16.87870 -17.58490 -18.30330 -17.74390 -17.08210 -17.32110 -18.75770 -17.99510 -17.32640 -18.35480 -18.87320 -18.20610 -20.11510 -20.63540 -21.62340 -22.00540 -21.70620 -21.38730 -20.47150 -20.94450 -21.34940 -20.64190 -19.83300 -19.30740 -19.31270 -18.11610 -16.20590 -14.81750 -9999 -9999
-9999 -9999 -12.61600 -13.42010 -14.04840 -14.08870 -14.52330 -16.06620 -15.01400 -14.75330 -13.89270 -15.22930 -18.47950 -9999 -9999 -9999 -9999 -9999 -22.30800 -20.25080 -20.18220 -18.26850 -18.32060 -19.88330 -19.64350 -18.98410 -16.73770 -16.91110 -17.37460 -17.51590 -18.27220 -18.73330 -18.53220 -18.61820 -17.99580 -16.58730 -17.26950 -16.96690 -17.07380 -16.77400 -17.18020 -16.67280 -16.96990 -16.60100 -15.84380 -15.88100 -16.22580 -16.24790 -15.49760 -14.63890 -15.06820 -15.78250 -16.70620 -16.41690 -18.21620 -17.40410 -18.79580 -20.48280 -20.47230 -18.25490 -18.34570 -18.53870 -18.32300 -18.42250 -17.39420 -16.50020 -15.39900 -9999 -9999 -9999 -9999
-9999 -9999 -12.34820 -12.93520 -12.94840 -13.58770 -13.53280 -15.16500 -14.61170 -13.85140 -14.69720 -15.35500 -15.32570 -9999 -9999 -9999 -9999 -17.36220 -20.56780 -18.32390 -18.45670 -17.76730 -18.10920 -17.57150 -16.52300 -15.39140 -16.00010 -16.75120 -16.62570 -16.28540 -17.13440 -18.58710 -17.37730 -16.78480 -16.97560 -16.84580 -16.51330 -16.29010 -17.39140 -18.17960 -17.17400 -17.55520 -17.37620 -16.49920 -16.63580 -15.87700 -15.11390 -15.74870 -13.59160 -14.23760 -13.88130 -13.99580 -14.22020 -14.70760 -15.19580 -13.88350 -14.97900 -18.06810 -18.74640 -17.32870 -16.72150 -18.31680 -16.90410 -15.21240 -13.99110 -9999 -9999 -9999 -9999 -9999 -12.27230
-9999 -9999 -11.26750 -12.85760 -12.95310 -13.38160 -13.32040 -13.78290 -14.04780 -14.02840 -15.20020 -15.48400 -11.67080 -9999 -9999 -9999 -9999 -19.26690 -18.68530 -18.00060 -17.91610 -16.74610 -15.91380 -15.32490 -15.73930 -15.35010 -16.60710 -15.97560 -16.41110 -16.43660 -17.29060 -17.34430 -17.42250 -17.42710 -16.42040 -16.83050 -17.19270 -17.16130 -17.82380 -16.77520 -16.57540 -15.66750 -15.28990 -16.10440 -15.51550 -16.16580 -15.90270 -15.94200 -14.78990 -14.52830 -13.06320 -13.90200 -14.09210 -14.68480 -14.97140 -12.97150 -13.14240 -15.64350 -15.43170 -15.11410 -13.41560 -13.40980 -13.30380 -14.39700 -15.78920 -16.19140 -13.49910 -14.71270 -12.92470 -9999 -9999
-9999 -9999 -9999 -11.69370 -12.57750 -12.75490 -12.44140 -12.21510 -13.09590 -13.97020 -12.93560 -11.72410 -9999 -9999 -9999 -9999 -17.50280 -18.10870 -16.80270 -16.41300 -16.00940 -14.78770 -15.26550 -15.07970 -15.50110 -15.65810 -16.02020 -16.48430 -16.32670 -18.27700 -18.12410 -17.00420 -16.16490 -16.06360 -15.77170 -15.47420 -15.26160 -15.34030 -15.39670 -15.15130 -15.22330 -14.59390 -14.71420 -14.22510 -13.24830 -13.97410 -13.40950 -12.74960 -13.29430 -13.04740 -14.08830 -13.91440 -13.57980 -14.85130 -15.75350 -15.53540 -15.32680 -16.71500 -16.10830 -14.39880 -14.11120 -14.20950 -16.30030 -20.00340 -22.20720 -16.90560 -14.30870 -13.93800 -12.74400 -12.38600 -9999
-9999 -9999 -9999 -9999 -11.18960 -11.67860 -11.86450 -12.44370 -13.22410 -11.49230 -10.27810 -9999 -9999 -9999 -9999 -15.82120 -16.82320 -15.71600 -14.90180 -14.91620 -14.40380 -13.88220 -14.33410 -15.48480 -15.71120 -14.68450 -14.74510 -15.10360 -16.05820 -16.39350 -17.03850 -15.27910 -14.81250 -15.00890 -15.80280 -15.29350 -15.17910 -14.87250 -15.15750 -15.01950 -15.35620 -14.81870 -14.22780 -13.44340 -12.57850 -12.90620 -12.83180 -12.48220 -12.32580 -12.36270 -12.50980 -12.64670 -13.41770 -13.89560 -13.56540 -13.14160 -12.91690 -15.38970 -15.38610 -13.98890 -15.48050 -16.90200 -17.31130 -17.02430 -18.52810 -16.81310 -13.93020 -12.73830 -13.57200 -12.91200 -12.46690
-9999 -9999 -9999 -9999 -9999 -9999 -11.19700 -11.27180 -10.04880 -9.83012 -10.80460 -9999 -9999 -9999 -9999 -9999 -14.50920 -14.11460 -13.80970 -14.30550 -14.30210 -11.28550 -14.21970 -14.92520 -14.92590 -13.72170 -13.45540 -14.21650 -14.37540 -14.80940 -15.54200 -14.79840 -14.07680 -15.43390 -15.03350 -14.12360 -15.01800 -15.89770 -14.88970 -15.65360 -15.59030 -16.16610 -15.64230 -14.24490 -13.78950 -12.61180 -12.24690 -12.19790 -12.34090 -12.29290 -12.02710 -12.46940 -12.46570 -12.84000 -13.11600 -12.87580 -13.15570 -14.03240 -14.49120 -14.77290 -16.19170 -17.11110 -17.70880 -18.52780 -19.83910 -17.64120 -14.54430 -12.15900 -12.60120 -12.94300 -13.29050
-9999 -9999 -9999 -9999 -9999 -9999 -9999 -9999 -9999 -9999 -9999 -9999 -9999 -9999 -9999 -9999 -9999 -9999 -9999 -13.50060 -13.49850 -11.67080 -12.87530 -13.46500 -13.65990 -13.55110 -13.86220 -12.55320 -12.98430 -14.42510 -14.69240 -13.97730 -14.87860 -14.93200 -14.95260 -14.65980 -14.44590 -15.22560 -15.26620 -16.14390 -16.43350 -15.89240 -14.97010 -14.17040 -13.80110 -12.73160 -11.75190 -11.79880 -11.95110 -12.00550 -11.85070 -11.87720 -12.19240 -11.67800 -12.25520 -12.59830 -12.86320 -13.11060 -14.06810 -14.76000 -16.87370 -16.69310 -17.41090 -18.93150 -19.44550 -15.46030 -12.96890 -11.58640 -11.63580 -13.56790 -13.88800
-9999 -9999 -9999 -9999 -9999 -9999 -9999 -9999 -9999 -9999 -9999 -9999 -9999 -9999 -9999 -9999 -9999 -9999 -12.49400 -12.69780 -12.09000 -11.40090 -11.58570 -11.79170 -11.88910 -12.47710 -12.18470 -12.65750 -13.26780 -14.01040 -14.19300 -14.77850 -15.07080 -14.83110 -14.75140 -14.16480 -14.73620 -14.49930 -15.65270 -16.23180 -16.34930 -15.33590 -15.00080 -14.69500 -14.21550 -13.73810 -12.46840 -11.51310 -11.15930 -11.41280 -11.14510 -11.46550 -11.40840 -11.78120 -12.34650 -11.79440 -12.15290 -14.30860 -15.75470 -14.76050 -14.57200 -14.39390 -15.61430 -16.62360 -17.54260 -14.45650 -12.77510 -11.34880 -11.26390 -11.48270 -12.01110
-9999 -9999 -9999 -9999 -9999 -9999 -9999 -9999 -9999 -9999 -9999 -9999 -9999 -9999 -9999 -9999 -9999 -11.98100 -11.88170 -10.98010 -11.20330 -11.32660 -11.42150 -11.30200 -11.19930 -11.59260 -11.69670 -12.68640 -14.18790 -14.52740 -14.59890 -14.28720 -14.67500 -13.82570 -13.81980 -14.82130 -15.69520 -15.46560 -15.14400 -15.82870 -15.64310 -14.77130 -14.75300 -13.92350 -13.43820 -12.75880 -12.19250 -11.91340 -10.76100 -10.92210 -10.35210 -10.38030 -11.04460 -11.62000 -11.82220 -11.71500 -12.56260 -14.32960 -15.16640 -14.06270 -12.37930 -13.70830 -17.31710 -17.83840 -14.54440 -13.34590 -12.94220 -11.21600 -10.81270 -10.82520 -12.43080
-9999 -9999 -9999 -9999 -9999 -9999 -9999 -9999 -9999 -9999 -9999 -9999 -9999 -9999 -9999 -9999 -9999 -11.58680 -11.27080 -12.07750 -11.71560 -11.44780 -11.14700 -10.84210 -9.53296 -10.82910 -11.10840 -11.90300 -12.54000 -13.68970 -13.83530 -13.61270 -13.36500 -12.78550 -13.76460 -14.65420 -15.15540 -15.22700 -16.19930 -15.72180 -15.13830 -14.06440 -13.59090 -12.84860 -12.56090 -10.57890 -10.21480 -12.03140 -11.26970 -10.12360 -9.74925 -10.12590 -10.78980 -11.06890 -11.24610 -11.75790 -13.66350 -13.83380 -13.08560 -12.67520 -13.38470 -14.81540 -15.03020 -15.32240 -17.02130 -15.32530 -12.71140 -13.28130 -10.96540 -10.07450 -10.08270
-9999 -9999 -9999 -9999 -9999 -9999 -9999 -9999 -9999 -9999 -9999 -9999 -9999 -9999 -9999 -9999 -12.97000 -12.68260 -12.67450 -12.39210 -10.93440 -9.96867 -10.58110 -9.66662 -8.15212 -10.25940 -10.34430 -9.94339 -10.88900 -12.72230 -13.06170 -12.65460 -12.77330 -12.00590 -12.71620 -13.40640 -14.10520 -14.77660 -15.47610 -14.29330 -13.51330 -13.05080 -12.88480 -11.69990 -11.18610 -10.00550 -9.73872 -11.95110 -11.17370 -9.72223 -9.39756 -9.76005 -10.53800 -10.71250 -10.88050 -11.38570 -11.90400 -12.50750 -12.30060 -12.99520 -12.70170 -13.30320 -14.50210 -16.69630 -14.99500 -13.89570 -12.78250 -11.45220 -9.41691 -9.32842 -9.82691
-9999 -9999 -9999 -9999 -9999 -9999 -9999 -9999 -9999 -9999 -9999 -9999 -9999 -12.21610 -13.26890 -13.01240 -13.35810 -14.16480 -12.96360 -10.81070 -10.24650 -11.18360 -10.30720 -10.39340 -10.68480 -9.07660 -9.56001 -9.98784 -10.31060 -10.60940 -11.09870 -11.48580 -11.79030 -11.82050 -12.46320 -13.15030 -13.23860 -13.04830 -13.35900 -13.18120 -12.49160 -11.52430 -10.97120 -9.80950 -9.79989 -9.82811 -9.85471 -9.87886 -9.86891 -9.98479 -10.23860 -10.21130 -10.49020 -9.86134 -10.22820 -10.81660 -11.03060 -11.03390 -10.87040 -11.28020 -11.67680 -11.57370 -11.87090 -11.77960 -10.67680 -9.17936 -8.75278 -8.82080 -8.68887 -8.67898 -10.06900
-9999 -9999 -9999 -9999 -9999 -9999 -9999 -9999 -9999 -9999 -9999 -9999 -11.67990 -12.50870 -13.04310 -12.83960 -12.57430 -12.55510 -12.38750 -9.22250 -10.36410 -9.90665 -9.72501 -9.91192 -10.20670 -8.69857 -9.12902 -9.33293 -9.81260 -9.98166 -10.34460 -10.81990 -11.19850 -11.42290 -11.56050 -12.08310 -12.35450 -12.16070 -12.30550 -11.64590 -11.58020 -10.61080 -9.93888 -9.18412 -9.22864 -9.33903 -9.33442 -9.39862 -9.71225 -9.83719 -9.93892 -10.00210 -10.05160 -9.60332 -9.56923 -9.63827 -10.07740 -11.01810 -11.74670 -11.65330 -11.44710 -10.54630 -10.34350 -10.75370 -9.74095 -8.44333 -8.22019 -8.08316 -8.12775 -9.50372 -11.02100
-9999 -9999 -9999 -9999 -9999 -9999 -9999 -9999 -9999 -9999 -9999 -14.05770 -13.38700 -13.59790 -12.64000 -11.24840 -10.85080 -10.48600 -10.31390 -10.33610 -9.97904 -8.81436 -9.05276 -9.34332 -9.84407 -10.15860 -10.54230 -9.42303 -8.99880 -9.06345 -9.82580 -10.50600 -10.77830 -11.03280 -11.03340 -12.06340 -12.76360 -12.26680 -11.22040 -10.66440 -9.82703 -9.47046 -8.60329 -8.33993 -8.47086 -8.46546 -8.52891 -8.72743 -8.95416 -9.29389 -9.30181 -10.99830 -10.65320 -10.59780 -10.35120 -9.93838 -9.27647 -10.03030 -9.12214 -8.72717 -9.03295 -8.03103 -8.03331 -8.12582 -7.92534 -7.69790 -7.68672 -7.34915 -8.71128 -10.06490 -11.77280
-9999 -9999 -9999 -9999 -9999 -9999 -9999 -9999 -9999 -9999 -13.43090 -13.63880 -12.13690 -12.93710 -11.43750 -10.45840 -10.08240 -10.15780 -10.26590 -10.08500 -9.70488 -8.53460 -8.56155 -8.87792 -9.16691 -9.63756 -9.92973 -8.42659 -8.61035 -9.08337 -9.54332 -10.02800 -10.38730 -10.55110 -10.91460 -12.05750 -12.45620 -11.87660 -10.54230 -9.61702 -8.77225 -7.91235 -7.03595 -7.46604 -7.53852 -7.54810 -7.76097 -8.07795 -8.29700 -8.52937 -8.85755 -10.75750 -10.04150 -10.20540 -9.98563 -9.35405 -9.79498 -9.30317 -7.90104 -7.80619 -8.00393 -7.51473 -7.41011 -7.50601 -7.50071 -7.39038 -7.05307 -7.31596 -8.78056 -10.84550 -12.01800
-9999 -9999 -9999 -9999 -9999 -9999 -9999 -9999 -9999 -10.94380 -11.04230 -11.24710 -11.25250 -11.06660 -10.64090 -10.31880 -10.05560 -9.74583 -9.03151 -8.73905 -8.65772 -8.78345 -8.97273 -8.56438 -8.87493 -8.77362 -8.57370 -8.94841 -9.22903 -9.39324 -9.27202 -10.63590 -11.10300 -11.96800 -12.72070 -12.97860 -13.12770 -11.03510 -10.07230 -8.03135 -7.10701 -5.95574 -5.47378 -5.55087 -5.74851 -6.17749 -6.01306 -7.21410 -7.44815 -7.68109 -8.20898 -9.61135 -10.21000 -12.21890 -12.30560 -7.99350 -7.36569 -6.77665 -6.77947 -6.77515 -7.18744 -6.89265 -6.98811 -6.80142 -6.80216 -7.16706 -7.23615 -8.29974 -9.36478 -10.02820 -9.68206
-9999 -9999 -9999 -9999 -9999 -9999 -9999 -9999 -9999 -9999 -10.35320 -10.36010 -10.54470 -10.05220 -9.01867 -9.45076 -9.67140 -9.29526 -9.06442 -9.03480 -9.22758 -8.72111 -8.60731 -9999 -9999 -9999 -9999 -9999 -9999 -8.98932 -9.17409 -10.15060 -10.52590 -11.58450 -12.73410 -12.47930 -12.13940 -10.24970 -8.98337 -7.09289 -6.02890 -5.18039 -4.69589 -5.01945 -5.15903 -5.66459 -5.88738 -6.59945 -6.92222 -6.82830 -7.46210 -8.37709 -9.69792 -11.61460 -11.73700 -7.11957 -6.26548 -6.06205 -6.05982 -6.26451 -6.28194 -6.50556 -6.61700 -6.71180 -8.47907 -7.27343 -8.12751 -8.88614 -11.74080 -10.70920 -10.96200
-9999 -9999 -9999 -9999 -9999 -9999 -9999 -9999 -9999 -9999 -9999 -9999 -9.82065 -9.19557 -9.10495 -6.71861 -7.01828 -7.02480 -7.21746 -9999 -9999 -9999 -9999 -9999 -9999 -9999 -9999 -9999 -9999 -9999 -9999 -9999 -9999 -10.40710 -11.95100 -10.99310 -10.66040 -8.69467 -7.12060 -5.96207 -5.25931 -4.56861 -4.31824 -4.42972 -4.66883 -4.86948 -4.98287 -5.29626 -5.40992 -5.72848 -6.33714 -9.05443 -9.58265 -9.40534 -9.11001 -6.41784 -6.39060 -6.08619 -5.68505 -5.69114 -5.81820 -6.42844 -6.89890 -6.98945 -6.87905 -6.85979 -8.02079 -8.47477 -9.23024 -8.00359 -8.03913
-9999 -9999 -9999 -9999 -9999 -9999 -9999 -9999 -9999 -9999 -9999 -9999 -9999 -9999 -9999 -9999 -9999 -9999 -9999 -9999 -9999 -9999 -9999 -9999 -9999 -9999 -9999 -9999 -9999 -9999 -9999 -9999 -9999 -9999 -10.37910 -10.41800 -8.30332 -7.62760 -6.15491 -5.10264 -4.61708 -4.42723 -4.34859 -3.86664 -4.20065 -4.61466 -4.78836 -4.78933 -5.09686 -5.39563 -5.90274 -8.22289 -8.74376 -8.65832 -8.48654 -5.39697 -5.68631 -6.69812 -6.20658 -5.71914 -5.71503 -6.29637 -5.97646 -5.96637 -5.85904 -6.64660 -7.82806 -8.56552 -9.61728 -8.08595 -6.38657
