data/hydroclimate-scenarios/1948-2000.Pcorr55N_Pref_Tref/monthly_summaries/tavg_monthly_avg_jul.asc
ncols	311
nrows	91
xllcenter	102.75
yllcenter	31.75
cellsize	0.5
NODATA_value	-9999
[rows 0 to 31 of 91, columns 0 to 71 of 311]
-9999 -9999 -9999 -9999 -9999 -9999 -9999 -9999 -9999 -9999 -9999 -9999 -9999 -9999 -9999 -9999 -9999 -9999 -9999 -9999 -9999 -9999 -9999 -9999 -9999 -9999 -9999 -9999 -9999 -9999 -9999 -9999 -9999 -9999 -9999 -9999 -9999 -9999 -9999 -9999 -9999 -9999 -9999 -9999 -9999 -9999 -9999 -9999 -9999 -9999 -9999 -9999 -9999 -9999 -9999 -9999 -9999 -9999 -9999 -9999 -9999 -9999 -9999 -9999 -9999 -9999 -9999 -9999 -9999 -9999 -9999 -9999
-9999 -9999 -9999 -9999 -9999 -9999 -9999 -9999 -9999 -9999 -9999 -9999 -9999 -9999 -9999 -9999 -9999 -9999 -9999 -9999 -9999 -9999 -9999 -9999 -9999 -9999 -9999 -9999 -9999 -9999 -9999 -9999 -9999 -9999 -9999 -9999 -9999 -9999 -9999 -9999 -9999 -9999 -9999 -9999 -9999 -9999 -9999 -9999 -9999 -9999 -9999 -9999 -9999 -9999 -9999 -9999 -9999 -9999 -9999 -9999 -9999 -9999 -9999 -9999 -9999 -9999 -9999 -9999 -9999 -9999 -9999 -9999
-9999 -9999 -9999 -9999 -9999 -9999 -9999 -9999 -9999 -9999 -9999 -9999 -9999 -9999 -9999 -9999 -9999 -9999 -9999 -9999 -9999 -9999 -9999 -9999 -9999 -9999 -9999 -9999 -9999 -9999 -9999 -9999 -9999 -9999 -9999 -9999 -9999 -9999 -9999 -9999 -9999 -9999 -9999 -9999 -9999 -9999 -9999 -9999 -9999 -9999 -9999 -9999 -9999 -9999 -9999 -9999 -9999 -9999 -9999 -9999 -9999 -9999 -9999 -9999 -9999 -9999 -9999 -9999 -9999 -9999 -9999 -9999
-9999 -9999 -9999 -9999 -9999 -9999 -9999 -9999 -9999 -9999 -9999 -9999 -9999 -9999 -9999 -9999 -9999 -9999 -9999 -9999 -9999 -9999 -9999 -9999 -9999 -9999 -9999 -9999 -9999 -9999 -9999 -9999 -9999 -9999 -9999 -9999 -9999 -9999 -9999 -9999 -9999 -9999 -9999 -9999 -9999 -9999 -9999 -9999 -9999 -9999 -9999 -9999 -9999 -9999 -9999 -9999 -9999 -9999 -9999 -9999 -9999 -9999 -9999 -9999 -9999 -9999 -9999 -9999 -9999 -9999 -9999 -9999
-9999 -9999 -9999 -9999 -9999 -9999 -9999 -9999 -9999 -9999 -9999 -9999 -9999 -9999 -9999 -9999 -9999 -9999 -9999 -9999 -9999 -9999 -9999 -9999 -9999 -9999 -9999 -9999 -9999 -9999 -9999 -9999 -9999 -9999 -9999 -9999 -9999 -9999 -9999 -9999 -9999 -9999 -9999 -9999 -9999 -9999 -9999 -9999 -9999 -9999 -9999 -9999 -9999 -9999 -9999 -9999 -9999 -9999 -9999 -9999 -9999 -9999 -9999 -9999 -9999 -9999 -9999 -9999 -9999 -9999 -9999 -9999
-9999 -9999 -9999 -9999 -9999 -9999 -9999 -9999 -9999 -9999 -9999 -9999 -9999 -9999 -9999 -9999 -9999 -9999 -9999 -9999 -9999 -9999 -9999 -9999 -9999 -9999 -9999 -9999 -9999 -9999 -9999 -9999 -9999 -9999 -9999 -9999 -9999 -9999 -9999 -9999 -9999 -9999 -9999 -9999 -9999 -9999 -9999 -9999 -9999 -9999 -9999 -9999 -9999 -9999 -9999 -9999 -9999 -9999 -9999 -9999 -9999 -9999 -9999 -9999 -9999 -9999 -9999 -9999 -9999 -9999 -9999 -9999
-9999 -9999 -9999 -9999 -9999 -9999 -9999 -9999 -9999 -9999 -9999 -9999 -9999 -9999 -9999 -9999 -9999 -9999 -9999 -9999 -9999 -9999 -9999 -9999 -9999 -9999 -9999 -9999 -9999 -9999 -9999 -9999 -9999 -9999 -9999 -9999 -9999 -9999 -9999 -9999 -9999 -9999 -9999 -9999 -9999 -9999 -9999 -9999 -9999 -9999 -9999 -9999 -9999 -9999 -9999 -9999 -9999 -9999 -9999 -9999 -9999 -9999 -9999 -9999 -9999 -9999 -9999 -9999 -9999 -9999 -9999 -9999
-9999 -9999 -9999 -9999 -9999 -9999 -9999 -9999 -9999 -9999 -9999 -9999 -9999 -9999 -9999 -9999 -9999 -9999 -9999 -9999 -9999 -9999 -9999 -9999 -9999 -9999 -9999 -9999 -9999 -9999 -9999 -9999 -9999 -9999 -9999 -9999 -9999 -9999 -9999 -9999 -9999 -9999 13.20310 13.20480 13.11870 13.22170 13.21770 13.22670 13.22450 13.23760 13.22760 13.34500 -9999 -9999 -9999 -9999 -9999 -9999 -9999 -9999 -9999 -9999 -9999 -9999 -9999 -9999 -9999 -9999 -9999 -9999 -9999 -9999
-9999 -9999 -9999 -9999 -9999 -9999 -9999 -9999 -9999 -9999 -9999 -9999 -9999 -9999 -9999 -9999 -9999 -9999 -9999 -9999 -9999 -9999 -9999 -9999 -9999 -9999 -9999 -9999 -9999 -9999 -9999 -9999 -9999 -9999 -9999 -9999 -9999 -9999 13.18170 12.49080 12.79030 12.99280 13.09950 13.21140 13.31710 13.41570 13.42420 13.42230 13.42260 13.43050 13.54220 13.64620 13.54100 10.44830 -9999 -9999 -9999 -9999 -9999 -9999 -9999 -9999 -9999 -9999 -9999 -9999 -9999 -9999 -9999 -9999 -9999 -9999
-9999 -9999 -9999 -9999 -9999 -9999 -9999 -9999 -9999 -9999 -9999 -9999 -9999 -9999 -9999 -9999 -9999 -9999 -9999 -9999 -9999 -9999 -9999 -9999 -9999 -9999 -9999 -9999 -9999 -9999 -9999 -9999 -9999 -9999 -9999 -9999 -9999 -9999 -9999 -9999 13.18810 13.19050 12.79820 12.60420 12.90320 12.71440 13.11850 13.52080 13.51950 13.33450 13.43760 13.74650 13.74450 10.94430 -9999 -9999 -9999 -9999 -9999 -9999 -9999 -9999 -9999 -9999 -9999 -9999 -9999 -9999 -9999 -9999 -9999 -9999
-9999 -9999 -9999 -9999 -9999 -9999 -9999 -9999 -9999 -9999 -9999 -9999 -9999 -9999 -9999 -9999 -9999 -9999 -9999 -9999 -9999 -9999 -9999 -9999 -9999 -9999 -9999 -9999 -9999 -9999 -9999 -9999 -9999 -9999 -9999 -9999 -9999 -9999 -9999 -9999 -9999 -9999 -9999 -9999 13.20740 13.10930 12.50820 12.62900 12.92780 13.43510 13.43340 12.84150 13.64030 11.34560 -9999 -9999 -9999 -9999 -9999 -9999 13.88390 -9999 -9999 -9999 -9999 -9999 -9999 -9999 -9999 -9999 -9999 -9999
-9999 -9999 -9999 -9999 -9999 -9999 -9999 -9999 -9999 -9999 -9999 -9999 -9999 -9999 -9999 -9999 -9999 -9999 -9999 -9999 -9999 -9999 -9999 -9999 -9999 -9999 -9999 -9999 -9999 -9999 -9999 -9999 -9999 -9999 -9999 -9999 -9999 -9999 -9999 -9999 -9999 12.48410 12.58790 12.49250 12.69720 13.29120 12.89160 12.60770 13.10720 13.41610 13.01930 12.82470 13.52880 13.72890 -9999 -9999 -9999 -9999 -9999 14.17680 13.98050 14.09110 13.99730 14.00020 13.89130 13.79880 13.70900 13.61020 13.59630 13.70160 13.58810 13.49370
-9999 -9999 -9999 -9999 -9999 -9999 -9999 -9999 -9999 -9999 -9999 -9999 -9999 -9999 -9999 -9999 -9999 -9999 -9999 -9999 -9999 -9999 -9999 -9999 -9999 -9999 -9999 -9999 -9999 -9999 -9999 -9999 -9999 -9999 -9999 -9999 -9999 -9999 -9999 -9999 -9999 12.88270 12.89810 13.09040 13.79560 13.79100 13.79640 13.61600 13.62120 13.72500 13.43000 12.32380 12.32130 12.74110 13.35010 13.05520 13.86880 -9999 14.47860 14.28780 14.19630 14.09700 13.90870 13.50430 13.51210 13.62140 13.70830 13.71530 13.71050 13.60770 13.60200 13.50430
-9999 -9999 -9999 -9999 -9999 -9999 -9999 -9999 -9999 -9999 -9999 -9999 -9999 -9999 -9999 -9999 -9999 -9999 -9999 -9999 -9999 -9999 -9999 -9999 -9999 -9999 -9999 -9999 -9999 -9999 -9999 -9999 -9999 -9999 -9999 13.65320 13.66160 13.16910 13.17290 13.68320 13.78390 13.98370 13.88610 13.88780 14.10360 14.20390 14.29790 14.11490 13.90690 13.51910 12.82700 12.12450 11.13460 11.84830 11.85730 11.66320 12.87120 13.68760 14.29390 14.30370 14.30910 14.01440 13.91980 12.32220 12.62470 13.62430 13.42440 13.41870 13.71920 13.51920 13.41160 13.51270
-9999 -9999 -9999 -9999 -9999 -9999 -9999 -9999 -9999 -9999 -9999 -9999 -9999 -9999 -9999 -9999 -9999 -9999 -9999 -9999 -9999 -9999 -9999 -9999 -9999 -9999 -9999 -9999 -9999 -9999 -9999 -9999 -9999 -9999 14.06540 13.47310 13.46470 13.56490 13.68680 14.07580 14.28700 14.39330 14.38800 14.49860 14.50870 14.50200 14.60350 14.12290 13.41480 12.33130 11.54510 11.33910 10.35410 9.96405 10.36650 11.56910 12.69850 13.40200 14.50440 14.52580 14.02020 13.22890 12.83840 12.13730 13.43190 13.64490 13.33940 12.93830 11.84230 12.12220 11.42590 11.42670
-9999 -9999 -9999 -9999 -9999 -9999 -9999 -9999 -9999 -9999 -9999 -9999 -9999 -9999 -9999 -9999 -9999 -9999 -9999 -9999 -9999 -9999 -9999 -9999 -9999 -9999 -9999 -9999 -9999 -9999 -9999 -9999 -9999 13.85810 13.95450 13.86740 13.86690 13.98270 13.98000 14.48820 14.58620 14.49920 14.70170 14.69590 14.70630 14.60640 14.20830 13.91860 12.13150 11.13550 10.25420 9.35308 7.76489 9.37976 10.68460 11.60360 11.90680 13.51010 14.32560 13.93670 13.24250 13.65110 13.85700 14.25170 13.85700 13.45570 12.75120 12.44530 12.14550 12.14020 11.63740 11.73530
-9999 -9999 -9999 -9999 -9999 -9999 -9999 -9999 -9999 -9999 -9999 -9999 -9999 -9999 -9999 -9999 -9999 -9999 -9999 -9999 -9999 -9999 -9999 -9999 -9999 -9999 -9999 -9999 -9999 -9999 -9999 14.53860 14.45420 14.14860 14.35810 14.26310 14.47280 14.57690 14.68200 14.98450 14.88590 14.99420 14.99770 14.99840 14.70630 14.41040 14.31810 14.33400 12.93850 11.84970 10.66070 9.66239 7.28250 8.88185 10.19480 11.40370 12.91320 13.33200 12.43760 12.94800 13.75510 13.95740 13.86310 14.45740 14.05430 13.25910 13.06330 13.35670 13.15680 11.64000 10.64460 10.23310
-9999 -9999 -9999 -9999 -9999 -9999 -9999 -9999 -9999 -9999 -9999 -9999 -9999 -9999 -9999 -9999 -9999 -9999 -9999 -9999 -9999 -9999 -9999 -9999 -9999 -9999 -9999 -9999 -9999 15.03030 14.84280 14.44460 14.34950 14.35190 14.55630 14.56050 14.66830 14.87020 14.87760 15.17590 15.28330 15.09040 15.18800 15.20180 14.90950 14.21590 13.92670 13.54060 11.34460 10.66500 9.77097 8.07367 7.18616 9.19564 9.40357 10.71860 12.73350 12.73820 13.25010 14.15590 13.96520 13.77180 13.57550 13.57180 13.96730 13.56100 12.47020 11.76260 11.45470 11.54810 11.95050 10.03990
-9999 -9999 -9999 -9999 -9999 -9999 -9999 -9999 -9999 -9999 -9999 -9999 -9999 -9999 -9999 -9999 -9999 -9999 -9999 -9999 -9999 -9999 -9999 -9999 14.33490 14.32470 14.73890 15.04660 14.95140 14.71150 14.34820 14.65700 14.66190 14.66220 14.57640 14.96590 14.66840 14.66800 14.77540 15.09130 15.48850 15.48980 15.47840 15.40880 15.11260 14.53070 14.53400 12.94250 11.25650 10.56960 10.57850 8.28716 8.40306 10.10320 11.31540 12.13000 13.02620 13.44140 13.15770 13.76390 14.27540 14.28000 14.47760 14.47850 14.27550 13.47060 13.86480 14.07650 13.46390 12.46090 9.85374 9.16177
-9999 -9999 -9999 -9999 -9999 -9999 13.64930 13.94580 14.13510 14.22950 14.32760 -9999 -9999 -9999 -9999 -9999 -9999 -9999 -9999 -9999 -9999 14.36090 13.65490 13.75400 13.94920 13.95730 14.21370 14.35590 14.35790 14.56110 14.76770 14.87030 14.57600 14.67890 14.57850 14.78170 14.77740 14.97010 15.06890 15.36630 15.66080 15.75280 15.66920 15.60010 15.21780 14.73790 14.65090 13.44900 11.66670 10.87050 9.77637 9.20114 8.50373 10.02050 12.02760 12.92540 13.04710 13.45420 14.16330 14.57000 14.47910 14.38800 13.68190 13.28520 12.98120 14.47490 14.77870 13.86850 13.56820 13.56560 12.76260 10.36180
-9999 -9999 -9999 -9999 -9999 13.86400 13.75940 13.13810 13.84270 13.63860 13.83370 13.11500 13.31160 13.09790 -9999 -9999 -9999 13.78850 13.58350 13.77540 13.68180 13.57200 13.46490 13.86010 13.56520 14.07100 14.16480 14.47230 14.67380 14.78170 15.17730 15.27680 15.26650 15.36580 15.36510 15.25740 15.24820 15.24100 15.43910 15.84080 15.93790 15.93680 15.95890 15.99850 15.51790 15.14010 13.95080 12.46020 11.36280 10.77560 10.19410 9.69878 10.01010 11.52420 12.32440 12.53490 12.75260 13.55970 14.87760 14.47850 14.58970 13.88640 13.59150 13.98870 12.78770 11.48160 11.98170 12.08150 12.77240 12.36410 12.17470 10.57200
-9999 14.49440 14.48730 14.57870 13.97370 14.06890 13.75900 13.55870 13.45000 13.74100 13.43600 13.14640 12.93300 13.12340 13.61460 14.00520 14.69770 13.70380 13.59960 14.09480 14.28430 14.18270 14.07560 14.37130 14.57960 14.27200 14.36450 14.77030 14.66540 14.96700 15.35330 15.54810 15.65400 15.63580 15.63610 15.52690 15.52320 15.52080 15.72010 16.02140 16.02190 16.23300 16.25560 16.28660 16.02010 15.52420 14.54770 13.46720 12.47270 11.68160 10.90670 9.80142 10.11090 9.82528 10.53210 11.44040 12.46310 14.25710 13.96000 14.07710 14.57610 13.69230 12.69730 12.88830 11.79100 11.69620 12.48180 11.48980 12.48240 11.27440 9.78112 8.38270
-9999 14.21900 14.61780 14.51440 14.49770 14.59460 14.48940 14.37980 14.38020 13.96820 13.96190 13.56190 13.05800 13.34730 13.44060 13.54150 13.72020 13.52850 13.82270 14.21700 14.01710 13.91530 14.01110 14.80770 14.80800 14.99320 14.89670 14.77700 14.98370 15.27300 15.47520 15.87160 15.87180 16.06300 16.04980 15.95160 16.04380 16.04060 16.23590 16.13960 16.33720 16.44850 16.57740 16.59820 16.52690 16.24890 15.86700 14.58420 13.59620 12.50440 12.22460 10.62870 10.52500 8.85989 9.05996 11.26130 12.36860 12.96970 13.57730 13.09070 13.61060 12.90800 12.41930 12.92310 12.11320 11.72510 11.22500 11.70820 11.61000 11.41570 11.10420 9.60812
-9999 -9999 -9999 14.01230 13.80620 14.40800 14.39530 14.49790 14.28680 14.68550 14.26890 14.57320 14.46860 14.45820 13.95870 14.04790 14.04050 14.63520 14.42660 14.32410 14.22270 14.22800 14.23180 14.62570 14.91550 15.21710 15.42150 15.51480 15.90520 15.91670 15.99710 16.09210 16.09060 16.38990 16.39350 16.37610 16.27170 16.26790 16.26610 16.57140 16.57350 16.67130 16.67510 16.79360 16.81050 16.63860 16.06190 15.19420 14.60060 13.90790 12.72580 11.52910 10.43660 9.55113 10.34660 10.55720 12.05920 12.47630 12.27530 12.39240 13.39580 12.21620 11.91040 11.72510 12.02550 12.12120 12.41730 11.61790 10.91850 10.41800 10.21840 9.91072
-9999 -9999 -9999 -9999 -9999 -9999 14.50580 14.79960 14.39390 14.78680 14.88760 14.67570 14.77770 15.07220 14.96350 14.95940 14.85040 14.95280 15.33540 15.33480 15.24200 14.93190 15.14070 15.23410 15.42920 15.23110 15.62780 16.33600 16.43690 16.32750 16.33170 16.32830 16.41870 16.50830 16.70820 16.79400 16.70060 16.70120 16.69050 16.60220 16.50340 16.81340 16.91970 17.01600 16.91820 16.93550 16.85610 15.28660 15.10020 13.90330 12.21340 10.62100 10.23100 11.83120 10.94710 10.65460 11.55540 10.76460 10.08270 11.08710 10.50450 10.51370 10.41850 10.12610 10.92000 10.62520 12.01990 11.22740 10.41950 10.31240 9.81068 9.91223
-9999 -9999 -9999 -9999 -9999 -9999 15.02200 14.81380 14.99800 14.69880 14.99320 14.88270 15.08360 15.47500 15.46600 15.15920 15.25830 15.25570 15.24780 15.15590 15.14200 15.14640 15.15370 15.33620 15.44740 16.13040 16.43060 16.53850 16.74370 16.64450 16.54570 16.65810 16.64360 16.83770 16.72260 17.03840 17.12130 17.12220 17.21980 16.83910 16.83200 16.93060 16.94440 17.03890 17.24160 17.14180 17.14400 17.05420 16.58360 16.00080 14.81150 13.91450 13.21960 12.63250 12.54050 13.74250 13.14900 11.96470 12.37480 11.67570 9.70195 10.00620 9.91799 10.42890 10.12860 11.51680 11.72540 11.71610 11.41710 11.01660 9.62179 9.71430
-9999 -9999 -9999 -9999 -9999 -9999 -9999 -9999 -9999 -9999 15.69910 14.98940 15.18180 16.07970 15.86470 15.46020 15.35500 15.44960 15.84750 15.73840 15.73510 15.54280 15.74920 15.74720 15.94660 15.73380 16.03490 16.73940 16.73830 16.65230 16.64970 16.74930 16.75500 16.95810 17.16080 17.64830 17.44970 17.64260 17.74110 17.45310 17.35340 17.36170 17.35110 17.25700 17.25490 17.25570 17.24610 17.34170 17.45750 17.47750 17.39410 17.30650 16.91410 17.01080 17.02520 17.02780 16.83710 16.34620 15.86570 15.27200 15.18750 14.19720 13.90860 12.81420 12.41380 13.21360 13.10650 12.80900 12.00550 11.91260 10.71900 8.90286
-9999 -9999 -9999 -9999 -9999 -9999 -9999 -9999 -9999 -9999 16.59710 16.20360 15.59170 16.38160 16.17780 15.66680 15.76140 15.76040 15.75370 15.74310 15.85850 15.65250 15.66290 15.85220 15.94860 16.45060 16.84990 17.03780 17.04790 16.95710 16.85730 16.96060 17.06720 17.16750 17.06880 17.37850 17.46710 17.47650 17.48610 17.27990 17.27970 17.18190 17.08020 16.97430 16.97460 16.97270 17.06680 17.16310 17.35630 17.36190 17.67530 17.59260 17.70270 17.60710 17.91680 17.93060 17.63880 17.55210 17.56010 16.77050 16.78150 16.69240 16.50680 16.30650 16.21550 16.01400 15.51400 15.01490 14.51510 12.20500 11.40600 10.41330
-9999 -9999 -9999 -9999 -9999 -9999 -9999 -9999 -9999 -9999 -9999 -9999 16.49380 15.79670 15.78660 16.08510 16.68110 17.17240 16.56710 16.76740 16.66280 16.46840 16.56330 16.66460 16.96310 17.27040 17.26120 17.16100 17.05410 17.26010 17.27040 17.06730 17.16690 16.97310 17.17850 17.18690 17.38090 17.09270 17.19480 16.99340 16.99690 16.99820 16.89650 16.99320 16.99680 16.88840 16.89060 17.08270 17.08280 17.27890 17.46980 17.38300 17.39080 17.50360 18.11550 18.12210 18.03320 17.35240 17.06240 16.96710 16.78300 16.69610 16.50700 16.51490 16.51050 16.21720 16.01740 15.71460 15.11620 13.70450 11.20920 9.51299
-9999 -9999 -9999 -9999 -9999 -9999 -9999 -9999 -9999 -9999 -9999 -9999 16.90960 16.49720 16.39450 16.58620 16.88480 17.28290 16.67690 16.67370 16.87090 16.37370 16.66850 17.06770 16.77150 17.26780 17.37150 17.36860 17.26570 17.36970 17.37570 17.27120 17.27900 17.19030 16.89230 17.10140 17.00060 16.60530 16.80530 16.91030 17.10630 17.21020 17.31380 17.21050 17.01270 17.00970 17.00620 16.99860 17.19660 16.99290 17.19380 17.48350 17.58980 17.69830 18.11370 18.12450 18.03550 17.44230 17.25680 17.06800 16.98560 16.89670 16.80030 16.60600 16.61730 16.31220 16.01350 15.51260 14.40690 12.51680 11.50580 11.20310
-9999 -9999 -9999 -9999 -9999 -9999 -9999 -9999 -9999 -9999 -9999 16.83020 16.51560 17.11200 17.30380 16.29770 16.09610 16.39470 16.18600 16.27910 17.38500 16.28370 16.77700 16.68660 16.58110 16.87860 16.88060 16.97420 17.37830 17.48700 17.59040 17.40070 17.49500 17.49510 17.40840 17.90990 17.42120 17.11320 16.81520 16.31840 16.41890 16.31860 16.32810 16.52950 16.72840 17.02360 17.11930 17.31760 17.30920 17.31270 17.50680 17.49950 17.59370 17.90090 18.40820 18.11360 17.83570 17.44390 17.36060 17.26680 17.17300 17.09350 16.90560 16.80480 16.51300 16.32170 15.62220 14.61030 13.12170 11.10360 9.40233 8.49828
-9999 -9999 -9999 -9999 -9999 -9999 -9999 -9999 -9999 -9999 -9999 16.83140 17.02700 17.02440 17.30970 16.51190 16.40750 16.40110 16.58580 16.58320 16.79080 16.67920 16.78910 17.18290 17.28770 17.27950 17.07480 16.97790 17.28470 17.18780 17.10050 17.20460 17.21380 17.31690 17.22240 17.62070 17.82680 17.12870 16.53030 16.62270 16.72910 16.53580 16.33590 16.23270 16.33410 16.63740 16.83010 17.22510 17.62600 17.82260 17.92040 18.09750 18.08080 17.99730 17.80860 17.72390 17.53680 17.44380 17.36180 17.37030 17.17830 17.09190 16.89610 16.90510 16.71120 16.42010 15.32080 14.51860 12.40560 10.40590 10.00120 10.00840
