data/hydroclimate-scenarios/1948-2000.Pcorr55N_Pref_Tref/monthly_summaries/tavg_monthly_avg_jun.1950-2000.asc
ncols	311
nrows	91
xllcenter	102.75
yllcenter	31.75
cellsize	0.5
NODATA_value	-9999
[rows 0 to 31 of 91, columns 216 to 287 of 311]
-9999 -9999 -9999 -9999 -9999 -9999 -9999 -9999 -9999 -9999 -9999 -9999 -9999 -9999 -9999 -9999 -9999 -9999 -9999 -9999 -9999 -9999 -9999 -9999 -9999 -9999 -9999 -9999 -9999 -9999 -9999 -9999 -9999 -9999 -9999 -9999 -9999 -9999 -9999 -9999 -9999 -9999 -9999 -9999 -9999 -9999 -9999 -9999 -9999 -9999 -9999 -9999 -9999 -9999 -9999 -9999 -9999 -9999 -9999 -9999 -9999 -9999 -9999 -9999 -9999 -9999 -9999 -9999 -9999 -9999 -9999 -9999
-9999 -9999 -9999 -9999 -9999 -9999 -9999 -9999 -9999 -9999 -9999 -9999 -9999 -9999 -9999 -9999 -9999 -9999 -9999 -9999 -9999 -9999 -9999 -9999 -9999 -9999 -9999 -9999 -9999 -9999 -9999 -9999 -9999 -9999 -9999 -9999 -9999 -9999 -9999 -9999 -9999 -9999 -9999 -9999 -9999 -9999 -9999 -9999 -9999 -9999 -9999 -9999 -9999 -9999 -9999 -9999 -9999 -9999 -9999 -9999 -9999 -9999 -9999 -9999 -9999 -9999 -9999 -9999 -9999 -9999 -9999 -9999
-9999 -9999 -9999 -9999 -9999 -9999 -9999 -9999 -9999 -9999 -9999 -9999 -9999 -9999 -9999 -9999 -9999 -9999 -9999 -9999 -9999 -9999 -9999 -9999 -9999 -9999 -9999 -9999 -9999 -9999 -9999 -9999 -9999 -9999 -9999 -9999 -9999 -9999 -9999 -9999 -9999 -9999 -9999 -9999 -9999 -9999 -9999 -9999 -9999 -9999 -9999 -9999 -9999 -9999 -9999 -9999 -9999 -9999 -9999 -9999 -9999 -9999 -9999 -9999 -9999 -9999 -9999 -9999 -9999 -9999 -9999 -9999
-9999 -9999 -9999 -9999 -9999 -9999 -9999 -9999 -9999 -9999 -9999 -9999 -9999 -9999 -9999 -9999 -9999 -9999 -9999 -9999 -9999 -9999 -9999 -9999 -9999 -9999 -9999 -9999 -9999 -9999 -9999 -9999 -9999 -9999 -9999 -9999 -9999 -9999 -9999 -9999 -9999 -9999 -9999 -9999 -9999 -9999 -9999 -9999 -9999 -9999 -9999 -9999 -9999 -9999 -9999 -9999 -9999 -9999 -9999 -9999 -9999 -9999 -9999 -9999 -9999 -9999 -9999 -9999 -9999 -9999 -9999 -9999
-9999 -9999 -9999 -9999 -9999 -9999 -9999 -9999 -9999 -9999 -9999 -9999 -9999 -9999 -9999 -9999 -9999 -9999 -9999 -9999 -9999 -9999 -9999 -9999 -9999 -9999 -9999 -9999 -9999 -9999 -9999 -9999 -9999 -9999 -9999 -9999 -9999 -9999 -9999 -9999 -9999 -9999 -9999 -9999 -9999 -9999 -9999 -9999 -9999 -9999 -9999 -9999 -9999 -9999 -9999 -9999 -9999 -9999 -9999 -9999 -9999 -9999 -9999 -9999 -9999 -9999 -9999 -9999 -9999 -9999 -9999 -9999
-9999 -9999 -9999 -9999 -9999 -9999 -9999 -9999 -9999 -9999 -9999 -9999 -9999 -9999 -9999 -9999 -9999 -9999 -9999 -9999 -9999 -9999 -9999 -9999 -9999 -9999 -9999 -9999 -9999 -9999 -9999 -9999 -9999 -9999 -9999 -9999 -9999 -9999 -9999 -9999 -9999 -9999 -9999 -9999 -9999 -9999 -9999 -9999 -9999 -9999 -9999 -9999 -9999 -9999 -9999 -9999 -9999 -9999 -9999 -9999 -9999 -9999 -9999 -9999 -9999 -9999 -9999 -9999 -9999 -9999 -9999 -9999
-9999 -9999 -9999 -9999 -9999 -9999 -9999 -9999 -9999 -9999 -9999 -9999 -9999 -9999 -9999 -9999 -9999 -9999 -9999 -9999 -9999 -9999 -9999 -9999 -9999 -9999 -9999 -9999 -9999 -9999 -9999 -9999 -9999 -9999 -9999 -9999 -9999 -9999 -9999 -9999 -9999 -9999 -9999 -9999 -9999 -9999 -9999 -9999 -9999 -9999 -9999 -9999 -9999 -9999 -9999 -9999 -9999 -9999 -9999 -9999 -9999 -9999 -9999 -9999 -9999 -9999 -9999 -9999 -9999 -9999 -9999 -9999
-9999 -9999 -9999 -9999 -9999 -9999 -9999 -9999 -9999 -9999 -9999 -9999 -9999 -9999 -9999 -9999 -9999 -9999 -9999 -9999 -9999 -9999 -9999 -9999 -9999 -9999 -9999 -9999 -9999 -9999 -9999 -9999 -9999 -9999 -9999 -9999 -9999 -9999 -9999 -9999 -9999 -9999 -9999 -9999 -9999 -9999 -9999 -9999 -9999 -9999 -9999 -9999 -9999 -9999 -9999 -9999 -9999 -9999 -9999 -9999 -9999 -9999 -9999 -9999 -9999 -9999 -9999 -9999 -9999 -9999 -9999 -9999
-9999 -9999 -9999 -9999 -9999 -9999 -9999 -9999 -9999 -9999 -9999 -9999 -9999 -9999 -9999 -9999 -9999 -9999 -9999 -9999 -9999 -9999 -9999 -9999 -9999 -9999 -9999 -9999 -9999 -9999 -9999 -9999 -9999 -9999 -9999 -9999 -9999 -9999 -9999 -9999 -9999 -9999 -9999 -9999 -9999 -9999 -9999 -9999 -9999 -9999 -9999 -9999 -9999 -9999 -9999 -9999 -9999 -9999 -9999 -9999 -9999 -9999 -9999 -9999 -9999 -9999 -9999 -9999 -9999 -9999 -9999 -9999
-9999 -9999 -9999 -9999 -9999 -9999 -9999 -9999 -9999 -9999 -9999 -9999 -9999 -9999 -9999 -9999 -9999 -9999 -9999 -9999 -9999 -9999 -9999 -9999 -9999 -9999 -9999 -9999 -9999 -9999 -9999 -9999 -9999 -9999 -9999 -9999 -9999 -9999 -9999 -9999 -9999 -9999 -9999 -9999 -9999 -9999 -9999 -9999 -9999 -9999 -9999 -9999 -9999 -9999 -9999 -9999 -9999 -9999 -9999 -9999 -9999 -9999 -9999 -9999 -9999 -9999 -9999 -9999 -9999 -9999 -9999 -9999
-9999 -9999 -9999 -9999 -9999 -9999 -9999 -9999 -9999 -9999 -9999 -9999 -9999 -9999 -9999 -9999 -9999 -9999 -9999 -9999 -9999 -9999 -9999 -9999 -9999 -9999 -9999 -9999 -9999 -9999 -9999 -9999 -9999 -9999 -9999 -9999 -9999 -9999 -9999 -9999 -9999 -9999 -9999 -9999 -9999 -9999 -9999 -9999 -9999 -9999 -9999 -9999 -9999 -9999 -9999 -9999 -9999 -9999 -9999 -9999 -9999 -9999 -9999 -9999 -9999 -9999 -9999 -9999 -9999 -9999 -9999 -9999
-9999 -9999 -9999 -9999 -9999 -9999 -9999 -9999 -9999 -9999 -9999 -9999 -9999 -9999 -9999 -9999 -9999 -9999 -9999 -9999 -9999 -9999 -9999 -9999 -9999 -9999 -9999 -9999 -9999 -9999 -9999 -9999 -9999 -9999 -9999 -9999 -9999 -9999 -9999 -9999 -9999 -9999 -9999 -9999 -9999 -9999 -9999 -9999 -9999 -9999 -9999 -9999 -9999 -9999 -9999 -9999 -9999 -9999 -9999 -9999 -9999 -9999 -9999 -9999 -9999 -9999 -9999 -9999 -9999 -9999 -9999 -9999
-9999 -9999 -9999 -9999 -9999 -9999 -9999 -9999 -9999 -9999 -9999 -9999 -9999 -9999 -9999 -9999 -9999 -9999 -9999 -9999 -9999 -9999 -9999 -9999 -9999 -9999 -9999 -9999 -9999 -9999 -9999 -9999 -9999 -9999 -9999 -9999 -9999 -9999 -9999 -9999 -9999 -9999 -9999 -9999 -9999 -9999 -9999 -9999 -9999 -9999 -9999 -9999 -9999 -9999 -9999 -9999 -9999 -9999 -9999 -9999 -9999 -9999 -9999 -9999 -9999 -9999 -9999 -9999 -9999 -9999 -9999 -9999
4.30364 3.99064 3.88664 -9999 -9999 -9999 -9999 -9999 -9999 -9999 -9999 -9999 -9999 -9999 -9999 -9999 -9999 -9999 -9999 -9999 -9999 -9999 -9999 -9999 -9999 -9999 -9999 -9999 -9999 -9999 -9999 -9999 -9999 -9999 -9999 -9999 -9999 -9999 -9999 -9999 -9999 -9999 -9999 -9999 4.20708 -9999 -9999 -9999 -9999 -9999 -9999 -9999 -9999 -9999 -9999 -9999 -9999 -9999 -9999 -9999 -9999 -9999 -9999 -9999 -9999 -9999 -9999 -9999 -9999 -9999 -9999 -9999
6.22648 5.99767 6.05680 5.67774 5.69714 6.10394 6.16473 6.00720 5.58290 5.45557 4.40686 3.92052 3.88694 3.88189 3.80347 10.11000 -9999 -9999 -9999 -9999 -9999 -9999 -9999 -9999 -9999 -9999 -9999 -9999 -9999 -9999 -9999 -9999 -9999 -9999 -9999 -9999 -9999 -9999 -9999 3.00403 3.79818 3.09113 1.80047 1.38391 2.17585 4.68022 -9999 -9999 -9999 3.19262 -9999 -9999 -9999 3.43470 3.24951 3.05558 -9999 -9999 -9999 -9999 -9999 -9999 -9999 -9999 -9999 -9999 -9999 -9999 -9999 -9999 -9999 -9999
8.46073 8.45159 8.42604 8.71481 8.67362 8.43695 8.13504 8.00866 6.29187 6.50816 5.53802 4.78047 6.39462 6.97454 7.06149 6.15168 5.34033 4.87537 3.63159 4.18354 5.22213 5.33420 -9999 -9999 -9999 -9999 -9999 7.70743 7.90730 7.89163 7.79356 7.37834 6.77394 6.47472 6.67577 6.87222 6.87531 6.87824 6.77965 2.67090 2.87527 2.07056 2.46564 1.35943 1.57415 5.06319 4.56630 4.56853 3.97743 3.68317 3.69107 3.69841 3.40096 3.22065 2.33894 1.15052 1.25248 2.16515 2.77378 2.67218 3.28437 -9999 -9999 -9999 -9999 -9999 -9999 -9999 -9999 -9999 -9999 -9999
8.48653 8.54663 8.56144 8.00931 6.66973 6.50566 6.78528 6.42465 6.32792 6.39205 5.36867 6.72840 6.71183 8.10063 8.82858 7.44677 7.28697 5.97454 4.45284 5.23440 4.33775 4.10680 4.81148 6.11298 6.82095 7.61814 8.09876 8.49466 8.88471 8.78590 8.66856 8.46859 8.15264 7.65575 7.36091 7.26251 7.36107 7.25954 7.15655 6.94581 6.64533 6.64023 6.64385 5.84450 5.54666 5.44836 5.15034 4.85971 4.46215 4.17273 4.08422 3.97859 4.09963 4.01178 3.92144 3.92338 3.84716 3.75025 3.65810 3.07113 2.27506 2.38115 2.58686 3.08958 2.98945 2.99718 3.09888 3.10749 3.01305 -9999 -9999 -9999
5.82946 5.95591 5.20112 6.64697 7.41898 7.73944 9.02025 10.25150 10.52110 9.08227 9.29595 10.43140 11.06780 10.69580 11.68710 11.29070 9.96895 8.28128 7.07590 7.55309 7.16894 5.21996 5.11577 5.01511 5.22723 5.72138 6.31686 7.78945 9.58898 9.87267 10.06230 10.14630 9.64497 8.94301 8.34575 8.24302 8.13095 8.03679 8.02813 8.13485 8.33146 8.24327 8.13501 7.13221 6.72333 6.63696 6.33962 5.94146 5.64745 5.36971 5.18154 5.07575 4.98589 4.90136 4.80597 4.71470 4.62314 4.53635 4.44426 3.35462 3.06511 3.46936 3.48656 3.59456 3.28916 3.19785 3.10763 3.21348 3.60855 -9999 3.61570 -9999
8.22430 7.53747 8.80547 9.96315 9.87554 10.68110 12.14080 11.50530 11.47810 11.70890 11.98270 11.76750 12.13080 13.25920 13.63600 11.96030 10.17270 9.43129 8.15742 8.46355 8.41535 6.91306 6.22307 6.42218 4.93332 4.92580 5.11428 7.80084 10.28780 10.67290 10.77570 10.85310 10.74020 9.93667 9.42431 9.52665 9.12621 9.22641 9.02938 9.51645 9.52294 9.42274 9.31608 8.51744 8.11831 7.82649 7.53412 7.23097 6.74753 6.34891 6.15318 6.06119 5.97938 5.88569 5.59055 5.58870 5.60409 5.51683 5.23298 4.13665 4.24103 4.46154 4.17070 4.18074 4.18875 3.89679 3.90244 4.00075 4.20685 4.41757 -9999 -9999
10.56670 10.34890 10.79910 12.05210 12.37140 13.74980 14.09930 14.27360 14.46910 13.95860 13.78070 13.63360 13.60980 14.21340 14.01010 14.14170 12.48140 10.40340 9.17765 8.12445 7.97902 6.31814 6.92676 8.22791 8.53050 8.32568 6.12466 8.81183 10.20320 11.39330 11.58120 11.56800 11.44950 11.14810 11.03540 10.62430 10.21680 10.31330 10.51410 10.11080 10.20750 10.61160 10.60930 9.91549 9.41872 9.01547 8.72165 8.41809 7.83039 7.64187 7.23945 7.15075 7.05067 6.85946 6.57997 6.48373 6.49122 6.29759 6.21713 5.81795 5.73553 5.34235 5.35383 5.36287 5.27339 4.99296 4.89016 4.69696 4.59608 4.49691 4.59433 -9999
12.97730 14.38250 15.31700 15.53080 15.72760 16.38390 16.48330 16.19760 15.94180 15.71520 15.01800 14.68890 14.35750 14.21100 14.23430 13.92970 12.01750 9.89566 8.28828 8.28544 7.66625 6.74158 7.85363 8.84778 9.25334 9.04914 7.95431 8.04384 10.73070 11.71750 12.10200 12.18950 11.98630 11.88670 11.86430 11.76010 11.54150 11.43370 11.63260 11.72320 11.72260 11.92550 12.01730 11.51540 10.91190 10.51750 9.81541 9.12593 8.93300 8.63074 8.33492 8.03304 8.14691 7.96781 7.77431 8.07992 8.08945 7.99639 7.80854 7.52364 7.12366 6.84214 6.65934 6.36777 5.27426 5.17759 5.08355 4.88790 4.68640 4.38435 4.08302 3.88886
15.21160 15.80080 16.01490 16.09690 16.13080 16.13430 16.03030 15.95540 16.03400 15.93300 15.37520 14.95380 14.90220 15.04640 15.03570 14.56790 12.83050 9.68723 7.86834 6.97890 7.38130 7.36859 8.86156 9.55502 9.66874 9.45661 9.05916 7.95743 9.84077 11.02210 12.21600 12.59640 12.68960 12.50130 12.58930 12.57880 12.56380 12.55130 12.64330 12.93130 13.32120 13.60410 13.30840 12.70420 12.10630 11.80880 11.10140 10.41330 10.21810 10.12120 10.02880 9.52080 9.93799 9.64972 9.25627 8.86187 9.07626 9.08410 8.58858 8.40509 8.01282 7.72244 7.83991 7.36060 6.26360 6.17205 6.06464 5.86918 5.65538 5.55218 5.14518 4.94500
13.93960 13.94510 14.01460 13.63050 12.96160 12.99230 13.37950 13.66280 14.25710 14.68510 15.19090 14.89380 14.81580 14.27070 14.66850 13.62940 12.49970 9.79935 8.36434 7.63115 7.79688 6.87844 8.66861 8.85199 9.05776 9.85127 10.35710 10.34760 11.23560 11.52940 11.10830 11.10020 11.49880 11.10220 10.49530 11.38330 11.66910 11.55220 12.54150 13.43180 13.73170 13.90490 13.89070 13.48900 12.38540 12.08660 11.37680 11.08620 10.79020 10.79440 10.59500 10.30450 10.01190 9.72341 9.83538 9.94748 9.85775 9.47013 9.37989 9.08821 8.80183 8.61581 8.53232 7.54060 7.24040 7.13815 7.04828 6.93627 6.72965 6.52444 6.12045 5.80568
14.00820 14.53680 14.21920 13.84840 13.69610 12.92210 12.41430 12.10550 11.73460 11.25830 12.20480 13.08270 14.28270 14.68200 14.78620 13.62640 12.33710 10.37410 8.46671 8.62451 8.84231 7.60601 7.78694 8.07630 8.26556 8.36182 8.76302 9.45032 10.53980 10.23210 9.62151 8.81320 8.31438 7.51696 7.80249 8.79827 9.08876 8.16632 8.56185 10.35230 10.94010 11.72560 11.81780 13.49620 13.88700 13.67900 12.47400 12.37910 12.47920 11.67780 11.38430 11.29200 10.79790 11.00880 11.12480 10.73300 9.44698 9.36266 9.86795 9.48876 8.79806 8.80943 8.72031 8.31766 8.23047 8.22855 8.01919 8.01405 7.70860 7.49462 7.19026 6.78193
14.81950 14.59940 14.69790 14.93060 14.54210 13.88720 13.48160 12.95790 12.39330 11.01160 10.36710 9.80866 10.45770 10.32080 12.21720 12.01800 12.38890 11.71260 8.75975 8.14108 7.57759 7.21285 7.40125 6.68779 7.48445 7.35913 7.26211 6.65447 6.64928 6.84289 6.63898 6.11007 6.31867 6.22212 5.62230 6.10655 6.68326 5.88449 5.97380 7.06168 6.85663 6.93496 7.12416 8.01406 9.59449 12.19330 13.27660 12.76510 12.86530 12.86920 11.75980 11.47910 11.67390 11.49250 11.21110 11.32400 11.13980 10.44180 9.56116 9.07016 8.88188 9.58754 10.19040 10.09970 9.79572 9.78602 9.57587 9.06876 8.77387 8.47120 8.05335 7.55238
14.32710 13.41430 13.29950 13.12030 13.44210 13.69220 13.93890 13.80930 13.52500 13.18230 12.18640 10.60470 11.64180 12.28620 12.22280 12.35660 11.63520 10.77640 10.79450 9.40511 10.00480 8.43056 7.92001 7.51138 7.49138 7.68561 8.37184 8.46500 8.85307 7.95169 8.32858 7.23175 7.13104 7.64027 6.73680 7.02490 7.10796 6.49942 6.09500 7.47467 7.36814 7.56756 7.25128 7.83093 9.22068 10.72190 11.92720 12.40400 12.86220 13.35580 11.87380 10.86790 11.77100 11.98500 11.60560 11.81330 11.52100 10.94240 10.34190 10.15820 10.16650 10.07060 9.97124 10.57390 10.76010 10.86130 10.65700 10.15710 9.75100 9.23655 8.83071 8.41755
9.48658 10.11650 7.95528 6.86715 6.68081 7.66909 9.95639 11.64490 10.38920 12.46330 13.51820 13.84060 13.66510 13.40890 12.82610 12.82380 11.42470 10.69190 10.09750 10.42830 10.81470 10.45980 10.64370 11.02290 10.41380 10.30630 11.09770 11.47310 10.57260 10.45980 10.55350 10.95380 10.74410 8.75440 8.75095 8.13433 7.82384 7.92101 8.01372 7.41063 7.39889 7.17321 8.07752 8.37725 7.76885 8.88906 10.47860 11.14690 12.12210 12.79590 13.06850 13.07110 11.96850 12.08500 12.09140 11.90930 11.72640 11.83250 11.13100 10.94370 10.55600 10.56290 11.05830 11.14170 11.33790 11.64210 11.93150 11.52450 10.82120 10.31120 9.79917 9.39894
8.06017 8.50235 9.21170 9.89669 9.33961 8.44244 8.42013 9.42735 7.05006 7.28603 8.15898 9.93899 12.28780 12.84220 12.66850 13.21080 11.97670 10.78640 10.57610 10.48990 11.35880 10.47580 10.97000 10.94360 11.32900 11.22150 11.31020 10.69380 10.28680 10.17580 11.06730 9.45588 9.26765 9.57180 9.57480 8.55695 8.05980 8.44712 7.93799 7.43143 8.03093 7.71996 7.22002 6.42085 6.93166 8.74199 9.91335 10.19110 10.66060 11.52500 12.30580 13.66590 12.46780 12.27560 12.28100 12.49690 12.31100 12.12380 11.82780 11.93450 11.84190 11.73640 11.74000 11.72370 12.01030 12.41610 12.70320 12.49650 11.79880 11.38830 10.77610 10.06420
9.72315 9.55353 9.39708 9.44175 10.61490 10.59410 10.47990 10.55150 10.53170 10.71910 10.52930 11.19350 10.11860 12.05980 14.53140 13.44030 12.77440 11.82100 10.49790 10.09290 10.46340 9.20110 9.00058 10.87520 11.34500 11.12780 11.71950 12.30320 11.88900 11.27880 9.90033 9.29607 9.79002 9.99644 9.09729 8.99414 9.57931 8.47001 8.26972 7.37211 7.55667 7.15438 6.86524 6.27621 5.59074 6.68612 6.36317 7.82518 8.20547 10.76450 12.33640 13.20950 14.07410 13.06570 12.87910 13.28490 13.19270 13.10400 12.91130 12.71940 12.51710 12.30970 12.10490 12.29950 12.29630 12.59290 12.97190 12.98080 12.87050 12.56160 11.64610 11.03750
8.41094 6.80409 7.11104 8.15001 9.67693 10.41800 10.73030 11.34340 12.46270 11.97580 7.69000 6.07366 6.53664 7.23303 9.26702 9.25279 9.09587 10.77770 11.28540 11.68030 10.95120 10.35100 9.95442 9.73174 9.17810 10.25710 11.63670 11.83790 11.30550 11.37670 9.69080 9.40312 9.01261 10.31640 9.63001 9.82203 10.21040 9.80796 9.10418 8.59835 6.49612 7.50817 6.61657 7.02572 6.93837 6.22784 6.29978 7.06511 8.14035 9.80562 11.07870 12.43640 14.38850 13.85800 13.56130 13.86860 13.48140 12.59320 11.48180 11.09260 10.99430 11.17710 11.97460 12.76900 12.87020 12.85870 12.86240 12.94680 12.84360 11.92540 11.72010 12.00710
10.09360 8.82175 8.67299 8.84857 8.62740 9.15144 10.11160 10.56650 11.43960 11.95060 10.05090 3.58309 1.65523 3.35840 5.30091 5.73182 6.61783 6.83391 7.89471 9.43810 9.16711 8.46913 8.20405 9.30417 10.23220 9.30106 10.18080 10.37970 10.92970 11.80200 10.53400 9.71392 8.99710 8.78745 9.29017 9.86981 10.27000 9.26574 8.74906 9.45229 7.95178 7.85565 8.05319 7.25960 7.36203 8.01511 9.58974 9.14938 9.11769 8.87567 10.04150 10.20310 12.26100 13.41960 13.11000 13.99070 14.20330 14.13140 13.63800 12.92110 12.92970 13.03380 13.24040 13.14440 13.03570 13.03520 13.02610 12.82410 12.81650 12.51020 12.39320 12.18950
6.88667 6.96081 6.68277 -9999 5.42559 6.75867 6.48842 5.58093 8.16432 9.76243 10.55930 10.91520 10.98560 11.80850 8.36909 2.40877 0.24448 -0.04249 -0.68436 5.60754 7.74309 8.13988 7.88560 8.27686 8.33718 8.98847 9.28662 9.92512 11.19060 10.30330 10.18260 9.33706 9.31765 9.54218 8.44813 7.86708 8.23992 8.81321 7.61238 9.28619 10.07510 7.89222 7.99275 7.69706 8.08630 9.16296 9.51151 10.09980 9.75128 8.80485 9.75359 10.50450 12.45400 13.71820 13.79160 13.97380 13.97800 14.00590 14.00000 13.79890 13.70810 13.71100 13.40680 13.31650 13.41860 13.31050 13.00390 13.19870 13.18480 12.97580 12.87000 12.55300
