data/hydroclimate-scenarios/1948-2000.Pcorr55N_Pref_Tref/monthly_summaries/tavg_monthly_avg_sep.1950-2000.asc
ncols	311
nrows	91
xllcenter	102.75
yllcenter	31.75
cellsize	0.5
NODATA_value	-9999
[rows 0 to 31 of 91, columns 73 to 145 of 311]
-9999 -9999 -9999 -9999 -9999 -9999 -9999 -9999 -9999 -9999 -9999 -9999 -9999 -9999 -9999 -9999 -9999 -9999 -9999 -9999 -9999 -9999 -9999 -9999 -9999 -9999 -9999 -9999 -9999 -9999 -9999 -9999 -9999 -9999 -9999 -9999 -9999 -9999 -9999 -9999 -9999 -9999 -9999 -9999 -9999 -9999 -9999 -9999 -9999 -9999 -9999 -9999 -9999 -9999 -9999 -9999 -9999 -9999 -9999 -9999 -9999 -9999 -9999 -9999 -9999 -9999 -9999 -9999 -9999 -9999 -9999 -9999 -9999
-9999 -9999 -9999 -9999 -9999 -9999 -9999 -9999 -9999 -9999 -9999 -9999 -9999 -9999 -9999 -9999 -9999 -9999 -9999 -9999 -9999 -9999 -9999 -9999 -9999 -9999 -9999 -9999 -9999 -9999 -9999 -9999 -9999 -9999 -9999 -9999 -9999 -9999 -9999 -9999 -9999 -9999 -9999 -9999 -9999 -9999 -9999 -9999 -9999 -9999 -9999 -9999 -9999 -9999 -9999 -9999 -9999 -9999 -9999 -9999 -9999 -9999 -9999 -9999 -9999 -9999 -9999 -9999 -9999 -9999 -9999 -9999 -9999
-9999 -9999 -9999 -9999 -9999 -9999 -9999 -9999 -9999 -9999 -9999 -9999 -9999 -9999 -9999 -9999 -9999 -9999 -9999 -9999 -9999 -9999 -9999 -9999 -9999 -9999 -9999 -9999 -9999 -9999 -9999 -9999 -9999 -9999 -9999 -9999 -9999 -9999 -9999 -9999 -9999 -9999 -9999 -9999 -9999 -9999 -9999 -9999 -9999 -9999 -9999 -9999 -9999 -9999 -9999 -9999 -9999 -9999 -9999 -9999 -9999 -9999 -9999 -9999 -9999 -9999 -9999 -9999 -9999 -9999 -9999 -9999 -9999
-9999 -9999 -9999 -9999 -9999 -9999 -9999 -9999 -9999 -9999 -9999 -9999 -9999 -9999 -9999 -9999 -9999 -9999 -9999 -9999 -9999 -9999 -9999 -9999 -9999 -9999 -9999 -9999 -9999 -9999 -9999 -9999 -9999 -9999 -9999 -9999 -9999 -9999 -9999 -9999 -9999 -9999 -9999 -9999 -9999 -9999 -9999 -9999 -9999 -9999 -9999 -9999 -9999 -9999 -9999 -9999 -9999 -9999 -9999 -9999 -9999 -9999 -9999 -9999 -9999 -9999 -9999 -9999 -9999 -9999 -9999 -9999 -9999
-9999 -9999 -9999 -9999 -9999 -9999 -9999 -9999 -9999 -9999 -9999 -9999 -9999 -9999 -9999 -9999 -9999 -9999 -9999 -9999 -9999 -9999 -9999 -9999 -9999 -9999 -9999 -9999 -9999 -9999 -9999 -9999 -9999 -9999 -9999 -9999 -9999 -9999 -9999 -9999 -9999 -9999 -9999 -9999 -9999 -9999 -9999 -9999 -9999 -9999 -9999 -9999 -9999 -9999 -9999 -9999 -9999 -9999 -9999 -9999 -9999 -9999 -9999 -9999 -9999 -9999 -9999 -9999 -9999 -9999 -9999 -9999 -9999
-9999 -9999 -9999 -9999 -9999 -9999 -9999 -9999 -9999 -9999 -9999 -9999 -9999 -9999 -9999 -9999 -9999 -9999 -9999 -9999 -9999 -9999 -9999 -9999 -9999 -9999 -9999 -9999 -9999 -9999 -9999 -9999 -9999 -9999 -9999 -9999 -9999 -9999 -9999 -9999 -9999 -9999 -9999 -9999 -9999 -9999 -9999 -9999 -9999 -9999 -9999 -9999 -9999 -9999 -9999 -9999 -9999 -9999 -9999 -9999 -9999 -9999 -9999 -9999 -9999 -9999 -9999 -9999 -9999 -9999 -9999 -9999 -9999
-9999 -9999 -9999 -9999 -9999 -9999 -9999 -9999 -9999 -9999 -9999 -9999 -9999 -9999 -9999 -9999 -9999 -9999 -9999 -9999 -9999 -9999 -9999 -9999 -9999 -9999 -9999 -9999 -9999 -9999 -9999 -9999 -9999 -9999 -9999 -9999 -9999 -9999 -9999 -9999 -9999 -9999 -9999 -9999 -9999 -9999 -9999 -9999 -9999 -9999 -9999 -9999 -9999 -9999 -9999 -9999 -9999 -9999 -9999 -9999 -9999 -9999 -9999 -9999 -9999 -9999 -9999 -9999 -9999 -9999 -9999 -9999 -9999
-9999 -9999 -9999 -9999 -9999 -9999 -9999 -9999 -9999 -9999 -9999 -9999 -9999 -9999 -9999 -9999 -9999 -9999 -9999 -9999 -9999 -9999 -9999 -9999 -9999 -9999 -9999 -9999 -9999 -9999 -9999 -9999 -9999 -9999 -9999 -9999 -9999 -9999 -9999 -9999 -9999 -9999 -9999 -9999 -9999 -9999 -9999 -9999 -9999 -9999 -9999 -9999 -9999 -9999 -9999 -9999 -9999 -9999 -9999 -9999 -9999 -9999 -9999 -9999 -9999 -9999 -9999 -9999 -9999 -9999 -9999 -9999 -9999
-9999 -9999 -9999 -9999 0.23242 -9999 -9999 -9999 -9999 -9999 -9999 -9999 -9999 -9999 -9999 -9999 -9999 -9999 -9999 -9999 -9999 -9999 -9999 -9999 -9999 -9999 -9999 -9999 -9999 -9999 -9999 -9999 -9999 -9999 -9999 -9999 -9999 -9999 -9999 -9999 -9999 -9999 -9999 -9999 -9999 -9999 -9999 -9999 -9999 -9999 -9999 -9999 -9999 -9999 -9999 -9999 -9999 -9999 -9999 -9999 -9999 -9999 -9999 -9999 -9999 -9999 -9999 -9999 -9999 -9999 -9999 -9999 -9999
0.28042 0.78189 0.59020 0.29081 0.41440 0.43465 0.44330 0.45079 0.35121 0.32874 0.40911 0.38974 0.36143 0.35286 0.24589 0.23324 0.23227 0.22603 0.21789 0.21849 -9999 -9999 -9999 -9999 -9999 -9999 -9999 -9999 -9999 -9999 -9999 -9999 -9999 -9999 -9999 -9999 -9999 -9999 -9999 -9999 -9999 -9999 -9999 -9999 -9999 -9999 -9999 -9999 -9999 -9999 -9999 -9999 -9999 -9999 -9999 -9999 -9999 -9999 -9999 -9999 -9999 -9999 -9999 -9999 -9999 -9999 -9999 -9999 -9999 -9999 -9999 -9999 -9999
-9999 -9999 0.67022 0.58462 0.69884 0.70275 0.70986 0.71993 0.62433 0.60918 0.61150 0.48851 0.46700 0.54459 0.53076 0.41963 0.31319 0.31143 0.21836 0.21778 -9999 -9999 -9999 -9999 -9999 -9999 -9999 -9999 -9999 -9999 -9999 -9999 -9999 -9999 -9999 -9999 -9999 -9999 -9999 -9999 -9999 -9999 -9999 -9999 -9999 -9999 -9999 -9999 -9999 -9999 -9999 -9999 -9999 -9999 -9999 -9999 -9999 -9999 -9999 -9999 -9999 -9999 -9999 -9999 -9999 -9999 -9999 -9999 -9999 -9999 -9999 -9999 -9999
1.13633 1.13870 0.95321 0.86164 0.87571 0.88406 0.88962 0.89771 0.80013 0.79787 0.87844 0.77988 0.76043 0.74892 0.62814 0.61044 0.61487 0.61475 0.51697 0.50995 0.51258 0.51791 0.52280 0.62834 0.62665 0.72255 -9999 -9999 -9999 -9999 -9999 -9999 -9999 -9999 -9999 -9999 -9999 -9999 -9999 -9999 -9999 -9999 -9999 -9999 -9999 -9999 -9999 -9999 -9999 -9999 -9999 -9999 -9999 -9999 -9999 -9999 -9999 -9999 -9999 -9999 -9999 -9999 -9999 -9999 -9999 -9999 -9999 -9999 -9999 -9999 -9999 -9999 -9999
1.32110 1.13440 1.23556 1.15321 1.25700 1.16757 1.16857 1.18112 1.17600 1.07473 1.16316 1.05406 1.05812 1.04050 0.92580 0.90583 0.90182 0.79910 0.81496 0.61571 0.51909 0.61931 0.72589 0.82127 0.82291 0.73200 0.83815 0.83361 0.85513 0.85538 0.84977 0.86158 0.76064 0.67133 0.67275 0.68121 0.57466 0.58125 0.58638 0.78558 0.78733 -9999 -9999 -9999 -9999 -9999 -9999 -9999 -9999 -9999 -9999 -9999 -9999 -9999 -9999 -9999 -9999 -9999 -9999 -9999 -9999 -9999 -9999 -9999 -9999 -9999 -9999 -9999 -9999 -9999 -9999 -9999 -9999
1.20694 1.01167 0.92566 1.13139 1.33561 1.44002 1.45038 1.36532 1.45813 1.44812 1.45543 1.34067 1.32871 1.31722 1.31172 1.20007 1.19452 1.09843 0.80552 0.20670 0.31001 0.41140 0.61967 0.92502 1.02565 1.02421 0.82996 0.64361 1.05135 1.05667 1.05377 1.06043 0.96546 0.96164 0.97498 0.96984 0.97105 0.98142 0.88281 0.89213 0.98921 1.10349 -9999 -9999 -9999 -9999 -9999 -9999 -9999 -9999 -9999 -9999 -9999 -9999 -9999 -9999 -9999 -9999 -9999 -9999 -9999 -9999 -9999 -9999 -9999 -9999 -9999 -9999 -9999 -9999 -9999 -9999 -9999
-0.30701 -1.40716 -0.39010 -0.08677 -0.08554 0.22578 0.23900 0.84778 0.54756 0.83681 1.22494 1.31336 1.40665 1.39789 1.39177 1.38581 1.29500 1.09363 0.80317 0.70554 0.61146 0.60978 0.80624 0.31112 0.80024 1.21553 1.13051 0.72886 0.94036 1.04161 1.15740 1.06061 1.16408 1.16014 1.16363 1.07570 1.07725 0.98515 0.98143 0.97635 0.98568 1.18847 -9999 -9999 -9999 -9999 -9999 -9999 -9999 -9999 -9999 -9999 -9999 -9999 -9999 -9999 -9999 0.98184 0.96848 -9999 -9999 -9999 -9999 0.05725 -0.94377 -1.73568 -1.23444 -0.12968 0.17370 0.36935 0.17061 -0.03391 -0.02268
-0.32176 -1.02100 0.08858 0.89381 0.80050 0.20945 0.21944 0.22121 1.21415 1.40868 1.40364 1.20046 1.18982 1.58040 1.47578 1.67773 1.60008 1.60844 1.30512 0.99600 0.89444 1.39769 1.49222 1.49188 1.49399 1.49789 1.40984 1.42154 1.42487 1.42887 1.43630 1.43722 1.44517 1.44084 1.44853 1.35418 1.25236 1.25756 1.25676 1.27108 1.26325 1.26516 1.57723 1.57229 1.57088 1.38077 0.08745 -0.31397 -0.01113 -0.32205 -0.43115 -0.04015 -0.24437 -0.26249 0.93924 1.01759 1.11758 1.00695 1.09676 -9999 -9999 -9999 -9999 -9999 0.36163 -0.23997 -0.64016 -0.82588 -0.73292 -0.43298 -0.93217 -0.52993 -0.46697
-0.53227 -1.54233 -0.53224 0.47153 0.68297 0.88971 1.50250 2.00130 2.11164 2.10272 2.08659 2.08647 2.07588 1.96488 1.95527 1.87489 1.89680 1.81995 1.91839 1.81043 1.90284 1.79519 1.77851 1.76984 1.77723 1.78358 1.69615 1.70131 1.70602 1.71891 1.71596 1.71621 1.72700 1.72921 1.63225 1.63549 1.63943 1.54280 1.54173 1.55093 1.54424 1.54680 1.64791 1.65760 1.66029 1.55765 0.45490 -0.04071 0.46623 0.86861 0.26620 -0.84565 -1.74860 -0.45458 -1.06302 -1.18267 -0.79226 -0.09902 0.09729 -0.11041 0.66172 1.25782 1.26368 1.16152 0.95492 0.95597 0.26430 -0.13097 -0.93168 -0.63546 -1.12966 -1.72694 -1.66456
0.45684 -1.64914 -1.95086 -0.84868 -0.04392 -0.12555 2.27684 2.49234 2.47993 2.48324 2.37108 2.36138 2.35050 2.33733 2.25336 2.27548 2.20246 1.62059 1.64263 2.02804 2.12152 2.11962 2.09765 2.08985 2.07155 2.07935 1.97855 1.97262 1.99165 1.99169 1.99182 1.99902 2.00759 1.91738 1.91867 1.81361 1.90584 1.92953 1.92749 1.63147 1.72530 1.82945 1.82913 1.93513 1.93298 1.93888 1.74288 1.44349 0.93092 1.34905 0.75102 0.64872 -0.14694 -1.25258 -1.37797 -1.08329 -1.09314 -1.29945 -0.80340 -1.61092 -0.60278 0.69045 1.06465 1.36315 1.25758 1.25914 0.66766 -0.13265 -1.44006 -1.43320 -1.72853 -2.02176 -2.32564
-1.77126 1.34022 0.13831 1.23116 1.64140 0.35238 1.25583 2.06740 2.37003 2.66217 2.65801 2.64907 2.64196 2.63451 2.56434 2.57943 2.31289 0.72781 0.95066 1.45082 1.53713 2.12795 2.22032 2.30072 2.39389 2.39558 2.29416 2.27793 2.27752 2.26960 2.26852 2.27242 2.17464 2.18130 2.19446 1.99722 1.88854 1.60230 1.69092 1.80563 0.90859 0.60535 0.91512 1.61858 2.01588 2.31008 2.31465 1.72355 1.02894 0.91909 0.62428 0.53156 0.43072 0.64080 0.52261 -0.58649 -0.88940 -1.30745 -1.69980 -2.20702 -2.59964 -1.20389 -0.60970 -0.10693 -0.03957 0.05932 -0.24453 -0.53549 -0.84378 -0.73958 -0.93250 -1.42718 -1.51719
-2.68577 -2.67843 -0.57932 1.42190 1.42904 0.33306 0.14502 1.45479 -0.64754 -0.25941 0.54004 1.93170 2.41513 2.63296 2.85871 2.87796 2.60920 1.82594 1.25102 1.86611 2.05722 2.34188 2.64151 2.72440 2.72177 2.60581 2.60013 2.59823 2.59111 2.47721 2.06932 2.26546 2.36507 1.97107 1.87160 1.85928 1.67159 1.17526 1.07369 1.58466 1.77826 1.48051 0.79173 0.69654 1.29421 1.70146 2.29210 1.39181 0.90852 0.90452 0.80148 1.21199 0.40378 -0.37580 -0.69000 -1.69310 -0.69120 -0.29867 -0.39784 -0.30588 -0.49871 -1.29791 -2.10709 -0.70605 -1.51246 -0.74462 -0.33599 -0.33950 -0.24557 0.96086 0.67070 -0.52794 -0.62549
-2.79794 -3.59277 -3.78568 -0.88914 0.40201 1.01932 1.02554 1.73552 0.43889 -1.77205 -3.18207 -3.88980 -1.29140 0.53212 1.76312 2.78298 3.00922 3.12487 3.05170 3.07517 2.96938 3.06274 3.04770 3.04794 2.93228 2.92889 2.92045 2.61933 2.51010 2.19712 1.98979 1.88113 2.46174 1.87090 1.56505 0.95382 1.55868 1.75506 1.24673 1.16398 1.66065 1.68094 1.07568 1.46809 1.37182 1.57758 2.07170 2.26760 2.37591 1.97487 1.59359 1.38715 1.19129 0.99713 -0.21455 -0.90549 -0.40800 -1.71151 -1.30268 -0.79899 -0.50128 0.00061 0.39491 0.29010 -0.10718 -0.30890 0.08762 0.35855 1.05764 1.75512 1.77506 0.87051 0.07346
-4.10253 -4.29393 -3.70744 -3.29785 -3.19991 -2.19403 -0.78945 0.71706 2.11062 0.90763 -0.10397 -1.30089 -2.49343 -2.66590 -2.13710 -1.11300 0.50548 1.32031 2.44964 2.86831 3.09140 3.18164 3.36371 3.35943 3.34722 3.14407 2.53813 2.12792 2.71569 1.11485 0.70539 0.79571 1.18835 1.17545 1.26808 1.06407 1.45534 1.35084 1.23563 1.32711 1.84627 1.33387 1.15269 0.85405 0.85368 0.96020 1.25574 1.56781 0.67146 0.57896 -0.10147 -0.20792 0.00419 0.10579 -1.18771 -0.19903 -0.10798 -1.22364 -0.42449 -0.30753 -0.11098 1.09176 0.88099 0.78795 -0.20728 0.38966 0.88683 1.18917 2.18809 2.36128 1.96838 0.47254 0.87487
-3.82141 -3.31731 -3.90930 -4.22019 -3.51152 -2.50424 -2.41094 -0.80066 -0.29112 -0.50881 -0.32268 0.39524 0.11098 0.12651 -0.43826 -1.71391 -2.08960 -1.37588 -0.45271 0.36497 1.89041 3.00160 3.58007 3.67410 3.66964 2.85862 1.95721 1.94604 1.94298 1.63025 0.72396 1.21672 0.60204 2.08999 2.08042 1.67610 0.66242 1.14948 1.74734 2.29329 1.83666 1.34849 0.15187 -0.14863 -0.14168 0.36334 0.26613 -0.62443 -1.01450 -0.50660 -0.99457 -1.88775 -1.08465 -1.78002 -0.28284 -1.08989 0.19049 0.75965 0.74594 1.35880 1.16704 1.36902 0.57589 1.38244 2.09189 2.29377 2.08665 2.19914 2.89784 2.89380 1.56919 0.77781 2.18135
-1.62464 -1.33259 -2.83307 -3.72584 -3.42314 -3.42628 -3.12274 -1.51216 0.28526 -2.93016 -2.43258 -1.22148 -2.89039 -4.06727 -3.33636 1.58523 -0.88540 -3.26476 -2.75003 -1.83090 -0.40767 3.10964 3.70758 3.98992 3.88410 3.28133 2.36744 2.45912 1.94705 1.82872 1.72398 1.80991 2.79197 2.48017 1.87689 1.86605 1.34255 1.04724 0.24564 1.24723 1.45188 0.85370 2.14954 2.06012 1.26420 0.56663 -0.11757 -0.41037 -0.81004 -0.29171 -0.18578 -0.27098 -0.97287 -1.26600 -0.56483 -0.67710 0.89670 1.26900 2.15621 2.33917 1.64038 1.15722 2.55527 2.96363 3.07110 3.27755 3.19432 2.99178 2.99401 3.30274 2.69776 2.99805 2.97705
-1.15170 -0.74632 -1.33843 -1.44486 -1.53482 -1.93766 -1.64773 -1.83737 -1.44106 -1.74942 -1.54511 -0.71233 -2.19922 -2.46782 -3.64375 -2.41787 -0.89322 0.12981 -0.65602 -0.74082 0.18527 0.90254 2.71043 3.78681 3.87093 3.66328 3.04761 3.23319 2.32874 2.51369 3.00399 2.48407 2.37742 2.46389 2.35228 2.23833 1.94572 1.24548 0.25804 0.25270 0.15659 0.45436 2.24937 2.36290 1.56867 0.97279 0.39001 -0.50654 -0.70118 0.11609 0.52471 -0.66963 0.13075 0.43143 0.73616 1.32495 0.20717 1.28055 1.85108 2.43412 2.62225 3.41741 3.72758 3.63897 3.55116 3.16955 2.27561 2.87517 3.27794 3.59350 3.49658 3.49542 3.21138
-1.74160 -1.66599 -1.45819 -0.55811 -0.46186 -0.26037 -0.25716 -0.05387 -1.35808 -2.56155 -1.63482 -0.31812 -0.19776 -1.07936 -1.34183 -1.61874 -2.80491 -1.87069 -0.75577 0.76012 1.68048 1.41504 1.20127 1.87975 3.36195 3.25002 2.73081 2.12773 2.50342 2.39815 3.48303 3.07078 2.55818 1.64174 1.74809 0.74923 1.56966 0.15486 -1.13337 -0.04172 0.15861 -0.83909 0.05762 1.25788 1.26980 0.97847 1.28600 0.60032 0.00804 1.40807 2.02707 2.13755 2.43696 2.24475 2.13726 1.62848 2.10466 1.48419 2.55923 2.64011 2.82300 3.19542 3.50996 3.81675 3.82909 3.53663 3.03458 2.35370 2.65584 3.26547 3.67792 2.78284 2.60145
-2.83598 -2.95410 -1.95272 -1.56773 -0.87943 -0.46772 0.32139 -0.77485 -0.78027 -1.37440 -2.74541 -1.61572 0.09983 0.42138 -0.65116 -1.42395 -2.20129 -1.98040 -1.05797 -0.54024 0.07499 1.00414 1.38509 2.15763 1.83936 2.62035 3.01440 2.40034 3.28149 2.57326 3.25796 1.54600 1.14715 2.34234 1.24821 0.15390 0.55824 0.86523 -0.24119 -0.63087 -0.63038 0.08374 0.27177 0.67274 0.98704 0.79179 1.19912 0.70487 0.90822 0.71496 1.23606 1.12991 1.14377 1.45352 1.85433 2.93997 3.41919 3.98699 4.16624 3.75215 3.52674 3.68985 3.71819 3.91534 3.82607 3.64111 2.34017 1.74744 1.95237 2.56440 3.27447 3.39413 3.99578
-2.72737 -2.83570 -2.84553 -1.15674 -0.86707 0.22589 0.01081 0.40394 1.10577 0.62948 -0.14529 -1.52572 -0.70139 -0.47582 -0.85111 0.07426 -0.20303 0.21666 -1.75833 -0.04004 0.78310 1.40329 1.89560 1.36435 0.52848 1.80543 2.79508 3.29189 1.97632 2.46102 2.75123 1.45462 0.65401 1.96132 1.25468 0.66345 -0.12889 0.06624 0.17627 -0.12804 0.37785 0.27358 0.68862 0.58955 1.98588 1.50267 1.29766 1.30970 1.52573 1.41759 2.02438 2.73983 2.54365 3.25074 3.15889 3.63658 4.30814 4.39001 4.37466 3.94595 3.70652 3.52090 2.02868 2.64106 2.24956 2.56077 2.36602 3.16640 2.98691 3.08658 3.29307 2.90555 2.10589
-1.91889 -2.92648 -2.83275 -3.73818 -2.75066 -0.96337 -0.77398 -0.48168 0.42234 -0.26088 0.35873 -0.22810 -1.59814 -0.57900 0.64727 1.16814 0.69306 0.91462 1.14534 -0.03042 0.38665 1.60528 2.69943 3.55636 2.62876 2.90358 4.18698 3.47220 3.45404 3.07072 2.35752 1.76941 1.16201 0.77181 1.37126 0.56999 -0.41603 -1.01529 0.38268 0.68248 0.38433 1.69293 2.39426 2.90602 3.91471 4.50876 4.41591 4.61932 4.82002 4.83246 4.73061 4.23965 3.85060 3.85903 4.16043 4.83103 4.71350 4.67850 4.44938 4.22162 3.23675 1.74100 1.04570 1.46547 1.46246 1.86714 2.58548 3.08053 2.99655 3.20165 2.79990 2.99566 3.70598
-1.20870 -1.01469 -2.32657 -2.43088 -4.24011 -2.73117 -1.33144 -1.92867 -2.03917 -1.33608 -0.53976 -1.42539 -1.00114 0.11592 0.05098 0.57318 1.40440 1.61943 1.33725 0.56387 -0.61831 1.61065 3.00423 3.26643 1.82682 2.48959 2.57168 1.66673 2.86936 3.18166 2.06865 1.67244 0.98224 1.37896 1.09219 1.28798 0.29290 0.18718 1.29226 2.89071 2.38983 3.40704 5.00436 5.11276 4.81541 4.71894 3.92074 4.62398 -9999 -9999 5.24416 5.24595 5.45505 4.76031 4.75327 5.03171 4.90485 4.16402 3.93933 2.64255 1.55499 0.46204 0.87287 0.38013 0.08135 -0.00624 2.09900 2.89375 3.00409 4.00256 3.19691 4.00240 4.80870
-0.29312 -0.99337 -1.08589 -0.68508 -2.38342 -0.68142 -1.27668 -1.88155 -2.28361 -1.18449 -1.49105 -1.49239 -0.40146 0.32141 -0.45175 0.56489 1.49367 0.82328 1.34573 2.06828 1.99068 1.71753 0.21449 1.48222 1.24334 2.10404 1.88650 2.08536 1.68581 3.08754 2.38896 1.49651 1.18949 1.19332 0.89263 2.80017 4.29132 -9999 -9999 -9999 -9999 5.90347 -9999 4.02063 2.62101 3.72637 4.13349 5.74617 -9999 -9999 4.94442 5.05193 5.36624 5.26444 5.63953 5.20413 4.57307 3.74421 3.46173 2.86819 2.27807 1.77788 2.58510 -0.10411 -0.20593 0.39890 2.89272 3.69749 4.20075 5.29581 -9999 -9999 -9999
0.44769 -0.34460 -0.03600 1.37287 -0.83120 0.06485 1.56140 1.17416 1.16985 0.95992 -0.03880 -0.34038 0.35136 1.94210 1.04680 0.57210 0.50037 0.92700 0.64540 1.96743 1.79812 2.03100 1.52068 1.98985 1.65631 1.42584 1.70658 2.10109 1.89891 1.80361 1.49911 1.70114 0.90053 2.19869 3.20262 -9999 -9999 -9999 -9999 -9999 -9999 -9999 5.12055 4.72638 4.72709 -9999 -9999 -9999 -9999 -9999 6.05530 5.55459 4.24841 4.74022 4.11797 4.59214 4.95391 3.96694 4.86917 4.67725 3.99627 3.18881 3.88867 3.99475 3.09386 1.49341 3.59224 5.29792 -9999 -9999 -9999 -9999 -9999
