data/hydroclimate-scenarios/1948-2000.Pcorr55N_Pref_Tref/monthly_summaries/tavg_monthly_avg_jun.asc
ncols	311
nrows	91
xllcenter	102.75
yllcenter	31.75
cellsize	0.5
NODATA_value	-9999
[rows 0 to 31 of 91, columns 216 to 287 of 311]
-9999 -9999 -9999 -9999 -9999 -9999 -9999 -9999 -9999 -9999 -9999 -9999 -9999 -9999 -9999 -9999 -9999 -9999 -9999 -9999 -9999 -9999 -9999 -9999 -9999 -9999 -9999 -9999 -9999 -9999 -9999 -9999 -9999 -9999 -9999 -9999 -9999 -9999 -9999 -9999 -9999 -9999 -9999 -9999 -9999 -9999 -9999 -9999 -9999 -9999 -9999 -9999 -9999 -9999 -9999 -9999 -9999 -9999 -9999 -9999 -9999 -9999 -9999 -9999 -9999 -9999 -9999 -9999 -9999 -9999 -9999 -9999
-9999 -9999 -9999 -9999 -9999 -9999 -9999 -9999 -9999 -9999 -9999 -9999 -9999 -9999 -9999 -9999 -9999 -9999 -9999 -9999 -9999 -9999 -9999 -9999 -9999 -9999 -9999 -9999 -9999 -9999 -9999 -9999 -9999 -9999 -9999 -9999 -9999 -9999 -9999 -9999 -9999 -9999 -9999 -9999 -9999 -9999 -9999 -9999 -9999 -9999 -9999 -9999 -9999 -9999 -9999 -9999 -9999 -9999 -9999 -9999 -9999 -9999 -9999 -9999 -9999 -9999 -9999 -9999 -9999 -9999 -9999 -9999
-9999 -9999 -9999 -9999 -9999 -9999 -9999 -9999 -9999 -9999 -9999 -9999 -9999 -9999 -9999 -9999 -9999 -9999 -9999 -9999 -9999 -9999 -9999 -9999 -9999 -9999 -9999 -9999 -9999 -9999 -9999 -9999 -9999 -9999 -9999 -9999 -9999 -9999 -9999 -9999 -9999 -9999 -9999 -9999 -9999 -9999 -9999 -9999 -9999 -9999 -9999 -9999 -9999 -9999 -9999 -9999 -9999 -9999 -9999 -9999 -9999 -9999 -9999 -9999 -9999 -9999 -9999 -9999 -9999 -9999 -9999 -9999
-9999 -9999 -9999 -9999 -9999 -9999 -9999 -9999 -9999 -9999 -9999 -9999 -9999 -9999 -9999 -9999 -9999 -9999 -9999 -9999 -9999 -9999 -9999 -9999 -9999 -9999 -9999 -9999 -9999 -9999 -9999 -9999 -9999 -9999 -9999 -9999 -9999 -9999 -9999 -9999 -9999 -9999 -9999 -9999 -9999 -9999 -9999 -9999 -9999 -9999 -9999 -9999 -9999 -9999 -9999 -9999 -9999 -9999 -9999 -9999 -9999 -9999 -9999 -9999 -9999 -9999 -9999 -9999 -9999 -9999 -9999 -9999
-9999 -9999 -9999 -9999 -9999 -9999 -9999 -9999 -9999 -9999 -9999 -9999 -9999 -9999 -9999 -9999 -9999 -9999 -9999 -9999 -9999 -9999 -9999 -9999 -9999 -9999 -9999 -9999 -9999 -9999 -9999 -9999 -9999 -9999 -9999 -9999 -9999 -9999 -9999 -9999 -9999 -9999 -9999 -9999 -9999 -9999 -9999 -9999 -9999 -9999 -9999 -9999 -9999 -9999 -9999 -9999 -9999 -9999 -9999 -9999 -9999 -9999 -9999 -9999 -9999 -9999 -9999 -9999 -9999 -9999 -9999 -9999
-9999 -9999 -9999 -9999 -9999 -9999 -9999 -9999 -9999 -9999 -9999 -9999 -9999 -9999 -9999 -9999 -9999 -9999 -9999 -9999 -9999 -9999 -9999 -9999 -9999 -9999 -9999 -9999 -9999 -9999 -9999 -9999 -9999 -9999 -9999 -9999 -9999 -9999 -9999 -9999 -9999 -9999 -9999 -9999 -9999 -9999 -9999 -9999 -9999 -9999 -9999 -9999 -9999 -9999 -9999 -9999 -9999 -9999 -9999 -9999 -9999 -9999 -9999 -9999 -9999 -9999 -9999 -9999 -9999 -9999 -9999 -9999
-9999 -9999 -9999 -9999 -9999 -9999 -9999 -9999 -9999 -9999 -9999 -9999 -9999 -9999 -9999 -9999 -9999 -9999 -9999 -9999 -9999 -9999 -9999 -9999 -9999 -9999 -9999 -9999 -9999 -9999 -9999 -9999 -9999 -9999 -9999 -9999 -9999 -9999 -9999 -9999 -9999 -9999 -9999 -9999 -9999 -9999 -9999 -9999 -9999 -9999 -9999 -9999 -9999 -9999 -9999 -9999 -9999 -9999 -9999 -9999 -9999 -9999 -9999 -9999 -9999 -9999 -9999 -9999 -9999 -9999 -9999 -9999
-9999 -9999 -9999 -9999 -9999 -9999 -9999 -9999 -9999 -9999 -9999 -9999 -9999 -9999 -9999 -9999 -9999 -9999 -9999 -9999 -9999 -9999 -9999 -9999 -9999 -9999 -9999 -9999 -9999 -9999 -9999 -9999 -9999 -9999 -9999 -9999 -9999 -9999 -9999 -9999 -9999 -9999 -9999 -9999 -9999 -9999 -9999 -9999 -9999 -9999 -9999 -9999 -9999 -9999 -9999 -9999 -9999 -9999 -9999 -9999 -9999 -9999 -9999 -9999 -9999 -9999 -9999 -9999 -9999 -9999 -9999 -9999
-9999 -9999 -9999 -9999 -9999 -9999 -9999 -9999 -9999 -9999 -9999 -9999 -9999 -9999 -9999 -9999 -9999 -9999 -9999 -9999 -9999 -9999 -9999 -9999 -9999 -9999 -9999 -9999 -9999 -9999 -9999 -9999 -9999 -9999 -9999 -9999 -9999 -9999 -9999 -9999 -9999 -9999 -9999 -9999 -9999 -9999 -9999 -9999 -9999 -9999 -9999 -9999 -9999 -9999 -9999 -9999 -9999 -9999 -9999 -9999 -9999 -9999 -9999 -9999 -9999 -9999 -9999 -9999 -9999 -9999 -9999 -9999
-9999 -9999 -9999 -9999 -9999 -9999 -9999 -9999 -9999 -9999 -9999 -9999 -9999 -9999 -9999 -9999 -9999 -9999 -9999 -9999 -9999 -9999 -9999 -9999 -9999 -9999 -9999 -9999 -9999 -9999 -9999 -9999 -9999 -9999 -9999 -9999 -9999 -9999 -9999 -9999 -9999 -9999 -9999 -9999 -9999 -9999 -9999 -9999 -9999 -9999 -9999 -9999 -9999 -9999 -9999 -9999 -9999 -9999 -9999 -9999 -9999 -9999 -9999 -9999 -9999 -9999 -9999 -9999 -9999 -9999 -9999 -9999
-9999 -9999 -9999 -9999 -9999 -9999 -9999 -9999 -9999 -9999 -9999 -9999 -9999 -9999 -9999 -9999 -9999 -9999 -9999 -9999 -9999 -9999 -9999 -9999 -9999 -9999 -9999 -9999 -9999 -9999 -9999 -9999 -9999 -9999 -9999 -9999 -9999 -9999 -9999 -9999 -9999 -9999 -9999 -9999 -9999 -9999 -9999 -9999 -9999 -9999 -9999 -9999 -9999 -9999 -9999 -9999 -9999 -9999 -9999 -9999 -9999 -9999 -9999 -9999 -9999 -9999 -9999 -9999 -9999 -9999 -9999 -9999
-9999 -9999 -9999 -9999 -9999 -9999 -9999 -9999 -9999 -9999 -9999 -9999 -9999 -9999 -9999 -9999 -9999 -9999 -9999 -9999 -9999 -9999 -9999 -9999 -9999 -9999 -9999 -9999 -9999 -9999 -9999 -9999 -9999 -9999 -9999 -9999 -9999 -9999 -9999 -9999 -9999 -9999 -9999 -9999 -9999 -9999 -9999 -9999 -9999 -9999 -9999 -9999 -9999 -9999 -9999 -9999 -9999 -9999 -9999 -9999 -9999 -9999 -9999 -9999 -9999 -9999 -9999 -9999 -9999 -9999 -9999 -9999
-9999 -9999 -9999 -9999 -9999 -9999 -9999 -9999 -9999 -9999 -9999 -9999 -9999 -9999 -9999 -9999 -9999 -9999 -9999 -9999 -9999 -9999 -9999 -9999 -9999 -9999 -9999 -9999 -9999 -9999 -9999 -9999 -9999 -9999 -9999 -9999 -9999 -9999 -9999 -9999 -9999 -9999 -9999 -9999 -9999 -9999 -9999 -9999 -9999 -9999 -9999 -9999 -9999 -9999 -9999 -9999 -9999 -9999 -9999 -9999 -9999 -9999 -9999 -9999 -9999 -9999 -9999 -9999 -9999 -9999 -9999 -9999
4.26569 3.95262 3.84852 -9999 -9999 -9999 -9999 -9999 -9999 -9999 -9999 -9999 -9999 -9999 -9999 -9999 -9999 -9999 -9999 -9999 -9999 -9999 -9999 -9999 -9999 -9999 -9999 -9999 -9999 -9999 -9999 -9999 -9999 -9999 -9999 -9999 -9999 -9999 -9999 -9999 -9999 -9999 -9999 -9999 4.15162 -9999 -9999 -9999 -9999 -9999 -9999 -9999 -9999 -9999 -9999 -9999 -9999 -9999 -9999 -9999 -9999 -9999 -9999 -9999 -9999 -9999 -9999 -9999 -9999 -9999 -9999 -9999
6.18303 5.95602 6.01517 5.63603 5.65541 6.06212 6.12307 5.96506 5.54079 5.41527 4.36658 3.88049 3.84658 3.84348 3.76302 10.06730 -9999 -9999 -9999 -9999 -9999 -9999 -9999 -9999 -9999 -9999 -9999 -9999 -9999 -9999 -9999 -9999 -9999 -9999 -9999 -9999 -9999 -9999 -9999 2.94528 3.74143 3.03439 1.74549 1.32921 2.12128 4.62728 -9999 -9999 -9999 3.14304 -9999 -9999 -9999 3.38678 3.19940 3.00318 -9999 -9999 -9999 -9999 -9999 -9999 -9999 -9999 -9999 -9999 -9999 -9999 -9999 -9999 -9999 -9999
8.41384 8.40443 8.38091 8.66975 8.62834 8.39165 8.08958 7.96279 6.24598 6.46231 5.49389 4.73649 6.35156 6.93390 7.02109 6.10909 5.29782 4.83083 3.58529 4.13673 5.17339 5.28570 -9999 -9999 -9999 -9999 -9999 7.65267 7.85254 7.83537 7.73727 7.32059 6.71631 6.41709 6.61809 6.81443 6.81745 6.81822 6.72152 2.61279 2.81897 2.01423 2.41131 1.30519 1.52153 5.01055 4.51554 4.51740 3.92806 3.63378 3.64152 3.65108 3.35359 3.17107 2.28713 1.09634 1.19633 2.10675 2.71326 2.60986 3.21987 -9999 -9999 -9999 -9999 -9999 -9999 -9999 -9999 -9999 -9999 -9999
8.43581 8.49571 8.51232 7.96007 6.62051 6.45641 6.73602 6.37530 6.27844 6.34227 5.31841 6.67969 6.66421 8.05714 8.78744 7.40546 7.24411 5.92974 4.40797 5.18791 4.28916 4.05882 4.76152 6.06173 6.76955 7.56520 8.04429 8.44030 8.82863 8.72986 8.61095 8.41105 8.09352 7.59647 7.30154 7.20277 7.30134 7.20153 7.09857 6.88975 6.58927 6.58607 6.58962 5.79029 5.49432 5.39591 5.09977 4.80883 4.41313 4.12374 4.03691 3.93198 4.05260 3.96263 3.87018 3.86966 3.79105 3.69192 3.59771 3.00866 2.21060 2.31476 2.51843 3.01924 2.91719 2.92292 3.02269 3.02923 2.93471 -9999 -9999 -9999
5.77528 5.90156 5.14669 6.59437 7.36614 7.68650 8.96726 10.19810 10.46750 9.02842 9.24185 10.38010 11.01790 10.64990 11.64340 11.24920 9.92581 8.23651 7.03091 7.50654 7.12042 5.17172 5.06573 4.96382 5.17571 5.66841 6.26206 7.73518 9.53278 9.81492 10.00470 10.08720 9.58593 8.88202 8.28664 8.18362 8.07177 7.97919 7.97069 8.07899 8.27563 8.18904 8.08093 7.08009 6.67140 6.58662 6.28924 5.89282 5.59870 5.32266 5.13427 5.02919 4.93721 4.85048 4.75308 4.65920 4.56557 4.47638 4.38220 3.29053 2.99891 3.40128 3.41622 3.52223 3.21501 3.12170 3.02941 3.13322 3.52840 -9999 3.53682 -9999
8.16662 7.47936 8.74717 9.90447 9.81856 10.62380 12.08330 11.44820 11.42080 11.65150 11.92640 11.71320 12.07860 13.21100 13.58990 11.91670 10.12930 9.38642 8.11267 8.41716 8.36681 6.86497 6.17292 6.37064 4.88157 4.87262 5.05941 7.74636 10.23160 10.61510 10.71780 10.79340 10.67890 9.87510 9.36491 9.46671 9.06818 9.16807 8.97288 9.46013 9.46839 9.36821 9.26358 8.46496 8.06583 7.77592 7.48341 7.18251 6.69877 6.30246 6.10666 6.01318 5.92910 5.83328 5.53614 5.53165 5.54482 5.45495 5.16888 4.07051 4.17288 4.39118 4.09827 4.10657 4.11251 3.81893 3.82257 3.91948 4.12549 4.33571 -9999 -9999
10.50530 10.28730 10.73720 11.98940 12.30850 13.68860 14.03770 14.21250 14.40780 13.89710 13.72150 13.57510 13.55550 14.16300 13.96190 14.09570 12.43780 10.35990 9.13247 8.07787 7.93237 6.26998 6.87653 8.17813 8.47876 8.27243 6.07149 8.75712 10.14670 11.33690 11.52310 11.50810 11.38990 11.08820 10.97570 10.56630 10.15890 10.25520 10.45780 10.05460 10.15330 10.55720 10.55690 9.86304 9.36812 8.96510 8.67308 8.36986 7.78385 7.59555 7.19319 7.10292 7.00093 6.80755 6.52575 6.42676 6.43217 6.23608 6.15332 5.75212 5.66744 5.27236 5.28169 5.28903 5.19743 4.91518 4.81052 4.61577 4.51300 4.41354 4.51096 -9999
12.91210 14.31650 15.25100 15.46390 15.66040 16.31860 16.41770 16.13290 15.87670 15.65100 14.95620 14.62840 14.30110 14.15660 14.18390 13.88180 11.97200 9.85236 8.24323 8.23871 7.61945 6.69342 7.80334 8.79760 9.20129 8.99546 7.90049 7.98862 10.67380 11.66090 12.04370 12.13110 11.92820 11.82810 11.80610 11.70170 11.48530 11.37730 11.57630 11.66890 11.66820 11.87310 11.96480 11.46290 10.86170 10.46710 9.76693 9.07776 8.88660 8.58494 8.28704 7.98390 8.09557 7.91408 7.71851 8.02134 8.02856 7.93328 7.74327 7.45600 7.05437 6.77078 6.58550 6.29240 5.19690 5.09841 5.00252 4.80719 4.60366 4.29968 4.00026 3.80516
15.14230 15.73100 15.94480 16.02610 16.05980 16.06320 15.96100 15.88670 15.96640 15.86600 15.31020 14.89100 14.84340 14.98950 14.98310 14.51740 12.78220 9.64154 7.82260 6.93156 7.33424 7.31978 8.81096 9.50488 9.61652 9.40298 9.00541 7.90197 9.78560 10.96540 12.15930 12.53800 12.63120 12.44250 12.53260 12.52190 12.50700 12.49640 12.58880 12.87680 13.26690 13.55210 13.25620 12.65390 12.05610 11.76050 11.05330 10.36740 10.17200 10.07360 9.97921 9.47011 9.88502 9.59438 9.19900 8.80171 9.01393 9.01915 8.52163 8.33599 7.94150 7.65117 7.76840 7.28721 6.19016 6.09894 5.98968 5.79069 5.57536 5.47005 5.06316 4.86233
13.86610 13.87130 13.94040 13.55590 12.88690 12.91750 13.30440 13.58980 14.18490 14.61540 15.12200 14.82880 14.75490 14.21190 14.61360 13.57700 12.44950 9.75184 8.31884 7.58586 7.74967 6.82935 8.61960 8.80133 9.00500 9.79869 10.30250 10.29320 11.17960 11.47380 11.05100 11.04320 11.44200 11.04530 10.43850 11.32850 11.61430 11.49780 12.48930 13.37980 13.67970 13.85330 13.84140 13.43930 12.33580 12.03880 11.32920 11.04060 10.74430 10.74700 10.54570 10.25370 9.95902 9.66831 9.77829 9.88751 9.79759 9.40771 9.31722 9.02569 8.73914 8.55123 8.46738 7.47596 7.17362 7.06759 6.97387 6.85961 6.65125 6.44204 6.03813 5.72339
13.93650 14.46080 14.14110 13.76990 13.61750 12.84330 12.33520 12.02990 11.65940 11.18540 12.13360 13.01520 14.21750 14.62100 14.72900 13.57190 12.28470 10.32410 8.41884 8.57890 8.79489 7.55630 7.73759 8.02516 8.21269 8.30905 8.71019 9.39597 10.48560 10.17640 9.56595 8.75795 8.25918 7.46174 7.74755 8.74316 9.03575 8.11369 8.50930 10.30000 10.88990 11.67560 11.76790 13.44830 13.83920 13.63130 12.42830 12.33350 12.43160 11.62880 11.33330 11.24140 10.74720 10.95790 11.07160 10.67910 9.39281 9.30806 9.81129 9.43207 8.74120 8.75263 8.66139 8.25514 8.16387 8.15808 7.94703 7.93975 7.63058 7.41472 7.11043 6.70208
14.74870 14.52480 14.61780 14.84840 14.45980 13.80500 13.40020 12.87940 12.31540 10.93600 10.29390 9.73942 10.39070 10.25760 12.15620 11.96120 12.33410 11.66000 8.70951 8.09297 7.52942 7.16271 7.35132 6.63627 7.43291 7.30606 7.20914 6.60163 6.59455 6.78843 6.58460 6.05643 6.26291 6.16647 5.56863 6.05319 6.63030 5.83353 5.92310 7.01135 6.80627 6.88699 7.07643 7.96593 9.54878 12.14730 13.23090 12.72170 12.82190 12.82570 11.71670 11.43590 11.62900 11.44710 11.16540 11.27780 11.09130 10.39330 9.51233 9.02149 8.82931 9.53301 10.13200 10.03740 9.72964 9.71800 9.50419 8.99503 8.69816 8.39325 7.97584 7.47302
14.25860 13.34040 13.22220 13.03780 13.35570 13.60570 13.85470 13.72600 13.44410 13.10440 12.11070 10.53310 11.57210 12.22050 12.15930 12.29720 11.57790 10.72150 10.74180 9.35453 9.95633 8.38198 7.86982 7.46113 7.43959 7.63394 8.32032 8.41183 8.80013 7.89694 8.27433 7.17772 7.07698 7.58623 6.68291 6.97311 7.05648 6.44818 6.04389 7.42589 7.31948 7.51880 7.20474 7.78439 9.17431 10.67720 11.88230 12.36150 12.82430 13.31820 11.83600 10.83080 11.73370 11.94570 11.56590 11.77300 11.48070 10.89970 10.29720 10.10970 10.11400 10.01450 9.91127 10.51200 10.69460 10.79380 10.58760 10.08550 9.67762 9.16124 8.75367 8.34071
9.41935 10.04560 7.87907 6.78563 6.59777 7.58433 9.87002 11.55940 10.30610 12.38180 13.44040 13.76460 13.59330 13.34110 12.76030 12.76200 11.36500 10.63430 10.04210 10.37460 10.76340 10.41020 10.59460 10.97230 10.36340 10.25630 11.04570 11.42160 10.51920 10.40660 10.50050 10.90080 10.69130 8.70166 8.69829 8.08197 7.77374 7.87112 7.96380 7.36102 7.35145 7.12609 8.03039 8.33171 7.72338 8.84517 10.43670 11.10750 12.08510 12.76150 13.03650 13.03940 11.93680 12.05300 12.05940 11.87490 11.68970 11.79170 11.08650 10.89540 10.50340 10.50660 10.99830 11.08000 11.27460 11.57670 11.86440 11.45560 10.75050 10.23860 9.72493 9.32425
7.99361 8.43224 9.14025 9.82408 9.26750 8.36921 8.34386 9.35000 6.96946 7.20308 8.07972 9.86146 12.21410 12.77030 12.60070 13.14670 11.91460 10.72640 10.51840 10.43450 11.30700 10.42790 10.92230 10.89480 11.28050 11.17110 11.26000 10.64190 10.23510 10.12420 11.01590 9.40481 9.21638 9.52068 9.52356 8.50616 8.00913 8.39670 7.88963 7.38331 7.98287 7.67389 7.17391 6.37454 6.88697 8.69894 9.87270 10.15270 10.62480 11.49200 12.27500 13.64010 12.44200 12.24970 12.25310 12.46460 12.27460 12.08320 11.78340 11.88620 11.78960 11.68060 11.68220 11.66450 11.94940 12.35310 12.63860 12.43010 11.73040 11.31800 10.70230 9.99022
9.66016 9.49076 9.33483 9.37993 10.55160 10.53180 10.41520 10.48430 10.46310 10.64830 10.45640 11.11840 10.04320 11.98610 14.46140 13.37200 12.71010 11.75880 10.43790 10.03700 10.41130 9.15288 8.95430 10.82960 11.29800 11.07930 11.67110 12.25310 11.83910 11.22720 9.84833 9.24417 9.73828 9.94464 9.04555 8.94450 9.52994 8.42097 8.22068 7.32514 7.51000 7.10771 6.82027 6.23268 5.54696 6.64421 6.32363 7.78827 8.17084 10.73450 12.30880 13.18440 14.05160 13.04150 12.85080 13.25270 13.15650 13.06370 12.86700 12.67120 12.46500 12.25600 12.04940 12.24240 12.23740 12.53220 12.90980 12.91660 12.80460 12.49190 11.57470 10.96590
8.35757 6.75098 7.05782 8.09691 9.62457 10.36650 10.67700 11.28750 12.40460 11.91720 7.62920 6.01078 6.47181 7.16765 9.19955 9.18261 9.02966 10.71350 11.22500 11.62420 10.89890 10.30280 9.90958 9.68743 9.13250 10.21190 11.58990 11.79100 11.25530 11.32510 9.64090 9.35303 8.96235 10.26610 9.57955 9.77184 10.16230 9.76006 9.05638 8.55083 6.45062 7.46238 6.57256 6.98314 6.89558 6.18707 6.26144 7.03128 8.10887 9.77674 11.05230 12.41080 14.36570 13.83590 13.53340 13.83670 13.44540 12.55320 11.43820 11.04490 10.94470 11.12600 11.92160 12.71440 12.81370 12.80060 12.80230 12.88320 12.77830 11.85830 11.65110 11.93800
10.04780 8.77603 8.62748 8.80508 8.58431 9.10910 10.06990 10.52210 11.39280 11.90180 10.00180 3.53194 1.60199 3.30288 5.24524 5.67344 6.55549 6.76956 7.83423 9.38196 9.11499 8.42105 8.15764 9.26136 10.18780 9.25695 10.13490 10.33180 10.87890 11.74990 10.48370 9.66559 8.94850 8.73869 9.24137 9.82102 10.22130 9.21726 8.70260 9.40592 7.90719 7.81091 8.01027 7.21803 7.32018 7.97568 9.55461 9.11677 9.08776 8.84825 10.01480 10.17680 12.23740 13.39680 13.08340 13.95890 14.16740 14.09150 13.59440 12.87580 12.88250 12.98490 13.18990 13.09220 12.98180 12.97750 12.96660 12.76270 12.75330 12.44500 12.32640 12.12080
6.84875 6.92301 6.64687 -9999 5.39197 6.72528 6.45555 5.54793 8.12898 9.72491 10.51980 10.87370 10.94200 11.76070 8.31908 2.35608 0.18974 -0.09925 -0.74317 5.55121 7.69065 8.08953 7.83877 8.23320 8.29342 8.94481 9.24111 9.87635 11.13870 10.25010 10.13140 9.28784 9.26844 9.49274 8.39835 7.81927 8.19242 8.76593 7.56689 9.24082 10.03150 7.84832 7.95062 7.65638 8.04759 9.12654 9.47753 10.06830 9.72071 8.77698 9.72654 10.47800 12.43010 13.69500 13.76490 13.94380 13.94230 13.96640 13.95880 13.75600 13.66330 13.66460 13.35840 13.26670 13.36500 13.25510 12.94680 13.13960 13.12400 12.91320 12.80550 12.48680
