data/hydroclimate-scenarios/1948-2000.Pcorr55N_Pref_Tref/monthly_summaries/tavg_monthly_avg_sep.asc
ncols	311
nrows	91
xllcenter	102.75
yllcenter	31.75
cellsize	0.5
NODATA_value	-9999
[rows 0 to 31 of 91, columns 73 to 145 of 311]
-9999 -9999 -9999 -9999 -9999 -9999 -9999 -9999 -9999 -9999 -9999 -9999 -9999 -9999 -9999 -9999 -9999 -9999 -9999 -9999 -9999 -9999 -9999 -9999 -9999 -9999 -9999 -9999 -9999 -9999 -9999 -9999 -9999 -9999 -9999 -9999 -9999 -9999 -9999 -9999 -9999 -9999 -9999 -9999 -9999 -9999 -9999 -9999 -9999 -9999 -9999 -9999 -9999 -9999 -9999 -9999 -9999 -9999 -9999 -9999 -9999 -9999 -9999 -9999 -9999 -9999 -9999 -9999 -9999 -9999 -9999 -9999 -9999
-9999 -9999 -9999 -9999 -9999 -9999 -9999 -9999 -9999 -9999 -9999 -9999 -9999 -9999 -9999 -9999 -9999 -9999 -9999 -9999 -9999 -9999 -9999 -9999 -9999 -9999 -9999 -9999 -9999 -9999 -9999 -9999 -9999 -9999 -9999 -9999 -9999 -9999 -9999 -9999 -9999 -9999 -9999 -9999 -9999 -9999 -9999 -9999 -9999 -9999 -9999 -9999 -9999 -9999 -9999 -9999 -9999 -9999 -9999 -9999 -9999 -9999 -9999 -9999 -9999 -9999 -9999 -9999 -9999 -9999 -9999 -9999 -9999
-9999 -9999 -9999 -9999 -9999 -9999 -9999 -9999 -9999 -9999 -9999 -9999 -9999 -9999 -9999 -9999 -9999 -9999 -9999 -9999 -9999 -9999 -9999 -9999 -9999 -9999 -9999 -9999 -9999 -9999 -9999 -9999 -9999 -9999 -9999 -9999 -9999 -9999 -9999 -9999 -9999 -9999 -9999 -9999 -9999 -9999 -9999 -9999 -9999 -9999 -9999 -9999 -9999 -9999 -9999 -9999 -9999 -9999 -9999 -9999 -9999 -9999 -9999 -9999 -9999 -9999 -9999 -9999 -9999 -9999 -9999 -9999 -9999
-9999 -9999 -9999 -9999 -9999 -9999 -9999 -9999 -9999 -9999 -9999 -9999 -9999 -9999 -9999 -9999 -9999 -9999 -9999 -9999 -9999 -9999 -9999 -9999 -9999 -9999 -9999 -9999 -9999 -9999 -9999 -9999 -9999 -9999 -9999 -9999 -9999 -9999 -9999 -9999 -9999 -9999 -9999 -9999 -9999 -9999 -9999 -9999 -9999 -9999 -9999 -9999 -9999 -9999 -9999 -9999 -9999 -9999 -9999 -9999 -9999 -9999 -9999 -9999 -9999 -9999 -9999 -9999 -9999 -9999 -9999 -9999 -9999
-9999 -9999 -9999 -9999 -9999 -9999 -9999 -9999 -9999 -9999 -9999 -9999 -9999 -9999 -9999 -9999 -9999 -9999 -9999 -9999 -9999 -9999 -9999 -9999 -9999 -9999 -9999 -9999 -9999 -9999 -9999 -9999 -9999 -9999 -9999 -9999 -9999 -9999 -9999 -9999 -9999 -9999 -9999 -9999 -9999 -9999 -9999 -9999 -9999 -9999 -9999 -9999 -9999 -9999 -9999 -9999 -9999 -9999 -9999 -9999 -9999 -9999 -9999 -9999 -9999 -9999 -9999 -9999 -9999 -9999 -9999 -9999 -9999
-9999 -9999 -9999 -9999 -9999 -9999 -9999 -9999 -9999 -9999 -9999 -9999 -9999 -9999 -9999 -9999 -9999 -9999 -9999 -9999 -9999 -9999 -9999 -9999 -9999 -9999 -9999 -9999 -9999 -9999 -9999 -9999 -9999 -9999 -9999 -9999 -9999 -9999 -9999 -9999 -9999 -9999 -9999 -9999 -9999 -9999 -9999 -9999 -9999 -9999 -9999 -9999 -9999 -9999 -9999 -9999 -9999 -9999 -9999 -9999 -9999 -9999 -9999 -9999 -9999 -9999 -9999 -9999 -9999 -9999 -9999 -9999 -9999
-9999 -9999 -9999 -9999 -9999 -9999 -9999 -9999 -9999 -9999 -9999 -9999 -9999 -9999 -9999 -9999 -9999 -9999 -9999 -9999 -9999 -9999 -9999 -9999 -9999 -9999 -9999 -9999 -9999 -9999 -9999 -9999 -9999 -9999 -9999 -9999 -9999 -9999 -9999 -9999 -9999 -9999 -9999 -9999 -9999 -9999 -9999 -9999 -9999 -9999 -9999 -9999 -9999 -9999 -9999 -9999 -9999 -9999 -9999 -9999 -9999 -9999 -9999 -9999 -9999 -9999 -9999 -9999 -9999 -9999 -9999 -9999 -9999
-9999 -9999 -9999 -9999 -9999 -9999 -9999 -9999 -9999 -9999 -9999 -9999 -9999 -9999 -9999 -9999 -9999 -9999 -9999 -9999 -9999 -9999 -9999 -9999 -9999 -9999 -9999 -9999 -9999 -9999 -9999 -9999 -9999 -9999 -9999 -9999 -9999 -9999 -9999 -9999 -9999 -9999 -9999 -9999 -9999 -9999 -9999 -9999 -9999 -9999 -9999 -9999 -9999 -9999 -9999 -9999 -9999 -9999 -9999 -9999 -9999 -9999 -9999 -9999 -9999 -9999 -9999 -9999 -9999 -9999 -9999 -9999 -9999
-9999 -9999 -9999 -9999 0.24801 -9999 -9999 -9999 -9999 -9999 -9999 -9999 -9999 -9999 -9999 -9999 -9999 -9999 -9999 -9999 -9999 -9999 -9999 -9999 -9999 -9999 -9999 -9999 -9999 -9999 -9999 -9999 -9999 -9999 -9999 -9999 -9999 -9999 -9999 -9999 -9999 -9999 -9999 -9999 -9999 -9999 -9999 -9999 -9999 -9999 -9999 -9999 -9999 -9999 -9999 -9999 -9999 -9999 -9999 -9999 -9999 -9999 -9999 -9999 -9999 -9999 -9999 -9999 -9999 -9999 -9999 -9999 -9999
0.29932 0.80042 0.60846 0.30896 0.43218 0.45213 0.45893 0.46619 0.36114 0.32952 0.40266 0.37410 0.33675 0.31884 0.20249 0.18421 0.18316 0.17703 0.16837 0.16902 -9999 -9999 -9999 -9999 -9999 -9999 -9999 -9999 -9999 -9999 -9999 -9999 -9999 -9999 -9999 -9999 -9999 -9999 -9999 -9999 -9999 -9999 -9999 -9999 -9999 -9999 -9999 -9999 -9999 -9999 -9999 -9999 -9999 -9999 -9999 -9999 -9999 -9999 -9999 -9999 -9999 -9999 -9999 -9999 -9999 -9999 -9999 -9999 -9999 -9999 -9999 -9999 -9999
-9999 -9999 0.69031 0.60445 0.71672 0.71857 0.72615 0.73410 0.63292 0.61051 0.60320 0.47299 0.44249 0.51087 0.48774 0.36919 0.26277 0.26101 0.16754 0.16699 -9999 -9999 -9999 -9999 -9999 -9999 -9999 -9999 -9999 -9999 -9999 -9999 -9999 -9999 -9999 -9999 -9999 -9999 -9999 -9999 -9999 -9999 -9999 -9999 -9999 -9999 -9999 -9999 -9999 -9999 -9999 -9999 -9999 -9999 -9999 -9999 -9999 -9999 -9999 -9999 -9999 -9999 -9999 -9999 -9999 -9999 -9999 -9999 -9999 -9999 -9999 -9999 -9999
1.15720 1.15957 0.97363 0.87997 0.89403 0.90025 0.90436 0.91227 0.80921 0.79937 0.87083 0.76262 0.73601 0.71517 0.58518 0.55825 0.56247 0.56236 0.46428 0.45739 0.46198 0.46719 0.47424 0.57972 0.57781 0.67563 -9999 -9999 -9999 -9999 -9999 -9999 -9999 -9999 -9999 -9999 -9999 -9999 -9999 -9999 -9999 -9999 -9999 -9999 -9999 -9999 -9999 -9999 -9999 -9999 -9999 -9999 -9999 -9999 -9999 -9999 -9999 -9999 -9999 -9999 -9999 -9999 -9999 -9999 -9999 -9999 -9999 -9999 -9999 -9999 -9999 -9999 -9999
1.34446 1.15553 1.25669 1.17211 1.27412 1.18448 1.18410 1.19444 1.18585 1.07511 1.15409 1.03752 1.03191 1.00689 0.88274 0.85364 0.84760 0.74495 0.76246 0.56317 0.46660 0.56875 0.67549 0.77094 0.77424 0.68315 0.79038 0.78593 0.80673 0.80889 0.80358 0.81510 0.71637 0.62691 0.62863 0.63884 0.53234 0.54071 0.54520 0.74442 0.74793 -9999 -9999 -9999 -9999 -9999 -9999 -9999 -9999 -9999 -9999 -9999 -9999 -9999 -9999 -9999 -9999 -9999 -9999 -9999 -9999 -9999 -9999 -9999 -9999 -9999 -9999 -9999 -9999 -9999 -9999 -9999 -9999
1.23066 1.03326 0.94513 1.14882 1.35315 1.45558 1.46434 1.37895 1.46646 1.44710 1.44652 1.32258 1.30315 1.28216 1.26898 1.14802 1.13854 1.04434 0.75132 0.15434 0.25779 0.35911 0.56939 0.87466 0.97505 0.97552 0.78047 0.59384 1.00302 1.00826 1.00753 1.01398 0.91922 0.91744 0.93081 0.92582 0.92881 0.93897 0.83979 0.85085 0.94787 1.06377 -9999 -9999 -9999 -9999 -9999 -9999 -9999 -9999 -9999 -9999 -9999 -9999 -9999 -9999 -9999 -9999 -9999 -9999 -9999 -9999 -9999 -9999 -9999 -9999 -9999 -9999 -9999 -9999 -9999 -9999 -9999
-0.28409 -1.38626 -0.36929 -0.06795 -0.06846 0.24260 0.25389 0.86039 0.55450 0.83636 1.21481 1.29581 1.37927 1.36303 1.34695 1.33344 1.24231 1.03912 0.74875 0.65308 0.55915 0.55747 0.75635 0.26109 0.75226 1.16720 1.08135 0.68168 0.89264 0.99394 1.11157 1.01450 1.11821 1.11637 1.11990 1.03375 1.03538 0.94306 0.94129 0.93634 0.94521 1.14993 -9999 -9999 -9999 -9999 -9999 -9999 -9999 -9999 -9999 -9999 -9999 -9999 -9999 -9999 -9999 0.96753 0.95418 -9999 -9999 -9999 -9999 0.04511 -0.95391 -1.74596 -1.24469 -0.13992 0.16551 0.36124 0.16304 -0.04142 -0.02835
-0.29856 -0.99983 0.10791 0.91107 0.81783 0.22471 0.23276 0.23436 1.22162 1.40682 1.39392 1.18126 1.16276 1.54398 1.43116 1.62744 1.55303 1.56123 1.25635 0.94756 0.84449 1.34739 1.44450 1.44415 1.44598 1.45180 1.36295 1.37636 1.37936 1.38328 1.39275 1.39348 1.40147 1.39927 1.40701 1.31254 1.21280 1.21789 1.21892 1.23306 1.22513 1.22891 1.54061 1.53572 1.53609 1.34580 0.05411 -0.34727 -0.04265 -0.35150 -0.45854 -0.06538 -0.26770 -0.28357 0.92005 1.00270 1.10259 0.99212 1.08193 -9999 -9999 -9999 -9999 -9999 0.35138 -0.25017 -0.65025 -0.83619 -0.74089 -0.44097 -0.93965 -0.53745 -0.47370
-0.51059 -1.52248 -0.51225 0.48951 0.69891 0.90550 1.51612 2.01296 2.11911 2.10085 2.07527 2.06747 2.04701 1.92864 1.91078 1.83005 1.85341 1.77797 1.87686 1.76732 1.86009 1.75061 1.73473 1.72415 1.73142 1.73965 1.65156 1.65661 1.66311 1.67564 1.67483 1.67511 1.68563 1.68980 1.59306 1.59603 1.60189 1.50537 1.50417 1.51516 1.50855 1.51290 1.61379 1.62330 1.62774 1.52508 0.42422 -0.07140 0.43532 0.83953 0.23906 -0.87062 -1.77161 -0.47563 -1.08210 -1.19937 -0.80700 -0.11367 0.08262 -0.12495 0.64956 1.24571 1.25129 1.14924 0.94283 0.94576 0.25428 -0.14110 -0.94138 -0.64317 -1.13694 -1.73426 -1.67112
0.47671 -1.62915 -1.93240 -0.83229 -0.02745 -0.11136 2.28905 2.50417 2.48610 2.47988 2.36002 2.34287 2.32210 2.29967 2.21278 2.23635 2.16468 1.58440 1.60635 1.99216 2.08421 2.08221 2.05914 2.05147 2.03158 2.03924 1.93634 1.93038 1.95098 1.95101 1.95115 1.96010 1.96857 1.88015 1.88153 1.77657 1.87092 1.89414 1.89214 1.59806 1.69181 1.79587 1.79733 1.90316 1.90283 1.90864 1.71438 1.41500 0.90262 1.32231 0.72420 0.62394 -0.17001 -1.27361 -1.39673 -1.10002 -1.10789 -1.31407 -0.81810 -1.62546 -0.61752 0.67769 1.05227 1.35080 1.24544 1.24888 0.65748 -0.14273 -1.44961 -1.44105 -1.73583 -2.02916 -2.33293
-1.75127 1.35807 0.15658 1.24744 1.65563 0.36462 1.26795 2.07746 2.37617 2.65887 2.64716 2.62881 2.61388 2.59703 2.52761 2.54429 2.28076 0.69739 0.92199 1.42010 1.50698 2.09611 2.18897 2.26768 2.36106 2.36093 2.25920 2.24119 2.24092 2.23123 2.23017 2.23599 2.13818 2.14477 2.15951 1.96220 1.85561 1.56893 1.65745 1.77389 0.87668 0.57350 0.88520 1.58870 1.98805 2.28232 2.28686 1.69758 1.00288 0.89495 0.59990 0.50907 0.40789 0.61972 0.50358 -0.60339 -0.90626 -1.32203 -1.71427 -2.22138 -2.61410 -1.21839 -0.62262 -0.11983 -0.05194 0.04701 -0.25453 -0.54564 -0.85336 -0.74925 -0.94002 -1.43467 -1.52475
-2.66548 -2.66016 -0.56274 1.43647 1.44355 0.34559 0.15546 1.46511 -0.64297 -0.26417 0.52767 1.90988 2.38566 2.60128 2.82774 2.84861 2.58097 1.79930 1.22618 1.84277 2.03255 2.31746 2.61551 2.69868 2.69419 2.57866 2.57074 2.56879 2.56002 2.44627 2.03673 2.23302 2.33080 1.93664 1.83900 1.82704 1.63899 1.14434 1.04255 1.55524 1.74884 1.45108 0.76418 0.66904 1.26877 1.67579 2.26668 1.36846 0.88479 0.88260 0.77959 1.19178 0.38339 -0.39645 -0.70877 -1.70986 -0.70801 -0.31532 -0.41237 -0.32026 -0.51323 -1.31252 -2.12007 -0.71896 -1.52532 -0.75687 -0.34615 -0.34959 -0.25511 0.95114 0.66311 -0.53546 -0.63289
-2.77916 -3.57603 -3.76904 -0.87434 0.41513 1.03207 1.03630 1.74423 0.44184 -1.77661 -3.19588 -3.91112 -1.31870 0.50625 1.73791 2.75935 2.98678 3.10405 3.03247 3.05747 2.95211 3.04546 3.02933 3.02763 2.91209 2.90701 2.89830 2.59513 2.48613 2.17148 1.96431 1.85405 2.43510 1.84202 1.53644 0.92350 1.52796 1.72639 1.21768 1.13457 1.63325 1.65316 1.05037 1.44302 1.34883 1.55440 2.04864 2.24652 2.35456 1.95549 1.57366 1.36918 1.17317 0.97890 -0.23277 -0.92190 -0.42426 -1.72767 -1.31688 -0.81326 -0.51543 -0.01375 0.38026 0.27764 -0.11999 -0.32167 0.07506 0.34843 1.04774 1.74533 1.76522 0.86271 0.06598
-4.08378 -4.27700 -3.69235 -3.28493 -3.18672 -2.18299 -0.78029 0.72612 2.11410 0.90160 -0.11740 -1.32392 -2.51693 -2.68795 -2.15852 -1.13098 0.48888 1.30524 2.43610 2.85658 3.08131 3.16975 3.35271 3.34655 3.33460 3.12953 2.52141 2.11131 2.69737 1.09655 0.68544 0.77605 1.16695 1.15421 1.24527 1.04112 1.43043 1.32620 1.20864 1.30029 1.82113 1.30888 1.12980 0.83119 0.83105 0.93930 1.23481 1.54669 0.65205 0.55938 -0.12155 -0.22793 -0.01415 0.08734 -1.20640 -0.21560 -0.12424 -1.24148 -0.44036 -0.32346 -0.12495 1.07739 0.86665 0.77550 -0.22014 0.37695 0.87424 1.17854 2.17761 2.35131 1.95883 0.46281 0.86729
-3.80338 -3.30102 -3.89340 -4.20600 -3.49944 -2.49247 -2.40097 -0.79290 -0.28751 -0.51437 -0.33757 0.37616 0.09311 0.11040 -0.45394 -1.72801 -2.10233 -1.38717 -0.46226 0.35715 1.88421 2.99698 3.57434 3.66840 3.66221 2.85133 1.94770 1.93687 1.93175 1.61730 0.71114 1.20213 0.58783 2.07401 2.06487 1.65871 0.64321 1.12872 1.72424 2.26729 1.81201 1.32350 0.12921 -0.17123 -0.16436 0.34055 0.24479 -0.64594 -1.03636 -0.52672 -1.01503 -1.90827 -1.10501 -1.79871 -0.29939 -1.10607 0.17461 0.74244 0.72898 1.34353 1.15164 1.35352 0.56227 1.36877 2.07972 2.28148 2.07393 2.18625 2.88683 2.88286 1.55929 0.76779 2.17348
-1.60644 -1.31630 -2.81861 -3.71341 -3.41117 -3.41597 -3.11446 -1.50442 0.28741 -2.93721 -2.44738 -1.23447 -2.90239 -4.07783 -3.34629 1.57694 -0.89263 -3.27049 -2.75383 -1.83304 -0.40813 3.11066 3.70893 3.98970 3.88408 3.27927 2.36542 2.45544 1.94144 1.82156 1.71502 1.79925 2.77987 2.46631 1.86136 1.84887 1.32370 1.02641 0.22260 1.22216 1.42683 0.82861 2.12500 2.03730 1.24139 0.54377 -0.14115 -0.43216 -0.83200 -0.31410 -0.20640 -0.29183 -0.99361 -1.28497 -0.58165 -0.69374 0.88069 1.25164 2.13896 2.32233 1.62356 1.14190 2.54007 2.95023 3.05723 3.26362 3.18145 2.97898 2.98308 3.29168 2.68742 2.98760 2.96738
-1.13455 -0.73143 -1.32347 -1.43173 -1.52423 -1.92684 -1.63910 -1.83095 -1.44036 -1.75628 -1.55597 -0.72174 -2.20720 -2.47461 -3.64950 -2.42026 -0.89431 0.13017 -0.65380 -0.73685 0.19085 0.90772 2.71370 3.78867 3.87125 3.66164 3.04419 3.22817 2.32172 2.50505 2.99360 2.47210 2.36554 2.45035 2.33694 2.22132 1.92662 1.22447 0.23485 0.22769 0.13165 0.42947 2.22492 2.33817 1.54578 0.94982 0.36636 -0.53020 -0.72325 0.09367 0.50216 -0.69044 0.11004 0.41267 0.71942 1.30835 0.18908 1.26296 1.83371 2.41723 2.60366 3.40077 3.71121 3.62433 3.53602 3.15604 2.26125 2.86275 3.26532 3.58060 3.48615 3.48489 3.20081
-1.72472 -1.65097 -1.44497 -0.54668 -0.45103 -0.25126 -0.25030 -0.04732 -1.35720 -2.56817 -1.64032 -0.32174 -0.20001 -1.08032 -1.34186 -1.61721 -2.80191 -1.86642 -0.75153 0.76396 1.68423 1.41813 1.20467 1.88173 3.36243 3.24862 2.72769 2.12284 2.49685 2.38979 3.47295 3.05901 2.54477 1.62663 1.73091 0.73010 1.54818 0.13174 -1.15670 -0.06688 0.13172 -0.86409 0.03301 1.23325 1.24493 0.95540 1.26238 0.57646 -0.01423 1.38580 2.00441 2.11652 2.41808 2.22761 2.12043 1.61172 2.08653 1.46647 2.54176 2.62301 2.80431 3.17733 3.49382 3.80057 3.81238 3.52177 3.01906 2.33973 2.64178 3.25314 3.66588 2.77078 2.59121
-2.81940 -2.93916 -1.93943 -1.55611 -0.86977 -0.45820 0.32847 -0.76969 -0.78097 -1.37536 -2.74507 -1.61387 0.10317 0.42611 -0.64695 -1.42020 -2.19815 -1.97751 -1.05534 -0.53616 0.07910 1.00762 1.38916 2.16033 1.84047 2.61987 3.01193 2.39623 3.27562 2.56576 3.24869 1.53514 1.13408 2.32730 1.23065 0.13421 0.53649 0.84144 -0.26632 -0.65814 -0.65732 0.05654 0.24683 0.64783 0.96191 0.76653 1.17563 0.68133 0.88447 0.69309 1.21380 1.10956 1.12502 1.43652 1.83686 2.92082 3.40024 3.96856 4.14798 3.73421 3.50744 3.67135 3.69971 3.89880 3.80951 3.62617 2.32490 1.73212 1.93874 2.55059 3.26253 3.38185 3.98552
-2.71095 -2.82111 -2.83257 -1.14533 -0.85764 0.23339 0.01620 0.40953 1.10703 0.63229 -0.14111 -1.52200 -0.69802 -0.47307 -0.84888 0.07612 -0.19986 0.21956 -1.75569 -0.03788 0.78503 1.40487 1.89753 1.36494 0.52790 1.80333 2.79101 3.28601 1.96864 2.45174 2.74020 1.44361 0.64062 1.94595 1.23700 0.64358 -0.15086 0.04245 0.15078 -0.15534 0.35075 0.24655 0.66148 0.56433 1.96074 1.47721 1.27228 1.28595 1.50166 1.39375 2.00417 2.72117 2.52681 3.23371 3.14131 3.61749 4.28932 4.37152 4.35624 3.92615 3.68762 3.50183 2.00996 2.62407 2.23258 2.54538 2.35026 3.15260 2.97261 3.07235 3.28079 2.89308 2.09547
-1.90316 -2.91260 -2.82033 -3.72742 -2.74172 -0.95619 -0.76690 -0.47644 0.42517 -0.25824 0.36061 -0.22646 -1.59509 -0.57647 0.64947 1.17002 0.69444 0.91565 1.14785 -0.02845 0.38843 1.60677 2.70115 3.55698 2.62810 2.90140 4.18296 3.46654 3.44667 3.06115 2.34639 1.75608 1.14659 0.75441 1.35132 0.55001 -0.43814 -1.03935 0.35724 0.65516 0.35721 1.66566 2.36709 2.87862 3.88907 4.48323 4.39030 4.59363 4.79617 4.81033 4.71047 4.22126 3.83365 3.84193 4.14088 4.81204 4.69457 4.66020 4.43137 4.20225 3.21732 1.72145 1.02850 1.44803 1.44524 1.85166 2.56963 3.06670 2.98226 3.18924 2.78751 2.98332 3.69531
-1.19321 -1.00103 -2.31413 -2.41845 -4.22941 -2.72253 -1.32521 -1.92441 -2.03695 -1.33396 -0.53790 -1.42376 -1.00007 0.11664 0.05115 0.57484 1.40557 1.62031 1.33785 0.56402 -0.61829 1.61192 3.00394 3.26509 1.82619 2.48769 2.56802 1.66113 2.86173 3.17189 2.05724 1.65907 0.96649 1.36137 1.07187 1.26581 0.26878 0.16116 1.26668 2.86322 2.36068 3.37953 4.97697 5.08522 4.78788 4.69319 3.89507 4.59818 -9999 -9999 5.22567 5.22926 5.43802 4.74320 4.73380 5.01271 4.88610 4.14597 3.91962 2.62476 1.53709 0.44405 0.85520 0.36233 0.06570 -0.02215 2.08289 2.87970 2.98969 3.99012 3.18458 3.99179 4.79792
-0.27736 -0.98139 -1.07336 -0.67462 -2.37449 -0.67438 -1.27154 -1.87826 -2.28232 -1.18323 -1.49021 -1.49150 -0.40060 0.32181 -0.45171 0.56465 1.49293 0.82389 1.34590 2.06800 1.99016 1.71640 0.21358 1.48008 1.23984 2.09945 1.88199 2.07694 1.67743 3.07722 2.37689 1.48238 1.17367 1.17545 0.87274 2.77817 4.26757 -9999 -9999 -9999 -9999 5.87419 -9999 3.99302 2.59351 3.69873 4.10756 5.72187 -9999 -9999 4.92583 5.03512 5.34905 5.24534 5.62065 5.18596 4.55535 3.72705 3.44409 2.85053 2.26028 1.76004 2.56733 -0.12203 -0.22186 0.38292 2.87875 3.68338 4.18652 5.28360 -9999 -9999 -9999
0.46277 -0.33347 -0.02440 1.38226 -0.82320 0.07104 1.56586 1.17648 1.17012 0.96040 -0.03892 -0.34047 0.35121 1.94207 1.04685 0.57166 0.49944 0.92565 0.64368 1.96527 1.79747 2.02967 1.51773 1.98759 1.65267 1.42083 1.70171 2.09443 1.88838 1.79111 1.48501 1.68698 0.88452 2.18075 3.18254 -9999 -9999 -9999 -9999 -9999 -9999 -9999 5.09110 4.69873 4.69949 -9999 -9999 -9999 -9999 -9999 6.03842 5.53778 4.23156 4.72159 4.09959 4.57423 4.93656 3.94938 4.85140 4.65940 3.97813 3.17079 3.87081 3.97683 3.07797 1.47754 3.57821 5.28388 -9999 -9999 -9999 -9999 -9999
