data/hydroclimate-scenarios/1948-2000.Pcorr55N_Pref_Tref/monthly_summaries/tavg_monthly_avg_dec.1950-2000.asc
ncols	311
nrows	91
xllcenter	102.75
yllcenter	31.75
cellsize	0.5
NODATA_value	-9999
[rows 0 to 30 of 91, columns 210 to 279 of 311]
-9999 -9999 -9999 -9999 -9999 -9999 -9999 -9999 -9999 -9999 -9999 -9999 -9999 -9999 -9999 -9999 -9999 -9999 -9999 -9999 -9999 -9999 -9999 -9999 -9999 -9999 -9999 -9999 -9999 -9999 -9999 -9999 -9999 -9999 -9999 -9999 -9999 -9999 -9999 -9999 -9999 -9999 -9999 -9999 -9999 -9999 -9999 -9999 -9999 -9999 -9999 -9999 -9999 -9999 -9999 -9999 -9999 -9999 -9999 -9999 -9999 -9999 -9999 -9999 -9999 -9999 -9999 -9999 -9999 -9999
-9999 -9999 -9999 -9999 -9999 -9999 -9999 -9999 -9999 -9999 -9999 -9999 -9999 -9999 -9999 -9999 -9999 -9999 -9999 -9999 -9999 -9999 -9999 -9999 -9999 -9999 -9999 -9999 -9999 -9999 -9999 -9999 -9999 -9999 -9999 -9999 -9999 -9999 -9999 -9999 -9999 -9999 -9999 -9999 -9999 -9999 -9999 -9999 -9999 -9999 -9999 -9999 -9999 -9999 -9999 -9999 -9999 -9999 -9999 -9999 -9999 -9999 -9999 -9999 -9999 -9999 -9999 -9999 -9999 -9999
-9999 -9999 -9999 -9999 -9999 -9999 -9999 -9999 -9999 -9999 -9999 -9999 -9999 -9999 -9999 -9999 -9999 -9999 -9999 -9999 -9999 -9999 -9999 -9999 -9999 -9999 -9999 -9999 -9999 -9999 -9999 -9999 -9999 -9999 -9999 -9999 -9999 -9999 -9999 -9999 -9999 -9999 -9999 -9999 -9999 -9999 -9999 -9999 -9999 -9999 -9999 -9999 -9999 -9999 -9999 -9999 -9999 -9999 -9999 -9999 -9999 -9999 -9999 -9999 -9999 -9999 -9999 -9999 -9999 -9999
-9999 -9999 -9999 -9999 -9999 -9999 -9999 -9999 -9999 -9999 -9999 -9999 -9999 -9999 -9999 -9999 -9999 -9999 -9999 -9999 -9999 -9999 -9999 -9999 -9999 -9999 -9999 -9999 -9999 -9999 -9999 -9999 -9999 -9999 -9999 -9999 -9999 -9999 -9999 -9999 -9999 -9999 -9999 -9999 -9999 -9999 -9999 -9999 -9999 -9999 -9999 -9999 -9999 -9999 -9999 -9999 -9999 -9999 -9999 -9999 -9999 -9999 -9999 -9999 -9999 -9999 -9999 -9999 -9999 -9999
-9999 -9999 -9999 -9999 -9999 -9999 -9999 -9999 -9999 -9999 -9999 -9999 -9999 -9999 -9999 -9999 -9999 -9999 -9999 -9999 -9999 -9999 -9999 -9999 -9999 -9999 -9999 -9999 -9999 -9999 -9999 -9999 -9999 -9999 -9999 -9999 -9999 -9999 -9999 -9999 -9999 -9999 -9999 -9999 -9999 -9999 -9999 -9999 -9999 -9999 -9999 -9999 -9999 -9999 -9999 -9999 -9999 -9999 -9999 -9999 -9999 -9999 -9999 -9999 -9999 -9999 -9999 -9999 -9999 -9999
-9999 -9999 -9999 -9999 -9999 -9999 -9999 -9999 -9999 -9999 -9999 -9999 -9999 -9999 -9999 -9999 -9999 -9999 -9999 -9999 -9999 -9999 -9999 -9999 -9999 -9999 -9999 -9999 -9999 -9999 -9999 -9999 -9999 -9999 -9999 -9999 -9999 -9999 -9999 -9999 -9999 -9999 -9999 -9999 -9999 -9999 -9999 -9999 -9999 -9999 -9999 -9999 -9999 -9999 -9999 -9999 -9999 -9999 -9999 -9999 -9999 -9999 -9999 -9999 -9999 -9999 -9999 -9999 -9999 -9999
-9999 -9999 -9999 -9999 -9999 -9999 -9999 -9999 -9999 -9999 -9999 -9999 -9999 -9999 -9999 -9999 -9999 -9999 -9999 -9999 -9999 -9999 -9999 -9999 -9999 -9999 -9999 -9999 -9999 -9999 -9999 -9999 -9999 -9999 -9999 -9999 -9999 -9999 -9999 -9999 -9999 -9999 -9999 -9999 -9999 -9999 -9999 -9999 -9999 -9999 -9999 -9999 -9999 -9999 -9999 -9999 -9999 -9999 -9999 -9999 -9999 -9999 -9999 -9999 -9999 -9999 -9999 -9999 -9999 -9999
-9999 -9999 -9999 -9999 -9999 -9999 -9999 -9999 -9999 -9999 -9999 -9999 -9999 -9999 -9999 -9999 -9999 -9999 -9999 -9999 -9999 -9999 -9999 -9999 -9999 -9999 -9999 -9999 -9999 -9999 -9999 -9999 -9999 -9999 -9999 -9999 -9999 -9999 -9999 -9999 -9999 -9999 -9999 -9999 -9999 -9999 -9999 -9999 -9999 -9999 -9999 -9999 -9999 -9999 -9999 -9999 -9999 -9999 -9999 -9999 -9999 -9999 -9999 -9999 -9999 -9999 -9999 -9999 -9999 -9999
-9999 -9999 -9999 -9999 -9999 -9999 -9999 -9999 -9999 -9999 -9999 -9999 -9999 -9999 -9999 -9999 -9999 -9999 -9999 -9999 -9999 -9999 -9999 -9999 -9999 -9999 -9999 -9999 -9999 -9999 -9999 -9999 -9999 -9999 -9999 -9999 -9999 -9999 -9999 -9999 -9999 -9999 -9999 -9999 -9999 -9999 -9999 -9999 -9999 -9999 -9999 -9999 -9999 -9999 -9999 -9999 -9999 -9999 -9999 -9999 -9999 -9999 -9999 -9999 -9999 -9999 -9999 -9999 -9999 -9999
-9999 -9999 -9999 -9999 -9999 -9999 -9999 -9999 -9999 -9999 -9999 -9999 -9999 -9999 -9999 -9999 -9999 -9999 -9999 -9999 -9999 -9999 -9999 -9999 -9999 -9999 -9999 -9999 -9999 -9999 -9999 -9999 -9999 -9999 -9999 -9999 -9999 -9999 -9999 -9999 -9999 -9999 -9999 -9999 -9999 -9999 -9999 -9999 -9999 -9999 -9999 -9999 -9999 -9999 -9999 -9999 -9999 -9999 -9999 -9999 -9999 -9999 -9999 -9999 -9999 -9999 -9999 -9999 -9999 -9999
-9999 -9999 -9999 -9999 -9999 -9999 -9999 -9999 -9999 -9999 -9999 -9999 -9999 -9999 -9999 -9999 -9999 -9999 -9999 -9999 -9999 -9999 -9999 -9999 -9999 -9999 -9999 -9999 -9999 -9999 -9999 -9999 -9999 -9999 -9999 -9999 -9999 -9999 -9999 -9999 -9999 -9999 -9999 -9999 -9999 -9999 -9999 -9999 -9999 -9999 -9999 -9999 -9999 -9999 -9999 -9999 -9999 -9999 -9999 -9999 -9999 -9999 -9999 -9999 -9999 -9999 -9999 -9999 -9999 -9999
-9999 -9999 -9999 -9999 -9999 -9999 -9999 -9999 -9999 -9999 -9999 -9999 -9999 -9999 -9999 -9999 -9999 -9999 -9999 -9999 -9999 -9999 -9999 -9999 -9999 -9999 -9999 -9999 -9999 -9999 -9999 -9999 -9999 -9999 -9999 -9999 -9999 -9999 -9999 -9999 -9999 -9999 -9999 -9999 -9999 -9999 -9999 -9999 -9999 -9999 -9999 -9999 -9999 -9999 -9999 -9999 -9999 -9999 -9999 -9999 -9999 -9999 -9999 -9999 -9999 -9999 -9999 -9999 -9999 -9999
-9999 -9999 -9999 -9999 -9999 -9999 -9999 -9999 -9999 -9999 -9999 -9999 -9999 -9999 -9999 -9999 -9999 -9999 -9999 -9999 -9999 -9999 -9999 -9999 -9999 -9999 -9999 -9999 -9999 -9999 -9999 -9999 -9999 -9999 -9999 -9999 -9999 -9999 -9999 -9999 -9999 -9999 -9999 -9999 -9999 -9999 -9999 -9999 -9999 -9999 -9999 -9999 -9999 -9999 -9999 -9999 -9999 -9999 -9999 -9999 -9999 -9999 -9999 -9999 -9999 -9999 -9999 -9999 -9999 -9999
-27.34700 -26.82980 -26.57090 -26.34760 -26.30120 -26.33630 -26.28120 -26.22490 -26.20940 -9999 -9999 -9999 -9999 -9999 -9999 -9999 -9999 -9999 -9999 -9999 -9999 -9999 -9999 -9999 -9999 -9999 -9999 -9999 -9999 -9999 -9999 -9999 -9999 -9999 -9999 -9999 -9999 -9999 -9999 -9999 -9999 -9999 -9999 -9999 -9999 -9999 -9999 -9999 -9999 -9999 -25.60270 -9999 -9999 -9999 -9999 -9999 -9999 -9999 -9999 -9999 -9999 -9999 -9999 -9999 -9999 -9999 -9999 -9999 -9999 -9999
-29.42040 -29.31400 -29.18030 -28.63710 -28.09930 -27.57960 -27.21510 -26.99950 -26.84310 -26.55520 -26.35950 -26.22810 -26.04910 -25.69220 -25.56920 -25.38890 -25.32880 -25.39840 -25.35070 -25.15230 -24.82560 -22.76740 -9999 -9999 -9999 -9999 -9999 -9999 -9999 -9999 -9999 -9999 -9999 -9999 -9999 -9999 -9999 -9999 -9999 -9999 -9999 -9999 -9999 -9999 -9999 -26.53140 -25.79100 -26.14950 -26.90390 -27.16520 -26.61880 -25.49470 -9999 -9999 -9999 -24.74270 -9999 -9999 -9999 -24.32970 -24.10460 -23.97350 -9999 -9999 -9999 -9999 -9999 -9999 -9999 -9999
-28.98820 -29.14320 -29.15710 -28.96440 -28.68040 -28.04600 -27.64630 -27.34320 -26.97830 -26.38070 -26.10110 -26.08800 -26.12250 -26.14910 -26.64080 -26.51080 -27.07420 -27.33070 -26.53560 -26.03570 -25.64040 -25.34480 -25.35300 -25.15690 -25.45400 -24.90700 -24.59720 -24.66850 -9999 -9999 -9999 -9999 -9999 -25.85490 -25.93600 -25.91060 -25.77430 -25.55450 -25.20960 -25.09540 -25.30890 -25.35800 -25.40030 -25.35040 -25.39990 -27.15870 -27.12290 -27.37630 -27.12940 -27.58240 -27.55740 -25.52640 -25.58080 -25.32470 -25.17860 -25.02080 -24.66690 -24.54450 -24.63280 -24.71690 -24.81130 -25.29070 -24.97820 -24.36180 -24.13490 -24.64270 -24.55510 -9999 -9999 -9999
-27.98110 -27.91090 -27.62110 -27.39690 -26.99720 -26.66730 -26.52320 -26.55360 -26.31180 -26.19550 -26.35860 -26.33450 -26.37510 -26.79440 -27.33340 -27.45850 -28.14720 -26.87840 -26.70170 -25.54810 -24.93640 -24.80490 -24.41880 -24.94730 -25.51440 -24.85520 -25.57850 -25.81630 -25.90860 -25.81550 -25.73070 -25.79450 -25.91310 -25.91930 -25.79550 -26.06810 -26.13210 -26.19720 -25.77910 -25.77020 -25.71510 -25.76360 -25.71770 -25.87250 -25.73450 -25.88910 -25.85290 -25.87160 -25.88710 -26.10330 -26.04290 -26.00150 -25.75210 -25.70270 -25.45570 -25.19550 -25.15860 -24.93440 -24.81170 -24.71080 -24.38620 -24.28070 -23.96000 -24.04940 -24.13830 -24.73820 -25.35200 -25.56500 -25.69060 -25.50770
-26.46100 -26.43090 -26.55850 -26.67190 -26.52190 -26.26740 -26.09020 -25.95890 -25.97620 -25.52690 -25.24100 -25.15060 -25.33010 -25.26000 -25.03840 -24.59390 -23.47910 -22.34250 -22.24680 -22.49010 -22.34030 -23.43240 -23.58150 -24.18960 -24.37710 -23.93870 -24.44690 -25.76480 -26.27900 -26.87470 -27.01330 -27.15450 -27.27990 -26.89880 -26.10980 -26.21650 -26.13980 -26.23810 -26.31310 -26.10860 -26.05170 -25.99220 -25.81720 -26.03230 -26.05450 -25.97110 -25.90330 -25.89200 -25.92770 -26.35020 -26.12370 -25.98050 -25.93340 -25.78030 -25.63500 -25.37280 -25.15790 -25.03130 -24.80770 -24.58430 -24.57440 -24.36150 -24.15420 -24.23260 -24.32860 -25.12830 -25.35210 -25.36990 -25.48330 -25.50500
-26.05540 -26.60910 -26.55360 -25.84710 -25.11920 -24.87010 -25.28750 -25.54310 -25.03460 -24.65090 -24.30880 -23.48070 -23.58250 -23.14600 -22.08480 -20.40720 -20.77550 -20.28230 -20.42270 -21.49850 -22.25520 -23.42850 -23.80990 -23.92780 -24.06350 -24.01650 -24.39480 -25.34350 -26.04840 -26.49440 -27.63020 -28.08320 -28.26260 -27.18000 -26.38410 -26.50230 -26.41110 -26.33470 -26.24100 -26.27500 -26.18220 -25.88100 -26.18980 -26.18470 -26.31240 -26.23030 -26.35360 -26.37970 -26.28770 -26.40900 -26.32420 -26.16230 -26.00820 -25.67070 -25.61670 -25.57180 -25.35610 -25.03110 -24.89000 -24.68500 -24.77450 -24.45640 -24.43430 -24.33470 -24.51380 -25.23700 -25.05920 -25.27930 -25.39270 -25.41510
-25.54980 -25.19470 -25.24320 -24.68270 -24.34060 -23.80930 -24.04450 -23.75580 -23.31920 -23.12970 -23.11260 -23.02890 -23.35420 -23.44870 -23.81370 -23.98430 -24.93310 -24.50860 -24.10270 -23.93380 -23.53880 -22.07310 -22.54850 -23.47010 -24.05380 -24.82220 -25.19690 -26.19150 -26.13990 -25.97870 -26.11760 -26.64330 -27.89510 -27.00290 -26.70160 -26.40810 -26.12640 -26.04030 -25.85480 -26.01860 -25.83400 -25.94260 -26.06150 -26.06630 -26.16310 -26.57060 -26.70070 -26.50900 -26.62880 -26.56730 -26.46920 -26.15030 -26.00080 -25.74150 -25.79050 -25.55880 -25.33330 -25.01230 -24.88520 -24.95870 -24.74380 -24.73380 -24.61990 -24.50960 -24.70400 -24.82100 -24.83990 -25.17310 -25.19410 -25.10540
-25.44440 -23.96120 -23.86270 -25.15290 -25.49960 -23.96950 -21.71630 -20.46550 -20.45360 -21.85740 -23.11400 -24.00840 -24.51710 -26.18100 -27.11730 -27.24980 -27.71130 -27.73160 -26.53550 -24.77060 -23.62890 -21.74930 -22.55610 -23.49510 -24.77380 -25.13140 -25.69190 -26.21390 -26.03880 -25.86510 -25.89710 -26.42680 -27.14940 -27.46880 -26.38220 -25.99260 -25.80540 -25.82000 -25.65600 -25.52620 -25.63000 -25.65370 -25.76420 -25.77730 -25.89950 -26.29600 -26.50130 -26.91650 -26.65030 -26.48230 -26.39360 -26.00180 -25.95280 -25.99900 -25.75040 -25.63220 -25.30520 -25.28650 -25.15010 -24.84220 -24.91970 -24.60120 -24.49040 -24.47440 -24.55790 -24.47910 -24.58120 -24.71200 -24.82830 -24.96970
-23.83950 -23.11050 -23.78140 -25.50390 -25.63370 -25.61830 -25.15280 -24.10660 -24.28760 -24.93660 -25.35480 -25.98300 -26.62170 -26.79270 -26.89280 -26.98450 -26.34690 -25.22590 -23.32990 -21.48640 -21.57770 -21.27670 -22.08890 -23.65950 -25.06630 -26.13390 -26.25730 -26.21210 -25.77810 -25.70400 -26.03380 -26.45370 -26.79270 -27.37550 -26.58500 -26.10550 -25.61990 -25.33740 -25.40110 -25.37600 -25.29350 -25.30450 -25.32150 -25.43420 -25.75200 -25.87020 -26.28750 -26.68860 -26.60390 -26.31320 -26.13620 -25.96060 -25.72810 -25.88350 -25.64420 -25.21250 -25.18090 -25.06090 -24.64450 -24.70500 -24.79240 -24.67880 -24.46350 -24.35770 -24.45060 -24.45780 -24.68850 -24.81280 -24.52770 -24.84290
-22.35030 -23.01030 -24.26660 -24.81090 -26.08750 -26.79740 -26.94190 -24.67050 -21.31010 -19.25540 -18.60250 -19.05690 -19.23990 -20.06980 -21.06880 -23.02300 -25.35270 -22.97550 -21.43470 -19.59270 -20.05050 -20.99960 -21.63120 -23.32010 -25.06930 -25.73070 -26.06330 -26.62210 -26.05870 -26.42700 -26.54960 -26.28160 -26.11850 -26.28550 -25.71180 -25.72890 -25.94130 -25.76980 -25.74530 -25.91440 -26.03570 -25.75260 -25.55970 -25.88920 -25.60590 -25.61510 -25.72690 -25.94850 -26.06420 -25.98060 -26.07830 -25.99930 -25.90680 -25.76780 -25.53800 -25.39900 -25.27480 -25.15200 -25.22240 -25.09370 -24.97670 -24.57040 -24.65330 -24.62520 -24.52510 -24.54820 -24.55950 -24.48090 -24.60170 -25.22350
-21.98410 -22.10540 -23.02220 -21.74310 -20.44900 -20.43050 -21.37200 -20.41400 -18.14710 -16.73160 -16.02950 -15.94190 -15.78130 -15.77680 -16.78880 -16.71860 -18.33760 -19.51870 -21.25400 -22.07280 -21.72820 -20.86830 -21.65670 -22.98910 -24.88600 -25.38750 -25.57330 -26.33220 -26.57700 -26.80640 -26.88240 -27.00950 -26.85480 -26.40580 -26.02080 -26.14940 -26.26570 -26.71710 -26.78060 -27.16390 -26.97930 -26.49560 -26.31290 -26.93720 -26.64910 -26.16670 -26.27660 -25.98980 -26.11250 -25.42210 -25.34110 -25.45430 -25.57440 -25.14420 -25.02050 -25.18750 -25.15930 -25.13540 -25.10740 -24.96710 -24.54530 -24.63210 -25.11970 -25.10270 -24.70710 -24.81340 -24.93690 -24.84660 -24.76300 -24.85850
-19.83580 -20.80940 -21.13730 -21.59850 -21.75570 -21.14690 -20.83660 -19.91910 -19.45480 -20.66160 -21.09490 -18.91700 -18.56440 -16.82540 -15.88980 -15.29340 -14.99600 -15.28790 -17.69140 -19.48710 -19.98040 -21.51630 -21.69100 -22.27810 -24.75540 -25.43990 -26.17500 -26.53680 -26.78110 -27.43530 -27.39370 -27.25820 -27.30000 -27.44780 -27.23730 -27.15260 -27.07650 -27.34370 -27.21630 -27.09720 -27.31950 -27.14160 -26.76250 -27.18050 -26.99390 -26.60880 -26.81510 -26.74570 -26.65690 -26.48070 -25.98280 -25.20190 -24.92530 -24.91740 -24.70130 -24.76750 -25.12820 -25.19660 -25.16780 -25.14970 -25.11020 -24.89320 -24.77920 -24.96070 -25.16770 -25.28410 -25.10850 -24.72690 -24.43110 -24.36420
-18.36990 -18.28820 -19.62580 -20.07750 -19.33990 -18.67580 -18.43980 -18.04600 -17.93480 -18.03980 -18.23950 -18.60830 -18.96340 -18.87350 -18.15600 -16.67970 -16.12110 -16.67800 -18.10580 -19.89220 -21.56940 -21.75700 -22.40320 -22.98250 -23.31520 -24.48690 -24.71650 -25.94420 -26.60120 -27.05730 -27.21690 -27.06990 -26.53510 -26.28590 -25.75640 -25.97140 -25.91020 -26.18810 -26.25540 -25.93110 -26.26680 -26.19420 -26.00320 -26.31300 -26.23320 -25.74830 -25.86890 -25.68550 -25.70620 -25.71130 -25.33520 -24.96370 -24.70650 -24.57590 -24.56220 -24.43250 -25.20350 -25.67120 -25.34670 -25.21250 -25.19270 -24.86370 -24.75000 -24.83440 -24.94350 -24.85120 -24.67340 -24.59940 -24.63640 -24.37280
-19.47890 -19.48070 -18.50470 -16.91340 -15.50010 -15.34650 -15.74060 -15.64940 -16.46370 -17.37280 -18.05640 -18.13350 -18.01310 -18.27190 -18.72700 -20.02030 -20.15470 -19.32520 -18.56630 -19.70560 -20.99770 -21.38940 -22.58220 -23.03520 -23.14470 -23.54260 -23.86120 -24.58810 -25.23560 -25.48740 -25.84780 -25.80730 -24.96250 -24.22630 -24.47240 -24.28990 -24.25190 -24.12590 -24.09390 -24.87400 -24.81970 -25.13760 -25.05770 -25.07770 -24.99000 -24.90420 -24.82330 -24.94370 -24.55450 -24.37970 -24.80560 -24.84050 -24.55430 -24.53470 -24.41330 -24.50450 -24.67650 -24.84500 -25.41770 -25.29780 -25.15430 -24.92820 -24.81450 -24.61010 -24.71420 -24.53500 -24.54860 -24.41830 -24.05650 -24.24490
-16.93660 -15.73890 -16.03510 -16.04040 -15.71570 -16.49390 -16.58740 -15.65910 -16.52560 -17.16730 -17.71550 -17.86690 -17.61030 -17.59330 -18.54000 -18.34310 -19.22240 -20.26510 -22.06100 -22.35290 -21.99560 -20.62420 -21.60460 -22.19650 -22.28440 -22.78540 -23.04080 -24.39670 -24.82630 -25.46620 -25.40930 -24.95720 -24.30260 -23.95760 -23.81410 -23.71870 -23.19540 -23.86290 -23.93690 -23.81240 -23.77320 -24.18950 -24.20880 -24.02340 -24.04790 -24.16730 -23.67770 -23.49840 -23.70460 -23.94730 -24.17560 -23.92410 -23.80300 -24.19220 -24.37080 -24.45520 -24.64780 -24.52680 -25.19380 -25.06950 -24.93940 -24.80250 -24.68130 -24.57440 -24.58730 -24.20460 -24.00670 -23.93400 -23.92120 -23.81790
-16.18030 -15.84430 -15.69770 -14.39460 -12.68930 -13.21660 -14.37900 -15.37190 -16.65300 -17.74650 -18.31010 -18.09400 -18.26410 -18.67830 -18.69880 -18.31360 -17.45100 -17.38230 -17.01740 -18.15800 -21.41100 -18.94370 -19.43300 -20.34240 -21.29210 -22.13370 -22.72110 -24.31440 -25.11250 -25.04710 -24.87910 -24.43850 -23.48880 -22.43530 -22.14580 -22.16740 -22.74050 -22.91500 -22.79080 -22.75440 -23.22870 -23.14300 -22.96160 -23.28100 -23.20020 -23.31200 -22.73250 -22.64200 -22.58310 -23.02720 -23.56870 -23.58610 -24.06540 -24.05460 -24.32390 -24.00860 -24.09380 -24.27660 -24.16430 -24.53760 -24.60620 -24.38040 -24.15820 -24.04440 -24.06090 -23.87210 -23.71530 -23.59710 -23.59560 -23.58070
-13.69230 -12.39390 -12.52040 -12.12390 -12.30230 -14.63030 -14.66210 -16.89400 -17.28940 -18.23170 -19.21000 -19.44770 -19.19100 -19.28520 -19.38410 -16.59250 -17.48880 -18.80430 -18.12120 -18.56820 -17.74070 -19.80170 -19.94650 -19.21210 -19.43810 -19.90780 -21.57300 -22.56540 -23.58440 -24.15760 -24.38360 -23.52670 -22.34320 -21.61460 -21.42400 -21.10840 -21.68980 -21.85760 -22.03490 -21.50570 -22.07760 -21.89380 -21.81850 -22.03500 -22.15080 -22.06050 -22.38500 -21.62460 -21.66010 -21.79610 -22.23110 -22.93950 -23.11730 -23.30640 -23.38720 -23.46730 -23.65670 -23.73880 -23.52140 -23.80340 -23.88190 -23.74200 -23.83030 -23.91070 -24.22460 -24.08900 -23.97090 -23.87300 -23.56240 -23.05400
-13.86380 -10.58670 -11.90540 -12.48010 -13.63300 -11.10990 -10.97340 -13.00530 -14.83540 -15.81230 -17.26830 -17.60270 -17.39760 -18.24410 -19.45440 -17.50870 -16.09980 -18.04650 -19.19640 -18.73100 -18.03060 -19.80250 -19.43490 -19.57540 -19.49380 -19.70530 -20.89880 -22.04950 -22.79030 -22.82510 -22.35260 -22.26590 -21.23390 -20.45000 -19.96690 -19.24500 -19.84180 -20.05460 -20.59880 -20.74160 -20.59760 -20.47110 -20.41910 -20.70380 -20.88910 -20.57460 -20.80060 -20.23530 -19.86930 -20.41770 -20.90270 -21.02420 -20.92380 -21.32200 -21.65900 -22.16970 -22.57390 -23.07680 -23.01330 -23.04460 -23.37360 -23.08780 -23.06620 -22.76520 -22.56430 -22.67560 -22.49860 -22.42700 -22.43220 -22.72160
