data/hydroclimate-scenarios/1948-2000.Pcorr55N_Pref_Tref/monthly_summaries/tavg_monthly_avg_apr.asc
ncols	311
nrows	91
xllcenter	102.75
yllcenter	31.75
cellsize	0.5
NODATA_value	-9999
[rows 0 to 31 of 91, columns 216 to 287 of 311]
-9999 -9999 -9999 -9999 -9999 -9999 -9999 -9999 -9999 -9999 -9999 -9999 -9999 -9999 -9999 -9999 -9999 -9999 -9999 -9999 -9999 -9999 -9999 -9999 -9999 -9999 -9999 -9999 -9999 -9999 -9999 -9999 -9999 -9999 -9999 -9999 -9999 -9999 -9999 -9999 -9999 -9999 -9999 -9999 -9999 -9999 -9999 -9999 -9999 -9999 -9999 -9999 -9999 -9999 -9999 -9999 -9999 -9999 -9999 -9999 -9999 -9999 -9999 -9999 -9999 -9999 -9999 -9999 -9999 -9999 -9999 -9999
-9999 -9999 -9999 -9999 -9999 -9999 -9999 -9999 -9999 -9999 -9999 -9999 -9999 -9999 -9999 -9999 -9999 -9999 -9999 -9999 -9999 -9999 -9999 -9999 -9999 -9999 -9999 -9999 -9999 -9999 -9999 -9999 -9999 -9999 -9999 -9999 -9999 -9999 -9999 -9999 -9999 -9999 -9999 -9999 -9999 -9999 -9999 -9999 -9999 -9999 -9999 -9999 -9999 -9999 -9999 -9999 -9999 -9999 -9999 -9999 -9999 -9999 -9999 -9999 -9999 -9999 -9999 -9999 -9999 -9999 -9999 -9999
-9999 -9999 -9999 -9999 -9999 -9999 -9999 -9999 -9999 -9999 -9999 -9999 -9999 -9999 -9999 -9999 -9999 -9999 -9999 -9999 -9999 -9999 -9999 -9999 -9999 -9999 -9999 -9999 -9999 -9999 -9999 -9999 -9999 -9999 -9999 -9999 -9999 -9999 -9999 -9999 -9999 -9999 -9999 -9999 -9999 -9999 -9999 -9999 -9999 -9999 -9999 -9999 -9999 -9999 -9999 -9999 -9999 -9999 -9999 -9999 -9999 -9999 -9999 -9999 -9999 -9999 -9999 -9999 -9999 -9999 -9999 -9999
-9999 -9999 -9999 -9999 -9999 -9999 -9999 -9999 -9999 -9999 -9999 -9999 -9999 -9999 -9999 -9999 -9999 -9999 -9999 -9999 -9999 -9999 -9999 -9999 -9999 -9999 -9999 -9999 -9999 -9999 -9999 -9999 -9999 -9999 -9999 -9999 -9999 -9999 -9999 -9999 -9999 -9999 -9999 -9999 -9999 -9999 -9999 -9999 -9999 -9999 -9999 -9999 -9999 -9999 -9999 -9999 -9999 -9999 -9999 -9999 -9999 -9999 -9999 -9999 -9999 -9999 -9999 -9999 -9999 -9999 -9999 -9999
-9999 -9999 -9999 -9999 -9999 -9999 -9999 -9999 -9999 -9999 -9999 -9999 -9999 -9999 -9999 -9999 -9999 -9999 -9999 -9999 -9999 -9999 -9999 -9999 -9999 -9999 -9999 -9999 -9999 -9999 -9999 -9999 -9999 -9999 -9999 -9999 -9999 -9999 -9999 -9999 -9999 -9999 -9999 -9999 -9999 -9999 -9999 -9999 -9999 -9999 -9999 -9999 -9999 -9999 -9999 -9999 -9999 -9999 -9999 -9999 -9999 -9999 -9999 -9999 -9999 -9999 -9999 -9999 -9999 -9999 -9999 -9999
-9999 -9999 -9999 -9999 -9999 -9999 -9999 -9999 -9999 -9999 -9999 -9999 -9999 -9999 -9999 -9999 -9999 -9999 -9999 -9999 -9999 -9999 -9999 -9999 -9999 -9999 -9999 -9999 -9999 -9999 -9999 -9999 -9999 -9999 -9999 -9999 -9999 -9999 -9999 -9999 -9999 -9999 -9999 -9999 -9999 -9999 -9999 -9999 -9999 -9999 -9999 -9999 -9999 -9999 -9999 -9999 -9999 -9999 -9999 -9999 -9999 -9999 -9999 -9999 -9999 -9999 -9999 -9999 -9999 -9999 -9999 -9999
-9999 -9999 -9999 -9999 -9999 -9999 -9999 -9999 -9999 -9999 -9999 -9999 -9999 -9999 -9999 -9999 -9999 -9999 -9999 -9999 -9999 -9999 -9999 -9999 -9999 -9999 -9999 -9999 -9999 -9999 -9999 -9999 -9999 -9999 -9999 -9999 -9999 -9999 -9999 -9999 -9999 -9999 -9999 -9999 -9999 -9999 -9999 -9999 -9999 -9999 -9999 -9999 -9999 -9999 -9999 -9999 -9999 -9999 -9999 -9999 -9999 -9999 -9999 -9999 -9999 -9999 -9999 -9999 -9999 -9999 -9999 -9999
-9999 -9999 -9999 -9999 -9999 -9999 -9999 -9999 -9999 -9999 -9999 -9999 -9999 -9999 -9999 -9999 -9999 -9999 -9999 -9999 -9999 -9999 -9999 -9999 -9999 -9999 -9999 -9999 -9999 -9999 -9999 -9999 -9999 -9999 -9999 -9999 -9999 -9999 -9999 -9999 -9999 -9999 -9999 -9999 -9999 -9999 -9999 -9999 -9999 -9999 -9999 -9999 -9999 -9999 -9999 -9999 -9999 -9999 -9999 -9999 -9999 -9999 -9999 -9999 -9999 -9999 -9999 -9999 -9999 -9999 -9999 -9999
-9999 -9999 -9999 -9999 -9999 -9999 -9999 -9999 -9999 -9999 -9999 -9999 -9999 -9999 -9999 -9999 -9999 -9999 -9999 -9999 -9999 -9999 -9999 -9999 -9999 -9999 -9999 -9999 -9999 -9999 -9999 -9999 -9999 -9999 -9999 -9999 -9999 -9999 -9999 -9999 -9999 -9999 -9999 -9999 -9999 -9999 -9999 -9999 -9999 -9999 -9999 -9999 -9999 -9999 -9999 -9999 -9999 -9999 -9999 -9999 -9999 -9999 -9999 -9999 -9999 -9999 -9999 -9999 -9999 -9999 -9999 -9999
-9999 -9999 -9999 -9999 -9999 -9999 -9999 -9999 -9999 -9999 -9999 -9999 -9999 -9999 -9999 -9999 -9999 -9999 -9999 -9999 -9999 -9999 -9999 -9999 -9999 -9999 -9999 -9999 -9999 -9999 -9999 -9999 -9999 -9999 -9999 -9999 -9999 -9999 -9999 -9999 -9999 -9999 -9999 -9999 -9999 -9999 -9999 -9999 -9999 -9999 -9999 -9999 -9999 -9999 -9999 -9999 -9999 -9999 -9999 -9999 -9999 -9999 -9999 -9999 -9999 -9999 -9999 -9999 -9999 -9999 -9999 -9999
-9999 -9999 -9999 -9999 -9999 -9999 -9999 -9999 -9999 -9999 -9999 -9999 -9999 -9999 -9999 -9999 -9999 -9999 -9999 -9999 -9999 -9999 -9999 -9999 -9999 -9999 -9999 -9999 -9999 -9999 -9999 -9999 -9999 -9999 -9999 -9999 -9999 -9999 -9999 -9999 -9999 -9999 -9999 -9999 -9999 -9999 -9999 -9999 -9999 -9999 -9999 -9999 -9999 -9999 -9999 -9999 -9999 -9999 -9999 -9999 -9999 -9999 -9999 -9999 -9999 -9999 -9999 -9999 -9999 -9999 -9999 -9999
-9999 -9999 -9999 -9999 -9999 -9999 -9999 -9999 -9999 -9999 -9999 -9999 -9999 -9999 -9999 -9999 -9999 -9999 -9999 -9999 -9999 -9999 -9999 -9999 -9999 -9999 -9999 -9999 -9999 -9999 -9999 -9999 -9999 -9999 -9999 -9999 -9999 -9999 -9999 -9999 -9999 -9999 -9999 -9999 -9999 -9999 -9999 -9999 -9999 -9999 -9999 -9999 -9999 -9999 -9999 -9999 -9999 -9999 -9999 -9999 -9999 -9999 -9999 -9999 -9999 -9999 -9999 -9999 -9999 -9999 -9999 -9999
-9999 -9999 -9999 -9999 -9999 -9999 -9999 -9999 -9999 -9999 -9999 -9999 -9999 -9999 -9999 -9999 -9999 -9999 -9999 -9999 -9999 -9999 -9999 -9999 -9999 -9999 -9999 -9999 -9999 -9999 -9999 -9999 -9999 -9999 -9999 -9999 -9999 -9999 -9999 -9999 -9999 -9999 -9999 -9999 -9999 -9999 -9999 -9999 -9999 -9999 -9999 -9999 -9999 -9999 -9999 -9999 -9999 -9999 -9999 -9999 -9999 -9999 -9999 -9999 -9999 -9999 -9999 -9999 -9999 -9999 -9999 -9999
-17.82820 -16.98920 -16.65330 -9999 -9999 -9999 -9999 -9999 -9999 -9999 -9999 -9999 -9999 -9999 -9999 -9999 -9999 -9999 -9999 -9999 -9999 -9999 -9999 -9999 -9999 -9999 -9999 -9999 -9999 -9999 -9999 -9999 -9999 -9999 -9999 -9999 -9999 -9999 -9999 -9999 -9999 -9999 -9999 -9999 -16.83370 -9999 -9999 -9999 -9999 -9999 -9999 -9999 -9999 -9999 -9999 -9999 -9999 -9999 -9999 -9999 -9999 -9999 -9999 -9999 -9999 -9999 -9999 -9999 -9999 -9999 -9999 -9999
-17.10120 -16.81550 -16.45030 -16.27690 -16.02470 -15.69970 -15.75020 -15.91880 -16.16860 -16.19320 -16.72680 -16.92310 -16.94400 -16.92750 -16.97150 -10.90840 -9999 -9999 -9999 -9999 -9999 -9999 -9999 -9999 -9999 -9999 -9999 -9999 -9999 -9999 -9999 -9999 -9999 -9999 -9999 -9999 -9999 -9999 -9999 -18.36990 -17.29440 -18.10070 -19.32390 -19.63070 -18.84880 -16.16840 -9999 -9999 -9999 -16.84150 -9999 -9999 -9999 -16.68440 -16.87090 -16.96690 -9999 -9999 -9999 -9999 -9999 -9999 -9999 -9999 -9999 -9999 -9999 -9999 -9999 -9999 -9999 -9999
-15.69230 -15.25890 -14.68890 -14.12850 -14.10500 -14.37310 -14.69450 -14.84740 -16.09580 -15.81740 -16.58650 -17.25280 -15.90090 -15.09070 -14.37900 -14.18410 -14.97040 -15.33010 -16.87500 -16.31700 -15.38860 -15.48460 -9999 -9999 -9999 -9999 -9999 -14.94800 -15.15040 -15.16200 -15.26850 -15.47340 -15.57860 -15.58210 -15.27490 -15.06510 -14.85820 -14.75960 -14.67100 -18.69030 -18.41210 -19.23670 -18.84510 -19.85000 -19.55730 -15.89150 -16.12350 -16.04250 -16.26190 -16.27920 -16.10680 -16.11490 -16.41590 -16.82000 -17.61170 -18.80970 -18.69240 -17.88640 -17.37710 -17.66750 -17.25790 -9999 -9999 -9999 -9999 -9999 -9999 -9999 -9999 -9999 -9999 -9999
-14.37040 -14.26900 -14.26660 -14.76880 -15.37300 -15.44060 -15.34060 -15.89770 -16.12850 -15.36280 -16.22590 -15.77190 -14.58080 -12.90290 -11.55720 -12.44860 -12.67490 -13.99010 -15.62790 -14.83030 -15.99890 -16.49570 -15.99780 -15.09200 -14.60150 -14.19530 -14.00880 -14.01460 -14.02160 -14.42890 -14.73470 -14.84450 -14.75930 -14.86440 -14.86070 -14.74480 -14.56440 -14.58150 -14.59290 -14.71660 -14.80030 -14.83450 -14.68030 -15.48380 -15.51470 -15.43750 -15.55900 -15.68320 -15.80120 -15.92970 -15.84780 -15.86070 -15.75010 -15.84140 -15.84380 -15.83870 -15.92500 -16.11650 -16.40980 -17.30050 -18.39020 -18.36800 -18.36200 -17.95230 -18.34030 -18.53690 -18.63520 -18.71810 -18.59970 -9999 -9999 -9999
-14.93900 -14.51420 -14.80020 -13.24410 -11.85960 -11.79500 -12.00370 -10.90860 -10.59110 -10.74790 -9.37831 -8.43379 -7.97480 -8.11206 -7.69498 -8.16519 -9.46242 -11.07960 -12.38430 -12.04050 -12.62970 -14.77750 -15.16750 -15.56870 -15.88920 -15.69240 -15.59550 -14.49640 -13.10850 -13.11250 -13.31290 -13.42090 -13.73620 -13.64050 -13.75100 -13.77240 -13.69500 -13.71460 -13.73390 -13.57150 -13.40250 -13.32470 -13.43370 -14.33070 -14.35970 -14.38530 -14.50600 -14.61700 -14.64520 -14.76430 -14.89220 -14.79920 -14.78150 -14.78050 -14.96420 -15.05610 -15.05730 -15.24440 -15.54200 -16.93470 -17.41790 -17.10400 -17.39310 -17.38530 -17.88010 -18.05700 -18.35700 -18.44640 -18.02660 -9999 -17.99370 -9999
-12.37700 -12.94820 -11.56930 -10.27470 -9.78090 -8.71487 -8.06092 -8.31738 -7.57227 -6.06725 -5.46256 -5.48146 -5.46489 -5.37457 -5.10525 -6.74325 -8.35657 -9.15472 -10.60300 -10.58670 -10.74770 -12.65770 -13.44830 -13.76190 -15.47080 -15.88910 -16.09730 -14.00120 -11.91060 -12.01450 -12.02640 -12.03550 -12.25290 -12.46950 -12.71000 -12.42610 -12.64960 -12.47840 -12.69960 -12.31500 -12.44310 -12.45380 -12.46840 -13.09010 -13.09820 -13.22370 -13.44390 -13.36700 -13.68220 -13.91000 -13.92790 -13.73320 -13.71400 -13.70390 -13.89570 -13.99650 -14.27760 -14.27800 -14.67190 -15.96250 -16.01120 -16.14300 -16.53630 -16.72030 -16.98260 -17.29470 -17.58000 -17.38310 -17.26390 -17.13990 -9999 -9999
-9.41433 -9.38797 -8.76820 -7.47871 -6.68344 -4.80160 -4.25250 -4.56768 -4.86691 -5.00242 -4.98937 -4.62643 -4.56205 -4.04178 -3.91025 -3.81972 -5.54164 -7.72893 -9.15581 -10.28970 -10.76470 -12.42320 -12.23880 -11.25980 -11.37720 -11.91220 -14.22420 -12.13770 -11.24630 -10.56260 -10.57520 -10.58760 -10.69570 -10.80400 -10.84070 -11.07030 -11.30720 -11.23460 -11.15680 -11.57610 -11.49360 -11.30750 -11.41660 -11.72530 -12.04210 -12.16330 -12.08630 -12.11140 -12.42780 -12.44940 -12.56470 -12.46840 -12.74730 -12.73570 -12.92540 -13.02180 -13.22690 -13.50290 -13.69270 -14.09330 -14.48200 -15.07450 -15.25400 -15.45940 -15.74820 -16.22490 -16.50330 -16.59680 -16.79420 -16.77870 -16.86500 -9999
-6.54567 -4.91702 -4.27789 -3.56706 -2.22711 -1.77439 -2.14527 -3.74465 -4.65911 -4.69424 -4.57461 -4.45243 -4.06473 -3.69737 -3.32043 -3.15365 -5.07479 -7.45836 -9.39110 -9.66871 -10.34280 -11.54680 -10.57730 -10.09640 -9.81920 -10.54760 -11.86720 -12.08340 -9.90168 -9.30507 -9.12476 -9.23251 -9.22858 -9.42959 -9.56572 -9.51045 -9.74501 -9.87686 -9.79862 -9.92047 -10.03880 -10.04850 -9.96679 -10.37760 -10.68870 -10.71250 -11.03480 -11.44740 -11.37460 -11.48960 -11.38870 -11.59600 -11.37900 -11.66140 -11.75620 -11.54400 -11.44110 -11.53570 -11.92340 -12.41700 -12.81850 -13.40570 -13.70770 -14.27880 -15.64030 -15.92590 -16.21730 -16.42020 -16.61430 -16.82580 -17.20680 -17.28810
-4.34307 -4.21237 -4.15392 -3.65867 -3.25794 -3.43416 -3.94780 -4.12072 -4.09522 -4.47991 -4.85150 -3.90192 -2.29507 -1.81133 -1.65266 -1.70214 -3.57346 -6.86696 -9.14221 -10.46820 -10.19490 -10.30250 -9.01250 -8.63869 -8.76907 -9.20151 -9.81482 -11.23180 -9.84522 -8.85880 -8.06618 -7.87640 -7.87383 -8.07016 -8.09820 -8.14158 -8.26601 -8.39622 -8.52395 -8.45037 -8.37371 -8.29375 -8.70584 -9.02383 -9.23364 -9.35198 -9.57440 -9.99613 -10.01590 -9.72365 -9.82279 -9.92134 -9.51554 -9.70097 -10.08350 -10.58100 -10.36420 -10.26860 -10.75550 -11.15630 -11.74610 -12.23750 -12.31880 -13.17900 -14.44240 -14.83660 -15.04160 -15.34290 -15.56200 -15.76630 -15.95200 -16.13170
-4.57699 -3.22648 -1.22478 -0.33500 -0.94532 -1.81811 -1.83693 -1.20423 -0.75087 -1.76084 -4.88624 -3.16640 -1.54447 -0.50798 -0.61767 -1.78220 -3.17381 -6.11385 -8.23989 -9.24786 -9.03926 -10.23570 -8.55843 -8.58439 -8.61468 -8.03097 -7.75117 -7.97807 -7.29361 -7.49752 -8.11815 -8.31575 -8.22010 -8.70492 -9.23614 -8.66698 -8.59555 -8.72066 -7.94368 -7.47108 -7.39256 -7.32821 -7.45050 -7.87620 -8.77891 -8.80880 -9.11859 -9.14078 -9.15603 -8.85656 -8.95110 -9.06103 -9.26655 -9.43801 -9.22642 -9.11637 -9.21535 -9.79671 -9.88272 -10.37850 -10.77150 -11.24340 -11.61680 -13.07140 -13.37110 -13.56940 -13.87510 -14.19810 -14.40890 -14.70940 -14.80370 -15.07620
-2.07224 -1.17262 0.28937 1.32952 1.82765 -0.83712 -2.87987 -2.86409 -2.18584 -1.65171 -2.07847 -1.89376 -1.03824 -1.16044 -0.93818 -1.51216 -3.04321 -5.26550 -7.53668 -7.62605 -7.42046 -8.79242 -8.70757 -8.44125 -8.45234 -8.56811 -8.40086 -7.92384 -7.04150 -7.75631 -8.56166 -9.76292 -10.34910 -11.23360 -11.26360 -10.48350 -10.41070 -11.52490 -11.06310 -9.57773 -9.41201 -8.63979 -8.56575 -7.19359 -6.81711 -7.04403 -7.76444 -7.58167 -7.08119 -7.48092 -7.68925 -7.58676 -7.99160 -7.77832 -7.65226 -8.05294 -9.23788 -9.43868 -9.12296 -9.80766 -10.58120 -10.85180 -11.20940 -11.90600 -12.21430 -12.41060 -12.72270 -13.03960 -13.34880 -13.56020 -13.74870 -14.02210
-2.07069 -1.33763 -0.65326 -0.80889 -0.93450 -0.94929 -1.65987 -1.86088 -2.00317 -1.95660 -1.97114 -1.98269 -2.00816 -2.57430 -1.12336 -2.71563 -2.71157 -3.55039 -6.71052 -7.44776 -7.97885 -8.64914 -8.45908 -9.17730 -8.49768 -8.61974 -8.74328 -9.66052 -9.88188 -9.89497 -10.60620 -11.29870 -11.48770 -11.77950 -12.57880 -12.20860 -11.92930 -12.75210 -12.68070 -11.90760 -12.23470 -12.15930 -11.98640 -11.20330 -9.84058 -7.56211 -6.29295 -6.41173 -6.01453 -6.02691 -7.01960 -7.02125 -6.82285 -7.10630 -7.28265 -7.06996 -7.46369 -8.05010 -9.04625 -9.80848 -10.27470 -9.95990 -9.64474 -9.94787 -10.43930 -10.85850 -11.16210 -11.87750 -12.18740 -12.40250 -12.58920 -12.87030
-1.63963 -1.95206 -1.93200 -1.84052 -1.56826 -1.30197 -0.86102 -0.96314 -1.24055 -1.22749 -1.51488 -2.25094 -1.15314 -1.19666 -2.28766 -2.37654 -3.29280 -4.46832 -4.07630 -5.47784 -4.95313 -6.79823 -7.30683 -7.63311 -7.64043 -7.37744 -6.78569 -6.71531 -6.63561 -7.94582 -7.94160 -9.43527 -9.81703 -9.50357 -10.50460 -10.42720 -10.74910 -11.47400 -11.89750 -10.63020 -10.85860 -10.78140 -11.00270 -10.52390 -9.36065 -7.88437 -6.86007 -6.19848 -5.53385 -4.85288 -6.23035 -7.15031 -6.25741 -6.23669 -6.51620 -6.31009 -6.59956 -7.26780 -8.14000 -8.31665 -8.59126 -8.97088 -9.47614 -8.97216 -9.08542 -9.49464 -9.90469 -10.71290 -11.02320 -11.33880 -11.44220 -11.71590
-4.00311 -3.55467 -5.24878 -6.27896 -6.52432 -5.93076 -4.24802 -2.84744 -3.89198 -2.05841 -0.46547 0.46721 0.89430 0.32421 -1.21085 -1.24897 -3.05904 -3.81272 -4.18034 -3.78476 -3.55116 -4.14382 -3.87572 -3.49247 -3.91167 -4.03174 -3.14263 -2.76595 -4.08325 -4.49513 -5.09054 -4.87971 -5.25591 -7.63686 -7.92619 -8.65178 -9.18273 -9.30594 -9.32621 -9.85155 -9.97758 -10.29850 -9.32757 -9.06028 -9.76019 -8.83836 -7.32990 -6.59322 -5.61668 -4.95282 -4.58366 -4.57799 -5.68805 -5.46560 -5.45843 -5.82819 -5.91216 -6.07326 -6.84975 -7.31416 -7.91736 -8.10603 -7.82119 -8.12331 -8.32705 -8.43501 -8.54647 -9.15197 -9.66671 -9.97237 -10.08880 -10.25720
-5.83087 -5.41779 -4.95277 -4.37481 -4.92882 -5.87768 -6.08666 -5.04206 -7.21971 -6.20401 -4.96443 -3.47827 -1.73175 -0.96049 -0.94106 -0.49154 -1.92224 -3.19826 -3.10544 -3.18153 -2.28213 -3.60450 -2.99796 -2.92115 -2.34501 -2.46794 -2.19124 -2.91708 -3.53082 -4.13695 -3.72579 -5.61137 -6.18699 -6.05703 -6.24067 -7.46849 -8.08204 -8.00962 -8.63617 -9.06781 -8.39382 -8.73304 -9.14930 -9.85298 -9.43659 -7.81294 -6.74438 -6.57631 -6.31451 -5.52675 -4.57644 -3.40489 -4.50940 -4.71005 -4.67480 -4.74550 -5.11505 -5.29691 -5.76511 -5.85528 -6.04173 -6.44485 -6.75171 -7.06442 -7.27415 -7.37671 -7.48645 -7.79212 -8.11749 -8.51465 -8.82987 -9.01388
-3.27772 -3.54766 -4.45753 -4.80393 -3.51825 -3.48712 -3.52017 -3.11523 -3.10181 -2.66074 -2.65189 -2.01073 -2.08883 -0.34600 1.32653 0.91645 -0.02262 -1.28715 -2.51883 -3.05315 -2.54157 -4.47054 -4.63388 -2.55690 -1.98167 -1.99579 -1.41558 -0.84967 -1.56854 -2.46643 -3.95292 -5.02762 -4.90066 -4.98198 -5.86516 -6.27752 -6.00816 -7.12793 -7.45377 -8.10085 -7.92465 -8.24769 -8.55469 -9.12097 -9.90498 -8.99865 -9.22685 -8.16334 -7.79594 -5.13606 -3.76411 -3.09645 -2.31773 -3.31539 -3.59095 -3.25965 -3.62856 -3.91950 -4.19635 -4.47139 -4.78228 -5.29525 -5.59442 -5.90105 -6.30221 -6.41557 -6.23098 -6.33204 -6.44682 -6.84644 -7.07091 -7.66001
-3.62047 -5.67411 -5.97071 -6.00815 -5.65703 -3.72656 -2.82301 -1.49554 -0.65656 -1.41078 -5.41528 -5.50999 -4.65408 -3.73199 -1.95278 -2.20369 -2.51380 -1.08732 -0.90061 -0.71914 -1.76688 -2.31787 -2.78756 -3.01195 -3.50603 -2.52973 -1.13814 -0.95059 -1.64886 -1.75002 -3.66269 -4.04173 -4.83078 -3.70374 -4.58087 -4.69330 -4.62632 -5.16362 -5.89174 -6.11998 -8.14711 -7.03027 -7.81945 -7.58822 -7.67505 -8.49035 -8.61408 -8.05339 -6.99312 -5.31816 -4.15763 -2.97822 -1.20346 -1.71524 -2.19598 -2.16425 -2.73558 -3.92307 -5.20115 -5.70520 -5.80715 -5.82112 -5.32809 -4.85431 -5.04887 -5.25852 -5.36588 -5.66568 -5.57810 -6.19333 -6.40341 -6.20546
-0.54613 -2.57031 -3.54348 -3.71097 -4.59507 -4.10068 -2.89277 -1.93821 -0.81833 -0.18388 -0.71540 -4.75032 -6.56671 -5.50249 -3.32912 -4.50104 -3.92064 -3.98272 -3.52559 -2.43873 -3.15130 -3.96152 -4.11552 -3.00138 -1.67138 -2.77776 -1.90686 -1.74741 -1.43571 -0.64519 -2.22005 -3.16044 -4.07561 -4.45641 -4.26143 -3.81862 -3.75213 -4.79907 -5.45691 -4.58990 -5.98078 -5.97160 -5.56731 -6.45206 -6.56036 -5.91227 -4.74504 -5.19601 -5.11571 -5.42862 -4.35281 -4.25071 -2.27030 -1.39265 -1.97143 -1.26022 -1.43781 -1.69476 -2.19268 -3.01066 -3.30976 -3.32013 -3.36672 -3.66938 -3.97477 -4.27800 -4.59424 -4.70269 -4.81487 -5.01582 -5.03379 -5.27746
-1.49506 -1.79069 -2.61776 -9999 -4.00126 -2.45111 -2.90122 -2.88144 -1.41229 -0.58771 -0.29470 0.04453 0.33316 0.69242 -1.63105 -6.79006 -9.25075 -10.02670 -11.45990 -5.47106 -3.87333 -3.76139 -3.85477 -3.24704 -3.18504 -2.72960 -2.36464 -1.87782 -0.54903 -1.60900 -1.87855 -2.84854 -2.87743 -2.98097 -4.19071 -5.08417 -4.84275 -4.50400 -5.62971 -4.26395 -3.34270 -5.44429 -5.22759 -5.52696 -5.15601 -4.30829 -4.06836 -3.59008 -3.91278 -4.71947 -3.91532 -3.13355 -1.14762 -0.26291 -0.46797 -0.64515 -0.91212 -1.09765 -1.20293 -1.42343 -1.62801 -1.95191 -2.27009 -2.58792 -2.80359 -3.30142 -3.71072 -3.51772 -3.64031 -3.83864 -4.03111 -4.14013
