data/hydroclimate-scenarios/1948-2000.Pcorr55N_Pref_Tref/monthly_summaries/tavg_monthly_avg_may.1950-2000.asc
ncols	311
nrows	91
xllcenter	102.75
yllcenter	31.75
cellsize	0.5
NODATA_value	-9999
[rows 0 to 31 of 91, columns 219 to 291 of 311]
-9999 -9999 -9999 -9999 -9999 -9999 -9999 -9999 -9999 -9999 -9999 -9999 -9999 -9999 -9999 -9999 -9999 -9999 -9999 -9999 -9999 -9999 -9999 -9999 -9999 -9999 -9999 -9999 -9999 -9999 -9999 -9999 -9999 -9999 -9999 -9999 -9999 -9999 -9999 -9999 -9999 -9999 -9999 -9999 -9999 -9999 -9999 -9999 -9999 -9999 -9999 -9999 -9999 -9999 -9999 -9999 -9999 -9999 -9999 -9999 -9999 -9999 -9999 -9999 -9999 -9999 -9999 -9999 -9999 -9999 -9999 -9999 -9999
-9999 -9999 -9999 -9999 -9999 -9999 -9999 -9999 -9999 -9999 -9999 -9999 -9999 -9999 -9999 -9999 -9999 -9999 -9999 -9999 -9999 -9999 -9999 -9999 -9999 -9999 -9999 -9999 -9999 -9999 -9999 -9999 -9999 -9999 -9999 -9999 -9999 -9999 -9999 -9999 -9999 -9999 -9999 -9999 -9999 -9999 -9999 -9999 -9999 -9999 -9999 -9999 -9999 -9999 -9999 -9999 -9999 -9999 -9999 -9999 -9999 -9999 -9999 -9999 -9999 -9999 -9999 -9999 -9999 -9999 -9999 -9999 -9999
-9999 -9999 -9999 -9999 -9999 -9999 -9999 -9999 -9999 -9999 -9999 -9999 -9999 -9999 -9999 -9999 -9999 -9999 -9999 -9999 -9999 -9999 -9999 -9999 -9999 -9999 -9999 -9999 -9999 -9999 -9999 -9999 -9999 -9999 -9999 -9999 -9999 -9999 -9999 -9999 -9999 -9999 -9999 -9999 -9999 -9999 -9999 -9999 -9999 -9999 -9999 -9999 -9999 -9999 -9999 -9999 -9999 -9999 -9999 -9999 -9999 -9999 -9999 -9999 -9999 -9999 -9999 -9999 -9999 -9999 -9999 -9999 -9999
-9999 -9999 -9999 -9999 -9999 -9999 -9999 -9999 -9999 -9999 -9999 -9999 -9999 -9999 -9999 -9999 -9999 -9999 -9999 -9999 -9999 -9999 -9999 -9999 -9999 -9999 -9999 -9999 -9999 -9999 -9999 -9999 -9999 -9999 -9999 -9999 -9999 -9999 -9999 -9999 -9999 -9999 -9999 -9999 -9999 -9999 -9999 -9999 -9999 -9999 -9999 -9999 -9999 -9999 -9999 -9999 -9999 -9999 -9999 -9999 -9999 -9999 -9999 -9999 -9999 -9999 -9999 -9999 -9999 -9999 -9999 -9999 -9999
-9999 -9999 -9999 -9999 -9999 -9999 -9999 -9999 -9999 -9999 -9999 -9999 -9999 -9999 -9999 -9999 -9999 -9999 -9999 -9999 -9999 -9999 -9999 -9999 -9999 -9999 -9999 -9999 -9999 -9999 -9999 -9999 -9999 -9999 -9999 -9999 -9999 -9999 -9999 -9999 -9999 -9999 -9999 -9999 -9999 -9999 -9999 -9999 -9999 -9999 -9999 -9999 -9999 -9999 -9999 -9999 -9999 -9999 -9999 -9999 -9999 -9999 -9999 -9999 -9999 -9999 -9999 -9999 -9999 -9999 -9999 -9999 -9999
-9999 -9999 -9999 -9999 -9999 -9999 -9999 -9999 -9999 -9999 -9999 -9999 -9999 -9999 -9999 -9999 -9999 -9999 -9999 -9999 -9999 -9999 -9999 -9999 -9999 -9999 -9999 -9999 -9999 -9999 -9999 -9999 -9999 -9999 -9999 -9999 -9999 -9999 -9999 -9999 -9999 -9999 -9999 -9999 -9999 -9999 -9999 -9999 -9999 -9999 -9999 -9999 -9999 -9999 -9999 -9999 -9999 -9999 -9999 -9999 -9999 -9999 -9999 -9999 -9999 -9999 -9999 -9999 -9999 -9999 -9999 -9999 -9999
-9999 -9999 -9999 -9999 -9999 -9999 -9999 -9999 -9999 -9999 -9999 -9999 -9999 -9999 -9999 -9999 -9999 -9999 -9999 -9999 -9999 -9999 -9999 -9999 -9999 -9999 -9999 -9999 -9999 -9999 -9999 -9999 -9999 -9999 -9999 -9999 -9999 -9999 -9999 -9999 -9999 -9999 -9999 -9999 -9999 -9999 -9999 -9999 -9999 -9999 -9999 -9999 -9999 -9999 -9999 -9999 -9999 -9999 -9999 -9999 -9999 -9999 -9999 -9999 -9999 -9999 -9999 -9999 -9999 -9999 -9999 -9999 -9999
-9999 -9999 -9999 -9999 -9999 -9999 -9999 -9999 -9999 -9999 -9999 -9999 -9999 -9999 -9999 -9999 -9999 -9999 -9999 -9999 -9999 -9999 -9999 -9999 -9999 -9999 -9999 -9999 -9999 -9999 -9999 -9999 -9999 -9999 -9999 -9999 -9999 -9999 -9999 -9999 -9999 -9999 -9999 -9999 -9999 -9999 -9999 -9999 -9999 -9999 -9999 -9999 -9999 -9999 -9999 -9999 -9999 -9999 -9999 -9999 -9999 -9999 -9999 -9999 -9999 -9999 -9999 -9999 -9999 -9999 -9999 -9999 -9999
-9999 -9999 -9999 -9999 -9999 -9999 -9999 -9999 -9999 -9999 -9999 -9999 -9999 -9999 -9999 -9999 -9999 -9999 -9999 -9999 -9999 -9999 -9999 -9999 -9999 -9999 -9999 -9999 -9999 -9999 -9999 -9999 -9999 -9999 -9999 -9999 -9999 -9999 -9999 -9999 -9999 -9999 -9999 -9999 -9999 -9999 -9999 -9999 -9999 -9999 -9999 -9999 -9999 -9999 -9999 -9999 -9999 -9999 -9999 -9999 -9999 -9999 -9999 -9999 -9999 -9999 -9999 -9999 -9999 -9999 -9999 -9999 -9999
-9999 -9999 -9999 -9999 -9999 -9999 -9999 -9999 -9999 -9999 -9999 -9999 -9999 -9999 -9999 -9999 -9999 -9999 -9999 -9999 -9999 -9999 -9999 -9999 -9999 -9999 -9999 -9999 -9999 -9999 -9999 -9999 -9999 -9999 -9999 -9999 -9999 -9999 -9999 -9999 -9999 -9999 -9999 -9999 -9999 -9999 -9999 -9999 -9999 -9999 -9999 -9999 -9999 -9999 -9999 -9999 -9999 -9999 -9999 -9999 -9999 -9999 -9999 -9999 -9999 -9999 -9999 -9999 -9999 -9999 -9999 -9999 -9999
-9999 -9999 -9999 -9999 -9999 -9999 -9999 -9999 -9999 -9999 -9999 -9999 -9999 -9999 -9999 -9999 -9999 -9999 -9999 -9999 -9999 -9999 -9999 -9999 -9999 -9999 -9999 -9999 -9999 -9999 -9999 -9999 -9999 -9999 -9999 -9999 -9999 -9999 -9999 -9999 -9999 -9999 -9999 -9999 -9999 -9999 -9999 -9999 -9999 -9999 -9999 -9999 -9999 -9999 -9999 -9999 -9999 -9999 -9999 -9999 -9999 -9999 -9999 -9999 -9999 -9999 -9999 -9999 -9999 -9999 -9999 -9999 -9999
-9999 -9999 -9999 -9999 -9999 -9999 -9999 -9999 -9999 -9999 -9999 -9999 -9999 -9999 -9999 -9999 -9999 -9999 -9999 -9999 -9999 -9999 -9999 -9999 -9999 -9999 -9999 -9999 -9999 -9999 -9999 -9999 -9999 -9999 -9999 -9999 -9999 -9999 -9999 -9999 -9999 -9999 -9999 -9999 -9999 -9999 -9999 -9999 -9999 -9999 -9999 -9999 -9999 -9999 -9999 -9999 -9999 -9999 -9999 -9999 -9999 -9999 -9999 -9999 -9999 -9999 -9999 -9999 -9999 -9999 -9999 -9999 -9999
-9999 -9999 -9999 -9999 -9999 -9999 -9999 -9999 -9999 -9999 -9999 -9999 -9999 -9999 -9999 -9999 -9999 -9999 -9999 -9999 -9999 -9999 -9999 -9999 -9999 -9999 -9999 -9999 -9999 -9999 -9999 -9999 -9999 -9999 -9999 -9999 -9999 -9999 -9999 -9999 -9999 -9999 -9999 -9999 -9999 -9999 -9999 -9999 -9999 -9999 -9999 -9999 -9999 -9999 -9999 -9999 -9999 -9999 -9999 -9999 -9999 -9999 -9999 -9999 -9999 -9999 -9999 -9999 -9999 -9999 -9999 -9999 -9999
-9999 -9999 -9999 -9999 -9999 -9999 -9999 -9999 -9999 -9999 -9999 -9999 -9999 -9999 -9999 -9999 -9999 -9999 -9999 -9999 -9999 -9999 -9999 -9999 -9999 -9999 -9999 -9999 -9999 -9999 -9999 -9999 -9999 -9999 -9999 -9999 -9999 -9999 -9999 -9999 -9999 -5.39764 -9999 -9999 -9999 -9999 -9999 -9999 -9999 -9999 -9999 -9999 -9999 -9999 -9999 -9999 -9999 -9999 -9999 -9999 -9999 -9999 -9999 -9999 -9999 -9999 -9999 -9999 -9999 -9999 -9999 -9999 -9999
-4.19334 -3.96909 -3.46319 -3.32823 -3.19478 -3.36827 -3.37918 -4.22185 -4.65604 -4.70371 -4.68836 -4.87286 1.33376 -9999 -9999 -9999 -9999 -9999 -9999 -9999 -9999 -9999 -9999 -9999 -9999 -9999 -9999 -9999 -9999 -9999 -9999 -9999 -9999 -9999 -9999 -9999 -6.89148 -5.89180 -6.60139 -7.78983 -8.10447 -7.30500 -4.68175 -9999 -9999 -9999 -5.67043 -9999 -9999 -9999 -5.47700 -5.67354 -5.87063 -9999 -9999 -9999 -9999 -9999 -9999 -9999 -9999 -9999 -9999 -9999 -9999 -9999 -9999 -9999 -9999 -9999 -9999 -9999 -9999
-1.18516 -0.92331 -1.02439 -1.35198 -1.41236 -2.76328 -2.53045 -3.37346 -4.30833 -2.78333 -2.15383 -1.97480 -2.31196 -3.17461 -3.84635 -5.11262 -4.62431 -3.80270 -4.03133 -9999 -9999 -9999 -9999 -9999 -3.13109 -3.21655 -3.30234 -3.30514 -3.30852 -3.60810 -3.70471 -3.50172 -3.29488 -3.09942 -3.09099 -3.10086 -7.10078 -6.90610 -7.61074 -7.21745 -8.11585 -7.79367 -4.29744 -4.50440 -4.50615 -4.80092 -4.99236 -4.98086 -4.98006 -5.17606 -5.57655 -6.48130 -7.67842 -7.57521 -6.77639 -6.27422 -6.57230 -6.07418 -9999 -9999 -9999 -9999 -9999 -9999 -9999 -9999 -9999 -9999 -9999 -9999 -9999 -9999 -9999
-1.24667 -2.33904 -2.41117 -2.18110 -2.61572 -2.75304 -2.48818 -3.23249 -2.51304 -1.55128 -0.24570 0.64885 -0.87232 -1.06517 -2.58218 -4.13675 -3.55719 -4.64003 -5.13201 -4.62872 -3.52338 -3.21843 -2.62390 -2.50826 -2.30428 -2.22025 -2.49895 -2.39666 -2.49545 -2.50034 -2.49009 -2.79470 -2.79216 -2.70234 -2.60926 -2.70751 -2.91284 -3.11937 -3.12403 -2.93528 -3.63418 -3.63223 -3.71857 -3.72212 -4.01714 -4.31652 -4.41076 -4.59604 -4.58116 -4.57444 -4.48769 -4.58975 -4.68105 -4.78216 -4.98041 -5.16866 -6.07389 -7.07036 -7.07259 -6.96782 -6.57132 -6.87405 -6.96809 -6.66268 -6.65982 -6.75291 -9999 -9999 -9999 -9999 -9999 -9999 -9999
-1.56053 -0.65369 -0.43236 0.30435 1.32630 1.79135 1.07747 1.87825 2.61596 3.18177 2.76611 3.76143 3.22890 1.86830 -0.00199 -1.43398 -1.12871 -1.61166 -3.74140 -3.94346 -4.43246 -4.54315 -4.15116 -3.83545 -2.92005 -1.50833 -1.19431 -0.88509 -0.79060 -0.99723 -1.29179 -1.59858 -1.71161 -1.70674 -1.81953 -1.72832 -1.73554 -1.53293 -1.42947 -1.53918 -2.34493 -2.54541 -2.43714 -2.53941 -2.73944 -2.93253 -3.12592 -3.21566 -3.39372 -3.38690 -3.49575 -3.59659 -3.79347 -3.87484 -4.07815 -4.38106 -5.77452 -6.16759 -5.77275 -5.87333 -5.97072 -6.26645 -6.28477 -6.46426 -6.45557 -6.05885 -9999 -5.86235 -9999 -9999 -9999 -9999 -9999
1.71088 1.89355 2.64244 3.76773 3.33454 3.55658 4.10779 4.57008 4.38996 4.55346 5.12215 6.02117 4.13422 2.42759 1.50082 -0.04460 0.17405 -0.17961 -1.85424 -2.66504 -2.66280 -4.35789 -4.65579 -4.65047 -2.35029 -0.23835 0.16219 0.17537 0.38647 0.29139 -0.29771 -0.61027 -0.32047 -0.61857 -0.53195 -0.74563 -0.34382 -0.35109 -0.34554 -0.46005 -1.05629 -1.15749 -1.25958 -1.35215 -1.46575 -1.84574 -2.13483 -2.22381 -2.28611 -2.29480 -2.48463 -2.67601 -2.88184 -2.97994 -3.18544 -3.57881 -4.87582 -4.76991 -4.76888 -5.07264 -5.17323 -5.26299 -5.46488 -5.37578 -5.35799 -5.04462 -5.04766 -9999 -9999 -9999 -9999 -9999 -9999
4.22234 4.77506 6.45197 6.99354 6.66856 6.45410 6.04956 5.99295 5.87996 5.72171 6.21888 6.29712 6.49595 4.84290 2.87288 1.28302 0.12512 -0.35771 -2.08309 -1.68455 -0.68226 -0.58802 -0.99835 -3.00073 -0.78866 0.43183 1.63411 1.53683 1.65080 1.36373 1.18710 1.17829 0.76630 0.55551 0.64884 0.73996 0.34172 0.44030 0.82972 0.93086 0.42901 0.11922 -0.07202 -0.17472 -0.37102 -0.66862 -0.84781 -1.12694 -1.20101 -1.30072 -1.49149 -1.79397 -1.88248 -1.98404 -2.18894 -2.58902 -2.99126 -3.27834 -3.68241 -3.77594 -3.87454 -4.07563 -4.38029 -4.46451 -4.54206 -4.62926 -4.73239 -4.72871 -9999 -9999 -9999 -9999 -9999
8.15905 8.91722 9.41103 9.23093 8.36818 7.72461 7.26235 5.59816 4.95360 5.18463 5.85604 6.59486 6.71757 4.78753 2.63279 0.71364 0.51827 -0.34670 -1.30994 -0.40453 0.28716 0.58778 0.18213 -0.92684 -0.92066 1.59579 2.39548 2.60772 2.61860 2.34511 2.37670 2.26512 2.06107 1.94708 1.92766 2.01732 2.11768 2.02133 2.11103 2.31276 1.91305 1.60089 1.40325 1.00026 0.49984 0.41306 0.24048 0.05337 -0.31322 -0.10706 -0.29067 -0.50008 -0.29413 -0.30608 -0.59607 -0.89466 -1.19464 -1.49687 -1.89080 -2.38898 -2.79301 -3.78928 -3.98071 -4.15414 -4.33416 -4.52264 -4.74443 -5.15109 -5.46357 -5.67385 -5.79910 -6.02019 -9999
8.56614 8.63966 8.52759 8.24245 8.11936 8.20017 7.78754 6.50890 6.31915 6.69690 7.59570 7.81590 7.81998 5.86321 2.69143 0.53291 -0.63395 -0.26439 -0.43420 0.87786 1.47224 1.43543 1.06283 0.55530 -0.53540 1.17097 2.17408 3.28057 3.48961 3.32932 3.37466 3.26656 3.14467 3.13830 3.14046 3.22427 3.31102 3.70969 3.89873 3.59399 3.29708 2.88984 2.87840 2.48740 1.98360 1.80387 1.91285 1.65073 1.28173 1.59451 1.39452 1.00441 0.70358 0.70072 0.69765 0.20312 -0.09644 -0.59010 -0.99566 -0.98750 -1.59118 -2.68167 -2.96701 -3.05933 -3.23309 -3.55155 -3.76721 -4.09853 -4.20535 -4.61175 -4.82719 -5.15658 -5.37185
7.74470 6.93766 6.70136 7.00957 7.66887 8.43763 8.27242 7.15298 7.79229 8.34083 8.46707 8.57128 7.29029 6.00132 3.12861 1.18599 0.31621 0.51495 -0.46186 1.14578 1.14611 1.24215 1.93458 2.33491 2.23169 3.04394 3.15409 2.55986 2.47346 2.81755 2.25921 1.75439 2.43465 2.53111 2.42929 3.41144 4.00567 4.40979 4.49707 4.47975 4.28198 3.47898 3.47057 2.97186 2.77317 2.59989 2.61993 2.43855 2.18127 1.88438 1.69000 1.59587 1.79242 1.69029 1.29804 1.10348 0.80488 0.50216 0.10475 -0.19656 -1.49516 -1.58710 -1.86727 -1.96134 -2.25994 -2.58409 -2.70701 -2.92855 -3.34633 -3.65975 -3.87223 -4.38306 -4.70105
8.34511 8.25259 6.60463 5.50632 5.48495 5.65764 5.41706 6.06770 7.31059 9.12593 9.27799 9.19653 7.22397 5.93601 3.78414 1.63249 1.57181 1.71220 0.60386 0.70803 0.92240 0.91715 0.91545 1.31726 1.90907 2.81452 2.32679 1.52202 0.66310 0.01316 -0.75065 -0.55701 0.23749 0.42095 -0.57391 -0.18271 1.50556 1.89955 2.89220 3.09066 4.77574 5.26937 5.05375 4.25295 4.36044 4.39011 3.81307 3.44611 3.57172 2.89381 2.98273 3.18575 2.78864 1.68464 1.48761 1.89567 1.38882 0.70117 0.39924 0.19452 -0.40629 -0.59443 -0.77926 -0.89309 -1.19900 -1.41960 -1.73135 -1.95587 -2.26958 -2.60336 -2.82649 -3.14092 -3.74916
8.92369 8.67496 7.88782 7.11613 6.55287 6.16400 5.08779 4.67349 4.65854 5.41590 5.15931 6.67732 5.71335 5.88012 5.21462 2.29092 1.52840 0.88474 0.48096 0.58486 -0.10533 0.59540 0.50703 0.40415 -0.40954 -0.50341 -0.29939 -0.79131 -1.44311 -1.49767 -1.64637 -2.34375 -1.85721 -1.36218 -2.27540 -2.18535 -1.18915 -1.28529 -1.11133 -0.91415 -0.12326 1.47347 3.97090 5.25784 4.96743 5.09390 5.21541 4.14954 3.96326 4.08487 3.88047 3.48385 3.79131 3.48683 2.69317 1.79350 1.30127 0.89911 1.48426 1.79170 1.59395 1.20839 0.89504 0.68777 -0.03021 -0.33710 -0.55851 -0.97397 -1.30332 -1.63110 -1.96164 -2.18815 -2.39689
7.45220 7.93959 8.15556 8.30673 8.06452 7.45072 6.90786 5.92079 4.62656 5.43735 5.93600 5.59583 5.89153 5.20975 4.32494 4.44077 3.01761 3.55792 1.95168 1.45949 1.05787 1.05727 1.17358 1.98231 1.86354 2.17002 1.17153 1.20023 0.04283 -0.21152 0.13315 -0.84832 -0.65072 -0.77114 -1.37062 -1.77483 -0.38926 -0.59640 -0.29790 -0.41423 0.19168 1.47796 2.96611 4.27317 4.78083 5.39152 6.00726 4.53467 3.55545 4.37765 4.58915 4.18532 4.38578 4.18777 3.48502 2.89077 2.58436 2.38345 2.17129 1.78616 2.39739 2.37984 1.96699 1.84902 1.04135 0.72951 0.41401 0.08604 -0.32490 -0.66039 -0.98965 -1.21791 -1.45260
1.05879 0.78866 1.53584 3.66088 5.37098 4.04248 6.07880 7.05547 7.50956 7.45170 7.14232 6.34565 6.63989 5.24309 4.54506 3.99499 4.26336 4.51415 4.24708 4.54430 4.82832 4.23976 4.14719 4.93528 5.34517 4.14275 3.84435 3.58756 3.84191 3.69619 1.53847 1.25930 0.75206 0.34650 0.32852 0.42703 -0.08395 -0.09570 -0.39151 0.79148 1.07617 0.57807 1.58148 3.19265 3.89410 4.80993 5.61790 5.93329 5.85814 4.87771 4.98577 4.98546 4.78817 4.57622 4.58388 3.97212 3.67184 3.07144 2.98080 3.37839 3.17379 3.06015 2.93804 3.12683 2.51795 1.99190 1.68245 1.35986 0.93438 0.41025 -0.21769 -0.54817 -0.72978
3.40972 2.73748 1.65615 1.30983 2.35911 -0.60902 0.51494 1.72699 3.41022 5.91297 6.88458 6.65386 6.94218 5.76285 4.68211 4.49121 4.59739 5.42558 4.46356 4.98412 4.97980 5.46097 5.34559 5.51764 4.92197 4.32690 3.93639 4.57880 2.83344 2.49445 2.64056 2.46128 1.35643 0.94434 1.23592 0.63466 0.22197 0.91423 0.59984 0.18081 -0.41832 0.08576 1.88997 3.00010 3.21398 3.72706 4.54063 5.34981 6.65681 5.67167 5.48155 5.47044 5.67196 5.36558 5.25802 4.86625 4.95243 4.75067 4.56118 4.35483 4.14327 3.93225 3.92078 4.19667 3.78225 3.17337 2.94743 2.34349 1.91230 1.58334 1.04916 0.56990 0.26740
3.19439 4.27987 4.15117 4.08294 4.47895 4.43040 4.82629 4.43590 5.09172 4.48580 6.25869 8.66597 7.50877 6.91036 6.03935 4.73687 4.24896 4.80716 3.47191 3.21155 4.91139 5.52586 5.51178 6.08392 6.66427 5.94619 5.23590 3.88088 3.02665 3.28096 3.23271 2.36798 2.15502 2.65131 1.53682 1.43105 0.52014 0.90004 0.48936 0.19459 -0.29712 -0.90144 0.11115 -0.08145 1.21685 1.72838 4.34658 5.76904 6.58084 7.47701 6.56707 6.36905 6.75377 6.65100 6.44220 6.24344 5.93855 5.64749 5.44490 5.11346 4.80749 4.59582 4.57985 5.06261 4.95324 4.62865 4.42154 3.80557 3.17350 2.65969 2.16797 1.87672 1.63334
1.87539 3.11056 4.31074 4.85354 5.72928 6.44816 5.08199 -0.07727 0.15667 0.98651 1.65600 3.50105 3.60520 3.60316 5.25566 5.74801 6.08769 5.26769 4.70310 4.45502 4.13561 3.64905 4.75438 5.95660 6.24637 5.63513 5.41734 3.70987 3.34715 2.77587 4.02655 3.16647 3.25274 3.54662 3.14296 2.32568 2.10797 0.10251 1.19208 0.30413 0.71321 0.80474 0.01642 0.13490 0.83383 1.74662 3.65569 4.87276 6.16819 8.06553 7.56496 7.44176 7.73849 7.43031 6.32931 5.02461 4.62826 4.51861 4.60120 5.27859 5.66992 5.66348 5.53912 5.52666 5.31417 5.19761 4.68205 4.37055 4.35252 3.96786 3.57879 3.37287 3.40415
3.52997 3.19788 3.33877 4.03020 4.68711 5.58454 5.64896 4.10309 -1.83773 -3.69273 -2.11600 -0.05475 0.32584 1.27490 1.67375 2.56037 3.99775 3.74275 2.99816 2.80175 3.95867 4.92919 3.94536 4.73941 5.03215 5.42726 6.10604 4.82532 3.99714 3.19578 2.91111 3.23470 3.70995 4.00898 2.99031 2.26332 3.24833 1.83294 1.82231 2.11494 1.41445 1.30141 2.19714 3.60263 3.20580 3.11722 2.92546 4.12332 4.33610 6.43710 7.73644 7.22595 8.30903 8.39138 8.20378 7.81108 6.99715 6.78958 6.87752 6.85389 6.63339 6.51808 6.20175 5.98896 5.77673 5.66874 5.54326 5.32429 5.14472 4.77180 4.68521 4.53316 4.38292
-9999 0.47097 1.60707 1.02632 -0.09402 2.41361 3.70618 4.60613 5.34620 5.81201 6.99720 2.95927 -2.80924 -4.96851 -5.20445 -5.78781 0.51505 2.55114 2.98523 2.67662 3.03473 3.12961 3.62736 3.83736 4.60031 5.89303 5.01903 4.78245 3.82248 3.71349 3.93425 2.74039 2.15923 2.33297 2.79844 1.69054 3.16453 4.23836 2.02270 2.31183 2.00978 2.30833 3.31334 3.78624 4.40950 4.00775 3.10557 4.11066 5.02283 7.12845 8.22027 8.21439 8.49459 8.47915 8.39772 8.38008 8.17520 7.96010 7.84165 7.50647 7.49216 7.37304 7.04617 6.54267 6.71787 6.49768 6.38057 5.97955 5.91586 5.46725 5.55915 5.49280 5.24543
