data/hydroclimate-scenarios/1948-2000.Pcorr55N_Pref_Tref/monthly_summaries/tavg_monthly_avg_nov.asc
ncols	311
nrows	91
xllcenter	102.75
yllcenter	31.75
cellsize	0.5
NODATA_value	-9999
[rows 0 to 30 of 91, columns 71 to 141 of 311]
-9999 -9999 -9999 -9999 -9999 -9999 -9999 -9999 -9999 -9999 -9999 -9999 -9999 -9999 -9999 -9999 -9999 -9999 -9999 -9999 -9999 -9999 -9999 -9999 -9999 -9999 -9999 -9999 -9999 -9999 -9999 -9999 -9999 -9999 -9999 -9999 -9999 -9999 -9999 -9999 -9999 -9999 -9999 -9999 -9999 -9999 -9999 -9999 -9999 -9999 -9999 -9999 -9999 -9999 -9999 -9999 -9999 -9999 -9999 -9999 -9999 -9999 -9999 -9999 -9999 -9999 -9999 -9999 -9999 -9999 -9999
-9999 -9999 -9999 -9999 -9999 -9999 -9999 -9999 -9999 -9999 -9999 -9999 -9999 -9999 -9999 -9999 -9999 -9999 -9999 -9999 -9999 -9999 -9999 -9999 -9999 -9999 -9999 -9999 -9999 -9999 -9999 -9999 -9999 -9999 -9999 -9999 -9999 -9999 -9999 -9999 -9999 -9999 -9999 -9999 -9999 -9999 -9999 -9999 -9999 -9999 -9999 -9999 -9999 -9999 -9999 -9999 -9999 -9999 -9999 -9999 -9999 -9999 -9999 -9999 -9999 -9999 -9999 -9999 -9999 -9999 -9999
-9999 -9999 -9999 -9999 -9999 -9999 -9999 -9999 -9999 -9999 -9999 -9999 -9999 -9999 -9999 -9999 -9999 -9999 -9999 -9999 -9999 -9999 -9999 -9999 -9999 -9999 -9999 -9999 -9999 -9999 -9999 -9999 -9999 -9999 -9999 -9999 -9999 -9999 -9999 -9999 -9999 -9999 -9999 -9999 -9999 -9999 -9999 -9999 -9999 -9999 -9999 -9999 -9999 -9999 -9999 -9999 -9999 -9999 -9999 -9999 -9999 -9999 -9999 -9999 -9999 -9999 -9999 -9999 -9999 -9999 -9999
-9999 -9999 -9999 -9999 -9999 -9999 -9999 -9999 -9999 -9999 -9999 -9999 -9999 -9999 -9999 -9999 -9999 -9999 -9999 -9999 -9999 -9999 -9999 -9999 -9999 -9999 -9999 -9999 -9999 -9999 -9999 -9999 -9999 -9999 -9999 -9999 -9999 -9999 -9999 -9999 -9999 -9999 -9999 -9999 -9999 -9999 -9999 -9999 -9999 -9999 -9999 -9999 -9999 -9999 -9999 -9999 -9999 -9999 -9999 -9999 -9999 -9999 -9999 -9999 -9999 -9999 -9999 -9999 -9999 -9999 -9999
-9999 -9999 -9999 -9999 -9999 -9999 -9999 -9999 -9999 -9999 -9999 -9999 -9999 -9999 -9999 -9999 -9999 -9999 -9999 -9999 -9999 -9999 -9999 -9999 -9999 -9999 -9999 -9999 -9999 -9999 -9999 -9999 -9999 -9999 -9999 -9999 -9999 -9999 -9999 -9999 -9999 -9999 -9999 -9999 -9999 -9999 -9999 -9999 -9999 -9999 -9999 -9999 -9999 -9999 -9999 -9999 -9999 -9999 -9999 -9999 -9999 -9999 -9999 -9999 -9999 -9999 -9999 -9999 -9999 -9999 -9999
-9999 -9999 -9999 -9999 -9999 -9999 -9999 -9999 -9999 -9999 -9999 -9999 -9999 -9999 -9999 -9999 -9999 -9999 -9999 -9999 -9999 -9999 -9999 -9999 -9999 -9999 -9999 -9999 -9999 -9999 -9999 -9999 -9999 -9999 -9999 -9999 -9999 -9999 -9999 -9999 -9999 -9999 -9999 -9999 -9999 -9999 -9999 -9999 -9999 -9999 -9999 -9999 -9999 -9999 -9999 -9999 -9999 -9999 -9999 -9999 -9999 -9999 -9999 -9999 -9999 -9999 -9999 -9999 -9999 -9999 -9999
-9999 -9999 -9999 -9999 -9999 -9999 -9999 -9999 -9999 -9999 -9999 -9999 -9999 -9999 -9999 -9999 -9999 -9999 -9999 -9999 -9999 -9999 -9999 -9999 -9999 -9999 -9999 -9999 -9999 -9999 -9999 -9999 -9999 -9999 -9999 -9999 -9999 -9999 -9999 -9999 -9999 -9999 -9999 -9999 -9999 -9999 -9999 -9999 -9999 -9999 -9999 -9999 -9999 -9999 -9999 -9999 -9999 -9999 -9999 -9999 -9999 -9999 -9999 -9999 -9999 -9999 -9999 -9999 -9999 -9999 -9999
-9999 -9999 -9999 -9999 -9999 -9999 -9999 -9999 -9999 -9999 -9999 -9999 -9999 -9999 -9999 -9999 -9999 -9999 -9999 -9999 -9999 -9999 -9999 -9999 -9999 -9999 -9999 -9999 -9999 -9999 -9999 -9999 -9999 -9999 -9999 -9999 -9999 -9999 -9999 -9999 -9999 -9999 -9999 -9999 -9999 -9999 -9999 -9999 -9999 -9999 -9999 -9999 -9999 -9999 -9999 -9999 -9999 -9999 -9999 -9999 -9999 -9999 -9999 -9999 -9999 -9999 -9999 -9999 -9999 -9999 -9999
-9999 -9999 -9999 -9999 -9999 -9999 -35.26050 -9999 -9999 -9999 -9999 -9999 -9999 -9999 -9999 -9999 -9999 -9999 -9999 -9999 -9999 -9999 -9999 -9999 -9999 -9999 -9999 -9999 -9999 -9999 -9999 -9999 -9999 -9999 -9999 -9999 -9999 -9999 -9999 -9999 -9999 -9999 -9999 -9999 -9999 -9999 -9999 -9999 -9999 -9999 -9999 -9999 -9999 -9999 -9999 -9999 -9999 -9999 -9999 -9999 -9999 -9999 -9999 -9999 -9999 -9999 -9999 -9999 -9999 -9999 -9999
-9999 -9999 -26.71480 -35.79420 -35.68660 -35.67970 -35.15830 -34.75350 -34.34710 -33.74140 -33.24500 -32.93660 -32.15560 -31.56870 -31.19100 -30.60170 -30.13800 -29.55290 -29.16260 -28.76330 -28.66780 -28.56380 -9999 -9999 -9999 -9999 -9999 -9999 -9999 -9999 -9999 -9999 -9999 -9999 -9999 -9999 -9999 -9999 -9999 -9999 -9999 -9999 -9999 -9999 -9999 -9999 -9999 -9999 -9999 -9999 -9999 -9999 -9999 -9999 -9999 -9999 -9999 -9999 -9999 -9999 -9999 -9999 -9999 -9999 -9999 -9999 -9999 -9999 -9999 -9999 -9999
-9999 -9999 -9999 -9999 -35.59230 -35.38230 -34.97730 -34.56630 -34.16970 -33.75430 -33.23580 -32.73820 -32.25840 -31.56560 -30.96810 -30.29050 -29.70940 -29.22160 -28.73660 -28.33910 -28.24650 -28.23750 -9999 -9999 -9999 -9999 -9999 -9999 -9999 -9999 -9999 -9999 -9999 -9999 -9999 -9999 -9999 -9999 -9999 -9999 -9999 -9999 -9999 -9999 -9999 -9999 -9999 -9999 -9999 -9999 -9999 -9999 -9999 -9999 -9999 -9999 -9999 -9999 -9999 -9999 -9999 -9999 -9999 -9999 -9999 -9999 -9999 -9999 -9999 -9999 -9999
-36.13690 -36.02670 -36.01440 -35.60090 -35.49720 -35.18920 -34.87100 -34.46270 -34.06730 -33.54720 -32.96030 -32.55320 -32.05540 -31.46040 -30.86120 -30.17690 -29.50760 -28.81560 -28.12880 -27.72990 -27.51990 -27.71890 -27.91130 -28.18320 -28.31030 -28.39910 -28.69000 -28.69310 -9999 -9999 -9999 -9999 -9999 -9999 -9999 -9999 -9999 -9999 -9999 -9999 -9999 -9999 -9999 -9999 -9999 -9999 -9999 -9999 -9999 -9999 -9999 -9999 -9999 -9999 -9999 -9999 -9999 -9999 -9999 -9999 -9999 -9999 -9999 -9999 -9999 -9999 -9999 -9999 -9999 -9999 -9999
-36.20150 -36.22530 -35.90720 -35.61810 -35.40500 -35.10490 -34.68970 -34.38510 -33.88640 -33.47490 -32.97080 -32.37340 -31.86050 -31.26320 -30.65350 -29.97010 -29.18370 -28.50690 -27.80550 -27.01540 -27.01240 -27.50810 -28.00010 -28.09710 -28.18680 -28.38090 -28.47610 -28.76580 -28.75610 -28.85300 -28.84660 -28.95020 -28.85890 -28.74870 -28.85180 -28.75160 -28.65430 -28.54660 -28.34630 -28.23700 -28.03630 -27.83260 -27.62780 -9999 -9999 -9999 -9999 -9999 -9999 -9999 -9999 -9999 -9999 -9999 -9999 -9999 -9999 -9999 -9999 -9999 -9999 -9999 -9999 -9999 -9999 -9999 -9999 -9999 -9999 -9999 -9999
-36.25100 -36.44600 -36.04860 -36.13570 -35.81040 -35.40380 -34.79740 -34.28900 -33.98530 -33.47880 -32.98220 -32.38260 -31.77920 -31.18890 -30.58750 -29.88910 -29.17660 -28.48480 -27.79160 -27.28520 -27.38320 -28.27530 -28.46870 -28.57370 -28.56830 -28.45860 -28.45400 -28.55610 -28.75760 -29.14410 -28.84020 -28.83880 -28.73960 -28.73410 -28.63730 -28.43910 -28.32380 -28.22410 -28.02540 -27.82560 -27.72810 -27.51350 -27.31360 -27.11150 -9999 -9999 -9999 -9999 -9999 -9999 -9999 -9999 -9999 -9999 -9999 -9999 -9999 -9999 -9999 -9999 -9999 -9999 -9999 -9999 -9999 -9999 -9999 -9999 -9999 -9999 -9999
-38.54880 -38.54650 -37.83190 -38.82450 -37.42630 -36.81680 -36.60820 -35.89960 -35.49720 -34.38940 -34.18280 -33.28370 -32.28120 -31.58730 -30.69180 -30.08330 -29.39210 -28.69830 -28.17820 -27.86580 -28.06500 -28.25960 -28.45030 -28.64130 -28.54090 -29.33760 -28.93210 -28.62880 -28.82470 -29.21760 -29.01300 -28.91100 -28.61070 -28.71060 -28.60570 -28.30240 -28.20410 -27.99660 -27.80000 -27.69380 -27.50270 -27.29740 -27.09870 -26.69120 -9999 -9999 -9999 -9999 -9999 -9999 -9999 -9999 -9999 -9999 -9999 -9999 -9999 -9999 -9999 -23.99360 -23.77070 -9999 -9999 -9999 -9999 -23.73780 -24.54890 -25.06090 -24.37830 -22.78850 -22.10390
-38.37310 -38.36850 -37.95310 -38.54340 -37.04110 -35.92980 -35.81950 -36.11260 -35.70550 -35.29420 -33.79230 -32.99260 -32.39810 -31.99440 -31.29690 -30.21390 -29.71730 -29.00410 -28.49890 -28.08500 -28.07680 -28.35020 -28.53800 -28.12280 -28.12880 -28.31730 -28.41010 -28.50920 -28.60770 -28.60320 -28.70010 -28.60070 -28.59220 -28.49970 -28.19600 -28.18970 -27.97270 -27.67770 -27.47410 -27.27850 -27.08360 -26.87800 -26.68870 -26.38580 -26.17880 -25.87510 -25.68140 -25.65710 -26.73800 -27.00800 -26.48180 -26.64710 -26.42730 -25.81000 -25.78000 -25.74990 -24.43430 -24.20400 -23.97750 -23.86310 -23.55210 -9999 -9999 -9999 -9999 -9999 -23.12760 -23.54300 -23.65870 -23.57890 -23.19590
-39.87550 -38.26450 -38.35730 -39.35580 -38.04930 -36.54500 -36.14470 -35.63380 -34.52150 -33.61650 -33.10800 -32.60700 -32.01400 -31.42290 -30.91550 -30.32260 -29.69120 -29.21630 -28.80110 -28.49530 -28.18560 -28.06620 -28.06070 -28.13570 -28.12180 -28.30640 -28.39340 -28.39840 -28.49740 -28.58490 -28.48700 -28.47920 -28.37630 -28.27390 -28.07190 -27.86710 -27.66240 -27.46110 -27.25300 -26.85980 -26.66830 -26.46060 -26.15040 -25.95990 -25.75180 -25.55440 -25.33400 -25.31080 -26.08040 -26.46140 -25.74010 -25.01820 -25.39150 -26.46870 -27.23930 -25.72270 -26.29290 -26.27230 -25.74940 -24.93200 -24.44460 -24.55770 -23.67290 -22.87870 -22.58840 -22.49840 -22.51330 -22.22270 -22.53470 -22.85040 -23.17040
-40.09060 -42.68210 -37.47240 -39.57180 -39.66290 -38.26240 -37.14440 -36.94200 -34.03730 -33.52630 -33.02360 -32.62840 -32.12880 -31.53350 -31.03800 -30.43650 -29.83800 -29.42600 -29.01500 -29.30010 -29.09560 -28.47280 -28.35170 -28.34510 -28.32660 -28.39820 -28.39120 -28.38010 -28.38090 -28.46670 -28.46320 -28.36560 -28.15410 -28.05420 -27.84790 -27.64980 -27.33090 -27.12580 -26.83740 -26.53240 -26.32160 -26.22210 -25.72450 -25.42060 -25.23570 -24.92560 -24.69680 -24.57990 -24.54260 -24.72040 -24.89760 -24.37340 -24.75680 -24.64140 -25.31250 -26.29350 -26.45730 -26.03620 -25.81050 -25.99930 -25.32790 -26.15460 -24.95810 -23.46650 -22.67170 -22.28820 -22.09860 -21.91350 -22.12950 -22.84450 -23.75730
-40.96160 -42.05910 -39.94910 -36.45060 -37.44710 -36.23440 -35.52570 -36.61160 -35.31290 -34.10250 -33.50580 -32.60340 -32.10740 -31.61330 -31.11180 -30.50860 -30.00970 -29.59970 -29.38230 -30.78960 -30.27010 -29.54890 -29.33560 -28.72970 -28.49630 -28.48690 -28.46430 -28.44760 -28.43430 -28.42420 -28.30430 -28.19070 -27.99380 -27.70110 -27.49410 -27.28000 -26.99010 -26.79250 -26.78990 -26.78110 -26.37460 -25.87390 -26.57580 -26.56570 -25.86750 -24.94540 -24.22670 -23.70060 -23.57280 -24.05900 -24.52830 -24.50590 -24.58030 -24.47010 -24.44000 -24.11680 -24.08550 -25.16910 -25.44840 -25.75070 -26.07400 -26.57930 -26.89990 -25.21860 -24.42290 -23.84460 -23.56000 -23.16620 -23.08940 -23.00150 -22.91610
-39.77410 -41.07000 -40.86760 -40.65430 -38.54800 -36.15620 -35.95160 -36.83210 -36.72160 -35.02420 -37.10620 -36.08130 -34.81200 -32.81600 -31.71700 -30.91010 -30.10700 -29.61010 -29.58880 -30.08510 -30.37670 -29.65870 -29.24430 -28.82860 -28.51650 -28.49140 -28.48170 -28.45690 -28.44750 -28.33220 -28.21920 -28.20780 -28.39000 -27.78000 -27.46140 -27.56890 -27.37320 -27.06250 -26.85910 -27.05150 -26.75820 -25.96070 -25.44840 -25.34820 -25.83170 -25.51650 -24.68130 -24.06480 -23.23970 -24.00690 -24.29130 -24.07070 -24.05330 -23.52610 -24.30370 -24.88210 -25.15950 -26.12880 -25.02060 -24.33680 -24.56540 -24.58050 -24.68980 -25.20370 -26.00930 -24.43350 -24.94720 -23.76560 -23.06640 -22.78100 -22.20230
-39.38970 -40.18090 -40.88350 -41.67100 -41.96800 -38.66230 -37.16050 -36.35210 -36.14340 -35.23490 -36.22710 -38.23050 -39.12800 -39.42570 -36.02860 -33.52640 -31.72780 -30.11320 -29.40160 -29.00130 -28.79030 -28.47540 -28.56050 -28.34960 -28.33260 -28.31640 -28.39890 -28.47890 -28.47090 -28.75110 -28.53930 -28.62940 -28.60440 -28.39820 -27.38240 -27.56390 -27.55720 -27.84930 -26.85150 -26.34420 -26.33460 -26.23450 -25.32690 -24.91760 -25.20020 -24.37820 -24.24690 -23.82350 -23.10020 -22.58180 -22.45940 -22.63790 -22.91180 -22.98320 -22.97170 -23.25320 -24.33900 -25.01380 -24.32810 -25.62920 -25.34990 -24.86900 -24.48480 -23.89060 -23.50890 -23.22520 -23.43400 -23.34940 -22.55730 -21.97620 -20.88680
-41.40280 -41.09570 -42.18710 -42.38340 -41.77850 -41.37920 -41.16760 -40.06450 -38.45590 -36.54050 -34.74430 -35.53670 -36.34300 -36.94100 -37.73990 -37.12770 -36.23550 -34.71460 -32.31240 -31.10530 -29.60540 -29.09300 -28.67370 -28.46080 -28.33840 -28.33220 -28.41300 -28.59440 -29.19000 -29.56950 -28.64790 -30.03480 -30.01680 -29.60140 -28.68920 -28.27850 -27.87110 -27.65100 -26.74950 -26.43140 -26.21790 -25.81050 -24.70940 -25.08010 -24.76360 -24.83250 -24.62280 -24.10290 -23.48400 -23.05670 -23.84860 -23.82330 -24.29990 -24.28350 -23.96860 -23.85340 -25.03600 -23.81650 -23.83850 -24.96470 -24.26960 -24.07040 -23.97090 -22.78790 -22.79310 -22.91140 -23.52560 -22.73260 -21.85570 -21.05550 -19.78030
-39.81260 -41.10440 -41.80910 -41.29090 -41.98990 -42.28160 -41.57820 -40.56790 -40.36650 -38.55540 -37.74230 -37.55210 -36.85150 -35.34900 -34.95140 -34.43990 -34.53450 -35.33070 -35.21930 -34.10860 -32.79750 -31.79350 -30.08060 -28.96790 -28.24960 -28.24000 -28.32570 -29.10260 -30.08550 -29.97290 -29.76950 -29.66010 -30.24680 -29.22400 -29.41300 -27.40110 -26.88070 -26.76820 -27.25010 -26.33330 -25.21740 -24.31270 -24.40190 -24.57710 -25.55720 -25.54200 -25.21900 -24.49700 -24.18490 -24.86040 -25.14370 -24.42730 -24.80080 -25.68640 -24.75890 -25.24600 -23.72830 -24.50630 -23.24210 -22.66910 -22.69320 -22.30180 -22.60720 -22.31180 -23.10240 -22.19840 -21.21020 -20.62650 -20.43310 -19.94630 -18.86370
-39.32520 -39.42520 -39.51400 -39.21370 -40.69540 -41.69210 -41.59240 -41.68060 -41.26610 -39.65660 -37.55900 -40.36100 -39.25900 -37.35770 -38.45840 -38.85000 -37.64060 -31.73840 -33.92590 -36.12160 -35.31060 -34.08450 -32.58790 -28.88670 -28.16810 -28.04800 -28.24360 -29.12240 -29.90850 -29.69080 -29.97830 -29.65450 -29.24370 -28.63180 -26.91360 -26.60460 -26.77690 -26.16290 -26.35040 -26.13350 -26.52300 -25.13060 -24.60950 -24.68620 -22.95470 -22.84030 -23.32350 -23.79730 -24.28740 -24.36520 -24.54670 -23.82490 -23.60160 -23.59230 -24.17060 -24.34650 -23.52180 -23.72560 -22.25340 -21.88250 -21.01760 -21.04090 -21.73760 -22.43340 -20.92880 -20.33780 -19.94030 -19.33380 -18.93450 -18.93020 -18.54670
-38.83780 -38.63170 -38.62490 -38.42260 -39.00970 -39.30580 -39.49820 -40.08940 -40.08850 -40.18210 -39.57100 -39.27750 -38.47490 -36.87010 -37.67860 -37.26190 -37.75190 -35.94720 -33.73090 -32.22020 -32.81060 -32.80040 -31.89600 -31.08780 -29.27010 -28.26130 -28.33980 -28.62360 -29.30710 -29.09210 -29.57900 -28.85850 -27.74620 -27.62980 -27.11560 -26.39960 -25.88490 -25.56350 -25.36750 -25.56070 -26.25260 -25.75190 -25.54210 -24.80800 -22.59070 -21.95990 -22.51770 -23.00640 -23.27660 -24.06600 -24.04180 -23.02310 -22.31020 -23.48350 -22.56130 -22.14580 -21.81660 -21.32820 -22.45640 -21.39040 -21.01670 -20.44590 -20.57230 -19.86700 -19.76440 -19.67340 -19.27060 -19.26710 -19.66110 -18.66750 -17.96920
-38.42980 -38.53560 -39.04510 -38.93530 -38.83200 -38.11740 -38.31370 -38.40630 -38.69400 -38.68980 -39.68370 -40.18530 -38.58560 -36.49010 -35.37110 -35.46780 -35.16170 -34.64680 -35.53700 -34.14050 -32.72690 -31.01510 -30.00360 -30.30430 -30.68200 -30.15770 -28.83850 -29.22110 -29.90680 -30.29190 -29.48030 -28.86020 -27.15070 -26.83170 -26.61730 -26.90410 -26.18920 -26.88670 -25.49130 -26.48680 -27.37510 -25.77420 -25.26530 -25.93600 -24.50560 -22.78380 -22.45490 -22.41510 -22.08560 -22.36720 -22.74500 -21.22000 -20.50220 -20.08550 -19.56350 -19.74220 -20.02710 -20.53390 -19.96660 -20.69010 -19.82570 -19.85310 -19.88210 -19.70230 -19.41060 -18.99920 -18.60560 -18.40820 -18.60360 -18.89840 -18.29880
-38.14030 -38.94070 -39.63170 -39.72880 -38.93640 -38.72870 -38.23560 -38.22400 -37.90960 -39.30270 -39.30040 -38.99520 -39.49070 -37.28880 -34.58020 -33.38580 -33.86830 -34.06050 -34.34230 -33.74530 -32.53050 -31.82470 -31.12520 -30.32720 -30.00220 -29.45560 -30.23120 -29.92920 -29.60630 -30.18660 -28.67260 -28.45860 -26.94630 -28.02290 -27.71300 -25.81000 -26.31200 -27.10960 -26.10960 -25.20250 -26.10000 -25.99090 -25.68380 -24.44990 -23.92650 -23.20960 -22.37440 -22.24600 -21.39570 -21.85850 -21.53450 -21.31010 -20.70000 -20.67730 -20.45840 -20.04100 -19.71810 -18.64320 -18.06950 -17.60300 -17.72620 -18.15490 -18.58190 -18.53740 -18.53830 -18.24070 -18.13960 -17.93770 -18.93640 -19.12840 -18.62900
-35.83390 -36.63180 -38.83550 -39.03130 -39.12880 -37.52380 -37.63420 -36.82270 -37.62320 -37.71120 -37.30720 -36.60430 -36.31200 -36.60290 -34.89240 -33.68300 -33.27280 -31.86750 -31.66280 -30.75180 -32.55210 -30.64310 -29.63740 -29.14120 -28.81550 -29.77900 -31.03910 -30.32500 -30.00590 -29.28900 -29.67090 -28.15450 -27.04600 -27.53890 -27.63980 -25.73840 -25.94190 -25.93460 -26.33510 -25.62500 -25.12590 -25.01830 -24.10450 -23.88690 -22.95130 -22.72890 -20.89440 -21.07470 -21.03990 -20.60350 -20.15430 -19.91480 -19.30100 -18.37900 -18.45470 -17.64160 -17.62290 -17.14750 -16.57360 -16.59920 -16.83220 -17.27870 -17.76630 -18.06170 -19.47170 -18.87500 -18.96940 -18.56740 -18.47270 -17.36940 -17.16810
-35.73260 -35.53070 -37.12700 -38.23330 -38.32260 -39.32030 -38.62390 -37.02230 -37.22330 -37.11280 -36.22120 -36.21290 -34.51590 -34.20460 -34.79660 -32.99830 -30.98800 -29.87400 -29.86290 -29.25730 -28.66070 -29.55880 -29.25410 -27.95160 -27.23440 -26.68380 -28.14510 -28.41570 -27.99740 -28.38610 -27.36840 -26.87320 -26.75670 -26.56420 -26.65150 -26.25620 -25.05140 -25.54920 -26.05470 -26.04490 -24.14250 -23.54030 -23.32990 -21.60260 -20.57870 -19.75690 -18.41950 -17.50100 -17.26210 -16.63420 -16.29540 -15.95790 -15.90930 -16.17890 -16.44560 -16.33900 -16.03160 -15.26300 -15.38830 -15.63600 -16.11200 -16.37930 -17.68230 -19.18860 -19.81300 -19.31570 -19.22010 -18.73630 -17.72420 -16.92590 -16.83780
-32.82830 -33.73230 -35.52360 -35.33210 -36.62190 -37.02340 -38.81910 -37.62630 -36.22460 -36.92460 -36.92210 -35.62570 -34.02150 -34.12080 -32.90450 -31.19530 -30.58850 -29.48480 -27.97330 -27.28000 -27.37700 -27.97930 -29.17220 -26.87340 -25.54800 -25.61490 -27.56470 -27.41830 -27.70090 -28.39270 -26.79880 -25.69970 -26.08950 -25.88010 -25.98870 -25.08170 -24.67930 -23.98160 -24.57870 -24.27280 -22.75800 -20.66880 -20.95250 -19.43410 -17.50830 -17.07520 -16.95190 -16.82380 -17.38520 -16.36340 -9999 -9999 -14.64380 -14.50720 -14.06800 -14.73650 -14.63490 -14.39220 -14.77100 -15.64150 -15.92140 -17.43260 -18.74650 -20.05020 -19.37620 -19.98130 -20.19130 -20.09060 -17.69700 -16.48660 -16.36610
-34.22430 -32.82170 -33.42290 -34.12800 -34.22700 -33.83150 -35.72030 -33.92210 -34.71420 -35.21720 -35.31560 -33.62260 -33.41180 -32.81820 -31.10820 -29.69530 -29.89400 -28.08900 -26.69390 -27.09500 -26.28930 -25.27740 -25.17590 -25.58160 -27.16110 -26.01950 -26.37580 -25.83010 -26.40460 -26.20680 -26.41280 -24.51880 -24.61300 -25.11390 -24.80810 -24.39900 -24.19960 -21.79450 -19.80040 -9999 -9999 -9999 -9999 -16.45810 -9999 -17.71000 -18.87250 -17.24860 -16.51700 -14.69240 -9999 -9999 -14.69170 -14.14830 -13.60860 -13.48340 -13.03330 -13.61730 -14.38820 -15.47960 -15.87870 -16.59230 -17.39770 -18.01380 -17.12340 -19.84020 -19.93950 -19.02670 -16.20960 -15.39780 -14.68510
