data/hydroclimate-scenarios/1948-2000.Pcorr55N_Pref_Tref/monthly_summaries/vpd_monthly_avg_jun.asc
ncols	311
nrows	91
xllcenter	102.75
yllcenter	31.75
cellsize	0.5
NODATA_value	-9999
[rows 0 to 32 of 91, columns 73 to 145 of 311]
-9999 -9999 -9999 -9999 -9999 -9999 -9999 -9999 -9999 -9999 -9999 -9999 -9999 -9999 -9999 -9999 -9999 -9999 -9999 -9999 -9999 -9999 -9999 -9999 -9999 -9999 -9999 -9999 -9999 -9999 -9999 -9999 -9999 -9999 -9999 -9999 -9999 -9999 -9999 -9999 -9999 -9999 -9999 -9999 -9999 -9999 -9999 -9999 -9999 -9999 -9999 -9999 -9999 -9999 -9999 -9999 -9999 -9999 -9999 -9999 -9999 -9999 -9999 -9999 -9999 -9999 -9999 -9999 -9999 -9999 -9999 -9999 -9999
-9999 -9999 -9999 -9999 -9999 -9999 -9999 -9999 -9999 -9999 -9999 -9999 -9999 -9999 -9999 -9999 -9999 -9999 -9999 -9999 -9999 -9999 -9999 -9999 -9999 -9999 -9999 -9999 -9999 -9999 -9999 -9999 -9999 -9999 -9999 -9999 -9999 -9999 -9999 -9999 -9999 -9999 -9999 -9999 -9999 -9999 -9999 -9999 -9999 -9999 -9999 -9999 -9999 -9999 -9999 -9999 -9999 -9999 -9999 -9999 -9999 -9999 -9999 -9999 -9999 -9999 -9999 -9999 -9999 -9999 -9999 -9999 -9999
-9999 -9999 -9999 -9999 -9999 -9999 -9999 -9999 -9999 -9999 -9999 -9999 -9999 -9999 -9999 -9999 -9999 -9999 -9999 -9999 -9999 -9999 -9999 -9999 -9999 -9999 -9999 -9999 -9999 -9999 -9999 -9999 -9999 -9999 -9999 -9999 -9999 -9999 -9999 -9999 -9999 -9999 -9999 -9999 -9999 -9999 -9999 -9999 -9999 -9999 -9999 -9999 -9999 -9999 -9999 -9999 -9999 -9999 -9999 -9999 -9999 -9999 -9999 -9999 -9999 -9999 -9999 -9999 -9999 -9999 -9999 -9999 -9999
-9999 -9999 -9999 -9999 -9999 -9999 -9999 -9999 -9999 -9999 -9999 -9999 -9999 -9999 -9999 -9999 -9999 -9999 -9999 -9999 -9999 -9999 -9999 -9999 -9999 -9999 -9999 -9999 -9999 -9999 -9999 -9999 -9999 -9999 -9999 -9999 -9999 -9999 -9999 -9999 -9999 -9999 -9999 -9999 -9999 -9999 -9999 -9999 -9999 -9999 -9999 -9999 -9999 -9999 -9999 -9999 -9999 -9999 -9999 -9999 -9999 -9999 -9999 -9999 -9999 -9999 -9999 -9999 -9999 -9999 -9999 -9999 -9999
-9999 -9999 -9999 -9999 -9999 -9999 -9999 -9999 -9999 -9999 -9999 -9999 -9999 -9999 -9999 -9999 -9999 -9999 -9999 -9999 -9999 -9999 -9999 -9999 -9999 -9999 -9999 -9999 -9999 -9999 -9999 -9999 -9999 -9999 -9999 -9999 -9999 -9999 -9999 -9999 -9999 -9999 -9999 -9999 -9999 -9999 -9999 -9999 -9999 -9999 -9999 -9999 -9999 -9999 -9999 -9999 -9999 -9999 -9999 -9999 -9999 -9999 -9999 -9999 -9999 -9999 -9999 -9999 -9999 -9999 -9999 -9999 -9999
-9999 -9999 -9999 -9999 -9999 -9999 -9999 -9999 -9999 -9999 -9999 -9999 -9999 -9999 -9999 -9999 -9999 -9999 -9999 -9999 -9999 -9999 -9999 -9999 -9999 -9999 -9999 -9999 -9999 -9999 -9999 -9999 -9999 -9999 -9999 -9999 -9999 -9999 -9999 -9999 -9999 -9999 -9999 -9999 -9999 -9999 -9999 -9999 -9999 -9999 -9999 -9999 -9999 -9999 -9999 -9999 -9999 -9999 -9999 -9999 -9999 -9999 -9999 -9999 -9999 -9999 -9999 -9999 -9999 -9999 -9999 -9999 -9999
-9999 -9999 -9999 -9999 -9999 -9999 -9999 -9999 -9999 -9999 -9999 -9999 -9999 -9999 -9999 -9999 -9999 -9999 -9999 -9999 -9999 -9999 -9999 -9999 -9999 -9999 -9999 -9999 -9999 -9999 -9999 -9999 -9999 -9999 -9999 -9999 -9999 -9999 -9999 -9999 -9999 -9999 -9999 -9999 -9999 -9999 -9999 -9999 -9999 -9999 -9999 -9999 -9999 -9999 -9999 -9999 -9999 -9999 -9999 -9999 -9999 -9999 -9999 -9999 -9999 -9999 -9999 -9999 -9999 -9999 -9999 -9999 -9999
-9999 -9999 -9999 -9999 -9999 -9999 -9999 -9999 -9999 -9999 -9999 -9999 -9999 -9999 -9999 -9999 -9999 -9999 -9999 -9999 -9999 -9999 -9999 -9999 -9999 -9999 -9999 -9999 -9999 -9999 -9999 -9999 -9999 -9999 -9999 -9999 -9999 -9999 -9999 -9999 -9999 -9999 -9999 -9999 -9999 -9999 -9999 -9999 -9999 -9999 -9999 -9999 -9999 -9999 -9999 -9999 -9999 -9999 -9999 -9999 -9999 -9999 -9999 -9999 -9999 -9999 -9999 -9999 -9999 -9999 -9999 -9999 -9999
-9999 -9999 -9999 -9999 0.80879 -9999 -9999 -9999 -9999 -9999 -9999 -9999 -9999 -9999 -9999 -9999 -9999 -9999 -9999 -9999 -9999 -9999 -9999 -9999 -9999 -9999 -9999 -9999 -9999 -9999 -9999 -9999 -9999 -9999 -9999 -9999 -9999 -9999 -9999 -9999 -9999 -9999 -9999 -9999 -9999 -9999 -9999 -9999 -9999 -9999 -9999 -9999 -9999 -9999 -9999 -9999 -9999 -9999 -9999 -9999 -9999 -9999 -9999 -9999 -9999 -9999 -9999 -9999 -9999 -9999 -9999 -9999 -9999
0.58249 0.88439 0.86230 0.81498 0.82033 0.79295 0.78577 0.76511 0.74606 0.73274 0.71329 0.70960 0.69259 0.68513 0.68060 0.68162 0.67096 0.66699 0.67341 0.68467 -9999 -9999 -9999 -9999 -9999 -9999 -9999 -9999 -9999 -9999 -9999 -9999 -9999 -9999 -9999 -9999 -9999 -9999 -9999 -9999 -9999 -9999 -9999 -9999 -9999 -9999 -9999 -9999 -9999 -9999 -9999 -9999 -9999 -9999 -9999 -9999 -9999 -9999 -9999 -9999 -9999 -9999 -9999 -9999 -9999 -9999 -9999 -9999 -9999 -9999 -9999 -9999 -9999
-9999 -9999 0.88992 0.87232 0.83974 0.83324 0.82409 0.79862 0.78462 0.76561 0.74119 0.73337 0.72830 0.71702 0.70381 0.68865 0.68279 0.67677 0.67543 0.68422 -9999 -9999 -9999 -9999 -9999 -9999 -9999 -9999 -9999 -9999 -9999 -9999 -9999 -9999 -9999 -9999 -9999 -9999 -9999 -9999 -9999 -9999 -9999 -9999 -9999 -9999 -9999 -9999 -9999 -9999 -9999 -9999 -9999 -9999 -9999 -9999 -9999 -9999 -9999 -9999 -9999 -9999 -9999 -9999 -9999 -9999 -9999 -9999 -9999 -9999 -9999 -9999 -9999
0.94711 0.94372 0.91032 0.90016 0.86326 0.85692 0.83675 0.82519 0.80589 0.78783 0.76035 0.75083 0.73903 0.72503 0.71273 0.70435 0.69045 0.68264 0.68052 0.68932 0.70603 0.72054 0.73371 0.76242 0.76907 0.79921 -9999 -9999 -9999 -9999 -9999 -9999 -9999 -9999 -9999 -9999 -9999 -9999 -9999 -9999 -9999 -9999 -9999 -9999 -9999 -9999 -9999 -9999 -9999 -9999 -9999 -9999 -9999 -9999 -9999 -9999 -9999 -9999 -9999 -9999 -9999 -9999 -9999 -9999 -9999 -9999 -9999 -9999 -9999 -9999 -9999 -9999 -9999
0.96993 0.94788 0.93983 0.91933 0.89646 0.88523 0.87600 0.85521 0.83906 0.81971 0.79129 0.77791 0.75844 0.75057 0.73654 0.72642 0.70290 0.67997 0.68704 0.68888 0.68893 0.71604 0.73885 0.75854 0.78153 0.78647 0.79976 0.82094 0.83489 0.83653 0.84072 0.84268 0.83349 0.83825 0.84255 0.84299 0.84119 0.83813 0.83931 0.84294 0.84364 -9999 -9999 -9999 -9999 -9999 -9999 -9999 -9999 -9999 -9999 -9999 -9999 -9999 -9999 -9999 -9999 -9999 -9999 -9999 -9999 -9999 -9999 -9999 -9999 -9999 -9999 -9999 -9999 -9999 -9999 -9999 -9999
0.95475 0.92469 0.90432 0.90539 0.90502 0.90879 0.88999 0.87388 0.86310 0.84458 0.82060 0.80592 0.77640 0.76764 0.75604 0.74484 0.72862 0.70496 0.67840 0.65386 0.68036 0.69848 0.71902 0.76617 0.79370 0.81335 0.80371 0.79240 0.82523 0.83851 0.85755 0.85805 0.85422 0.85719 0.85341 0.85409 0.85118 0.85323 0.84598 0.85013 0.85075 0.85362 -9999 -9999 -9999 -9999 -9999 -9999 -9999 -9999 -9999 -9999 -9999 -9999 -9999 -9999 -9999 -9999 -9999 -9999 -9999 -9999 -9999 -9999 -9999 -9999 -9999 -9999 -9999 -9999 -9999 -9999 -9999
0.82227 0.73899 0.80712 0.80487 0.79382 0.80285 0.78838 0.82384 0.77323 0.78605 0.81598 0.80580 0.78418 0.77507 0.77138 0.75776 0.74355 0.71457 0.69570 0.69619 0.70960 0.72357 0.74663 0.71927 0.78103 0.81814 0.81548 0.81256 0.84400 0.85922 0.86371 0.86027 0.86551 0.86503 0.87051 0.86513 0.85876 0.85766 0.85688 0.85620 0.84500 0.85211 -9999 -9999 -9999 -9999 -9999 -9999 -9999 -9999 -9999 -9999 -9999 -9999 -9999 -9999 -9999 0.81251 0.80066 -9999 -9999 -9999 -9999 0.71029 0.62551 0.56687 0.58728 0.66207 0.67665 0.65901 0.63182 0.59443 0.58056
0.81247 0.76339 0.83304 0.88964 0.87257 0.81934 0.80620 0.79396 0.83467 0.83900 0.84185 0.80375 0.77720 0.80042 0.78847 0.78978 0.77405 0.77515 0.74777 0.74211 0.73795 0.79762 0.81113 0.82207 0.84321 0.84768 0.84512 0.86349 0.86835 0.88428 0.88344 0.88277 0.89189 0.88356 0.89223 0.88306 0.87398 0.87270 0.86479 0.86083 0.84488 0.85036 0.86188 0.85717 0.85377 0.83769 0.74149 0.70393 0.72895 0.70115 0.69729 0.73046 0.72157 0.70673 0.79611 0.80285 0.80258 0.79545 0.80216 -9999 -9999 -9999 -9999 -9999 0.70546 0.65087 0.60606 0.57851 0.57353 0.57854 0.53155 0.53867 0.52745
0.79586 0.71451 0.76733 0.84653 0.85283 0.86714 0.90927 0.93498 0.93700 0.91269 0.89133 0.87706 0.85045 0.84104 0.82619 0.81041 0.81016 0.79780 0.80825 0.80961 0.82503 0.83132 0.84544 0.84763 0.86290 0.87289 0.87605 0.88700 0.88999 0.89731 0.90145 0.89984 0.90653 0.89872 0.89529 0.88749 0.86879 0.87417 0.87100 0.87004 0.86585 0.85746 0.84948 0.84187 0.84735 0.83096 0.74992 0.70872 0.74421 0.78218 0.73052 0.64483 0.59155 0.67967 0.63614 0.62486 0.64499 0.69522 0.70116 0.68198 0.74648 0.78639 0.76940 0.76358 0.73732 0.72359 0.66195 0.61148 0.54984 0.53991 0.49628 0.44686 0.44203
0.85178 0.71267 0.68188 0.74926 0.80710 0.80135 0.98036 0.99474 0.96711 0.94490 0.93268 0.90942 0.88879 0.86937 0.85742 0.85131 0.84137 0.79883 0.80133 0.83265 0.85156 0.85977 0.86826 0.87814 0.88895 0.90113 0.90414 0.91189 0.91581 0.92115 0.92301 0.92212 0.91683 0.91546 0.90336 0.90489 0.88828 0.88503 0.88059 0.86012 0.86484 0.86395 0.86036 0.85573 0.84392 0.84434 0.82778 0.80314 0.77158 0.80405 0.74611 0.73896 0.67848 0.60584 0.58922 0.61482 0.61683 0.60565 0.62593 0.56984 0.63370 0.72466 0.74568 0.74828 0.74615 0.73126 0.67904 0.58321 0.49873 0.48330 0.45524 0.42330 0.42046
0.70568 0.91282 0.82955 0.89973 0.94048 0.83269 0.91024 0.96306 0.96747 0.97694 0.95770 0.94596 0.92603 0.91178 0.90028 0.88147 0.86610 0.74891 0.76747 0.79318 0.81410 0.84716 0.87406 0.88631 0.91026 0.92080 0.92051 0.92131 0.94031 0.93783 0.94539 0.94515 0.93943 0.93506 0.93013 0.90326 0.88912 0.85799 0.85140 0.86619 0.77511 0.74783 0.77716 0.82108 0.84435 0.86464 0.86798 0.80943 0.75696 0.73762 0.72632 0.71633 0.70760 0.72089 0.70830 0.63164 0.61633 0.58699 0.55966 0.52380 0.50604 0.57446 0.60480 0.62460 0.61962 0.61355 0.57843 0.54599 0.52167 0.50770 0.47336 0.44250 0.42912
0.64706 0.65521 0.77052 0.92690 0.93258 0.85268 0.83569 0.93371 0.75043 0.77317 0.80947 0.90014 0.92574 0.92860 0.92761 0.93210 0.88943 0.82782 0.78513 0.82552 0.84921 0.88541 0.90749 0.92977 0.94476 0.94589 0.96016 0.96093 0.96348 0.95349 0.91697 0.94414 0.94743 0.90101 0.89226 0.86924 0.85663 0.80953 0.79584 0.82509 0.82282 0.80652 0.73919 0.73983 0.76925 0.80081 0.84604 0.77384 0.72931 0.72275 0.71428 0.74300 0.67412 0.62922 0.60724 0.54592 0.60637 0.64755 0.62802 0.62730 0.61745 0.56806 0.51605 0.57265 0.52107 0.55561 0.56070 0.53738 0.53677 0.58863 0.55656 0.47379 0.45544
0.63936 0.60546 0.59240 0.75776 0.85713 0.91003 0.90442 0.94573 0.83899 0.68730 0.59997 0.57258 0.67704 0.77923 0.86202 0.92016 0.93612 0.94507 0.93954 0.93823 0.92485 0.94344 0.94309 0.95152 0.94776 0.95987 0.96911 0.94300 0.95171 0.92685 0.90757 0.89701 0.93560 0.88002 0.85593 0.79476 0.83457 0.83384 0.79674 0.77093 0.79751 0.79771 0.75482 0.78975 0.77042 0.77990 0.81444 0.82325 0.81736 0.78266 0.74638 0.72424 0.71431 0.68693 0.62294 0.57667 0.61014 0.53964 0.56112 0.58199 0.60032 0.61999 0.64179 0.62584 0.58790 0.55978 0.57180 0.56914 0.58705 0.61796 0.60470 0.53386 0.47574
0.58773 0.59039 0.59864 0.62239 0.63438 0.68237 0.77199 0.88279 0.97589 0.87648 0.78133 0.69927 0.60933 0.60251 0.61435 0.65389 0.75487 0.79764 0.89096 0.90836 0.93364 0.94496 0.95751 0.95359 0.95741 0.96454 0.92447 0.89528 0.95736 0.82674 0.80271 0.80716 0.83091 0.81825 0.81446 0.78699 0.80667 0.78968 0.77350 0.76502 0.81123 0.74840 0.73914 0.71180 0.71287 0.70631 0.73824 0.74586 0.67320 0.65746 0.60942 0.59659 0.60669 0.60260 0.53663 0.59492 0.60305 0.54504 0.58741 0.59103 0.59521 0.66895 0.64834 0.63252 0.57020 0.58659 0.60300 0.60527 0.64262 0.64704 0.60313 0.49621 0.49767
0.59943 0.60853 0.60511 0.59759 0.61060 0.66458 0.67301 0.76650 0.80077 0.77515 0.77494 0.81596 0.79184 0.76317 0.70434 0.62493 0.59431 0.62490 0.67141 0.71811 0.82480 0.90252 0.96679 0.96757 0.97814 0.93555 0.87257 0.88286 0.87766 0.85520 0.78631 0.81909 0.77094 0.86946 0.85890 0.80829 0.73710 0.75995 0.78962 0.81057 0.77707 0.74423 0.66224 0.64324 0.63276 0.65744 0.64186 0.58014 0.55430 0.57358 0.54298 0.49076 0.52658 0.49126 0.56321 0.52043 0.59295 0.63324 0.63611 0.66436 0.65835 0.67146 0.61531 0.65546 0.68709 0.69064 0.65639 0.65278 0.67006 0.65443 0.56058 0.49364 0.54710
0.67721 0.68696 0.62855 0.60820 0.60737 0.61382 0.63864 0.72520 0.83927 0.62845 0.65214 0.70832 0.59640 0.55112 0.56865 0.83941 0.66332 0.54974 0.55200 0.59419 0.66892 0.90004 0.97793 0.99037 1.00415 0.96241 0.90586 0.91253 0.87651 0.86163 0.84768 0.84522 0.92314 0.88657 0.82276 0.81625 0.76309 0.73465 0.67160 0.71842 0.72587 0.68954 0.77482 0.77315 0.71596 0.66081 0.60034 0.56979 0.54888 0.56582 0.56567 0.54523 0.51137 0.49731 0.52590 0.51749 0.60186 0.62557 0.68776 0.70823 0.67892 0.64581 0.73239 0.74646 0.74335 0.73271 0.71765 0.67646 0.65341 0.64584 0.58946 0.59275 0.56204
0.67071 0.69565 0.67543 0.67817 0.68386 0.66963 0.69854 0.69584 0.72471 0.69913 0.69817 0.72766 0.62704 0.59488 0.54011 0.57508 0.65251 0.71125 0.65923 0.65301 0.70138 0.74154 0.88327 0.98946 1.00612 0.99887 0.95486 0.96829 0.90859 0.91326 0.93855 0.88611 0.87075 0.86317 0.84074 0.81299 0.77413 0.72265 0.64654 0.64137 0.62340 0.63823 0.75758 0.77254 0.71202 0.65786 0.61296 0.54623 0.52720 0.55958 0.57636 0.51063 0.54009 0.55528 0.56691 0.59817 0.54788 0.60159 0.64318 0.68318 0.70785 0.76506 0.79459 0.77760 0.75672 0.70957 0.63881 0.64629 0.65574 0.64508 0.62048 0.59860 0.55221
0.61216 0.62549 0.64088 0.70105 0.72059 0.74869 0.76874 0.79983 0.72940 0.64709 0.67620 0.73419 0.72201 0.64733 0.62088 0.60463 0.54359 0.57735 0.64316 0.72830 0.78430 0.76842 0.76644 0.82526 0.94833 0.96522 0.93473 0.89345 0.91580 0.89487 0.97102 0.92743 0.85873 0.78380 0.78509 0.68711 0.72222 0.63321 0.55388 0.60131 0.60104 0.54248 0.58566 0.66070 0.66419 0.63476 0.63219 0.58959 0.54800 0.61143 0.63170 0.62727 0.64280 0.62999 0.60668 0.57479 0.60960 0.57806 0.65660 0.65919 0.69278 0.72245 0.74648 0.76475 0.74812 0.71953 0.66344 0.60130 0.59213 0.61194 0.60747 0.53887 0.50797
0.56068 0.56238 0.58762 0.61272 0.67270 0.71569 0.79043 0.74652 0.75436 0.70564 0.60184 0.63813 0.71074 0.71158 0.63564 0.58207 0.54443 0.55050 0.60146 0.62374 0.66699 0.71702 0.76103 0.82207 0.82454 0.90023 0.95435 0.90395 0.97554 0.90076 0.94055 0.78647 0.74206 0.81464 0.70984 0.62363 0.63735 0.64982 0.57919 0.55130 0.54190 0.56957 0.57363 0.59144 0.60776 0.59290 0.60625 0.56644 0.56444 0.55463 0.55977 0.54784 0.54380 0.55299 0.56186 0.61486 0.64426 0.68769 0.70915 0.69094 0.68756 0.69661 0.70272 0.71092 0.70059 0.67729 0.59231 0.55024 0.53928 0.54512 0.55471 0.54200 0.54924
0.54072 0.53672 0.54242 0.60822 0.63380 0.71979 0.73313 0.79608 0.88078 0.80130 0.70377 0.60682 0.61908 0.62156 0.59091 0.62697 0.61277 0.63172 0.53301 0.61516 0.67419 0.71951 0.75424 0.74114 0.71106 0.82118 0.91330 0.95511 0.84937 0.87207 0.85646 0.75329 0.68522 0.75615 0.68328 0.64251 0.58361 0.57657 0.56854 0.54845 0.56217 0.55043 0.56820 0.55990 0.62826 0.59361 0.57314 0.56811 0.56534 0.54888 0.56132 0.58371 0.56564 0.59528 0.59294 0.61358 0.64924 0.66848 0.67453 0.66887 0.65479 0.64713 0.57424 0.59302 0.57780 0.57549 0.55411 0.58846 0.55801 0.54259 0.52702 0.49309 0.45040
0.52778 0.51090 0.51133 0.48053 0.52359 0.60451 0.63456 0.66612 0.73995 0.67560 0.68158 0.62896 0.54709 0.57752 0.62859 0.64840 0.61366 0.62800 0.64227 0.58440 0.59919 0.66737 0.75502 0.83523 0.80174 0.85618 0.99067 0.92150 0.90507 0.86039 0.78651 0.72909 0.68094 0.64759 0.66301 0.59482 0.53391 0.50246 0.55171 0.55431 0.53643 0.58407 0.62047 0.64801 0.69260 0.72309 0.71219 0.70732 0.69897 0.68924 0.65581 0.61284 0.58327 0.57541 0.58584 0.62129 0.63564 0.64183 0.62787 0.62640 0.58230 0.52190 0.49692 0.51201 0.50092 0.49924 0.52732 0.53426 0.52470 0.50981 0.47473 0.46964 0.47760
0.53093 0.53644 0.50452 0.50034 0.43668 0.49194 0.54661 0.54324 0.53811 0.54648 0.57609 0.52809 0.53323 0.56793 0.55608 0.57451 0.62082 0.61878 0.60466 0.56450 0.51480 0.61796 0.72162 0.75379 0.70144 0.76979 0.79401 0.73095 0.80132 0.80685 0.72087 0.67799 0.62910 0.63583 0.60531 0.59453 0.53717 0.51918 0.56490 0.61655 0.58911 0.63171 0.72636 0.72186 0.70451 0.68466 0.63858 0.66458 -9999 -9999 0.64433 0.62745 0.63011 0.58493 0.58280 0.59675 0.58749 0.56247 0.56499 0.51406 0.48092 0.44997 0.47101 0.44287 0.43439 0.41482 0.47754 0.50117 0.48736 0.51603 0.47275 0.48298 0.49573
0.54784 0.51191 0.50312 0.51126 0.46863 0.51898 0.50014 0.49014 0.47335 0.50023 0.49464 0.49045 0.50856 0.53666 0.50047 0.54188 0.57852 0.53462 0.55044 0.57865 0.58413 0.57336 0.52050 0.59201 0.60714 0.68146 0.68874 0.70087 0.66707 0.73387 0.67765 0.61857 0.59469 0.57879 0.54323 0.62393 0.68267 -9999 -9999 -9999 -9999 0.72754 -9999 0.63241 0.55765 0.60028 0.61299 0.68658 -9999 -9999 0.59074 0.58734 0.58275 0.56852 0.58481 0.56149 0.53509 0.51273 0.50730 0.49601 0.47791 0.47311 0.49196 0.39952 0.39117 0.40018 0.48724 0.49427 0.50279 0.53935 -9999 -9999 -9999
0.54018 0.49755 0.49841 0.54645 0.47090 0.49461 0.54333 0.53271 0.52933 0.51699 0.48684 0.47053 0.48911 0.55282 0.51447 0.49431 0.48507 0.49804 0.47662 0.52854 0.52157 0.53829 0.52501 0.56587 0.56857 0.57802 0.60860 0.63173 0.61390 0.59714 0.57789 0.57893 0.53728 0.58308 0.62011 -9999 -9999 -9999 -9999 -9999 -9999 -9999 0.65985 0.63636 0.62963 -9999 -9999 -9999 -9999 -9999 0.61562 0.57385 0.49885 0.50790 0.48671 0.50223 0.52473 0.48912 0.53625 0.53588 0.50253 0.48264 0.50470 0.51055 0.46920 0.41615 0.47544 0.53717 -9999 -9999 -9999 -9999 -9999
0.49464 0.50659 0.52823 0.55179 0.54368 0.48110 0.53467 0.55497 0.53699 0.53984 0.49550 0.54561 0.54647 0.56268 0.53426 0.50536 0.51104 0.49328 0.50208 0.49564 0.49371 0.44912 0.46290 0.48560 0.49257 0.50774 0.48897 0.51746 0.54160 0.51474 0.54667 0.57355 0.57660 0.68568 -9999 -9999 -9999 -9999 -9999 -9999 -9999 -9999 -9999 0.64930 -9999 -9999 -9999 -9999 0.63404 0.60296 0.58437 0.53455 0.48109 0.50882 0.51921 0.50206 0.49145 0.50736 0.51676 0.52265 0.51911 0.48329 0.49737 0.48893 0.48656 -9999 -9999 -9999 -9999 -9999 -9999 -9999 -9999
