data/hydroclimate-scenarios/1948-2000.Pcorr55N_Pref_Tref/monthly_summaries/vpd_monthly_avg_jul.asc
ncols	311
nrows	91
xllcenter	102.75
yllcenter	31.75
cellsize	0.5
NODATA_value	-9999
[rows 33 to 65 of 91, columns 0 to 72 of 311]
-9999 -9999 -9999 -9999 -9999 -9999 -9999 -9999 -9999 -9999 -9999 1.05211 1.01149 1.01268 0.98706 0.97400 0.96360 0.96548 0.97504 0.95743 0.95278 0.97203 0.99393 1.00048 0.97796 0.96004 0.95548 0.98590 1.02933 1.10323 1.06279 1.06814 1.06882 1.08253 1.09859 1.11280 1.09770 1.07445 1.05364 0.96718 1.01344 0.94642 0.98511 0.97343 0.95057 0.93032 0.92126 0.93572 0.94398 0.95347 0.96746 0.99607 1.00431 1.04121 1.07462 1.08828 1.08930 1.09011 1.09752 1.10563 1.10957 1.10747 1.15455 1.15694 1.10434 1.00436 0.93563 0.84236 0.77085 0.67540 0.67479 0.57817 0.59431
-9999 -9999 -9999 -9999 -9999 -9999 -9999 -9999 -9999 -9999 -9999 -9999 1.03668 1.03053 1.02351 1.00663 0.99898 0.99726 1.00340 0.99849 0.98571 0.97081 0.94041 0.91742 0.90216 0.83348 0.86178 0.86039 0.94731 0.99607 1.02280 1.09436 1.08837 1.08427 1.07907 1.06995 1.04776 1.03753 1.01444 0.96696 0.95240 0.93154 0.92890 0.97121 0.95022 0.91807 0.92881 0.95020 0.95604 0.96312 0.99089 0.98181 0.99022 1.02368 1.02247 1.04001 1.05910 1.09104 1.08834 1.11099 1.12385 1.10607 1.07969 1.03536 1.00980 0.95669 0.91307 0.80388 0.67498 0.61284 0.65665 0.60862 0.59638
-9999 -9999 -9999 -9999 -9999 -9999 -9999 -9999 -9999 -9999 -9999 -9999 1.04267 1.05161 1.02964 1.02460 1.03661 1.03019 1.01925 0.99026 0.98206 0.88089 0.85572 0.83735 0.79244 0.84437 0.87378 0.82104 0.89890 0.91309 0.92961 0.96263 1.05660 1.08454 1.07723 1.05275 1.02222 1.04074 1.02294 0.98141 0.95851 0.90645 0.90469 0.93022 0.94656 0.93161 0.94581 0.93398 0.94285 0.90876 0.91795 0.95803 0.96830 0.99020 1.03064 1.04693 1.06511 1.09303 1.08884 1.09007 1.07759 0.98924 0.94918 0.90913 0.91021 0.91099 0.83421 0.76560 0.68729 0.63181 0.59273 0.58570 0.56760
-9999 -9999 -9999 -9999 -9999 -9999 -9999 -9999 -9999 -9999 -9999 -9999 1.03658 1.07379 1.06449 1.05966 1.04676 1.02048 0.98901 0.94182 0.92093 0.86152 0.85217 0.82056 0.82661 0.80252 0.84032 0.90573 0.88342 0.94859 0.97293 1.04739 1.02402 1.01431 1.07902 1.07431 1.05526 1.01943 1.02695 0.99248 0.91378 0.85132 0.88308 0.90009 0.89587 0.86932 0.86878 0.83766 0.86079 0.90992 0.92194 0.94089 0.96775 0.97519 1.02156 1.03361 1.03815 1.04164 1.01817 1.00839 1.00098 0.92022 0.91292 0.91542 0.85571 0.80435 0.75890 0.71962 0.62966 0.60995 0.57771 0.54972 0.52754
-9999 -9999 -9999 1.03890 1.05034 1.04526 1.06245 1.08066 1.04740 -9999 1.05448 1.05226 1.08598 1.09784 1.08889 1.06662 1.02559 1.01984 0.94496 0.91624 0.91412 0.89866 0.87682 0.86479 0.85290 0.85731 0.89537 0.84401 0.86280 0.80167 0.90247 1.00072 0.96917 0.87192 0.96234 0.98540 0.95036 0.93851 0.93352 0.96220 0.94522 0.87557 0.89094 0.88630 0.85046 0.79919 0.75833 0.82617 0.84009 0.85229 0.84400 0.84975 0.83897 0.80245 0.85817 0.80303 0.78224 0.94240 0.87385 0.94474 0.97046 0.89344 0.86659 0.82775 0.81462 0.77767 0.71180 0.65186 0.61892 0.57056 0.52879 0.49331 0.46722
-9999 -9999 -9999 1.07377 1.07245 1.07442 1.05391 1.05787 1.07068 1.07389 1.09842 1.12618 1.07993 1.07273 1.01630 0.97338 0.92773 0.92448 0.90049 0.90911 0.91726 0.86453 0.91609 0.94246 0.89234 0.90106 0.87542 0.85963 0.81750 0.76913 0.85153 0.85508 0.86718 0.82766 0.86377 0.86515 0.86289 0.79779 0.88936 0.81954 0.80466 0.84441 0.86850 0.82223 0.78927 0.73360 0.73173 0.82947 0.77559 0.76619 0.75275 0.76783 0.74989 0.75818 0.84456 0.79198 0.85863 0.87152 0.81774 0.83505 0.83860 0.80444 0.77965 0.77332 0.73791 0.74979 0.70314 0.68457 0.60830 0.54815 0.48986 0.46439 0.42896
-9999 -9999 -9999 1.08351 1.08356 1.05533 1.04248 1.06672 1.11110 1.13811 1.12430 1.09756 1.03895 0.97037 0.88432 0.91608 0.87578 0.88015 0.91515 0.92307 0.90008 0.84310 0.87234 0.84373 0.79693 0.84821 0.84564 0.83158 0.84246 0.74616 0.68280 0.73979 0.82068 0.82563 0.80043 0.82028 0.84775 0.85155 0.85438 0.81549 0.79349 0.80428 0.82942 0.82431 0.84081 0.78690 0.77259 0.76468 0.75654 0.71915 0.70000 0.77820 0.76361 0.78245 0.82009 0.81609 0.84133 0.87112 0.81878 0.80683 0.83314 0.81352 0.81308 0.74433 0.72741 0.70215 0.66076 0.60710 0.52150 0.48179 0.43840 0.43701 0.42739
-9999 -9999 -9999 1.07108 1.14022 1.05352 1.09560 1.05676 1.06218 1.06336 1.10166 1.11074 0.98047 0.91002 0.88421 0.87573 0.84041 0.80928 0.83305 0.86620 0.80704 0.75140 0.70340 0.75105 0.77725 0.81863 0.84431 0.84125 0.73771 0.67482 0.71227 0.86790 0.79458 0.70694 0.70624 0.74696 0.82366 0.89054 0.83166 0.84815 0.81189 0.73989 0.70893 0.75359 0.84236 0.76704 0.72761 0.78567 0.71580 0.74523 0.69405 0.74071 0.74019 0.71796 0.76303 0.78897 0.80327 0.77907 0.75562 0.76192 0.69881 0.75425 0.74728 0.72526 0.68884 0.67240 0.62238 0.56773 0.48800 0.45301 0.45044 0.44630 -9999
-9999 -9999 -9999 1.08856 1.15576 1.03909 1.05325 1.05129 1.00417 1.04454 1.11897 1.03423 0.92202 0.86524 0.79566 0.81632 0.78273 0.81572 0.88377 0.92389 0.84557 0.78483 0.73842 0.82993 0.84844 0.87761 0.93371 0.87039 0.77462 0.71261 0.70660 0.75143 0.72295 0.75244 0.77704 0.78656 0.78352 0.84269 0.86123 0.84209 0.78929 0.74376 0.71552 0.72162 0.76874 0.76809 0.75787 0.75722 0.73901 0.72805 0.71871 0.78037 0.74617 0.69419 0.77744 0.71508 0.79591 0.80459 0.75590 0.69632 0.70270 0.70595 0.70715 0.64565 0.62041 0.64548 0.59491 0.53060 0.48624 0.48919 0.48490 -9999 -9999
-9999 -9999 -9999 -9999 1.02587 1.00094 1.02284 0.97623 0.96902 1.00487 1.10458 1.04144 0.81055 0.92142 -9999 -9999 -9999 -9999 -9999 0.72575 0.72172 0.75216 0.71178 0.67771 0.73212 0.78181 0.90939 0.85565 0.80973 0.82870 0.79340 0.77642 0.75858 0.81076 0.88122 0.90218 0.86617 0.90526 0.88290 0.86404 0.87065 0.83230 0.78404 0.74247 0.75950 0.76972 0.75885 0.71565 0.74956 0.77962 0.74141 0.73612 0.77400 0.70991 0.70871 0.68699 0.67960 0.69123 0.69098 0.70753 0.67726 0.64792 0.64106 0.64842 0.62780 0.59173 0.58556 0.60343 0.58868 -9999 -9999 -9999 -9999
-9999 -9999 1.03261 1.00870 0.99911 1.02958 1.01314 0.92775 0.99798 1.02074 1.10109 1.00217 0.81938 -9999 -9999 -9999 -9999 -9999 0.65496 0.72386 0.72300 0.80310 0.80380 0.74866 0.77245 0.79684 0.92332 0.92663 0.89849 0.89740 0.85622 0.83398 0.84280 0.84180 0.86569 0.93760 0.89998 0.90844 0.88145 0.88254 0.84256 0.83034 0.79837 0.80384 0.82357 0.81084 0.79589 0.79904 0.83098 0.87474 0.85345 0.83119 0.80703 0.83916 0.78803 0.82860 0.76729 0.70830 0.70197 0.76568 0.75038 0.72432 0.70299 0.67586 0.67485 0.66614 0.66269 -9999 -9999 -9999 -9999 -9999 -9999
-9999 -9999 0.99326 0.99139 1.03454 1.03487 1.05191 0.94556 0.98025 1.04801 1.00887 0.97165 0.98467 -9999 -9999 -9999 -9999 0.84372 0.70821 0.79124 0.78213 0.81310 0.80648 0.83400 0.88881 0.96469 0.94745 0.91492 0.92226 0.93906 0.90032 0.82927 0.88056 0.91005 0.89843 0.90868 0.92935 0.93870 0.87128 0.82193 0.84341 0.78878 0.77664 0.79816 0.77982 0.81124 0.83868 0.81647 0.91590 0.88399 0.90021 0.89963 0.89784 0.89652 0.88831 0.96804 0.92397 0.78208 0.74274 0.79009 0.80017 0.72661 0.74886 0.78220 0.78312 -9999 -9999 -9999 -9999 -9999 0.66342 -9999 -9999
-9999 -9999 0.99114 0.93774 0.96609 0.97353 1.00062 0.98087 0.97709 1.00099 0.93866 0.92810 1.07751 -9999 -9999 -9999 -9999 0.73710 0.75538 0.79087 0.79499 0.85899 0.90516 0.93509 0.91885 0.95329 0.89748 0.93533 0.91380 0.92960 0.88669 0.87863 0.86656 0.86839 0.91162 0.89400 0.88843 0.88563 0.85385 0.89565 0.87373 0.88086 0.85258 0.79679 0.81476 0.78777 0.79717 0.80340 0.85601 0.86600 0.94013 0.91290 0.89511 0.88078 0.88548 1.00502 0.98898 0.86835 0.85742 0.86451 0.91915 0.90539 0.88459 0.81293 0.73473 0.70534 0.76259 0.70069 0.74043 -9999 -9999 -9999 0.63003
-9999 -9999 -9999 0.93424 0.92235 0.94214 0.98320 1.03997 0.99592 0.94841 1.03587 1.03900 -9999 -9999 -9999 -9999 0.80803 0.76982 0.83468 0.85708 0.87903 0.94131 0.91689 0.92220 0.91167 0.91403 0.90893 0.90080 0.91140 0.82915 0.83744 0.89390 0.93657 0.92833 0.93087 0.95978 0.99074 0.99719 0.99990 0.99834 0.96227 0.94250 0.88414 0.88211 0.92345 0.89412 0.91967 0.94452 0.91989 0.93242 0.88802 0.90802 0.93238 0.89367 0.85189 0.86867 0.87519 0.81458 0.82504 0.87729 0.87573 0.86304 0.76299 0.63362 0.56546 0.70115 0.77367 0.76224 0.78747 0.69451 -9999 -9999 0.68440
-9999 -9999 -9999 -9999 0.94053 0.93524 0.97554 0.96631 0.93894 1.08530 1.11930 -9999 -9999 -9999 -9999 0.86772 0.81124 0.85160 0.91034 0.90049 0.94219 0.97329 0.95448 0.88013 0.88219 0.95543 0.96384 0.96038 0.92286 0.91397 0.87957 0.98278 1.00748 0.99165 0.92666 0.97474 0.99371 1.01746 1.00066 1.00089 0.94984 0.93085 0.92232 0.93336 0.96228 0.95794 0.94373 0.95924 0.97087 0.97177 0.96335 0.96986 0.94136 0.93338 0.95319 0.96833 0.97973 0.85687 0.84838 0.89005 0.81955 0.75283 0.72160 0.72904 0.66719 0.71867 0.81438 0.84616 0.80518 0.80607 0.78344 0.74549 0.73207
-9999 -9999 -9999 -9999 -9999 -9999 0.95096 0.98583 1.08012 1.11146 1.13584 -9999 -9999 -9999 -9999 -9999 0.88566 0.90211 0.92672 0.91398 0.92201 1.12102 0.93153 0.89894 0.91993 1.00412 1.03243 0.99598 0.99862 0.98854 0.95139 0.99330 1.04749 0.96177 0.97383 1.02731 1.00116 0.95139 0.99989 0.94882 0.92803 0.86091 0.85581 0.89753 0.91529 0.96815 0.98016 0.97467 0.96268 0.96688 0.98396 0.97338 0.98561 0.98422 0.97784 0.97958 0.95409 0.90821 0.88341 0.84689 0.78557 0.73928 0.71092 0.67368 0.62707 0.68485 0.81016 0.92541 0.88412 0.82092 0.76848 0.75417 0.70829
-9999 -9999 -9999 -9999 -9999 -9999 -9999 -9999 -9999 -9999 -9999 -9999 -9999 -9999 -9999 -9999 -9999 -9999 -9999 0.92287 0.94350 1.07158 0.99581 0.97305 0.96532 1.00074 1.00099 1.08578 1.07927 1.00805 0.98480 1.04399 0.99029 0.98229 0.97616 0.99942 1.01465 0.96612 0.96371 0.90310 0.86768 0.87193 0.87960 0.89980 0.91055 0.95862 0.99902 0.99196 0.98295 0.96976 0.97004 0.98862 0.98743 1.02309 1.00687 0.98546 0.95583 0.94093 0.87599 0.84252 0.75428 0.75582 0.71125 0.65942 0.63482 0.77916 0.88207 0.97289 0.93840 0.79675 0.75095 0.74529 0.69520
-9999 -9999 -9999 -9999 -9999 -9999 -9999 -9999 -9999 -9999 -9999 -9999 -9999 -9999 -9999 -9999 -9999 -9999 0.93481 0.91625 0.97319 1.02656 1.03166 1.05278 1.06203 1.05139 1.08146 1.07516 1.05955 1.03152 1.02083 0.99114 0.96296 0.97513 0.98491 1.00453 0.97052 0.98767 0.92597 0.87991 0.85575 0.87376 0.87473 0.87565 0.88650 0.89278 0.94680 1.00443 1.02089 0.98328 0.98665 0.98757 1.00746 1.00290 0.98386 1.00450 0.98381 0.86908 0.80686 0.83054 0.84227 0.83577 0.77870 0.72976 0.69246 0.81029 0.88806 0.94844 0.92496 0.86703 0.79806 0.67739 0.73549
-9999 -9999 -9999 -9999 -9999 -9999 -9999 -9999 -9999 -9999 -9999 -9999 -9999 -9999 -9999 -9999 -9999 0.93546 0.93256 0.98094 0.99391 1.00680 1.01808 1.06162 1.08262 1.07099 1.10008 1.06321 0.99644 0.98981 0.98097 1.00106 0.99192 1.03704 1.02688 0.95357 0.90264 0.91937 0.92899 0.88117 0.86444 0.88902 0.86992 0.90098 0.90834 0.93522 0.94685 0.95343 1.00427 0.98709 1.00726 1.02530 1.00679 0.97710 0.98596 0.97672 0.93675 0.85858 0.81673 0.84302 0.90661 0.84836 0.70193 0.68103 0.79444 0.83787 0.84493 0.91294 0.89555 0.86173 0.74964 0.72434 0.72755
-9999 -9999 -9999 -9999 -9999 -9999 -9999 -9999 -9999 -9999 -9999 -9999 -9999 -9999 -9999 -9999 -9999 0.93385 0.94743 0.90691 0.94562 0.98331 1.01404 1.06860 1.17791 1.11308 1.13137 1.12397 1.10066 1.04691 1.04427 1.05618 1.07200 1.08600 0.99761 0.93989 0.90704 0.90982 0.85161 0.85690 0.86672 0.89351 0.90662 0.93337 0.93230 1.02414 1.02935 0.93894 0.94888 1.00158 1.01639 1.00761 0.98967 0.98832 0.97755 0.95480 0.87235 0.86296 0.88657 0.89603 0.86263 0.78791 0.77353 0.74704 0.67613 0.72824 0.81564 0.77888 0.83959 0.83313 0.79365 0.67362 0.60263
-9999 -9999 -9999 -9999 -9999 -9999 -9999 -9999 -9999 -9999 -9999 -9999 -9999 -9999 -9999 -9999 0.85456 0.86348 0.86946 0.88420 0.97198 1.04861 1.03689 1.12270 1.28123 1.15023 1.19184 1.29108 1.22033 1.10193 1.08581 1.11188 1.10622 1.12513 1.06345 0.98978 0.92870 0.89573 0.85558 0.88837 0.91250 0.92020 0.91854 0.96526 0.99269 1.03407 1.02709 0.92308 0.94552 1.00734 1.00566 1.00203 0.98311 0.98627 0.97125 0.95115 0.93231 0.90529 0.90250 0.86253 0.87177 0.83581 0.76755 0.68412 0.72621 0.75002 0.77743 0.80107 0.85462 0.81670 0.74442 0.64123 0.59724
-9999 -9999 -9999 -9999 -9999 -9999 -9999 -9999 -9999 -9999 -9999 -9999 -9999 0.88372 0.84108 0.85149 0.83235 0.78253 0.84613 0.97709 1.01086 0.98476 1.05265 1.05814 1.06342 1.24650 1.27085 1.27649 1.26443 1.25133 1.22435 1.20117 1.16754 1.13520 1.07748 0.99110 0.95232 0.93868 0.90420 0.90491 0.92827 0.97276 0.99874 1.06329 1.04586 1.01771 1.01303 0.99620 0.98320 0.97422 0.96573 0.96898 0.96225 0.99016 0.98263 0.95287 0.94973 0.95858 0.94358 0.93084 0.90356 0.88565 0.86217 0.84007 0.86627 0.90014 0.88416 0.84407 0.80626 0.76397 0.68280 0.58772 0.55197
-9999 -9999 -9999 -9999 -9999 -9999 -9999 -9999 -9999 -9999 -9999 -9999 0.91951 0.87642 0.85589 0.86921 0.86659 0.87414 0.86733 1.06308 1.00738 1.06503 1.09807 1.09639 1.09893 1.29578 1.28657 1.31878 1.28142 1.29869 1.28119 1.25537 1.22155 1.16138 1.11787 1.03071 0.97570 0.94162 0.90302 0.92649 0.92878 0.98102 1.01950 1.06493 1.05126 1.02928 1.01533 0.99449 0.98687 0.97712 0.96927 0.97184 0.96602 0.99505 0.99264 0.99160 0.97330 0.92795 0.88875 0.89303 0.87499 0.90501 0.89646 0.85470 0.87140 0.89430 0.85813 0.80919 0.76279 0.67645 0.59181 0.57492 0.52430
-9999 -9999 -9999 -9999 -9999 -9999 -9999 -9999 -9999 -9999 -9999 0.77871 0.82984 0.81929 0.87869 0.94682 0.98057 0.99246 1.00292 0.99914 1.03354 1.15397 1.16315 1.17202 1.17682 1.16623 1.17430 1.28334 1.34035 1.35669 1.30714 1.27820 1.25350 1.19129 1.14228 1.01153 0.91807 0.89910 0.90184 0.93062 0.98072 1.00207 1.05327 1.07291 1.05311 1.03731 1.01401 1.00973 0.99475 0.97408 0.96831 0.89585 0.92389 0.92429 0.93782 0.94983 0.97819 0.93947 0.97622 0.98396 0.95958 0.98952 0.97298 0.94952 0.92588 0.88921 0.83637 0.79261 0.70290 0.60954 0.52875 0.47963 0.46964
-9999 -9999 -9999 -9999 -9999 -9999 -9999 -9999 -9999 -9999 0.81026 0.79947 0.88977 0.85403 0.94872 1.01591 1.04495 1.05484 1.04593 1.05116 1.08353 1.20115 1.20765 1.22706 1.22635 1.21155 1.20483 1.36575 1.38431 1.35307 1.33332 1.31630 1.27962 1.21191 1.12466 0.98049 0.92095 0.90359 0.92839 0.95648 1.01260 1.05527 1.10318 1.07219 1.05849 1.04331 1.02152 1.00985 0.99512 0.97495 0.96628 0.88365 0.91903 0.92205 0.93484 0.95467 0.93752 0.94668 0.99646 0.99637 0.97786 0.98252 0.97559 0.94656 0.91783 0.86896 0.81534 0.75210 0.65319 0.54791 0.48114 0.47589 0.44931
-9999 -9999 -9999 -9999 -9999 -9999 -9999 -9999 -9999 0.95610 0.96987 0.94136 0.94393 0.97513 1.01892 1.05167 1.08730 1.11034 1.16921 1.18095 1.21495 1.20050 1.21758 1.29179 1.28819 1.31692 1.35121 1.31259 1.29735 1.29809 1.35606 1.25483 1.19826 1.06385 0.96395 0.91602 0.86419 0.93113 0.95996 1.03532 1.07706 1.12272 1.15087 1.13350 1.11982 1.09257 1.08599 1.00350 0.97356 0.98374 0.97225 0.91486 0.89023 0.81147 0.81154 1.01188 1.03138 1.05073 1.03485 1.01699 0.99499 0.98642 0.97581 0.93539 0.90535 0.83003 0.76703 0.67098 0.58936 0.52618 0.49146 0.46172 0.44553
-9999 -9999 -9999 -9999 -9999 -9999 -9999 -9999 -9999 -9999 1.02230 1.02457 1.02435 1.07343 1.17797 1.14321 1.14295 1.16528 1.19546 1.20287 1.18630 1.24105 1.25784 -9999 -9999 -9999 -9999 -9999 -9999 1.31711 1.32544 1.25633 1.19387 1.06337 0.94002 0.90877 0.88290 0.96383 0.98722 1.07334 1.11676 1.15216 1.16282 1.14408 1.13487 1.11477 1.08484 1.01462 0.97638 0.98372 0.97277 0.94006 0.89354 0.81674 0.81664 1.03775 1.06341 1.05321 1.03200 1.01751 1.00164 0.97903 0.95685 0.91437 0.79470 0.78264 0.69488 0.61524 0.49875 0.48309 0.44923 0.44496 0.42759
-9999 -9999 -9999 -9999 -9999 -9999 -9999 -9999 -9999 -9999 -9999 -9999 1.09809 1.17122 1.19385 1.46873 1.42566 1.42351 1.41687 -9999 -9999 -9999 -9999 -9999 -9999 -9999 -9999 -9999 -9999 -9999 -9999 -9999 -9999 1.09983 0.94925 0.95606 0.93968 1.01198 1.06627 1.10629 1.13908 1.16797 1.16403 1.15801 1.14710 1.12896 1.11103 1.07365 1.05252 1.02725 1.00253 0.88485 0.87754 0.89746 0.91054 1.05226 1.02719 1.02927 1.03624 1.01871 0.99855 0.95917 0.92250 0.88516 0.82186 0.75216 0.65406 0.58560 0.52282 0.50387 0.47901 0.45574 -9999
-9999 -9999 -9999 -9999 -9999 -9999 -9999 -9999 -9999 -9999 -9999 -9999 -9999 -9999 -9999 -9999 -9999 -9999 -9999 -9999 -9999 -9999 -9999 -9999 -9999 -9999 -9999 -9999 -9999 -9999 -9999 -9999 -9999 -9999 0.99995 0.95639 1.02985 1.03914 1.09934 1.14393 1.15094 1.15488 1.13339 1.16572 1.14997 1.13158 1.10196 1.07277 1.05235 1.03532 1.01012 0.89793 0.88985 0.89439 0.90929 1.06164 1.02661 0.97394 0.98973 0.98557 0.96931 0.94624 0.94111 0.88224 0.82426 0.72620 0.62489 0.55196 0.49266 0.48749 0.48027 -9999 -9999
-9999 -9999 -9999 -9999 -9999 -9999 -9999 -9999 -9999 -9999 -9999 -9999 -9999 -9999 -9999 -9999 -9999 -9999 -9999 -9999 -9999 -9999 -9999 -9999 -9999 -9999 -9999 -9999 -9999 -9999 -9999 -9999 -9999 -9999 1.03422 1.03289 0.99692 1.07626 1.18419 1.24666 1.22517 1.19698 1.17784 1.15666 1.13636 1.11739 1.08802 1.05366 1.03200 0.98767 0.96795 0.96053 0.96518 0.86464 0.87725 0.99282 1.01677 1.01604 0.98567 0.97066 0.95594 0.92948 0.90967 0.83219 0.76132 0.64870 0.59896 0.53799 0.47196 0.48205 -9999 -9999 -9999
-9999 -9999 -9999 -9999 -9999 -9999 -9999 -9999 -9999 -9999 -9999 -9999 -9999 -9999 -9999 -9999 -9999 -9999 -9999 -9999 -9999 -9999 -9999 -9999 -9999 -9999 -9999 -9999 -9999 -9999 -9999 -9999 -9999 -9999 -9999 -9999 -9999 -9999 1.22237 1.23960 1.22883 1.19786 1.17310 1.14910 1.11999 1.10732 1.08252 1.04702 1.03053 0.97833 0.97903 0.97541 0.98271 0.87936 0.87391 0.99239 0.97888 0.99654 0.98213 0.96068 0.92621 0.90966 0.81806 0.76184 0.65477 0.62149 0.56282 0.53058 0.52455 -9999 -9999 -9999 -9999
-9999 -9999 -9999 -9999 -9999 -9999 -9999 -9999 -9999 -9999 -9999 -9999 -9999 -9999 -9999 -9999 -9999 -9999 -9999 -9999 -9999 -9999 -9999 -9999 -9999 -9999 -9999 -9999 -9999 -9999 -9999 -9999 -9999 -9999 -9999 -9999 -9999 -9999 -9999 1.24900 1.21467 1.17555 1.14522 1.13058 1.10106 1.06212 1.05020 1.02438 1.01522 0.98071 0.99040 0.92060 0.95035 0.93252 0.96422 0.89260 0.89211 0.83566 0.90668 0.85855 0.86665 0.81005 0.76113 0.68134 0.63747 0.57492 0.56564 0.56126 -9999 -9999 -9999 -9999 -9999
-9999 -9999 -9999 -9999 -9999 -9999 -9999 -9999 -9999 -9999 -9999 -9999 -9999 -9999 -9999 -9999 -9999 -9999 -9999 -9999 -9999 -9999 -9999 -9999 -9999 -9999 -9999 -9999 -9999 -9999 -9999 -9999 -9999 -9999 -9999 -9999 -9999 -9999 -9999 -9999 -9999 -9999 -9999 1.09702 1.07890 1.03007 1.01812 1.00624 1.00463 0.96633 0.94287 0.81814 0.90063 0.98089 0.90627 0.86286 0.84691 0.83878 0.90812 0.83118 0.76951 0.73692 0.72185 0.63203 0.60754 0.59226 0.59424 -9999 -9999 -9999 -9999 -9999 -9999
