data/hydroclimate-scenarios/1948-2000.Pcorr55N_Pref_Tref/monthly_summaries/vpd_monthly_avg_sep.asc
ncols	311
nrows	91
xllcenter	102.75
yllcenter	31.75
cellsize	0.5
NODATA_value	-9999
[rows 0 to 32 of 91, columns 219 to 291 of 311]
-9999 -9999 -9999 -9999 -9999 -9999 -9999 -9999 -9999 -9999 -9999 -9999 -9999 -9999 -9999 -9999 -9999 -9999 -9999 -9999 -9999 -9999 -9999 -9999 -9999 -9999 -9999 -9999 -9999 -9999 -9999 -9999 -9999 -9999 -9999 -9999 -9999 -9999 -9999 -9999 -9999 -9999 -9999 -9999 -9999 -9999 -9999 -9999 -9999 -9999 -9999 -9999 -9999 -9999 -9999 -9999 -9999 -9999 -9999 -9999 -9999 -9999 -9999 -9999 -9999 -9999 -9999 -9999 -9999 -9999 -9999 -9999 -9999
-9999 -9999 -9999 -9999 -9999 -9999 -9999 -9999 -9999 -9999 -9999 -9999 -9999 -9999 -9999 -9999 -9999 -9999 -9999 -9999 -9999 -9999 -9999 -9999 -9999 -9999 -9999 -9999 -9999 -9999 -9999 -9999 -9999 -9999 -9999 -9999 -9999 -9999 -9999 -9999 -9999 -9999 -9999 -9999 -9999 -9999 -9999 -9999 -9999 -9999 -9999 -9999 -9999 -9999 -9999 -9999 -9999 -9999 -9999 -9999 -9999 -9999 -9999 -9999 -9999 -9999 -9999 -9999 -9999 -9999 -9999 -9999 -9999
-9999 -9999 -9999 -9999 -9999 -9999 -9999 -9999 -9999 -9999 -9999 -9999 -9999 -9999 -9999 -9999 -9999 -9999 -9999 -9999 -9999 -9999 -9999 -9999 -9999 -9999 -9999 -9999 -9999 -9999 -9999 -9999 -9999 -9999 -9999 -9999 -9999 -9999 -9999 -9999 -9999 -9999 -9999 -9999 -9999 -9999 -9999 -9999 -9999 -9999 -9999 -9999 -9999 -9999 -9999 -9999 -9999 -9999 -9999 -9999 -9999 -9999 -9999 -9999 -9999 -9999 -9999 -9999 -9999 -9999 -9999 -9999 -9999
-9999 -9999 -9999 -9999 -9999 -9999 -9999 -9999 -9999 -9999 -9999 -9999 -9999 -9999 -9999 -9999 -9999 -9999 -9999 -9999 -9999 -9999 -9999 -9999 -9999 -9999 -9999 -9999 -9999 -9999 -9999 -9999 -9999 -9999 -9999 -9999 -9999 -9999 -9999 -9999 -9999 -9999 -9999 -9999 -9999 -9999 -9999 -9999 -9999 -9999 -9999 -9999 -9999 -9999 -9999 -9999 -9999 -9999 -9999 -9999 -9999 -9999 -9999 -9999 -9999 -9999 -9999 -9999 -9999 -9999 -9999 -9999 -9999
-9999 -9999 -9999 -9999 -9999 -9999 -9999 -9999 -9999 -9999 -9999 -9999 -9999 -9999 -9999 -9999 -9999 -9999 -9999 -9999 -9999 -9999 -9999 -9999 -9999 -9999 -9999 -9999 -9999 -9999 -9999 -9999 -9999 -9999 -9999 -9999 -9999 -9999 -9999 -9999 -9999 -9999 -9999 -9999 -9999 -9999 -9999 -9999 -9999 -9999 -9999 -9999 -9999 -9999 -9999 -9999 -9999 -9999 -9999 -9999 -9999 -9999 -9999 -9999 -9999 -9999 -9999 -9999 -9999 -9999 -9999 -9999 -9999
-9999 -9999 -9999 -9999 -9999 -9999 -9999 -9999 -9999 -9999 -9999 -9999 -9999 -9999 -9999 -9999 -9999 -9999 -9999 -9999 -9999 -9999 -9999 -9999 -9999 -9999 -9999 -9999 -9999 -9999 -9999 -9999 -9999 -9999 -9999 -9999 -9999 -9999 -9999 -9999 -9999 -9999 -9999 -9999 -9999 -9999 -9999 -9999 -9999 -9999 -9999 -9999 -9999 -9999 -9999 -9999 -9999 -9999 -9999 -9999 -9999 -9999 -9999 -9999 -9999 -9999 -9999 -9999 -9999 -9999 -9999 -9999 -9999
-9999 -9999 -9999 -9999 -9999 -9999 -9999 -9999 -9999 -9999 -9999 -9999 -9999 -9999 -9999 -9999 -9999 -9999 -9999 -9999 -9999 -9999 -9999 -9999 -9999 -9999 -9999 -9999 -9999 -9999 -9999 -9999 -9999 -9999 -9999 -9999 -9999 -9999 -9999 -9999 -9999 -9999 -9999 -9999 -9999 -9999 -9999 -9999 -9999 -9999 -9999 -9999 -9999 -9999 -9999 -9999 -9999 -9999 -9999 -9999 -9999 -9999 -9999 -9999 -9999 -9999 -9999 -9999 -9999 -9999 -9999 -9999 -9999
-9999 -9999 -9999 -9999 -9999 -9999 -9999 -9999 -9999 -9999 -9999 -9999 -9999 -9999 -9999 -9999 -9999 -9999 -9999 -9999 -9999 -9999 -9999 -9999 -9999 -9999 -9999 -9999 -9999 -9999 -9999 -9999 -9999 -9999 -9999 -9999 -9999 -9999 -9999 -9999 -9999 -9999 -9999 -9999 -9999 -9999 -9999 -9999 -9999 -9999 -9999 -9999 -9999 -9999 -9999 -9999 -9999 -9999 -9999 -9999 -9999 -9999 -9999 -9999 -9999 -9999 -9999 -9999 -9999 -9999 -9999 -9999 -9999
-9999 -9999 -9999 -9999 -9999 -9999 -9999 -9999 -9999 -9999 -9999 -9999 -9999 -9999 -9999 -9999 -9999 -9999 -9999 -9999 -9999 -9999 -9999 -9999 -9999 -9999 -9999 -9999 -9999 -9999 -9999 -9999 -9999 -9999 -9999 -9999 -9999 -9999 -9999 -9999 -9999 -9999 -9999 -9999 -9999 -9999 -9999 -9999 -9999 -9999 -9999 -9999 -9999 -9999 -9999 -9999 -9999 -9999 -9999 -9999 -9999 -9999 -9999 -9999 -9999 -9999 -9999 -9999 -9999 -9999 -9999 -9999 -9999
-9999 -9999 -9999 -9999 -9999 -9999 -9999 -9999 -9999 -9999 -9999 -9999 -9999 -9999 -9999 -9999 -9999 -9999 -9999 -9999 -9999 -9999 -9999 -9999 -9999 -9999 -9999 -9999 -9999 -9999 -9999 -9999 -9999 -9999 -9999 -9999 -9999 -9999 -9999 -9999 -9999 -9999 -9999 -9999 -9999 -9999 -9999 -9999 -9999 -9999 -9999 -9999 -9999 -9999 -9999 -9999 -9999 -9999 -9999 -9999 -9999 -9999 -9999 -9999 -9999 -9999 -9999 -9999 -9999 -9999 -9999 -9999 -9999
-9999 -9999 -9999 -9999 -9999 -9999 -9999 -9999 -9999 -9999 -9999 -9999 -9999 -9999 -9999 -9999 -9999 -9999 -9999 -9999 -9999 -9999 -9999 -9999 -9999 -9999 -9999 -9999 -9999 -9999 -9999 -9999 -9999 -9999 -9999 -9999 -9999 -9999 -9999 -9999 -9999 -9999 -9999 -9999 -9999 -9999 -9999 -9999 -9999 -9999 -9999 -9999 -9999 -9999 -9999 -9999 -9999 -9999 -9999 -9999 -9999 -9999 -9999 -9999 -9999 -9999 -9999 -9999 -9999 -9999 -9999 -9999 -9999
-9999 -9999 -9999 -9999 -9999 -9999 -9999 -9999 -9999 -9999 -9999 -9999 -9999 -9999 -9999 -9999 -9999 -9999 -9999 -9999 -9999 -9999 -9999 -9999 -9999 -9999 -9999 -9999 -9999 -9999 -9999 -9999 -9999 -9999 -9999 -9999 -9999 -9999 -9999 -9999 -9999 -9999 -9999 -9999 -9999 -9999 -9999 -9999 -9999 -9999 -9999 -9999 -9999 -9999 -9999 -9999 -9999 -9999 -9999 -9999 -9999 -9999 -9999 -9999 -9999 -9999 -9999 -9999 -9999 -9999 -9999 -9999 -9999
-9999 -9999 -9999 -9999 -9999 -9999 -9999 -9999 -9999 -9999 -9999 -9999 -9999 -9999 -9999 -9999 -9999 -9999 -9999 -9999 -9999 -9999 -9999 -9999 -9999 -9999 -9999 -9999 -9999 -9999 -9999 -9999 -9999 -9999 -9999 -9999 -9999 -9999 -9999 -9999 -9999 -9999 -9999 -9999 -9999 -9999 -9999 -9999 -9999 -9999 -9999 -9999 -9999 -9999 -9999 -9999 -9999 -9999 -9999 -9999 -9999 -9999 -9999 -9999 -9999 -9999 -9999 -9999 -9999 -9999 -9999 -9999 -9999
-9999 -9999 -9999 -9999 -9999 -9999 -9999 -9999 -9999 -9999 -9999 -9999 -9999 -9999 -9999 -9999 -9999 -9999 -9999 -9999 -9999 -9999 -9999 -9999 -9999 -9999 -9999 -9999 -9999 -9999 -9999 -9999 -9999 -9999 -9999 -9999 -9999 -9999 -9999 -9999 -9999 0.17201 -9999 -9999 -9999 -9999 -9999 -9999 -9999 -9999 -9999 -9999 -9999 -9999 -9999 -9999 -9999 -9999 -9999 -9999 -9999 -9999 -9999 -9999 -9999 -9999 -9999 -9999 -9999 -9999 -9999 -9999 -9999
0.20735 0.20742 0.20577 0.20334 0.19834 0.19138 0.19623 0.19898 0.19978 0.20195 0.20155 0.20145 0.21643 -9999 -9999 -9999 -9999 -9999 -9999 -9999 -9999 -9999 -9999 -9999 -9999 -9999 -9999 -9999 -9999 -9999 -9999 -9999 -9999 -9999 -9999 -9999 0.17733 0.18293 0.17148 0.15847 0.15194 0.15753 0.18221 -9999 -9999 -9999 0.15804 -9999 -9999 -9999 0.16021 0.15781 0.15481 -9999 -9999 -9999 -9999 -9999 -9999 -9999 -9999 -9999 -9999 -9999 -9999 -9999 -9999 -9999 -9999 -9999 -9999 -9999 -9999
0.20508 0.20734 0.19663 0.19356 0.18959 0.16712 0.17126 0.16093 0.15369 0.17330 0.18180 0.18307 0.18193 0.18286 0.18482 0.18039 0.18790 0.19560 0.21506 -9999 -9999 -9999 -9999 -9999 0.22011 0.22171 0.22216 0.22185 0.21863 0.21618 0.21669 0.22111 0.22507 0.22595 0.22608 0.22399 0.17307 0.17564 0.16432 0.16709 0.15198 0.15269 0.18632 0.18059 0.17545 0.17042 0.16624 0.16875 0.16619 0.16086 0.15911 0.15182 0.13969 0.14076 0.14624 0.15333 0.15325 0.15754 -9999 -9999 -9999 -9999 -9999 -9999 -9999 -9999 -9999 -9999 -9999 -9999 -9999 -9999 -9999
0.17975 0.16410 0.16402 0.16748 0.16537 0.16799 0.17343 0.16298 0.17458 0.17319 0.18659 0.19402 0.19408 0.19991 0.19576 0.19252 0.20026 0.19137 0.20471 0.20750 0.21494 0.21950 0.22755 0.23265 0.23745 0.24148 0.23482 0.23266 0.23261 0.23399 0.23211 0.23036 0.23451 0.23123 0.23588 0.23575 0.23198 0.22439 0.22201 0.22311 0.20831 0.20369 0.19679 0.18857 0.18419 0.18203 0.17742 0.17316 0.17200 0.17278 0.17384 0.17182 0.17063 0.17075 0.17062 0.16960 0.16147 0.15126 0.15193 0.15318 0.16163 0.15967 0.16270 0.16800 0.16941 0.17232 -9999 -9999 -9999 -9999 -9999 -9999 -9999
0.16840 0.17364 0.17524 0.18670 0.19786 0.19821 0.19301 0.20182 0.21491 0.22310 0.21171 0.21798 0.22540 0.22426 0.21831 0.21570 0.22461 0.22286 0.22053 0.21570 0.21048 0.21056 0.21228 0.21603 0.22900 0.25353 0.25372 0.25501 0.25448 0.25274 0.24862 0.24624 0.25012 0.24949 0.24681 0.24519 0.24329 0.24368 0.24285 0.24286 0.22486 0.21836 0.21309 0.20469 0.20219 0.19525 0.19244 0.18738 0.18380 0.18513 0.18545 0.18400 0.18248 0.18328 0.18037 0.18099 0.16474 0.16311 0.16658 0.16567 0.17045 0.16870 0.16876 0.17315 0.17413 0.18154 -9999 0.18234 -9999 -9999 -9999 -9999 -9999
0.21661 0.21030 0.21330 0.22416 0.21347 0.21564 0.22800 0.23527 0.23702 0.22836 0.24751 0.26151 0.23641 0.23329 0.23570 0.23293 0.23776 0.24038 0.24423 0.23459 0.23155 0.21363 0.21083 0.20831 0.23609 0.26611 0.27031 0.27211 0.27518 0.27585 0.26819 0.26217 0.26798 0.26254 0.26412 0.26162 0.26518 0.26455 0.26366 0.25609 0.24563 0.24006 0.23359 0.22559 0.21575 0.20976 0.20493 0.20146 0.20191 0.19865 0.20162 0.19653 0.19749 0.19598 0.19574 0.19317 0.17765 0.17980 0.18013 0.17803 0.17885 0.17685 0.17901 0.18359 0.18506 0.18817 0.19059 -9999 -9999 -9999 -9999 -9999 -9999
0.24963 0.24861 0.26940 0.27743 0.27868 0.27883 0.26890 0.27067 0.25890 0.25673 0.26741 0.27502 0.27034 0.26602 0.25267 0.24818 0.24318 0.24040 0.24225 0.24620 0.25616 0.25897 0.25456 0.22870 0.25559 0.26987 0.28342 0.28754 0.29095 0.29239 0.28856 0.28763 0.28294 0.27964 0.28158 0.28442 0.27602 0.27882 0.28512 0.27924 0.26787 0.25683 0.24745 0.24226 0.23408 0.22848 0.22114 0.21761 0.21860 0.21606 0.21782 0.21143 0.20780 0.20806 0.20887 0.20530 0.19687 0.19847 0.19286 0.19272 0.19381 0.19689 0.19813 0.19399 0.19737 0.19941 0.19519 0.19573 -9999 -9999 -9999 -9999 -9999
0.30187 0.30822 0.33136 0.33889 0.32834 0.32660 0.31987 0.30082 0.29079 0.27622 0.27136 0.27579 0.27873 0.26551 0.25398 0.24599 0.24958 0.24497 0.25109 0.26025 0.27070 0.27654 0.26959 0.25375 0.25376 0.28514 0.29730 0.29860 0.30513 0.30191 0.30583 0.30165 0.30122 0.29856 0.30294 0.30275 0.30381 0.30296 0.30785 0.30259 0.28963 0.27895 0.26955 0.25758 0.24510 0.24453 0.23802 0.23339 0.23056 0.23751 0.23232 0.22913 0.23284 0.23386 0.23252 0.22838 0.22675 0.22330 0.21948 0.21542 0.21417 0.19821 0.19467 0.19329 0.19202 0.19056 0.18852 0.18565 0.18160 0.17942 0.17196 0.17007 -9999
0.34039 0.32834 0.32767 0.33044 0.33373 0.33907 0.33687 0.32452 0.31253 0.30707 0.31415 0.31405 0.29911 0.28845 0.26052 0.25150 0.24146 0.24727 0.26504 0.28086 0.29372 0.29207 0.28607 0.27830 0.26138 0.28249 0.29405 0.31284 0.32134 0.32032 0.31696 0.31831 0.31960 0.32056 0.31887 0.32046 0.32706 0.33040 0.33836 0.32434 0.30849 0.29685 0.28497 0.27893 0.26561 0.26300 0.26104 0.26085 0.25593 0.26251 0.26046 0.25331 0.24897 0.24900 0.25074 0.24688 0.24240 0.23616 0.23371 0.23701 0.23252 0.21379 0.21095 0.20660 0.20319 0.20383 0.19973 0.19754 0.19516 0.18905 0.18567 0.18106 0.17806
0.27847 0.26344 0.26449 0.27531 0.28441 0.29369 0.30991 0.33292 0.31272 0.31157 0.29938 0.31389 0.29632 0.29493 0.27373 0.26496 0.25776 0.26401 0.26697 0.28900 0.28739 0.28764 0.29925 0.30416 0.29832 0.30755 0.31171 0.30243 0.30023 0.30491 0.29554 0.28740 0.30128 0.30495 0.30378 0.31618 0.33083 0.33824 0.33913 0.32916 0.31910 0.29425 0.29046 0.27871 0.27599 0.26937 0.27169 0.27114 0.26879 0.26702 0.26045 0.26333 0.26166 0.26352 0.25798 0.25908 0.26195 0.26046 0.25917 0.25498 0.23235 0.22751 0.22622 0.22161 0.22176 0.22135 0.21825 0.21497 0.20762 0.20577 0.20158 0.19185 0.18707
0.29652 0.28811 0.27457 0.26152 0.25525 0.24831 0.24236 0.25230 0.25858 0.28354 0.30670 0.32194 0.30764 0.30379 0.28969 0.27632 0.28144 0.28752 0.28401 0.28640 0.28793 0.28842 0.28539 0.28773 0.29613 0.30697 0.29765 0.28975 0.27604 0.26563 0.25670 0.25881 0.26949 0.27075 0.25475 0.25756 0.28247 0.28561 0.29770 0.29543 0.31973 0.31759 0.31183 0.29939 0.29897 0.30129 0.28875 0.28844 0.28866 0.27987 0.28221 0.28831 0.27809 0.26710 0.26576 0.27646 0.27160 0.26229 0.26273 0.26050 0.24849 0.24263 0.24115 0.23825 0.23676 0.23365 0.23004 0.22941 0.22083 0.21652 0.21248 0.20644 0.20177
0.35912 0.34306 0.31143 0.29440 0.27053 0.25662 0.24111 0.23574 0.22748 0.24148 0.25146 0.28731 0.29749 0.31247 0.31743 0.28915 0.28529 0.28151 0.28950 0.29205 0.28081 0.28231 0.27920 0.27690 0.26461 0.26314 0.26237 0.25447 0.24596 0.24683 0.24216 0.23323 0.24043 0.24078 0.23759 0.24129 0.25570 0.24961 0.24769 0.24886 0.25892 0.25927 0.28982 0.31372 0.30753 0.31335 0.31645 0.29873 0.29304 0.29882 0.29349 0.29058 0.29711 0.29814 0.29053 0.27703 0.26843 0.26746 0.28081 0.28950 0.28102 0.27529 0.27125 0.26314 0.25305 0.24906 0.24601 0.24291 0.23482 0.22745 0.22655 0.21913 0.21863
0.32293 0.32775 0.32769 0.31651 0.30096 0.28980 0.27603 0.26584 0.25461 0.28202 0.30246 0.30913 0.30890 0.31479 0.31330 0.32443 0.30631 0.31760 0.31676 0.30998 0.30023 0.29963 0.29553 0.30014 0.29908 0.30147 0.28211 0.28470 0.26759 0.26380 0.26841 0.25499 0.25579 0.25196 0.24345 0.24956 0.26302 0.25892 0.25499 0.25065 0.25401 0.27511 0.27881 0.29281 0.30385 0.31928 0.33209 0.30830 0.28771 0.30382 0.30915 0.30460 0.31321 0.31085 0.30521 0.29566 0.29513 0.29627 0.29344 0.28537 0.29695 0.29732 0.29112 0.28118 0.26568 0.26356 0.25831 0.25547 0.24736 0.24205 0.23627 0.23393 0.23013
0.22378 0.21982 0.22868 0.25286 0.27750 0.26002 0.29828 0.32204 0.32596 0.32687 0.32997 0.32575 0.32336 0.31620 0.32245 0.31988 0.32585 0.33487 0.35469 0.35796 0.36624 0.35116 0.34021 0.34300 0.34600 0.33244 0.33045 0.32870 0.33304 0.32681 0.29075 0.28521 0.27440 0.26655 0.25998 0.26812 0.26323 0.25916 0.25066 0.25970 0.26332 0.25461 0.26909 0.27455 0.28683 0.30673 0.32200 0.33052 0.33092 0.31277 0.31779 0.32524 0.32261 0.32368 0.33080 0.32052 0.32044 0.31455 0.31381 0.32474 0.31601 0.31332 0.30878 0.30302 0.28494 0.28093 0.27872 0.27370 0.27203 0.26248 0.25093 0.24265 0.23845
0.26566 0.25868 0.24707 0.25027 0.25811 0.23148 0.23872 0.24712 0.26231 0.30433 0.33658 0.33244 0.33433 0.32753 0.32231 0.32704 0.32895 0.34557 0.36182 0.37584 0.37969 0.38459 0.37192 0.36642 0.35093 0.34532 0.33696 0.35057 0.31707 0.31273 0.30821 0.30684 0.28726 0.26967 0.27256 0.27874 0.26519 0.26615 0.25856 0.24823 0.23676 0.24380 0.26913 0.27856 0.28110 0.28596 0.30650 0.32264 0.35001 0.33575 0.33479 0.33621 0.34292 0.34212 0.33983 0.33571 0.34558 0.34510 0.34960 0.34262 0.33639 0.33393 0.32922 0.32188 0.31090 0.29904 0.29553 0.29715 0.29278 0.28459 0.27324 0.26068 0.25293
0.25878 0.28718 0.29232 0.29580 0.30287 0.30630 0.30912 0.29349 0.29421 0.27011 0.29950 0.36143 0.33119 0.33683 0.33622 0.32083 0.31940 0.33571 0.35086 0.35405 0.39267 0.39881 0.38658 0.38554 0.39223 0.38067 0.36910 0.34007 0.32792 0.32846 0.32404 0.30389 0.29856 0.30067 0.27904 0.28564 0.26542 0.25979 0.25132 0.24295 0.23707 0.22978 0.24382 0.24137 0.26356 0.27145 0.30009 0.33242 0.35600 0.37745 0.36244 0.35718 0.37062 0.36939 0.36564 0.36680 0.36927 0.36986 0.36976 0.36782 0.36423 0.35034 0.34778 0.34976 0.33627 0.32492 0.31994 0.33428 0.31715 0.30634 0.29699 0.28329 0.27694
0.24069 0.27539 0.30404 0.32226 0.34265 0.36152 0.29321 0.21028 0.21317 0.22651 0.23180 0.25995 0.26411 0.27503 0.30905 0.33666 0.34952 0.34105 0.35295 0.36209 0.37018 0.37329 0.38851 0.39852 0.39616 0.38434 0.38427 0.34818 0.34225 0.32740 0.34222 0.32216 0.31877 0.31987 0.30242 0.29934 0.28718 0.24751 0.25613 0.23997 0.24527 0.24945 0.24335 0.24861 0.26044 0.27850 0.29972 0.31765 0.35106 0.39812 0.38595 0.38436 0.39208 0.38162 0.36655 0.34301 0.34336 0.34660 0.35643 0.37760 0.39624 0.39147 0.37428 0.36240 0.34808 0.33829 0.33924 0.33417 0.34459 0.33722 0.32583 0.31641 0.30996
0.25257 0.24755 0.26639 0.29376 0.32019 0.35064 0.32096 0.27839 0.20110 0.17496 0.19163 0.21111 0.22858 0.24245 0.25899 0.28306 0.31647 0.32036 0.32169 0.33487 0.37140 0.38750 0.36191 0.36587 0.36946 0.37330 0.38789 0.36448 0.35311 0.33808 0.32511 0.32716 0.32892 0.32725 0.30201 0.29197 0.29226 0.27667 0.26691 0.26417 0.25977 0.26416 0.27774 0.29303 0.28811 0.28968 0.30049 0.31381 0.32063 0.36963 0.39554 0.38401 0.40778 0.40889 0.41146 0.40687 0.39437 0.40327 0.41529 0.42973 0.42856 0.42514 0.40222 0.38818 0.36792 0.35780 0.35614 0.35564 0.34941 0.33691 0.34135 0.33152 0.32429
-9999 0.20380 0.23236 0.23588 0.23694 0.28824 0.29590 0.30075 0.28975 0.29552 0.31726 0.24891 0.18919 0.17014 0.17219 0.17526 0.25659 0.30414 0.32793 0.34678 0.36371 0.35513 0.35906 0.35183 0.35918 0.38107 0.36734 0.36689 0.34882 0.34626 0.34529 0.31967 0.30703 0.30290 0.31118 0.30080 0.30050 0.30270 0.27846 0.27863 0.27298 0.28567 0.29264 0.29624 0.30868 0.30432 0.29392 0.31365 0.33584 0.38947 0.41390 0.41225 0.41409 0.41604 0.41911 0.42738 0.42879 0.43584 0.44744 0.45291 0.46015 0.45491 0.43337 0.40920 0.38601 0.38122 0.37337 0.36777 0.35899 0.36287 0.35353 0.34727 0.33612
-9999 -9999 -9999 0.31087 0.25892 0.23306 0.28861 0.26162 0.22477 0.22188 0.24810 0.22374 0.20525 0.19350 0.16760 0.16686 0.18986 0.22371 0.25714 0.30419 0.34228 0.37593 0.36700 0.35277 0.33241 0.34461 0.35989 0.37853 0.36019 0.35995 0.36616 0.36439 0.36032 0.33789 0.31641 0.32260 0.32694 0.33079 0.32134 0.32450 0.31017 0.31343 0.30853 0.32364 0.31864 0.32569 0.30323 0.32099 0.38698 0.43471 0.40209 0.38311 0.38422 0.39424 0.39661 0.40018 0.41683 0.42705 0.43995 0.44352 0.45548 0.44854 0.43527 0.42303 0.39282 0.38270 0.37176 0.37060 0.36221 0.36113 0.35650 0.35717 0.35403
