data/hydroclimate-scenarios/1948-2000.Pcorr55N_Pref_Tref/monthly_summaries/vpd_monthly_avg_may.asc
ncols	311
nrows	91
xllcenter	102.75
yllcenter	31.75
cellsize	0.5
NODATA_value	-9999
[rows 0 to 32 of 91, columns 0 to 72 of 311]
-9999 -9999 -9999 -9999 -9999 -9999 -9999 -9999 -9999 -9999 -9999 -9999 -9999 -9999 -9999 -9999 -9999 -9999 -9999 -9999 -9999 -9999 -9999 -9999 -9999 -9999 -9999 -9999 -9999 -9999 -9999 -9999 -9999 -9999 -9999 -9999 -9999 -9999 -9999 -9999 -9999 -9999 -9999 -9999 -9999 -9999 -9999 -9999 -9999 -9999 -9999 -9999 -9999 -9999 -9999 -9999 -9999 -9999 -9999 -9999 -9999 -9999 -9999 -9999 -9999 -9999 -9999 -9999 -9999 -9999 -9999 -9999 -9999
-9999 -9999 -9999 -9999 -9999 -9999 -9999 -9999 -9999 -9999 -9999 -9999 -9999 -9999 -9999 -9999 -9999 -9999 -9999 -9999 -9999 -9999 -9999 -9999 -9999 -9999 -9999 -9999 -9999 -9999 -9999 -9999 -9999 -9999 -9999 -9999 -9999 -9999 -9999 -9999 -9999 -9999 -9999 -9999 -9999 -9999 -9999 -9999 -9999 -9999 -9999 -9999 -9999 -9999 -9999 -9999 -9999 -9999 -9999 -9999 -9999 -9999 -9999 -9999 -9999 -9999 -9999 -9999 -9999 -9999 -9999 -9999 -9999
-9999 -9999 -9999 -9999 -9999 -9999 -9999 -9999 -9999 -9999 -9999 -9999 -9999 -9999 -9999 -9999 -9999 -9999 -9999 -9999 -9999 -9999 -9999 -9999 -9999 -9999 -9999 -9999 -9999 -9999 -9999 -9999 -9999 -9999 -9999 -9999 -9999 -9999 -9999 -9999 -9999 -9999 -9999 -9999 -9999 -9999 -9999 -9999 -9999 -9999 -9999 -9999 -9999 -9999 -9999 -9999 -9999 -9999 -9999 -9999 -9999 -9999 -9999 -9999 -9999 -9999 -9999 -9999 -9999 -9999 -9999 -9999 -9999
-9999 -9999 -9999 -9999 -9999 -9999 -9999 -9999 -9999 -9999 -9999 -9999 -9999 -9999 -9999 -9999 -9999 -9999 -9999 -9999 -9999 -9999 -9999 -9999 -9999 -9999 -9999 -9999 -9999 -9999 -9999 -9999 -9999 -9999 -9999 -9999 -9999 -9999 -9999 -9999 -9999 -9999 -9999 -9999 -9999 -9999 -9999 -9999 -9999 -9999 -9999 -9999 -9999 -9999 -9999 -9999 -9999 -9999 -9999 -9999 -9999 -9999 -9999 -9999 -9999 -9999 -9999 -9999 -9999 -9999 -9999 -9999 -9999
-9999 -9999 -9999 -9999 -9999 -9999 -9999 -9999 -9999 -9999 -9999 -9999 -9999 -9999 -9999 -9999 -9999 -9999 -9999 -9999 -9999 -9999 -9999 -9999 -9999 -9999 -9999 -9999 -9999 -9999 -9999 -9999 -9999 -9999 -9999 -9999 -9999 -9999 -9999 -9999 -9999 -9999 -9999 -9999 -9999 -9999 -9999 -9999 -9999 -9999 -9999 -9999 -9999 -9999 -9999 -9999 -9999 -9999 -9999 -9999 -9999 -9999 -9999 -9999 -9999 -9999 -9999 -9999 -9999 -9999 -9999 -9999 -9999
-9999 -9999 -9999 -9999 -9999 -9999 -9999 -9999 -9999 -9999 -9999 -9999 -9999 -9999 -9999 -9999 -9999 -9999 -9999 -9999 -9999 -9999 -9999 -9999 -9999 -9999 -9999 -9999 -9999 -9999 -9999 -9999 -9999 -9999 -9999 -9999 -9999 -9999 -9999 -9999 -9999 -9999 -9999 -9999 -9999 -9999 -9999 -9999 -9999 -9999 -9999 -9999 -9999 -9999 -9999 -9999 -9999 -9999 -9999 -9999 -9999 -9999 -9999 -9999 -9999 -9999 -9999 -9999 -9999 -9999 -9999 -9999 -9999
-9999 -9999 -9999 -9999 -9999 -9999 -9999 -9999 -9999 -9999 -9999 -9999 -9999 -9999 -9999 -9999 -9999 -9999 -9999 -9999 -9999 -9999 -9999 -9999 -9999 -9999 -9999 -9999 -9999 -9999 -9999 -9999 -9999 -9999 -9999 -9999 -9999 -9999 -9999 -9999 -9999 -9999 -9999 -9999 -9999 -9999 -9999 -9999 -9999 -9999 -9999 -9999 -9999 -9999 -9999 -9999 -9999 -9999 -9999 -9999 -9999 -9999 -9999 -9999 -9999 -9999 -9999 -9999 -9999 -9999 -9999 -9999 -9999
-9999 -9999 -9999 -9999 -9999 -9999 -9999 -9999 -9999 -9999 -9999 -9999 -9999 -9999 -9999 -9999 -9999 -9999 -9999 -9999 -9999 -9999 -9999 -9999 -9999 -9999 -9999 -9999 -9999 -9999 -9999 -9999 -9999 -9999 -9999 -9999 -9999 -9999 -9999 -9999 -9999 -9999 0.26307 0.26179 0.26292 0.27166 0.27922 0.28209 0.29051 0.29431 0.30117 0.30845 -9999 -9999 -9999 -9999 -9999 -9999 -9999 -9999 -9999 -9999 -9999 -9999 -9999 -9999 -9999 -9999 -9999 -9999 -9999 -9999 -9999
-9999 -9999 -9999 -9999 -9999 -9999 -9999 -9999 -9999 -9999 -9999 -9999 -9999 -9999 -9999 -9999 -9999 -9999 -9999 -9999 -9999 -9999 -9999 -9999 -9999 -9999 -9999 -9999 -9999 -9999 -9999 -9999 -9999 -9999 -9999 -9999 -9999 -9999 0.25537 0.24112 0.24683 0.25802 0.25727 0.26425 0.27177 0.27605 0.28409 0.29091 0.29840 0.30589 0.31452 0.31857 0.32585 0.33484 -9999 -9999 -9999 -9999 -9999 -9999 -9999 -9999 -9999 -9999 -9999 -9999 -9999 -9999 -9999 -9999 -9999 -9999 -9999
-9999 -9999 -9999 -9999 -9999 -9999 -9999 -9999 -9999 -9999 -9999 -9999 -9999 -9999 -9999 -9999 -9999 -9999 -9999 -9999 -9999 -9999 -9999 -9999 -9999 -9999 -9999 -9999 -9999 -9999 -9999 -9999 -9999 -9999 -9999 -9999 -9999 -9999 -9999 -9999 0.26608 0.26822 0.25990 0.25925 0.26631 0.26377 0.27818 0.29670 0.30461 0.30097 0.30931 0.32557 0.33589 0.35254 -9999 -9999 -9999 -9999 -9999 -9999 -9999 -9999 -9999 -9999 -9999 -9999 -9999 -9999 -9999 -9999 -9999 -9999 -9999
-9999 -9999 -9999 -9999 -9999 -9999 -9999 -9999 -9999 -9999 -9999 -9999 -9999 -9999 -9999 -9999 -9999 -9999 -9999 -9999 -9999 -9999 -9999 -9999 -9999 -9999 -9999 -9999 -9999 -9999 -9999 -9999 -9999 -9999 -9999 -9999 -9999 -9999 -9999 -9999 -9999 -9999 -9999 -9999 0.27720 0.28146 0.27176 0.27430 0.28592 0.30201 0.30324 0.30138 0.33930 0.35714 -9999 -9999 -9999 -9999 -9999 -9999 0.40089 -9999 -9999 -9999 -9999 -9999 -9999 -9999 -9999 -9999 -9999 -9999 -9999
-9999 -9999 -9999 -9999 -9999 -9999 -9999 -9999 -9999 -9999 -9999 -9999 -9999 -9999 -9999 -9999 -9999 -9999 -9999 -9999 -9999 -9999 -9999 -9999 -9999 -9999 -9999 -9999 -9999 -9999 -9999 -9999 -9999 -9999 -9999 -9999 -9999 -9999 -9999 -9999 -9999 0.26128 0.26467 0.26576 0.27182 0.29613 0.28652 0.28027 0.29370 0.30509 0.30124 0.30678 0.34040 0.35795 -9999 -9999 -9999 -9999 -9999 0.41871 0.41722 0.43126 0.43053 0.43345 0.43429 0.44041 0.43662 0.43522 0.43329 0.43882 0.43352 0.43371 0.42224
-9999 -9999 -9999 -9999 -9999 -9999 -9999 -9999 -9999 -9999 -9999 -9999 -9999 -9999 -9999 -9999 -9999 -9999 -9999 -9999 -9999 -9999 -9999 -9999 -9999 -9999 -9999 -9999 -9999 -9999 -9999 -9999 -9999 -9999 -9999 -9999 -9999 -9999 -9999 -9999 -9999 0.27680 0.27590 0.28562 0.30463 0.30481 0.30996 0.30789 0.31337 0.31442 0.31826 0.29694 0.30204 0.32823 0.35473 0.35569 0.39419 -9999 0.42965 0.42838 0.43510 0.44002 0.43908 0.42973 0.42979 0.44066 0.44402 0.44500 0.44724 0.44324 0.44564 0.44034 0.43497
-9999 -9999 -9999 -9999 -9999 -9999 -9999 -9999 -9999 -9999 -9999 -9999 -9999 -9999 -9999 -9999 -9999 -9999 -9999 -9999 -9999 -9999 -9999 -9999 -9999 -9999 -9999 -9999 -9999 -9999 -9999 -9999 -9999 -9999 -9999 0.29913 0.29526 0.28693 0.28717 0.30207 0.30706 0.31277 0.30997 0.31773 0.32146 0.32280 0.32874 0.33090 0.32878 0.31946 0.30665 0.29721 0.28070 0.31098 0.31584 0.31305 0.36105 0.39944 0.44060 0.44631 0.45438 0.44759 0.45066 0.39506 0.41026 0.45131 0.44787 0.44954 0.46035 0.44929 0.44139 0.44645 0.43323
-9999 -9999 -9999 -9999 -9999 -9999 -9999 -9999 -9999 -9999 -9999 -9999 -9999 -9999 -9999 -9999 -9999 -9999 -9999 -9999 -9999 -9999 -9999 -9999 -9999 -9999 -9999 -9999 -9999 -9999 -9999 -9999 -9999 -9999 0.31991 0.30249 0.30416 0.30242 0.30665 0.32111 0.32290 0.33372 0.33669 0.33590 0.34150 0.34086 0.34484 0.33443 0.32032 0.29476 0.28171 0.28447 0.26557 0.26179 0.27527 0.31584 0.36383 0.40204 0.45889 0.46714 0.45444 0.43095 0.42395 0.39720 0.45257 0.46662 0.44922 0.42993 0.38573 0.40046 0.37238 0.36009 0.35360
-9999 -9999 -9999 -9999 -9999 -9999 -9999 -9999 -9999 -9999 -9999 -9999 -9999 -9999 -9999 -9999 -9999 -9999 -9999 -9999 -9999 -9999 -9999 -9999 -9999 -9999 -9999 -9999 -9999 -9999 -9999 -9999 -9999 0.32705 0.32849 0.32519 0.32521 0.32328 0.32730 0.34046 0.34108 0.34236 0.35095 0.35593 0.35629 0.35240 0.34543 0.33633 0.29386 0.27484 0.26193 0.24873 0.23254 0.26001 0.29417 0.33267 0.34677 0.41922 0.46504 0.45439 0.43328 0.46675 0.47706 0.50238 0.48423 0.46336 0.44089 0.42343 0.40472 0.41054 0.39078 0.38438 0.37136
-9999 -9999 -9999 -9999 -9999 -9999 -9999 -9999 -9999 -9999 -9999 -9999 -9999 -9999 -9999 -9999 -9999 -9999 -9999 -9999 -9999 -9999 -9999 -9999 -9999 -9999 -9999 -9999 -9999 -9999 -9999 0.35162 0.34762 0.34453 0.34805 0.34355 0.34843 0.35265 0.34863 0.35669 0.35758 0.36183 0.36421 0.36320 0.35726 0.35047 0.35267 0.35787 0.32752 0.30161 0.27737 0.25790 0.22636 0.25317 0.28817 0.33779 0.39821 0.42753 0.40255 0.43690 0.46913 0.49077 0.49042 0.52346 0.50483 0.47127 0.46280 0.47221 0.45974 0.39638 0.36010 0.34468 0.38923
-9999 -9999 -9999 -9999 -9999 -9999 -9999 -9999 -9999 -9999 -9999 -9999 -9999 -9999 -9999 -9999 -9999 -9999 -9999 -9999 -9999 -9999 -9999 -9999 -9999 -9999 -9999 -9999 -9999 0.37753 0.37302 0.35862 0.35514 0.35427 0.36171 0.36271 0.36608 0.36592 0.36442 0.37329 0.36876 0.37239 0.37737 0.37686 0.37214 0.35264 0.35317 0.34897 0.29462 0.27887 0.26346 0.24348 0.22964 0.26903 0.27996 0.32596 0.40144 0.41465 0.44757 0.49306 0.49687 0.49512 0.49653 0.49508 0.50971 0.49517 0.44832 0.41989 0.40578 0.40300 0.41769 0.34892 0.26753
-9999 -9999 -9999 -9999 -9999 -9999 -9999 -9999 -9999 -9999 -9999 -9999 -9999 -9999 -9999 -9999 -9999 -9999 -9999 -9999 -9999 -9999 -9999 -9999 0.34771 0.35634 0.37526 0.38410 0.38708 0.38029 0.37245 0.38300 0.38388 0.38079 0.37242 0.38749 0.37721 0.37688 0.37191 0.38124 0.38875 0.38473 0.38712 0.39051 0.38803 0.36805 0.37330 0.33932 0.30004 0.28799 0.29407 0.24485 0.24982 0.29733 0.34179 0.37672 0.42424 0.45181 0.45126 0.49029 0.52271 0.53201 0.54627 0.55031 0.53654 0.50493 0.51863 0.52536 0.48619 0.44256 0.34109 0.32388 0.28578
-9999 -9999 -9999 -9999 -9999 -9999 0.31200 0.32147 0.32618 0.32555 0.32888 -9999 -9999 -9999 -9999 -9999 -9999 -9999 -9999 -9999 -9999 0.34573 0.33199 0.34238 0.34766 0.35301 0.36570 0.37274 0.37321 0.38307 0.39340 0.39583 0.38754 0.39008 0.38331 0.39342 0.38466 0.38738 0.39326 0.39097 0.39873 0.39490 0.40107 0.40058 0.39908 0.38118 0.38839 0.35713 0.30959 0.29795 0.28328 0.26592 0.25669 0.30453 0.37319 0.41525 0.42891 0.45959 0.49981 0.52860 0.53414 0.54162 0.50967 0.50009 0.48303 0.54611 0.56107 0.51662 0.49405 0.49345 0.45215 0.36635 0.31785
-9999 -9999 -9999 -9999 -9999 0.32374 0.31857 0.30068 0.31757 0.31171 0.32008 0.29496 0.30401 0.30003 -9999 -9999 -9999 0.32414 0.31889 0.32681 0.33061 0.33048 0.33896 0.35815 0.35195 0.37041 0.37417 0.39526 0.39441 0.39797 0.40959 0.42200 0.41805 0.42694 0.42457 0.42024 0.41868 0.41599 0.41349 0.41926 0.41875 0.41388 0.41631 0.42594 0.41732 0.40433 0.37463 0.33709 0.31272 0.30177 0.28985 0.28723 0.30417 0.35060 0.38737 0.40770 0.42397 0.46440 0.53478 0.52221 0.54405 0.52118 0.50494 0.52852 0.47773 0.42269 0.44030 0.43901 0.46115 0.44169 0.43479 0.37470 0.34074
-9999 0.33845 0.34668 0.34707 0.33375 0.33763 0.32492 0.32131 0.31586 0.33051 0.32126 0.30656 0.29851 0.31372 0.31997 0.33381 0.35603 0.33398 0.32873 0.34883 0.35419 0.36371 0.36744 0.38513 0.40043 0.38611 0.39173 0.40675 0.40648 0.42050 0.44290 0.45321 0.45542 0.45546 0.44780 0.44369 0.44291 0.43809 0.44163 0.44771 0.43982 0.44117 0.43875 0.44684 0.44311 0.42992 0.39701 0.37239 0.34939 0.33175 0.31776 0.29504 0.31191 0.30880 0.33515 0.37469 0.41754 0.50256 0.49494 0.50873 0.54259 0.51145 0.47015 0.48152 0.43919 0.43543 0.46571 0.42183 0.45487 0.40578 0.35569 0.31008 0.31143
-9999 0.33761 0.35404 0.35651 0.35987 0.36641 0.35882 0.35964 0.36008 0.35109 0.34692 0.33545 0.32124 0.32904 0.33616 0.33668 0.34238 0.33681 0.34957 0.36202 0.36118 0.36720 0.37001 0.40540 0.41603 0.42665 0.42713 0.42841 0.42889 0.44309 0.45366 0.47456 0.47897 0.48372 0.48203 0.47288 0.46733 0.47292 0.47899 0.46869 0.47305 0.47855 0.47753 0.48214 0.48586 0.48246 0.46879 0.42875 0.40000 0.36615 0.36953 0.32555 0.32939 0.29233 0.30678 0.37522 0.42085 0.45467 0.48283 0.46485 0.48657 0.47729 0.46001 0.48637 0.45896 0.44290 0.42183 0.42994 0.42785 0.41571 0.40158 0.35386 0.31353
-9999 -9999 -9999 0.34908 0.34814 0.36709 0.36809 0.37114 0.36849 0.37703 0.36946 0.37791 0.37230 0.37360 0.35333 0.36085 0.36157 0.37960 0.37118 0.37154 0.37719 0.38219 0.38773 0.40765 0.42396 0.44104 0.45143 0.45541 0.47697 0.47888 0.48701 0.49277 0.49842 0.50606 0.50194 0.50448 0.49788 0.50241 0.50113 0.49952 0.49834 0.50163 0.50673 0.51195 0.51236 0.51521 0.49659 0.46131 0.44984 0.42046 0.38538 0.35286 0.33216 0.31653 0.34833 0.36049 0.42121 0.44088 0.43685 0.44251 0.48314 0.44308 0.43520 0.43901 0.45265 0.46000 0.47201 0.43064 0.40284 0.37977 0.37166 0.36462 0.35656
-9999 -9999 -9999 -9999 -9999 -9999 0.38750 0.38884 0.38286 0.39100 0.39512 0.39490 0.39528 0.40581 0.40222 0.39959 0.39669 0.39665 0.40886 0.41356 0.41568 0.41274 0.42798 0.43622 0.45170 0.45070 0.46685 0.49936 0.51590 0.51842 0.52126 0.52529 0.52476 0.53189 0.54465 0.53746 0.53115 0.52657 0.52990 0.52215 0.52307 0.52946 0.52940 0.54171 0.54360 0.54856 0.54459 0.48009 0.47927 0.43184 0.38215 0.33839 0.33018 0.39650 0.37029 0.36941 0.40891 0.38372 0.37015 0.39949 0.38457 0.38899 0.38942 0.38693 0.40869 0.40049 0.45212 0.41968 0.38847 0.37629 0.35863 0.36441 0.36396
-9999 -9999 -9999 -9999 -9999 -9999 0.41025 0.40538 0.41326 0.39711 0.40902 0.41274 0.41514 0.42577 0.42494 0.41922 0.41445 0.41398 0.41516 0.41672 0.42098 0.42781 0.43064 0.44432 0.45424 0.48819 0.50819 0.52704 0.54589 0.54552 0.53886 0.55323 0.56048 0.57008 0.56086 0.57177 0.58227 0.58106 0.57289 0.55027 0.54695 0.55570 0.55416 0.56142 0.57027 0.57420 0.57217 0.56924 0.55437 0.52547 0.47918 0.45250 0.43034 0.42210 0.42689 0.48720 0.47215 0.42985 0.45071 0.42505 0.36234 0.37474 0.37342 0.39145 0.38892 0.43411 0.43753 0.43046 0.42288 0.40554 0.36240 0.35723 0.34707
-9999 -9999 -9999 -9999 -9999 -9999 -9999 -9999 -9999 -9999 0.44760 0.42118 0.42518 0.45508 0.44640 0.42941 0.43033 0.42775 0.44041 0.44563 0.44735 0.44680 0.46171 0.46735 0.48180 0.47903 0.49804 0.53543 0.55511 0.55925 0.56939 0.57633 0.58166 0.59534 0.60123 0.61886 0.61506 0.62500 0.62375 0.59659 0.59153 0.59304 0.59361 0.58851 0.58515 0.58472 0.58333 0.60390 0.60391 0.61010 0.61506 0.61783 0.61375 0.63206 0.63985 0.64701 0.63514 0.62009 0.60045 0.58111 0.58016 0.53706 0.52401 0.48876 0.47437 0.50488 0.50128 0.48386 0.44684 0.43845 0.39393 0.33384 0.31400
-9999 -9999 -9999 -9999 -9999 -9999 -9999 -9999 -9999 -9999 0.49706 0.48306 0.45032 0.47864 0.46938 0.44925 0.44440 0.44930 0.44201 0.44676 0.45215 0.45674 0.45957 0.47659 0.49146 0.51680 0.54729 0.55866 0.58222 0.58810 0.58997 0.60198 0.60442 0.61799 0.61362 0.62358 0.62259 0.62180 0.61656 0.60631 0.59253 0.59305 0.58866 0.58943 0.58607 0.58118 0.58845 0.60905 0.61712 0.62522 0.64732 0.64038 0.66067 0.66350 0.69477 0.69446 0.68936 0.68458 0.70304 0.66133 0.66201 0.66059 0.65909 0.65642 0.64314 0.62750 0.59972 0.57337 0.54177 0.45013 0.41458 0.38026 0.34805
-9999 -9999 -9999 -9999 -9999 -9999 -9999 -9999 -9999 -9999 -9999 -9999 0.49800 0.46518 0.46034 0.46852 0.48514 0.51003 0.48528 0.48763 0.48867 0.49119 0.50095 0.51038 0.53259 0.55066 0.56641 0.57271 0.58679 0.60906 0.62107 0.61398 0.61614 0.62073 0.62397 0.61808 0.62808 0.60710 0.59911 0.59246 0.59004 0.58496 0.57975 0.58391 0.58642 0.58389 0.59307 0.60358 0.61506 0.63469 0.63415 0.64203 0.64503 0.66019 0.70741 0.71851 0.71867 0.67959 0.66676 0.66098 0.66352 0.66273 0.65782 0.64840 0.64657 0.64006 0.63268 0.60985 0.57113 0.50304 0.41380 0.34912 0.34601
-9999 -9999 -9999 -9999 -9999 -9999 -9999 -9999 -9999 -9999 -9999 -9999 0.52394 0.50542 0.49017 0.49845 0.50998 0.51595 0.48607 0.48864 0.50101 0.49178 0.50795 0.53544 0.53565 0.55674 0.58128 0.59923 0.60800 0.63220 0.64758 0.64196 0.64188 0.63858 0.62067 0.62562 0.61177 0.57674 0.58967 0.59750 0.60503 0.60208 0.60708 0.60505 0.59788 0.59221 0.59489 0.61249 0.62042 0.62404 0.63006 0.64595 0.66850 0.68201 0.71707 0.71989 0.71990 0.68278 0.68397 0.67272 0.67522 0.67038 0.66702 0.65765 0.65483 0.64262 0.62348 0.59562 0.54300 0.45971 0.41618 0.40016 0.35938
-9999 -9999 -9999 -9999 -9999 -9999 -9999 -9999 -9999 -9999 -9999 0.55957 0.53324 0.55357 0.54685 0.49639 0.48564 0.48948 0.47936 0.48083 0.52436 0.48492 0.51826 0.51991 0.53014 0.54704 0.55475 0.57742 0.60864 0.65099 0.65636 0.64793 0.65312 0.64354 0.64255 0.66374 0.63757 0.61194 0.58777 0.56310 0.56488 0.56341 0.55809 0.56973 0.58426 0.60144 0.61004 0.62663 0.62995 0.63534 0.64583 0.64317 0.66122 0.68266 0.72441 0.70709 0.70484 0.68341 0.68241 0.68321 0.68653 0.67684 0.67778 0.66873 0.65562 0.63849 0.60181 0.55410 0.48326 0.40783 0.34716 0.32634 0.34504
-9999 -9999 -9999 -9999 -9999 -9999 -9999 -9999 -9999 -9999 -9999 0.57940 0.57276 0.55821 0.56185 0.51294 0.50297 0.50090 0.49635 0.48934 0.50315 0.51129 0.51735 0.54543 0.56203 0.57515 0.57610 0.58123 0.60635 0.62690 0.63271 0.63405 0.63934 0.64909 0.64120 0.65864 0.66345 0.61883 0.57431 0.58042 0.58404 0.57159 0.55610 0.55742 0.56879 0.58767 0.59665 0.61215 0.63240 0.65403 0.65965 0.67669 0.67852 0.68103 0.67893 0.68486 0.67184 0.68016 0.68082 0.68130 0.68276 0.68032 0.67229 0.67087 0.65294 0.63980 0.58394 0.55140 0.46132 0.37938 0.37059 0.36309 0.34606
-9999 -9999 -9999 -9999 -9999 -9999 -9999 -9999 -9999 -9999 -9999 0.56945 0.55973 0.55008 0.54338 0.52313 0.51851 0.51834 0.50848 0.50830 0.50387 0.52287 0.55656 0.56550 0.58349 0.58804 0.58858 0.59604 0.60609 0.63624 0.61994 0.62968 0.63916 0.64646 0.62704 0.67772 0.67020 0.65536 0.63071 0.60618 0.59426 0.59428 0.59020 0.57612 0.57782 0.58481 0.57328 0.56116 0.56209 0.58699 0.59459 0.60334 0.60941 0.61163 0.63695 0.65651 0.66351 0.67867 0.68715 0.67485 0.67884 0.68365 0.69443 0.68760 0.69006 0.66856 0.61265 0.54149 0.46819 0.40656 0.41303 0.33867 0.32478
