data/hydroclimate-scenarios/1948-2000.Pcorr55N_Pref_Tref/monthly_summaries/vpd_monthly_avg_jan.1950-2000.asc
ncols	311
nrows	91
xllcenter	102.75
yllcenter	31.75
cellsize	0.5
NODATA_value	-9999
[rows 33 to 65 of 91, columns 0 to 72 of 311]
-9999 -9999 -9999 -9999 -9999 -9999 -9999 -9999 -9999 -9999 -9999 0.02159 0.02079 0.02042 0.01987 0.01955 0.01915 0.01884 0.01878 0.01839 0.01794 0.01722 0.01665 0.01613 0.01534 0.01483 0.01453 0.01477 0.01537 0.01626 0.01580 0.01551 0.01541 0.01546 0.01531 0.01517 0.01461 0.01415 0.01344 0.01224 0.01252 0.01167 0.01180 0.01156 0.01096 0.01047 0.00995 0.00951 0.00892 0.00866 0.00812 0.00788 0.00753 0.00714 0.00685 0.00641 0.00609 0.00568 0.00563 0.00528 0.00518 0.00507 0.00513 0.00510 0.00531 0.00578 0.00625 0.00644 0.00663 0.00660 0.00737 0.00675 0.00767
-9999 -9999 -9999 -9999 -9999 -9999 -9999 -9999 -9999 -9999 -9999 -9999 0.02172 0.02143 0.02122 0.02082 0.02082 0.02042 0.02059 0.02056 0.01983 0.01830 0.01643 0.01498 0.01425 0.01272 0.01307 0.01293 0.01431 0.01478 0.01519 0.01615 0.01585 0.01566 0.01556 0.01539 0.01482 0.01462 0.01411 0.01313 0.01279 0.01274 0.01259 0.01314 0.01281 0.01251 0.01209 0.01130 0.01059 0.01009 0.00955 0.00883 0.00825 0.00776 0.00724 0.00681 0.00661 0.00634 0.00611 0.00602 0.00598 0.00586 0.00571 0.00570 0.00592 0.00649 0.00711 0.00718 0.00678 0.00706 0.00866 0.00892 0.00974
-9999 -9999 -9999 -9999 -9999 -9999 -9999 -9999 -9999 -9999 -9999 -9999 0.02236 0.02237 0.02196 0.02176 0.02223 0.02185 0.02148 0.02125 0.02024 0.01655 0.01500 0.01368 0.01264 0.01305 0.01359 0.01275 0.01384 0.01415 0.01452 0.01483 0.01652 0.01696 0.01662 0.01635 0.01576 0.01600 0.01559 0.01465 0.01424 0.01367 0.01413 0.01487 0.01548 0.01556 0.01492 0.01363 0.01229 0.01099 0.00998 0.00960 0.00899 0.00837 0.00812 0.00772 0.00741 0.00721 0.00708 0.00677 0.00653 0.00616 0.00599 0.00609 0.00667 0.00760 0.00781 0.00847 0.00862 0.00918 0.00945 0.01058 0.01166
-9999 -9999 -9999 -9999 -9999 -9999 -9999 -9999 -9999 -9999 -9999 -9999 0.02238 0.02327 0.02303 0.02319 0.02262 0.02214 0.02149 0.02013 0.01876 0.01623 0.01485 0.01350 0.01322 0.01277 0.01343 0.01435 0.01421 0.01514 0.01566 0.01709 0.01645 0.01636 0.01721 0.01746 0.01714 0.01660 0.01665 0.01595 0.01485 0.01383 0.01466 0.01573 0.01667 0.01788 0.01641 0.01372 0.01244 0.01197 0.01087 0.01027 0.00981 0.00900 0.00873 0.00841 0.00816 0.00776 0.00732 0.00714 0.00702 0.00669 0.00698 0.00751 0.00774 0.00811 0.00867 0.00958 0.00976 0.01080 0.01178 0.01273 0.01335
-9999 -9999 -9999 0.02657 0.02545 0.02475 0.02439 0.02388 0.02340 -9999 0.02303 0.02328 0.02371 0.02394 0.02372 0.02348 0.02298 0.02237 0.02069 0.01921 0.01875 0.01667 0.01527 0.01415 0.01403 0.01410 0.01495 0.01402 0.01458 0.01345 0.01522 0.01696 0.01657 0.01485 0.01658 0.01707 0.01660 0.01653 0.01671 0.01698 0.01657 0.01545 0.01581 0.01635 0.01654 0.01645 0.01410 0.01423 0.01332 0.01220 0.01100 0.01018 0.00934 0.00805 0.00813 0.00706 0.00657 0.00791 0.00709 0.00765 0.00798 0.00766 0.00781 0.00810 0.00870 0.00958 0.00994 0.01086 0.01182 0.01283 0.01370 0.01410 0.01411
-9999 -9999 -9999 0.02675 0.02603 0.02505 0.02373 0.02350 0.02358 0.02331 0.02375 0.02399 0.02307 0.02310 0.02194 0.02095 0.02049 0.02033 0.01959 0.01910 0.01848 0.01668 0.01617 0.01535 0.01492 0.01523 0.01536 0.01503 0.01444 0.01350 0.01512 0.01538 0.01561 0.01503 0.01567 0.01581 0.01589 0.01464 0.01655 0.01521 0.01502 0.01575 0.01613 0.01498 0.01407 0.01328 0.01301 0.01434 0.01229 0.01115 0.01012 0.00961 0.00862 0.00801 0.00859 0.00764 0.00812 0.00795 0.00726 0.00755 0.00795 0.00801 0.00823 0.00891 0.00946 0.01111 0.01210 0.01418 0.01482 0.01576 0.01604 0.01685 0.01595
-9999 -9999 -9999 0.02820 0.02651 0.02495 0.02384 0.02382 0.02417 0.02425 0.02424 0.02390 0.02243 0.02098 0.01948 0.02012 0.01950 0.01945 0.02060 0.02026 0.01925 0.01735 0.01745 0.01627 0.01535 0.01595 0.01577 0.01555 0.01598 0.01404 0.01253 0.01377 0.01563 0.01590 0.01532 0.01597 0.01667 0.01667 0.01693 0.01603 0.01565 0.01584 0.01593 0.01519 0.01480 0.01372 0.01370 0.01314 0.01251 0.01102 0.00999 0.01059 0.00959 0.00928 0.00930 0.00876 0.00888 0.00895 0.00824 0.00829 0.00894 0.00948 0.01018 0.00998 0.01114 0.01244 0.01357 0.01456 0.01427 0.01576 0.01618 0.01973 0.02056
-9999 -9999 -9999 0.02752 0.02710 0.02449 0.02426 0.02311 0.02263 0.02243 0.02337 0.02299 0.02001 0.01910 0.01862 0.01904 0.01849 0.01826 0.01899 0.01976 0.01833 0.01702 0.01551 0.01611 0.01631 0.01677 0.01713 0.01668 0.01466 0.01305 0.01403 0.01756 0.01589 0.01393 0.01412 0.01523 0.01717 0.01894 0.01744 0.01788 0.01697 0.01505 0.01377 0.01387 0.01493 0.01312 0.01273 0.01378 0.01189 0.01187 0.01026 0.01062 0.00991 0.00897 0.00915 0.00924 0.00916 0.00869 0.00834 0.00868 0.00815 0.00973 0.01056 0.01125 0.01207 0.01393 0.01472 0.01542 0.01529 0.01656 0.02219 0.02826 -9999
-9999 -9999 -9999 0.02831 0.02803 0.02416 0.02348 0.02283 0.02182 0.02225 0.02300 0.02118 0.01919 0.01806 0.01708 0.01786 0.01778 0.01920 0.02145 0.02274 0.02114 0.01982 0.01826 0.01965 0.01960 0.01960 0.02082 0.01884 0.01660 0.01492 0.01485 0.01583 0.01510 0.01616 0.01687 0.01726 0.01730 0.01878 0.01961 0.01895 0.01748 0.01631 0.01523 0.01455 0.01468 0.01436 0.01419 0.01415 0.01324 0.01232 0.01163 0.01221 0.01093 0.00919 0.01030 0.00908 0.00997 0.00986 0.00955 0.00858 0.00931 0.01005 0.01089 0.01071 0.01172 0.01467 0.01537 0.01564 0.01672 0.02146 0.02934 -9999 -9999
-9999 -9999 -9999 -9999 0.02486 0.02300 0.02264 0.02070 0.02041 0.02083 0.02215 0.02053 0.01651 0.01871 -9999 -9999 -9999 -9999 -9999 0.01948 0.01996 0.02099 0.01957 0.01744 0.01820 0.01892 0.02119 0.01971 0.01861 0.01880 0.01767 0.01747 0.01742 0.01888 0.02084 0.02118 0.02035 0.02136 0.02068 0.02056 0.02070 0.01995 0.01844 0.01649 0.01669 0.01641 0.01545 0.01390 0.01423 0.01436 0.01293 0.01193 0.01216 0.01010 0.00978 0.00900 0.00869 0.00873 0.00906 0.00977 0.00965 0.00969 0.01061 0.01173 0.01311 0.01398 0.01617 0.02001 0.02366 -9999 -9999 -9999 -9999
-9999 -9999 0.03045 0.02728 0.02505 0.02388 0.02276 0.02073 0.02122 0.02100 0.02194 0.01995 0.01672 -9999 -9999 -9999 -9999 -9999 0.01789 0.02127 0.02261 0.02585 0.02473 0.02171 0.02087 0.02105 0.02316 0.02278 0.02185 0.02131 0.02060 0.02015 0.02067 0.02084 0.02172 0.02347 0.02195 0.02199 0.02165 0.02184 0.02129 0.02156 0.02079 0.02066 0.02069 0.01970 0.01814 0.01759 0.01778 0.01778 0.01633 0.01509 0.01380 0.01376 0.01194 0.01251 0.01116 0.01000 0.00999 0.01191 0.01212 0.01226 0.01288 0.01350 0.01552 0.01751 0.02022 -9999 -9999 -9999 -9999 -9999 -9999
-9999 -9999 0.03137 0.02817 0.02640 0.02447 0.02403 0.02144 0.02154 0.02180 0.02052 0.01937 0.01961 -9999 -9999 -9999 -9999 0.02231 0.02036 0.02500 0.02699 0.02926 0.02698 0.02568 0.02601 0.02637 0.02516 0.02358 0.02309 0.02332 0.02249 0.02094 0.02254 0.02412 0.02373 0.02391 0.02393 0.02338 0.02138 0.02013 0.02211 0.02154 0.02203 0.02282 0.02120 0.02110 0.02115 0.01906 0.02119 0.01905 0.01842 0.01776 0.01677 0.01583 0.01518 0.01636 0.01523 0.01234 0.01172 0.01340 0.01396 0.01304 0.01470 0.01746 0.02019 -9999 -9999 -9999 -9999 -9999 0.03107 -9999 -9999
-9999 -9999 0.03429 0.02917 0.02776 0.02626 0.02474 0.02379 0.02260 0.02203 0.02035 0.01968 0.03356 -9999 -9999 -9999 -9999 0.02075 0.02324 0.02610 0.02860 0.03170 0.03183 0.03044 0.02833 0.02795 0.02502 0.02495 0.02364 0.02353 0.02229 0.02259 0.02294 0.02370 0.02627 0.02507 0.02386 0.02312 0.02124 0.02285 0.02323 0.02564 0.02753 0.02594 0.02498 0.02203 0.02112 0.01986 0.02054 0.02011 0.02080 0.01892 0.01795 0.01695 0.01640 0.01841 0.01823 0.01541 0.01558 0.01607 0.01813 0.01887 0.01942 0.01896 0.01824 0.01880 0.02408 0.02347 0.02806 -9999 -9999 -9999 0.03077
-9999 -9999 -9999 0.03322 0.03039 0.02822 0.02762 0.02706 0.02447 0.02273 0.02345 0.03236 -9999 -9999 -9999 -9999 0.02148 0.02253 0.02650 0.02936 0.03151 0.03405 0.03248 0.03204 0.02967 0.02815 0.02629 0.02462 0.02388 0.02063 0.02106 0.02242 0.02468 0.02666 0.02797 0.02830 0.02748 0.02663 0.02557 0.02518 0.02579 0.02853 0.03040 0.03119 0.03042 0.02714 0.02578 0.02541 0.02342 0.02254 0.02009 0.01975 0.01946 0.01783 0.01640 0.01640 0.01675 0.01519 0.01537 0.01700 0.01765 0.01813 0.01634 0.01346 0.01207 0.01838 0.02316 0.02449 0.02802 0.02722 -9999 -9999 0.03037
-9999 -9999 -9999 -9999 0.03484 0.03206 0.03003 0.02749 0.02544 0.02665 0.03643 -9999 -9999 -9999 -9999 0.02253 0.02309 0.02652 0.03001 0.03186 0.03398 0.03592 0.03457 0.03096 0.02934 0.02964 0.02835 0.02646 0.02401 0.02263 0.02162 0.02460 0.02625 0.02752 0.02708 0.02802 0.02773 0.02720 0.02605 0.02588 0.02620 0.02857 0.03073 0.03200 0.03224 0.02988 0.02745 0.02673 0.02563 0.02458 0.02389 0.02283 0.02146 0.02008 0.02011 0.02077 0.02084 0.01729 0.01674 0.01795 0.01643 0.01537 0.01567 0.01661 0.01587 0.01863 0.02416 0.02701 0.02696 0.02948 0.03020 0.03070 0.03095
-9999 -9999 -9999 -9999 -9999 -9999 0.03266 0.03086 0.03554 0.03627 0.02852 -9999 -9999 -9999 -9999 -9999 0.02729 0.02990 0.03258 0.03344 0.03432 0.04104 0.03444 0.03198 0.03116 0.03198 0.03078 0.02759 0.02646 0.02459 0.02332 0.02441 0.02684 0.02548 0.02707 0.02905 0.02754 0.02613 0.02740 0.02606 0.02671 0.02594 0.02757 0.03023 0.02967 0.03064 0.02935 0.02822 0.02626 0.02523 0.02523 0.02415 0.02386 0.02317 0.02250 0.02247 0.02137 0.01973 0.01869 0.01795 0.01626 0.01584 0.01567 0.01533 0.01479 0.01773 0.02318 0.02844 0.02891 0.02895 0.02857 0.02976 0.02893
-9999 -9999 -9999 -9999 -9999 -9999 -9999 -9999 -9999 -9999 -9999 -9999 -9999 -9999 -9999 -9999 -9999 -9999 -9999 0.03572 0.03650 0.04066 0.03726 0.03535 0.03389 0.03294 0.03051 0.03072 0.02852 0.02473 0.02367 0.02544 0.02510 0.02576 0.02666 0.02799 0.02889 0.02736 0.02755 0.02617 0.02607 0.02746 0.02916 0.03023 0.03058 0.03092 0.03110 0.02955 0.02756 0.02654 0.02607 0.02600 0.02540 0.02597 0.02503 0.02390 0.02243 0.02169 0.01984 0.01885 0.01612 0.01670 0.01615 0.01544 0.01544 0.02114 0.02612 0.03043 0.03063 0.02832 0.02855 0.03033 0.02929
-9999 -9999 -9999 -9999 -9999 -9999 -9999 -9999 -9999 -9999 -9999 -9999 -9999 -9999 -9999 -9999 -9999 -9999 0.03818 0.03815 0.04008 0.04118 0.03995 0.03915 0.03787 0.03537 0.03421 0.03127 0.02880 0.02635 0.02502 0.02471 0.02483 0.02613 0.02676 0.02854 0.02867 0.02943 0.02800 0.02711 0.02712 0.02911 0.02966 0.02948 0.02973 0.02929 0.03025 0.03032 0.02973 0.02805 0.02808 0.02749 0.02745 0.02654 0.02502 0.02541 0.02422 0.02049 0.01832 0.01951 0.01980 0.01993 0.01889 0.01806 0.01782 0.02255 0.02646 0.03065 0.03165 0.03267 0.03218 0.02838 0.03277
-9999 -9999 -9999 -9999 -9999 -9999 -9999 -9999 -9999 -9999 -9999 -9999 -9999 -9999 -9999 -9999 -9999 0.03977 0.04093 0.04438 0.04370 0.04345 0.04184 0.04084 0.04035 0.03748 0.03581 0.03254 0.02848 0.02656 0.02581 0.02609 0.02595 0.02796 0.02878 0.02773 0.02693 0.02823 0.02976 0.02863 0.02920 0.03165 0.03129 0.03241 0.03184 0.03210 0.03182 0.03069 0.03180 0.03043 0.03057 0.03015 0.02890 0.02691 0.02605 0.02588 0.02383 0.02108 0.01981 0.02090 0.02355 0.02143 0.01732 0.01713 0.02211 0.02502 0.02641 0.03123 0.03291 0.03452 0.03205 0.03293 0.03574
-9999 -9999 -9999 -9999 -9999 -9999 -9999 -9999 -9999 -9999 -9999 -9999 -9999 -9999 -9999 -9999 -9999 0.04373 0.04653 0.04449 0.04493 0.04580 0.04436 0.04404 0.04598 0.04036 0.03826 0.03543 0.03281 0.02934 0.02831 0.02846 0.02881 0.03040 0.02889 0.02825 0.02810 0.02953 0.02822 0.02971 0.03167 0.03409 0.03449 0.03591 0.03476 0.03779 0.03719 0.03187 0.03237 0.03412 0.03305 0.03234 0.03038 0.02889 0.02774 0.02609 0.02266 0.02253 0.02315 0.02347 0.02258 0.02094 0.02054 0.02044 0.01914 0.02219 0.02691 0.02721 0.03292 0.03658 0.03820 0.03372 0.03202
-9999 -9999 -9999 -9999 -9999 -9999 -9999 -9999 -9999 -9999 -9999 -9999 -9999 -9999 -9999 -9999 0.04051 0.04361 0.04502 0.04644 0.04988 0.05197 0.04811 0.04865 0.05125 0.04267 0.04163 0.04170 0.03771 0.03244 0.03082 0.03116 0.03066 0.03231 0.03127 0.03074 0.03020 0.03017 0.03059 0.03373 0.03675 0.03764 0.03781 0.03974 0.03934 0.04032 0.03976 0.03418 0.03527 0.03706 0.03707 0.03514 0.03225 0.03037 0.02848 0.02719 0.02619 0.02514 0.02525 0.02390 0.02444 0.02351 0.02166 0.01913 0.02194 0.02441 0.02730 0.03072 0.03636 0.03952 0.03934 0.03645 0.03652
-9999 -9999 -9999 -9999 -9999 -9999 -9999 -9999 -9999 -9999 -9999 -9999 -9999 0.03913 0.03819 0.04027 0.04143 0.04021 0.04485 0.05428 0.05365 0.04816 0.04965 0.04784 0.04408 0.04736 0.04537 0.04263 0.04024 0.03811 0.03616 0.03484 0.03351 0.03271 0.03185 0.03113 0.03283 0.03519 0.03581 0.03774 0.04019 0.04390 0.04587 0.04772 0.04456 0.04167 0.04033 0.04042 0.04082 0.04132 0.03981 0.03696 0.03431 0.03366 0.03118 0.02838 0.02830 0.02881 0.02879 0.02784 0.02728 0.02766 0.02605 0.02650 0.02907 0.03248 0.03506 0.03706 0.03882 0.04092 0.04002 0.03736 0.03804
-9999 -9999 -9999 -9999 -9999 -9999 -9999 -9999 -9999 -9999 -9999 -9999 0.04146 0.04039 0.03986 0.04197 0.04451 0.04573 0.04706 0.05942 0.05299 0.05260 0.05136 0.05004 0.04734 0.04977 0.04754 0.04566 0.04318 0.04096 0.03908 0.03734 0.03617 0.03431 0.03374 0.03405 0.03536 0.03801 0.03923 0.04211 0.04405 0.04910 0.05239 0.05173 0.04738 0.04278 0.04200 0.04214 0.04297 0.04467 0.04284 0.04033 0.03762 0.03627 0.03351 0.03205 0.03172 0.02980 0.02870 0.02861 0.02848 0.02982 0.02973 0.02922 0.03057 0.03430 0.03566 0.03855 0.04136 0.04088 0.03904 0.04144 0.04112
-9999 -9999 -9999 -9999 -9999 -9999 -9999 -9999 -9999 -9999 -9999 0.03634 0.03843 0.03873 0.04224 0.04680 0.04938 0.05241 0.05396 0.05314 0.05386 0.05579 0.05354 0.05173 0.04887 0.04679 0.04475 0.04634 0.04674 0.04555 0.04164 0.04038 0.03923 0.03722 0.03691 0.03529 0.03540 0.03778 0.04237 0.04629 0.05177 0.05339 0.05690 0.05452 0.04971 0.04586 0.04413 0.04268 0.04336 0.04410 0.04338 0.03819 0.03813 0.03661 0.03552 0.03520 0.03623 0.03402 0.03518 0.03554 0.03455 0.03617 0.03613 0.03528 0.03518 0.03513 0.03741 0.04129 0.04173 0.04127 0.03883 0.03868 0.04175
-9999 -9999 -9999 -9999 -9999 -9999 -9999 -9999 -9999 -9999 0.03896 0.03868 0.04230 0.04096 0.04563 0.04987 0.05144 0.05303 0.05255 0.05194 0.05269 0.05538 0.05436 0.05341 0.05234 0.05032 0.04724 0.05087 0.04940 0.04703 0.04512 0.04425 0.04289 0.04095 0.03980 0.03753 0.03814 0.04038 0.04584 0.05094 0.05532 0.05917 0.06092 0.05688 0.05261 0.04859 0.04550 0.04380 0.04357 0.04381 0.04476 0.03975 0.04193 0.04063 0.03969 0.03937 0.03778 0.03790 0.04023 0.03994 0.03852 0.03893 0.03817 0.03793 0.03747 0.03730 0.04033 0.04333 0.04297 0.04126 0.04039 0.04582 0.04791
-9999 -9999 -9999 -9999 -9999 -9999 -9999 -9999 -9999 0.04776 0.04799 0.04664 0.04586 0.04622 0.04824 0.05026 0.05131 0.05279 0.05482 0.05526 0.05490 0.05303 0.05121 0.05253 0.05314 0.05311 0.05287 0.05055 0.04866 0.04832 0.04987 0.04506 0.04258 0.03976 0.03747 0.03771 0.03796 0.04511 0.04963 0.05872 0.06318 0.06751 0.06819 0.06451 0.06048 0.05489 0.05184 0.04542 0.04306 0.04430 0.04589 0.04440 0.04404 0.03715 0.03619 0.04710 0.04762 0.04810 0.04645 0.04511 0.04336 0.04245 0.04158 0.04110 0.04214 0.04188 0.04323 0.04373 0.04429 0.04557 0.04930 0.05268 0.05708
-9999 -9999 -9999 -9999 -9999 -9999 -9999 -9999 -9999 -9999 0.05198 0.04992 0.04809 0.04897 0.05369 0.05214 0.05298 0.05318 0.05402 0.05151 0.04968 0.04930 0.04982 -9999 -9999 -9999 -9999 -9999 -9999 0.05111 0.05128 0.04901 0.04671 0.04291 0.03955 0.04071 0.04295 0.05002 0.05657 0.06449 0.06898 0.07303 0.07227 0.06846 0.06400 0.05846 0.05453 0.04816 0.04503 0.04658 0.04763 0.04808 0.04596 0.03962 0.03908 0.05310 0.05484 0.05424 0.05265 0.04937 0.04764 0.04560 0.04405 0.04403 0.04035 0.04447 0.04391 0.04477 0.04072 0.04557 0.04839 0.05791 0.06559
-9999 -9999 -9999 -9999 -9999 -9999 -9999 -9999 -9999 -9999 -9999 -9999 0.04981 0.05223 0.05282 0.06368 0.06174 0.06112 0.05965 -9999 -9999 -9999 -9999 -9999 -9999 -9999 -9999 -9999 -9999 -9999 -9999 -9999 -9999 0.05051 0.04471 0.04789 0.05100 0.05883 0.06663 0.07216 0.07558 0.07779 0.07652 0.07367 0.06937 0.06489 0.06087 0.05591 0.05344 0.05305 0.05317 0.04649 0.04661 0.04764 0.04856 0.05780 0.05750 0.05774 0.05755 0.05558 0.05207 0.04746 0.04558 0.04658 0.04766 0.05023 0.04891 0.04970 0.04986 0.05662 0.06016 0.06542 -9999
-9999 -9999 -9999 -9999 -9999 -9999 -9999 -9999 -9999 -9999 -9999 -9999 -9999 -9999 -9999 -9999 -9999 -9999 -9999 -9999 -9999 -9999 -9999 -9999 -9999 -9999 -9999 -9999 -9999 -9999 -9999 -9999 -9999 -9999 0.05443 0.05420 0.06325 0.06788 0.07454 0.08058 0.08189 0.08200 0.07982 0.07872 0.07417 0.07104 0.06622 0.06168 0.05900 0.05799 0.05632 0.04993 0.04915 0.05017 0.05170 0.06399 0.06266 0.05813 0.05831 0.05897 0.05410 0.04934 0.05054 0.05167 0.05401 0.05416 0.05230 0.05236 0.05139 0.05894 0.06743 -9999 -9999
-9999 -9999 -9999 -9999 -9999 -9999 -9999 -9999 -9999 -9999 -9999 -9999 -9999 -9999 -9999 -9999 -9999 -9999 -9999 -9999 -9999 -9999 -9999 -9999 -9999 -9999 -9999 -9999 -9999 -9999 -9999 -9999 -9999 -9999 0.06600 0.06672 0.06742 0.07769 0.08725 0.09615 0.09368 0.09194 0.08822 0.08348 0.07999 0.07476 0.06977 0.06664 0.06379 0.05995 0.05926 0.05856 0.05887 0.05263 0.05393 0.06496 0.06868 0.06757 0.06454 0.06282 0.05938 0.05661 0.05377 0.05466 0.05641 0.05421 0.05808 0.05738 0.05610 0.06462 -9999 -9999 -9999
-9999 -9999 -9999 -9999 -9999 -9999 -9999 -9999 -9999 -9999 -9999 -9999 -9999 -9999 -9999 -9999 -9999 -9999 -9999 -9999 -9999 -9999 -9999 -9999 -9999 -9999 -9999 -9999 -9999 -9999 -9999 -9999 -9999 -9999 -9999 -9999 -9999 -9999 0.10058 0.10407 0.10132 0.09729 0.09333 0.08989 0.08520 0.08037 0.07623 0.07237 0.07045 0.06648 0.06594 0.06623 0.06696 0.05797 0.05861 0.07061 0.07216 0.07375 0.06947 0.06919 0.06463 0.06220 0.05757 0.05687 0.05468 0.05870 0.06048 0.06413 0.07393 -9999 -9999 -9999 -9999
-9999 -9999 -9999 -9999 -9999 -9999 -9999 -9999 -9999 -9999 -9999 -9999 -9999 -9999 -9999 -9999 -9999 -9999 -9999 -9999 -9999 -9999 -9999 -9999 -9999 -9999 -9999 -9999 -9999 -9999 -9999 -9999 -9999 -9999 -9999 -9999 -9999 -9999 -9999 0.11299 0.10807 0.10249 0.09854 0.09460 0.09030 0.08400 0.08034 0.07786 0.07629 0.07458 0.07660 0.06846 0.07153 0.06987 0.07346 0.06892 0.07041 0.06574 0.07276 0.07395 0.06921 0.06482 0.06290 0.05820 0.05998 0.06041 0.06833 0.07605 -9999 -9999 -9999 -9999 -9999
-9999 -9999 -9999 -9999 -9999 -9999 -9999 -9999 -9999 -9999 -9999 -9999 -9999 -9999 -9999 -9999 -9999 -9999 -9999 -9999 -9999 -9999 -9999 -9999 -9999 -9999 -9999 -9999 -9999 -9999 -9999 -9999 -9999 -9999 -9999 -9999 -9999 -9999 -9999 -9999 -9999 -9999 -9999 0.09828 0.09256 0.08699 0.08317 0.08235 0.08069 0.07895 0.07868 0.06493 0.07573 0.08386 0.07564 0.07383 0.07246 0.07354 0.08446 0.07694 0.07112 0.06727 0.06946 0.06166 0.06358 0.06989 0.08078 -9999 -9999 -9999 -9999 -9999 -9999
