data/hydroclimate-scenarios/1948-2000.Pcorr55N_Pref_Tref/monthly_summaries/vpd_monthly_avg_feb.asc
ncols	311
nrows	91
xllcenter	102.75
yllcenter	31.75
cellsize	0.5
NODATA_value	-9999
[rows 0 to 32 of 91, columns 0 to 72 of 311]
-9999 -9999 -9999 -9999 -9999 -9999 -9999 -9999 -9999 -9999 -9999 -9999 -9999 -9999 -9999 -9999 -9999 -9999 -9999 -9999 -9999 -9999 -9999 -9999 -9999 -9999 -9999 -9999 -9999 -9999 -9999 -9999 -9999 -9999 -9999 -9999 -9999 -9999 -9999 -9999 -9999 -9999 -9999 -9999 -9999 -9999 -9999 -9999 -9999 -9999 -9999 -9999 -9999 -9999 -9999 -9999 -9999 -9999 -9999 -9999 -9999 -9999 -9999 -9999 -9999 -9999 -9999 -9999 -9999 -9999 -9999 -9999 -9999
-9999 -9999 -9999 -9999 -9999 -9999 -9999 -9999 -9999 -9999 -9999 -9999 -9999 -9999 -9999 -9999 -9999 -9999 -9999 -9999 -9999 -9999 -9999 -9999 -9999 -9999 -9999 -9999 -9999 -9999 -9999 -9999 -9999 -9999 -9999 -9999 -9999 -9999 -9999 -9999 -9999 -9999 -9999 -9999 -9999 -9999 -9999 -9999 -9999 -9999 -9999 -9999 -9999 -9999 -9999 -9999 -9999 -9999 -9999 -9999 -9999 -9999 -9999 -9999 -9999 -9999 -9999 -9999 -9999 -9999 -9999 -9999 -9999
-9999 -9999 -9999 -9999 -9999 -9999 -9999 -9999 -9999 -9999 -9999 -9999 -9999 -9999 -9999 -9999 -9999 -9999 -9999 -9999 -9999 -9999 -9999 -9999 -9999 -9999 -9999 -9999 -9999 -9999 -9999 -9999 -9999 -9999 -9999 -9999 -9999 -9999 -9999 -9999 -9999 -9999 -9999 -9999 -9999 -9999 -9999 -9999 -9999 -9999 -9999 -9999 -9999 -9999 -9999 -9999 -9999 -9999 -9999 -9999 -9999 -9999 -9999 -9999 -9999 -9999 -9999 -9999 -9999 -9999 -9999 -9999 -9999
-9999 -9999 -9999 -9999 -9999 -9999 -9999 -9999 -9999 -9999 -9999 -9999 -9999 -9999 -9999 -9999 -9999 -9999 -9999 -9999 -9999 -9999 -9999 -9999 -9999 -9999 -9999 -9999 -9999 -9999 -9999 -9999 -9999 -9999 -9999 -9999 -9999 -9999 -9999 -9999 -9999 -9999 -9999 -9999 -9999 -9999 -9999 -9999 -9999 -9999 -9999 -9999 -9999 -9999 -9999 -9999 -9999 -9999 -9999 -9999 -9999 -9999 -9999 -9999 -9999 -9999 -9999 -9999 -9999 -9999 -9999 -9999 -9999
-9999 -9999 -9999 -9999 -9999 -9999 -9999 -9999 -9999 -9999 -9999 -9999 -9999 -9999 -9999 -9999 -9999 -9999 -9999 -9999 -9999 -9999 -9999 -9999 -9999 -9999 -9999 -9999 -9999 -9999 -9999 -9999 -9999 -9999 -9999 -9999 -9999 -9999 -9999 -9999 -9999 -9999 -9999 -9999 -9999 -9999 -9999 -9999 -9999 -9999 -9999 -9999 -9999 -9999 -9999 -9999 -9999 -9999 -9999 -9999 -9999 -9999 -9999 -9999 -9999 -9999 -9999 -9999 -9999 -9999 -9999 -9999 -9999
-9999 -9999 -9999 -9999 -9999 -9999 -9999 -9999 -9999 -9999 -9999 -9999 -9999 -9999 -9999 -9999 -9999 -9999 -9999 -9999 -9999 -9999 -9999 -9999 -9999 -9999 -9999 -9999 -9999 -9999 -9999 -9999 -9999 -9999 -9999 -9999 -9999 -9999 -9999 -9999 -9999 -9999 -9999 -9999 -9999 -9999 -9999 -9999 -9999 -9999 -9999 -9999 -9999 -9999 -9999 -9999 -9999 -9999 -9999 -9999 -9999 -9999 -9999 -9999 -9999 -9999 -9999 -9999 -9999 -9999 -9999 -9999 -9999
-9999 -9999 -9999 -9999 -9999 -9999 -9999 -9999 -9999 -9999 -9999 -9999 -9999 -9999 -9999 -9999 -9999 -9999 -9999 -9999 -9999 -9999 -9999 -9999 -9999 -9999 -9999 -9999 -9999 -9999 -9999 -9999 -9999 -9999 -9999 -9999 -9999 -9999 -9999 -9999 -9999 -9999 -9999 -9999 -9999 -9999 -9999 -9999 -9999 -9999 -9999 -9999 -9999 -9999 -9999 -9999 -9999 -9999 -9999 -9999 -9999 -9999 -9999 -9999 -9999 -9999 -9999 -9999 -9999 -9999 -9999 -9999 -9999
-9999 -9999 -9999 -9999 -9999 -9999 -9999 -9999 -9999 -9999 -9999 -9999 -9999 -9999 -9999 -9999 -9999 -9999 -9999 -9999 -9999 -9999 -9999 -9999 -9999 -9999 -9999 -9999 -9999 -9999 -9999 -9999 -9999 -9999 -9999 -9999 -9999 -9999 -9999 -9999 -9999 -9999 0.00385 0.00381 0.00369 0.00369 0.00366 0.00360 0.00358 0.00353 0.00349 0.00345 -9999 -9999 -9999 -9999 -9999 -9999 -9999 -9999 -9999 -9999 -9999 -9999 -9999 -9999 -9999 -9999 -9999 -9999 -9999 -9999 -9999
-9999 -9999 -9999 -9999 -9999 -9999 -9999 -9999 -9999 -9999 -9999 -9999 -9999 -9999 -9999 -9999 -9999 -9999 -9999 -9999 -9999 -9999 -9999 -9999 -9999 -9999 -9999 -9999 -9999 -9999 -9999 -9999 -9999 -9999 -9999 -9999 -9999 -9999 0.00444 0.00409 0.00402 0.00400 0.00388 0.00385 0.00388 0.00391 0.00383 0.00372 0.00368 0.00366 0.00362 0.00357 0.00353 0.00676 -9999 -9999 -9999 -9999 -9999 -9999 -9999 -9999 -9999 -9999 -9999 -9999 -9999 -9999 -9999 -9999 -9999 -9999 -9999
-9999 -9999 -9999 -9999 -9999 -9999 -9999 -9999 -9999 -9999 -9999 -9999 -9999 -9999 -9999 -9999 -9999 -9999 -9999 -9999 -9999 -9999 -9999 -9999 -9999 -9999 -9999 -9999 -9999 -9999 -9999 -9999 -9999 -9999 -9999 -9999 -9999 -9999 -9999 -9999 0.00424 0.00412 0.00393 0.00383 0.00380 0.00373 0.00380 0.00388 0.00385 0.00365 0.00362 0.00367 0.00363 0.00666 -9999 -9999 -9999 -9999 -9999 -9999 -9999 -9999 -9999 -9999 -9999 -9999 -9999 -9999 -9999 -9999 -9999 -9999 -9999
-9999 -9999 -9999 -9999 -9999 -9999 -9999 -9999 -9999 -9999 -9999 -9999 -9999 -9999 -9999 -9999 -9999 -9999 -9999 -9999 -9999 -9999 -9999 -9999 -9999 -9999 -9999 -9999 -9999 -9999 -9999 -9999 -9999 -9999 -9999 -9999 -9999 -9999 -9999 -9999 -9999 -9999 -9999 -9999 0.00411 0.00395 0.00372 0.00365 0.00372 0.00378 0.00366 0.00342 0.00367 0.00646 -9999 -9999 -9999 -9999 -9999 -9999 0.00360 -9999 -9999 -9999 -9999 -9999 -9999 -9999 -9999 -9999 -9999 -9999 -9999
-9999 -9999 -9999 -9999 -9999 -9999 -9999 -9999 -9999 -9999 -9999 -9999 -9999 -9999 -9999 -9999 -9999 -9999 -9999 -9999 -9999 -9999 -9999 -9999 -9999 -9999 -9999 -9999 -9999 -9999 -9999 -9999 -9999 -9999 -9999 -9999 -9999 -9999 -9999 -9999 -9999 0.00430 0.00426 0.00410 0.00405 0.00418 0.00393 0.00375 0.00387 0.00385 0.00364 0.00350 0.00371 0.00374 -9999 -9999 -9999 -9999 -9999 0.00377 0.00372 0.00380 0.00386 0.00388 0.00392 0.00401 0.00403 0.00403 0.00412 0.00422 0.00439 0.00442 0.00446
-9999 -9999 -9999 -9999 -9999 -9999 -9999 -9999 -9999 -9999 -9999 -9999 -9999 -9999 -9999 -9999 -9999 -9999 -9999 -9999 -9999 -9999 -9999 -9999 -9999 -9999 -9999 -9999 -9999 -9999 -9999 -9999 -9999 -9999 -9999 -9999 -9999 -9999 -9999 -9999 -9999 0.00450 0.00454 0.00445 0.00458 0.00443 0.00438 0.00418 0.00406 0.00401 0.00381 0.00344 0.00333 0.00345 0.00361 0.00349 0.00370 -9999 0.00394 0.00393 0.00388 0.00390 0.00391 0.00378 0.00382 0.00398 0.00409 0.00421 0.00426 0.00432 0.00438 0.00446 0.00464
-9999 -9999 -9999 -9999 -9999 -9999 -9999 -9999 -9999 -9999 -9999 -9999 -9999 -9999 -9999 -9999 -9999 -9999 -9999 -9999 -9999 -9999 -9999 -9999 -9999 -9999 -9999 -9999 -9999 -9999 -9999 -9999 -9999 -9999 -9999 0.00610 0.00600 0.00553 0.00530 0.00540 0.00528 0.00518 0.00495 0.00490 0.00487 0.00474 0.00468 0.00442 0.00429 0.00399 0.00369 0.00343 0.00310 0.00329 0.00319 0.00310 0.00342 0.00371 0.00401 0.00399 0.00404 0.00392 0.00397 0.00344 0.00360 0.00403 0.00411 0.00423 0.00438 0.00441 0.00444 0.00457 0.00457
-9999 -9999 -9999 -9999 -9999 -9999 -9999 -9999 -9999 -9999 -9999 -9999 -9999 -9999 -9999 -9999 -9999 -9999 -9999 -9999 -9999 -9999 -9999 -9999 -9999 -9999 -9999 -9999 -9999 -9999 -9999 -9999 -9999 -9999 0.00653 0.00613 0.00595 0.00572 0.00573 0.00563 0.00546 0.00535 0.00536 0.00508 0.00493 0.00486 0.00471 0.00438 0.00414 0.00361 0.00330 0.00325 0.00286 0.00273 0.00277 0.00307 0.00345 0.00364 0.00410 0.00420 0.00399 0.00376 0.00368 0.00344 0.00404 0.00419 0.00410 0.00400 0.00370 0.00387 0.00369 0.00370 0.00369
-9999 -9999 -9999 -9999 -9999 -9999 -9999 -9999 -9999 -9999 -9999 -9999 -9999 -9999 -9999 -9999 -9999 -9999 -9999 -9999 -9999 -9999 -9999 -9999 -9999 -9999 -9999 -9999 -9999 -9999 -9999 -9999 -9999 0.00710 0.00680 0.00658 0.00644 0.00626 0.00614 0.00609 0.00586 0.00563 0.00555 0.00540 0.00530 0.00505 0.00481 0.00453 0.00380 0.00340 0.00305 0.00275 0.00232 0.00266 0.00297 0.00319 0.00322 0.00381 0.00408 0.00402 0.00379 0.00398 0.00412 0.00433 0.00422 0.00415 0.00403 0.00395 0.00383 0.00396 0.00386 0.00388 0.00392
-9999 -9999 -9999 -9999 -9999 -9999 -9999 -9999 -9999 -9999 -9999 -9999 -9999 -9999 -9999 -9999 -9999 -9999 -9999 -9999 -9999 -9999 -9999 -9999 -9999 -9999 -9999 -9999 -9999 -9999 -9999 0.00831 0.00801 0.00757 0.00734 0.00698 0.00699 0.00678 0.00652 0.00647 0.00605 0.00593 0.00578 0.00554 0.00534 0.00518 0.00499 0.00481 0.00418 0.00371 0.00326 0.00292 0.00230 0.00262 0.00294 0.00320 0.00368 0.00380 0.00345 0.00370 0.00402 0.00422 0.00417 0.00450 0.00440 0.00412 0.00418 0.00439 0.00437 0.00377 0.00351 0.00344 0.00399
-9999 -9999 -9999 -9999 -9999 -9999 -9999 -9999 -9999 -9999 -9999 -9999 -9999 -9999 -9999 -9999 -9999 -9999 -9999 -9999 -9999 -9999 -9999 -9999 -9999 -9999 -9999 -9999 -9999 0.00958 0.00924 0.00874 0.00842 0.00802 0.00788 0.00766 0.00751 0.00728 0.00693 0.00671 0.00660 0.00637 0.00614 0.00596 0.00562 0.00522 0.00498 0.00458 0.00373 0.00346 0.00314 0.00260 0.00237 0.00278 0.00280 0.00312 0.00371 0.00369 0.00391 0.00437 0.00422 0.00423 0.00423 0.00417 0.00448 0.00445 0.00405 0.00381 0.00379 0.00385 0.00409 0.00343 0.00266
-9999 -9999 -9999 -9999 -9999 -9999 -9999 -9999 -9999 -9999 -9999 -9999 -9999 -9999 -9999 -9999 -9999 -9999 -9999 -9999 -9999 -9999 -9999 -9999 0.01073 0.01052 0.01057 0.01085 0.01045 0.01000 0.00944 0.00939 0.00905 0.00871 0.00832 0.00818 0.00773 0.00750 0.00712 0.00707 0.00708 0.00674 0.00645 0.00630 0.00594 0.00564 0.00542 0.00463 0.00388 0.00358 0.00347 0.00276 0.00271 0.00314 0.00346 0.00363 0.00392 0.00402 0.00394 0.00423 0.00442 0.00439 0.00454 0.00462 0.00468 0.00437 0.00464 0.00487 0.00469 0.00426 0.00339 0.00320 0.00287
-9999 -9999 -9999 -9999 -9999 -9999 0.01501 0.01501 0.01519 0.01506 0.01527 -9999 -9999 -9999 -9999 -9999 -9999 -9999 -9999 -9999 -9999 0.01205 0.01110 0.01107 0.01102 0.01084 0.01077 0.01082 0.01076 0.01047 0.01032 0.01026 0.00952 0.00935 0.00892 0.00862 0.00831 0.00806 0.00768 0.00740 0.00732 0.00703 0.00680 0.00652 0.00628 0.00583 0.00566 0.00499 0.00418 0.00376 0.00334 0.00313 0.00286 0.00326 0.00382 0.00410 0.00411 0.00417 0.00447 0.00475 0.00462 0.00458 0.00431 0.00429 0.00421 0.00502 0.00522 0.00489 0.00484 0.00501 0.00468 0.00372 0.00328
-9999 -9999 -9999 -9999 -9999 0.01552 0.01529 0.01437 0.01487 0.01481 0.01501 0.01402 0.01387 0.01343 -9999 -9999 -9999 0.01285 0.01255 0.01244 0.01248 0.01206 0.01194 0.01193 0.01153 0.01175 0.01156 0.01176 0.01159 0.01150 0.01132 0.01120 0.01092 0.01052 0.01005 0.00941 0.00907 0.00869 0.00837 0.00809 0.00794 0.00739 0.00723 0.00712 0.00673 0.00632 0.00562 0.00480 0.00419 0.00401 0.00362 0.00341 0.00347 0.00386 0.00408 0.00406 0.00415 0.00443 0.00495 0.00483 0.00485 0.00459 0.00446 0.00471 0.00422 0.00386 0.00410 0.00423 0.00460 0.00456 0.00459 0.00391 0.00362
-9999 0.01615 0.01651 0.01671 0.01633 0.01601 0.01589 0.01569 0.01560 0.01554 0.01503 0.01458 0.01424 0.01406 0.01419 0.01440 0.01495 0.01364 0.01327 0.01380 0.01377 0.01336 0.01309 0.01328 0.01339 0.01252 0.01246 0.01257 0.01227 0.01228 0.01238 0.01215 0.01183 0.01142 0.01094 0.01023 0.00970 0.00930 0.00904 0.00875 0.00845 0.00808 0.00777 0.00763 0.00725 0.00690 0.00618 0.00552 0.00491 0.00449 0.00410 0.00361 0.00364 0.00343 0.00370 0.00389 0.00420 0.00499 0.00475 0.00483 0.00509 0.00469 0.00426 0.00441 0.00403 0.00411 0.00453 0.00422 0.00470 0.00426 0.00373 0.00327 0.00338
-9999 0.01616 0.01705 0.01721 0.01735 0.01760 0.01747 0.01733 0.01724 0.01676 0.01636 0.01584 0.01474 0.01487 0.01482 0.01459 0.01431 0.01408 0.01440 0.01465 0.01411 0.01400 0.01412 0.01446 0.01428 0.01410 0.01388 0.01375 0.01346 0.01359 0.01331 0.01333 0.01291 0.01255 0.01192 0.01129 0.01092 0.01034 0.00996 0.00940 0.00915 0.00894 0.00872 0.00817 0.00791 0.00767 0.00722 0.00638 0.00570 0.00519 0.00490 0.00414 0.00401 0.00336 0.00336 0.00400 0.00438 0.00461 0.00487 0.00458 0.00485 0.00463 0.00441 0.00468 0.00442 0.00433 0.00424 0.00453 0.00460 0.00460 0.00449 0.00392 0.00344
-9999 -9999 -9999 0.01711 0.01718 0.01780 0.01830 0.01820 0.01790 0.01832 0.01754 0.01789 0.01745 0.01721 0.01618 0.01615 0.01602 0.01645 0.01603 0.01544 0.01526 0.01499 0.01487 0.01512 0.01526 0.01545 0.01515 0.01518 0.01541 0.01555 0.01492 0.01466 0.01396 0.01381 0.01328 0.01251 0.01174 0.01131 0.01073 0.01037 0.01003 0.00963 0.00938 0.00897 0.00876 0.00847 0.00788 0.00722 0.00665 0.00608 0.00531 0.00468 0.00418 0.00373 0.00398 0.00396 0.00453 0.00466 0.00449 0.00459 0.00500 0.00448 0.00444 0.00440 0.00458 0.00472 0.00497 0.00471 0.00454 0.00439 0.00433 0.00433 0.00423
-9999 -9999 -9999 -9999 -9999 -9999 0.01927 0.01973 0.01910 0.01972 0.01951 0.01942 0.01903 0.01935 0.01893 0.01863 0.01814 0.01789 0.01805 0.01814 0.01761 0.01700 0.01702 0.01718 0.01728 0.01663 0.01672 0.01730 0.01722 0.01699 0.01665 0.01620 0.01553 0.01509 0.01466 0.01417 0.01346 0.01253 0.01205 0.01133 0.01083 0.01056 0.01020 0.00982 0.00947 0.00931 0.00892 0.00757 0.00732 0.00644 0.00543 0.00458 0.00428 0.00485 0.00442 0.00423 0.00455 0.00415 0.00391 0.00427 0.00407 0.00415 0.00405 0.00405 0.00439 0.00437 0.00511 0.00489 0.00462 0.00459 0.00448 0.00454 0.00465
-9999 -9999 -9999 -9999 -9999 -9999 0.02125 0.02104 0.02140 0.02065 0.02100 0.02092 0.02095 0.02129 0.02063 0.02022 0.01997 0.01951 0.01906 0.01894 0.01841 0.01818 0.01789 0.01808 0.01799 0.01872 0.01934 0.01905 0.01914 0.01870 0.01808 0.01763 0.01713 0.01663 0.01568 0.01519 0.01490 0.01422 0.01356 0.01248 0.01186 0.01144 0.01084 0.01061 0.01006 0.00987 0.00964 0.00930 0.00873 0.00818 0.00715 0.00638 0.00578 0.00545 0.00532 0.00586 0.00554 0.00493 0.00511 0.00479 0.00398 0.00411 0.00415 0.00435 0.00437 0.00507 0.00524 0.00537 0.00544 0.00540 0.00472 0.00484 0.00480
-9999 -9999 -9999 -9999 -9999 -9999 -9999 -9999 -9999 -9999 0.02399 0.02242 0.02257 0.02452 0.02330 0.02187 0.02172 0.02104 0.02143 0.02148 0.02087 0.02011 0.02038 0.02034 0.02026 0.01961 0.02003 0.02061 0.02079 0.02009 0.01965 0.01910 0.01836 0.01795 0.01747 0.01707 0.01626 0.01606 0.01572 0.01448 0.01367 0.01272 0.01206 0.01128 0.01092 0.01055 0.01017 0.01027 0.00995 0.00978 0.00958 0.00919 0.00872 0.00861 0.00858 0.00853 0.00823 0.00777 0.00743 0.00709 0.00706 0.00657 0.00647 0.00591 0.00577 0.00641 0.00652 0.00645 0.00624 0.00633 0.00573 0.00491 0.00459
-9999 -9999 -9999 -9999 -9999 -9999 -9999 -9999 -9999 -9999 0.02748 0.02636 0.02483 0.02604 0.02493 0.02359 0.02322 0.02288 0.02244 0.02229 0.02172 0.02136 0.02108 0.02142 0.02129 0.02207 0.02263 0.02256 0.02282 0.02216 0.02145 0.02106 0.02025 0.01991 0.01870 0.01838 0.01763 0.01683 0.01600 0.01516 0.01426 0.01327 0.01285 0.01198 0.01166 0.01096 0.01070 0.01055 0.01043 0.01028 0.01037 0.00993 0.00989 0.00975 0.00971 0.00956 0.00931 0.00918 0.00923 0.00870 0.00861 0.00862 0.00870 0.00876 0.00876 0.00888 0.00879 0.00869 0.00858 0.00705 0.00674 0.00627 0.00580
-9999 -9999 -9999 -9999 -9999 -9999 -9999 -9999 -9999 -9999 -9999 -9999 0.02785 0.02625 0.02586 0.02547 0.02637 0.02677 0.02497 0.02504 0.02438 0.02393 0.02390 0.02391 0.02444 0.02456 0.02441 0.02431 0.02430 0.02446 0.02371 0.02261 0.02187 0.02091 0.02001 0.01947 0.01851 0.01777 0.01689 0.01594 0.01513 0.01395 0.01325 0.01249 0.01220 0.01155 0.01130 0.01109 0.01102 0.01078 0.01065 0.01044 0.01027 0.01019 0.01060 0.01050 0.01021 0.00957 0.00933 0.00916 0.00912 0.00916 0.00931 0.00951 0.00967 0.00976 0.00998 0.01013 0.00990 0.00896 0.00738 0.00640 0.00655
-9999 -9999 -9999 -9999 -9999 -9999 -9999 -9999 -9999 -9999 -9999 -9999 0.03095 0.02945 0.02802 0.02784 0.02800 0.02814 0.02597 0.02569 0.02551 0.02421 0.02481 0.02577 0.02493 0.02562 0.02583 0.02621 0.02608 0.02627 0.02622 0.02481 0.02378 0.02247 0.02102 0.02062 0.01925 0.01809 0.01761 0.01689 0.01623 0.01527 0.01452 0.01385 0.01298 0.01232 0.01194 0.01184 0.01177 0.01162 0.01139 0.01155 0.01118 0.01118 0.01127 0.01116 0.01087 0.01033 0.01012 0.00991 0.00997 0.00979 0.01004 0.01018 0.01047 0.01059 0.01090 0.01094 0.01024 0.00893 0.00858 0.00851 0.00774
-9999 -9999 -9999 -9999 -9999 -9999 -9999 -9999 -9999 -9999 -9999 0.03328 0.03165 0.03200 0.03127 0.02813 0.02651 0.02620 0.02533 0.02466 0.02627 0.02417 0.02548 0.02525 0.02499 0.02563 0.02553 0.02594 0.02721 0.02775 0.02743 0.02623 0.02488 0.02370 0.02242 0.02277 0.02084 0.01959 0.01795 0.01673 0.01622 0.01527 0.01439 0.01378 0.01336 0.01315 0.01298 0.01321 0.01292 0.01274 0.01254 0.01225 0.01207 0.01225 0.01269 0.01213 0.01170 0.01128 0.01100 0.01089 0.01085 0.01083 0.01079 0.01085 0.01096 0.01137 0.01140 0.01076 0.01002 0.00879 0.00775 0.00759 0.00859
-9999 -9999 -9999 -9999 -9999 -9999 -9999 -9999 -9999 -9999 -9999 0.03531 0.03431 0.03275 0.03264 0.02944 0.02825 0.02756 0.02683 0.02650 0.02637 0.02564 0.02607 0.02704 0.02737 0.02724 0.02711 0.02666 0.02769 0.02726 0.02682 0.02630 0.02536 0.02486 0.02315 0.02305 0.02257 0.02058 0.01885 0.01816 0.01742 0.01687 0.01575 0.01460 0.01407 0.01372 0.01367 0.01402 0.01427 0.01444 0.01411 0.01428 0.01377 0.01344 0.01299 0.01283 0.01237 0.01233 0.01200 0.01191 0.01175 0.01158 0.01154 0.01174 0.01187 0.01255 0.01210 0.01211 0.01068 0.00930 0.00951 0.00986 0.00988
-9999 -9999 -9999 -9999 -9999 -9999 -9999 -9999 -9999 -9999 -9999 0.03413 0.03310 0.03263 0.03189 0.03030 0.02910 0.02851 0.02815 0.02758 0.02703 0.02738 0.02837 0.02818 0.02838 0.02828 0.02761 0.02802 0.02783 0.02844 0.02723 0.02690 0.02669 0.02602 0.02403 0.02434 0.02356 0.02269 0.02158 0.02029 0.01928 0.01846 0.01841 0.01663 0.01571 0.01492 0.01501 0.01449 0.01433 0.01431 0.01453 0.01396 0.01370 0.01339 0.01361 0.01371 0.01339 0.01334 0.01354 0.01307 0.01289 0.01263 0.01296 0.01289 0.01354 0.01437 0.01411 0.01351 0.01240 0.01135 0.01239 0.01051 0.01084
