data/hydroclimate-scenarios/1948-2000.Pcorr55N_Pref_Tref/monthly_summaries/vpd_monthly_avg_jun.1950-2000.asc
ncols	311
nrows	91
xllcenter	102.75
yllcenter	31.75
cellsize	0.5
NODATA_value	-9999
[rows 0 to 32 of 91, columns 219 to 291 of 311]
-9999 -9999 -9999 -9999 -9999 -9999 -9999 -9999 -9999 -9999 -9999 -9999 -9999 -9999 -9999 -9999 -9999 -9999 -9999 -9999 -9999 -9999 -9999 -9999 -9999 -9999 -9999 -9999 -9999 -9999 -9999 -9999 -9999 -9999 -9999 -9999 -9999 -9999 -9999 -9999 -9999 -9999 -9999 -9999 -9999 -9999 -9999 -9999 -9999 -9999 -9999 -9999 -9999 -9999 -9999 -9999 -9999 -9999 -9999 -9999 -9999 -9999 -9999 -9999 -9999 -9999 -9999 -9999 -9999 -9999 -9999 -9999 -9999
-9999 -9999 -9999 -9999 -9999 -9999 -9999 -9999 -9999 -9999 -9999 -9999 -9999 -9999 -9999 -9999 -9999 -9999 -9999 -9999 -9999 -9999 -9999 -9999 -9999 -9999 -9999 -9999 -9999 -9999 -9999 -9999 -9999 -9999 -9999 -9999 -9999 -9999 -9999 -9999 -9999 -9999 -9999 -9999 -9999 -9999 -9999 -9999 -9999 -9999 -9999 -9999 -9999 -9999 -9999 -9999 -9999 -9999 -9999 -9999 -9999 -9999 -9999 -9999 -9999 -9999 -9999 -9999 -9999 -9999 -9999 -9999 -9999
-9999 -9999 -9999 -9999 -9999 -9999 -9999 -9999 -9999 -9999 -9999 -9999 -9999 -9999 -9999 -9999 -9999 -9999 -9999 -9999 -9999 -9999 -9999 -9999 -9999 -9999 -9999 -9999 -9999 -9999 -9999 -9999 -9999 -9999 -9999 -9999 -9999 -9999 -9999 -9999 -9999 -9999 -9999 -9999 -9999 -9999 -9999 -9999 -9999 -9999 -9999 -9999 -9999 -9999 -9999 -9999 -9999 -9999 -9999 -9999 -9999 -9999 -9999 -9999 -9999 -9999 -9999 -9999 -9999 -9999 -9999 -9999 -9999
-9999 -9999 -9999 -9999 -9999 -9999 -9999 -9999 -9999 -9999 -9999 -9999 -9999 -9999 -9999 -9999 -9999 -9999 -9999 -9999 -9999 -9999 -9999 -9999 -9999 -9999 -9999 -9999 -9999 -9999 -9999 -9999 -9999 -9999 -9999 -9999 -9999 -9999 -9999 -9999 -9999 -9999 -9999 -9999 -9999 -9999 -9999 -9999 -9999 -9999 -9999 -9999 -9999 -9999 -9999 -9999 -9999 -9999 -9999 -9999 -9999 -9999 -9999 -9999 -9999 -9999 -9999 -9999 -9999 -9999 -9999 -9999 -9999
-9999 -9999 -9999 -9999 -9999 -9999 -9999 -9999 -9999 -9999 -9999 -9999 -9999 -9999 -9999 -9999 -9999 -9999 -9999 -9999 -9999 -9999 -9999 -9999 -9999 -9999 -9999 -9999 -9999 -9999 -9999 -9999 -9999 -9999 -9999 -9999 -9999 -9999 -9999 -9999 -9999 -9999 -9999 -9999 -9999 -9999 -9999 -9999 -9999 -9999 -9999 -9999 -9999 -9999 -9999 -9999 -9999 -9999 -9999 -9999 -9999 -9999 -9999 -9999 -9999 -9999 -9999 -9999 -9999 -9999 -9999 -9999 -9999
-9999 -9999 -9999 -9999 -9999 -9999 -9999 -9999 -9999 -9999 -9999 -9999 -9999 -9999 -9999 -9999 -9999 -9999 -9999 -9999 -9999 -9999 -9999 -9999 -9999 -9999 -9999 -9999 -9999 -9999 -9999 -9999 -9999 -9999 -9999 -9999 -9999 -9999 -9999 -9999 -9999 -9999 -9999 -9999 -9999 -9999 -9999 -9999 -9999 -9999 -9999 -9999 -9999 -9999 -9999 -9999 -9999 -9999 -9999 -9999 -9999 -9999 -9999 -9999 -9999 -9999 -9999 -9999 -9999 -9999 -9999 -9999 -9999
-9999 -9999 -9999 -9999 -9999 -9999 -9999 -9999 -9999 -9999 -9999 -9999 -9999 -9999 -9999 -9999 -9999 -9999 -9999 -9999 -9999 -9999 -9999 -9999 -9999 -9999 -9999 -9999 -9999 -9999 -9999 -9999 -9999 -9999 -9999 -9999 -9999 -9999 -9999 -9999 -9999 -9999 -9999 -9999 -9999 -9999 -9999 -9999 -9999 -9999 -9999 -9999 -9999 -9999 -9999 -9999 -9999 -9999 -9999 -9999 -9999 -9999 -9999 -9999 -9999 -9999 -9999 -9999 -9999 -9999 -9999 -9999 -9999
-9999 -9999 -9999 -9999 -9999 -9999 -9999 -9999 -9999 -9999 -9999 -9999 -9999 -9999 -9999 -9999 -9999 -9999 -9999 -9999 -9999 -9999 -9999 -9999 -9999 -9999 -9999 -9999 -9999 -9999 -9999 -9999 -9999 -9999 -9999 -9999 -9999 -9999 -9999 -9999 -9999 -9999 -9999 -9999 -9999 -9999 -9999 -9999 -9999 -9999 -9999 -9999 -9999 -9999 -9999 -9999 -9999 -9999 -9999 -9999 -9999 -9999 -9999 -9999 -9999 -9999 -9999 -9999 -9999 -9999 -9999 -9999 -9999
-9999 -9999 -9999 -9999 -9999 -9999 -9999 -9999 -9999 -9999 -9999 -9999 -9999 -9999 -9999 -9999 -9999 -9999 -9999 -9999 -9999 -9999 -9999 -9999 -9999 -9999 -9999 -9999 -9999 -9999 -9999 -9999 -9999 -9999 -9999 -9999 -9999 -9999 -9999 -9999 -9999 -9999 -9999 -9999 -9999 -9999 -9999 -9999 -9999 -9999 -9999 -9999 -9999 -9999 -9999 -9999 -9999 -9999 -9999 -9999 -9999 -9999 -9999 -9999 -9999 -9999 -9999 -9999 -9999 -9999 -9999 -9999 -9999
-9999 -9999 -9999 -9999 -9999 -9999 -9999 -9999 -9999 -9999 -9999 -9999 -9999 -9999 -9999 -9999 -9999 -9999 -9999 -9999 -9999 -9999 -9999 -9999 -9999 -9999 -9999 -9999 -9999 -9999 -9999 -9999 -9999 -9999 -9999 -9999 -9999 -9999 -9999 -9999 -9999 -9999 -9999 -9999 -9999 -9999 -9999 -9999 -9999 -9999 -9999 -9999 -9999 -9999 -9999 -9999 -9999 -9999 -9999 -9999 -9999 -9999 -9999 -9999 -9999 -9999 -9999 -9999 -9999 -9999 -9999 -9999 -9999
-9999 -9999 -9999 -9999 -9999 -9999 -9999 -9999 -9999 -9999 -9999 -9999 -9999 -9999 -9999 -9999 -9999 -9999 -9999 -9999 -9999 -9999 -9999 -9999 -9999 -9999 -9999 -9999 -9999 -9999 -9999 -9999 -9999 -9999 -9999 -9999 -9999 -9999 -9999 -9999 -9999 -9999 -9999 -9999 -9999 -9999 -9999 -9999 -9999 -9999 -9999 -9999 -9999 -9999 -9999 -9999 -9999 -9999 -9999 -9999 -9999 -9999 -9999 -9999 -9999 -9999 -9999 -9999 -9999 -9999 -9999 -9999 -9999
-9999 -9999 -9999 -9999 -9999 -9999 -9999 -9999 -9999 -9999 -9999 -9999 -9999 -9999 -9999 -9999 -9999 -9999 -9999 -9999 -9999 -9999 -9999 -9999 -9999 -9999 -9999 -9999 -9999 -9999 -9999 -9999 -9999 -9999 -9999 -9999 -9999 -9999 -9999 -9999 -9999 -9999 -9999 -9999 -9999 -9999 -9999 -9999 -9999 -9999 -9999 -9999 -9999 -9999 -9999 -9999 -9999 -9999 -9999 -9999 -9999 -9999 -9999 -9999 -9999 -9999 -9999 -9999 -9999 -9999 -9999 -9999 -9999
-9999 -9999 -9999 -9999 -9999 -9999 -9999 -9999 -9999 -9999 -9999 -9999 -9999 -9999 -9999 -9999 -9999 -9999 -9999 -9999 -9999 -9999 -9999 -9999 -9999 -9999 -9999 -9999 -9999 -9999 -9999 -9999 -9999 -9999 -9999 -9999 -9999 -9999 -9999 -9999 -9999 -9999 -9999 -9999 -9999 -9999 -9999 -9999 -9999 -9999 -9999 -9999 -9999 -9999 -9999 -9999 -9999 -9999 -9999 -9999 -9999 -9999 -9999 -9999 -9999 -9999 -9999 -9999 -9999 -9999 -9999 -9999 -9999
-9999 -9999 -9999 -9999 -9999 -9999 -9999 -9999 -9999 -9999 -9999 -9999 -9999 -9999 -9999 -9999 -9999 -9999 -9999 -9999 -9999 -9999 -9999 -9999 -9999 -9999 -9999 -9999 -9999 -9999 -9999 -9999 -9999 -9999 -9999 -9999 -9999 -9999 -9999 -9999 -9999 0.59202 -9999 -9999 -9999 -9999 -9999 -9999 -9999 -9999 -9999 -9999 -9999 -9999 -9999 -9999 -9999 -9999 -9999 -9999 -9999 -9999 -9999 -9999 -9999 -9999 -9999 -9999 -9999 -9999 -9999 -9999 -9999
0.68392 0.67961 0.69648 0.68719 0.70293 0.67205 0.65597 0.58567 0.56559 0.56445 0.56841 0.57847 0.72546 -9999 -9999 -9999 -9999 -9999 -9999 -9999 -9999 -9999 -9999 -9999 -9999 -9999 -9999 -9999 -9999 -9999 -9999 -9999 -9999 -9999 -9999 -9999 0.60072 0.63028 0.59077 0.52245 0.48953 0.50693 0.59279 -9999 -9999 -9999 0.47535 -9999 -9999 -9999 0.50112 0.49098 0.47849 -9999 -9999 -9999 -9999 -9999 -9999 -9999 -9999 -9999 -9999 -9999 -9999 -9999 -9999 -9999 -9999 -9999 -9999 -9999 -9999
0.85136 0.82409 0.79843 0.76945 0.75670 0.67133 0.65001 0.59219 0.59545 0.63261 0.67076 0.69137 0.67339 0.65165 0.63958 0.58672 0.59291 0.61503 0.65803 -9999 -9999 -9999 -9999 -9999 0.79075 0.80661 0.81061 0.80374 0.78098 0.76341 0.74855 0.75981 0.77279 0.78025 0.77769 0.76799 0.57216 0.57178 0.53237 0.53775 0.47887 0.46856 0.59283 0.55599 0.52679 0.50245 0.48916 0.48366 0.49283 0.49061 0.47475 0.44468 0.40376 0.41121 0.44259 0.47319 0.46228 0.49090 -9999 -9999 -9999 -9999 -9999 -9999 -9999 -9999 -9999 -9999 -9999 -9999 -9999 -9999 -9999
0.74108 0.64423 0.64698 0.65330 0.69448 0.60539 0.58203 0.53254 0.61111 0.62408 0.70639 0.75177 0.73298 0.73271 0.67763 0.62406 0.61589 0.59336 0.60624 0.63452 0.69260 0.71832 0.74886 0.78004 0.82006 0.84627 0.84101 0.83089 0.81325 0.81149 0.80275 0.78018 0.77505 0.77339 0.76427 0.76147 0.75142 0.72589 0.71087 0.70779 0.65270 0.62004 0.60743 0.58516 0.54493 0.52281 0.50602 0.49832 0.49760 0.48989 0.48824 0.49087 0.49584 0.49562 0.49162 0.48840 0.46226 0.42452 0.44387 0.45745 0.48126 0.47731 0.48127 0.47915 0.46954 0.46643 -9999 -9999 -9999 -9999 -9999 -9999 -9999
0.65012 0.68920 0.70768 0.77856 0.83943 0.85233 0.73739 0.77191 0.88538 0.93481 0.89856 0.96815 0.90071 0.82683 0.76662 0.71473 0.70441 0.67773 0.64345 0.63891 0.63762 0.63438 0.64168 0.66375 0.74399 0.86550 0.87870 0.89004 0.88759 0.85367 0.82815 0.79625 0.79597 0.78994 0.78365 0.77274 0.79580 0.80432 0.78517 0.76573 0.69452 0.66486 0.64962 0.62583 0.58524 0.56419 0.55017 0.53281 0.52857 0.52078 0.51677 0.52001 0.51979 0.51842 0.50792 0.50356 0.46164 0.45420 0.48232 0.48924 0.49508 0.46703 0.46213 0.44992 0.44734 0.46363 -9999 0.50952 -9999 -9999 -9999 -9999 -9999
0.87565 0.85529 0.90783 1.01435 0.96487 0.95283 0.98573 1.03356 0.99773 1.01887 1.06967 1.10062 0.96119 0.88508 0.77571 0.74486 0.74232 0.75066 0.73364 0.70388 0.69583 0.62729 0.62102 0.61875 0.71342 0.86743 0.89083 0.90276 0.92323 0.92132 0.87449 0.85503 0.86448 0.84488 0.85683 0.84284 0.86288 0.84769 0.83336 0.81484 0.74247 0.71263 0.69179 0.66982 0.63872 0.60953 0.59405 0.57968 0.56527 0.56468 0.56002 0.54164 0.55253 0.55432 0.54623 0.53418 0.49765 0.50814 0.52002 0.50270 0.50376 0.49876 0.49074 0.48421 0.47282 0.46411 0.48314 -9999 -9999 -9999 -9999 -9999 -9999
0.98493 1.04680 1.11731 1.16155 1.18651 1.20414 1.16430 1.15342 1.10917 1.09565 1.14516 1.12662 1.01332 0.92286 0.85849 0.78857 0.73496 0.71885 0.70631 0.72913 0.77763 0.79282 0.76778 0.65494 0.75304 0.82822 0.90346 0.92943 0.95643 0.96076 0.94755 0.95358 0.92054 0.89394 0.91119 0.92484 0.86649 0.85942 0.87764 0.87171 0.81433 0.76783 0.74179 0.72306 0.68814 0.65202 0.64538 0.63397 0.61889 0.61598 0.60897 0.58926 0.58284 0.58808 0.57748 0.57927 0.57079 0.56498 0.54445 0.54577 0.54347 0.53936 0.51194 0.50093 0.48800 0.47513 0.47977 0.50245 -9999 -9999 -9999 -9999 -9999
1.20742 1.24710 1.38798 1.40856 1.37573 1.34898 1.31972 1.25236 1.20428 1.12785 1.09314 1.08913 1.03027 0.92191 0.85998 0.77545 0.75264 0.74892 0.72697 0.77741 0.81648 0.82386 0.81118 0.74243 0.73422 0.85875 0.91705 0.95321 0.98260 0.98559 0.99389 0.99052 0.98168 0.97144 0.95726 0.97625 0.96228 0.95039 0.95082 0.94559 0.89696 0.84561 0.80712 0.75586 0.70999 0.70207 0.68886 0.67901 0.66388 0.67194 0.66227 0.66203 0.68044 0.68774 0.66566 0.65994 0.65819 0.62435 0.61910 0.60876 0.59209 0.53986 0.53056 0.51745 0.51449 0.50605 0.49447 0.48724 0.48171 0.48605 0.50421 0.50073 -9999
1.31051 1.29759 1.32804 1.32387 1.32173 1.33956 1.33226 1.28283 1.21542 1.18698 1.16692 1.16395 1.06784 0.95618 0.85370 0.79265 0.75688 0.76052 0.76328 0.82121 0.83850 0.83900 0.83783 0.79804 0.72819 0.81189 0.87152 0.95732 1.00271 1.01994 1.01778 1.02796 1.01963 1.02338 1.02002 1.02423 1.03293 1.05392 1.06972 1.02202 0.95523 0.89913 0.87313 0.82244 0.77070 0.76303 0.77343 0.77268 0.74630 0.77815 0.76562 0.74074 0.71670 0.71750 0.72060 0.69730 0.68380 0.67082 0.67415 0.68613 0.66609 0.60562 0.58771 0.57484 0.56487 0.55949 0.57640 0.55984 0.54552 0.53732 0.53939 0.54486 0.54055
0.90178 0.84739 0.90555 0.96960 1.05623 1.07266 1.12022 1.24291 1.15966 1.13061 1.04927 1.10486 0.97655 0.89815 0.86099 0.82133 0.78946 0.77830 0.74686 0.81672 0.82395 0.83233 0.84733 0.86324 0.86921 0.92213 0.92180 0.89583 0.89811 0.93079 0.90107 0.86428 0.89903 0.92304 0.90297 0.96934 1.03183 1.05358 1.05714 1.02508 0.97814 0.87072 0.83983 0.79428 0.78611 0.76803 0.79358 0.78706 0.77181 0.75618 0.74913 0.74265 0.75357 0.76107 0.73192 0.73258 0.73182 0.71936 0.73831 0.72935 0.67222 0.64923 0.63880 0.63111 0.61581 0.60511 0.60924 0.59778 0.58710 0.58319 0.58050 0.55970 0.55173
0.94372 0.93606 0.91865 0.92661 0.90555 0.87983 0.86486 0.94399 0.99426 1.10397 1.08798 1.11965 0.95514 0.88084 0.84737 0.83013 0.82528 0.81925 0.78431 0.79153 0.80084 0.80045 0.79138 0.79888 0.81921 0.88395 0.84943 0.83594 0.76781 0.74832 0.71059 0.71244 0.73145 0.74755 0.68519 0.69468 0.76538 0.79193 0.82761 0.82690 0.93002 0.95007 0.91537 0.84876 0.85509 0.88222 0.84149 0.82792 0.83263 0.80146 0.79976 0.81837 0.79693 0.74181 0.73078 0.77784 0.75126 0.70891 0.73743 0.74118 0.71943 0.71045 0.71403 0.70498 0.68686 0.66252 0.65429 0.64860 0.63637 0.62598 0.62159 0.61412 0.58557
1.18430 1.13219 1.01261 0.96784 0.91647 0.91351 0.82555 0.78514 0.74846 0.80475 0.81253 0.97368 0.98274 0.90561 0.89334 0.81490 0.81228 0.79157 0.76899 0.79060 0.76883 0.79835 0.76935 0.76482 0.73793 0.72431 0.73550 0.70345 0.70028 0.68795 0.66359 0.63102 0.62683 0.62333 0.56738 0.56339 0.60482 0.58275 0.57117 0.56418 0.58343 0.65294 0.80264 0.89508 0.88042 0.90064 0.91015 0.82936 0.82160 0.84589 0.83746 0.83643 0.84635 0.83864 0.78807 0.73710 0.71091 0.71194 0.77100 0.82207 0.82697 0.81288 0.81556 0.80154 0.76155 0.74238 0.72677 0.69842 0.67532 0.66194 0.64503 0.63676 0.63319
0.97781 0.97597 0.99859 1.01025 0.98453 0.95538 0.90227 0.83314 0.80422 0.91408 0.97571 1.00799 0.97494 0.91603 0.87472 0.86524 0.83976 0.86301 0.82527 0.81797 0.79953 0.80379 0.81064 0.82646 0.82352 0.83205 0.79832 0.80769 0.76248 0.73867 0.74226 0.67724 0.66048 0.64217 0.59221 0.56482 0.61466 0.59357 0.58737 0.56433 0.56612 0.63053 0.69477 0.76968 0.80940 0.86002 0.92069 0.81319 0.74741 0.82762 0.85596 0.83615 0.85712 0.84468 0.81548 0.77084 0.76502 0.78029 0.78605 0.77977 0.83986 0.86886 0.87752 0.87023 0.82996 0.80025 0.77569 0.74958 0.72078 0.70338 0.68403 0.67364 0.66187
0.54771 0.51047 0.52928 0.62585 0.72427 0.65647 0.83472 1.00135 1.05921 1.01877 1.03560 1.01059 0.90173 0.84912 0.85607 0.81722 0.85814 0.88495 0.90573 0.92345 0.95303 0.92660 0.91272 0.94498 0.97591 0.94159 0.94839 0.93694 0.94886 0.92923 0.80826 0.77948 0.72270 0.67992 0.66230 0.65140 0.61348 0.58213 0.55482 0.57650 0.59072 0.55027 0.61132 0.68332 0.71984 0.78186 0.84697 0.87798 0.88832 0.81620 0.83966 0.85313 0.84691 0.84829 0.87225 0.83000 0.82388 0.79758 0.80543 0.85188 0.85975 0.88196 0.92479 0.95604 0.92530 0.87676 0.83982 0.81849 0.77434 0.73465 0.69855 0.67783 0.66712
0.69720 0.63160 0.56468 0.56525 0.60865 0.48083 0.49867 0.53969 0.64771 0.87029 1.00588 0.98735 0.91701 0.84942 0.83348 0.78958 0.82040 0.86703 0.91393 0.95906 0.95632 0.96900 0.97547 0.98450 0.96211 0.96144 0.96371 0.99987 0.90083 0.86788 0.87055 0.83363 0.74778 0.69552 0.69439 0.65750 0.60436 0.60413 0.56466 0.52831 0.49895 0.51186 0.59710 0.65064 0.65142 0.68379 0.74559 0.80481 0.91627 0.83948 0.83589 0.84061 0.87031 0.85851 0.86986 0.86104 0.88353 0.88993 0.87718 0.88999 0.88784 0.91261 0.97667 1.00473 0.99755 0.94041 0.90029 0.87099 0.81617 0.79144 0.74403 0.70841 0.68692
0.61516 0.71650 0.75836 0.76879 0.78478 0.78119 0.78907 0.71363 0.74010 0.67125 0.80150 1.06292 0.92548 0.87970 0.83625 0.73335 0.73552 0.79030 0.85606 0.88925 0.97585 1.00758 1.00442 1.03672 1.08128 1.07813 1.05580 0.98128 0.92541 0.93063 0.90324 0.82095 0.77386 0.76056 0.68240 0.65719 0.58933 0.57134 0.52748 0.50393 0.48169 0.45549 0.50243 0.47958 0.54489 0.57399 0.67877 0.77683 0.84468 0.92512 0.86674 0.85729 0.90183 0.91454 0.93166 0.93155 0.92123 0.92322 0.91429 0.90717 0.91854 0.92123 0.95549 1.00031 1.00956 0.99343 0.96430 0.93050 0.88089 0.85526 0.80736 0.77544 0.76201
0.56916 0.67392 0.79587 0.84853 0.92510 0.98083 0.78702 0.53482 0.47260 0.50292 0.53115 0.63162 0.65120 0.64045 0.71321 0.70952 0.74923 0.78302 0.83015 0.86507 0.89370 0.92402 0.97404 1.04260 1.07856 1.08835 1.09277 0.99337 0.96069 0.90882 0.92986 0.85358 0.80494 0.79576 0.73562 0.68410 0.62537 0.51255 0.52978 0.48239 0.50561 0.50106 0.46986 0.47101 0.50915 0.55482 0.61780 0.68247 0.76834 0.91184 0.89246 0.87799 0.92625 0.90043 0.85517 0.77926 0.76183 0.77523 0.80016 0.88260 0.96035 0.96796 0.96286 0.96021 0.96788 0.97075 0.88881 0.87788 0.94588 0.92448 0.89883 0.86172 0.86294
0.54421 0.50712 0.54057 0.67004 0.76968 0.90211 0.83208 0.65093 0.36478 0.30395 0.35342 0.41161 0.44883 0.47899 0.49984 0.51642 0.61327 0.65976 0.69581 0.73215 0.84739 0.90166 0.88100 0.93762 0.96995 1.03287 1.11025 1.03733 0.97570 0.89861 0.84192 0.83465 0.82960 0.81424 0.72325 0.66816 0.67844 0.58307 0.55481 0.54623 0.51613 0.53044 0.56727 0.62671 0.59765 0.59010 0.57210 0.62394 0.64800 0.75293 0.83517 0.82950 0.92137 0.95362 0.96597 0.93520 0.90835 0.92247 0.95190 0.98857 0.99158 0.97491 0.96691 0.94442 0.93645 0.94186 0.92180 0.91707 0.90813 0.89854 0.94088 0.92124 0.88461
-9999 0.29676 0.34837 0.37993 0.38548 0.53686 0.57282 0.63233 0.64047 0.64948 0.74566 0.52477 0.30459 0.26156 0.25857 0.25709 0.41519 0.52717 0.59514 0.65080 0.73344 0.77876 0.80698 0.81779 0.86794 0.96604 0.97400 0.97548 0.92655 0.90820 0.87389 0.78127 0.71478 0.70323 0.69552 0.62726 0.67243 0.68865 0.57084 0.57100 0.54894 0.57232 0.62178 0.62437 0.63703 0.61896 0.56947 0.60777 0.65521 0.74890 0.84545 0.86986 0.89738 0.91588 0.93275 0.95803 0.96835 0.98209 1.00528 1.00415 1.00345 1.00194 0.97486 0.93141 0.93855 0.94546 0.94895 0.94514 0.92530 0.97368 0.95774 0.92285 0.90176
-9999 -9999 -9999 0.43015 0.35179 0.32673 0.42666 0.40481 0.32885 0.33139 0.39914 0.34821 0.30542 0.27079 0.22451 0.21860 0.25461 0.31299 0.37953 0.50183 0.62563 0.71756 0.72052 0.71040 0.69161 0.77226 0.84885 0.93104 0.91592 0.89689 0.88469 0.86125 0.82103 0.76854 0.68825 0.71471 0.74088 0.74629 0.69573 0.70522 0.67200 0.66158 0.63276 0.66642 0.64386 0.64857 0.57603 0.60459 0.73166 0.83773 0.77946 0.75562 0.78920 0.82974 0.84728 0.85222 0.88949 0.91883 0.93828 0.94103 0.96762 0.95378 0.93020 0.90960 0.85782 0.89487 0.90986 0.94242 0.94949 0.94453 0.94893 0.93919 0.92504
