data/hydroclimate-scenarios/1948-2000.Pcorr55N_Pref_Tref/monthly_summaries/vpd_monthly_avg_sep.1950-2000.asc
ncols	311
nrows	91
xllcenter	102.75
yllcenter	31.75
cellsize	0.5
NODATA_value	-9999
[rows 0 to 32 of 91, columns 73 to 145 of 311]
-9999 -9999 -9999 -9999 -9999 -9999 -9999 -9999 -9999 -9999 -9999 -9999 -9999 -9999 -9999 -9999 -9999 -9999 -9999 -9999 -9999 -9999 -9999 -9999 -9999 -9999 -9999 -9999 -9999 -9999 -9999 -9999 -9999 -9999 -9999 -9999 -9999 -9999 -9999 -9999 -9999 -9999 -9999 -9999 -9999 -9999 -9999 -9999 -9999 -9999 -9999 -9999 -9999 -9999 -9999 -9999 -9999 -9999 -9999 -9999 -9999 -9999 -9999 -9999 -9999 -9999 -9999 -9999 -9999 -9999 -9999 -9999 -9999
-9999 -9999 -9999 -9999 -9999 -9999 -9999 -9999 -9999 -9999 -9999 -9999 -9999 -9999 -9999 -9999 -9999 -9999 -9999 -9999 -9999 -9999 -9999 -9999 -9999 -9999 -9999 -9999 -9999 -9999 -9999 -9999 -9999 -9999 -9999 -9999 -9999 -9999 -9999 -9999 -9999 -9999 -9999 -9999 -9999 -9999 -9999 -9999 -9999 -9999 -9999 -9999 -9999 -9999 -9999 -9999 -9999 -9999 -9999 -9999 -9999 -9999 -9999 -9999 -9999 -9999 -9999 -9999 -9999 -9999 -9999 -9999 -9999
-9999 -9999 -9999 -9999 -9999 -9999 -9999 -9999 -9999 -9999 -9999 -9999 -9999 -9999 -9999 -9999 -9999 -9999 -9999 -9999 -9999 -9999 -9999 -9999 -9999 -9999 -9999 -9999 -9999 -9999 -9999 -9999 -9999 -9999 -9999 -9999 -9999 -9999 -9999 -9999 -9999 -9999 -9999 -9999 -9999 -9999 -9999 -9999 -9999 -9999 -9999 -9999 -9999 -9999 -9999 -9999 -9999 -9999 -9999 -9999 -9999 -9999 -9999 -9999 -9999 -9999 -9999 -9999 -9999 -9999 -9999 -9999 -9999
-9999 -9999 -9999 -9999 -9999 -9999 -9999 -9999 -9999 -9999 -9999 -9999 -9999 -9999 -9999 -9999 -9999 -9999 -9999 -9999 -9999 -9999 -9999 -9999 -9999 -9999 -9999 -9999 -9999 -9999 -9999 -9999 -9999 -9999 -9999 -9999 -9999 -9999 -9999 -9999 -9999 -9999 -9999 -9999 -9999 -9999 -9999 -9999 -9999 -9999 -9999 -9999 -9999 -9999 -9999 -9999 -9999 -9999 -9999 -9999 -9999 -9999 -9999 -9999 -9999 -9999 -9999 -9999 -9999 -9999 -9999 -9999 -9999
-9999 -9999 -9999 -9999 -9999 -9999 -9999 -9999 -9999 -9999 -9999 -9999 -9999 -9999 -9999 -9999 -9999 -9999 -9999 -9999 -9999 -9999 -9999 -9999 -9999 -9999 -9999 -9999 -9999 -9999 -9999 -9999 -9999 -9999 -9999 -9999 -9999 -9999 -9999 -9999 -9999 -9999 -9999 -9999 -9999 -9999 -9999 -9999 -9999 -9999 -9999 -9999 -9999 -9999 -9999 -9999 -9999 -9999 -9999 -9999 -9999 -9999 -9999 -9999 -9999 -9999 -9999 -9999 -9999 -9999 -9999 -9999 -9999
-9999 -9999 -9999 -9999 -9999 -9999 -9999 -9999 -9999 -9999 -9999 -9999 -9999 -9999 -9999 -9999 -9999 -9999 -9999 -9999 -9999 -9999 -9999 -9999 -9999 -9999 -9999 -9999 -9999 -9999 -9999 -9999 -9999 -9999 -9999 -9999 -9999 -9999 -9999 -9999 -9999 -9999 -9999 -9999 -9999 -9999 -9999 -9999 -9999 -9999 -9999 -9999 -9999 -9999 -9999 -9999 -9999 -9999 -9999 -9999 -9999 -9999 -9999 -9999 -9999 -9999 -9999 -9999 -9999 -9999 -9999 -9999 -9999
-9999 -9999 -9999 -9999 -9999 -9999 -9999 -9999 -9999 -9999 -9999 -9999 -9999 -9999 -9999 -9999 -9999 -9999 -9999 -9999 -9999 -9999 -9999 -9999 -9999 -9999 -9999 -9999 -9999 -9999 -9999 -9999 -9999 -9999 -9999 -9999 -9999 -9999 -9999 -9999 -9999 -9999 -9999 -9999 -9999 -9999 -9999 -9999 -9999 -9999 -9999 -9999 -9999 -9999 -9999 -9999 -9999 -9999 -9999 -9999 -9999 -9999 -9999 -9999 -9999 -9999 -9999 -9999 -9999 -9999 -9999 -9999 -9999
-9999 -9999 -9999 -9999 -9999 -9999 -9999 -9999 -9999 -9999 -9999 -9999 -9999 -9999 -9999 -9999 -9999 -9999 -9999 -9999 -9999 -9999 -9999 -9999 -9999 -9999 -9999 -9999 -9999 -9999 -9999 -9999 -9999 -9999 -9999 -9999 -9999 -9999 -9999 -9999 -9999 -9999 -9999 -9999 -9999 -9999 -9999 -9999 -9999 -9999 -9999 -9999 -9999 -9999 -9999 -9999 -9999 -9999 -9999 -9999 -9999 -9999 -9999 -9999 -9999 -9999 -9999 -9999 -9999 -9999 -9999 -9999 -9999
-9999 -9999 -9999 -9999 0.19714 -9999 -9999 -9999 -9999 -9999 -9999 -9999 -9999 -9999 -9999 -9999 -9999 -9999 -9999 -9999 -9999 -9999 -9999 -9999 -9999 -9999 -9999 -9999 -9999 -9999 -9999 -9999 -9999 -9999 -9999 -9999 -9999 -9999 -9999 -9999 -9999 -9999 -9999 -9999 -9999 -9999 -9999 -9999 -9999 -9999 -9999 -9999 -9999 -9999 -9999 -9999 -9999 -9999 -9999 -9999 -9999 -9999 -9999 -9999 -9999 -9999 -9999 -9999 -9999 -9999 -9999 -9999 -9999
0.21432 0.21643 0.20798 0.20327 0.20300 0.20087 0.20296 0.19920 0.19552 0.19379 0.18937 0.18526 0.18322 0.18134 0.17681 0.17633 0.17591 0.17224 0.17195 0.17420 -9999 -9999 -9999 -9999 -9999 -9999 -9999 -9999 -9999 -9999 -9999 -9999 -9999 -9999 -9999 -9999 -9999 -9999 -9999 -9999 -9999 -9999 -9999 -9999 -9999 -9999 -9999 -9999 -9999 -9999 -9999 -9999 -9999 -9999 -9999 -9999 -9999 -9999 -9999 -9999 -9999 -9999 -9999 -9999 -9999 -9999 -9999 -9999 -9999 -9999 -9999 -9999 -9999
-9999 -9999 0.22168 0.21835 0.21891 0.21679 0.21269 0.21060 0.20598 0.20374 0.19956 0.19538 0.19059 0.19008 0.18810 0.18364 0.18204 0.18016 0.17921 0.17940 -9999 -9999 -9999 -9999 -9999 -9999 -9999 -9999 -9999 -9999 -9999 -9999 -9999 -9999 -9999 -9999 -9999 -9999 -9999 -9999 -9999 -9999 -9999 -9999 -9999 -9999 -9999 -9999 -9999 -9999 -9999 -9999 -9999 -9999 -9999 -9999 -9999 -9999 -9999 -9999 -9999 -9999 -9999 -9999 -9999 -9999 -9999 -9999 -9999 -9999 -9999 -9999 -9999
0.23162 0.23379 0.22799 0.22589 0.22207 0.22149 0.21905 0.21619 0.21012 0.20822 0.20481 0.20207 0.19749 0.19473 0.19140 0.18811 0.18803 0.18456 0.18276 0.18543 0.18738 0.18670 0.18727 0.18868 0.19168 0.19372 -9999 -9999 -9999 -9999 -9999 -9999 -9999 -9999 -9999 -9999 -9999 -9999 -9999 -9999 -9999 -9999 -9999 -9999 -9999 -9999 -9999 -9999 -9999 -9999 -9999 -9999 -9999 -9999 -9999 -9999 -9999 -9999 -9999 -9999 -9999 -9999 -9999 -9999 -9999 -9999 -9999 -9999 -9999 -9999 -9999 -9999 -9999
0.23924 0.23651 0.23740 0.23389 0.23296 0.23069 0.22834 0.22393 0.22073 0.21701 0.21403 0.20923 0.20824 0.20317 0.20098 0.19833 0.19296 0.19015 0.18928 0.19051 0.18912 0.19278 0.19479 0.19754 0.19724 0.19751 0.19938 0.19939 0.20278 0.20460 0.20393 0.20359 0.20267 0.20335 0.20489 0.20519 0.20374 0.20378 0.20137 0.20726 0.20705 -9999 -9999 -9999 -9999 -9999 -9999 -9999 -9999 -9999 -9999 -9999 -9999 -9999 -9999 -9999 -9999 -9999 -9999 -9999 -9999 -9999 -9999 -9999 -9999 -9999 -9999 -9999 -9999 -9999 -9999 -9999 -9999
0.24260 0.23921 0.23694 0.23838 0.23741 0.23844 0.23584 0.23017 0.22857 0.22616 0.22180 0.21619 0.21453 0.21022 0.20916 0.20449 0.20315 0.19749 0.19248 0.19044 0.19119 0.19276 0.19622 0.20051 0.20344 0.20365 0.20237 0.20142 0.20906 0.20858 0.21157 0.21144 0.21023 0.21034 0.21041 0.21132 0.21088 0.20987 0.20818 0.20794 0.20922 0.21209 -9999 -9999 -9999 -9999 -9999 -9999 -9999 -9999 -9999 -9999 -9999 -9999 -9999 -9999 -9999 -9999 -9999 -9999 -9999 -9999 -9999 -9999 -9999 -9999 -9999 -9999 -9999 -9999 -9999 -9999 -9999
0.22375 0.21085 0.22471 0.22760 0.22250 0.22480 0.22429 0.22625 0.22245 0.22101 0.22253 0.22049 0.21886 0.21650 0.21218 0.20997 0.20796 0.20122 0.19832 0.19677 0.19723 0.19957 0.20294 0.19923 0.20418 0.21025 0.21159 0.20769 0.21065 0.21212 0.21474 0.21282 0.21506 0.21642 0.21708 0.21577 0.21728 0.21597 0.21527 0.21331 0.21242 0.21727 -9999 -9999 -9999 -9999 -9999 -9999 -9999 -9999 -9999 -9999 -9999 -9999 -9999 -9999 -9999 0.20962 0.20612 -9999 -9999 -9999 -9999 0.18534 0.17371 0.16455 0.16774 0.17669 0.17702 0.17562 0.17207 0.16852 0.16352
0.22821 0.21924 0.23336 0.24273 0.23971 0.23061 0.22496 0.22446 0.23313 0.23173 0.22925 0.22248 0.22120 0.22420 0.21964 0.21991 0.21447 0.21361 0.21049 0.20717 0.20696 0.21345 0.21666 0.21700 0.21880 0.21804 0.21814 0.22022 0.22175 0.22165 0.22236 0.22199 0.22375 0.22355 0.22357 0.22058 0.22102 0.22132 0.22185 0.22281 0.22163 0.22364 0.22467 0.22684 0.22561 0.22443 0.20812 0.20354 0.20855 0.20287 0.20014 0.20368 0.19944 0.19844 0.21287 0.21469 0.21578 0.21267 0.20861 -9999 -9999 -9999 -9999 -9999 0.19108 0.18066 0.17630 0.17275 0.16998 0.17147 0.16417 0.16509 0.16308
0.23002 0.21334 0.22703 0.24140 0.24229 0.24282 0.24730 0.24951 0.24946 0.24886 0.24220 0.24013 0.23737 0.23112 0.22864 0.22624 0.22302 0.22118 0.22252 0.22201 0.22329 0.22249 0.22646 0.22580 0.22916 0.22933 0.22889 0.22888 0.23166 0.23418 0.23364 0.23130 0.23028 0.23022 0.22803 0.22794 0.22929 0.22595 0.22719 0.22578 0.22511 0.22627 0.22761 0.22886 0.22961 0.22676 0.21604 0.20836 0.21438 0.21873 0.21186 0.19821 0.18740 0.20111 0.19276 0.19195 0.19554 0.20330 0.20427 0.19849 0.20574 0.21216 0.21082 0.20817 0.20162 0.19744 0.18936 0.18514 0.17264 0.17327 0.16521 0.15701 0.15461
0.24470 0.21813 0.21515 0.22890 0.23389 0.23353 0.26327 0.26481 0.26239 0.25978 0.25314 0.25119 0.24623 0.24197 0.23879 0.23818 0.23336 0.22573 0.22558 0.23099 0.23015 0.23280 0.23466 0.23511 0.23647 0.23823 0.23741 0.23933 0.24049 0.24070 0.23804 0.23822 0.23709 0.23580 0.23510 0.23358 0.23582 0.23383 0.23440 0.23147 0.22862 0.23179 0.23021 0.23105 0.23054 0.23175 0.22895 0.22736 0.22125 0.22459 0.21915 0.21847 0.20744 0.19488 0.19220 0.19627 0.19771 0.19452 0.19614 0.18802 0.19573 0.20933 0.21195 0.21426 0.21103 0.20738 0.19977 0.18625 0.17183 0.16797 0.16344 0.16083 0.16908
0.21779 0.25806 0.24231 0.25509 0.25824 0.24065 0.25301 0.26529 0.26588 0.26623 0.26143 0.25963 0.25482 0.25241 0.24937 0.24611 0.23947 0.21947 0.22271 0.22907 0.23077 0.23932 0.24365 0.24311 0.24813 0.24910 0.24894 0.24686 0.25049 0.25060 0.24708 0.24659 0.24447 0.24400 0.24405 0.23822 0.23656 0.23297 0.23158 0.23162 0.21919 0.21620 0.22087 0.22783 0.23338 0.23762 0.23607 0.22873 0.22259 0.22116 0.21638 0.21516 0.21395 0.21855 0.21536 0.20312 0.20032 0.19528 0.19117 0.18435 0.18007 0.19255 0.19906 0.20135 0.19998 0.19696 0.18979 0.18405 0.17644 0.17444 0.17115 0.16321 0.16047
0.21004 0.20879 0.23602 0.26274 0.26366 0.24559 0.24380 0.26100 0.23052 0.23355 0.24198 0.25560 0.25931 0.25921 0.25868 0.25697 0.24971 0.23789 0.23248 0.23894 0.24224 0.24588 0.25319 0.25431 0.25753 0.25699 0.25749 0.25962 0.25879 0.25668 0.25074 0.25193 0.25325 0.24351 0.24112 0.24058 0.23838 0.23043 0.22756 0.23155 0.23391 0.22948 0.21939 0.21834 0.22598 0.22885 0.23901 0.22711 0.22117 0.22273 0.22042 0.22546 0.21680 0.20554 0.20266 0.19231 0.20442 0.20792 0.20783 0.20820 0.20286 0.19352 0.18675 0.19791 0.18665 0.19058 0.19281 0.18769 0.18624 0.19340 0.18866 0.17232 0.16874
0.21060 0.20079 0.20047 0.23353 0.24925 0.25894 0.26134 0.27142 0.24993 0.21942 0.19969 0.19756 0.21562 0.23456 0.24813 0.26022 0.26059 0.26133 0.25901 0.26040 0.26008 0.26108 0.26263 0.26443 0.26301 0.26473 0.26450 0.26213 0.26062 0.25694 0.25304 0.24879 0.25690 0.24810 0.24145 0.23139 0.23971 0.24239 0.23217 0.22861 0.23506 0.23352 0.22469 0.22732 0.22710 0.23062 0.23750 0.23967 0.24002 0.23686 0.23059 0.22738 0.22526 0.22477 0.21001 0.20225 0.20741 0.19459 0.19787 0.20381 0.20466 0.21244 0.21451 0.21246 0.20348 0.19729 0.20032 0.19804 0.20032 0.20504 0.20029 0.18596 0.17741
0.20211 0.19967 0.20259 0.20687 0.20777 0.21957 0.23935 0.26049 0.27954 0.25888 0.24125 0.22195 0.20644 0.20264 0.20482 0.21458 0.23220 0.24020 0.25420 0.26150 0.26575 0.26800 0.27038 0.27036 0.27204 0.26972 0.26179 0.25490 0.26718 0.24343 0.23639 0.23622 0.24100 0.23857 0.23816 0.23464 0.24023 0.23810 0.23328 0.23197 0.23834 0.23011 0.22480 0.22249 0.22171 0.22455 0.22785 0.23325 0.21953 0.21541 0.20885 0.20810 0.21126 0.21370 0.19869 0.21093 0.21066 0.19951 0.20856 0.20942 0.21266 0.22587 0.22002 0.21966 0.20545 0.20959 0.21018 0.21148 0.21639 0.21330 0.20466 0.18651 0.18850
0.20573 0.20564 0.20575 0.20143 0.20480 0.21505 0.21777 0.23787 0.24560 0.24027 0.23988 0.24719 0.24062 0.23708 0.22717 0.21054 0.20650 0.21161 0.22354 0.23260 0.25358 0.26898 0.27769 0.27854 0.27902 0.26899 0.25610 0.25907 0.25916 0.25469 0.24040 0.24542 0.23610 0.25404 0.24913 0.24234 0.22724 0.23276 0.24111 0.24811 0.24067 0.23205 0.21609 0.21389 0.21108 0.21562 0.21651 0.20511 0.20008 0.20519 0.19908 0.19445 0.19978 0.19764 0.20956 0.20322 0.21750 0.22264 0.22449 0.23339 0.22955 0.23118 0.22017 0.22792 0.23443 0.23423 0.22946 0.22516 0.22977 0.22474 0.20520 0.19236 0.20113
0.22718 0.22873 0.21055 0.20891 0.20907 0.21099 0.21294 0.23235 0.25866 0.21360 0.21748 0.22996 0.20821 0.19779 0.20509 0.25478 0.22329 0.20341 0.20233 0.20997 0.22708 0.27477 0.28392 0.28930 0.28666 0.27969 0.26624 0.26923 0.26215 0.26051 0.25596 0.25594 0.26751 0.25939 0.24857 0.24629 0.23582 0.23165 0.22033 0.23354 0.23550 0.22724 0.24373 0.24152 0.22951 0.22099 0.21280 0.20850 0.20441 0.20858 0.21060 0.20892 0.20381 0.20079 0.20644 0.20461 0.22272 0.22833 0.24076 0.24453 0.23693 0.23121 0.24750 0.25191 0.25008 0.24747 0.24305 0.23807 0.23208 0.23204 0.21706 0.21709 0.21110
0.23012 0.23721 0.22911 0.22963 0.23061 0.22662 0.23251 0.23066 0.23582 0.22824 0.23187 0.24172 0.21991 0.21400 0.20378 0.20981 0.22566 0.23681 0.22622 0.22317 0.23537 0.24432 0.27036 0.28657 0.29241 0.28798 0.28137 0.28635 0.27081 0.27224 0.28077 0.26907 0.26225 0.26025 0.25517 0.25151 0.24544 0.23412 0.22092 0.22045 0.21985 0.22166 0.24490 0.24659 0.23501 0.22572 0.21862 0.20889 0.20709 0.21679 0.22090 0.20696 0.21405 0.21547 0.22032 0.22894 0.21425 0.22979 0.23585 0.24566 0.25082 0.26349 0.26652 0.26305 0.25659 0.24686 0.23424 0.23827 0.23744 0.23683 0.22893 0.22578 0.21635
0.22426 0.22548 0.22793 0.24118 0.24663 0.24942 0.25449 0.25926 0.24094 0.22290 0.23305 0.24724 0.24564 0.23111 0.22587 0.21906 0.21056 0.21387 0.22689 0.24513 0.25731 0.25286 0.25118 0.26104 0.28739 0.28643 0.28221 0.27241 0.27670 0.27383 0.28949 0.27994 0.26856 0.24902 0.24845 0.23162 0.24075 0.22051 0.20558 0.21716 0.21913 0.20745 0.21753 0.23293 0.23122 0.22655 0.22892 0.22275 0.21605 0.23368 0.24200 0.23825 0.23829 0.23799 0.23678 0.23012 0.23740 0.22976 0.24667 0.25007 0.25349 0.26052 0.26358 0.26668 0.26147 0.25338 0.24531 0.23235 0.23240 0.23378 0.23352 0.21934 0.21232
0.21886 0.21875 0.22453 0.23033 0.24025 0.25020 0.26624 0.25365 0.25410 0.24130 0.22558 0.23049 0.25115 0.25135 0.23446 0.22186 0.21199 0.21347 0.22392 0.22782 0.23555 0.24644 0.25313 0.26715 0.26629 0.27910 0.28767 0.28013 0.29061 0.27485 0.28187 0.25607 0.24435 0.25849 0.24060 0.22561 0.22957 0.23049 0.21650 0.21136 0.21109 0.21851 0.22087 0.22764 0.22877 0.22611 0.22918 0.22206 0.22598 0.22450 0.22872 0.22498 0.22354 0.22723 0.23108 0.24403 0.25319 0.26083 0.26381 0.26203 0.26161 0.26405 0.26518 0.26345 0.26212 0.25583 0.23501 0.22495 0.22540 0.22736 0.23079 0.22941 0.23238
0.21870 0.22015 0.21962 0.23469 0.24008 0.25932 0.26125 0.27024 0.28521 0.27198 0.25543 0.23156 0.23776 0.23766 0.23212 0.24014 0.23333 0.23717 0.21517 0.23268 0.24416 0.25298 0.25981 0.25501 0.24559 0.26781 0.28699 0.29581 0.26980 0.27318 0.27426 0.25181 0.23758 0.25283 0.24003 0.23101 0.22040 0.22114 0.22073 0.21674 0.22254 0.22124 0.22563 0.22231 0.23964 0.23517 0.23146 0.23018 0.23127 0.22974 0.23544 0.24260 0.23870 0.24715 0.24399 0.25172 0.26221 0.26386 0.26645 0.26212 0.26296 0.25910 0.23849 0.24466 0.23750 0.23883 0.23352 0.24178 0.23801 0.23390 0.23104 0.22337 0.21888
0.22344 0.21640 0.21905 0.20744 0.22360 0.24119 0.24780 0.25341 0.26667 0.25512 0.26101 0.24770 0.22789 0.23511 0.24945 0.25332 0.24311 0.24541 0.24707 0.23035 0.23546 0.25217 0.26766 0.28405 0.27409 0.28164 0.30668 0.29323 0.28897 0.28014 0.26426 0.25406 0.24511 0.23603 0.24057 0.22940 0.21523 0.20958 0.22035 0.22469 0.21890 0.23388 0.24511 0.24959 0.26119 0.27310 0.26922 0.27305 0.27451 0.27564 0.27006 0.25966 0.25450 0.25082 0.25374 0.26526 0.26473 0.26700 0.26539 0.26259 0.24970 0.23433 0.22887 0.23216 0.23051 0.23174 0.23728 0.23881 0.23574 0.23359 0.22685 0.22546 0.22812
0.23004 0.23111 0.22348 0.22252 0.20183 0.22422 0.23652 0.23877 0.23621 0.23676 0.24491 0.22988 0.23225 0.24231 0.23989 0.24450 0.25102 0.24959 0.24505 0.23473 0.22180 0.24659 0.26961 0.27494 0.25827 0.27152 0.27414 0.26002 0.27551 0.28023 0.25922 0.25067 0.24236 0.24218 0.23577 0.23591 0.22281 0.21945 0.23133 0.24815 0.24052 0.25616 0.27979 0.27822 0.27349 0.27510 0.25938 0.26989 -9999 -9999 0.27534 0.27346 0.27421 0.26124 0.25912 0.26348 0.26440 0.25561 0.25278 0.23998 0.23692 0.22939 0.23581 0.22975 0.22262 0.21998 0.23347 0.23542 0.23598 0.23959 0.23244 0.23500 0.23911
0.23824 0.23287 0.23205 0.23694 0.22270 0.23863 0.23889 0.23488 0.22966 0.23641 0.23793 0.23582 0.23732 0.24378 0.22954 0.23976 0.24889 0.23854 0.24270 0.25080 0.24778 0.24592 0.22797 0.24373 0.24303 0.25860 0.25597 0.26043 0.25302 0.26917 0.25820 0.24631 0.23978 0.23884 0.23108 0.25136 0.27005 -9999 -9999 -9999 -9999 0.28560 -9999 0.26390 0.24569 0.25987 0.26127 0.28414 -9999 -9999 0.26827 0.26638 0.26980 0.26674 0.26897 0.26296 0.25632 0.24575 0.24622 0.24184 0.24076 0.24528 0.24143 0.22036 0.21944 0.22449 0.23900 0.24514 0.24676 0.25660 -9999 -9999 -9999
0.24586 0.23689 0.23895 0.25720 0.23399 0.24401 0.26462 0.26094 0.25792 0.25493 0.24089 0.23510 0.24289 0.25958 0.24483 0.23611 0.23325 0.23735 0.23059 0.24465 0.24190 0.24282 0.23933 0.24497 0.24122 0.24318 0.24906 0.25490 0.24877 0.24767 0.24485 0.24548 0.23597 0.24646 0.25582 -9999 -9999 -9999 -9999 -9999 -9999 -9999 0.27688 0.26901 0.26856 -9999 -9999 -9999 -9999 -9999 0.28129 0.26850 0.25023 0.25540 0.24622 0.25315 0.25613 0.24681 0.25638 0.25797 0.25185 0.24606 0.24825 0.25140 0.24489 0.23410 0.24508 0.26162 -9999 -9999 -9999 -9999 -9999
0.24371 0.25002 0.25978 0.27125 0.27069 0.25121 0.27444 0.28457 0.27593 0.27656 0.25995 0.27499 0.27310 0.27831 0.26256 0.25303 0.25435 0.24888 0.24871 0.24415 0.24085 0.23060 0.22835 0.23331 0.23232 0.23399 0.23300 0.23586 0.23951 0.23621 0.24238 0.25150 0.25349 0.28238 -9999 -9999 -9999 -9999 -9999 -9999 -9999 -9999 -9999 0.28324 -9999 -9999 -9999 -9999 0.29119 0.28166 0.27627 0.26143 0.25183 0.26055 0.26445 0.25867 0.25571 0.25803 0.26028 0.26270 0.26172 0.25099 0.25390 0.25009 0.25369 -9999 -9999 -9999 -9999 -9999 -9999 -9999 -9999
