data/hydroclimate-scenarios/1948-2000.Pcorr55N_Pref_Tref/monthly_summaries/vpd_monthly_avg_oct.asc
ncols	311
nrows	91
xllcenter	102.75
yllcenter	31.75
cellsize	0.5
NODATA_value	-9999
[rows 0 to 32 of 91, columns 0 to 72 of 311]
-9999 -9999 -9999 -9999 -9999 -9999 -9999 -9999 -9999 -9999 -9999 -9999 -9999 -9999 -9999 -9999 -9999 -9999 -9999 -9999 -9999 -9999 -9999 -9999 -9999 -9999 -9999 -9999 -9999 -9999 -9999 -9999 -9999 -9999 -9999 -9999 -9999 -9999 -9999 -9999 -9999 -9999 -9999 -9999 -9999 -9999 -9999 -9999 -9999 -9999 -9999 -9999 -9999 -9999 -9999 -9999 -9999 -9999 -9999 -9999 -9999 -9999 -9999 -9999 -9999 -9999 -9999 -9999 -9999 -9999 -9999 -9999 -9999
-9999 -9999 -9999 -9999 -9999 -9999 -9999 -9999 -9999 -9999 -9999 -9999 -9999 -9999 -9999 -9999 -9999 -9999 -9999 -9999 -9999 -9999 -9999 -9999 -9999 -9999 -9999 -9999 -9999 -9999 -9999 -9999 -9999 -9999 -9999 -9999 -9999 -9999 -9999 -9999 -9999 -9999 -9999 -9999 -9999 -9999 -9999 -9999 -9999 -9999 -9999 -9999 -9999 -9999 -9999 -9999 -9999 -9999 -9999 -9999 -9999 -9999 -9999 -9999 -9999 -9999 -9999 -9999 -9999 -9999 -9999 -9999 -9999
-9999 -9999 -9999 -9999 -9999 -9999 -9999 -9999 -9999 -9999 -9999 -9999 -9999 -9999 -9999 -9999 -9999 -9999 -9999 -9999 -9999 -9999 -9999 -9999 -9999 -9999 -9999 -9999 -9999 -9999 -9999 -9999 -9999 -9999 -9999 -9999 -9999 -9999 -9999 -9999 -9999 -9999 -9999 -9999 -9999 -9999 -9999 -9999 -9999 -9999 -9999 -9999 -9999 -9999 -9999 -9999 -9999 -9999 -9999 -9999 -9999 -9999 -9999 -9999 -9999 -9999 -9999 -9999 -9999 -9999 -9999 -9999 -9999
-9999 -9999 -9999 -9999 -9999 -9999 -9999 -9999 -9999 -9999 -9999 -9999 -9999 -9999 -9999 -9999 -9999 -9999 -9999 -9999 -9999 -9999 -9999 -9999 -9999 -9999 -9999 -9999 -9999 -9999 -9999 -9999 -9999 -9999 -9999 -9999 -9999 -9999 -9999 -9999 -9999 -9999 -9999 -9999 -9999 -9999 -9999 -9999 -9999 -9999 -9999 -9999 -9999 -9999 -9999 -9999 -9999 -9999 -9999 -9999 -9999 -9999 -9999 -9999 -9999 -9999 -9999 -9999 -9999 -9999 -9999 -9999 -9999
-9999 -9999 -9999 -9999 -9999 -9999 -9999 -9999 -9999 -9999 -9999 -9999 -9999 -9999 -9999 -9999 -9999 -9999 -9999 -9999 -9999 -9999 -9999 -9999 -9999 -9999 -9999 -9999 -9999 -9999 -9999 -9999 -9999 -9999 -9999 -9999 -9999 -9999 -9999 -9999 -9999 -9999 -9999 -9999 -9999 -9999 -9999 -9999 -9999 -9999 -9999 -9999 -9999 -9999 -9999 -9999 -9999 -9999 -9999 -9999 -9999 -9999 -9999 -9999 -9999 -9999 -9999 -9999 -9999 -9999 -9999 -9999 -9999
-9999 -9999 -9999 -9999 -9999 -9999 -9999 -9999 -9999 -9999 -9999 -9999 -9999 -9999 -9999 -9999 -9999 -9999 -9999 -9999 -9999 -9999 -9999 -9999 -9999 -9999 -9999 -9999 -9999 -9999 -9999 -9999 -9999 -9999 -9999 -9999 -9999 -9999 -9999 -9999 -9999 -9999 -9999 -9999 -9999 -9999 -9999 -9999 -9999 -9999 -9999 -9999 -9999 -9999 -9999 -9999 -9999 -9999 -9999 -9999 -9999 -9999 -9999 -9999 -9999 -9999 -9999 -9999 -9999 -9999 -9999 -9999 -9999
-9999 -9999 -9999 -9999 -9999 -9999 -9999 -9999 -9999 -9999 -9999 -9999 -9999 -9999 -9999 -9999 -9999 -9999 -9999 -9999 -9999 -9999 -9999 -9999 -9999 -9999 -9999 -9999 -9999 -9999 -9999 -9999 -9999 -9999 -9999 -9999 -9999 -9999 -9999 -9999 -9999 -9999 -9999 -9999 -9999 -9999 -9999 -9999 -9999 -9999 -9999 -9999 -9999 -9999 -9999 -9999 -9999 -9999 -9999 -9999 -9999 -9999 -9999 -9999 -9999 -9999 -9999 -9999 -9999 -9999 -9999 -9999 -9999
-9999 -9999 -9999 -9999 -9999 -9999 -9999 -9999 -9999 -9999 -9999 -9999 -9999 -9999 -9999 -9999 -9999 -9999 -9999 -9999 -9999 -9999 -9999 -9999 -9999 -9999 -9999 -9999 -9999 -9999 -9999 -9999 -9999 -9999 -9999 -9999 -9999 -9999 -9999 -9999 -9999 -9999 0.04181 0.04129 0.04141 0.04153 0.04237 0.04173 0.04194 0.04153 0.04214 0.04267 -9999 -9999 -9999 -9999 -9999 -9999 -9999 -9999 -9999 -9999 -9999 -9999 -9999 -9999 -9999 -9999 -9999 -9999 -9999 -9999 -9999
-9999 -9999 -9999 -9999 -9999 -9999 -9999 -9999 -9999 -9999 -9999 -9999 -9999 -9999 -9999 -9999 -9999 -9999 -9999 -9999 -9999 -9999 -9999 -9999 -9999 -9999 -9999 -9999 -9999 -9999 -9999 -9999 -9999 -9999 -9999 -9999 -9999 -9999 0.04329 0.04202 0.04174 0.04297 0.04168 0.04287 0.04319 0.04334 0.04393 0.04409 0.04339 0.04418 0.04513 0.04535 0.04551 0.06084 -9999 -9999 -9999 -9999 -9999 -9999 -9999 -9999 -9999 -9999 -9999 -9999 -9999 -9999 -9999 -9999 -9999 -9999 -9999
-9999 -9999 -9999 -9999 -9999 -9999 -9999 -9999 -9999 -9999 -9999 -9999 -9999 -9999 -9999 -9999 -9999 -9999 -9999 -9999 -9999 -9999 -9999 -9999 -9999 -9999 -9999 -9999 -9999 -9999 -9999 -9999 -9999 -9999 -9999 -9999 -9999 -9999 -9999 -9999 0.04373 0.04428 0.04276 0.04285 0.04323 0.04302 0.04381 0.04589 0.04514 0.04555 0.04574 0.04724 0.04737 0.06166 -9999 -9999 -9999 -9999 -9999 -9999 -9999 -9999 -9999 -9999 -9999 -9999 -9999 -9999 -9999 -9999 -9999 -9999 -9999
-9999 -9999 -9999 -9999 -9999 -9999 -9999 -9999 -9999 -9999 -9999 -9999 -9999 -9999 -9999 -9999 -9999 -9999 -9999 -9999 -9999 -9999 -9999 -9999 -9999 -9999 -9999 -9999 -9999 -9999 -9999 -9999 -9999 -9999 -9999 -9999 -9999 -9999 -9999 -9999 -9999 -9999 -9999 -9999 0.04526 0.04489 0.04329 0.04450 0.04530 0.04694 0.04717 0.04669 0.04975 0.06466 -9999 -9999 -9999 -9999 -9999 -9999 0.05361 -9999 -9999 -9999 -9999 -9999 -9999 -9999 -9999 -9999 -9999 -9999 -9999
-9999 -9999 -9999 -9999 -9999 -9999 -9999 -9999 -9999 -9999 -9999 -9999 -9999 -9999 -9999 -9999 -9999 -9999 -9999 -9999 -9999 -9999 -9999 -9999 -9999 -9999 -9999 -9999 -9999 -9999 -9999 -9999 -9999 -9999 -9999 -9999 -9999 -9999 -9999 -9999 -9999 0.04424 0.04417 0.04435 0.04435 0.04745 0.04555 0.04498 0.04664 0.04894 0.04713 0.04818 0.05087 0.05251 -9999 -9999 -9999 -9999 -9999 0.05571 0.05478 0.05583 0.05541 0.05468 0.05528 0.05436 0.05390 0.05383 0.05483 0.05494 0.05588 0.05486 0.05432
-9999 -9999 -9999 -9999 -9999 -9999 -9999 -9999 -9999 -9999 -9999 -9999 -9999 -9999 -9999 -9999 -9999 -9999 -9999 -9999 -9999 -9999 -9999 -9999 -9999 -9999 -9999 -9999 -9999 -9999 -9999 -9999 -9999 -9999 -9999 -9999 -9999 -9999 -9999 -9999 -9999 0.04639 0.04589 0.04662 0.04928 0.04911 0.04962 0.04968 0.04944 0.05079 0.05012 0.04861 0.04833 0.05155 0.05343 0.05280 0.05613 -9999 0.05852 0.05800 0.05815 0.05692 0.05651 0.05441 0.05489 0.05544 0.05544 0.05587 0.05637 0.05626 0.05674 0.05661 0.05661
-9999 -9999 -9999 -9999 -9999 -9999 -9999 -9999 -9999 -9999 -9999 -9999 -9999 -9999 -9999 -9999 -9999 -9999 -9999 -9999 -9999 -9999 -9999 -9999 -9999 -9999 -9999 -9999 -9999 -9999 -9999 -9999 -9999 -9999 -9999 0.05257 0.05126 0.04968 0.04907 0.04994 0.05177 0.05032 0.05043 0.05138 0.05190 0.05178 0.05237 0.05242 0.05127 0.05141 0.04916 0.04829 0.04526 0.04880 0.04938 0.04882 0.05312 0.05627 0.05938 0.05979 0.05993 0.05816 0.05779 0.05138 0.05277 0.05616 0.05568 0.05656 0.05741 0.05742 0.05733 0.05778 0.05618
-9999 -9999 -9999 -9999 -9999 -9999 -9999 -9999 -9999 -9999 -9999 -9999 -9999 -9999 -9999 -9999 -9999 -9999 -9999 -9999 -9999 -9999 -9999 -9999 -9999 -9999 -9999 -9999 -9999 -9999 -9999 -9999 -9999 -9999 0.05625 0.05300 0.05339 0.05224 0.05249 0.05424 0.05508 0.05392 0.05403 0.05402 0.05483 0.05404 0.05487 0.05384 0.05147 0.04868 0.04652 0.04721 0.04388 0.04425 0.04512 0.04967 0.05420 0.05630 0.06138 0.06082 0.05897 0.05491 0.05358 0.05121 0.05642 0.05784 0.05733 0.05583 0.05164 0.05329 0.05102 0.05094 0.04996
-9999 -9999 -9999 -9999 -9999 -9999 -9999 -9999 -9999 -9999 -9999 -9999 -9999 -9999 -9999 -9999 -9999 -9999 -9999 -9999 -9999 -9999 -9999 -9999 -9999 -9999 -9999 -9999 -9999 -9999 -9999 -9999 -9999 0.05862 0.05830 0.05620 0.05593 0.05507 0.05548 0.05729 0.05653 0.05618 0.05614 0.05676 0.05690 0.05667 0.05559 0.05460 0.04829 0.04566 0.04323 0.04171 0.03774 0.04294 0.04729 0.05077 0.05267 0.05850 0.06179 0.05968 0.05775 0.05811 0.05982 0.06076 0.06032 0.05855 0.05598 0.05551 0.05409 0.05434 0.05240 0.05278 0.05184
-9999 -9999 -9999 -9999 -9999 -9999 -9999 -9999 -9999 -9999 -9999 -9999 -9999 -9999 -9999 -9999 -9999 -9999 -9999 -9999 -9999 -9999 -9999 -9999 -9999 -9999 -9999 -9999 -9999 -9999 -9999 0.06477 0.06344 0.06150 0.06112 0.05997 0.06092 0.05991 0.05953 0.06098 0.05978 0.06033 0.05863 0.05979 0.05888 0.05878 0.05780 0.05676 0.05316 0.04938 0.04504 0.04348 0.03732 0.04185 0.04647 0.05095 0.05711 0.05775 0.05553 0.05718 0.06041 0.06228 0.06124 0.06490 0.06264 0.05908 0.05911 0.06017 0.05894 0.05303 0.05013 0.04788 0.05367
-9999 -9999 -9999 -9999 -9999 -9999 -9999 -9999 -9999 -9999 -9999 -9999 -9999 -9999 -9999 -9999 -9999 -9999 -9999 -9999 -9999 -9999 -9999 -9999 -9999 -9999 -9999 -9999 -9999 0.06933 0.06810 0.06577 0.06486 0.06321 0.06398 0.06348 0.06313 0.06266 0.06245 0.06370 0.06305 0.06240 0.06311 0.06295 0.06158 0.05877 0.05878 0.05621 0.04911 0.04679 0.04422 0.04009 0.03845 0.04415 0.04501 0.04979 0.05727 0.05744 0.06072 0.06379 0.06354 0.06207 0.06219 0.06185 0.06398 0.06196 0.05758 0.05466 0.05308 0.05349 0.05533 0.04789 0.03960
-9999 -9999 -9999 -9999 -9999 -9999 -9999 -9999 -9999 -9999 -9999 -9999 -9999 -9999 -9999 -9999 -9999 -9999 -9999 -9999 -9999 -9999 -9999 -9999 0.07051 0.07021 0.07186 0.07317 0.07176 0.07024 0.06834 0.06959 0.06871 0.06934 0.06718 0.06816 0.06680 0.06544 0.06531 0.06514 0.06584 0.06475 0.06554 0.06619 0.06567 0.06331 0.06294 0.05642 0.05094 0.04781 0.04753 0.04106 0.04132 0.04617 0.05050 0.05456 0.05922 0.06109 0.06082 0.06480 0.06741 0.06799 0.06927 0.06808 0.06718 0.06236 0.06378 0.06540 0.06243 0.05761 0.04774 0.04582 0.04153
-9999 -9999 -9999 -9999 -9999 -9999 0.07912 0.08084 0.08201 0.08231 0.08227 -9999 -9999 -9999 -9999 -9999 -9999 -9999 -9999 -9999 -9999 0.07517 0.07105 0.07093 0.07142 0.07068 0.07184 0.07203 0.07184 0.07253 0.07223 0.07295 0.07033 0.07111 0.07057 0.07042 0.06889 0.06923 0.06818 0.06752 0.06719 0.06769 0.06659 0.06816 0.06752 0.06587 0.06494 0.05967 0.05330 0.05010 0.04650 0.04452 0.04288 0.04758 0.05474 0.05915 0.05993 0.06275 0.06647 0.07075 0.06995 0.06943 0.06626 0.06337 0.06151 0.06802 0.07025 0.06536 0.06351 0.06386 0.06106 0.05052 0.04579
-9999 -9999 -9999 -9999 -9999 0.08239 0.08110 0.07882 0.08201 0.08097 0.08167 0.07627 0.07684 0.07437 -9999 -9999 -9999 0.07611 0.07380 0.07452 0.07398 0.07363 0.07304 0.07458 0.07307 0.07496 0.07394 0.07617 0.07587 0.07687 0.07783 0.07794 0.07778 0.07798 0.07640 0.07504 0.07486 0.07343 0.07239 0.07123 0.07013 0.07106 0.07047 0.07181 0.06992 0.06865 0.06434 0.05628 0.05294 0.05049 0.04793 0.04705 0.04834 0.05374 0.05615 0.05777 0.05837 0.06419 0.07081 0.06910 0.07120 0.06832 0.06644 0.06702 0.06130 0.05541 0.05776 0.05847 0.06144 0.06074 0.06011 0.05256 0.04907
-9999 0.08507 0.08523 0.08617 0.08445 0.08522 0.08321 0.08413 0.08214 0.08321 0.08179 0.07901 0.07775 0.07768 0.07902 0.08048 0.08298 0.07870 0.07639 0.07891 0.07890 0.07981 0.07934 0.08021 0.08138 0.07882 0.07866 0.08014 0.07806 0.07948 0.08120 0.08263 0.08214 0.08154 0.08134 0.07918 0.07899 0.07704 0.07656 0.07565 0.07541 0.07513 0.07443 0.07596 0.07521 0.07230 0.06844 0.06259 0.05877 0.05509 0.05201 0.04752 0.04937 0.04810 0.05081 0.05392 0.05899 0.06803 0.06655 0.06896 0.07228 0.06744 0.06250 0.06355 0.05850 0.05790 0.06148 0.05789 0.06202 0.05651 0.05118 0.04567 0.04677
-9999 0.08456 0.08833 0.08774 0.08864 0.08969 0.08896 0.08921 0.08841 0.08595 0.08634 0.08290 0.07963 0.08136 0.07995 0.08006 0.07995 0.07854 0.07939 0.08167 0.08043 0.08073 0.08005 0.08436 0.08436 0.08558 0.08447 0.08357 0.08423 0.08401 0.08501 0.08623 0.08631 0.08658 0.08445 0.08319 0.08157 0.08161 0.08121 0.07743 0.07853 0.07815 0.07743 0.07859 0.07828 0.07697 0.07569 0.06826 0.06372 0.05967 0.05892 0.05257 0.05180 0.04586 0.04659 0.05441 0.05839 0.06264 0.06510 0.06319 0.06620 0.06342 0.06189 0.06373 0.06092 0.05955 0.05768 0.06052 0.06034 0.05956 0.05895 0.05199 0.04714
-9999 -9999 -9999 0.08711 0.08803 0.09120 0.09139 0.09299 0.09164 0.09397 0.08951 0.09211 0.08898 0.08887 0.08537 0.08542 0.08518 0.08683 0.08524 0.08338 0.08358 0.08459 0.08318 0.08650 0.08780 0.08990 0.08979 0.08984 0.09200 0.09185 0.09083 0.09096 0.08982 0.09136 0.08888 0.08862 0.08783 0.08628 0.08442 0.08338 0.08276 0.08252 0.08206 0.08242 0.08163 0.08195 0.07904 0.07390 0.07123 0.06723 0.06213 0.05693 0.05275 0.04957 0.05228 0.05356 0.05939 0.06218 0.06117 0.06157 0.06720 0.06231 0.06119 0.06029 0.06197 0.06334 0.06544 0.06227 0.05929 0.05689 0.05672 0.05471 0.05371
-9999 -9999 -9999 -9999 -9999 -9999 0.09467 0.09587 0.09357 0.09614 0.09557 0.09381 0.09376 0.09615 0.09386 0.09285 0.09089 0.09079 0.09238 0.09152 0.09087 0.08970 0.09034 0.09200 0.09265 0.09228 0.09373 0.09711 0.09793 0.09797 0.09730 0.09603 0.09531 0.09425 0.09386 0.09282 0.09134 0.08952 0.08850 0.08769 0.08549 0.08495 0.08542 0.08652 0.08681 0.08647 0.08536 0.07779 0.07549 0.06969 0.06162 0.05491 0.05411 0.06001 0.05605 0.05520 0.05822 0.05648 0.05369 0.05753 0.05559 0.05560 0.05519 0.05528 0.05841 0.05822 0.06461 0.06236 0.05943 0.05865 0.05694 0.05654 0.05688
-9999 -9999 -9999 -9999 -9999 -9999 0.10031 0.09980 0.10046 0.09777 0.09934 0.09883 0.09838 0.10007 0.09817 0.09728 0.09605 0.09659 0.09300 0.09366 0.09273 0.09306 0.09326 0.09457 0.09561 0.09912 0.10235 0.10353 0.10355 0.10388 0.10185 0.10091 0.10193 0.10078 0.09817 0.09731 0.09704 0.09617 0.09609 0.09138 0.09105 0.09071 0.08899 0.08924 0.09089 0.09059 0.09060 0.08890 0.08674 0.08290 0.07606 0.07161 0.06754 0.06482 0.06437 0.07030 0.06692 0.06215 0.06507 0.06213 0.05364 0.05504 0.05516 0.05763 0.05707 0.06344 0.06389 0.06565 0.06548 0.06460 0.05851 0.05760 0.05697
-9999 -9999 -9999 -9999 -9999 -9999 -9999 -9999 -9999 -9999 0.10703 0.10227 0.10095 0.10828 0.10407 0.10108 0.10001 0.09798 0.09985 0.09877 0.09888 0.09798 0.09962 0.09956 0.10052 0.10061 0.10336 0.10791 0.10915 0.10827 0.10748 0.10657 0.10558 0.10519 0.10456 0.10557 0.10219 0.10383 0.10270 0.09878 0.09731 0.09693 0.09591 0.09469 0.09514 0.09470 0.09472 0.09388 0.09541 0.09362 0.09398 0.09330 0.09012 0.09126 0.09070 0.09307 0.09014 0.08798 0.08508 0.08155 0.08163 0.07564 0.07386 0.06988 0.06801 0.07297 0.07340 0.07272 0.06893 0.06995 0.06506 0.05719 0.05376
-9999 -9999 -9999 -9999 -9999 -9999 -9999 -9999 -9999 -9999 0.11665 0.11353 0.10751 0.11176 0.11121 0.10391 0.10443 0.10407 0.10291 0.10188 0.10159 0.10057 0.09981 0.10251 0.10367 0.10749 0.11146 0.11320 0.11538 0.11370 0.11276 0.11322 0.11206 0.11248 0.10919 0.10893 0.10723 0.10594 0.10253 0.10205 0.10104 0.09982 0.09795 0.09790 0.09703 0.09767 0.09852 0.09702 0.09727 0.09625 0.09909 0.09670 0.09896 0.09765 0.09945 0.09881 0.09864 0.09715 0.09784 0.09137 0.09137 0.09143 0.09144 0.09211 0.09212 0.09193 0.08952 0.08771 0.08543 0.07408 0.07099 0.06696 0.06246
-9999 -9999 -9999 -9999 -9999 -9999 -9999 -9999 -9999 -9999 -9999 -9999 0.11802 0.11160 0.10909 0.11095 0.11203 0.11565 0.10967 0.11117 0.11017 0.10931 0.11045 0.11055 0.11369 0.11693 0.11741 0.11855 0.11872 0.12051 0.12066 0.11829 0.11767 0.11474 0.11517 0.11272 0.10976 0.10717 0.10542 0.10448 0.10260 0.10200 0.10113 0.09957 0.10024 0.09974 0.09948 0.09992 0.09923 0.10094 0.10036 0.09991 0.10052 0.09910 0.10426 0.10359 0.10363 0.09928 0.09763 0.09489 0.09492 0.09405 0.09317 0.09413 0.09578 0.09443 0.09416 0.09510 0.09033 0.08445 0.07260 0.06508 0.06555
-9999 -9999 -9999 -9999 -9999 -9999 -9999 -9999 -9999 -9999 -9999 -9999 0.12426 0.12003 0.11669 0.11701 0.11893 0.11755 0.11388 0.11271 0.11259 0.11021 0.11176 0.11773 0.11636 0.11974 0.12101 0.12349 0.12461 0.12549 0.12667 0.12406 0.12315 0.11869 0.11512 0.11375 0.11014 0.10585 0.10713 0.10720 0.10664 0.10750 0.10679 0.10526 0.10477 0.10299 0.10306 0.10357 0.10357 0.10245 0.10258 0.10345 0.10490 0.10570 0.10744 0.10808 0.10705 0.10174 0.10179 0.09817 0.09883 0.09723 0.09703 0.09815 0.09947 0.09822 0.09868 0.09543 0.09097 0.08222 0.07760 0.07692 0.07204
-9999 -9999 -9999 -9999 -9999 -9999 -9999 -9999 -9999 -9999 -9999 0.13086 0.12540 0.12832 0.12739 0.11822 0.11587 0.11533 0.11302 0.11320 0.11889 0.11262 0.11524 0.11529 0.11760 0.11886 0.12050 0.12398 0.12836 0.13014 0.12988 0.12791 0.12674 0.12445 0.12160 0.12234 0.11707 0.11462 0.11041 0.10648 0.10640 0.10553 0.10489 0.10549 0.10603 0.10783 0.10771 0.10872 0.10798 0.10845 0.10903 0.10835 0.10891 0.11069 0.11343 0.11251 0.10968 0.10607 0.10526 0.10293 0.10374 0.10273 0.10250 0.10234 0.10195 0.10125 0.09949 0.09321 0.08731 0.07847 0.07084 0.06862 0.07470
-9999 -9999 -9999 -9999 -9999 -9999 -9999 -9999 -9999 -9999 -9999 0.13488 0.13424 0.13081 0.12984 0.12332 0.12114 0.11873 0.11731 0.11520 0.11800 0.11725 0.11932 0.12181 0.12231 0.12375 0.12489 0.12594 0.13177 0.13088 0.12933 0.13012 0.12801 0.12529 0.12436 0.12325 0.12408 0.11690 0.11182 0.11304 0.11225 0.10985 0.10739 0.10619 0.10722 0.10885 0.11060 0.11160 0.11332 0.11469 0.11481 0.11475 0.11526 0.11445 0.11279 0.11312 0.11035 0.11022 0.10929 0.10778 0.10594 0.10516 0.10596 0.10540 0.10429 0.10716 0.10014 0.09773 0.08732 0.07776 0.07899 0.07977 0.07906
-9999 -9999 -9999 -9999 -9999 -9999 -9999 -9999 -9999 -9999 -9999 0.13532 0.13240 0.13183 0.13034 0.12601 0.12428 0.12311 0.12248 0.12208 0.12116 0.12195 0.12625 0.12456 0.12793 0.13045 0.12719 0.13128 0.13221 0.13525 0.13288 0.13129 0.13079 0.12910 0.12525 0.12762 0.12545 0.12580 0.12239 0.12016 0.11721 0.11823 0.11722 0.11460 0.11317 0.11329 0.11144 0.10881 0.10799 0.10964 0.11072 0.10983 0.10983 0.10932 0.11100 0.11286 0.11383 0.11334 0.11329 0.11124 0.11016 0.11000 0.10982 0.11023 0.11218 0.11462 0.10914 0.10249 0.09472 0.08874 0.09304 0.08051 0.08113
