data/hydroclimate-scenarios/1948-2000.Pcorr55N_Pref_Tref/monthly_summaries/vpd_monthly_avg_apr.asc
ncols	311
nrows	91
xllcenter	102.75
yllcenter	31.75
cellsize	0.5
NODATA_value	-9999
[rows 0 to 32 of 91, columns 0 to 72 of 311]
-9999 -9999 -9999 -9999 -9999 -9999 -9999 -9999 -9999 -9999 -9999 -9999 -9999 -9999 -9999 -9999 -9999 -9999 -9999 -9999 -9999 -9999 -9999 -9999 -9999 -9999 -9999 -9999 -9999 -9999 -9999 -9999 -9999 -9999 -9999 -9999 -9999 -9999 -9999 -9999 -9999 -9999 -9999 -9999 -9999 -9999 -9999 -9999 -9999 -9999 -9999 -9999 -9999 -9999 -9999 -9999 -9999 -9999 -9999 -9999 -9999 -9999 -9999 -9999 -9999 -9999 -9999 -9999 -9999 -9999 -9999 -9999 -9999
-9999 -9999 -9999 -9999 -9999 -9999 -9999 -9999 -9999 -9999 -9999 -9999 -9999 -9999 -9999 -9999 -9999 -9999 -9999 -9999 -9999 -9999 -9999 -9999 -9999 -9999 -9999 -9999 -9999 -9999 -9999 -9999 -9999 -9999 -9999 -9999 -9999 -9999 -9999 -9999 -9999 -9999 -9999 -9999 -9999 -9999 -9999 -9999 -9999 -9999 -9999 -9999 -9999 -9999 -9999 -9999 -9999 -9999 -9999 -9999 -9999 -9999 -9999 -9999 -9999 -9999 -9999 -9999 -9999 -9999 -9999 -9999 -9999
-9999 -9999 -9999 -9999 -9999 -9999 -9999 -9999 -9999 -9999 -9999 -9999 -9999 -9999 -9999 -9999 -9999 -9999 -9999 -9999 -9999 -9999 -9999 -9999 -9999 -9999 -9999 -9999 -9999 -9999 -9999 -9999 -9999 -9999 -9999 -9999 -9999 -9999 -9999 -9999 -9999 -9999 -9999 -9999 -9999 -9999 -9999 -9999 -9999 -9999 -9999 -9999 -9999 -9999 -9999 -9999 -9999 -9999 -9999 -9999 -9999 -9999 -9999 -9999 -9999 -9999 -9999 -9999 -9999 -9999 -9999 -9999 -9999
-9999 -9999 -9999 -9999 -9999 -9999 -9999 -9999 -9999 -9999 -9999 -9999 -9999 -9999 -9999 -9999 -9999 -9999 -9999 -9999 -9999 -9999 -9999 -9999 -9999 -9999 -9999 -9999 -9999 -9999 -9999 -9999 -9999 -9999 -9999 -9999 -9999 -9999 -9999 -9999 -9999 -9999 -9999 -9999 -9999 -9999 -9999 -9999 -9999 -9999 -9999 -9999 -9999 -9999 -9999 -9999 -9999 -9999 -9999 -9999 -9999 -9999 -9999 -9999 -9999 -9999 -9999 -9999 -9999 -9999 -9999 -9999 -9999
-9999 -9999 -9999 -9999 -9999 -9999 -9999 -9999 -9999 -9999 -9999 -9999 -9999 -9999 -9999 -9999 -9999 -9999 -9999 -9999 -9999 -9999 -9999 -9999 -9999 -9999 -9999 -9999 -9999 -9999 -9999 -9999 -9999 -9999 -9999 -9999 -9999 -9999 -9999 -9999 -9999 -9999 -9999 -9999 -9999 -9999 -9999 -9999 -9999 -9999 -9999 -9999 -9999 -9999 -9999 -9999 -9999 -9999 -9999 -9999 -9999 -9999 -9999 -9999 -9999 -9999 -9999 -9999 -9999 -9999 -9999 -9999 -9999
-9999 -9999 -9999 -9999 -9999 -9999 -9999 -9999 -9999 -9999 -9999 -9999 -9999 -9999 -9999 -9999 -9999 -9999 -9999 -9999 -9999 -9999 -9999 -9999 -9999 -9999 -9999 -9999 -9999 -9999 -9999 -9999 -9999 -9999 -9999 -9999 -9999 -9999 -9999 -9999 -9999 -9999 -9999 -9999 -9999 -9999 -9999 -9999 -9999 -9999 -9999 -9999 -9999 -9999 -9999 -9999 -9999 -9999 -9999 -9999 -9999 -9999 -9999 -9999 -9999 -9999 -9999 -9999 -9999 -9999 -9999 -9999 -9999
-9999 -9999 -9999 -9999 -9999 -9999 -9999 -9999 -9999 -9999 -9999 -9999 -9999 -9999 -9999 -9999 -9999 -9999 -9999 -9999 -9999 -9999 -9999 -9999 -9999 -9999 -9999 -9999 -9999 -9999 -9999 -9999 -9999 -9999 -9999 -9999 -9999 -9999 -9999 -9999 -9999 -9999 -9999 -9999 -9999 -9999 -9999 -9999 -9999 -9999 -9999 -9999 -9999 -9999 -9999 -9999 -9999 -9999 -9999 -9999 -9999 -9999 -9999 -9999 -9999 -9999 -9999 -9999 -9999 -9999 -9999 -9999 -9999
-9999 -9999 -9999 -9999 -9999 -9999 -9999 -9999 -9999 -9999 -9999 -9999 -9999 -9999 -9999 -9999 -9999 -9999 -9999 -9999 -9999 -9999 -9999 -9999 -9999 -9999 -9999 -9999 -9999 -9999 -9999 -9999 -9999 -9999 -9999 -9999 -9999 -9999 -9999 -9999 -9999 -9999 0.08112 0.08005 0.08010 0.08085 0.08099 0.08198 0.08325 0.08298 0.08514 0.08536 -9999 -9999 -9999 -9999 -9999 -9999 -9999 -9999 -9999 -9999 -9999 -9999 -9999 -9999 -9999 -9999 -9999 -9999 -9999 -9999 -9999
-9999 -9999 -9999 -9999 -9999 -9999 -9999 -9999 -9999 -9999 -9999 -9999 -9999 -9999 -9999 -9999 -9999 -9999 -9999 -9999 -9999 -9999 -9999 -9999 -9999 -9999 -9999 -9999 -9999 -9999 -9999 -9999 -9999 -9999 -9999 -9999 -9999 -9999 0.08173 0.07693 0.08069 0.08124 0.08074 0.08253 0.08383 0.08369 0.08436 0.08560 0.08744 0.08855 0.09090 0.09112 0.09344 0.11027 -9999 -9999 -9999 -9999 -9999 -9999 -9999 -9999 -9999 -9999 -9999 -9999 -9999 -9999 -9999 -9999 -9999 -9999 -9999
-9999 -9999 -9999 -9999 -9999 -9999 -9999 -9999 -9999 -9999 -9999 -9999 -9999 -9999 -9999 -9999 -9999 -9999 -9999 -9999 -9999 -9999 -9999 -9999 -9999 -9999 -9999 -9999 -9999 -9999 -9999 -9999 -9999 -9999 -9999 -9999 -9999 -9999 -9999 -9999 0.08587 0.08519 0.08162 0.07993 0.08160 0.08198 0.08514 0.09092 0.09180 0.09078 0.09190 0.09564 0.09684 0.11483 -9999 -9999 -9999 -9999 -9999 -9999 -9999 -9999 -9999 -9999 -9999 -9999 -9999 -9999 -9999 -9999 -9999 -9999 -9999
-9999 -9999 -9999 -9999 -9999 -9999 -9999 -9999 -9999 -9999 -9999 -9999 -9999 -9999 -9999 -9999 -9999 -9999 -9999 -9999 -9999 -9999 -9999 -9999 -9999 -9999 -9999 -9999 -9999 -9999 -9999 -9999 -9999 -9999 -9999 -9999 -9999 -9999 -9999 -9999 -9999 -9999 -9999 -9999 0.08760 0.08652 0.08302 0.08453 0.08920 0.09337 0.09383 0.08912 0.09866 0.11577 -9999 -9999 -9999 -9999 -9999 -9999 0.11145 -9999 -9999 -9999 -9999 -9999 -9999 -9999 -9999 -9999 -9999 -9999 -9999
-9999 -9999 -9999 -9999 -9999 -9999 -9999 -9999 -9999 -9999 -9999 -9999 -9999 -9999 -9999 -9999 -9999 -9999 -9999 -9999 -9999 -9999 -9999 -9999 -9999 -9999 -9999 -9999 -9999 -9999 -9999 -9999 -9999 -9999 -9999 -9999 -9999 -9999 -9999 -9999 -9999 0.08658 0.08635 0.08455 0.08578 0.09392 0.08964 0.08865 0.09293 0.09646 0.09394 0.09192 0.10179 0.10484 -9999 -9999 -9999 -9999 -9999 0.11896 0.11711 0.11966 0.11873 0.11818 0.11791 0.11776 0.11444 0.11478 0.11532 0.11508 0.11312 0.11336 0.11069
-9999 -9999 -9999 -9999 -9999 -9999 -9999 -9999 -9999 -9999 -9999 -9999 -9999 -9999 -9999 -9999 -9999 -9999 -9999 -9999 -9999 -9999 -9999 -9999 -9999 -9999 -9999 -9999 -9999 -9999 -9999 -9999 -9999 -9999 -9999 -9999 -9999 -9999 -9999 -9999 -9999 0.09229 0.09089 0.09348 0.09865 0.10109 0.10317 0.10166 0.10368 0.10424 0.10230 0.09257 0.09432 0.09886 0.10514 0.10358 0.11388 -9999 0.12487 0.12508 0.12605 0.12672 0.12498 0.11957 0.11851 0.11996 0.12098 0.12163 0.12189 0.12019 0.12088 0.11992 0.11746
-9999 -9999 -9999 -9999 -9999 -9999 -9999 -9999 -9999 -9999 -9999 -9999 -9999 -9999 -9999 -9999 -9999 -9999 -9999 -9999 -9999 -9999 -9999 -9999 -9999 -9999 -9999 -9999 -9999 -9999 -9999 -9999 -9999 -9999 -9999 0.10806 0.10741 0.10116 0.09959 0.10394 0.10482 0.10475 0.10265 0.10547 0.10712 0.10841 0.10920 0.11001 0.10991 0.10484 0.09969 0.09393 0.08695 0.09392 0.09408 0.09354 0.10468 0.11896 0.12924 0.13133 0.13198 0.13131 0.13109 0.11046 0.11400 0.12378 0.12213 0.12385 0.12603 0.12403 0.12122 0.12450 0.11894
-9999 -9999 -9999 -9999 -9999 -9999 -9999 -9999 -9999 -9999 -9999 -9999 -9999 -9999 -9999 -9999 -9999 -9999 -9999 -9999 -9999 -9999 -9999 -9999 -9999 -9999 -9999 -9999 -9999 -9999 -9999 -9999 -9999 -9999 0.11513 0.10792 0.10815 0.10696 0.10771 0.11077 0.11103 0.11298 0.11282 0.11162 0.11301 0.11406 0.11733 0.11415 0.10845 0.09692 0.09220 0.08968 0.08180 0.07976 0.08312 0.09401 0.10912 0.11977 0.13664 0.14046 0.13534 0.12661 0.12215 0.11266 0.12712 0.13216 0.12715 0.12309 0.10925 0.11362 0.10682 0.10417 0.10197
-9999 -9999 -9999 -9999 -9999 -9999 -9999 -9999 -9999 -9999 -9999 -9999 -9999 -9999 -9999 -9999 -9999 -9999 -9999 -9999 -9999 -9999 -9999 -9999 -9999 -9999 -9999 -9999 -9999 -9999 -9999 -9999 -9999 0.11975 0.11975 0.11655 0.11605 0.11473 0.11513 0.11916 0.11940 0.11808 0.12012 0.12076 0.11931 0.12191 0.11678 0.11606 0.10039 0.08931 0.08390 0.07712 0.06883 0.07856 0.08936 0.09920 0.10419 0.12653 0.13915 0.13640 0.13043 0.13813 0.14089 0.14545 0.14011 0.13470 0.12530 0.12141 0.11750 0.11905 0.11375 0.11226 0.10884
-9999 -9999 -9999 -9999 -9999 -9999 -9999 -9999 -9999 -9999 -9999 -9999 -9999 -9999 -9999 -9999 -9999 -9999 -9999 -9999 -9999 -9999 -9999 -9999 -9999 -9999 -9999 -9999 -9999 -9999 -9999 0.13422 0.13175 0.12692 0.12672 0.12476 0.12605 0.12683 0.12520 0.12651 0.12527 0.12552 0.12595 0.12605 0.12486 0.12360 0.12213 0.12198 0.10885 0.09740 0.08814 0.08118 0.06789 0.07861 0.08832 0.10103 0.12083 0.12744 0.11973 0.13090 0.14002 0.14402 0.14203 0.15213 0.14828 0.13778 0.13460 0.13767 0.13504 0.11756 0.10665 0.10092 0.11441
-9999 -9999 -9999 -9999 -9999 -9999 -9999 -9999 -9999 -9999 -9999 -9999 -9999 -9999 -9999 -9999 -9999 -9999 -9999 -9999 -9999 -9999 -9999 -9999 -9999 -9999 -9999 -9999 -9999 0.14843 0.14554 0.13644 0.13429 0.13443 0.13454 0.13268 0.13279 0.13276 0.13277 0.13449 0.13241 0.13245 0.13318 0.13407 0.13127 0.12570 0.12366 0.11923 0.09711 0.08935 0.08424 0.07477 0.07002 0.08378 0.08590 0.09867 0.12099 0.12480 0.13472 0.15192 0.14957 0.14805 0.14726 0.14587 0.15121 0.14595 0.13124 0.12477 0.11914 0.12096 0.12511 0.10239 0.07839
-9999 -9999 -9999 -9999 -9999 -9999 -9999 -9999 -9999 -9999 -9999 -9999 -9999 -9999 -9999 -9999 -9999 -9999 -9999 -9999 -9999 -9999 -9999 -9999 0.14396 0.14548 0.14879 0.15328 0.15209 0.14751 0.14299 0.14560 0.14544 0.14263 0.13910 0.14264 0.13802 0.13556 0.13349 0.13484 0.13775 0.13889 0.13826 0.14033 0.13705 0.13047 0.13060 0.11377 0.09925 0.09389 0.09381 0.07772 0.07838 0.09260 0.10633 0.11750 0.13094 0.13796 0.13718 0.14968 0.15708 0.15953 0.16239 0.16149 0.16044 0.14782 0.15188 0.15767 0.14672 0.13317 0.10227 0.09462 0.08354
-9999 -9999 -9999 -9999 -9999 -9999 0.13114 0.13624 0.13726 0.13956 0.14186 -9999 -9999 -9999 -9999 -9999 -9999 -9999 -9999 -9999 -9999 0.15316 0.14311 0.14597 0.14561 0.14776 0.14984 0.14961 0.15004 0.15238 0.15408 0.15390 0.14735 0.14774 0.14466 0.14473 0.14188 0.14200 0.14218 0.14259 0.14505 0.14587 0.14459 0.14574 0.14345 0.13678 0.13690 0.12512 0.10571 0.09887 0.09087 0.08685 0.08101 0.09524 0.11910 0.13167 0.13523 0.14280 0.15551 0.16606 0.16471 0.16522 0.15332 0.14910 0.14255 0.16604 0.17067 0.15838 0.15070 0.15192 0.14073 0.10898 0.09498
-9999 -9999 -9999 -9999 -9999 0.13933 0.13722 0.13089 0.13871 0.13676 0.14013 0.13056 0.13382 0.13058 -9999 -9999 -9999 0.14448 0.14330 0.14476 0.14524 0.14527 0.14657 0.15030 0.14662 0.15489 0.15451 0.15663 0.15626 0.15779 0.16245 0.16235 0.16401 0.16310 0.16218 0.15782 0.15434 0.15371 0.15200 0.15352 0.15311 0.15026 0.15154 0.15324 0.15016 0.14665 0.13351 0.11566 0.10620 0.10090 0.09639 0.09354 0.09775 0.11446 0.12496 0.12966 0.13527 0.14837 0.17014 0.16518 0.17002 0.16182 0.15507 0.16075 0.14364 0.12688 0.13289 0.13330 0.14139 0.13735 0.13303 0.11340 0.10274
-9999 0.15475 0.15343 0.15439 0.14759 0.14634 0.14128 0.14260 0.14071 0.14409 0.14098 0.13480 0.13285 0.13651 0.14046 0.14992 0.15922 0.15050 0.14613 0.15531 0.15799 0.15882 0.16050 0.16692 0.16993 0.16527 0.16454 0.16511 0.16371 0.16885 0.17320 0.17560 0.17688 0.17505 0.17382 0.16660 0.16541 0.16162 0.16347 0.16356 0.16376 0.16349 0.16077 0.16184 0.16215 0.15782 0.14295 0.13032 0.12099 0.11452 0.10754 0.09813 0.10302 0.10130 0.11038 0.12153 0.13582 0.16381 0.16069 0.16325 0.17318 0.16138 0.14587 0.14903 0.13457 0.13574 0.14499 0.13089 0.14210 0.12758 0.10932 0.09423 0.09509
-9999 0.15544 0.16092 0.15893 0.15982 0.16034 0.16212 0.15969 0.15973 0.15461 0.15246 0.14800 0.14111 0.14450 0.14740 0.14810 0.15168 0.14846 0.15434 0.16307 0.15573 0.15850 0.16049 0.17540 0.17633 0.17806 0.17404 0.17359 0.17364 0.17569 0.17859 0.18669 0.18572 0.18564 0.18263 0.18064 0.17988 0.17806 0.17804 0.17330 0.17417 0.17605 0.17458 0.17351 0.17480 0.17352 0.16905 0.14988 0.13834 0.12643 0.12655 0.11054 0.11210 0.09579 0.09948 0.12166 0.13825 0.14849 0.15743 0.15063 0.16067 0.15310 0.14703 0.15471 0.14400 0.13989 0.13153 0.13667 0.13530 0.13250 0.12712 0.11027 0.09427
-9999 -9999 -9999 0.15937 0.15841 0.16564 0.16604 0.16625 0.16388 0.16875 0.16284 0.16856 0.16680 0.16661 0.16062 0.16284 0.16147 0.16895 0.16738 0.16364 0.16651 0.16702 0.16883 0.17606 0.18247 0.18485 0.19044 0.18882 0.19537 0.19597 0.19551 0.19572 0.19579 0.20132 0.19734 0.19398 0.19077 0.18838 0.18796 0.18620 0.18737 0.18757 0.18745 0.18854 0.18543 0.18613 0.17694 0.16629 0.15885 0.14784 0.13457 0.12324 0.11330 0.10613 0.11645 0.11888 0.14079 0.14721 0.14292 0.14771 0.16329 0.14610 0.14193 0.14152 0.14540 0.14819 0.15353 0.13975 0.13044 0.12297 0.12064 0.11735 0.11304
-9999 -9999 -9999 -9999 -9999 -9999 0.17577 0.17530 0.17387 0.17831 0.17964 0.17572 0.17660 0.18146 0.17991 0.18170 0.17902 0.18145 0.18642 0.18595 0.18510 0.18096 0.18696 0.18890 0.19327 0.19135 0.19673 0.20707 0.21056 0.21074 0.20929 0.20949 0.20827 0.20888 0.20941 0.20967 0.20461 0.20331 0.20119 0.19503 0.19301 0.20005 0.19884 0.19634 0.19643 0.19662 0.19434 0.17217 0.16857 0.15251 0.13157 0.11521 0.11256 0.13603 0.12657 0.12462 0.13645 0.12749 0.12167 0.13294 0.12653 0.12717 0.12691 0.12686 0.13475 0.13094 0.15103 0.14139 0.13079 0.12813 0.11965 0.12032 0.12013
-9999 -9999 -9999 -9999 -9999 -9999 0.18647 0.18331 0.18996 0.18308 0.18695 0.18652 0.18944 0.19671 0.19495 0.19049 0.19058 0.19108 0.18933 0.18807 0.18816 0.18636 0.18639 0.19275 0.19713 0.20897 0.21679 0.22255 0.22415 0.22233 0.22195 0.22418 0.22291 0.22590 0.22241 0.22400 0.22481 0.22388 0.21844 0.20822 0.20646 0.20791 0.20576 0.20666 0.20932 0.20914 0.20604 0.20380 0.20006 0.19112 0.17116 0.16148 0.15239 0.14769 0.14971 0.17147 0.16457 0.14696 0.15498 0.14551 0.12086 0.12456 0.12511 0.13131 0.13100 0.14880 0.14994 0.14984 0.14875 0.14377 0.12379 0.12270 0.11934
-9999 -9999 -9999 -9999 -9999 -9999 -9999 -9999 -9999 -9999 0.20862 0.19271 0.19515 0.21297 0.20616 0.20054 0.19861 0.19654 0.20101 0.19876 0.19896 0.19672 0.20156 0.20468 0.20711 0.20656 0.21290 0.22890 0.23304 0.23131 0.23305 0.23456 0.23362 0.23457 0.23584 0.24342 0.23981 0.24104 0.24086 0.22997 0.22571 0.22546 0.22232 0.21757 0.21803 0.21666 0.21370 0.21889 0.22054 0.22301 0.22612 0.22825 0.22575 0.23256 0.23521 0.23907 0.23275 0.22474 0.21603 0.20828 0.20629 0.18900 0.18659 0.16810 0.16450 0.17975 0.17825 0.17478 0.16204 0.16117 0.14238 0.11859 0.10992
-9999 -9999 -9999 -9999 -9999 -9999 -9999 -9999 -9999 -9999 0.23302 0.22342 0.21417 0.22525 0.21937 0.21009 0.20676 0.20488 0.20128 0.19902 0.20080 0.20196 0.20346 0.20769 0.21193 0.22739 0.24009 0.24070 0.24687 0.24629 0.24471 0.24662 0.24742 0.24851 0.24490 0.24575 0.24726 0.24515 0.23999 0.23439 0.22944 0.22926 0.22686 0.22279 0.22013 0.21851 0.22035 0.22491 0.22705 0.23303 0.24575 0.24071 0.24891 0.25017 0.25942 0.25866 0.25795 0.25444 0.26119 0.24247 0.24062 0.24327 0.24346 0.24140 0.23821 0.23847 0.22885 0.22234 0.21032 0.17248 0.15878 0.14291 0.12997
-9999 -9999 -9999 -9999 -9999 -9999 -9999 -9999 -9999 -9999 -9999 -9999 0.23862 0.22127 0.21783 0.22261 0.22766 0.23339 0.21986 0.21827 0.21896 0.21883 0.22124 0.22641 0.23698 0.24640 0.25166 0.25108 0.25474 0.25794 0.26205 0.25721 0.25321 0.25167 0.24848 0.24834 0.25034 0.24340 0.23840 0.23277 0.23176 0.22954 0.22787 0.22712 0.22815 0.22571 0.22683 0.22938 0.23223 0.24061 0.24103 0.24408 0.24559 0.25128 0.26617 0.27039 0.26980 0.25480 0.25059 0.24588 0.24661 0.24731 0.24635 0.24758 0.24555 0.24588 0.24466 0.24449 0.22959 0.20274 0.16080 0.13369 0.13450
-9999 -9999 -9999 -9999 -9999 -9999 -9999 -9999 -9999 -9999 -9999 -9999 0.25289 0.24358 0.23531 0.23504 0.24016 0.23911 0.22323 0.22148 0.22726 0.21836 0.22575 0.24134 0.23609 0.24820 0.25847 0.26405 0.26632 0.27239 0.27417 0.26829 0.26637 0.26375 0.25159 0.25630 0.25085 0.23642 0.24175 0.23826 0.24008 0.24344 0.24185 0.24082 0.23751 0.23653 0.23528 0.23883 0.23976 0.23985 0.24469 0.25174 0.25755 0.25977 0.27282 0.27625 0.27654 0.25965 0.26025 0.25617 0.25752 0.25668 0.25546 0.25471 0.25623 0.25184 0.24753 0.24275 0.22462 0.18988 0.17087 0.16509 0.14580
-9999 -9999 -9999 -9999 -9999 -9999 -9999 -9999 -9999 -9999 -9999 0.26202 0.25078 0.25966 0.25993 0.23158 0.22690 0.22875 0.21817 0.21579 0.23508 0.21812 0.23125 0.23439 0.23698 0.24491 0.24923 0.25857 0.27084 0.28041 0.28216 0.27940 0.27928 0.27327 0.27013 0.27820 0.26470 0.25315 0.24185 0.23122 0.22986 0.22699 0.22696 0.23153 0.23610 0.24556 0.24713 0.25081 0.24775 0.24904 0.25339 0.25801 0.25929 0.26772 0.28344 0.27773 0.27354 0.26676 0.26522 0.26520 0.26552 0.26547 0.26582 0.26259 0.25844 0.25948 0.24899 0.22849 0.20357 0.17219 0.14211 0.13164 0.14394
-9999 -9999 -9999 -9999 -9999 -9999 -9999 -9999 -9999 -9999 -9999 0.27258 0.26817 0.26324 0.26684 0.24183 0.23589 0.23269 0.22821 0.22630 0.23376 0.23138 0.23435 0.24765 0.25343 0.26018 0.26142 0.26544 0.27584 0.27675 0.27557 0.27971 0.27972 0.27914 0.27339 0.27909 0.27822 0.26000 0.24246 0.24282 0.24141 0.23641 0.22814 0.23308 0.23696 0.24412 0.24770 0.25242 0.25736 0.26395 0.26615 0.27290 0.27278 0.27266 0.27034 0.27378 0.26631 0.27001 0.26955 0.27300 0.27152 0.26804 0.26811 0.27020 0.26632 0.26507 0.24439 0.23612 0.19681 0.16221 0.15702 0.15707 0.14953
-9999 -9999 -9999 -9999 -9999 -9999 -9999 -9999 -9999 -9999 -9999 0.26809 0.26179 0.26453 0.25874 0.24546 0.24398 0.24109 0.23814 0.23700 0.23470 0.24473 0.26089 0.25836 0.26748 0.26983 0.26871 0.27556 0.27870 0.29012 0.28256 0.28275 0.28547 0.28406 0.27171 0.28848 0.28616 0.27948 0.26992 0.25767 0.25378 0.25082 0.25097 0.24835 0.24698 0.24520 0.24117 0.23250 0.23126 0.24294 0.24623 0.24767 0.24795 0.24893 0.25967 0.26751 0.27227 0.27373 0.27979 0.27402 0.27575 0.27837 0.28698 0.28643 0.28925 0.28917 0.26709 0.24110 0.20713 0.18070 0.18698 0.14700 0.14300
