data/hydroclimate-scenarios/1948-2000.Pcorr55N_Pref_Tref/monthly_summaries/vpd_monthly_avg_oct.1950-2000.asc
ncols	311
nrows	91
xllcenter	102.75
yllcenter	31.75
cellsize	0.5
NODATA_value	-9999
[rows 0 to 32 of 91, columns 73 to 145 of 311]
-9999 -9999 -9999 -9999 -9999 -9999 -9999 -9999 -9999 -9999 -9999 -9999 -9999 -9999 -9999 -9999 -9999 -9999 -9999 -9999 -9999 -9999 -9999 -9999 -9999 -9999 -9999 -9999 -9999 -9999 -9999 -9999 -9999 -9999 -9999 -9999 -9999 -9999 -9999 -9999 -9999 -9999 -9999 -9999 -9999 -9999 -9999 -9999 -9999 -9999 -9999 -9999 -9999 -9999 -9999 -9999 -9999 -9999 -9999 -9999 -9999 -9999 -9999 -9999 -9999 -9999 -9999 -9999 -9999 -9999 -9999 -9999 -9999
-9999 -9999 -9999 -9999 -9999 -9999 -9999 -9999 -9999 -9999 -9999 -9999 -9999 -9999 -9999 -9999 -9999 -9999 -9999 -9999 -9999 -9999 -9999 -9999 -9999 -9999 -9999 -9999 -9999 -9999 -9999 -9999 -9999 -9999 -9999 -9999 -9999 -9999 -9999 -9999 -9999 -9999 -9999 -9999 -9999 -9999 -9999 -9999 -9999 -9999 -9999 -9999 -9999 -9999 -9999 -9999 -9999 -9999 -9999 -9999 -9999 -9999 -9999 -9999 -9999 -9999 -9999 -9999 -9999 -9999 -9999 -9999 -9999
-9999 -9999 -9999 -9999 -9999 -9999 -9999 -9999 -9999 -9999 -9999 -9999 -9999 -9999 -9999 -9999 -9999 -9999 -9999 -9999 -9999 -9999 -9999 -9999 -9999 -9999 -9999 -9999 -9999 -9999 -9999 -9999 -9999 -9999 -9999 -9999 -9999 -9999 -9999 -9999 -9999 -9999 -9999 -9999 -9999 -9999 -9999 -9999 -9999 -9999 -9999 -9999 -9999 -9999 -9999 -9999 -9999 -9999 -9999 -9999 -9999 -9999 -9999 -9999 -9999 -9999 -9999 -9999 -9999 -9999 -9999 -9999 -9999
-9999 -9999 -9999 -9999 -9999 -9999 -9999 -9999 -9999 -9999 -9999 -9999 -9999 -9999 -9999 -9999 -9999 -9999 -9999 -9999 -9999 -9999 -9999 -9999 -9999 -9999 -9999 -9999 -9999 -9999 -9999 -9999 -9999 -9999 -9999 -9999 -9999 -9999 -9999 -9999 -9999 -9999 -9999 -9999 -9999 -9999 -9999 -9999 -9999 -9999 -9999 -9999 -9999 -9999 -9999 -9999 -9999 -9999 -9999 -9999 -9999 -9999 -9999 -9999 -9999 -9999 -9999 -9999 -9999 -9999 -9999 -9999 -9999
-9999 -9999 -9999 -9999 -9999 -9999 -9999 -9999 -9999 -9999 -9999 -9999 -9999 -9999 -9999 -9999 -9999 -9999 -9999 -9999 -9999 -9999 -9999 -9999 -9999 -9999 -9999 -9999 -9999 -9999 -9999 -9999 -9999 -9999 -9999 -9999 -9999 -9999 -9999 -9999 -9999 -9999 -9999 -9999 -9999 -9999 -9999 -9999 -9999 -9999 -9999 -9999 -9999 -9999 -9999 -9999 -9999 -9999 -9999 -9999 -9999 -9999 -9999 -9999 -9999 -9999 -9999 -9999 -9999 -9999 -9999 -9999 -9999
-9999 -9999 -9999 -9999 -9999 -9999 -9999 -9999 -9999 -9999 -9999 -9999 -9999 -9999 -9999 -9999 -9999 -9999 -9999 -9999 -9999 -9999 -9999 -9999 -9999 -9999 -9999 -9999 -9999 -9999 -9999 -9999 -9999 -9999 -9999 -9999 -9999 -9999 -9999 -9999 -9999 -9999 -9999 -9999 -9999 -9999 -9999 -9999 -9999 -9999 -9999 -9999 -9999 -9999 -9999 -9999 -9999 -9999 -9999 -9999 -9999 -9999 -9999 -9999 -9999 -9999 -9999 -9999 -9999 -9999 -9999 -9999 -9999
-9999 -9999 -9999 -9999 -9999 -9999 -9999 -9999 -9999 -9999 -9999 -9999 -9999 -9999 -9999 -9999 -9999 -9999 -9999 -9999 -9999 -9999 -9999 -9999 -9999 -9999 -9999 -9999 -9999 -9999 -9999 -9999 -9999 -9999 -9999 -9999 -9999 -9999 -9999 -9999 -9999 -9999 -9999 -9999 -9999 -9999 -9999 -9999 -9999 -9999 -9999 -9999 -9999 -9999 -9999 -9999 -9999 -9999 -9999 -9999 -9999 -9999 -9999 -9999 -9999 -9999 -9999 -9999 -9999 -9999 -9999 -9999 -9999
-9999 -9999 -9999 -9999 -9999 -9999 -9999 -9999 -9999 -9999 -9999 -9999 -9999 -9999 -9999 -9999 -9999 -9999 -9999 -9999 -9999 -9999 -9999 -9999 -9999 -9999 -9999 -9999 -9999 -9999 -9999 -9999 -9999 -9999 -9999 -9999 -9999 -9999 -9999 -9999 -9999 -9999 -9999 -9999 -9999 -9999 -9999 -9999 -9999 -9999 -9999 -9999 -9999 -9999 -9999 -9999 -9999 -9999 -9999 -9999 -9999 -9999 -9999 -9999 -9999 -9999 -9999 -9999 -9999 -9999 -9999 -9999 -9999
-9999 -9999 -9999 -9999 0.04699 -9999 -9999 -9999 -9999 -9999 -9999 -9999 -9999 -9999 -9999 -9999 -9999 -9999 -9999 -9999 -9999 -9999 -9999 -9999 -9999 -9999 -9999 -9999 -9999 -9999 -9999 -9999 -9999 -9999 -9999 -9999 -9999 -9999 -9999 -9999 -9999 -9999 -9999 -9999 -9999 -9999 -9999 -9999 -9999 -9999 -9999 -9999 -9999 -9999 -9999 -9999 -9999 -9999 -9999 -9999 -9999 -9999 -9999 -9999 -9999 -9999 -9999 -9999 -9999 -9999 -9999 -9999 -9999
0.07445 0.05089 0.04959 0.04818 0.04897 0.04876 0.04938 0.04970 0.05012 0.04933 0.05030 0.05089 0.05173 0.05136 0.05250 0.05332 0.05329 0.05306 0.05108 0.05159 -9999 -9999 -9999 -9999 -9999 -9999 -9999 -9999 -9999 -9999 -9999 -9999 -9999 -9999 -9999 -9999 -9999 -9999 -9999 -9999 -9999 -9999 -9999 -9999 -9999 -9999 -9999 -9999 -9999 -9999 -9999 -9999 -9999 -9999 -9999 -9999 -9999 -9999 -9999 -9999 -9999 -9999 -9999 -9999 -9999 -9999 -9999 -9999 -9999 -9999 -9999 -9999 -9999
-9999 -9999 0.05089 0.05133 0.05108 0.05152 0.05230 0.05172 0.05208 0.05179 0.05222 0.05302 0.05325 0.05396 0.05461 0.05430 0.05389 0.05431 0.05379 0.05339 -9999 -9999 -9999 -9999 -9999 -9999 -9999 -9999 -9999 -9999 -9999 -9999 -9999 -9999 -9999 -9999 -9999 -9999 -9999 -9999 -9999 -9999 -9999 -9999 -9999 -9999 -9999 -9999 -9999 -9999 -9999 -9999 -9999 -9999 -9999 -9999 -9999 -9999 -9999 -9999 -9999 -9999 -9999 -9999 -9999 -9999 -9999 -9999 -9999 -9999 -9999 -9999 -9999
0.05408 0.05359 0.05333 0.05371 0.05356 0.05348 0.05423 0.05461 0.05455 0.05483 0.05529 0.05541 0.05596 0.05501 0.05631 0.05642 0.05602 0.05688 0.05646 0.05649 0.05679 0.05625 0.05491 0.05599 0.05521 0.05645 -9999 -9999 -9999 -9999 -9999 -9999 -9999 -9999 -9999 -9999 -9999 -9999 -9999 -9999 -9999 -9999 -9999 -9999 -9999 -9999 -9999 -9999 -9999 -9999 -9999 -9999 -9999 -9999 -9999 -9999 -9999 -9999 -9999 -9999 -9999 -9999 -9999 -9999 -9999 -9999 -9999 -9999 -9999 -9999 -9999 -9999 -9999
0.05595 0.05539 0.05588 0.05625 0.05605 0.05645 0.05772 0.05705 0.05735 0.05689 0.05741 0.05760 0.05788 0.05808 0.05839 0.05857 0.05902 0.05864 0.05928 0.05843 0.05800 0.05843 0.05756 0.05776 0.05741 0.05745 0.05821 0.05949 0.05974 0.05984 0.05972 0.05974 0.05891 0.05946 0.05975 0.06077 0.06097 0.06091 0.06135 0.06126 0.06219 -9999 -9999 -9999 -9999 -9999 -9999 -9999 -9999 -9999 -9999 -9999 -9999 -9999 -9999 -9999 -9999 -9999 -9999 -9999 -9999 -9999 -9999 -9999 -9999 -9999 -9999 -9999 -9999 -9999 -9999 -9999 -9999
0.05703 0.05645 0.05557 0.05686 0.05771 0.05915 0.05825 0.05823 0.05828 0.05913 0.05965 0.05980 0.05932 0.06029 0.06062 0.06093 0.06137 0.06120 0.06014 0.05793 0.05825 0.05827 0.05863 0.06015 0.05968 0.05980 0.05895 0.05858 0.06045 0.06169 0.06170 0.06168 0.06198 0.06127 0.06265 0.06319 0.06393 0.06384 0.06364 0.06425 0.06331 0.06502 -9999 -9999 -9999 -9999 -9999 -9999 -9999 -9999 -9999 -9999 -9999 -9999 -9999 -9999 -9999 -9999 -9999 -9999 -9999 -9999 -9999 -9999 -9999 -9999 -9999 -9999 -9999 -9999 -9999 -9999 -9999
0.05161 0.04775 0.05185 0.05261 0.05293 0.05420 0.05505 0.05735 0.05595 0.05766 0.05938 0.06009 0.06020 0.06161 0.06071 0.06101 0.06186 0.06186 0.06186 0.06129 0.06160 0.06167 0.06124 0.05814 0.06008 0.06166 0.06316 0.06159 0.06424 0.06545 0.06598 0.06600 0.06670 0.06668 0.06633 0.06761 0.06763 0.06804 0.06858 0.06800 0.06743 0.06869 -9999 -9999 -9999 -9999 -9999 -9999 -9999 -9999 -9999 -9999 -9999 -9999 -9999 -9999 -9999 0.07014 0.06808 -9999 -9999 -9999 -9999 0.06560 0.06187 0.05821 0.06132 0.06751 0.06956 0.07116 0.06967 0.06835 0.06918
0.05212 0.05032 0.05464 0.05853 0.05741 0.05587 0.05617 0.05609 0.05963 0.06045 0.06112 0.06082 0.06150 0.06276 0.06210 0.06277 0.06382 0.06424 0.06483 0.06444 0.06382 0.06596 0.06446 0.06391 0.06446 0.06445 0.06590 0.06592 0.06691 0.06824 0.06818 0.06883 0.06835 0.06972 0.06987 0.06928 0.06995 0.06976 0.07097 0.07162 0.07030 0.07036 0.07033 0.07118 0.06988 0.06953 0.06489 0.06275 0.06470 0.06302 0.06249 0.06401 0.06361 0.06381 0.07088 0.07021 0.07111 0.07130 0.07161 -9999 -9999 -9999 -9999 -9999 0.06807 0.06574 0.06487 0.06487 0.06632 0.06771 0.06613 0.06783 0.06815
0.05245 0.04797 0.05263 0.05639 0.05725 0.05871 0.06133 0.06503 0.06481 0.06494 0.06558 0.06530 0.06564 0.06533 0.06555 0.06538 0.06734 0.06679 0.07033 0.06971 0.07003 0.06953 0.06724 0.06713 0.06656 0.06662 0.06794 0.06869 0.07037 0.06972 0.07015 0.07074 0.07159 0.07227 0.07397 0.07321 0.07319 0.07371 0.07346 0.07409 0.07306 0.07300 0.07134 0.07221 0.07203 0.07098 0.06672 0.06415 0.06826 0.07012 0.06785 0.06252 0.05847 0.06486 0.06164 0.06129 0.06359 0.06693 0.06672 0.06535 0.06973 0.07304 0.07315 0.07244 0.07302 0.07211 0.07017 0.06857 0.06603 0.06806 0.06567 0.06349 0.06283
0.05732 0.04805 0.04774 0.05162 0.05490 0.05533 0.06643 0.06819 0.06713 0.06729 0.06747 0.06715 0.06743 0.06760 0.06731 0.06797 0.06936 0.06660 0.06902 0.07117 0.07156 0.07211 0.06991 0.06988 0.07036 0.06975 0.07091 0.07093 0.07221 0.07227 0.07267 0.07342 0.07415 0.07475 0.07654 0.07710 0.07691 0.07748 0.07653 0.07574 0.07470 0.07603 0.07479 0.07419 0.07495 0.07488 0.07483 0.07311 0.07018 0.07361 0.07058 0.07093 0.06763 0.06248 0.06166 0.06282 0.06296 0.06197 0.06343 0.05968 0.06405 0.07254 0.07448 0.07481 0.07520 0.07452 0.07456 0.06958 0.06481 0.06582 0.06398 0.06308 0.06423
0.04757 0.06078 0.05633 0.06045 0.06277 0.05733 0.06257 0.06589 0.06658 0.06868 0.06879 0.06906 0.06927 0.06947 0.07160 0.07216 0.07286 0.06600 0.06746 0.07087 0.07014 0.07296 0.07200 0.07258 0.07109 0.07113 0.07139 0.07146 0.07213 0.07286 0.07275 0.07250 0.07389 0.07511 0.07694 0.07696 0.07671 0.07522 0.07408 0.07508 0.06940 0.06839 0.07048 0.07465 0.07646 0.07823 0.07883 0.07524 0.07257 0.07163 0.07107 0.07164 0.07210 0.07237 0.07170 0.06589 0.06494 0.06292 0.06063 0.05859 0.05770 0.06385 0.06681 0.06897 0.06949 0.06887 0.06789 0.06715 0.06584 0.06591 0.06465 0.06374 0.06353
0.04549 0.04588 0.05340 0.06304 0.06335 0.05849 0.05791 0.06437 0.05339 0.05653 0.05918 0.06591 0.07011 0.07104 0.07447 0.07487 0.07422 0.07078 0.06999 0.07330 0.07329 0.07500 0.07462 0.07539 0.07438 0.07463 0.07437 0.07489 0.07498 0.07567 0.07370 0.07541 0.07664 0.07484 0.07659 0.07658 0.07621 0.07430 0.07185 0.07603 0.07540 0.07539 0.07047 0.07051 0.07398 0.07657 0.07928 0.07597 0.07376 0.07401 0.07337 0.07560 0.07197 0.06821 0.06625 0.06248 0.06620 0.07039 0.06839 0.06893 0.06812 0.06486 0.06163 0.06692 0.06255 0.06727 0.06809 0.06774 0.06927 0.07546 0.07334 0.06792 0.06771
0.04601 0.04317 0.04215 0.05305 0.05859 0.06283 0.06241 0.06587 0.05978 0.04986 0.04549 0.04352 0.05401 0.06193 0.07035 0.07638 0.07920 0.08056 0.08043 0.08176 0.07983 0.08041 0.07895 0.07875 0.07706 0.07714 0.07736 0.07626 0.07621 0.07493 0.07399 0.07369 0.07810 0.07623 0.07568 0.07335 0.07719 0.07815 0.07414 0.07328 0.07529 0.07797 0.07465 0.07647 0.07655 0.07862 0.08027 0.08107 0.08168 0.08071 0.07853 0.07843 0.07767 0.07699 0.06959 0.06751 0.06955 0.06448 0.06666 0.06742 0.06964 0.07248 0.07469 0.07302 0.07136 0.06926 0.07140 0.07287 0.07534 0.07909 0.07972 0.07420 0.07155
0.04239 0.04210 0.04365 0.04442 0.04516 0.04848 0.05468 0.06138 0.06881 0.06329 0.05763 0.05339 0.04912 0.04953 0.05305 0.05735 0.06751 0.07217 0.07899 0.08066 0.08218 0.08261 0.08075 0.08063 0.07973 0.07837 0.07689 0.07437 0.07811 0.07020 0.06805 0.06973 0.07271 0.07384 0.07609 0.07539 0.07718 0.07844 0.07617 0.07593 0.07902 0.07593 0.07642 0.07457 0.07481 0.07559 0.07799 0.07956 0.07509 0.07391 0.07060 0.07114 0.07333 0.07382 0.06680 0.07156 0.07274 0.06801 0.07099 0.07198 0.07201 0.07937 0.07768 0.07680 0.07228 0.07413 0.07629 0.07782 0.08231 0.08347 0.08237 0.07359 0.07569
0.04405 0.04521 0.04360 0.04233 0.04369 0.04751 0.04820 0.05478 0.05694 0.05619 0.05685 0.06084 0.06173 0.06167 0.06065 0.05601 0.05655 0.05995 0.06503 0.06955 0.07708 0.08261 0.08603 0.08646 0.08534 0.08079 0.07627 0.07706 0.07688 0.07629 0.07174 0.07593 0.07281 0.08143 0.08213 0.08083 0.07614 0.07955 0.08150 0.08522 0.08180 0.08010 0.07189 0.07211 0.07148 0.07415 0.07334 0.07004 0.06856 0.06962 0.06839 0.06473 0.06811 0.06658 0.07232 0.06894 0.07419 0.07816 0.07830 0.08146 0.08113 0.08223 0.07796 0.08236 0.08534 0.08703 0.08581 0.08502 0.08888 0.08765 0.08172 0.07630 0.08247
0.05280 0.05372 0.04721 0.04541 0.04520 0.04448 0.04742 0.05233 0.06111 0.04704 0.04889 0.05435 0.04892 0.04641 0.05083 0.07336 0.06269 0.05323 0.05504 0.05964 0.06586 0.08561 0.08828 0.08963 0.08901 0.08424 0.08030 0.08117 0.07830 0.07753 0.07841 0.07970 0.08692 0.08535 0.08288 0.08482 0.08171 0.08020 0.07596 0.08125 0.08125 0.07877 0.08498 0.08533 0.08076 0.07661 0.07433 0.07119 0.07087 0.07321 0.07477 0.07307 0.06999 0.06937 0.07204 0.07146 0.07932 0.08145 0.08750 0.08880 0.08735 0.08293 0.09221 0.09304 0.09285 0.09313 0.09337 0.09171 0.08985 0.09107 0.08731 0.08846 0.08761
0.05594 0.05697 0.05476 0.05333 0.05297 0.05110 0.05241 0.05115 0.05403 0.05244 0.05393 0.05792 0.05262 0.05222 0.04916 0.05398 0.06251 0.06821 0.06415 0.06465 0.06875 0.07266 0.08265 0.08942 0.08907 0.08833 0.08501 0.08565 0.08156 0.08489 0.08711 0.08569 0.08600 0.08789 0.08730 0.08722 0.08581 0.08239 0.07656 0.07622 0.07530 0.07716 0.08554 0.08815 0.08405 0.08158 0.07873 0.07320 0.07239 0.07710 0.08027 0.07379 0.07745 0.07860 0.08133 0.08373 0.07754 0.08435 0.08732 0.09104 0.09237 0.09734 0.09896 0.09748 0.09925 0.09418 0.08966 0.09191 0.09393 0.09438 0.09482 0.09378 0.09018
0.05447 0.05397 0.05522 0.05865 0.05874 0.05882 0.05872 0.05944 0.05462 0.05062 0.05396 0.06037 0.06282 0.05852 0.05946 0.05890 0.05566 0.05950 0.06481 0.07367 0.07912 0.07642 0.07629 0.08026 0.08801 0.08662 0.08536 0.08204 0.08444 0.08493 0.09210 0.09056 0.08894 0.08457 0.08546 0.08083 0.08527 0.07817 0.07149 0.07788 0.07800 0.07197 0.07536 0.08372 0.08347 0.08342 0.08399 0.08125 0.07911 0.08702 0.09025 0.09065 0.09278 0.09231 0.09032 0.08825 0.09039 0.08820 0.09399 0.09356 0.09642 0.09829 0.10091 0.10122 0.10104 0.09848 0.09541 0.08970 0.09219 0.09473 0.09674 0.09059 0.08960
0.05162 0.05107 0.05431 0.05565 0.05787 0.06001 0.06270 0.05800 0.05755 0.05595 0.05088 0.05650 0.06549 0.06838 0.06393 0.06066 0.05749 0.05887 0.06372 0.06630 0.06953 0.07435 0.07626 0.08101 0.07788 0.08179 0.08427 0.08091 0.08740 0.08377 0.08890 0.08013 0.07942 0.08691 0.08196 0.07542 0.07871 0.08171 0.07410 0.07348 0.07358 0.07778 0.07852 0.08044 0.08396 0.08334 0.08618 0.08363 0.08486 0.08513 0.08782 0.08617 0.08751 0.08986 0.09033 0.09712 0.10186 0.10425 0.10664 0.10401 0.10142 0.10271 0.10174 0.10335 0.10223 0.10162 0.09249 0.08881 0.08940 0.09178 0.09630 0.09677 0.09830
0.05354 0.05304 0.05314 0.05933 0.06037 0.06480 0.06300 0.06548 0.06875 0.06735 0.06406 0.05802 0.06258 0.06474 0.06496 0.06949 0.06850 0.07094 0.06144 0.06961 0.07556 0.07934 0.08067 0.07773 0.07114 0.07879 0.08318 0.08790 0.08085 0.08518 0.08850 0.08148 0.07880 0.08715 0.08321 0.08119 0.07614 0.07786 0.07828 0.07757 0.08015 0.08009 0.08361 0.08307 0.09103 0.08832 0.08888 0.08968 0.09122 0.08991 0.09327 0.09767 0.09575 0.10196 0.10135 0.10307 0.10771 0.10876 0.10813 0.10554 0.10451 0.10361 0.09428 0.09606 0.09467 0.09604 0.09363 0.09843 0.09654 0.09619 0.09789 0.09518 0.09055
0.05794 0.05435 0.05417 0.04994 0.05354 0.06145 0.06129 0.06295 0.06842 0.06477 0.06851 0.06606 0.06081 0.06607 0.07278 0.07593 0.07378 0.07559 0.07677 0.07037 0.07327 0.08043 0.08604 0.09059 0.08419 0.08658 0.09301 0.08839 0.09051 0.08942 0.08644 0.08343 0.08157 0.08134 0.08497 0.08063 0.07568 0.07363 0.08084 0.08252 0.08173 0.08965 0.09644 0.09831 0.10540 0.10995 0.11055 0.11185 0.11366 0.11379 0.11266 0.10858 0.10548 0.10549 0.10779 0.11150 0.11113 0.11213 0.11019 0.11033 0.10392 0.09490 0.09022 0.09256 0.09095 0.09270 0.09697 0.10013 0.09803 0.09891 0.09666 0.09747 0.09991
0.06361 0.06407 0.05873 0.05724 0.04994 0.05603 0.06199 0.05897 0.05913 0.06099 0.06670 0.06338 0.06625 0.07147 0.07216 0.07520 0.08097 0.08192 0.07988 0.07512 0.06918 0.08073 0.09011 0.09166 0.08358 0.08615 0.08589 0.08159 0.08980 0.09222 0.08700 0.08573 0.08231 0.08617 0.08568 0.08732 0.08143 0.08202 0.08825 0.09771 0.09548 0.10203 0.11320 0.11415 0.11380 0.11204 0.10904 0.11234 -9999 -9999 0.11841 0.11804 0.11823 0.11528 0.11291 0.11614 0.11399 0.11001 0.10981 0.10137 0.09618 0.08925 0.09240 0.08952 0.08634 0.08441 0.09680 0.10042 0.10036 0.10577 0.10106 0.10341 0.10864
0.07063 0.06610 0.06575 0.06654 0.05902 0.06701 0.06470 0.06130 0.05975 0.06511 0.06525 0.06648 0.07119 0.07556 0.07163 0.07781 0.08291 0.07788 0.08123 0.08517 0.08497 0.08269 0.07519 0.08268 0.08232 0.08775 0.08501 0.08668 0.08484 0.09539 0.09069 0.08648 0.08578 0.08707 0.08600 0.09809 0.11012 -9999 -9999 -9999 -9999 0.12270 -9999 0.11112 0.10142 0.10904 0.11269 0.12509 -9999 -9999 0.11958 0.11967 0.12090 0.11982 0.12095 0.11772 0.11499 0.10999 0.10800 0.10472 0.10175 0.09997 0.10379 0.08732 0.08499 0.08910 0.10371 0.10672 0.10961 0.11516 -9999 -9999 -9999
0.07647 0.07176 0.07312 0.08064 0.06906 0.07469 0.08218 0.07953 0.08086 0.07936 0.07488 0.07423 0.07748 0.08905 0.08252 0.07969 0.07869 0.08184 0.07917 0.08787 0.08609 0.08820 0.08486 0.08846 0.08760 0.08667 0.08734 0.09163 0.08968 0.08853 0.08865 0.09054 0.08653 0.09686 0.10279 -9999 -9999 -9999 -9999 -9999 -9999 -9999 0.11935 0.11935 0.11924 -9999 -9999 -9999 -9999 -9999 0.12869 0.12579 0.11614 0.11972 0.11333 0.11684 0.11966 0.11329 0.12054 0.11834 0.11260 0.10953 0.11125 0.11319 0.10780 0.09867 0.10870 0.12100 -9999 -9999 -9999 -9999 -9999
0.07726 0.08193 0.08631 0.09290 0.09283 0.08263 0.09328 0.09995 0.09545 0.09682 0.09021 0.10003 0.10011 0.10212 0.09633 0.09221 0.09493 0.09165 0.09393 0.09205 0.09088 0.08380 0.08473 0.08750 0.08669 0.08806 0.08482 0.08717 0.09089 0.08748 0.09344 0.09747 0.10173 0.12006 -9999 -9999 -9999 -9999 -9999 -9999 -9999 -9999 -9999 0.12723 -9999 -9999 -9999 -9999 0.13371 0.13194 0.13060 0.12472 0.11968 0.12833 0.12732 0.12622 0.12260 0.12315 0.12471 0.12459 0.12235 0.11579 0.11690 0.11523 0.11734 -9999 -9999 -9999 -9999 -9999 -9999 -9999 -9999
