data/hydroclimate-scenarios/1948-2000.Pcorr55N_Pref_Tref/monthly_summaries/vpd_monthly_avg_mar.asc
ncols	311
nrows	91
xllcenter	102.75
yllcenter	31.75
cellsize	0.5
NODATA_value	-9999
[rows 0 to 32 of 91, columns 73 to 145 of 311]
-9999 -9999 -9999 -9999 -9999 -9999 -9999 -9999 -9999 -9999 -9999 -9999 -9999 -9999 -9999 -9999 -9999 -9999 -9999 -9999 -9999 -9999 -9999 -9999 -9999 -9999 -9999 -9999 -9999 -9999 -9999 -9999 -9999 -9999 -9999 -9999 -9999 -9999 -9999 -9999 -9999 -9999 -9999 -9999 -9999 -9999 -9999 -9999 -9999 -9999 -9999 -9999 -9999 -9999 -9999 -9999 -9999 -9999 -9999 -9999 -9999 -9999 -9999 -9999 -9999 -9999 -9999 -9999 -9999 -9999 -9999 -9999 -9999
-9999 -9999 -9999 -9999 -9999 -9999 -9999 -9999 -9999 -9999 -9999 -9999 -9999 -9999 -9999 -9999 -9999 -9999 -9999 -9999 -9999 -9999 -9999 -9999 -9999 -9999 -9999 -9999 -9999 -9999 -9999 -9999 -9999 -9999 -9999 -9999 -9999 -9999 -9999 -9999 -9999 -9999 -9999 -9999 -9999 -9999 -9999 -9999 -9999 -9999 -9999 -9999 -9999 -9999 -9999 -9999 -9999 -9999 -9999 -9999 -9999 -9999 -9999 -9999 -9999 -9999 -9999 -9999 -9999 -9999 -9999 -9999 -9999
-9999 -9999 -9999 -9999 -9999 -9999 -9999 -9999 -9999 -9999 -9999 -9999 -9999 -9999 -9999 -9999 -9999 -9999 -9999 -9999 -9999 -9999 -9999 -9999 -9999 -9999 -9999 -9999 -9999 -9999 -9999 -9999 -9999 -9999 -9999 -9999 -9999 -9999 -9999 -9999 -9999 -9999 -9999 -9999 -9999 -9999 -9999 -9999 -9999 -9999 -9999 -9999 -9999 -9999 -9999 -9999 -9999 -9999 -9999 -9999 -9999 -9999 -9999 -9999 -9999 -9999 -9999 -9999 -9999 -9999 -9999 -9999 -9999
-9999 -9999 -9999 -9999 -9999 -9999 -9999 -9999 -9999 -9999 -9999 -9999 -9999 -9999 -9999 -9999 -9999 -9999 -9999 -9999 -9999 -9999 -9999 -9999 -9999 -9999 -9999 -9999 -9999 -9999 -9999 -9999 -9999 -9999 -9999 -9999 -9999 -9999 -9999 -9999 -9999 -9999 -9999 -9999 -9999 -9999 -9999 -9999 -9999 -9999 -9999 -9999 -9999 -9999 -9999 -9999 -9999 -9999 -9999 -9999 -9999 -9999 -9999 -9999 -9999 -9999 -9999 -9999 -9999 -9999 -9999 -9999 -9999
-9999 -9999 -9999 -9999 -9999 -9999 -9999 -9999 -9999 -9999 -9999 -9999 -9999 -9999 -9999 -9999 -9999 -9999 -9999 -9999 -9999 -9999 -9999 -9999 -9999 -9999 -9999 -9999 -9999 -9999 -9999 -9999 -9999 -9999 -9999 -9999 -9999 -9999 -9999 -9999 -9999 -9999 -9999 -9999 -9999 -9999 -9999 -9999 -9999 -9999 -9999 -9999 -9999 -9999 -9999 -9999 -9999 -9999 -9999 -9999 -9999 -9999 -9999 -9999 -9999 -9999 -9999 -9999 -9999 -9999 -9999 -9999 -9999
-9999 -9999 -9999 -9999 -9999 -9999 -9999 -9999 -9999 -9999 -9999 -9999 -9999 -9999 -9999 -9999 -9999 -9999 -9999 -9999 -9999 -9999 -9999 -9999 -9999 -9999 -9999 -9999 -9999 -9999 -9999 -9999 -9999 -9999 -9999 -9999 -9999 -9999 -9999 -9999 -9999 -9999 -9999 -9999 -9999 -9999 -9999 -9999 -9999 -9999 -9999 -9999 -9999 -9999 -9999 -9999 -9999 -9999 -9999 -9999 -9999 -9999 -9999 -9999 -9999 -9999 -9999 -9999 -9999 -9999 -9999 -9999 -9999
-9999 -9999 -9999 -9999 -9999 -9999 -9999 -9999 -9999 -9999 -9999 -9999 -9999 -9999 -9999 -9999 -9999 -9999 -9999 -9999 -9999 -9999 -9999 -9999 -9999 -9999 -9999 -9999 -9999 -9999 -9999 -9999 -9999 -9999 -9999 -9999 -9999 -9999 -9999 -9999 -9999 -9999 -9999 -9999 -9999 -9999 -9999 -9999 -9999 -9999 -9999 -9999 -9999 -9999 -9999 -9999 -9999 -9999 -9999 -9999 -9999 -9999 -9999 -9999 -9999 -9999 -9999 -9999 -9999 -9999 -9999 -9999 -9999
-9999 -9999 -9999 -9999 -9999 -9999 -9999 -9999 -9999 -9999 -9999 -9999 -9999 -9999 -9999 -9999 -9999 -9999 -9999 -9999 -9999 -9999 -9999 -9999 -9999 -9999 -9999 -9999 -9999 -9999 -9999 -9999 -9999 -9999 -9999 -9999 -9999 -9999 -9999 -9999 -9999 -9999 -9999 -9999 -9999 -9999 -9999 -9999 -9999 -9999 -9999 -9999 -9999 -9999 -9999 -9999 -9999 -9999 -9999 -9999 -9999 -9999 -9999 -9999 -9999 -9999 -9999 -9999 -9999 -9999 -9999 -9999 -9999
-9999 -9999 -9999 -9999 0.01763 -9999 -9999 -9999 -9999 -9999 -9999 -9999 -9999 -9999 -9999 -9999 -9999 -9999 -9999 -9999 -9999 -9999 -9999 -9999 -9999 -9999 -9999 -9999 -9999 -9999 -9999 -9999 -9999 -9999 -9999 -9999 -9999 -9999 -9999 -9999 -9999 -9999 -9999 -9999 -9999 -9999 -9999 -9999 -9999 -9999 -9999 -9999 -9999 -9999 -9999 -9999 -9999 -9999 -9999 -9999 -9999 -9999 -9999 -9999 -9999 -9999 -9999 -9999 -9999 -9999 -9999 -9999 -9999
0.02901 0.01926 0.01907 0.01839 0.01849 0.01817 0.01729 0.01683 0.01707 0.01667 0.01745 0.01722 0.01731 0.01724 0.01666 0.01657 0.01657 0.01664 0.01683 0.01697 -9999 -9999 -9999 -9999 -9999 -9999 -9999 -9999 -9999 -9999 -9999 -9999 -9999 -9999 -9999 -9999 -9999 -9999 -9999 -9999 -9999 -9999 -9999 -9999 -9999 -9999 -9999 -9999 -9999 -9999 -9999 -9999 -9999 -9999 -9999 -9999 -9999 -9999 -9999 -9999 -9999 -9999 -9999 -9999 -9999 -9999 -9999 -9999 -9999 -9999 -9999 -9999 -9999
-9999 -9999 0.01994 0.01969 0.01919 0.01929 0.01877 0.01831 0.01822 0.01794 0.01788 0.01807 0.01790 0.01768 0.01781 0.01741 0.01701 0.01709 0.01720 0.01734 -9999 -9999 -9999 -9999 -9999 -9999 -9999 -9999 -9999 -9999 -9999 -9999 -9999 -9999 -9999 -9999 -9999 -9999 -9999 -9999 -9999 -9999 -9999 -9999 -9999 -9999 -9999 -9999 -9999 -9999 -9999 -9999 -9999 -9999 -9999 -9999 -9999 -9999 -9999 -9999 -9999 -9999 -9999 -9999 -9999 -9999 -9999 -9999 -9999 -9999 -9999 -9999 -9999
0.02164 0.02156 0.02089 0.02072 0.02074 0.02028 0.01980 0.01936 0.01918 0.01899 0.01892 0.01874 0.01878 0.01879 0.01839 0.01814 0.01819 0.01811 0.01816 0.01812 0.01848 0.01878 0.01904 0.01937 0.01980 0.01995 -9999 -9999 -9999 -9999 -9999 -9999 -9999 -9999 -9999 -9999 -9999 -9999 -9999 -9999 -9999 -9999 -9999 -9999 -9999 -9999 -9999 -9999 -9999 -9999 -9999 -9999 -9999 -9999 -9999 -9999 -9999 -9999 -9999 -9999 -9999 -9999 -9999 -9999 -9999 -9999 -9999 -9999 -9999 -9999 -9999 -9999 -9999
0.02272 0.02217 0.02230 0.02227 0.02154 0.02141 0.02113 0.02062 0.02051 0.02027 0.02041 0.02000 0.02004 0.01985 0.01967 0.01954 0.01920 0.01890 0.01891 0.01883 0.01845 0.01888 0.01965 0.02000 0.02000 0.02038 0.02081 0.02095 0.02150 0.02182 0.02190 0.02231 0.02219 0.02248 0.02277 0.02277 0.02297 0.02306 0.02387 0.02394 0.02458 -9999 -9999 -9999 -9999 -9999 -9999 -9999 -9999 -9999 -9999 -9999 -9999 -9999 -9999 -9999 -9999 -9999 -9999 -9999 -9999 -9999 -9999 -9999 -9999 -9999 -9999 -9999 -9999 -9999 -9999 -9999 -9999
0.02297 0.02245 0.02215 0.02240 0.02249 0.02247 0.02206 0.02173 0.02136 0.02159 0.02148 0.02153 0.02128 0.02114 0.02102 0.02067 0.02020 0.02018 0.01941 0.01859 0.01894 0.01907 0.01948 0.02040 0.02102 0.02140 0.02111 0.02108 0.02241 0.02262 0.02345 0.02352 0.02334 0.02378 0.02380 0.02417 0.02437 0.02439 0.02478 0.02494 0.02544 0.02602 -9999 -9999 -9999 -9999 -9999 -9999 -9999 -9999 -9999 -9999 -9999 -9999 -9999 -9999 -9999 -9999 -9999 -9999 -9999 -9999 -9999 -9999 -9999 -9999 -9999 -9999 -9999 -9999 -9999 -9999 -9999
0.01978 0.01709 0.01942 0.01976 0.01959 0.02014 0.01960 0.02083 0.02045 0.02073 0.02164 0.02191 0.02232 0.02212 0.02202 0.02151 0.02114 0.02077 0.01972 0.01966 0.01977 0.01985 0.02051 0.01959 0.02102 0.02203 0.02226 0.02187 0.02268 0.02314 0.02352 0.02376 0.02421 0.02436 0.02424 0.02461 0.02475 0.02511 0.02551 0.02570 0.02610 0.02666 -9999 -9999 -9999 -9999 -9999 -9999 -9999 -9999 -9999 -9999 -9999 -9999 -9999 -9999 -9999 0.02879 0.02799 -9999 -9999 -9999 -9999 0.02546 0.02293 0.02121 0.02222 0.02518 0.02607 0.02593 0.02540 0.02470 0.02459
0.02020 0.01862 0.02108 0.02268 0.02213 0.02073 0.02027 0.02017 0.02228 0.02252 0.02300 0.02233 0.02231 0.02315 0.02278 0.02326 0.02290 0.02284 0.02185 0.02119 0.02121 0.02249 0.02273 0.02311 0.02313 0.02351 0.02408 0.02427 0.02464 0.02473 0.02531 0.02547 0.02547 0.02549 0.02554 0.02618 0.02656 0.02672 0.02720 0.02737 0.02831 0.02822 0.02889 0.02898 0.02902 0.02821 0.02544 0.02430 0.02513 0.02421 0.02440 0.02559 0.02517 0.02499 0.02822 0.02934 0.02962 0.02923 0.02955 -9999 -9999 -9999 -9999 -9999 0.02699 0.02546 0.02383 0.02331 0.02325 0.02391 0.02293 0.02380 0.02348
0.02031 0.01807 0.01989 0.02225 0.02248 0.02264 0.02389 0.02520 0.02547 0.02507 0.02524 0.02504 0.02493 0.02515 0.02476 0.02452 0.02420 0.02417 0.02438 0.02436 0.02465 0.02468 0.02497 0.02490 0.02554 0.02569 0.02601 0.02626 0.02635 0.02667 0.02670 0.02674 0.02701 0.02712 0.02763 0.02801 0.02868 0.02880 0.02930 0.02965 0.02970 0.03002 0.02961 0.02953 0.02962 0.02928 0.02651 0.02525 0.02702 0.02841 0.02692 0.02359 0.02181 0.02535 0.02405 0.02391 0.02464 0.02637 0.02683 0.02599 0.02810 0.02979 0.02976 0.02941 0.02900 0.02903 0.02741 0.02566 0.02325 0.02367 0.02219 0.02099 0.02064
0.02314 0.01810 0.01733 0.01965 0.02112 0.02080 0.02689 0.02752 0.02732 0.02708 0.02680 0.02671 0.02672 0.02642 0.02633 0.02653 0.02592 0.02437 0.02483 0.02589 0.02627 0.02665 0.02674 0.02721 0.02714 0.02736 0.02757 0.02781 0.02813 0.02819 0.02847 0.02859 0.02894 0.02940 0.02962 0.03007 0.03032 0.03071 0.03106 0.03117 0.03106 0.03141 0.03127 0.03136 0.03182 0.03169 0.03113 0.03078 0.02918 0.03040 0.02868 0.02868 0.02665 0.02422 0.02372 0.02445 0.02469 0.02406 0.02516 0.02264 0.02540 0.02889 0.03038 0.03055 0.03083 0.03063 0.02848 0.02598 0.02242 0.02244 0.02120 0.02032 0.01994
0.01818 0.02630 0.02278 0.02532 0.02613 0.02244 0.02482 0.02640 0.02719 0.02807 0.02855 0.02796 0.02804 0.02775 0.02770 0.02741 0.02685 0.02308 0.02417 0.02531 0.02610 0.02763 0.02885 0.02907 0.02937 0.02951 0.02981 0.02979 0.03018 0.03036 0.03073 0.03089 0.03162 0.03232 0.03230 0.03216 0.03220 0.03122 0.03191 0.03279 0.02917 0.02879 0.02994 0.03221 0.03336 0.03478 0.03454 0.03244 0.03028 0.02986 0.02899 0.02896 0.02908 0.02999 0.02970 0.02646 0.02563 0.02441 0.02334 0.02168 0.02073 0.02400 0.02519 0.02667 0.02662 0.02687 0.02557 0.02483 0.02407 0.02425 0.02313 0.02159 0.02161
0.01702 0.01734 0.02113 0.02673 0.02656 0.02310 0.02264 0.02599 0.02009 0.02111 0.02320 0.02669 0.02825 0.02889 0.02946 0.02942 0.02866 0.02647 0.02549 0.02734 0.02853 0.02964 0.03086 0.03121 0.03128 0.03140 0.03150 0.03185 0.03195 0.03205 0.03101 0.03237 0.03325 0.03236 0.03246 0.03288 0.03262 0.03106 0.03101 0.03327 0.03340 0.03287 0.03078 0.03105 0.03229 0.03388 0.03581 0.03245 0.03086 0.03088 0.03064 0.03231 0.02981 0.02761 0.02681 0.02396 0.02678 0.02860 0.02766 0.02750 0.02672 0.02434 0.02216 0.02561 0.02324 0.02535 0.02586 0.02564 0.02586 0.02896 0.02778 0.02430 0.02377
0.01762 0.01581 0.01506 0.02104 0.02429 0.02569 0.02564 0.02718 0.02322 0.01791 0.01540 0.01432 0.01902 0.02368 0.02675 0.02987 0.03136 0.03121 0.03187 0.03203 0.03218 0.03317 0.03314 0.03311 0.03305 0.03301 0.03339 0.03274 0.03266 0.03221 0.03172 0.03233 0.03459 0.03315 0.03249 0.03063 0.03291 0.03413 0.03291 0.03263 0.03460 0.03506 0.03303 0.03499 0.03467 0.03431 0.03608 0.03709 0.03757 0.03605 0.03464 0.03416 0.03340 0.03247 0.02917 0.02684 0.02877 0.02523 0.02605 0.02744 0.02737 0.02903 0.02956 0.02915 0.02753 0.02680 0.02805 0.02843 0.03003 0.03235 0.03146 0.02878 0.02596
0.01564 0.01512 0.01574 0.01648 0.01640 0.01790 0.02110 0.02480 0.02898 0.02549 0.02247 0.01969 0.01704 0.01724 0.01799 0.01994 0.02452 0.02694 0.03102 0.03233 0.03395 0.03419 0.03520 0.03481 0.03504 0.03464 0.03302 0.03166 0.03462 0.02953 0.02895 0.02969 0.03132 0.03187 0.03242 0.03198 0.03376 0.03382 0.03410 0.03469 0.03744 0.03493 0.03475 0.03309 0.03278 0.03324 0.03469 0.03574 0.03239 0.03222 0.02981 0.02946 0.03011 0.02989 0.02677 0.02960 0.03034 0.02675 0.02869 0.02942 0.02936 0.03279 0.03160 0.03107 0.02757 0.02927 0.03073 0.03135 0.03408 0.03536 0.03329 0.02817 0.02919
0.01630 0.01734 0.01602 0.01517 0.01597 0.01792 0.01772 0.02112 0.02223 0.02169 0.02242 0.02464 0.02416 0.02404 0.02238 0.01943 0.01894 0.02046 0.02314 0.02506 0.03016 0.03353 0.03644 0.03666 0.03655 0.03439 0.03123 0.03163 0.03186 0.03178 0.02908 0.03116 0.02970 0.03552 0.03561 0.03445 0.03171 0.03362 0.03673 0.03899 0.03754 0.03620 0.03106 0.03018 0.02988 0.03169 0.03181 0.02905 0.02770 0.02905 0.02742 0.02472 0.02737 0.02544 0.02973 0.02727 0.03176 0.03409 0.03335 0.03510 0.03356 0.03426 0.03108 0.03395 0.03591 0.03705 0.03589 0.03564 0.03797 0.03825 0.03291 0.02992 0.03407
0.02172 0.02238 0.01857 0.01662 0.01664 0.01661 0.01682 0.01988 0.02440 0.01685 0.01794 0.02084 0.01724 0.01553 0.01670 0.02965 0.02253 0.01734 0.01848 0.02065 0.02453 0.03561 0.03831 0.03940 0.03919 0.03658 0.03447 0.03416 0.03285 0.03284 0.03334 0.03410 0.03872 0.03772 0.03580 0.03682 0.03472 0.03442 0.03190 0.03595 0.03625 0.03478 0.03978 0.03999 0.03667 0.03363 0.03162 0.03027 0.02880 0.03046 0.03057 0.03013 0.02811 0.02724 0.02976 0.02944 0.03464 0.03541 0.03872 0.03934 0.03656 0.03456 0.03931 0.04085 0.04053 0.04159 0.04150 0.03956 0.03989 0.04026 0.03757 0.03782 0.03779
0.02348 0.02395 0.02241 0.02205 0.02140 0.02003 0.02024 0.01964 0.02039 0.01979 0.02073 0.02280 0.01959 0.01893 0.01695 0.01952 0.02311 0.02621 0.02428 0.02379 0.02662 0.02822 0.03491 0.03923 0.03978 0.03922 0.03717 0.03761 0.03507 0.03602 0.03818 0.03730 0.03754 0.03860 0.03844 0.03828 0.03762 0.03552 0.03184 0.03240 0.03247 0.03296 0.04076 0.04180 0.03872 0.03583 0.03432 0.03082 0.02971 0.03234 0.03366 0.02922 0.03181 0.03296 0.03437 0.03591 0.03283 0.03562 0.03784 0.04049 0.04022 0.04395 0.04480 0.04374 0.04392 0.04172 0.03844 0.04078 0.04162 0.04241 0.04151 0.04117 0.03884
0.02249 0.02247 0.02296 0.02511 0.02472 0.02490 0.02443 0.02423 0.02114 0.01853 0.02082 0.02460 0.02543 0.02306 0.02254 0.02228 0.01971 0.02199 0.02469 0.02940 0.03238 0.03129 0.03077 0.03281 0.03812 0.03824 0.03659 0.03463 0.03629 0.03633 0.04166 0.04064 0.03940 0.03616 0.03713 0.03349 0.03651 0.03214 0.02837 0.03227 0.03312 0.02947 0.03263 0.03789 0.03773 0.03694 0.03824 0.03581 0.03313 0.03795 0.03976 0.04031 0.04197 0.04145 0.03994 0.03789 0.04033 0.03755 0.04148 0.04193 0.04200 0.04383 0.04519 0.04613 0.04601 0.04463 0.04204 0.03947 0.03996 0.04187 0.04336 0.03885 0.03783
0.02055 0.02010 0.02222 0.02312 0.02465 0.02549 0.02711 0.02319 0.02300 0.02182 0.01900 0.02216 0.02701 0.02857 0.02551 0.02344 0.02169 0.02241 0.02507 0.02630 0.02790 0.03082 0.03258 0.03489 0.03393 0.03675 0.03870 0.03634 0.04059 0.03826 0.04149 0.03539 0.03449 0.03969 0.03602 0.03188 0.03394 0.03608 0.03183 0.03093 0.03120 0.03400 0.03456 0.03599 0.03755 0.03652 0.03887 0.03643 0.03679 0.03645 0.03768 0.03669 0.03687 0.03810 0.03930 0.04334 0.04564 0.04752 0.04876 0.04727 0.04584 0.04701 0.04631 0.04690 0.04665 0.04561 0.03960 0.03764 0.03777 0.03953 0.04219 0.04264 0.04445
0.02170 0.02105 0.02102 0.02514 0.02559 0.02891 0.02713 0.02770 0.02982 0.02851 0.02681 0.02335 0.02566 0.02691 0.02622 0.02894 0.02798 0.02992 0.02418 0.02895 0.03164 0.03391 0.03568 0.03350 0.03029 0.03468 0.03807 0.04028 0.03552 0.03850 0.03992 0.03628 0.03396 0.03918 0.03672 0.03511 0.03242 0.03353 0.03428 0.03362 0.03503 0.03479 0.03718 0.03658 0.04184 0.04019 0.03962 0.03983 0.04001 0.03958 0.04122 0.04425 0.04294 0.04610 0.04606 0.04702 0.05005 0.05121 0.05086 0.04938 0.04827 0.04691 0.03993 0.04153 0.04082 0.04163 0.03985 0.04350 0.04232 0.04189 0.04308 0.04078 0.03757
0.02473 0.02207 0.02172 0.01953 0.02136 0.02628 0.02628 0.02657 0.02936 0.02710 0.02953 0.02843 0.02433 0.02782 0.03197 0.03367 0.03209 0.03290 0.03443 0.03019 0.03072 0.03504 0.03907 0.04330 0.03878 0.04001 0.04530 0.04189 0.04271 0.04173 0.03944 0.03785 0.03600 0.03538 0.03856 0.03482 0.03205 0.03062 0.03613 0.03756 0.03650 0.04222 0.04547 0.04763 0.05231 0.05528 0.05513 0.05616 0.05635 0.05621 0.05472 0.05206 0.04851 0.04863 0.05007 0.05318 0.05316 0.05265 0.05063 0.04964 0.04542 0.03917 0.03651 0.03782 0.03761 0.03830 0.04113 0.04331 0.04253 0.04323 0.04093 0.04163 0.04469
0.02808 0.02822 0.02442 0.02363 0.01900 0.02259 0.02606 0.02417 0.02361 0.02567 0.02856 0.02595 0.02742 0.03101 0.03081 0.03269 0.03613 0.03660 0.03581 0.03290 0.02850 0.03633 0.04214 0.04284 0.03761 0.03979 0.03986 0.03640 0.04183 0.04323 0.03968 0.03858 0.03664 0.03847 0.03827 0.03907 0.03553 0.03585 0.04048 0.04800 0.04576 0.05099 0.05965 0.06018 0.05866 0.05710 0.05300 0.05581 -9999 -9999 0.05934 0.05723 0.05855 0.05425 0.05394 0.05498 0.05382 0.05098 0.04939 0.04384 0.03901 0.03434 0.03632 0.03339 0.03195 0.03158 0.03907 0.04280 0.04240 0.04682 0.04352 0.04620 0.05005
0.03268 0.02958 0.02908 0.02967 0.02473 0.02946 0.02712 0.02535 0.02441 0.02734 0.02684 0.02718 0.03074 0.03305 0.03018 0.03413 0.03759 0.03396 0.03608 0.03954 0.03949 0.03789 0.03244 0.03687 0.03648 0.03941 0.03926 0.03963 0.03816 0.04463 0.04201 0.03923 0.03867 0.03877 0.03840 0.04769 0.05525 -9999 -9999 -9999 -9999 0.06708 -9999 0.05513 0.04712 0.05304 0.05427 0.06393 -9999 -9999 0.05724 0.05805 0.05853 0.05864 0.05989 0.05644 0.05324 0.04925 0.04680 0.04372 0.04038 0.03852 0.04229 0.03146 0.03089 0.03328 0.04276 0.04507 0.04753 0.05234 -9999 -9999 -9999
0.03623 0.03297 0.03383 0.03953 0.03057 0.03379 0.03984 0.03814 0.03795 0.03658 0.03280 0.03194 0.03431 0.04131 0.03702 0.03513 0.03416 0.03624 0.03505 0.04066 0.03975 0.04115 0.03824 0.04121 0.04003 0.03841 0.03959 0.04096 0.03984 0.04028 0.03951 0.04129 0.03814 0.04466 0.05039 -9999 -9999 -9999 -9999 -9999 -9999 -9999 0.06310 0.06072 0.06070 -9999 -9999 -9999 -9999 -9999 0.06505 0.06150 0.05317 0.05548 0.05247 0.05392 0.05554 0.05111 0.05439 0.05272 0.04869 0.04476 0.04820 0.04862 0.04432 0.03754 0.04586 0.05464 -9999 -9999 -9999 -9999 -9999
0.03627 0.03949 0.04338 0.04808 0.04759 0.04026 0.04823 0.05357 0.04951 0.05033 0.04280 0.04943 0.04912 0.05082 0.04572 0.04299 0.04404 0.04228 0.04423 0.04384 0.04337 0.03825 0.03873 0.04058 0.03957 0.03869 0.03659 0.03807 0.04015 0.03801 0.04194 0.04546 0.04788 0.06178 -9999 -9999 -9999 -9999 -9999 -9999 -9999 -9999 -9999 0.06884 -9999 -9999 -9999 -9999 0.06938 0.06754 0.06492 0.05949 0.05477 0.06059 0.06277 0.05925 0.05559 0.05704 0.05703 0.05615 0.05602 0.05016 0.05152 0.04932 0.05150 -9999 -9999 -9999 -9999 -9999 -9999 -9999 -9999
