data/hydroclimate-scenarios/1948-2000.Pcorr55N_Pref_Tref/monthly_summaries/vpd_monthly_avg_mar.1950-2000.asc
ncols	311
nrows	91
xllcenter	102.75
yllcenter	31.75
cellsize	0.5
NODATA_value	-9999
[rows 0 to 32 of 91, columns 0 to 72 of 311]
-9999 -9999 -9999 -9999 -9999 -9999 -9999 -9999 -9999 -9999 -9999 -9999 -9999 -9999 -9999 -9999 -9999 -9999 -9999 -9999 -9999 -9999 -9999 -9999 -9999 -9999 -9999 -9999 -9999 -9999 -9999 -9999 -9999 -9999 -9999 -9999 -9999 -9999 -9999 -9999 -9999 -9999 -9999 -9999 -9999 -9999 -9999 -9999 -9999 -9999 -9999 -9999 -9999 -9999 -9999 -9999 -9999 -9999 -9999 -9999 -9999 -9999 -9999 -9999 -9999 -9999 -9999 -9999 -9999 -9999 -9999 -9999 -9999
-9999 -9999 -9999 -9999 -9999 -9999 -9999 -9999 -9999 -9999 -9999 -9999 -9999 -9999 -9999 -9999 -9999 -9999 -9999 -9999 -9999 -9999 -9999 -9999 -9999 -9999 -9999 -9999 -9999 -9999 -9999 -9999 -9999 -9999 -9999 -9999 -9999 -9999 -9999 -9999 -9999 -9999 -9999 -9999 -9999 -9999 -9999 -9999 -9999 -9999 -9999 -9999 -9999 -9999 -9999 -9999 -9999 -9999 -9999 -9999 -9999 -9999 -9999 -9999 -9999 -9999 -9999 -9999 -9999 -9999 -9999 -9999 -9999
-9999 -9999 -9999 -9999 -9999 -9999 -9999 -9999 -9999 -9999 -9999 -9999 -9999 -9999 -9999 -9999 -9999 -9999 -9999 -9999 -9999 -9999 -9999 -9999 -9999 -9999 -9999 -9999 -9999 -9999 -9999 -9999 -9999 -9999 -9999 -9999 -9999 -9999 -9999 -9999 -9999 -9999 -9999 -9999 -9999 -9999 -9999 -9999 -9999 -9999 -9999 -9999 -9999 -9999 -9999 -9999 -9999 -9999 -9999 -9999 -9999 -9999 -9999 -9999 -9999 -9999 -9999 -9999 -9999 -9999 -9999 -9999 -9999
-9999 -9999 -9999 -9999 -9999 -9999 -9999 -9999 -9999 -9999 -9999 -9999 -9999 -9999 -9999 -9999 -9999 -9999 -9999 -9999 -9999 -9999 -9999 -9999 -9999 -9999 -9999 -9999 -9999 -9999 -9999 -9999 -9999 -9999 -9999 -9999 -9999 -9999 -9999 -9999 -9999 -9999 -9999 -9999 -9999 -9999 -9999 -9999 -9999 -9999 -9999 -9999 -9999 -9999 -9999 -9999 -9999 -9999 -9999 -9999 -9999 -9999 -9999 -9999 -9999 -9999 -9999 -9999 -9999 -9999 -9999 -9999 -9999
-9999 -9999 -9999 -9999 -9999 -9999 -9999 -9999 -9999 -9999 -9999 -9999 -9999 -9999 -9999 -9999 -9999 -9999 -9999 -9999 -9999 -9999 -9999 -9999 -9999 -9999 -9999 -9999 -9999 -9999 -9999 -9999 -9999 -9999 -9999 -9999 -9999 -9999 -9999 -9999 -9999 -9999 -9999 -9999 -9999 -9999 -9999 -9999 -9999 -9999 -9999 -9999 -9999 -9999 -9999 -9999 -9999 -9999 -9999 -9999 -9999 -9999 -9999 -9999 -9999 -9999 -9999 -9999 -9999 -9999 -9999 -9999 -9999
-9999 -9999 -9999 -9999 -9999 -9999 -9999 -9999 -9999 -9999 -9999 -9999 -9999 -9999 -9999 -9999 -9999 -9999 -9999 -9999 -9999 -9999 -9999 -9999 -9999 -9999 -9999 -9999 -9999 -9999 -9999 -9999 -9999 -9999 -9999 -9999 -9999 -9999 -9999 -9999 -9999 -9999 -9999 -9999 -9999 -9999 -9999 -9999 -9999 -9999 -9999 -9999 -9999 -9999 -9999 -9999 -9999 -9999 -9999 -9999 -9999 -9999 -9999 -9999 -9999 -9999 -9999 -9999 -9999 -9999 -9999 -9999 -9999
-9999 -9999 -9999 -9999 -9999 -9999 -9999 -9999 -9999 -9999 -9999 -9999 -9999 -9999 -9999 -9999 -9999 -9999 -9999 -9999 -9999 -9999 -9999 -9999 -9999 -9999 -9999 -9999 -9999 -9999 -9999 -9999 -9999 -9999 -9999 -9999 -9999 -9999 -9999 -9999 -9999 -9999 -9999 -9999 -9999 -9999 -9999 -9999 -9999 -9999 -9999 -9999 -9999 -9999 -9999 -9999 -9999 -9999 -9999 -9999 -9999 -9999 -9999 -9999 -9999 -9999 -9999 -9999 -9999 -9999 -9999 -9999 -9999
-9999 -9999 -9999 -9999 -9999 -9999 -9999 -9999 -9999 -9999 -9999 -9999 -9999 -9999 -9999 -9999 -9999 -9999 -9999 -9999 -9999 -9999 -9999 -9999 -9999 -9999 -9999 -9999 -9999 -9999 -9999 -9999 -9999 -9999 -9999 -9999 -9999 -9999 -9999 -9999 -9999 -9999 0.01840 0.01793 0.01779 0.01773 0.01783 0.01781 0.01784 0.01799 0.01817 0.01863 -9999 -9999 -9999 -9999 -9999 -9999 -9999 -9999 -9999 -9999 -9999 -9999 -9999 -9999 -9999 -9999 -9999 -9999 -9999 -9999 -9999
-9999 -9999 -9999 -9999 -9999 -9999 -9999 -9999 -9999 -9999 -9999 -9999 -9999 -9999 -9999 -9999 -9999 -9999 -9999 -9999 -9999 -9999 -9999 -9999 -9999 -9999 -9999 -9999 -9999 -9999 -9999 -9999 -9999 -9999 -9999 -9999 -9999 -9999 0.01934 0.01780 0.01813 0.01855 0.01814 0.01831 0.01842 0.01847 0.01853 0.01841 0.01829 0.01886 0.01908 0.01958 0.01970 0.02851 -9999 -9999 -9999 -9999 -9999 -9999 -9999 -9999 -9999 -9999 -9999 -9999 -9999 -9999 -9999 -9999 -9999 -9999 -9999
-9999 -9999 -9999 -9999 -9999 -9999 -9999 -9999 -9999 -9999 -9999 -9999 -9999 -9999 -9999 -9999 -9999 -9999 -9999 -9999 -9999 -9999 -9999 -9999 -9999 -9999 -9999 -9999 -9999 -9999 -9999 -9999 -9999 -9999 -9999 -9999 -9999 -9999 -9999 -9999 0.01951 0.01937 0.01837 0.01803 0.01824 0.01778 0.01855 0.01950 0.01920 0.01936 0.01922 0.02050 0.02058 0.02928 -9999 -9999 -9999 -9999 -9999 -9999 -9999 -9999 -9999 -9999 -9999 -9999 -9999 -9999 -9999 -9999 -9999 -9999 -9999
-9999 -9999 -9999 -9999 -9999 -9999 -9999 -9999 -9999 -9999 -9999 -9999 -9999 -9999 -9999 -9999 -9999 -9999 -9999 -9999 -9999 -9999 -9999 -9999 -9999 -9999 -9999 -9999 -9999 -9999 -9999 -9999 -9999 -9999 -9999 -9999 -9999 -9999 -9999 -9999 -9999 -9999 -9999 -9999 0.01949 0.01891 0.01816 0.01809 0.01883 0.01991 0.01972 0.01910 0.02075 0.02920 -9999 -9999 -9999 -9999 -9999 -9999 0.02172 -9999 -9999 -9999 -9999 -9999 -9999 -9999 -9999 -9999 -9999 -9999 -9999
-9999 -9999 -9999 -9999 -9999 -9999 -9999 -9999 -9999 -9999 -9999 -9999 -9999 -9999 -9999 -9999 -9999 -9999 -9999 -9999 -9999 -9999 -9999 -9999 -9999 -9999 -9999 -9999 -9999 -9999 -9999 -9999 -9999 -9999 -9999 -9999 -9999 -9999 -9999 -9999 -9999 0.01940 0.01945 0.01882 0.01905 0.02013 0.01937 0.01852 0.01966 0.02034 0.01974 0.01951 0.02113 0.02172 -9999 -9999 -9999 -9999 -9999 0.02325 0.02279 0.02309 0.02318 0.02295 0.02311 0.02303 0.02284 0.02281 0.02276 0.02296 0.02246 0.02221 0.02190
-9999 -9999 -9999 -9999 -9999 -9999 -9999 -9999 -9999 -9999 -9999 -9999 -9999 -9999 -9999 -9999 -9999 -9999 -9999 -9999 -9999 -9999 -9999 -9999 -9999 -9999 -9999 -9999 -9999 -9999 -9999 -9999 -9999 -9999 -9999 -9999 -9999 -9999 -9999 -9999 -9999 0.02111 0.02101 0.02106 0.02214 0.02187 0.02213 0.02176 0.02159 0.02199 0.02152 0.01927 0.01930 0.02035 0.02143 0.02081 0.02296 -9999 0.02458 0.02464 0.02435 0.02423 0.02410 0.02279 0.02284 0.02337 0.02373 0.02405 0.02426 0.02367 0.02389 0.02331 0.02308
-9999 -9999 -9999 -9999 -9999 -9999 -9999 -9999 -9999 -9999 -9999 -9999 -9999 -9999 -9999 -9999 -9999 -9999 -9999 -9999 -9999 -9999 -9999 -9999 -9999 -9999 -9999 -9999 -9999 -9999 -9999 -9999 -9999 -9999 -9999 0.02587 0.02579 0.02394 0.02335 0.02426 0.02420 0.02417 0.02397 0.02358 0.02363 0.02331 0.02358 0.02355 0.02330 0.02216 0.02086 0.01943 0.01756 0.01912 0.01911 0.01830 0.02094 0.02317 0.02520 0.02553 0.02552 0.02495 0.02508 0.02069 0.02178 0.02389 0.02398 0.02436 0.02521 0.02432 0.02421 0.02400 0.02315
-9999 -9999 -9999 -9999 -9999 -9999 -9999 -9999 -9999 -9999 -9999 -9999 -9999 -9999 -9999 -9999 -9999 -9999 -9999 -9999 -9999 -9999 -9999 -9999 -9999 -9999 -9999 -9999 -9999 -9999 -9999 -9999 -9999 -9999 0.03003 0.02708 0.02646 0.02617 0.02604 0.02658 0.02675 0.02609 0.02607 0.02556 0.02536 0.02525 0.02529 0.02433 0.02250 0.02058 0.01881 0.01869 0.01676 0.01629 0.01696 0.01889 0.02197 0.02367 0.02704 0.02747 0.02595 0.02374 0.02310 0.02138 0.02436 0.02568 0.02483 0.02401 0.02133 0.02185 0.02002 0.01949 0.01917
-9999 -9999 -9999 -9999 -9999 -9999 -9999 -9999 -9999 -9999 -9999 -9999 -9999 -9999 -9999 -9999 -9999 -9999 -9999 -9999 -9999 -9999 -9999 -9999 -9999 -9999 -9999 -9999 -9999 -9999 -9999 -9999 -9999 0.03096 0.03048 0.02909 0.02882 0.02815 0.02810 0.02893 0.02856 0.02725 0.02767 0.02696 0.02677 0.02625 0.02521 0.02447 0.02061 0.01885 0.01707 0.01586 0.01365 0.01578 0.01829 0.01989 0.02053 0.02529 0.02719 0.02691 0.02483 0.02600 0.02682 0.02751 0.02702 0.02582 0.02397 0.02348 0.02312 0.02245 0.02127 0.02078 0.02025
-9999 -9999 -9999 -9999 -9999 -9999 -9999 -9999 -9999 -9999 -9999 -9999 -9999 -9999 -9999 -9999 -9999 -9999 -9999 -9999 -9999 -9999 -9999 -9999 -9999 -9999 -9999 -9999 -9999 -9999 -9999 0.03656 0.03513 0.03333 0.03314 0.03185 0.03177 0.03119 0.03072 0.03073 0.02997 0.02894 0.02907 0.02848 0.02762 0.02654 0.02623 0.02615 0.02277 0.02093 0.01833 0.01664 0.01319 0.01530 0.01755 0.02015 0.02386 0.02513 0.02322 0.02469 0.02654 0.02759 0.02721 0.02985 0.02852 0.02683 0.02659 0.02701 0.02656 0.02189 0.01976 0.01856 0.02124
-9999 -9999 -9999 -9999 -9999 -9999 -9999 -9999 -9999 -9999 -9999 -9999 -9999 -9999 -9999 -9999 -9999 -9999 -9999 -9999 -9999 -9999 -9999 -9999 -9999 -9999 -9999 -9999 -9999 0.04129 0.04009 0.03742 0.03650 0.03555 0.03538 0.03447 0.03380 0.03341 0.03249 0.03261 0.03204 0.03037 0.03029 0.02960 0.02875 0.02681 0.02652 0.02558 0.02029 0.01903 0.01744 0.01474 0.01355 0.01642 0.01688 0.01956 0.02395 0.02438 0.02618 0.02918 0.02864 0.02792 0.02783 0.02807 0.02930 0.02874 0.02553 0.02374 0.02310 0.02237 0.02337 0.01861 0.01365
-9999 -9999 -9999 -9999 -9999 -9999 -9999 -9999 -9999 -9999 -9999 -9999 -9999 -9999 -9999 -9999 -9999 -9999 -9999 -9999 -9999 -9999 -9999 -9999 0.04133 0.04177 0.04279 0.04431 0.04260 0.04106 0.03911 0.03971 0.03912 0.03751 0.03630 0.03700 0.03527 0.03370 0.03337 0.03334 0.03341 0.03222 0.03125 0.03120 0.03005 0.02873 0.02846 0.02481 0.02087 0.01958 0.01948 0.01522 0.01563 0.01820 0.02089 0.02272 0.02540 0.02680 0.02632 0.02832 0.03015 0.03057 0.03111 0.03135 0.03105 0.02946 0.03052 0.03104 0.02932 0.02572 0.01911 0.01747 0.01520
-9999 -9999 -9999 -9999 -9999 -9999 0.04740 0.04781 0.04937 0.04808 0.04805 -9999 -9999 -9999 -9999 -9999 -9999 -9999 -9999 -9999 -9999 0.04540 0.04212 0.04299 0.04249 0.04256 0.04286 0.04284 0.04267 0.04269 0.04235 0.04185 0.03989 0.03956 0.03845 0.03776 0.03658 0.03590 0.03516 0.03505 0.03479 0.03416 0.03362 0.03225 0.03129 0.02987 0.02987 0.02691 0.02240 0.02095 0.01877 0.01760 0.01637 0.01893 0.02357 0.02590 0.02626 0.02779 0.03015 0.03193 0.03175 0.03163 0.02933 0.02868 0.02775 0.03331 0.03469 0.03155 0.03040 0.03001 0.02775 0.02063 0.01751
-9999 -9999 -9999 -9999 -9999 0.05089 0.04938 0.04653 0.04978 0.04817 0.04874 0.04515 0.04582 0.04437 -9999 -9999 -9999 0.04552 0.04522 0.04504 0.04478 0.04443 0.04441 0.04518 0.04368 0.04487 0.04456 0.04543 0.04506 0.04464 0.04561 0.04535 0.04444 0.04382 0.04251 0.04080 0.03940 0.03850 0.03749 0.03795 0.03639 0.03539 0.03466 0.03443 0.03332 0.03261 0.02888 0.02473 0.02199 0.02084 0.01970 0.01876 0.01959 0.02281 0.02466 0.02522 0.02589 0.02881 0.03365 0.03236 0.03287 0.03176 0.02998 0.03117 0.02749 0.02438 0.02592 0.02622 0.02805 0.02683 0.02615 0.02176 0.01937
-9999 0.05535 0.05553 0.05680 0.05396 0.05382 0.05232 0.05116 0.05009 0.05049 0.04913 0.04765 0.04650 0.04690 0.04818 0.04993 0.05288 0.04830 0.04693 0.04978 0.04957 0.04948 0.04894 0.05019 0.05097 0.04819 0.04815 0.04871 0.04727 0.04777 0.04874 0.04867 0.04807 0.04746 0.04573 0.04361 0.04281 0.04111 0.04087 0.04054 0.03847 0.03833 0.03766 0.03704 0.03662 0.03547 0.03183 0.02860 0.02571 0.02388 0.02213 0.01968 0.02066 0.01974 0.02155 0.02330 0.02598 0.03228 0.03147 0.03210 0.03415 0.03157 0.02833 0.02887 0.02568 0.02595 0.02841 0.02594 0.02828 0.02490 0.02092 0.01772 0.01797
-9999 0.05493 0.05820 0.05821 0.05861 0.05922 0.05883 0.05766 0.05737 0.05562 0.05456 0.05255 0.04976 0.05028 0.05065 0.05033 0.05118 0.04948 0.05112 0.05177 0.05075 0.05055 0.05067 0.05422 0.05416 0.05445 0.05276 0.05148 0.05128 0.05157 0.05161 0.05219 0.05127 0.05113 0.04938 0.04838 0.04644 0.04555 0.04478 0.04219 0.04172 0.04097 0.04008 0.04068 0.04025 0.03948 0.03794 0.03329 0.02984 0.02706 0.02607 0.02249 0.02245 0.01887 0.01942 0.02372 0.02700 0.02898 0.03096 0.02947 0.03193 0.02991 0.02852 0.02993 0.02772 0.02642 0.02520 0.02678 0.02662 0.02590 0.02483 0.02101 0.01780
-9999 -9999 -9999 0.05893 0.05854 0.06162 0.06090 0.06154 0.06001 0.06126 0.05905 0.06044 0.05975 0.05946 0.05595 0.05712 0.05507 0.05742 0.05623 0.05441 0.05407 0.05442 0.05425 0.05604 0.05754 0.05798 0.05848 0.05714 0.05919 0.05707 0.05712 0.05642 0.05594 0.05595 0.05460 0.05287 0.05152 0.04936 0.04815 0.04687 0.04619 0.04497 0.04423 0.04381 0.04299 0.04257 0.03975 0.03660 0.03462 0.03194 0.02839 0.02537 0.02317 0.02114 0.02312 0.02325 0.02747 0.02894 0.02800 0.02848 0.03263 0.02867 0.02806 0.02736 0.02813 0.02879 0.02985 0.02749 0.02581 0.02445 0.02367 0.02285 0.02211
-9999 -9999 -9999 -9999 -9999 -9999 0.06503 0.06484 0.06325 0.06505 0.06594 0.06432 0.06518 0.06648 0.06429 0.06440 0.06252 0.06147 0.06349 0.06235 0.06179 0.05963 0.06062 0.06067 0.06164 0.06075 0.06133 0.06437 0.06478 0.06313 0.06194 0.06117 0.05975 0.05946 0.05926 0.05821 0.05644 0.05481 0.05311 0.05060 0.04928 0.04808 0.04713 0.04716 0.04623 0.04532 0.04518 0.03843 0.03790 0.03313 0.02834 0.02399 0.02309 0.02806 0.02532 0.02470 0.02726 0.02491 0.02342 0.02602 0.02482 0.02522 0.02464 0.02441 0.02583 0.02505 0.02954 0.02730 0.02566 0.02525 0.02396 0.02351 0.02370
-9999 -9999 -9999 -9999 -9999 -9999 0.06977 0.06849 0.07000 0.06765 0.06865 0.06893 0.06974 0.07192 0.07082 0.06895 0.06706 0.06643 0.06533 0.06511 0.06388 0.06246 0.06246 0.06285 0.06378 0.06819 0.06994 0.06936 0.06930 0.06826 0.06639 0.06640 0.06512 0.06454 0.06266 0.06211 0.06251 0.06127 0.05862 0.05532 0.05270 0.05187 0.05037 0.05029 0.05022 0.04956 0.04901 0.04803 0.04589 0.04299 0.03773 0.03465 0.03223 0.03092 0.03112 0.03500 0.03361 0.02986 0.03106 0.02893 0.02390 0.02481 0.02492 0.02591 0.02542 0.02928 0.02993 0.03022 0.02976 0.02911 0.02529 0.02481 0.02368
-9999 -9999 -9999 -9999 -9999 -9999 -9999 -9999 -9999 -9999 0.07844 0.07284 0.07382 0.07926 0.07642 0.07229 0.07071 0.06977 0.07097 0.07052 0.06925 0.06785 0.06827 0.06826 0.06952 0.06723 0.06915 0.07281 0.07365 0.07134 0.07140 0.07004 0.06932 0.06908 0.06820 0.07039 0.06707 0.06722 0.06607 0.06134 0.05932 0.05709 0.05639 0.05340 0.05290 0.05157 0.05102 0.05131 0.05160 0.05212 0.05213 0.05087 0.04917 0.05015 0.05022 0.05091 0.05065 0.04866 0.04558 0.04377 0.04332 0.03997 0.03914 0.03548 0.03404 0.03703 0.03697 0.03611 0.03336 0.03346 0.02972 0.02454 0.02226
-9999 -9999 -9999 -9999 -9999 -9999 -9999 -9999 -9999 -9999 0.08999 0.08588 0.08077 0.08457 0.08340 0.07734 0.07530 0.07409 0.07264 0.07091 0.07068 0.07003 0.06959 0.07109 0.07147 0.07562 0.07805 0.07880 0.07959 0.07748 0.07624 0.07562 0.07385 0.07475 0.07181 0.07166 0.07109 0.06922 0.06728 0.06319 0.06102 0.05929 0.05737 0.05481 0.05319 0.05239 0.05162 0.05303 0.05316 0.05409 0.05650 0.05474 0.05615 0.05493 0.05741 0.05705 0.05706 0.05662 0.05708 0.05285 0.05282 0.05368 0.05398 0.05393 0.05265 0.05263 0.05058 0.04834 0.04600 0.03678 0.03424 0.03097 0.02770
-9999 -9999 -9999 -9999 -9999 -9999 -9999 -9999 -9999 -9999 -9999 -9999 0.09151 0.08295 0.08219 0.08125 0.08407 0.08640 0.08096 0.08022 0.07934 0.07759 0.07713 0.07824 0.08128 0.08314 0.08375 0.08316 0.08282 0.08393 0.08345 0.08130 0.07885 0.07680 0.07568 0.07443 0.07245 0.06966 0.06769 0.06377 0.06271 0.06055 0.05839 0.05676 0.05585 0.05449 0.05396 0.05466 0.05485 0.05616 0.05692 0.05682 0.05662 0.05661 0.06055 0.06043 0.06067 0.05796 0.05671 0.05521 0.05541 0.05552 0.05582 0.05659 0.05679 0.05638 0.05655 0.05525 0.05216 0.04579 0.03630 0.02999 0.02988
-9999 -9999 -9999 -9999 -9999 -9999 -9999 -9999 -9999 -9999 -9999 -9999 0.09929 0.09366 0.09024 0.08881 0.08973 0.08985 0.08385 0.08188 0.08277 0.07788 0.08033 0.08379 0.08199 0.08555 0.08859 0.08916 0.08825 0.08971 0.09038 0.08663 0.08436 0.08146 0.07740 0.07687 0.07332 0.06812 0.06792 0.06671 0.06607 0.06475 0.06315 0.06055 0.05935 0.05818 0.05771 0.05747 0.05794 0.05715 0.05779 0.05987 0.06096 0.06032 0.06295 0.06318 0.06336 0.06065 0.06000 0.05963 0.05922 0.05888 0.05990 0.05937 0.05954 0.05930 0.05893 0.05738 0.05222 0.04345 0.03956 0.03878 0.03457
-9999 -9999 -9999 -9999 -9999 -9999 -9999 -9999 -9999 -9999 -9999 0.10405 0.09898 0.10217 0.10148 0.08928 0.08605 0.08567 0.08308 0.08158 0.08795 0.08001 0.08309 0.08331 0.08334 0.08549 0.08635 0.08859 0.09154 0.09432 0.09353 0.09124 0.08959 0.08666 0.08303 0.08489 0.07913 0.07480 0.07046 0.06565 0.06465 0.06205 0.06061 0.06053 0.06083 0.06167 0.06186 0.06243 0.06284 0.06168 0.06190 0.06208 0.06294 0.06410 0.06803 0.06585 0.06495 0.06424 0.06366 0.06315 0.06335 0.06234 0.06281 0.06294 0.06208 0.06278 0.06024 0.05526 0.04892 0.04048 0.03392 0.03148 0.03560
-9999 -9999 -9999 -9999 -9999 -9999 -9999 -9999 -9999 -9999 -9999 0.10983 0.10851 0.10445 0.10617 0.09397 0.09008 0.08754 0.08649 0.08459 0.08506 0.08483 0.08590 0.08965 0.08956 0.09117 0.09063 0.08963 0.09450 0.09440 0.09184 0.09194 0.09107 0.09020 0.08605 0.08643 0.08469 0.07739 0.07087 0.07121 0.06980 0.06601 0.06301 0.06231 0.06178 0.06124 0.06189 0.06426 0.06653 0.06706 0.06750 0.06938 0.06896 0.06787 0.06713 0.06673 0.06523 0.06604 0.06670 0.06640 0.06630 0.06539 0.06590 0.06603 0.06574 0.06523 0.06155 0.05937 0.04889 0.03997 0.03957 0.03975 0.03815
-9999 -9999 -9999 -9999 -9999 -9999 -9999 -9999 -9999 -9999 -9999 0.10840 0.10515 0.10393 0.10272 0.09541 0.09429 0.09202 0.09123 0.08991 0.08719 0.09038 0.09510 0.09380 0.09573 0.09512 0.09361 0.09474 0.09602 0.09692 0.09221 0.09333 0.09359 0.09238 0.08657 0.09068 0.08854 0.08530 0.08111 0.07688 0.07534 0.07293 0.07150 0.06871 0.06555 0.06474 0.06375 0.06163 0.06097 0.06251 0.06351 0.06346 0.06487 0.06294 0.06584 0.06775 0.06846 0.06831 0.07182 0.06993 0.06997 0.07031 0.07226 0.07214 0.07324 0.07475 0.06947 0.06310 0.05403 0.04759 0.04968 0.03925 0.03885
