data/hydroclimate-scenarios/1948-2000.Pcorr55N_Pref_Tref/monthly_summaries/vpd_monthly_avg_nov.1950-2000.asc
ncols	311
nrows	91
xllcenter	102.75
yllcenter	31.75
cellsize	0.5
NODATA_value	-9999
[rows 0 to 32 of 91, columns 0 to 72 of 311]
-9999 -9999 -9999 -9999 -9999 -9999 -9999 -9999 -9999 -9999 -9999 -9999 -9999 -9999 -9999 -9999 -9999 -9999 -9999 -9999 -9999 -9999 -9999 -9999 -9999 -9999 -9999 -9999 -9999 -9999 -9999 -9999 -9999 -9999 -9999 -9999 -9999 -9999 -9999 -9999 -9999 -9999 -9999 -9999 -9999 -9999 -9999 -9999 -9999 -9999 -9999 -9999 -9999 -9999 -9999 -9999 -9999 -9999 -9999 -9999 -9999 -9999 -9999 -9999 -9999 -9999 -9999 -9999 -9999 -9999 -9999 -9999 -9999
-9999 -9999 -9999 -9999 -9999 -9999 -9999 -9999 -9999 -9999 -9999 -9999 -9999 -9999 -9999 -9999 -9999 -9999 -9999 -9999 -9999 -9999 -9999 -9999 -9999 -9999 -9999 -9999 -9999 -9999 -9999 -9999 -9999 -9999 -9999 -9999 -9999 -9999 -9999 -9999 -9999 -9999 -9999 -9999 -9999 -9999 -9999 -9999 -9999 -9999 -9999 -9999 -9999 -9999 -9999 -9999 -9999 -9999 -9999 -9999 -9999 -9999 -9999 -9999 -9999 -9999 -9999 -9999 -9999 -9999 -9999 -9999 -9999
-9999 -9999 -9999 -9999 -9999 -9999 -9999 -9999 -9999 -9999 -9999 -9999 -9999 -9999 -9999 -9999 -9999 -9999 -9999 -9999 -9999 -9999 -9999 -9999 -9999 -9999 -9999 -9999 -9999 -9999 -9999 -9999 -9999 -9999 -9999 -9999 -9999 -9999 -9999 -9999 -9999 -9999 -9999 -9999 -9999 -9999 -9999 -9999 -9999 -9999 -9999 -9999 -9999 -9999 -9999 -9999 -9999 -9999 -9999 -9999 -9999 -9999 -9999 -9999 -9999 -9999 -9999 -9999 -9999 -9999 -9999 -9999 -9999
-9999 -9999 -9999 -9999 -9999 -9999 -9999 -9999 -9999 -9999 -9999 -9999 -9999 -9999 -9999 -9999 -9999 -9999 -9999 -9999 -9999 -9999 -9999 -9999 -9999 -9999 -9999 -9999 -9999 -9999 -9999 -9999 -9999 -9999 -9999 -9999 -9999 -9999 -9999 -9999 -9999 -9999 -9999 -9999 -9999 -9999 -9999 -9999 -9999 -9999 -9999 -9999 -9999 -9999 -9999 -9999 -9999 -9999 -9999 -9999 -9999 -9999 -9999 -9999 -9999 -9999 -9999 -9999 -9999 -9999 -9999 -9999 -9999
-9999 -9999 -9999 -9999 -9999 -9999 -9999 -9999 -9999 -9999 -9999 -9999 -9999 -9999 -9999 -9999 -9999 -9999 -9999 -9999 -9999 -9999 -9999 -9999 -9999 -9999 -9999 -9999 -9999 -9999 -9999 -9999 -9999 -9999 -9999 -9999 -9999 -9999 -9999 -9999 -9999 -9999 -9999 -9999 -9999 -9999 -9999 -9999 -9999 -9999 -9999 -9999 -9999 -9999 -9999 -9999 -9999 -9999 -9999 -9999 -9999 -9999 -9999 -9999 -9999 -9999 -9999 -9999 -9999 -9999 -9999 -9999 -9999
-9999 -9999 -9999 -9999 -9999 -9999 -9999 -9999 -9999 -9999 -9999 -9999 -9999 -9999 -9999 -9999 -9999 -9999 -9999 -9999 -9999 -9999 -9999 -9999 -9999 -9999 -9999 -9999 -9999 -9999 -9999 -9999 -9999 -9999 -9999 -9999 -9999 -9999 -9999 -9999 -9999 -9999 -9999 -9999 -9999 -9999 -9999 -9999 -9999 -9999 -9999 -9999 -9999 -9999 -9999 -9999 -9999 -9999 -9999 -9999 -9999 -9999 -9999 -9999 -9999 -9999 -9999 -9999 -9999 -9999 -9999 -9999 -9999
-9999 -9999 -9999 -9999 -9999 -9999 -9999 -9999 -9999 -9999 -9999 -9999 -9999 -9999 -9999 -9999 -9999 -9999 -9999 -9999 -9999 -9999 -9999 -9999 -9999 -9999 -9999 -9999 -9999 -9999 -9999 -9999 -9999 -9999 -9999 -9999 -9999 -9999 -9999 -9999 -9999 -9999 -9999 -9999 -9999 -9999 -9999 -9999 -9999 -9999 -9999 -9999 -9999 -9999 -9999 -9999 -9999 -9999 -9999 -9999 -9999 -9999 -9999 -9999 -9999 -9999 -9999 -9999 -9999 -9999 -9999 -9999 -9999
-9999 -9999 -9999 -9999 -9999 -9999 -9999 -9999 -9999 -9999 -9999 -9999 -9999 -9999 -9999 -9999 -9999 -9999 -9999 -9999 -9999 -9999 -9999 -9999 -9999 -9999 -9999 -9999 -9999 -9999 -9999 -9999 -9999 -9999 -9999 -9999 -9999 -9999 -9999 -9999 -9999 -9999 0.00672 0.00644 0.00630 0.00615 0.00616 0.00609 0.00596 0.00598 0.00595 0.00587 -9999 -9999 -9999 -9999 -9999 -9999 -9999 -9999 -9999 -9999 -9999 -9999 -9999 -9999 -9999 -9999 -9999 -9999 -9999 -9999 -9999
-9999 -9999 -9999 -9999 -9999 -9999 -9999 -9999 -9999 -9999 -9999 -9999 -9999 -9999 -9999 -9999 -9999 -9999 -9999 -9999 -9999 -9999 -9999 -9999 -9999 -9999 -9999 -9999 -9999 -9999 -9999 -9999 -9999 -9999 -9999 -9999 -9999 -9999 0.00722 0.00688 0.00686 0.00695 0.00672 0.00673 0.00657 0.00653 0.00647 0.00630 0.00625 0.00623 0.00609 0.00615 0.00602 0.01151 -9999 -9999 -9999 -9999 -9999 -9999 -9999 -9999 -9999 -9999 -9999 -9999 -9999 -9999 -9999 -9999 -9999 -9999 -9999
-9999 -9999 -9999 -9999 -9999 -9999 -9999 -9999 -9999 -9999 -9999 -9999 -9999 -9999 -9999 -9999 -9999 -9999 -9999 -9999 -9999 -9999 -9999 -9999 -9999 -9999 -9999 -9999 -9999 -9999 -9999 -9999 -9999 -9999 -9999 -9999 -9999 -9999 -9999 -9999 0.00725 0.00718 0.00678 0.00652 0.00655 0.00640 0.00645 0.00659 0.00646 0.00625 0.00625 0.00632 0.00627 0.01133 -9999 -9999 -9999 -9999 -9999 -9999 -9999 -9999 -9999 -9999 -9999 -9999 -9999 -9999 -9999 -9999 -9999 -9999 -9999
-9999 -9999 -9999 -9999 -9999 -9999 -9999 -9999 -9999 -9999 -9999 -9999 -9999 -9999 -9999 -9999 -9999 -9999 -9999 -9999 -9999 -9999 -9999 -9999 -9999 -9999 -9999 -9999 -9999 -9999 -9999 -9999 -9999 -9999 -9999 -9999 -9999 -9999 -9999 -9999 -9999 -9999 -9999 -9999 0.00691 0.00692 0.00641 0.00639 0.00644 0.00654 0.00634 0.00595 0.00632 0.01084 -9999 -9999 -9999 -9999 -9999 -9999 0.00648 -9999 -9999 -9999 -9999 -9999 -9999 -9999 -9999 -9999 -9999 -9999 -9999
-9999 -9999 -9999 -9999 -9999 -9999 -9999 -9999 -9999 -9999 -9999 -9999 -9999 -9999 -9999 -9999 -9999 -9999 -9999 -9999 -9999 -9999 -9999 -9999 -9999 -9999 -9999 -9999 -9999 -9999 -9999 -9999 -9999 -9999 -9999 -9999 -9999 -9999 -9999 -9999 -9999 0.00728 0.00719 0.00696 0.00680 0.00714 0.00672 0.00655 0.00675 0.00663 0.00639 0.00613 0.00635 0.00648 -9999 -9999 -9999 -9999 -9999 0.00669 0.00670 0.00655 0.00663 0.00651 0.00659 0.00651 0.00651 0.00650 0.00665 0.00679 0.00694 0.00714 0.00723
-9999 -9999 -9999 -9999 -9999 -9999 -9999 -9999 -9999 -9999 -9999 -9999 -9999 -9999 -9999 -9999 -9999 -9999 -9999 -9999 -9999 -9999 -9999 -9999 -9999 -9999 -9999 -9999 -9999 -9999 -9999 -9999 -9999 -9999 -9999 -9999 -9999 -9999 -9999 -9999 -9999 0.00775 0.00741 0.00741 0.00759 0.00761 0.00755 0.00733 0.00718 0.00697 0.00666 0.00595 0.00585 0.00604 0.00621 0.00621 0.00653 -9999 0.00682 0.00668 0.00661 0.00648 0.00641 0.00621 0.00621 0.00631 0.00652 0.00664 0.00677 0.00689 0.00702 0.00714 0.00712
-9999 -9999 -9999 -9999 -9999 -9999 -9999 -9999 -9999 -9999 -9999 -9999 -9999 -9999 -9999 -9999 -9999 -9999 -9999 -9999 -9999 -9999 -9999 -9999 -9999 -9999 -9999 -9999 -9999 -9999 -9999 -9999 -9999 -9999 -9999 0.00975 0.00952 0.00890 0.00872 0.00866 0.00856 0.00850 0.00824 0.00820 0.00811 0.00812 0.00804 0.00789 0.00759 0.00709 0.00642 0.00590 0.00534 0.00570 0.00558 0.00560 0.00612 0.00650 0.00684 0.00677 0.00677 0.00648 0.00643 0.00562 0.00586 0.00632 0.00633 0.00651 0.00677 0.00673 0.00695 0.00719 0.00713
-9999 -9999 -9999 -9999 -9999 -9999 -9999 -9999 -9999 -9999 -9999 -9999 -9999 -9999 -9999 -9999 -9999 -9999 -9999 -9999 -9999 -9999 -9999 -9999 -9999 -9999 -9999 -9999 -9999 -9999 -9999 -9999 -9999 -9999 0.01090 0.01005 0.00993 0.00960 0.00936 0.00923 0.00911 0.00906 0.00885 0.00864 0.00847 0.00836 0.00820 0.00777 0.00722 0.00646 0.00593 0.00562 0.00509 0.00494 0.00505 0.00557 0.00602 0.00627 0.00693 0.00676 0.00653 0.00592 0.00582 0.00543 0.00619 0.00642 0.00630 0.00617 0.00576 0.00609 0.00590 0.00598 0.00604
-9999 -9999 -9999 -9999 -9999 -9999 -9999 -9999 -9999 -9999 -9999 -9999 -9999 -9999 -9999 -9999 -9999 -9999 -9999 -9999 -9999 -9999 -9999 -9999 -9999 -9999 -9999 -9999 -9999 -9999 -9999 -9999 -9999 0.01131 0.01104 0.01068 0.01055 0.01021 0.01006 0.00980 0.00979 0.00933 0.00934 0.00918 0.00892 0.00862 0.00841 0.00790 0.00678 0.00611 0.00542 0.00495 0.00429 0.00490 0.00532 0.00564 0.00571 0.00657 0.00692 0.00648 0.00618 0.00625 0.00632 0.00648 0.00647 0.00630 0.00606 0.00601 0.00600 0.00615 0.00602 0.00609 0.00615
-9999 -9999 -9999 -9999 -9999 -9999 -9999 -9999 -9999 -9999 -9999 -9999 -9999 -9999 -9999 -9999 -9999 -9999 -9999 -9999 -9999 -9999 -9999 -9999 -9999 -9999 -9999 -9999 -9999 -9999 -9999 0.01341 0.01298 0.01242 0.01215 0.01168 0.01147 0.01106 0.01070 0.01045 0.01022 0.00991 0.00968 0.00958 0.00902 0.00869 0.00856 0.00827 0.00732 0.00650 0.00578 0.00515 0.00424 0.00475 0.00520 0.00567 0.00633 0.00632 0.00591 0.00593 0.00630 0.00633 0.00635 0.00678 0.00664 0.00635 0.00641 0.00666 0.00665 0.00598 0.00562 0.00550 0.00635
-9999 -9999 -9999 -9999 -9999 -9999 -9999 -9999 -9999 -9999 -9999 -9999 -9999 -9999 -9999 -9999 -9999 -9999 -9999 -9999 -9999 -9999 -9999 -9999 -9999 -9999 -9999 -9999 -9999 0.01494 0.01450 0.01364 0.01329 0.01287 0.01268 0.01232 0.01228 0.01184 0.01154 0.01088 0.01088 0.01039 0.01020 0.01008 0.00955 0.00894 0.00862 0.00808 0.00674 0.00617 0.00553 0.00474 0.00431 0.00501 0.00496 0.00553 0.00624 0.00618 0.00645 0.00675 0.00663 0.00633 0.00627 0.00637 0.00662 0.00664 0.00617 0.00593 0.00598 0.00599 0.00637 0.00550 0.00439
-9999 -9999 -9999 -9999 -9999 -9999 -9999 -9999 -9999 -9999 -9999 -9999 -9999 -9999 -9999 -9999 -9999 -9999 -9999 -9999 -9999 -9999 -9999 -9999 0.01607 0.01599 0.01606 0.01610 0.01545 0.01483 0.01424 0.01435 0.01375 0.01338 0.01284 0.01284 0.01220 0.01157 0.01155 0.01141 0.01143 0.01128 0.01078 0.01065 0.01027 0.00955 0.00927 0.00809 0.00695 0.00640 0.00614 0.00496 0.00484 0.00556 0.00590 0.00620 0.00652 0.00659 0.00640 0.00661 0.00682 0.00686 0.00698 0.00714 0.00719 0.00699 0.00732 0.00743 0.00735 0.00675 0.00553 0.00526 0.00483
-9999 -9999 -9999 -9999 -9999 -9999 0.02266 0.02289 0.02284 0.02272 0.02268 -9999 -9999 -9999 -9999 -9999 -9999 -9999 -9999 -9999 -9999 0.01774 0.01693 0.01655 0.01636 0.01628 0.01624 0.01597 0.01577 0.01555 0.01538 0.01503 0.01443 0.01389 0.01347 0.01323 0.01263 0.01245 0.01222 0.01208 0.01181 0.01176 0.01137 0.01112 0.01073 0.01014 0.00983 0.00872 0.00740 0.00675 0.00599 0.00552 0.00509 0.00571 0.00657 0.00691 0.00677 0.00675 0.00704 0.00720 0.00708 0.00702 0.00673 0.00667 0.00658 0.00765 0.00804 0.00753 0.00752 0.00762 0.00715 0.00591 0.00531
-9999 -9999 -9999 -9999 -9999 0.02335 0.02291 0.02190 0.02248 0.02220 0.02238 0.02065 0.02105 0.02031 -9999 -9999 -9999 0.01918 0.01829 0.01824 0.01777 0.01757 0.01723 0.01744 0.01690 0.01685 0.01677 0.01687 0.01651 0.01615 0.01641 0.01601 0.01561 0.01514 0.01461 0.01402 0.01339 0.01305 0.01285 0.01286 0.01260 0.01244 0.01214 0.01216 0.01165 0.01102 0.00986 0.00846 0.00770 0.00717 0.00653 0.00616 0.00615 0.00677 0.00699 0.00687 0.00680 0.00706 0.00773 0.00734 0.00743 0.00713 0.00696 0.00743 0.00685 0.00636 0.00668 0.00685 0.00740 0.00715 0.00722 0.00626 0.00587
-9999 0.02429 0.02433 0.02495 0.02404 0.02409 0.02359 0.02297 0.02278 0.02310 0.02227 0.02168 0.02089 0.02094 0.02093 0.02134 0.02193 0.01977 0.01943 0.01957 0.01942 0.01920 0.01876 0.01916 0.01912 0.01840 0.01816 0.01800 0.01744 0.01748 0.01722 0.01712 0.01655 0.01606 0.01553 0.01490 0.01425 0.01377 0.01369 0.01370 0.01338 0.01319 0.01306 0.01282 0.01256 0.01197 0.01085 0.00979 0.00873 0.00804 0.00728 0.00651 0.00644 0.00608 0.00636 0.00650 0.00692 0.00784 0.00747 0.00743 0.00765 0.00735 0.00669 0.00706 0.00656 0.00670 0.00733 0.00684 0.00748 0.00674 0.00606 0.00534 0.00546
-9999 0.02427 0.02542 0.02534 0.02536 0.02585 0.02560 0.02552 0.02528 0.02473 0.02401 0.02336 0.02233 0.02235 0.02212 0.02168 0.02129 0.02053 0.02076 0.02088 0.02035 0.01998 0.01972 0.02081 0.02042 0.02060 0.01995 0.01931 0.01884 0.01891 0.01845 0.01831 0.01772 0.01749 0.01674 0.01619 0.01550 0.01533 0.01491 0.01445 0.01452 0.01433 0.01409 0.01393 0.01361 0.01327 0.01267 0.01129 0.01005 0.00911 0.00858 0.00745 0.00714 0.00605 0.00604 0.00676 0.00718 0.00744 0.00759 0.00713 0.00741 0.00710 0.00687 0.00731 0.00700 0.00703 0.00681 0.00713 0.00726 0.00705 0.00689 0.00608 0.00547
-9999 -9999 -9999 0.02518 0.02515 0.02642 0.02665 0.02681 0.02632 0.02695 0.02546 0.02595 0.02547 0.02525 0.02393 0.02363 0.02320 0.02325 0.02263 0.02215 0.02143 0.02139 0.02123 0.02142 0.02162 0.02181 0.02162 0.02134 0.02109 0.02079 0.02010 0.01982 0.01917 0.01869 0.01790 0.01736 0.01663 0.01631 0.01577 0.01540 0.01539 0.01501 0.01472 0.01464 0.01463 0.01437 0.01374 0.01250 0.01137 0.01071 0.00946 0.00827 0.00747 0.00667 0.00686 0.00670 0.00743 0.00755 0.00723 0.00715 0.00756 0.00696 0.00687 0.00701 0.00721 0.00755 0.00785 0.00742 0.00711 0.00676 0.00669 0.00642 0.00640
-9999 -9999 -9999 -9999 -9999 -9999 0.02819 0.02830 0.02779 0.02850 0.02846 0.02797 0.02775 0.02780 0.02755 0.02693 0.02571 0.02531 0.02559 0.02528 0.02491 0.02412 0.02436 0.02372 0.02371 0.02295 0.02292 0.02346 0.02302 0.02233 0.02167 0.02127 0.02060 0.02041 0.01951 0.01884 0.01788 0.01742 0.01673 0.01663 0.01627 0.01621 0.01625 0.01617 0.01572 0.01563 0.01517 0.01324 0.01273 0.01124 0.00961 0.00816 0.00773 0.00837 0.00757 0.00711 0.00749 0.00678 0.00647 0.00687 0.00644 0.00662 0.00648 0.00663 0.00709 0.00723 0.00808 0.00778 0.00739 0.00713 0.00697 0.00678 0.00692
-9999 -9999 -9999 -9999 -9999 -9999 0.02989 0.03001 0.03054 0.02943 0.03023 0.02994 0.02996 0.03032 0.02927 0.02853 0.02802 0.02762 0.02687 0.02660 0.02612 0.02579 0.02533 0.02512 0.02490 0.02568 0.02567 0.02535 0.02483 0.02437 0.02347 0.02315 0.02248 0.02198 0.02094 0.02000 0.01957 0.01879 0.01824 0.01780 0.01741 0.01749 0.01734 0.01707 0.01695 0.01645 0.01654 0.01561 0.01490 0.01365 0.01230 0.01099 0.01039 0.00936 0.00899 0.00946 0.00892 0.00789 0.00812 0.00746 0.00644 0.00669 0.00667 0.00718 0.00709 0.00826 0.00839 0.00862 0.00861 0.00813 0.00734 0.00706 0.00698
-9999 -9999 -9999 -9999 -9999 -9999 -9999 -9999 -9999 -9999 0.03356 0.03224 0.03254 0.03429 0.03309 0.03150 0.03063 0.03011 0.03062 0.02990 0.02940 0.02792 0.02792 0.02756 0.02734 0.02571 0.02595 0.02660 0.02659 0.02565 0.02500 0.02495 0.02385 0.02364 0.02284 0.02246 0.02105 0.02070 0.01985 0.01997 0.01929 0.01987 0.01944 0.01904 0.01877 0.01779 0.01770 0.01707 0.01705 0.01640 0.01587 0.01534 0.01408 0.01386 0.01346 0.01315 0.01275 0.01195 0.01124 0.01066 0.01042 0.00988 0.00966 0.00917 0.00897 0.01011 0.01017 0.01014 0.00971 0.00966 0.00881 0.00750 0.00692
-9999 -9999 -9999 -9999 -9999 -9999 -9999 -9999 -9999 -9999 0.03800 0.03718 0.03492 0.03675 0.03604 0.03402 0.03315 0.03251 0.03190 0.03140 0.03085 0.02986 0.02936 0.02867 0.02819 0.02856 0.02910 0.02880 0.02851 0.02808 0.02729 0.02656 0.02581 0.02565 0.02417 0.02348 0.02248 0.02191 0.02122 0.02105 0.02061 0.02101 0.02055 0.02015 0.01963 0.01900 0.01850 0.01803 0.01777 0.01721 0.01735 0.01619 0.01589 0.01546 0.01536 0.01484 0.01450 0.01399 0.01396 0.01286 0.01258 0.01277 0.01249 0.01283 0.01280 0.01339 0.01310 0.01318 0.01292 0.01076 0.01015 0.00910 0.00857
-9999 -9999 -9999 -9999 -9999 -9999 -9999 -9999 -9999 -9999 -9999 -9999 0.03936 0.03698 0.03658 0.03667 0.03763 0.03802 0.03599 0.03542 0.03454 0.03264 0.03269 0.03155 0.03191 0.03184 0.03134 0.03100 0.03071 0.03173 0.03005 0.02957 0.02835 0.02743 0.02654 0.02543 0.02470 0.02339 0.02269 0.02232 0.02209 0.02208 0.02165 0.02139 0.02101 0.01998 0.01964 0.01917 0.01872 0.01829 0.01785 0.01720 0.01674 0.01636 0.01664 0.01615 0.01583 0.01477 0.01428 0.01368 0.01365 0.01364 0.01359 0.01389 0.01397 0.01403 0.01442 0.01447 0.01404 0.01284 0.01086 0.00936 0.00954
-9999 -9999 -9999 -9999 -9999 -9999 -9999 -9999 -9999 -9999 -9999 -9999 0.04260 0.04140 0.03994 0.03997 0.04029 0.04000 0.03785 0.03691 0.03662 0.03403 0.03406 0.03409 0.03268 0.03292 0.03329 0.03352 0.03300 0.03322 0.03357 0.03218 0.03078 0.02915 0.02756 0.02658 0.02565 0.02410 0.02422 0.02410 0.02402 0.02424 0.02398 0.02326 0.02267 0.02136 0.02103 0.02036 0.02007 0.01909 0.01864 0.01857 0.01783 0.01758 0.01753 0.01733 0.01646 0.01568 0.01533 0.01484 0.01450 0.01464 0.01445 0.01489 0.01499 0.01536 0.01545 0.01551 0.01463 0.01298 0.01224 0.01210 0.01118
-9999 -9999 -9999 -9999 -9999 -9999 -9999 -9999 -9999 -9999 -9999 0.04401 0.04272 0.04419 0.04293 0.03983 0.03839 0.03843 0.03733 0.03660 0.03800 0.03453 0.03520 0.03457 0.03373 0.03390 0.03362 0.03444 0.03546 0.03673 0.03572 0.03462 0.03374 0.03228 0.03114 0.03048 0.02862 0.02718 0.02609 0.02468 0.02452 0.02362 0.02315 0.02294 0.02302 0.02288 0.02270 0.02226 0.02196 0.02113 0.02046 0.02001 0.01926 0.01900 0.01937 0.01833 0.01762 0.01692 0.01638 0.01622 0.01587 0.01574 0.01554 0.01571 0.01564 0.01620 0.01617 0.01543 0.01426 0.01278 0.01146 0.01109 0.01232
-9999 -9999 -9999 -9999 -9999 -9999 -9999 -9999 -9999 -9999 -9999 0.04648 0.04597 0.04534 0.04558 0.04233 0.04077 0.04014 0.03971 0.03888 0.03863 0.03703 0.03673 0.03707 0.03681 0.03697 0.03613 0.03601 0.03701 0.03704 0.03663 0.03577 0.03476 0.03385 0.03208 0.03200 0.03139 0.02931 0.02737 0.02711 0.02689 0.02617 0.02518 0.02477 0.02432 0.02428 0.02407 0.02379 0.02384 0.02360 0.02298 0.02229 0.02162 0.02049 0.01980 0.01940 0.01853 0.01832 0.01772 0.01759 0.01719 0.01704 0.01668 0.01686 0.01679 0.01736 0.01702 0.01702 0.01531 0.01332 0.01370 0.01404 0.01399
-9999 -9999 -9999 -9999 -9999 -9999 -9999 -9999 -9999 -9999 -9999 0.04695 0.04600 0.04608 0.04551 0.04367 0.04285 0.04219 0.04171 0.04184 0.04008 0.04017 0.04096 0.03978 0.03919 0.03921 0.03825 0.03864 0.03848 0.03890 0.03779 0.03701 0.03625 0.03485 0.03365 0.03389 0.03300 0.03210 0.03108 0.02959 0.02894 0.02851 0.02834 0.02778 0.02680 0.02625 0.02560 0.02472 0.02406 0.02385 0.02317 0.02219 0.02128 0.02052 0.02051 0.02039 0.01987 0.01978 0.01962 0.01909 0.01867 0.01852 0.01862 0.01844 0.01908 0.01996 0.01935 0.01896 0.01724 0.01623 0.01732 0.01485 0.01509
