data/hydroclimate-scenarios/1948-2000.Pcorr55N_Pref_Tref/monthly_summaries/vpd_monthly_avg_may.1950-2000.asc
ncols	311
nrows	91
xllcenter	102.75
yllcenter	31.75
cellsize	0.5
NODATA_value	-9999
[rows 0 to 32 of 91, columns 0 to 72 of 311]
-9999 -9999 -9999 -9999 -9999 -9999 -9999 -9999 -9999 -9999 -9999 -9999 -9999 -9999 -9999 -9999 -9999 -9999 -9999 -9999 -9999 -9999 -9999 -9999 -9999 -9999 -9999 -9999 -9999 -9999 -9999 -9999 -9999 -9999 -9999 -9999 -9999 -9999 -9999 -9999 -9999 -9999 -9999 -9999 -9999 -9999 -9999 -9999 -9999 -9999 -9999 -9999 -9999 -9999 -9999 -9999 -9999 -9999 -9999 -9999 -9999 -9999 -9999 -9999 -9999 -9999 -9999 -9999 -9999 -9999 -9999 -9999 -9999
-9999 -9999 -9999 -9999 -9999 -9999 -9999 -9999 -9999 -9999 -9999 -9999 -9999 -9999 -9999 -9999 -9999 -9999 -9999 -9999 -9999 -9999 -9999 -9999 -9999 -9999 -9999 -9999 -9999 -9999 -9999 -9999 -9999 -9999 -9999 -9999 -9999 -9999 -9999 -9999 -9999 -9999 -9999 -9999 -9999 -9999 -9999 -9999 -9999 -9999 -9999 -9999 -9999 -9999 -9999 -9999 -9999 -9999 -9999 -9999 -9999 -9999 -9999 -9999 -9999 -9999 -9999 -9999 -9999 -9999 -9999 -9999 -9999
-9999 -9999 -9999 -9999 -9999 -9999 -9999 -9999 -9999 -9999 -9999 -9999 -9999 -9999 -9999 -9999 -9999 -9999 -9999 -9999 -9999 -9999 -9999 -9999 -9999 -9999 -9999 -9999 -9999 -9999 -9999 -9999 -9999 -9999 -9999 -9999 -9999 -9999 -9999 -9999 -9999 -9999 -9999 -9999 -9999 -9999 -9999 -9999 -9999 -9999 -9999 -9999 -9999 -9999 -9999 -9999 -9999 -9999 -9999 -9999 -9999 -9999 -9999 -9999 -9999 -9999 -9999 -9999 -9999 -9999 -9999 -9999 -9999
-9999 -9999 -9999 -9999 -9999 -9999 -9999 -9999 -9999 -9999 -9999 -9999 -9999 -9999 -9999 -9999 -9999 -9999 -9999 -9999 -9999 -9999 -9999 -9999 -9999 -9999 -9999 -9999 -9999 -9999 -9999 -9999 -9999 -9999 -9999 -9999 -9999 -9999 -9999 -9999 -9999 -9999 -9999 -9999 -9999 -9999 -9999 -9999 -9999 -9999 -9999 -9999 -9999 -9999 -9999 -9999 -9999 -9999 -9999 -9999 -9999 -9999 -9999 -9999 -9999 -9999 -9999 -9999 -9999 -9999 -9999 -9999 -9999
-9999 -9999 -9999 -9999 -9999 -9999 -9999 -9999 -9999 -9999 -9999 -9999 -9999 -9999 -9999 -9999 -9999 -9999 -9999 -9999 -9999 -9999 -9999 -9999 -9999 -9999 -9999 -9999 -9999 -9999 -9999 -9999 -9999 -9999 -9999 -9999 -9999 -9999 -9999 -9999 -9999 -9999 -9999 -9999 -9999 -9999 -9999 -9999 -9999 -9999 -9999 -9999 -9999 -9999 -9999 -9999 -9999 -9999 -9999 -9999 -9999 -9999 -9999 -9999 -9999 -9999 -9999 -9999 -9999 -9999 -9999 -9999 -9999
-9999 -9999 -9999 -9999 -9999 -9999 -9999 -9999 -9999 -9999 -9999 -9999 -9999 -9999 -9999 -9999 -9999 -9999 -9999 -9999 -9999 -9999 -9999 -9999 -9999 -9999 -9999 -9999 -9999 -9999 -9999 -9999 -9999 -9999 -9999 -9999 -9999 -9999 -9999 -9999 -9999 -9999 -9999 -9999 -9999 -9999 -9999 -9999 -9999 -9999 -9999 -9999 -9999 -9999 -9999 -9999 -9999 -9999 -9999 -9999 -9999 -9999 -9999 -9999 -9999 -9999 -9999 -9999 -9999 -9999 -9999 -9999 -9999
-9999 -9999 -9999 -9999 -9999 -9999 -9999 -9999 -9999 -9999 -9999 -9999 -9999 -9999 -9999 -9999 -9999 -9999 -9999 -9999 -9999 -9999 -9999 -9999 -9999 -9999 -9999 -9999 -9999 -9999 -9999 -9999 -9999 -9999 -9999 -9999 -9999 -9999 -9999 -9999 -9999 -9999 -9999 -9999 -9999 -9999 -9999 -9999 -9999 -9999 -9999 -9999 -9999 -9999 -9999 -9999 -9999 -9999 -9999 -9999 -9999 -9999 -9999 -9999 -9999 -9999 -9999 -9999 -9999 -9999 -9999 -9999 -9999
-9999 -9999 -9999 -9999 -9999 -9999 -9999 -9999 -9999 -9999 -9999 -9999 -9999 -9999 -9999 -9999 -9999 -9999 -9999 -9999 -9999 -9999 -9999 -9999 -9999 -9999 -9999 -9999 -9999 -9999 -9999 -9999 -9999 -9999 -9999 -9999 -9999 -9999 -9999 -9999 -9999 -9999 0.26355 0.26218 0.26331 0.27209 0.27970 0.28278 0.29127 0.29510 0.30198 0.30935 -9999 -9999 -9999 -9999 -9999 -9999 -9999 -9999 -9999 -9999 -9999 -9999 -9999 -9999 -9999 -9999 -9999 -9999 -9999 -9999 -9999
-9999 -9999 -9999 -9999 -9999 -9999 -9999 -9999 -9999 -9999 -9999 -9999 -9999 -9999 -9999 -9999 -9999 -9999 -9999 -9999 -9999 -9999 -9999 -9999 -9999 -9999 -9999 -9999 -9999 -9999 -9999 -9999 -9999 -9999 -9999 -9999 -9999 -9999 0.25578 0.24152 0.24726 0.25853 0.25774 0.26476 0.27229 0.27658 0.28468 0.29168 0.29925 0.30678 0.31548 0.31948 0.32677 0.33566 -9999 -9999 -9999 -9999 -9999 -9999 -9999 -9999 -9999 -9999 -9999 -9999 -9999 -9999 -9999 -9999 -9999 -9999 -9999
-9999 -9999 -9999 -9999 -9999 -9999 -9999 -9999 -9999 -9999 -9999 -9999 -9999 -9999 -9999 -9999 -9999 -9999 -9999 -9999 -9999 -9999 -9999 -9999 -9999 -9999 -9999 -9999 -9999 -9999 -9999 -9999 -9999 -9999 -9999 -9999 -9999 -9999 -9999 -9999 0.26660 0.26880 0.26045 0.25982 0.26684 0.26435 0.27883 0.29757 0.30558 0.30193 0.31033 0.32655 0.33690 0.35351 -9999 -9999 -9999 -9999 -9999 -9999 -9999 -9999 -9999 -9999 -9999 -9999 -9999 -9999 -9999 -9999 -9999 -9999 -9999
-9999 -9999 -9999 -9999 -9999 -9999 -9999 -9999 -9999 -9999 -9999 -9999 -9999 -9999 -9999 -9999 -9999 -9999 -9999 -9999 -9999 -9999 -9999 -9999 -9999 -9999 -9999 -9999 -9999 -9999 -9999 -9999 -9999 -9999 -9999 -9999 -9999 -9999 -9999 -9999 -9999 -9999 -9999 -9999 0.27793 0.28235 0.27262 0.27515 0.28688 0.30299 0.30428 0.30226 0.34031 0.35796 -9999 -9999 -9999 -9999 -9999 -9999 0.40190 -9999 -9999 -9999 -9999 -9999 -9999 -9999 -9999 -9999 -9999 -9999 -9999
-9999 -9999 -9999 -9999 -9999 -9999 -9999 -9999 -9999 -9999 -9999 -9999 -9999 -9999 -9999 -9999 -9999 -9999 -9999 -9999 -9999 -9999 -9999 -9999 -9999 -9999 -9999 -9999 -9999 -9999 -9999 -9999 -9999 -9999 -9999 -9999 -9999 -9999 -9999 -9999 -9999 0.26192 0.26531 0.26650 0.27260 0.29711 0.28749 0.28120 0.29473 0.30617 0.30231 0.30777 0.34148 0.35891 -9999 -9999 -9999 -9999 -9999 0.41980 0.41831 0.43195 0.43120 0.43440 0.43529 0.44125 0.43746 0.43611 0.43401 0.43908 0.43360 0.43374 0.42226
-9999 -9999 -9999 -9999 -9999 -9999 -9999 -9999 -9999 -9999 -9999 -9999 -9999 -9999 -9999 -9999 -9999 -9999 -9999 -9999 -9999 -9999 -9999 -9999 -9999 -9999 -9999 -9999 -9999 -9999 -9999 -9999 -9999 -9999 -9999 -9999 -9999 -9999 -9999 -9999 -9999 0.27738 0.27648 0.28621 0.30531 0.30550 0.31075 0.30889 0.31443 0.31550 0.31933 0.29789 0.30299 0.32916 0.35572 0.35645 0.39499 -9999 0.43082 0.42952 0.43624 0.44107 0.44017 0.43095 0.43102 0.44164 0.44503 0.44575 0.44772 0.44336 0.44560 0.44036 0.43491
-9999 -9999 -9999 -9999 -9999 -9999 -9999 -9999 -9999 -9999 -9999 -9999 -9999 -9999 -9999 -9999 -9999 -9999 -9999 -9999 -9999 -9999 -9999 -9999 -9999 -9999 -9999 -9999 -9999 -9999 -9999 -9999 -9999 -9999 -9999 0.29961 0.29579 0.28745 0.28770 0.30252 0.30757 0.31349 0.31067 0.31849 0.32227 0.32359 0.32966 0.33202 0.32998 0.32067 0.30773 0.29822 0.28161 0.31192 0.31676 0.31380 0.36187 0.40053 0.44177 0.44751 0.45562 0.44871 0.45174 0.39612 0.41142 0.45225 0.44884 0.45013 0.46056 0.44921 0.44121 0.44630 0.43306
-9999 -9999 -9999 -9999 -9999 -9999 -9999 -9999 -9999 -9999 -9999 -9999 -9999 -9999 -9999 -9999 -9999 -9999 -9999 -9999 -9999 -9999 -9999 -9999 -9999 -9999 -9999 -9999 -9999 -9999 -9999 -9999 -9999 -9999 0.32061 0.30307 0.30477 0.30308 0.30733 0.32182 0.32362 0.33406 0.33704 0.33685 0.34248 0.34184 0.34592 0.33529 0.32124 0.29587 0.28279 0.28552 0.26652 0.26258 0.27605 0.31674 0.36486 0.40299 0.45986 0.46837 0.45555 0.43217 0.42519 0.39844 0.45389 0.46764 0.45006 0.43029 0.38579 0.40033 0.37228 0.36020 0.35374
-9999 -9999 -9999 -9999 -9999 -9999 -9999 -9999 -9999 -9999 -9999 -9999 -9999 -9999 -9999 -9999 -9999 -9999 -9999 -9999 -9999 -9999 -9999 -9999 -9999 -9999 -9999 -9999 -9999 -9999 -9999 -9999 -9999 0.32778 0.32931 0.32587 0.32593 0.32404 0.32808 0.34123 0.34189 0.34272 0.35131 0.35702 0.35740 0.35349 0.34654 0.33719 0.29459 0.27581 0.26285 0.24971 0.23348 0.26083 0.29502 0.33371 0.34779 0.42022 0.46600 0.45552 0.43439 0.46802 0.47833 0.50365 0.48557 0.46421 0.44151 0.42358 0.40452 0.41034 0.39065 0.38445 0.37151
-9999 -9999 -9999 -9999 -9999 -9999 -9999 -9999 -9999 -9999 -9999 -9999 -9999 -9999 -9999 -9999 -9999 -9999 -9999 -9999 -9999 -9999 -9999 -9999 -9999 -9999 -9999 -9999 -9999 -9999 -9999 0.35226 0.34834 0.34534 0.34890 0.34443 0.34937 0.35343 0.34951 0.35743 0.35833 0.36230 0.36467 0.36399 0.35808 0.35144 0.35360 0.35887 0.32844 0.30255 0.27824 0.25872 0.22715 0.25399 0.28905 0.33868 0.39919 0.42864 0.40359 0.43806 0.47023 0.49179 0.49149 0.52456 0.50585 0.47211 0.46336 0.47208 0.45946 0.39612 0.35993 0.34501 0.38956
-9999 -9999 -9999 -9999 -9999 -9999 -9999 -9999 -9999 -9999 -9999 -9999 -9999 -9999 -9999 -9999 -9999 -9999 -9999 -9999 -9999 -9999 -9999 -9999 -9999 -9999 -9999 -9999 -9999 0.37815 0.37374 0.35935 0.35588 0.35518 0.36269 0.36363 0.36710 0.36680 0.36537 0.37416 0.36960 0.37294 0.37793 0.37774 0.37299 0.35353 0.35403 0.34988 0.29537 0.27968 0.26421 0.24420 0.23035 0.26977 0.28072 0.32686 0.40246 0.41584 0.44864 0.49420 0.49799 0.49617 0.49744 0.49611 0.51058 0.49576 0.44880 0.41962 0.40549 0.40274 0.41740 0.34929 0.26789
-9999 -9999 -9999 -9999 -9999 -9999 -9999 -9999 -9999 -9999 -9999 -9999 -9999 -9999 -9999 -9999 -9999 -9999 -9999 -9999 -9999 -9999 -9999 -9999 0.34831 0.35675 0.37559 0.38468 0.38759 0.38095 0.37314 0.38352 0.38444 0.38137 0.37300 0.38861 0.37839 0.37794 0.37303 0.38223 0.38983 0.38570 0.38808 0.39176 0.38924 0.36901 0.37427 0.34029 0.30090 0.28859 0.29467 0.24523 0.25025 0.29802 0.34262 0.37765 0.42533 0.45283 0.45232 0.49124 0.52360 0.53289 0.54709 0.55109 0.53721 0.50504 0.51853 0.52525 0.48606 0.44278 0.34129 0.32406 0.28609
-9999 -9999 -9999 -9999 -9999 -9999 0.31185 0.32165 0.32647 0.32594 0.32938 -9999 -9999 -9999 -9999 -9999 -9999 -9999 -9999 -9999 -9999 0.34699 0.33320 0.34310 0.34833 0.35346 0.36617 0.37346 0.37377 0.38378 0.39417 0.39637 0.38808 0.39055 0.38385 0.39452 0.38585 0.38842 0.39441 0.39193 0.39974 0.39582 0.40206 0.40179 0.40032 0.38214 0.38931 0.35820 0.31045 0.29856 0.28378 0.26631 0.25703 0.30514 0.37395 0.41614 0.42986 0.46052 0.50072 0.52954 0.53506 0.54247 0.51029 0.50076 0.48352 0.54614 0.56086 0.51652 0.49393 0.49360 0.45233 0.36661 0.31810
-9999 -9999 -9999 -9999 -9999 0.32334 0.31822 0.30027 0.31725 0.31154 0.32001 0.29500 0.30415 0.30038 -9999 -9999 -9999 0.32487 0.31959 0.32778 0.33169 0.33155 0.34004 0.35894 0.35270 0.37095 0.37464 0.39530 0.39436 0.39827 0.40997 0.42245 0.41855 0.42746 0.42509 0.42141 0.41987 0.41724 0.41481 0.42022 0.41978 0.41467 0.41723 0.42719 0.41862 0.40539 0.37556 0.33769 0.31328 0.30206 0.29013 0.28723 0.30418 0.35110 0.38797 0.40843 0.42463 0.46534 0.53572 0.52316 0.54486 0.52185 0.50543 0.52851 0.47744 0.42253 0.43984 0.43878 0.46096 0.44203 0.43508 0.37499 0.34103
-9999 0.33736 0.34564 0.34638 0.33321 0.33710 0.32452 0.32081 0.31543 0.33022 0.32107 0.30649 0.29850 0.31399 0.32034 0.33419 0.35651 0.33452 0.32927 0.34967 0.35513 0.36476 0.36862 0.38597 0.40122 0.38657 0.39208 0.40666 0.40630 0.42065 0.44311 0.45356 0.45587 0.45588 0.44826 0.44486 0.44414 0.43932 0.44300 0.44862 0.44079 0.44198 0.43955 0.44805 0.44435 0.43099 0.39803 0.37303 0.34997 0.33198 0.31800 0.29501 0.31181 0.30915 0.33551 0.37518 0.41804 0.50324 0.49566 0.50942 0.54321 0.51186 0.47056 0.48138 0.43880 0.43510 0.46523 0.42164 0.45463 0.40616 0.35599 0.31027 0.31172
-9999 0.33655 0.35296 0.35566 0.35913 0.36555 0.35808 0.35903 0.35952 0.35070 0.34664 0.33511 0.32100 0.32901 0.33623 0.33693 0.34273 0.33722 0.35006 0.36278 0.36209 0.36815 0.37115 0.40606 0.41655 0.42702 0.42740 0.42871 0.42901 0.44363 0.45430 0.47501 0.47947 0.48443 0.48283 0.47348 0.46797 0.47375 0.47992 0.46952 0.47387 0.47901 0.47806 0.48249 0.48622 0.48288 0.46933 0.42990 0.40097 0.36635 0.36963 0.32583 0.32969 0.29261 0.30704 0.37564 0.42128 0.45494 0.48305 0.46494 0.48665 0.47740 0.46016 0.48586 0.45824 0.44207 0.42096 0.42999 0.42786 0.41580 0.40171 0.35399 0.31377
-9999 -9999 -9999 0.34805 0.34720 0.36605 0.36720 0.37039 0.36780 0.37652 0.36908 0.37743 0.37192 0.37345 0.35329 0.36102 0.36176 0.37989 0.37159 0.37216 0.37802 0.38307 0.38871 0.40812 0.42437 0.44125 0.45158 0.45558 0.47702 0.47930 0.48751 0.49308 0.49888 0.50669 0.50263 0.50501 0.49845 0.50321 0.50196 0.50022 0.49908 0.50188 0.50700 0.51199 0.51252 0.51536 0.49683 0.46231 0.45081 0.42059 0.38547 0.35312 0.33237 0.31670 0.34849 0.36078 0.42139 0.44088 0.43680 0.44223 0.48281 0.44290 0.43505 0.43819 0.45178 0.45916 0.47116 0.43074 0.40295 0.37988 0.37172 0.36472 0.35671
-9999 -9999 -9999 -9999 -9999 -9999 0.38666 0.38807 0.38223 0.39021 0.39444 0.39447 0.39497 0.40523 0.40170 0.39938 0.39644 0.39655 0.40886 0.41410 0.41642 0.41317 0.42847 0.43623 0.45160 0.45063 0.46670 0.49903 0.51547 0.51865 0.52161 0.52569 0.52519 0.53234 0.54514 0.53805 0.53181 0.52741 0.53082 0.52310 0.52406 0.53020 0.53011 0.54191 0.54382 0.54891 0.54505 0.48033 0.47961 0.43206 0.38228 0.33863 0.33031 0.39652 0.37023 0.36942 0.40883 0.38346 0.36987 0.39908 0.38416 0.38897 0.38945 0.38651 0.40829 0.39975 0.45133 0.41905 0.38783 0.37563 0.35800 0.36362 0.36328
-9999 -9999 -9999 -9999 -9999 -9999 0.40919 0.40442 0.41243 0.39616 0.40815 0.41218 0.41470 0.42506 0.42429 0.41878 0.41397 0.41367 0.41501 0.41715 0.42164 0.42806 0.43091 0.44407 0.45395 0.48791 0.50783 0.52649 0.54515 0.54557 0.53908 0.55344 0.56077 0.57036 0.56138 0.57227 0.58281 0.58184 0.57372 0.55115 0.54786 0.55628 0.55478 0.56144 0.57028 0.57440 0.57240 0.56919 0.55441 0.52544 0.47918 0.45256 0.43036 0.42202 0.42671 0.48699 0.47199 0.42957 0.45033 0.42458 0.36190 0.37474 0.37342 0.39110 0.38866 0.43340 0.43657 0.42965 0.42206 0.40459 0.36153 0.35623 0.34619
-9999 -9999 -9999 -9999 -9999 -9999 -9999 -9999 -9999 -9999 0.44680 0.42021 0.42433 0.45466 0.44598 0.42888 0.42974 0.42718 0.44023 0.44549 0.44740 0.44670 0.46159 0.46720 0.48160 0.47835 0.49728 0.53382 0.55354 0.55808 0.56826 0.57646 0.58196 0.59567 0.60163 0.61944 0.61568 0.62571 0.62446 0.59736 0.59246 0.59367 0.59427 0.58911 0.58568 0.58496 0.58357 0.60400 0.60406 0.61032 0.61530 0.61754 0.61330 0.63173 0.63924 0.64639 0.63452 0.61918 0.59954 0.58052 0.57955 0.53664 0.52368 0.48859 0.47438 0.50480 0.50102 0.48300 0.44583 0.43725 0.39280 0.33289 0.31319
-9999 -9999 -9999 -9999 -9999 -9999 -9999 -9999 -9999 -9999 0.49598 0.48179 0.44930 0.47799 0.46871 0.44847 0.44362 0.44857 0.44173 0.44644 0.45197 0.45644 0.45920 0.47617 0.49099 0.51584 0.54619 0.55682 0.58019 0.58653 0.58862 0.60190 0.60452 0.61810 0.61378 0.62395 0.62315 0.62236 0.61723 0.60698 0.59326 0.59355 0.58924 0.58988 0.58650 0.58124 0.58854 0.60906 0.61711 0.62531 0.64740 0.63992 0.66004 0.66299 0.69399 0.69370 0.68853 0.68352 0.70197 0.66066 0.66135 0.66011 0.65873 0.65632 0.64323 0.62749 0.59954 0.57253 0.54078 0.44891 0.41330 0.37929 0.34714
-9999 -9999 -9999 -9999 -9999 -9999 -9999 -9999 -9999 -9999 -9999 -9999 0.49708 0.46400 0.45916 0.46771 0.48421 0.50877 0.48443 0.48568 0.48687 0.49040 0.50008 0.50970 0.53190 0.54880 0.56442 0.57121 0.58515 0.60805 0.62025 0.61350 0.61578 0.62047 0.62385 0.61788 0.62812 0.60745 0.59947 0.59306 0.59070 0.58546 0.58029 0.58470 0.58711 0.58452 0.59365 0.60392 0.61538 0.63501 0.63444 0.64161 0.64464 0.65936 0.70633 0.71738 0.71753 0.67831 0.66542 0.66050 0.66306 0.66233 0.65750 0.64843 0.64667 0.63981 0.63223 0.60874 0.56993 0.50170 0.41248 0.34804 0.34499
-9999 -9999 -9999 -9999 -9999 -9999 -9999 -9999 -9999 -9999 -9999 -9999 0.52267 0.50381 0.48858 0.49731 0.50876 0.51454 0.48493 0.48656 0.49903 0.49066 0.50678 0.53438 0.53464 0.55463 0.57909 0.59735 0.60597 0.63093 0.64646 0.64128 0.64143 0.63827 0.62073 0.62549 0.61192 0.57711 0.58996 0.59791 0.60562 0.60255 0.60753 0.60571 0.59850 0.59276 0.59544 0.61278 0.62064 0.62438 0.63032 0.64547 0.66818 0.68127 0.71608 0.71883 0.71872 0.68138 0.68257 0.67218 0.67486 0.66990 0.66654 0.65729 0.65465 0.64218 0.62294 0.59441 0.54171 0.45835 0.41476 0.39899 0.35829
-9999 -9999 -9999 -9999 -9999 -9999 -9999 -9999 -9999 -9999 -9999 0.55776 0.53148 0.55191 0.54517 0.49442 0.48391 0.48800 0.47815 0.48007 0.52372 0.48419 0.51743 0.51898 0.52908 0.54591 0.55350 0.57577 0.60671 0.64933 0.65491 0.64690 0.65237 0.64301 0.64224 0.66385 0.63784 0.61230 0.58825 0.56374 0.56544 0.56357 0.55828 0.56972 0.58420 0.60148 0.61000 0.62633 0.62966 0.63431 0.64493 0.64274 0.66109 0.68245 0.72391 0.70681 0.70432 0.68303 0.68178 0.68217 0.68549 0.67580 0.67679 0.66821 0.65531 0.63821 0.60159 0.55282 0.48180 0.40638 0.34576 0.32522 0.34394
-9999 -9999 -9999 -9999 -9999 -9999 -9999 -9999 -9999 -9999 -9999 0.57710 0.57049 0.55635 0.56024 0.51122 0.50161 0.49980 0.49548 0.48888 0.50279 0.51074 0.51679 0.54468 0.56120 0.57418 0.57508 0.57961 0.60441 0.62528 0.63138 0.63308 0.63861 0.64864 0.64099 0.65876 0.66374 0.61929 0.57481 0.58103 0.58465 0.57168 0.55619 0.55729 0.56875 0.58761 0.59656 0.61173 0.63201 0.65285 0.65869 0.67651 0.67834 0.68070 0.67838 0.68446 0.67121 0.67959 0.68009 0.68021 0.68165 0.67925 0.67120 0.67022 0.65220 0.63902 0.58350 0.54998 0.45985 0.37789 0.36905 0.36183 0.34491
-9999 -9999 -9999 -9999 -9999 -9999 -9999 -9999 -9999 -9999 -9999 0.56733 0.55792 0.54820 0.54183 0.52153 0.51721 0.51723 0.50765 0.50819 0.50378 0.52281 0.55642 0.56516 0.58307 0.58727 0.58759 0.59482 0.60462 0.63476 0.61872 0.62849 0.63834 0.64581 0.62665 0.67676 0.66962 0.65508 0.63041 0.60645 0.59458 0.59412 0.58986 0.57546 0.57716 0.58427 0.57274 0.56108 0.56224 0.58703 0.59487 0.60365 0.60962 0.61160 0.63668 0.65567 0.66246 0.67742 0.68583 0.67331 0.67728 0.68194 0.69270 0.68615 0.68848 0.66678 0.61114 0.54096 0.46756 0.40549 0.41184 0.33793 0.32413
