data/hydroclimate-scenarios/1948-2000.Pcorr55N_Pref_Tref/monthly_summaries/vpd_monthly_avg_nov.asc
ncols	311
nrows	91
xllcenter	102.75
yllcenter	31.75
cellsize	0.5
NODATA_value	-9999
[rows 33 to 65 of 91, columns 0 to 72 of 311]
-9999 -9999 -9999 -9999 -9999 -9999 -9999 -9999 -9999 -9999 -9999 0.04913 0.04783 0.04799 0.04669 0.04677 0.04545 0.04546 0.04575 0.04538 0.04461 0.04404 0.04370 0.04138 0.03980 0.03851 0.03764 0.03840 0.04068 0.04269 0.04067 0.03948 0.03859 0.03810 0.03693 0.03646 0.03629 0.03465 0.03389 0.03047 0.03194 0.02964 0.03055 0.03074 0.02977 0.02888 0.02758 0.02693 0.02617 0.02499 0.02442 0.02425 0.02349 0.02305 0.02307 0.02268 0.02210 0.02118 0.02122 0.02086 0.02089 0.02037 0.02087 0.02109 0.02119 0.02116 0.02146 0.02080 0.02033 0.01956 0.02080 0.01820 0.02050
-9999 -9999 -9999 -9999 -9999 -9999 -9999 -9999 -9999 -9999 -9999 -9999 0.05017 0.05082 0.05038 0.05005 0.04943 0.04968 0.05038 0.05107 0.04985 0.04694 0.04275 0.04025 0.03868 0.03427 0.03505 0.03481 0.03846 0.03933 0.04034 0.04155 0.04061 0.03973 0.03776 0.03691 0.03588 0.03559 0.03442 0.03234 0.03182 0.03191 0.03173 0.03408 0.03362 0.03299 0.03254 0.03168 0.03001 0.02883 0.02817 0.02691 0.02628 0.02544 0.02454 0.02401 0.02383 0.02362 0.02299 0.02355 0.02336 0.02318 0.02259 0.02250 0.02300 0.02318 0.02415 0.02321 0.02091 0.02033 0.02431 0.02368 0.02467
-9999 -9999 -9999 -9999 -9999 -9999 -9999 -9999 -9999 -9999 -9999 -9999 0.05261 0.05373 0.05278 0.05283 0.05328 0.05359 0.05301 0.05284 0.05071 0.04344 0.03988 0.03724 0.03388 0.03558 0.03705 0.03472 0.03785 0.03795 0.03888 0.03935 0.04293 0.04270 0.04140 0.04022 0.03851 0.03862 0.03748 0.03541 0.03513 0.03371 0.03430 0.03646 0.03784 0.03876 0.03757 0.03519 0.03292 0.02999 0.02881 0.02878 0.02783 0.02693 0.02691 0.02639 0.02621 0.02567 0.02572 0.02564 0.02499 0.02326 0.02308 0.02297 0.02453 0.02656 0.02599 0.02613 0.02562 0.02579 0.02597 0.02764 0.02872
-9999 -9999 -9999 -9999 -9999 -9999 -9999 -9999 -9999 -9999 -9999 -9999 0.05465 0.05623 0.05621 0.05523 0.05464 0.05402 0.05265 0.05041 0.04746 0.04269 0.04026 0.03696 0.03680 0.03546 0.03720 0.03941 0.03880 0.04084 0.04267 0.04521 0.04344 0.04210 0.04396 0.04372 0.04261 0.04129 0.04112 0.03921 0.03541 0.03368 0.03585 0.03835 0.04044 0.04150 0.03915 0.03481 0.03312 0.03328 0.03201 0.03118 0.03131 0.02962 0.02931 0.02815 0.02770 0.02687 0.02638 0.02566 0.02571 0.02438 0.02538 0.02705 0.02707 0.02758 0.02795 0.02915 0.02777 0.02975 0.03148 0.03163 0.03176
-9999 -9999 -9999 0.05935 0.05807 0.05709 0.05764 0.05786 0.05636 -9999 0.05660 0.05732 0.05881 0.05902 0.05850 0.05748 0.05593 0.05595 0.05179 0.04918 0.04804 0.04515 0.04138 0.03972 0.03891 0.03983 0.04145 0.03883 0.04013 0.03673 0.04165 0.04632 0.04409 0.03867 0.04209 0.04348 0.04123 0.04034 0.04105 0.04135 0.03976 0.03745 0.03782 0.03959 0.03891 0.03807 0.03406 0.03592 0.03416 0.03288 0.03108 0.03022 0.02870 0.02519 0.02617 0.02285 0.02162 0.02645 0.02413 0.02670 0.02795 0.02680 0.02739 0.02792 0.03003 0.03119 0.03087 0.03127 0.03315 0.03389 0.03433 0.03426 0.03293
-9999 -9999 -9999 0.06186 0.06084 0.05946 0.05792 0.05807 0.05809 0.05821 0.05972 0.06124 0.05861 0.05872 0.05530 0.05331 0.05162 0.05193 0.04975 0.04879 0.04757 0.04437 0.04355 0.04364 0.04162 0.04349 0.04246 0.04099 0.03949 0.03677 0.04178 0.04167 0.04186 0.03935 0.04012 0.04047 0.03992 0.03669 0.04174 0.03684 0.03608 0.03875 0.03923 0.03717 0.03516 0.03276 0.03217 0.03613 0.03231 0.03028 0.02853 0.02829 0.02634 0.02484 0.02697 0.02406 0.02591 0.02571 0.02388 0.02537 0.02682 0.02673 0.02808 0.02988 0.03105 0.03508 0.03565 0.03912 0.03915 0.03927 0.03802 0.03922 0.03620
-9999 -9999 -9999 0.06584 0.06378 0.06017 0.05857 0.05919 0.06088 0.06221 0.06169 0.06171 0.05754 0.05439 0.04991 0.05248 0.05041 0.05111 0.05293 0.05242 0.04898 0.04612 0.04597 0.04419 0.04138 0.04381 0.04426 0.04337 0.04420 0.03817 0.03384 0.03694 0.04122 0.04235 0.03991 0.04032 0.04155 0.04156 0.04209 0.03923 0.03795 0.03905 0.03892 0.03849 0.03821 0.03554 0.03533 0.03357 0.03310 0.02959 0.02763 0.03051 0.02841 0.02756 0.02808 0.02698 0.02794 0.02851 0.02652 0.02710 0.02949 0.03049 0.03286 0.03223 0.03503 0.03747 0.03918 0.03935 0.03696 0.03864 0.03845 0.04422 0.04513
-9999 -9999 -9999 0.06673 0.06861 0.06273 0.06275 0.06064 0.05980 0.05945 0.06112 0.06268 0.05570 0.05258 0.05178 0.05280 0.05103 0.04925 0.05022 0.05115 0.04696 0.04342 0.03979 0.04235 0.04286 0.04501 0.04693 0.04588 0.04004 0.03531 0.03808 0.04783 0.04238 0.03625 0.03663 0.03901 0.04317 0.04695 0.04375 0.04435 0.04171 0.03741 0.03452 0.03542 0.03930 0.03471 0.03288 0.03559 0.03114 0.03151 0.02759 0.02901 0.02849 0.02567 0.02736 0.02745 0.02816 0.02691 0.02639 0.02792 0.02619 0.03104 0.03351 0.03545 0.03654 0.04007 0.04085 0.04156 0.03845 0.03998 0.05065 0.05898 -9999
-9999 -9999 -9999 0.06966 0.07163 0.06323 0.06222 0.06120 0.05925 0.06042 0.06420 0.06032 0.05423 0.05185 0.04840 0.05062 0.04924 0.05171 0.05638 0.05893 0.05357 0.04958 0.04579 0.05098 0.05117 0.05287 0.05488 0.05175 0.04543 0.04083 0.04019 0.04249 0.04052 0.04219 0.04320 0.04379 0.04320 0.04705 0.04847 0.04616 0.04299 0.03944 0.03727 0.03653 0.03788 0.03685 0.03621 0.03523 0.03364 0.03224 0.03087 0.03308 0.03047 0.02646 0.02980 0.02645 0.03015 0.03012 0.02905 0.02719 0.02884 0.03116 0.03300 0.03335 0.03500 0.04170 0.04252 0.04107 0.04141 0.05121 0.06434 -9999 -9999
-9999 -9999 -9999 -9999 0.06601 0.06233 0.06247 0.05870 0.05781 0.06035 0.06478 0.06102 0.04880 0.05682 -9999 -9999 -9999 -9999 -9999 0.04918 0.04958 0.05320 0.04915 0.04464 0.04676 0.04974 0.05718 0.05332 0.04984 0.05104 0.04857 0.04686 0.04551 0.04889 0.05329 0.05459 0.05125 0.05352 0.05147 0.05006 0.04957 0.04641 0.04307 0.03905 0.03959 0.04019 0.03773 0.03413 0.03543 0.03604 0.03301 0.03158 0.03304 0.02878 0.02792 0.02629 0.02602 0.02693 0.02747 0.02964 0.02968 0.02972 0.03211 0.03517 0.03759 0.03874 0.04311 0.05093 0.05830 -9999 -9999 -9999 -9999
-9999 -9999 0.07544 0.07033 0.06637 0.06556 0.06399 0.05804 0.06135 0.06239 0.06642 0.06151 0.05098 -9999 -9999 -9999 -9999 -9999 0.04581 0.05374 0.05490 0.06224 0.06094 0.05338 0.05324 0.05506 0.06314 0.06114 0.05904 0.05767 0.05557 0.05330 0.05521 0.05417 0.05532 0.05987 0.05580 0.05610 0.05380 0.05246 0.04951 0.04939 0.04743 0.04637 0.04685 0.04627 0.04364 0.04246 0.04362 0.04449 0.04197 0.03982 0.03699 0.03761 0.03370 0.03637 0.03320 0.03016 0.03049 0.03599 0.03610 0.03715 0.03860 0.03967 0.04421 0.04849 0.05384 -9999 -9999 -9999 -9999 -9999 -9999
-9999 -9999 0.07895 0.07450 0.07166 0.06793 0.06745 0.06102 0.06232 0.06522 0.06355 0.06146 0.06296 -9999 -9999 -9999 -9999 0.06297 0.05291 0.06352 0.06527 0.06855 0.06532 0.06456 0.06694 0.07052 0.06774 0.06390 0.06385 0.06482 0.06079 0.05610 0.05980 0.06325 0.06137 0.06069 0.06041 0.05960 0.05359 0.04896 0.05112 0.04768 0.04726 0.04870 0.04678 0.04782 0.04959 0.04579 0.05207 0.04807 0.04712 0.04551 0.04348 0.04278 0.04240 0.04756 0.04467 0.03662 0.03536 0.03962 0.04157 0.03837 0.04358 0.05120 0.05635 -9999 -9999 -9999 -9999 -9999 0.07687 -9999 -9999
-9999 -9999 0.08541 0.07549 0.07257 0.06945 0.06886 0.06655 0.06557 0.06523 0.06146 0.06142 0.08879 -9999 -9999 -9999 -9999 0.05674 0.06086 0.06635 0.06851 0.07502 0.07636 0.07667 0.07313 0.07360 0.06727 0.06768 0.06560 0.06582 0.06185 0.06083 0.06131 0.06185 0.06609 0.06260 0.06014 0.05885 0.05451 0.05597 0.05498 0.05697 0.05695 0.05251 0.05308 0.04920 0.04897 0.04779 0.05044 0.04986 0.05291 0.04908 0.04732 0.04620 0.04570 0.05274 0.05269 0.04520 0.04565 0.04793 0.05335 0.05531 0.05688 0.05517 0.05255 0.05372 0.06554 0.06267 0.07333 -9999 -9999 -9999 0.07532
-9999 -9999 -9999 0.08238 0.07765 0.07375 0.07461 0.07452 0.07083 0.06707 0.07152 0.08549 -9999 -9999 -9999 -9999 0.06257 0.06172 0.06892 0.07232 0.07765 0.08266 0.07866 0.07859 0.07572 0.07397 0.07072 0.06713 0.06665 0.05826 0.05973 0.06338 0.06771 0.06924 0.07042 0.07077 0.06971 0.06813 0.06617 0.06455 0.06205 0.06442 0.06202 0.06267 0.06525 0.06100 0.06147 0.06220 0.05895 0.05797 0.05292 0.05321 0.05352 0.04983 0.04637 0.04762 0.04887 0.04459 0.04581 0.05108 0.05160 0.05266 0.04836 0.03931 0.03537 0.05281 0.06469 0.06919 0.07622 0.07139 -9999 -9999 0.07764
-9999 -9999 -9999 -9999 0.08611 0.08067 0.07905 0.07605 0.07102 0.07883 0.09565 -9999 -9999 -9999 -9999 0.06775 0.06584 0.07218 0.07813 0.07921 0.08373 0.08651 0.08386 0.07630 0.07432 0.07882 0.07674 0.07398 0.06863 0.06652 0.06288 0.07160 0.07445 0.07528 0.07164 0.07380 0.07254 0.07271 0.06961 0.06868 0.06579 0.06587 0.06843 0.06930 0.07182 0.06860 0.06763 0.06792 0.06620 0.06510 0.06314 0.06297 0.05964 0.05717 0.05774 0.06024 0.06022 0.05121 0.05041 0.05464 0.04935 0.04599 0.04618 0.04955 0.04663 0.05556 0.06914 0.07647 0.07556 0.08009 0.08277 0.08117 0.08249
-9999 -9999 -9999 -9999 -9999 -9999 0.08321 0.08257 0.09604 0.09817 0.08398 -9999 -9999 -9999 -9999 -9999 0.07724 0.08082 0.08462 0.08347 0.08393 0.10037 0.08331 0.07919 0.07889 0.08409 0.08393 0.07835 0.07709 0.07380 0.06913 0.07294 0.07777 0.07274 0.07543 0.08039 0.07595 0.07050 0.07449 0.07036 0.06848 0.06341 0.06499 0.06900 0.06965 0.07352 0.07394 0.07221 0.06997 0.06917 0.06958 0.06724 0.06776 0.06700 0.06564 0.06637 0.06300 0.05884 0.05639 0.05405 0.04903 0.04660 0.04624 0.04600 0.04479 0.05309 0.06851 0.08333 0.08352 0.08210 0.08089 0.08303 0.07952
-9999 -9999 -9999 -9999 -9999 -9999 -9999 -9999 -9999 -9999 -9999 -9999 -9999 -9999 -9999 -9999 -9999 -9999 -9999 0.08755 0.08855 0.09924 0.09148 0.08786 0.08656 0.08567 0.08314 0.08723 0.08486 0.07601 0.07273 0.07670 0.07454 0.07640 0.07712 0.07991 0.08167 0.07623 0.07598 0.07073 0.06892 0.06961 0.07101 0.07328 0.07347 0.07738 0.08012 0.07816 0.07560 0.07494 0.07350 0.07488 0.07369 0.07687 0.07510 0.07241 0.06881 0.06682 0.06131 0.05778 0.04974 0.05065 0.04966 0.04669 0.04693 0.06382 0.07778 0.08917 0.09083 0.08081 0.07968 0.08329 0.08074
-9999 -9999 -9999 -9999 -9999 -9999 -9999 -9999 -9999 -9999 -9999 -9999 -9999 -9999 -9999 -9999 -9999 -9999 0.09242 0.09228 0.09527 0.09995 0.09886 0.09880 0.09652 0.09324 0.09369 0.08999 0.08496 0.07997 0.07737 0.07540 0.07503 0.07657 0.07978 0.08317 0.08183 0.08418 0.07752 0.07397 0.07178 0.07555 0.07629 0.07472 0.07671 0.07694 0.08119 0.08468 0.08592 0.08086 0.08083 0.07936 0.08163 0.08144 0.07793 0.07928 0.07556 0.06427 0.05736 0.06080 0.06193 0.06202 0.05789 0.05683 0.05540 0.07004 0.08057 0.09044 0.09382 0.09388 0.09107 0.07839 0.09097
-9999 -9999 -9999 -9999 -9999 -9999 -9999 -9999 -9999 -9999 -9999 -9999 -9999 -9999 -9999 -9999 -9999 0.09797 0.09841 0.10393 0.10292 0.10252 0.10098 0.10355 0.10449 0.09922 0.09939 0.09191 0.08403 0.08047 0.07927 0.08019 0.07914 0.08390 0.08643 0.08217 0.07974 0.08239 0.08433 0.07929 0.07880 0.08296 0.08160 0.08445 0.08404 0.08547 0.08646 0.08553 0.09088 0.08639 0.08805 0.08807 0.08643 0.08397 0.08221 0.08171 0.07765 0.06784 0.06334 0.06654 0.07305 0.06788 0.05493 0.05468 0.06952 0.07665 0.08022 0.09162 0.09559 0.09738 0.08956 0.09132 0.09791
-9999 -9999 -9999 -9999 -9999 -9999 -9999 -9999 -9999 -9999 -9999 -9999 -9999 -9999 -9999 -9999 -9999 0.10076 0.10446 0.09920 0.10358 0.10334 0.10502 0.10909 0.11873 0.10668 0.10601 0.10075 0.09633 0.08820 0.08621 0.08654 0.08932 0.09250 0.08765 0.08525 0.08372 0.08617 0.08089 0.08273 0.08504 0.08996 0.09146 0.09313 0.09340 0.10143 0.10100 0.08898 0.09096 0.09330 0.09356 0.09329 0.09231 0.08910 0.08898 0.08439 0.07454 0.07238 0.07447 0.07661 0.07226 0.06642 0.06628 0.06499 0.05988 0.06776 0.08132 0.08069 0.09586 0.10138 0.10403 0.09215 0.08791
-9999 -9999 -9999 -9999 -9999 -9999 -9999 -9999 -9999 -9999 -9999 -9999 -9999 -9999 -9999 -9999 0.09333 0.09683 0.09783 0.10048 0.11046 0.11518 0.10959 0.11811 0.12953 0.11287 0.11434 0.11719 0.10872 0.09710 0.09304 0.09530 0.09433 0.10040 0.09608 0.09334 0.09048 0.08808 0.08620 0.09261 0.09734 0.10016 0.09975 0.10486 0.10393 0.10803 0.10765 0.09283 0.09652 0.10051 0.10051 0.10000 0.09581 0.09416 0.09279 0.08914 0.08601 0.08237 0.08143 0.07779 0.07749 0.07473 0.06947 0.06095 0.06836 0.07461 0.08149 0.09066 0.10449 0.10718 0.10543 0.09749 0.09591
-9999 -9999 -9999 -9999 -9999 -9999 -9999 -9999 -9999 -9999 -9999 -9999 -9999 0.09635 0.09240 0.09554 0.09374 0.08958 0.09788 0.11590 0.11817 0.10969 0.11535 0.11351 0.11047 0.12164 0.12165 0.11914 0.11590 0.11314 0.10880 0.10656 0.10392 0.10369 0.10033 0.09652 0.09651 0.09872 0.09664 0.10058 0.10558 0.11365 0.11940 0.12491 0.11730 0.11115 0.10890 0.10898 0.10957 0.11115 0.10944 0.10519 0.10111 0.10329 0.10178 0.09568 0.09393 0.09300 0.09108 0.08909 0.08579 0.08532 0.08410 0.08291 0.08931 0.09686 0.10187 0.10623 0.10791 0.11069 0.10515 0.09800 0.09732
-9999 -9999 -9999 -9999 -9999 -9999 -9999 -9999 -9999 -9999 -9999 -9999 0.10132 0.09725 0.09611 0.09949 0.09986 0.10246 0.10302 0.12800 0.11827 0.11976 0.12064 0.11691 0.11681 0.12835 0.12473 0.12400 0.12070 0.11912 0.11727 0.11603 0.11172 0.10912 0.10675 0.10407 0.10179 0.10306 0.10069 0.10666 0.11098 0.12229 0.13135 0.13152 0.12285 0.11515 0.11426 0.11350 0.11535 0.11963 0.11697 0.11264 0.10897 0.10974 0.10836 0.10616 0.10225 0.09438 0.08970 0.08934 0.08787 0.09279 0.09202 0.08920 0.09256 0.10181 0.10489 0.10817 0.11238 0.10643 0.10046 0.10606 0.10295
-9999 -9999 -9999 -9999 -9999 -9999 -9999 -9999 -9999 -9999 -9999 0.08767 0.09269 0.09158 0.10063 0.11174 0.11566 0.11851 0.11949 0.12105 0.12162 0.12999 0.12745 0.12321 0.12188 0.11895 0.11626 0.12446 0.12624 0.12755 0.12406 0.12323 0.12205 0.11677 0.11454 0.10645 0.10101 0.10147 0.10500 0.11049 0.12256 0.12876 0.14018 0.13683 0.13000 0.12199 0.11886 0.11790 0.11924 0.12079 0.12057 0.10871 0.11033 0.10842 0.10756 0.10704 0.10885 0.10206 0.10625 0.10694 0.10511 0.10983 0.10751 0.10603 0.10272 0.10382 0.10684 0.11288 0.11027 0.10526 0.09827 0.09569 0.10098
-9999 -9999 -9999 -9999 -9999 -9999 -9999 -9999 -9999 -9999 0.09533 0.09340 0.10288 0.09798 0.11011 0.11927 0.12350 0.12441 0.12292 0.12449 0.12455 0.13440 0.13120 0.12924 0.12808 0.12417 0.12297 0.13382 0.13322 0.13321 0.13075 0.13036 0.12830 0.12637 0.12042 0.11134 0.10631 0.10717 0.11207 0.11952 0.12916 0.13975 0.14632 0.13954 0.13371 0.12712 0.12175 0.11908 0.11964 0.12235 0.12248 0.11092 0.11660 0.11544 0.11428 0.11387 0.10832 0.10857 0.11512 0.11501 0.11311 0.11448 0.11317 0.11075 0.10900 0.10850 0.11360 0.11669 0.11240 0.10316 0.09997 0.10962 0.11076
-9999 -9999 -9999 -9999 -9999 -9999 -9999 -9999 -9999 0.11415 0.11422 0.11136 0.11154 0.11522 0.11946 0.12295 0.12642 0.12973 0.13663 0.13637 0.13518 0.13085 0.12825 0.13225 0.13279 0.13364 0.13417 0.13297 0.13005 0.13211 0.13927 0.13148 0.12925 0.11930 0.11244 0.10930 0.10528 0.11506 0.12130 0.13499 0.14341 0.15182 0.15483 0.14954 0.14488 0.13776 0.13313 0.12395 0.12174 0.12369 0.12634 0.12111 0.11792 0.10240 0.09986 0.12804 0.12789 0.12946 0.12614 0.12364 0.12170 0.12139 0.12095 0.12018 0.11882 0.11671 0.11740 0.11516 0.11170 0.11081 0.11663 0.12167 0.12506
-9999 -9999 -9999 -9999 -9999 -9999 -9999 -9999 -9999 -9999 0.12204 0.11917 0.11794 0.12167 0.13511 0.13065 0.13254 0.13650 0.13661 0.13409 0.12953 0.13002 0.13005 -9999 -9999 -9999 -9999 -9999 -9999 0.14070 0.14413 0.13807 0.13493 0.12550 0.11723 0.11712 0.11540 0.12486 0.13451 0.14765 0.15377 0.15947 0.15978 0.15316 0.15027 0.14282 0.13660 0.13046 0.12631 0.12934 0.13134 0.12877 0.12235 0.10697 0.10549 0.13684 0.13952 0.13709 0.13456 0.13094 0.13188 0.12905 0.12822 0.12661 0.11511 0.12329 0.11831 0.11669 0.10253 0.10965 0.11114 0.12596 0.14003
-9999 -9999 -9999 -9999 -9999 -9999 -9999 -9999 -9999 -9999 -9999 -9999 0.12439 0.12952 0.13294 0.16137 0.15965 0.16017 0.15652 -9999 -9999 -9999 -9999 -9999 -9999 -9999 -9999 -9999 -9999 -9999 -9999 -9999 -9999 0.13989 0.12537 0.13126 0.12993 0.14289 0.15237 0.15960 0.16286 0.16881 0.16644 0.16218 0.15965 0.15153 0.14689 0.14309 0.13980 0.14103 0.14036 0.12381 0.12325 0.12460 0.12557 0.14463 0.14339 0.14282 0.14429 0.14499 0.14161 0.13762 0.13271 0.13237 0.13282 0.13239 0.12553 0.12430 0.12056 0.13009 0.13159 0.13920 -9999
-9999 -9999 -9999 -9999 -9999 -9999 -9999 -9999 -9999 -9999 -9999 -9999 -9999 -9999 -9999 -9999 -9999 -9999 -9999 -9999 -9999 -9999 -9999 -9999 -9999 -9999 -9999 -9999 -9999 -9999 -9999 -9999 -9999 -9999 0.14017 0.13841 0.15357 0.15550 0.16500 0.17151 0.17310 0.17062 0.16801 0.16891 0.16429 0.15921 0.15503 0.15123 0.14752 0.14901 0.14814 0.13390 0.13061 0.13179 0.13205 0.15512 0.15173 0.14359 0.14942 0.15384 0.14843 0.14307 0.14617 0.14460 0.14637 0.14125 0.13109 0.12786 0.12180 0.13340 0.14605 -9999 -9999
-9999 -9999 -9999 -9999 -9999 -9999 -9999 -9999 -9999 -9999 -9999 -9999 -9999 -9999 -9999 -9999 -9999 -9999 -9999 -9999 -9999 -9999 -9999 -9999 -9999 -9999 -9999 -9999 -9999 -9999 -9999 -9999 -9999 -9999 0.15863 0.15759 0.15454 0.16987 0.18440 0.19298 0.18973 0.18490 0.18069 0.17516 0.17181 0.16428 0.16134 0.15839 0.15558 0.15225 0.15351 0.15372 0.15227 0.13384 0.13553 0.15478 0.15994 0.16114 0.16029 0.15991 0.15670 0.15652 0.15363 0.15139 0.14803 0.14083 0.14277 0.13670 0.12916 0.14250 -9999 -9999 -9999
-9999 -9999 -9999 -9999 -9999 -9999 -9999 -9999 -9999 -9999 -9999 -9999 -9999 -9999 -9999 -9999 -9999 -9999 -9999 -9999 -9999 -9999 -9999 -9999 -9999 -9999 -9999 -9999 -9999 -9999 -9999 -9999 -9999 -9999 -9999 -9999 -9999 -9999 0.20087 0.20379 0.19835 0.19417 0.18860 0.18296 0.17970 0.17457 0.17064 0.16877 0.16706 0.16218 0.16460 0.16598 0.16385 0.14264 0.14184 0.16265 0.16574 0.17251 0.16879 0.17153 0.16585 0.16559 0.15452 0.15016 0.13892 0.14417 0.14295 0.14789 0.16258 -9999 -9999 -9999 -9999
-9999 -9999 -9999 -9999 -9999 -9999 -9999 -9999 -9999 -9999 -9999 -9999 -9999 -9999 -9999 -9999 -9999 -9999 -9999 -9999 -9999 -9999 -9999 -9999 -9999 -9999 -9999 -9999 -9999 -9999 -9999 -9999 -9999 -9999 -9999 -9999 -9999 -9999 -9999 0.21538 0.20688 0.19895 0.19463 0.18975 0.18512 0.17891 0.17805 0.17655 0.17523 0.17401 0.17745 0.16097 0.16602 0.16093 0.16649 0.15753 0.15959 0.15396 0.17424 0.17378 0.16835 0.16250 0.15813 0.14550 0.14690 0.14284 0.15470 0.16682 -9999 -9999 -9999 -9999 -9999
-9999 -9999 -9999 -9999 -9999 -9999 -9999 -9999 -9999 -9999 -9999 -9999 -9999 -9999 -9999 -9999 -9999 -9999 -9999 -9999 -9999 -9999 -9999 -9999 -9999 -9999 -9999 -9999 -9999 -9999 -9999 -9999 -9999 -9999 -9999 -9999 -9999 -9999 -9999 -9999 -9999 -9999 -9999 0.19412 0.19157 0.18189 0.18226 0.18341 0.18412 0.17982 0.17790 0.14861 0.16850 0.18336 0.16663 0.16278 0.16305 0.16599 0.18666 0.17582 0.16608 0.15901 0.16339 0.14928 0.15055 0.15731 0.17354 -9999 -9999 -9999 -9999 -9999 -9999
