data/hydroclimate-scenarios/1948-2000.Pcorr55N_Pref_Tref/monthly_summaries/vpd_monthly_avg_jul.1950-2000.asc
ncols	311
nrows	91
xllcenter	102.75
yllcenter	31.75
cellsize	0.5
NODATA_value	-9999
[rows 0 to 32 of 91, columns 73 to 145 of 311]
-9999 -9999 -9999 -9999 -9999 -9999 -9999 -9999 -9999 -9999 -9999 -9999 -9999 -9999 -9999 -9999 -9999 -9999 -9999 -9999 -9999 -9999 -9999 -9999 -9999 -9999 -9999 -9999 -9999 -9999 -9999 -9999 -9999 -9999 -9999 -9999 -9999 -9999 -9999 -9999 -9999 -9999 -9999 -9999 -9999 -9999 -9999 -9999 -9999 -9999 -9999 -9999 -9999 -9999 -9999 -9999 -9999 -9999 -9999 -9999 -9999 -9999 -9999 -9999 -9999 -9999 -9999 -9999 -9999 -9999 -9999 -9999 -9999
-9999 -9999 -9999 -9999 -9999 -9999 -9999 -9999 -9999 -9999 -9999 -9999 -9999 -9999 -9999 -9999 -9999 -9999 -9999 -9999 -9999 -9999 -9999 -9999 -9999 -9999 -9999 -9999 -9999 -9999 -9999 -9999 -9999 -9999 -9999 -9999 -9999 -9999 -9999 -9999 -9999 -9999 -9999 -9999 -9999 -9999 -9999 -9999 -9999 -9999 -9999 -9999 -9999 -9999 -9999 -9999 -9999 -9999 -9999 -9999 -9999 -9999 -9999 -9999 -9999 -9999 -9999 -9999 -9999 -9999 -9999 -9999 -9999
-9999 -9999 -9999 -9999 -9999 -9999 -9999 -9999 -9999 -9999 -9999 -9999 -9999 -9999 -9999 -9999 -9999 -9999 -9999 -9999 -9999 -9999 -9999 -9999 -9999 -9999 -9999 -9999 -9999 -9999 -9999 -9999 -9999 -9999 -9999 -9999 -9999 -9999 -9999 -9999 -9999 -9999 -9999 -9999 -9999 -9999 -9999 -9999 -9999 -9999 -9999 -9999 -9999 -9999 -9999 -9999 -9999 -9999 -9999 -9999 -9999 -9999 -9999 -9999 -9999 -9999 -9999 -9999 -9999 -9999 -9999 -9999 -9999
-9999 -9999 -9999 -9999 -9999 -9999 -9999 -9999 -9999 -9999 -9999 -9999 -9999 -9999 -9999 -9999 -9999 -9999 -9999 -9999 -9999 -9999 -9999 -9999 -9999 -9999 -9999 -9999 -9999 -9999 -9999 -9999 -9999 -9999 -9999 -9999 -9999 -9999 -9999 -9999 -9999 -9999 -9999 -9999 -9999 -9999 -9999 -9999 -9999 -9999 -9999 -9999 -9999 -9999 -9999 -9999 -9999 -9999 -9999 -9999 -9999 -9999 -9999 -9999 -9999 -9999 -9999 -9999 -9999 -9999 -9999 -9999 -9999
-9999 -9999 -9999 -9999 -9999 -9999 -9999 -9999 -9999 -9999 -9999 -9999 -9999 -9999 -9999 -9999 -9999 -9999 -9999 -9999 -9999 -9999 -9999 -9999 -9999 -9999 -9999 -9999 -9999 -9999 -9999 -9999 -9999 -9999 -9999 -9999 -9999 -9999 -9999 -9999 -9999 -9999 -9999 -9999 -9999 -9999 -9999 -9999 -9999 -9999 -9999 -9999 -9999 -9999 -9999 -9999 -9999 -9999 -9999 -9999 -9999 -9999 -9999 -9999 -9999 -9999 -9999 -9999 -9999 -9999 -9999 -9999 -9999
-9999 -9999 -9999 -9999 -9999 -9999 -9999 -9999 -9999 -9999 -9999 -9999 -9999 -9999 -9999 -9999 -9999 -9999 -9999 -9999 -9999 -9999 -9999 -9999 -9999 -9999 -9999 -9999 -9999 -9999 -9999 -9999 -9999 -9999 -9999 -9999 -9999 -9999 -9999 -9999 -9999 -9999 -9999 -9999 -9999 -9999 -9999 -9999 -9999 -9999 -9999 -9999 -9999 -9999 -9999 -9999 -9999 -9999 -9999 -9999 -9999 -9999 -9999 -9999 -9999 -9999 -9999 -9999 -9999 -9999 -9999 -9999 -9999
-9999 -9999 -9999 -9999 -9999 -9999 -9999 -9999 -9999 -9999 -9999 -9999 -9999 -9999 -9999 -9999 -9999 -9999 -9999 -9999 -9999 -9999 -9999 -9999 -9999 -9999 -9999 -9999 -9999 -9999 -9999 -9999 -9999 -9999 -9999 -9999 -9999 -9999 -9999 -9999 -9999 -9999 -9999 -9999 -9999 -9999 -9999 -9999 -9999 -9999 -9999 -9999 -9999 -9999 -9999 -9999 -9999 -9999 -9999 -9999 -9999 -9999 -9999 -9999 -9999 -9999 -9999 -9999 -9999 -9999 -9999 -9999 -9999
-9999 -9999 -9999 -9999 -9999 -9999 -9999 -9999 -9999 -9999 -9999 -9999 -9999 -9999 -9999 -9999 -9999 -9999 -9999 -9999 -9999 -9999 -9999 -9999 -9999 -9999 -9999 -9999 -9999 -9999 -9999 -9999 -9999 -9999 -9999 -9999 -9999 -9999 -9999 -9999 -9999 -9999 -9999 -9999 -9999 -9999 -9999 -9999 -9999 -9999 -9999 -9999 -9999 -9999 -9999 -9999 -9999 -9999 -9999 -9999 -9999 -9999 -9999 -9999 -9999 -9999 -9999 -9999 -9999 -9999 -9999 -9999 -9999
-9999 -9999 -9999 -9999 0.87288 -9999 -9999 -9999 -9999 -9999 -9999 -9999 -9999 -9999 -9999 -9999 -9999 -9999 -9999 -9999 -9999 -9999 -9999 -9999 -9999 -9999 -9999 -9999 -9999 -9999 -9999 -9999 -9999 -9999 -9999 -9999 -9999 -9999 -9999 -9999 -9999 -9999 -9999 -9999 -9999 -9999 -9999 -9999 -9999 -9999 -9999 -9999 -9999 -9999 -9999 -9999 -9999 -9999 -9999 -9999 -9999 -9999 -9999 -9999 -9999 -9999 -9999 -9999 -9999 -9999 -9999 -9999 -9999
0.60895 0.93506 0.92592 0.88354 0.89122 0.86046 0.84169 0.81961 0.79073 0.78893 0.78532 0.77017 0.77351 0.76045 0.74376 0.74144 0.75829 0.75478 0.75941 0.76522 -9999 -9999 -9999 -9999 -9999 -9999 -9999 -9999 -9999 -9999 -9999 -9999 -9999 -9999 -9999 -9999 -9999 -9999 -9999 -9999 -9999 -9999 -9999 -9999 -9999 -9999 -9999 -9999 -9999 -9999 -9999 -9999 -9999 -9999 -9999 -9999 -9999 -9999 -9999 -9999 -9999 -9999 -9999 -9999 -9999 -9999 -9999 -9999 -9999 -9999 -9999 -9999 -9999
-9999 -9999 0.95092 0.93830 0.90433 0.89117 0.87525 0.84593 0.82954 0.81375 0.79567 0.79423 0.79110 0.78080 0.77814 0.76489 0.76468 0.75939 0.75752 0.75976 -9999 -9999 -9999 -9999 -9999 -9999 -9999 -9999 -9999 -9999 -9999 -9999 -9999 -9999 -9999 -9999 -9999 -9999 -9999 -9999 -9999 -9999 -9999 -9999 -9999 -9999 -9999 -9999 -9999 -9999 -9999 -9999 -9999 -9999 -9999 -9999 -9999 -9999 -9999 -9999 -9999 -9999 -9999 -9999 -9999 -9999 -9999 -9999 -9999 -9999 -9999 -9999 -9999
0.99190 0.99297 0.96998 0.95024 0.92210 0.90794 0.88577 0.86076 0.85309 0.83715 0.80896 0.80657 0.79793 0.78960 0.78019 0.77191 0.76369 0.75348 0.74732 0.76027 0.76959 0.77821 0.78090 0.80458 0.80575 0.83755 -9999 -9999 -9999 -9999 -9999 -9999 -9999 -9999 -9999 -9999 -9999 -9999 -9999 -9999 -9999 -9999 -9999 -9999 -9999 -9999 -9999 -9999 -9999 -9999 -9999 -9999 -9999 -9999 -9999 -9999 -9999 -9999 -9999 -9999 -9999 -9999 -9999 -9999 -9999 -9999 -9999 -9999 -9999 -9999 -9999 -9999 -9999
1.00717 0.98255 0.98176 0.96745 0.94190 0.93107 0.91051 0.89011 0.87532 0.86619 0.83879 0.82695 0.81809 0.81378 0.80853 0.79641 0.77609 0.75772 0.75717 0.75385 0.74875 0.77463 0.78902 0.79995 0.81805 0.81810 0.83392 0.85139 0.86893 0.87002 0.87381 0.87727 0.86888 0.86046 0.86014 0.85910 0.85155 0.85474 0.88541 0.89589 0.89861 -9999 -9999 -9999 -9999 -9999 -9999 -9999 -9999 -9999 -9999 -9999 -9999 -9999 -9999 -9999 -9999 -9999 -9999 -9999 -9999 -9999 -9999 -9999 -9999 -9999 -9999 -9999 -9999 -9999 -9999 -9999 -9999
0.98428 0.95237 0.94032 0.94797 0.94069 0.94916 0.91992 0.90394 0.89992 0.88134 0.86009 0.84570 0.83030 0.82446 0.81602 0.81589 0.79863 0.77233 0.75219 0.72144 0.74110 0.75736 0.76831 0.80429 0.83103 0.84377 0.82339 0.81445 0.86805 0.87474 0.89173 0.89230 0.88284 0.88755 0.86757 0.86288 0.86036 0.86183 0.88658 0.88582 0.89675 0.90209 -9999 -9999 -9999 -9999 -9999 -9999 -9999 -9999 -9999 -9999 -9999 -9999 -9999 -9999 -9999 -9999 -9999 -9999 -9999 -9999 -9999 -9999 -9999 -9999 -9999 -9999 -9999 -9999 -9999 -9999 -9999
0.84941 0.77162 0.83235 0.84060 0.83455 0.84077 0.82012 0.85417 0.82028 0.82673 0.85966 0.84784 0.85184 0.84456 0.82983 0.81859 0.81399 0.78094 0.75684 0.75438 0.76454 0.77106 0.79870 0.75987 0.81265 0.84892 0.86266 0.84325 0.86357 0.88240 0.90073 0.89085 0.87875 0.87375 0.87486 0.87013 0.87384 0.87458 0.88822 0.88011 0.87618 0.88652 -9999 -9999 -9999 -9999 -9999 -9999 -9999 -9999 -9999 -9999 -9999 -9999 -9999 -9999 -9999 0.88447 0.88007 -9999 -9999 -9999 -9999 0.74101 0.66396 0.60646 0.63382 0.70934 0.72112 0.70679 0.67384 0.63945 0.62999
0.84275 0.78800 0.86405 0.92013 0.90694 0.86124 0.83651 0.82343 0.87622 0.87693 0.87885 0.85227 0.84589 0.86139 0.84287 0.85331 0.82924 0.83298 0.80228 0.79164 0.79275 0.83905 0.85244 0.86324 0.87608 0.88172 0.90000 0.91009 0.91127 0.92255 0.91191 0.90482 0.89965 0.89756 0.89021 0.89114 0.88950 0.88450 0.89261 0.88493 0.88395 0.88989 0.89186 0.90679 0.90949 0.89585 0.78454 0.74523 0.76835 0.74570 0.73581 0.76611 0.75642 0.74869 0.84660 0.85808 0.86796 0.86388 0.86752 -9999 -9999 -9999 -9999 -9999 0.75418 0.69286 0.65716 0.63570 0.62861 0.63241 0.58191 0.59243 0.58339
0.82634 0.75614 0.81637 0.88924 0.89472 0.90884 0.93185 0.96409 0.96580 0.94517 0.94727 0.93324 0.90348 0.89323 0.88060 0.86530 0.84447 0.83616 0.83930 0.84490 0.86375 0.86709 0.87290 0.87458 0.88624 0.89394 0.91398 0.91790 0.92127 0.92169 0.91656 0.91202 0.91369 0.90609 0.89887 0.89449 0.88617 0.88822 0.88453 0.88311 0.88173 0.87862 0.88181 0.87340 0.87965 0.87458 0.78556 0.74287 0.78087 0.81445 0.77067 0.68749 0.64412 0.72479 0.67187 0.67045 0.68802 0.74373 0.75430 0.73691 0.80165 0.84940 0.82602 0.80619 0.78249 0.76928 0.71223 0.66967 0.60289 0.59784 0.55794 0.51473 0.50629
0.88371 0.75394 0.74236 0.79867 0.84608 0.84497 1.01142 1.01495 1.00060 0.98050 0.98504 0.96648 0.93589 0.92018 0.90545 0.90190 0.86945 0.83785 0.82459 0.85750 0.87252 0.89199 0.89551 0.90539 0.91602 0.92253 0.94103 0.94497 0.93446 0.94071 0.93500 0.93042 0.92633 0.91793 0.91251 0.89981 0.90663 0.89184 0.89095 0.87606 0.88418 0.88518 0.88945 0.88268 0.87018 0.88110 0.86577 0.83707 0.80155 0.82922 0.77854 0.78361 0.72616 0.65988 0.63792 0.66154 0.66514 0.66100 0.68572 0.63768 0.69221 0.77363 0.80651 0.80433 0.80718 0.78627 0.73088 0.65201 0.56200 0.54992 0.52192 0.49705 0.50459
0.75227 0.94606 0.86574 0.94158 0.97149 0.87212 0.94413 0.99213 1.00807 1.02271 1.00904 0.99307 0.97092 0.95082 0.93543 0.91329 0.88524 0.76707 0.79315 0.82580 0.84267 0.88487 0.90775 0.91514 0.93941 0.95064 0.95107 0.95063 0.97808 0.97146 0.97167 0.95498 0.95355 0.94505 0.93684 0.91092 0.88972 0.86318 0.85652 0.87195 0.79676 0.77435 0.79845 0.84507 0.87450 0.89577 0.88037 0.83281 0.77862 0.76331 0.75481 0.74438 0.73449 0.75283 0.75368 0.68274 0.66509 0.64281 0.62160 0.59565 0.57970 0.64107 0.66755 0.68546 0.67933 0.67689 0.64118 0.61040 0.58545 0.57447 0.55232 0.52011 0.50982
0.70089 0.70750 0.81138 0.96067 0.95908 0.88290 0.87104 0.95954 0.80364 0.82750 0.85879 0.94319 0.96928 0.96349 0.95599 0.94051 0.90179 0.83836 0.81134 0.84688 0.86791 0.90262 0.92066 0.94918 0.97505 0.97865 0.98537 0.99018 1.00226 0.98949 0.95238 0.96860 0.95587 0.91625 0.89623 0.87587 0.86020 0.81943 0.80729 0.83982 0.85242 0.83658 0.76957 0.76357 0.79025 0.81633 0.85491 0.79023 0.75244 0.74440 0.74430 0.76939 0.71047 0.66512 0.65736 0.60618 0.66369 0.69781 0.68879 0.69033 0.68225 0.63065 0.58414 0.64385 0.58934 0.62209 0.62549 0.60730 0.60920 0.66004 0.63657 0.55637 0.53806
0.69470 0.65830 0.65430 0.80092 0.87830 0.92491 0.93704 0.98106 0.88231 0.73912 0.66080 0.63907 0.71636 0.80864 0.86789 0.93912 0.94400 0.94328 0.93752 0.93742 0.92479 0.94781 0.95194 0.96207 0.97527 0.99034 0.98851 0.96753 0.97714 0.95896 0.93417 0.92719 0.95692 0.89872 0.87734 0.81678 0.84867 0.85043 0.81188 0.79417 0.81977 0.81983 0.75959 0.79515 0.77953 0.78822 0.81613 0.83318 0.83955 0.80745 0.77831 0.76089 0.74388 0.72733 0.66873 0.63646 0.66752 0.60222 0.62649 0.65145 0.67299 0.68867 0.70442 0.69144 0.65526 0.63178 0.63828 0.64003 0.66330 0.69844 0.68689 0.62177 0.56393
0.65018 0.65920 0.65699 0.67652 0.68247 0.72498 0.81131 0.91579 1.00811 0.91419 0.81146 0.73624 0.65607 0.64724 0.65578 0.68202 0.76842 0.80966 0.88350 0.90679 0.93101 0.94257 0.96413 0.96340 0.97712 0.98887 0.94276 0.91050 0.97222 0.84825 0.83122 0.83088 0.84678 0.83935 0.83751 0.80779 0.83910 0.81991 0.79741 0.79311 0.82670 0.76643 0.75252 0.72422 0.72295 0.72471 0.74182 0.75623 0.70133 0.68643 0.64723 0.64506 0.64892 0.65801 0.60392 0.66269 0.65732 0.60759 0.65614 0.65854 0.66971 0.74017 0.71396 0.70285 0.64931 0.65879 0.67374 0.68205 0.72081 0.73162 0.69291 0.58565 0.58982
0.65819 0.66140 0.67123 0.66467 0.66794 0.71223 0.71216 0.79935 0.81990 0.80211 0.80439 0.83683 0.80701 0.78294 0.72999 0.65661 0.63364 0.65580 0.69304 0.72999 0.83683 0.90899 0.95840 0.96793 0.97883 0.93634 0.88317 0.88971 0.88890 0.86898 0.79941 0.82969 0.78467 0.87398 0.86778 0.82555 0.75545 0.77158 0.81191 0.82966 0.80132 0.76022 0.68061 0.66246 0.66099 0.67646 0.67122 0.61746 0.59091 0.61025 0.58722 0.54412 0.58416 0.55853 0.62327 0.58220 0.65309 0.69460 0.70219 0.73941 0.72714 0.73110 0.69767 0.73841 0.76981 0.77582 0.73812 0.73206 0.75512 0.74711 0.64092 0.58382 0.64833
0.71132 0.72740 0.67337 0.67274 0.66267 0.66822 0.68317 0.76042 0.86340 0.68125 0.69396 0.73894 0.64162 0.60808 0.61478 0.83237 0.68642 0.59760 0.58818 0.62075 0.69347 0.90410 0.97164 0.99145 0.99378 0.94892 0.91154 0.90799 0.88168 0.86653 0.85802 0.85049 0.92234 0.88804 0.82516 0.82899 0.76343 0.74422 0.68613 0.74060 0.74530 0.71693 0.78717 0.78637 0.72880 0.68386 0.63729 0.61500 0.58498 0.61137 0.60463 0.59814 0.56948 0.56174 0.58863 0.59024 0.67207 0.69276 0.75168 0.78007 0.74678 0.72377 0.82112 0.84191 0.83125 0.83538 0.80948 0.76390 0.74470 0.74737 0.69026 0.69584 0.67297
0.70230 0.72601 0.70920 0.71440 0.72560 0.71439 0.73493 0.73719 0.74805 0.73156 0.73018 0.74816 0.66793 0.63533 0.59071 0.60737 0.66945 0.71390 0.66495 0.65904 0.70492 0.74616 0.86716 0.96508 0.98901 0.98476 0.94880 0.96566 0.90186 0.90564 0.93133 0.88456 0.85960 0.85741 0.82924 0.81030 0.77714 0.72810 0.66376 0.65904 0.64288 0.65633 0.77120 0.79183 0.73476 0.69164 0.64184 0.59386 0.57083 0.60173 0.62655 0.56659 0.59411 0.60573 0.62596 0.65822 0.60912 0.66866 0.71580 0.75603 0.77840 0.84992 0.87391 0.86931 0.84779 0.80303 0.72191 0.73838 0.74422 0.74322 0.71760 0.69704 0.66049
0.65513 0.66441 0.68894 0.73330 0.75702 0.78297 0.80085 0.82428 0.76213 0.68927 0.71019 0.75396 0.73965 0.67587 0.64798 0.63312 0.58418 0.60643 0.65088 0.71537 0.77763 0.75847 0.76059 0.81657 0.93567 0.94743 0.92771 0.88517 0.91418 0.88955 0.95456 0.91264 0.85356 0.77992 0.77231 0.69408 0.73031 0.64771 0.58455 0.62439 0.62773 0.57575 0.62062 0.68858 0.68780 0.66799 0.66214 0.62793 0.59631 0.65022 0.67728 0.68124 0.68730 0.67977 0.67190 0.64140 0.67592 0.65136 0.72851 0.73718 0.76545 0.80033 0.83577 0.85630 0.83526 0.80921 0.75026 0.69646 0.69230 0.71278 0.70961 0.64508 0.60939
0.61604 0.61622 0.63577 0.66386 0.71019 0.74568 0.81438 0.77978 0.78461 0.73709 0.65209 0.66848 0.72370 0.72258 0.65482 0.61678 0.57829 0.58070 0.61520 0.63335 0.66608 0.71214 0.75290 0.82102 0.82589 0.89983 0.94683 0.89946 0.95877 0.89021 0.93050 0.79528 0.74679 0.80641 0.71654 0.65175 0.66390 0.67335 0.61390 0.59104 0.57829 0.60543 0.60740 0.62381 0.63815 0.63340 0.63588 0.60712 0.61997 0.61028 0.61572 0.60929 0.60530 0.61538 0.63099 0.68408 0.71739 0.75643 0.78112 0.77328 0.77634 0.79028 0.79132 0.80830 0.79926 0.77428 0.68386 0.64256 0.63483 0.64681 0.66426 0.65658 0.66933
0.59845 0.59324 0.60263 0.65091 0.67476 0.74638 0.76157 0.82272 0.89428 0.81327 0.72958 0.63943 0.65329 0.64984 0.61754 0.64638 0.62955 0.64208 0.56199 0.62353 0.67175 0.70653 0.74579 0.74046 0.72027 0.82607 0.91154 0.95258 0.83916 0.87148 0.84974 0.76278 0.70005 0.76144 0.70351 0.66547 0.61179 0.61196 0.60746 0.59214 0.60070 0.58870 0.60766 0.59581 0.65813 0.63579 0.61399 0.61175 0.62390 0.61083 0.62720 0.65418 0.63355 0.66491 0.66130 0.69028 0.72433 0.74521 0.75831 0.75013 0.75579 0.74556 0.66909 0.68765 0.67427 0.68107 0.64821 0.68188 0.66141 0.64122 0.64352 0.60301 0.56387
0.57516 0.56217 0.56555 0.54202 0.58499 0.64386 0.67400 0.70446 0.76466 0.70476 0.71149 0.65785 0.58236 0.60213 0.64468 0.65641 0.62764 0.63517 0.63814 0.59509 0.60486 0.66588 0.73778 0.81610 0.78832 0.84194 0.96917 0.91292 0.89324 0.84891 0.77711 0.73445 0.69170 0.66040 0.67365 0.62090 0.57156 0.54507 0.58387 0.59179 0.57398 0.62589 0.65311 0.67766 0.72968 0.76315 0.74917 0.74699 0.74787 0.75032 0.73075 0.69012 0.65039 0.64825 0.67106 0.70160 0.70906 0.71726 0.70198 0.70799 0.66599 0.61107 0.58784 0.61083 0.59524 0.60589 0.62930 0.64776 0.63043 0.62121 0.58914 0.58856 0.59748
0.56988 0.57842 0.55514 0.55164 0.50090 0.55329 0.60153 0.60189 0.60150 0.59676 0.61624 0.56872 0.56539 0.59150 0.58159 0.58909 0.62796 0.62698 0.60500 0.57287 0.53872 0.62199 0.70586 0.73909 0.69674 0.76534 0.78988 0.74232 0.80048 0.81258 0.72697 0.69129 0.65332 0.65657 0.61962 0.61946 0.57568 0.55924 0.59580 0.65383 0.62413 0.66982 0.75321 0.75641 0.74152 0.72958 0.67676 0.70697 -9999 -9999 0.71388 0.69700 0.70236 0.65294 0.65553 0.67877 0.66633 0.64147 0.64524 0.59479 0.57350 0.54444 0.57341 0.54501 0.53722 0.51691 0.58336 0.61060 0.59801 0.63714 0.58286 0.60810 0.61881
0.57599 0.55093 0.54684 0.55440 0.52225 0.56302 0.55067 0.54676 0.54014 0.54953 0.54480 0.53425 0.54263 0.56102 0.52449 0.55368 0.57893 0.54260 0.56115 0.58552 0.58722 0.58017 0.53454 0.59699 0.61412 0.67711 0.68670 0.70499 0.67659 0.74628 0.69520 0.63737 0.62453 0.61257 0.57815 0.64815 0.71368 -9999 -9999 -9999 -9999 0.76327 -9999 0.67251 0.60711 0.65308 0.66326 0.74839 -9999 -9999 0.65746 0.65463 0.65501 0.64896 0.66326 0.64565 0.62890 0.59812 0.59417 0.58310 0.56477 0.57048 0.59301 0.49913 0.49224 0.50793 0.59646 0.61310 0.62587 0.67360 -9999 -9999 -9999
0.56519 0.53458 0.53564 0.57550 0.51455 0.53586 0.58124 0.57012 0.56615 0.55644 0.52024 0.50498 0.52259 0.56811 0.52871 0.51538 0.50183 0.50828 0.49992 0.54019 0.53510 0.54816 0.53369 0.56215 0.56669 0.58530 0.61778 0.64375 0.63231 0.62981 0.61060 0.60852 0.57361 0.61802 0.63847 -9999 -9999 -9999 -9999 -9999 -9999 -9999 0.69152 0.67248 0.67753 -9999 -9999 -9999 -9999 -9999 0.68094 0.64049 0.56664 0.57881 0.55708 0.58138 0.60509 0.57983 0.62576 0.63350 0.60407 0.57991 0.61159 0.62112 0.57968 0.52479 0.59198 0.66400 -9999 -9999 -9999 -9999 -9999
0.53157 0.54236 0.55696 0.57835 0.56914 0.51770 0.56409 0.58171 0.56405 0.56417 0.51805 0.56501 0.56286 0.57582 0.54372 0.52356 0.52975 0.51195 0.51911 0.51152 0.50622 0.47224 0.47874 0.50118 0.50928 0.52289 0.51914 0.54608 0.56218 0.54956 0.58007 0.59934 0.61081 0.70684 -9999 -9999 -9999 -9999 -9999 -9999 -9999 -9999 -9999 0.69700 -9999 -9999 -9999 -9999 0.70341 0.67756 0.64569 0.59427 0.54491 0.57928 0.58933 0.59238 0.58602 0.61458 0.62629 0.63026 0.63186 0.59404 0.61072 0.60241 0.60431 -9999 -9999 -9999 -9999 -9999 -9999 -9999 -9999
