data/hydroclimate-scenarios/1948-2000.Pcorr55N_Pref_Tref/monthly_summaries/vpd_monthly_avg_aug.1950-2000.asc
ncols	311
nrows	91
xllcenter	102.75
yllcenter	31.75
cellsize	0.5
NODATA_value	-9999
[rows 0 to 32 of 91, columns 0 to 72 of 311]
-9999 -9999 -9999 -9999 -9999 -9999 -9999 -9999 -9999 -9999 -9999 -9999 -9999 -9999 -9999 -9999 -9999 -9999 -9999 -9999 -9999 -9999 -9999 -9999 -9999 -9999 -9999 -9999 -9999 -9999 -9999 -9999 -9999 -9999 -9999 -9999 -9999 -9999 -9999 -9999 -9999 -9999 -9999 -9999 -9999 -9999 -9999 -9999 -9999 -9999 -9999 -9999 -9999 -9999 -9999 -9999 -9999 -9999 -9999 -9999 -9999 -9999 -9999 -9999 -9999 -9999 -9999 -9999 -9999 -9999 -9999 -9999 -9999
-9999 -9999 -9999 -9999 -9999 -9999 -9999 -9999 -9999 -9999 -9999 -9999 -9999 -9999 -9999 -9999 -9999 -9999 -9999 -9999 -9999 -9999 -9999 -9999 -9999 -9999 -9999 -9999 -9999 -9999 -9999 -9999 -9999 -9999 -9999 -9999 -9999 -9999 -9999 -9999 -9999 -9999 -9999 -9999 -9999 -9999 -9999 -9999 -9999 -9999 -9999 -9999 -9999 -9999 -9999 -9999 -9999 -9999 -9999 -9999 -9999 -9999 -9999 -9999 -9999 -9999 -9999 -9999 -9999 -9999 -9999 -9999 -9999
-9999 -9999 -9999 -9999 -9999 -9999 -9999 -9999 -9999 -9999 -9999 -9999 -9999 -9999 -9999 -9999 -9999 -9999 -9999 -9999 -9999 -9999 -9999 -9999 -9999 -9999 -9999 -9999 -9999 -9999 -9999 -9999 -9999 -9999 -9999 -9999 -9999 -9999 -9999 -9999 -9999 -9999 -9999 -9999 -9999 -9999 -9999 -9999 -9999 -9999 -9999 -9999 -9999 -9999 -9999 -9999 -9999 -9999 -9999 -9999 -9999 -9999 -9999 -9999 -9999 -9999 -9999 -9999 -9999 -9999 -9999 -9999 -9999
-9999 -9999 -9999 -9999 -9999 -9999 -9999 -9999 -9999 -9999 -9999 -9999 -9999 -9999 -9999 -9999 -9999 -9999 -9999 -9999 -9999 -9999 -9999 -9999 -9999 -9999 -9999 -9999 -9999 -9999 -9999 -9999 -9999 -9999 -9999 -9999 -9999 -9999 -9999 -9999 -9999 -9999 -9999 -9999 -9999 -9999 -9999 -9999 -9999 -9999 -9999 -9999 -9999 -9999 -9999 -9999 -9999 -9999 -9999 -9999 -9999 -9999 -9999 -9999 -9999 -9999 -9999 -9999 -9999 -9999 -9999 -9999 -9999
-9999 -9999 -9999 -9999 -9999 -9999 -9999 -9999 -9999 -9999 -9999 -9999 -9999 -9999 -9999 -9999 -9999 -9999 -9999 -9999 -9999 -9999 -9999 -9999 -9999 -9999 -9999 -9999 -9999 -9999 -9999 -9999 -9999 -9999 -9999 -9999 -9999 -9999 -9999 -9999 -9999 -9999 -9999 -9999 -9999 -9999 -9999 -9999 -9999 -9999 -9999 -9999 -9999 -9999 -9999 -9999 -9999 -9999 -9999 -9999 -9999 -9999 -9999 -9999 -9999 -9999 -9999 -9999 -9999 -9999 -9999 -9999 -9999
-9999 -9999 -9999 -9999 -9999 -9999 -9999 -9999 -9999 -9999 -9999 -9999 -9999 -9999 -9999 -9999 -9999 -9999 -9999 -9999 -9999 -9999 -9999 -9999 -9999 -9999 -9999 -9999 -9999 -9999 -9999 -9999 -9999 -9999 -9999 -9999 -9999 -9999 -9999 -9999 -9999 -9999 -9999 -9999 -9999 -9999 -9999 -9999 -9999 -9999 -9999 -9999 -9999 -9999 -9999 -9999 -9999 -9999 -9999 -9999 -9999 -9999 -9999 -9999 -9999 -9999 -9999 -9999 -9999 -9999 -9999 -9999 -9999
-9999 -9999 -9999 -9999 -9999 -9999 -9999 -9999 -9999 -9999 -9999 -9999 -9999 -9999 -9999 -9999 -9999 -9999 -9999 -9999 -9999 -9999 -9999 -9999 -9999 -9999 -9999 -9999 -9999 -9999 -9999 -9999 -9999 -9999 -9999 -9999 -9999 -9999 -9999 -9999 -9999 -9999 -9999 -9999 -9999 -9999 -9999 -9999 -9999 -9999 -9999 -9999 -9999 -9999 -9999 -9999 -9999 -9999 -9999 -9999 -9999 -9999 -9999 -9999 -9999 -9999 -9999 -9999 -9999 -9999 -9999 -9999 -9999
-9999 -9999 -9999 -9999 -9999 -9999 -9999 -9999 -9999 -9999 -9999 -9999 -9999 -9999 -9999 -9999 -9999 -9999 -9999 -9999 -9999 -9999 -9999 -9999 -9999 -9999 -9999 -9999 -9999 -9999 -9999 -9999 -9999 -9999 -9999 -9999 -9999 -9999 -9999 -9999 -9999 -9999 0.46896 0.46817 0.47197 0.47217 0.47473 0.47192 0.48115 0.47931 0.48485 0.48780 -9999 -9999 -9999 -9999 -9999 -9999 -9999 -9999 -9999 -9999 -9999 -9999 -9999 -9999 -9999 -9999 -9999 -9999 -9999 -9999 -9999
-9999 -9999 -9999 -9999 -9999 -9999 -9999 -9999 -9999 -9999 -9999 -9999 -9999 -9999 -9999 -9999 -9999 -9999 -9999 -9999 -9999 -9999 -9999 -9999 -9999 -9999 -9999 -9999 -9999 -9999 -9999 -9999 -9999 -9999 -9999 -9999 -9999 -9999 0.46717 0.45089 0.45747 0.47206 0.47108 0.47736 0.48420 0.48444 0.49116 0.48842 0.49166 0.49687 0.50228 0.50035 0.51017 0.46606 -9999 -9999 -9999 -9999 -9999 -9999 -9999 -9999 -9999 -9999 -9999 -9999 -9999 -9999 -9999 -9999 -9999 -9999 -9999
-9999 -9999 -9999 -9999 -9999 -9999 -9999 -9999 -9999 -9999 -9999 -9999 -9999 -9999 -9999 -9999 -9999 -9999 -9999 -9999 -9999 -9999 -9999 -9999 -9999 -9999 -9999 -9999 -9999 -9999 -9999 -9999 -9999 -9999 -9999 -9999 -9999 -9999 -9999 -9999 0.47813 0.48089 0.46898 0.46695 0.47994 0.47090 0.48275 0.49811 0.49602 0.49110 0.49825 0.51265 0.51791 0.48438 -9999 -9999 -9999 -9999 -9999 -9999 -9999 -9999 -9999 -9999 -9999 -9999 -9999 -9999 -9999 -9999 -9999 -9999 -9999
-9999 -9999 -9999 -9999 -9999 -9999 -9999 -9999 -9999 -9999 -9999 -9999 -9999 -9999 -9999 -9999 -9999 -9999 -9999 -9999 -9999 -9999 -9999 -9999 -9999 -9999 -9999 -9999 -9999 -9999 -9999 -9999 -9999 -9999 -9999 -9999 -9999 -9999 -9999 -9999 -9999 -9999 -9999 -9999 0.49179 0.48605 0.47380 0.47578 0.48943 0.50487 0.50459 0.49328 0.53019 0.49697 -9999 -9999 -9999 -9999 -9999 -9999 0.58429 -9999 -9999 -9999 -9999 -9999 -9999 -9999 -9999 -9999 -9999 -9999 -9999
-9999 -9999 -9999 -9999 -9999 -9999 -9999 -9999 -9999 -9999 -9999 -9999 -9999 -9999 -9999 -9999 -9999 -9999 -9999 -9999 -9999 -9999 -9999 -9999 -9999 -9999 -9999 -9999 -9999 -9999 -9999 -9999 -9999 -9999 -9999 -9999 -9999 -9999 -9999 -9999 -9999 0.47578 0.47859 0.47327 0.48106 0.49408 0.48611 0.47547 0.49603 0.50518 0.50141 0.49558 0.53062 0.53627 -9999 -9999 -9999 -9999 -9999 0.59630 0.59580 0.61083 0.61358 0.61662 0.61862 0.61511 0.61649 0.60648 0.60693 0.61677 0.61188 0.60951 0.60221
-9999 -9999 -9999 -9999 -9999 -9999 -9999 -9999 -9999 -9999 -9999 -9999 -9999 -9999 -9999 -9999 -9999 -9999 -9999 -9999 -9999 -9999 -9999 -9999 -9999 -9999 -9999 -9999 -9999 -9999 -9999 -9999 -9999 -9999 -9999 -9999 -9999 -9999 -9999 -9999 -9999 0.49178 0.48732 0.49160 0.51449 0.51115 0.51711 0.51458 0.51125 0.51727 0.51025 0.48752 0.48973 0.51122 0.53465 0.53131 0.56384 -9999 0.60403 0.61237 0.61802 0.62757 0.63313 0.61866 0.61948 0.62295 0.62948 0.62301 0.62874 0.62336 0.62075 0.62589 0.61841
-9999 -9999 -9999 -9999 -9999 -9999 -9999 -9999 -9999 -9999 -9999 -9999 -9999 -9999 -9999 -9999 -9999 -9999 -9999 -9999 -9999 -9999 -9999 -9999 -9999 -9999 -9999 -9999 -9999 -9999 -9999 -9999 -9999 -9999 -9999 0.51649 0.51623 0.50215 0.50222 0.51929 0.52546 0.52872 0.52655 0.51895 0.53024 0.52674 0.53538 0.53010 0.53132 0.51163 0.49620 0.48138 0.45989 0.48514 0.49229 0.48940 0.53169 0.56766 0.60565 0.61765 0.63007 0.63357 0.63638 0.57499 0.59175 0.62609 0.62042 0.61584 0.63375 0.61872 0.61535 0.62517 0.60301
-9999 -9999 -9999 -9999 -9999 -9999 -9999 -9999 -9999 -9999 -9999 -9999 -9999 -9999 -9999 -9999 -9999 -9999 -9999 -9999 -9999 -9999 -9999 -9999 -9999 -9999 -9999 -9999 -9999 -9999 -9999 -9999 -9999 -9999 0.53810 0.51290 0.51158 0.51703 0.51885 0.53227 0.54332 0.54457 0.54935 0.54206 0.54398 0.55036 0.55080 0.53071 0.51097 0.48256 0.46056 0.46569 0.44071 0.43657 0.45263 0.49318 0.53889 0.56952 0.62833 0.64378 0.63247 0.60769 0.60315 0.57466 0.62736 0.63062 0.62619 0.60577 0.56103 0.56973 0.54091 0.53882 0.53400
-9999 -9999 -9999 -9999 -9999 -9999 -9999 -9999 -9999 -9999 -9999 -9999 -9999 -9999 -9999 -9999 -9999 -9999 -9999 -9999 -9999 -9999 -9999 -9999 -9999 -9999 -9999 -9999 -9999 -9999 -9999 -9999 -9999 0.53766 0.53854 0.53219 0.53070 0.53392 0.53524 0.55632 0.55901 0.55046 0.55553 0.55510 0.55492 0.55131 0.54020 0.52457 0.48158 0.45611 0.43845 0.42173 0.41269 0.43097 0.46075 0.49845 0.51476 0.58241 0.62404 0.62556 0.60533 0.63835 0.65275 0.66693 0.64529 0.62852 0.60008 0.58482 0.57104 0.57467 0.55460 0.55640 0.54499
-9999 -9999 -9999 -9999 -9999 -9999 -9999 -9999 -9999 -9999 -9999 -9999 -9999 -9999 -9999 -9999 -9999 -9999 -9999 -9999 -9999 -9999 -9999 -9999 -9999 -9999 -9999 -9999 -9999 -9999 -9999 0.55704 0.55599 0.54390 0.55207 0.54872 0.55282 0.56147 0.55725 0.57703 0.56627 0.56922 0.56704 0.56696 0.55883 0.55007 0.54826 0.54474 0.50637 0.47318 0.44670 0.42638 0.40249 0.42279 0.45826 0.49762 0.55902 0.57751 0.55611 0.59689 0.63108 0.65189 0.65346 0.68580 0.65804 0.62392 0.62011 0.62477 0.61463 0.55359 0.52262 0.51160 0.55749
-9999 -9999 -9999 -9999 -9999 -9999 -9999 -9999 -9999 -9999 -9999 -9999 -9999 -9999 -9999 -9999 -9999 -9999 -9999 -9999 -9999 -9999 -9999 -9999 -9999 -9999 -9999 -9999 -9999 0.57791 0.57336 0.55492 0.55752 0.55548 0.56127 0.56152 0.56349 0.56845 0.57155 0.58262 0.58301 0.58068 0.58526 0.58240 0.57066 0.54695 0.54116 0.52931 0.46603 0.44446 0.43261 0.41776 0.40418 0.43238 0.44031 0.48476 0.55155 0.56331 0.59847 0.65468 0.65510 0.65673 0.65562 0.65110 0.66231 0.64283 0.59994 0.56689 0.56030 0.55756 0.56879 0.50665 0.44659
-9999 -9999 -9999 -9999 -9999 -9999 -9999 -9999 -9999 -9999 -9999 -9999 -9999 -9999 -9999 -9999 -9999 -9999 -9999 -9999 -9999 -9999 -9999 -9999 0.54288 0.55232 0.56286 0.58552 0.57924 0.57137 0.56180 0.57829 0.57559 0.57423 0.56653 0.57352 0.56425 0.55941 0.56276 0.57002 0.58585 0.58910 0.58716 0.59632 0.58034 0.56168 0.56189 0.51389 0.46845 0.45693 0.45634 0.41794 0.41790 0.45570 0.49028 0.52102 0.56006 0.58359 0.59143 0.62501 0.65423 0.67722 0.69130 0.68404 0.67188 0.63710 0.64970 0.65801 0.62652 0.58745 0.50171 0.48260 0.45083
-9999 -9999 -9999 -9999 -9999 -9999 0.53684 0.54665 0.54727 0.55008 0.55264 -9999 -9999 -9999 -9999 -9999 -9999 -9999 -9999 -9999 -9999 0.55733 0.53297 0.53543 0.53473 0.54485 0.55159 0.55780 0.55680 0.57102 0.58046 0.58463 0.57516 0.58114 0.57574 0.57631 0.56823 0.57604 0.57991 0.58642 0.59466 0.59378 0.59534 0.59554 0.58864 0.57054 0.57194 0.53435 0.48197 0.46366 0.44588 0.43275 0.42360 0.45415 0.51188 0.55084 0.56208 0.58763 0.62251 0.65782 0.66726 0.68082 0.64765 0.63317 0.60975 0.66786 0.68475 0.64578 0.62770 0.62698 0.60000 0.51744 0.47715
-9999 -9999 -9999 -9999 -9999 0.54455 0.54101 0.51673 0.53906 0.53008 0.53921 0.51908 0.52774 0.52009 -9999 -9999 -9999 0.53841 0.53408 0.53708 0.53780 0.53668 0.53681 0.54785 0.54141 0.55510 0.56146 0.56766 0.57165 0.58115 0.59967 0.60586 0.60725 0.60911 0.60957 0.60385 0.59855 0.59990 0.59962 0.61312 0.61682 0.61372 0.61369 0.60918 0.60031 0.59193 0.55033 0.50256 0.47974 0.46662 0.45585 0.44494 0.45557 0.49613 0.52432 0.53789 0.54900 0.58938 0.65089 0.64259 0.65900 0.64446 0.62894 0.64267 0.59476 0.55014 0.57015 0.56911 0.59256 0.57823 0.56976 0.51814 0.49375
-9999 0.55360 0.55271 0.56289 0.55004 0.55457 0.53951 0.54061 0.53202 0.53956 0.53358 0.53111 0.51863 0.52786 0.53903 0.55187 0.57639 0.54225 0.53620 0.55408 0.55709 0.56713 0.56603 0.57402 0.58438 0.57049 0.57126 0.58041 0.58358 0.59960 0.61964 0.63015 0.63693 0.63081 0.63006 0.61556 0.61359 0.61058 0.62624 0.64079 0.63717 0.64394 0.64005 0.63732 0.62868 0.61699 0.57375 0.54126 0.51112 0.48968 0.47933 0.45032 0.46390 0.45842 0.48122 0.50361 0.54190 0.61398 0.61131 0.62449 0.65470 0.62556 0.59049 0.59869 0.56148 0.56049 0.59025 0.55333 0.58033 0.54696 0.50286 0.46242 0.47091
-9999 0.55030 0.56869 0.56644 0.57209 0.57635 0.57172 0.56473 0.56714 0.55750 0.55692 0.54402 0.52743 0.54140 0.53861 0.54294 0.54451 0.54196 0.54371 0.56383 0.55458 0.55936 0.56575 0.59742 0.59500 0.60483 0.60030 0.59554 0.60342 0.61630 0.63258 0.64943 0.65133 0.66109 0.65639 0.65068 0.65053 0.65127 0.65302 0.65247 0.65944 0.66562 0.66244 0.65886 0.65464 0.65202 0.62998 0.58507 0.55208 0.51777 0.51446 0.48052 0.48010 0.44072 0.44919 0.50442 0.53873 0.56601 0.59411 0.58619 0.60879 0.58825 0.57931 0.59590 0.57337 0.56006 0.54694 0.56147 0.55187 0.54618 0.53738 0.49598 0.46809
-9999 -9999 -9999 0.55030 0.55101 0.57149 0.57269 0.57627 0.56952 0.59488 0.57127 0.58333 0.57998 0.58045 0.56335 0.56627 0.56457 0.58269 0.57276 0.57150 0.57189 0.57318 0.58156 0.59209 0.60422 0.61745 0.62272 0.62675 0.64156 0.65137 0.66436 0.66397 0.67067 0.68297 0.67876 0.68450 0.67544 0.66846 0.66958 0.67257 0.67763 0.67911 0.67919 0.67971 0.68124 0.67747 0.65580 0.61100 0.59515 0.57129 0.53363 0.50338 0.47905 0.45928 0.48138 0.48867 0.53238 0.55693 0.55152 0.56926 0.60711 0.56657 0.55970 0.55653 0.57165 0.57251 0.58242 0.55676 0.53589 0.52165 0.51299 0.50665 0.50188
-9999 -9999 -9999 -9999 -9999 -9999 0.58267 0.59295 0.58145 0.60170 0.60918 0.59252 0.59777 0.60451 0.60389 0.59940 0.59500 0.59995 0.60781 0.60846 0.61162 0.60260 0.61099 0.61482 0.62461 0.61287 0.63185 0.66043 0.67367 0.68423 0.68590 0.68512 0.69143 0.70072 0.70827 0.70708 0.70085 0.69608 0.69395 0.68219 0.68293 0.68686 0.68722 0.70287 0.69926 0.69845 0.69471 0.62149 0.61806 0.57451 0.52418 0.48202 0.48019 0.52894 0.50273 0.49733 0.52530 0.50783 0.49522 0.52922 0.51369 0.51916 0.51704 0.51604 0.53750 0.52627 0.56978 0.54473 0.52146 0.51513 0.50003 0.50309 0.50290
-9999 -9999 -9999 -9999 -9999 -9999 0.60441 0.60192 0.61325 0.60162 0.61454 0.60675 0.61221 0.62799 0.62293 0.61202 0.60810 0.61168 0.61849 0.61142 0.61360 0.61206 0.61168 0.61691 0.62338 0.64813 0.66891 0.68721 0.69891 0.70148 0.70061 0.70760 0.71208 0.72347 0.71249 0.72954 0.74232 0.73529 0.73447 0.70647 0.69755 0.70012 0.70051 0.70720 0.71489 0.71566 0.71625 0.70962 0.69078 0.66053 0.61223 0.58239 0.56426 0.55100 0.55343 0.59801 0.58408 0.54901 0.56598 0.55000 0.49673 0.50765 0.50468 0.52266 0.51275 0.55215 0.55177 0.55424 0.54560 0.53308 0.49592 0.49243 0.48965
-9999 -9999 -9999 -9999 -9999 -9999 -9999 -9999 -9999 -9999 0.65189 0.62266 0.62710 0.66224 0.64673 0.62475 0.62425 0.62160 0.63077 0.63064 0.62894 0.62728 0.63156 0.63590 0.64420 0.63549 0.65825 0.69547 0.70437 0.71763 0.71553 0.71400 0.71902 0.73259 0.73957 0.76491 0.76302 0.76826 0.77427 0.74700 0.73396 0.73515 0.72545 0.71803 0.72484 0.72151 0.72240 0.73038 0.73706 0.73618 0.73893 0.73792 0.71895 0.73582 0.74468 0.74734 0.74283 0.71732 0.69718 0.67716 0.67855 0.64338 0.63305 0.59403 0.57766 0.60479 0.60140 0.58681 0.55832 0.55488 0.51779 0.47476 0.45920
-9999 -9999 -9999 -9999 -9999 -9999 -9999 -9999 -9999 -9999 0.69472 0.68200 0.65632 0.68232 0.66650 0.63992 0.63883 0.63952 0.62833 0.63196 0.62829 0.62907 0.62381 0.63658 0.64363 0.67016 0.70060 0.71647 0.73285 0.73620 0.73427 0.73664 0.74084 0.75339 0.74429 0.76326 0.77066 0.77063 0.75189 0.74348 0.73945 0.72664 0.72416 0.71113 0.71370 0.71313 0.71905 0.72482 0.73167 0.74125 0.75434 0.75289 0.76718 0.77173 0.79453 0.79561 0.78716 0.78703 0.79246 0.74767 0.74522 0.75107 0.74517 0.73349 0.72760 0.71041 0.68661 0.66241 0.63717 0.55800 0.53142 0.50477 0.48433
-9999 -9999 -9999 -9999 -9999 -9999 -9999 -9999 -9999 -9999 -9999 -9999 0.70305 0.66302 0.65682 0.65398 0.67581 0.70016 0.67058 0.66422 0.66697 0.65563 0.66363 0.67151 0.68525 0.70911 0.71549 0.71873 0.73217 0.74635 0.75774 0.74310 0.74911 0.74729 0.75050 0.75375 0.76539 0.74904 0.74350 0.72749 0.72545 0.72504 0.71482 0.71637 0.71473 0.71545 0.71524 0.73064 0.72807 0.73849 0.74536 0.74734 0.75518 0.76881 0.81487 0.81262 0.80938 0.77511 0.76869 0.74962 0.75178 0.75122 0.74156 0.73777 0.73498 0.71734 0.70209 0.68726 0.65106 0.59885 0.52342 0.47614 0.47956
-9999 -9999 -9999 -9999 -9999 -9999 -9999 -9999 -9999 -9999 -9999 -9999 0.72102 0.70103 0.68541 0.67925 0.69136 0.69989 0.67371 0.67285 0.66855 0.64712 0.66068 0.68822 0.68410 0.71024 0.72874 0.73846 0.74803 0.75566 0.76513 0.75603 0.75438 0.74859 0.73370 0.75140 0.73296 0.72121 0.72741 0.72942 0.73118 0.73499 0.73829 0.73049 0.73028 0.72570 0.72661 0.72030 0.73693 0.73478 0.73860 0.75134 0.76679 0.77950 0.81911 0.81738 0.80686 0.77768 0.77739 0.76273 0.76382 0.75776 0.75079 0.74811 0.73656 0.71094 0.69321 0.66997 0.62115 0.56131 0.53133 0.51923 0.48821
-9999 -9999 -9999 -9999 -9999 -9999 -9999 -9999 -9999 -9999 -9999 0.74685 0.72028 0.73360 0.73340 0.67555 0.66318 0.66377 0.65121 0.64983 0.69511 0.65079 0.66995 0.67249 0.68007 0.69117 0.70595 0.72924 0.75466 0.76690 0.77192 0.75835 0.76173 0.75826 0.75614 0.78077 0.74925 0.73879 0.71433 0.69217 0.69787 0.69213 0.68437 0.69821 0.71034 0.73443 0.73350 0.73943 0.73711 0.73667 0.74698 0.74750 0.76412 0.78743 0.82622 0.81395 0.80364 0.77730 0.77005 0.77171 0.77166 0.76196 0.75223 0.74715 0.72972 0.71219 0.67577 0.63140 0.58382 0.51849 0.47001 0.45275 0.46654
-9999 -9999 -9999 -9999 -9999 -9999 -9999 -9999 -9999 -9999 -9999 0.75622 0.74580 0.73505 0.73713 0.68467 0.67062 0.66388 0.66551 0.66201 0.67219 0.66614 0.67456 0.69346 0.70769 0.71411 0.71420 0.72895 0.74991 0.75301 0.74468 0.75050 0.74659 0.75592 0.74493 0.75703 0.76844 0.73262 0.70169 0.70173 0.71137 0.70003 0.68823 0.69279 0.70375 0.71290 0.72378 0.72922 0.73895 0.75579 0.76423 0.76751 0.77267 0.78104 0.77542 0.77562 0.76901 0.76912 0.76573 0.76469 0.76368 0.75890 0.75485 0.74954 0.73885 0.71702 0.66279 0.62730 0.55353 0.48956 0.48272 0.47728 0.46676
-9999 -9999 -9999 -9999 -9999 -9999 -9999 -9999 -9999 -9999 -9999 0.73348 0.71642 0.71430 0.70740 0.68298 0.67629 0.67511 0.67170 0.67742 0.67294 0.68001 0.70910 0.71216 0.72168 0.72688 0.71894 0.73862 0.73631 0.76089 0.74119 0.73323 0.74728 0.74134 0.72327 0.76244 0.75144 0.75701 0.73864 0.72148 0.70912 0.70726 0.72212 0.71520 0.71264 0.71207 0.70950 0.68076 0.67414 0.69024 0.69684 0.70037 0.70605 0.70926 0.72776 0.75070 0.74985 0.76012 0.76743 0.75914 0.75790 0.75375 0.76689 0.76368 0.76343 0.74192 0.69047 0.62765 0.56449 0.51073 0.51659 0.45669 0.44727
