data/hydroclimate-scenarios/1948-2000.Pcorr55N_Pref_Tref/monthly_summaries/vpd_monthly_avg_apr.1950-2000.asc
ncols	311
nrows	91
xllcenter	102.75
yllcenter	31.75
cellsize	0.5
NODATA_value	-9999
[rows 0 to 32 of 91, columns 73 to 145 of 311]
-9999 -9999 -9999 -9999 -9999 -9999 -9999 -9999 -9999 -9999 -9999 -9999 -9999 -9999 -9999 -9999 -9999 -9999 -9999 -9999 -9999 -9999 -9999 -9999 -9999 -9999 -9999 -9999 -9999 -9999 -9999 -9999 -9999 -9999 -9999 -9999 -9999 -9999 -9999 -9999 -9999 -9999 -9999 -9999 -9999 -9999 -9999 -9999 -9999 -9999 -9999 -9999 -9999 -9999 -9999 -9999 -9999 -9999 -9999 -9999 -9999 -9999 -9999 -9999 -9999 -9999 -9999 -9999 -9999 -9999 -9999 -9999 -9999
-9999 -9999 -9999 -9999 -9999 -9999 -9999 -9999 -9999 -9999 -9999 -9999 -9999 -9999 -9999 -9999 -9999 -9999 -9999 -9999 -9999 -9999 -9999 -9999 -9999 -9999 -9999 -9999 -9999 -9999 -9999 -9999 -9999 -9999 -9999 -9999 -9999 -9999 -9999 -9999 -9999 -9999 -9999 -9999 -9999 -9999 -9999 -9999 -9999 -9999 -9999 -9999 -9999 -9999 -9999 -9999 -9999 -9999 -9999 -9999 -9999 -9999 -9999 -9999 -9999 -9999 -9999 -9999 -9999 -9999 -9999 -9999 -9999
-9999 -9999 -9999 -9999 -9999 -9999 -9999 -9999 -9999 -9999 -9999 -9999 -9999 -9999 -9999 -9999 -9999 -9999 -9999 -9999 -9999 -9999 -9999 -9999 -9999 -9999 -9999 -9999 -9999 -9999 -9999 -9999 -9999 -9999 -9999 -9999 -9999 -9999 -9999 -9999 -9999 -9999 -9999 -9999 -9999 -9999 -9999 -9999 -9999 -9999 -9999 -9999 -9999 -9999 -9999 -9999 -9999 -9999 -9999 -9999 -9999 -9999 -9999 -9999 -9999 -9999 -9999 -9999 -9999 -9999 -9999 -9999 -9999
-9999 -9999 -9999 -9999 -9999 -9999 -9999 -9999 -9999 -9999 -9999 -9999 -9999 -9999 -9999 -9999 -9999 -9999 -9999 -9999 -9999 -9999 -9999 -9999 -9999 -9999 -9999 -9999 -9999 -9999 -9999 -9999 -9999 -9999 -9999 -9999 -9999 -9999 -9999 -9999 -9999 -9999 -9999 -9999 -9999 -9999 -9999 -9999 -9999 -9999 -9999 -9999 -9999 -9999 -9999 -9999 -9999 -9999 -9999 -9999 -9999 -9999 -9999 -9999 -9999 -9999 -9999 -9999 -9999 -9999 -9999 -9999 -9999
-9999 -9999 -9999 -9999 -9999 -9999 -9999 -9999 -9999 -9999 -9999 -9999 -9999 -9999 -9999 -9999 -9999 -9999 -9999 -9999 -9999 -9999 -9999 -9999 -9999 -9999 -9999 -9999 -9999 -9999 -9999 -9999 -9999 -9999 -9999 -9999 -9999 -9999 -9999 -9999 -9999 -9999 -9999 -9999 -9999 -9999 -9999 -9999 -9999 -9999 -9999 -9999 -9999 -9999 -9999 -9999 -9999 -9999 -9999 -9999 -9999 -9999 -9999 -9999 -9999 -9999 -9999 -9999 -9999 -9999 -9999 -9999 -9999
-9999 -9999 -9999 -9999 -9999 -9999 -9999 -9999 -9999 -9999 -9999 -9999 -9999 -9999 -9999 -9999 -9999 -9999 -9999 -9999 -9999 -9999 -9999 -9999 -9999 -9999 -9999 -9999 -9999 -9999 -9999 -9999 -9999 -9999 -9999 -9999 -9999 -9999 -9999 -9999 -9999 -9999 -9999 -9999 -9999 -9999 -9999 -9999 -9999 -9999 -9999 -9999 -9999 -9999 -9999 -9999 -9999 -9999 -9999 -9999 -9999 -9999 -9999 -9999 -9999 -9999 -9999 -9999 -9999 -9999 -9999 -9999 -9999
-9999 -9999 -9999 -9999 -9999 -9999 -9999 -9999 -9999 -9999 -9999 -9999 -9999 -9999 -9999 -9999 -9999 -9999 -9999 -9999 -9999 -9999 -9999 -9999 -9999 -9999 -9999 -9999 -9999 -9999 -9999 -9999 -9999 -9999 -9999 -9999 -9999 -9999 -9999 -9999 -9999 -9999 -9999 -9999 -9999 -9999 -9999 -9999 -9999 -9999 -9999 -9999 -9999 -9999 -9999 -9999 -9999 -9999 -9999 -9999 -9999 -9999 -9999 -9999 -9999 -9999 -9999 -9999 -9999 -9999 -9999 -9999 -9999
-9999 -9999 -9999 -9999 -9999 -9999 -9999 -9999 -9999 -9999 -9999 -9999 -9999 -9999 -9999 -9999 -9999 -9999 -9999 -9999 -9999 -9999 -9999 -9999 -9999 -9999 -9999 -9999 -9999 -9999 -9999 -9999 -9999 -9999 -9999 -9999 -9999 -9999 -9999 -9999 -9999 -9999 -9999 -9999 -9999 -9999 -9999 -9999 -9999 -9999 -9999 -9999 -9999 -9999 -9999 -9999 -9999 -9999 -9999 -9999 -9999 -9999 -9999 -9999 -9999 -9999 -9999 -9999 -9999 -9999 -9999 -9999 -9999
-9999 -9999 -9999 -9999 0.07882 -9999 -9999 -9999 -9999 -9999 -9999 -9999 -9999 -9999 -9999 -9999 -9999 -9999 -9999 -9999 -9999 -9999 -9999 -9999 -9999 -9999 -9999 -9999 -9999 -9999 -9999 -9999 -9999 -9999 -9999 -9999 -9999 -9999 -9999 -9999 -9999 -9999 -9999 -9999 -9999 -9999 -9999 -9999 -9999 -9999 -9999 -9999 -9999 -9999 -9999 -9999 -9999 -9999 -9999 -9999 -9999 -9999 -9999 -9999 -9999 -9999 -9999 -9999 -9999 -9999 -9999 -9999 -9999
0.09359 0.09249 0.08789 0.08260 0.08222 0.08006 0.08020 0.07681 0.07464 0.07268 0.06956 0.06808 0.06602 0.06425 0.06260 0.06177 0.06109 0.06006 0.05882 0.05906 -9999 -9999 -9999 -9999 -9999 -9999 -9999 -9999 -9999 -9999 -9999 -9999 -9999 -9999 -9999 -9999 -9999 -9999 -9999 -9999 -9999 -9999 -9999 -9999 -9999 -9999 -9999 -9999 -9999 -9999 -9999 -9999 -9999 -9999 -9999 -9999 -9999 -9999 -9999 -9999 -9999 -9999 -9999 -9999 -9999 -9999 -9999 -9999 -9999 -9999 -9999 -9999 -9999
-9999 -9999 0.09578 0.09287 0.08887 0.08730 0.08430 0.08226 0.07902 0.07601 0.07322 0.07147 0.07049 0.06829 0.06594 0.06353 0.06178 0.06026 0.05967 0.05974 -9999 -9999 -9999 -9999 -9999 -9999 -9999 -9999 -9999 -9999 -9999 -9999 -9999 -9999 -9999 -9999 -9999 -9999 -9999 -9999 -9999 -9999 -9999 -9999 -9999 -9999 -9999 -9999 -9999 -9999 -9999 -9999 -9999 -9999 -9999 -9999 -9999 -9999 -9999 -9999 -9999 -9999 -9999 -9999 -9999 -9999 -9999 -9999 -9999 -9999 -9999 -9999 -9999
0.10659 0.10558 0.10183 0.09826 0.09455 0.09304 0.09008 0.08815 0.08311 0.08104 0.07817 0.07603 0.07357 0.07097 0.06846 0.06654 0.06459 0.06275 0.06264 0.06184 0.06307 0.06325 0.06465 0.06543 0.06564 0.06719 -9999 -9999 -9999 -9999 -9999 -9999 -9999 -9999 -9999 -9999 -9999 -9999 -9999 -9999 -9999 -9999 -9999 -9999 -9999 -9999 -9999 -9999 -9999 -9999 -9999 -9999 -9999 -9999 -9999 -9999 -9999 -9999 -9999 -9999 -9999 -9999 -9999 -9999 -9999 -9999 -9999 -9999 -9999 -9999 -9999 -9999 -9999
0.11479 0.11189 0.11145 0.10690 0.10419 0.10091 0.09817 0.09611 0.08965 0.08676 0.08391 0.08085 0.07775 0.07517 0.07347 0.07025 0.06737 0.06418 0.06401 0.06346 0.06300 0.06472 0.06607 0.06793 0.06800 0.06938 0.07047 0.07201 0.07343 0.07392 0.07424 0.07443 0.07585 0.07521 0.07585 0.07576 0.07653 0.07680 0.07712 0.07737 0.07608 -9999 -9999 -9999 -9999 -9999 -9999 -9999 -9999 -9999 -9999 -9999 -9999 -9999 -9999 -9999 -9999 -9999 -9999 -9999 -9999 -9999 -9999 -9999 -9999 -9999 -9999 -9999 -9999 -9999 -9999 -9999 -9999
0.11778 0.11341 0.11033 0.11084 0.10917 0.10795 0.10391 0.10045 0.09455 0.09250 0.08864 0.08624 0.08259 0.07989 0.07814 0.07551 0.07319 0.06906 0.06570 0.06272 0.06414 0.06547 0.06692 0.07024 0.07257 0.07302 0.07332 0.07231 0.07540 0.07557 0.07882 0.07853 0.08082 0.08024 0.07962 0.08069 0.08110 0.08068 0.08076 0.08177 0.08017 0.08112 -9999 -9999 -9999 -9999 -9999 -9999 -9999 -9999 -9999 -9999 -9999 -9999 -9999 -9999 -9999 -9999 -9999 -9999 -9999 -9999 -9999 -9999 -9999 -9999 -9999 -9999 -9999 -9999 -9999 -9999 -9999
0.10641 0.09282 0.10218 0.10243 0.09909 0.10018 0.09363 0.09980 0.09069 0.09137 0.09055 0.08920 0.08594 0.08432 0.08137 0.07996 0.07788 0.07338 0.07058 0.06891 0.06853 0.06929 0.07111 0.06720 0.07165 0.07458 0.07508 0.07447 0.07721 0.07729 0.07909 0.07932 0.07977 0.07915 0.07948 0.07986 0.07956 0.08058 0.07995 0.08039 0.08078 0.08185 -9999 -9999 -9999 -9999 -9999 -9999 -9999 -9999 -9999 -9999 -9999 -9999 -9999 -9999 -9999 0.07537 0.07252 -9999 -9999 -9999 -9999 0.06381 0.05648 0.05125 0.05330 0.06112 0.06361 0.06184 0.06044 0.05920 0.05977
0.10918 0.09927 0.11110 0.11776 0.11364 0.10538 0.10017 0.09684 0.10191 0.10083 0.09655 0.09267 0.08815 0.09084 0.08755 0.08601 0.08288 0.08264 0.07844 0.07603 0.07392 0.07889 0.07981 0.07934 0.07934 0.07987 0.08002 0.08097 0.08218 0.08369 0.08405 0.08502 0.08517 0.08448 0.08468 0.08461 0.08467 0.08505 0.08473 0.08586 0.08466 0.08494 0.08685 0.08578 0.08511 0.08365 0.07487 0.06979 0.07195 0.06889 0.06792 0.07040 0.06784 0.06632 0.07599 0.07567 0.07532 0.07429 0.07346 -9999 -9999 -9999 -9999 -9999 0.06506 0.06056 0.05762 0.05503 0.05437 0.05672 0.05354 0.05533 0.05552
0.10906 0.09575 0.10450 0.11451 0.11472 0.11402 0.11750 0.12097 0.11735 0.11255 0.10747 0.10413 0.09958 0.09543 0.09420 0.09167 0.08991 0.08883 0.08713 0.08570 0.08632 0.08680 0.08575 0.08615 0.08562 0.08426 0.08394 0.08564 0.08570 0.08667 0.08719 0.08742 0.08767 0.08763 0.08771 0.08798 0.08748 0.08680 0.08776 0.08745 0.08841 0.08728 0.08655 0.08765 0.08610 0.08514 0.07497 0.07108 0.07528 0.07898 0.07327 0.06320 0.05764 0.06539 0.06145 0.05960 0.06210 0.06605 0.06662 0.06451 0.06949 0.07258 0.07329 0.07102 0.06898 0.06969 0.06265 0.05980 0.05326 0.05527 0.05176 0.04748 0.04792
0.12368 0.09880 0.09271 0.10298 0.10996 0.10645 0.13265 0.13148 0.12669 0.12155 0.11605 0.11268 0.10866 0.10422 0.10187 0.09829 0.09755 0.09100 0.08885 0.09322 0.09263 0.09171 0.09110 0.09120 0.09058 0.09150 0.09134 0.09212 0.09091 0.09202 0.09265 0.09265 0.09197 0.09183 0.09221 0.09238 0.09265 0.09284 0.09263 0.09033 0.09165 0.09255 0.09119 0.08983 0.08896 0.08953 0.08874 0.08545 0.08104 0.08339 0.07676 0.07524 0.06845 0.06118 0.05876 0.05999 0.06078 0.05890 0.06122 0.05449 0.06082 0.06854 0.07209 0.07226 0.07202 0.07115 0.06681 0.05924 0.05123 0.05105 0.04916 0.04706 0.04663
0.09871 0.13405 0.11729 0.12798 0.13161 0.11400 0.12367 0.12997 0.12882 0.12878 0.12470 0.12043 0.11706 0.11408 0.11113 0.10723 0.10297 0.08678 0.08809 0.08929 0.08964 0.09409 0.09533 0.09682 0.09774 0.09615 0.09561 0.09698 0.09731 0.09719 0.09768 0.09718 0.09696 0.09708 0.09701 0.09432 0.09455 0.09152 0.09254 0.09443 0.08433 0.08207 0.08399 0.09112 0.09327 0.09516 0.09537 0.08687 0.08159 0.07904 0.07610 0.07491 0.07304 0.07508 0.07242 0.06376 0.06132 0.05830 0.05612 0.05183 0.04923 0.05587 0.05834 0.06142 0.06126 0.06033 0.05944 0.05588 0.05330 0.05375 0.05166 0.04825 0.04767
0.09209 0.09295 0.11097 0.13567 0.13523 0.11975 0.11558 0.12942 0.09879 0.10175 0.10595 0.11771 0.12055 0.11934 0.11865 0.11662 0.11011 0.09881 0.09365 0.09706 0.09757 0.09974 0.10240 0.10364 0.10384 0.10407 0.10378 0.10428 0.10430 0.10214 0.09834 0.10165 0.10224 0.09847 0.09726 0.09440 0.09471 0.08884 0.08995 0.09286 0.09418 0.09099 0.08459 0.08312 0.08776 0.09063 0.09665 0.08703 0.08153 0.08054 0.07762 0.08112 0.07261 0.06768 0.06442 0.05775 0.06335 0.06785 0.06523 0.06482 0.06223 0.05578 0.05113 0.05722 0.05244 0.05634 0.05817 0.05733 0.05722 0.06328 0.06155 0.05443 0.05293
0.09407 0.08624 0.08180 0.10947 0.12463 0.13155 0.12940 0.13397 0.11415 0.08989 0.07601 0.06943 0.08665 0.10175 0.11123 0.11964 0.12010 0.11799 0.11643 0.11519 0.11068 0.11272 0.10981 0.10994 0.10913 0.10798 0.10819 0.10564 0.10633 0.10356 0.10098 0.09994 0.10561 0.09982 0.09588 0.08902 0.09632 0.09693 0.09234 0.09140 0.09487 0.09371 0.08921 0.09347 0.09195 0.09174 0.09512 0.09716 0.09635 0.08921 0.08464 0.08272 0.08072 0.07827 0.06874 0.06313 0.06659 0.05700 0.05953 0.06140 0.06150 0.06359 0.06580 0.06418 0.06140 0.05840 0.06077 0.06139 0.06476 0.06834 0.06793 0.06222 0.05651
0.08546 0.08395 0.08558 0.08770 0.08889 0.09502 0.10853 0.12741 0.14206 0.12243 0.10669 0.09325 0.07912 0.07693 0.07757 0.08366 0.09787 0.10301 0.11460 0.11495 0.11664 0.11588 0.11702 0.11502 0.11493 0.11354 0.10709 0.10339 0.11055 0.09422 0.09120 0.09176 0.09668 0.09604 0.09619 0.09379 0.09699 0.09459 0.09547 0.09445 0.10048 0.09151 0.09133 0.08786 0.08598 0.08690 0.09113 0.09055 0.08174 0.07851 0.07176 0.07056 0.07100 0.07125 0.06160 0.06769 0.06811 0.05973 0.06404 0.06457 0.06353 0.07069 0.06839 0.06727 0.06066 0.06374 0.06577 0.06673 0.07279 0.07530 0.07096 0.05874 0.06097
0.08943 0.09116 0.08916 0.08449 0.08803 0.09586 0.09502 0.11065 0.11325 0.10823 0.10763 0.11360 0.11017 0.10521 0.09511 0.08229 0.07700 0.08170 0.08874 0.09353 0.10822 0.11710 0.12276 0.12161 0.12109 0.11328 0.10237 0.10331 0.10306 0.10208 0.09286 0.09808 0.09211 0.10744 0.10613 0.10217 0.09179 0.09430 0.10120 0.10586 0.10281 0.09732 0.08356 0.08170 0.07980 0.08346 0.08284 0.07383 0.06770 0.07094 0.06579 0.05883 0.06299 0.05847 0.06771 0.06170 0.06956 0.07387 0.07203 0.07474 0.07246 0.07247 0.06696 0.07163 0.07636 0.07762 0.07429 0.07462 0.07794 0.07729 0.06691 0.06114 0.07030
0.11171 0.11470 0.09860 0.09020 0.09155 0.09010 0.09230 0.10578 0.12466 0.08776 0.09095 0.10125 0.08156 0.07315 0.07561 0.11974 0.09115 0.07080 0.07274 0.07781 0.08827 0.12135 0.13018 0.12944 0.12784 0.11940 0.11198 0.11258 0.10665 0.10509 0.10573 0.10767 0.12001 0.11438 0.10671 0.10717 0.09999 0.09700 0.08927 0.09685 0.09861 0.09399 0.10716 0.10616 0.09571 0.08762 0.08021 0.07460 0.06995 0.07343 0.07228 0.06992 0.06328 0.06176 0.06597 0.06425 0.07381 0.07608 0.08286 0.08255 0.07753 0.07239 0.08171 0.08440 0.08431 0.08539 0.08432 0.08132 0.07999 0.08053 0.07517 0.07596 0.07481
0.12022 0.12366 0.11544 0.11263 0.11242 0.10683 0.10881 0.10524 0.10815 0.10301 0.10393 0.10927 0.09100 0.08568 0.07548 0.08199 0.09421 0.10218 0.09199 0.08878 0.09642 0.10012 0.11897 0.13337 0.13331 0.12941 0.12298 0.12413 0.11480 0.11774 0.12241 0.11774 0.11721 0.11762 0.11586 0.11376 0.10889 0.10246 0.08996 0.08964 0.08939 0.09134 0.10980 0.11021 0.09974 0.09219 0.08384 0.07508 0.07131 0.07581 0.07748 0.06672 0.07240 0.07405 0.07511 0.07800 0.06904 0.07629 0.07962 0.08225 0.08430 0.09010 0.09161 0.09044 0.08832 0.08543 0.07703 0.08048 0.08326 0.08284 0.08024 0.07943 0.07585
0.11313 0.11347 0.11661 0.12507 0.12692 0.12878 0.12853 0.13044 0.11380 0.09898 0.10606 0.11552 0.11464 0.10115 0.09576 0.09240 0.08073 0.08559 0.09458 0.10799 0.11452 0.10979 0.10564 0.11271 0.13027 0.12868 0.12305 0.11516 0.12048 0.11908 0.13318 0.12763 0.12140 0.11075 0.11056 0.09854 0.10570 0.09172 0.07953 0.08816 0.08990 0.07942 0.08755 0.09847 0.09774 0.09326 0.09195 0.08521 0.07893 0.08849 0.09132 0.09123 0.09170 0.08921 0.08637 0.07928 0.08323 0.07669 0.08504 0.08487 0.08627 0.08907 0.09209 0.09373 0.09172 0.08952 0.08389 0.07775 0.07783 0.08104 0.08298 0.07465 0.07278
0.10368 0.10178 0.11008 0.11318 0.12478 0.12922 0.13788 0.12415 0.12265 0.11422 0.09538 0.10452 0.11972 0.12063 0.10467 0.09417 0.08563 0.08624 0.09357 0.09614 0.09951 0.10730 0.11123 0.11832 0.11332 0.12297 0.12974 0.11983 0.13065 0.12305 0.13060 0.10955 0.10669 0.11902 0.10653 0.09314 0.09722 0.10064 0.08778 0.08321 0.08229 0.08783 0.08934 0.09039 0.09357 0.09089 0.09125 0.08475 0.08411 0.08264 0.08396 0.08067 0.07960 0.08013 0.08231 0.08924 0.09306 0.09645 0.09685 0.09330 0.09262 0.09361 0.09240 0.09296 0.09192 0.08917 0.07720 0.07261 0.07309 0.07636 0.07979 0.08026 0.08270
0.10578 0.10350 0.10442 0.12019 0.12471 0.14155 0.13750 0.14342 0.15502 0.14293 0.12611 0.10606 0.11049 0.11146 0.10520 0.11194 0.10627 0.10938 0.08835 0.10212 0.10916 0.11357 0.11794 0.11219 0.10078 0.11571 0.12752 0.13416 0.11727 0.12290 0.12373 0.11011 0.10186 0.11559 0.10769 0.10064 0.09111 0.09132 0.09138 0.08816 0.09159 0.08930 0.09359 0.09049 0.10381 0.09715 0.09058 0.09142 0.08879 0.08697 0.08929 0.09343 0.08879 0.09352 0.09220 0.09460 0.09910 0.09916 0.09841 0.09529 0.09456 0.09098 0.07891 0.08240 0.07979 0.07946 0.07684 0.08224 0.07991 0.07967 0.08062 0.07518 0.07021
0.11265 0.10368 0.10356 0.09513 0.10387 0.12307 0.12458 0.13020 0.14142 0.12891 0.13418 0.12195 0.10259 0.11272 0.12316 0.12646 0.11844 0.11696 0.12027 0.10541 0.10367 0.11539 0.12741 0.13759 0.12501 0.12956 0.14795 0.13652 0.13524 0.13002 0.12003 0.11303 0.10590 0.10300 0.10907 0.09714 0.08845 0.08241 0.09474 0.09587 0.09005 0.10201 0.10919 0.11314 0.12289 0.12975 0.12324 0.12354 0.12035 0.11785 0.11445 0.10555 0.09812 0.09605 0.09725 0.10322 0.10239 0.10218 0.09825 0.09744 0.08817 0.07664 0.07141 0.07374 0.07253 0.07394 0.07733 0.08179 0.07981 0.08032 0.07471 0.07517 0.08045
0.11975 0.12217 0.11018 0.10856 0.09008 0.10223 0.11823 0.11029 0.10803 0.11232 0.12144 0.10898 0.11012 0.11988 0.11541 0.11933 0.12986 0.12775 0.12141 0.10917 0.09525 0.11583 0.13375 0.13516 0.11765 0.12444 0.12655 0.11503 0.12654 0.13040 0.11676 0.11072 0.10472 0.10836 0.10404 0.10521 0.09414 0.09266 0.10332 0.11830 0.10901 0.12001 0.13894 0.13807 0.13465 0.12919 0.11688 0.12045 -9999 -9999 0.11841 0.11260 0.11295 0.10524 0.10288 0.10345 0.10362 0.09722 0.09548 0.08336 0.07460 0.06638 0.06993 0.06528 0.06294 0.06141 0.07461 0.07967 0.07807 0.08471 0.07798 0.08309 0.08934
0.13266 0.12135 0.11925 0.12254 0.10644 0.12262 0.11488 0.10933 0.10518 0.11354 0.11127 0.10782 0.11551 0.12167 0.11063 0.12070 0.12802 0.11582 0.11766 0.12520 0.12341 0.11795 0.09865 0.11139 0.10945 0.12026 0.11605 0.11877 0.11176 0.12741 0.11743 0.10729 0.10414 0.10334 0.09911 0.12120 0.13890 -9999 -9999 -9999 -9999 0.15495 -9999 0.12416 0.10611 0.11576 0.11797 0.13458 -9999 -9999 0.11485 0.11252 0.11407 0.11158 0.11410 0.10740 0.10065 0.09287 0.08914 0.08465 0.07950 0.07625 0.08128 0.06208 0.06055 0.06379 0.08147 0.08466 0.08639 0.09636 -9999 -9999 -9999
0.13814 0.12645 0.12997 0.14772 0.11958 0.12944 0.14935 0.14221 0.14221 0.13610 0.12321 0.11616 0.12122 0.14153 0.12676 0.11797 0.11314 0.11744 0.10884 0.12323 0.11764 0.12105 0.11172 0.11806 0.11327 0.11012 0.11174 0.11382 0.11003 0.10968 0.10528 0.10797 0.09978 0.11351 0.12478 -9999 -9999 -9999 -9999 -9999 -9999 -9999 0.14186 0.13495 0.13205 -9999 -9999 -9999 -9999 -9999 0.12763 0.11997 0.10344 0.10645 0.09983 0.10365 0.10532 0.09516 0.10303 0.09959 0.09255 0.08573 0.09102 0.09155 0.08280 0.07063 0.08383 0.09810 -9999 -9999 -9999 -9999 -9999
0.13389 0.14146 0.15138 0.16575 0.16246 0.13829 0.16393 0.17695 0.16352 0.16432 0.14421 0.15989 0.15888 0.15986 0.14345 0.13439 0.13537 0.12859 0.13158 0.12788 0.12481 0.10800 0.10803 0.11168 0.10740 0.10604 0.09773 0.10054 0.10489 0.09780 0.10575 0.11354 0.11682 0.14750 -9999 -9999 -9999 -9999 -9999 -9999 -9999 -9999 -9999 0.14748 -9999 -9999 -9999 -9999 0.13639 0.13228 0.12777 0.11617 0.10826 0.11871 0.11987 0.11513 0.10596 0.10725 0.10742 0.10496 0.10449 0.09275 0.09520 0.09093 0.09276 -9999 -9999 -9999 -9999 -9999 -9999 -9999 -9999
