data/hydroclimate-scenarios/BCSD_hadcm_B1/swe_stats/jd_10pc_accum.2070-2099.asc
ncols	311
nrows	91
xllcenter	102.75
yllcenter	31.75
cellsize	0.5
NODATA_value	-9999
[rows 32 to 63 of 91, columns 0 to 70 of 311]
-9999 -9999 -9999 -9999 -9999 -9999 -9999 -9999 -9999 -9999 -9999 63.90000 63.66670 63.43330 63.46670 61.06670 62.43330 60.46670 60.80000 62.66670 61.66670 62.70000 63.93330 64.26670 64.70000 63.40000 62.93330 64.10000 64.00000 62.73330 63.00000 62.96670 63.53330 63.13330 63.13330 64.50000 64.36670 66.63330 64.26670 65.40000 63.23330 63.46670 64.30000 61.53330 59.03330 61.16670 60.46670 54.93330 54.76670 54.36670 55.50000 54.93330 55.03330 55.90000 55.93330 56.86670 56.93330 54.93330 52.66670 52.83330 52.06670 53.70000 53.76670 50.63330 51.03330 54.86670 53.66670 52.30000 45.36670 41.03330 42.20000
-9999 -9999 -9999 -9999 -9999 -9999 -9999 -9999 -9999 -9999 -9999 63.70000 62.70000 64.43330 62.26670 62.90000 62.20000 62.83330 63.73330 64.53330 63.26670 64.36670 64.73330 65.23330 64.13330 63.20000 62.90000 62.46670 64.60000 62.80000 60.00000 62.90000 63.30000 63.00000 62.73330 61.23330 64.76670 66.26670 62.73330 60.30000 61.63330 60.46670 62.53330 60.63330 58.76670 58.86670 57.36670 52.83330 52.83330 49.80000 49.36670 53.16670 52.36670 52.53330 53.86670 57.16670 54.93330 52.83330 53.66670 55.40000 55.23330 54.30000 53.83330 54.36670 53.90000 54.90000 52.80000 49.13330 46.66670 43.60000 43.63330
-9999 -9999 -9999 -9999 -9999 -9999 -9999 -9999 -9999 -9999 -9999 -9999 63.16670 63.03330 64.26670 64.73330 64.00000 65.06670 65.86670 66.56670 65.60000 65.66670 64.10000 60.96670 60.76670 52.36670 54.66670 56.46670 61.93330 64.56670 64.33330 66.30000 67.23330 66.76670 66.86670 64.86670 62.86670 63.53330 63.36670 58.83330 59.03330 59.46670 58.43330 60.33330 59.50000 55.76670 54.96670 55.03330 54.96670 55.26670 53.53330 53.10000 54.30000 53.10000 49.73330 46.00000 47.63330 49.10000 50.83330 51.96670 50.10000 52.03330 51.00000 57.06670 55.96670 56.56670 56.30000 54.63330 45.23330 44.43330 49.96670
-9999 -9999 -9999 -9999 -9999 -9999 -9999 -9999 -9999 -9999 -9999 -9999 65.83330 65.56670 65.46670 65.46670 66.43330 66.26670 67.06670 67.03330 66.63330 59.86670 58.66670 52.56670 46.36670 49.36670 50.90000 53.00000 56.20000 62.30000 62.13330 63.16670 66.96670 68.20000 67.30000 64.46670 62.76670 65.30000 65.83330 60.53330 60.80000 58.60000 58.56670 60.86670 61.30000 57.96670 59.13330 57.86670 54.83330 54.90000 53.86670 50.33330 49.80000 49.56670 50.40000 48.76670 49.23330 49.66670 53.36670 56.26670 53.06670 53.86670 53.70000 54.90000 56.86670 56.40000 55.23330 51.46670 49.63330 50.33330 48.36670
-9999 -9999 -9999 -9999 -9999 -9999 -9999 -9999 -9999 -9999 -9999 -9999 64.46670 66.26670 67.63330 66.16670 67.30000 67.86670 67.70000 66.13330 63.70000 61.83330 60.43330 51.20000 52.16670 50.80000 57.40000 62.13330 62.20000 65.00000 64.43330 65.26670 64.40000 63.60000 66.30000 65.70000 64.36670 65.83330 65.76670 62.33330 58.56670 56.66670 58.76670 60.60000 60.06670 57.80000 56.53330 52.86670 54.40000 56.30000 53.50000 57.06670 52.56670 52.03330 58.16670 59.20000 55.76670 52.53330 52.53330 55.80000 55.33330 52.53330 52.56670 53.50000 50.86670 52.56670 53.16670 53.50000 51.30000 50.40000 51.43330
-9999 -9999 -9999 63.60000 61.60000 62.33330 63.50000 65.13330 65.33330 -9999 64.53330 61.73330 65.80000 66.03330 67.76670 66.30000 66.20000 68.66670 64.16670 62.13330 63.90000 65.70000 63.26670 61.06670 58.96670 61.50000 64.36670 55.56670 55.30000 46.20000 59.50000 64.96670 60.96670 50.96670 59.13330 59.70000 60.80000 62.43330 64.90000 62.13330 60.80000 59.50000 60.90000 62.30000 59.53330 50.86670 47.76670 50.53330 50.36670 51.96670 51.46670 51.50000 48.40000 43.90000 46.13330 43.60000 43.33330 48.33330 47.80000 52.26670 55.66670 52.50000 49.93330 52.50000 51.76670 54.30000 53.13330 55.46670 59.06670 54.53330 52.96670
-9999 -9999 -9999 65.06670 64.76670 64.06670 63.96670 62.10000 63.10000 66.00000 63.83330 66.23330 64.06670 63.33330 60.30000 62.20000 64.33330 62.76670 63.93330 65.50000 64.96670 62.33330 64.50000 65.80000 61.50000 63.93330 61.00000 54.20000 50.50000 44.23330 53.16670 50.96670 52.86670 48.20000 48.50000 51.60000 50.20000 47.43330 56.50000 54.63330 51.43330 53.26670 63.50000 57.86670 50.56670 45.83330 45.96670 49.46670 47.86670 45.10000 44.16670 44.16670 42.76670 41.10000 45.36670 44.10000 45.30000 44.90000 43.93330 43.76670 45.30000 48.10000 47.83330 52.13330 53.76670 56.26670 58.10000 60.63330 59.73330 63.46670 63.16670
-9999 -9999 -9999 66.96670 66.33330 63.83330 62.20000 62.66670 63.96670 65.53330 64.60000 65.56670 63.40000 57.36670 56.50000 63.00000 61.50000 62.00000 65.53330 65.76670 60.36670 56.83330 60.96670 55.70000 51.13330 56.06670 55.86670 57.53330 52.10000 43.20000 39.53330 42.50000 48.96670 47.86670 46.13330 49.30000 50.40000 50.16670 50.26670 48.80000 48.16670 49.96670 58.33330 60.30000 57.73330 47.70000 48.20000 48.13330 47.53330 43.50000 42.60000 44.60000 43.70000 42.83330 45.03330 45.30000 45.70000 46.40000 44.86670 43.63330 46.13330 50.33330 52.40000 51.06670 54.30000 57.60000 58.40000 58.63330 56.06670 57.90000 58.20000
-9999 -9999 -9999 68.73330 70.10000 64.76670 67.40000 63.03330 63.06670 63.90000 64.66670 67.13330 58.23330 60.73330 58.16670 55.63330 56.86670 54.83330 55.30000 59.46670 53.06670 46.16670 41.76670 46.93330 53.46670 54.86670 52.76670 52.53330 42.46670 39.43330 44.40000 53.60000 49.00000 41.60000 43.70000 52.00000 56.86670 57.36670 57.13330 55.30000 50.63330 48.00000 48.43330 55.83330 59.60000 54.80000 51.00000 51.16670 46.66670 44.80000 43.13330 44.90000 44.13330 45.66670 47.46670 44.63330 45.06670 44.40000 43.96670 46.06670 44.40000 45.43330 46.46670 52.73330 53.63330 57.60000 58.00000 57.30000 53.06670 53.16670 64.40000
-9999 -9999 -9999 69.93330 70.83330 65.56670 66.16670 63.96670 63.60000 65.03330 69.86670 63.43330 58.03330 56.96670 50.40000 50.30000 48.46670 50.43330 58.23330 65.50000 57.66670 47.33330 45.03330 58.13330 57.76670 60.90000 63.00000 58.70000 47.80000 44.76670 43.80000 46.50000 42.66670 46.33330 47.43330 46.26670 47.70000 54.10000 56.66670 59.56670 53.16670 50.53330 47.50000 47.26670 56.40000 53.83330 53.13330 50.20000 49.70000 45.00000 44.36670 48.10000 46.16670 45.70000 49.10000 42.90000 47.80000 45.70000 44.50000 44.43330 45.60000 44.20000 45.03330 48.16670 49.20000 54.43330 54.43330 54.10000 52.46670 62.63330 74.66670
-9999 -9999 -9999 -9999 66.93330 63.60000 64.00000 61.36670 62.06670 65.43330 68.46670 68.13330 52.93330 62.93330 -9999 -9999 -9999 -9999 -9999 49.70000 47.80000 49.26670 46.63330 47.46670 50.03330 59.43330 73.23330 57.23330 51.33330 56.16670 50.50000 59.63330 57.83330 58.26670 64.63330 56.26670 55.73330 58.73330 60.60000 59.16670 57.56670 55.90000 57.13330 54.20000 54.83330 57.00000 54.16670 51.70000 54.23330 53.70000 49.93330 51.96670 53.56670 49.76670 48.60000 44.86670 44.00000 45.83330 46.06670 47.60000 47.33330 46.30000 47.66670 47.26670 50.10000 50.83330 54.36670 62.56670 66.60000 -9999 -9999
-9999 -9999 70.70000 69.70000 67.33330 67.06670 65.30000 61.66670 65.06670 66.16670 69.03330 69.63330 54.23330 -9999 -9999 -9999 -9999 -9999 47.00000 51.33330 51.23330 58.36670 57.90000 57.76670 52.76670 63.76670 73.56670 66.50000 67.36670 68.13330 66.90000 70.33330 70.60000 69.43330 72.70000 67.26670 63.33330 59.10000 57.46670 58.06670 56.46670 57.76670 57.10000 54.56670 55.10000 57.06670 55.80000 54.70000 56.46670 59.23330 57.73330 59.26670 61.26670 58.56670 54.50000 56.23330 51.00000 49.76670 49.00000 49.60000 49.56670 50.73330 52.03330 53.93330 58.43330 60.06670 63.53330 -9999 -9999 -9999 -9999
-9999 -9999 69.36670 69.26670 69.33330 68.50000 68.26670 63.53330 66.46670 69.76670 65.80000 66.96670 65.36670 -9999 -9999 -9999 -9999 57.93330 50.66670 57.96670 57.20000 56.60000 71.30000 83.13330 86.10000 77.93330 80.80000 74.46670 85.30000 74.06670 70.03330 74.06670 71.90000 78.00000 73.36670 64.50000 65.40000 61.83330 58.70000 60.43330 65.43330 61.10000 61.76670 60.56670 60.56670 62.70000 66.40000 58.43330 63.53330 62.50000 62.76670 61.46670 61.50000 63.30000 60.20000 61.40000 61.50000 55.33330 54.63330 52.26670 56.16670 53.73330 57.23330 63.76670 66.20000 -9999 -9999 -9999 -9999 -9999 79.40000
-9999 -9999 73.30000 69.63330 69.53330 67.46670 68.03330 69.43330 70.20000 67.66670 64.73330 65.60000 75.13330 -9999 -9999 -9999 -9999 55.73330 56.63330 62.70000 62.26670 89.23330 84.80000 92.50000 99.36670 87.70000 80.76670 83.23330 84.16670 74.36670 74.76670 80.63330 81.26670 70.80000 72.83330 79.10000 74.43330 73.60000 61.30000 64.40000 67.40000 63.60000 64.23330 72.43330 69.20000 63.20000 65.00000 64.73330 70.23330 63.86670 64.90000 61.83330 59.93330 61.13330 63.26670 62.76670 61.16670 59.96670 60.76670 61.50000 62.43330 65.00000 63.86670 63.26670 61.26670 61.73330 71.33330 66.50000 74.66670 -9999 -9999
-9999 -9999 -9999 70.40000 68.63330 72.63330 69.56670 70.30000 70.83330 66.83330 69.16670 71.30000 -9999 -9999 -9999 -9999 61.23330 60.40000 65.36670 73.30000 81.86670 78.03330 84.13330 89.06670 82.83330 90.60000 98.70000 96.16670 90.43330 102.73300 92.30000 91.30000 88.63330 70.96670 74.03330 87.93330 78.66670 75.40000 65.43330 69.03330 68.86670 68.00000 71.26670 75.40000 70.50000 74.43330 75.20000 67.50000 64.63330 66.60000 65.16670 67.36670 67.30000 65.96670 66.93330 65.63330 65.80000 58.03330 59.10000 61.93330 61.90000 62.40000 54.66670 47.96670 45.83330 59.83330 68.10000 67.00000 73.66670 79.13330 -9999
-9999 -9999 -9999 -9999 73.73330 71.23330 70.16670 72.03330 69.60000 72.53330 75.10000 -9999 -9999 -9999 -9999 65.93330 65.06670 68.10000 69.90000 73.76670 82.46670 83.00000 86.53330 97.93330 99.76670 99.46670 102.23300 83.30000 92.43330 88.13330 88.80000 83.70000 83.70000 81.26670 80.60000 97.23330 91.86670 73.86670 68.86670 68.06670 66.60000 66.60000 69.43330 75.36670 76.80000 76.06670 75.56670 68.03330 66.23330 67.13330 66.90000 67.06670 66.66670 66.53330 66.53330 66.36670 68.50000 65.00000 65.00000 63.83330 59.66670 53.00000 52.03330 55.73330 53.03330 59.56670 68.46670 71.90000 71.93330 77.20000 80.06670
-9999 -9999 -9999 -9999 -9999 -9999 75.03330 72.36670 70.83330 78.13330 73.30000 -9999 -9999 -9999 -9999 -9999 69.70000 71.93330 74.16670 74.90000 86.36670 76.83330 76.80000 98.96670 90.56670 82.53330 85.23330 88.60000 82.76670 87.16670 90.63330 84.96670 86.53330 86.80000 81.76670 84.10000 78.50000 69.43330 71.33330 73.16670 70.40000 76.60000 65.03330 76.30000 84.46670 81.90000 75.36670 71.40000 69.66670 70.50000 68.96670 68.40000 67.63330 71.73330 70.73330 69.80000 68.36670 69.36670 65.70000 68.40000 57.16670 49.53330 48.50000 51.53330 48.86670 56.93330 68.43330 73.80000 74.06670 77.73330 80.43330
-9999 -9999 -9999 -9999 -9999 -9999 -9999 -9999 -9999 -9999 -9999 -9999 -9999 -9999 -9999 -9999 -9999 -9999 -9999 75.23330 99.30000 75.30000 77.63330 84.90000 82.83330 86.83330 77.73330 81.06670 77.70000 84.36670 84.23330 86.96670 86.90000 76.26670 81.70000 81.86670 90.16670 79.06670 79.16670 84.43330 86.06670 89.96670 85.10000 85.33330 85.26670 83.76670 82.46670 71.46670 68.90000 70.93330 70.13330 71.23330 71.10000 74.60000 74.53330 71.43330 71.00000 69.26670 64.76670 67.53330 56.40000 58.33330 49.73330 51.76670 50.60000 64.66670 69.73330 74.26670 76.26670 76.63330 77.83330
-9999 -9999 -9999 -9999 -9999 -9999 -9999 -9999 -9999 -9999 -9999 -9999 -9999 -9999 -9999 -9999 -9999 -9999 84.66670 103.53300 104.90000 89.56670 93.10000 86.73330 82.10000 83.70000 81.66670 76.73330 76.80000 81.76670 81.23330 79.60000 80.93330 80.90000 81.13330 81.90000 81.10000 83.50000 80.76670 82.63330 79.90000 85.60000 87.76670 86.96670 83.53330 90.53330 81.73330 77.66670 75.90000 75.16670 74.83330 69.06670 68.63330 69.53330 69.90000 72.86670 72.46670 68.33330 59.03330 63.36670 65.80000 65.96670 61.70000 57.46670 55.66670 65.50000 68.60000 76.63330 77.03330 80.10000 78.86670
-9999 -9999 -9999 -9999 -9999 -9999 -9999 -9999 -9999 -9999 -9999 -9999 -9999 -9999 -9999 -9999 -9999 86.73330 85.83330 94.10000 98.40000 98.40000 88.66670 92.56670 90.33330 85.23330 85.23330 79.66670 88.00000 85.86670 82.00000 79.70000 81.10000 75.46670 78.53330 83.86670 81.53330 83.36670 83.73330 76.83330 73.10000 82.76670 92.66670 85.80000 85.80000 80.93330 77.10000 79.26670 76.96670 73.00000 74.16670 69.90000 69.66670 70.23330 70.20000 73.36670 72.30000 64.96670 68.20000 69.30000 71.50000 68.16670 56.73330 54.60000 65.33330 68.83330 69.33330 76.63330 77.10000 79.06670 77.46670
-9999 -9999 -9999 -9999 -9999 -9999 -9999 -9999 -9999 -9999 -9999 -9999 -9999 -9999 -9999 -9999 -9999 85.26670 88.26670 122.70000 130.20000 134.26700 143.00000 112.76700 93.93330 92.56670 95.76670 89.06670 86.83330 91.13330 80.86670 78.53330 80.86670 81.53330 80.23330 86.46670 87.33330 77.50000 87.46670 84.33330 88.13330 79.20000 73.56670 78.43330 75.43330 75.46670 79.63330 76.13330 74.80000 76.20000 74.63330 70.26670 69.40000 68.93330 70.46670 74.23330 68.00000 66.70000 67.30000 71.16670 70.96670 69.03330 68.06670 62.26670 55.40000 66.16670 75.80000 75.36670 77.66670 79.00000 78.56670
-9999 -9999 -9999 -9999 -9999 -9999 -9999 -9999 -9999 -9999 -9999 -9999 -9999 -9999 -9999 -9999 97.96670 110.66700 119.20000 135.86700 132.30000 126.13300 129.73300 112.30000 93.60000 96.53330 97.90000 92.73330 89.16670 85.66670 83.13330 80.13330 78.33330 83.80000 83.36670 77.13330 74.60000 80.36670 89.63330 86.20000 84.76670 78.06670 75.33330 79.76670 79.40000 81.93330 81.26670 77.06670 74.70000 76.23330 76.26670 70.83330 69.73330 69.56670 69.43330 76.10000 74.16670 74.16670 71.36670 72.26670 71.00000 72.06670 70.33330 57.30000 65.00000 72.36670 72.80000 76.23330 79.90000 79.03330 78.26670
-9999 -9999 -9999 -9999 -9999 -9999 -9999 -9999 -9999 -9999 -9999 -9999 -9999 95.33330 106.53300 105.16700 123.53300 147.03300 146.63300 125.50000 129.80000 150.06700 143.70000 130.66701 131.36700 98.53330 106.96700 104.50000 98.46670 95.60000 91.66670 87.03330 83.63330 85.76670 83.16670 83.00000 81.33330 86.63330 95.76670 94.60000 93.30000 94.03330 96.83330 88.83330 85.46670 83.20000 83.93330 88.30000 95.26670 79.33330 74.90000 76.76670 74.60000 72.80000 73.43330 81.73330 79.53330 78.13330 75.40000 76.86670 75.90000 77.10000 74.96670 75.83330 77.13330 78.83330 79.26670 76.93330 77.30000 83.43330 80.30000
-9999 -9999 -9999 -9999 -9999 -9999 -9999 -9999 -9999 -9999 -9999 -9999 107.36700 123.36700 128.80000 120.70000 133.06700 139.93300 153.16701 121.36700 132.66701 158.03300 130.36700 116.93300 123.86700 98.80000 97.86670 101.43300 104.53300 98.10000 94.93330 90.16670 88.60000 86.36670 86.36670 82.73330 87.66670 85.36670 99.23330 91.30000 87.63330 91.20000 103.66700 103.26700 99.33330 85.30000 83.96670 86.73330 92.30000 85.50000 79.36670 80.00000 76.43330 78.43330 75.23330 75.33330 87.93330 78.26670 72.76670 78.70000 78.26670 80.33330 80.33330 76.76670 78.30000 81.80000 81.16670 78.63330 88.30000 87.33330 76.93330
-9999 -9999 -9999 -9999 -9999 -9999 -9999 -9999 -9999 -9999 -9999 121.16700 112.20000 161.23300 151.63300 131.00000 122.70000 138.80000 128.26700 129.46700 131.06700 118.70000 118.70000 129.93300 124.53300 111.36700 108.50000 113.96700 105.36700 101.43300 97.73330 99.10000 99.60000 87.53330 88.13330 95.30000 102.40000 103.30000 93.66670 101.63300 94.90000 105.50000 99.76670 99.00000 99.06670 112.16700 112.13300 91.16670 84.56670 89.00000 95.83330 80.90000 74.90000 82.66670 81.30000 76.43330 81.16670 86.53330 84.56670 80.53330 81.80000 81.70000 81.90000 81.96670 83.93330 80.86670 81.90000 82.70000 87.86670 79.53330 78.73330
-9999 -9999 -9999 -9999 -9999 -9999 -9999 -9999 -9999 -9999 124.50000 117.43300 115.86700 151.23300 120.36700 127.06700 127.06700 137.66701 137.66701 133.53300 135.93300 129.23300 120.16700 139.63300 144.13300 110.56700 114.80000 111.63300 112.10000 102.80000 101.46700 97.70000 97.70000 90.56670 88.86670 98.56670 108.33300 88.06670 89.96670 101.13300 96.26670 99.46670 104.43300 111.03300 112.36700 106.96700 104.63300 93.43330 92.40000 90.50000 92.06670 80.73330 83.80000 81.63330 84.43330 84.70000 88.60000 88.20000 79.36670 81.10000 81.53330 83.60000 85.50000 84.13330 84.26670 82.60000 84.80000 89.83330 85.66670 78.13330 78.30000
-9999 -9999 -9999 -9999 -9999 -9999 -9999 -9999 -9999 123.40000 121.93300 136.53300 131.93300 116.10000 113.70000 152.83299 146.23300 152.39999 150.50000 131.33299 120.03300 136.96700 139.60001 135.46700 128.10001 126.53300 126.00000 112.33300 112.53300 128.89999 123.76700 111.96700 110.26700 91.93330 93.23330 100.33300 97.96670 93.60000 97.10000 102.70000 118.63300 120.83300 118.50000 100.76700 98.83330 99.76670 94.96670 99.30000 95.43330 91.93330 107.60000 93.26670 85.03330 86.40000 110.13300 93.63330 81.56670 88.83330 86.13330 85.73330 85.10000 84.16670 84.40000 84.43330 84.46670 88.63330 94.40000 97.40000 85.46670 79.56670 80.73330
-9999 -9999 -9999 -9999 -9999 -9999 -9999 -9999 -9999 -9999 119.40000 140.63300 152.03300 109.23300 109.80000 143.03300 143.03300 146.26700 145.30000 134.66701 131.30000 139.23300 137.70000 -9999 -9999 -9999 -9999 -9999 -9999 129.83299 127.33300 118.23300 116.93300 105.86700 103.46700 101.40000 107.53300 97.46670 114.10000 114.06700 107.00000 123.03300 121.30000 109.46700 101.46700 97.23330 105.13300 99.10000 99.30000 102.13300 101.16700 104.46700 100.03300 95.86670 94.23330 87.63330 87.86670 90.03330 88.30000 89.76670 89.50000 87.93330 88.76670 84.40000 85.26670 92.93330 93.40000 89.06670 78.00000 80.30000 81.23330
-9999 -9999 -9999 -9999 -9999 -9999 -9999 -9999 -9999 -9999 -9999 -9999 145.96700 137.23300 136.46700 131.43300 133.39999 123.90000 125.80000 -9999 -9999 -9999 -9999 -9999 -9999 -9999 -9999 -9999 -9999 -9999 -9999 -9999 -9999 138.20000 154.13300 129.50000 122.96700 119.30000 119.60000 131.03300 127.63300 115.33300 117.96700 104.96700 106.53300 104.16700 108.30000 97.10000 97.60000 98.03330 99.23330 102.46700 98.50000 84.93330 92.96670 94.76670 92.76670 87.16670 87.73330 91.86670 91.33330 95.00000 94.36670 89.03330 93.00000 92.83330 89.66670 81.96670 82.30000 89.83330 93.53330
-9999 -9999 -9999 -9999 -9999 -9999 -9999 -9999 -9999 -9999 -9999 -9999 -9999 -9999 -9999 -9999 -9999 -9999 -9999 -9999 -9999 -9999 -9999 -9999 -9999 -9999 -9999 -9999 -9999 -9999 -9999 -9999 -9999 -9999 166.43300 143.89999 131.39999 136.00000 127.20000 130.76700 136.96700 136.50000 135.60001 108.93300 98.73330 108.40000 110.16700 100.43300 104.16700 102.43300 95.20000 102.80000 107.73300 100.93300 101.16700 99.30000 96.83330 93.16670 88.83330 93.20000 93.06670 94.43330 93.70000 91.70000 96.83330 92.66670 90.90000 84.60000 83.70000 92.36670 97.86670
-9999 -9999 -9999 -9999 -9999 -9999 -9999 -9999 -9999 -9999 -9999 -9999 -9999 -9999 -9999 -9999 -9999 -9999 -9999 -9999 -9999 -9999 -9999 -9999 -9999 -9999 -9999 -9999 -9999 -9999 -9999 -9999 -9999 -9999 148.36700 149.06700 163.03300 136.93300 123.79300 133.73300 133.73300 123.80000 126.23300 134.26700 126.76700 122.56700 121.60000 120.40000 114.56700 107.13300 99.40000 102.46700 106.26700 90.30000 103.93300 103.90000 106.30000 99.10000 93.16670 93.53330 94.43330 95.70000 91.56670 93.70000 92.70000 89.76670 91.03330 86.30000 85.23330 91.80000 -9999
-9999 -9999 -9999 -9999 -9999 -9999 -9999 -9999 -9999 -9999 -9999 -9999 -9999 -9999 -9999 -9999 -9999 -9999 -9999 -9999 -9999 -9999 -9999 -9999 -9999 -9999 -9999 -9999 -9999 -9999 -9999 -9999 -9999 -9999 -9999 -9999 -9999 -9999 124.27600 134.13300 131.89999 125.96700 124.00000 131.56700 134.26700 127.43300 123.36700 125.00000 115.30000 103.33300 105.63300 109.46700 108.10000 109.16700 102.70000 107.10000 108.20000 100.06700 98.10000 99.96670 96.86670 97.16670 94.93330 94.96670 92.36670 91.43330 93.80000 91.60000 105.36700 -9999 -9999
