data/hydroclimate-scenarios/BCSD_hadcm_B1/swe_stats/jd_10pc_accum.2030-2059.asc
ncols	311
nrows	91
xllcenter	102.75
yllcenter	31.75
cellsize	0.5
NODATA_value	-9999
[rows 32 to 63 of 91, columns 0 to 70 of 311]
-9999 -9999 -9999 -9999 -9999 -9999 -9999 -9999 -9999 -9999 -9999 59.50000 58.20000 59.33330 59.30000 57.90000 58.63330 56.96670 57.30000 58.50000 57.90000 57.60000 58.26670 60.66670 60.76670 58.50000 57.30000 61.23330 61.46670 61.10000 61.63330 59.46670 60.06670 60.23330 60.23330 62.86670 62.63330 62.83330 60.00000 57.36670 54.53330 55.06670 55.36670 56.40000 54.30000 56.46670 54.93330 54.36670 54.76670 53.63330 53.76670 52.53330 52.43330 51.73330 52.53330 53.73330 53.60000 52.46670 51.33330 50.50000 49.60000 49.76670 49.53330 47.33330 47.83330 54.70000 53.70000 49.43330 42.03330 39.23330 40.16670
-9999 -9999 -9999 -9999 -9999 -9999 -9999 -9999 -9999 -9999 -9999 56.80000 55.63330 60.40000 57.86670 59.86670 60.03330 60.16670 61.06670 61.00000 60.13330 59.43330 60.46670 62.10000 60.20000 57.26670 56.96670 59.50000 62.53330 61.00000 57.50000 59.53330 59.73330 59.53330 59.33330 58.10000 62.66670 62.93330 59.86670 53.53330 54.13330 52.73330 54.50000 54.86670 53.13330 53.83330 52.06670 52.86670 53.10000 50.26670 48.93330 50.76670 50.03330 50.60000 51.90000 55.73330 53.23330 51.16670 52.03330 51.43330 52.10000 51.56670 51.70000 55.03330 53.56670 55.16670 52.46670 46.76670 42.73330 41.53330 42.20000
-9999 -9999 -9999 -9999 -9999 -9999 -9999 -9999 -9999 -9999 -9999 -9999 58.86670 57.66670 60.00000 61.96670 61.63330 62.56670 63.23330 62.40000 60.00000 61.60000 59.03330 56.50000 56.00000 49.60000 53.16670 49.70000 59.56670 61.20000 61.10000 64.10000 64.43330 62.16670 62.33330 62.70000 61.26670 59.56670 58.23330 54.13330 54.33330 52.76670 52.33330 55.63330 54.93330 54.73330 54.03330 52.93330 53.10000 52.90000 51.36670 51.40000 52.13330 51.70000 48.76670 46.33330 46.53330 47.53330 49.26670 51.00000 48.76670 50.43330 49.76670 53.10000 52.16670 51.10000 49.56670 50.86670 43.40000 43.30000 46.80000
-9999 -9999 -9999 -9999 -9999 -9999 -9999 -9999 -9999 -9999 -9999 -9999 61.03330 61.16670 61.23330 62.66670 63.96670 63.90000 64.76670 63.70000 62.63330 55.50000 54.13330 49.23330 45.10000 47.03330 47.83330 46.63330 50.63330 56.86670 57.00000 59.26670 65.03330 63.40000 62.36670 61.90000 59.43330 61.90000 62.96670 55.70000 55.56670 52.23330 52.46670 55.86670 56.46670 55.73330 57.43330 55.86670 52.40000 52.93330 50.80000 49.70000 48.53330 47.70000 48.56670 47.06670 47.33330 47.50000 50.10000 54.66670 51.36670 51.10000 50.96670 50.23330 52.43330 50.40000 49.33330 49.26670 46.56670 47.56670 46.10000
-9999 -9999 -9999 -9999 -9999 -9999 -9999 -9999 -9999 -9999 -9999 -9999 60.53330 66.40000 67.33330 59.66670 63.50000 62.23330 61.80000 60.56670 58.70000 56.83330 56.00000 49.33330 49.60000 48.10000 53.76670 59.76670 58.60000 61.86670 62.20000 63.93330 61.56670 58.53330 62.63330 62.53330 60.06670 59.96670 62.16670 56.03330 53.13330 51.70000 53.83330 54.26670 54.33330 52.56670 52.23330 49.83330 51.93330 52.76670 50.16670 53.56670 49.80000 49.60000 55.46670 55.56670 52.06670 51.26670 51.06670 52.76670 53.23330 49.30000 49.06670 50.16670 47.93330 47.10000 47.50000 51.20000 48.13330 48.86670 49.43330
-9999 -9999 -9999 61.96670 60.73330 59.23330 60.46670 61.06670 60.96670 -9999 58.16670 58.80000 61.70000 64.63330 67.63330 61.73330 61.33330 64.80000 57.40000 57.86670 58.96670 59.60000 57.96670 57.43330 55.10000 58.03330 60.70000 52.20000 51.86670 43.03330 54.46670 64.40000 54.46670 45.73330 55.00000 54.56670 57.56670 58.20000 60.30000 55.93330 54.53330 54.43330 56.43330 56.76670 53.40000 48.23330 47.03330 47.30000 47.40000 49.40000 49.13330 49.26670 44.66670 44.33330 45.20000 41.63330 41.16670 46.30000 45.93330 49.26670 52.53330 48.80000 48.23330 50.06670 49.70000 48.56670 48.10000 54.40000 55.63330 51.90000 51.06670
-9999 -9999 -9999 62.60000 62.20000 59.90000 59.96670 59.23330 60.56670 62.33330 60.86670 63.26670 61.20000 61.13330 57.33330 54.43330 56.03330 55.26670 57.30000 63.16670 61.50000 59.96670 60.53330 61.26670 57.93330 59.03330 56.70000 49.23330 46.16670 43.73330 46.86670 46.53330 47.20000 44.76670 43.86670 50.50000 46.26670 45.53330 54.06670 50.80000 47.83330 50.26670 57.53330 51.96670 47.46670 43.26670 43.53330 47.26670 45.30000 44.50000 43.46670 42.13330 41.33330 41.96670 45.50000 44.30000 44.93330 45.93330 45.56670 46.23330 46.73330 45.80000 45.80000 49.30000 51.06670 52.00000 53.23330 59.26670 57.36670 52.70000 52.30000
-9999 -9999 -9999 63.90000 62.03330 59.70000 59.30000 60.20000 61.70000 61.30000 60.10000 62.86670 61.33330 53.53330 50.70000 55.40000 54.50000 55.03330 62.03330 61.93330 57.20000 55.83330 59.06670 53.76670 51.10000 52.83330 52.43330 52.76670 47.06670 43.13330 38.66670 41.30000 44.80000 43.80000 42.86670 44.36670 46.06670 46.80000 47.00000 45.03330 44.30000 46.93330 53.06670 55.00000 51.70000 45.16670 45.90000 45.60000 45.50000 43.00000 42.46670 43.46670 42.10000 42.53330 44.90000 44.80000 45.36670 47.66670 45.93330 46.13330 47.43330 46.16670 48.33330 48.60000 52.16670 53.90000 53.66670 54.96670 51.60000 50.90000 50.93330
-9999 -9999 -9999 64.56670 65.66670 61.66670 64.76670 61.46670 61.90000 61.96670 62.23330 64.70000 55.43330 57.30000 51.70000 53.03330 53.13330 55.06670 55.30000 55.46670 49.06670 46.06670 45.43330 46.16670 51.10000 53.33330 51.60000 48.80000 41.43330 39.80000 43.03330 48.40000 44.10000 41.43330 42.96670 50.10000 53.43330 54.16670 53.83330 50.96670 48.30000 45.73330 45.63330 52.53330 55.66670 51.50000 50.40000 48.80000 43.20000 44.56670 42.60000 43.46670 43.23330 42.66670 44.30000 44.86670 44.66670 45.36670 44.63330 45.56670 45.13330 47.93330 48.40000 48.23330 48.73330 57.66670 56.50000 53.46670 49.36670 52.66670 55.96670
-9999 -9999 -9999 65.03330 66.23330 63.03330 63.06670 62.46670 60.96670 61.46670 66.53330 60.70000 55.30000 50.73330 46.36670 49.13330 46.73330 51.33330 55.90000 65.33330 53.20000 47.10000 45.93330 51.63330 51.83330 57.13330 58.53330 53.33330 45.20000 43.90000 42.80000 42.76670 40.63330 45.03330 45.76670 48.06670 48.36670 50.43330 53.93330 54.56670 48.83330 47.16670 45.60000 46.00000 53.43330 51.43330 51.16670 46.73330 45.43330 44.93330 44.36670 46.30000 45.13330 42.83330 44.50000 43.90000 44.70000 46.86670 44.80000 45.10000 45.30000 45.00000 47.16670 46.03330 46.06670 50.46670 51.10000 49.76670 49.70000 54.13330 66.06670
-9999 -9999 -9999 -9999 63.36670 58.30000 60.23330 56.50000 57.40000 62.96670 65.33330 63.10000 48.90000 55.00000 -9999 -9999 -9999 -9999 -9999 49.46670 47.16670 44.86670 43.66670 38.56670 42.33330 49.60000 66.16670 55.93330 47.16670 51.73330 47.46670 44.56670 44.43330 49.13330 53.40000 56.63330 55.80000 54.13330 56.26670 54.60000 51.70000 51.56670 53.30000 48.93330 50.16670 50.80000 48.33330 48.20000 50.43330 50.93330 48.60000 44.63330 45.26670 43.06670 42.13330 43.90000 43.73330 42.13330 43.00000 47.00000 46.16670 45.56670 46.46670 43.70000 44.83330 48.03330 51.76670 56.60000 61.80000 -9999 -9999
-9999 -9999 63.13330 65.60000 63.43330 61.26670 60.00000 56.00000 59.86670 61.83330 65.16670 63.53330 49.53330 -9999 -9999 -9999 -9999 -9999 41.76670 49.93330 54.06670 49.86670 49.63330 64.00000 58.00000 49.83330 68.53330 65.23330 66.06670 61.50000 68.03330 60.03330 59.70000 55.30000 59.46670 69.16670 63.23330 55.43330 53.56670 54.26670 51.86670 54.40000 54.60000 50.00000 50.56670 49.40000 49.46670 50.70000 51.46670 55.43330 51.93330 51.73330 57.56670 55.36670 48.03330 50.90000 46.93330 43.16670 43.13330 48.13330 48.10000 48.00000 48.66670 46.10000 51.40000 54.26670 57.60000 -9999 -9999 -9999 -9999
-9999 -9999 64.76670 65.13330 65.00000 64.66670 64.30000 57.46670 62.86670 64.80000 61.40000 59.13330 58.73330 -9999 -9999 -9999 -9999 54.36670 44.80000 59.36670 58.20000 55.23330 62.66670 67.00000 69.73330 75.66670 74.76670 65.83330 78.30000 83.13330 80.76670 57.76670 65.90000 70.40000 67.83330 63.86670 64.46670 61.26670 57.60000 55.46670 64.53330 62.86670 65.10000 56.43330 55.93330 63.16670 68.23330 53.50000 62.06670 57.46670 59.13330 60.00000 58.96670 57.96670 52.86670 58.43330 58.50000 50.73330 48.63330 52.00000 52.86670 48.46670 52.60000 60.50000 63.83330 -9999 -9999 -9999 -9999 -9999 75.30000
-9999 -9999 67.73330 64.76670 64.26670 62.40000 64.40000 65.40000 65.66670 64.90000 61.86670 58.70000 69.83330 -9999 -9999 -9999 -9999 50.66670 52.83330 63.30000 61.93330 68.80000 73.66670 75.03330 80.50000 82.36670 74.70000 83.03330 86.86670 97.20000 95.23330 62.40000 61.60000 61.63330 65.73330 74.33330 74.63330 78.60000 62.76670 60.00000 67.63330 61.93330 63.50000 64.73330 65.63330 65.86670 66.06670 68.06670 63.20000 61.10000 62.36670 59.23330 57.06670 55.76670 57.86670 60.26670 59.26670 56.20000 57.53330 58.63330 60.53330 64.80000 63.76670 60.23330 56.40000 57.73330 66.80000 67.36670 75.56670 -9999 -9999
-9999 -9999 -9999 66.46670 64.13330 68.90000 66.80000 63.70000 62.76670 62.73330 65.66670 64.23330 -9999 -9999 -9999 -9999 56.36670 54.00000 65.70000 64.23330 81.16670 76.60000 76.00000 72.16670 79.00000 84.66670 84.63330 76.36670 82.96670 112.10000 97.80000 85.50000 73.80000 78.30000 79.83330 73.93330 73.56670 75.16670 71.96670 68.20000 66.63330 63.33330 69.96670 71.16670 69.93330 70.50000 71.20000 68.36670 63.50000 63.96670 62.70000 62.66670 63.23330 63.23330 63.03330 61.00000 62.06670 54.70000 56.83330 61.63330 60.56670 58.76670 50.90000 43.13330 42.13330 53.30000 65.36670 64.66670 70.23330 72.73330 -9999
-9999 -9999 -9999 -9999 68.53330 68.70000 67.03330 63.53330 61.30000 67.80000 72.03330 -9999 -9999 -9999 -9999 59.76670 60.93330 67.46670 68.83330 67.06670 73.70000 80.23330 78.36670 95.16670 101.56700 82.33330 85.63330 72.26670 88.16670 79.23330 81.46670 76.50000 75.63330 80.90000 84.96670 75.23330 75.23330 75.73330 72.36670 64.56670 67.63330 63.00000 67.16670 70.56670 72.33330 73.10000 72.83330 68.23330 67.56670 67.73330 66.93330 63.50000 62.00000 64.26670 62.76670 64.33330 66.46670 61.56670 60.53330 62.80000 65.76670 50.03330 48.40000 51.76670 47.53330 53.86670 64.96670 70.53330 69.30000 73.53330 75.86670
-9999 -9999 -9999 -9999 -9999 -9999 66.53330 69.00000 68.20000 75.36670 71.83330 -9999 -9999 -9999 -9999 -9999 67.43330 70.53330 68.46670 77.53330 90.00000 82.60000 91.43330 103.50000 105.80000 75.90000 83.73330 79.26670 74.90000 84.53330 83.70000 83.56670 83.53330 96.66670 91.16670 81.20000 80.03330 81.53330 76.03330 68.76670 66.96670 87.13330 80.33330 67.50000 77.23330 79.00000 79.56670 71.90000 70.76670 71.83330 68.20000 68.13330 67.40000 69.43330 68.43330 65.86670 64.46670 66.60000 60.43330 62.00000 54.20000 48.33330 47.63330 46.03330 45.20000 51.23330 63.16670 72.96670 72.66670 73.53330 72.73330
-9999 -9999 -9999 -9999 -9999 -9999 -9999 -9999 -9999 -9999 -9999 -9999 -9999 -9999 -9999 -9999 -9999 -9999 -9999 91.56670 115.76700 87.33330 85.23330 108.76700 96.60000 84.96670 72.40000 76.56670 75.23330 77.26670 83.43330 83.80000 83.73330 91.33330 86.26670 81.20000 81.93330 81.33330 81.33330 73.30000 84.80000 93.83330 89.40000 74.56670 75.46670 84.16670 84.46670 73.63330 68.63330 72.56670 69.73330 70.30000 70.30000 72.50000 71.80000 68.20000 67.43330 64.33330 62.60000 60.76670 52.76670 50.30000 48.43330 45.96670 46.66670 59.50000 71.03330 74.93330 76.00000 71.10000 69.50000
-9999 -9999 -9999 -9999 -9999 -9999 -9999 -9999 -9999 -9999 -9999 -9999 -9999 -9999 -9999 -9999 -9999 -9999 80.76670 95.50000 113.73300 88.73330 87.26670 91.10000 90.23330 82.20000 87.76670 88.36670 80.70000 83.40000 79.86670 77.33330 73.56670 78.10000 79.63330 89.56670 89.10000 80.56670 80.36670 100.13300 100.43300 90.66670 91.83330 87.70000 87.83330 75.20000 75.33330 80.56670 76.60000 75.96670 76.06670 74.06670 70.73330 69.83330 69.90000 71.93330 71.46670 63.46670 58.53330 57.60000 58.33330 60.03330 56.16670 58.66670 57.96670 66.76670 71.10000 74.20000 75.50000 77.90000 78.33330
-9999 -9999 -9999 -9999 -9999 -9999 -9999 -9999 -9999 -9999 -9999 -9999 -9999 -9999 -9999 -9999 -9999 72.13330 80.40000 102.80000 102.46700 91.26670 90.50000 91.80000 87.76670 84.26670 84.70000 86.40000 100.86700 92.30000 85.00000 72.03330 82.20000 76.46670 78.53330 98.33330 98.00000 79.63330 80.06670 88.33330 80.66670 77.90000 92.93330 100.23300 93.93330 70.90000 71.10000 76.06670 77.10000 75.10000 75.16670 71.43330 70.03330 69.60000 69.40000 72.10000 68.53330 64.10000 61.30000 60.90000 67.26670 65.93330 51.46670 56.10000 67.23330 70.56670 70.56670 75.76670 76.43330 77.86670 78.30000
-9999 -9999 -9999 -9999 -9999 -9999 -9999 -9999 -9999 -9999 -9999 -9999 -9999 -9999 -9999 -9999 -9999 86.63330 86.93330 125.13300 131.73300 134.60001 143.33299 116.93300 105.76700 94.53330 90.26670 87.36670 85.13330 93.06670 78.20000 73.66670 70.63330 76.13330 74.06670 81.36670 82.36670 80.56670 80.76670 82.93330 84.43330 93.20000 96.86670 77.83330 81.60000 71.53330 74.70000 83.70000 78.90000 76.03330 75.66670 73.10000 72.93330 68.73330 72.50000 72.96670 75.06670 67.00000 68.80000 68.30000 67.10000 62.63330 59.60000 58.03330 57.13330 62.03330 70.96670 73.33330 74.93330 79.96670 78.60000
-9999 -9999 -9999 -9999 -9999 -9999 -9999 -9999 -9999 -9999 -9999 -9999 -9999 -9999 -9999 -9999 82.80000 104.53300 115.36700 137.16701 149.96700 136.46700 148.86700 120.80000 96.13330 101.60000 96.80000 95.83330 87.10000 84.10000 79.53330 73.06670 71.70000 81.93330 81.60000 79.20000 79.60000 81.33330 84.20000 88.40000 83.43330 93.60000 87.80000 81.26670 82.10000 75.23330 75.16670 80.26670 79.43330 75.36670 74.86670 74.20000 73.40000 69.26670 70.16670 74.33330 73.86670 78.90000 77.66670 68.33330 68.26670 69.43330 71.03330 57.16670 62.73330 70.23330 70.66670 74.43330 75.96670 79.66670 78.80000
-9999 -9999 -9999 -9999 -9999 -9999 -9999 -9999 -9999 -9999 -9999 -9999 -9999 78.86670 88.53330 104.56700 116.76700 155.63300 150.76700 144.66701 143.56700 166.36700 144.73300 122.16700 121.16700 108.70000 107.53300 109.63300 102.16700 90.96670 94.50000 87.40000 83.86670 84.86670 89.06670 82.06670 82.16670 74.06670 91.46670 99.50000 90.26670 96.40000 92.73330 94.66670 82.30000 80.26670 80.43330 82.90000 91.03330 77.53330 73.10000 76.03330 75.00000 73.16670 73.16670 81.76670 74.96670 75.16670 79.13330 74.53330 73.23330 77.23330 77.73330 75.33330 77.46670 79.76670 78.73330 79.80000 80.13330 87.06670 79.93330
-9999 -9999 -9999 -9999 -9999 -9999 -9999 -9999 -9999 -9999 -9999 -9999 79.90000 89.53330 93.86670 114.96700 122.43300 141.53300 161.86700 121.06700 148.43300 146.56700 129.46700 119.23300 119.03300 110.10000 115.26700 108.16700 107.20000 90.70000 87.60000 82.56670 83.00000 85.36670 85.73330 83.83330 81.70000 79.43330 102.40000 89.66670 93.40000 97.03330 100.33300 102.46700 95.00000 79.03330 81.20000 81.33330 87.46670 88.90000 82.50000 77.23330 75.93330 75.26670 74.90000 72.83330 91.36670 83.16670 81.83330 74.93330 74.80000 82.76670 83.70000 75.63330 78.26670 80.23330 79.66670 81.43330 87.46670 84.60000 80.30000
-9999 -9999 -9999 -9999 -9999 -9999 -9999 -9999 -9999 -9999 -9999 122.60000 134.93300 154.33299 132.93300 109.10000 96.86670 117.33300 113.93300 144.63300 153.10001 125.63300 124.70000 134.16701 133.30000 136.13300 132.39999 115.76700 112.86700 100.50000 100.40000 95.83330 96.36670 89.26670 88.80000 84.00000 95.50000 114.03300 114.83300 97.10000 102.43300 100.60000 94.96670 103.16700 96.93330 108.76700 99.76670 89.23330 87.86670 83.66670 89.10000 80.33330 76.26670 81.03330 80.53330 73.80000 79.70000 86.93330 79.93330 76.40000 79.00000 77.20000 77.76670 80.70000 81.20000 84.23330 83.96670 85.46670 87.83330 80.40000 79.66670
-9999 -9999 -9999 -9999 -9999 -9999 -9999 -9999 -9999 -9999 142.93300 133.43300 127.86700 148.30000 126.26700 115.90000 106.10000 107.16700 104.33300 163.93300 153.76700 127.76700 126.80000 125.60000 140.43300 123.73300 128.50000 107.13300 109.70000 115.20000 103.66700 97.60000 91.70000 88.33330 83.93330 85.93330 116.60000 96.33330 89.60000 98.50000 109.56700 101.90000 101.16700 106.23300 110.90000 108.63300 105.16700 95.56670 90.96670 81.13330 84.36670 83.26670 92.36670 88.83330 87.10000 82.03330 93.23330 91.10000 77.73330 79.20000 79.16670 78.53330 79.03330 82.00000 81.66670 81.06670 81.46670 88.03330 85.90000 79.60000 80.03330
-9999 -9999 -9999 -9999 -9999 -9999 -9999 -9999 -9999 125.20000 129.89999 131.86700 137.26700 141.60001 138.80000 135.20000 136.83299 129.41400 136.93100 130.10001 115.96700 119.10000 126.66700 130.10001 121.16700 102.36700 102.36700 125.33300 129.39999 140.83299 129.66701 108.06700 103.80000 113.13300 112.90000 98.93330 99.10000 103.36700 103.10000 101.60000 106.50000 107.60000 109.03300 119.69000 113.82800 107.16700 99.20000 100.40000 113.30000 91.20000 94.33330 102.56700 105.06700 98.20000 99.36670 93.50000 87.33330 83.43330 83.30000 81.50000 80.06670 78.96670 79.36670 78.36670 80.13330 84.60000 90.70000 94.30000 83.23330 80.13330 81.66670
-9999 -9999 -9999 -9999 -9999 -9999 -9999 -9999 -9999 -9999 130.06700 150.86700 143.56700 121.00000 111.46700 133.86700 138.33299 146.69000 142.41400 116.66700 113.63300 123.53300 116.90000 -9999 -9999 -9999 -9999 -9999 -9999 145.03300 133.50000 113.36700 122.00000 114.23300 116.43300 103.43300 108.50000 103.60000 119.33300 103.46700 105.16700 113.40000 113.73300 119.44800 116.17200 101.53300 102.46700 117.33300 102.70000 93.13330 93.26670 110.56700 100.96700 97.70000 99.30000 89.70000 87.46670 84.03330 83.23330 82.93330 82.60000 79.96670 79.96670 78.63330 82.43330 90.26670 88.73330 86.06670 74.00000 79.76670 80.43330
-9999 -9999 -9999 -9999 -9999 -9999 -9999 -9999 -9999 -9999 -9999 -9999 129.36700 138.16701 136.10001 116.10000 113.66700 120.66700 115.93300 -9999 -9999 -9999 -9999 -9999 -9999 -9999 -9999 -9999 -9999 -9999 -9999 -9999 -9999 113.03300 113.73300 125.63300 119.73300 128.46700 128.46700 114.50000 116.80000 111.53300 112.93300 117.36700 113.83300 104.83300 104.73300 100.13300 102.26700 104.73300 103.90000 101.63300 104.96700 96.20000 88.03330 84.96670 84.23330 84.23330 85.23330 86.80000 86.46670 85.06670 84.56670 83.50000 86.26670 86.23330 84.16670 81.30000 80.26670 84.70000 87.40000
-9999 -9999 -9999 -9999 -9999 -9999 -9999 -9999 -9999 -9999 -9999 -9999 -9999 -9999 -9999 -9999 -9999 -9999 -9999 -9999 -9999 -9999 -9999 -9999 -9999 -9999 -9999 -9999 -9999 -9999 -9999 -9999 -9999 -9999 133.70000 121.86700 120.06700 147.73300 136.13300 116.23300 125.40000 120.66700 115.40000 130.66701 110.66700 117.96700 109.70000 98.60000 106.60000 103.80000 97.80000 104.66700 95.93330 92.03330 88.46670 88.53330 87.20000 85.10000 85.56670 88.10000 88.40000 85.13330 87.36670 88.40000 95.50000 87.10000 84.53330 82.26670 80.93330 84.66670 98.70000
-9999 -9999 -9999 -9999 -9999 -9999 -9999 -9999 -9999 -9999 -9999 -9999 -9999 -9999 -9999 -9999 -9999 -9999 -9999 -9999 -9999 -9999 -9999 -9999 -9999 -9999 -9999 -9999 -9999 -9999 -9999 -9999 -9999 -9999 157.16701 149.96700 148.46700 137.83299 122.44800 128.63300 141.76700 133.56700 132.86700 134.76700 117.43300 119.60000 118.46700 119.46700 113.30000 104.56700 100.40000 91.80000 85.16670 111.96700 112.23300 99.30000 93.46670 92.26670 89.36670 89.16670 89.10000 87.03330 88.90000 86.03330 86.23330 85.56670 85.46670 84.83330 83.16670 90.33330 -9999
-9999 -9999 -9999 -9999 -9999 -9999 -9999 -9999 -9999 -9999 -9999 -9999 -9999 -9999 -9999 -9999 -9999 -9999 -9999 -9999 -9999 -9999 -9999 -9999 -9999 -9999 -9999 -9999 -9999 -9999 -9999 -9999 -9999 -9999 -9999 -9999 -9999 -9999 130.48300 137.80000 139.39999 130.86700 135.20000 124.96600 120.93300 122.66700 118.83300 119.46700 114.53300 112.53300 103.40000 95.80000 91.13330 101.03300 106.06700 94.50000 94.76670 95.26670 90.03330 91.60000 91.30000 96.93330 97.40000 90.53330 85.43330 88.26670 90.10000 87.93330 97.73330 -9999 -9999
