data/hydroclimate-scenarios/BCSD_hadcm_B1/swe_stats/jd_90pc_melt.2070-2099.asc
ncols	311
nrows	91
xllcenter	102.75
yllcenter	31.75
cellsize	0.5
NODATA_value	-9999
[rows 31 to 61 of 91, columns 0 to 69 of 311]
-9999 -9999 -9999 -9999 -9999 -9999 -9999 -9999 -9999 -9999 -9999 247.33299 239.66701 250.76700 250.16701 253.46700 256.29999 257.29999 260.93301 258.79999 258.16699 246.96700 246.73300 256.73300 254.76700 251.26700 253.76700 251.20000 247.73300 245.23300 243.96700 247.96700 235.66701 233.39999 245.60001 243.13300 248.80000 231.26700 233.13300 239.00000 236.50000 237.56700 248.93300 249.03300 247.83299 246.53300 245.46700 247.30000 246.60001 243.03300 244.03300 247.16701 247.60001 246.89999 238.20000 231.53300 232.23300 231.06700 231.03300 240.53300 241.50000 234.93300 237.16701 239.53300 239.83299 241.50000 242.43300 244.13300 251.33299 258.20001
-9999 -9999 -9999 -9999 -9999 -9999 -9999 -9999 -9999 -9999 -9999 253.03300 252.93300 251.39999 254.00000 258.83301 257.63300 257.46701 261.43301 259.36700 261.10001 256.73300 255.76700 254.70000 254.56700 254.66701 252.63300 252.30000 252.36700 249.73300 248.80000 248.53300 250.06700 248.76700 247.39999 243.93300 228.36700 230.30000 232.23300 245.83299 245.86700 246.56700 240.43300 240.76700 248.93300 246.46700 243.80000 246.73300 244.36700 246.36700 244.83299 244.26700 244.76700 237.80000 237.89999 234.76700 233.39999 235.53300 240.26700 241.60001 241.23300 242.60001 241.63300 242.30000 241.83299 240.39999 241.60001 241.00000 250.36700 256.89999
-9999 -9999 -9999 -9999 -9999 -9999 -9999 -9999 -9999 -9999 -9999 255.33299 255.93300 253.86700 255.00000 257.36700 257.76700 258.63300 258.16699 257.63300 258.70001 256.33301 254.39999 253.30000 255.36700 252.46700 253.33299 253.56700 250.89999 248.16701 241.80000 249.53300 249.96700 249.26700 249.76700 244.93300 247.36700 246.93300 250.70000 254.73300 252.70000 253.53300 250.46700 252.33299 254.70000 252.13300 251.46700 250.80000 249.56700 248.83299 248.36700 246.06700 245.33299 243.30000 241.86700 240.93300 242.30000 242.50000 241.06700 243.46700 240.93300 244.10001 242.56700 241.06700 247.23300 242.93300 243.26700 245.36700 249.70000 256.36700
-9999 -9999 -9999 -9999 -9999 -9999 -9999 -9999 -9999 -9999 -9999 -9999 254.63300 254.53300 253.80000 254.66701 255.66701 254.80000 253.56700 238.66701 255.43300 254.63300 256.73300 258.66699 257.96701 261.20001 257.76700 255.16701 248.70000 245.70000 248.06700 247.16701 247.36700 248.33299 247.86700 247.43300 250.66701 251.33299 250.80000 252.66701 250.83299 253.93300 253.80000 249.43300 247.23300 252.53300 251.13300 251.23300 250.23300 247.33299 247.00000 248.00000 247.46700 243.96700 244.06700 244.20000 243.30000 242.96700 243.06700 241.83299 241.20000 242.36700 243.43300 241.06700 242.06700 243.03300 243.50000 246.56700 256.20001 260.53299
-9999 -9999 -9999 -9999 -9999 -9999 -9999 -9999 -9999 -9999 -9999 -9999 252.73300 252.76700 253.70000 253.30000 253.23300 253.33299 252.20000 242.66701 250.80000 259.66699 260.89999 260.06699 260.43301 254.73300 250.33299 255.13300 250.20000 243.16701 250.56700 249.70000 245.50000 245.53300 247.06700 247.73300 249.16701 249.33299 248.70000 252.89999 251.10001 256.53299 255.50000 253.46700 253.13300 255.26700 254.56700 252.43300 250.76700 248.89999 247.93300 247.96700 247.46700 243.56700 242.43300 242.30000 241.20000 240.96700 243.96700 247.16701 244.80000 248.16701 248.70000 250.36700 247.56700 240.73300 243.60001 248.03300 253.76700 254.26700
-9999 -9999 -9999 -9999 -9999 -9999 -9999 -9999 -9999 -9999 -9999 -9999 252.50000 250.53300 249.63300 251.86700 251.86700 251.23300 247.70000 253.76700 259.06699 259.89999 258.36700 257.56699 254.36700 253.73300 251.10001 246.00000 245.16701 244.53300 247.06700 244.86700 247.66701 248.20000 246.00000 245.63300 246.43300 249.13300 248.60001 251.06700 255.06700 257.16699 254.63300 256.56699 256.96701 259.00000 258.33301 258.79999 257.39999 250.93300 250.30000 249.46700 247.56700 244.70000 242.83299 241.70000 242.13300 245.93300 247.93300 250.56700 248.73300 250.30000 246.36700 241.86700 244.16701 245.46700 246.33299 249.06700 255.03300 254.70000
-9999 -9999 -9999 251.06700 251.50000 251.23300 250.63300 251.20000 251.76700 -9999 252.16701 252.16701 250.70000 249.20000 249.50000 250.20000 251.20000 248.43300 253.86700 257.06699 257.10001 254.60001 252.30000 249.63300 249.33299 246.70000 245.10001 247.83299 248.26700 247.36700 247.39999 242.86700 235.73300 242.66701 236.13300 241.23300 240.06700 244.89999 245.60001 250.53300 252.20000 254.63300 250.03300 251.86700 254.70000 256.03299 259.86700 256.23300 255.43300 252.50000 251.93300 252.20000 254.46700 254.13300 250.63300 252.76700 252.30000 245.00000 247.26700 244.70000 244.33299 248.89999 246.56700 245.86700 244.86700 245.30000 247.70000 251.93300 252.36700 254.93300
-9999 -9999 -9999 248.20000 247.89999 248.39999 249.66701 249.36700 249.56700 249.39999 249.00000 247.89999 249.16701 249.16701 252.83299 253.60001 254.23300 253.86700 252.66701 250.36700 249.73300 252.46700 249.73300 248.43300 250.60001 247.30000 247.33299 243.89999 245.00000 245.53300 241.36700 240.06700 240.70000 239.06700 238.93300 241.50000 240.56700 248.30000 242.50000 251.80000 249.93300 247.93300 245.39999 250.86700 256.56699 259.16699 259.23300 253.46700 257.43301 257.26700 256.16699 254.26700 256.56699 255.23300 250.53300 250.00000 246.83299 246.93300 250.06700 249.80000 248.20000 250.13300 250.86700 246.89999 247.73300 246.33299 247.86700 244.80000 249.70000 256.06699
-9999 -9999 -9999 242.53300 243.53300 246.06700 248.16701 247.70000 246.06700 245.53300 246.93300 247.23300 250.50000 252.13300 249.06700 241.89999 255.06700 252.66701 245.83299 246.39999 249.13300 251.30000 247.89999 250.53300 251.39999 249.93300 248.60001 245.46700 245.43300 248.03300 253.80000 251.36700 244.76700 238.60001 241.63300 245.00000 242.96700 242.56700 241.70000 245.33299 247.50000 247.26700 246.10001 244.39999 249.63300 254.70000 255.43300 256.53299 256.66699 258.03299 258.76700 252.56700 252.33299 251.13300 248.60001 246.66701 246.36700 246.60001 248.63300 249.20000 247.10001 247.63300 245.66701 247.66701 247.30000 248.50000 249.33299 252.39999 261.89999 268.63300
-9999 -9999 -9999 240.50000 236.43300 244.43300 245.93300 247.33299 246.23300 246.16701 244.83299 243.39999 245.43300 247.13300 245.80000 243.00000 246.36700 248.73300 251.23300 248.56700 245.76700 250.83299 252.86700 251.73300 249.96700 251.43300 244.13300 236.86700 242.56700 253.16701 252.80000 238.93300 244.96700 248.53300 249.43300 245.00000 233.23300 230.20000 232.33299 238.36700 242.46700 248.06700 251.30000 247.39999 245.16701 248.66701 251.63300 250.80000 255.60001 253.00000 255.63300 252.86700 252.13300 256.26700 252.70000 248.80000 248.30000 248.53300 250.06700 254.03300 257.70001 251.93300 250.06700 248.36700 248.56700 250.03300 252.93300 259.70001 271.03299 276.33301
-9999 -9999 -9999 234.89999 232.63300 242.26700 243.76700 244.83299 246.80000 245.06700 240.16701 247.10001 244.06700 246.13300 249.80000 249.33299 250.00000 250.13300 249.60001 243.76700 244.73300 244.83299 250.13300 249.03300 245.56700 245.89999 241.56700 230.56700 239.23300 244.89999 246.13300 244.53300 247.06700 243.46700 240.03300 238.86700 238.86700 228.56700 227.93300 233.73300 240.16701 243.13300 247.50000 247.66701 242.93300 244.96700 245.60001 248.86700 250.00000 249.96700 250.10001 245.16701 247.86700 254.86700 248.46700 253.93300 245.66701 243.89999 247.03300 257.03299 255.39999 254.50000 253.66701 254.83299 255.89999 252.80000 256.20001 267.26700 273.26700 274.86700
-9999 -9999 -9999 -9999 238.83299 243.13300 243.66701 247.26700 247.36700 244.10001 238.46700 244.96700 247.53300 250.00000 -9999 -9999 -9999 -9999 -9999 251.00000 245.10001 242.20000 244.89999 251.43300 247.93300 240.33299 234.36700 230.76700 243.03300 234.50000 236.06700 237.60001 237.93300 232.20000 223.96700 222.23300 223.60001 223.73300 223.96700 226.66701 227.80000 231.83299 233.80000 237.10001 238.13300 236.96700 239.70000 242.76700 241.10001 238.60001 241.63300 245.83299 243.06700 248.23300 250.80000 252.76700 254.76700 255.56700 255.56700 252.26700 255.33299 257.83301 258.43301 255.93300 257.60001 260.00000 259.70001 259.06699 253.89999 -9999
-9999 -9999 231.86700 236.06700 237.86700 239.39999 240.89999 247.53300 242.93300 241.03300 236.73300 243.86700 250.06700 -9999 -9999 -9999 -9999 -9999 253.66701 241.60001 243.46700 233.26700 233.56700 244.33299 245.96700 238.46700 226.70000 218.46700 220.89999 227.93300 228.63300 228.50000 226.93300 223.66701 221.33299 216.53300 218.60001 222.16701 223.13300 224.03300 227.23300 226.86700 228.06700 229.60001 228.43300 229.30000 232.33299 234.00000 232.00000 228.10001 229.16701 235.80000 236.70000 239.96700 244.50000 239.36700 243.76700 251.13300 251.96700 247.00000 249.20000 250.96700 251.13300 251.43300 251.00000 252.36700 252.33299 -9999 -9999 -9999
-9999 -9999 232.20000 232.96700 232.56700 234.10001 234.26700 241.30000 237.76700 234.96700 240.06700 245.63300 250.26700 -9999 -9999 -9999 -9999 247.26700 240.60001 232.50000 233.53300 230.46700 232.50000 231.50000 224.53300 216.30000 215.83299 222.60001 219.06700 211.06700 220.39999 227.53300 216.70000 214.73300 215.46700 221.39999 221.36700 219.26700 224.39999 226.66701 218.86700 224.39999 224.83299 223.23300 226.20000 227.00000 228.33299 228.03300 222.06700 225.23300 221.93300 225.56700 226.93300 228.60001 229.86700 226.06700 228.96700 241.50000 246.96700 245.43300 242.20000 248.16701 244.93300 241.93300 240.03300 -9999 -9999 -9999 -9999 -9999
-9999 -9999 230.39999 235.89999 234.73300 234.60001 232.86700 233.10001 235.13300 237.06700 244.23300 247.39999 221.13300 -9999 -9999 -9999 -9999 250.63300 233.89999 229.50000 229.33299 225.70000 218.16701 219.23300 219.00000 213.10001 226.46700 220.33299 219.43300 218.10001 223.66701 219.93300 221.00000 220.63300 216.46700 217.16701 216.83299 214.89999 223.20000 217.73300 213.23300 218.13300 215.46700 221.60001 219.46700 227.06700 232.89999 228.39999 224.53300 229.76700 225.50000 224.26700 225.80000 227.46700 227.46700 222.36700 224.50000 232.70000 234.73300 236.76700 229.73300 230.06700 231.06700 239.03300 249.00000 252.80000 243.76700 250.43300 254.83299 -9999
-9999 -9999 -9999 232.30000 231.83299 228.76700 226.16701 225.10001 234.66701 241.26700 242.66701 221.50000 -9999 -9999 -9999 -9999 245.36700 235.16701 226.50000 224.86700 220.76700 216.53300 221.63300 214.93300 212.23300 220.56700 221.86700 213.80000 210.39999 224.83299 223.93300 214.96700 210.76700 217.20000 210.83299 209.23300 209.00000 210.36700 215.46700 210.43300 210.70000 208.83299 202.06700 202.13300 208.20000 211.46700 210.36700 215.26700 216.60001 219.46700 223.06700 227.89999 226.70000 223.23300 230.46700 237.76700 234.60001 244.26700 244.96700 238.89999 232.76700 232.30000 240.89999 256.23300 266.00000 248.26700 238.23300 243.00000 245.33299 250.86700
-9999 -9999 -9999 -9999 228.60001 222.00000 221.50000 232.50000 239.53300 233.50000 220.56700 -9999 -9999 -9999 -9999 247.46700 232.60001 223.20000 222.30000 224.66701 219.76700 213.56700 214.76700 219.56700 214.83299 217.10001 217.33299 215.56700 211.63300 212.53300 221.26700 209.13300 208.20000 208.96700 208.70000 206.73300 211.53300 219.03300 219.26700 213.66701 214.93300 210.73300 208.93300 206.43300 198.63300 203.10001 207.93300 212.50000 212.83299 217.53300 216.33299 215.13300 218.30000 218.30000 217.03300 220.03300 218.53300 232.03300 233.46700 229.10001 235.23300 242.46700 243.13300 243.33299 249.03300 246.53300 235.26700 232.89999 243.89999 244.80000
-9999 -9999 -9999 -9999 -9999 -9999 228.83299 231.16701 214.06700 220.93300 226.33299 -9999 -9999 -9999 -9999 -9999 223.30000 221.50000 219.30000 220.33299 219.36700 204.33299 212.73300 215.26700 217.50000 213.39999 211.10001 213.80000 210.70000 208.76700 205.76700 204.06700 203.30000 204.10001 207.23300 203.60001 213.10001 222.03300 219.80000 215.10001 214.33299 217.70000 221.56700 215.26700 205.56700 201.76700 205.16701 218.03300 213.36700 217.53300 213.73300 213.39999 214.46700 210.96700 212.23300 213.89999 214.96700 224.06700 227.56700 230.13300 237.20000 239.66701 243.73300 245.80000 253.70000 247.03300 234.96700 227.39999 229.33299 229.53300
-9999 -9999 -9999 -9999 -9999 -9999 -9999 -9999 -9999 -9999 -9999 -9999 -9999 -9999 -9999 -9999 -9999 -9999 -9999 218.26700 216.46700 208.30000 213.46700 210.89999 212.96700 211.96700 213.30000 207.26700 208.03300 211.56700 210.73300 203.26700 207.23300 202.26700 205.00000 205.86700 202.39999 204.20000 205.66701 210.56700 211.70000 208.33299 209.50000 205.16701 204.43300 204.30000 204.60001 207.63300 216.39999 213.03300 213.50000 211.46700 210.83299 208.43300 207.83299 210.26700 210.93300 218.80000 222.83299 226.26700 237.23300 235.66701 239.60001 246.36700 252.36700 238.39999 225.23300 221.73300 223.00000 239.80000
-9999 -9999 -9999 -9999 -9999 -9999 -9999 -9999 -9999 -9999 -9999 -9999 -9999 -9999 -9999 -9999 -9999 -9999 221.36700 224.20000 214.33299 210.39999 211.50000 213.00000 212.66701 208.96700 205.66701 209.26700 210.26700 214.20000 214.16701 212.16701 209.53300 205.56700 203.33299 205.83299 202.16701 203.89999 211.36700 208.06700 215.23300 212.96700 210.39999 212.30000 205.89999 205.93300 203.86700 210.46700 205.46700 208.06700 211.33299 210.13300 210.39999 212.03300 210.36700 207.00000 209.93300 223.33299 227.53300 226.80000 226.00000 227.03300 232.73300 234.66701 237.76700 230.83299 228.53300 220.89999 222.93300 227.36700
-9999 -9999 -9999 -9999 -9999 -9999 -9999 -9999 -9999 -9999 -9999 -9999 -9999 -9999 -9999 -9999 -9999 221.86700 221.53300 215.46700 214.73300 213.50000 208.36700 207.73300 206.86700 203.56700 203.83299 207.26700 209.33299 213.96700 214.83299 213.13300 211.06700 207.03300 206.60001 204.03300 203.33299 211.93300 208.39999 214.86700 218.36700 217.10001 211.26700 207.83299 206.83299 206.36700 208.13300 205.96700 203.33299 207.66701 206.96700 209.93300 212.60001 212.06700 210.10001 207.76700 215.10001 224.53300 224.76700 222.93300 216.23300 223.50000 238.56700 240.70000 228.70000 229.00000 228.30000 221.33299 220.76700 229.23300
-9999 -9999 -9999 -9999 -9999 -9999 -9999 -9999 -9999 -9999 -9999 -9999 -9999 -9999 -9999 -9999 -9999 220.16701 217.50000 222.76700 217.89999 220.10001 214.33299 208.06700 203.36700 206.86700 206.86700 204.23300 207.43300 218.16701 218.60001 213.00000 212.56700 207.30000 207.93300 209.73300 201.20000 213.00000 220.63300 214.89999 213.39999 213.26700 209.89999 204.39999 205.83299 204.50000 205.00000 209.86700 206.83299 205.53300 207.89999 210.23300 210.93300 214.96700 213.16701 212.39999 224.86700 226.53300 223.00000 218.66701 222.16701 232.39999 229.60001 236.00000 245.06700 234.20000 225.80000 234.86700 223.23300 229.06700
-9999 -9999 -9999 -9999 -9999 -9999 -9999 -9999 -9999 -9999 -9999 -9999 -9999 -9999 -9999 -9999 226.96700 223.30000 224.50000 225.70000 216.03300 210.20000 212.33299 203.76700 198.60001 203.36700 202.70000 197.73300 199.89999 209.46700 212.26700 208.56700 210.13300 204.93300 205.16701 207.66701 211.93300 211.70000 215.33299 209.80000 208.96700 212.83299 213.26700 205.80000 202.89999 203.83299 205.80000 211.06700 207.86700 206.43300 207.03300 209.23300 210.60001 213.43300 213.53300 211.03300 219.39999 221.33299 221.56700 221.39999 219.93300 228.13300 232.89999 246.06700 238.60001 234.10001 228.43300 226.50000 219.16701 220.20000
-9999 -9999 -9999 -9999 -9999 -9999 -9999 -9999 -9999 -9999 -9999 -9999 -9999 226.63300 227.13300 222.30000 224.60001 229.20000 224.76700 211.73300 205.39999 209.70000 206.46700 207.06700 206.43300 193.53300 198.63300 198.80000 199.43300 199.83299 199.96700 202.03300 204.93300 207.76700 208.80000 211.50000 211.83299 207.60001 215.53300 211.30000 209.30000 208.89999 208.60001 197.63300 199.13300 205.76700 205.20000 206.93300 203.20000 203.89999 205.26700 211.06700 211.83299 212.53300 213.30000 205.43300 217.66701 217.89999 216.70000 217.80000 220.80000 223.83299 224.80000 230.33299 226.33299 213.63300 215.06700 218.66701 220.26700 221.03300
-9999 -9999 -9999 -9999 -9999 -9999 -9999 -9999 -9999 -9999 -9999 -9999 219.39999 223.76700 226.46700 223.43300 223.16701 222.03300 220.93300 198.10001 207.76700 205.43300 202.73300 206.66701 205.56700 193.36700 195.50000 198.73300 200.63300 199.13300 199.33299 200.73300 201.73300 206.93300 207.10001 208.00000 207.43300 203.13300 210.86700 204.23300 206.50000 204.73300 200.96700 192.86700 196.03300 203.36700 203.00000 203.20000 205.00000 205.96700 202.89999 210.10001 209.43300 209.80000 211.10001 206.56700 200.70000 216.13300 217.16701 223.63300 221.26700 220.53300 218.60001 222.93300 218.03300 213.13300 214.03300 218.00000 218.00000 225.00000
-9999 -9999 -9999 -9999 -9999 -9999 -9999 -9999 -9999 -9999 -9999 233.83299 228.33299 230.26700 223.76700 214.86700 213.63300 217.76700 216.26700 215.73300 206.60001 195.66701 195.13300 204.83299 204.89999 201.23300 203.66701 194.66701 196.93300 193.73300 196.46700 199.56700 201.23300 205.76700 206.70000 209.56700 214.46700 216.86700 214.33299 204.76700 199.43300 197.43300 196.00000 192.20000 195.50000 201.46700 202.16701 201.10001 201.13300 198.36700 203.20000 217.66701 212.20000 215.10001 215.30000 202.16701 202.23300 205.70000 204.43300 205.70000 207.50000 209.80000 213.73300 213.03300 214.30000 212.70000 214.03300 215.36700 217.89999 238.70000
-9999 -9999 -9999 -9999 -9999 -9999 -9999 -9999 -9999 -9999 225.39999 230.43300 221.89999 227.93300 217.23300 208.03300 206.56700 214.89999 217.10001 208.56700 201.76700 191.23300 192.60001 196.33299 202.63300 199.93300 203.23300 192.30000 192.50000 193.53300 193.96700 198.56700 200.16701 203.39999 209.26700 211.36700 212.63300 219.00000 212.83299 201.76700 195.80000 193.13300 191.53300 191.23300 191.03300 197.06700 199.46700 197.00000 199.70000 197.20000 205.33299 216.30000 212.03300 211.76700 211.43300 199.73300 196.20000 198.80000 200.73300 203.73300 204.66701 208.56700 212.13300 211.43300 213.03300 211.00000 211.10001 214.06700 232.63300 246.86700
-9999 -9999 -9999 -9999 -9999 -9999 -9999 -9999 -9999 210.76700 210.86700 213.16701 214.60001 219.56700 212.10001 206.76700 203.39999 210.26700 200.70000 198.26700 197.39999 192.96700 193.83299 190.13300 192.13300 193.93300 193.16701 196.20000 196.30000 199.30000 199.00000 198.76700 200.50000 205.33299 212.89999 214.16701 219.56700 213.23300 208.96700 196.70000 189.26700 187.60001 181.56700 185.26700 187.30000 193.60001 193.83299 195.53300 198.23300 199.03300 197.60001 202.70000 207.10001 213.00000 209.53300 197.30000 199.96700 198.23300 198.76700 198.63300 201.23300 202.93300 205.53300 208.06700 208.23300 209.70000 203.43300 205.60001 242.13300 251.80000
-9999 -9999 -9999 -9999 -9999 -9999 -9999 -9999 -9999 -9999 200.20000 207.70000 208.43300 196.86700 194.36700 200.30000 200.89999 201.80000 199.50000 199.03300 204.60001 193.13300 194.66701 -9999 -9999 -9999 -9999 -9999 -9999 200.20000 200.50000 197.96700 201.06700 204.70000 212.53300 213.10001 218.36700 208.16701 201.50000 193.80000 182.20000 180.93300 180.70000 182.96700 186.60001 191.63300 194.63300 194.66701 195.33299 196.36700 196.20000 197.43300 201.66701 215.70000 214.10001 201.20000 196.03300 196.76700 196.43300 197.73300 199.13300 202.39999 204.00000 208.16701 211.83299 208.73300 218.50000 233.63300 257.70001 256.03299
-9999 -9999 -9999 -9999 -9999 -9999 -9999 -9999 -9999 -9999 -9999 -9999 202.53300 191.73300 194.10001 182.80000 182.60001 184.13300 185.89999 -9999 -9999 -9999 -9999 -9999 -9999 -9999 -9999 -9999 -9999 -9999 -9999 -9999 -9999 209.03300 216.56700 208.86700 207.89999 201.53300 197.36700 188.43300 186.33299 180.60001 179.06700 177.23300 177.76700 188.50000 189.96700 194.46700 194.20000 195.33299 197.23300 207.06700 208.56700 209.76700 208.70000 195.89999 195.83299 193.39999 193.86700 198.53300 199.60001 201.53300 202.93300 206.63300 213.06700 218.86700 227.50000 239.06700 253.36700 244.03300
-9999 -9999 -9999 -9999 -9999 -9999 -9999 -9999 -9999 -9999 -9999 -9999 -9999 -9999 -9999 -9999 -9999 -9999 -9999 -9999 -9999 -9999 -9999 -9999 -9999 -9999 -9999 -9999 -9999 -9999 -9999 -9999 -9999 -9999 211.23300 208.00000 199.16701 199.70000 196.46700 182.63300 187.16701 177.73300 177.46700 179.73300 180.20000 186.93300 190.20000 192.26700 195.70000 195.16701 196.73300 207.13300 209.93300 207.63300 206.56700 193.76700 194.60001 194.93300 194.76700 199.06700 200.36700 201.86700 203.16701 206.33299 211.96700 220.10001 231.20000 238.56700 251.50000 244.46700
