data/hydroclimate-scenarios/BCSD_hadcm_B1/swe_stats/jd_90pc_melt.2030-2059.asc
ncols	311
nrows	91
xllcenter	102.75
yllcenter	31.75
cellsize	0.5
NODATA_value	-9999
[rows 31 to 61 of 91, columns 0 to 69 of 311]
-9999 -9999 -9999 -9999 -9999 -9999 -9999 -9999 -9999 -9999 -9999 251.60001 242.80000 254.63300 254.03300 254.36700 257.39999 259.39999 264.26700 262.76700 261.76700 249.16701 247.86700 259.50000 257.53299 252.66701 255.89999 252.93300 249.16701 246.46700 245.20000 248.80000 237.96700 233.53300 245.89999 243.46700 248.80000 233.80000 236.20000 240.06700 238.50000 238.86700 250.39999 251.03300 250.20000 247.36700 246.43300 245.86700 244.60001 243.43300 242.93300 247.43300 248.10001 247.86700 238.43300 231.33299 232.03300 232.80000 232.60001 240.83299 241.33299 235.53300 239.13300 240.80000 241.13300 240.66701 241.93300 242.93300 253.13300 260.79999
-9999 -9999 -9999 -9999 -9999 -9999 -9999 -9999 -9999 -9999 -9999 257.60001 257.53299 255.53300 258.73300 263.43301 262.00000 261.20001 265.20001 263.03299 264.86700 259.76700 258.29999 257.23300 256.93301 257.13300 255.20000 254.33299 254.03300 251.30000 250.36700 249.46700 250.89999 249.30000 247.86700 244.39999 229.10001 231.13300 233.33299 247.76700 246.63300 247.33299 240.26700 240.63300 250.60001 247.83299 245.06700 247.03300 242.46700 245.60001 243.93300 243.93300 244.36700 236.50000 236.86700 234.56700 233.93300 235.10001 239.13300 240.30000 239.53300 241.06700 239.86700 241.39999 240.80000 239.53300 241.03300 242.13300 252.60001 259.13300
-9999 -9999 -9999 -9999 -9999 -9999 -9999 -9999 -9999 -9999 -9999 260.39999 261.06699 258.63300 259.93301 262.20001 262.60001 262.70001 262.10001 261.43301 262.36700 259.33301 257.36700 256.13300 257.83301 255.46700 256.43301 255.73300 252.76700 249.83299 244.66701 250.39999 250.76700 249.63300 249.80000 246.00000 248.03300 247.53300 251.66701 256.46701 254.53300 256.03299 252.30000 252.96700 255.56700 252.20000 251.46700 251.70000 250.06700 248.16701 247.93300 245.50000 244.86700 243.39999 241.60001 239.70000 240.93300 242.60001 239.76700 242.10001 239.16701 242.60001 239.93300 240.20000 247.83299 242.23300 243.03300 247.50000 252.36700 258.13300
-9999 -9999 -9999 -9999 -9999 -9999 -9999 -9999 -9999 -9999 -9999 -9999 258.79999 258.73300 258.16699 258.89999 260.00000 259.00000 257.73300 243.39999 259.26700 257.66699 260.06699 262.66699 262.06699 265.33301 261.63300 259.20001 251.00000 247.80000 249.80000 247.96700 248.06700 249.00000 248.60001 248.46700 251.43300 252.36700 252.06700 254.03300 251.76700 255.39999 254.76700 249.50000 247.00000 252.00000 250.60001 249.76700 248.73300 247.93300 247.63300 248.50000 247.56700 241.66701 241.36700 243.03300 242.53300 242.89999 242.73300 241.23300 240.86700 239.46700 240.13300 239.56700 240.06700 241.36700 243.93300 247.50000 258.00000 263.46701
-9999 -9999 -9999 -9999 -9999 -9999 -9999 -9999 -9999 -9999 -9999 -9999 256.23300 256.83301 257.66699 257.56699 257.23300 257.16699 256.33301 247.53300 254.86700 263.83301 265.13300 264.16699 263.66699 256.73300 252.80000 258.73300 252.23300 247.66701 252.86700 250.33299 246.39999 246.20000 247.83299 248.73300 250.33299 250.76700 250.20000 254.30000 252.56700 258.56699 257.46701 254.26700 253.83299 255.26700 254.33299 252.03300 249.13300 250.36700 249.26700 247.96700 247.33299 241.26700 240.33299 241.73300 240.83299 241.80000 244.16701 248.03300 244.50000 247.76700 247.76700 251.30000 247.66701 239.93300 243.30000 249.73300 254.39999 259.10001
-9999 -9999 -9999 -9999 -9999 -9999 -9999 -9999 -9999 -9999 -9999 -9999 256.03299 253.93300 253.13300 255.86700 256.06699 256.13300 252.13300 258.00000 264.10001 264.39999 262.50000 261.89999 258.50000 256.60001 253.39999 248.16701 246.56700 245.86700 248.53300 245.39999 247.96700 248.83299 246.60001 247.39999 248.23300 250.80000 250.16701 252.89999 257.16699 259.29999 255.73300 257.89999 258.56699 260.33301 259.33301 260.00000 258.13300 251.86700 251.00000 249.89999 247.76700 244.93300 242.60001 241.80000 242.60001 246.50000 249.16701 251.13300 248.83299 250.03300 245.53300 242.43300 245.30000 248.30000 250.10001 251.33299 258.36700 258.56699
-9999 -9999 -9999 254.33299 254.76700 254.89999 254.06700 254.80000 255.53300 -9999 255.66701 255.33299 253.96700 252.63300 252.70000 254.13300 255.06700 253.00000 259.13300 261.96701 261.76700 258.13300 255.46700 254.30000 254.06700 250.56700 248.36700 250.36700 250.73300 248.53300 248.56700 244.26700 233.96700 241.96700 235.86700 243.76700 243.30000 247.89999 247.96700 252.33299 254.06700 256.43301 250.83299 252.93300 256.13300 258.46701 262.16699 257.60001 256.10001 253.46700 252.20000 253.26700 255.93300 256.43301 251.53300 254.30000 253.96700 245.06700 247.53300 244.16701 243.36700 248.06700 246.70000 247.83299 246.46700 249.89999 252.86700 254.60001 256.66699 259.39999
-9999 -9999 -9999 251.89999 251.60001 252.03300 253.13300 253.16701 253.36700 253.39999 253.00000 251.60001 252.93300 252.30000 256.20001 258.10001 259.13300 258.96701 257.76700 255.46700 254.60001 258.13300 255.13300 252.16701 254.20000 249.50000 249.66701 247.26700 247.06700 247.23300 242.39999 241.26700 242.43300 239.66701 238.76700 242.26700 242.06700 246.23300 242.93300 254.03300 252.76700 252.50000 249.33299 252.63300 259.36700 260.33301 260.00000 256.36700 259.66699 260.63300 259.76700 255.36700 257.60001 255.89999 251.30000 251.16701 247.66701 246.80000 248.83299 249.03300 247.60001 249.10001 250.16701 248.33299 250.66701 250.33299 253.06700 249.16701 255.43300 262.60001
-9999 -9999 -9999 245.83299 247.03300 249.66701 251.83299 251.46700 249.63300 249.60001 250.76700 250.96700 253.80000 255.03300 251.26700 245.80000 260.16699 257.43301 249.93300 250.46700 254.36700 257.26700 253.50000 253.70000 254.66701 253.00000 251.39999 247.56700 246.30000 251.43300 258.36700 253.23300 246.36700 238.73300 242.13300 243.46700 242.56700 240.50000 240.46700 248.66701 250.89999 252.13300 250.66701 248.70000 251.23300 256.29999 256.73300 259.33301 259.39999 261.96701 262.50000 254.13300 254.10001 252.30000 249.50000 248.06700 246.83299 246.03300 248.06700 249.03300 246.63300 247.60001 245.86700 250.46700 249.83299 253.66701 255.76700 259.06699 267.79999 275.06699
-9999 -9999 -9999 244.33299 241.16701 247.96700 249.50000 250.66701 249.63300 250.13300 248.89999 247.86700 249.46700 250.70000 250.26700 245.63300 248.06700 251.26700 254.73300 252.39999 249.10001 254.60001 258.23300 254.33299 252.53300 254.06700 246.23300 237.66701 244.10001 255.66701 256.86700 240.23300 244.30000 254.66701 253.66701 245.60001 235.86700 233.70000 236.26700 237.93300 242.66701 251.93300 256.13300 253.30000 250.06700 252.46700 256.00000 253.16701 257.60001 257.29999 260.96701 255.46700 254.46700 255.63300 252.66701 247.86700 247.36700 249.86700 251.06700 252.93300 257.53299 253.10001 251.89999 251.70000 252.83299 253.63300 257.26700 264.33301 275.13300 282.46701
-9999 -9999 -9999 239.96700 237.20000 246.46700 247.63300 248.36700 250.53300 249.26700 244.56700 250.76700 248.73300 250.73300 253.56700 252.10001 252.36700 253.86700 253.03300 246.53300 247.89999 249.00000 254.33299 251.56700 248.06700 247.89999 243.66701 231.96700 238.39999 249.89999 249.16701 242.53300 247.80000 245.60001 243.83299 238.16701 239.03300 233.83299 234.03300 234.96700 240.13300 246.30000 251.13300 253.36700 248.10001 249.20000 250.10001 250.46700 251.66701 254.16701 254.46700 248.23300 250.76700 254.96700 249.26700 254.70000 245.80000 245.83299 248.66701 257.13300 255.76700 255.20000 254.76700 260.96701 262.96701 256.86700 261.89999 270.60001 276.43301 280.86700
-9999 -9999 -9999 -9999 244.13300 247.89999 248.00000 250.26700 250.89999 248.10001 242.33299 249.03300 252.26700 254.80000 -9999 -9999 -9999 -9999 -9999 253.39999 247.53300 243.60001 245.96700 250.10001 245.73300 239.80000 234.46700 231.93300 239.06700 234.39999 238.80000 244.20000 247.16701 234.53300 226.60001 225.80000 229.70000 225.23300 225.96700 229.46700 229.60001 233.93300 236.60001 238.46700 239.86700 240.00000 242.26700 247.26700 245.26700 244.26700 247.16701 247.06700 244.16701 251.89999 252.93300 253.39999 254.86700 255.06700 255.96700 252.23300 255.39999 259.43301 260.29999 260.70001 262.36700 262.89999 263.00000 264.43301 258.79999 -9999
-9999 -9999 236.80000 241.33299 243.89999 245.39999 246.36700 251.00000 246.76700 245.56700 241.06700 248.73300 254.13300 -9999 -9999 -9999 -9999 -9999 256.26700 243.23300 244.89999 236.20000 235.39999 239.20000 241.16701 238.26700 227.60001 223.76700 222.83299 226.23300 228.06700 230.76700 230.89999 227.23300 223.36700 218.80000 223.13300 224.16701 224.60001 226.73300 229.43300 230.13300 231.76700 230.30000 228.96700 231.26700 233.53300 237.06700 233.36700 232.70000 234.60001 237.10001 237.86700 239.96700 246.13300 240.53300 245.10001 251.53300 252.66701 246.96700 249.39999 253.33299 252.86700 254.66701 254.50000 255.03300 255.16701 -9999 -9999 -9999
-9999 -9999 237.63300 239.43300 238.60001 239.33299 239.39999 245.76700 242.83299 240.13300 245.06700 250.16701 254.60001 -9999 -9999 -9999 -9999 249.56700 244.80000 234.26700 233.60001 237.30000 238.23300 231.16701 226.96700 215.39999 216.00000 224.30000 220.16701 213.36700 224.43300 232.86700 225.06700 219.83299 221.03300 223.63300 223.39999 223.63300 226.33299 230.60001 224.43300 226.63300 225.43300 223.60001 224.63300 227.50000 230.83299 229.80000 219.66701 227.93300 224.60001 224.56700 226.13300 229.63300 230.96700 226.53300 229.53300 243.60001 247.60001 248.80000 243.80000 252.63300 248.39999 245.03300 241.96700 -9999 -9999 -9999 -9999 -9999
-9999 -9999 235.60001 241.96700 240.73300 240.06700 238.00000 238.20000 240.26700 242.00000 247.96700 251.89999 224.76700 -9999 -9999 -9999 -9999 253.80000 236.73300 232.26700 231.00000 232.86700 225.43300 215.93300 217.70000 214.23300 221.93300 221.89999 220.76700 219.36700 226.00000 228.56700 228.33299 226.66701 222.06700 219.96700 219.56700 220.80000 226.73300 224.50000 221.96700 219.13300 217.96700 224.50000 220.83299 228.10001 235.76700 232.03300 225.43300 235.80000 229.16701 224.23300 224.53300 228.26700 228.93300 222.20000 224.43300 233.33299 236.13300 239.16701 232.06700 231.50000 232.36700 242.00000 251.93300 258.66699 245.56700 254.26700 256.36700 -9999
-9999 -9999 -9999 237.60001 236.96700 234.43300 230.26700 229.36700 239.20000 244.66701 245.56700 223.70000 -9999 -9999 -9999 -9999 249.13300 240.39999 231.03300 225.53300 220.89999 222.70000 225.63300 215.16701 213.36700 215.86700 217.86700 223.66701 221.00000 239.16701 238.30000 224.53300 222.13300 218.43300 214.00000 214.39999 209.89999 211.70000 215.56700 211.96700 210.53300 215.39999 209.16701 209.76700 211.39999 215.89999 213.16701 216.23300 217.96700 220.30000 223.50000 231.00000 228.76700 228.00000 233.70000 242.30000 238.96700 247.70000 248.43300 240.93300 233.03300 234.26700 245.63300 262.86700 270.89999 254.30000 240.00000 244.60001 245.03300 252.46700
-9999 -9999 -9999 -9999 233.66701 225.96700 225.30000 237.10001 243.26700 237.26700 222.76700 -9999 -9999 -9999 -9999 250.10001 235.93300 227.00000 226.70000 224.96700 221.96700 219.20000 219.26700 217.76700 218.96700 214.83299 215.50000 221.20000 222.50000 215.76700 227.23300 214.63300 212.10001 209.39999 212.93300 212.53300 214.43300 219.39999 221.16701 216.66701 219.39999 216.10001 214.83299 211.89999 204.96700 206.03300 210.96700 212.63300 213.30000 217.20000 215.66701 218.33299 220.13300 222.39999 219.73300 222.56700 222.03300 234.20000 235.36700 228.20000 236.20000 245.50000 247.80000 248.80000 254.80000 250.83299 236.33299 231.86700 245.26700 244.96700
-9999 -9999 -9999 -9999 -9999 -9999 234.39999 234.63300 216.36700 223.80000 229.26700 -9999 -9999 -9999 -9999 -9999 229.89999 222.06700 222.46700 222.53300 227.06700 204.93300 224.76700 221.30000 220.30000 214.10001 211.73300 215.93300 211.30000 211.70000 210.70000 206.43300 206.39999 213.06700 214.33299 205.46700 215.76700 224.16701 218.96700 220.56700 220.63300 220.76700 225.23300 220.10001 212.36700 201.06700 207.43300 220.39999 216.03300 220.56700 214.76700 215.73300 216.63300 213.50000 214.16701 218.20000 220.46700 228.70000 230.63300 233.00000 239.46700 243.89999 246.76700 253.46700 260.36700 254.16701 239.46700 225.56700 228.26700 232.83299
-9999 -9999 -9999 -9999 -9999 -9999 -9999 -9999 -9999 -9999 -9999 -9999 -9999 -9999 -9999 -9999 -9999 -9999 -9999 222.03300 222.23300 207.30000 216.30000 218.46700 217.70000 211.23300 213.26700 208.00000 208.13300 213.70000 213.56700 205.63300 209.39999 211.70000 212.23300 209.56700 206.23300 212.43300 213.73300 215.23300 216.80000 214.10001 213.20000 214.83299 211.36700 204.43300 204.96700 209.50000 218.23300 214.43300 215.66701 213.13300 213.63300 210.70000 210.63300 215.56700 217.33299 223.06700 227.23300 231.10001 240.43300 238.46700 243.73300 253.80000 259.16699 245.30000 227.93300 221.03300 223.16701 240.46700
-9999 -9999 -9999 -9999 -9999 -9999 -9999 -9999 -9999 -9999 -9999 -9999 -9999 -9999 -9999 -9999 -9999 -9999 225.50000 221.36700 213.30000 212.46700 210.39999 213.06700 211.43300 211.36700 208.70000 210.86700 210.39999 209.66701 210.46700 215.36700 213.66701 207.13300 204.76700 206.26700 207.26700 204.13300 211.39999 217.53300 221.73300 222.10001 221.03300 216.26700 208.60001 210.03300 206.96700 213.73300 209.03300 210.30000 213.16701 213.33299 211.93300 213.13300 211.30000 208.96700 213.23300 225.06700 229.30000 227.30000 228.20000 227.10001 236.56700 241.73300 245.63300 233.36700 226.50000 220.43300 224.73300 228.66701
-9999 -9999 -9999 -9999 -9999 -9999 -9999 -9999 -9999 -9999 -9999 -9999 -9999 -9999 -9999 -9999 -9999 225.89999 225.50000 214.73300 213.66701 213.06700 212.56700 206.80000 206.16701 207.63300 206.86700 208.63300 209.46700 211.23300 211.46700 217.86700 212.33299 208.50000 207.89999 210.16701 212.56700 212.13300 209.86700 221.93300 222.93300 223.50000 221.93300 209.39999 208.26700 208.63300 209.33299 208.33299 207.16701 210.83299 210.96700 210.30000 212.50000 213.30000 211.53300 210.50000 215.96700 227.26700 226.43300 223.80000 216.03300 221.46700 243.89999 247.53300 228.83299 229.33299 227.66701 221.33299 222.53300 229.46700
-9999 -9999 -9999 -9999 -9999 -9999 -9999 -9999 -9999 -9999 -9999 -9999 -9999 -9999 -9999 -9999 -9999 221.50000 220.00000 224.86700 219.63300 222.20000 217.00000 206.83299 202.33299 204.06700 205.13300 207.56700 210.60001 214.56700 215.80000 215.13300 215.13300 210.36700 211.93300 212.36700 211.80000 216.50000 226.83299 220.83299 217.73300 215.93300 214.03300 213.56700 213.50000 205.23300 204.53300 212.80000 210.33299 208.53300 209.39999 211.56700 212.53300 212.33299 210.66701 211.93300 225.80000 228.43300 224.46700 217.73300 220.70000 234.86700 234.26700 238.16701 250.16701 236.56700 227.93300 236.73300 225.53300 230.39999
-9999 -9999 -9999 -9999 -9999 -9999 -9999 -9999 -9999 -9999 -9999 -9999 -9999 -9999 -9999 -9999 231.63300 225.89999 225.93300 224.83299 218.53300 216.00000 215.36700 203.70000 198.13300 202.76700 202.89999 200.70000 204.73300 212.63300 213.30000 211.39999 211.93300 207.26700 209.16701 211.23300 214.60001 215.20000 220.39999 215.83299 213.36700 215.36700 215.23300 213.39999 210.39999 203.16701 206.33299 215.03300 210.60001 207.13300 208.66701 209.70000 212.06700 210.93300 211.93300 208.63300 219.96700 221.26700 221.63300 220.70000 218.43300 228.76700 235.03300 250.76700 240.76700 236.10001 229.36700 229.89999 221.89999 222.46700
-9999 -9999 -9999 -9999 -9999 -9999 -9999 -9999 -9999 -9999 -9999 -9999 -9999 226.00000 232.66701 228.13300 230.16701 236.60001 229.63300 208.53300 207.53300 211.36700 209.06700 207.36700 207.60001 196.43300 200.16701 200.70000 201.93300 204.83299 207.16701 203.30000 205.53300 207.30000 208.80000 216.39999 216.26700 214.30000 217.36700 215.20000 213.66701 209.26700 206.16701 202.80000 205.13300 211.10001 211.00000 208.26700 205.73300 208.13300 209.60001 211.43300 211.63300 208.10001 209.60001 206.86700 217.73300 217.89999 217.76700 218.83299 221.83299 223.70000 224.63300 230.43300 227.33299 217.23300 218.20000 219.50000 220.53300 219.39999
-9999 -9999 -9999 -9999 -9999 -9999 -9999 -9999 -9999 -9999 -9999 -9999 223.93300 223.13300 227.83299 226.93300 226.76700 226.43300 225.23300 197.26700 200.36700 209.23300 207.16701 206.03300 206.39999 192.86700 195.30000 198.06700 200.80000 201.96700 203.13300 199.93300 202.83299 204.16701 206.63300 210.30000 215.10001 210.66701 214.46700 208.73300 209.06700 206.39999 200.80000 196.26700 200.60001 207.46700 206.86700 204.89999 206.46700 207.23300 207.86700 209.73300 209.56700 206.53300 207.33299 207.50000 203.76700 216.76700 219.53300 224.80000 222.13300 219.83299 218.06700 224.06700 221.53300 217.26700 218.33299 220.10001 218.70000 224.76700
-9999 -9999 -9999 -9999 -9999 -9999 -9999 -9999 -9999 -9999 -9999 241.93300 232.23300 229.89999 226.66701 212.63300 206.89999 210.36700 208.80000 207.66701 205.56700 202.23300 204.33299 194.63300 197.10001 202.10001 202.39999 195.50000 192.93300 198.00000 203.50000 201.16701 203.13300 206.06700 207.36700 211.63300 216.56700 217.46700 214.56700 209.30000 206.10001 199.03300 191.23300 195.03300 199.36700 201.13300 202.16701 203.73300 204.76700 203.33299 201.60001 214.96700 210.46700 212.73300 212.63300 206.39999 206.46700 209.83299 209.66701 204.83299 206.26700 208.93300 211.46700 215.43300 216.70000 216.03300 216.96700 214.03300 217.96700 239.36700
-9999 -9999 -9999 -9999 -9999 -9999 -9999 -9999 -9999 -9999 226.53300 234.03300 224.80000 230.03300 224.33299 207.16701 202.39999 206.10001 209.23300 206.30000 199.50000 195.86700 200.36700 193.26700 196.46700 201.06700 202.46700 190.96700 190.66701 201.26700 200.50000 199.60001 200.20000 202.93300 210.13300 212.36700 215.53300 217.23300 212.80000 208.26700 202.06700 189.63300 187.46700 193.56700 192.73300 196.46700 200.06700 201.60001 202.73300 203.20000 204.13300 213.66701 212.13300 211.50000 209.36700 204.23300 200.93300 203.56700 207.10001 205.53300 205.89999 207.70000 209.20000 213.36700 215.56700 215.89999 216.39999 212.80000 232.20000 249.73300
-9999 -9999 -9999 -9999 -9999 -9999 -9999 -9999 -9999 207.53300 205.03300 215.60001 215.63300 216.43300 211.30000 210.43300 202.06700 200.17200 193.93100 194.53300 193.20000 191.16701 196.66701 182.89999 182.36700 188.50000 182.06700 191.06700 194.00000 196.30000 193.86700 199.16701 202.93300 213.33299 217.46700 216.26700 219.03300 213.70000 211.26700 200.30000 190.56700 191.20000 186.06700 187.55200 187.51700 192.43300 194.83299 201.33299 202.46700 201.83299 202.03300 204.39999 208.83299 216.03300 213.89999 199.96700 200.53300 204.10001 204.63300 204.33299 205.76700 204.60001 206.33299 207.70000 208.89999 210.30000 202.30000 208.46700 244.50000 255.20000
-9999 -9999 -9999 -9999 -9999 -9999 -9999 -9999 -9999 -9999 198.36700 206.13300 212.23300 208.43300 199.53300 196.80000 199.16701 199.72400 196.96600 194.63300 195.23300 192.23300 187.46700 -9999 -9999 -9999 -9999 -9999 -9999 193.80000 192.96700 195.60001 202.93300 212.80000 218.10001 215.20000 217.00000 211.33299 207.20000 194.20000 185.13300 188.16701 181.30000 186.89700 189.24100 192.53300 194.23300 200.60001 202.03300 201.53300 201.23300 199.23300 204.53300 217.33299 216.63300 202.93300 199.43300 203.00000 203.66701 203.26700 204.06700 204.03300 205.03300 206.76700 211.39999 208.10001 220.93300 235.66701 260.70001 259.46701
-9999 -9999 -9999 -9999 -9999 -9999 -9999 -9999 -9999 -9999 -9999 -9999 204.10001 199.56700 199.60001 170.26700 169.50000 174.30000 173.89999 -9999 -9999 -9999 -9999 -9999 -9999 -9999 -9999 -9999 -9999 -9999 -9999 -9999 -9999 202.39999 211.16701 208.23300 209.96700 205.70000 199.13300 185.36700 183.70000 175.20000 174.86700 180.96700 182.89999 187.33299 190.10001 196.60001 197.30000 198.73300 199.63300 209.60001 209.86700 211.80000 208.80000 199.86700 200.39999 198.96700 198.56700 202.60001 203.76700 202.93300 204.39999 206.89999 216.20000 221.89999 230.50000 243.66701 257.60001 248.96700
-9999 -9999 -9999 -9999 -9999 -9999 -9999 -9999 -9999 -9999 -9999 -9999 -9999 -9999 -9999 -9999 -9999 -9999 -9999 -9999 -9999 -9999 -9999 -9999 -9999 -9999 -9999 -9999 -9999 -9999 -9999 -9999 -9999 -9999 206.20000 205.33299 203.50000 198.00000 191.80000 178.53300 180.83299 176.86700 174.86700 177.70000 180.03300 189.60001 193.76700 195.36700 197.96700 198.76700 199.13300 207.30000 211.83299 207.53300 206.76700 199.53300 199.43300 199.93300 201.00000 202.76700 202.03300 204.86700 205.13300 205.16701 214.43300 222.93300 234.13300 243.56700 256.06699 249.70000
