data/hydroclimate-scenarios/BCSD_hadcm_B1/swe_stats/jd_last_10mm.2070-2099.asc
ncols	311
nrows	91
xllcenter	102.75
yllcenter	31.75
cellsize	0.5
NODATA_value	-9999
[rows 0 to 30 of 91, columns 70 to 139 of 311]
-9999 -9999 -9999 -9999 -9999 -9999 -9999 -9999 -9999 -9999 -9999 -9999 -9999 -9999 -9999 -9999 -9999 -9999 -9999 -9999 -9999 -9999 -9999 -9999 -9999 -9999 -9999 -9999 -9999 -9999 -9999 -9999 -9999 -9999 -9999 -9999 -9999 -9999 -9999 -9999 -9999 -9999 -9999 -9999 -9999 -9999 -9999 -9999 -9999 -9999 -9999 -9999 -9999 -9999 -9999 -9999 -9999 -9999 -9999 -9999 -9999 -9999 -9999 -9999 -9999 -9999 -9999 -9999 -9999 -9999
-9999 -9999 -9999 -9999 -9999 -9999 -9999 -9999 -9999 -9999 -9999 -9999 -9999 -9999 -9999 -9999 -9999 -9999 -9999 -9999 -9999 -9999 -9999 -9999 -9999 -9999 -9999 -9999 -9999 -9999 -9999 -9999 -9999 -9999 -9999 -9999 -9999 -9999 -9999 -9999 -9999 -9999 -9999 -9999 -9999 -9999 -9999 -9999 -9999 -9999 -9999 -9999 -9999 -9999 -9999 -9999 -9999 -9999 -9999 -9999 -9999 -9999 -9999 -9999 -9999 -9999 -9999 -9999 -9999 -9999
-9999 -9999 -9999 -9999 -9999 -9999 -9999 -9999 -9999 -9999 -9999 -9999 -9999 -9999 -9999 -9999 -9999 -9999 -9999 -9999 -9999 -9999 -9999 -9999 -9999 -9999 -9999 -9999 -9999 -9999 -9999 -9999 -9999 -9999 -9999 -9999 -9999 -9999 -9999 -9999 -9999 -9999 -9999 -9999 -9999 -9999 -9999 -9999 -9999 -9999 -9999 -9999 -9999 -9999 -9999 -9999 -9999 -9999 -9999 -9999 -9999 -9999 -9999 -9999 -9999 -9999 -9999 -9999 -9999 -9999
-9999 -9999 -9999 -9999 -9999 -9999 -9999 -9999 -9999 -9999 -9999 -9999 -9999 -9999 -9999 -9999 -9999 -9999 -9999 -9999 -9999 -9999 -9999 -9999 -9999 -9999 -9999 -9999 -9999 -9999 -9999 -9999 -9999 -9999 -9999 -9999 -9999 -9999 -9999 -9999 -9999 -9999 -9999 -9999 -9999 -9999 -9999 -9999 -9999 -9999 -9999 -9999 -9999 -9999 -9999 -9999 -9999 -9999 -9999 -9999 -9999 -9999 -9999 -9999 -9999 -9999 -9999 -9999 -9999 -9999
-9999 -9999 -9999 -9999 -9999 -9999 -9999 -9999 -9999 -9999 -9999 -9999 -9999 -9999 -9999 -9999 -9999 -9999 -9999 -9999 -9999 -9999 -9999 -9999 -9999 -9999 -9999 -9999 -9999 -9999 -9999 -9999 -9999 -9999 -9999 -9999 -9999 -9999 -9999 -9999 -9999 -9999 -9999 -9999 -9999 -9999 -9999 -9999 -9999 -9999 -9999 -9999 -9999 -9999 -9999 -9999 -9999 -9999 -9999 -9999 -9999 -9999 -9999 -9999 -9999 -9999 -9999 -9999 -9999 -9999
-9999 -9999 -9999 -9999 -9999 -9999 -9999 -9999 -9999 -9999 -9999 -9999 -9999 -9999 -9999 -9999 -9999 -9999 -9999 -9999 -9999 -9999 -9999 -9999 -9999 -9999 -9999 -9999 -9999 -9999 -9999 -9999 -9999 -9999 -9999 -9999 -9999 -9999 -9999 -9999 -9999 -9999 -9999 -9999 -9999 -9999 -9999 -9999 -9999 -9999 -9999 -9999 -9999 -9999 -9999 -9999 -9999 -9999 -9999 -9999 -9999 -9999 -9999 -9999 -9999 -9999 -9999 -9999 -9999 -9999
-9999 -9999 -9999 -9999 -9999 -9999 -9999 -9999 -9999 -9999 -9999 -9999 -9999 -9999 -9999 -9999 -9999 -9999 -9999 -9999 -9999 -9999 -9999 -9999 -9999 -9999 -9999 -9999 -9999 -9999 -9999 -9999 -9999 -9999 -9999 -9999 -9999 -9999 -9999 -9999 -9999 -9999 -9999 -9999 -9999 -9999 -9999 -9999 -9999 -9999 -9999 -9999 -9999 -9999 -9999 -9999 -9999 -9999 -9999 -9999 -9999 -9999 -9999 -9999 -9999 -9999 -9999 -9999 -9999 -9999
-9999 -9999 -9999 -9999 -9999 -9999 -9999 -9999 -9999 -9999 -9999 -9999 -9999 -9999 -9999 -9999 -9999 -9999 -9999 -9999 -9999 -9999 -9999 -9999 -9999 -9999 -9999 -9999 -9999 -9999 -9999 -9999 -9999 -9999 -9999 -9999 -9999 -9999 -9999 -9999 -9999 -9999 -9999 -9999 -9999 -9999 -9999 -9999 -9999 -9999 -9999 -9999 -9999 -9999 -9999 -9999 -9999 -9999 -9999 -9999 -9999 -9999 -9999 -9999 -9999 -9999 -9999 -9999 -9999 -9999
-9999 -9999 -9999 -9999 -9999 -9999 -9999 266.76700 -9999 -9999 -9999 -9999 -9999 -9999 -9999 -9999 -9999 -9999 -9999 -9999 -9999 -9999 -9999 -9999 -9999 -9999 -9999 -9999 -9999 -9999 -9999 -9999 -9999 -9999 -9999 -9999 -9999 -9999 -9999 -9999 -9999 -9999 -9999 -9999 -9999 -9999 -9999 -9999 -9999 -9999 -9999 -9999 -9999 -9999 -9999 -9999 -9999 -9999 -9999 -9999 -9999 -9999 -9999 -9999 -9999 -9999 -9999 -9999 -9999 -9999
-9999 -9999 -9999 271.53299 264.56699 263.53299 264.89999 265.89999 267.66699 268.89999 270.60001 272.23300 273.50000 275.03299 275.70001 277.60001 278.00000 278.66699 278.86700 278.76700 278.96701 276.00000 275.83301 -9999 -9999 -9999 -9999 -9999 -9999 -9999 -9999 -9999 -9999 -9999 -9999 -9999 -9999 -9999 -9999 -9999 -9999 -9999 -9999 -9999 -9999 -9999 -9999 -9999 -9999 -9999 -9999 -9999 -9999 -9999 -9999 -9999 -9999 -9999 -9999 -9999 -9999 -9999 -9999 -9999 -9999 -9999 -9999 -9999 -9999 -9999
-9999 -9999 -9999 -9999 -9999 263.13300 263.86700 264.60001 265.60001 268.46701 269.46701 270.10001 271.46701 272.26700 273.06699 275.39999 276.16699 277.00000 277.33301 276.73300 277.13300 276.46701 276.36700 -9999 -9999 -9999 -9999 -9999 -9999 -9999 -9999 -9999 -9999 -9999 -9999 -9999 -9999 -9999 -9999 -9999 -9999 -9999 -9999 -9999 -9999 -9999 -9999 -9999 -9999 -9999 -9999 -9999 -9999 -9999 -9999 -9999 -9999 -9999 -9999 -9999 -9999 -9999 -9999 -9999 -9999 -9999 -9999 -9999 -9999 -9999
260.60001 259.86700 259.96701 260.43301 260.70001 261.86700 262.33301 263.20001 263.93301 266.43301 267.33301 268.86700 269.93301 269.03299 270.36700 273.73300 274.33301 275.70001 276.86700 276.06699 276.39999 275.86700 275.83301 274.39999 274.10001 271.96701 271.23300 270.60001 269.60001 -9999 -9999 -9999 -9999 -9999 -9999 -9999 -9999 -9999 -9999 -9999 -9999 -9999 -9999 -9999 -9999 -9999 -9999 -9999 -9999 -9999 -9999 -9999 -9999 -9999 -9999 -9999 -9999 -9999 -9999 -9999 -9999 -9999 -9999 -9999 -9999 -9999 -9999 -9999 -9999 -9999
258.16699 259.13300 259.10001 259.33301 259.70001 259.33301 260.53299 261.39999 262.50000 264.10001 265.36700 266.13300 267.03299 267.86700 269.53299 271.36700 273.10001 273.03299 273.39999 273.83301 274.43301 274.93301 274.79999 272.60001 271.96701 272.29999 270.70001 272.56699 271.50000 269.70001 269.23300 266.50000 265.66699 266.89999 266.79999 262.53299 261.93301 262.36700 262.23300 259.43301 259.20001 261.70001 261.83301 261.93301 -9999 -9999 -9999 -9999 -9999 -9999 -9999 -9999 -9999 -9999 -9999 -9999 -9999 -9999 -9999 -9999 -9999 -9999 -9999 -9999 -9999 -9999 -9999 -9999 -9999 -9999
256.53299 256.93301 256.89999 257.63300 257.89999 258.43301 258.89999 258.60001 259.39999 262.20001 263.53299 264.26700 265.33301 265.70001 266.83301 268.26700 269.60001 270.89999 271.96701 271.26700 272.26700 274.03299 274.03299 271.00000 270.43301 270.16699 269.16699 270.60001 270.39999 268.83301 268.70001 264.63300 264.39999 264.26700 263.36700 260.96701 260.43301 261.29999 260.53299 257.66699 257.50000 260.50000 260.56699 259.63300 259.56699 -9999 -9999 -9999 -9999 -9999 -9999 -9999 -9999 -9999 -9999 -9999 -9999 -9999 -9999 -9999 -9999 -9999 -9999 -9999 -9999 -9999 -9999 -9999 -9999 -9999
258.83301 264.89999 265.36700 259.96701 261.73300 259.36700 259.16699 260.86700 261.20001 263.00000 262.53299 265.43301 265.73300 266.66699 267.33301 267.43301 268.33301 268.70001 270.16699 269.53299 270.26700 272.86700 272.70001 271.66699 270.93301 268.96701 270.23300 269.13300 268.26700 267.53299 266.96701 264.20001 263.60001 264.89999 265.03299 260.96701 260.43301 263.46701 262.66699 261.89999 261.26700 258.16699 258.13300 257.53299 257.56699 -9999 -9999 -9999 -9999 -9999 -9999 -9999 -9999 -9999 -9999 -9999 -9999 -9999 -9999 -9999 264.29999 265.03299 -9999 -9999 -9999 -9999 268.33301 274.46701 276.46701 277.36700
255.76700 260.13300 260.93301 256.96701 258.76700 257.06699 256.29999 255.66701 257.60001 261.06699 262.03299 261.70001 262.79999 264.66699 267.00000 267.29999 267.03299 268.00000 266.76700 267.20001 267.53299 269.79999 270.36700 269.53299 267.63300 265.93301 265.70001 267.26700 267.06699 265.76700 265.03299 262.73300 262.26700 263.53299 263.03299 259.50000 259.26700 262.36700 261.86700 260.76700 260.93301 258.20001 258.00000 256.79999 257.10001 255.80000 255.93300 258.89999 259.60001 265.16699 266.60001 267.43301 267.89999 266.10001 267.23300 270.93301 270.53299 263.60001 263.39999 264.56699 265.20001 265.56699 -9999 -9999 -9999 -9999 -9999 270.83301 272.43301 275.53299
263.13300 266.00000 258.03299 254.43300 266.93301 256.96701 255.70000 254.60001 255.43300 256.50000 257.23300 256.03299 257.96701 262.00000 264.10001 265.03299 265.76700 265.13300 265.13300 265.70001 265.46701 266.93301 267.43301 267.79999 267.23300 266.36700 266.36700 263.13300 263.36700 266.56699 265.76700 264.36700 263.89999 265.23300 265.36700 263.20001 261.63300 261.96701 262.63300 260.46701 260.50000 259.00000 259.33301 260.46701 260.36700 259.06699 259.10001 260.36700 260.70001 265.96701 266.96701 264.29999 262.86700 264.03299 268.66699 270.33301 266.36700 267.83301 268.79999 268.26700 267.03299 268.53299 269.70001 268.63300 267.83301 265.60001 265.93301 268.39999 268.79999 271.29999
256.23300 263.03299 286.36700 251.70000 263.60001 257.86700 256.43301 252.50000 255.26700 254.06700 255.03300 253.26700 255.83299 259.50000 262.63300 262.23300 262.66699 262.50000 263.39999 262.73300 264.70001 265.63300 265.39999 266.23300 266.29999 264.06699 263.83301 261.66699 261.73300 264.79999 263.00000 262.36700 260.29999 261.53299 264.16699 261.33301 260.43301 261.79999 261.39999 259.86700 259.00000 257.66699 259.03299 259.79999 259.36700 257.50000 257.26700 259.83301 260.29999 261.70001 263.16699 262.13300 262.13300 262.66699 263.76700 265.43301 269.83301 269.29999 268.53299 268.96701 270.06699 271.66699 277.46701 276.06699 270.76700 265.73300 265.83301 267.13300 266.86700 269.10001
260.03299 261.96701 276.73300 264.29999 249.63300 254.00000 253.53300 250.93300 255.89999 253.83299 253.33299 253.86700 255.30000 255.56700 258.23300 256.66699 257.89999 260.39999 261.56699 260.86700 263.96701 266.29999 265.56699 265.56699 264.63300 263.60001 262.79999 261.43301 261.36700 263.96701 263.56699 263.83301 263.53299 261.70001 261.29999 259.39999 258.96701 261.50000 262.43301 259.60001 259.70001 259.56699 259.16699 262.73300 262.23300 262.39999 260.20001 258.43301 258.03299 259.46701 261.16699 262.06699 262.86700 266.43301 267.20001 267.36700 267.36700 265.00000 269.36700 273.26700 277.73300 277.10001 282.93301 279.96701 278.89999 277.06699 275.16699 275.36700 275.66699 272.70001
248.10001 255.93300 267.06699 263.70001 264.23300 255.00000 249.43300 246.00000 249.46700 251.96700 250.70000 263.46701 259.16699 258.96701 256.79999 255.96700 257.10001 258.50000 259.10001 258.26700 260.50000 263.63300 262.76700 262.76700 262.16699 262.10001 261.26700 259.36700 259.20001 260.86700 261.43301 262.20001 261.79999 261.73300 261.29999 259.76700 260.29999 262.16699 262.73300 259.33301 261.00000 261.16699 260.03299 258.76700 259.29999 262.29999 262.00000 259.36700 258.16699 258.60001 261.06699 263.03299 263.53299 266.53299 266.00000 267.76700 270.03299 268.50000 272.29999 272.93301 267.83301 270.16699 270.63300 274.70001 277.36700 281.39999 279.06699 282.00000 277.39999 273.26700
251.46700 264.03299 270.43301 268.29999 271.20001 277.06699 262.06699 251.60001 249.76700 251.30000 249.53300 253.63300 262.96701 268.10001 273.93301 269.43301 263.10001 260.66699 259.36700 258.06699 259.46701 259.96701 260.39999 259.70001 259.96701 258.00000 258.06699 258.79999 258.63300 260.20001 260.53299 260.43301 260.93301 260.93301 260.26700 259.83301 260.50000 261.10001 262.86700 262.00000 261.10001 264.60001 265.46701 261.33301 261.00000 263.00000 261.50000 262.93301 263.70001 261.96701 262.39999 262.53299 264.96701 267.00000 267.76700 267.39999 269.63300 272.66699 274.39999 271.23300 279.86700 276.89999 274.76700 276.36700 276.43301 278.06699 278.76700 280.29999 280.79999 273.70001
264.33301 273.39999 271.96701 276.50000 277.96701 276.46701 271.73300 274.23300 268.66699 258.86700 252.23300 247.39999 252.89999 258.29999 265.39999 270.79999 270.70001 277.29999 268.93301 267.36700 263.50000 260.33301 260.29999 258.16699 259.20001 257.66699 258.53299 259.00000 258.96701 261.73300 261.76700 260.03299 264.20001 264.26700 264.00000 263.00000 262.53299 262.23300 262.66699 262.50000 262.63300 265.76700 266.36700 260.16699 262.70001 264.03299 264.96701 266.13300 266.00000 266.10001 265.79999 270.63300 269.16699 272.96701 273.26700 273.66699 274.86700 275.46701 273.13300 272.03299 279.29999 275.16699 275.63300 277.39999 272.16699 277.53299 278.43301 281.39999 280.50000 272.26700
251.66701 261.29999 265.50000 278.00000 272.20001 270.70001 274.06699 269.89999 266.26700 267.10001 261.50000 253.66701 256.46701 257.63300 257.20001 257.10001 258.50000 266.46701 272.16699 266.56699 265.13300 265.86700 265.60001 262.63300 260.50000 258.56699 259.36700 259.66699 260.96701 265.03299 264.46701 263.23300 264.16699 263.29999 262.00000 260.89999 256.20001 258.03299 258.66699 260.89999 260.60001 261.63300 260.06699 260.89999 261.79999 263.93301 266.36700 270.39999 267.50000 271.39999 274.79999 277.39999 276.63300 277.29999 281.83301 280.13300 282.93301 277.00000 280.23300 275.63300 274.66699 276.86700 276.46701 275.79999 275.86700 278.83301 276.83301 270.60001 270.10001 274.60001
254.30000 252.89999 256.79999 258.33301 256.93301 268.46701 271.83301 268.20001 271.00000 270.13300 265.00000 253.83299 261.86700 269.39999 263.43301 279.10001 290.23300 282.96701 255.43300 263.23300 276.20001 275.43301 271.39999 270.00000 259.93301 257.96701 258.33301 258.46701 260.06699 263.56699 263.53299 263.36700 263.76700 261.79999 261.00000 254.70000 255.83299 258.60001 258.23300 260.53299 260.60001 266.23300 265.60001 262.39999 263.86700 258.46701 258.46701 264.10001 267.50000 272.63300 275.50000 278.00000 277.79999 277.70001 278.76700 282.96701 284.43301 280.39999 281.29999 275.96701 275.39999 274.39999 274.46701 276.00000 277.93301 271.03299 269.26700 267.46701 267.10001 271.16699
255.66701 251.83299 251.23300 254.03300 254.10001 258.03299 258.73300 262.10001 263.36700 261.39999 263.16699 255.43300 261.16699 260.50000 259.26700 266.89999 270.50000 275.76700 271.33301 266.36700 261.20001 264.10001 264.93301 264.66699 263.13300 259.50000 257.00000 256.39999 257.20001 261.23300 260.93301 262.70001 261.93301 259.79999 260.03299 260.76700 260.10001 260.46701 261.06699 261.60001 262.83301 270.13300 270.76700 267.96701 267.16699 261.89999 261.50000 266.10001 268.53299 273.43301 277.66699 278.03299 276.83301 275.79999 280.36700 279.43301 278.73300 279.83301 279.06699 281.06699 278.06699 280.26700 279.26700 278.26700 274.79999 267.83301 268.23300 267.46701 268.89999 274.46701
256.70001 253.66701 254.23300 264.39999 261.36700 258.56699 255.50000 255.70000 255.06700 257.13300 252.33299 256.70001 268.50000 263.26700 258.83301 259.23300 265.33301 263.36700 264.23300 270.86700 271.06699 264.06699 260.89999 259.53299 261.23300 262.96701 263.13300 257.29999 256.93301 261.13300 263.43301 261.70001 261.36700 257.93301 258.66699 260.46701 261.76700 261.53299 264.83301 263.16699 265.96701 274.73300 271.86700 269.00000 273.10001 270.66699 266.36700 267.50000 269.70001 271.43301 274.20001 276.89999 273.23300 272.36700 273.13300 272.00000 273.50000 276.36700 279.23300 275.89999 278.39999 279.29999 279.20001 277.13300 276.26700 269.20001 267.96701 267.29999 268.16699 272.79999
251.56700 261.56699 265.46701 263.79999 264.00000 265.70001 263.60001 258.33301 257.06699 250.43300 251.26700 250.70000 257.20001 267.13300 262.29999 258.53299 259.43301 261.63300 265.50000 266.83301 269.10001 265.66699 265.06699 263.50000 262.06699 263.33301 262.06699 262.26700 261.10001 258.20001 259.50000 256.53299 257.76700 259.76700 264.79999 264.33301 260.79999 263.16699 268.29999 266.10001 264.63300 270.60001 271.96701 271.56699 269.79999 270.13300 269.46701 265.86700 266.93301 268.00000 270.33301 272.33301 273.79999 274.60001 275.76700 278.79999 279.79999 278.33301 274.03299 274.93301 272.26700 271.23300 273.36700 273.20001 273.03299 273.76700 272.56699 272.26700 272.66699 276.10001
251.10001 256.29999 259.96701 264.76700 265.29999 270.23300 263.43301 260.43301 256.83301 252.36700 250.66701 246.56700 249.89999 260.46701 265.96701 262.43301 262.13300 262.93301 260.76700 263.26700 262.39999 273.70001 265.76700 263.53299 262.10001 263.06699 263.63300 265.86700 263.56699 259.33301 258.20001 259.13300 257.89999 261.79999 265.36700 266.36700 262.10001 264.23300 265.89999 269.06699 269.23300 271.16699 275.33301 270.39999 271.56699 269.76700 270.93301 263.79999 267.46701 270.56699 271.33301 273.10001 274.89999 274.43301 274.29999 276.56699 275.13300 276.46701 274.26700 272.56699 271.63300 271.93301 273.43301 273.53299 273.76700 280.43301 279.56699 279.00000 278.53299 277.73300
252.76700 259.36700 258.53299 263.70001 267.00000 272.20001 279.20001 274.00000 262.89999 260.46701 258.83301 255.10001 259.43301 258.39999 260.73300 270.43301 266.79999 260.23300 260.06699 260.96701 261.50000 261.76700 266.46701 266.66699 264.43301 263.06699 261.36700 263.66699 263.20001 257.70001 259.36700 258.13300 258.79999 263.03299 264.53299 267.83301 268.93301 267.79999 274.39999 276.93301 280.26700 275.56699 276.10001 276.89999 271.56699 268.06699 265.39999 261.50000 259.89999 262.56699 263.03299 264.46701 265.76700 268.23300 270.83301 274.23300 275.46701 275.43301 271.73300 272.53299 272.83301 272.96701 273.06699 276.89999 282.76700 286.73300 285.36700 284.96701 285.03299 282.56699
252.36700 255.50000 258.50000 263.70001 263.26700 273.50000 277.16699 287.13300 277.96701 268.56699 272.13300 274.73300 270.33301 264.26700 276.20001 268.36700 266.20001 266.06699 263.76700 259.93301 261.83301 264.13300 269.06699 272.89999 267.89999 263.83301 263.46701 266.56699 264.86700 263.23300 264.60001 263.60001 261.70001 266.16699 267.63300 271.73300 269.86700 274.86700 276.03299 279.10001 281.03299 276.93301 272.20001 273.06699 268.33301 258.96701 259.13300 259.89999 261.33301 267.73300 266.13300 -9999 -9999 267.89999 267.86700 267.86700 272.79999 274.23300 272.26700 273.83301 276.50000 276.23300 281.00000 285.20001 289.66699 291.53299 293.93301 293.53299 297.73300 287.63300
260.43301 264.10001 262.86700 265.29999 268.03299 268.50000 266.89999 277.76700 267.66699 274.00000 278.53299 281.36700 273.00000 269.46701 270.13300 265.70001 262.96701 265.73300 263.86700 262.63300 269.43301 268.86700 268.73300 269.96701 272.73300 279.10001 274.39999 273.26700 266.60001 264.66699 265.23300 267.00000 262.93301 266.66699 269.73300 277.76700 279.23300 280.93301 276.70001 272.10001 -9999 -9999 -9999 -9999 257.83301 -9999 270.33301 271.76700 269.50000 269.60001 261.89999 -9999 -9999 271.13300 270.56699 270.70001 271.00000 268.70001 273.00000 275.20001 278.83301 279.70001 283.00000 286.06699 288.93301 287.23300 300.23300 301.96701 297.93301 289.76700
