data/hydroclimate-scenarios/BCSD_hadcm_B1/swe_stats/jd_last_10mm.2030-2059.asc
ncols	311
nrows	91
xllcenter	102.75
yllcenter	31.75
cellsize	0.5
NODATA_value	-9999
[rows 31 to 61 of 91, columns 0 to 69 of 311]
-9999 -9999 -9999 -9999 -9999 -9999 -9999 -9999 -9999 -9999 -9999 252.60001 246.83299 254.46700 254.33299 255.39999 257.96701 259.43301 265.39999 264.13300 263.50000 255.73300 255.70000 260.33301 258.46701 253.50000 256.23300 253.00000 249.33299 247.13300 245.63300 248.36700 239.20000 234.80000 246.16701 243.39999 248.76700 232.83299 235.76700 242.03300 237.16701 238.10001 249.83299 250.43300 249.53300 246.93300 246.00000 245.26700 244.13300 242.80000 243.63300 247.16701 247.56700 247.60001 237.56700 230.33299 230.89999 231.06700 231.10001 239.86700 240.66701 234.46700 237.43300 240.00000 240.26700 239.83299 241.10001 241.53300 252.23300 260.20001
-9999 -9999 -9999 -9999 -9999 -9999 -9999 -9999 -9999 -9999 -9999 257.73300 257.93301 256.73300 259.36700 263.03299 263.00000 262.16699 265.10001 264.36700 265.50000 261.73300 259.56699 258.39999 257.23300 257.46701 255.89999 254.26700 253.53300 250.86700 249.76700 249.00000 250.30000 248.76700 247.43300 244.36700 228.36700 230.36700 233.20000 248.63300 248.00000 247.73300 242.83299 241.73300 250.70000 248.43300 246.50000 248.13300 244.70000 246.16701 244.33299 243.86700 244.33299 236.86700 238.10001 233.76700 233.00000 234.16701 238.36700 239.53300 238.93300 240.00000 238.83299 240.63300 239.89999 238.80000 240.13300 240.20000 252.03300 258.50000
-9999 -9999 -9999 -9999 -9999 -9999 -9999 -9999 -9999 -9999 -9999 260.20001 260.89999 258.96701 260.26700 262.03299 262.66699 262.86700 262.96701 262.33301 262.96701 260.73300 258.50000 257.36700 258.43301 257.26700 257.43301 255.53300 252.20000 249.33299 244.73300 249.63300 250.00000 248.63300 248.96700 245.56700 247.56700 247.50000 251.26700 256.06699 254.46700 256.20001 253.46700 253.73300 256.43301 253.39999 252.93300 252.00000 250.73300 248.03300 247.56700 245.03300 244.26700 242.66701 240.96700 239.33299 240.36700 242.20000 238.96700 242.03300 238.83299 242.03300 239.10001 240.00000 247.13300 241.96700 242.16701 246.70000 251.76700 257.66699
-9999 -9999 -9999 -9999 -9999 -9999 -9999 -9999 -9999 -9999 -9999 -9999 258.29999 258.29999 258.16699 258.86700 260.23300 259.33301 258.79999 252.80000 260.03299 258.96701 261.13300 263.76700 263.03299 266.16699 262.00000 259.39999 250.26700 247.16701 248.63300 246.96700 246.86700 247.89999 247.46700 247.46700 250.70000 251.60001 251.50000 254.10001 253.06700 256.23300 256.23300 250.53300 249.46700 253.53300 251.13300 250.70000 248.86700 248.10001 247.23300 248.10001 247.16701 241.30000 240.86700 242.53300 242.13300 242.03300 241.96700 240.39999 239.70000 238.66701 239.39999 238.83299 239.33299 241.36700 242.76700 246.73300 256.13300 263.39999
-9999 -9999 -9999 -9999 -9999 -9999 -9999 -9999 -9999 -9999 -9999 -9999 255.86700 256.39999 257.46701 257.33301 256.86700 257.20001 257.16699 253.76700 257.33301 266.03299 266.79999 265.26700 263.43301 256.63300 252.60001 258.26700 251.70000 245.96700 251.39999 248.86700 244.70000 244.73300 246.70000 247.70000 249.63300 249.93300 249.80000 253.80000 253.03300 258.73300 258.00000 255.30000 254.86700 256.03299 255.06700 253.83299 249.00000 251.03300 249.10001 247.76700 246.96700 240.66701 239.70000 241.00000 240.06700 240.96700 244.06700 247.33299 244.20000 247.30000 247.13300 251.00000 246.56700 239.50000 242.50000 249.36700 254.03300 258.93301
-9999 -9999 -9999 -9999 -9999 -9999 -9999 -9999 -9999 -9999 -9999 -9999 255.60001 253.60001 252.89999 255.46700 255.96700 256.36700 255.46700 259.70001 265.86700 266.29999 263.96701 262.23300 258.36700 256.36700 252.50000 245.73300 244.26700 243.16701 246.60001 243.63300 246.43300 247.50000 245.33299 246.30000 247.16701 249.80000 249.43300 252.13300 257.23300 259.50000 256.89999 257.93301 258.70001 261.33301 260.93301 262.00000 258.79999 252.50000 251.03300 250.06700 247.03300 244.16701 242.86700 241.26700 241.86700 246.36700 248.76700 250.53300 248.73300 250.03300 245.13300 241.53300 244.70000 247.60001 248.76700 251.06700 258.03299 257.93301
-9999 -9999 -9999 253.96700 254.20000 254.03300 253.63300 254.26700 255.00000 -9999 254.86700 254.56700 253.26700 252.10001 252.20000 253.43300 254.60001 253.26700 259.63300 262.53299 262.70001 259.79999 256.20001 254.13300 253.56700 249.53300 245.46700 247.93300 247.83299 247.46700 246.03300 240.70000 231.43300 239.10001 233.50000 241.43300 240.36700 246.39999 246.53300 251.70000 253.50000 256.39999 252.33299 254.26700 257.66699 258.76700 262.66699 257.39999 255.93300 253.96700 252.03300 253.39999 256.10001 256.73300 252.10001 254.00000 253.70000 244.70000 247.50000 243.39999 242.83299 248.46700 246.03300 247.00000 245.70000 248.66701 252.10001 254.46700 256.66699 259.63300
-9999 -9999 -9999 251.26700 250.89999 251.33299 252.53300 252.43300 252.80000 252.83299 252.33299 250.89999 252.16701 251.83299 256.16699 258.73300 259.16699 258.56699 257.43301 254.96700 254.43300 258.00000 254.70000 251.46700 253.36700 248.03300 247.56700 244.70000 244.16701 245.33299 239.86700 237.76700 238.50000 236.20000 237.13300 239.39999 239.56700 244.10001 241.06700 253.30000 252.26700 251.96700 249.63300 254.23300 259.36700 260.06699 259.56699 256.53299 259.86700 261.13300 259.83301 255.33299 257.39999 255.96700 251.03300 251.33299 247.60001 246.30000 248.60001 248.53300 247.16701 248.63300 249.83299 248.86700 249.93300 248.43300 252.86700 248.93300 254.36700 262.66699
-9999 -9999 -9999 245.03300 246.13300 248.83299 251.03300 250.70000 248.89999 248.73300 250.10001 250.13300 253.60001 255.16701 250.73300 245.53300 259.60001 256.93301 248.83299 249.56700 253.63300 256.29999 251.73300 252.70000 253.46700 250.53300 248.89999 242.36700 242.76700 246.53300 253.56700 249.33299 240.86700 234.33299 239.06700 241.50000 240.16701 239.03300 238.96700 247.39999 250.03300 251.53300 250.63300 249.63300 252.10001 256.00000 256.36700 259.96701 260.23300 262.29999 262.93301 254.30000 253.76700 252.03300 249.06700 247.70000 247.03300 245.39999 247.53300 248.39999 246.70000 247.16701 245.89999 250.10001 249.93300 253.89999 255.93300 258.96701 268.20001 275.93301
-9999 -9999 -9999 243.46700 240.20000 247.23300 249.13300 250.03300 248.96700 249.39999 248.30000 247.06700 249.36700 250.50000 249.50000 245.63300 248.00000 251.16701 254.03300 250.80000 248.06700 253.46700 256.93301 252.46700 248.53300 250.23300 240.63300 233.96700 239.00000 249.86700 247.50000 229.30000 235.43300 248.13300 249.43300 238.96700 229.03300 230.50000 232.30000 236.56700 240.83299 251.20000 255.46700 253.03300 250.26700 252.89999 256.03299 253.23300 257.60001 257.66699 261.03299 255.23300 254.23300 256.06699 252.39999 247.39999 246.80000 249.23300 250.76700 252.53300 258.23300 252.63300 252.23300 251.10001 252.36700 255.33299 258.00000 264.43301 275.70001 283.53299
-9999 -9999 -9999 238.80000 236.26700 245.73300 246.93300 247.46700 249.63300 248.43300 243.56700 250.26700 248.00000 250.10001 253.03300 251.80000 251.96700 253.13300 250.83299 242.76700 245.16701 247.46700 250.43300 246.60001 242.23300 238.20000 233.46700 224.16701 231.96700 238.56700 238.10001 232.60001 236.26700 237.36700 234.39999 232.70000 234.23300 228.56700 229.30000 231.66701 237.60001 244.66701 250.26700 252.63300 247.23300 248.53300 249.66701 250.16701 251.16701 254.23300 254.33299 247.66701 250.03300 254.56700 248.76700 254.20000 245.39999 245.06700 248.20000 257.76700 256.23300 256.26700 255.96700 261.96701 263.73300 257.63300 262.56699 271.70001 278.63300 282.56699
-9999 -9999 -9999 -9999 243.03300 246.93300 247.16701 249.53300 250.06700 247.23300 241.33299 248.03300 251.89999 254.43300 -9999 -9999 -9999 -9999 -9999 249.96700 243.60001 237.16701 237.89999 245.46700 238.46700 228.23300 214.83299 222.83299 226.36700 222.63300 226.80000 231.00000 237.36700 225.76700 218.43300 220.30000 222.43300 220.83299 222.10001 225.06700 226.76700 230.96700 233.26700 235.80000 238.30000 236.30000 240.33299 246.56700 244.39999 243.13300 246.56700 246.03300 243.06700 251.20000 252.63300 253.03300 254.66701 255.43300 256.39999 252.46700 256.56699 261.13300 262.23300 262.33301 264.56699 265.96701 265.76700 267.06699 260.36700 -9999
-9999 -9999 235.60001 240.20000 242.60001 243.66701 244.73300 250.00000 245.56700 244.46700 240.00000 247.30000 254.06700 -9999 -9999 -9999 -9999 -9999 254.96700 239.53300 238.03300 219.63300 219.36700 225.63300 230.30000 222.80000 203.56700 201.93300 200.03400 203.76700 208.13300 211.13300 214.60001 208.60001 206.80000 203.23300 211.30000 218.96700 220.53300 222.03300 225.36700 225.26700 226.70000 226.89999 226.66701 228.96700 231.53300 234.80000 230.86700 231.00000 232.30000 233.30000 233.53300 235.30000 243.20000 237.16701 243.89999 251.53300 253.26700 246.43300 249.46700 253.66701 253.26700 257.00000 256.66699 257.93301 257.53299 -9999 -9999 -9999
-9999 -9999 236.50000 238.33299 237.10001 237.26700 237.76700 244.26700 240.80000 239.10001 244.03300 249.50000 253.96700 -9999 -9999 -9999 -9999 244.83299 241.50000 226.80000 223.03300 217.10001 214.43300 204.34500 194.82800 193.69000 193.75000 208.57100 200.07100 199.28600 209.17200 205.89700 196.03400 196.20000 201.13300 211.63300 214.43300 212.93300 220.89999 222.46700 208.66701 213.30000 213.56700 216.63300 219.10001 222.73300 222.39999 226.00000 216.96700 224.30000 221.36700 221.93300 223.50000 227.46700 229.43300 224.73300 227.46700 241.96700 247.43300 246.96700 243.63300 251.60001 248.46700 245.70000 243.03300 -9999 -9999 -9999 -9999 -9999
-9999 -9999 234.16701 240.56700 239.26700 238.20000 235.93300 235.63300 238.03300 240.86700 246.93300 251.00000 220.23300 -9999 -9999 -9999 -9999 248.93300 230.60001 220.50000 212.56700 200.11501 179.56500 181.60899 183.70000 187.66701 194.64301 199.37000 194.63000 196.50000 203.65500 197.96600 197.00000 200.36700 199.26700 202.93300 203.56700 201.83299 217.06700 207.26700 200.73300 205.10001 204.33299 205.36700 204.60001 219.39999 226.56700 218.20000 212.76700 229.10001 223.60001 220.50000 222.10001 225.89999 225.86700 220.46700 222.96700 230.96700 233.83299 237.03300 230.89999 230.20000 231.63300 242.13300 253.16701 260.53299 247.46700 256.76700 256.50000 -9999
-9999 -9999 -9999 236.23300 235.20000 231.60001 226.00000 227.03300 237.66701 243.39999 244.33299 221.13300 -9999 -9999 -9999 -9999 244.10001 233.43300 219.13300 213.39999 195.29601 181.68201 180.04500 182.19000 184.45500 187.96001 188.36000 189.12000 185.12000 203.10001 199.68401 190.71400 190.00000 192.93100 191.56700 195.10001 194.66701 194.30000 200.00000 194.23300 193.89999 199.73300 192.60001 197.36700 197.93300 199.06700 198.53300 208.06700 211.43300 211.53300 215.33299 225.33299 224.86700 220.46700 224.26700 238.03300 235.73300 245.10001 246.46700 238.93300 231.33299 233.39999 245.16701 263.63300 272.26700 254.30000 239.46700 245.50000 245.43300 251.39999
-9999 -9999 -9999 -9999 231.86700 222.70000 221.53300 235.20000 241.76700 233.76700 220.50000 -9999 -9999 -9999 -9999 248.39999 230.56700 219.60001 212.33299 208.13800 193.50000 177.11800 180.41200 178.75000 184.33299 179.00000 183.22701 186.63200 183.47600 188.59300 190.00000 184.92900 184.21400 190.03799 190.33299 190.20700 191.72400 194.39999 198.00000 198.33299 204.06700 200.93300 195.43300 194.80000 193.20700 192.66701 195.83299 204.70000 205.70000 208.33299 208.46700 210.80000 215.26700 217.30000 216.13300 218.06700 217.63300 230.33299 231.93300 226.53300 233.89999 243.46700 248.30000 248.60001 255.46700 251.46700 234.56700 229.50000 244.00000 244.13300
-9999 -9999 -9999 -9999 -9999 -9999 232.80000 232.63300 214.86700 219.80000 227.10001 -9999 -9999 -9999 -9999 -9999 222.50000 211.76700 207.13300 199.07401 189.00000 180.29201 168.10001 164.25000 172.28600 174.00000 171.29401 178.00000 186.00000 187.79201 188.20799 184.78600 184.62100 189.79300 192.48300 187.66701 189.63300 198.16701 199.23300 192.89700 198.37900 197.21400 203.70000 199.60001 193.60699 191.10300 195.69000 203.00000 203.70000 206.43300 207.26700 209.70000 211.23300 208.66701 210.76700 215.23300 217.00000 224.23300 228.13300 231.70000 238.46700 242.96700 247.33299 253.76700 262.00000 254.00000 239.53300 224.63300 227.73300 231.73300
-9999 -9999 -9999 -9999 -9999 -9999 -9999 -9999 -9999 -9999 -9999 -9999 -9999 -9999 -9999 -9999 -9999 -9999 -9999 199.00000 191.39101 185.36800 162.08299 190.00000 196.28600 172.14301 177.65199 191.18500 194.76700 196.48100 189.00000 186.93100 185.07401 185.63300 187.20000 186.30000 185.43300 186.24100 188.17900 190.36000 187.03999 188.07700 188.92900 189.59300 188.48300 194.31000 195.00000 195.13800 204.89700 204.41400 207.16701 206.36700 207.20000 205.16701 203.96700 211.00000 211.70000 219.80000 224.06700 229.03300 237.60001 236.33299 243.56700 254.26700 260.13300 242.20000 222.70000 219.23300 221.60001 237.93300
-9999 -9999 -9999 -9999 -9999 -9999 -9999 -9999 -9999 -9999 -9999 -9999 -9999 -9999 -9999 -9999 -9999 -9999 209.03400 194.41701 188.52400 186.07100 191.76900 185.56200 188.17599 184.76199 176.95700 184.45500 186.89500 186.25000 186.29201 178.87500 180.45799 177.92900 182.06900 185.55200 185.23300 180.93100 184.75000 182.88499 192.55600 171.11099 179.15401 187.48100 184.78600 188.10699 183.46400 192.73300 196.10001 196.89999 199.89999 204.93300 205.70000 206.60001 205.06700 197.20000 204.63300 220.70000 226.06700 222.46700 224.83299 224.20000 232.86700 239.16701 243.89999 230.06700 225.16701 218.10001 222.13300 226.86700
-9999 -9999 -9999 -9999 -9999 -9999 -9999 -9999 -9999 -9999 -9999 -9999 -9999 -9999 -9999 -9999 -9999 213.00000 210.88499 194.55000 194.50000 183.13300 182.64700 179.18800 185.31599 179.78300 180.29201 189.04800 178.21400 186.50000 184.47600 188.82600 181.72000 185.27600 185.06700 184.96201 186.42300 181.75000 180.64301 190.00000 190.73100 186.48000 164.42300 173.23100 174.36000 180.57100 183.79300 195.20700 194.96700 199.00000 200.20000 203.63300 208.20000 206.20000 205.30000 197.06700 210.60001 220.33299 221.36700 216.86700 211.63300 217.93300 241.73300 245.50000 225.80000 223.50000 224.63300 220.10001 221.26700 227.73300
-9999 -9999 -9999 -9999 -9999 -9999 -9999 -9999 -9999 -9999 -9999 -9999 -9999 -9999 -9999 -9999 -9999 205.73900 200.21100 206.33299 203.54500 209.09100 201.62500 184.25000 178.87500 171.23500 173.00000 188.71400 190.66701 196.47099 194.90900 193.73100 189.89301 198.31000 188.37000 185.74100 183.15401 182.44800 195.54201 188.52000 181.37500 171.69600 170.25000 182.96400 186.44800 190.33299 187.13300 194.78600 196.23300 196.53300 197.46700 203.39999 204.13300 207.00000 204.86700 202.63300 218.50000 223.76700 218.73300 211.43300 214.53300 229.56700 229.53300 234.26700 246.63300 234.53300 223.70000 234.83299 224.53300 227.76700
-9999 -9999 -9999 -9999 -9999 -9999 -9999 -9999 -9999 -9999 -9999 -9999 -9999 -9999 -9999 -9999 215.25000 208.66701 215.41701 199.16701 193.12500 183.20000 190.45500 180.15401 176.15800 175.68800 173.00000 187.34801 188.42900 191.96001 192.52200 193.75000 198.50000 194.07100 192.96400 195.27600 192.32100 178.75900 196.13600 189.62500 186.56500 173.19000 180.66701 175.74100 177.78600 178.20700 180.13800 192.42900 193.51700 196.03300 197.96700 202.26700 203.30000 205.46700 204.76700 200.03300 211.30000 214.06700 215.06700 213.76700 212.53300 223.70000 230.26700 247.16701 236.86700 234.16701 227.86700 227.96700 219.83299 220.60001
-9999 -9999 -9999 -9999 -9999 -9999 -9999 -9999 -9999 -9999 -9999 -9999 -9999 211.31799 201.81000 198.87500 199.81200 208.00000 197.90900 153.00000 155.75000 156.88901 155.36400 178.54500 175.72701 171.81200 177.76199 177.73700 183.84200 182.87000 183.31799 186.26100 188.84000 188.85699 190.85201 191.89301 184.92300 178.35699 170.31599 168.29401 168.25000 153.58299 152.25000 171.95500 175.44000 180.25000 181.04201 180.85201 175.88499 192.37900 196.60001 203.26700 204.66701 204.23300 206.16701 195.23300 211.39999 210.93300 208.26700 210.76700 215.70000 218.20000 220.30000 227.80000 223.66701 215.93300 217.56700 218.39999 219.53300 218.39999
-9999 -9999 -9999 -9999 -9999 -9999 -9999 -9999 -9999 -9999 -9999 -9999 198.82401 202.53799 215.09100 191.41701 189.88901 194.54500 189.45500 145.25000 168.37500 161.62500 159.62500 172.39999 168.10001 167.20000 166.25000 171.60001 178.26300 176.82600 174.81000 183.82600 183.84599 187.85201 190.50000 189.10300 185.10300 173.28000 164.00000 156.84599 177.28600 160.22200 160.37500 165.46201 171.76199 187.50000 183.42300 182.15401 175.95799 183.20000 188.69000 195.10001 197.33299 198.06700 202.50000 203.70000 193.67900 200.37900 208.50000 215.63300 213.53300 212.53300 211.03300 220.10001 218.43300 216.50000 217.46700 218.16701 218.10001 222.96700
-9999 -9999 -9999 -9999 -9999 -9999 -9999 -9999 -9999 -9999 -9999 208.11800 195.71400 199.55600 181.91701 156.75000 154.94099 155.83299 162.09100 218.75000 216.66701 164.28600 177.28600 166.25000 157.00000 161.60001 159.63600 164.14301 161.07100 161.94400 166.41200 180.57899 187.66701 191.00000 191.42900 189.14301 170.20000 175.16701 159.50000 138.55600 131.57100 114.14300 125.33300 148.71400 171.76900 174.42900 166.57100 180.47800 187.50000 168.04201 164.76199 185.26900 191.00000 188.03400 191.03300 197.00000 190.56700 190.00000 197.39999 196.89999 196.89999 203.56700 207.46700 212.70000 214.63300 215.10001 215.80000 212.56700 213.13300 238.33299
-9999 -9999 -9999 -9999 -9999 -9999 -9999 -9999 -9999 -9999 201.12000 201.13600 188.78600 177.66701 170.66701 173.66701 170.14301 167.90900 183.72701 208.88901 224.39999 170.50000 176.14301 137.80000 168.66701 158.45500 161.10001 168.07700 164.84599 162.10500 162.47400 177.20000 178.80000 176.00000 182.76900 182.50000 165.90900 184.66701 176.92900 151.22200 130.16701 132.57100 142.37500 126.42900 131.44400 167.16701 169.60001 178.20000 177.90500 173.30400 172.47400 183.64700 172.87000 183.38499 181.00000 184.96600 185.00000 183.24100 201.03300 197.06700 197.39999 202.03300 205.73300 211.20000 213.33299 214.13300 214.63300 211.06700 230.33299 249.23300
-9999 -9999 -9999 -9999 -9999 -9999 -9999 -9999 -9999 171.44400 177.63200 174.26300 189.36800 180.66701 181.75000 193.85699 181.33299 156.00000 172.62500 137.00000 148.22200 160.50000 160.75000 117.33300 115.42900 158.90900 165.20000 174.45500 168.50000 184.12500 176.92900 163.92900 163.38901 171.43500 181.95799 164.38100 165.00000 186.27800 168.25000 111.44400 127.00000 116.50000 114.22200 158.00000 163.39999 141.25000 162.00000 181.92300 186.66701 181.12500 169.88200 166.68800 183.04800 169.40900 176.91701 173.28600 186.63300 195.43300 196.73300 197.36700 199.53300 200.76700 203.46700 204.89999 206.26700 205.80000 195.06700 201.93300 242.89999 255.43300
-9999 -9999 -9999 -9999 -9999 -9999 -9999 -9999 -9999 -9999 165.47099 162.16701 155.25000 164.09100 149.00000 182.92300 181.30800 175.25000 174.00000 136.00000 144.20000 156.88901 119.00000 -9999 -9999 -9999 -9999 -9999 -9999 188.22200 185.62500 135.28600 153.46700 161.75000 172.37500 149.72200 165.80000 170.66701 146.66701 113.66700 121.71400 137.80000 127.00000 151.83299 163.83299 169.88901 172.25000 180.41200 174.92300 163.84599 163.50000 173.57899 168.42101 169.68201 172.00000 184.28600 187.43300 192.60001 193.80000 196.56700 199.16701 200.70000 202.39999 203.56700 207.36700 197.53300 212.03300 233.03300 261.50000 260.46701
-9999 -9999 -9999 -9999 -9999 -9999 -9999 -9999 -9999 -9999 -9999 -9999 135.33299 170.20000 176.28600 168.00000 180.00000 161.20000 163.60001 -9999 -9999 -9999 -9999 -9999 -9999 -9999 -9999 -9999 -9999 -9999 -9999 -9999 -9999 149.36400 186.07100 148.66701 112.60000 145.00000 140.25000 110.00000 117.66700 107.00000 133.50000 147.00000 144.50000 154.38499 163.88200 181.23801 174.18800 182.60899 173.03999 157.06700 155.05901 162.05000 177.24001 180.55200 183.96700 189.63300 192.10001 193.43300 195.63300 198.43300 199.63300 201.86700 207.20000 218.06700 228.70000 242.10001 257.56699 249.30000
-9999 -9999 -9999 -9999 -9999 -9999 -9999 -9999 -9999 -9999 -9999 -9999 -9999 -9999 -9999 -9999 -9999 -9999 -9999 -9999 -9999 -9999 -9999 -9999 -9999 -9999 -9999 -9999 -9999 -9999 -9999 -9999 -9999 -9999 174.08299 96.37500 54.00000 204.00000 204.00000 83.00000 147.60001 138.75000 138.50000 115.00000 134.75000 157.66701 169.81200 179.70000 181.55600 181.66701 183.96001 163.14999 180.31799 175.67999 177.29601 182.33299 183.44800 184.30000 195.50000 195.70000 196.76700 200.63300 201.76700 201.43300 208.39999 218.26700 231.89999 242.96700 257.20001 250.70000
