data/hydroclimate-scenarios/BCSD_hadcm_B1/swe_stats/jd_max_swe.2070-2099.asc
ncols	311
nrows	91
xllcenter	102.75
yllcenter	31.75
cellsize	0.5
NODATA_value	-9999
[rows 0 to 30 of 91, columns 70 to 139 of 311]
-9999 -9999 -9999 -9999 -9999 -9999 -9999 -9999 -9999 -9999 -9999 -9999 -9999 -9999 -9999 -9999 -9999 -9999 -9999 -9999 -9999 -9999 -9999 -9999 -9999 -9999 -9999 -9999 -9999 -9999 -9999 -9999 -9999 -9999 -9999 -9999 -9999 -9999 -9999 -9999 -9999 -9999 -9999 -9999 -9999 -9999 -9999 -9999 -9999 -9999 -9999 -9999 -9999 -9999 -9999 -9999 -9999 -9999 -9999 -9999 -9999 -9999 -9999 -9999 -9999 -9999 -9999 -9999 -9999 -9999
-9999 -9999 -9999 -9999 -9999 -9999 -9999 -9999 -9999 -9999 -9999 -9999 -9999 -9999 -9999 -9999 -9999 -9999 -9999 -9999 -9999 -9999 -9999 -9999 -9999 -9999 -9999 -9999 -9999 -9999 -9999 -9999 -9999 -9999 -9999 -9999 -9999 -9999 -9999 -9999 -9999 -9999 -9999 -9999 -9999 -9999 -9999 -9999 -9999 -9999 -9999 -9999 -9999 -9999 -9999 -9999 -9999 -9999 -9999 -9999 -9999 -9999 -9999 -9999 -9999 -9999 -9999 -9999 -9999 -9999
-9999 -9999 -9999 -9999 -9999 -9999 -9999 -9999 -9999 -9999 -9999 -9999 -9999 -9999 -9999 -9999 -9999 -9999 -9999 -9999 -9999 -9999 -9999 -9999 -9999 -9999 -9999 -9999 -9999 -9999 -9999 -9999 -9999 -9999 -9999 -9999 -9999 -9999 -9999 -9999 -9999 -9999 -9999 -9999 -9999 -9999 -9999 -9999 -9999 -9999 -9999 -9999 -9999 -9999 -9999 -9999 -9999 -9999 -9999 -9999 -9999 -9999 -9999 -9999 -9999 -9999 -9999 -9999 -9999 -9999
-9999 -9999 -9999 -9999 -9999 -9999 -9999 -9999 -9999 -9999 -9999 -9999 -9999 -9999 -9999 -9999 -9999 -9999 -9999 -9999 -9999 -9999 -9999 -9999 -9999 -9999 -9999 -9999 -9999 -9999 -9999 -9999 -9999 -9999 -9999 -9999 -9999 -9999 -9999 -9999 -9999 -9999 -9999 -9999 -9999 -9999 -9999 -9999 -9999 -9999 -9999 -9999 -9999 -9999 -9999 -9999 -9999 -9999 -9999 -9999 -9999 -9999 -9999 -9999 -9999 -9999 -9999 -9999 -9999 -9999
-9999 -9999 -9999 -9999 -9999 -9999 -9999 -9999 -9999 -9999 -9999 -9999 -9999 -9999 -9999 -9999 -9999 -9999 -9999 -9999 -9999 -9999 -9999 -9999 -9999 -9999 -9999 -9999 -9999 -9999 -9999 -9999 -9999 -9999 -9999 -9999 -9999 -9999 -9999 -9999 -9999 -9999 -9999 -9999 -9999 -9999 -9999 -9999 -9999 -9999 -9999 -9999 -9999 -9999 -9999 -9999 -9999 -9999 -9999 -9999 -9999 -9999 -9999 -9999 -9999 -9999 -9999 -9999 -9999 -9999
-9999 -9999 -9999 -9999 -9999 -9999 -9999 -9999 -9999 -9999 -9999 -9999 -9999 -9999 -9999 -9999 -9999 -9999 -9999 -9999 -9999 -9999 -9999 -9999 -9999 -9999 -9999 -9999 -9999 -9999 -9999 -9999 -9999 -9999 -9999 -9999 -9999 -9999 -9999 -9999 -9999 -9999 -9999 -9999 -9999 -9999 -9999 -9999 -9999 -9999 -9999 -9999 -9999 -9999 -9999 -9999 -9999 -9999 -9999 -9999 -9999 -9999 -9999 -9999 -9999 -9999 -9999 -9999 -9999 -9999
-9999 -9999 -9999 -9999 -9999 -9999 -9999 -9999 -9999 -9999 -9999 -9999 -9999 -9999 -9999 -9999 -9999 -9999 -9999 -9999 -9999 -9999 -9999 -9999 -9999 -9999 -9999 -9999 -9999 -9999 -9999 -9999 -9999 -9999 -9999 -9999 -9999 -9999 -9999 -9999 -9999 -9999 -9999 -9999 -9999 -9999 -9999 -9999 -9999 -9999 -9999 -9999 -9999 -9999 -9999 -9999 -9999 -9999 -9999 -9999 -9999 -9999 -9999 -9999 -9999 -9999 -9999 -9999 -9999 -9999
-9999 -9999 -9999 -9999 -9999 -9999 -9999 -9999 -9999 -9999 -9999 -9999 -9999 -9999 -9999 -9999 -9999 -9999 -9999 -9999 -9999 -9999 -9999 -9999 -9999 -9999 -9999 -9999 -9999 -9999 -9999 -9999 -9999 -9999 -9999 -9999 -9999 -9999 -9999 -9999 -9999 -9999 -9999 -9999 -9999 -9999 -9999 -9999 -9999 -9999 -9999 -9999 -9999 -9999 -9999 -9999 -9999 -9999 -9999 -9999 -9999 -9999 -9999 -9999 -9999 -9999 -9999 -9999 -9999 -9999
-9999 -9999 -9999 -9999 -9999 -9999 -9999 249.93300 -9999 -9999 -9999 -9999 -9999 -9999 -9999 -9999 -9999 -9999 -9999 -9999 -9999 -9999 -9999 -9999 -9999 -9999 -9999 -9999 -9999 -9999 -9999 -9999 -9999 -9999 -9999 -9999 -9999 -9999 -9999 -9999 -9999 -9999 -9999 -9999 -9999 -9999 -9999 -9999 -9999 -9999 -9999 -9999 -9999 -9999 -9999 -9999 -9999 -9999 -9999 -9999 -9999 -9999 -9999 -9999 -9999 -9999 -9999 -9999 -9999 -9999
-9999 -9999 -9999 254.00000 248.73300 247.20000 248.76700 249.73300 251.39999 251.70000 252.36700 252.73300 253.43300 253.10001 251.60001 254.93300 255.03300 257.70001 257.43301 253.70000 252.70000 253.26700 252.26700 -9999 -9999 -9999 -9999 -9999 -9999 -9999 -9999 -9999 -9999 -9999 -9999 -9999 -9999 -9999 -9999 -9999 -9999 -9999 -9999 -9999 -9999 -9999 -9999 -9999 -9999 -9999 -9999 -9999 -9999 -9999 -9999 -9999 -9999 -9999 -9999 -9999 -9999 -9999 -9999 -9999 -9999 -9999 -9999 -9999 -9999 -9999
-9999 -9999 -9999 -9999 -9999 250.53300 251.06700 250.16701 250.43300 252.39999 252.39999 251.80000 252.70000 249.76700 250.06700 252.93300 253.80000 255.16701 255.60001 254.46700 254.46700 256.26700 254.83299 -9999 -9999 -9999 -9999 -9999 -9999 -9999 -9999 -9999 -9999 -9999 -9999 -9999 -9999 -9999 -9999 -9999 -9999 -9999 -9999 -9999 -9999 -9999 -9999 -9999 -9999 -9999 -9999 -9999 -9999 -9999 -9999 -9999 -9999 -9999 -9999 -9999 -9999 -9999 -9999 -9999 -9999 -9999 -9999 -9999 -9999 -9999
243.23300 244.46700 245.50000 246.13300 246.89999 248.93300 249.46700 247.83299 247.83299 251.26700 251.26700 250.36700 250.80000 248.63300 248.13300 251.76700 251.80000 253.93300 254.20000 252.93300 253.20000 254.06700 253.93300 251.83299 251.63300 248.23300 246.50000 247.30000 244.83299 -9999 -9999 -9999 -9999 -9999 -9999 -9999 -9999 -9999 -9999 -9999 -9999 -9999 -9999 -9999 -9999 -9999 -9999 -9999 -9999 -9999 -9999 -9999 -9999 -9999 -9999 -9999 -9999 -9999 -9999 -9999 -9999 -9999 -9999 -9999 -9999 -9999 -9999 -9999 -9999 -9999
241.70000 244.56700 244.20000 245.60001 245.63300 247.00000 248.23300 247.13300 247.23300 249.80000 249.89999 249.30000 249.66701 248.63300 249.60001 252.00000 252.50000 252.03300 252.60001 252.56700 252.73300 252.53300 252.53300 252.89999 252.13300 247.86700 247.39999 248.76700 247.86700 247.86700 247.23300 241.39999 241.66701 240.53300 240.43300 240.46700 239.93300 238.10001 237.20000 238.86700 237.06700 239.73300 240.80000 238.66701 -9999 -9999 -9999 -9999 -9999 -9999 -9999 -9999 -9999 -9999 -9999 -9999 -9999 -9999 -9999 -9999 -9999 -9999 -9999 -9999 -9999 -9999 -9999 -9999 -9999 -9999
240.00000 242.70000 242.89999 242.93300 243.60001 244.70000 244.80000 245.56700 245.70000 249.00000 249.33299 245.96700 246.03300 246.46700 247.13300 248.03300 248.63300 249.73300 250.20000 248.63300 248.86700 250.46700 251.16701 251.66701 251.39999 245.63300 245.10001 247.39999 247.26700 244.93300 244.93300 240.56700 239.20000 237.36700 238.43300 237.89999 237.89999 235.76700 234.26700 236.26700 236.26700 240.20000 238.13300 236.93300 236.63300 -9999 -9999 -9999 -9999 -9999 -9999 -9999 -9999 -9999 -9999 -9999 -9999 -9999 -9999 -9999 -9999 -9999 -9999 -9999 -9999 -9999 -9999 -9999 -9999 -9999
245.43300 243.20000 243.86700 242.76700 244.26700 242.53300 243.30000 243.63300 243.73300 244.86700 244.56700 245.56700 245.56700 246.16701 246.70000 245.86700 246.00000 248.86700 250.46700 248.10001 248.46700 251.13300 251.13300 249.13300 248.33299 245.53300 246.20000 247.26700 246.23300 243.20000 243.13300 242.96700 242.66701 241.43300 241.33299 240.36700 240.33299 242.66701 241.76700 243.16701 242.60001 239.56700 239.53300 240.46700 240.46700 -9999 -9999 -9999 -9999 -9999 -9999 -9999 -9999 -9999 -9999 -9999 -9999 -9999 -9999 -9999 238.33299 235.03300 -9999 -9999 -9999 -9999 241.39999 244.16701 247.63300 247.56700
239.56700 238.80000 239.13300 238.76700 239.53300 238.43300 238.26700 239.00000 241.86700 242.66701 243.39999 242.80000 243.43300 244.20000 245.36700 244.16701 244.03300 245.43300 245.33299 242.36700 242.86700 248.20000 249.13300 247.06700 243.83299 241.83299 242.56700 244.33299 244.33299 241.80000 241.80000 241.70000 241.10001 240.50000 240.43300 237.76700 235.89999 239.39999 240.06700 238.33299 237.96700 239.20000 239.30000 240.03300 240.06700 237.76700 237.76700 236.36700 237.70000 239.00000 239.60001 241.66701 242.06700 243.10001 241.86700 241.73300 241.73300 238.16701 238.23300 237.73300 239.10001 237.06700 -9999 -9999 -9999 -9999 -9999 240.60001 241.96700 245.86700
241.30000 239.93300 238.83299 238.93300 239.80000 239.60001 239.26700 239.23300 239.33299 240.60001 240.00000 239.33299 239.46700 241.50000 242.70000 239.39999 240.10001 241.33299 239.70000 239.43300 242.00000 241.46700 241.30000 241.06700 241.03300 238.46700 238.66701 239.46700 239.83299 241.56700 240.73300 239.83299 239.70000 237.60001 238.86700 235.93300 235.50000 239.80000 238.63300 238.50000 237.70000 237.83299 238.06700 235.13300 236.26700 239.13300 239.13300 238.33299 239.03300 240.20000 241.76700 243.06700 238.89999 241.66701 245.66701 244.23300 243.83299 244.56700 244.63300 244.56700 243.13300 240.16701 240.60001 238.93300 239.06700 240.33299 240.33299 242.93300 242.83299 243.43300
237.16701 236.33299 241.39999 234.63300 236.96700 237.13300 236.70000 237.23300 237.56700 237.73300 237.76700 235.80000 237.30000 238.63300 239.83299 237.13300 235.50000 237.13300 238.00000 236.50000 237.16701 238.66701 240.10001 239.66701 241.39999 236.46700 238.13300 235.93300 237.33299 236.66701 235.80000 235.70000 233.89999 234.10001 236.26700 234.23300 233.30000 235.56700 235.53300 235.23300 233.80000 235.03300 236.73300 235.30000 232.50000 234.20000 235.70000 238.50000 239.03300 235.13300 235.93300 236.76700 237.16701 239.56700 240.73300 241.73300 243.36700 243.93300 243.89999 243.20000 243.20000 241.06700 245.06700 243.10001 239.23300 239.30000 239.36700 241.53300 241.66701 241.43300
234.03300 234.39999 237.23300 232.33299 229.96700 233.06700 231.30000 228.70000 232.20000 234.96700 234.30000 233.43300 235.20000 234.70000 232.43300 231.96700 230.46700 231.00000 232.63300 231.39999 234.26700 238.26700 238.50000 236.83299 236.83299 238.86700 236.96700 234.83299 233.10001 235.53300 235.76700 234.83299 234.46700 235.26700 234.36700 231.73300 231.63300 231.46700 235.36700 234.10001 233.96700 234.96700 234.93300 238.43300 237.30000 233.86700 232.66701 232.30000 232.20000 236.06700 238.76700 238.96700 239.16701 239.30000 240.20000 242.86700 242.06700 239.20000 239.80000 238.63300 239.80000 243.30000 245.20000 246.93300 243.70000 243.50000 243.20000 244.53300 243.80000 242.13300
229.50000 232.16701 234.30000 233.76700 233.23300 229.36700 227.23300 222.30000 222.23300 231.10001 227.83299 235.46700 236.20000 235.03300 233.13300 231.53300 232.56700 230.20000 228.63300 227.43300 231.00000 235.23300 236.63300 233.89999 234.23300 234.36700 234.06700 231.66701 233.00000 227.36700 229.00000 231.53300 229.16701 233.66701 237.96700 234.23300 234.26700 233.86700 234.10001 236.30000 236.89999 236.03300 236.03300 235.56700 235.80000 237.76700 235.73300 233.13300 227.70000 231.03300 234.46700 236.63300 237.33299 238.53300 235.06700 241.36700 243.66701 239.73300 241.73300 238.53300 237.70000 241.16701 241.16701 242.36700 243.63300 247.80000 246.80000 251.26700 247.36700 242.43300
231.39999 235.76700 238.80000 234.56700 237.23300 242.50000 232.70000 226.76700 224.89999 225.66701 221.63300 231.53300 236.39999 243.73300 247.83299 239.13300 235.26700 234.26700 230.10001 226.93300 227.33299 224.93300 225.66701 226.60001 230.43300 231.96700 231.20000 230.89999 233.36700 227.70000 227.93300 229.36700 231.83299 233.83299 233.83299 233.00000 234.73300 237.56700 238.13300 239.83299 239.93300 236.76700 236.76700 234.43300 234.43300 236.46700 232.03300 229.00000 231.33299 229.63300 227.16701 229.80000 234.26700 236.13300 237.80000 237.46700 237.16701 243.53300 245.00000 239.83299 244.33299 243.26700 243.30000 244.56700 244.76700 241.66701 241.66701 245.50000 246.73300 239.50000
239.06700 240.20000 241.16701 241.23300 240.76700 242.03300 239.50000 237.30000 231.03300 224.30000 222.23300 218.39999 222.13300 224.96700 229.89999 234.36700 236.06700 241.66701 240.63300 232.86700 228.10001 228.16701 225.56700 224.00000 226.06700 227.73300 229.13300 234.56700 235.43300 226.36700 235.43300 233.33299 235.93300 235.63300 234.76700 233.60001 232.86700 237.43300 237.43300 239.06700 239.93300 237.13300 235.26700 232.76700 233.13300 238.80000 240.86700 238.23300 240.60001 236.33299 232.93300 234.96700 238.53300 244.56700 244.70000 241.43300 239.83299 245.89999 244.36700 240.70000 245.10001 241.93300 241.93300 243.80000 240.83299 241.43300 242.00000 245.96700 244.86700 238.13300
225.26700 230.43300 232.26700 228.06700 229.73300 235.83299 237.00000 233.46700 232.86700 233.20000 225.06700 226.20000 221.96700 223.33299 224.13300 226.16701 229.16701 230.66701 232.23300 239.50000 239.50000 239.23300 238.20000 228.63300 224.43300 227.70000 229.93300 232.80000 231.63300 236.89999 236.89999 235.06700 235.89999 233.46700 232.76700 230.53300 229.33299 233.53300 233.73300 236.53300 235.66701 231.53300 231.23300 226.66701 226.70000 235.56700 235.39999 235.13300 235.10001 238.36700 246.43300 243.60001 240.03300 245.80000 249.20000 244.53300 249.39999 243.00000 245.23300 244.23300 242.66701 246.03300 244.76700 240.06700 240.10001 243.13300 241.03300 239.93300 239.93300 240.10001
228.53300 229.30000 231.56700 226.16701 229.00000 237.76700 239.39999 234.80000 235.26700 237.43300 225.26700 220.56700 237.53300 238.39999 233.39999 236.96700 241.10001 235.83299 222.70000 236.20000 242.56700 241.73300 241.16701 237.23300 229.39999 230.96700 229.39999 228.70000 227.56700 235.83299 236.43300 235.76700 235.83299 232.83299 232.13300 228.73300 229.33299 233.73300 233.73300 234.83299 234.83299 238.33299 237.73300 230.16701 231.13300 229.63300 226.86700 228.73300 235.10001 243.33299 244.89999 242.63300 240.36700 245.63300 245.63300 246.23300 247.73300 244.33299 245.76700 243.56700 243.39999 242.86700 237.39999 239.63300 240.43300 235.93300 227.66701 231.23300 231.66701 239.00000
232.93300 233.36700 232.20000 231.10001 231.13300 230.46700 234.73300 236.43300 237.13300 233.53300 232.26700 219.76700 230.89999 238.23300 235.76700 243.53300 245.53300 242.60001 239.70000 234.53300 233.50000 233.93300 235.83299 233.13300 233.10001 232.80000 226.06700 222.43300 226.83299 230.70000 233.30000 232.50000 232.36700 223.76700 228.63300 234.33299 233.23300 229.39999 230.70000 234.93300 236.00000 244.20000 244.46700 240.86700 236.23300 232.39999 231.63300 232.89999 233.66701 240.86700 246.46700 248.43300 244.33299 243.60001 246.26700 243.70000 243.56700 241.10001 240.26700 247.00000 242.43300 246.76700 241.13300 239.70000 237.20000 237.66701 232.60001 237.63300 239.63300 245.26700
232.50000 232.66701 233.26700 233.83299 234.63300 236.33299 229.46700 233.20000 226.46700 224.70000 225.43300 228.73300 232.76700 234.73300 234.56700 235.13300 240.53300 238.03300 238.46700 240.89999 238.83299 233.93300 231.86700 229.43300 229.43300 233.86700 233.26700 229.53300 230.50000 233.76700 234.50000 235.56700 235.20000 227.70000 230.10001 233.93300 236.46700 234.66701 240.26700 237.56700 240.50000 249.53300 246.20000 240.76700 244.30000 240.36700 237.10001 234.23300 234.89999 239.70000 242.66701 247.30000 239.16701 237.70000 239.13300 237.86700 238.86700 240.20000 241.93300 242.50000 243.56700 243.13300 245.70000 239.96700 238.96700 237.53300 237.53300 239.46700 239.86700 244.39999
226.13300 233.10001 233.39999 238.16701 238.93300 238.56700 238.16701 231.13300 229.76700 224.70000 227.16701 224.93300 228.30000 238.50000 236.30000 236.13300 236.26700 234.26700 236.76700 235.73300 236.00000 238.73300 237.60001 235.50000 230.76700 234.43300 231.50000 231.56700 232.00000 229.63300 230.60001 222.86700 227.70000 228.10001 232.76700 231.53300 228.30000 235.00000 236.83299 234.10001 234.10001 241.83299 242.26700 239.46700 237.86700 239.93300 239.93300 238.70000 238.39999 237.20000 239.10001 240.86700 242.50000 239.73300 241.23300 239.33299 241.13300 240.26700 238.70000 238.20000 237.43300 236.86700 237.33299 239.43300 241.03300 240.76700 240.56700 236.36700 237.16701 240.23300
222.73300 229.63300 230.26700 238.16701 237.06700 244.39999 237.70000 235.20000 232.36700 228.23300 226.89999 220.26700 222.73300 231.89999 236.60001 239.06700 239.06700 233.36700 233.16701 234.26700 233.66701 240.26700 237.60001 232.13300 231.43300 234.86700 236.13300 234.43300 233.03300 230.10001 227.53300 220.93300 218.86700 229.63300 232.23300 237.70000 229.63300 236.36700 236.76700 234.86700 235.26700 241.56700 243.10001 237.86700 237.86700 239.93300 239.93300 237.23300 238.10001 239.16701 238.53300 240.86700 241.06700 240.26700 238.33299 239.00000 239.03300 239.76700 238.53300 237.83299 235.93300 236.96700 237.63300 241.76700 241.89999 244.53300 244.46700 245.89999 245.86700 242.03300
221.23300 236.46700 233.83299 230.16701 233.80000 246.06700 249.86700 244.33299 236.26700 236.23300 232.60001 230.50000 233.56700 234.66701 236.43300 238.53300 236.63300 236.70000 235.06700 233.13300 233.16701 231.83299 237.50000 239.23300 238.10001 229.53300 221.60001 231.23300 231.60001 229.03300 224.33299 217.80000 217.73300 229.56700 233.06700 239.20000 239.80000 239.73300 243.53300 244.10001 251.16701 245.43300 245.76700 246.60001 241.33299 236.63300 236.66701 231.46700 230.73300 226.83299 226.86700 233.39999 233.39999 233.50000 234.26700 240.30000 241.20000 239.06700 237.60001 235.80000 238.36700 239.43300 240.23300 245.06700 249.56700 255.86700 255.30000 253.23300 252.80000 251.60001
220.39999 231.46700 234.93300 230.16701 231.20000 247.30000 249.16701 249.89999 246.93300 240.46700 240.86700 241.96700 241.10001 238.66701 242.86700 237.56700 236.63300 237.20000 236.70000 232.39999 232.26700 232.83299 237.60001 241.10001 239.46700 230.93300 231.33299 235.10001 236.73300 231.20000 230.03300 221.23300 222.36700 230.13300 234.26700 242.89999 240.33299 243.13300 244.03300 243.56700 245.10001 245.56700 239.30000 238.30000 237.96700 227.80000 230.33299 230.43300 231.73300 230.73300 230.10001 -9999 -9999 231.60001 231.50000 236.60001 239.70000 237.63300 236.46700 236.46700 240.70000 242.20000 245.73300 252.26700 254.20000 257.96701 260.20001 258.83301 262.36700 255.73300
235.16701 240.93300 238.50000 237.20000 243.56700 242.60001 242.39999 243.43300 238.20000 242.96700 243.39999 241.39999 240.43300 241.26700 241.56700 233.13300 232.56700 235.83299 231.10001 230.80000 232.26700 238.30000 236.50000 236.30000 237.39999 241.16701 237.43300 235.39999 231.96700 233.73300 229.39999 234.33299 230.00000 236.56700 239.83299 240.76700 242.10001 244.83299 240.39999 236.43300 -9999 -9999 -9999 -9999 231.10001 -9999 235.43300 239.00000 233.26700 229.23300 223.96700 -9999 -9999 233.73300 232.76700 230.63300 231.56700 236.39999 238.56700 238.00000 243.00000 246.70000 248.36700 249.86700 250.26700 250.83299 262.26700 261.06699 260.56699 249.76700
