data/hydroclimate-scenarios/BCSD_hadcm_B1/swe_stats/jd_max_swe.2030-2059.asc
ncols	311
nrows	91
xllcenter	102.75
yllcenter	31.75
cellsize	0.5
NODATA_value	-9999
[rows 31 to 61 of 91, columns 0 to 69 of 311]
-9999 -9999 -9999 -9999 -9999 -9999 -9999 -9999 -9999 -9999 -9999 211.33299 211.26700 214.70000 212.00000 217.56700 220.60001 222.93300 225.36700 221.43300 220.13300 218.70000 217.80000 213.46700 212.10001 210.26700 209.23300 207.76700 206.80000 205.60001 205.26700 208.10001 207.13300 206.60001 206.66701 206.23300 206.36700 208.30000 211.39999 212.80000 212.96700 212.66701 218.10001 215.23300 214.66701 215.76700 215.70000 215.33299 214.10001 210.50000 210.03300 207.30000 207.30000 210.86700 209.10001 203.60001 204.60001 204.96700 204.96700 210.96700 212.13300 208.53300 209.86700 210.76700 210.83299 211.13300 212.23300 211.06700 224.10001 234.23300
-9999 -9999 -9999 -9999 -9999 -9999 -9999 -9999 -9999 -9999 -9999 214.03300 214.06700 215.53300 216.03300 224.83299 222.76700 220.70000 222.70000 219.66701 220.56700 216.13300 213.60001 208.53300 207.96700 210.39999 209.39999 208.63300 208.66701 202.80000 202.73300 207.10001 207.06700 206.93300 207.76700 203.76700 203.66701 206.53300 207.39999 212.73300 212.89999 213.66701 211.96700 213.00000 213.39999 215.06700 216.96700 214.89999 214.93300 211.10001 210.26700 209.06700 209.86700 209.23300 208.76700 209.60001 209.56700 210.89999 210.16701 214.86700 214.80000 210.00000 210.03300 212.13300 210.70000 209.63300 210.13300 214.46700 218.23300 229.30000
-9999 -9999 -9999 -9999 -9999 -9999 -9999 -9999 -9999 -9999 -9999 215.13300 216.50000 215.39999 216.63300 220.33299 220.36700 219.53300 218.20000 216.73300 216.70000 213.46700 211.83299 208.53300 207.93300 209.13300 209.16701 207.66701 205.20000 202.70000 203.93300 207.43300 204.50000 206.73300 207.63300 205.13300 204.36700 206.53300 208.86700 214.56700 213.93300 215.23300 214.86700 213.33299 214.96700 219.50000 219.76700 215.53300 215.53300 212.30000 212.23300 210.16701 209.80000 209.23300 208.36700 208.33299 208.76700 211.50000 211.43300 214.50000 213.73300 210.20000 211.39999 207.86700 210.33299 210.16701 210.56700 216.36700 220.26700 225.96700
-9999 -9999 -9999 -9999 -9999 -9999 -9999 -9999 -9999 -9999 -9999 -9999 213.80000 212.86700 210.86700 215.10001 215.23300 212.63300 212.30000 212.66701 214.60001 212.60001 213.96700 214.26700 214.96700 218.60001 213.63300 210.73300 206.50000 204.70000 202.20000 197.00000 195.89999 201.56700 203.30000 207.13300 209.20000 211.70000 211.86700 215.20000 215.56700 217.70000 217.96700 216.43300 216.70000 218.00000 217.86700 214.00000 214.00000 211.36700 212.33299 213.30000 212.86700 211.06700 212.46700 217.76700 217.70000 214.16701 213.00000 210.39999 210.50000 204.89999 204.93300 208.23300 209.50000 210.89999 212.46700 217.66701 227.56700 232.39999
-9999 -9999 -9999 -9999 -9999 -9999 -9999 -9999 -9999 -9999 -9999 -9999 210.53300 209.39999 209.70000 213.23300 213.43300 211.66701 209.96700 212.13300 213.00000 215.73300 219.13300 220.06700 224.63300 217.53300 216.10001 210.73300 206.89999 205.83299 206.23300 199.60001 194.60001 200.36700 200.86700 207.16701 209.76700 210.20000 209.06700 214.83299 215.20000 217.89999 218.23300 216.63300 216.63300 218.16701 216.96700 213.89999 214.23300 212.56700 212.13300 213.10001 213.06700 213.50000 212.76700 217.76700 216.89999 217.66701 211.66701 209.80000 210.30000 205.66701 207.13300 211.86700 209.56700 210.80000 212.00000 218.89999 223.00000 229.16701
-9999 -9999 -9999 -9999 -9999 -9999 -9999 -9999 -9999 -9999 -9999 -9999 210.36700 208.39999 206.89999 213.36700 212.60001 213.86700 213.26700 214.13300 217.13300 215.20000 217.33299 219.30000 217.23300 214.20000 211.26700 207.06700 205.43300 196.70000 196.50000 193.80000 197.63300 200.80000 199.50000 202.60001 203.06700 207.60001 209.66701 208.43300 213.83299 217.43300 217.30000 217.89999 217.70000 220.70000 221.03300 219.50000 216.60001 213.63300 213.86700 212.86700 215.16701 213.80000 210.76700 211.16701 211.13300 211.06700 211.53300 209.83299 210.03300 212.20000 210.06700 206.66701 213.80000 217.39999 216.46700 224.96700 230.36700 227.96700
-9999 -9999 -9999 208.50000 214.43300 210.16701 208.30000 211.60001 211.63300 -9999 217.03300 219.39999 211.70000 208.03300 207.26700 212.30000 212.73300 209.93300 213.80000 216.20000 215.00000 210.76700 210.46700 212.50000 212.66701 209.06700 204.63300 206.46700 205.86700 211.06700 196.86700 190.46700 196.36700 203.03300 197.39999 201.89999 204.70000 209.89999 207.93300 208.30000 212.56700 216.03300 215.03300 215.53300 218.26700 225.13300 228.63300 225.20000 223.66701 216.46700 215.76700 215.89999 221.10001 219.33299 217.16701 222.83299 224.20000 214.76700 216.13300 210.70000 209.56700 211.66701 211.63300 209.86700 213.33299 217.56700 219.93300 224.86700 220.60001 224.43300
-9999 -9999 -9999 210.00000 209.76700 215.89999 212.46700 213.60001 210.36700 208.50000 214.33299 210.46700 222.39999 208.80000 215.43300 211.93300 209.50000 212.89999 214.00000 210.76700 207.89999 209.16701 207.89999 205.16701 205.89999 201.56700 202.43300 202.39999 204.70000 210.80000 197.20000 194.23300 194.89999 200.26700 206.23300 197.73300 206.53300 210.00000 201.76700 214.03300 219.50000 216.96700 212.73300 216.23300 224.46700 236.33299 237.10001 231.66701 230.13300 230.76700 233.70000 233.30000 233.03300 219.23300 215.96700 221.39999 220.63300 217.80000 220.13300 217.23300 215.66701 217.46700 221.56700 212.96700 212.96700 219.60001 219.66701 217.16701 219.76700 224.33299
-9999 -9999 -9999 204.53300 209.86700 209.56700 215.93300 211.83299 209.80000 211.93300 215.10001 212.93300 212.76700 213.16701 214.26700 208.06700 210.86700 212.10001 202.00000 204.80000 206.03300 207.20000 202.66701 207.06700 211.26700 201.03300 201.13300 198.10001 201.20000 208.43300 213.60001 209.10001 195.63300 198.70000 204.56700 205.03300 199.10001 204.39999 209.66701 221.66701 225.20000 219.00000 215.56700 215.13300 215.60001 232.06700 228.73300 229.00000 232.53300 234.33299 236.23300 232.63300 231.96700 226.03300 216.33299 220.50000 218.39999 212.80000 218.00000 218.36700 215.63300 217.46700 215.86700 215.43300 213.53300 217.30000 219.53300 221.76700 235.76700 234.30000
-9999 -9999 -9999 204.50000 200.16701 210.83299 207.66701 215.16701 206.66701 206.63300 208.39999 202.93300 205.20000 205.43300 211.43300 208.10001 208.06700 208.03300 203.73300 196.80000 211.46700 217.63300 223.46700 211.96700 202.76700 199.20000 196.70000 191.23300 210.36700 209.80000 196.26700 185.73300 195.89999 209.53300 206.93300 191.43300 190.06700 193.63300 196.39999 203.43300 214.06700 214.13300 215.43300 215.20000 211.56700 214.53300 218.03300 216.80000 229.73300 229.89999 234.76700 226.43300 228.33299 227.06700 221.46700 221.30000 220.23300 219.39999 221.16701 220.43300 229.39999 219.80000 221.76700 218.26700 218.03300 214.20000 218.36700 223.96700 241.66701 246.76700
-9999 -9999 -9999 196.10001 203.83299 213.53300 215.26700 211.63300 205.83299 207.83299 206.66701 201.83299 203.50000 211.16701 226.70000 216.83299 220.03300 211.66701 195.83299 190.43300 192.23300 211.16701 208.16701 193.26700 191.56700 185.83299 179.66701 180.80000 189.66701 197.20000 199.43300 193.06700 205.00000 204.86700 203.10001 195.83299 194.10001 191.43300 192.36700 199.30000 204.20000 207.43300 213.93300 223.39999 208.26700 211.20000 211.50000 217.53300 218.50000 219.93300 219.93300 215.39999 215.30000 226.13300 221.36700 222.86700 216.80000 217.70000 222.43300 230.66701 230.80000 228.06700 227.30000 233.46700 234.13300 227.50000 232.83299 237.36700 241.73300 231.83299
-9999 -9999 -9999 -9999 203.53300 212.20000 216.89999 218.36700 205.16701 199.96700 205.16701 208.76700 220.86700 209.00000 -9999 -9999 -9999 -9999 -9999 200.36700 201.53300 184.56700 186.39999 200.86700 200.86700 187.43300 176.83299 178.20000 179.73300 180.39999 189.53300 191.10001 194.89999 193.80000 182.76700 186.60001 186.60001 187.16701 186.06700 188.96700 196.30000 194.46700 194.20000 196.83299 197.70000 195.80000 201.70000 207.93300 205.50000 202.86700 212.30000 210.10001 209.73300 217.10001 219.93300 225.86700 225.86700 228.66701 227.53300 226.00000 227.13300 232.00000 232.83299 229.73300 230.26700 230.66701 230.20000 223.93300 223.23300 -9999
-9999 -9999 202.63300 201.63300 203.50000 201.00000 206.73300 211.96700 200.39999 198.50000 202.50000 201.73300 218.06700 -9999 -9999 -9999 -9999 -9999 216.10001 196.46700 191.89999 171.76700 174.39999 190.89999 192.36700 182.86700 172.56700 173.13300 171.00000 169.33299 175.10001 168.89999 174.89999 176.93300 175.46700 172.00000 177.83299 185.06700 185.06700 190.83299 196.73300 184.16701 185.39999 188.39999 186.56700 190.76700 194.20000 201.89999 198.16701 192.10001 195.76700 191.13300 190.73300 188.16701 196.86700 198.33299 213.63300 224.36700 226.70000 218.63300 217.53300 221.33299 218.83299 220.96700 218.56700 218.46700 218.70000 -9999 -9999 -9999
-9999 -9999 196.86700 201.86700 202.16701 195.06700 198.63300 213.03300 195.03300 200.13300 209.63300 213.10001 202.26700 -9999 -9999 -9999 -9999 184.60001 194.73300 185.89999 178.26700 176.06700 171.36700 172.50000 167.70000 163.89999 162.43300 166.23300 163.70000 164.86700 174.83299 160.96700 159.13300 164.33299 170.66701 168.76700 174.63300 179.96700 186.00000 188.43300 181.66701 179.66701 180.16701 176.93300 180.16701 180.03300 179.86700 183.26700 178.00000 182.10001 179.70000 180.03300 181.23300 178.76700 183.26700 183.03300 185.33299 201.53300 211.33299 206.56700 203.96700 210.03300 202.89999 206.60001 205.66701 -9999 -9999 -9999 -9999 -9999
-9999 -9999 190.76700 196.50000 200.16701 202.86700 192.80000 190.06700 190.33299 196.00000 196.13300 202.83299 180.56700 -9999 -9999 -9999 -9999 187.30000 181.26700 173.30000 170.43300 154.23300 148.26700 152.03300 152.36700 160.33299 169.70000 171.80000 157.66701 171.63300 174.70000 160.10001 157.66701 157.63300 167.56700 163.70000 166.06700 168.20000 170.53300 172.70000 170.53300 171.80000 173.60001 168.43300 169.76700 180.76700 179.03300 179.60001 174.96700 175.13300 178.20000 183.26700 187.96700 182.16701 176.93300 179.56700 184.96700 189.10001 189.53300 196.36700 196.80000 190.96700 195.06700 204.13300 211.76700 214.60001 206.96700 211.13300 214.23300 -9999
-9999 -9999 -9999 188.39999 188.89999 185.83299 185.80000 182.80000 194.06700 202.30000 188.16701 186.43300 -9999 -9999 -9999 -9999 183.56700 184.20000 172.39999 168.33299 162.70000 144.13300 151.20000 146.23300 157.53300 162.50000 163.39999 159.30000 161.56700 165.70000 155.73300 164.00000 156.33299 164.03300 161.33299 159.43300 159.70000 162.80000 166.36700 167.70000 163.76700 169.43300 167.83299 159.46700 170.00000 169.30000 169.26700 172.10001 170.96700 166.96700 167.80000 175.23300 176.39999 178.93300 181.20000 182.26700 183.39999 191.10001 192.53300 189.36700 191.50000 191.06700 205.06700 233.00000 240.23300 216.33299 202.50000 206.93300 205.73300 205.20000
-9999 -9999 -9999 -9999 186.63300 186.46700 186.43300 192.66701 205.93300 187.66701 188.03300 -9999 -9999 -9999 -9999 196.10001 183.80000 177.96700 165.73300 172.36700 161.36700 143.10001 144.76700 132.96700 137.89999 157.66701 161.33299 156.30000 162.86700 155.96700 160.33299 150.83299 152.83299 158.76700 161.86700 155.83299 157.16701 163.13300 164.53300 162.33299 165.86700 169.30000 166.43300 160.89999 154.36700 161.00000 166.60001 166.66701 164.13300 163.80000 163.86700 175.00000 174.46700 178.39999 179.20000 180.39999 178.00000 184.39999 186.46700 181.83299 193.43300 199.80000 216.03300 217.66701 226.20000 215.39999 203.26700 194.70000 199.03300 196.10001
-9999 -9999 -9999 -9999 -9999 -9999 188.56700 190.50000 191.60001 181.20000 182.70000 -9999 -9999 -9999 -9999 -9999 180.33299 169.89999 169.26700 157.66701 161.80000 156.16701 143.23300 140.39999 150.00000 149.33299 150.03300 152.39999 144.70000 158.39999 161.36700 151.86700 152.63300 163.96700 165.86700 163.56700 163.60001 169.23300 166.46700 155.43300 156.13300 161.30000 165.70000 156.13300 157.23300 149.80000 157.53300 158.93300 159.73300 162.13300 165.96700 171.16701 175.39999 172.80000 174.10001 176.23300 176.36700 178.16701 180.83299 184.26700 202.86700 210.00000 214.36700 223.60001 229.63300 217.63300 204.13300 194.10001 193.13300 187.89999
-9999 -9999 -9999 -9999 -9999 -9999 -9999 -9999 -9999 -9999 -9999 -9999 -9999 -9999 -9999 -9999 -9999 -9999 -9999 159.89999 164.20000 157.30000 142.56700 144.23300 156.16701 150.73300 151.60001 166.73300 172.39999 171.16701 168.16701 156.33299 150.96700 159.86700 159.00000 163.30000 162.10001 153.43300 153.46700 142.13300 145.76700 156.60001 155.23300 146.66701 148.76700 150.10001 154.80000 157.83299 160.96700 159.66701 162.53300 169.33299 170.20000 172.20000 173.30000 173.16701 174.43300 177.73300 180.33299 179.80000 195.39999 207.20000 212.39999 221.63300 225.60001 196.30000 183.20000 178.73300 174.06700 187.00000
-9999 -9999 -9999 -9999 -9999 -9999 -9999 -9999 -9999 -9999 -9999 -9999 -9999 -9999 -9999 -9999 -9999 -9999 171.96700 167.56700 162.10001 145.50000 150.56700 148.36700 149.33299 151.83299 152.39999 150.23300 142.83299 161.26700 160.36700 152.70000 152.20000 156.89999 156.80000 162.76700 162.76700 149.39999 145.70000 156.83299 165.63300 137.20000 143.16701 148.93300 148.63300 140.00000 138.39999 156.70000 161.00000 157.06700 159.03300 161.89999 164.76700 167.76700 163.03300 167.50000 168.63300 178.16701 190.73300 191.70000 190.56700 182.80000 195.43300 207.33299 207.60001 189.26700 189.60001 184.20000 184.03300 185.10001
-9999 -9999 -9999 -9999 -9999 -9999 -9999 -9999 -9999 -9999 -9999 -9999 -9999 -9999 -9999 -9999 -9999 181.16701 177.03300 166.10001 164.46700 150.36700 146.73300 148.06700 149.63300 147.10001 152.96700 153.10001 153.06700 158.10001 162.39999 159.73300 154.76700 160.53300 161.46700 163.46700 163.46700 146.73300 145.50000 156.80000 159.86700 150.13300 139.80000 151.76700 142.96700 138.73300 143.50000 153.93300 157.73300 163.06700 164.56700 172.50000 176.66701 169.46700 163.26700 166.83299 168.70000 174.36700 177.93300 179.13300 181.86700 178.50000 211.76700 207.03300 182.39999 181.70000 186.26700 189.83299 185.93300 183.93300
-9999 -9999 -9999 -9999 -9999 -9999 -9999 -9999 -9999 -9999 -9999 -9999 -9999 -9999 -9999 -9999 -9999 170.03300 166.10001 171.43300 178.83299 164.86700 153.43300 150.83299 148.93300 133.23300 136.46700 153.70000 156.13300 168.20000 163.43300 160.43300 157.66701 165.16701 155.03300 163.20000 161.13300 161.63300 159.89999 148.80000 139.86700 144.53300 144.03300 147.36700 151.39999 147.20000 148.06700 156.06700 154.20000 157.39999 162.53300 178.30000 180.16701 173.70000 169.80000 166.00000 169.26700 177.23300 173.16701 177.30000 176.00000 182.56700 186.70000 200.80000 205.73300 205.80000 181.63300 186.63300 187.00000 182.16701
-9999 -9999 -9999 -9999 -9999 -9999 -9999 -9999 -9999 -9999 -9999 -9999 -9999 -9999 -9999 -9999 177.13300 182.50000 165.43300 177.16701 169.43300 152.86700 162.93300 152.20000 140.93300 137.16701 138.03300 160.70000 160.39999 165.16701 162.50000 159.43300 162.23300 165.70000 164.96700 168.13300 165.43300 158.33299 159.80000 146.53300 140.89999 145.03300 151.03300 146.70000 145.63300 143.93300 143.96700 155.63300 150.30000 165.96700 171.96700 176.73300 178.73300 174.06700 172.20000 166.06700 166.06700 171.83299 172.39999 179.50000 181.76700 179.50000 184.89999 203.83299 196.56700 189.26700 193.66701 187.06700 186.60001 183.86700
-9999 -9999 -9999 -9999 -9999 -9999 -9999 -9999 -9999 -9999 -9999 -9999 -9999 174.26700 163.46700 175.06700 168.46700 185.43300 172.66701 155.10001 154.00000 168.96700 154.73300 141.39999 141.96700 138.80000 145.00000 148.66701 146.56700 150.00000 151.33299 157.70000 160.20000 165.70000 167.30000 164.50000 159.03300 141.76700 139.63300 140.80000 139.63300 143.10001 141.43300 138.70000 138.00000 143.20000 141.50000 150.70000 150.80000 153.23300 156.56700 170.26700 176.33299 175.60001 177.39999 167.66701 170.89999 166.89999 171.03300 176.46700 176.60001 177.96700 186.13300 185.56700 181.86700 186.46700 197.13300 195.53300 187.43300 180.53300
-9999 -9999 -9999 -9999 -9999 -9999 -9999 -9999 -9999 -9999 -9999 -9999 154.43300 157.56700 153.06700 157.26700 151.80000 150.20000 163.26700 134.20000 153.76700 149.13300 143.46700 139.26700 137.20000 140.00000 143.16701 148.56700 149.53300 152.60001 148.96700 156.26700 161.23300 164.39999 163.33299 164.20000 164.00000 148.80000 143.26700 128.70000 142.06700 136.10001 131.00000 137.89999 140.56700 149.36700 145.33299 149.46700 143.20000 152.30000 152.20000 159.80000 161.06700 159.60001 173.16701 175.60001 160.73300 166.23300 171.46700 172.13300 173.86700 174.13300 178.36700 182.13300 182.93300 188.56700 196.36700 191.23300 181.93300 183.00000
-9999 -9999 -9999 -9999 -9999 -9999 -9999 -9999 -9999 -9999 -9999 172.46700 165.00000 171.60001 148.43300 121.10000 111.76700 129.06700 125.36700 150.33299 154.96700 134.06700 134.06700 144.16701 145.43300 145.70000 142.30000 131.66701 140.23300 143.26700 143.26700 155.36700 156.30000 150.33299 148.43300 149.86700 149.89999 145.33299 144.53300 131.26700 129.43300 119.40000 118.50000 129.10001 140.39999 153.23300 143.20000 154.30000 155.76700 145.23300 136.66701 145.66701 157.13300 151.86700 155.20000 161.70000 158.00000 157.16701 161.43300 162.10001 161.30000 179.89999 181.46700 190.53300 192.56700 193.43300 190.76700 178.06700 176.00000 192.23300
-9999 -9999 -9999 -9999 -9999 -9999 -9999 -9999 -9999 -9999 182.26700 168.76700 148.26700 163.36700 149.20000 129.56700 124.86700 120.26700 117.33300 165.39999 158.33299 130.93300 136.26700 134.66701 148.39999 134.46700 138.20000 140.43300 138.46700 150.83299 143.46700 153.66701 149.63300 145.06700 147.33299 143.10001 143.39999 153.20000 150.30000 134.03300 130.20000 119.93300 120.26700 128.00000 137.10001 137.56700 145.23300 151.86700 153.86700 148.43300 145.06700 150.63300 144.53300 147.96700 149.80000 154.46700 153.56700 149.89999 171.16701 170.13300 167.20000 179.89999 181.53300 186.76700 186.93300 187.63300 182.03300 174.06700 179.76700 200.33299
-9999 -9999 -9999 -9999 -9999 -9999 -9999 -9999 -9999 140.06700 144.70000 155.70000 159.46700 162.20000 159.76700 149.89999 147.23300 131.03400 138.44800 132.66701 121.50000 120.70000 128.53300 131.63300 124.96700 116.76700 114.76700 135.76700 137.03300 147.66701 149.39999 130.66701 135.56700 145.96700 141.93300 134.10001 140.83299 155.83299 141.43300 118.10000 120.90000 124.76700 126.10000 138.20700 132.96600 135.80000 137.46700 147.96700 161.10001 141.33299 136.89999 130.46700 147.56700 126.86700 124.06700 141.50000 155.30000 168.50000 172.76700 178.23300 176.56700 179.86700 180.50000 180.73300 177.00000 170.13300 168.80000 169.03300 187.70000 206.30000
-9999 -9999 -9999 -9999 -9999 -9999 -9999 -9999 -9999 -9999 139.03300 163.50000 149.73300 143.60001 127.06700 143.80000 147.56700 148.75900 146.00000 120.40000 119.96700 126.53300 119.93300 -9999 -9999 -9999 -9999 -9999 -9999 151.23300 141.83299 124.20000 133.76700 132.86700 141.06700 127.30000 155.76700 145.30000 129.13300 117.86700 117.20000 123.56700 124.23300 136.72400 135.86200 136.10001 143.93300 158.63300 144.83299 138.20000 134.46700 144.26700 136.23300 119.53300 124.53300 153.39999 165.36700 170.53300 169.60001 175.66701 178.30000 179.13300 178.33299 179.70000 171.13300 163.16701 168.86700 181.33299 204.89999 200.86700
-9999 -9999 -9999 -9999 -9999 -9999 -9999 -9999 -9999 -9999 -9999 -9999 131.13300 140.56700 138.63300 124.26700 122.23300 130.43300 128.20000 -9999 -9999 -9999 -9999 -9999 -9999 -9999 -9999 -9999 -9999 -9999 -9999 -9999 -9999 117.73300 122.33300 135.63300 131.73300 138.56700 134.66701 119.03300 121.93300 120.33300 115.83300 133.16701 131.36700 132.60001 136.26700 149.56700 144.13300 154.06700 153.13300 131.89999 133.10001 144.50000 143.83299 140.80000 146.50000 159.80000 165.26700 172.00000 174.53300 161.96700 163.36700 165.13300 166.00000 170.50000 181.10001 197.36700 204.60001 190.10001
-9999 -9999 -9999 -9999 -9999 -9999 -9999 -9999 -9999 -9999 -9999 -9999 -9999 -9999 -9999 -9999 -9999 -9999 -9999 -9999 -9999 -9999 -9999 -9999 -9999 -9999 -9999 -9999 -9999 -9999 -9999 -9999 -9999 -9999 135.16701 124.86700 122.13300 149.36700 137.60001 117.66700 126.36700 122.56700 117.26700 135.39999 124.76700 133.36700 138.00000 149.53300 148.66701 159.60001 150.96700 143.76700 140.50000 149.76700 149.20000 144.70000 144.36700 144.13300 161.30000 172.03300 172.33299 167.20000 179.20000 166.23300 165.89999 167.33299 181.16701 207.16701 189.46700 189.83299
