data/hydroclimate-scenarios/BCSD_hadcm_B1/swe_stats/max_swe.2070-2099.asc
ncols	311
nrows	91
xllcenter	102.75
yllcenter	31.75
cellsize	0.5
NODATA_value	-9999
[rows 0 to 30 of 91, columns 213 to 283 of 311]
-9999 -9999 -9999 -9999 -9999 -9999 -9999 -9999 -9999 -9999 -9999 -9999 -9999 -9999 -9999 -9999 -9999 -9999 -9999 -9999 -9999 -9999 -9999 -9999 -9999 -9999 -9999 -9999 -9999 -9999 -9999 -9999 -9999 -9999 -9999 -9999 -9999 -9999 -9999 -9999 -9999 -9999 -9999 -9999 -9999 -9999 -9999 -9999 -9999 -9999 -9999 -9999 -9999 -9999 -9999 -9999 -9999 -9999 -9999 -9999 -9999 -9999 -9999 -9999 -9999 -9999 -9999 -9999 -9999 -9999 -9999
-9999 -9999 -9999 -9999 -9999 -9999 -9999 -9999 -9999 -9999 -9999 -9999 -9999 -9999 -9999 -9999 -9999 -9999 -9999 -9999 -9999 -9999 -9999 -9999 -9999 -9999 -9999 -9999 -9999 -9999 -9999 -9999 -9999 -9999 -9999 -9999 -9999 -9999 -9999 -9999 -9999 -9999 -9999 -9999 -9999 -9999 -9999 -9999 -9999 -9999 -9999 -9999 -9999 -9999 -9999 -9999 -9999 -9999 -9999 -9999 -9999 -9999 -9999 -9999 -9999 -9999 -9999 -9999 -9999 -9999 -9999
-9999 -9999 -9999 -9999 -9999 -9999 -9999 -9999 -9999 -9999 -9999 -9999 -9999 -9999 -9999 -9999 -9999 -9999 -9999 -9999 -9999 -9999 -9999 -9999 -9999 -9999 -9999 -9999 -9999 -9999 -9999 -9999 -9999 -9999 -9999 -9999 -9999 -9999 -9999 -9999 -9999 -9999 -9999 -9999 -9999 -9999 -9999 -9999 -9999 -9999 -9999 -9999 -9999 -9999 -9999 -9999 -9999 -9999 -9999 -9999 -9999 -9999 -9999 -9999 -9999 -9999 -9999 -9999 -9999 -9999 -9999
-9999 -9999 -9999 -9999 -9999 -9999 -9999 -9999 -9999 -9999 -9999 -9999 -9999 -9999 -9999 -9999 -9999 -9999 -9999 -9999 -9999 -9999 -9999 -9999 -9999 -9999 -9999 -9999 -9999 -9999 -9999 -9999 -9999 -9999 -9999 -9999 -9999 -9999 -9999 -9999 -9999 -9999 -9999 -9999 -9999 -9999 -9999 -9999 -9999 -9999 -9999 -9999 -9999 -9999 -9999 -9999 -9999 -9999 -9999 -9999 -9999 -9999 -9999 -9999 -9999 -9999 -9999 -9999 -9999 -9999 -9999
-9999 -9999 -9999 -9999 -9999 -9999 -9999 -9999 -9999 -9999 -9999 -9999 -9999 -9999 -9999 -9999 -9999 -9999 -9999 -9999 -9999 -9999 -9999 -9999 -9999 -9999 -9999 -9999 -9999 -9999 -9999 -9999 -9999 -9999 -9999 -9999 -9999 -9999 -9999 -9999 -9999 -9999 -9999 -9999 -9999 -9999 -9999 -9999 -9999 -9999 -9999 -9999 -9999 -9999 -9999 -9999 -9999 -9999 -9999 -9999 -9999 -9999 -9999 -9999 -9999 -9999 -9999 -9999 -9999 -9999 -9999
-9999 -9999 -9999 -9999 -9999 -9999 -9999 -9999 -9999 -9999 -9999 -9999 -9999 -9999 -9999 -9999 -9999 -9999 -9999 -9999 -9999 -9999 -9999 -9999 -9999 -9999 -9999 -9999 -9999 -9999 -9999 -9999 -9999 -9999 -9999 -9999 -9999 -9999 -9999 -9999 -9999 -9999 -9999 -9999 -9999 -9999 -9999 -9999 -9999 -9999 -9999 -9999 -9999 -9999 -9999 -9999 -9999 -9999 -9999 -9999 -9999 -9999 -9999 -9999 -9999 -9999 -9999 -9999 -9999 -9999 -9999
-9999 -9999 -9999 -9999 -9999 -9999 -9999 -9999 -9999 -9999 -9999 -9999 -9999 -9999 -9999 -9999 -9999 -9999 -9999 -9999 -9999 -9999 -9999 -9999 -9999 -9999 -9999 -9999 -9999 -9999 -9999 -9999 -9999 -9999 -9999 -9999 -9999 -9999 -9999 -9999 -9999 -9999 -9999 -9999 -9999 -9999 -9999 -9999 -9999 -9999 -9999 -9999 -9999 -9999 -9999 -9999 -9999 -9999 -9999 -9999 -9999 -9999 -9999 -9999 -9999 -9999 -9999 -9999 -9999 -9999 -9999
-9999 -9999 -9999 -9999 -9999 -9999 -9999 -9999 -9999 -9999 -9999 -9999 -9999 -9999 -9999 -9999 -9999 -9999 -9999 -9999 -9999 -9999 -9999 -9999 -9999 -9999 -9999 -9999 -9999 -9999 -9999 -9999 -9999 -9999 -9999 -9999 -9999 -9999 -9999 -9999 -9999 -9999 -9999 -9999 -9999 -9999 -9999 -9999 -9999 -9999 -9999 -9999 -9999 -9999 -9999 -9999 -9999 -9999 -9999 -9999 -9999 -9999 -9999 -9999 -9999 -9999 -9999 -9999 -9999 -9999 -9999
-9999 -9999 -9999 -9999 -9999 -9999 -9999 -9999 -9999 -9999 -9999 -9999 -9999 -9999 -9999 -9999 -9999 -9999 -9999 -9999 -9999 -9999 -9999 -9999 -9999 -9999 -9999 -9999 -9999 -9999 -9999 -9999 -9999 -9999 -9999 -9999 -9999 -9999 -9999 -9999 -9999 -9999 -9999 -9999 -9999 -9999 -9999 -9999 -9999 -9999 -9999 -9999 -9999 -9999 -9999 -9999 -9999 -9999 -9999 -9999 -9999 -9999 -9999 -9999 -9999 -9999 -9999 -9999 -9999 -9999 -9999
-9999 -9999 -9999 -9999 -9999 -9999 -9999 -9999 -9999 -9999 -9999 -9999 -9999 -9999 -9999 -9999 -9999 -9999 -9999 -9999 -9999 -9999 -9999 -9999 -9999 -9999 -9999 -9999 -9999 -9999 -9999 -9999 -9999 -9999 -9999 -9999 -9999 -9999 -9999 -9999 -9999 -9999 -9999 -9999 -9999 -9999 -9999 -9999 -9999 -9999 -9999 -9999 -9999 -9999 -9999 -9999 -9999 -9999 -9999 -9999 -9999 -9999 -9999 -9999 -9999 -9999 -9999 -9999 -9999 -9999 -9999
-9999 -9999 -9999 -9999 -9999 -9999 -9999 -9999 -9999 -9999 -9999 -9999 -9999 -9999 -9999 -9999 -9999 -9999 -9999 -9999 -9999 -9999 -9999 -9999 -9999 -9999 -9999 -9999 -9999 -9999 -9999 -9999 -9999 -9999 -9999 -9999 -9999 -9999 -9999 -9999 -9999 -9999 -9999 -9999 -9999 -9999 -9999 -9999 -9999 -9999 -9999 -9999 -9999 -9999 -9999 -9999 -9999 -9999 -9999 -9999 -9999 -9999 -9999 -9999 -9999 -9999 -9999 -9999 -9999 -9999 -9999
-9999 -9999 -9999 -9999 -9999 -9999 -9999 -9999 -9999 -9999 -9999 -9999 -9999 -9999 -9999 -9999 -9999 -9999 -9999 -9999 -9999 -9999 -9999 -9999 -9999 -9999 -9999 -9999 -9999 -9999 -9999 -9999 -9999 -9999 -9999 -9999 -9999 -9999 -9999 -9999 -9999 -9999 -9999 -9999 -9999 -9999 -9999 -9999 -9999 -9999 -9999 -9999 -9999 -9999 -9999 -9999 -9999 -9999 -9999 -9999 -9999 -9999 -9999 -9999 -9999 -9999 -9999 -9999 -9999 -9999 -9999
-9999 -9999 -9999 -9999 -9999 -9999 -9999 -9999 -9999 -9999 -9999 -9999 -9999 -9999 -9999 -9999 -9999 -9999 -9999 -9999 -9999 -9999 -9999 -9999 -9999 -9999 -9999 -9999 -9999 -9999 -9999 -9999 -9999 -9999 -9999 -9999 -9999 -9999 -9999 -9999 -9999 -9999 -9999 -9999 -9999 -9999 -9999 -9999 -9999 -9999 -9999 -9999 -9999 -9999 -9999 -9999 -9999 -9999 -9999 -9999 -9999 -9999 -9999 -9999 -9999 -9999 -9999 -9999 -9999 -9999 -9999
132.23000 133.84000 133.12300 131.46300 113.85300 110.43700 -9999 -9999 -9999 -9999 -9999 -9999 -9999 -9999 -9999 -9999 -9999 -9999 -9999 -9999 -9999 -9999 -9999 -9999 -9999 -9999 -9999 -9999 -9999 -9999 -9999 -9999 -9999 -9999 -9999 -9999 -9999 -9999 -9999 -9999 -9999 -9999 -9999 -9999 -9999 -9999 -9999 89.91000 -9999 -9999 -9999 -9999 -9999 -9999 -9999 -9999 -9999 -9999 -9999 -9999 -9999 -9999 -9999 -9999 -9999 -9999 -9999 -9999 -9999 -9999 -9999
155.34300 151.15300 143.77699 141.32300 143.11700 143.01300 114.00000 107.82000 91.46000 97.67670 63.12330 64.52670 68.57330 167.59000 160.98300 155.41000 144.61700 120.10000 588.80701 -9999 -9999 -9999 -9999 -9999 -9999 -9999 -9999 -9999 -9999 -9999 -9999 -9999 -9999 -9999 -9999 -9999 -9999 -9999 -9999 -9999 -9999 -9999 31.30000 54.88670 43.17000 23.25000 28.24000 54.44670 116.84300 -9999 -9999 -9999 102.63000 -9999 -9999 -9999 107.14000 136.10300 135.11301 -9999 -9999 -9999 -9999 -9999 -9999 -9999 -9999 -9999 -9999 -9999 -9999
162.99001 152.30000 149.01300 149.94000 149.83299 152.24699 41.55330 17.91000 20.25670 21.83330 24.48330 28.88330 28.19670 29.34670 10.81000 23.46000 18.97330 15.85670 10.28000 8.99333 9.36333 23.64330 94.51670 170.89301 108.86000 -9999 -9999 -9999 -9999 -9999 127.69700 126.48700 137.59000 147.52000 148.31700 137.55701 124.12300 124.84000 124.94700 118.46300 112.56300 114.25700 27.84330 34.91670 30.18330 31.91330 39.18330 51.94670 138.78700 142.48000 145.46001 135.29300 128.28999 143.57700 139.79300 130.91701 154.89301 157.10001 125.59700 129.22701 137.52000 135.61700 147.33299 136.96300 -9999 -9999 -9999 -9999 -9999 -9999 -9999
169.25000 169.78000 169.88000 122.21000 119.75700 81.77670 22.63670 27.88000 27.75670 27.77330 4.89667 30.91330 30.89000 32.44330 22.89000 17.52000 12.67000 11.18670 9.60000 7.96000 16.50000 22.66330 137.45700 58.42670 87.42670 112.15300 132.91299 161.84300 175.73700 165.33701 155.32001 151.25700 149.73000 173.28700 186.13699 166.50700 146.17999 151.40300 154.28999 143.79700 148.84300 148.17000 144.24300 145.47301 147.88000 145.93700 142.37000 144.36301 139.70300 136.62000 147.31300 141.95700 149.89301 156.26300 163.46300 189.91000 197.57001 195.67300 211.51700 215.88699 191.74699 212.50000 200.37700 193.00301 169.20700 148.25700 135.87000 133.56000 124.46300 129.20300 139.28300
146.61301 116.91700 188.27299 76.07670 70.57000 32.48000 28.77330 26.07000 25.03670 22.01000 20.27670 19.79000 25.08000 18.40670 10.29000 7.87333 9.04000 10.86670 58.74000 63.34000 66.15330 113.20000 275.44299 297.42300 124.89000 137.36700 125.79700 165.43700 192.87300 212.05299 225.60300 166.31000 162.92000 182.82700 214.27299 226.95700 220.23700 217.76300 195.60699 184.41000 174.42700 179.16701 164.79700 153.68700 155.67999 151.25000 146.36000 151.92300 156.53700 151.62300 156.71700 161.32001 166.96700 180.94701 186.78700 204.10300 221.94701 206.96300 209.62000 220.33000 226.85001 247.75700 211.75700 212.93700 185.22000 175.65300 163.02299 179.77699 195.95300 206.75700 216.72301
173.39301 180.46001 137.67300 119.84300 100.55700 79.28670 75.10330 42.11330 39.61330 34.55000 37.73670 37.22670 22.86330 17.73330 5.14000 21.16000 61.89330 29.30330 49.19000 44.67000 149.39000 211.02699 287.06000 304.42001 156.08701 146.83000 179.25700 136.66701 132.31300 176.53999 293.55701 228.10001 214.97301 203.46001 215.53999 229.15300 233.62000 212.25301 191.15700 182.17700 169.55000 157.06700 155.51700 163.63000 169.12700 169.45000 185.31700 191.37000 193.89700 189.30299 192.35699 182.55299 178.28700 181.62300 197.77699 196.61700 194.57700 214.11700 228.85001 235.50301 231.89999 237.34000 210.16701 213.11000 210.95300 227.42700 236.67300 229.87300 215.13300 221.98000 223.50301
208.14999 242.44000 209.29300 162.89999 143.00301 128.75000 108.23700 82.13000 112.97700 101.11300 88.72000 71.50670 86.28670 82.82670 92.42330 89.18330 82.78330 93.86330 313.90701 291.90701 184.73000 229.33000 195.30000 250.82700 120.38000 144.97301 191.11000 209.53300 241.27699 226.80701 349.24701 325.45700 264.92999 251.32001 225.08299 200.49699 188.52299 178.60699 185.12300 193.07300 173.76300 158.46300 177.52000 198.92999 197.28700 191.75700 206.39301 209.62300 209.28999 195.50700 196.65300 213.40300 192.01300 191.06700 201.14700 206.19701 220.39700 229.58701 229.35699 221.94701 213.61000 207.96700 211.70300 224.59300 233.95700 243.15700 255.06000 282.01001 293.42300 297.59698 287.39700
199.41299 293.22299 304.92700 229.83701 174.59000 137.83299 123.79000 118.25700 96.72000 94.24000 88.74000 90.07000 95.46330 93.64670 104.35700 109.73700 117.08000 118.94700 196.94701 133.41701 40.74000 53.21000 118.98000 98.99000 92.86000 138.73000 169.25999 200.45300 226.18300 257.26999 262.84000 286.28699 277.60001 255.73000 225.97701 196.82001 193.15300 198.82001 193.22301 185.23000 180.13300 160.38300 180.76300 180.69299 178.37700 173.81000 181.53300 198.61000 204.85001 207.91701 214.70300 209.70700 212.49001 212.84000 211.64000 209.02000 236.30299 215.12300 212.41701 197.58299 187.85001 182.84300 187.58701 199.59700 210.99699 226.58299 246.13000 274.34299 281.54001 292.55701 289.07999
248.82300 231.35300 179.53700 118.29000 105.04300 106.40300 102.64000 108.12000 99.22330 99.06000 98.00330 99.89330 107.94700 117.33000 121.02300 114.44000 116.73700 114.31700 264.85300 218.63300 27.43000 19.20670 20.05670 46.04330 84.57000 158.91299 213.14700 230.45000 208.23700 238.43700 243.91701 297.36301 307.20999 269.76999 237.33701 219.39700 216.46001 207.65300 196.83299 193.41701 180.89000 165.65700 173.21300 166.70300 164.03300 173.08299 188.87700 194.64700 204.90300 207.30000 228.81300 221.29300 204.79300 194.50700 187.80000 186.42300 186.24699 204.86301 201.45300 203.46700 183.13699 181.74699 181.06300 189.37700 190.25700 174.52699 190.28300 211.66299 242.89700 277.14001 293.67300
240.48700 161.97000 135.74300 135.52299 129.19000 154.18300 222.19299 220.66701 186.33299 192.06000 68.67000 77.65330 126.08700 125.16700 145.91701 142.32001 141.19299 121.00300 157.90700 201.42700 31.25670 28.44670 29.01330 52.31000 45.60000 116.24300 138.74300 154.13699 198.06700 230.87700 223.53700 222.08701 231.05299 246.85001 233.04300 245.66299 257.76300 241.42300 270.54999 259.22299 271.88699 245.77299 214.03700 193.50301 186.82001 220.84000 242.14301 285.71301 306.33301 291.10001 269.64001 258.46701 217.87700 201.42300 186.43700 200.34700 196.00301 205.50301 182.26300 167.01300 172.45300 172.76300 173.01300 184.39301 183.61301 187.49699 192.69000 206.46001 240.73700 259.67700 284.19699
160.81300 164.79300 178.84300 143.15700 108.23000 137.37000 192.59000 190.25999 180.62000 94.67330 49.86330 50.70670 8.80667 36.76000 32.60670 29.51000 136.78000 140.96300 178.24300 223.30000 64.30330 26.70000 41.77670 56.48330 53.97000 59.15670 96.25330 107.32000 139.30299 183.68300 218.70700 241.44299 251.87000 227.39301 256.57700 218.67700 203.31300 246.32700 317.17700 287.73999 325.57001 361.25000 420.28299 415.23300 425.67700 416.28699 369.09698 319.29700 359.00000 332.76700 271.82700 219.58000 232.37700 219.29300 196.95700 213.14999 215.19299 198.94000 167.63699 195.36000 204.35300 163.63699 173.87300 178.57001 176.45300 179.60300 176.07300 189.99699 213.35001 232.41299 240.90700
135.45700 133.68700 130.26700 121.61700 114.23300 115.03700 112.33000 116.25300 150.80701 155.21300 79.67670 37.08330 12.36000 11.33670 4.41000 7.50000 0.93000 4.81667 24.16330 265.57999 305.82999 30.58330 27.73000 27.45000 29.82330 38.56330 31.86670 54.69000 75.76330 90.67670 84.73000 97.57670 104.90700 119.66000 100.70300 127.34000 149.60001 146.22301 208.57001 252.01300 327.45700 360.32999 452.32999 460.79001 538.13300 621.90997 650.26703 542.14301 411.73300 313.19000 270.38699 210.31300 202.22701 239.92999 233.13300 219.15300 201.37300 190.33299 160.46300 164.61301 187.77299 210.41000 224.81000 218.15300 190.49699 171.05000 163.63300 183.59000 183.75700 196.72701 203.21300
114.40300 117.92700 120.31300 114.12000 125.07000 120.55700 133.37300 116.42300 105.58700 100.70000 115.26700 135.64999 90.42000 80.72670 41.59330 30.77000 26.11670 5.36667 41.04330 77.46670 73.73330 159.58299 26.78330 81.37330 43.86670 30.78000 32.96330 42.12330 72.90000 124.03700 124.62000 144.54300 105.64300 119.17000 88.92330 114.67700 155.91299 169.33701 234.09000 296.64301 334.36301 412.51300 514.59003 581.77698 595.44299 625.19702 682.76300 660.78699 613.66998 478.64999 382.48700 300.29001 226.75999 291.66000 319.18701 241.12700 221.69000 218.89700 192.18300 185.81700 198.17700 216.60699 220.14999 211.44701 223.03999 217.52000 182.12300 167.82001 180.35699 178.25999 187.77000
211.18300 230.46300 227.62300 214.61700 186.39301 268.21701 356.47699 374.79999 251.82700 260.99301 306.08701 367.69699 198.06300 108.24300 93.74330 96.69670 93.81670 92.50330 108.95300 64.62330 117.29300 81.08670 95.81670 130.94701 116.47300 136.24001 178.91701 184.54300 198.79300 242.45700 247.74001 170.64999 158.21300 153.54700 145.62000 164.08000 148.75000 191.67300 250.77699 328.29700 407.29999 478.29700 535.97998 644.37701 695.94299 742.17999 751.04999 768.50702 678.38000 570.28003 461.28699 394.89700 296.62000 248.58000 250.20700 280.11301 228.14000 219.62700 223.64700 212.01300 206.43700 208.69701 212.78000 223.72000 219.59000 212.18300 191.93700 176.67000 169.30701 172.93300 191.32300
-9999 754.46698 466.50000 327.53000 302.43301 287.35300 321.98700 431.88000 448.32300 524.64697 462.09299 502.39999 431.26700 366.53000 277.05701 129.92999 81.22000 76.15330 309.21701 302.36700 233.17999 245.74699 180.43700 231.99001 121.11300 138.93700 163.45000 218.61301 196.62300 216.93700 201.58000 127.39000 97.68330 111.45300 85.58330 115.21300 156.40700 204.71700 239.65700 314.48700 416.03699 545.49298 614.60699 691.62701 773.62701 816.55701 839.17999 838.49298 730.13000 633.08301 594.41302 500.33301 388.24301 314.73001 240.58299 278.24701 257.31699 236.02000 214.73700 235.94000 226.51700 219.67999 212.23300 205.31700 223.12700 224.04700 208.49001 199.86700 170.64999 168.50301 168.25000
1222.34998 695.65302 498.81000 389.31299 277.63300 259.60699 285.87000 188.49300 173.38699 183.73300 195.19701 207.77699 153.86000 180.95300 194.55299 208.90700 149.00700 69.86330 321.23700 378.48300 412.45001 454.22299 311.24701 196.39700 52.06670 33.29000 128.38300 154.67999 134.33701 157.64700 163.30299 106.48000 87.46670 56.28330 62.36670 111.88300 174.75301 207.47701 269.56299 353.42999 396.04300 521.06299 630.91998 722.84003 856.59698 892.72998 942.59998 917.21301 775.38000 781.15698 656.96997 555.93298 475.45999 341.53000 302.99701 225.51300 245.12000 240.37300 202.12700 200.63300 198.33000 200.36301 209.00700 205.63300 213.59000 220.97000 231.60300 221.49699 207.38699 177.15700 170.78300
410.04700 267.20001 435.64001 580.44299 637.30701 421.34698 245.78300 181.61301 121.37300 121.33300 112.44700 112.60700 263.05301 497.05701 529.32703 434.63000 353.53299 203.66701 297.23700 343.06299 358.37299 680.68298 612.51300 310.31000 149.00301 98.53330 98.60670 83.55000 110.30000 125.14000 107.94000 73.01670 76.13000 47.75670 68.70670 115.27300 193.41299 238.22000 312.64001 368.15701 456.02701 548.78699 674.77698 821.33002 924.59003 1020.77002 929.66699 920.32703 904.41302 857.73297 702.32001 644.51001 582.87299 420.85001 333.67700 228.58000 234.40300 250.89000 207.68700 225.59300 258.93701 319.97299 341.01300 333.26700 315.47299 249.40700 205.86301 209.50000 207.33000 201.30000 192.06700
275.48999 184.36301 200.35699 354.70999 395.92001 276.74701 546.97302 810.69702 723.66302 374.09698 267.02701 150.18300 211.62700 366.95001 -9999 -9999 9656.45020 743.17999 625.79303 696.17297 671.75000 913.57703 729.42297 388.04999 194.14700 148.57001 164.10001 185.93700 151.70300 126.89000 88.42000 61.58670 54.05670 55.26330 96.47330 153.00000 196.12000 239.93700 267.15302 333.51001 386.42001 493.39999 498.17999 690.46698 857.53998 903.98700 930.34698 748.44702 630.71002 566.45001 487.91699 499.57001 550.72699 379.19299 275.73300 268.06000 226.46700 241.72000 184.75999 193.64700 197.36700 216.47701 213.17000 211.52299 204.93300 202.60001 201.62000 208.80299 212.95700 216.90300 201.50700
