data/hydroclimate-scenarios/BCSD_hadcm_B1/swe_stats/max_swe.2030-2059.asc
ncols	311
nrows	91
xllcenter	102.75
yllcenter	31.75
cellsize	0.5
NODATA_value	-9999
[rows 0 to 30 of 91, columns 71 to 141 of 311]
-9999 -9999 -9999 -9999 -9999 -9999 -9999 -9999 -9999 -9999 -9999 -9999 -9999 -9999 -9999 -9999 -9999 -9999 -9999 -9999 -9999 -9999 -9999 -9999 -9999 -9999 -9999 -9999 -9999 -9999 -9999 -9999 -9999 -9999 -9999 -9999 -9999 -9999 -9999 -9999 -9999 -9999 -9999 -9999 -9999 -9999 -9999 -9999 -9999 -9999 -9999 -9999 -9999 -9999 -9999 -9999 -9999 -9999 -9999 -9999 -9999 -9999 -9999 -9999 -9999 -9999 -9999 -9999 -9999 -9999 -9999
-9999 -9999 -9999 -9999 -9999 -9999 -9999 -9999 -9999 -9999 -9999 -9999 -9999 -9999 -9999 -9999 -9999 -9999 -9999 -9999 -9999 -9999 -9999 -9999 -9999 -9999 -9999 -9999 -9999 -9999 -9999 -9999 -9999 -9999 -9999 -9999 -9999 -9999 -9999 -9999 -9999 -9999 -9999 -9999 -9999 -9999 -9999 -9999 -9999 -9999 -9999 -9999 -9999 -9999 -9999 -9999 -9999 -9999 -9999 -9999 -9999 -9999 -9999 -9999 -9999 -9999 -9999 -9999 -9999 -9999 -9999
-9999 -9999 -9999 -9999 -9999 -9999 -9999 -9999 -9999 -9999 -9999 -9999 -9999 -9999 -9999 -9999 -9999 -9999 -9999 -9999 -9999 -9999 -9999 -9999 -9999 -9999 -9999 -9999 -9999 -9999 -9999 -9999 -9999 -9999 -9999 -9999 -9999 -9999 -9999 -9999 -9999 -9999 -9999 -9999 -9999 -9999 -9999 -9999 -9999 -9999 -9999 -9999 -9999 -9999 -9999 -9999 -9999 -9999 -9999 -9999 -9999 -9999 -9999 -9999 -9999 -9999 -9999 -9999 -9999 -9999 -9999
-9999 -9999 -9999 -9999 -9999 -9999 -9999 -9999 -9999 -9999 -9999 -9999 -9999 -9999 -9999 -9999 -9999 -9999 -9999 -9999 -9999 -9999 -9999 -9999 -9999 -9999 -9999 -9999 -9999 -9999 -9999 -9999 -9999 -9999 -9999 -9999 -9999 -9999 -9999 -9999 -9999 -9999 -9999 -9999 -9999 -9999 -9999 -9999 -9999 -9999 -9999 -9999 -9999 -9999 -9999 -9999 -9999 -9999 -9999 -9999 -9999 -9999 -9999 -9999 -9999 -9999 -9999 -9999 -9999 -9999 -9999
-9999 -9999 -9999 -9999 -9999 -9999 -9999 -9999 -9999 -9999 -9999 -9999 -9999 -9999 -9999 -9999 -9999 -9999 -9999 -9999 -9999 -9999 -9999 -9999 -9999 -9999 -9999 -9999 -9999 -9999 -9999 -9999 -9999 -9999 -9999 -9999 -9999 -9999 -9999 -9999 -9999 -9999 -9999 -9999 -9999 -9999 -9999 -9999 -9999 -9999 -9999 -9999 -9999 -9999 -9999 -9999 -9999 -9999 -9999 -9999 -9999 -9999 -9999 -9999 -9999 -9999 -9999 -9999 -9999 -9999 -9999
-9999 -9999 -9999 -9999 -9999 -9999 -9999 -9999 -9999 -9999 -9999 -9999 -9999 -9999 -9999 -9999 -9999 -9999 -9999 -9999 -9999 -9999 -9999 -9999 -9999 -9999 -9999 -9999 -9999 -9999 -9999 -9999 -9999 -9999 -9999 -9999 -9999 -9999 -9999 -9999 -9999 -9999 -9999 -9999 -9999 -9999 -9999 -9999 -9999 -9999 -9999 -9999 -9999 -9999 -9999 -9999 -9999 -9999 -9999 -9999 -9999 -9999 -9999 -9999 -9999 -9999 -9999 -9999 -9999 -9999 -9999
-9999 -9999 -9999 -9999 -9999 -9999 -9999 -9999 -9999 -9999 -9999 -9999 -9999 -9999 -9999 -9999 -9999 -9999 -9999 -9999 -9999 -9999 -9999 -9999 -9999 -9999 -9999 -9999 -9999 -9999 -9999 -9999 -9999 -9999 -9999 -9999 -9999 -9999 -9999 -9999 -9999 -9999 -9999 -9999 -9999 -9999 -9999 -9999 -9999 -9999 -9999 -9999 -9999 -9999 -9999 -9999 -9999 -9999 -9999 -9999 -9999 -9999 -9999 -9999 -9999 -9999 -9999 -9999 -9999 -9999 -9999
-9999 -9999 -9999 -9999 -9999 -9999 -9999 -9999 -9999 -9999 -9999 -9999 -9999 -9999 -9999 -9999 -9999 -9999 -9999 -9999 -9999 -9999 -9999 -9999 -9999 -9999 -9999 -9999 -9999 -9999 -9999 -9999 -9999 -9999 -9999 -9999 -9999 -9999 -9999 -9999 -9999 -9999 -9999 -9999 -9999 -9999 -9999 -9999 -9999 -9999 -9999 -9999 -9999 -9999 -9999 -9999 -9999 -9999 -9999 -9999 -9999 -9999 -9999 -9999 -9999 -9999 -9999 -9999 -9999 -9999 -9999
-9999 -9999 -9999 -9999 -9999 -9999 90.73330 -9999 -9999 -9999 -9999 -9999 -9999 -9999 -9999 -9999 -9999 -9999 -9999 -9999 -9999 -9999 -9999 -9999 -9999 -9999 -9999 -9999 -9999 -9999 -9999 -9999 -9999 -9999 -9999 -9999 -9999 -9999 -9999 -9999 -9999 -9999 -9999 -9999 -9999 -9999 -9999 -9999 -9999 -9999 -9999 -9999 -9999 -9999 -9999 -9999 -9999 -9999 -9999 -9999 -9999 -9999 -9999 -9999 -9999 -9999 -9999 -9999 -9999 -9999 -9999
-9999 -9999 99.52000 79.23330 82.23670 87.86670 91.18000 102.25700 107.21700 119.06700 125.66000 131.07700 134.94701 138.71001 140.81700 140.46300 146.64999 146.07001 147.13300 146.85001 145.08701 142.44701 -9999 -9999 -9999 -9999 -9999 -9999 -9999 -9999 -9999 -9999 -9999 -9999 -9999 -9999 -9999 -9999 -9999 -9999 -9999 -9999 -9999 -9999 -9999 -9999 -9999 -9999 -9999 -9999 -9999 -9999 -9999 -9999 -9999 -9999 -9999 -9999 -9999 -9999 -9999 -9999 -9999 -9999 -9999 -9999 -9999 -9999 -9999 -9999 -9999
-9999 -9999 -9999 -9999 95.04670 101.32700 109.38700 111.99700 123.61700 129.39999 136.27000 145.51300 148.53700 152.20000 152.66299 156.98300 164.11000 163.01700 167.08000 168.68300 165.67000 163.09700 -9999 -9999 -9999 -9999 -9999 -9999 -9999 -9999 -9999 -9999 -9999 -9999 -9999 -9999 -9999 -9999 -9999 -9999 -9999 -9999 -9999 -9999 -9999 -9999 -9999 -9999 -9999 -9999 -9999 -9999 -9999 -9999 -9999 -9999 -9999 -9999 -9999 -9999 -9999 -9999 -9999 -9999 -9999 -9999 -9999 -9999 -9999 -9999 -9999
85.56330 84.61000 87.28670 90.25330 97.01670 100.23700 109.69000 114.23300 121.71300 127.33300 138.58000 143.86000 145.34700 151.75999 156.09300 156.87300 165.16701 171.32001 171.67300 172.98700 170.98700 171.25301 161.88300 158.94701 151.84700 150.55000 144.80000 141.87700 -9999 -9999 -9999 -9999 -9999 -9999 -9999 -9999 -9999 -9999 -9999 -9999 -9999 -9999 -9999 -9999 -9999 -9999 -9999 -9999 -9999 -9999 -9999 -9999 -9999 -9999 -9999 -9999 -9999 -9999 -9999 -9999 -9999 -9999 -9999 -9999 -9999 -9999 -9999 -9999 -9999 -9999 -9999
91.77000 90.58000 91.58330 92.69330 99.54670 108.23000 114.32000 121.73300 123.91000 131.74001 141.35001 145.74300 154.66701 161.87000 163.21300 173.94299 173.25000 174.35300 180.80701 185.47701 180.17300 176.30000 172.42300 169.17700 166.48300 158.10001 156.09700 149.94701 146.81300 141.35699 135.56000 134.95300 132.65700 130.44299 121.93000 119.12000 113.23000 112.25300 108.02700 104.81700 102.67000 102.95700 101.61300 -9999 -9999 -9999 -9999 -9999 -9999 -9999 -9999 -9999 -9999 -9999 -9999 -9999 -9999 -9999 -9999 -9999 -9999 -9999 -9999 -9999 -9999 -9999 -9999 -9999 -9999 -9999 -9999
90.80670 89.52670 89.48000 91.28330 100.57700 105.63000 109.13000 115.32000 121.14000 128.87000 141.03300 147.95300 154.74699 162.26700 165.94299 171.60300 173.48300 178.99699 179.52000 185.70000 187.25700 180.90300 172.92300 170.11301 167.17300 163.53000 157.59300 156.41701 152.27299 150.87000 147.38699 145.61301 131.82001 126.06300 126.01700 122.59000 121.23700 115.82300 109.60000 106.61000 107.82000 106.20300 105.08700 104.21700 -9999 -9999 -9999 -9999 -9999 -9999 -9999 -9999 -9999 -9999 -9999 -9999 -9999 -9999 -9999 -9999 -9999 -9999 -9999 -9999 -9999 -9999 -9999 -9999 -9999 -9999 -9999
94.18330 92.93670 87.84670 93.22670 98.84000 100.70700 109.45300 112.36700 121.57300 127.66700 140.59300 145.82700 161.47701 166.03300 174.00301 179.88699 176.38000 177.25000 177.52000 185.22000 176.95300 177.20000 172.47701 171.82001 169.28700 165.95000 165.97000 164.20700 159.41000 150.48700 147.35300 142.21700 139.06300 137.16701 133.72301 130.97701 126.89300 120.86300 120.78000 118.65000 116.90300 113.75700 111.75300 111.41000 -9999 -9999 -9999 -9999 -9999 -9999 -9999 -9999 -9999 -9999 -9999 -9999 -9999 -9999 -9999 118.87300 119.90000 -9999 -9999 -9999 -9999 129.71700 134.81700 140.36000 137.15300 140.70300 141.72000
85.89670 87.19330 87.28670 88.96000 94.91330 98.03670 97.70330 105.24000 115.71300 121.17000 134.51700 143.56700 155.00000 167.54300 173.04700 172.83000 169.40300 170.12700 166.01700 169.23300 169.88699 173.05701 171.51700 163.21001 160.75000 163.50999 168.11700 168.88699 165.22701 160.57700 155.25000 149.19299 146.12300 141.03000 140.32300 137.27699 128.98700 125.58700 126.14000 124.06300 121.89000 119.26300 117.21700 116.89000 117.64000 116.95000 116.20300 118.44700 115.46300 119.07000 119.12300 119.59700 119.62000 122.64300 122.68700 122.54300 123.95300 127.03300 126.89300 130.10300 130.30701 -9999 -9999 -9999 -9999 -9999 145.56300 146.62000 148.37000 155.18300 161.91000
86.63000 84.95670 85.93670 89.80000 92.73670 95.09000 98.39330 104.11000 105.95000 111.70300 121.28300 131.96001 145.92999 155.76700 157.61700 164.56000 165.71001 161.95300 160.62700 166.60001 162.13300 164.73300 158.25700 157.01700 158.60001 160.55701 162.77299 165.24001 163.32001 158.04700 157.42999 152.70300 148.92700 148.77699 144.55701 135.46700 132.17700 130.32001 132.43700 128.14999 125.88300 125.85700 122.60300 123.35000 126.70000 123.74000 119.75000 121.11300 124.50700 127.42000 130.25000 127.32000 130.19701 134.50999 136.84000 134.89999 136.59000 136.14700 138.47701 141.11301 144.02000 145.98700 150.94000 153.14000 155.32700 159.43700 158.62000 162.28999 165.56700 170.12300 180.17999
86.03670 96.56000 84.39670 85.63000 96.38000 93.08330 95.86000 98.62670 104.03300 111.58700 116.87300 131.00999 140.33000 152.08701 152.63300 156.00700 157.31000 159.97000 152.51700 153.99001 155.61700 159.94000 158.20700 162.17000 159.70700 162.09000 163.75700 168.17700 164.15300 159.15300 157.84700 155.14700 151.21700 154.19000 147.75301 138.75700 139.49300 137.28300 135.56700 131.95300 131.92300 134.39301 133.89000 126.34300 125.54000 127.69300 128.49300 132.03300 130.00999 132.76700 133.39301 137.50000 134.25700 144.58299 145.50000 148.07001 146.35001 149.09700 152.24001 153.12300 149.97701 162.35300 162.19299 168.16701 166.92999 172.85699 168.71001 165.36301 168.38699 183.43700 196.36301
88.69000 97.33670 85.69000 85.80330 83.09670 86.93670 89.60330 90.29670 100.10300 104.88300 112.78700 122.98000 129.95700 136.49699 137.46001 142.57300 147.69299 150.16299 148.13000 144.46001 152.47301 161.23000 160.94000 167.96300 166.41000 163.50700 166.51700 169.24300 174.49300 174.28300 171.89000 171.58701 165.57001 158.29700 149.99001 145.53700 142.78999 145.88300 140.65300 136.53700 137.87700 137.14700 144.66299 137.96001 132.10699 131.26300 133.42999 135.48300 141.02000 143.64000 143.84000 148.94000 149.85699 153.39700 154.53700 157.87300 158.45700 161.63699 161.00700 163.32700 164.06000 171.53000 173.32001 182.49699 189.73000 189.62700 187.89301 191.05299 192.83701 197.35001 203.37300
86.51670 91.41000 90.38000 88.81670 82.56330 85.43000 82.16670 81.03670 91.01670 95.95000 106.14300 113.02700 118.40000 127.04000 133.46001 142.76700 144.64999 146.17999 145.80701 148.19299 151.42000 156.84000 162.58299 167.08299 168.42999 163.94000 164.47701 166.52299 167.22701 171.73300 173.87300 169.41701 164.50301 166.77000 160.42700 151.32300 152.21700 149.68300 150.53300 149.82001 144.73300 146.12000 147.32300 145.22701 143.36700 141.82300 139.06000 134.99001 141.11700 143.29700 147.16299 155.45000 158.66299 159.34300 164.89999 170.46700 168.30701 172.96300 168.84300 169.27699 172.14301 177.00000 179.23700 194.29700 197.91701 211.23300 210.40700 209.12300 209.67999 211.57700 217.38000
85.72000 90.99330 89.72670 98.11000 99.23670 88.92670 83.30330 84.70330 91.97670 88.37330 98.68000 107.05300 114.00300 123.44000 129.47701 131.04300 136.29300 142.91299 143.62300 152.36301 147.85001 151.15700 158.44000 165.77299 169.23700 171.18700 178.92300 183.07700 178.85300 178.41701 179.30000 180.80701 175.28300 170.14301 168.02000 164.02299 158.15700 158.19000 154.68300 153.00700 153.48300 154.64000 153.29700 150.74001 145.48000 138.61301 137.36000 143.92300 145.40300 149.46700 151.42999 163.89700 167.25999 169.95300 172.18300 177.67999 177.86301 182.78999 180.56000 190.45300 192.59300 195.17999 198.87700 210.82001 210.31700 213.10001 214.83000 224.24300 220.20000 225.54300 230.78700
95.38670 97.04670 102.37700 101.68300 101.63000 97.50330 90.66670 88.10330 89.71330 91.09330 91.65670 98.25670 99.16670 109.18300 125.04300 131.64999 132.85300 137.11301 139.65300 145.31000 148.49699 151.85300 157.92300 167.09700 174.88699 183.25700 196.55000 197.61000 192.39999 189.91299 190.77299 187.42300 173.42999 172.19701 169.53700 167.62700 162.95700 162.17999 161.68300 161.58701 161.86301 158.93700 156.96700 157.63300 155.54300 153.29300 155.44701 158.88699 159.64301 155.63699 165.86301 174.64000 180.50700 184.50000 191.08000 194.65300 198.44299 198.78300 201.93300 209.86700 209.77000 216.09700 226.48700 230.53700 232.01700 230.91299 229.41299 226.24300 226.19000 235.19000 238.01300
91.85000 98.24670 101.30300 102.83700 94.58330 96.21670 91.21670 90.62670 90.74670 90.52330 93.02330 96.13330 100.24300 106.98700 116.38000 121.80000 125.62300 133.69000 140.08701 145.97301 150.29300 158.67999 164.60001 170.83701 182.33299 197.87300 201.40300 201.14301 203.86301 200.44299 195.73700 189.48000 181.21700 177.92999 175.18700 168.00999 165.34700 160.92999 166.22301 165.55701 165.42300 163.22301 162.08299 159.15700 159.28700 156.37000 163.53300 161.10699 167.27299 178.31300 181.51700 184.86301 189.32300 199.47701 203.50999 218.06000 214.65300 222.42000 224.91701 230.06700 237.25999 250.93300 252.49300 256.13300 252.61301 252.70700 246.87300 243.67300 242.87700 239.27699 251.45700
94.34000 97.34330 96.78670 99.19000 94.22330 100.76000 94.18670 98.43330 95.11000 88.02330 94.62670 103.35300 108.93300 107.66700 120.73300 133.70000 129.68700 125.15700 131.72701 148.35001 153.19701 161.66299 164.38000 178.37700 187.87700 197.93700 202.67300 203.92999 203.90700 203.17300 200.80000 197.67999 190.08000 181.21300 179.54700 174.28300 167.62300 166.98300 168.89000 169.57700 172.67000 174.52699 168.32700 166.46700 158.42300 154.69000 158.42300 168.07001 178.84700 189.76700 191.88699 198.38699 197.71001 211.20300 225.47000 234.36301 236.49001 242.75301 248.80299 252.87700 261.84698 268.59299 271.77301 277.81299 272.97699 261.55301 253.30299 251.80701 252.86301 255.83000 269.69000
98.74000 97.51000 97.84330 96.95000 92.21670 96.79000 90.75670 91.60330 92.53000 91.67000 82.97000 95.23670 104.98000 104.91000 121.43300 127.50300 132.48700 127.90700 131.83299 136.19701 142.70300 153.12300 164.55000 170.74300 182.81700 191.36301 197.09700 204.42000 204.92700 206.50700 197.32700 195.37300 193.77000 185.81700 182.77000 177.04300 170.79300 168.67000 166.09300 165.70000 172.06300 171.00301 168.81300 167.93300 162.53999 162.86000 165.55299 172.61301 190.23700 200.78300 207.22000 207.25000 212.54700 225.85699 230.83299 238.62700 243.49001 250.75301 266.72299 272.82999 278.09000 283.10999 288.08301 290.86700 290.62701 280.14001 275.31000 271.23001 270.32001 269.21301 278.71301
105.19000 104.79700 105.72000 106.15300 98.91330 92.87670 89.42330 85.91670 86.42000 85.96670 89.77330 97.35330 99.80670 106.42000 113.54700 125.28300 124.90300 127.92700 142.45000 140.71300 141.03999 150.63000 160.84700 170.32001 180.22000 191.03300 199.28300 201.91701 208.12300 206.74300 202.13000 196.53700 195.85001 190.49699 184.33000 178.71700 171.22000 171.79700 169.78000 170.74001 182.02000 176.43700 176.54700 183.75301 174.46300 169.78999 170.69701 182.48000 194.06000 204.61301 212.48000 214.21300 217.84300 221.53999 227.16701 239.57300 252.62700 265.44000 276.70999 287.00699 289.07700 300.02301 302.26999 305.38000 301.89301 295.02301 289.91000 284.04300 279.51300 296.75699 305.39999
121.27000 122.87300 125.06300 126.58000 114.12000 110.12000 99.56670 94.89000 93.16670 94.67330 93.64670 99.10000 114.22000 114.42300 115.44700 122.95000 130.88000 136.49300 137.16299 143.28999 144.82300 152.41701 163.38300 173.52299 179.55299 184.25000 199.84300 208.15300 212.00700 209.31000 204.41299 200.17000 195.78700 191.66000 181.22701 175.19299 173.88000 176.37000 173.17999 174.15300 180.81300 183.33701 183.69299 180.23700 184.33701 184.03300 185.54700 197.64301 200.25999 211.21001 220.84300 232.00000 234.00700 244.63699 253.57001 268.35699 281.32001 288.67700 297.06000 303.43301 309.74701 317.86301 323.28000 326.67300 324.77701 320.35300 310.77701 305.75699 311.79700 315.77301 332.42300
112.54300 119.59700 130.02000 130.85001 124.80000 114.57300 112.76700 103.39300 102.26700 100.55000 94.86000 100.92700 112.51300 121.08000 126.75300 128.03999 137.53000 137.93300 145.45700 147.12300 156.45000 159.69299 166.70300 177.82001 183.87300 191.29700 202.79300 209.87300 215.25700 212.83299 201.96700 198.10001 203.50000 194.28000 188.73700 179.44299 176.30299 180.61301 182.73700 187.73000 190.49300 192.64301 190.70700 195.27299 197.21700 198.87300 195.66000 211.87000 220.90700 230.50000 246.24001 257.50000 268.51999 281.69699 299.60300 310.88000 322.23999 328.46701 327.31299 327.56000 337.10001 337.81299 347.89700 347.21301 348.27701 346.10999 340.97000 345.02301 340.73999 338.22299 358.49301
130.08701 125.98300 136.48300 145.92999 133.86301 145.76300 140.99699 123.67300 120.83700 116.24000 109.20300 113.69000 118.95700 125.27300 137.93300 134.53000 141.61700 144.94701 151.00301 156.69299 160.30299 172.34700 181.57700 191.12700 187.17300 190.65700 198.69299 208.36700 228.51700 218.41701 203.28000 199.61700 201.30000 200.13300 197.17700 188.27299 183.48300 190.20700 193.34000 206.29700 204.42000 208.55701 209.90300 201.25700 199.99001 205.24300 211.38699 220.03300 226.75301 240.38699 254.97000 270.71301 296.57999 318.33701 348.04300 368.87299 379.54001 372.98700 363.14999 361.53000 362.23001 363.12000 372.10699 377.64301 375.77301 369.00299 372.23700 392.11301 385.97000 385.49701 396.99301
114.70300 129.28999 136.56300 138.06700 143.86000 144.44299 175.75700 159.04300 140.51300 148.31300 137.92000 134.27699 135.48700 146.13000 146.47301 145.60300 153.34700 152.94701 154.04300 166.66299 170.75301 187.25999 203.34000 200.21001 194.67700 200.97701 203.35001 211.29300 221.75000 221.83701 222.42700 218.47000 216.56700 216.11000 216.99699 204.39700 202.17999 208.17300 210.53300 216.17300 217.86000 207.03300 216.19000 215.08000 197.98700 210.81300 224.88000 239.87300 250.17999 261.72000 -9999 -9999 313.14001 335.42700 353.71301 379.65701 389.71701 392.88300 388.07999 393.09698 394.20700 410.30701 425.26001 425.86700 423.05301 425.92300 418.78699 440.34299 435.60001 428.45300 450.07999
138.90700 130.78000 136.21300 147.20000 157.78300 153.21700 170.67700 150.42300 152.27699 157.32001 161.98700 153.00000 156.71700 161.94299 150.31000 149.39000 152.63699 158.01700 167.61000 179.45700 193.59000 197.05299 201.27000 204.06700 219.03300 215.26700 214.07700 211.32300 219.41299 228.44000 240.93300 238.05000 234.07001 234.67000 235.98000 226.26700 225.19000 216.44299 215.24001 -9999 -9999 -9999 -9999 216.50999 -9999 234.17700 257.56299 264.92700 273.26999 277.02301 -9999 -9999 337.81699 353.03000 360.07300 367.76300 364.07999 378.98001 390.20999 404.93701 414.31000 423.52701 427.43301 435.11301 429.03000 453.94000 444.88699 455.85999 440.79999 448.50000 461.68301
