data/hydroclimate-scenarios/BCSD_hadcm_B1/swe_stats/numdays_10pcaccum-90pcmelt.2030-2059.asc
ncols	311
nrows	91
xllcenter	102.75
yllcenter	31.75
cellsize	0.5
NODATA_value	-9999
[rows 31 to 61 of 91, columns 0 to 69 of 311]
-9999 -9999 -9999 -9999 -9999 -9999 -9999 -9999 -9999 -9999 -9999 190.76700 182.16701 200.86700 197.00000 198.13300 202.96700 208.26700 214.43300 210.56700 206.10001 191.26700 188.30000 201.53300 198.66701 194.50000 197.46700 194.13300 186.86700 185.70000 184.26700 187.33299 175.30000 173.03300 186.00000 182.70000 188.66701 174.76700 179.70000 182.63300 180.93300 183.03300 201.39999 201.86700 199.46700 194.03300 192.20000 195.80000 190.60001 190.39999 188.26700 193.56700 194.30000 197.46700 186.39999 177.43300 178.89999 181.03300 181.13300 192.13300 193.93300 185.46700 189.16701 193.13300 193.39999 194.23300 196.20000 196.93300 212.76700 224.10001
-9999 -9999 -9999 -9999 -9999 -9999 -9999 -9999 -9999 -9999 -9999 198.10001 199.33299 196.20000 199.43300 205.53300 203.36700 204.23300 207.89999 204.53300 206.96700 202.16701 200.03300 196.56700 196.16701 198.63300 197.89999 193.10001 192.56700 190.20000 188.73300 190.00000 190.83299 189.06700 187.63300 181.53300 166.46700 168.30000 173.33299 190.39999 192.10001 192.26700 184.89999 184.23300 196.30000 191.36700 190.13300 192.66701 187.70000 191.96700 190.16701 191.39999 191.93300 184.76700 184.33299 180.83299 180.33299 182.63300 187.80000 189.80000 189.93300 191.30000 190.33299 194.06700 192.96700 184.83299 187.33299 192.70000 210.56700 219.89999
-9999 -9999 -9999 -9999 -9999 -9999 -9999 -9999 -9999 -9999 -9999 203.60001 205.43300 198.23300 202.06700 202.33299 202.56700 202.53300 201.03300 200.43300 202.23300 199.89999 196.89999 194.03300 197.63300 198.20000 199.46700 196.23300 190.23300 188.83299 187.16701 190.86700 191.03300 190.10001 190.46700 187.89999 185.36700 184.60001 191.80000 202.93300 200.39999 203.30000 197.80000 198.10001 202.43300 198.36700 199.39999 198.83299 196.96700 197.89999 199.00000 194.73300 194.83299 192.80000 189.70000 183.96700 187.70000 191.43300 187.73300 190.66701 187.06700 191.03300 188.23300 185.16701 194.26700 187.06700 190.56700 200.73300 209.63300 216.60001
-9999 -9999 -9999 -9999 -9999 -9999 -9999 -9999 -9999 -9999 -9999 -9999 199.93300 201.06700 198.16701 196.93300 198.36700 196.43300 194.50000 181.00000 199.26700 196.06700 201.03300 206.16701 206.06700 215.73300 208.46700 209.50000 191.43300 186.60001 188.70000 183.86700 183.63300 186.83299 186.26700 185.76700 190.16701 192.80000 193.83299 199.89999 197.43300 202.63300 202.43300 193.86700 192.06700 197.26700 196.56700 196.83299 195.63300 195.03300 196.26700 197.10001 195.43300 189.96700 192.60001 196.70000 196.00000 195.36700 193.46700 190.23300 192.10001 189.03300 190.36700 186.46700 187.89999 190.26700 194.36700 196.63300 214.60001 220.16701
-9999 -9999 -9999 -9999 -9999 -9999 -9999 -9999 -9999 -9999 -9999 -9999 195.20000 195.66701 196.43300 194.89999 193.26700 193.26700 191.56700 183.83299 192.23300 208.33299 211.00000 214.93300 218.56700 209.70000 204.96700 212.10001 201.60001 190.80000 195.86700 191.06700 181.36700 182.80000 185.46700 186.83299 190.89999 188.86700 187.23300 198.60001 197.00000 206.33299 205.00000 198.39999 197.36700 199.53300 196.89999 196.16701 196.73300 197.43300 198.46700 198.26700 198.80000 193.56700 191.76700 194.66701 193.50000 194.30000 194.06700 193.36700 193.13300 196.66701 196.80000 201.06700 195.23300 189.53300 193.96700 200.46700 207.83299 211.53300
-9999 -9999 -9999 -9999 -9999 -9999 -9999 -9999 -9999 -9999 -9999 -9999 195.50000 187.53300 185.80000 196.20000 192.56700 193.89999 190.33299 197.43300 205.39999 207.56700 206.50000 212.56700 208.89999 208.50000 199.63300 188.39999 187.96700 184.00000 186.33299 181.46700 186.39999 190.30000 183.96700 184.86700 188.16701 190.83299 188.00000 196.86700 204.03300 207.60001 201.89999 203.63300 204.23300 207.76700 207.10001 210.16701 206.20000 199.10001 200.83299 196.33299 197.96700 195.33299 187.13300 186.23300 190.53300 195.23300 198.10001 198.36700 195.60001 200.73300 196.46700 192.26700 197.36700 201.20000 202.60001 200.13300 210.23300 209.70000
-9999 -9999 -9999 192.36700 194.03300 195.66701 193.60001 193.73300 194.56700 -9999 197.50000 196.53300 192.26700 188.00000 185.06700 192.39999 193.73300 188.20000 201.73300 204.10001 202.80000 198.53300 197.50000 196.86700 198.96700 192.53300 187.66701 198.16701 198.86700 205.50000 194.10001 179.86700 179.50000 196.23300 180.86700 189.20000 185.73300 189.70000 187.66701 196.39999 199.53300 202.00000 194.39999 196.16701 202.73300 210.23300 215.13300 210.30000 208.70000 204.06700 203.06700 204.00000 211.26700 212.10001 206.33299 212.66701 212.80000 198.76700 201.60001 194.89999 190.83299 199.26700 198.46700 197.76700 196.76700 201.33299 204.76700 200.20000 201.03300 207.50000
-9999 -9999 -9999 189.30000 189.39999 192.13300 193.16701 193.93300 192.80000 191.06700 192.13300 188.33299 191.73300 191.16701 198.86700 203.66701 203.10001 203.70000 200.46700 192.30000 193.10001 198.16701 194.60001 190.89999 196.26700 190.46700 192.96700 198.03300 200.89999 203.50000 195.53300 194.73300 195.23300 194.89999 194.89999 191.76700 195.80000 200.70000 188.86700 203.23300 204.93300 202.23300 191.80000 200.66701 211.89999 217.06700 216.46700 209.10001 214.36700 216.13300 216.30000 213.23300 216.26700 213.93300 205.80000 206.86700 202.73300 200.86700 203.26700 202.80000 200.86700 203.30000 204.36700 199.03300 199.60001 198.33299 199.83299 189.89999 198.06700 209.89999
-9999 -9999 -9999 181.93300 185.00000 189.96700 192.53300 191.26700 187.93300 188.30000 190.66701 188.10001 192.46700 201.50000 200.56700 190.39999 205.66701 202.39999 187.89999 188.53300 197.16701 201.43300 194.43300 199.93300 203.56700 200.16701 198.96700 194.80000 199.23300 208.30000 219.70000 211.93300 201.56700 194.93300 199.26700 199.10001 196.50000 193.70000 193.46700 203.63300 206.60001 205.20000 197.60001 193.70000 199.53300 211.13300 210.83299 213.73300 213.89999 218.96700 220.03300 210.66701 212.00000 209.76700 204.60001 203.26700 201.46700 198.36700 202.13300 202.89999 199.20000 201.43300 197.53300 201.86700 197.66701 199.76700 202.10001 204.10001 216.20000 224.16701
-9999 -9999 -9999 179.76700 175.50000 186.30000 184.73300 189.20000 187.73300 188.16701 186.66701 183.16701 194.03300 193.39999 198.56700 192.60001 194.93300 196.20000 199.43300 196.93300 200.03300 208.53300 212.80000 208.16701 201.43300 200.73300 194.63300 188.86700 202.66701 215.86700 213.83299 191.83299 200.20000 213.23300 210.70000 195.50000 182.43300 179.53300 182.43300 186.96700 194.36700 206.20000 210.50000 200.76700 194.39999 200.96700 205.60001 204.36700 214.39999 212.73300 218.36700 212.00000 211.23300 212.96700 208.36700 203.00000 202.70000 204.50000 206.43300 207.36700 212.39999 205.16701 203.50000 203.46700 204.10001 195.96700 200.76700 210.86700 225.76700 229.80000
-9999 -9999 -9999 174.93300 170.96700 183.43300 184.56700 185.89999 189.56700 187.80000 178.03300 190.06700 193.43300 200.00000 207.20000 202.96700 205.63300 202.53300 197.13300 181.20000 194.70000 201.89999 208.39999 199.93300 196.23300 190.76700 185.13300 178.63300 193.20000 206.00000 206.36700 199.76700 207.16701 200.56700 198.06700 190.10001 190.66701 183.39999 180.10001 180.39999 191.30000 199.13300 205.53300 207.36700 194.66701 197.76700 198.93300 203.73300 206.23300 209.23300 210.10001 201.93300 205.63300 212.13300 204.76700 210.80000 201.10001 198.96700 203.86700 212.03300 210.46700 210.20000 207.60001 214.93300 216.89999 206.39999 210.80000 220.83299 226.73300 226.73300
-9999 -9999 -9999 -9999 180.76700 189.60001 187.76700 193.76700 193.50000 185.13300 177.00000 185.93300 203.36700 199.80000 -9999 -9999 -9999 -9999 -9999 203.93300 200.36700 198.73300 202.30000 211.53300 203.39999 190.20000 168.30000 176.00000 191.89999 182.66701 191.33299 199.63300 202.73300 185.39999 173.20000 169.16701 173.89999 171.10001 169.70000 174.86700 177.89999 182.36700 183.30000 189.53300 189.70000 189.20000 193.93300 199.06700 194.83299 193.33299 198.56700 202.43300 198.89999 208.83299 210.80000 209.50000 211.13300 212.93300 212.96700 205.23300 209.23300 213.86700 213.83299 217.00000 217.53300 214.86700 211.23300 207.83299 197.00000 -9999
-9999 -9999 173.66701 175.73300 180.46700 184.13300 186.36700 195.00000 186.89999 183.73300 175.89999 185.20000 204.60001 -9999 -9999 -9999 -9999 -9999 214.50000 193.30000 190.83299 186.33299 185.76700 175.20000 183.16701 188.43300 159.06700 158.53300 156.76700 164.73300 160.03300 170.73300 171.20000 171.93300 163.89999 149.63300 159.89999 168.73300 171.03300 172.46700 177.56700 175.73300 177.16701 180.30000 178.39999 181.86700 184.06700 186.36700 181.89999 177.26700 182.66701 185.36700 180.30000 184.60001 198.10001 189.63300 198.16701 208.36700 209.53300 198.83299 201.30000 205.33299 204.20000 208.56700 203.10001 200.76700 197.56700 -9999 -9999 -9999
-9999 -9999 172.86700 174.30000 173.60001 174.66701 175.10001 188.30000 179.96700 175.33299 183.66701 191.03300 195.86700 -9999 -9999 -9999 -9999 195.20000 200.00000 174.89999 175.39999 182.06700 175.56700 164.16701 157.23300 139.73300 141.23300 158.46700 141.86700 130.23300 143.66701 175.10001 159.16701 149.43300 153.20000 159.76700 158.93300 162.36700 168.73300 175.13300 159.89999 163.76700 160.33299 167.16701 168.70000 164.33299 162.60001 176.30000 157.60001 170.46700 165.46700 164.56700 167.16701 171.66701 178.10001 168.10001 171.03300 192.86700 198.96700 196.80000 190.93300 204.16701 195.80000 184.53300 178.13300 -9999 -9999 -9999 -9999 -9999
-9999 -9999 167.86700 177.20000 176.46700 177.66701 173.60001 172.80000 174.60001 177.10001 186.10001 193.20000 154.93300 -9999 -9999 -9999 -9999 203.13300 183.89999 168.96700 169.06700 164.06700 151.76700 140.89999 137.20000 131.86700 147.23300 138.86700 133.89999 122.16700 130.76700 166.16701 166.73300 165.03300 156.33299 145.63300 144.93300 142.20000 163.96700 164.50000 154.33299 157.20000 154.46700 159.76700 155.20000 162.23300 169.70000 163.96700 162.23300 174.70000 166.80000 165.00000 167.46700 172.50000 171.06700 161.93300 165.16701 177.13300 178.60001 180.53300 171.53300 166.70000 168.60001 181.76700 195.53300 200.93300 178.76700 186.89999 180.80000 -9999
-9999 -9999 -9999 171.13300 172.83299 165.53300 163.46700 165.66701 176.43300 181.93300 179.89999 159.46700 -9999 -9999 -9999 -9999 192.76700 186.39999 165.33299 161.30000 139.73300 146.10001 149.63300 143.00000 134.36700 131.20000 133.23300 147.30000 138.03300 127.06700 140.50000 139.03300 148.33299 140.13300 134.16701 140.46700 136.33299 136.53300 143.60001 143.76700 143.89999 152.06700 139.20000 138.60001 141.46700 145.39999 141.96700 147.86700 154.46700 156.33299 160.80000 168.33299 165.53300 164.76700 170.66701 181.30000 176.89999 193.00000 191.60001 179.30000 172.46700 175.50000 194.73300 219.73300 228.76700 201.00000 174.63300 179.93300 174.80000 179.73300
-9999 -9999 -9999 -9999 165.13300 157.26700 158.26700 173.56700 181.96700 169.46700 150.73300 -9999 -9999 -9999 -9999 190.33299 175.00000 159.53300 157.86700 157.89999 148.26700 138.96700 140.89999 122.60000 117.40000 132.50000 129.86700 148.93300 134.33299 136.53300 145.76700 138.13300 136.46700 128.50000 127.96700 137.30000 139.20000 143.66701 148.80000 152.10001 151.76700 153.10001 147.66701 141.33299 132.63300 132.93300 138.13300 144.39999 145.73300 149.46700 148.73300 154.83299 158.13300 158.13300 156.96700 158.23300 155.56700 172.63300 174.83299 165.39999 170.43300 195.46700 199.39999 197.03300 207.26700 196.96700 171.36700 161.33299 175.96700 171.43300
-9999 -9999 -9999 -9999 -9999 -9999 167.86700 165.63300 148.16701 148.43300 157.43300 -9999 -9999 -9999 -9999 -9999 162.46700 151.53300 154.00000 145.00000 137.06700 122.33300 133.33299 117.80000 114.50000 138.20000 128.00000 136.66701 136.39999 127.16700 127.00000 122.86700 122.86700 116.40000 123.16700 124.26700 135.73300 142.63300 142.93300 151.80000 153.66701 133.63300 144.89999 152.60001 135.13300 122.06700 127.86700 148.50000 145.26700 148.73300 146.56700 147.60001 149.23300 144.06700 145.73300 152.33299 156.00000 162.10001 170.20000 171.00000 185.26700 195.56700 199.13300 207.43300 215.16701 202.93300 176.30000 152.60001 155.60001 159.30000
-9999 -9999 -9999 -9999 -9999 -9999 -9999 -9999 -9999 -9999 -9999 -9999 -9999 -9999 -9999 -9999 -9999 -9999 -9999 130.46700 106.46700 119.96700 131.06700 109.70000 121.10000 126.26700 140.86700 131.43300 132.89999 136.43300 130.13300 121.83300 125.66700 120.36700 125.96700 128.36700 124.30000 131.10001 132.39999 141.93300 132.00000 120.26700 123.80000 140.26700 135.89999 120.26700 120.50000 135.86700 149.60001 141.86700 145.93300 142.83299 143.33299 138.20000 138.83299 147.36700 149.89999 158.73300 164.63300 170.33299 187.66701 188.16701 195.30000 207.83299 212.50000 185.80000 156.89999 146.10001 147.16701 169.36700
-9999 -9999 -9999 -9999 -9999 -9999 -9999 -9999 -9999 -9999 -9999 -9999 -9999 -9999 -9999 -9999 -9999 -9999 144.73300 125.86700 99.56670 123.73300 123.13300 121.96700 121.20000 129.16701 120.93300 122.50000 129.70000 126.26700 130.60001 138.03300 140.10001 129.03300 125.13300 116.70000 118.16700 123.56700 131.03300 117.40000 121.30000 131.43300 129.20000 128.56700 120.76700 134.83299 131.63300 133.16701 132.43300 134.33299 137.10001 139.26700 141.20000 143.30000 141.39999 137.03300 141.76700 161.60001 170.76700 169.70000 169.86700 167.06700 180.39999 183.06700 187.66701 166.60001 155.39999 146.23300 149.23300 150.76700
-9999 -9999 -9999 -9999 -9999 -9999 -9999 -9999 -9999 -9999 -9999 -9999 -9999 -9999 -9999 -9999 -9999 153.76700 145.10001 111.93300 111.20000 121.80000 122.06700 115.00000 118.40000 123.36700 122.16700 122.23300 108.60000 118.93300 126.46700 145.83299 130.13300 132.03300 129.36700 111.83300 114.56700 132.50000 129.80000 133.60001 142.26700 145.60001 129.00000 109.16700 114.33300 137.73300 138.23300 132.26700 130.06700 135.73300 135.80000 138.86700 142.46700 143.70000 142.13300 138.39999 147.43300 163.16701 165.13300 162.89999 148.76700 155.53300 192.43300 191.43300 161.60001 158.76700 157.10001 145.56700 146.10001 151.60001
-9999 -9999 -9999 -9999 -9999 -9999 -9999 -9999 -9999 -9999 -9999 -9999 -9999 -9999 -9999 -9999 -9999 134.86700 133.06700 99.73330 87.90000 87.60000 73.66670 89.90000 96.56670 109.53300 114.86700 120.20000 125.46700 121.50000 137.60001 141.46700 144.50000 134.23300 137.86700 131.00000 129.43300 135.93300 146.06700 137.89999 133.30000 122.73300 117.16700 135.73300 131.89999 133.70000 129.83299 129.10001 131.43300 132.50000 133.73300 138.46700 139.60001 143.60001 138.16701 138.96700 150.73300 161.43300 155.66701 149.43300 153.60001 172.23300 174.66701 180.13300 193.03300 174.53300 156.96700 163.39999 150.60001 150.43300
-9999 -9999 -9999 -9999 -9999 -9999 -9999 -9999 -9999 -9999 -9999 -9999 -9999 -9999 -9999 -9999 148.83299 121.36700 110.56700 87.66670 68.56670 79.53330 66.50000 82.90000 102.00000 101.16700 106.10000 104.86700 117.63300 128.53300 133.76700 138.33299 140.23300 125.33300 127.56700 132.03300 135.00000 133.86700 136.20000 127.43300 129.93300 121.76700 127.43300 132.13300 128.30000 127.93300 131.16701 134.76700 131.16701 131.76700 133.80000 135.50000 138.66701 141.66701 141.76700 134.30000 146.10001 142.36700 143.96700 152.36700 150.16701 159.33299 164.00000 193.60001 178.03300 165.86700 158.70000 155.46700 145.93300 142.80000
-9999 -9999 -9999 -9999 -9999 -9999 -9999 -9999 -9999 -9999 -9999 -9999 -9999 147.13300 144.13300 123.56700 113.40000 80.96670 78.86670 63.86670 63.96670 45.00000 64.33330 85.20000 86.43330 87.73330 92.63330 91.06670 99.76670 113.86700 112.66700 115.90000 121.66700 122.43300 119.73300 134.33299 134.10001 140.23300 125.90000 115.70000 123.40000 112.86700 113.43300 108.13300 122.83300 130.83299 130.56700 125.36700 114.70000 130.60001 136.50000 135.39999 136.63300 134.93300 136.43300 125.10000 142.76700 142.73300 138.63300 144.30000 148.60001 146.46700 146.89999 155.10001 149.86700 137.46700 139.46700 139.70000 140.39999 132.33299
-9999 -9999 -9999 -9999 -9999 -9999 -9999 -9999 -9999 -9999 -9999 -9999 144.03300 133.60001 133.96700 111.96700 104.33300 84.90000 63.36670 76.20000 51.93330 62.66670 77.70000 86.80000 87.36670 82.76670 80.03330 89.90000 93.60000 111.26700 115.53300 117.36700 119.83300 118.80000 120.90000 126.46700 133.39999 131.23300 112.06700 119.06700 115.66700 109.36700 100.46700 93.80000 105.60000 128.43300 125.66700 123.56700 119.00000 118.33300 125.36700 132.50000 133.63300 131.26700 132.43300 134.66701 112.40000 133.60001 137.70000 149.86700 147.33299 137.06700 134.36700 148.43300 143.26700 137.03300 138.66701 138.66701 131.23300 140.16701
-9999 -9999 -9999 -9999 -9999 -9999 -9999 -9999 -9999 -9999 -9999 119.33300 97.30000 75.56670 93.73330 103.53300 110.03300 93.03330 94.86670 63.03330 52.46670 76.60000 79.63330 60.46670 63.80000 65.96670 70.00000 79.73330 80.06670 97.50000 103.10000 105.33300 106.76700 116.80000 118.56700 127.63300 121.06700 103.43300 99.73330 112.20000 103.66700 98.43330 96.26670 91.86670 102.43300 92.36670 102.40000 114.50000 116.90000 119.66700 112.50000 134.63300 134.20000 131.70000 132.10001 132.60001 126.76700 122.90000 129.73300 128.43300 127.26700 131.73300 133.70000 134.73300 135.50000 131.80000 133.00000 128.56700 130.13300 158.96700
-9999 -9999 -9999 -9999 -9999 -9999 -9999 -9999 -9999 -9999 83.60000 100.60000 96.93330 81.73330 98.06670 91.26670 96.30000 98.93330 104.90000 42.36670 45.73330 68.10000 73.56670 67.66670 56.03330 77.33330 73.96670 83.83330 80.96670 86.06670 96.83330 102.00000 108.50000 114.60000 126.20000 126.43300 98.93330 120.90000 123.20000 109.76700 92.50000 87.73330 86.30000 87.33330 81.83330 87.83330 94.90000 106.03300 111.76700 122.06700 119.76700 130.39999 119.76700 122.66700 122.26700 122.20000 107.70000 112.46700 129.36700 126.33300 126.73300 129.16701 130.16701 131.36700 133.89999 134.83299 134.93300 124.76700 146.30000 170.13300
-9999 -9999 -9999 -9999 -9999 -9999 -9999 -9999 -9999 82.33330 75.13330 83.73330 78.36670 74.83330 72.50000 75.23330 65.23330 68.40000 55.10000 64.43330 77.23330 72.06670 70.00000 52.80000 61.20000 86.13330 79.70000 65.73330 64.60000 55.46670 64.20000 91.10000 99.13330 100.20000 104.56700 117.33300 119.93300 110.33300 108.16700 98.70000 84.06670 83.60000 77.03330 65.60000 71.23330 85.26670 95.63330 100.93300 89.16670 110.63300 107.70000 101.83300 103.76700 117.83300 114.53300 106.46700 113.20000 120.66700 121.33300 122.83300 125.70000 125.63300 126.96700 129.33299 128.76700 125.70000 111.60000 114.16700 161.26700 175.06700
-9999 -9999 -9999 -9999 -9999 -9999 -9999 -9999 -9999 -9999 68.30000 55.26670 68.66670 87.43330 88.06670 62.93330 60.83330 51.26670 52.73330 77.96670 81.60000 68.70000 70.56670 -9999 -9999 -9999 -9999 -9999 -9999 48.76670 59.46670 82.23330 80.93330 98.56670 101.66700 111.76700 108.50000 107.73300 87.86670 90.73330 79.96670 74.76670 67.56670 65.20000 70.63330 91.00000 91.76670 83.26670 99.33330 108.40000 107.96700 88.66670 103.56700 119.63300 117.33300 113.23300 111.96700 118.96700 120.43300 120.33300 121.46700 124.06700 125.06700 128.13300 128.96700 117.83300 132.20000 149.60001 186.70000 179.70000
-9999 -9999 -9999 -9999 -9999 -9999 -9999 -9999 -9999 -9999 -9999 -9999 74.73330 61.40000 63.50000 54.16670 55.83330 53.63330 57.96670 -9999 -9999 -9999 -9999 -9999 -9999 -9999 -9999 -9999 -9999 -9999 -9999 -9999 -9999 89.36670 97.43330 82.60000 90.23330 77.23330 70.66670 70.86670 66.90000 63.66670 61.93330 63.60000 69.06670 82.50000 85.36670 96.46670 95.03330 94.00000 95.73330 107.96700 104.90000 115.60000 120.76700 114.90000 116.16700 114.73300 113.33300 115.80000 117.30000 117.86700 119.83300 123.40000 129.93300 135.66701 146.33299 162.36700 177.33299 164.26700
-9999 -9999 -9999 -9999 -9999 -9999 -9999 -9999 -9999 -9999 -9999 -9999 -9999 -9999 -9999 -9999 -9999 -9999 -9999 -9999 -9999 -9999 -9999 -9999 -9999 -9999 -9999 -9999 -9999 -9999 -9999 -9999 -9999 -9999 72.50000 83.46670 83.43330 50.26670 55.66670 62.30000 55.43330 56.20000 59.46670 47.03330 69.36670 71.63330 84.06670 96.76670 91.36670 94.96670 101.33300 102.63300 115.90000 115.50000 118.30000 111.00000 112.23300 114.83300 115.43300 114.66700 113.63300 119.73300 117.76700 116.76700 118.93300 135.83299 149.60001 161.30000 175.13300 165.03300
