data/hydroclimate-scenarios/BCSD_hadcm_B1/swe_stats/numdays_10pcaccum-90pcmelt.2070-2099.asc
ncols	311
nrows	91
xllcenter	102.75
yllcenter	31.75
cellsize	0.5
NODATA_value	-9999
[rows 31 to 61 of 91, columns 0 to 69 of 311]
-9999 -9999 -9999 -9999 -9999 -9999 -9999 -9999 -9999 -9999 -9999 182.83299 175.30000 189.46700 187.13300 191.56700 195.53300 200.66701 205.66701 201.86700 197.30000 185.46700 183.53300 194.70000 191.66701 188.23300 189.60001 188.60001 182.30000 181.50000 180.36700 185.80000 172.89999 168.60001 181.20000 181.10001 187.23300 166.06700 169.93300 175.60001 173.73300 174.10001 197.00000 193.93300 191.03300 188.60001 186.50000 194.00000 189.13300 188.93300 187.00000 189.66701 190.70000 193.26700 182.26700 171.36700 175.36700 175.03300 175.43300 188.46700 189.83299 181.96700 184.23300 189.36700 189.33299 190.10001 192.30000 197.83299 209.96700 218.13300
-9999 -9999 -9999 -9999 -9999 -9999 -9999 -9999 -9999 -9999 -9999 189.13300 189.26700 187.96700 190.53300 197.76700 195.20000 197.00000 200.63300 196.70000 199.43300 194.03300 191.83299 190.43300 189.86700 191.26700 189.70000 188.20000 188.36700 187.00000 185.80000 185.56700 186.53300 185.63300 184.26700 179.43300 164.00000 163.66701 167.96700 180.43300 182.63300 183.10001 176.13300 179.23300 189.89999 185.30000 183.33299 191.80000 189.60001 192.00000 189.33299 189.33299 189.73300 181.89999 181.96700 177.89999 176.46700 180.60001 187.60001 188.76700 189.16701 188.89999 187.86700 191.66701 190.80000 185.53300 187.93300 188.70000 205.00000 215.86700
-9999 -9999 -9999 -9999 -9999 -9999 -9999 -9999 -9999 -9999 -9999 191.63300 193.23300 189.43300 192.73300 194.46700 195.56700 195.80000 194.43300 193.10001 195.43300 191.96700 189.66701 188.06700 191.23300 189.26700 190.43300 191.10001 186.30000 185.36700 181.80000 186.63300 186.66701 186.26700 187.03300 183.70000 182.60001 180.66701 187.96700 194.43300 191.06700 193.06700 187.93300 191.70000 195.93300 193.26700 194.10001 197.96700 196.73300 199.03300 199.00000 192.89999 192.96700 190.76700 188.00000 183.76700 187.36700 189.66701 187.39999 188.06700 185.70000 189.80000 188.73300 186.70000 193.33299 188.03300 190.46700 196.23300 203.03300 212.76700
-9999 -9999 -9999 -9999 -9999 -9999 -9999 -9999 -9999 -9999 -9999 -9999 191.46700 191.50000 189.53300 189.93300 191.66701 189.73300 187.70000 172.10001 189.83299 188.96700 192.63300 197.70000 197.20000 208.83299 203.10001 198.70000 186.76700 181.13300 183.73300 180.86700 180.13300 181.56700 181.00000 182.56700 187.80000 187.80000 187.43300 193.83299 191.80000 194.46700 195.36700 189.10001 187.73300 196.76700 196.16701 196.20000 195.26700 192.06700 193.46700 194.89999 193.16701 190.86700 194.33299 198.20000 195.66701 193.86700 192.23300 189.86700 191.10001 190.33299 192.43300 184.00000 186.10001 186.46700 187.20000 191.93300 210.96700 216.10001
-9999 -9999 -9999 -9999 -9999 -9999 -9999 -9999 -9999 -9999 -9999 -9999 186.89999 187.20000 188.23300 187.83299 186.80000 187.06700 185.13300 175.63300 184.16701 199.80000 202.23300 207.50000 214.06700 205.36700 199.43300 202.13300 194.00000 180.86700 188.43300 186.53300 178.53300 177.33299 179.76700 183.26700 186.39999 184.03300 182.86700 192.36700 190.30000 197.93300 196.93300 192.60001 191.83299 197.30000 195.43300 194.56700 195.93300 194.00000 194.06700 197.63300 197.66701 194.00000 192.03300 193.53300 191.96700 191.30000 190.60001 190.89999 191.73300 194.30000 195.00000 195.46700 190.70000 184.33299 188.36700 196.56700 204.13300 203.93300
-9999 -9999 -9999 -9999 -9999 -9999 -9999 -9999 -9999 -9999 -9999 -9999 188.03300 184.26700 182.00000 185.70000 184.56700 183.36700 180.00000 187.63300 195.36700 198.06700 197.93300 206.36700 202.20000 202.93300 193.70000 183.86700 182.96700 179.53300 182.63300 179.60001 183.26700 184.60001 179.70000 179.93300 182.06700 183.30000 182.83299 188.73300 196.50000 200.50000 195.86700 195.96700 196.89999 201.20000 201.80000 205.93300 203.00000 194.63300 196.80000 192.39999 195.00000 192.66701 184.66701 182.50000 186.36700 193.39999 195.39999 194.76700 193.39999 197.76700 193.80000 188.36700 193.30000 192.89999 193.16701 195.56700 203.73300 204.30000
-9999 -9999 -9999 187.46700 189.89999 188.89999 187.13300 186.06700 186.43300 -9999 187.63300 190.43300 184.89999 183.16701 181.73300 183.89999 185.00000 179.76700 189.70000 194.93300 193.20000 188.89999 189.03300 188.56700 190.36700 185.20000 180.73300 192.26700 192.96700 201.16701 187.89999 177.89999 174.76700 191.70000 177.00000 181.53300 179.26700 182.46700 180.70000 188.39999 191.39999 195.13300 189.13300 189.56700 195.16701 205.16701 212.10001 205.70000 205.06700 200.53300 200.46700 200.70000 206.06700 210.23300 204.50000 209.16701 208.96700 196.66701 199.46700 192.43300 188.66701 196.39999 196.63300 193.36700 193.10001 191.00000 194.56700 196.46700 193.30000 200.39999
-9999 -9999 -9999 183.13300 183.13300 184.33299 185.70000 187.26700 186.46700 183.39999 185.16701 181.66701 185.10001 185.83299 192.53300 191.39999 189.89999 191.10001 188.73300 184.86700 184.76700 190.13300 185.23300 182.63300 189.10001 183.36700 186.33299 189.70000 194.50000 201.30000 188.20000 189.10001 187.83299 190.86700 190.43300 189.89999 190.36700 200.86700 186.00000 197.16701 198.50000 194.66701 181.89999 193.00000 206.00000 213.33299 213.26700 204.00000 209.56700 212.16701 212.00000 210.10001 213.80000 214.13300 205.16701 205.89999 201.53300 202.03300 206.13300 206.03300 202.89999 202.03300 203.03300 194.76700 193.96700 190.06700 189.76700 184.16701 189.96700 192.60001
-9999 -9999 -9999 175.56700 177.20000 182.23300 185.96700 185.03300 182.10001 180.00000 182.33299 181.66701 187.10001 194.76700 192.56700 178.89999 193.56700 190.66701 180.30000 180.63300 188.76700 194.46700 186.93300 194.83299 200.26700 193.86700 192.73300 187.93300 193.33299 204.83299 214.26700 208.86700 195.80000 190.73300 195.50000 195.70000 192.56700 192.39999 191.43300 196.53300 199.33299 197.30000 187.76700 184.10001 191.89999 207.00000 207.23300 208.39999 209.13300 214.53300 216.16701 207.96700 208.63300 208.30000 203.56700 201.36700 200.66701 200.20000 203.76700 205.56700 200.96700 197.30000 193.26700 196.60001 193.00000 190.89999 190.93300 193.76700 205.83299 210.73300
-9999 -9999 -9999 171.76700 166.33299 179.66701 178.53300 184.30000 183.16701 182.26700 180.16701 176.26700 187.20000 186.39999 187.63300 187.36700 189.50000 193.89999 195.93300 189.10001 192.70000 204.66701 211.10001 204.80000 196.50000 196.56700 191.36700 184.33299 200.10001 213.73300 208.39999 185.33299 195.96700 206.93300 205.73300 193.00000 176.36700 172.83299 175.20000 183.06700 191.83299 200.06700 202.86700 191.56700 185.56700 193.86700 200.63300 199.63300 208.93300 208.20000 212.50000 207.96700 208.00000 210.60001 205.23300 204.16701 203.23300 204.13300 206.10001 207.96700 213.30000 206.50000 203.60001 195.63300 194.93300 192.43300 194.93300 202.39999 217.96700 223.16701
-9999 -9999 -9999 164.96700 161.80000 176.70000 177.60001 180.86700 183.20000 180.03300 170.30000 183.66701 186.03300 189.16701 199.39999 199.03300 201.53300 199.70000 191.36700 178.26700 187.06700 197.50000 205.10001 190.89999 187.80000 185.00000 178.56700 171.86700 191.43300 200.13300 202.33299 198.03300 204.39999 197.13300 192.60001 192.60001 191.16701 174.46700 171.26700 174.16701 187.00000 192.60001 200.00000 200.39999 186.53300 191.13300 192.46700 198.66701 200.30000 204.96700 205.73300 197.06700 201.70000 209.16701 199.36700 211.03300 197.86700 198.20000 202.53300 212.60001 209.80000 210.30000 208.63300 206.66701 206.70000 198.36700 201.76700 213.16701 220.80000 212.23300
-9999 -9999 -9999 -9999 171.89999 179.53300 179.66701 185.89999 185.30000 178.66701 170.00000 176.83299 194.60001 187.06700 -9999 -9999 -9999 -9999 -9999 201.30000 197.30000 192.93300 198.26700 203.96700 197.89999 180.89999 161.13300 173.53300 191.70000 178.33299 185.56700 177.96700 180.10001 173.93300 159.33299 165.96700 167.86700 165.00000 163.36700 167.50000 170.23300 175.93300 176.66701 182.89999 183.30000 179.96700 185.53300 191.06700 186.86700 184.89999 191.70000 193.86700 189.50000 198.46700 202.20000 207.89999 210.76700 209.73300 209.50000 204.66701 208.00000 211.53300 210.76700 208.66701 207.50000 209.16701 205.33299 196.50000 187.30000 -9999
-9999 -9999 161.16701 166.36700 170.53300 172.33299 175.60001 185.86700 177.86700 174.86700 167.70000 174.23300 195.83299 -9999 -9999 -9999 -9999 -9999 206.66701 190.26700 192.23300 174.89999 175.66701 186.56700 193.20000 174.70000 153.13300 151.96700 153.53300 159.80000 161.73300 158.16701 156.33299 154.23300 148.63300 149.26700 155.26700 163.06700 165.66701 165.96700 170.76700 169.10001 170.96700 175.03300 173.33299 172.23300 176.53300 179.30000 175.53300 168.86700 171.43300 176.53300 175.43300 181.39999 190.00000 183.13300 192.76700 201.36700 202.96700 197.39999 199.63300 200.23300 199.10001 197.50000 192.56700 192.30000 188.80000 -9999 -9999 -9999
-9999 -9999 162.83299 163.70000 163.23300 165.60001 166.00000 177.76700 171.30000 165.20000 174.26700 178.66701 184.89999 -9999 -9999 -9999 -9999 189.33299 189.93300 174.53300 176.33299 173.86700 161.20000 148.36700 138.43300 138.36700 135.03300 148.13300 133.76700 137.00000 150.36700 153.46700 144.80000 136.73300 142.10001 156.89999 155.96700 157.43300 165.70000 166.23300 153.43300 163.30000 163.06700 162.66701 165.63300 164.30000 161.93300 169.60001 158.53300 162.73300 159.16701 164.10001 165.43300 165.30000 169.66701 164.66701 167.46700 186.16701 192.33299 193.16701 186.03300 194.43300 187.70000 178.16701 173.83299 -9999 -9999 -9999 -9999 -9999
-9999 -9999 157.10001 166.26700 165.20000 167.13300 164.83299 163.66701 164.93300 169.39999 179.50000 181.80000 146.00000 -9999 -9999 -9999 -9999 194.89999 177.26700 166.80000 167.06700 136.46700 133.36700 126.73300 119.63300 125.40000 145.70000 137.10001 135.26700 143.73300 148.89999 139.30000 139.73300 149.83299 143.63300 138.06700 142.39999 141.30000 161.89999 153.33299 145.83299 154.53300 151.23300 149.16701 150.26700 163.86700 167.89999 163.66701 154.30000 165.89999 160.60001 162.43300 165.86700 166.33299 164.20000 159.60001 163.33299 172.73300 173.96700 175.26700 167.30000 165.06700 167.20000 175.76700 187.73300 191.06700 172.43300 183.93300 180.16701 -9999
-9999 -9999 -9999 161.89999 163.20000 156.13300 156.60001 154.80000 163.83299 174.43300 173.50000 150.20000 -9999 -9999 -9999 -9999 184.13300 174.76700 161.13300 151.56700 138.89999 138.50000 137.50000 125.86700 129.39999 129.96700 123.16700 117.63300 119.96700 122.10000 131.63300 123.66700 122.13300 146.23300 136.80000 121.30000 130.33299 134.96700 150.03300 141.39999 141.83299 140.83299 130.80000 126.73300 137.70000 137.03300 135.16701 147.76700 151.96700 152.86700 157.89999 160.53300 159.39999 157.26700 163.53300 172.13300 168.80000 186.23300 185.86700 176.96700 170.86700 169.89999 186.23300 208.26700 220.16701 188.43300 170.13300 176.00000 171.66701 171.73300
-9999 -9999 -9999 -9999 154.86700 150.76700 151.33299 160.46700 169.93300 160.96700 145.46700 -9999 -9999 -9999 -9999 181.53300 167.53300 155.10001 152.39999 150.89999 137.30000 130.56700 128.23300 121.63300 115.06700 117.63300 115.10000 132.26700 119.20000 124.40000 132.46700 125.43300 124.50000 127.70000 128.10001 109.50000 119.66700 145.16701 150.39999 145.60001 148.33299 144.13300 139.50000 131.06700 121.83300 127.03300 132.36700 144.46700 146.60001 150.39999 149.43300 148.06700 151.63300 151.76700 150.50000 153.66701 150.03300 167.03300 168.46700 165.26700 175.56700 189.46700 191.10001 187.60001 196.00000 186.96700 166.80000 161.00000 171.96700 167.60001
-9999 -9999 -9999 -9999 -9999 -9999 153.80000 158.80000 143.23300 142.80000 153.03300 -9999 -9999 -9999 -9999 -9999 153.60001 149.56700 145.13300 145.43300 133.00000 127.50000 135.93300 116.30000 126.93300 130.86700 125.86700 125.20000 127.93300 121.60000 115.13300 119.10000 116.76700 117.30000 125.46700 119.50000 134.60001 152.60001 148.46700 141.93300 143.93300 141.10001 156.53300 138.96700 121.10000 119.86700 129.80000 146.63300 143.70000 147.03300 144.76700 145.00000 146.83299 139.23300 141.50000 144.10001 146.60001 154.70000 161.86700 161.73300 180.03300 190.13300 195.23300 194.26700 204.83299 190.10001 166.53300 153.60001 155.26700 151.80000
-9999 -9999 -9999 -9999 -9999 -9999 -9999 -9999 -9999 -9999 -9999 -9999 -9999 -9999 -9999 -9999 -9999 -9999 -9999 143.03300 117.16700 133.00000 135.83299 126.00000 130.13300 125.13300 135.56700 126.20000 130.33299 127.20000 126.50000 116.30000 120.33300 126.00000 123.30000 124.00000 112.23300 125.13300 126.50000 126.13300 125.63300 118.36700 124.40000 119.83300 119.16700 120.53300 122.13300 136.16701 147.50000 142.10001 143.36700 140.23300 139.73300 133.83299 133.30000 138.83299 139.93300 149.53300 158.06700 158.73300 180.83299 177.33299 189.86700 194.60001 201.76700 173.73300 155.50000 147.46700 146.73300 163.16701
-9999 -9999 -9999 -9999 -9999 -9999 -9999 -9999 -9999 -9999 -9999 -9999 -9999 -9999 -9999 -9999 -9999 -9999 136.70000 120.66700 109.43300 120.83300 118.40000 126.26700 130.56700 125.26700 124.00000 132.53300 133.46700 132.43300 132.93300 132.56700 128.60001 124.66700 122.20000 123.93300 121.06700 120.40000 130.60001 125.43300 135.33299 127.36700 122.63300 125.33300 122.36700 115.40000 122.13300 132.80000 129.56700 132.89999 136.50000 141.06700 141.76700 142.50000 140.46700 134.13300 137.46700 155.00000 168.50000 163.43300 160.20000 161.06700 171.03300 177.20000 182.10001 165.33299 159.93300 144.26700 145.89999 147.26700
-9999 -9999 -9999 -9999 -9999 -9999 -9999 -9999 -9999 -9999 -9999 -9999 -9999 -9999 -9999 -9999 -9999 135.13300 135.70000 121.36700 116.33300 115.10000 119.70000 115.16700 116.53300 118.33300 118.60000 127.60000 121.33300 128.10001 132.83299 133.43300 129.96700 131.56700 128.06700 120.16700 121.80000 128.56700 124.66700 138.03300 145.26700 134.33299 118.60000 122.03300 121.03300 125.43300 131.03300 126.70000 126.36700 134.66701 132.80000 140.03300 142.93300 141.83299 139.89999 134.39999 142.80000 159.56700 156.56700 153.63300 144.73300 155.33299 181.83299 186.10001 163.36700 160.16701 158.96700 144.70000 143.66701 150.16701
-9999 -9999 -9999 -9999 -9999 -9999 -9999 -9999 -9999 -9999 -9999 -9999 -9999 -9999 -9999 -9999 -9999 134.89999 129.23300 100.06700 87.70000 85.83330 71.33330 95.30000 109.43300 114.30000 111.10000 115.16700 120.60000 127.03300 137.73300 134.46700 131.70000 125.76700 127.70000 123.26700 113.86700 135.50000 133.16701 130.56700 125.26700 134.06700 136.33299 125.96700 130.39999 129.03300 125.36700 133.73300 132.03300 129.33299 133.26700 139.96700 141.53300 146.03300 142.70000 138.16701 156.86700 159.83299 155.70000 147.50000 151.20000 163.36700 161.53300 173.73300 189.66701 168.03300 150.00000 159.50000 145.56700 150.06700
-9999 -9999 -9999 -9999 -9999 -9999 -9999 -9999 -9999 -9999 -9999 -9999 -9999 -9999 -9999 -9999 129.00000 112.63300 105.30000 89.83330 83.73330 84.06670 82.60000 91.46670 105.00000 106.83300 104.80000 105.00000 110.73300 123.80000 129.13300 128.43300 131.80000 121.13300 121.80000 130.53300 137.33299 131.33299 125.70000 123.60000 124.20000 134.76700 137.93300 126.03300 123.50000 121.90000 124.53300 134.00000 133.16701 130.20000 130.76700 138.39999 140.86700 143.86700 144.10001 134.93300 145.23300 147.16701 150.20000 149.13300 148.93300 156.06700 162.56700 188.76700 173.60001 161.73300 155.63300 150.26700 139.26700 141.16701
-9999 -9999 -9999 -9999 -9999 -9999 -9999 -9999 -9999 -9999 -9999 -9999 -9999 131.30000 120.60000 117.13300 101.06700 82.16670 78.13330 86.23330 75.60000 59.63330 62.76670 76.40000 75.06670 95.00000 91.66670 94.30000 100.96700 104.23300 108.30000 115.00000 121.30000 122.00000 125.63300 128.50000 130.50000 120.96700 119.76700 116.70000 116.00000 114.86700 111.76700 108.80000 113.66700 122.56700 121.26700 118.63300 107.93300 124.56700 130.36700 134.30000 137.23300 139.73300 139.86700 123.70000 138.13300 139.76700 141.30000 140.93300 144.89999 146.73300 149.83299 154.50000 149.20000 134.80000 135.80000 141.73300 142.96700 137.60001
-9999 -9999 -9999 -9999 -9999 -9999 -9999 -9999 -9999 -9999 -9999 -9999 112.03300 100.40000 97.66670 102.73300 90.10000 82.10000 67.76670 76.73330 75.10000 47.40000 72.36670 89.73330 81.70000 94.56670 97.63330 97.30000 96.10000 101.03300 104.40000 110.56700 113.13300 120.56700 120.73300 125.26700 119.76700 117.76700 111.63300 112.93300 118.86700 113.53300 97.30000 89.60000 96.70000 118.06700 119.03300 116.46700 112.70000 120.46700 123.53300 130.10001 133.00000 131.36700 135.86700 131.23300 112.76700 137.86700 144.39999 144.93300 143.00000 140.20000 138.26700 146.16701 139.73300 131.33299 132.86700 139.36700 129.70000 137.66701
-9999 -9999 -9999 -9999 -9999 -9999 -9999 -9999 -9999 -9999 -9999 112.66700 116.13300 69.03330 72.13330 83.86670 90.93330 78.96670 88.00000 86.26670 75.53330 76.96670 76.43330 74.90000 80.36670 89.86670 95.16670 80.70000 91.56670 92.30000 98.73330 100.46700 101.63300 118.23300 118.56700 114.26700 112.06700 113.56700 120.66700 103.13300 104.53300 91.93330 96.23330 93.20000 96.43330 89.30000 90.03330 109.93300 116.56700 109.36700 107.36700 136.76700 137.30000 132.43300 134.00000 125.73300 121.06700 119.16700 119.86700 125.16700 125.70000 128.10001 131.83299 131.06700 130.36700 131.83299 132.13300 132.66701 130.03300 159.16701
-9999 -9999 -9999 -9999 -9999 -9999 -9999 -9999 -9999 -9999 100.90000 113.00000 106.03300 76.70000 96.86670 80.96670 79.50000 77.23330 79.43330 75.03330 65.83330 62.00000 72.43330 56.70000 58.50000 89.36670 88.43330 80.66670 80.40000 90.73330 92.50000 100.86700 102.46700 112.83300 120.40000 112.80000 104.30000 130.93300 122.86700 100.63300 99.53330 93.66670 87.10000 80.20000 78.66670 90.10000 94.83330 103.56700 107.30000 106.70000 113.26700 135.56700 128.23300 130.13300 127.00000 115.03300 107.60000 110.60000 121.36700 122.63300 123.13300 124.96700 126.63300 127.30000 128.76700 128.39999 126.30000 124.23300 146.96700 168.73300
-9999 -9999 -9999 -9999 -9999 -9999 -9999 -9999 -9999 87.36670 88.93330 76.63330 82.66670 103.46700 98.40000 53.93330 57.16670 57.86670 50.20000 66.93330 77.36670 56.00000 54.23330 54.66670 64.03330 67.40000 67.16670 83.86670 83.76670 70.40000 75.23330 86.80000 90.23330 113.40000 119.66700 113.83300 121.60000 119.63300 111.86700 94.00000 70.63330 66.76670 63.06670 84.50000 88.46670 93.83330 98.86670 96.23330 102.80000 107.10000 90.00000 109.43300 122.06700 126.60000 99.40000 103.66700 118.40000 109.40000 112.63300 112.90000 116.13300 118.76700 121.13300 123.63300 123.76700 121.06700 109.03300 108.20000 156.66701 172.23300
-9999 -9999 -9999 -9999 -9999 -9999 -9999 -9999 -9999 -9999 80.80000 67.06670 56.40000 87.63330 84.56670 57.26670 57.86670 55.53330 54.20000 64.36670 73.30000 53.90000 56.96670 -9999 -9999 -9999 -9999 -9999 -9999 70.36670 73.16670 79.73330 84.13330 98.83330 109.06700 111.70000 110.83300 110.70000 87.40000 79.73330 75.20000 57.90000 59.40000 73.50000 85.13330 94.40000 89.50000 95.56670 96.03330 94.23330 95.03330 92.96670 101.63300 119.83300 119.86700 113.56700 108.16700 106.73300 108.13300 107.96700 109.63300 114.46700 115.23300 123.76700 126.56700 115.80000 125.10000 144.56700 179.70000 175.73300
-9999 -9999 -9999 -9999 -9999 -9999 -9999 -9999 -9999 -9999 -9999 -9999 56.56670 54.50000 57.63330 51.36670 49.20000 60.23330 60.10000 -9999 -9999 -9999 -9999 -9999 -9999 -9999 -9999 -9999 -9999 -9999 -9999 -9999 -9999 70.83330 62.43330 79.36670 84.93330 82.23330 77.76670 57.40000 58.70000 65.26670 61.10000 72.26670 71.23330 84.33330 81.66670 97.36670 96.60000 97.30000 98.00000 104.60000 110.06700 124.83300 115.73300 101.13300 103.06700 106.23300 106.13300 106.66700 108.26700 106.53300 108.56700 117.60000 120.06700 126.03300 137.83299 157.10001 171.06700 154.20000
-9999 -9999 -9999 -9999 -9999 -9999 -9999 -9999 -9999 -9999 -9999 -9999 -9999 -9999 -9999 -9999 -9999 -9999 -9999 -9999 -9999 -9999 -9999 -9999 -9999 -9999 -9999 -9999 -9999 -9999 -9999 -9999 -9999 -9999 44.80000 64.10000 67.76670 63.70000 69.26670 51.86670 50.20000 41.23330 41.86670 70.80000 81.46670 78.53330 80.03330 91.83330 91.53330 92.73330 101.53300 104.33300 102.20000 106.70000 105.40000 94.46670 97.76670 101.76700 105.93300 105.86700 107.30000 107.43300 109.46700 114.63300 115.13300 127.43300 140.30000 153.96700 167.80000 152.10001
